37 38 39 0.0 0.0 0.0 2.0 0.0 1.0 0.0
38 38 38 0.0 0.0 0.0 39.0 2.0 4.0 0.0
38 38 39 0.0 0.0 0.0 84.0 0.0 3.0 0.0
38 38 40 0.0 0.0 0.0 142.0 2.0 3.0 0.0
38 38 41 0.0 0.0 0.0 74.0 0.0 1.0 0.0
38 38 42 0.0 0.0 0.0 14.0 1.0 0.0 0.0
38 39 38 0.0 0.0 0.0 54.0 3.0 0.0 0.0
38 39 39 0.0 0.0 0.0 249.0 10.0 5.0 0.0
38 39 40 0.0 0.0 0.0 254.0 1.0 15.0 0.0
38 39 41 0.0 0.0 0.0 215.0 1.0 9.0 0.0
38 39 42 0.0 0.0 0.0 65.0 0.0 1.0 0.0
38 40 38 0.0 0.0 0.0 89.0 0.0 3.0 0.0
38 40 39 0.0 0.0 0.0 294.0 12.0 11.0 0.0
38 40 40 0.0 0.0 0.0 387.0 10.0 18.0 0.0
38 40 41 0.0 0.0 0.0 306.0 4.0 12.0 0.0
38 40 42 0.0 0.0 0.0 84.0 2.0 5.0 0.0
38 41 38 0.0 0.0 0.0 66.0 19.0 1.0 0.0
38 41 39 0.0 0.0 0.0 250.0 0.0 10.0 1.0
38 41 40 0.0 0.0 0.0 290.0 9.0 7.0 1.0
38 41 41 0.0 0.0 0.0 205.0 1.0 7.0 0.0
38 41 42 0.0 0.0 0.0 53.0 3.0 2.0 0.0
38 42 38 0.0 0.0 0.0 37.0 0.0 1.0 0.0
38 42 39 0.0 0.0 0.0 54.0 7.0 1.0 0.0
38 42 40 0.0 0.0 0.0 77.0 8.0 4.0 0.0
38 42 41 0.0 0.0 0.0 52.0 1.0 1.0 0.0
38 42 42 0.0 0.0 0.0 13.0 0.0 0.0 0.0
39 38 38 0.0 0.0 0.0 75.0 6.0 2.0 0.0
39 38 39 0.0 0.0 0.0 198.0 5.0 6.0 0.0
39 38 40 0.0 0.0 0.0 286.0 7.0 13.0 0.0
39 38 41 0.0 0.0 0.0 181.0 3.0 4.0 0.0
39 38 42 0.0 0.0 0.0 90.0 1.0 2.0 0.0
39 39 37 0.0 0.0 0.0 1.0 0.0 0.0 0.0
39 39 38 0.0 0.0 0.0 294.0 1.0 13.0 0.0
39 39 39 0.0 0.0 0.0 13722.0 574.0 533.0 702.0
39 39 40 0.0 0.0 0.0 14375.0 569.0 571.0 733.0
39 39 41 0.0 0.0 0.0 11809.0 336.0 434.0 469.0
39 39 42 0.0 0.0 0.0 206.0 14.0 10.0 0.0
39 39 43 0.0 0.0 0.0 1.0 0.0 0.0 0.0
39 40 38 0.0 0.0 0.0 325.0 4.0 9.0 0.0
39 40 39 0.0 0.0 0.0 14090.0 421.0 501.0 682.0
39 40 40 0.0 0.0 0.0 19766.0 639.0 747.0 1480.0
39 40 41 0.0 0.0 0.0 13583.0 699.0 513.0 651.0
39 40 42 0.0 0.0 0.0 319.0 7.0 11.0 0.0
39 41 38 0.0 0.0 0.0 244.0 5.0 10.0 0.0
39 41 39 0.0 0.0 0.0 13718.0 363.0 542.0 643.0
39 41 40 0.0 0.0 0.0 13282.0 598.0 476.0 661.0
39 41 41 0.0 0.0 0.0 11096.0 342.0 415.0 389.0
39 41 42 0.0 0.0 0.0 201.0 2.0 4.0 0.0
39 42 38 0.0 0.0 0.0 84.0 2.0 4.0 0.0
39 42 39 0.0 0.0 0.0 232.0 8.0 8.0 0.0
39 42 40 0.0 0.0 0.0 398.0 10.0 16.0 0.0
39 42 41 0.0 0.0 0.0 239.0 2.0 8.0 1.0
39 42 42 0.0 0.0 0.0 91.0 1.0 4.0 0.0
40 38 38 0.0 0.0 0.0 94.0 2.0 0.0 0.0
40 38 39 0.0 0.0 0.0 419.0 18.0 15.0 0.0
40 38 40 0.0 0.0 0.0 512.0 15.0 30.0 0.0
40 38 41 0.0 0.0 0.0 301.0 10.0 9.0 0.0
40 38 42 0.0 0.0 0.0 139.0 5.0 4.0 0.0
40 39 38 0.0 0.0 0.0 319.0 4.0 20.0 0.0
40 39 39 0.0 0.0 0.0 15143.0 617.0 553.0 796.0
40 39 40 0.0 0.0 0.0 18402.0 735.0 681.0 1293.0
40 39 41 0.0 0.0 0.0 16307.0 739.0 587.0 984.0
40 39 42 0.0 0.0 0.0 381.0 1.0 18.0 0.0
40 40 38 0.0 0.0 0.0 414.0 4.0 16.0 0.0
40 40 39 0.0 0.0 0.0 19623.0 675.0 707.0 1570.0
40 40 40 0.0 0.0 0.0 27500.0 3069.0 745.0 47821.0
40 40 41 0.0 0.0 0.0 20771.0 599.0 771.0 1713.0
40 40 42 0.0 0.0 0.0 529.0 10.0 20.0 1.0
40 40 43 0.0 0.0 0.0 1.0 0.0 0.0 0.0
40 41 38 0.0 0.0 0.0 376.0 12.0 13.0 0.0
40 41 39 0.0 0.0 0.0 15519.0 403.0 595.0 881.0
40 41 40 0.0 0.0 0.0 20207.0 529.0 750.0 1603.0
40 41 41 0.0 0.0 0.0 15292.0 512.0 578.0 872.0
40 41 42 0.0 0.0 0.0 326.0 5.0 14.0 0.0
40 42 38 0.0 0.0 0.0 112.0 4.0 6.0 0.0
40 42 39 0.0 0.0 0.0 345.0 11.0 15.0 0.0
40 42 40 0.0 0.0 0.0 450.0 13.0 12.0 2.0
40 42 41 0.0 0.0 0.0 325.0 8.0 13.0 0.0
40 42 42 0.0 0.0 0.0 102.0 0.0 4.0 0.0
41 37 42 0.0 0.0 0.0 1.0 0.0 0.0 0.0
41 38 38 0.0 0.0 0.0 80.0 1.0 3.0 0.0
41 38 39 0.0 0.0 0.0 211.0 6.0 8.0 0.0
41 38 40 0.0 0.0 0.0 299.0 14.0 11.0 0.0
41 38 41 0.0 0.0 0.0 238.0 3.0 7.0 0.0
41 38 42 0.0 0.0 0.0 80.0 1.0 2.0 0.0
41 39 38 0.0 0.0 0.0 295.0 1.0 13.0 0.0
41 39 39 0.0 0.0 0.0 12518.0 566.0 495.0 549.0
41 39 40 0.0 0.0 0.0 15622.0 767.0 577.0 898.0
41 39 41 0.0 0.0 0.0 14168.0 439.0 536.0 778.0
41 39 42 0.0 0.0 0.0 265.0 5.0 10.0 0.0
41 40 38 0.0 0.0 0.0 296.0 5.0 9.0 0.0
41 40 39 0.0 0.0 0.0 15649.0 386.0 573.0 851.0
41 40 40 0.0 0.0 0.0 18091.0 722.0 686.0 1290.0
41 40 41 0.0 0.0 0.0 15511.0 493.0 590.0 805.0
41 40 42 0.0 0.0 0.0 340.0 10.0 13.0 0.0
41 41 38 0.0 0.0 0.0 272.0 4.0 11.0 0.0
41 41 39 0.0 0.0 0.0 12724.0 513.0 485.0 588.0
41 41 40 0.0 0.0 0.0 14359.0 380.0 539.0 764.0
41 41 41 0.0 0.0 0.0 12661.0 603.0 505.0 562.0
41 41 42 0.0 0.0 0.0 262.0 17.0 8.0 0.0
41 42 38 0.0 0.0 0.0 83.0 1.0 6.0 0.0
41 42 39 0.0 0.0 0.0 256.0 2.0 10.0 1.0
41 42 40 0.0 0.0 0.0 366.0 10.0 13.0 0.0
41 42 41 0.0 0.0 0.0 204.0 3.0 10.0 0.0
41 42 42 0.0 0.0 0.0 55.0 0.0 0.0 0.0
41 43 40 0.0 0.0 0.0 1.0 0.0 0.0 0.0
42 38 38 0.0 0.0 0.0 28.0 1.0 2.0 0.0
42 38 39 0.0 0.0 0.0 121.0 6.0 3.0 0.0
42 38 40 0.0 0.0 0.0 122.0 10.0 5.0 0.0
42 38 41 0.0 0.0 0.0 96.0 1.0 3.0 0.0
42 38 42 0.0 0.0 0.0 44.0 6.0 2.0 0.0
42 39 38 0.0 0.0 0.0 69.0 2.0 1.0 0.0
42 39 39 0.0 0.0 0.0 198.0 6.0 7.0 0.0
42 39 40 0.0 0.0 0.0 274.0 13.0 8.0 0.0
42 39 41 0.0 0.0 0.0 251.0 7.0 16.0 0.0
42 39 42 0.0 0.0 0.0 128.0 2.0 5.0 0.0
42 40 38 0.0 0.0 0.0 125.0 1.0 6.0 0.0
42 40 39 0.0 0.0 0.0 356.0 5.0 18.0 0.0
42 40 40 0.0 0.0 0.0 375.0 16.0 12.0 1.0
42 40 41 0.0 0.0 0.0 318.0 16.0 15.0 0.0
42 40 42 0.0 0.0 0.0 126.0 1.0 4.0 0.0
42 41 38 0.0 0.0 0.0 74.0 0.0 2.0 0.0
42 41 39 0.0 0.0 0.0 199.0 6.0 2.0 0.0
42 41 40 0.0 0.0 0.0 265.0 5.0 9.0 0.0
42 41 41 0.0 0.0 0.0 217.0 6.0 6.0 0.0
42 41 42 0.0 0.0 0.0 59.0 0.0 5.0 0.0
42 42 38 0.0 0.0 0.0 13.0 0.0 1.0 0.0
42 42 39 0.0 0.0 0.0 58.0 0.0 1.0 0.0
42 42 40 0.0 0.0 0.0 99.0 1.0 5.0 0.0
42 42 41 0.0 0.0 0.0 69.0 3.0 4.0 0.0
42 42 42 0.0 0.0 0.0 19.0 0.0 0.0 0.0
