33 38 39 0.0 0.0 0.0 2.0 0.0 0.0 0.0
33 39 40 0.0 0.0 0.0 4.0 0.0 0.0 0.0
33 39 41 0.0 0.0 0.0 1.0 0.0 0.0 0.0
33 39 42 0.0 0.0 0.0 1.0 0.0 0.0 0.0
33 40 41 0.0 0.0 0.0 1.0 0.0 0.0 0.0
33 40 42 0.0 0.0 0.0 2.0 0.0 0.0 0.0
33 41 38 0.0 0.0 0.0 1.0 0.0 0.0 0.0
33 41 39 0.0 0.0 0.0 7.0 0.0 0.0 0.0
33 41 40 0.0 0.0 0.0 1.0 0.0 0.0 0.0
34 35 38 0.0 0.0 0.0 1.0 0.0 0.0 0.0
34 35 39 0.0 0.0 0.0 2.0 0.0 0.0 0.0
34 35 42 0.0 0.0 0.0 1.0 0.0 0.0 0.0
34 36 36 0.0 0.0 0.0 1.0 0.0 0.0 0.0
34 36 37 0.0 0.0 0.0 4.0 0.0 0.0 0.0
34 36 38 0.0 0.0 0.0 17.0 0.0 0.0 0.0
34 36 39 0.0 0.0 0.0 29.0 0.0 2.0 0.0
34 36 40 0.0 0.0 0.0 48.0 0.0 3.0 0.0
34 36 41 0.0 0.0 0.0 39.0 0.0 0.0 0.0
34 36 42 0.0 0.0 0.0 26.0 0.0 1.0 0.0
34 36 43 0.0 0.0 0.0 1.0 0.0 0.0 0.0
34 37 36 0.0 0.0 0.0 3.0 0.0 0.0 0.0
34 37 37 0.0 0.0 0.0 37.0 0.0 2.0 0.0
34 37 38 0.0 0.0 0.0 138.0 0.0 5.0 0.0
34 37 39 0.0 0.0 0.0 272.0 1.0 12.0 0.0
34 37 40 0.0 0.0 0.0 348.0 0.0 17.0 1.0
34 37 41 0.0 0.0 0.0 282.0 0.0 8.0 0.0
34 37 42 0.0 0.0 0.0 123.0 0.0 3.0 0.0
34 37 43 0.0 0.0 0.0 27.0 0.0 2.0 0.0
34 37 44 0.0 0.0 0.0 5.0 0.0 0.0 0.0
34 38 36 0.0 0.0 0.0 13.0 0.0 0.0 0.0
34 38 37 0.0 0.0 0.0 137.0 0.0 6.0 0.0
34 38 38 0.0 0.0 0.0 470.0 0.0 15.0 2.0
34 38 39 0.0 0.0 0.0 804.0 0.0 31.0 0.0
34 38 40 0.0 0.0 0.0 998.0 0.0 41.0 2.0
34 38 41 0.0 0.0 0.0 674.0 1.0 22.0 1.0
34 38 42 0.0 0.0 0.0 453.0 4.0 20.0 0.0
34 38 43 0.0 0.0 0.0 104.0 0.0 7.0 0.0
34 38 44 0.0 0.0 0.0 37.0 0.0 4.0 0.0
34 38 45 0.0 0.0 0.0 2.0 0.0 0.0 0.0
34 39 35 0.0 0.0 0.0 3.0 0.0 0.0 0.0
34 39 36 0.0 0.0 0.0 44.0 0.0 2.0 0.0
34 39 37 0.0 0.0 0.0 247.0 0.0 10.0 0.0
34 39 38 0.0 0.0 0.0 769.0 1.0 32.0 1.0
34 39 39 0.0 0.0 0.0 1472.0 0.0 56.0 3.0
34 39 40 0.0 0.0 0.0 1899.0 4.0 95.0 3.0
34 39 41 0.0 0.0 0.0 1550.0 0.0 67.0 3.0
34 39 42 0.0 0.0 0.0 843.0 0.0 38.0 0.0
34 39 43 0.0 0.0 0.0 242.0 0.0 9.0 0.0
34 39 44 0.0 0.0 0.0 31.0 0.0 0.0 0.0
34 39 45 0.0 0.0 0.0 1.0 0.0 0.0 0.0
34 40 35 0.0 0.0 0.0 1.0 0.0 0.0 0.0
34 40 36 0.0 0.0 0.0 75.0 0.0 2.0 0.0
34 40 37 0.0 0.0 0.0 340.0 0.0 14.0 0.0
34 40 38 0.0 0.0 0.0 1116.0 3.0 40.0 1.0
34 40 39 0.0 0.0 0.0 1785.0 0.0 76.0 4.0
34 40 40 0.0 0.0 0.0 2217.0 2.0 84.0 3.0
34 40 41 0.0 0.0 0.0 1827.0 0.0 71.0 3.0
34 40 42 0.0 0.0 0.0 996.0 0.0 37.0 0.0
34 40 43 0.0 0.0 0.0 260.0 0.0 18.0 0.0
34 40 44 0.0 0.0 0.0 23.0 1.0 1.0 0.0
34 40 45 0.0 0.0 0.0 1.0 0.0 0.0 0.0
34 41 35 0.0 0.0 0.0 2.0 0.0 0.0 0.0
34 41 36 0.0 0.0 0.0 45.0 0.0 3.0 0.0
34 41 37 0.0 0.0 0.0 262.0 0.0 12.0 0.0
34 41 38 0.0 0.0 0.0 799.0 0.0 31.0 2.0
34 41 39 0.0 0.0 0.0 1543.0 0.0 52.0 0.0
34 41 40 0.0 0.0 0.0 1844.0 0.0 63.0 2.0
34 41 41 0.0 0.0 0.0 1418.0 8.0 51.0 3.0
34 41 42 0.0 0.0 0.0 824.0 0.0 26.0 1.0
34 41 43 0.0 0.0 0.0 260.0 0.0 11.0 0.0
34 41 44 0.0 0.0 0.0 44.0 0.0 1.0 0.0
34 42 35 0.0 0.0 0.0 2.0 0.0 1.0 0.0
34 42 36 0.0 0.0 0.0 11.0 0.0 0.0 0.0
34 42 37 0.0 0.0 0.0 134.0 0.0 7.0 0.0
34 42 38 0.0 0.0 0.0 388.0 0.0 13.0 0.0
34 42 39 0.0 0.0 0.0 778.0 0.0 26.0 2.0
34 42 40 0.0 0.0 0.0 1032.0 0.0 38.0 1.0
34 42 41 0.0 0.0 0.0 805.0 0.0 30.0 1.0
34 42 42 0.0 0.0 0.0 425.0 0.0 14.0 0.0
34 42 43 0.0 0.0 0.0 120.0 0.0 4.0 0.0
34 42 44 0.0 0.0 0.0 22.0 0.0 5.0 0.0
34 43 36 0.0 0.0 0.0 2.0 0.0 0.0 0.0
34 43 37 0.0 0.0 0.0 34.0 0.0 0.0 0.0
34 43 38 0.0 0.0 0.0 155.0 0.0 7.0 0.0
34 43 39 0.0 0.0 0.0 273.0 0.0 3.0 0.0
34 43 40 0.0 0.0 0.0 289.0 0.0 12.0 0.0
34 43 41 0.0 0.0 0.0 259.0 1.0 6.0 0.0
34 43 42 0.0 0.0 0.0 94.0 0.0 7.0 0.0
34 43 43 0.0 0.0 0.0 44.0 0.0 2.0 0.0
34 43 44 0.0 0.0 0.0 2.0 0.0 0.0 0.0
34 44 36 0.0 0.0 0.0 1.0 0.0 0.0 0.0
34 44 37 0.0 0.0 0.0 4.0 0.0 0.0 0.0
34 44 38 0.0 0.0 0.0 15.0 0.0 0.0 0.0
34 44 39 0.0 0.0 0.0 18.0 0.0 1.0 0.0
34 44 40 0.0 0.0 0.0 37.0 0.0 3.0 0.0
34 44 41 0.0 0.0 0.0 23.0 0.0 0.0 0.0
34 44 42 0.0 0.0 0.0 11.0 0.0 0.0 0.0
34 44 43 0.0 0.0 0.0 1.0 0.0 0.0 0.0
34 45 40 0.0 0.0 0.0 2.0 0.0 0.0 0.0
34 45 41 0.0 0.0 0.0 1.0 0.0 0.0 0.0
35 34 37 0.0 0.0 0.0 1.0 0.0 0.0 0.0
35 34 38 0.0 0.0 0.0 7.0 0.0 0.0 0.0
35 34 41 0.0 0.0 0.0 1.0 0.0 0.0 0.0
35 34 43 0.0 0.0 0.0 1.0 0.0 0.0 0.0
35 35 36 0.0 0.0 0.0 13.0 0.0 0.0 0.0
35 35 37 0.0 0.0 0.0 70.0 0.0 3.0 0.0
35 35 38 0.0 0.0 0.0 180.0 0.0 11.0 0.0
35 35 39 0.0 0.0 0.0 329.0 0.0 12.0 0.0
35 35 40 0.0 0.0 0.0 405.0 1.0 9.0 0.0
35 35 41 0.0 0.0 0.0 342.0 0.0 9.0 0.0
35 35 42 0.0 0.0 0.0 159.0 0.0 6.0 0.0
35 35 43 0.0 0.0 0.0 53.0 0.0 2.0 0.0
35 35 44 0.0 0.0 0.0 4.0 0.0 0.0 0.0
35 36 35 0.0 0.0 0.0 3.0 0.0 0.0 0.0
35 36 36 0.0 0.0 0.0 150.0 0.0 6.0 0.0
35 36 37 0.0 0.0 0.0 832.0 1.0 34.0 1.0
35 36 38 0.0 0.0 0.0 2049.0 1.0 79.0 5.0
35 36 39 0.0 0.0 0.0 3475.0 3.0 130.0 18.0
35 36 40 0.0 0.0 0.0 4133.0 6.0 157.0 33.0
35 36 41 0.0 0.0 0.0 3391.0 3.0 132.0 12.0
35 36 42 0.0 0.0 0.0 1986.0 0.0 70.0 5.0
35 36 43 0.0 0.0 0.0 644.0 0.0 25.0 0.0
35 36 44 0.0 0.0 0.0 68.0 0.0 2.0 0.0
35 36 45 0.0 0.0 0.0 2.0 0.0 0.0 0.0
35 37 35 0.0 0.0 0.0 69.0 0.0 1.0 0.0
35 37 36 0.0 0.0 0.0 719.0 0.0 23.0 1.0
35 37 37 0.0 0.0 0.0 3025.0 13.0 119.0 21.0
35 37 38 0.0 0.0 0.0 8276.0 24.0 326.0 129.0
35 37 39 0.0 0.0 0.0 12227.0 6.0 434.0 343.0
35 37 40 0.0 0.0 0.0 14423.0 10.0 503.0 467.0
35 37 41 0.0 0.0 0.0 11919.0 6.0 431.0 311.0
35 37 42 0.0 0.0 0.0 7448.0 10.0 274.0 112.0
35 37 43 0.0 0.0 0.0 3190.0 2.0 115.0 16.0
35 37 44 0.0 0.0 0.0 655.0 0.0 22.0 0.0
35 37 45 0.0 0.0 0.0 48.0 0.0 3.0 0.0
35 38 35 0.0 0.0 0.0 235.0 0.0 12.0 0.0
35 38 36 0.0 0.0 0.0 2010.0 3.0 79.0 8.0
35 38 37 0.0 0.0 0.0 7799.0 16.0 257.0 129.0
35 38 38 0.0 0.0 0.0 17062.0 23.0 647.0 655.0
35 38 39 0.0 0.0 0.0 24955.0 30.0 852.0 1734.0
35 38 40 0.0 0.0 0.0 27583.0 37.0 935.0 2173.0
35 38 41 0.0 0.0 0.0 24231.0 61.0 848.0 1591.0
35 38 42 0.0 0.0 0.0 16688.0 11.0 645.0 647.0
35 38 43 0.0 0.0 0.0 7308.0 17.0 286.0 109.0
35 38 44 0.0 0.0 0.0 1895.0 2.0 73.0 7.0
35 38 45 0.0 0.0 0.0 158.0 1.0 5.0 0.0
35 39 35 0.0 0.0 0.0 292.0 1.0 10.0 0.0
35 39 36 0.0 0.0 0.0 3421.0 4.0 118.0 27.0
35 39 37 0.0 0.0 0.0 13494.0 30.0 535.0 401.0
35 39 38 0.0 0.0 0.0 25796.0 54.0 948.0 1716.0
35 39 39 0.0 0.0 0.0 33968.0 59.0 1067.0 4000.0
35 39 40 0.0 0.0 0.0 36333.0 38.0 1259.0 4602.0
35 39 41 0.0 0.0 0.0 33006.0 47.0 1109.0 3524.0
35 39 42 0.0 0.0 0.0 23637.0 25.0 826.0 1578.0
35 39 43 0.0 0.0 0.0 11606.0 13.0 416.0 281.0
35 39 44 0.0 0.0 0.0 3035.0 3.0 126.0 14.0
35 39 45 0.0 0.0 0.0 311.0 0.0 16.0 0.0
35 39 46 0.0 0.0 0.0 2.0 0.0 0.0 0.0
35 40 34 0.0 0.0 0.0 5.0 0.0 0.0 0.0
35 40 35 0.0 0.0 0.0 428.0 0.0 10.0 0.0
35 40 36 0.0 0.0 0.0 4031.0 10.0 159.0 27.0
35 40 37 0.0 0.0 0.0 13907.0 21.0 492.0 408.0
35 40 38 0.0 0.0 0.0 27926.0 37.0 934.0 2322.0
35 40 39 0.0 0.0 0.0 36551.0 63.0 1131.0 4836.0
35 40 40 0.0 0.0 0.0 39286.0 76.0 1231.0 5823.0
35 40 41 0.0 0.0 0.0 36269.0 43.0 1128.0 4775.0
35 40 42 0.0 0.0 0.0 26419.0 32.0 870.0 1997.0
35 40 43 0.0 0.0 0.0 13250.0 17.0 494.0 379.0
35 40 44 0.0 0.0 0.0 3939.0 2.0 172.0 17.0
35 40 45 0.0 0.0 0.0 354.0 0.0 16.0 0.0
35 40 46 0.0 0.0 0.0 2.0 0.0 0.0 0.0
35 41 35 0.0 0.0 0.0 348.0 0.0 7.0 0.0
35 41 36 0.0 0.0 0.0 3754.0 14.0 144.0 17.0
35 41 37 0.0 0.0 0.0 12577.0 7.0 453.0 327.0
35 41 38 0.0 0.0 0.0 25243.0 25.0 885.0 1644.0
35 41 39 0.0 0.0 0.0 34000.0 37.0 1107.0 3923.0
35 41 40 0.0 0.0 0.0 36015.0 71.0 1198.0 4455.0
35 41 41 0.0 0.0 0.0 32900.0 44.0 1069.0 3471.0
35 41 42 0.0 0.0 0.0 23631.0 44.0 883.0 1479.0
35 41 43 0.0 0.0 0.0 11109.0 16.0 406.0 259.0
35 41 44 0.0 0.0 0.0 2874.0 0.0 94.0 14.0
35 41 45 0.0 0.0 0.0 316.0 0.0 15.0 0.0
35 41 46 0.0 0.0 0.0 4.0 0.0 1.0 0.0
35 42 34 0.0 0.0 0.0 3.0 0.0 0.0 0.0
35 42 35 0.0 0.0 0.0 258.0 0.0 8.0 0.0
35 42 36 0.0 0.0 0.0 2048.0 8.0 83.0 3.0
35 42 37 0.0 0.0 0.0 7548.0 19.0 273.0 118.0
35 42 38 0.0 0.0 0.0 16787.0 21.0 624.0 682.0
35 42 39 0.0 0.0 0.0 24450.0 36.0 837.0 1673.0
35 42 40 0.0 0.0 0.0 27917.0 34.0 951.0 2331.0
35 42 41 0.0 0.0 0.0 23687.0 33.0 839.0 1496.0
35 42 42 0.0 0.0 0.0 15698.0 34.0 533.0 532.0
35 42 43 0.0 0.0 0.0 7166.0 15.0 283.0 86.0
35 42 44 0.0 0.0 0.0 1601.0 2.0 56.0 0.0
35 42 45 0.0 0.0 0.0 141.0 0.0 5.0 0.0
35 42 46 0.0 0.0 0.0 2.0 0.0 0.0 0.0
35 43 35 0.0 0.0 0.0 46.0 1.0 0.0 0.0
35 43 36 0.0 0.0 0.0 761.0 1.0 29.0 0.0
35 43 37 0.0 0.0 0.0 3201.0 2.0 127.0 22.0
35 43 38 0.0 0.0 0.0 7659.0 9.0 284.0 114.0
35 43 39 0.0 0.0 0.0 11820.0 22.0 438.0 312.0
35 43 40 0.0 0.0 0.0 13789.0 13.0 506.0 427.0
35 43 41 0.0 0.0 0.0 11597.0 19.0 433.0 266.0
35 43 42 0.0 0.0 0.0 7140.0 7.0 273.0 100.0
35 43 43 0.0 0.0 0.0 2844.0 4.0 94.0 17.0
35 43 44 0.0 0.0 0.0 509.0 0.0 18.0 0.0
35 43 45 0.0 0.0 0.0 40.0 0.0 2.0 0.0
35 44 35 0.0 0.0 0.0 5.0 0.0 0.0 0.0
35 44 36 0.0 0.0 0.0 183.0 0.0 10.0 0.0
35 44 37 0.0 0.0 0.0 632.0 0.0 20.0 0.0
35 44 38 0.0 0.0 0.0 1925.0 2.0 65.0 4.0
35 44 39 0.0 0.0 0.0 3096.0 2.0 114.0 17.0
35 44 40 0.0 0.0 0.0 3861.0 4.0 142.0 32.0
35 44 41 0.0 0.0 0.0 2876.0 3.0 106.0 19.0
35 44 42 0.0 0.0 0.0 1668.0 2.0 68.0 6.0
35 44 43 0.0 0.0 0.0 627.0 0.0 17.0 0.0
35 44 44 0.0 0.0 0.0 103.0 0.0 3.0 0.0
35 44 45 0.0 0.0 0.0 1.0 0.0 0.0 0.0
35 45 36 0.0 0.0 0.0 6.0 0.0 1.0 0.0
35 45 37 0.0 0.0 0.0 48.0 0.0 3.0 0.0
35 45 38 0.0 0.0 0.0 157.0 0.0 5.0 0.0
35 45 39 0.0 0.0 0.0 266.0 0.0 10.0 0.0
35 45 40 0.0 0.0 0.0 322.0 0.0 12.0 0.0
35 45 41 0.0 0.0 0.0 254.0 1.0 8.0 0.0
35 45 42 0.0 0.0 0.0 138.0 0.0 6.0 0.0
35 45 43 0.0 0.0 0.0 42.0 0.0 3.0 0.0
35 45 44 0.0 0.0 0.0 8.0 0.0 1.0 0.0
35 46 38 0.0 0.0 0.0 1.0 0.0 0.0 0.0
35 46 39 0.0 0.0 0.0 2.0 0.0 0.0 0.0
35 46 40 0.0 0.0 0.0 1.0 0.0 0.0 0.0
35 46 41 0.0 0.0 0.0 14.0 0.0 0.0 0.0
36 34 37 0.0 0.0 0.0 7.0 0.0 0.0 0.0
36 34 38 0.0 0.0 0.0 28.0 0.0 0.0 0.0
36 34 39 0.0 0.0 0.0 50.0 0.0 2.0 0.0
36 34 40 0.0 0.0 0.0 69.0 0.0 3.0 0.0
36 34 41 0.0 0.0 0.0 32.0 0.0 0.0 0.0
36 34 42 0.0 0.0 0.0 26.0 0.0 0.0 0.0
36 34 43 0.0 0.0 0.0 9.0 0.0 0.0 0.0
36 34 44 0.0 0.0 0.0 1.0 0.0 0.0 0.0
36 35 35 0.0 0.0 0.0 9.0 0.0 0.0 0.0
36 35 36 0.0 0.0 0.0 143.0 0.0 6.0 0.0
36 35 37 0.0 0.0 0.0 671.0 0.0 37.0 1.0
36 35 38 0.0 0.0 0.0 1832.0 3.0 90.0 6.0
36 35 39 0.0 0.0 0.0 3230.0 4.0 129.0 17.0
36 35 40 0.0 0.0 0.0 3805.0 3.0 116.0 23.0
36 35 41 0.0 0.0 0.0 3414.0 9.0 115.0 29.0
36 35 42 0.0 0.0 0.0 1861.0 0.0 83.0 4.0
36 35 43 0.0 0.0 0.0 647.0 0.0 31.0 0.0
36 35 44 0.0 0.0 0.0 114.0 0.0 4.0 0.0
36 35 45 0.0 0.0 0.0 8.0 0.0 0.0 0.0
36 36 34 0.0 0.0 0.0 1.0 0.0 0.0 0.0
36 36 35 0.0 0.0 0.0 95.0 0.0 4.0 0.0
36 36 36 0.0 0.0 0.0 2360.0 2.0 85.0 10.0
36 36 37 0.0 0.0 0.0 8800.0 11.0 333.0 155.0
36 36 38 0.0 0.0 0.0 19359.0 38.0 683.0 1072.0
36 36 39 0.0 0.0 0.0 27310.0 35.0 926.0 2466.0
36 36 40 0.0 0.0 0.0 29931.0 50.0 987.0 3025.0
36 36 41 0.0 0.0 0.0 26291.0 50.0 901.0 2222.0
36 36 42 0.0 0.0 0.0 18696.0 39.0 659.0 954.0
36 36 43 0.0 0.0 0.0 8472.0 6.0 328.0 150.0
36 36 44 0.0 0.0 0.0 1624.0 7.0 49.0 2.0
36 36 45 0.0 0.0 0.0 126.0 0.0 9.0 0.0
36 36 46 0.0 0.0 0.0 1.0 0.0 0.0 0.0
36 37 34 0.0 0.0 0.0 3.0 0.0 0.0 0.0
36 37 35 0.0 0.0 0.0 735.0 0.0 32.0 2.0
36 37 36 0.0 0.0 0.0 9317.0 15.0 342.0 192.0
36 37 37 0.0 0.0 0.0 28235.0 22.0 999.0 2555.0
36 37 38 0.0 0.0 0.0 43091.0 86.0 1345.0 9454.0
36 37 39 0.0 0.0 0.0 48856.0 107.0 1365.0 16372.0
36 37 40 0.0 0.0 0.0 49574.0 75.0 1315.0 19393.0
36 37 41 0.0 0.0 0.0 47934.0 99.0 1335.0 16044.0
36 37 42 0.0 0.0 0.0 41993.0 67.0 1296.0 8880.0
36 37 43 0.0 0.0 0.0 26124.0 71.0 873.0 2228.0
36 37 44 0.0 0.0 0.0 7841.0 9.0 297.0 126.0
36 37 45 0.0 0.0 0.0 649.0 0.0 12.0 0.0
36 37 46 0.0 0.0 0.0 2.0 0.0 0.0 0.0
36 38 34 0.0 0.0 0.0 14.0 0.0 0.0 0.0
36 38 35 0.0 0.0 0.0 2232.0 0.0 80.0 8.0
36 38 36 0.0 0.0 0.0 18816.0 33.0 643.0 945.0
36 38 37 0.0 0.0 0.0 42826.0 62.0 1281.0 9267.0
36 38 38 0.0 0.0 0.0 50490.0 113.0 1287.0 24224.0
36 38 39 0.0 0.0 0.0 49208.0 100.0 1159.0 36719.0
36 38 40 0.0 0.0 0.0 49025.0 114.0 1159.0 38531.0
36 38 41 0.0 0.0 0.0 49802.0 162.0 1225.0 35152.0
36 38 42 0.0 0.0 0.0 50494.0 130.0 1345.0 23153.0
36 38 43 0.0 0.0 0.0 42088.0 69.0 1228.0 8538.0
36 38 44 0.0 0.0 0.0 18839.0 18.0 674.0 948.0
36 38 45 0.0 0.0 0.0 1781.0 1.0 70.0 5.0
36 38 46 0.0 0.0 0.0 20.0 0.0 2.0 0.0
36 39 34 0.0 0.0 0.0 39.0 0.0 2.0 0.0
36 39 35 0.0 0.0 0.0 3764.0 0.0 151.0 31.0
36 39 36 0.0 0.0 0.0 27085.0 52.0 960.0 2253.0
36 39 37 0.0 0.0 0.0 48343.0 132.0 1373.0 16388.0
36 39 38 0.0 0.0 0.0 49760.0 145.0 1210.0 36517.0
36 39 39 0.0 0.0 0.0 45764.0 123.0 1018.0 48770.0
36 39 40 0.0 0.0 0.0 44404.0 197.0 987.0 51298.0
36 39 41 0.0 0.0 0.0 45777.0 180.0 971.0 47395.0
36 39 42 0.0 0.0 0.0 49788.0 133.0 1171.0 34914.0
36 39 43 0.0 0.0 0.0 48185.0 83.0 1356.0 15135.0
36 39 44 0.0 0.0 0.0 26171.0 45.0 897.0 2226.0
36 39 45 0.0 0.0 0.0 3181.0 1.0 95.0 14.0
36 39 46 0.0 0.0 0.0 35.0 0.0 1.0 0.0
36 40 34 0.0 0.0 0.0 56.0 0.0 1.0 0.0
36 40 35 0.0 0.0 0.0 4349.0 4.0 155.0 30.0
36 40 36 0.0 0.0 0.0 30448.0 56.0 1020.0 3108.0
36 40 37 0.0 0.0 0.0 49703.0 104.0 1391.0 20050.0
36 40 38 0.0 0.0 0.0 47993.0 127.0 1127.0 40464.0
36 40 39 0.0 0.0 0.0 44085.0 143.0 1005.0 52858.0
36 40 40 0.0 0.0 0.0 41931.0 165.0 880.0 57077.0
36 40 41 0.0 0.0 0.0 43850.0 174.0 975.0 52563.0
36 40 42 0.0 0.0 0.0 48787.0 115.0 1175.0 39167.0
36 40 43 0.0 0.0 0.0 49321.0 134.0 1430.0 17932.0
36 40 44 0.0 0.0 0.0 28371.0 39.0 911.0 2586.0
36 40 45 0.0 0.0 0.0 3958.0 9.0 158.0 20.0
36 40 46 0.0 0.0 0.0 61.0 0.0 2.0 0.0
36 41 34 0.0 0.0 0.0 54.0 0.0 1.0 0.0
36 41 35 0.0 0.0 0.0 3707.0 3.0 146.0 19.0
36 41 36 0.0 0.0 0.0 27431.0 32.0 909.0 2447.0
36 41 37 0.0 0.0 0.0 48523.0 159.0 1369.0 16390.0
36 41 38 0.0 0.0 0.0 49536.0 114.0 1192.0 35383.0
36 41 39 0.0 0.0 0.0 45663.0 188.0 957.0 48739.0
36 41 40 0.0 0.0 0.0 43722.0 151.0 924.0 52259.0
36 41 41 0.0 0.0 0.0 45787.0 208.0 983.0 46835.0
36 41 42 0.0 0.0 0.0 50028.0 124.0 1199.0 34152.0
36 41 43 0.0 0.0 0.0 47527.0 101.0 1348.0 15145.0
36 41 44 0.0 0.0 0.0 25447.0 60.0 903.0 2010.0
36 41 45 0.0 0.0 0.0 3216.0 2.0 107.0 18.0
36 41 46 0.0 0.0 0.0 44.0 0.0 3.0 0.0
36 42 34 0.0 0.0 0.0 38.0 0.0 2.0 0.0
36 42 35 0.0 0.0 0.0 2135.0 2.0 94.0 7.0
36 42 36 0.0 0.0 0.0 19458.0 34.0 702.0 1049.0
36 42 37 0.0 0.0 0.0 42070.0 95.0 1290.0 8708.0
36 42 38 0.0 0.0 0.0 50389.0 160.0 1289.0 23778.0
36 42 39 0.0 0.0 0.0 49920.0 151.0 1222.0 34779.0
36 42 40 0.0 0.0 0.0 48770.0 155.0 1161.0 39056.0
36 42 41 0.0 0.0 0.0 49727.0 175.0 1209.0 34106.0
36 42 42 0.0 0.0 0.0 50682.0 89.0 1328.0 22017.0
36 42 43 0.0 0.0 0.0 41599.0 42.0 1343.0 8040.0
36 42 44 0.0 0.0 0.0 16294.0 25.0 623.0 697.0
36 42 45 0.0 0.0 0.0 1760.0 3.0 62.0 3.0
36 42 46 0.0 0.0 0.0 25.0 0.0 1.0 0.0
36 43 34 0.0 0.0 0.0 12.0 0.0 0.0 0.0
36 43 35 0.0 0.0 0.0 852.0 1.0 37.0 5.0
36 43 36 0.0 0.0 0.0 9510.0 5.0 343.0 205.0
36 43 37 0.0 0.0 0.0 27895.0 34.0 937.0 2493.0
36 43 38 0.0 0.0 0.0 42776.0 88.0 1264.0 9049.0
36 43 39 0.0 0.0 0.0 47793.0 106.0 1362.0 15891.0
36 43 40 0.0 0.0 0.0 49030.0 107.0 1335.0 17910.0
36 43 41 0.0 0.0 0.0 47680.0 89.0 1340.0 15382.0
36 43 42 0.0 0.0 0.0 40989.0 84.0 1279.0 7635.0
36 43 43 0.0 0.0 0.0 25001.0 53.0 825.0 1925.0
36 43 44 0.0 0.0 0.0 6850.0 16.0 276.0 90.0
36 43 45 0.0 0.0 0.0 619.0 0.0 31.0 0.0
36 43 46 0.0 0.0 0.0 11.0 0.0 0.0 0.0
36 44 34 0.0 0.0 0.0 2.0 0.0 0.0 0.0
36 44 35 0.0 0.0 0.0 117.0 0.0 6.0 0.0
36 44 36 0.0 0.0 0.0 2470.0 4.0 93.0 13.0
36 44 37 0.0 0.0 0.0 9250.0 10.0 343.0 189.0
36 44 38 0.0 0.0 0.0 19230.0 27.0 695.0 1023.0
36 44 39 0.0 0.0 0.0 25223.0 50.0 898.0 1933.0
36 44 40 0.0 0.0 0.0 27938.0 37.0 960.0 2467.0
36 44 41 0.0 0.0 0.0 25350.0 54.0 854.0 1937.0
36 44 42 0.0 0.0 0.0 16861.0 13.0 620.0 670.0
36 44 43 0.0 0.0 0.0 7253.0 4.0 288.0 108.0
36 44 44 0.0 0.0 0.0 1664.0 1.0 69.0 4.0
36 44 45 0.0 0.0 0.0 113.0 0.0 5.0 0.0
36 45 35 0.0 0.0 0.0 7.0 0.0 1.0 0.0
36 45 36 0.0 0.0 0.0 140.0 0.0 4.0 0.0
36 45 37 0.0 0.0 0.0 693.0 0.0 28.0 0.0
36 45 38 0.0 0.0 0.0 1928.0 1.0 74.0 8.0
36 45 39 0.0 0.0 0.0 3179.0 2.0 117.0 23.0
36 45 40 0.0 0.0 0.0 3882.0 4.0 156.0 34.0
36 45 41 0.0 0.0 0.0 3001.0 1.0 113.0 14.0
36 45 42 0.0 0.0 0.0 1618.0 1.0 76.0 5.0
36 45 43 0.0 0.0 0.0 756.0 4.0 29.0 0.0
36 45 44 0.0 0.0 0.0 93.0 0.0 7.0 0.0
36 45 45 0.0 0.0 0.0 12.0 0.0 0.0 0.0
36 46 37 0.0 0.0 0.0 5.0 0.0 0.0 0.0
36 46 38 0.0 0.0 0.0 18.0 0.0 0.0 0.0
36 46 39 0.0 0.0 0.0 24.0 0.0 1.0 0.0
36 46 40 0.0 0.0 0.0 42.0 0.0 0.0 0.0
36 46 41 0.0 0.0 0.0 40.0 0.0 0.0 0.0
36 46 42 0.0 0.0 0.0 11.0 0.0 0.0 0.0
36 46 43 0.0 0.0 0.0 3.0 0.0 0.0 0.0
37 34 36 0.0 0.0 0.0 5.0 0.0 0.0 0.0
37 34 37 0.0 0.0 0.0 56.0 0.0 1.0 0.0
37 34 38 0.0 0.0 0.0 138.0 0.0 3.0 0.0
37 34 39 0.0 0.0 0.0 244.0 0.0 10.0 0.0
37 34 40 0.0 0.0 0.0 319.0 0.0 15.0 0.0
37 34 41 0.0 0.0 0.0 238.0 2.0 5.0 0.0
37 34 42 0.0 0.0 0.0 160.0 1.0 7.0 0.0
37 34 43 0.0 0.0 0.0 49.0 0.0 2.0 0.0
37 34 44 0.0 0.0 0.0 15.0 0.0 1.0 0.0
37 35 35 0.0 0.0 0.0 37.0 0.0 1.0 0.0
37 35 36 0.0 0.0 0.0 724.0 3.0 29.0 2.0
37 35 37 0.0 0.0 0.0 2953.0 13.0 114.0 13.0
37 35 38 0.0 0.0 0.0 7967.0 1.0 297.0 144.0
37 35 39 0.0 0.0 0.0 12461.0 17.0 496.0 359.0
37 35 40 0.0 0.0 0.0 14355.0 22.0 554.0 497.0
37 35 41 0.0 0.0 0.0 12217.0 35.0 449.0 306.0
37 35 42 0.0 0.0 0.0 7944.0 1.0 291.0 116.0
37 35 43 0.0 0.0 0.0 3187.0 1.0 110.0 15.0
37 35 44 0.0 0.0 0.0 623.0 0.0 21.0 1.0
37 35 45 0.0 0.0 0.0 49.0 0.0 0.0 0.0
37 36 34 0.0 0.0 0.0 6.0 0.0 1.0 0.0
37 36 35 0.0 0.0 0.0 664.0 1.0 27.0 1.0
37 36 36 0.0 0.0 0.0 9081.0 18.0 317.0 191.0
37 36 37 0.0 0.0 0.0 28001.0 56.0 965.0 2578.0
37 36 38 0.0 0.0 0.0 42409.0 87.0 1303.0 8984.0
37 36 39 0.0 0.0 0.0 48281.0 127.0 1302.0 16256.0
37 36 40 0.0 0.0 0.0 49278.0 96.0 1346.0 18443.0
37 36 41 0.0 0.0 0.0 48306.0 134.0 1389.0 16281.0
37 36 42 0.0 0.0 0.0 42087.0 108.0 1289.0 8998.0
37 36 43 0.0 0.0 0.0 25871.0 76.0 858.0 2157.0
37 36 44 0.0 0.0 0.0 8927.0 5.0 329.0 160.0
37 36 45 0.0 0.0 0.0 699.0 0.0 20.0 0.0
37 36 46 0.0 0.0 0.0 3.0 0.0 0.0 0.0
37 37 34 0.0 0.0 0.0 39.0 0.0 4.0 0.0
37 37 35 0.0 0.0 0.0 3482.0 11.0 132.0 19.0
37 37 36 0.0 0.0 0.0 27261.0 21.0 882.0 2437.0
37 37 37 0.0 0.0 0.0 48962.0 119.0 1314.0 23534.0
37 37 38 0.0 0.0 0.0 45566.0 184.0 1047.0 46804.0
37 37 39 0.0 0.0 0.0 40427.0 157.0 786.0 60408.0
37 37 40 0.0 0.0 0.0 38917.0 162.0 798.0 64037.0
37 37 41 0.0 0.0 0.0 39986.0 268.0 834.0 60052.0
37 37 42 0.0 0.0 0.0 46045.0 161.0 1067.0 45349.0
37 37 43 0.0 0.0 0.0 48916.0 143.0 1333.0 19937.0
37 37 44 0.0 0.0 0.0 25553.0 40.0 961.0 1968.0
37 37 45 0.0 0.0 0.0 3095.0 3.0 121.0 17.0
37 37 46 0.0 0.0 0.0 41.0 0.0 2.0 0.0
37 38 34 0.0 0.0 0.0 134.0 0.0 6.0 0.0
37 38 35 0.0 0.0 0.0 8030.0 11.0 306.0 111.0
37 38 36 0.0 0.0 0.0 43746.0 74.0 1269.0 10019.0
37 38 37 0.0 0.0 0.0 45307.0 115.0 1002.0 46627.0
37 38 38 0.0 0.0 0.0 35197.0 150.0 672.0 73529.0
37 38 39 0.0 0.0 0.0 29587.0 137.0 527.0 86490.0
37 38 40 0.0 0.0 0.0 27668.0 197.0 435.0 89748.0
37 38 41 0.0 0.0 0.0 29389.0 195.0 506.0 86573.0
37 38 42 0.0 0.0 0.0 36436.0 200.0 702.0 71072.0
37 38 43 0.0 0.0 0.0 46613.0 109.0 1014.0 43815.0
37 38 44 0.0 0.0 0.0 42512.0 126.0 1330.0 8794.0
37 38 45 0.0 0.0 0.0 7617.0 9.0 291.0 93.0
37 38 46 0.0 0.0 0.0 132.0 0.0 6.0 0.0
37 39 33 0.0 0.0 0.0 1.0 0.0 0.0 0.0
37 39 34 0.0 0.0 0.0 276.0 0.0 11.0 0.0
37 39 35 0.0 0.0 0.0 12757.0 28.0 474.0 392.0
37 39 36 0.0 0.0 0.0 48942.0 69.0 1331.0 16806.0
37 39 37 0.0 0.0 0.0 40207.0 141.0 844.0 61061.0
37 39 38 0.0 0.0 0.0 29097.0 212.0 538.0 86664.0
37 39 39 0.0 0.0 0.0 23598.0 194.0 418.0 98998.0
37 39 40 0.0 0.0 0.0 22257.0 231.0 385.0 101872.0
37 39 41 0.0 0.0 0.0 24037.0 168.0 372.0 98267.0
37 39 42 0.0 0.0 0.0 29631.0 175.0 514.0 85885.0
37 39 43 0.0 0.0 0.0 41231.0 155.0 833.0 58984.0
37 39 44 0.0 0.0 0.0 48100.0 102.0 1321.0 16141.0
37 39 45 0.0 0.0 0.0 12313.0 9.0 457.0 352.0
37 39 46 0.0 0.0 0.0 293.0 0.0 8.0 0.0
37 39 47 0.0 0.0 0.0 1.0 0.0 0.0 0.0
37 40 34 0.0 0.0 0.0 365.0 0.0 18.0 0.0
37 40 35 0.0 0.0 0.0 15136.0 17.0 576.0 541.0
37 40 36 0.0 0.0 0.0 49969.0 98.0 1389.0 20286.0
37 40 37 0.0 0.0 0.0 38281.0 185.0 761.0 65235.0
37 40 38 0.0 0.0 0.0 27625.0 164.0 482.0 90563.0
37 40 39 0.0 0.0 0.0 22250.0 195.0 344.0 101895.0
37 40 40 0.0 0.0 0.0 20620.0 160.0 335.0 105493.0
37 40 41 0.0 0.0 0.0 22737.0 167.0 366.0 100760.0
37 40 42 0.0 0.0 0.0 28323.0 225.0 462.0 89981.0
37 40 43 0.0 0.0 0.0 39617.0 231.0 814.0 62294.0
37 40 44 0.0 0.0 0.0 49680.0 89.0 1355.0 17919.0
37 40 45 0.0 0.0 0.0 14060.0 14.0 521.0 483.0
37 40 46 0.0 0.0 0.0 287.0 0.0 10.0 1.0
37 41 34 0.0 0.0 0.0 282.0 1.0 9.0 0.0
37 41 35 0.0 0.0 0.0 13513.0 27.0 530.0 354.0
37 41 36 0.0 0.0 0.0 49121.0 71.0 1333.0 17538.0
37 41 37 0.0 0.0 0.0 39868.0 181.0 839.0 61254.0
37 41 38 0.0 0.0 0.0 29010.0 183.0 484.0 86879.0
37 41 39 0.0 0.0 0.0 23807.0 206.0 435.0 98794.0
37 41 40 0.0 0.0 0.0 22451.0 219.0 356.0 101768.0
37 41 41 0.0 0.0 0.0 24085.0 164.0 403.0 98091.0
37 41 42 0.0 0.0 0.0 30438.0 216.0 531.0 84962.0
37 41 43 0.0 0.0 0.0 41812.0 146.0 845.0 57679.0
37 41 44 0.0 0.0 0.0 48188.0 92.0 1402.0 15490.0
37 41 45 0.0 0.0 0.0 11944.0 39.0 452.0 270.0
37 41 46 0.0 0.0 0.0 309.0 2.0 11.0 0.0
37 42 34 0.0 0.0 0.0 148.0 0.0 2.0 0.0
37 42 35 0.0 0.0 0.0 8575.0 14.0 322.0 164.0
37 42 36 0.0 0.0 0.0 43828.0 73.0 1275.0 10150.0
37 42 37 0.0 0.0 0.0 45893.0 178.0 1024.0 46808.0
37 42 38 0.0 0.0 0.0 35794.0 149.0 692.0 72309.0
37 42 39 0.0 0.0 0.0 29757.0 169.0 535.0 85767.0
37 42 40 0.0 0.0 0.0 27737.0 192.0 445.0 90184.0
37 42 41 0.0 0.0 0.0 30258.0 149.0 523.0 84642.0
37 42 42 0.0 0.0 0.0 36522.0 169.0 682.0 70592.0
37 42 43 0.0 0.0 0.0 46963.0 189.0 1070.0 42443.0
37 42 44 0.0 0.0 0.0 42398.0 51.0 1278.0 8560.0
37 42 45 0.0 0.0 0.0 7748.0 1.0 269.0 105.0
37 42 46 0.0 0.0 0.0 127.0 1.0 3.0 0.0
37 43 34 0.0 0.0 0.0 55.0 0.0 5.0 0.0
37 43 35 0.0 0.0 0.0 3424.0 2.0 125.0 17.0
37 43 36 0.0 0.0 0.0 27959.0 38.0 1003.0 2543.0
37 43 37 0.0 0.0 0.0 49538.0 74.0 1248.0 24633.0
37 43 38 0.0 0.0 0.0 45447.0 131.0 1068.0 46835.0
37 43 39 0.0 0.0 0.0 40964.0 206.0 867.0 58449.0
37 43 40 0.0 0.0 0.0 39785.0 181.0 805.0 62533.0
37 43 41 0.0 0.0 0.0 41323.0 168.0 865.0 57853.0
37 43 42 0.0 0.0 0.0 47051.0 160.0 1081.0 42787.0
37 43 43 0.0 0.0 0.0 48822.0 98.0 1319.0 19503.0
37 43 44 0.0 0.0 0.0 25907.0 21.0 910.0 2099.0
37 43 45 0.0 0.0 0.0 3090.0 2.0 121.0 17.0
37 43 46 0.0 0.0 0.0 43.0 0.0 1.0 0.0
37 44 34 0.0 0.0 0.0 7.0 0.0 1.0 0.0
37 44 35 0.0 0.0 0.0 768.0 0.0 37.0 0.0
37 44 36 0.0 0.0 0.0 10022.0 25.0 384.0 248.0
37 44 37 0.0 0.0 0.0 28236.0 31.0 1022.0 2576.0
37 44 38 0.0 0.0 0.0 43353.0 63.0 1347.0 9368.0
37 44 39 0.0 0.0 0.0 47934.0 96.0 1319.0 15617.0
37 44 40 0.0 0.0 0.0 49420.0 115.0 1355.0 19298.0
37 44 41 0.0 0.0 0.0 47715.0 91.0 1375.0 14860.0
37 44 42 0.0 0.0 0.0 41784.0 104.0 1323.0 8605.0
37 44 43 0.0 0.0 0.0 24953.0 35.0 887.0 1847.0
37 44 44 0.0 0.0 0.0 7434.0 12.0 283.0 133.0
37 44 45 0.0 0.0 0.0 669.0 2.0 32.0 2.0
37 44 46 0.0 0.0 0.0 4.0 0.0 0.0 0.0
37 45 35 0.0 0.0 0.0 131.0 0.0 4.0 0.0
37 45 36 0.0 0.0 0.0 845.0 0.0 35.0 1.0
37 45 37 0.0 0.0 0.0 3632.0 0.0 139.0 15.0
37 45 38 0.0 0.0 0.0 8019.0 5.0 321.0 122.0
37 45 39 0.0 0.0 0.0 12684.0 8.0 447.0 338.0
37 45 40 0.0 0.0 0.0 13907.0 8.0 488.0 445.0
37 45 41 0.0 0.0 0.0 11716.0 17.0 436.0 274.0
37 45 42 0.0 0.0 0.0 7301.0 4.0 271.0 108.0
37 45 43 0.0 0.0 0.0 3054.0 1.0 124.0 22.0
37 45 44 0.0 0.0 0.0 575.0 0.0 23.0 0.0
37 45 45 0.0 0.0 0.0 36.0 0.0 1.0 0.0
37 46 35 0.0 0.0 0.0 1.0 0.0 0.0 0.0
37 46 36 0.0 0.0 0.0 4.0 0.0 0.0 0.0
37 46 37 0.0 0.0 0.0 28.0 0.0 3.0 0.0
37 46 38 0.0 0.0 0.0 133.0 0.0 4.0 0.0
37 46 39 0.0 0.0 0.0 300.0 1.0 17.0 0.0
37 46 40 0.0 0.0 0.0 299.0 0.0 7.0 0.0
37 46 41 0.0 0.0 0.0 211.0 0.0 9.0 0.0
37 46 42 0.0 0.0 0.0 121.0 0.0 3.0 0.0
37 46 43 0.0 0.0 0.0 52.0 0.0 4.0 0.0
37 46 44 0.0 0.0 0.0 3.0 0.0 0.0 0.0
37 47 41 0.0 0.0 0.0 1.0 0.0 0.0 0.0
38 33 39 0.0 0.0 0.0 2.0 0.0 1.0 0.0
38 33 40 0.0 0.0 0.0 1.0 0.0 0.0 0.0
38 34 35 0.0 0.0 0.0 6.0 0.0 0.0 0.0
38 34 36 0.0 0.0 0.0 17.0 0.0 0.0 0.0
38 34 37 0.0 0.0 0.0 140.0 0.0 9.0 0.0
38 34 38 0.0 0.0 0.0 407.0 0.0 15.0 1.0
38 34 39 0.0 0.0 0.0 933.0 1.0 28.0 1.0
38 34 40 0.0 0.0 0.0 1073.0 0.0 37.0 4.0
38 34 41 0.0 0.0 0.0 837.0 0.0 34.0 2.0
38 34 42 0.0 0.0 0.0 428.0 0.0 19.0 0.0
38 34 43 0.0 0.0 0.0 171.0 0.0 6.0 0.0
38 34 44 0.0 0.0 0.0 22.0 0.0 2.0 0.0
38 35 34 0.0 0.0 0.0 3.0 0.0 0.0 0.0
38 35 35 0.0 0.0 0.0 159.0 0.0 6.0 0.0
38 35 36 0.0 0.0 0.0 2104.0 0.0 76.0 5.0
38 35 37 0.0 0.0 0.0 8136.0 11.0 294.0 142.0
38 35 38 0.0 0.0 0.0 17266.0 43.0 664.0 654.0
38 35 39 0.0 0.0 0.0 24966.0 27.0 879.0 1778.0
38 35 40 0.0 0.0 0.0 27839.0 31.0 956.0 2222.0
38 35 41 0.0 0.0 0.0 24762.0 29.0 910.0 1634.0
38 35 42 0.0 0.0 0.0 17228.0 23.0 621.0 730.0
38 35 43 0.0 0.0 0.0 7924.0 4.0 310.0 130.0
38 35 44 0.0 0.0 0.0 1785.0 4.0 74.0 7.0
38 35 45 0.0 0.0 0.0 212.0 0.0 11.0 0.0
38 35 46 0.0 0.0 0.0 2.0 0.0 0.0 0.0
38 36 34 0.0 0.0 0.0 17.0 0.0 1.0 0.0
38 36 35 0.0 0.0 0.0 2230.0 10.0 65.0 8.0
38 36 36 0.0 0.0 0.0 18905.0 18.0 692.0 953.0
38 36 37 0.0 0.0 0.0 42704.0 124.0 1296.0 9181.0
38 36 38 0.0 0.0 0.0 50918.0 111.0 1318.0 23833.0
38 36 39 0.0 0.0 0.0 49472.0 153.0 1204.0 35765.0
38 36 40 0.0 0.0 0.0 48527.0 135.0 1119.0 39716.0
38 36 41 0.0 0.0 0.0 49718.0 103.0 1237.0 35571.0
38 36 42 0.0 0.0 0.0 50432.0 144.0 1277.0 23940.0
38 36 43 0.0 0.0 0.0 42983.0 87.0 1310.0 9002.0
38 36 44 0.0 0.0 0.0 19454.0 29.0 730.0 1036.0
38 36 45 0.0 0.0 0.0 1998.0 0.0 68.0 7.0
38 36 46 0.0 0.0 0.0 17.0 0.0 1.0 0.0
38 37 34 0.0 0.0 0.0 154.0 0.0 5.0 0.0
38 37 35 0.0 0.0 0.0 8410.0 14.0 290.0 161.0
38 37 36 0.0 0.0 0.0 42884.0 93.0 1336.0 9323.0
38 37 37 0.0 0.0 0.0 46035.0 213.0 1074.0 45668.0
38 37 38 0.0 0.0 0.0 35041.0 188.0 678.0 73620.0
38 37 39 0.0 0.0 0.0 29563.0 189.0 523.0 86048.0
38 37 40 0.0 0.0 0.0 28046.0 178.0 494.0 89797.0
38 37 41 0.0 0.0 0.0 29321.0 167.0 515.0 86373.0
38 37 42 0.0 0.0 0.0 36129.0 180.0 715.0 71646.0
38 37 43 0.0 0.0 0.0 45880.0 141.0 1082.0 46632.0
38 37 44 0.0 0.0 0.0 43129.0 69.0 1338.0 9466.0
38 37 45 0.0 0.0 0.0 7547.0 20.0 276.0 102.0
38 37 46 0.0 0.0 0.0 147.0 1.0 13.0 0.0
38 38 34 0.0 0.0 0.0 538.0 1.0 24.0 0.0
38 38 35 0.0 0.0 0.0 18256.0 21.0 666.0 787.0
38 38 36 0.0 0.0 0.0 50495.0 188.0 1267.0 25738.0
38 38 37 0.0 0.0 0.0 34979.0 121.0 646.0 74240.0
38 38 38 0.0 0.0 0.0 21209.0 181.0 307.0 107310.0
38 38 39 0.0 0.0 0.0 16286.0 140.0 222.0 119099.0
38 38 40 0.0 0.0 0.0 14954.0 195.0 186.0 122208.0
38 38 41 0.0 0.0 0.0 16491.0 182.0 213.0 118069.0
38 38 42 0.0 0.0 0.0 21730.0 150.0 290.0 105648.0
38 38 43 0.0 0.0 0.0 36070.0 231.0 713.0 71431.0
38 38 44 0.0 0.0 0.0 50736.0 119.0 1319.0 23863.0
38 38 45 0.0 0.0 0.0 17420.0 20.0 632.0 726.0
38 38 46 0.0 0.0 0.0 450.0 0.0 16.0 0.0
38 39 34 0.0 0.0 0.0 930.0 0.0 37.0 0.0
38 39 35 0.0 0.0 0.0 25805.0 28.0 821.0 1819.0
38 39 36 0.0 0.0 0.0 49359.0 90.0 1193.0 36746.0
38 39 37 0.0 0.0 0.0 29117.0 149.0 530.0 87425.0
38 39 38 0.0 0.0 0.0 16203.0 140.0 215.0 118626.0
38 39 39 0.0 0.0 0.0 11725.0 154.0 125.0 129714.0
38 39 40 0.0 0.0 0.0 10495.0 147.0 118.0 131359.0
38 39 41 0.0 0.0 0.0 11901.0 159.0 156.0 129208.0
38 39 42 0.0 0.0 0.0 16620.0 215.0 242.0 118256.0
38 39 43 0.0 0.0 0.0 29348.0 178.0 539.0 86708.0
38 39 44 0.0 0.0 0.0 49861.0 227.0 1211.0 35159.0
38 39 45 0.0 0.0 0.0 24875.0 58.0 842.0 1677.0
38 39 46 0.0 0.0 0.0 857.0 0.0 33.0 0.0
38 40 34 0.0 0.0 0.0 1054.0 2.0 38.0 2.0
38 40 35 0.0 0.0 0.0 28881.0 31.0 1010.0 2303.0
38 40 36 0.0 0.0 0.0 48706.0 133.0 1079.0 40836.0
38 40 37 0.0 0.0 0.0 27191.0 171.0 455.0 90805.0
38 40 38 0.0 0.0 0.0 14723.0 157.0 207.0 122689.0
38 40 39 0.0 0.0 0.0 10532.0 136.0 117.0 132153.0
38 40 40 0.0 0.0 0.0 9226.0 153.0 92.0 134739.0
38 40 41 0.0 0.0 0.0 10609.0 142.0 122.0 131849.0
38 40 42 0.0 0.0 0.0 15224.0 148.0 196.0 120951.0
38 40 43 0.0 0.0 0.0 27990.0 188.0 444.0 88698.0
38 40 44 0.0 0.0 0.0 48587.0 136.0 1192.0 39604.0
38 40 45 0.0 0.0 0.0 28055.0 40.0 957.0 2287.0
38 40 46 0.0 0.0 0.0 1077.0 0.0 41.0 1.0
38 41 34 0.0 0.0 0.0 913.0 0.0 25.0 0.0
38 41 35 0.0 0.0 0.0 25470.0 29.0 878.0 1745.0
38 41 36 0.0 0.0 0.0 49943.0 101.0 1194.0 36918.0
38 41 37 0.0 0.0 0.0 29269.0 168.0 491.0 86750.0
38 41 38 0.0 0.0 0.0 16318.0 171.0 224.0 119187.0
38 41 39 0.0 0.0 0.0 11688.0 131.0 147.0 129597.0
38 41 40 0.0 0.0 0.0 10430.0 144.0 129.0 132260.0
38 41 41 0.0 0.0 0.0 11911.0 192.0 140.0 128464.0
38 41 42 0.0 0.0 0.0 16731.0 155.0 256.0 117134.0
38 41 43 0.0 0.0 0.0 29802.0 197.0 531.0 85612.0
38 41 44 0.0 0.0 0.0 49741.0 121.0 1200.0 35418.0
38 41 45 0.0 0.0 0.0 25175.0 39.0 870.0 1775.0
38 41 46 0.0 0.0 0.0 924.0 0.0 32.0 1.0
38 42 33 0.0 0.0 0.0 1.0 0.0 0.0 0.0
38 42 34 0.0 0.0 0.0 402.0 0.0 12.0 0.0
38 42 35 0.0 0.0 0.0 17746.0 12.0 653.0 732.0
38 42 36 0.0 0.0 0.0 50564.0 155.0 1319.0 26143.0
38 42 37 0.0 0.0 0.0 34917.0 175.0 679.0 74053.0
38 42 38 0.0 0.0 0.0 20853.0 170.0 317.0 107846.0
38 42 39 0.0 0.0 0.0 16685.0 149.0 223.0 117673.0
38 42 40 0.0 0.0 0.0 14977.0 139.0 186.0 121355.0
38 42 41 0.0 0.0 0.0 16748.0 153.0 213.0 117294.0
38 42 42 0.0 0.0 0.0 21705.0 177.0 330.0 104980.0
38 42 43 0.0 0.0 0.0 36473.0 176.0 709.0 70593.0
38 42 44 0.0 0.0 0.0 50816.0 99.0 1336.0 23708.0
38 42 45 0.0 0.0 0.0 16304.0 43.0 580.0 619.0
38 42 46 0.0 0.0 0.0 471.0 0.0 14.0 0.0
38 43 34 0.0 0.0 0.0 148.0 0.0 2.0 0.0
38 43 35 0.0 0.0 0.0 8259.0 13.0 315.0 120.0
38 43 36 0.0 0.0 0.0 43985.0 56.0 1321.0 10040.0
38 43 37 0.0 0.0 0.0 44624.0 125.0 937.0 48984.0
38 43 38 0.0 0.0 0.0 34937.0 167.0 704.0 74155.0
38 43 39 0.0 0.0 0.0 29366.0 187.0 535.0 86768.0
38 43 40 0.0 0.0 0.0 28160.0 192.0 462.0 89787.0
38 43 41 0.0 0.0 0.0 29840.0 182.0 521.0 85486.0
38 43 42 0.0 0.0 0.0 35636.0 181.0 678.0 71740.0
38 43 43 0.0 0.0 0.0 46106.0 127.0 1070.0 44297.0
38 43 44 0.0 0.0 0.0 41787.0 78.0 1215.0 8524.0
38 43 45 0.0 0.0 0.0 7799.0 7.0 268.0 104.0
38 43 46 0.0 0.0 0.0 134.0 0.0 4.0 1.0
38 44 34 0.0 0.0 0.0 25.0 0.0 3.0 0.0
38 44 35 0.0 0.0 0.0 2106.0 4.0 69.0 7.0
38 44 36 0.0 0.0 0.0 21222.0 13.0 767.0 1335.0
38 44 37 0.0 0.0 0.0 43796.0 90.0 1303.0 9775.0
38 44 38 0.0 0.0 0.0 50753.0 80.0 1281.0 24523.0
38 44 39 0.0 0.0 0.0 49474.0 124.0 1187.0 36214.0
38 44 40 0.0 0.0 0.0 49272.0 120.0 1192.0 38935.0
38 44 41 0.0 0.0 0.0 49950.0 126.0 1209.0 34704.0
38 44 42 0.0 0.0 0.0 50444.0 126.0 1403.0 22841.0
38 44 43 0.0 0.0 0.0 41842.0 90.0 1224.0 8599.0
38 44 44 0.0 0.0 0.0 18283.0 7.0 684.0 872.0
38 44 45 0.0 0.0 0.0 1743.0 5.0 67.0 4.0
38 44 46 0.0 0.0 0.0 14.0 0.0 1.0 0.0
38 45 35 0.0 0.0 0.0 221.0 0.0 6.0 0.0
38 45 36 0.0 0.0 0.0 2167.0 1.0 65.0 8.0
38 45 37 0.0 0.0 0.0 8134.0 12.0 301.0 119.0
38 45 38 0.0 0.0 0.0 17577.0 9.0 654.0 773.0
38 45 39 0.0 0.0 0.0 25323.0 26.0 868.0 1836.0
38 45 40 0.0 0.0 0.0 27712.0 48.0 945.0 2244.0
38 45 41 0.0 0.0 0.0 24016.0 26.0 832.0 1589.0
38 45 42 0.0 0.0 0.0 16486.0 25.0 586.0 644.0
38 45 43 0.0 0.0 0.0 7955.0 3.0 308.0 105.0
38 45 44 0.0 0.0 0.0 1868.0 1.0 67.0 4.0
38 45 45 0.0 0.0 0.0 151.0 0.0 6.0 0.0
38 45 46 0.0 0.0 0.0 1.0 0.0 0.0 0.0
38 46 36 0.0 0.0 0.0 30.0 1.0 2.0 0.0
38 46 37 0.0 0.0 0.0 161.0 0.0 8.0 0.0
38 46 38 0.0 0.0 0.0 475.0 1.0 16.0 0.0
38 46 39 0.0 0.0 0.0 850.0 3.0 42.0 0.0
38 46 40 0.0 0.0 0.0 1045.0 1.0 50.0 1.0
38 46 41 0.0 0.0 0.0 862.0 1.0 35.0 0.0
38 46 42 0.0 0.0 0.0 418.0 0.0 14.0 0.0
38 46 43 0.0 0.0 0.0 156.0 0.0 8.0 0.0
38 46 44 0.0 0.0 0.0 13.0 0.0 0.0 0.0
38 46 45 0.0 0.0 0.0 4.0 0.0 0.0 0.0
38 47 42 0.0 0.0 0.0 2.0 0.0 0.0 0.0
39 33 38 0.0 0.0 0.0 1.0 0.0 0.0 0.0
39 33 40 0.0 0.0 0.0 2.0 0.0 0.0 0.0
39 33 41 0.0 0.0 0.0 1.0 0.0 0.0 0.0
39 34 35 0.0 0.0 0.0 2.0 0.0 0.0 0.0
39 34 36 0.0 0.0 0.0 50.0 0.0 3.0 0.0
39 34 37 0.0 0.0 0.0 295.0 3.0 16.0 0.0
39 34 38 0.0 0.0 0.0 875.0 0.0 34.0 1.0
39 34 39 0.0 0.0 0.0 1767.0 9.0 57.0 4.0
39 34 40 0.0 0.0 0.0 1990.0 1.0 78.0 3.0
39 34 41 0.0 0.0 0.0 1598.0 0.0 52.0 2.0
39 34 42 0.0 0.0 0.0 937.0 2.0 43.0 1.0
39 34 43 0.0 0.0 0.0 313.0 0.0 12.0 0.0
39 34 44 0.0 0.0 0.0 63.0 0.0 0.0 0.0
39 34 45 0.0 0.0 0.0 4.0 0.0 1.0 0.0
39 35 34 0.0 0.0 0.0 5.0 0.0 0.0 0.0
39 35 35 0.0 0.0 0.0 382.0 1.0 16.0 0.0
39 35 36 0.0 0.0 0.0 3599.0 0.0 144.0 27.0
39 35 37 0.0 0.0 0.0 12965.0 24.0 491.0 367.0
39 35 38 0.0 0.0 0.0 24618.0 61.0 859.0 1636.0
39 35 39 0.0 0.0 0.0 34372.0 78.0 1127.0 4112.0
39 35 40 0.0 0.0 0.0 37516.0 55.0 1260.0 5206.0
39 35 41 0.0 0.0 0.0 34280.0 32.0 1161.0 3870.0
39 35 42 0.0 0.0 0.0 24982.0 35.0 876.0 1748.0
39 35 43 0.0 0.0 0.0 12860.0 20.0 499.0 335.0
39 35 44 0.0 0.0 0.0 3464.0 1.0 124.0 17.0
39 35 45 0.0 0.0 0.0 330.0 0.0 13.0 0.0
39 35 46 0.0 0.0 0.0 2.0 0.0 0.0 0.0
39 36 34 0.0 0.0 0.0 40.0 0.0 0.0 0.0
39 36 35 0.0 0.0 0.0 3619.0 11.0 136.0 26.0
39 36 36 0.0 0.0 0.0 27362.0 35.0 940.0 2388.0
39 36 37 0.0 0.0 0.0 48654.0 82.0 1381.0 16620.0
39 36 38 0.0 0.0 0.0 49339.0 148.0 1193.0 36597.0
39 36 39 0.0 0.0 0.0 45399.0 275.0 1039.0 48061.0
39 36 40 0.0 0.0 0.0 43599.0 180.0 957.0 53417.0
39 36 41 0.0 0.0 0.0 45113.0 124.0 949.0 49079.0
39 36 42 0.0 0.0 0.0 49777.0 139.0 1186.0 35865.0
39 36 43 0.0 0.0 0.0 48590.0 96.0 1314.0 16760.0
39 36 44 0.0 0.0 0.0 26748.0 53.0 917.0 2202.0
39 36 45 0.0 0.0 0.0 3631.0 6.0 141.0 20.0
39 36 46 0.0 0.0 0.0 53.0 2.0 4.0 0.0
39 37 34 0.0 0.0 0.0 324.0 0.0 14.0 0.0
39 37 35 0.0 0.0 0.0 12918.0 9.0 475.0 321.0
39 37 36 0.0 0.0 0.0 48842.0 181.0 1400.0 17470.0
39 37 37 0.0 0.0 0.0 40476.0 198.0 823.0 60176.0
39 37 38 0.0 0.0 0.0 29485.0 181.0 510.0 85905.0
39 37 39 0.0 0.0 0.0 23573.0 179.0 387.0 99381.0
39 37 40 0.0 0.0 0.0 22137.0 212.0 350.0 102104.0
39 37 41 0.0 0.0 0.0 23620.0 184.0 391.0 99617.0
39 37 42 0.0 0.0 0.0 28927.0 168.0 495.0 87111.0
39 37 43 0.0 0.0 0.0 40496.0 215.0 843.0 60631.0
39 37 44 0.0 0.0 0.0 48511.0 99.0 1347.0 16967.0
39 37 45 0.0 0.0 0.0 12802.0 25.0 458.0 350.0
39 37 46 0.0 0.0 0.0 314.0 0.0 13.0 0.0
39 38 34 0.0 0.0 0.0 933.0 0.0 30.0 0.0
39 38 35 0.0 0.0 0.0 25999.0 16.0 909.0 1984.0
39 38 36 0.0 0.0 0.0 49449.0 153.0 1164.0 36546.0
39 38 37 0.0 0.0 0.0 29174.0 200.0 516.0 86691.0
39 38 38 0.0 0.0 0.0 16439.0 192.0 208.0 118503.0
39 38 39 0.0 0.0 0.0 11761.0 177.0 146.0 129258.0
39 38 40 0.0 0.0 0.0 10443.0 144.0 115.0 131784.0
39 38 41 0.0 0.0 0.0 11786.0 168.0 152.0 129615.0
39 38 42 0.0 0.0 0.0 16168.0 167.0 220.0 119309.0
39 38 43 0.0 0.0 0.0 29031.0 200.0 559.0 87149.0
39 38 44 0.0 0.0 0.0 49288.0 167.0 1207.0 36326.0
39 38 45 0.0 0.0 0.0 25998.0 44.0 884.0 1894.0
39 38 46 0.0 0.0 0.0 911.0 2.0 25.0 1.0
39 38 47 0.0 0.0 0.0 1.0 0.0 0.0 0.0
39 39 34 0.0 0.0 0.0 1800.0 4.0 69.0 5.0
39 39 35 0.0 0.0 0.0 35009.0 47.0 1103.0 4276.0
39 39 36 0.0 0.0 0.0 45521.0 182.0 969.0 49172.0
39 39 37 0.0 0.0 0.0 23605.0 188.0 370.0 99412.0
39 39 38 0.0 0.0 0.0 11613.0 148.0 146.0 130269.0
39 39 39 0.0 0.0 0.0 6657.0 111.0 67.0 149079.0
39 39 40 0.0 0.0 0.0 5642.0 108.0 48.0 150244.0
39 39 41 0.0 0.0 0.0 6656.0 121.0 65.0 147592.0
39 39 42 0.0 0.0 0.0 11837.0 157.0 161.0 129011.0
39 39 43 0.0 0.0 0.0 23856.0 160.0 411.0 99246.0
39 39 44 0.0 0.0 0.0 45046.0 171.0 1043.0 49122.0
39 39 45 0.0 0.0 0.0 33756.0 40.0 1112.0 3999.0
39 39 46 0.0 0.0 0.0 1702.0 1.0 61.0 3.0
39 40 34 0.0 0.0 0.0 1947.0 5.0 59.0 11.0
39 40 35 0.0 0.0 0.0 37650.0 47.0 1226.0 5214.0
39 40 36 0.0 0.0 0.0 43130.0 170.0 924.0 54024.0
39 40 37 0.0 0.0 0.0 21802.0 201.0 353.0 103301.0
39 40 38 0.0 0.0 0.0 10390.0 155.0 137.0 132479.0
39 40 39 0.0 0.0 0.0 5714.0 127.0 50.0 149619.0
39 40 40 0.0 0.0 0.0 4758.0 99.0 51.0 152678.0
39 40 41 0.0 0.0 0.0 5782.0 105.0 57.0 149645.0
39 40 42 0.0 0.0 0.0 10634.0 136.0 150.0 132082.0
39 40 43 0.0 0.0 0.0 22184.0 193.0 371.0 102804.0
39 40 44 0.0 0.0 0.0 43843.0 156.0 942.0 53307.0
39 40 45 0.0 0.0 0.0 37536.0 86.0 1245.0 5210.0
39 40 46 0.0 0.0 0.0 1986.0 4.0 56.0 5.0
39 40 47 0.0 0.0 0.0 3.0 0.0 0.0 0.0
39 41 33 0.0 0.0 0.0 1.0 0.0 0.0 0.0
39 41 34 0.0 0.0 0.0 1725.0 1.0 51.0 2.0
39 41 35 0.0 0.0 0.0 34821.0 60.0 1160.0 4070.0
39 41 36 0.0 0.0 0.0 44871.0 130.0 979.0 49734.0
39 41 37 0.0 0.0 0.0 23143.0 194.0 351.0 99585.0
39 41 38 0.0 0.0 0.0 11645.0 154.0 131.0 130094.0
39 41 39 0.0 0.0 0.0 6560.0 102.0 79.0 149052.0
39 41 40 0.0 0.0 0.0 5849.0 103.0 61.0 149804.0
39 41 41 0.0 0.0 0.0 6780.0 152.0 58.0 148169.0
39 41 42 0.0 0.0 0.0 12134.0 159.0 165.0 128744.0
39 41 43 0.0 0.0 0.0 23291.0 155.0 352.0 99639.0
39 41 44 0.0 0.0 0.0 45853.0 180.0 1054.0 48413.0
39 41 45 0.0 0.0 0.0 33971.0 73.0 1160.0 3911.0
39 41 46 0.0 0.0 0.0 1573.0 1.0 53.0 4.0
39 41 47 0.0 0.0 0.0 1.0 0.0 0.0 0.0
39 42 33 0.0 0.0 0.0 1.0 0.0 0.0 0.0
39 42 34 0.0 0.0 0.0 866.0 0.0 32.0 1.0
39 42 35 0.0 0.0 0.0 25299.0 35.0 858.0 1771.0
39 42 36 0.0 0.0 0.0 49149.0 190.0 1196.0 36862.0
39 42 37 0.0 0.0 0.0 28792.0 198.0 505.0 87504.0
39 42 38 0.0 0.0 0.0 16105.0 164.0 238.0 120026.0
39 42 39 0.0 0.0 0.0 11983.0 187.0 139.0 129525.0
39 42 40 0.0 0.0 0.0 10487.0 158.0 139.0 132011.0
39 42 41 0.0 0.0 0.0 11854.0 140.0 159.0 129326.0
39 42 42 0.0 0.0 0.0 16571.0 154.0 199.0 118514.0
39 42 43 0.0 0.0 0.0 29887.0 200.0 494.0 85845.0
39 42 44 0.0 0.0 0.0 49430.0 100.0 1187.0 35525.0
39 42 45 0.0 0.0 0.0 24650.0 47.0 857.0 1728.0
39 42 46 0.0 0.0 0.0 930.0 1.0 39.0 3.0
39 42 47 0.0 0.0 0.0 1.0 0.0 0.0 0.0
39 43 34 0.0 0.0 0.0 324.0 0.0 13.0 0.0
39 43 35 0.0 0.0 0.0 13407.0 13.0 482.0 394.0
39 43 36 0.0 0.0 0.0 48891.0 106.0 1303.0 18124.0
39 43 37 0.0 0.0 0.0 39109.0 158.0 785.0 62593.0
39 43 38 0.0 0.0 0.0 29218.0 174.0 514.0 86960.0
39 43 39 0.0 0.0 0.0 23694.0 195.0 381.0 99137.0
39 43 40 0.0 0.0 0.0 22106.0 171.0 328.0 101813.0
39 43 41 0.0 0.0 0.0 23880.0 171.0 370.0 98717.0
39 43 42 0.0 0.0 0.0 29312.0 196.0 551.0 86589.0
39 43 43 0.0 0.0 0.0 40191.0 164.0 860.0 60435.0
39 43 44 0.0 0.0 0.0 48073.0 107.0 1356.0 15529.0
39 43 45 0.0 0.0 0.0 11683.0 14.0 437.0 271.0
39 43 46 0.0 0.0 0.0 264.0 0.0 7.0 0.0
39 44 34 0.0 0.0 0.0 51.0 0.0 2.0 0.0
39 44 35 0.0 0.0 0.0 3740.0 8.0 155.0 22.0
39 44 36 0.0 0.0 0.0 29246.0 72.0 1015.0 2939.0
39 44 37 0.0 0.0 0.0 49028.0 110.0 1347.0 16887.0
39 44 38 0.0 0.0 0.0 49025.0 147.0 1124.0 37113.0
39 44 39 0.0 0.0 0.0 45773.0 120.0 1023.0 48471.0
39 44 40 0.0 0.0 0.0 43813.0 146.0 932.0 52560.0
39 44 41 0.0 0.0 0.0 46068.0 254.0 1059.0 47573.0
39 44 42 0.0 0.0 0.0 49368.0 149.0 1139.0 35987.0
39 44 43 0.0 0.0 0.0 48441.0 69.0 1387.0 15423.0
39 44 44 0.0 0.0 0.0 26577.0 51.0 951.0 2242.0
39 44 45 0.0 0.0 0.0 3329.0 2.0 129.0 12.0
39 44 46 0.0 0.0 0.0 31.0 0.0 2.0 0.0
39 45 34 0.0 0.0 0.0 5.0 0.0 0.0 0.0
39 45 35 0.0 0.0 0.0 416.0 2.0 17.0 0.0
39 45 36 0.0 0.0 0.0 3786.0 0.0 152.0 27.0
39 45 37 0.0 0.0 0.0 13353.0 15.0 493.0 446.0
39 45 38 0.0 0.0 0.0 24715.0 12.0 885.0 1648.0
39 45 39 0.0 0.0 0.0 34302.0 25.0 1081.0 4023.0
39 45 40 0.0 0.0 0.0 36238.0 27.0 1170.0 4805.0
39 45 41 0.0 0.0 0.0 33820.0 68.0 1117.0 3768.0
39 45 42 0.0 0.0 0.0 24555.0 42.0 856.0 1601.0
39 45 43 0.0 0.0 0.0 12326.0 20.0 461.0 341.0
39 45 44 0.0 0.0 0.0 3055.0 3.0 97.0 18.0
39 45 45 0.0 0.0 0.0 246.0 0.0 7.0 0.0
39 45 46 0.0 0.0 0.0 3.0 0.0 0.0 0.0
39 46 35 0.0 0.0 0.0 6.0 0.0 0.0 0.0
39 46 36 0.0 0.0 0.0 53.0 0.0 3.0 0.0
39 46 37 0.0 0.0 0.0 318.0 0.0 12.0 0.0
39 46 38 0.0 0.0 0.0 798.0 0.0 19.0 1.0
39 46 39 0.0 0.0 0.0 1705.0 1.0 61.0 4.0
39 46 40 0.0 0.0 0.0 1936.0 1.0 74.0 1.0
39 46 41 0.0 0.0 0.0 1558.0 2.0 54.0 3.0
39 46 42 0.0 0.0 0.0 887.0 3.0 24.0 0.0
39 46 43 0.0 0.0 0.0 294.0 0.0 15.0 0.0
39 46 44 0.0 0.0 0.0 49.0 0.0 2.0 0.0
39 47 38 0.0 0.0 0.0 1.0 0.0 0.0 0.0
39 47 40 0.0 0.0 0.0 1.0 0.0 0.0 0.0
39 47 41 0.0 0.0 0.0 2.0 0.0 0.0 0.0
40 33 39 0.0 0.0 0.0 4.0 0.0 1.0 0.0
40 33 40 0.0 0.0 0.0 1.0 0.0 0.0 0.0
40 33 41 0.0 0.0 0.0 2.0 0.0 0.0 0.0
40 34 35 0.0 0.0 0.0 5.0 0.0 0.0 0.0
40 34 36 0.0 0.0 0.0 54.0 0.0 2.0 0.0
40 34 37 0.0 0.0 0.0 331.0 0.0 8.0 0.0
40 34 38 0.0 0.0 0.0 1000.0 0.0 27.0 2.0
40 34 39 0.0 0.0 0.0 2054.0 3.0 75.0 3.0
40 34 40 0.0 0.0 0.0 2432.0 1.0 90.0 2.0
40 34 41 0.0 0.0 0.0 2078.0 1.0 91.0 4.0
40 34 42 0.0 0.0 0.0 1131.0 0.0 41.0 1.0
40 34 43 0.0 0.0 0.0 356.0 0.0 11.0 1.0
40 34 44 0.0 0.0 0.0 49.0 0.0 1.0 0.0
40 34 45 0.0 0.0 0.0 3.0 0.0 0.0 0.0
40 35 34 0.0 0.0 0.0 2.0 0.0 0.0 0.0
40 35 35 0.0 0.0 0.0 422.0 0.0 22.0 2.0
40 35 36 0.0 0.0 0.0 4190.0 5.0 172.0 42.0
40 35 37 0.0 0.0 0.0 14520.0 26.0 540.0 471.0
40 35 38 0.0 0.0 0.0 27873.0 34.0 1020.0 2225.0
40 35 39 0.0 0.0 0.0 37717.0 61.0 1219.0 5315.0
40 35 40 0.0 0.0 0.0 39844.0 71.0 1156.0 6546.0
40 35 41 0.0 0.0 0.0 37585.0 78.0 1197.0 5106.0
40 35 42 0.0 0.0 0.0 28345.0 37.0 958.0 2365.0
40 35 43 0.0 0.0 0.0 14820.0 20.0 513.0 486.0
40 35 44 0.0 0.0 0.0 4478.0 1.0 160.0 32.0
40 35 45 0.0 0.0 0.0 482.0 0.0 23.0 0.0
40 35 46 0.0 0.0 0.0 2.0 0.0 0.0 0.0
40 36 34 0.0 0.0 0.0 60.0 0.0 3.0 0.0
40 36 35 0.0 0.0 0.0 4522.0 5.0 180.0 32.0
40 36 36 0.0 0.0 0.0 30832.0 68.0 1087.0 3179.0
40 36 37 0.0 0.0 0.0 49419.0 148.0 1298.0 19321.0
40 36 38 0.0 0.0 0.0 48293.0 205.0 1112.0 40252.0
40 36 39 0.0 0.0 0.0 43502.0 222.0 931.0 53666.0
40 36 40 0.0 0.0 0.0 41771.0 156.0 856.0 57782.0
40 36 41 0.0 0.0 0.0 43355.0 163.0 961.0 54157.0
40 36 42 0.0 0.0 0.0 48193.0 160.0 1130.0 41092.0
40 36 43 0.0 0.0 0.0 49571.0 112.0 1348.0 20302.0
40 36 44 0.0 0.0 0.0 31749.0 75.0 1084.0 3452.0
40 36 45 0.0 0.0 0.0 4500.0 6.0 181.0 42.0
40 36 46 0.0 0.0 0.0 66.0 0.0 5.0 0.0
40 37 34 0.0 0.0 0.0 405.0 0.0 14.0 0.0
40 37 35 0.0 0.0 0.0 14693.0 20.0 549.0 464.0
40 37 36 0.0 0.0 0.0 49089.0 130.0 1315.0 19053.0
40 37 37 0.0 0.0 0.0 38921.0 203.0 734.0 64716.0
40 37 38 0.0 0.0 0.0 27218.0 229.0 470.0 91036.0
40 37 39 0.0 0.0 0.0 22016.0 235.0 342.0 102713.0
40 37 40 0.0 0.0 0.0 20543.0 186.0 324.0 105677.0
40 37 41 0.0 0.0 0.0 21650.0 186.0 354.0 102886.0
40 37 42 0.0 0.0 0.0 26931.0 179.0 463.0 91662.0
40 37 43 0.0 0.0 0.0 38170.0 189.0 745.0 65790.0
40 37 44 0.0 0.0 0.0 49767.0 152.0 1357.0 20505.0
40 37 45 0.0 0.0 0.0 15120.0 27.0 571.0 531.0
40 37 46 0.0 0.0 0.0 391.0 0.0 16.0 0.0
40 38 34 0.0 0.0 0.0 1138.0 0.0 43.0 1.0
40 38 35 0.0 0.0 0.0 29262.0 39.0 988.0 2565.0
40 38 36 0.0 0.0 0.0 47974.0 159.0 1089.0 40910.0
40 38 37 0.0 0.0 0.0 27318.0 181.0 423.0 90568.0
40 38 38 0.0 0.0 0.0 14879.0 199.0 193.0 122128.0
40 38 39 0.0 0.0 0.0 10416.0 160.0 113.0 133299.0
40 38 40 0.0 0.0 0.0 9339.0 144.0 119.0 134629.0
40 38 41 0.0 0.0 0.0 10562.0 160.0 118.0 132187.0
40 38 42 0.0 0.0 0.0 14757.0 171.0 201.0 123236.0
40 38 43 0.0 0.0 0.0 27586.0 185.0 448.0 91650.0
40 38 44 0.0 0.0 0.0 48182.0 106.0 1170.0 40907.0
40 38 45 0.0 0.0 0.0 28839.0 38.0 984.0 2562.0
40 38 46 0.0 0.0 0.0 1106.0 0.0 32.0 1.0
40 39 34 0.0 0.0 0.0 2007.0 1.0 92.0 8.0
40 39 35 0.0 0.0 0.0 37665.0 80.0 1233.0 5186.0
40 39 36 0.0 0.0 0.0 43313.0 153.0 912.0 53615.0
40 39 37 0.0 0.0 0.0 21768.0 212.0 371.0 103123.0
40 39 38 0.0 0.0 0.0 10597.0 156.0 142.0 132116.0
40 39 39 0.0 0.0 0.0 5769.0 108.0 56.0 150654.0
40 39 40 0.0 0.0 0.0 4797.0 111.0 45.0 152568.0
40 39 41 0.0 0.0 0.0 5557.0 105.0 47.0 151541.0
40 39 42 0.0 0.0 0.0 10489.0 149.0 133.0 132755.0
40 39 43 0.0 0.0 0.0 22000.0 199.0 346.0 102570.0
40 39 44 0.0 0.0 0.0 44098.0 171.0 960.0 52946.0
40 39 45 0.0 0.0 0.0 37742.0 88.0 1248.0 5351.0
40 39 46 0.0 0.0 0.0 2014.0 0.0 63.0 4.0
40 39 47 0.0 0.0 0.0 2.0 0.0 0.0 0.0
40 40 33 0.0 0.0 0.0 2.0 0.0 0.0 0.0
40 40 34 0.0 0.0 0.0 2510.0 2.0 113.0 4.0
40 40 35 0.0 0.0 0.0 40416.0 46.0 1360.0 6696.0
40 40 36 0.0 0.0 0.0 41563.0 164.0 914.0 57793.0
40 40 37 0.0 0.0 0.0 20451.0 196.0 321.0 106146.0
40 40 38 0.0 0.0 0.0 9411.0 158.0 120.0 135266.0
40 40 39 0.0 0.0 0.0 4790.0 91.0 39.0 152351.0
40 40 40 0.0 0.0 0.0 3171.0 88.0 20.0 169256.0
40 40 41 0.0 0.0 0.0 4691.0 82.0 47.0 153618.0
40 40 42 0.0 0.0 0.0 9361.0 162.0 111.0 134933.0
40 40 43 0.0 0.0 0.0 20342.0 187.0 329.0 106309.0
40 40 44 0.0 0.0 0.0 41644.0 167.0 868.0 57376.0
40 40 45 0.0 0.0 0.0 39918.0 59.0 1303.0 6321.0
40 40 46 0.0 0.0 0.0 2459.0 2.0 89.0 5.0
40 40 47 0.0 0.0 0.0 1.0 0.0 0.0 0.0
40 41 33 0.0 0.0 0.0 2.0 0.0 0.0 0.0
40 41 34 0.0 0.0 0.0 2286.0 1.0 85.0 5.0
40 41 35 0.0 0.0 0.0 37424.0 79.0 1207.0 5087.0
40 41 36 0.0 0.0 0.0 43791.0 197.0 956.0 53204.0
40 41 37 0.0 0.0 0.0 22019.0 184.0 373.0 102539.0
40 41 38 0.0 0.0 0.0 10499.0 170.0 121.0 132537.0
40 41 39 0.0 0.0 0.0 5694.0 99.0 43.0 151246.0
40 41 40 0.0 0.0 0.0 4816.0 97.0 45.0 153266.0
40 41 41 0.0 0.0 0.0 5809.0 113.0 48.0 150693.0
40 41 42 0.0 0.0 0.0 10667.0 149.0 148.0 132105.0
40 41 43 0.0 0.0 0.0 22077.0 187.0 349.0 102240.0
40 41 44 0.0 0.0 0.0 43697.0 206.0 951.0 52361.0
40 41 45 0.0 0.0 0.0 36994.0 44.0 1176.0 4988.0
40 41 46 0.0 0.0 0.0 2068.0 0.0 67.0 4.0
40 42 34 0.0 0.0 0.0 1148.0 0.0 42.0 0.0
40 42 35 0.0 0.0 0.0 28960.0 48.0 987.0 2489.0
40 42 36 0.0 0.0 0.0 47968.0 205.0 1086.0 41457.0
40 42 37 0.0 0.0 0.0 26963.0 198.0 420.0 92204.0
40 42 38 0.0 0.0 0.0 14640.0 171.0 173.0 122694.0
40 42 39 0.0 0.0 0.0 10553.0 154.0 136.0 132049.0
40 42 40 0.0 0.0 0.0 9513.0 123.0 99.0 134357.0
40 42 41 0.0 0.0 0.0 10473.0 140.0 116.0 131522.0
40 42 42 0.0 0.0 0.0 15088.0 163.0 194.0 121969.0
40 42 43 0.0 0.0 0.0 27653.0 164.0 497.0 89999.0
40 42 44 0.0 0.0 0.0 48513.0 114.0 1133.0 39810.0
40 42 45 0.0 0.0 0.0 27994.0 32.0 927.0 2330.0
40 42 46 0.0 0.0 0.0 1031.0 0.0 38.0 0.0
40 42 47 0.0 0.0 0.0 2.0 0.0 0.0 0.0
40 43 34 0.0 0.0 0.0 356.0 0.0 17.0 0.0
40 43 35 0.0 0.0 0.0 15636.0 32.0 575.0 567.0
40 43 36 0.0 0.0 0.0 50059.0 102.0 1448.0 20978.0
40 43 37 0.0 0.0 0.0 38772.0 136.0 792.0 64687.0
40 43 38 0.0 0.0 0.0 27173.0 197.0 474.0 91294.0
40 43 39 0.0 0.0 0.0 22082.0 184.0 347.0 102391.0
40 43 40 0.0 0.0 0.0 20313.0 187.0 310.0 105700.0
40 43 41 0.0 0.0 0.0 22056.0 156.0 352.0 102372.0
40 43 42 0.0 0.0 0.0 27746.0 161.0 491.0 89787.0
40 43 43 0.0 0.0 0.0 38617.0 142.0 797.0 63811.0
40 43 44 0.0 0.0 0.0 49535.0 110.0 1387.0 18933.0
40 43 45 0.0 0.0 0.0 14238.0 17.0 516.0 499.0
40 43 46 0.0 0.0 0.0 324.0 0.0 11.0 0.0
40 44 34 0.0 0.0 0.0 73.0 0.0 2.0 0.0
40 44 35 0.0 0.0 0.0 4665.0 0.0 167.0 31.0
40 44 36 0.0 0.0 0.0 31267.0 44.0 1102.0 3452.0
40 44 37 0.0 0.0 0.0 49805.0 142.0 1353.0 20969.0
40 44 38 0.0 0.0 0.0 48481.0 121.0 1100.0 40494.0
40 44 39 0.0 0.0 0.0 43545.0 174.0 894.0 52954.0
40 44 40 0.0 0.0 0.0 42093.0 142.0 878.0 57432.0
40 44 41 0.0 0.0 0.0 44177.0 148.0 940.0 52384.0
40 44 42 0.0 0.0 0.0 48497.0 159.0 1147.0 40219.0
40 44 43 0.0 0.0 0.0 49147.0 93.0 1377.0 19126.0
40 44 44 0.0 0.0 0.0 29171.0 41.0 1035.0 2764.0
40 44 45 0.0 0.0 0.0 4078.0 5.0 171.0 27.0
40 44 46 0.0 0.0 0.0 71.0 0.0 4.0 0.0
40 45 35 0.0 0.0 0.0 525.0 0.0 26.0 1.0
40 45 36 0.0 0.0 0.0 4432.0 6.0 180.0 33.0
40 45 37 0.0 0.0 0.0 15391.0 39.0 541.0 569.0
40 45 38 0.0 0.0 0.0 27992.0 61.0 1004.0 2253.0
40 45 39 0.0 0.0 0.0 37253.0 30.0 1152.0 4859.0
40 45 40 0.0 0.0 0.0 39822.0 50.0 1229.0 6310.0
40 45 41 0.0 0.0 0.0 36639.0 54.0 1139.0 4636.0
40 45 42 0.0 0.0 0.0 28552.0 28.0 1009.0 2387.0
40 45 43 0.0 0.0 0.0 14180.0 32.0 510.0 449.0
40 45 44 0.0 0.0 0.0 4008.0 8.0 160.0 34.0
40 45 45 0.0 0.0 0.0 329.0 0.0 17.0 0.0
40 45 46 0.0 0.0 0.0 3.0 0.0 0.0 0.0
40 46 35 0.0 0.0 0.0 2.0 0.0 0.0 0.0
40 46 36 0.0 0.0 0.0 51.0 0.0 1.0 0.0
40 46 37 0.0 0.0 0.0 359.0 0.0 16.0 0.0
40 46 38 0.0 0.0 0.0 1101.0 2.0 53.0 0.0
40 46 39 0.0 0.0 0.0 1875.0 5.0 81.0 5.0
40 46 40 0.0 0.0 0.0 2309.0 1.0 95.0 3.0
40 46 41 0.0 0.0 0.0 1933.0 1.0 70.0 4.0
40 46 42 0.0 0.0 0.0 1092.0 0.0 48.0 1.0
40 46 43 0.0 0.0 0.0 338.0 0.0 15.0 1.0
40 46 44 0.0 0.0 0.0 54.0 0.0 3.0 0.0
40 46 45 0.0 0.0 0.0 2.0 0.0 0.0 0.0
40 46 46 0.0 0.0 0.0 2.0 0.0 0.0 0.0
40 47 39 0.0 0.0 0.0 2.0 0.0 0.0 0.0
40 47 41 0.0 0.0 0.0 3.0 0.0 0.0 0.0
40 47 42 0.0 0.0 0.0 1.0 0.0 0.0 0.0
41 34 35 0.0 0.0 0.0 3.0 0.0 1.0 0.0
41 34 36 0.0 0.0 0.0 43.0 0.0 1.0 0.0
41 34 37 0.0 0.0 0.0 298.0 0.0 8.0 0.0
41 34 38 0.0 0.0 0.0 936.0 2.0 28.0 0.0
41 34 39 0.0 0.0 0.0 1581.0 4.0 55.0 3.0
41 34 40 0.0 0.0 0.0 2059.0 2.0 93.0 7.0
41 34 41 0.0 0.0 0.0 1541.0 2.0 62.0 1.0
41 34 42 0.0 0.0 0.0 863.0 1.0 20.0 0.0
41 34 43 0.0 0.0 0.0 326.0 0.0 14.0 0.0
41 34 44 0.0 0.0 0.0 52.0 0.0 1.0 0.0
41 34 45 0.0 0.0 0.0 3.0 0.0 0.0 0.0
41 35 34 0.0 0.0 0.0 4.0 0.0 1.0 0.0
41 35 35 0.0 0.0 0.0 354.0 0.0 15.0 0.0
41 35 36 0.0 0.0 0.0 3496.0 10.0 145.0 26.0
41 35 37 0.0 0.0 0.0 12198.0 28.0 447.0 328.0
41 35 38 0.0 0.0 0.0 25723.0 23.0 888.0 1761.0
41 35 39 0.0 0.0 0.0 34561.0 34.0 1046.0 4000.0
41 35 40 0.0 0.0 0.0 38045.0 79.0 1275.0 5484.0
41 35 41 0.0 0.0 0.0 35374.0 67.0 1172.0 4417.0
41 35 42 0.0 0.0 0.0 25803.0 39.0 844.0 1908.0
41 35 43 0.0 0.0 0.0 13247.0 23.0 519.0 384.0
41 35 44 0.0 0.0 0.0 3760.0 5.0 142.0 19.0
41 35 45 0.0 0.0 0.0 433.0 0.0 12.0 0.0
41 35 46 0.0 0.0 0.0 1.0 0.0 0.0 0.0
41 36 34 0.0 0.0 0.0 46.0 0.0 3.0 0.0
41 36 35 0.0 0.0 0.0 3138.0 5.0 110.0 18.0
41 36 36 0.0 0.0 0.0 26770.0 57.0 960.0 2435.0
41 36 37 0.0 0.0 0.0 48422.0 109.0 1379.0 16145.0
41 36 38 0.0 0.0 0.0 49511.0 176.0 1163.0 36033.0
41 36 39 0.0 0.0 0.0 45565.0 179.0 1073.0 49131.0
41 36 40 0.0 0.0 0.0 43187.0 238.0 875.0 53836.0
41 36 41 0.0 0.0 0.0 45195.0 129.0 1045.0 49673.0
41 36 42 0.0 0.0 0.0 49312.0 148.0 1134.0 37298.0
41 36 43 0.0 0.0 0.0 48817.0 110.0 1332.0 16913.0
41 36 44 0.0 0.0 0.0 28759.0 27.0 1029.0 2741.0
41 36 45 0.0 0.0 0.0 4036.0 7.0 159.0 27.0
41 36 46 0.0 0.0 0.0 73.0 1.0 3.0 0.0
41 37 34 0.0 0.0 0.0 287.0 1.0 12.0 0.0
41 37 35 0.0 0.0 0.0 13194.0 9.0 512.0 384.0
41 37 36 0.0 0.0 0.0 48608.0 105.0 1335.0 16451.0
41 37 37 0.0 0.0 0.0 40597.0 198.0 821.0 59776.0
41 37 38 0.0 0.0 0.0 29142.0 197.0 521.0 86938.0
41 37 39 0.0 0.0 0.0 23650.0 221.0 361.0 99612.0
41 37 40 0.0 0.0 0.0 21855.0 225.0 378.0 103425.0
41 37 41 0.0 0.0 0.0 23433.0 231.0 432.0 99615.0
41 37 42 0.0 0.0 0.0 28851.0 188.0 526.0 87771.0
41 37 43 0.0 0.0 0.0 39589.0 146.0 766.0 62010.0
41 37 44 0.0 0.0 0.0 48862.0 108.0 1364.0 17786.0
41 37 45 0.0 0.0 0.0 13266.0 9.0 469.0 402.0
41 37 46 0.0 0.0 0.0 334.0 0.0 18.0 0.0
41 38 34 0.0 0.0 0.0 918.0 0.0 26.0 1.0
41 38 35 0.0 0.0 0.0 25813.0 51.0 890.0 1823.0
41 38 36 0.0 0.0 0.0 49511.0 141.0 1181.0 37218.0
41 38 37 0.0 0.0 0.0 29201.0 249.0 507.0 86996.0
41 38 38 0.0 0.0 0.0 16150.0 169.0 225.0 118906.0
41 38 39 0.0 0.0 0.0 11828.0 183.0 134.0 128884.0
41 38 40 0.0 0.0 0.0 10155.0 187.0 116.0 133126.0
41 38 41 0.0 0.0 0.0 11587.0 139.0 131.0 129726.0
41 38 42 0.0 0.0 0.0 15763.0 152.0 206.0 120141.0
41 38 43 0.0 0.0 0.0 28790.0 177.0 501.0 87737.0
41 38 44 0.0 0.0 0.0 49412.0 113.0 1164.0 36946.0
41 38 45 0.0 0.0 0.0 26308.0 33.0 922.0 1995.0
41 38 46 0.0 0.0 0.0 989.0 1.0 38.0 2.0
41 38 47 0.0 0.0 0.0 2.0 0.0 0.0 0.0
41 39 33 0.0 0.0 0.0 3.0 0.0 1.0 0.0
41 39 34 0.0 0.0 0.0 1726.0 8.0 51.0 5.0
41 39 35 0.0 0.0 0.0 34523.0 73.0 1027.0 4274.0
41 39 36 0.0 0.0 0.0 45467.0 166.0 997.0 49456.0
41 39 37 0.0 0.0 0.0 23243.0 197.0 409.0 99977.0
41 39 38 0.0 0.0 0.0 11554.0 182.0 137.0 129898.0
41 39 39 0.0 0.0 0.0 6747.0 147.0 61.0 148653.0
41 39 40 0.0 0.0 0.0 5579.0 112.0 49.0 151154.0
41 39 41 0.0 0.0 0.0 6472.0 140.0 64.0 149423.0
41 39 42 0.0 0.0 0.0 11571.0 150.0 164.0 131258.0
41 39 43 0.0 0.0 0.0 23137.0 182.0 391.0 99507.0
41 39 44 0.0 0.0 0.0 44855.0 135.0 963.0 50073.0
41 39 45 0.0 0.0 0.0 34394.0 49.0 1087.0 4199.0
41 39 46 0.0 0.0 0.0 1846.0 2.0 75.0 3.0
41 39 47 0.0 0.0 0.0 2.0 0.0 0.0 0.0
41 40 33 0.0 0.0 0.0 1.0 0.0 0.0 0.0
41 40 34 0.0 0.0 0.0 2050.0 0.0 83.0 4.0
41 40 35 0.0 0.0 0.0 37279.0 50.0 1166.0 5095.0
41 40 36 0.0 0.0 0.0 43176.0 179.0 895.0 53735.0
41 40 37 0.0 0.0 0.0 21810.0 170.0 358.0 102627.0
41 40 38 0.0 0.0 0.0 10383.0 144.0 106.0 132430.0
41 40 39 0.0 0.0 0.0 5575.0 111.0 46.0 151016.0
41 40 40 0.0 0.0 0.0 4892.0 114.0 48.0 152156.0
41 40 41 0.0 0.0 0.0 5655.0 115.0 58.0 150836.0
41 40 42 0.0 0.0 0.0 10317.0 168.0 115.0 132763.0
41 40 43 0.0 0.0 0.0 21628.0 167.0 345.0 103648.0
41 40 44 0.0 0.0 0.0 43189.0 124.0 874.0 54198.0
41 40 45 0.0 0.0 0.0 37422.0 57.0 1151.0 5242.0
41 40 46 0.0 0.0 0.0 2179.0 1.0 73.0 3.0
41 40 47 0.0 0.0 0.0 4.0 0.0 0.0 0.0
41 41 33 0.0 0.0 0.0 1.0 0.0 0.0 0.0
41 41 34 0.0 0.0 0.0 1790.0 0.0 70.0 3.0
41 41 35 0.0 0.0 0.0 34457.0 89.0 1107.0 4167.0
41 41 36 0.0 0.0 0.0 45236.0 184.0 979.0 49131.0
41 41 37 0.0 0.0 0.0 23322.0 147.0 384.0 100272.0
41 41 38 0.0 0.0 0.0 11649.0 163.0 138.0 130255.0
41 41 39 0.0 0.0 0.0 6464.0 99.0 69.0 148868.0
41 41 40 0.0 0.0 0.0 5829.0 123.0 57.0 150115.0
41 41 41 0.0 0.0 0.0 6771.0 96.0 63.0 148021.0
41 41 42 0.0 0.0 0.0 11785.0 168.0 153.0 130065.0
41 41 43 0.0 0.0 0.0 23694.0 186.0 389.0 99044.0
41 41 44 0.0 0.0 0.0 45206.0 173.0 1050.0 49407.0
41 41 45 0.0 0.0 0.0 34411.0 64.0 1053.0 4135.0
41 41 46 0.0 0.0 0.0 1691.0 4.0 57.0 2.0
41 42 34 0.0 0.0 0.0 817.0 1.0 29.0 0.0
41 42 35 0.0 0.0 0.0 25606.0 40.0 908.0 1829.0
41 42 36 0.0 0.0 0.0 49610.0 152.0 1124.0 36140.0
41 42 37 0.0 0.0 0.0 29461.0 194.0 517.0 86870.0
41 42 38 0.0 0.0 0.0 16371.0 174.0 211.0 118597.0
41 42 39 0.0 0.0 0.0 11434.0 128.0 145.0 129718.0
41 42 40 0.0 0.0 0.0 10465.0 130.0 133.0 133098.0
41 42 41 0.0 0.0 0.0 11768.0 156.0 156.0 129009.0
41 42 42 0.0 0.0 0.0 16665.0 190.0 211.0 117264.0
41 42 43 0.0 0.0 0.0 29278.0 209.0 485.0 86129.0
41 42 44 0.0 0.0 0.0 49769.0 125.0 1194.0 35546.0
41 42 45 0.0 0.0 0.0 25114.0 45.0 862.0 1812.0
41 42 46 0.0 0.0 0.0 897.0 0.0 30.0 1.0
41 43 34 0.0 0.0 0.0 312.0 1.0 13.0 0.0
41 43 35 0.0 0.0 0.0 13181.0 18.0 465.0 397.0
41 43 36 0.0 0.0 0.0 48900.0 78.0 1312.0 17971.0
41 43 37 0.0 0.0 0.0 40424.0 163.0 804.0 60944.0
41 43 38 0.0 0.0 0.0 29222.0 143.0 491.0 87189.0
41 43 39 0.0 0.0 0.0 23438.0 179.0 368.0 99011.0
41 43 40 0.0 0.0 0.0 22230.0 169.0 348.0 102666.0
41 43 41 0.0 0.0 0.0 23676.0 160.0 388.0 98968.0
41 43 42 0.0 0.0 0.0 29186.0 223.0 502.0 86227.0
41 43 43 0.0 0.0 0.0 41596.0 229.0 849.0 57780.0
41 43 44 0.0 0.0 0.0 48175.0 106.0 1315.0 16102.0
41 43 45 0.0 0.0 0.0 12584.0 14.0 510.0 333.0
41 43 46 0.0 0.0 0.0 277.0 0.0 9.0 0.0
41 44 34 0.0 0.0 0.0 47.0 0.0 1.0 0.0
41 44 35 0.0 0.0 0.0 4062.0 2.0 153.0 27.0
41 44 36 0.0 0.0 0.0 27108.0 83.0 945.0 2333.0
41 44 37 0.0 0.0 0.0 48648.0 82.0 1305.0 16884.0
41 44 38 0.0 0.0 0.0 49247.0 122.0 1140.0 37009.0
41 44 39 0.0 0.0 0.0 45047.0 165.0 1008.0 49597.0
41 44 40 0.0 0.0 0.0 43583.0 168.0 1007.0 53185.0
41 44 41 0.0 0.0 0.0 45514.0 149.0 1041.0 48210.0
41 44 42 0.0 0.0 0.0 49716.0 130.0 1169.0 35215.0
41 44 43 0.0 0.0 0.0 48311.0 107.0 1361.0 15577.0
41 44 44 0.0 0.0 0.0 26345.0 25.0 917.0 2094.0
41 44 45 0.0 0.0 0.0 3478.0 2.0 135.0 26.0
41 44 46 0.0 0.0 0.0 35.0 0.0 1.0 0.0
41 45 34 0.0 0.0 0.0 2.0 0.0 0.0 0.0
41 45 35 0.0 0.0 0.0 320.0 2.0 17.0 1.0
41 45 36 0.0 0.0 0.0 3497.0 3.0 134.0 20.0
41 45 37 0.0 0.0 0.0 12810.0 13.0 461.0 371.0
41 45 38 0.0 0.0 0.0 24648.0 30.0 882.0 1652.0
41 45 39 0.0 0.0 0.0 34369.0 40.0 1175.0 4122.0
41 45 40 0.0 0.0 0.0 36940.0 42.0 1191.0 5034.0
41 45 41 0.0 0.0 0.0 34566.0 67.0 1130.0 3966.0
41 45 42 0.0 0.0 0.0 24796.0 21.0 840.0 1679.0
41 45 43 0.0 0.0 0.0 12647.0 34.0 478.0 334.0
41 45 44 0.0 0.0 0.0 3230.0 7.0 129.0 16.0
41 45 45 0.0 0.0 0.0 304.0 0.0 8.0 0.0
41 45 46 0.0 0.0 0.0 4.0 0.0 0.0 0.0
41 46 35 0.0 0.0 0.0 1.0 0.0 0.0 0.0
41 46 36 0.0 0.0 0.0 61.0 0.0 1.0 0.0
41 46 37 0.0 0.0 0.0 229.0 0.0 5.0 0.0
41 46 38 0.0 0.0 0.0 824.0 2.0 42.0 0.0
41 46 39 0.0 0.0 0.0 1653.0 0.0 60.0 5.0
41 46 40 0.0 0.0 0.0 1921.0 0.0 59.0 2.0
41 46 41 0.0 0.0 0.0 1575.0 1.0 63.0 0.0
41 46 42 0.0 0.0 0.0 879.0 0.0 30.0 1.0
41 46 43 0.0 0.0 0.0 272.0 0.0 11.0 0.0
41 46 44 0.0 0.0 0.0 63.0 0.0 2.0 0.0
41 46 45 0.0 0.0 0.0 2.0 0.0 0.0 0.0
41 47 39 0.0 0.0 0.0 1.0 0.0 0.0 0.0
41 47 41 0.0 0.0 0.0 2.0 0.0 0.0 0.0
42 33 38 0.0 0.0 0.0 1.0 0.0 0.0 0.0
42 33 40 0.0 0.0 0.0 2.0 0.0 0.0 0.0
42 34 36 0.0 0.0 0.0 28.0 0.0 1.0 0.0
42 34 37 0.0 0.0 0.0 137.0 0.0 9.0 0.0
42 34 38 0.0 0.0 0.0 483.0 0.0 18.0 0.0
42 34 39 0.0 0.0 0.0 944.0 1.0 40.0 1.0
42 34 40 0.0 0.0 0.0 1030.0 2.0 40.0 0.0
42 34 41 0.0 0.0 0.0 1033.0 0.0 40.0 0.0
42 34 42 0.0 0.0 0.0 531.0 0.0 25.0 0.0
42 34 43 0.0 0.0 0.0 149.0 1.0 3.0 0.0
42 34 44 0.0 0.0 0.0 32.0 0.0 2.0 0.0
42 35 34 0.0 0.0 0.0 2.0 0.0 0.0 0.0
42 35 35 0.0 0.0 0.0 207.0 0.0 8.0 0.0
42 35 36 0.0 0.0 0.0 1985.0 3.0 70.0 11.0
42 35 37 0.0 0.0 0.0 8230.0 8.0 289.0 129.0
42 35 38 0.0 0.0 0.0 17540.0 25.0 601.0 710.0
42 35 39 0.0 0.0 0.0 26175.0 29.0 908.0 1925.0
42 35 40 0.0 0.0 0.0 28723.0 72.0 944.0 2555.0
42 35 41 0.0 0.0 0.0 26256.0 46.0 947.0 1926.0
42 35 42 0.0 0.0 0.0 18296.0 24.0 680.0 802.0
42 35 43 0.0 0.0 0.0 8287.0 7.0 319.0 140.0
42 35 44 0.0 0.0 0.0 2008.0 6.0 96.0 2.0
42 35 45 0.0 0.0 0.0 202.0 0.0 8.0 0.0
42 36 34 0.0 0.0 0.0 11.0 0.0 0.0 0.0
42 36 35 0.0 0.0 0.0 1933.0 2.0 89.0 11.0
42 36 36 0.0 0.0 0.0 18803.0 23.0 672.0 963.0
42 36 37 0.0 0.0 0.0 42751.0 83.0 1242.0 9292.0
42 36 38 0.0 0.0 0.0 50833.0 173.0 1357.0 24771.0
42 36 39 0.0 0.0 0.0 49213.0 175.0 1177.0 36526.0
42 36 40 0.0 0.0 0.0 48017.0 215.0 1112.0 40977.0
42 36 41 0.0 0.0 0.0 49405.0 184.0 1157.0 36975.0
42 36 42 0.0 0.0 0.0 50376.0 105.0 1324.0 26270.0
42 36 43 0.0 0.0 0.0 44301.0 62.0 1334.0 10468.0
42 36 44 0.0 0.0 0.0 20023.0 61.0 699.0 1149.0
42 36 45 0.0 0.0 0.0 2431.0 1.0 97.0 6.0
42 36 46 0.0 0.0 0.0 31.0 0.0 1.0 0.0
42 37 34 0.0 0.0 0.0 146.0 0.0 3.0 0.0
42 37 35 0.0 0.0 0.0 8029.0 4.0 312.0 128.0
42 37 36 0.0 0.0 0.0 42653.0 121.0 1255.0 9091.0
42 37 37 0.0 0.0 0.0 45331.0 158.0 992.0 46828.0
42 37 38 0.0 0.0 0.0 35544.0 223.0 643.0 72567.0
42 37 39 0.0 0.0 0.0 29554.0 243.0 518.0 86972.0
42 37 40 0.0 0.0 0.0 27034.0 247.0 456.0 91653.0
42 37 41 0.0 0.0 0.0 28223.0 208.0 486.0 88568.0
42 37 42 0.0 0.0 0.0 34474.0 161.0 615.0 74933.0
42 37 43 0.0 0.0 0.0 45187.0 153.0 1060.0 47389.0
42 37 44 0.0 0.0 0.0 44211.0 62.0 1305.0 10411.0
42 37 45 0.0 0.0 0.0 9037.0 10.0 346.0 200.0
42 37 46 0.0 0.0 0.0 183.0 0.0 7.0 0.0
42 38 34 0.0 0.0 0.0 504.0 0.0 17.0 1.0
42 38 35 0.0 0.0 0.0 17399.0 37.0 649.0 714.0
42 38 36 0.0 0.0 0.0 50829.0 115.0 1363.0 24945.0
42 38 37 0.0 0.0 0.0 35571.0 172.0 724.0 72889.0
42 38 38 0.0 0.0 0.0 21198.0 193.0 320.0 106738.0
42 38 39 0.0 0.0 0.0 16152.0 195.0 233.0 119368.0
42 38 40 0.0 0.0 0.0 14593.0 194.0 164.0 123470.0
42 38 41 0.0 0.0 0.0 15703.0 198.0 228.0 119900.0
42 38 42 0.0 0.0 0.0 20578.0 175.0 319.0 108487.0
42 38 43 0.0 0.0 0.0 34536.0 165.0 604.0 75196.0
42 38 44 0.0 0.0 0.0 50704.0 92.0 1298.0 26374.0
42 38 45 0.0 0.0 0.0 18662.0 16.0 670.0 810.0
42 38 46 0.0 0.0 0.0 582.0 0.0 17.0 0.0
42 39 34 0.0 0.0 0.0 902.0 0.0 29.0 1.0
42 39 35 0.0 0.0 0.0 25069.0 39.0 848.0 1766.0
42 39 36 0.0 0.0 0.0 49108.0 129.0 1188.0 36854.0
42 39 37 0.0 0.0 0.0 29409.0 213.0 498.0 86339.0
42 39 38 0.0 0.0 0.0 16424.0 200.0 241.0 118339.0
42 39 39 0.0 0.0 0.0 11927.0 165.0 148.0 129616.0
42 39 40 0.0 0.0 0.0 10607.0 160.0 140.0 131607.0
42 39 41 0.0 0.0 0.0 11574.0 183.0 142.0 129968.0
42 39 42 0.0 0.0 0.0 16053.0 172.0 245.0 120011.0
42 39 43 0.0 0.0 0.0 28909.0 208.0 501.0 87485.0
42 39 44 0.0 0.0 0.0 49049.0 138.0 1087.0 37930.0
42 39 45 0.0 0.0 0.0 25976.0 32.0 930.0 1990.0
42 39 46 0.0 0.0 0.0 1023.0 2.0 43.0 1.0
42 40 34 0.0 0.0 0.0 1068.0 0.0 40.0 3.0
42 40 35 0.0 0.0 0.0 28290.0 44.0 980.0 2338.0
42 40 36 0.0 0.0 0.0 48392.0 165.0 1115.0 39625.0
42 40 37 0.0 0.0 0.0 27349.0 179.0 474.0 90963.0
42 40 38 0.0 0.0 0.0 14710.0 161.0 181.0 122618.0
42 40 39 0.0 0.0 0.0 10418.0 157.0 135.0 132592.0
42 40 40 0.0 0.0 0.0 9443.0 167.0 123.0 134393.0
42 40 41 0.0 0.0 0.0 10518.0 152.0 122.0 132220.0
42 40 42 0.0 0.0 0.0 14913.0 163.0 202.0 122670.0
42 40 43 0.0 0.0 0.0 27371.0 170.0 477.0 91083.0
42 40 44 0.0 0.0 0.0 48202.0 111.0 1154.0 41126.0
42 40 45 0.0 0.0 0.0 28979.0 37.0 939.0 2634.0
42 40 46 0.0 0.0 0.0 1121.0 0.0 32.0 1.0
42 41 33 0.0 0.0 0.0 1.0 0.0 0.0 0.0
42 41 34 0.0 0.0 0.0 916.0 0.0 36.0 0.0
42 41 35 0.0 0.0 0.0 25629.0 65.0 874.0 1821.0
42 41 36 0.0 0.0 0.0 49539.0 177.0 1165.0 36112.0
42 41 37 0.0 0.0 0.0 29268.0 185.0 538.0 86874.0
42 41 38 0.0 0.0 0.0 16434.0 154.0 228.0 118293.0
42 41 39 0.0 0.0 0.0 11744.0 146.0 153.0 129038.0
42 41 40 0.0 0.0 0.0 10336.0 163.0 126.0 132179.0
42 41 41 0.0 0.0 0.0 11677.0 173.0 165.0 129898.0
42 41 42 0.0 0.0 0.0 16282.0 158.0 213.0 118242.0
42 41 43 0.0 0.0 0.0 29045.0 186.0 483.0 86805.0
42 41 44 0.0 0.0 0.0 49004.0 174.0 1173.0 37107.0
42 41 45 0.0 0.0 0.0 25567.0 13.0 902.0 1855.0
42 41 46 0.0 0.0 0.0 878.0 1.0 29.0 1.0
42 41 47 0.0 0.0 0.0 1.0 0.0 0.0 0.0
42 42 34 0.0 0.0 0.0 495.0 1.0 21.0 0.0
42 42 35 0.0 0.0 0.0 17595.0 30.0 639.0 730.0
42 42 36 0.0 0.0 0.0 50958.0 83.0 1312.0 24950.0
42 42 37 0.0 0.0 0.0 35323.0 112.0 698.0 72496.0
42 42 38 0.0 0.0 0.0 22073.0 136.0 322.0 104578.0
42 42 39 0.0 0.0 0.0 16084.0 169.0 202.0 118881.0
42 42 40 0.0 0.0 0.0 14923.0 157.0 180.0 122442.0
42 42 41 0.0 0.0 0.0 16224.0 187.0 205.0 118659.0
42 42 42 0.0 0.0 0.0 21708.0 233.0 307.0 104859.0
42 42 43 0.0 0.0 0.0 35995.0 235.0 739.0 72111.0
42 42 44 0.0 0.0 0.0 50608.0 143.0 1348.0 24192.0
42 42 45 0.0 0.0 0.0 17805.0 20.0 640.0 793.0
42 42 46 0.0 0.0 0.0 500.0 0.0 17.0 1.0
42 43 34 0.0 0.0 0.0 141.0 0.0 5.0 0.0
42 43 35 0.0 0.0 0.0 8530.0 10.0 341.0 152.0
42 43 36 0.0 0.0 0.0 43318.0 67.0 1292.0 9512.0
42 43 37 0.0 0.0 0.0 46054.0 254.0 1036.0 44713.0
42 43 38 0.0 0.0 0.0 35709.0 164.0 661.0 72823.0
42 43 39 0.0 0.0 0.0 29258.0 151.0 538.0 86875.0
42 43 40 0.0 0.0 0.0 27270.0 187.0 461.0 91171.0
42 43 41 0.0 0.0 0.0 29262.0 183.0 514.0 86637.0
42 43 42 0.0 0.0 0.0 35599.0 192.0 727.0 72110.0
42 43 43 0.0 0.0 0.0 46440.0 165.0 1038.0 43754.0
42 43 44 0.0 0.0 0.0 42024.0 103.0 1296.0 8330.0
42 43 45 0.0 0.0 0.0 7984.0 8.0 278.0 111.0
42 43 46 0.0 0.0 0.0 170.0 0.0 8.0 0.0
42 44 34 0.0 0.0 0.0 22.0 0.0 0.0 0.0
42 44 35 0.0 0.0 0.0 1944.0 1.0 69.0 6.0
42 44 36 0.0 0.0 0.0 19071.0 27.0 672.0 935.0
42 44 37 0.0 0.0 0.0 42599.0 83.0 1252.0 9037.0
42 44 38 0.0 0.0 0.0 50706.0 137.0 1314.0 24356.0
42 44 39 0.0 0.0 0.0 49523.0 132.0 1172.0 36268.0
42 44 40 0.0 0.0 0.0 48609.0 104.0 1122.0 40899.0
42 44 41 0.0 0.0 0.0 50002.0 149.0 1195.0 35586.0
42 44 42 0.0 0.0 0.0 50670.0 116.0 1324.0 23752.0
42 44 43 0.0 0.0 0.0 41603.0 112.0 1377.0 8195.0
42 44 44 0.0 0.0 0.0 17930.0 29.0 679.0 832.0
42 44 45 0.0 0.0 0.0 1824.0 2.0 95.0 8.0
42 44 46 0.0 0.0 0.0 22.0 0.0 4.0 0.0
42 45 34 0.0 0.0 0.0 2.0 0.0 0.0 0.0
42 45 35 0.0 0.0 0.0 167.0 0.0 5.0 0.0
42 45 36 0.0 0.0 0.0 2052.0 0.0 79.0 6.0
42 45 37 0.0 0.0 0.0 7946.0 18.0 305.0 114.0
42 45 38 0.0 0.0 0.0 17499.0 20.0 608.0 682.0
42 45 39 0.0 0.0 0.0 25570.0 28.0 857.0 1825.0
42 45 40 0.0 0.0 0.0 27438.0 28.0 917.0 2173.0
42 45 41 0.0 0.0 0.0 25102.0 34.0 939.0 1740.0
42 45 42 0.0 0.0 0.0 16464.0 53.0 599.0 700.0
42 45 43 0.0 0.0 0.0 7785.0 10.0 279.0 106.0
42 45 44 0.0 0.0 0.0 1677.0 2.0 58.0 5.0
42 45 45 0.0 0.0 0.0 157.0 3.0 10.0 0.0
42 46 35 0.0 0.0 0.0 1.0 0.0 0.0 0.0
42 46 36 0.0 0.0 0.0 16.0 0.0 0.0 0.0
42 46 37 0.0 0.0 0.0 142.0 0.0 5.0 0.0
42 46 38 0.0 0.0 0.0 475.0 0.0 22.0 2.0
42 46 39 0.0 0.0 0.0 901.0 1.0 33.0 0.0
42 46 40 0.0 0.0 0.0 1139.0 0.0 46.0 2.0
42 46 41 0.0 0.0 0.0 861.0 1.0 34.0 1.0
42 46 42 0.0 0.0 0.0 427.0 0.0 16.0 0.0
42 46 43 0.0 0.0 0.0 107.0 0.0 1.0 0.0
42 46 44 0.0 0.0 0.0 24.0 0.0 0.0 0.0
42 46 45 0.0 0.0 0.0 3.0 0.0 0.0 0.0
42 47 40 0.0 0.0 0.0 1.0 0.0 0.0 0.0
42 47 42 0.0 0.0 0.0 1.0 0.0 0.0 0.0
43 34 36 0.0 0.0 0.0 8.0 0.0 0.0 0.0
43 34 37 0.0 0.0 0.0 36.0 0.0 0.0 0.0
43 34 38 0.0 0.0 0.0 125.0 0.0 4.0 0.0
43 34 39 0.0 0.0 0.0 272.0 1.0 9.0 0.0
43 34 40 0.0 0.0 0.0 363.0 0.0 14.0 0.0
43 34 41 0.0 0.0 0.0 272.0 3.0 7.0 0.0
43 34 42 0.0 0.0 0.0 141.0 0.0 1.0 0.0
43 34 43 0.0 0.0 0.0 48.0 0.0 2.0 0.0
43 34 44 0.0 0.0 0.0 1.0 0.0 0.0 0.0
43 35 35 0.0 0.0 0.0 54.0 0.0 1.0 0.0
43 35 36 0.0 0.0 0.0 694.0 0.0 26.0 0.0
43 35 37 0.0 0.0 0.0 3397.0 3.0 133.0 16.0
43 35 38 0.0 0.0 0.0 7803.0 18.0 308.0 107.0
43 35 39 0.0 0.0 0.0 12825.0 18.0 465.0 371.0
43 35 40 0.0 0.0 0.0 15574.0 20.0 551.0 529.0
43 35 41 0.0 0.0 0.0 13435.0 16.0 529.0 383.0
43 35 42 0.0 0.0 0.0 8044.0 16.0 294.0 125.0
43 35 43 0.0 0.0 0.0 3394.0 2.0 122.0 20.0
43 35 44 0.0 0.0 0.0 849.0 0.0 30.0 2.0
43 35 45 0.0 0.0 0.0 59.0 0.0 1.0 0.0
43 36 34 0.0 0.0 0.0 8.0 0.0 0.0 0.0
43 36 35 0.0 0.0 0.0 716.0 1.0 19.0 1.0
43 36 36 0.0 0.0 0.0 8474.0 6.0 323.0 172.0
43 36 37 0.0 0.0 0.0 27272.0 31.0 929.0 2459.0
43 36 38 0.0 0.0 0.0 42683.0 99.0 1289.0 9119.0
43 36 39 0.0 0.0 0.0 48257.0 170.0 1346.0 16102.0
43 36 40 0.0 0.0 0.0 49663.0 246.0 1307.0 20659.0
43 36 41 0.0 0.0 0.0 48989.0 118.0 1317.0 17553.0
43 36 42 0.0 0.0 0.0 43505.0 91.0 1314.0 9948.0
43 36 43 0.0 0.0 0.0 29210.0 27.0 979.0 2850.0
43 36 44 0.0 0.0 0.0 9223.0 12.0 327.0 174.0
43 36 45 0.0 0.0 0.0 768.0 0.0 26.0 0.0
43 36 46 0.0 0.0 0.0 8.0 0.0 0.0 0.0
43 37 34 0.0 0.0 0.0 40.0 0.0 2.0 0.0
43 37 35 0.0 0.0 0.0 3267.0 3.0 134.0 15.0
43 37 36 0.0 0.0 0.0 27753.0 31.0 953.0 2423.0
43 37 37 0.0 0.0 0.0 49014.0 118.0 1288.0 23278.0
43 37 38 0.0 0.0 0.0 45480.0 153.0 1014.0 46936.0
43 37 39 0.0 0.0 0.0 40538.0 277.0 869.0 59940.0
43 37 40 0.0 0.0 0.0 38747.0 250.0 759.0 64336.0
43 37 41 0.0 0.0 0.0 39813.0 180.0 807.0 61637.0
43 37 42 0.0 0.0 0.0 45666.0 99.0 993.0 46748.0
43 37 43 0.0 0.0 0.0 49242.0 111.0 1296.0 24147.0
43 37 44 0.0 0.0 0.0 28499.0 27.0 988.0 2829.0
43 37 45 0.0 0.0 0.0 3729.0 1.0 153.0 25.0
43 37 46 0.0 0.0 0.0 57.0 0.0 4.0 0.0
43 38 34 0.0 0.0 0.0 161.0 0.0 13.0 0.0
43 38 35 0.0 0.0 0.0 7935.0 4.0 277.0 151.0
43 38 36 0.0 0.0 0.0 42762.0 53.0 1217.0 8969.0
43 38 37 0.0 0.0 0.0 45695.0 174.0 1039.0 46163.0
43 38 38 0.0 0.0 0.0 35154.0 248.0 654.0 73298.0
43 38 39 0.0 0.0 0.0 29388.0 220.0 550.0 86251.0
43 38 40 0.0 0.0 0.0 27460.0 182.0 469.0 90770.0
43 38 41 0.0 0.0 0.0 28728.0 228.0 494.0 87125.0
43 38 42 0.0 0.0 0.0 34820.0 155.0 646.0 74597.0
43 38 43 0.0 0.0 0.0 45218.0 129.0 1041.0 47396.0
43 38 44 0.0 0.0 0.0 43985.0 64.0 1305.0 10116.0
43 38 45 0.0 0.0 0.0 8631.0 6.0 312.0 153.0
43 38 46 0.0 0.0 0.0 139.0 0.0 2.0 0.0
43 39 34 0.0 0.0 0.0 250.0 0.0 10.0 0.0
43 39 35 0.0 0.0 0.0 12652.0 32.0 466.0 370.0
43 39 36 0.0 0.0 0.0 48652.0 144.0 1313.0 16364.0
43 39 37 0.0 0.0 0.0 40625.0 247.0 851.0 59651.0
43 39 38 0.0 0.0 0.0 29440.0 190.0 512.0 86822.0
43 39 39 0.0 0.0 0.0 23659.0 221.0 370.0 98801.0
43 39 40 0.0 0.0 0.0 21976.0 178.0 335.0 102476.0
43 39 41 0.0 0.0 0.0 23549.0 257.0 400.0 98917.0
43 39 42 0.0 0.0 0.0 29871.0 176.0 537.0 86025.0
43 39 43 0.0 0.0 0.0 39312.0 174.0 852.0 62348.0
43 39 44 0.0 0.0 0.0 48378.0 81.0 1245.0 17568.0
43 39 45 0.0 0.0 0.0 13552.0 8.0 459.0 398.0
43 39 46 0.0 0.0 0.0 344.0 0.0 9.0 0.0
43 40 34 0.0 0.0 0.0 347.0 0.0 9.0 0.0
43 40 35 0.0 0.0 0.0 14608.0 36.0 513.0 468.0
43 40 36 0.0 0.0 0.0 49578.0 120.0 1339.0 19608.0
43 40 37 0.0 0.0 0.0 38851.0 166.0 821.0 63921.0
43 40 38 0.0 0.0 0.0 27838.0 187.0 486.0 90149.0
43 40 39 0.0 0.0 0.0 22078.0 243.0 346.0 102416.0
43 40 40 0.0 0.0 0.0 20600.0 217.0 305.0 105659.0
43 40 41 0.0 0.0 0.0 22197.0 206.0 378.0 101957.0
43 40 42 0.0 0.0 0.0 27451.0 191.0 455.0 90955.0
43 40 43 0.0 0.0 0.0 38256.0 193.0 765.0 65283.0
43 40 44 0.0 0.0 0.0 49703.0 99.0 1293.0 20686.0
43 40 45 0.0 0.0 0.0 15467.0 14.0 552.0 561.0
43 40 46 0.0 0.0 0.0 402.0 0.0 9.0 0.0
43 41 34 0.0 0.0 0.0 337.0 0.0 16.0 1.0
43 41 35 0.0 0.0 0.0 13108.0 8.0 480.0 427.0
43 41 36 0.0 0.0 0.0 48756.0 81.0 1412.0 15987.0
43 41 37 0.0 0.0 0.0 40305.0 128.0 844.0 60902.0
43 41 38 0.0 0.0 0.0 29672.0 191.0 550.0 86335.0
43 41 39 0.0 0.0 0.0 23771.0 150.0 394.0 99094.0
43 41 40 0.0 0.0 0.0 21771.0 186.0 320.0 103240.0
43 41 41 0.0 0.0 0.0 23559.0 198.0 374.0 98956.0
43 41 42 0.0 0.0 0.0 29181.0 203.0 549.0 86583.0
43 41 43 0.0 0.0 0.0 40457.0 167.0 872.0 60477.0
43 41 44 0.0 0.0 0.0 48918.0 111.0 1339.0 17849.0
43 41 45 0.0 0.0 0.0 13358.0 5.0 499.0 360.0
43 41 46 0.0 0.0 0.0 282.0 0.0 13.0 0.0
43 42 34 0.0 0.0 0.0 141.0 0.0 8.0 0.0
43 42 35 0.0 0.0 0.0 7905.0 12.0 307.0 123.0
43 42 36 0.0 0.0 0.0 42445.0 54.0 1327.0 8946.0
43 42 37 0.0 0.0 0.0 45708.0 99.0 1084.0 45773.0
43 42 38 0.0 0.0 0.0 35800.0 180.0 728.0 71469.0
43 42 39 0.0 0.0 0.0 29240.0 151.0 543.0 87060.0
43 42 40 0.0 0.0 0.0 27620.0 174.0 488.0 90328.0
43 42 41 0.0 0.0 0.0 29266.0 176.0 498.0 86645.0
43 42 42 0.0 0.0 0.0 35436.0 242.0 705.0 72563.0
43 42 43 0.0 0.0 0.0 45930.0 159.0 1059.0 44977.0
43 42 44 0.0 0.0 0.0 43402.0 48.0 1251.0 9484.0
43 42 45 0.0 0.0 0.0 8162.0 11.0 338.0 121.0
43 42 46 0.0 0.0 0.0 165.0 0.0 8.0 0.0
43 43 34 0.0 0.0 0.0 43.0 0.0 0.0 0.0
43 43 35 0.0 0.0 0.0 3576.0 2.0 136.0 15.0
43 43 36 0.0 0.0 0.0 27278.0 21.0 904.0 2436.0
43 43 37 0.0 0.0 0.0 48985.0 80.0 1315.0 20433.0
43 43 38 0.0 0.0 0.0 46919.0 142.0 1089.0 42873.0
43 43 39 0.0 0.0 0.0 41152.0 96.0 844.0 59407.0
43 43 40 0.0 0.0 0.0 38542.0 116.0 823.0 65059.0
43 43 41 0.0 0.0 0.0 41326.0 246.0 870.0 59019.0
43 43 42 0.0 0.0 0.0 46155.0 226.0 1103.0 44178.0
43 43 43 0.0 0.0 0.0 48957.0 133.0 1276.0 20816.0
43 43 44 0.0 0.0 0.0 25722.0 48.0 852.0 2095.0
43 43 45 0.0 0.0 0.0 2962.0 0.0 111.0 23.0
43 43 46 0.0 0.0 0.0 43.0 0.0 3.0 0.0
43 44 34 0.0 0.0 0.0 7.0 0.0 0.0 0.0
43 44 35 0.0 0.0 0.0 706.0 0.0 28.0 0.0
43 44 36 0.0 0.0 0.0 7974.0 7.0 295.0 128.0
43 44 37 0.0 0.0 0.0 27414.0 21.0 992.0 2439.0
43 44 38 0.0 0.0 0.0 42404.0 45.0 1328.0 8928.0
43 44 39 0.0 0.0 0.0 48292.0 88.0 1311.0 16527.0
43 44 40 0.0 0.0 0.0 49598.0 117.0 1349.0 19982.0
43 44 41 0.0 0.0 0.0 48779.0 83.0 1346.0 16937.0
43 44 42 0.0 0.0 0.0 42381.0 99.0 1261.0 8903.0
43 44 43 0.0 0.0 0.0 26466.0 106.0 919.0 2156.0
43 44 44 0.0 0.0 0.0 7603.0 61.0 271.0 127.0
43 44 45 0.0 0.0 0.0 614.0 1.0 29.0 0.0
43 44 46 0.0 0.0 0.0 12.0 0.0 0.0 0.0
43 45 35 0.0 0.0 0.0 70.0 0.0 1.0 0.0
43 45 36 0.0 0.0 0.0 649.0 0.0 24.0 0.0
43 45 37 0.0 0.0 0.0 3153.0 2.0 116.0 18.0
43 45 38 0.0 0.0 0.0 7781.0 4.0 286.0 108.0
43 45 39 0.0 0.0 0.0 12492.0 12.0 446.0 323.0
43 45 40 0.0 0.0 0.0 15025.0 29.0 549.0 502.0
43 45 41 0.0 0.0 0.0 12376.0 17.0 464.0 333.0
43 45 42 0.0 0.0 0.0 7439.0 14.0 282.0 106.0
43 45 43 0.0 0.0 0.0 3198.0 4.0 153.0 14.0
43 45 44 0.0 0.0 0.0 572.0 0.0 24.0 0.0
43 45 45 0.0 0.0 0.0 37.0 0.0 1.0 0.0
43 46 36 0.0 0.0 0.0 2.0 0.0 0.0 0.0
43 46 37 0.0 0.0 0.0 40.0 0.0 1.0 0.0
43 46 38 0.0 0.0 0.0 166.0 0.0 6.0 0.0
43 46 39 0.0 0.0 0.0 239.0 0.0 6.0 0.0
43 46 40 0.0 0.0 0.0 373.0 0.0 16.0 1.0
43 46 41 0.0 0.0 0.0 285.0 0.0 7.0 0.0
43 46 42 0.0 0.0 0.0 136.0 0.0 5.0 0.0
43 46 43 0.0 0.0 0.0 37.0 0.0 2.0 0.0
43 46 44 0.0 0.0 0.0 1.0 0.0 0.0 0.0
44 34 37 0.0 0.0 0.0 10.0 1.0 1.0 0.0
44 34 38 0.0 0.0 0.0 37.0 0.0 3.0 0.0
44 34 39 0.0 0.0 0.0 61.0 0.0 1.0 0.0
44 34 40 0.0 0.0 0.0 67.0 0.0 3.0 0.0
44 34 41 0.0 0.0 0.0 54.0 0.0 0.0 0.0
44 34 42 0.0 0.0 0.0 29.0 0.0 1.0 0.0
44 34 43 0.0 0.0 0.0 4.0 0.0 1.0 0.0
44 35 35 0.0 0.0 0.0 17.0 0.0 0.0 0.0
44 35 36 0.0 0.0 0.0 125.0 0.0 6.0 0.0
44 35 37 0.0 0.0 0.0 701.0 0.0 25.0 0.0
44 35 38 0.0 0.0 0.0 2044.0 1.0 80.0 11.0
44 35 39 0.0 0.0 0.0 3326.0 3.0 118.0 18.0
44 35 40 0.0 0.0 0.0 4471.0 3.0 170.0 21.0
44 35 41 0.0 0.0 0.0 3701.0 0.0 152.0 15.0
44 35 42 0.0 0.0 0.0 2157.0 5.0 85.0 4.0
44 35 43 0.0 0.0 0.0 868.0 1.0 32.0 1.0
44 35 44 0.0 0.0 0.0 166.0 0.0 7.0 0.0
44 35 45 0.0 0.0 0.0 6.0 0.0 0.0 0.0
44 36 34 0.0 0.0 0.0 3.0 0.0 0.0 0.0
44 36 35 0.0 0.0 0.0 138.0 0.0 6.0 0.0
44 36 36 0.0 0.0 0.0 2357.0 8.0 84.0 7.0
44 36 37 0.0 0.0 0.0 8696.0 13.0 334.0 181.0
44 36 38 0.0 0.0 0.0 19950.0 20.0 685.0 1101.0
44 36 39 0.0 0.0 0.0 26991.0 72.0 944.0 2296.0
44 36 40 0.0 0.0 0.0 30280.0 47.0 998.0 3277.0
44 36 41 0.0 0.0 0.0 27606.0 33.0 979.0 2501.0
44 36 42 0.0 0.0 0.0 19845.0 12.0 722.0 1026.0
44 36 43 0.0 0.0 0.0 9395.0 8.0 351.0 176.0
44 36 44 0.0 0.0 0.0 2283.0 3.0 97.0 10.0
44 36 45 0.0 0.0 0.0 170.0 0.0 11.0 0.0
44 36 46 0.0 0.0 0.0 2.0 0.0 0.0 0.0
44 37 34 0.0 0.0 0.0 14.0 0.0 0.0 0.0
44 37 35 0.0 0.0 0.0 654.0 1.0 32.0 1.0
44 37 36 0.0 0.0 0.0 8811.0 12.0 307.0 163.0
44 37 37 0.0 0.0 0.0 27626.0 35.0 990.0 2557.0
44 37 38 0.0 0.0 0.0 43487.0 128.0 1286.0 9676.0
44 37 39 0.0 0.0 0.0 49021.0 121.0 1301.0 17030.0
44 37 40 0.0 0.0 0.0 49754.0 131.0 1356.0 20057.0
44 37 41 0.0 0.0 0.0 48533.0 99.0 1340.0 17154.0
44 37 42 0.0 0.0 0.0 43373.0 55.0 1273.0 9886.0
44 37 43 0.0 0.0 0.0 28292.0 53.0 948.0 2615.0
44 37 44 0.0 0.0 0.0 9213.0 4.0 356.0 203.0
44 37 45 0.0 0.0 0.0 851.0 0.0 22.0 0.0
44 37 46 0.0 0.0 0.0 4.0 0.0 0.0 0.0
44 38 34 0.0 0.0 0.0 18.0 0.0 0.0 0.0
44 38 35 0.0 0.0 0.0 2046.0 0.0 72.0 12.0
44 38 36 0.0 0.0 0.0 18436.0 24.0 667.0 898.0
44 38 37 0.0 0.0 0.0 42953.0 146.0 1312.0 9571.0
44 38 38 0.0 0.0 0.0 50730.0 150.0 1344.0 24268.0
44 38 39 0.0 0.0 0.0 49399.0 167.0 1235.0 36762.0
44 38 40 0.0 0.0 0.0 48116.0 191.0 1123.0 40830.0
44 38 41 0.0 0.0 0.0 49285.0 156.0 1154.0 36571.0
44 38 42 0.0 0.0 0.0 50840.0 137.0 1304.0 24804.0
44 38 43 0.0 0.0 0.0 43801.0 70.0 1293.0 10063.0
44 38 44 0.0 0.0 0.0 20080.0 18.0 745.0 1045.0
44 38 45 0.0 0.0 0.0 2084.0 2.0 87.0 10.0
44 38 46 0.0 0.0 0.0 22.0 0.0 0.0 0.0
44 39 34 0.0 0.0 0.0 57.0 0.0 2.0 0.0
44 39 35 0.0 0.0 0.0 3541.0 5.0 122.0 18.0
44 39 36 0.0 0.0 0.0 27237.0 57.0 949.0 2374.0
44 39 37 0.0 0.0 0.0 48379.0 104.0 1373.0 16919.0
44 39 38 0.0 0.0 0.0 49493.0 192.0 1143.0 35906.0
44 39 39 0.0 0.0 0.0 45562.0 163.0 974.0 49025.0
44 39 40 0.0 0.0 0.0 43247.0 187.0 928.0 53744.0
44 39 41 0.0 0.0 0.0 45359.0 188.0 1002.0 48955.0
44 39 42 0.0 0.0 0.0 49340.0 133.0 1245.0 37189.0
44 39 43 0.0 0.0 0.0 49105.0 106.0 1314.0 17796.0
44 39 44 0.0 0.0 0.0 29065.0 38.0 927.0 2802.0
44 39 45 0.0 0.0 0.0 3846.0 21.0 141.0 29.0
44 39 46 0.0 0.0 0.0 54.0 0.0 1.0 0.0
44 40 34 0.0 0.0 0.0 62.0 0.0 3.0 0.0
44 40 35 0.0 0.0 0.0 4352.0 3.0 171.0 23.0
44 40 36 0.0 0.0 0.0 29538.0 79.0 1015.0 2930.0
44 40 37 0.0 0.0 0.0 49217.0 87.0 1353.0 19291.0
44 40 38 0.0 0.0 0.0 48730.0 139.0 1137.0 40079.0
44 40 39 0.0 0.0 0.0 43701.0 157.0 973.0 53041.0
44 40 40 0.0 0.0 0.0 41961.0 167.0 879.0 57215.0
44 40 41 0.0 0.0 0.0 43748.0 159.0 946.0 52597.0
44 40 42 0.0 0.0 0.0 48715.0 173.0 1155.0 39749.0
44 40 43 0.0 0.0 0.0 49932.0 145.0 1395.0 20042.0
44 40 44 0.0 0.0 0.0 30550.0 43.0 1017.0 3177.0
44 40 45 0.0 0.0 0.0 4498.0 0.0 150.0 22.0
44 40 46 0.0 0.0 0.0 55.0 0.0 3.0 0.0
44 41 34 0.0 0.0 0.0 42.0 0.0 1.0 0.0
44 41 35 0.0 0.0 0.0 3526.0 3.0 134.0 14.0
44 41 36 0.0 0.0 0.0 27388.0 26.0 934.0 2387.0
44 41 37 0.0 0.0 0.0 48318.0 77.0 1328.0 16148.0
44 41 38 0.0 0.0 0.0 49612.0 86.0 1175.0 36456.0
44 41 39 0.0 0.0 0.0 45773.0 196.0 1035.0 48840.0
44 41 40 0.0 0.0 0.0 43519.0 136.0 931.0 53620.0
44 41 41 0.0 0.0 0.0 45674.0 155.0 1036.0 48608.0
44 41 42 0.0 0.0 0.0 49121.0 123.0 1222.0 36252.0
44 41 43 0.0 0.0 0.0 48732.0 88.0 1383.0 16667.0
44 41 44 0.0 0.0 0.0 27130.0 48.0 931.0 2283.0
44 41 45 0.0 0.0 0.0 3903.0 4.0 125.0 38.0
44 41 46 0.0 0.0 0.0 52.0 0.0 1.0 0.0
44 42 34 0.0 0.0 0.0 17.0 0.0 1.0 0.0
44 42 35 0.0 0.0 0.0 2077.0 5.0 79.0 7.0
44 42 36 0.0 0.0 0.0 18542.0 14.0 694.0 934.0
44 42 37 0.0 0.0 0.0 43568.0 93.0 1324.0 9727.0
44 42 38 0.0 0.0 0.0 50450.0 112.0 1308.0 24847.0
44 42 39 0.0 0.0 0.0 49720.0 113.0 1229.0 36393.0
44 42 40 0.0 0.0 0.0 48237.0 124.0 1085.0 40935.0
44 42 41 0.0 0.0 0.0 49125.0 138.0 1185.0 36232.0
44 42 42 0.0 0.0 0.0 50525.0 147.0 1307.0 24695.0
44 42 43 0.0 0.0 0.0 42075.0 93.0 1307.0 8399.0
44 42 44 0.0 0.0 0.0 18747.0 35.0 690.0 995.0
44 42 45 0.0 0.0 0.0 2218.0 3.0 80.0 4.0
44 42 46 0.0 0.0 0.0 48.0 0.0 2.0 0.0
44 43 34 0.0 0.0 0.0 5.0 0.0 0.0 0.0
44 43 35 0.0 0.0 0.0 704.0 0.0 37.0 0.0
44 43 36 0.0 0.0 0.0 8113.0 2.0 309.0 127.0
44 43 37 0.0 0.0 0.0 25157.0 74.0 872.0 1807.0
44 43 38 0.0 0.0 0.0 42564.0 56.0 1265.0 8947.0
44 43 39 0.0 0.0 0.0 48206.0 145.0 1369.0 15723.0
44 43 40 0.0 0.0 0.0 49487.0 77.0 1335.0 19125.0
44 43 41 0.0 0.0 0.0 48427.0 162.0 1285.0 16515.0
44 43 42 0.0 0.0 0.0 42061.0 60.0 1327.0 8717.0
44 43 43 0.0 0.0 0.0 26858.0 75.0 933.0 2158.0
44 43 44 0.0 0.0 0.0 8660.0 8.0 331.0 172.0
44 43 45 0.0 0.0 0.0 705.0 0.0 36.0 0.0
44 43 46 0.0 0.0 0.0 1.0 0.0 0.0 0.0
44 44 34 0.0 0.0 0.0 1.0 0.0 0.0 0.0
44 44 35 0.0 0.0 0.0 167.0 0.0 3.0 0.0
44 44 36 0.0 0.0 0.0 1843.0 0.0 68.0 6.0
44 44 37 0.0 0.0 0.0 7657.0 10.0 300.0 118.0
44 44 38 0.0 0.0 0.0 17627.0 11.0 621.0 834.0
44 44 39 0.0 0.0 0.0 26002.0 26.0 904.0 2110.0
44 44 40 0.0 0.0 0.0 29467.0 42.0 973.0 2875.0
44 44 41 0.0 0.0 0.0 25994.0 42.0 928.0 2087.0
44 44 42 0.0 0.0 0.0 18511.0 64.0 697.0 842.0
44 44 43 0.0 0.0 0.0 8588.0 40.0 302.0 166.0
44 44 44 0.0 0.0 0.0 1963.0 1.0 86.0 7.0
44 44 45 0.0 0.0 0.0 111.0 0.0 6.0 0.0
44 45 35 0.0 0.0 0.0 14.0 0.0 1.0 0.0
44 45 36 0.0 0.0 0.0 114.0 0.0 3.0 0.0
44 45 37 0.0 0.0 0.0 647.0 0.0 16.0 0.0
44 45 38 0.0 0.0 0.0 2080.0 0.0 85.0 7.0
44 45 39 0.0 0.0 0.0 3494.0 8.0 136.0 28.0
44 45 40 0.0 0.0 0.0 3960.0 7.0 165.0 22.0
44 45 41 0.0 0.0 0.0 3217.0 6.0 117.0 14.0
44 45 42 0.0 0.0 0.0 1997.0 2.0 75.0 7.0
44 45 43 0.0 0.0 0.0 769.0 2.0 31.0 0.0
44 45 44 0.0 0.0 0.0 162.0 0.0 5.0 0.0
44 45 45 0.0 0.0 0.0 4.0 0.0 0.0 0.0
44 46 36 0.0 0.0 0.0 3.0 0.0 0.0 0.0
44 46 37 0.0 0.0 0.0 12.0 0.0 1.0 0.0
44 46 38 0.0 0.0 0.0 16.0 0.0 0.0 0.0
44 46 39 0.0 0.0 0.0 43.0 0.0 0.0 0.0
44 46 40 0.0 0.0 0.0 66.0 0.0 2.0 0.0
44 46 41 0.0 0.0 0.0 48.0 0.0 3.0 0.0
44 46 42 0.0 0.0 0.0 26.0 1.0 0.0 0.0
44 46 43 0.0 0.0 0.0 2.0 0.0 0.0 0.0
44 46 44 0.0 0.0 0.0 1.0 0.0 0.0 0.0
45 34 39 0.0 0.0 0.0 1.0 0.0 0.0 0.0
45 34 40 0.0 0.0 0.0 2.0 0.0 0.0 0.0
45 34 41 0.0 0.0 0.0 4.0 0.0 0.0 0.0
45 35 36 0.0 0.0 0.0 8.0 0.0 0.0 0.0
45 35 37 0.0 0.0 0.0 67.0 0.0 6.0 0.0
45 35 38 0.0 0.0 0.0 161.0 0.0 7.0 0.0
45 35 39 0.0 0.0 0.0 284.0 1.0 14.0 0.0
45 35 40 0.0 0.0 0.0 427.0 0.0 17.0 0.0
45 35 41 0.0 0.0 0.0 409.0 0.0 20.0 0.0
45 35 42 0.0 0.0 0.0 175.0 0.0 5.0 0.0
45 35 43 0.0 0.0 0.0 75.0 0.0 2.0 0.0
45 35 44 0.0 0.0 0.0 8.0 0.0 0.0 0.0
45 36 35 0.0 0.0 0.0 6.0 0.0 0.0 0.0
45 36 36 0.0 0.0 0.0 138.0 0.0 3.0 0.0
45 36 37 0.0 0.0 0.0 737.0 0.0 35.0 0.0
45 36 38 0.0 0.0 0.0 2093.0 1.0 86.0 10.0
45 36 39 0.0 0.0 0.0 3592.0 13.0 141.0 12.0
45 36 40 0.0 0.0 0.0 4360.0 2.0 165.0 28.0
45 36 41 0.0 0.0 0.0 3592.0 8.0 143.0 20.0
45 36 42 0.0 0.0 0.0 2133.0 0.0 71.0 5.0
45 36 43 0.0 0.0 0.0 840.0 0.0 30.0 2.0
45 36 44 0.0 0.0 0.0 154.0 0.0 8.0 1.0
45 36 45 0.0 0.0 0.0 3.0 0.0 0.0 0.0
45 37 35 0.0 0.0 0.0 54.0 0.0 3.0 0.0
45 37 36 0.0 0.0 0.0 767.0 1.0 43.0 1.0
45 37 37 0.0 0.0 0.0 3251.0 5.0 134.0 19.0
45 37 38 0.0 0.0 0.0 7853.0 22.0 295.0 104.0
45 37 39 0.0 0.0 0.0 12928.0 18.0 503.0 342.0
45 37 40 0.0 0.0 0.0 14531.0 31.0 541.0 478.0
45 37 41 0.0 0.0 0.0 12590.0 5.0 441.0 363.0
45 37 42 0.0 0.0 0.0 8236.0 7.0 345.0 123.0
45 37 43 0.0 0.0 0.0 3429.0 2.0 121.0 19.0
45 37 44 0.0 0.0 0.0 812.0 1.0 39.0 2.0
45 37 45 0.0 0.0 0.0 48.0 0.0 1.0 0.0
45 38 35 0.0 0.0 0.0 155.0 0.0 4.0 0.0
45 38 36 0.0 0.0 0.0 2040.0 5.0 82.0 5.0
45 38 37 0.0 0.0 0.0 8335.0 11.0 338.0 138.0
45 38 38 0.0 0.0 0.0 17566.0 36.0 654.0 740.0
45 38 39 0.0 0.0 0.0 26436.0 29.0 903.0 1978.0
45 38 40 0.0 0.0 0.0 28477.0 38.0 964.0 2408.0
45 38 41 0.0 0.0 0.0 25777.0 46.0 886.0 1845.0
45 38 42 0.0 0.0 0.0 18192.0 32.0 653.0 818.0
45 38 43 0.0 0.0 0.0 8127.0 11.0 322.0 134.0
45 38 44 0.0 0.0 0.0 2237.0 0.0 71.0 6.0
45 38 45 0.0 0.0 0.0 197.0 0.0 2.0 0.0
45 38 46 0.0 0.0 0.0 1.0 0.0 0.0 0.0
45 39 34 0.0 0.0 0.0 1.0 0.0 0.0 0.0
45 39 35 0.0 0.0 0.0 300.0 0.0 17.0 0.0
45 39 36 0.0 0.0 0.0 3385.0 10.0 114.0 23.0
45 39 37 0.0 0.0 0.0 12852.0 7.0 486.0 358.0
45 39 38 0.0 0.0 0.0 25551.0 38.0 931.0 1735.0
45 39 39 0.0 0.0 0.0 33948.0 66.0 1069.0 3865.0
45 39 40 0.0 0.0 0.0 37201.0 56.0 1232.0 4940.0
45 39 41 0.0 0.0 0.0 35043.0 73.0 1169.0 4145.0
45 39 42 0.0 0.0 0.0 26341.0 35.0 940.0 1939.0
45 39 43 0.0 0.0 0.0 12889.0 13.0 475.0 361.0
45 39 44 0.0 0.0 0.0 3663.0 3.0 132.0 25.0
45 39 45 0.0 0.0 0.0 457.0 0.0 12.0 0.0
45 39 46 0.0 0.0 0.0 6.0 0.0 0.0 0.0
45 40 34 0.0 0.0 0.0 1.0 0.0 0.0 0.0
45 40 35 0.0 0.0 0.0 422.0 0.0 11.0 0.0
45 40 36 0.0 0.0 0.0 4343.0 10.0 170.0 36.0
45 40 37 0.0 0.0 0.0 14633.0 10.0 532.0 520.0
45 40 38 0.0 0.0 0.0 27812.0 39.0 951.0 2226.0
45 40 39 0.0 0.0 0.0 37184.0 51.0 1211.0 5014.0
45 40 40 0.0 0.0 0.0 39140.0 75.0 1243.0 6122.0
45 40 41 0.0 0.0 0.0 36771.0 82.0 1155.0 5087.0
45 40 42 0.0 0.0 0.0 28457.0 34.0 986.0 2381.0
45 40 43 0.0 0.0 0.0 14769.0 38.0 528.0 557.0
45 40 44 0.0 0.0 0.0 4678.0 5.0 195.0 39.0
45 40 45 0.0 0.0 0.0 461.0 0.0 16.0 0.0
45 40 46 0.0 0.0 0.0 4.0 0.0 0.0 0.0
45 41 34 0.0 0.0 0.0 2.0 0.0 0.0 0.0
45 41 35 0.0 0.0 0.0 288.0 0.0 11.0 0.0
45 41 36 0.0 0.0 0.0 3492.0 7.0 134.0 17.0
45 41 37 0.0 0.0 0.0 12877.0 14.0 447.0 356.0
45 41 38 0.0 0.0 0.0 25039.0 45.0 878.0 1721.0
45 41 39 0.0 0.0 0.0 34055.0 54.0 1103.0 3952.0
45 41 40 0.0 0.0 0.0 36479.0 52.0 1152.0 5052.0
45 41 41 0.0 0.0 0.0 34516.0 57.0 1100.0 4005.0
45 41 42 0.0 0.0 0.0 25258.0 37.0 867.0 1831.0
45 41 43 0.0 0.0 0.0 12495.0 15.0 437.0 313.0
45 41 44 0.0 0.0 0.0 3683.0 12.0 147.0 19.0
45 41 45 0.0 0.0 0.0 358.0 0.0 9.0 0.0
45 41 46 0.0 0.0 0.0 1.0 0.0 0.0 0.0
45 42 35 0.0 0.0 0.0 181.0 0.0 8.0 0.0
45 42 36 0.0 0.0 0.0 1890.0 2.0 73.0 6.0
45 42 37 0.0 0.0 0.0 8051.0 4.0 302.0 110.0
45 42 38 0.0 0.0 0.0 17080.0 35.0 630.0 692.0
45 42 39 0.0 0.0 0.0 24956.0 30.0 847.0 1653.0
45 42 40 0.0 0.0 0.0 27963.0 34.0 1027.0 2255.0
45 42 41 0.0 0.0 0.0 25363.0 52.0 902.0 1782.0
45 42 42 0.0 0.0 0.0 17324.0 19.0 552.0 690.0
45 42 43 0.0 0.0 0.0 7760.0 12.0 272.0 117.0
45 42 44 0.0 0.0 0.0 1960.0 2.0 78.0 5.0
45 42 45 0.0 0.0 0.0 165.0 0.0 10.0 0.0
45 42 46 0.0 0.0 0.0 3.0 0.0 0.0 0.0
45 43 35 0.0 0.0 0.0 33.0 0.0 3.0 0.0
45 43 36 0.0 0.0 0.0 654.0 0.0 24.0 3.0
45 43 37 0.0 0.0 0.0 3447.0 4.0 140.0 14.0
45 43 38 0.0 0.0 0.0 7834.0 3.0 318.0 115.0
45 43 39 0.0 0.0 0.0 12569.0 16.0 468.0 306.0
45 43 40 0.0 0.0 0.0 14433.0 23.0 536.0 505.0
45 43 41 0.0 0.0 0.0 12990.0 14.0 472.0 352.0
45 43 42 0.0 0.0 0.0 8271.0 9.0 340.0 131.0
45 43 43 0.0 0.0 0.0 3171.0 1.0 125.0 25.0
45 43 44 0.0 0.0 0.0 636.0 3.0 24.0 0.0
45 43 45 0.0 0.0 0.0 76.0 0.0 4.0 0.0
45 44 35 0.0 0.0 0.0 6.0 0.0 1.0 0.0
45 44 36 0.0 0.0 0.0 114.0 0.0 4.0 0.0
45 44 37 0.0 0.0 0.0 748.0 2.0 32.0 2.0
45 44 38 0.0 0.0 0.0 1861.0 0.0 72.0 5.0
45 44 39 0.0 0.0 0.0 3326.0 4.0 135.0 19.0
45 44 40 0.0 0.0 0.0 3875.0 7.0 143.0 22.0
45 44 41 0.0 0.0 0.0 3224.0 2.0 128.0 15.0
45 44 42 0.0 0.0 0.0 1867.0 1.0 73.0 7.0
45 44 43 0.0 0.0 0.0 614.0 1.0 16.0 1.0
45 44 44 0.0 0.0 0.0 132.0 0.0 5.0 0.0
45 44 45 0.0 0.0 0.0 6.0 0.0 0.0 0.0
45 45 36 0.0 0.0 0.0 3.0 0.0 0.0 0.0
45 45 37 0.0 0.0 0.0 53.0 0.0 0.0 0.0
45 45 38 0.0 0.0 0.0 154.0 0.0 4.0 0.0
45 45 39 0.0 0.0 0.0 330.0 0.0 23.0 1.0
45 45 40 0.0 0.0 0.0 444.0 2.0 22.0 0.0
45 45 41 0.0 0.0 0.0 303.0 0.0 6.0 0.0
45 45 42 0.0 0.0 0.0 165.0 0.0 7.0 0.0
45 45 43 0.0 0.0 0.0 45.0 0.0 3.0 0.0
45 45 44 0.0 0.0 0.0 5.0 0.0 0.0 0.0
45 46 38 0.0 0.0 0.0 3.0 0.0 1.0 0.0
45 46 39 0.0 0.0 0.0 2.0 0.0 0.0 0.0
45 46 41 0.0 0.0 0.0 2.0 0.0 0.0 0.0
45 46 43 0.0 0.0 0.0 1.0 0.0 0.0 0.0
46 35 38 0.0 0.0 0.0 2.0 0.0 0.0 0.0
46 35 39 0.0 0.0 0.0 5.0 0.0 0.0 0.0
46 35 40 0.0 0.0 0.0 4.0 0.0 0.0 0.0
46 35 41 0.0 0.0 0.0 1.0 0.0 0.0 0.0
46 35 42 0.0 0.0 0.0 3.0 0.0 0.0 0.0
46 35 43 0.0 0.0 0.0 1.0 0.0 0.0 0.0
46 36 37 0.0 0.0 0.0 5.0 0.0 0.0 0.0
46 36 38 0.0 0.0 0.0 17.0 0.0 1.0 0.0
46 36 39 0.0 0.0 0.0 31.0 0.0 0.0 0.0
46 36 40 0.0 0.0 0.0 57.0 0.0 2.0 0.0
46 36 41 0.0 0.0 0.0 42.0 0.0 1.0 0.0
46 36 42 0.0 0.0 0.0 19.0 0.0 1.0 0.0
46 36 43 0.0 0.0 0.0 5.0 0.0 0.0 0.0
46 37 36 0.0 0.0 0.0 4.0 0.0 0.0 0.0
46 37 37 0.0 0.0 0.0 32.0 0.0 1.0 0.0
46 37 38 0.0 0.0 0.0 139.0 0.0 6.0 0.0
46 37 39 0.0 0.0 0.0 274.0 0.0 8.0 0.0
46 37 40 0.0 0.0 0.0 348.0 1.0 8.0 0.0
46 37 41 0.0 0.0 0.0 315.0 0.0 14.0 1.0
46 37 42 0.0 0.0 0.0 170.0 0.0 5.0 0.0
46 37 43 0.0 0.0 0.0 49.0 0.0 3.0 0.0
46 37 44 0.0 0.0 0.0 9.0 0.0 0.0 0.0
46 38 36 0.0 0.0 0.0 12.0 0.0 0.0 0.0
46 38 37 0.0 0.0 0.0 153.0 3.0 1.0 0.0
46 38 38 0.0 0.0 0.0 465.0 0.0 22.0 0.0
46 38 39 0.0 0.0 0.0 980.0 2.0 45.0 0.0
46 38 40 0.0 0.0 0.0 1123.0 0.0 39.0 1.0
46 38 41 0.0 0.0 0.0 823.0 1.0 23.0 1.0
46 38 42 0.0 0.0 0.0 455.0 0.0 22.0 0.0
46 38 43 0.0 0.0 0.0 149.0 0.0 7.0 0.0
46 38 44 0.0 0.0 0.0 30.0 0.0 0.0 0.0
46 38 45 0.0 0.0 0.0 2.0 0.0 0.0 0.0
46 39 35 0.0 0.0 0.0 3.0 0.0 1.0 0.0
46 39 36 0.0 0.0 0.0 37.0 0.0 2.0 0.0
46 39 37 0.0 0.0 0.0 251.0 0.0 7.0 0.0
46 39 38 0.0 0.0 0.0 842.0 0.0 26.0 2.0
46 39 39 0.0 0.0 0.0 1631.0 3.0 58.0 5.0
46 39 40 0.0 0.0 0.0 2008.0 6.0 65.0 3.0
46 39 41 0.0 0.0 0.0 1584.0 1.0 56.0 3.0
46 39 42 0.0 0.0 0.0 925.0 1.0 35.0 3.0
46 39 43 0.0 0.0 0.0 326.0 0.0 8.0 0.0
46 39 44 0.0 0.0 0.0 43.0 0.0 1.0 0.0
46 39 45 0.0 0.0 0.0 2.0 0.0 0.0 0.0
46 40 35 0.0 0.0 0.0 2.0 0.0 0.0 0.0
46 40 36 0.0 0.0 0.0 53.0 0.0 2.0 0.0
46 40 37 0.0 0.0 0.0 343.0 0.0 14.0 0.0
46 40 38 0.0 0.0 0.0 1034.0 0.0 41.0 0.0
46 40 39 0.0 0.0 0.0 1973.0 4.0 79.0 5.0
46 40 40 0.0 0.0 0.0 2399.0 0.0 96.0 3.0
46 40 41 0.0 0.0 0.0 1859.0 4.0 76.0 3.0
46 40 42 0.0 0.0 0.0 1148.0 0.0 42.0 4.0
46 40 43 0.0 0.0 0.0 340.0 0.0 10.0 0.0
46 40 44 0.0 0.0 0.0 82.0 0.0 1.0 0.0
46 40 45 0.0 0.0 0.0 7.0 0.0 0.0 0.0
46 41 35 0.0 0.0 0.0 2.0 0.0 0.0 0.0
46 41 36 0.0 0.0 0.0 39.0 0.0 2.0 0.0
46 41 37 0.0 0.0 0.0 313.0 0.0 7.0 0.0
46 41 38 0.0 0.0 0.0 793.0 0.0 35.0 1.0
46 41 39 0.0 0.0 0.0 1677.0 0.0 57.0 5.0
46 41 40 0.0 0.0 0.0 1991.0 0.0 75.0 3.0
46 41 41 0.0 0.0 0.0 1698.0 2.0 76.0 2.0
46 41 42 0.0 0.0 0.0 893.0 0.0 39.0 1.0
46 41 43 0.0 0.0 0.0 318.0 2.0 10.0 0.0
46 41 44 0.0 0.0 0.0 47.0 0.0 1.0 0.0
46 41 45 0.0 0.0 0.0 2.0 0.0 0.0 0.0
46 42 35 0.0 0.0 0.0 2.0 0.0 0.0 0.0
46 42 36 0.0 0.0 0.0 21.0 0.0 3.0 0.0
46 42 37 0.0 0.0 0.0 116.0 0.0 4.0 0.0
46 42 38 0.0 0.0 0.0 454.0 1.0 18.0 0.0
46 42 39 0.0 0.0 0.0 896.0 0.0 40.0 0.0
46 42 40 0.0 0.0 0.0 1039.0 1.0 27.0 1.0
46 42 41 0.0 0.0 0.0 825.0 0.0 26.0 2.0
46 42 42 0.0 0.0 0.0 519.0 0.0 20.0 1.0
46 42 43 0.0 0.0 0.0 153.0 0.0 1.0 0.0
46 42 44 0.0 0.0 0.0 14.0 0.0 1.0 0.0
46 42 45 0.0 0.0 0.0 3.0 0.0 0.0 0.0
46 43 36 0.0 0.0 0.0 6.0 0.0 0.0 0.0
46 43 37 0.0 0.0 0.0 41.0 0.0 3.0 0.0
46 43 38 0.0 0.0 0.0 128.0 0.0 5.0 0.0
46 43 39 0.0 0.0 0.0 274.0 0.0 6.0 0.0
46 43 40 0.0 0.0 0.0 292.0 0.0 8.0 0.0
46 43 41 0.0 0.0 0.0 266.0 0.0 8.0 0.0
46 43 42 0.0 0.0 0.0 157.0 0.0 5.0 0.0
46 43 43 0.0 0.0 0.0 53.0 0.0 3.0 0.0
46 43 44 0.0 0.0 0.0 5.0 0.0 0.0 0.0
46 44 36 0.0 0.0 0.0 1.0 0.0 0.0 0.0
46 44 37 0.0 0.0 0.0 5.0 0.0 0.0 0.0
46 44 38 0.0 0.0 0.0 33.0 0.0 0.0 0.0
46 44 39 0.0 0.0 0.0 51.0 0.0 3.0 0.0
46 44 40 0.0 0.0 0.0 52.0 0.0 4.0 0.0
46 44 41 0.0 0.0 0.0 38.0 0.0 0.0 0.0
46 44 42 0.0 0.0 0.0 23.0 0.0 1.0 0.0
46 44 43 0.0 0.0 0.0 2.0 0.0 0.0 0.0
46 45 37 0.0 0.0 0.0 1.0 0.0 0.0 0.0
46 45 38 0.0 0.0 0.0 3.0 0.0 0.0 0.0
46 45 39 0.0 0.0 0.0 3.0 0.0 0.0 0.0
46 45 41 0.0 0.0 0.0 1.0 0.0 0.0 0.0
46 45 42 0.0 0.0 0.0 1.0 0.0 0.0 0.0
47 37 39 0.0 0.0 0.0 1.0 0.0 0.0 0.0
47 37 41 0.0 0.0 0.0 2.0 0.0 0.0 0.0
47 38 39 0.0 0.0 0.0 2.0 0.0 0.0 0.0
47 39 42 0.0 0.0 0.0 1.0 0.0 0.0 0.0
47 40 38 0.0 0.0 0.0 1.0 0.0 0.0 0.0
47 40 40 0.0 0.0 0.0 3.0 0.0 0.0 0.0
47 40 41 0.0 0.0 0.0 1.0 0.0 0.0 0.0
47 41 42 0.0 0.0 0.0 1.0 0.0 0.0 0.0
47 42 39 0.0 0.0 0.0 2.0 0.0 0.0 0.0
47 42 40 0.0 0.0 0.0 1.0 0.0 0.0 0.0
