39 39 39 0.0 0.0 0.0 127.0 14.0 10.0 0.0
39 39 40 0.0 0.0 0.0 99.0 8.0 3.0 0.0
39 39 41 0.0 0.0 0.0 82.0 4.0 4.0 0.0
39 40 39 0.0 0.0 0.0 89.0 3.0 4.0 0.0
39 40 40 0.0 0.0 0.0 178.0 12.0 8.0 0.0
39 40 41 0.0 0.0 0.0 58.0 15.0 4.0 0.0
39 41 39 0.0 0.0 0.0 81.0 4.0 2.0 0.0
39 41 40 0.0 0.0 0.0 74.0 9.0 3.0 0.0
39 41 41 0.0 0.0 0.0 42.0 2.0 2.0 0.0
40 39 39 0.0 0.0 0.0 122.0 8.0 6.0 0.0
40 39 40 0.0 0.0 0.0 117.0 18.0 6.0 0.0
40 39 41 0.0 0.0 0.0 142.0 17.0 3.0 0.0
40 40 39 0.0 0.0 0.0 143.0 21.0 4.0 0.0
40 40 40 0.0 0.0 0.0 17719.0 2172.0 712.0 1650.0
40 40 41 0.0 0.0 0.0 208.0 14.0 7.0 0.0
40 41 39 0.0 0.0 0.0 116.0 1.0 5.0 0.0
40 41 40 0.0 0.0 0.0 163.0 7.0 3.0 0.0
40 41 41 0.0 0.0 0.0 127.0 6.0 7.0 0.0
41 39 39 0.0 0.0 0.0 71.0 11.0 1.0 0.0
41 39 40 0.0 0.0 0.0 116.0 27.0 7.0 0.0
41 39 41 0.0 0.0 0.0 94.0 9.0 0.0 0.0
41 40 39 0.0 0.0 0.0 137.0 7.0 6.0 0.0
41 40 40 0.0 0.0 0.0 114.0 10.0 6.0 0.0
41 40 41 0.0 0.0 0.0 115.0 18.0 5.0 0.0
41 41 39 0.0 0.0 0.0 77.0 13.0 5.0 0.0
41 41 40 0.0 0.0 0.0 96.0 2.0 5.0 0.0
41 41 41 0.0 0.0 0.0 70.0 16.0 2.0 0.0
