38 39 39 0.0 0.0 0.0 1.0 0.0 0.0 0.0
39 38 39 0.0 0.0 0.0 1.0 0.0 0.0 0.0
39 39 39 0.0 0.0 0.0 412.0 38.0 21.0 0.0
39 39 40 0.0 0.0 0.0 367.0 34.0 11.0 1.0
39 39 41 0.0 0.0 0.0 289.0 9.0 6.0 0.0
39 40 39 0.0 0.0 0.0 356.0 20.0 22.0 1.0
39 40 40 0.0 0.0 0.0 586.0 36.0 23.0 0.0
39 40 41 0.0 0.0 0.0 283.0 45.0 12.0 0.0
39 41 39 0.0 0.0 0.0 342.0 14.0 18.0 0.0
39 41 40 0.0 0.0 0.0 323.0 32.0 17.0 0.0
39 41 41 0.0 0.0 0.0 217.0 15.0 4.0 0.0
40 39 39 0.0 0.0 0.0 422.0 32.0 17.0 2.0
40 39 40 0.0 0.0 0.0 447.0 51.0 18.0 0.0
40 39 41 0.0 0.0 0.0 518.0 47.0 29.0 0.0
40 40 39 0.0 0.0 0.0 573.0 55.0 14.0 0.0
40 40 40 0.0 0.0 0.0 27374.0 2880.0 1010.0 5063.0
40 40 41 0.0 0.0 0.0 686.0 36.0 38.0 1.0
40 41 39 0.0 0.0 0.0 423.0 9.0 17.0 0.0
40 41 40 0.0 0.0 0.0 605.0 29.0 26.0 1.0
40 41 41 0.0 0.0 0.0 443.0 13.0 13.0 0.0
40 42 41 0.0 0.0 0.0 1.0 0.0 0.0 0.0
41 39 39 0.0 0.0 0.0 299.0 24.0 9.0 1.0
41 39 40 0.0 0.0 0.0 414.0 63.0 15.0 0.0
41 39 41 0.0 0.0 0.0 373.0 30.0 14.0 0.0
41 40 39 0.0 0.0 0.0 477.0 18.0 15.0 0.0
41 40 40 0.0 0.0 0.0 481.0 46.0 26.0 1.0
41 40 41 0.0 0.0 0.0 404.0 35.0 11.0 0.0
41 41 39 0.0 0.0 0.0 319.0 31.0 11.0 0.0
41 41 40 0.0 0.0 0.0 344.0 12.0 11.0 0.0
41 41 41 0.0 0.0 0.0 316.0 36.0 15.0 0.0
42 39 40 0.0 0.0 0.0 1.0 0.0 0.0 0.0
42 40 40 0.0 0.0 0.0 1.0 0.0 0.0 0.0
