38 38 38 0.0 0.0 0.0 2.0 0.0 0.0 0.0
38 38 39 0.0 0.0 0.0 2.0 0.0 0.0 0.0
38 38 40 0.0 0.0 0.0 11.0 0.0 1.0 0.0
38 38 41 0.0 0.0 0.0 6.0 0.0 0.0 0.0
38 39 38 0.0 0.0 0.0 1.0 0.0 0.0 0.0
38 39 39 0.0 0.0 0.0 9.0 1.0 0.0 0.0
38 39 40 0.0 0.0 0.0 4.0 0.0 0.0 0.0
38 39 41 0.0 0.0 0.0 6.0 0.0 0.0 0.0
38 39 42 0.0 0.0 0.0 2.0 0.0 0.0 0.0
38 40 38 0.0 0.0 0.0 1.0 0.0 0.0 0.0
38 40 39 0.0 0.0 0.0 10.0 0.0 0.0 0.0
38 40 40 0.0 0.0 0.0 3.0 0.0 0.0 0.0
38 40 41 0.0 0.0 0.0 17.0 1.0 0.0 0.0
38 40 42 0.0 0.0 0.0 2.0 0.0 1.0 0.0
38 41 38 0.0 0.0 0.0 1.0 4.0 0.0 0.0
38 41 39 0.0 0.0 0.0 14.0 0.0 0.0 0.0
38 41 40 0.0 0.0 0.0 13.0 1.0 0.0 0.0
38 41 41 0.0 0.0 0.0 10.0 0.0 1.0 0.0
38 42 38 0.0 0.0 0.0 1.0 0.0 0.0 0.0
38 42 40 0.0 0.0 0.0 2.0 0.0 0.0 0.0
39 38 38 0.0 0.0 0.0 2.0 0.0 0.0 0.0
39 38 39 0.0 0.0 0.0 6.0 0.0 1.0 0.0
39 38 40 0.0 0.0 0.0 4.0 0.0 1.0 0.0
39 38 41 0.0 0.0 0.0 4.0 0.0 0.0 0.0
39 38 42 0.0 0.0 0.0 2.0 0.0 0.0 0.0
39 39 38 0.0 0.0 0.0 14.0 0.0 0.0 0.0
39 39 39 0.0 0.0 0.0 2953.0 203.0 132.0 23.0
39 39 40 0.0 0.0 0.0 3090.0 169.0 139.0 22.0
39 39 41 0.0 0.0 0.0 2436.0 87.0 105.0 12.0
39 39 42 0.0 0.0 0.0 3.0 2.0 0.0 0.0
39 40 38 0.0 0.0 0.0 8.0 0.0 0.0 0.0
39 40 39 0.0 0.0 0.0 2905.0 129.0 120.0 32.0
39 40 40 0.0 0.0 0.0 4452.0 211.0 169.0 55.0
39 40 41 0.0 0.0 0.0 2740.0 211.0 105.0 22.0
39 40 42 0.0 0.0 0.0 7.0 0.0 0.0 0.0
39 41 38 0.0 0.0 0.0 13.0 0.0 1.0 0.0
39 41 39 0.0 0.0 0.0 2847.0 113.0 120.0 15.0
39 41 40 0.0 0.0 0.0 2703.0 182.0 139.0 17.0
39 41 41 0.0 0.0 0.0 2203.0 94.0 84.0 13.0
39 41 42 0.0 0.0 0.0 4.0 0.0 1.0 0.0
39 42 38 0.0 0.0 0.0 3.0 0.0 0.0 0.0
39 42 39 0.0 0.0 0.0 2.0 0.0 0.0 0.0
39 42 40 0.0 0.0 0.0 12.0 0.0 0.0 0.0
39 42 41 0.0 0.0 0.0 9.0 0.0 1.0 0.0
39 42 42 0.0 0.0 0.0 1.0 0.0 0.0 0.0
40 38 38 0.0 0.0 0.0 2.0 0.0 0.0 0.0
40 38 39 0.0 0.0 0.0 12.0 3.0 0.0 0.0
40 38 40 0.0 0.0 0.0 14.0 1.0 0.0 0.0
40 38 41 0.0 0.0 0.0 5.0 0.0 0.0 0.0
40 38 42 0.0 0.0 0.0 6.0 0.0 1.0 0.0
40 39 38 0.0 0.0 0.0 8.0 1.0 0.0 0.0
40 39 39 0.0 0.0 0.0 3232.0 184.0 133.0 33.0
40 39 40 0.0 0.0 0.0 4034.0 248.0 178.0 48.0
40 39 41 0.0 0.0 0.0 3573.0 213.0 137.0 35.0
40 39 42 0.0 0.0 0.0 16.0 0.0 0.0 0.0
40 40 38 0.0 0.0 0.0 8.0 0.0 0.0 0.0
40 40 39 0.0 0.0 0.0 4507.0 231.0 174.0 58.0
40 40 40 0.0 0.0 0.0 36707.0 3627.0 1169.0 22839.0
40 40 41 0.0 0.0 0.0 5007.0 196.0 203.0 63.0
40 40 42 0.0 0.0 0.0 12.0 1.0 0.0 0.0
40 41 38 0.0 0.0 0.0 9.0 0.0 0.0 0.0
40 41 39 0.0 0.0 0.0 3330.0 102.0 142.0 29.0
40 41 40 0.0 0.0 0.0 4708.0 158.0 186.0 54.0
40 41 41 0.0 0.0 0.0 3298.0 136.0 130.0 33.0
40 41 42 0.0 0.0 0.0 7.0 1.0 1.0 0.0
40 42 38 0.0 0.0 0.0 3.0 0.0 1.0 0.0
40 42 39 0.0 0.0 0.0 6.0 2.0 0.0 0.0
40 42 40 0.0 0.0 0.0 9.0 4.0 1.0 0.0
40 42 41 0.0 0.0 0.0 14.0 1.0 0.0 0.0
40 42 42 0.0 0.0 0.0 4.0 0.0 0.0 0.0
41 38 38 0.0 0.0 0.0 3.0 0.0 0.0 0.0
41 38 39 0.0 0.0 0.0 1.0 0.0 0.0 0.0
41 38 40 0.0 0.0 0.0 8.0 0.0 0.0 0.0
41 38 41 0.0 0.0 0.0 8.0 1.0 0.0 0.0
41 38 42 0.0 0.0 0.0 2.0 0.0 0.0 0.0
41 39 38 0.0 0.0 0.0 12.0 0.0 1.0 0.0
41 39 39 0.0 0.0 0.0 2615.0 164.0 99.0 23.0
41 39 40 0.0 0.0 0.0 3326.0 244.0 133.0 25.0
41 39 41 0.0 0.0 0.0 3025.0 138.0 113.0 22.0
41 39 42 0.0 0.0 0.0 10.0 0.0 0.0 0.0
41 40 38 0.0 0.0 0.0 14.0 0.0 0.0 0.0
41 40 39 0.0 0.0 0.0 3474.0 95.0 134.0 37.0
41 40 40 0.0 0.0 0.0 3914.0 236.0 153.0 54.0
41 40 41 0.0 0.0 0.0 3218.0 153.0 133.0 27.0
41 40 42 0.0 0.0 0.0 7.0 1.0 0.0 0.0
41 41 38 0.0 0.0 0.0 8.0 0.0 1.0 0.0
41 41 39 0.0 0.0 0.0 2639.0 161.0 109.0 18.0
41 41 40 0.0 0.0 0.0 3019.0 108.0 135.0 28.0
41 41 41 0.0 0.0 0.0 2514.0 186.0 99.0 13.0
41 41 42 0.0 0.0 0.0 8.0 4.0 0.0 0.0
41 42 38 0.0 0.0 0.0 4.0 0.0 0.0 0.0
41 42 39 0.0 0.0 0.0 15.0 0.0 3.0 0.0
41 42 40 0.0 0.0 0.0 18.0 2.0 2.0 0.0
41 42 41 0.0 0.0 0.0 5.0 0.0 0.0 0.0
41 42 42 0.0 0.0 0.0 1.0 0.0 0.0 0.0
42 38 39 0.0 0.0 0.0 12.0 0.0 0.0 0.0
42 38 41 0.0 0.0 0.0 6.0 0.0 0.0 0.0
42 38 42 0.0 0.0 0.0 0.0 2.0 0.0 0.0
42 39 39 0.0 0.0 0.0 3.0 0.0 0.0 0.0
42 39 40 0.0 0.0 0.0 9.0 0.0 0.0 0.0
42 39 41 0.0 0.0 0.0 4.0 0.0 0.0 0.0
42 39 42 0.0 0.0 0.0 8.0 0.0 0.0 0.0
42 40 39 0.0 0.0 0.0 12.0 0.0 1.0 0.0
42 40 40 0.0 0.0 0.0 8.0 1.0 0.0 0.0
42 40 41 0.0 0.0 0.0 14.0 2.0 0.0 0.0
42 40 42 0.0 0.0 0.0 4.0 0.0 0.0 0.0
42 41 38 0.0 0.0 0.0 1.0 0.0 0.0 0.0
42 41 39 0.0 0.0 0.0 7.0 1.0 0.0 0.0
42 41 40 0.0 0.0 0.0 9.0 0.0 0.0 0.0
42 41 41 0.0 0.0 0.0 7.0 0.0 0.0 0.0
42 41 42 0.0 0.0 0.0 1.0 0.0 0.0 0.0
42 42 39 0.0 0.0 0.0 4.0 0.0 0.0 0.0
42 42 40 0.0 0.0 0.0 2.0 0.0 0.0 0.0
42 42 41 0.0 0.0 0.0 1.0 0.0 0.0 0.0
