39 39 39 0.0 0.0 0.0 3.0 0.0 0.0 0.0
39 39 40 0.0 0.0 0.0 2.0 0.0 0.0 0.0
39 40 39 0.0 0.0 0.0 2.0 0.0 0.0 0.0
39 40 40 0.0 0.0 0.0 6.0 0.0 0.0 0.0
39 40 41 0.0 0.0 0.0 1.0 0.0 0.0 0.0
40 39 39 0.0 0.0 0.0 4.0 0.0 0.0 0.0
40 39 40 0.0 0.0 0.0 0.0 1.0 0.0 0.0
40 39 41 0.0 0.0 0.0 2.0 0.0 0.0 0.0
40 40 39 0.0 0.0 0.0 0.0 2.0 0.0 0.0
40 40 40 0.0 0.0 0.0 2300.0 510.0 111.0 33.0
40 40 41 0.0 0.0 0.0 5.0 0.0 0.0 0.0
40 41 40 0.0 0.0 0.0 1.0 0.0 0.0 0.0
40 41 41 0.0 0.0 0.0 1.0 0.0 0.0 0.0
41 39 39 0.0 0.0 0.0 1.0 0.0 0.0 0.0
41 40 39 0.0 0.0 0.0 2.0 0.0 0.0 0.0
41 40 41 0.0 0.0 0.0 1.0 0.0 0.0 0.0
