37 38 37 0.0 0.0 0.0 1.0 0.0 0.0 0.0
37 38 38 0.0 0.0 0.0 1.0 0.0 0.0 0.0
37 38 39 0.0 0.0 0.0 14.0 0.0 0.0 0.0
37 38 40 0.0 0.0 0.0 5.0 0.0 0.0 0.0
37 38 41 0.0 0.0 0.0 2.0 0.0 0.0 0.0
37 39 38 0.0 0.0 0.0 3.0 0.0 0.0 0.0
37 39 39 0.0 0.0 0.0 10.0 0.0 1.0 0.0
37 39 40 0.0 0.0 0.0 13.0 0.0 0.0 0.0
37 39 41 0.0 0.0 0.0 9.0 0.0 1.0 0.0
37 39 42 0.0 0.0 0.0 1.0 0.0 0.0 0.0
37 40 38 0.0 0.0 0.0 6.0 0.0 0.0 0.0
37 40 39 0.0 0.0 0.0 12.0 0.0 1.0 0.0
37 40 40 0.0 0.0 0.0 23.0 0.0 2.0 0.0
37 40 41 0.0 0.0 0.0 7.0 0.0 0.0 0.0
37 40 42 0.0 0.0 0.0 3.0 0.0 0.0 0.0
37 40 43 0.0 0.0 0.0 1.0 0.0 0.0 0.0
37 41 38 0.0 0.0 0.0 3.0 0.0 0.0 0.0
37 41 39 0.0 0.0 0.0 15.0 0.0 0.0 0.0
37 41 40 0.0 0.0 0.0 22.0 0.0 0.0 0.0
37 41 41 0.0 0.0 0.0 3.0 0.0 0.0 0.0
37 41 42 0.0 0.0 0.0 4.0 0.0 1.0 0.0
37 42 38 0.0 0.0 0.0 2.0 0.0 0.0 0.0
37 42 39 0.0 0.0 0.0 4.0 0.0 0.0 0.0
37 42 40 0.0 0.0 0.0 4.0 0.0 0.0 0.0
37 42 41 0.0 0.0 0.0 4.0 0.0 0.0 0.0
37 43 38 0.0 0.0 0.0 2.0 0.0 0.0 0.0
38 37 39 0.0 0.0 0.0 1.0 0.0 0.0 0.0
38 37 40 0.0 0.0 0.0 4.0 0.0 0.0 0.0
38 37 41 0.0 0.0 0.0 1.0 0.0 0.0 0.0
38 37 42 0.0 0.0 0.0 4.0 0.0 1.0 0.0
38 38 37 0.0 0.0 0.0 5.0 0.0 0.0 0.0
38 38 38 0.0 0.0 0.0 541.0 10.0 15.0 1.0
38 38 39 0.0 0.0 0.0 1369.0 16.0 56.0 4.0
38 38 40 0.0 0.0 0.0 1980.0 23.0 74.0 11.0
38 38 41 0.0 0.0 0.0 1216.0 28.0 38.0 5.0
38 38 42 0.0 0.0 0.0 370.0 3.0 8.0 0.0
38 39 37 0.0 0.0 0.0 5.0 0.0 0.0 0.0
38 39 38 0.0 0.0 0.0 1211.0 18.0 46.0 0.0
38 39 39 0.0 0.0 0.0 3813.0 90.0 154.0 32.0
38 39 40 0.0 0.0 0.0 4453.0 73.0 152.0 33.0
38 39 41 0.0 0.0 0.0 3453.0 53.0 124.0 24.0
38 39 42 0.0 0.0 0.0 1118.0 11.0 37.0 3.0
38 39 43 0.0 0.0 0.0 7.0 1.0 1.0 0.0
38 40 37 0.0 0.0 0.0 9.0 0.0 1.0 0.0
38 40 38 0.0 0.0 0.0 1826.0 21.0 69.0 4.0
38 40 39 0.0 0.0 0.0 4691.0 119.0 160.0 47.0
38 40 40 0.0 0.0 0.0 6293.0 132.0 229.0 75.0
38 40 41 0.0 0.0 0.0 4528.0 64.0 192.0 43.0
38 40 42 0.0 0.0 0.0 1447.0 35.0 60.0 7.0
38 40 43 0.0 0.0 0.0 3.0 0.0 0.0 0.0
38 41 37 0.0 0.0 0.0 4.0 0.0 0.0 0.0
38 41 38 0.0 0.0 0.0 1245.0 59.0 48.0 4.0
38 41 39 0.0 0.0 0.0 3777.0 46.0 150.0 23.0
38 41 40 0.0 0.0 0.0 4774.0 89.0 170.0 34.0
38 41 41 0.0 0.0 0.0 3172.0 39.0 126.0 8.0
38 41 42 0.0 0.0 0.0 1040.0 25.0 43.0 1.0
38 41 43 0.0 0.0 0.0 4.0 0.0 0.0 0.0
38 42 37 0.0 0.0 0.0 2.0 0.0 0.0 0.0
38 42 38 0.0 0.0 0.0 666.0 4.0 27.0 1.0
38 42 39 0.0 0.0 0.0 1052.0 24.0 48.0 1.0
38 42 40 0.0 0.0 0.0 1548.0 37.0 71.0 2.0
38 42 41 0.0 0.0 0.0 1029.0 14.0 34.0 2.0
38 42 42 0.0 0.0 0.0 343.0 1.0 14.0 0.0
38 42 43 0.0 0.0 0.0 3.0 0.0 0.0 0.0
38 43 38 0.0 0.0 0.0 2.0 0.0 0.0 0.0
38 43 39 0.0 0.0 0.0 2.0 0.0 0.0 0.0
38 43 40 0.0 0.0 0.0 9.0 0.0 0.0 0.0
38 43 41 0.0 0.0 0.0 4.0 0.0 0.0 0.0
39 37 38 0.0 0.0 0.0 2.0 0.0 0.0 0.0
39 37 39 0.0 0.0 0.0 14.0 0.0 0.0 0.0
39 37 40 0.0 0.0 0.0 13.0 0.0 1.0 0.0
39 37 41 0.0 0.0 0.0 15.0 0.0 0.0 0.0
39 37 42 0.0 0.0 0.0 3.0 0.0 0.0 0.0
39 38 37 0.0 0.0 0.0 2.0 0.0 0.0 0.0
39 38 38 0.0 0.0 0.0 1315.0 35.0 60.0 4.0
39 38 39 0.0 0.0 0.0 3347.0 49.0 140.0 15.0
39 38 40 0.0 0.0 0.0 4487.0 82.0 177.0 44.0
39 38 41 0.0 0.0 0.0 3323.0 51.0 135.0 18.0
39 38 42 0.0 0.0 0.0 1434.0 28.0 51.0 8.0
39 38 43 0.0 0.0 0.0 3.0 0.0 0.0 0.0
39 39 37 0.0 0.0 0.0 14.0 0.0 1.0 0.0
39 39 38 0.0 0.0 0.0 3876.0 39.0 149.0 38.0
39 39 39 0.0 0.0 0.0 36582.0 1114.0 1193.0 8448.0
39 39 40 0.0 0.0 0.0 38399.0 1105.0 1214.0 9410.0
39 39 41 0.0 0.0 0.0 34581.0 828.0 1164.0 6849.0
39 39 42 0.0 0.0 0.0 3525.0 93.0 134.0 38.0
39 39 43 0.0 0.0 0.0 10.0 0.0 0.0 0.0
39 40 37 0.0 0.0 0.0 25.0 0.0 1.0 0.0
39 40 38 0.0 0.0 0.0 5138.0 75.0 195.0 56.0
39 40 39 0.0 0.0 0.0 38111.0 939.0 1226.0 8971.0
39 40 40 0.0 0.0 0.0 42830.0 1088.0 1302.0 14353.0
39 40 41 0.0 0.0 0.0 36881.0 1454.0 1206.0 8622.0
39 40 42 0.0 0.0 0.0 4996.0 80.0 189.0 43.0
39 40 43 0.0 0.0 0.0 9.0 1.0 0.0 0.0
39 41 37 0.0 0.0 0.0 6.0 0.0 0.0 0.0
39 41 38 0.0 0.0 0.0 3708.0 59.0 156.0 27.0
39 41 39 0.0 0.0 0.0 36586.0 756.0 1167.0 8301.0
39 41 40 0.0 0.0 0.0 37226.0 1164.0 1204.0 8588.0
39 41 41 0.0 0.0 0.0 33646.0 757.0 1143.0 6220.0
39 41 42 0.0 0.0 0.0 3277.0 37.0 125.0 26.0
39 41 43 0.0 0.0 0.0 20.0 0.0 1.0 0.0
39 42 37 0.0 0.0 0.0 5.0 0.0 0.0 0.0
39 42 38 0.0 0.0 0.0 1468.0 23.0 61.0 2.0
39 42 39 0.0 0.0 0.0 3596.0 59.0 142.0 18.0
39 42 40 0.0 0.0 0.0 5156.0 102.0 203.0 48.0
39 42 41 0.0 0.0 0.0 3534.0 42.0 144.0 24.0
39 42 42 0.0 0.0 0.0 1316.0 13.0 53.0 2.0
39 42 43 0.0 0.0 0.0 3.0 0.0 0.0 0.0
39 43 37 0.0 0.0 0.0 1.0 0.0 0.0 0.0
39 43 38 0.0 0.0 0.0 1.0 0.0 0.0 0.0
39 43 39 0.0 0.0 0.0 9.0 0.0 0.0 0.0
39 43 40 0.0 0.0 0.0 17.0 0.0 2.0 0.0
39 43 41 0.0 0.0 0.0 6.0 0.0 0.0 0.0
39 43 42 0.0 0.0 0.0 2.0 0.0 0.0 0.0
39 43 43 0.0 0.0 0.0 1.0 0.0 0.0 0.0
40 37 38 0.0 0.0 0.0 5.0 0.0 0.0 0.0
40 37 39 0.0 0.0 0.0 7.0 1.0 1.0 0.0
40 37 40 0.0 0.0 0.0 19.0 0.0 3.0 0.0
40 37 41 0.0 0.0 0.0 21.0 0.0 0.0 0.0
40 37 42 0.0 0.0 0.0 4.0 0.0 0.0 0.0
40 38 37 0.0 0.0 0.0 3.0 0.0 0.0 0.0
40 38 38 0.0 0.0 0.0 1738.0 47.0 67.0 7.0
40 38 39 0.0 0.0 0.0 5424.0 138.0 219.0 87.0
40 38 40 0.0 0.0 0.0 7349.0 119.0 247.0 106.0
40 38 41 0.0 0.0 0.0 4871.0 93.0 188.0 51.0
40 38 42 0.0 0.0 0.0 2099.0 59.0 78.0 13.0
40 38 43 0.0 0.0 0.0 4.0 0.0 0.0 0.0
40 39 37 0.0 0.0 0.0 9.0 0.0 2.0 0.0
40 39 38 0.0 0.0 0.0 4987.0 86.0 209.0 50.0
40 39 39 0.0 0.0 0.0 38094.0 1262.0 1181.0 10039.0
40 39 40 0.0 0.0 0.0 42016.0 1376.0 1280.0 13707.0
40 39 41 0.0 0.0 0.0 39551.0 1318.0 1249.0 11030.0
40 39 42 0.0 0.0 0.0 5200.0 71.0 163.0 56.0
40 39 43 0.0 0.0 0.0 13.0 0.0 0.0 0.0
40 40 37 0.0 0.0 0.0 12.0 0.0 0.0 0.0
40 40 38 0.0 0.0 0.0 6646.0 86.0 238.0 81.0
40 40 39 0.0 0.0 0.0 42455.0 1132.0 1230.0 14725.0
40 40 40 0.0 0.0 0.0 21010.0 2109.0 526.0 68831.0
40 40 41 0.0 0.0 0.0 42952.0 1051.0 1246.0 15484.0
40 40 42 0.0 0.0 0.0 6954.0 109.0 250.0 83.0
40 40 43 0.0 0.0 0.0 20.0 0.0 0.0 0.0
40 41 37 0.0 0.0 0.0 7.0 0.0 0.0 0.0
40 41 38 0.0 0.0 0.0 5328.0 102.0 207.0 48.0
40 41 39 0.0 0.0 0.0 39257.0 779.0 1212.0 10252.0
40 41 40 0.0 0.0 0.0 42652.0 970.0 1209.0 15083.0
40 41 41 0.0 0.0 0.0 39124.0 980.0 1274.0 10016.0
40 41 42 0.0 0.0 0.0 4883.0 54.0 198.0 44.0
40 41 43 0.0 0.0 0.0 14.0 0.0 0.0 0.0
40 42 37 0.0 0.0 0.0 6.0 0.0 0.0 0.0
40 42 38 0.0 0.0 0.0 1900.0 33.0 73.0 5.0
40 42 39 0.0 0.0 0.0 4902.0 98.0 191.0 58.0
40 42 40 0.0 0.0 0.0 6632.0 115.0 258.0 87.0
40 42 41 0.0 0.0 0.0 4555.0 62.0 173.0 44.0
40 42 42 0.0 0.0 0.0 1696.0 22.0 63.0 12.0
40 42 43 0.0 0.0 0.0 1.0 0.0 0.0 0.0
40 43 38 0.0 0.0 0.0 9.0 0.0 1.0 0.0
40 43 39 0.0 0.0 0.0 18.0 0.0 2.0 0.0
40 43 40 0.0 0.0 0.0 13.0 0.0 0.0 0.0
40 43 41 0.0 0.0 0.0 13.0 0.0 1.0 0.0
40 43 42 0.0 0.0 0.0 4.0 0.0 0.0 0.0
41 37 37 0.0 0.0 0.0 1.0 0.0 0.0 0.0
41 37 38 0.0 0.0 0.0 7.0 0.0 0.0 0.0
41 37 39 0.0 0.0 0.0 18.0 0.0 2.0 0.0
41 37 40 0.0 0.0 0.0 15.0 0.0 0.0 0.0
41 37 41 0.0 0.0 0.0 8.0 0.0 1.0 0.0
41 37 42 0.0 0.0 0.0 7.0 0.0 0.0 0.0
41 38 37 0.0 0.0 0.0 6.0 0.0 0.0 0.0
41 38 38 0.0 0.0 0.0 1271.0 26.0 49.0 2.0
41 38 39 0.0 0.0 0.0 3338.0 65.0 134.0 29.0
41 38 40 0.0 0.0 0.0 4927.0 110.0 191.0 39.0
41 38 41 0.0 0.0 0.0 3788.0 50.0 140.0 28.0
41 38 42 0.0 0.0 0.0 1531.0 25.0 64.0 0.0
41 38 43 0.0 0.0 0.0 6.0 0.0 0.0 0.0
41 39 37 0.0 0.0 0.0 15.0 1.0 1.0 0.0
41 39 38 0.0 0.0 0.0 3886.0 48.0 169.0 32.0
41 39 39 0.0 0.0 0.0 35137.0 1197.0 1108.0 7576.0
41 39 40 0.0 0.0 0.0 38747.0 1498.0 1192.0 10559.0
41 39 41 0.0 0.0 0.0 37291.0 919.0 1096.0 8998.0
41 39 42 0.0 0.0 0.0 3926.0 64.0 155.0 30.0
41 39 43 0.0 0.0 0.0 10.0 0.0 0.0 0.0
41 40 37 0.0 0.0 0.0 9.0 0.0 1.0 0.0
41 40 38 0.0 0.0 0.0 4875.0 80.0 190.0 49.0
41 40 39 0.0 0.0 0.0 39301.0 910.0 1242.0 10273.0
41 40 40 0.0 0.0 0.0 41755.0 1307.0 1285.0 12900.0
41 40 41 0.0 0.0 0.0 39045.0 1041.0 1238.0 10193.0
41 40 42 0.0 0.0 0.0 5360.0 96.0 213.0 54.0
41 40 43 0.0 0.0 0.0 17.0 0.0 1.0 0.0
41 41 37 0.0 0.0 0.0 22.0 0.0 1.0 0.0
41 41 38 0.0 0.0 0.0 3768.0 62.0 135.0 20.0
41 41 39 0.0 0.0 0.0 35441.0 1049.0 1191.0 7712.0
41 41 40 0.0 0.0 0.0 38271.0 813.0 1192.0 9383.0
41 41 41 0.0 0.0 0.0 34878.0 1231.0 1044.0 7571.0
41 41 42 0.0 0.0 0.0 3766.0 96.0 153.0 33.0
41 41 43 0.0 0.0 0.0 7.0 0.0 0.0 0.0
41 42 37 0.0 0.0 0.0 5.0 0.0 0.0 0.0
41 42 38 0.0 0.0 0.0 1299.0 19.0 53.0 1.0
41 42 39 0.0 0.0 0.0 3818.0 36.0 158.0 35.0
41 42 40 0.0 0.0 0.0 5257.0 105.0 192.0 52.0
41 42 41 0.0 0.0 0.0 3495.0 58.0 121.0 32.0
41 42 42 0.0 0.0 0.0 1223.0 26.0 49.0 3.0
41 42 43 0.0 0.0 0.0 5.0 0.0 0.0 0.0
41 43 37 0.0 0.0 0.0 3.0 0.0 0.0 0.0
41 43 38 0.0 0.0 0.0 2.0 0.0 0.0 0.0
41 43 39 0.0 0.0 0.0 12.0 0.0 0.0 0.0
41 43 40 0.0 0.0 0.0 28.0 0.0 0.0 0.0
41 43 41 0.0 0.0 0.0 14.0 0.0 0.0 0.0
41 43 42 0.0 0.0 0.0 5.0 0.0 1.0 0.0
42 37 38 0.0 0.0 0.0 3.0 0.0 0.0 0.0
42 37 39 0.0 0.0 0.0 7.0 0.0 1.0 0.0
42 37 40 0.0 0.0 0.0 9.0 0.0 1.0 0.0
42 37 41 0.0 0.0 0.0 8.0 0.0 1.0 0.0
42 38 37 0.0 0.0 0.0 2.0 0.0 0.0 0.0
42 38 38 0.0 0.0 0.0 510.0 8.0 24.0 2.0
42 38 39 0.0 0.0 0.0 1459.0 40.0 43.0 5.0
42 38 40 0.0 0.0 0.0 1911.0 58.0 60.0 15.0
42 38 41 0.0 0.0 0.0 1504.0 13.0 48.0 4.0
42 38 42 0.0 0.0 0.0 687.0 21.0 36.0 1.0
42 38 43 0.0 0.0 0.0 2.0 0.0 0.0 0.0
42 39 37 0.0 0.0 0.0 2.0 0.0 0.0 0.0
42 39 38 0.0 0.0 0.0 1221.0 22.0 59.0 4.0
42 39 39 0.0 0.0 0.0 3363.0 91.0 142.0 24.0
42 39 40 0.0 0.0 0.0 4624.0 120.0 188.0 31.0
42 39 41 0.0 0.0 0.0 3759.0 66.0 150.0 34.0
42 39 42 0.0 0.0 0.0 1591.0 21.0 62.0 3.0
42 39 43 0.0 0.0 0.0 3.0 0.0 0.0 0.0
42 40 37 0.0 0.0 0.0 9.0 0.0 0.0 0.0
42 40 38 0.0 0.0 0.0 1939.0 21.0 84.0 6.0
42 40 39 0.0 0.0 0.0 5015.0 83.0 187.0 49.0
42 40 40 0.0 0.0 0.0 6366.0 145.0 253.0 87.0
42 40 41 0.0 0.0 0.0 5130.0 114.0 192.0 47.0
42 40 42 0.0 0.0 0.0 1961.0 12.0 77.0 5.0
42 40 43 0.0 0.0 0.0 5.0 0.0 0.0 0.0
42 41 37 0.0 0.0 0.0 2.0 0.0 0.0 0.0
42 41 38 0.0 0.0 0.0 1252.0 17.0 45.0 3.0
42 41 39 0.0 0.0 0.0 3299.0 63.0 134.0 21.0
42 41 40 0.0 0.0 0.0 4662.0 97.0 180.0 41.0
42 41 41 0.0 0.0 0.0 3641.0 65.0 153.0 21.0
42 41 42 0.0 0.0 0.0 1318.0 16.0 48.0 1.0
42 41 43 0.0 0.0 0.0 4.0 0.0 0.0 0.0
42 42 37 0.0 0.0 0.0 2.0 0.0 0.0 0.0
42 42 38 0.0 0.0 0.0 346.0 5.0 16.0 0.0
42 42 39 0.0 0.0 0.0 1183.0 25.0 44.0 1.0
42 42 40 0.0 0.0 0.0 1877.0 38.0 85.0 7.0
42 42 41 0.0 0.0 0.0 1211.0 35.0 54.0 3.0
42 42 42 0.0 0.0 0.0 376.0 9.0 12.0 0.0
42 43 38 0.0 0.0 0.0 6.0 0.0 1.0 0.0
42 43 39 0.0 0.0 0.0 5.0 0.0 0.0 0.0
42 43 40 0.0 0.0 0.0 5.0 0.0 1.0 0.0
42 43 41 0.0 0.0 0.0 2.0 0.0 0.0 0.0
43 37 38 0.0 0.0 0.0 2.0 0.0 1.0 0.0
43 37 39 0.0 0.0 0.0 1.0 0.0 0.0 0.0
43 37 40 0.0 0.0 0.0 1.0 0.0 0.0 0.0
43 38 37 0.0 0.0 0.0 1.0 0.0 0.0 0.0
43 38 39 0.0 0.0 0.0 3.0 0.0 0.0 0.0
43 38 40 0.0 0.0 0.0 5.0 0.0 0.0 0.0
43 38 41 0.0 0.0 0.0 1.0 0.0 0.0 0.0
43 38 42 0.0 0.0 0.0 1.0 0.0 0.0 0.0
43 39 38 0.0 0.0 0.0 1.0 0.0 0.0 0.0
43 39 39 0.0 0.0 0.0 7.0 0.0 1.0 0.0
43 39 40 0.0 0.0 0.0 16.0 0.0 1.0 0.0
43 39 41 0.0 0.0 0.0 8.0 0.0 1.0 0.0
43 39 42 0.0 0.0 0.0 5.0 0.0 0.0 0.0
43 39 43 0.0 0.0 0.0 3.0 0.0 0.0 0.0
43 40 38 0.0 0.0 0.0 6.0 0.0 0.0 0.0
43 40 39 0.0 0.0 0.0 5.0 0.0 0.0 0.0
43 40 40 0.0 0.0 0.0 13.0 0.0 0.0 0.0
43 40 41 0.0 0.0 0.0 8.0 0.0 0.0 0.0
43 40 42 0.0 0.0 0.0 4.0 0.0 1.0 0.0
43 41 38 0.0 0.0 0.0 2.0 0.0 0.0 0.0
43 41 39 0.0 0.0 0.0 5.0 0.0 0.0 0.0
43 41 40 0.0 0.0 0.0 19.0 0.0 0.0 0.0
43 41 41 0.0 0.0 0.0 12.0 1.0 0.0 0.0
43 41 42 0.0 0.0 0.0 6.0 2.0 0.0 0.0
43 41 43 0.0 0.0 0.0 1.0 0.0 0.0 0.0
43 42 39 0.0 0.0 0.0 3.0 0.0 0.0 0.0
43 42 40 0.0 0.0 0.0 4.0 0.0 0.0 0.0
43 42 41 0.0 0.0 0.0 7.0 0.0 0.0 0.0
43 43 39 0.0 0.0 0.0 1.0 0.0 0.0 0.0
