37 38 39 0.0 0.0 0.0 7.0 0.0 2.0 0.0
37 39 39 0.0 0.0 0.0 1.0 0.0 0.0 0.0
37 40 39 0.0 0.0 0.0 2.0 0.0 0.0 0.0
37 40 40 0.0 0.0 0.0 1.0 0.0 0.0 0.0
37 41 40 0.0 0.0 0.0 1.0 0.0 0.0 0.0
38 37 42 0.0 0.0 0.0 1.0 0.0 0.0 0.0
38 38 38 0.0 0.0 0.0 145.0 3.0 5.0 0.0
38 38 39 0.0 0.0 0.0 375.0 4.0 11.0 0.0
38 38 40 0.0 0.0 0.0 588.0 7.0 20.0 0.0
38 38 41 0.0 0.0 0.0 322.0 9.0 11.0 0.0
38 38 42 0.0 0.0 0.0 88.0 1.0 3.0 0.0
38 39 38 0.0 0.0 0.0 317.0 5.0 11.0 0.0
38 39 39 0.0 0.0 0.0 1071.0 27.0 39.0 6.0
38 39 40 0.0 0.0 0.0 1245.0 19.0 52.0 1.0
38 39 41 0.0 0.0 0.0 980.0 19.0 34.0 1.0
38 39 42 0.0 0.0 0.0 298.0 1.0 8.0 0.0
38 39 43 0.0 0.0 0.0 1.0 0.0 0.0 0.0
38 40 38 0.0 0.0 0.0 483.0 4.0 10.0 0.0
38 40 39 0.0 0.0 0.0 1277.0 50.0 61.0 1.0
38 40 40 0.0 0.0 0.0 1813.0 39.0 74.0 8.0
38 40 41 0.0 0.0 0.0 1307.0 20.0 57.0 3.0
38 40 42 0.0 0.0 0.0 374.0 6.0 10.0 1.0
38 41 38 0.0 0.0 0.0 300.0 34.0 7.0 0.0
38 41 39 0.0 0.0 0.0 1058.0 13.0 45.0 2.0
38 41 40 0.0 0.0 0.0 1285.0 27.0 51.0 2.0
38 41 41 0.0 0.0 0.0 892.0 11.0 36.0 2.0
38 41 42 0.0 0.0 0.0 269.0 11.0 7.0 0.0
38 42 38 0.0 0.0 0.0 185.0 2.0 7.0 0.0
38 42 39 0.0 0.0 0.0 251.0 12.0 11.0 0.0
38 42 40 0.0 0.0 0.0 409.0 20.0 8.0 0.0
38 42 41 0.0 0.0 0.0 256.0 4.0 5.0 0.0
38 42 42 0.0 0.0 0.0 75.0 0.0 4.0 0.0
39 37 39 0.0 0.0 0.0 3.0 0.0 0.0 0.0
39 37 41 0.0 0.0 0.0 1.0 0.0 0.0 0.0
39 38 38 0.0 0.0 0.0 347.0 16.0 15.0 1.0
39 38 39 0.0 0.0 0.0 913.0 18.0 40.0 1.0
39 38 40 0.0 0.0 0.0 1314.0 31.0 52.0 1.0
39 38 41 0.0 0.0 0.0 904.0 12.0 41.0 1.0
39 38 42 0.0 0.0 0.0 374.0 9.0 16.0 1.0
39 39 37 0.0 0.0 0.0 1.0 0.0 0.0 0.0
39 39 38 0.0 0.0 0.0 1168.0 11.0 45.0 7.0
39 39 39 0.0 0.0 0.0 24698.0 869.0 901.0 2724.0
39 39 40 0.0 0.0 0.0 25958.0 852.0 928.0 2991.0
39 39 41 0.0 0.0 0.0 22248.0 583.0 785.0 2004.0
39 39 42 0.0 0.0 0.0 1035.0 36.0 49.0 2.0
39 39 43 0.0 0.0 0.0 1.0 0.0 0.0 0.0
39 40 37 0.0 0.0 0.0 1.0 0.0 0.0 0.0
39 40 38 0.0 0.0 0.0 1477.0 23.0 54.0 2.0
39 40 39 0.0 0.0 0.0 25523.0 687.0 877.0 2815.0
39 40 40 0.0 0.0 0.0 32372.0 888.0 1043.0 5313.0
39 40 41 0.0 0.0 0.0 24410.0 1080.0 873.0 2645.0
39 40 42 0.0 0.0 0.0 1412.0 34.0 67.0 1.0
39 41 38 0.0 0.0 0.0 1032.0 22.0 45.0 1.0
39 41 39 0.0 0.0 0.0 24761.0 549.0 862.0 2617.0
39 41 40 0.0 0.0 0.0 24728.0 915.0 935.0 2632.0
39 41 41 0.0 0.0 0.0 21134.0 533.0 766.0 1748.0
39 41 42 0.0 0.0 0.0 964.0 10.0 38.0 1.0
39 41 43 0.0 0.0 0.0 3.0 0.0 0.0 0.0
39 42 38 0.0 0.0 0.0 391.0 7.0 19.0 1.0
39 42 39 0.0 0.0 0.0 1040.0 21.0 41.0 4.0
39 42 40 0.0 0.0 0.0 1543.0 28.0 66.0 2.0
39 42 41 0.0 0.0 0.0 1006.0 10.0 36.0 3.0
39 42 42 0.0 0.0 0.0 360.0 5.0 18.0 0.0
39 43 37 0.0 0.0 0.0 1.0 0.0 0.0 0.0
40 37 41 0.0 0.0 0.0 1.0 0.0 0.0 0.0
40 38 38 0.0 0.0 0.0 463.0 13.0 20.0 0.0
40 38 39 0.0 0.0 0.0 1612.0 53.0 50.0 7.0
40 38 40 0.0 0.0 0.0 2174.0 36.0 81.0 9.0
40 38 41 0.0 0.0 0.0 1351.0 29.0 52.0 4.0
40 38 42 0.0 0.0 0.0 584.0 17.0 26.0 1.0
40 39 37 0.0 0.0 0.0 1.0 0.0 0.0 0.0
40 39 38 0.0 0.0 0.0 1398.0 30.0 51.0 4.0
40 39 39 0.0 0.0 0.0 26616.0 963.0 918.0 3247.0
40 39 40 0.0 0.0 0.0 30973.0 1090.0 1081.0 4850.0
40 39 41 0.0 0.0 0.0 28041.0 1054.0 890.0 3851.0
40 39 42 0.0 0.0 0.0 1597.0 25.0 76.0 7.0
40 39 43 0.0 0.0 0.0 3.0 0.0 0.0 0.0
40 40 38 0.0 0.0 0.0 1880.0 31.0 74.0 8.0
40 40 39 0.0 0.0 0.0 32201.0 951.0 1083.0 5582.0
40 40 40 0.0 0.0 0.0 22688.0 2568.0 601.0 58692.0
40 40 41 0.0 0.0 0.0 33086.0 848.0 1088.0 5904.0
40 40 42 0.0 0.0 0.0 2045.0 26.0 73.0 8.0
40 40 43 0.0 0.0 0.0 2.0 0.0 0.0 0.0
40 41 37 0.0 0.0 0.0 1.0 0.0 0.0 0.0
40 41 38 0.0 0.0 0.0 1572.0 36.0 52.0 2.0
40 41 39 0.0 0.0 0.0 27369.0 597.0 965.0 3387.0
40 41 40 0.0 0.0 0.0 32594.0 755.0 1107.0 5628.0
40 41 41 0.0 0.0 0.0 26792.0 732.0 941.0 3361.0
40 41 42 0.0 0.0 0.0 1435.0 15.0 44.0 6.0
40 42 38 0.0 0.0 0.0 516.0 8.0 19.0 0.0
40 42 39 0.0 0.0 0.0 1378.0 35.0 47.0 2.0
40 42 40 0.0 0.0 0.0 1895.0 46.0 59.0 4.0
40 42 41 0.0 0.0 0.0 1343.0 24.0 55.0 2.0
40 42 42 0.0 0.0 0.0 452.0 4.0 21.0 2.0
40 43 40 0.0 0.0 0.0 1.0 0.0 0.0 0.0
41 37 38 0.0 0.0 0.0 1.0 0.0 0.0 0.0
41 37 40 0.0 0.0 0.0 1.0 0.0 0.0 0.0
41 37 42 0.0 0.0 0.0 2.0 0.0 0.0 0.0
41 38 38 0.0 0.0 0.0 350.0 4.0 7.0 0.0
41 38 39 0.0 0.0 0.0 934.0 23.0 31.0 2.0
41 38 40 0.0 0.0 0.0 1336.0 39.0 60.0 6.0
41 38 41 0.0 0.0 0.0 1042.0 14.0 37.0 1.0
41 38 42 0.0 0.0 0.0 422.0 4.0 22.0 0.0
41 38 43 0.0 0.0 0.0 1.0 0.0 0.0 0.0
41 39 38 0.0 0.0 0.0 1099.0 14.0 40.0 3.0
41 39 39 0.0 0.0 0.0 23195.0 872.0 832.0 2331.0
41 39 40 0.0 0.0 0.0 27382.0 1146.0 942.0 3532.0
41 39 41 0.0 0.0 0.0 25543.0 683.0 872.0 2910.0
41 39 42 0.0 0.0 0.0 1164.0 17.0 44.0 3.0
41 39 43 0.0 0.0 0.0 1.0 0.0 0.0 0.0
41 40 37 0.0 0.0 0.0 1.0 0.0 0.0 0.0
41 40 38 0.0 0.0 0.0 1329.0 22.0 52.0 5.0
41 40 39 0.0 0.0 0.0 27551.0 647.0 958.0 3403.0
41 40 40 0.0 0.0 0.0 30340.0 1050.0 997.0 4663.0
41 40 41 0.0 0.0 0.0 27157.0 754.0 990.0 3371.0
41 40 42 0.0 0.0 0.0 1582.0 35.0 65.0 3.0
41 41 37 0.0 0.0 0.0 4.0 0.0 0.0 0.0
41 41 38 0.0 0.0 0.0 1078.0 16.0 38.0 4.0
41 41 39 0.0 0.0 0.0 23485.0 787.0 830.0 2379.0
41 41 40 0.0 0.0 0.0 26114.0 596.0 897.0 3000.0
41 41 41 0.0 0.0 0.0 23020.0 918.0 781.0 2359.0
41 41 42 0.0 0.0 0.0 1113.0 39.0 49.0 2.0
41 42 38 0.0 0.0 0.0 346.0 4.0 14.0 0.0
41 42 39 0.0 0.0 0.0 1088.0 14.0 40.0 2.0
41 42 40 0.0 0.0 0.0 1557.0 41.0 67.0 2.0
41 42 41 0.0 0.0 0.0 980.0 16.0 37.0 1.0
41 42 42 0.0 0.0 0.0 344.0 6.0 11.0 0.0
41 43 40 0.0 0.0 0.0 5.0 0.0 0.0 0.0
42 38 38 0.0 0.0 0.0 131.0 4.0 8.0 0.0
42 38 39 0.0 0.0 0.0 418.0 17.0 19.0 0.0
42 38 40 0.0 0.0 0.0 506.0 25.0 23.0 0.0
42 38 41 0.0 0.0 0.0 424.0 3.0 25.0 0.0
42 38 42 0.0 0.0 0.0 205.0 11.0 8.0 0.0
42 39 38 0.0 0.0 0.0 355.0 7.0 12.0 0.0
42 39 39 0.0 0.0 0.0 912.0 26.0 45.0 2.0
42 39 40 0.0 0.0 0.0 1230.0 43.0 44.0 1.0
42 39 41 0.0 0.0 0.0 1079.0 23.0 46.0 2.0
42 39 42 0.0 0.0 0.0 498.0 5.0 18.0 1.0
42 40 38 0.0 0.0 0.0 555.0 4.0 23.0 0.0
42 40 39 0.0 0.0 0.0 1426.0 24.0 47.0 3.0
42 40 40 0.0 0.0 0.0 1764.0 46.0 65.0 7.0
42 40 41 0.0 0.0 0.0 1463.0 48.0 60.0 4.0
42 40 42 0.0 0.0 0.0 519.0 3.0 21.0 1.0
42 41 38 0.0 0.0 0.0 335.0 2.0 10.0 0.0
42 41 39 0.0 0.0 0.0 895.0 23.0 34.0 2.0
42 41 40 0.0 0.0 0.0 1281.0 32.0 47.0 2.0
42 41 41 0.0 0.0 0.0 1023.0 29.0 44.0 4.0
42 41 42 0.0 0.0 0.0 330.0 5.0 15.0 0.0
42 42 38 0.0 0.0 0.0 70.0 0.0 4.0 0.0
42 42 39 0.0 0.0 0.0 324.0 5.0 14.0 0.0
42 42 40 0.0 0.0 0.0 464.0 5.0 14.0 0.0
42 42 41 0.0 0.0 0.0 327.0 13.0 16.0 0.0
42 42 42 0.0 0.0 0.0 92.0 2.0 3.0 0.0
42 43 38 0.0 0.0 0.0 2.0 0.0 0.0 0.0
42 43 39 0.0 0.0 0.0 1.0 0.0 0.0 0.0
43 38 40 0.0 0.0 0.0 1.0 0.0 0.0 0.0
43 39 40 0.0 0.0 0.0 3.0 0.0 1.0 0.0
43 40 38 0.0 0.0 0.0 1.0 0.0 0.0 0.0
43 40 41 0.0 0.0 0.0 1.0 0.0 0.0 0.0
43 41 40 0.0 0.0 0.0 2.0 0.0 0.0 0.0
43 41 41 0.0 0.0 0.0 3.0 0.0 0.0 0.0
43 41 42 0.0 0.0 0.0 0.0 1.0 0.0 0.0
43 42 39 0.0 0.0 0.0 1.0 0.0 0.0 0.0
