37 39 38 0.0 0.0 0.0 0.0 2.0 1.0 0.0
38 38 38 0.0 0.0 0.0 0.0 20.0 1.0 0.0
38 38 39 0.0 0.0 0.0 0.0 114.0 4.0 0.0
38 38 40 0.0 0.0 0.0 0.0 120.0 6.0 0.0
38 38 41 0.0 0.0 0.0 0.0 62.0 5.0 0.0
38 38 42 0.0 0.0 0.0 0.0 33.0 2.0 0.0
38 39 38 0.0 0.0 0.0 0.0 68.0 2.0 0.0
38 39 39 0.0 0.0 0.0 0.0 212.0 2.0 0.0
38 39 40 0.0 0.0 0.0 1.0 277.0 11.0 0.0
38 39 41 0.0 0.0 0.0 0.0 197.0 2.0 0.0
38 39 42 0.0 0.0 0.0 0.0 82.0 1.0 0.0
38 40 38 0.0 0.0 0.0 0.0 66.0 2.0 0.0
38 40 39 0.0 0.0 0.0 0.0 349.0 12.0 0.0
38 40 40 0.0 0.0 0.0 2.0 398.0 12.0 0.0
38 40 41 0.0 0.0 0.0 0.0 323.0 10.0 0.0
38 40 42 0.0 0.0 0.0 0.0 82.0 1.0 0.0
38 41 38 0.0 0.0 0.0 0.0 60.0 2.0 0.0
38 41 39 0.0 0.0 0.0 1.0 258.0 8.0 0.0
38 41 40 0.0 0.0 0.0 0.0 357.0 8.0 0.0
38 41 41 0.0 0.0 0.0 0.0 249.0 9.0 0.0
38 41 42 0.0 0.0 0.0 0.0 73.0 2.0 0.0
38 42 38 0.0 0.0 0.0 0.0 40.0 3.0 0.0
38 42 39 0.0 0.0 0.0 0.0 96.0 5.0 0.0
38 42 40 0.0 0.0 0.0 0.0 135.0 4.0 0.0
38 42 41 0.0 0.0 0.0 0.0 71.0 5.0 0.0
38 42 42 0.0 0.0 0.0 0.0 25.0 1.0 0.0
39 38 38 0.0 0.0 0.0 0.0 49.0 1.0 0.0
39 38 39 0.0 0.0 0.0 0.0 199.0 10.0 0.0
39 38 40 0.0 0.0 0.0 0.0 321.0 9.0 0.0
39 38 41 0.0 0.0 0.0 1.0 215.0 5.0 0.0
39 38 42 0.0 0.0 0.0 1.0 69.0 1.0 0.0
39 39 38 0.0 0.0 0.0 1.0 187.0 2.0 1.0
39 39 39 0.0 0.0 0.0 78.0 16816.0 565.0 444.0
39 39 40 0.0 0.0 0.0 68.0 22273.0 752.0 687.0
39 39 41 0.0 0.0 0.0 17.0 17379.0 588.0 436.0
39 39 42 0.0 0.0 0.0 0.0 210.0 6.0 0.0
39 40 38 0.0 0.0 0.0 0.0 264.0 10.0 0.0
39 40 39 0.0 0.0 0.0 83.0 19779.0 652.0 581.0
39 40 40 0.0 0.0 0.0 38.0 27723.0 867.0 1146.0
39 40 41 0.0 0.0 0.0 21.0 20953.0 673.0 625.0
39 40 42 0.0 0.0 0.0 1.0 283.0 4.0 1.0
39 41 37 0.0 0.0 0.0 0.0 3.0 0.0 0.0
39 41 38 0.0 0.0 0.0 0.0 184.0 4.0 0.0
39 41 39 0.0 0.0 0.0 9.0 16790.0 573.0 383.0
39 41 40 0.0 0.0 0.0 123.0 23537.0 808.0 870.0
39 41 41 0.0 0.0 0.0 31.0 17006.0 598.0 411.0
39 41 42 0.0 0.0 0.0 1.0 198.0 8.0 0.0
39 42 38 0.0 0.0 0.0 0.0 55.0 4.0 0.0
39 42 39 0.0 0.0 0.0 0.0 205.0 5.0 0.0
39 42 40 0.0 0.0 0.0 0.0 304.0 8.0 1.0
39 42 41 0.0 0.0 0.0 0.0 260.0 3.0 0.0
39 42 42 0.0 0.0 0.0 0.0 63.0 4.0 0.0
40 38 38 0.0 0.0 0.0 0.0 137.0 3.0 0.0
40 38 39 0.0 0.0 0.0 1.0 239.0 10.0 0.0
40 38 40 0.0 0.0 0.0 1.0 493.0 16.0 0.0
40 38 41 0.0 0.0 0.0 2.0 260.0 9.0 0.0
40 38 42 0.0 0.0 0.0 0.0 116.0 1.0 0.0
40 39 38 0.0 0.0 0.0 0.0 294.0 11.0 0.0
40 39 39 0.0 0.0 0.0 15.0 20874.0 690.0 619.0
40 39 40 0.0 0.0 0.0 52.0 27036.0 843.0 1083.0
40 39 41 0.0 0.0 0.0 62.0 21241.0 656.0 622.0
40 39 42 0.0 0.0 0.0 0.0 219.0 6.0 0.0
40 40 38 0.0 0.0 0.0 0.0 453.0 16.0 0.0
40 40 39 0.0 0.0 0.0 49.0 26994.0 822.0 1143.0
40 40 40 0.0 0.0 0.0 286.0 57487.0 896.0 52537.0
40 40 41 0.0 0.0 0.0 19.0 27218.0 825.0 1130.0
40 40 42 0.0 0.0 0.0 1.0 427.0 18.0 0.0
40 41 38 0.0 0.0 0.0 0.0 347.0 8.0 0.0
40 41 39 0.0 0.0 0.0 17.0 21452.0 683.0 695.0
40 41 40 0.0 0.0 0.0 64.0 27690.0 826.0 1159.0
40 41 41 0.0 0.0 0.0 50.0 21530.0 704.0 661.0
40 41 42 0.0 0.0 0.0 0.0 321.0 15.0 0.0
40 42 38 0.0 0.0 0.0 0.0 106.0 2.0 0.0
40 42 39 0.0 0.0 0.0 0.0 325.0 11.0 0.0
40 42 40 0.0 0.0 0.0 1.0 472.0 19.0 0.0
40 42 41 0.0 0.0 0.0 2.0 288.0 9.0 0.0
40 42 42 0.0 0.0 0.0 0.0 104.0 1.0 0.0
41 38 38 0.0 0.0 0.0 0.0 84.0 4.0 0.0
41 38 39 0.0 0.0 0.0 0.0 215.0 9.0 0.0
41 38 40 0.0 0.0 0.0 0.0 301.0 8.0 0.0
41 38 41 0.0 0.0 0.0 0.0 197.0 4.0 0.0
41 38 42 0.0 0.0 0.0 2.0 75.0 1.0 0.0
41 39 38 0.0 0.0 0.0 0.0 250.0 8.0 0.0
41 39 39 0.0 0.0 0.0 23.0 19235.0 597.0 501.0
41 39 40 0.0 0.0 0.0 25.0 21064.0 671.0 652.0
41 39 41 0.0 0.0 0.0 25.0 18221.0 564.0 452.0
41 39 42 0.0 0.0 0.0 0.0 273.0 6.0 0.0
41 40 38 0.0 0.0 0.0 0.0 301.0 10.0 0.0
41 40 39 0.0 0.0 0.0 48.0 21345.0 659.0 696.0
41 40 40 0.0 0.0 0.0 44.0 31553.0 973.0 1587.0
41 40 41 0.0 0.0 0.0 38.0 20176.0 614.0 533.0
41 40 42 0.0 0.0 0.0 1.0 275.0 6.0 0.0
41 41 38 0.0 0.0 0.0 0.0 314.0 6.0 0.0
41 41 39 0.0 0.0 0.0 33.0 17600.0 601.0 420.0
41 41 40 0.0 0.0 0.0 14.0 20046.0 643.0 557.0
41 41 41 0.0 0.0 0.0 27.0 16656.0 582.0 352.0
41 41 42 0.0 0.0 0.0 0.0 197.0 9.0 0.0
41 41 43 0.0 0.0 0.0 0.0 2.0 0.0 0.0
41 42 38 0.0 0.0 0.0 1.0 53.0 2.0 0.0
41 42 39 0.0 0.0 0.0 0.0 214.0 3.0 0.0
41 42 40 0.0 0.0 0.0 0.0 290.0 10.0 0.0
41 42 41 0.0 0.0 0.0 0.0 207.0 3.0 0.0
41 42 42 0.0 0.0 0.0 0.0 63.0 2.0 0.0
42 38 38 0.0 0.0 0.0 0.0 26.0 0.0 0.0
42 38 39 0.0 0.0 0.0 0.0 76.0 3.0 0.0
42 38 40 0.0 0.0 0.0 0.0 91.0 4.0 0.0
42 38 41 0.0 0.0 0.0 0.0 82.0 3.0 0.0
42 38 42 0.0 0.0 0.0 0.0 24.0 2.0 0.0
42 39 38 0.0 0.0 0.0 0.0 93.0 3.0 0.0
42 39 39 0.0 0.0 0.0 1.0 230.0 10.0 0.0
42 39 40 0.0 0.0 0.0 0.0 367.0 5.0 0.0
42 39 41 0.0 0.0 0.0 0.0 248.0 7.0 0.0
42 39 42 0.0 0.0 0.0 0.0 69.0 5.0 0.0
42 40 38 0.0 0.0 0.0 0.0 128.0 6.0 0.0
42 40 39 0.0 0.0 0.0 0.0 347.0 11.0 0.0
42 40 40 0.0 0.0 0.0 0.0 616.0 25.0 0.0
42 40 41 0.0 0.0 0.0 0.0 366.0 9.0 0.0
42 40 42 0.0 0.0 0.0 0.0 159.0 5.0 0.0
42 41 38 0.0 0.0 0.0 0.0 59.0 1.0 0.0
42 41 39 0.0 0.0 0.0 0.0 244.0 9.0 0.0
42 41 40 0.0 0.0 0.0 0.0 314.0 11.0 0.0
42 41 41 0.0 0.0 0.0 0.0 259.0 10.0 1.0
42 41 42 0.0 0.0 0.0 0.0 75.0 1.0 0.0
42 42 38 0.0 0.0 0.0 0.0 15.0 0.0 0.0
42 42 39 0.0 0.0 0.0 0.0 86.0 4.0 0.0
42 42 40 0.0 0.0 0.0 0.0 89.0 5.0 0.0
42 42 41 0.0 0.0 0.0 0.0 69.0 5.0 0.0
42 42 42 0.0 0.0 0.0 0.0 32.0 1.0 0.0
