39 39 39 0.0 0.0 0.0 7.0 183.0 4.0 0.0
39 39 40 0.0 0.0 0.0 3.0 344.0 12.0 0.0
39 39 41 0.0 0.0 0.0 3.0 231.0 12.0 0.0
39 40 39 0.0 0.0 0.0 9.0 205.0 6.0 0.0
39 40 40 0.0 0.0 0.0 1.0 402.0 12.0 0.0
39 40 41 0.0 0.0 0.0 2.0 275.0 12.0 0.0
39 41 39 0.0 0.0 0.0 0.0 169.0 6.0 0.0
39 41 40 0.0 0.0 0.0 7.0 361.0 15.0 0.0
39 41 41 0.0 0.0 0.0 5.0 173.0 6.0 0.0
40 39 39 0.0 0.0 0.0 1.0 247.0 6.0 0.0
40 39 40 0.0 0.0 0.0 3.0 315.0 17.0 0.0
40 39 41 0.0 0.0 0.0 10.0 289.0 16.0 0.0
40 40 39 0.0 0.0 0.0 0.0 314.0 17.0 0.0
40 40 40 0.0 0.0 0.0 314.0 37075.0 1039.0 2827.0
40 40 41 0.0 0.0 0.0 0.0 373.0 7.0 0.0
40 41 39 0.0 0.0 0.0 0.0 288.0 10.0 0.0
40 41 40 0.0 0.0 0.0 1.0 400.0 15.0 0.0
40 41 41 0.0 0.0 0.0 3.0 259.0 4.0 0.0
41 39 39 0.0 0.0 0.0 2.0 237.0 8.0 0.0
41 39 40 0.0 0.0 0.0 1.0 235.0 9.0 0.0
41 39 41 0.0 0.0 0.0 1.0 216.0 9.0 0.0
41 40 39 0.0 0.0 0.0 3.0 267.0 6.0 0.0
41 40 40 0.0 0.0 0.0 3.0 608.0 31.0 0.0
41 40 41 0.0 0.0 0.0 2.0 215.0 6.0 0.0
41 41 39 0.0 0.0 0.0 2.0 210.0 9.0 0.0
41 41 40 0.0 0.0 0.0 0.0 238.0 8.0 0.0
41 41 41 0.0 0.0 0.0 1.0 202.0 7.0 0.0
