37 39 38 0.0 0.0 0.0 0.0 3.0 0.0 0.0
37 39 39 0.0 0.0 0.0 0.0 1.0 0.0 0.0
37 42 38 0.0 0.0 0.0 0.0 1.0 0.0 0.0
37 42 41 0.0 0.0 0.0 0.0 2.0 0.0 0.0
38 38 38 0.0 0.0 0.0 1.0 82.0 4.0 0.0
38 38 39 0.0 0.0 0.0 0.0 391.0 13.0 0.0
38 38 40 0.0 0.0 0.0 0.0 453.0 16.0 0.0
38 38 41 0.0 0.0 0.0 0.0 265.0 2.0 0.0
38 38 42 0.0 0.0 0.0 0.0 133.0 4.0 0.0
38 39 38 0.0 0.0 0.0 0.0 274.0 8.0 0.0
38 39 39 0.0 0.0 0.0 0.0 878.0 25.0 0.0
38 39 40 0.0 0.0 0.0 3.0 1219.0 49.0 3.0
38 39 41 0.0 0.0 0.0 0.0 818.0 31.0 1.0
38 39 42 0.0 0.0 0.0 0.0 334.0 15.0 0.0
38 40 38 0.0 0.0 0.0 0.0 384.0 12.0 0.0
38 40 39 0.0 0.0 0.0 2.0 1289.0 52.0 1.0
38 40 40 0.0 0.0 0.0 4.0 1621.0 55.0 0.0
38 40 41 0.0 0.0 0.0 1.0 1269.0 52.0 1.0
38 40 42 0.0 0.0 0.0 0.0 405.0 19.0 0.0
38 40 43 0.0 0.0 0.0 0.0 1.0 0.0 0.0
38 41 38 0.0 0.0 0.0 0.0 290.0 15.0 0.0
38 41 39 0.0 0.0 0.0 1.0 996.0 29.0 0.0
38 41 40 0.0 0.0 0.0 1.0 1302.0 41.0 0.0
38 41 41 0.0 0.0 0.0 0.0 907.0 34.0 2.0
38 41 42 0.0 0.0 0.0 0.0 291.0 8.0 0.0
38 42 38 0.0 0.0 0.0 0.0 125.0 4.0 0.0
38 42 39 0.0 0.0 0.0 0.0 347.0 14.0 0.0
38 42 40 0.0 0.0 0.0 0.0 453.0 15.0 0.0
38 42 41 0.0 0.0 0.0 0.0 317.0 12.0 0.0
38 42 42 0.0 0.0 0.0 0.0 104.0 4.0 0.0
38 43 40 0.0 0.0 0.0 0.0 1.0 0.0 0.0
39 38 38 0.0 0.0 0.0 0.0 230.0 9.0 0.0
39 38 39 0.0 0.0 0.0 0.0 803.0 29.0 0.0
39 38 40 0.0 0.0 0.0 0.0 1189.0 39.0 2.0
39 38 41 0.0 0.0 0.0 1.0 864.0 29.0 1.0
39 38 42 0.0 0.0 0.0 1.0 261.0 10.0 0.0
39 39 38 0.0 0.0 0.0 2.0 770.0 35.0 2.0
39 39 39 0.0 0.0 0.0 105.0 30637.0 928.0 1600.0
39 39 40 0.0 0.0 0.0 96.0 37900.0 1062.0 2509.0
39 39 41 0.0 0.0 0.0 23.0 31180.0 919.0 1621.0
39 39 42 0.0 0.0 0.0 1.0 849.0 34.0 0.0
39 40 38 0.0 0.0 0.0 3.0 1174.0 40.0 0.0
39 40 39 0.0 0.0 0.0 118.0 34835.0 1024.0 2065.0
39 40 40 0.0 0.0 0.0 46.0 45475.0 1235.0 3890.0
39 40 41 0.0 0.0 0.0 32.0 36361.0 1021.0 2255.0
39 40 42 0.0 0.0 0.0 2.0 1196.0 47.0 3.0
39 41 37 0.0 0.0 0.0 0.0 4.0 0.0 0.0
39 41 38 0.0 0.0 0.0 0.0 777.0 29.0 0.0
39 41 39 0.0 0.0 0.0 12.0 30642.0 960.0 1505.0
39 41 40 0.0 0.0 0.0 164.0 39726.0 1163.0 2897.0
39 41 41 0.0 0.0 0.0 42.0 31021.0 911.0 1560.0
39 41 42 0.0 0.0 0.0 2.0 762.0 27.0 0.0
39 42 38 0.0 0.0 0.0 0.0 282.0 5.0 0.0
39 42 39 0.0 0.0 0.0 1.0 910.0 31.0 0.0
39 42 40 0.0 0.0 0.0 4.0 1301.0 50.0 2.0
39 42 41 0.0 0.0 0.0 0.0 940.0 42.0 2.0
39 42 42 0.0 0.0 0.0 1.0 263.0 7.0 0.0
39 42 43 0.0 0.0 0.0 0.0 2.0 0.0 0.0
39 43 41 0.0 0.0 0.0 0.0 1.0 0.0 0.0
40 38 38 0.0 0.0 0.0 0.0 492.0 15.0 0.0
40 38 39 0.0 0.0 0.0 1.0 1119.0 43.0 2.0
40 38 40 0.0 0.0 0.0 2.0 1805.0 58.0 3.0
40 38 41 0.0 0.0 0.0 2.0 1184.0 43.0 1.0
40 38 42 0.0 0.0 0.0 0.0 472.0 14.0 0.0
40 39 38 0.0 0.0 0.0 0.0 1234.0 48.0 0.0
40 39 39 0.0 0.0 0.0 23.0 36153.0 1080.0 2236.0
40 39 40 0.0 0.0 0.0 83.0 44659.0 1260.0 3665.0
40 39 41 0.0 0.0 0.0 83.0 36978.0 1077.0 2326.0
40 39 42 0.0 0.0 0.0 0.0 1008.0 43.0 0.0
40 39 43 0.0 0.0 0.0 0.0 1.0 0.0 0.0
40 40 38 0.0 0.0 0.0 3.0 1750.0 65.0 2.0
40 40 39 0.0 0.0 0.0 55.0 44404.0 1185.0 3784.0
40 40 40 0.0 0.0 0.0 248.0 51078.0 782.0 64596.0
40 40 41 0.0 0.0 0.0 25.0 44561.0 1191.0 3817.0
40 40 42 0.0 0.0 0.0 3.0 1714.0 71.0 2.0
40 41 37 0.0 0.0 0.0 0.0 1.0 0.0 0.0
40 41 38 0.0 0.0 0.0 0.0 1319.0 53.0 1.0
40 41 39 0.0 0.0 0.0 31.0 37114.0 1099.0 2435.0
40 41 40 0.0 0.0 0.0 65.0 45524.0 1269.0 3910.0
40 41 41 0.0 0.0 0.0 67.0 37396.0 1123.0 2390.0
40 41 42 0.0 0.0 0.0 0.0 1252.0 32.0 1.0
40 41 43 0.0 0.0 0.0 0.0 1.0 0.0 0.0
40 42 38 0.0 0.0 0.0 1.0 425.0 9.0 0.0
40 42 39 0.0 0.0 0.0 0.0 1320.0 48.0 1.0
40 42 40 0.0 0.0 0.0 6.0 1879.0 70.0 2.0
40 42 41 0.0 0.0 0.0 4.0 1183.0 36.0 2.0
40 42 42 0.0 0.0 0.0 0.0 401.0 12.0 0.0
40 43 39 0.0 0.0 0.0 0.0 2.0 0.0 0.0
40 43 42 0.0 0.0 0.0 0.0 1.0 0.0 0.0
41 37 41 0.0 0.0 0.0 0.0 1.0 0.0 0.0
41 38 38 0.0 0.0 0.0 0.0 302.0 10.0 0.0
41 38 39 0.0 0.0 0.0 0.0 863.0 27.0 0.0
41 38 40 0.0 0.0 0.0 0.0 1230.0 41.0 2.0
41 38 41 0.0 0.0 0.0 0.0 832.0 35.0 0.0
41 38 42 0.0 0.0 0.0 2.0 296.0 7.0 0.0
41 39 38 0.0 0.0 0.0 0.0 941.0 40.0 2.0
41 39 39 0.0 0.0 0.0 41.0 33622.0 964.0 1926.0
41 39 40 0.0 0.0 0.0 34.0 36713.0 1132.0 2301.0
41 39 41 0.0 0.0 0.0 32.0 32637.0 1039.0 1702.0
41 39 42 0.0 0.0 0.0 0.0 984.0 25.0 2.0
41 40 38 0.0 0.0 0.0 0.0 1191.0 44.0 0.0
41 40 39 0.0 0.0 0.0 60.0 37010.0 1105.0 2362.0
41 40 40 0.0 0.0 0.0 48.0 49165.0 1277.0 4883.0
41 40 41 0.0 0.0 0.0 51.0 35870.0 1082.0 2024.0
41 40 42 0.0 0.0 0.0 1.0 1157.0 42.0 0.0
41 41 38 0.0 0.0 0.0 0.0 1018.0 29.0 0.0
41 41 39 0.0 0.0 0.0 46.0 31655.0 999.0 1560.0
41 41 40 0.0 0.0 0.0 21.0 35504.0 1080.0 2068.0
41 41 41 0.0 0.0 0.0 48.0 30287.0 945.0 1419.0
41 41 42 0.0 0.0 0.0 0.0 865.0 33.0 0.0
41 41 43 0.0 0.0 0.0 0.0 3.0 0.0 0.0
41 42 38 0.0 0.0 0.0 1.0 274.0 12.0 0.0
41 42 39 0.0 0.0 0.0 0.0 868.0 33.0 0.0
41 42 40 0.0 0.0 0.0 0.0 1258.0 39.0 0.0
41 42 41 0.0 0.0 0.0 0.0 803.0 30.0 1.0
41 42 42 0.0 0.0 0.0 0.0 303.0 8.0 0.0
41 43 40 0.0 0.0 0.0 0.0 1.0 0.0 0.0
41 43 41 0.0 0.0 0.0 0.0 2.0 0.0 0.0
42 38 37 0.0 0.0 0.0 0.0 1.0 0.0 0.0
42 38 38 0.0 0.0 0.0 0.0 125.0 4.0 0.0
42 38 39 0.0 0.0 0.0 1.0 330.0 16.0 0.0
42 38 40 0.0 0.0 0.0 0.0 470.0 15.0 0.0
42 38 41 0.0 0.0 0.0 1.0 324.0 7.0 0.0
42 38 42 0.0 0.0 0.0 0.0 133.0 11.0 0.0
42 39 38 0.0 0.0 0.0 0.0 342.0 11.0 0.0
42 39 39 0.0 0.0 0.0 2.0 1014.0 33.0 0.0
42 39 40 0.0 0.0 0.0 2.0 1407.0 64.0 3.0
42 39 41 0.0 0.0 0.0 0.0 954.0 31.0 2.0
42 39 42 0.0 0.0 0.0 0.0 311.0 11.0 0.0
42 40 38 0.0 0.0 0.0 2.0 549.0 18.0 2.0
42 40 39 0.0 0.0 0.0 0.0 1321.0 47.0 1.0
42 40 40 0.0 0.0 0.0 1.0 2209.0 77.0 1.0
42 40 41 0.0 0.0 0.0 0.0 1358.0 38.0 2.0
42 40 42 0.0 0.0 0.0 1.0 501.0 14.0 0.0
42 41 38 0.0 0.0 0.0 0.0 275.0 12.0 0.0
42 41 39 0.0 0.0 0.0 0.0 976.0 37.0 2.0
42 41 40 0.0 0.0 0.0 0.0 1308.0 42.0 2.0
42 41 41 0.0 0.0 0.0 0.0 934.0 25.0 2.0
42 41 42 0.0 0.0 0.0 0.0 273.0 11.0 0.0
42 42 38 0.0 0.0 0.0 0.0 103.0 0.0 0.0
42 42 39 0.0 0.0 0.0 0.0 302.0 12.0 0.0
42 42 40 0.0 0.0 0.0 0.0 428.0 16.0 0.0
42 42 41 0.0 0.0 0.0 0.0 274.0 10.0 0.0
42 42 42 0.0 0.0 0.0 0.0 111.0 2.0 0.0
43 38 38 0.0 0.0 0.0 0.0 1.0 0.0 0.0
43 39 40 0.0 0.0 0.0 0.0 1.0 0.0 0.0
43 40 40 0.0 0.0 0.0 0.0 4.0 0.0 0.0
