36 36 39 0.0 0.0 0.0 0.0 1.0 0.0 0.0
36 36 40 0.0 0.0 0.0 0.0 6.0 0.0 0.0
36 36 41 0.0 0.0 0.0 0.0 3.0 0.0 0.0
36 36 42 0.0 0.0 0.0 0.0 1.0 0.0 0.0
36 37 37 0.0 0.0 0.0 0.0 1.0 0.0 0.0
36 37 38 0.0 0.0 0.0 0.0 7.0 0.0 0.0
36 37 39 0.0 0.0 0.0 0.0 28.0 0.0 0.0
36 37 40 0.0 0.0 0.0 0.0 54.0 0.0 0.0
36 37 41 0.0 0.0 0.0 0.0 33.0 2.0 0.0
36 37 42 0.0 0.0 0.0 0.0 14.0 1.0 0.0
36 37 43 0.0 0.0 0.0 0.0 2.0 0.0 0.0
36 38 37 0.0 0.0 0.0 0.0 13.0 0.0 0.0
36 38 38 0.0 0.0 0.0 0.0 100.0 3.0 0.0
36 38 39 0.0 0.0 0.0 0.0 231.0 5.0 0.0
36 38 40 0.0 0.0 0.0 0.0 318.0 13.0 0.0
36 38 41 0.0 0.0 0.0 0.0 212.0 3.0 0.0
36 38 42 0.0 0.0 0.0 0.0 68.0 2.0 0.0
36 38 43 0.0 0.0 0.0 0.0 17.0 1.0 0.0
36 39 37 0.0 0.0 0.0 0.0 56.0 2.0 0.0
36 39 38 0.0 0.0 0.0 0.0 232.0 10.0 0.0
36 39 39 0.0 0.0 0.0 0.0 429.0 17.0 0.0
36 39 40 0.0 0.0 0.0 0.0 623.0 25.0 0.0
36 39 41 0.0 0.0 0.0 0.0 477.0 10.0 0.0
36 39 42 0.0 0.0 0.0 0.0 257.0 10.0 0.0
36 39 43 0.0 0.0 0.0 0.0 51.0 2.0 0.0
36 39 44 0.0 0.0 0.0 0.0 1.0 0.0 0.0
36 40 36 0.0 0.0 0.0 0.0 1.0 0.0 0.0
36 40 37 0.0 0.0 0.0 0.0 66.0 3.0 0.0
36 40 38 0.0 0.0 0.0 0.0 268.0 8.0 0.0
36 40 39 0.0 0.0 0.0 0.0 697.0 20.0 1.0
36 40 40 0.0 0.0 0.0 0.0 916.0 34.0 0.0
36 40 41 0.0 0.0 0.0 0.0 695.0 20.0 0.0
36 40 42 0.0 0.0 0.0 0.0 364.0 15.0 0.0
36 40 43 0.0 0.0 0.0 0.0 42.0 1.0 0.0
36 40 44 0.0 0.0 0.0 0.0 1.0 0.0 0.0
36 41 36 0.0 0.0 0.0 0.0 2.0 0.0 0.0
36 41 37 0.0 0.0 0.0 0.0 32.0 2.0 0.0
36 41 38 0.0 0.0 0.0 0.0 227.0 11.0 0.0
36 41 39 0.0 0.0 0.0 0.0 531.0 18.0 1.0
36 41 40 0.0 0.0 0.0 0.0 762.0 22.0 0.0
36 41 41 0.0 0.0 0.0 0.0 460.0 12.0 0.0
36 41 42 0.0 0.0 0.0 0.0 205.0 9.0 0.0
36 41 43 0.0 0.0 0.0 0.0 51.0 2.0 0.0
36 42 37 0.0 0.0 0.0 0.0 18.0 2.0 0.0
36 42 38 0.0 0.0 0.0 0.0 110.0 5.0 0.0
36 42 39 0.0 0.0 0.0 0.0 242.0 5.0 0.0
36 42 40 0.0 0.0 0.0 0.0 345.0 11.0 0.0
36 42 41 0.0 0.0 0.0 0.0 207.0 8.0 0.0
36 42 42 0.0 0.0 0.0 0.0 72.0 2.0 0.0
36 42 43 0.0 0.0 0.0 0.0 29.0 0.0 0.0
36 43 37 0.0 0.0 0.0 0.0 3.0 0.0 0.0
36 43 38 0.0 0.0 0.0 0.0 12.0 0.0 0.0
36 43 39 0.0 0.0 0.0 0.0 40.0 2.0 0.0
36 43 40 0.0 0.0 0.0 0.0 43.0 0.0 0.0
36 43 41 0.0 0.0 0.0 0.0 53.0 3.0 0.0
36 43 42 0.0 0.0 0.0 0.0 11.0 0.0 0.0
36 43 43 0.0 0.0 0.0 0.0 1.0 0.0 0.0
36 44 37 0.0 0.0 0.0 0.0 1.0 0.0 0.0
36 44 38 0.0 0.0 0.0 0.0 5.0 0.0 0.0
36 44 40 0.0 0.0 0.0 0.0 4.0 0.0 0.0
36 44 41 0.0 0.0 0.0 0.0 2.0 0.0 0.0
37 36 37 0.0 0.0 0.0 0.0 2.0 0.0 0.0
37 36 38 0.0 0.0 0.0 0.0 26.0 1.0 0.0
37 36 39 0.0 0.0 0.0 0.0 34.0 1.0 0.0
37 36 40 0.0 0.0 0.0 0.0 51.0 3.0 0.0
37 36 41 0.0 0.0 0.0 0.0 31.0 1.0 0.0
37 36 42 0.0 0.0 0.0 0.0 19.0 0.0 0.0
37 36 43 0.0 0.0 0.0 0.0 1.0 0.0 0.0
37 37 37 0.0 0.0 0.0 0.0 364.0 11.0 0.0
37 37 38 0.0 0.0 0.0 0.0 1665.0 61.0 3.0
37 37 39 0.0 0.0 0.0 0.0 3915.0 144.0 15.0
37 37 40 0.0 0.0 0.0 3.0 4930.0 163.0 24.0
37 37 41 0.0 0.0 0.0 0.0 3801.0 158.0 8.0
37 37 42 0.0 0.0 0.0 0.0 1714.0 59.0 1.0
37 37 43 0.0 0.0 0.0 1.0 334.0 11.0 0.0
37 37 44 0.0 0.0 0.0 0.0 4.0 0.0 0.0
37 38 36 0.0 0.0 0.0 0.0 15.0 0.0 0.0
37 38 37 0.0 0.0 0.0 0.0 1481.0 54.0 3.0
37 38 38 0.0 0.0 0.0 1.0 6941.0 245.0 44.0
37 38 39 0.0 0.0 0.0 6.0 15363.0 507.0 179.0
37 38 40 0.0 0.0 0.0 20.0 18634.0 607.0 383.0
37 38 41 0.0 0.0 0.0 1.0 15554.0 489.0 250.0
37 38 42 0.0 0.0 0.0 0.0 7073.0 233.0 52.0
37 38 43 0.0 0.0 0.0 1.0 1648.0 64.0 4.0
37 38 44 0.0 0.0 0.0 0.0 21.0 0.0 0.0
37 39 36 0.0 0.0 0.0 0.0 36.0 1.0 0.0
37 39 37 0.0 0.0 0.0 0.0 3691.0 104.0 7.0
37 39 38 0.0 0.0 0.0 4.0 15967.0 553.0 238.0
37 39 39 0.0 0.0 0.0 1.0 29910.0 888.0 982.0
37 39 40 0.0 0.0 0.0 11.0 35060.0 1022.0 1498.0
37 39 41 0.0 0.0 0.0 2.0 29145.0 876.0 980.0
37 39 42 0.0 0.0 0.0 0.0 15519.0 508.0 235.0
37 39 43 0.0 0.0 0.0 3.0 4251.0 140.0 8.0
37 39 44 0.0 0.0 0.0 0.0 44.0 1.0 0.0
37 40 36 0.0 0.0 0.0 0.0 50.0 2.0 0.0
37 40 37 0.0 0.0 0.0 0.0 4118.0 116.0 12.0
37 40 38 0.0 0.0 0.0 8.0 18506.0 626.0 371.0
37 40 39 0.0 0.0 0.0 1.0 35118.0 1037.0 1494.0
37 40 40 0.0 0.0 0.0 6.0 41484.0 1120.0 2307.0
37 40 41 0.0 0.0 0.0 1.0 35859.0 1046.0 1560.0
37 40 42 0.0 0.0 0.0 5.0 18459.0 573.0 361.0
37 40 43 0.0 0.0 0.0 0.0 4574.0 148.0 15.0
37 40 44 0.0 0.0 0.0 0.0 56.0 1.0 0.0
37 41 36 0.0 0.0 0.0 0.0 33.0 0.0 0.0
37 41 37 0.0 0.0 0.0 0.0 3867.0 147.0 18.0
37 41 38 0.0 0.0 0.0 0.0 15266.0 517.0 249.0
37 41 39 0.0 0.0 0.0 8.0 29522.0 914.0 1068.0
37 41 40 0.0 0.0 0.0 4.0 36284.0 1057.0 1665.0
37 41 41 0.0 0.0 0.0 0.0 29592.0 910.0 1046.0
37 41 42 0.0 0.0 0.0 2.0 15247.0 493.0 236.0
37 41 43 0.0 0.0 0.0 0.0 3621.0 138.0 14.0
37 41 44 0.0 0.0 0.0 0.0 35.0 0.0 0.0
37 42 36 0.0 0.0 0.0 0.0 9.0 0.0 0.0
37 42 37 0.0 0.0 0.0 0.0 1810.0 63.0 7.0
37 42 38 0.0 0.0 0.0 1.0 7167.0 248.0 56.0
37 42 39 0.0 0.0 0.0 3.0 16474.0 519.0 269.0
37 42 40 0.0 0.0 0.0 1.0 20200.0 649.0 443.0
37 42 41 0.0 0.0 0.0 1.0 16155.0 510.0 264.0
37 42 42 0.0 0.0 0.0 3.0 7466.0 267.0 41.0
37 42 43 0.0 0.0 0.0 0.0 1764.0 54.0 5.0
37 42 44 0.0 0.0 0.0 0.0 11.0 0.0 0.0
37 43 36 0.0 0.0 0.0 0.0 3.0 0.0 0.0
37 43 37 0.0 0.0 0.0 0.0 378.0 17.0 0.0
37 43 38 0.0 0.0 0.0 0.0 1766.0 69.0 5.0
37 43 39 0.0 0.0 0.0 0.0 3992.0 141.0 15.0
37 43 40 0.0 0.0 0.0 1.0 4954.0 170.0 33.0
37 43 41 0.0 0.0 0.0 2.0 3775.0 127.0 17.0
37 43 42 0.0 0.0 0.0 3.0 1647.0 54.0 2.0
37 43 43 0.0 0.0 0.0 0.0 282.0 11.0 0.0
37 43 44 0.0 0.0 0.0 0.0 3.0 0.0 0.0
37 44 37 0.0 0.0 0.0 0.0 1.0 0.0 0.0
37 44 38 0.0 0.0 0.0 0.0 19.0 1.0 0.0
37 44 39 0.0 0.0 0.0 0.0 46.0 3.0 0.0
37 44 40 0.0 0.0 0.0 0.0 91.0 2.0 0.0
37 44 41 0.0 0.0 0.0 0.0 45.0 2.0 0.0
37 44 42 0.0 0.0 0.0 0.0 6.0 0.0 0.0
37 44 43 0.0 0.0 0.0 0.0 2.0 0.0 0.0
38 36 37 0.0 0.0 0.0 0.0 8.0 1.0 0.0
38 36 38 0.0 0.0 0.0 0.0 99.0 3.0 0.0
38 36 39 0.0 0.0 0.0 0.0 186.0 6.0 0.0
38 36 40 0.0 0.0 0.0 0.0 240.0 8.0 0.0
38 36 41 0.0 0.0 0.0 0.0 204.0 9.0 0.0
38 36 42 0.0 0.0 0.0 0.0 111.0 4.0 0.0
38 36 43 0.0 0.0 0.0 0.0 35.0 3.0 0.0
38 36 44 0.0 0.0 0.0 0.0 1.0 0.0 0.0
38 37 36 0.0 0.0 0.0 0.0 12.0 0.0 0.0
38 37 37 0.0 0.0 0.0 0.0 1565.0 48.0 1.0
38 37 38 0.0 0.0 0.0 1.0 7614.0 251.0 56.0
38 37 39 0.0 0.0 0.0 0.0 14796.0 488.0 209.0
38 37 40 0.0 0.0 0.0 16.0 18210.0 590.0 342.0
38 37 41 0.0 0.0 0.0 4.0 15344.0 530.0 231.0
38 37 42 0.0 0.0 0.0 0.0 7103.0 229.0 43.0
38 37 43 0.0 0.0 0.0 0.0 1725.0 54.0 6.0
38 37 44 0.0 0.0 0.0 0.0 16.0 0.0 0.0
38 38 36 0.0 0.0 0.0 0.0 80.0 2.0 0.0
38 38 37 0.0 0.0 0.0 2.0 6656.0 199.0 30.0
38 38 38 0.0 0.0 0.0 5.0 50258.0 1350.0 4653.0
38 38 39 0.0 0.0 0.0 14.0 71327.0 1517.0 14909.0
38 38 40 0.0 0.0 0.0 18.0 75811.0 1519.0 20260.0
38 38 41 0.0 0.0 0.0 18.0 70705.0 1434.0 14180.0
38 38 42 0.0 0.0 0.0 4.0 52152.0 1357.0 5220.0
38 38 43 0.0 0.0 0.0 1.0 7372.0 233.0 43.0
38 38 44 0.0 0.0 0.0 0.0 60.0 2.0 0.0
38 39 36 0.0 0.0 0.0 0.0 207.0 2.0 0.0
38 39 37 0.0 0.0 0.0 2.0 15259.0 498.0 248.0
38 39 38 0.0 0.0 0.0 17.0 69806.0 1507.0 13283.0
38 39 39 0.0 0.0 0.0 38.0 79965.0 1335.0 32530.0
38 39 40 0.0 0.0 0.0 57.0 79907.0 1205.0 40582.0
38 39 41 0.0 0.0 0.0 12.0 80144.0 1327.0 31798.0
38 39 42 0.0 0.0 0.0 8.0 71201.0 1442.0 14906.0
38 39 43 0.0 0.0 0.0 2.0 15021.0 477.0 194.0
38 39 44 0.0 0.0 0.0 0.0 211.0 10.0 0.0
38 40 36 0.0 0.0 0.0 0.0 292.0 9.0 0.0
38 40 37 0.0 0.0 0.0 5.0 17975.0 594.0 313.0
38 40 38 0.0 0.0 0.0 12.0 74735.0 1441.0 18933.0
38 40 39 0.0 0.0 0.0 40.0 79801.0 1167.0 40669.0
38 40 40 0.0 0.0 0.0 27.0 77490.0 1079.0 49323.0
38 40 41 0.0 0.0 0.0 29.0 79839.0 1265.0 40643.0
38 40 42 0.0 0.0 0.0 4.0 75696.0 1557.0 19446.0
38 40 43 0.0 0.0 0.0 1.0 18341.0 639.0 346.0
38 40 44 0.0 0.0 0.0 0.0 320.0 16.0 0.0
38 41 36 0.0 0.0 0.0 0.0 188.0 4.0 0.0
38 41 37 0.0 0.0 0.0 1.0 15348.0 486.0 239.0
38 41 38 0.0 0.0 0.0 9.0 70392.0 1483.0 13605.0
38 41 39 0.0 0.0 0.0 32.0 79671.0 1340.0 33487.0
38 41 40 0.0 0.0 0.0 21.0 79634.0 1209.0 41235.0
38 41 41 0.0 0.0 0.0 23.0 79757.0 1331.0 33452.0
38 41 42 0.0 0.0 0.0 8.0 70578.0 1551.0 14273.0
38 41 43 0.0 0.0 0.0 2.0 14837.0 502.0 217.0
38 41 44 0.0 0.0 0.0 0.0 176.0 6.0 0.0
38 42 36 0.0 0.0 0.0 0.0 81.0 3.0 0.0
38 42 37 0.0 0.0 0.0 0.0 7236.0 238.0 52.0
38 42 38 0.0 0.0 0.0 20.0 50240.0 1331.0 4679.0
38 42 39 0.0 0.0 0.0 17.0 71472.0 1564.0 14914.0
38 42 40 0.0 0.0 0.0 53.0 75675.0 1470.0 20239.0
38 42 41 0.0 0.0 0.0 15.0 71000.0 1557.0 14020.0
38 42 42 0.0 0.0 0.0 2.0 50194.0 1305.0 4715.0
38 42 43 0.0 0.0 0.0 0.0 6625.0 231.0 39.0
38 42 44 0.0 0.0 0.0 0.0 86.0 2.0 0.0
38 43 36 0.0 0.0 0.0 0.0 29.0 2.0 0.0
38 43 37 0.0 0.0 0.0 0.0 1738.0 57.0 0.0
38 43 38 0.0 0.0 0.0 0.0 7665.0 264.0 49.0
38 43 39 0.0 0.0 0.0 2.0 15931.0 508.0 264.0
38 43 40 0.0 0.0 0.0 7.0 20334.0 649.0 462.0
38 43 41 0.0 0.0 0.0 6.0 15695.0 524.0 228.0
38 43 42 0.0 0.0 0.0 0.0 7836.0 263.0 48.0
38 43 43 0.0 0.0 0.0 0.0 1461.0 41.0 2.0
38 43 44 0.0 0.0 0.0 0.0 14.0 0.0 0.0
38 44 37 0.0 0.0 0.0 0.0 24.0 1.0 0.0
38 44 38 0.0 0.0 0.0 0.0 95.0 3.0 0.0
38 44 39 0.0 0.0 0.0 0.0 236.0 9.0 0.0
38 44 40 0.0 0.0 0.0 1.0 310.0 4.0 0.0
38 44 41 0.0 0.0 0.0 0.0 215.0 10.0 0.0
38 44 42 0.0 0.0 0.0 0.0 111.0 3.0 0.0
38 44 43 0.0 0.0 0.0 0.0 19.0 1.0 0.0
39 36 36 0.0 0.0 0.0 0.0 1.0 0.0 0.0
39 36 37 0.0 0.0 0.0 0.0 38.0 0.0 0.0
39 36 38 0.0 0.0 0.0 0.0 234.0 7.0 0.0
39 36 39 0.0 0.0 0.0 0.0 509.0 20.0 0.0
39 36 40 0.0 0.0 0.0 0.0 697.0 29.0 1.0
39 36 41 0.0 0.0 0.0 0.0 475.0 15.0 0.0
39 36 42 0.0 0.0 0.0 0.0 250.0 3.0 0.0
39 36 43 0.0 0.0 0.0 0.0 47.0 1.0 0.0
39 36 44 0.0 0.0 0.0 0.0 5.0 0.0 0.0
39 37 36 0.0 0.0 0.0 0.0 36.0 0.0 0.0
39 37 37 0.0 0.0 0.0 0.0 3548.0 128.0 16.0
39 37 38 0.0 0.0 0.0 1.0 14705.0 509.0 226.0
39 37 39 0.0 0.0 0.0 4.0 29777.0 910.0 1024.0
39 37 40 0.0 0.0 0.0 2.0 35072.0 1035.0 1506.0
39 37 41 0.0 0.0 0.0 8.0 29157.0 893.0 975.0
39 37 42 0.0 0.0 0.0 0.0 15534.0 494.0 236.0
39 37 43 0.0 0.0 0.0 1.0 4185.0 129.0 12.0
39 37 44 0.0 0.0 0.0 0.0 52.0 6.0 0.0
39 38 36 0.0 0.0 0.0 0.0 200.0 4.0 0.0
39 38 37 0.0 0.0 0.0 0.0 15290.0 520.0 259.0
39 38 38 0.0 0.0 0.0 16.0 69673.0 1516.0 12956.0
39 38 39 0.0 0.0 0.0 20.0 79938.0 1288.0 31494.0
39 38 40 0.0 0.0 0.0 25.0 79915.0 1145.0 40487.0
39 38 41 0.0 0.0 0.0 20.0 79991.0 1269.0 32967.0
39 38 42 0.0 0.0 0.0 27.0 71035.0 1554.0 13846.0
39 38 43 0.0 0.0 0.0 2.0 15308.0 513.0 226.0
39 38 44 0.0 0.0 0.0 0.0 192.0 7.0 1.0
39 39 36 0.0 0.0 0.0 0.0 455.0 17.0 0.0
39 39 37 0.0 0.0 0.0 6.0 27881.0 890.0 856.0
39 39 38 0.0 0.0 0.0 10.0 80222.0 1276.0 30923.0
39 39 39 0.0 0.0 0.0 86.0 56775.0 575.0 90026.0
39 39 40 0.0 0.0 0.0 53.0 54172.0 472.0 99455.0
39 39 41 0.0 0.0 0.0 45.0 57034.0 553.0 90201.0
39 39 42 0.0 0.0 0.0 38.0 79979.0 1302.0 32260.0
39 39 43 0.0 0.0 0.0 2.0 29531.0 935.0 972.0
39 39 44 0.0 0.0 0.0 0.0 550.0 17.0 1.0
39 40 36 0.0 0.0 0.0 0.0 705.0 26.0 0.0
39 40 37 0.0 0.0 0.0 3.0 35419.0 1088.0 1473.0
39 40 38 0.0 0.0 0.0 9.0 79652.0 1200.0 40643.0
39 40 39 0.0 0.0 0.0 66.0 54941.0 471.0 98421.0
39 40 40 0.0 0.0 0.0 40.0 50018.0 363.0 109816.0
39 40 41 0.0 0.0 0.0 38.0 54570.0 487.0 98926.0
39 40 42 0.0 0.0 0.0 40.0 79766.0 1218.0 39991.0
39 40 43 0.0 0.0 0.0 3.0 35580.0 1089.0 1538.0
39 40 44 0.0 0.0 0.0 0.0 655.0 21.0 0.0
39 41 36 0.0 0.0 0.0 0.0 500.0 19.0 0.0
39 41 37 0.0 0.0 0.0 2.0 29057.0 913.0 953.0
39 41 38 0.0 0.0 0.0 15.0 80027.0 1300.0 31681.0
39 41 39 0.0 0.0 0.0 36.0 57105.0 528.0 90393.0
39 41 40 0.0 0.0 0.0 99.0 53213.0 465.0 101014.0
39 41 41 0.0 0.0 0.0 30.0 57311.0 580.0 89755.0
39 41 42 0.0 0.0 0.0 29.0 80409.0 1321.0 31841.0
39 41 43 0.0 0.0 0.0 5.0 27872.0 858.0 890.0
39 41 44 0.0 0.0 0.0 0.0 503.0 16.0 0.0
39 42 36 0.0 0.0 0.0 0.0 216.0 5.0 0.0
39 42 37 0.0 0.0 0.0 0.0 14489.0 489.0 203.0
39 42 38 0.0 0.0 0.0 6.0 70469.0 1526.0 14057.0
39 42 39 0.0 0.0 0.0 17.0 79721.0 1248.0 33572.0
39 42 40 0.0 0.0 0.0 37.0 79527.0 1158.0 41397.0
39 42 41 0.0 0.0 0.0 38.0 79995.0 1311.0 33682.0
39 42 42 0.0 0.0 0.0 28.0 70254.0 1477.0 13345.0
39 42 43 0.0 0.0 0.0 2.0 16107.0 522.0 258.0
39 42 44 0.0 0.0 0.0 0.0 215.0 2.0 0.0
39 43 36 0.0 0.0 0.0 0.0 51.0 1.0 0.0
39 43 37 0.0 0.0 0.0 2.0 3643.0 129.0 11.0
39 43 38 0.0 0.0 0.0 1.0 15143.0 532.0 250.0
39 43 39 0.0 0.0 0.0 7.0 29703.0 898.0 1023.0
39 43 40 0.0 0.0 0.0 3.0 36177.0 1047.0 1607.0
39 43 41 0.0 0.0 0.0 7.0 30800.0 893.0 1122.0
39 43 42 0.0 0.0 0.0 4.0 14400.0 475.0 203.0
39 43 43 0.0 0.0 0.0 0.0 3812.0 118.0 16.0
39 43 44 0.0 0.0 0.0 0.0 49.0 3.0 0.0
39 44 36 0.0 0.0 0.0 0.0 2.0 0.0 0.0
39 44 37 0.0 0.0 0.0 0.0 33.0 2.0 0.0
39 44 38 0.0 0.0 0.0 0.0 226.0 8.0 0.0
39 44 39 0.0 0.0 0.0 0.0 519.0 13.0 0.0
39 44 40 0.0 0.0 0.0 0.0 802.0 30.0 0.0
39 44 41 0.0 0.0 0.0 0.0 508.0 21.0 0.0
39 44 42 0.0 0.0 0.0 0.0 237.0 5.0 0.0
39 44 43 0.0 0.0 0.0 0.0 34.0 0.0 0.0
39 44 44 0.0 0.0 0.0 0.0 2.0 0.0 0.0
40 35 41 0.0 0.0 0.0 0.0 2.0 0.0 0.0
40 35 42 0.0 0.0 0.0 0.0 1.0 0.0 0.0
40 36 36 0.0 0.0 0.0 0.0 1.0 0.0 0.0
40 36 37 0.0 0.0 0.0 0.0 71.0 0.0 0.0
40 36 38 0.0 0.0 0.0 0.0 297.0 9.0 0.0
40 36 39 0.0 0.0 0.0 0.0 608.0 17.0 0.0
40 36 40 0.0 0.0 0.0 0.0 811.0 35.0 0.0
40 36 41 0.0 0.0 0.0 0.0 599.0 16.0 0.0
40 36 42 0.0 0.0 0.0 0.0 290.0 7.0 0.0
40 36 43 0.0 0.0 0.0 0.0 32.0 2.0 0.0
40 36 44 0.0 0.0 0.0 0.0 1.0 0.0 0.0
40 37 36 0.0 0.0 0.0 0.0 36.0 2.0 0.0
40 37 37 0.0 0.0 0.0 0.0 4894.0 189.0 23.0
40 37 38 0.0 0.0 0.0 0.0 18364.0 617.0 360.0
40 37 39 0.0 0.0 0.0 1.0 35460.0 1055.0 1559.0
40 37 40 0.0 0.0 0.0 9.0 41351.0 1185.0 2267.0
40 37 41 0.0 0.0 0.0 3.0 35527.0 1072.0 1590.0
40 37 42 0.0 0.0 0.0 2.0 18444.0 616.0 364.0
40 37 43 0.0 0.0 0.0 0.0 5424.0 195.0 15.0
40 37 44 0.0 0.0 0.0 0.0 29.0 2.0 0.0
40 38 36 0.0 0.0 0.0 0.0 284.0 2.0 0.0
40 38 37 0.0 0.0 0.0 1.0 18679.0 599.0 357.0
40 38 38 0.0 0.0 0.0 18.0 75726.0 1448.0 20939.0
40 38 39 0.0 0.0 0.0 26.0 80339.0 1236.0 39551.0
40 38 40 0.0 0.0 0.0 19.0 77845.0 1016.0 49879.0
40 38 41 0.0 0.0 0.0 35.0 79830.0 1264.0 40222.0
40 38 42 0.0 0.0 0.0 14.0 76356.0 1501.0 20397.0
40 38 43 0.0 0.0 0.0 5.0 19095.0 583.0 340.0
40 38 44 0.0 0.0 0.0 0.0 281.0 14.0 0.0
40 39 36 0.0 0.0 0.0 0.0 686.0 20.0 0.0
40 39 37 0.0 0.0 0.0 0.0 36546.0 1098.0 1669.0
40 39 38 0.0 0.0 0.0 21.0 79606.0 1179.0 40879.0
40 39 39 0.0 0.0 0.0 52.0 54734.0 526.0 98483.0
40 39 40 0.0 0.0 0.0 66.0 50598.0 424.0 109438.0
40 39 41 0.0 0.0 0.0 74.0 54149.0 495.0 99057.0
40 39 42 0.0 0.0 0.0 23.0 79804.0 1184.0 39690.0
40 39 43 0.0 0.0 0.0 3.0 34658.0 1015.0 1479.0
40 39 44 0.0 0.0 0.0 0.0 704.0 22.0 0.0
40 40 36 0.0 0.0 0.0 0.0 879.0 26.0 1.0
40 40 37 0.0 0.0 0.0 3.0 41637.0 1128.0 2353.0
40 40 38 0.0 0.0 0.0 35.0 77629.0 1064.0 49579.0
40 40 39 0.0 0.0 0.0 43.0 50320.0 364.0 109695.0
40 40 40 0.0 0.0 0.0 66.0 32081.0 90.0 152734.0
40 40 41 0.0 0.0 0.0 25.0 49932.0 377.0 110005.0
40 40 42 0.0 0.0 0.0 48.0 77375.0 989.0 50313.0
40 40 43 0.0 0.0 0.0 11.0 41585.0 1241.0 2342.0
40 40 44 0.0 0.0 0.0 0.0 933.0 39.0 0.0
40 41 36 0.0 0.0 0.0 0.0 685.0 24.0 0.0
40 41 37 0.0 0.0 0.0 0.0 35533.0 1036.0 1586.0
40 41 38 0.0 0.0 0.0 19.0 79991.0 1217.0 40832.0
40 41 39 0.0 0.0 0.0 29.0 54185.0 453.0 99034.0
40 41 40 0.0 0.0 0.0 45.0 50298.0 358.0 110058.0
40 41 41 0.0 0.0 0.0 49.0 53341.0 472.0 99815.0
40 41 42 0.0 0.0 0.0 26.0 79027.0 1184.0 40991.0
40 41 43 0.0 0.0 0.0 3.0 34770.0 1055.0 1557.0
40 41 44 0.0 0.0 0.0 0.0 676.0 30.0 0.0
40 42 36 0.0 0.0 0.0 0.0 251.0 2.0 0.0
40 42 37 0.0 0.0 0.0 0.0 19325.0 633.0 412.0
40 42 38 0.0 0.0 0.0 9.0 75592.0 1461.0 20089.0
40 42 39 0.0 0.0 0.0 32.0 79443.0 1217.0 40967.0
40 42 40 0.0 0.0 0.0 45.0 77190.0 1078.0 50646.0
40 42 41 0.0 0.0 0.0 60.0 79454.0 1135.0 40278.0
40 42 42 0.0 0.0 0.0 11.0 74953.0 1522.0 19726.0
40 42 43 0.0 0.0 0.0 12.0 18242.0 624.0 360.0
40 42 44 0.0 0.0 0.0 0.0 272.0 8.0 0.0
40 43 36 0.0 0.0 0.0 0.0 73.0 1.0 0.0
40 43 37 0.0 0.0 0.0 1.0 4819.0 168.0 19.0
40 43 38 0.0 0.0 0.0 2.0 19045.0 658.0 356.0
40 43 39 0.0 0.0 0.0 5.0 36810.0 1065.0 1722.0
40 43 40 0.0 0.0 0.0 6.0 43407.0 1250.0 2628.0
40 43 41 0.0 0.0 0.0 10.0 35199.0 1121.0 1492.0
40 43 42 0.0 0.0 0.0 2.0 19229.0 673.0 401.0
40 43 43 0.0 0.0 0.0 0.0 4844.0 180.0 13.0
40 43 44 0.0 0.0 0.0 0.0 66.0 3.0 0.0
40 44 36 0.0 0.0 0.0 0.0 4.0 0.0 0.0
40 44 37 0.0 0.0 0.0 0.0 35.0 2.0 0.0
40 44 38 0.0 0.0 0.0 0.0 267.0 8.0 1.0
40 44 39 0.0 0.0 0.0 0.0 709.0 29.0 0.0
40 44 40 0.0 0.0 0.0 0.0 956.0 42.0 1.0
40 44 41 0.0 0.0 0.0 0.0 705.0 13.0 0.0
40 44 42 0.0 0.0 0.0 0.0 289.0 12.0 0.0
40 44 43 0.0 0.0 0.0 0.0 53.0 1.0 0.0
40 44 44 0.0 0.0 0.0 0.0 1.0 0.0 0.0
41 35 40 0.0 0.0 0.0 0.0 1.0 0.0 0.0
41 36 36 0.0 0.0 0.0 0.0 3.0 1.0 0.0
41 36 37 0.0 0.0 0.0 0.0 55.0 2.0 0.0
41 36 38 0.0 0.0 0.0 0.0 205.0 5.0 0.0
41 36 39 0.0 0.0 0.0 0.0 561.0 16.0 1.0
41 36 40 0.0 0.0 0.0 0.0 636.0 19.0 0.0
41 36 41 0.0 0.0 0.0 0.0 534.0 19.0 0.0
41 36 42 0.0 0.0 0.0 0.0 236.0 5.0 0.0
41 36 43 0.0 0.0 0.0 0.0 27.0 0.0 0.0
41 36 44 0.0 0.0 0.0 0.0 1.0 0.0 0.0
41 37 36 0.0 0.0 0.0 0.0 38.0 1.0 0.0
41 37 37 0.0 0.0 0.0 0.0 3879.0 119.0 8.0
41 37 38 0.0 0.0 0.0 1.0 15722.0 498.0 246.0
41 37 39 0.0 0.0 0.0 13.0 29504.0 907.0 1040.0
41 37 40 0.0 0.0 0.0 7.0 34388.0 1030.0 1407.0
41 37 41 0.0 0.0 0.0 0.0 30020.0 885.0 1024.0
41 37 42 0.0 0.0 0.0 1.0 15413.0 536.0 224.0
41 37 43 0.0 0.0 0.0 0.0 4000.0 160.0 9.0
41 37 44 0.0 0.0 0.0 0.0 48.0 3.0 0.0
41 38 36 0.0 0.0 0.0 0.0 210.0 7.0 0.0
41 38 37 0.0 0.0 0.0 0.0 15185.0 475.0 243.0
41 38 38 0.0 0.0 0.0 6.0 71049.0 1495.0 14332.0
41 38 39 0.0 0.0 0.0 15.0 80265.0 1307.0 32875.0
41 38 40 0.0 0.0 0.0 17.0 79289.0 1153.0 40739.0
41 38 41 0.0 0.0 0.0 9.0 80573.0 1384.0 32215.0
41 38 42 0.0 0.0 0.0 43.0 70436.0 1556.0 14178.0
41 38 43 0.0 0.0 0.0 0.0 15624.0 541.0 249.0
41 38 44 0.0 0.0 0.0 0.0 189.0 5.0 0.0
41 39 36 0.0 0.0 0.0 0.0 588.0 18.0 0.0
41 39 37 0.0 0.0 0.0 4.0 30383.0 914.0 1115.0
41 39 38 0.0 0.0 0.0 24.0 80480.0 1282.0 33000.0
41 39 39 0.0 0.0 0.0 24.0 56562.0 535.0 91608.0
41 39 40 0.0 0.0 0.0 41.0 54374.0 512.0 99284.0
41 39 41 0.0 0.0 0.0 33.0 56037.0 553.0 91714.0
41 39 42 0.0 0.0 0.0 11.0 80036.0 1352.0 33261.0
41 39 43 0.0 0.0 0.0 1.0 29736.0 897.0 1024.0
41 39 44 0.0 0.0 0.0 0.0 548.0 21.0 0.0
41 40 36 0.0 0.0 0.0 0.0 662.0 30.0 0.0
41 40 37 0.0 0.0 0.0 7.0 35471.0 1072.0 1618.0
41 40 38 0.0 0.0 0.0 39.0 79689.0 1225.0 40973.0
41 40 39 0.0 0.0 0.0 46.0 54464.0 468.0 99217.0
41 40 40 0.0 0.0 0.0 35.0 49034.0 332.0 111993.0
41 40 41 0.0 0.0 0.0 46.0 55065.0 507.0 98539.0
41 40 42 0.0 0.0 0.0 15.0 79689.0 1210.0 40669.0
41 40 43 0.0 0.0 0.0 6.0 35956.0 1082.0 1663.0
41 40 44 0.0 0.0 0.0 0.0 638.0 23.0 0.0
41 41 36 0.0 0.0 0.0 0.0 484.0 16.0 0.0
41 41 37 0.0 0.0 0.0 0.0 29757.0 889.0 1008.0
41 41 38 0.0 0.0 0.0 12.0 79867.0 1297.0 33849.0
41 41 39 0.0 0.0 0.0 36.0 57139.0 551.0 90765.0
41 41 40 0.0 0.0 0.0 32.0 55238.0 516.0 98179.0
41 41 41 0.0 0.0 0.0 53.0 57882.0 562.0 89309.0
41 41 42 0.0 0.0 0.0 25.0 80224.0 1362.0 32067.0
41 41 43 0.0 0.0 0.0 4.0 29815.0 915.0 1079.0
41 41 44 0.0 0.0 0.0 0.0 554.0 23.0 0.0
41 42 36 0.0 0.0 0.0 0.0 240.0 5.0 0.0
41 42 37 0.0 0.0 0.0 0.0 15977.0 546.0 242.0
41 42 38 0.0 0.0 0.0 25.0 70804.0 1479.0 14159.0
41 42 39 0.0 0.0 0.0 22.0 80140.0 1318.0 33065.0
41 42 40 0.0 0.0 0.0 21.0 79766.0 1222.0 40454.0
41 42 41 0.0 0.0 0.0 13.0 79487.0 1280.0 31647.0
41 42 42 0.0 0.0 0.0 6.0 70433.0 1552.0 14201.0
41 42 43 0.0 0.0 0.0 0.0 15223.0 471.0 262.0
41 42 44 0.0 0.0 0.0 0.0 235.0 6.0 0.0
41 43 36 0.0 0.0 0.0 0.0 28.0 1.0 0.0
41 43 37 0.0 0.0 0.0 0.0 3782.0 129.0 12.0
41 43 38 0.0 0.0 0.0 0.0 15425.0 515.0 239.0
41 43 39 0.0 0.0 0.0 0.0 28939.0 879.0 948.0
41 43 40 0.0 0.0 0.0 2.0 35540.0 1017.0 1585.0
41 43 41 0.0 0.0 0.0 13.0 29643.0 903.0 991.0
41 43 42 0.0 0.0 0.0 1.0 15324.0 509.0 266.0
41 43 43 0.0 0.0 0.0 0.0 3704.0 124.0 17.0
41 43 44 0.0 0.0 0.0 0.0 57.0 5.0 0.0
41 44 36 0.0 0.0 0.0 0.0 3.0 0.0 0.0
41 44 37 0.0 0.0 0.0 0.0 38.0 0.0 0.0
41 44 38 0.0 0.0 0.0 0.0 249.0 9.0 1.0
41 44 39 0.0 0.0 0.0 0.0 560.0 25.0 0.0
41 44 40 0.0 0.0 0.0 0.0 689.0 23.0 0.0
41 44 41 0.0 0.0 0.0 0.0 515.0 17.0 0.0
41 44 42 0.0 0.0 0.0 0.0 224.0 8.0 0.0
41 44 43 0.0 0.0 0.0 0.0 35.0 1.0 0.0
42 36 36 0.0 0.0 0.0 0.0 4.0 0.0 0.0
42 36 37 0.0 0.0 0.0 0.0 15.0 0.0 0.0
42 36 38 0.0 0.0 0.0 0.0 70.0 2.0 0.0
42 36 39 0.0 0.0 0.0 0.0 227.0 11.0 0.0
42 36 40 0.0 0.0 0.0 0.0 291.0 8.0 0.0
42 36 41 0.0 0.0 0.0 0.0 215.0 6.0 0.0
42 36 42 0.0 0.0 0.0 0.0 98.0 3.0 0.0
42 36 43 0.0 0.0 0.0 0.0 20.0 0.0 0.0
42 37 36 0.0 0.0 0.0 0.0 19.0 0.0 0.0
42 37 37 0.0 0.0 0.0 0.0 2034.0 83.0 4.0
42 37 38 0.0 0.0 0.0 0.0 7547.0 252.0 58.0
42 37 39 0.0 0.0 0.0 0.0 15457.0 472.0 210.0
42 37 40 0.0 0.0 0.0 8.0 18984.0 621.0 357.0
42 37 41 0.0 0.0 0.0 2.0 15475.0 530.0 249.0
42 37 42 0.0 0.0 0.0 0.0 7390.0 264.0 55.0
42 37 43 0.0 0.0 0.0 1.0 1586.0 55.0 4.0
42 37 44 0.0 0.0 0.0 0.0 26.0 0.0 0.0
42 38 36 0.0 0.0 0.0 0.0 74.0 3.0 0.0
42 38 37 0.0 0.0 0.0 1.0 7900.0 299.0 67.0
42 38 38 0.0 0.0 0.0 8.0 53271.0 1360.0 5600.0
42 38 39 0.0 0.0 0.0 26.0 71904.0 1540.0 15300.0
42 38 40 0.0 0.0 0.0 10.0 76447.0 1442.0 20734.0
42 38 41 0.0 0.0 0.0 14.0 71063.0 1495.0 14416.0
42 38 42 0.0 0.0 0.0 5.0 52066.0 1403.0 5127.0
42 38 43 0.0 0.0 0.0 0.0 7762.0 272.0 55.0
42 38 44 0.0 0.0 0.0 0.0 74.0 0.0 0.0
42 39 36 0.0 0.0 0.0 0.0 247.0 4.0 0.0
42 39 37 0.0 0.0 0.0 4.0 15920.0 514.0 244.0
42 39 38 0.0 0.0 0.0 25.0 72182.0 1507.0 15373.0
42 39 39 0.0 0.0 0.0 38.0 80342.0 1239.0 34089.0
42 39 40 0.0 0.0 0.0 17.0 79450.0 1230.0 41636.0
42 39 41 0.0 0.0 0.0 13.0 80178.0 1305.0 33357.0
42 39 42 0.0 0.0 0.0 4.0 71322.0 1443.0 14434.0
42 39 43 0.0 0.0 0.0 1.0 15678.0 532.0 259.0
42 39 44 0.0 0.0 0.0 0.0 205.0 7.0 0.0
42 40 36 0.0 0.0 0.0 0.0 250.0 8.0 0.0
42 40 37 0.0 0.0 0.0 2.0 20190.0 634.0 438.0
42 40 38 0.0 0.0 0.0 23.0 76013.0 1360.0 21174.0
42 40 39 0.0 0.0 0.0 11.0 79284.0 1150.0 42000.0
42 40 40 0.0 0.0 0.0 29.0 76297.0 1023.0 52146.0
42 40 41 0.0 0.0 0.0 20.0 79222.0 1184.0 41897.0
42 40 42 0.0 0.0 0.0 34.0 75599.0 1407.0 20412.0
42 40 43 0.0 0.0 0.0 2.0 19143.0 592.0 384.0
42 40 44 0.0 0.0 0.0 0.0 260.0 10.0 0.0
42 41 36 0.0 0.0 0.0 0.0 206.0 7.0 0.0
42 41 37 0.0 0.0 0.0 0.0 15588.0 490.0 242.0
42 41 38 0.0 0.0 0.0 9.0 71179.0 1435.0 14186.0
42 41 39 0.0 0.0 0.0 16.0 79843.0 1319.0 33910.0
42 41 40 0.0 0.0 0.0 20.0 79444.0 1137.0 41356.0
42 41 41 0.0 0.0 0.0 31.0 80509.0 1311.0 32474.0
42 41 42 0.0 0.0 0.0 14.0 69807.0 1496.0 13471.0
42 41 43 0.0 0.0 0.0 2.0 15490.0 532.0 214.0
42 41 44 0.0 0.0 0.0 0.0 198.0 6.0 0.0
42 42 36 0.0 0.0 0.0 0.0 93.0 4.0 0.0
42 42 37 0.0 0.0 0.0 0.0 8040.0 241.0 63.0
42 42 38 0.0 0.0 0.0 33.0 51658.0 1364.0 5063.0
42 42 39 0.0 0.0 0.0 3.0 71229.0 1535.0 14065.0
42 42 40 0.0 0.0 0.0 4.0 75427.0 1383.0 19792.0
42 42 41 0.0 0.0 0.0 5.0 70747.0 1521.0 14355.0
42 42 42 0.0 0.0 0.0 13.0 51196.0 1329.0 5093.0
42 42 43 0.0 0.0 0.0 0.0 7462.0 245.0 57.0
42 42 44 0.0 0.0 0.0 0.0 97.0 2.0 0.0
42 43 36 0.0 0.0 0.0 0.0 31.0 2.0 0.0
42 43 37 0.0 0.0 0.0 0.0 1738.0 60.0 6.0
42 43 38 0.0 0.0 0.0 1.0 7354.0 247.0 51.0
42 43 39 0.0 0.0 0.0 0.0 15703.0 500.0 210.0
42 43 40 0.0 0.0 0.0 0.0 18999.0 646.0 371.0
42 43 41 0.0 0.0 0.0 1.0 15609.0 536.0 243.0
42 43 42 0.0 0.0 0.0 0.0 7279.0 246.0 53.0
42 43 43 0.0 0.0 0.0 0.0 1842.0 65.0 5.0
42 43 44 0.0 0.0 0.0 0.0 17.0 2.0 0.0
42 44 36 0.0 0.0 0.0 0.0 1.0 0.0 0.0
42 44 37 0.0 0.0 0.0 0.0 21.0 0.0 0.0
42 44 38 0.0 0.0 0.0 0.0 95.0 5.0 0.0
42 44 39 0.0 0.0 0.0 0.0 228.0 5.0 0.0
42 44 40 0.0 0.0 0.0 0.0 263.0 11.0 0.0
42 44 41 0.0 0.0 0.0 0.0 199.0 8.0 0.0
42 44 42 0.0 0.0 0.0 0.0 117.0 3.0 0.0
42 44 43 0.0 0.0 0.0 0.0 17.0 0.0 0.0
43 36 37 0.0 0.0 0.0 0.0 2.0 0.0 0.0
43 36 38 0.0 0.0 0.0 0.0 16.0 0.0 0.0
43 36 39 0.0 0.0 0.0 0.0 58.0 3.0 0.0
43 36 40 0.0 0.0 0.0 0.0 51.0 2.0 0.0
43 36 41 0.0 0.0 0.0 0.0 50.0 1.0 0.0
43 36 42 0.0 0.0 0.0 0.0 30.0 1.0 0.0
43 36 43 0.0 0.0 0.0 0.0 1.0 0.0 0.0
43 37 36 0.0 0.0 0.0 0.0 8.0 1.0 0.0
43 37 37 0.0 0.0 0.0 0.0 496.0 22.0 0.0
43 37 38 0.0 0.0 0.0 0.0 1986.0 77.0 2.0
43 37 39 0.0 0.0 0.0 0.0 4235.0 151.0 24.0
43 37 40 0.0 0.0 0.0 0.0 5339.0 178.0 30.0
43 37 41 0.0 0.0 0.0 0.0 3902.0 135.0 5.0
43 37 42 0.0 0.0 0.0 0.0 1693.0 58.0 2.0
43 37 43 0.0 0.0 0.0 0.0 477.0 16.0 0.0
43 37 44 0.0 0.0 0.0 0.0 4.0 0.0 0.0
43 38 36 0.0 0.0 0.0 0.0 12.0 0.0 0.0
43 38 37 0.0 0.0 0.0 1.0 1984.0 65.0 0.0
43 38 38 0.0 0.0 0.0 1.0 9117.0 299.0 80.0
43 38 39 0.0 0.0 0.0 4.0 15756.0 505.0 262.0
43 38 40 0.0 0.0 0.0 0.0 18943.0 593.0 348.0
43 38 41 0.0 0.0 0.0 0.0 15672.0 507.0 238.0
43 38 42 0.0 0.0 0.0 0.0 7315.0 262.0 34.0
43 38 43 0.0 0.0 0.0 0.0 1697.0 54.0 3.0
43 38 44 0.0 0.0 0.0 0.0 15.0 0.0 0.0
43 39 36 0.0 0.0 0.0 0.0 68.0 4.0 0.0
43 39 37 0.0 0.0 0.0 1.0 4173.0 150.0 21.0
43 39 38 0.0 0.0 0.0 5.0 16320.0 533.0 276.0
43 39 39 0.0 0.0 0.0 1.0 31931.0 904.0 1225.0
43 39 40 0.0 0.0 0.0 11.0 37808.0 1073.0 1769.0
43 39 41 0.0 0.0 0.0 4.0 30992.0 969.0 1190.0
43 39 42 0.0 0.0 0.0 2.0 16378.0 532.0 278.0
43 39 43 0.0 0.0 0.0 0.0 3771.0 140.0 9.0
43 39 44 0.0 0.0 0.0 0.0 46.0 2.0 0.0
43 40 36 0.0 0.0 0.0 0.0 43.0 4.0 0.0
43 40 37 0.0 0.0 0.0 0.0 4967.0 171.0 12.0
43 40 38 0.0 0.0 0.0 2.0 20387.0 632.0 479.0
43 40 39 0.0 0.0 0.0 1.0 37990.0 1136.0 1841.0
43 40 40 0.0 0.0 0.0 13.0 44020.0 1206.0 2559.0
43 40 41 0.0 0.0 0.0 1.0 36924.0 1035.0 1736.0
43 40 42 0.0 0.0 0.0 1.0 19089.0 557.0 423.0
43 40 43 0.0 0.0 0.0 0.0 5140.0 198.0 21.0
43 40 44 0.0 0.0 0.0 0.0 52.0 1.0 0.0
43 41 36 0.0 0.0 0.0 0.0 45.0 2.0 0.0
43 41 37 0.0 0.0 0.0 0.0 3986.0 115.0 9.0
43 41 38 0.0 0.0 0.0 0.0 16048.0 524.0 261.0
43 41 39 0.0 0.0 0.0 1.0 31079.0 944.0 1202.0
43 41 40 0.0 0.0 0.0 9.0 36900.0 1059.0 1775.0
43 41 41 0.0 0.0 0.0 2.0 30716.0 880.0 1136.0
43 41 42 0.0 0.0 0.0 1.0 15540.0 504.0 247.0
43 41 43 0.0 0.0 0.0 0.0 3868.0 132.0 9.0
43 41 44 0.0 0.0 0.0 0.0 22.0 2.0 0.0
43 42 36 0.0 0.0 0.0 0.0 18.0 0.0 0.0
43 42 37 0.0 0.0 0.0 0.0 1945.0 69.0 2.0
43 42 38 0.0 0.0 0.0 0.0 7294.0 226.0 36.0
43 42 39 0.0 0.0 0.0 0.0 15144.0 478.0 243.0
43 42 40 0.0 0.0 0.0 2.0 19576.0 607.0 421.0
43 42 41 0.0 0.0 0.0 1.0 15309.0 511.0 241.0
43 42 42 0.0 0.0 0.0 0.0 7080.0 239.0 54.0
43 42 43 0.0 0.0 0.0 0.0 1502.0 57.0 2.0
43 42 44 0.0 0.0 0.0 0.0 19.0 1.0 0.0
43 43 36 0.0 0.0 0.0 0.0 3.0 0.0 0.0
43 43 37 0.0 0.0 0.0 0.0 439.0 19.0 0.0
43 43 38 0.0 0.0 0.0 0.0 1937.0 75.0 5.0
43 43 39 0.0 0.0 0.0 0.0 3697.0 127.0 12.0
43 43 40 0.0 0.0 0.0 0.0 4573.0 146.0 21.0
43 43 41 0.0 0.0 0.0 0.0 3507.0 119.0 4.0
43 43 42 0.0 0.0 0.0 0.0 1631.0 69.0 1.0
43 43 43 0.0 0.0 0.0 0.0 394.0 15.0 0.0
43 44 37 0.0 0.0 0.0 0.0 2.0 0.0 0.0
43 44 38 0.0 0.0 0.0 0.0 34.0 0.0 0.0
43 44 39 0.0 0.0 0.0 0.0 42.0 1.0 0.0
43 44 40 0.0 0.0 0.0 0.0 48.0 1.0 0.0
43 44 41 0.0 0.0 0.0 0.0 25.0 1.0 0.0
43 44 42 0.0 0.0 0.0 0.0 18.0 0.0 0.0
43 44 43 0.0 0.0 0.0 0.0 1.0 0.0 0.0
44 36 38 0.0 0.0 0.0 0.0 1.0 0.0 0.0
44 36 39 0.0 0.0 0.0 0.0 4.0 0.0 0.0
44 36 40 0.0 0.0 0.0 0.0 4.0 1.0 0.0
44 37 37 0.0 0.0 0.0 0.0 7.0 1.0 0.0
44 37 38 0.0 0.0 0.0 0.0 9.0 1.0 0.0
44 37 39 0.0 0.0 0.0 0.0 57.0 2.0 0.0
44 37 40 0.0 0.0 0.0 0.0 43.0 2.0 0.0
44 37 41 0.0 0.0 0.0 0.0 60.0 6.0 0.0
44 37 42 0.0 0.0 0.0 0.0 10.0 0.0 0.0
44 37 43 0.0 0.0 0.0 0.0 1.0 0.0 0.0
44 38 36 0.0 0.0 0.0 0.0 1.0 0.0 0.0
44 38 37 0.0 0.0 0.0 0.0 21.0 0.0 0.0
44 38 38 0.0 0.0 0.0 0.0 104.0 3.0 0.0
44 38 39 0.0 0.0 0.0 0.0 279.0 15.0 1.0
44 38 40 0.0 0.0 0.0 0.0 306.0 11.0 0.0
44 38 41 0.0 0.0 0.0 0.0 213.0 9.0 0.0
44 38 42 0.0 0.0 0.0 0.0 125.0 7.0 0.0
44 38 43 0.0 0.0 0.0 0.0 10.0 0.0 0.0
44 39 36 0.0 0.0 0.0 0.0 5.0 0.0 0.0
44 39 37 0.0 0.0 0.0 0.0 48.0 1.0 0.0
44 39 38 0.0 0.0 0.0 0.0 271.0 10.0 0.0
44 39 39 0.0 0.0 0.0 0.0 651.0 26.0 0.0
44 39 40 0.0 0.0 0.0 0.0 733.0 27.0 0.0
44 39 41 0.0 0.0 0.0 0.0 563.0 18.0 0.0
44 39 42 0.0 0.0 0.0 0.0 283.0 8.0 0.0
44 39 43 0.0 0.0 0.0 0.0 42.0 0.0 0.0
44 39 44 0.0 0.0 0.0 0.0 2.0 0.0 0.0
44 40 36 0.0 0.0 0.0 0.0 5.0 1.0 0.0
44 40 37 0.0 0.0 0.0 0.0 64.0 1.0 0.0
44 40 38 0.0 0.0 0.0 0.0 344.0 10.0 0.0
44 40 39 0.0 0.0 0.0 0.0 845.0 19.0 0.0
44 40 40 0.0 0.0 0.0 0.0 1024.0 33.0 1.0
44 40 41 0.0 0.0 0.0 0.0 760.0 25.0 0.0
44 40 42 0.0 0.0 0.0 0.0 345.0 12.0 0.0
44 40 43 0.0 0.0 0.0 0.0 48.0 1.0 0.0
44 40 44 0.0 0.0 0.0 0.0 4.0 0.0 0.0
44 41 36 0.0 0.0 0.0 0.0 6.0 2.0 0.0
44 41 37 0.0 0.0 0.0 0.0 56.0 3.0 0.0
44 41 38 0.0 0.0 0.0 0.0 258.0 10.0 0.0
44 41 39 0.0 0.0 0.0 0.0 599.0 27.0 0.0
44 41 40 0.0 0.0 0.0 0.0 761.0 35.0 2.0
44 41 41 0.0 0.0 0.0 0.0 584.0 21.0 0.0
44 41 42 0.0 0.0 0.0 0.0 220.0 5.0 0.0
44 41 43 0.0 0.0 0.0 0.0 33.0 1.0 0.0
44 41 44 0.0 0.0 0.0 0.0 1.0 0.0 0.0
44 42 37 0.0 0.0 0.0 0.0 13.0 0.0 0.0
44 42 38 0.0 0.0 0.0 0.0 97.0 0.0 0.0
44 42 39 0.0 0.0 0.0 0.0 270.0 8.0 0.0
44 42 40 0.0 0.0 0.0 0.0 295.0 7.0 0.0
44 42 41 0.0 0.0 0.0 0.0 251.0 8.0 0.0
44 42 42 0.0 0.0 0.0 0.0 97.0 3.0 0.0
44 42 43 0.0 0.0 0.0 0.0 16.0 1.0 0.0
44 42 44 0.0 0.0 0.0 0.0 2.0 0.0 0.0
44 43 37 0.0 0.0 0.0 0.0 2.0 0.0 0.0
44 43 38 0.0 0.0 0.0 0.0 16.0 0.0 0.0
44 43 39 0.0 0.0 0.0 0.0 52.0 5.0 0.0
44 43 40 0.0 0.0 0.0 0.0 47.0 1.0 0.0
44 43 41 0.0 0.0 0.0 0.0 31.0 1.0 0.0
44 43 42 0.0 0.0 0.0 0.0 24.0 0.0 0.0
44 43 43 0.0 0.0 0.0 0.0 2.0 0.0 0.0
44 44 39 0.0 0.0 0.0 0.0 2.0 0.0 0.0
44 44 40 0.0 0.0 0.0 0.0 3.0 0.0 0.0
44 44 42 0.0 0.0 0.0 0.0 2.0 0.0 0.0
45 39 40 0.0 0.0 0.0 0.0 1.0 0.0 0.0
