38 38 38 0.0 0.0 0.0 0.0 1.0 0.0 0.0
38 38 39 0.0 0.0 0.0 0.0 8.0 0.0 0.0
38 38 40 0.0 0.0 0.0 0.0 5.0 0.0 0.0
38 39 38 0.0 0.0 0.0 0.0 3.0 0.0 0.0
38 39 39 0.0 0.0 0.0 0.0 8.0 0.0 0.0
38 39 40 0.0 0.0 0.0 0.0 17.0 0.0 0.0
38 39 41 0.0 0.0 0.0 0.0 6.0 0.0 0.0
38 39 42 0.0 0.0 0.0 0.0 4.0 0.0 0.0
38 40 39 0.0 0.0 0.0 0.0 13.0 0.0 0.0
38 40 40 0.0 0.0 0.0 1.0 9.0 0.0 0.0
38 40 41 0.0 0.0 0.0 0.0 10.0 0.0 0.0
38 41 38 0.0 0.0 0.0 0.0 1.0 0.0 0.0
38 41 39 0.0 0.0 0.0 0.0 23.0 3.0 0.0
38 41 40 0.0 0.0 0.0 0.0 12.0 1.0 0.0
38 41 41 0.0 0.0 0.0 0.0 7.0 0.0 0.0
38 41 42 0.0 0.0 0.0 0.0 1.0 0.0 0.0
38 42 39 0.0 0.0 0.0 0.0 1.0 0.0 0.0
38 42 40 0.0 0.0 0.0 0.0 8.0 0.0 0.0
38 42 41 0.0 0.0 0.0 0.0 1.0 0.0 0.0
38 42 42 0.0 0.0 0.0 0.0 1.0 0.0 0.0
39 38 39 0.0 0.0 0.0 0.0 3.0 0.0 0.0
39 38 40 0.0 0.0 0.0 0.0 20.0 3.0 0.0
39 38 41 0.0 0.0 0.0 0.0 8.0 0.0 0.0
39 38 42 0.0 0.0 0.0 0.0 2.0 0.0 0.0
39 39 38 0.0 0.0 0.0 0.0 5.0 0.0 0.0
39 39 39 0.0 0.0 0.0 32.0 3960.0 108.0 22.0
39 39 40 0.0 0.0 0.0 33.0 5555.0 200.0 29.0
39 39 41 0.0 0.0 0.0 8.0 4158.0 129.0 19.0
39 39 42 0.0 0.0 0.0 0.0 13.0 3.0 0.0
39 40 38 0.0 0.0 0.0 0.0 4.0 0.0 0.0
39 40 39 0.0 0.0 0.0 36.0 4637.0 181.0 25.0
39 40 40 0.0 0.0 0.0 22.0 7059.0 221.0 51.0
39 40 41 0.0 0.0 0.0 8.0 5125.0 184.0 31.0
39 40 42 0.0 0.0 0.0 0.0 7.0 0.0 0.0
39 41 38 0.0 0.0 0.0 0.0 6.0 0.0 0.0
39 41 39 0.0 0.0 0.0 5.0 3933.0 154.0 10.0
39 41 40 0.0 0.0 0.0 54.0 6083.0 196.0 42.0
39 41 41 0.0 0.0 0.0 12.0 4004.0 142.0 22.0
39 41 42 0.0 0.0 0.0 0.0 7.0 1.0 0.0
39 42 38 0.0 0.0 0.0 0.0 3.0 1.0 0.0
39 42 39 0.0 0.0 0.0 0.0 8.0 0.0 0.0
39 42 40 0.0 0.0 0.0 0.0 14.0 1.0 0.0
39 42 41 0.0 0.0 0.0 0.0 9.0 0.0 0.0
39 42 42 0.0 0.0 0.0 0.0 3.0 0.0 0.0
40 38 38 0.0 0.0 0.0 0.0 1.0 0.0 0.0
40 38 39 0.0 0.0 0.0 0.0 10.0 1.0 0.0
40 38 40 0.0 0.0 0.0 0.0 23.0 0.0 0.0
40 38 41 0.0 0.0 0.0 0.0 6.0 0.0 0.0
40 38 42 0.0 0.0 0.0 0.0 6.0 0.0 0.0
40 39 38 0.0 0.0 0.0 0.0 8.0 0.0 0.0
40 39 39 0.0 0.0 0.0 7.0 5013.0 167.0 30.0
40 39 40 0.0 0.0 0.0 26.0 6883.0 249.0 61.0
40 39 41 0.0 0.0 0.0 35.0 5155.0 169.0 28.0
40 39 42 0.0 0.0 0.0 0.0 3.0 0.0 0.0
40 40 38 0.0 0.0 0.0 0.0 18.0 0.0 0.0
40 40 39 0.0 0.0 0.0 15.0 6921.0 217.0 41.0
40 40 40 0.0 0.0 0.0 360.0 67345.0 1338.0 26466.0
40 40 41 0.0 0.0 0.0 7.0 6920.0 235.0 52.0
40 40 42 0.0 0.0 0.0 0.0 7.0 0.0 0.0
40 41 38 0.0 0.0 0.0 0.0 23.0 0.0 0.0
40 41 39 0.0 0.0 0.0 8.0 5201.0 183.0 25.0
40 41 40 0.0 0.0 0.0 25.0 7195.0 216.0 62.0
40 41 41 0.0 0.0 0.0 21.0 5216.0 182.0 24.0
40 41 42 0.0 0.0 0.0 0.0 14.0 0.0 0.0
40 42 38 0.0 0.0 0.0 0.0 3.0 0.0 0.0
40 42 39 0.0 0.0 0.0 0.0 16.0 0.0 0.0
40 42 40 0.0 0.0 0.0 0.0 16.0 0.0 0.0
40 42 41 0.0 0.0 0.0 0.0 7.0 0.0 0.0
40 42 42 0.0 0.0 0.0 0.0 5.0 0.0 0.0
41 38 38 0.0 0.0 0.0 0.0 1.0 0.0 0.0
41 38 39 0.0 0.0 0.0 0.0 6.0 0.0 0.0
41 38 40 0.0 0.0 0.0 0.0 6.0 0.0 0.0
41 38 41 0.0 0.0 0.0 0.0 7.0 1.0 0.0
41 38 42 0.0 0.0 0.0 0.0 2.0 0.0 0.0
41 39 38 0.0 0.0 0.0 0.0 10.0 0.0 0.0
41 39 39 0.0 0.0 0.0 10.0 4714.0 159.0 29.0
41 39 40 0.0 0.0 0.0 9.0 5055.0 170.0 29.0
41 39 41 0.0 0.0 0.0 10.0 4306.0 143.0 19.0
41 39 42 0.0 0.0 0.0 0.0 19.0 2.0 0.0
41 40 38 0.0 0.0 0.0 0.0 12.0 0.0 0.0
41 40 39 0.0 0.0 0.0 21.0 5172.0 194.0 41.0
41 40 40 0.0 0.0 0.0 17.0 8701.0 314.0 83.0
41 40 41 0.0 0.0 0.0 15.0 4771.0 181.0 20.0
41 40 42 0.0 0.0 0.0 0.0 12.0 0.0 0.0
41 41 38 0.0 0.0 0.0 0.0 25.0 0.0 0.0
41 41 39 0.0 0.0 0.0 10.0 4106.0 141.0 21.0
41 41 40 0.0 0.0 0.0 3.0 4772.0 155.0 23.0
41 41 41 0.0 0.0 0.0 8.0 3770.0 122.0 15.0
41 41 42 0.0 0.0 0.0 0.0 2.0 0.0 0.0
41 42 38 0.0 0.0 0.0 0.0 2.0 0.0 0.0
41 42 39 0.0 0.0 0.0 0.0 10.0 0.0 0.0
41 42 40 0.0 0.0 0.0 0.0 6.0 0.0 0.0
41 42 41 0.0 0.0 0.0 0.0 9.0 1.0 0.0
41 42 42 0.0 0.0 0.0 0.0 1.0 0.0 0.0
42 38 40 0.0 0.0 0.0 0.0 3.0 0.0 0.0
42 38 41 0.0 0.0 0.0 0.0 5.0 1.0 0.0
42 39 38 0.0 0.0 0.0 0.0 5.0 0.0 0.0
42 39 39 0.0 0.0 0.0 0.0 7.0 0.0 0.0
42 39 40 0.0 0.0 0.0 0.0 18.0 1.0 0.0
42 39 41 0.0 0.0 0.0 0.0 7.0 0.0 0.0
42 39 42 0.0 0.0 0.0 0.0 1.0 0.0 0.0
42 40 38 0.0 0.0 0.0 0.0 13.0 1.0 0.0
42 40 39 0.0 0.0 0.0 0.0 14.0 0.0 0.0
42 40 40 0.0 0.0 0.0 0.0 25.0 0.0 0.0
42 40 41 0.0 0.0 0.0 0.0 12.0 0.0 0.0
42 40 42 0.0 0.0 0.0 0.0 15.0 0.0 0.0
42 41 39 0.0 0.0 0.0 0.0 8.0 1.0 0.0
42 41 40 0.0 0.0 0.0 0.0 20.0 2.0 0.0
42 41 41 0.0 0.0 0.0 0.0 8.0 0.0 0.0
42 42 39 0.0 0.0 0.0 0.0 2.0 0.0 0.0
42 42 40 0.0 0.0 0.0 0.0 3.0 0.0 0.0
42 42 41 0.0 0.0 0.0 0.0 1.0 0.0 0.0
42 42 42 0.0 0.0 0.0 0.0 2.0 0.0 0.0
