36 39 40 0.0 0.0 0.0 0.0 1.0 0.0 0.0
36 39 41 0.0 0.0 0.0 0.0 1.0 0.0 0.0
36 40 37 0.0 0.0 0.0 0.0 1.0 0.0 0.0
36 40 41 0.0 0.0 0.0 0.0 2.0 0.0 0.0
36 41 38 0.0 0.0 0.0 0.0 1.0 0.0 0.0
36 41 39 0.0 0.0 0.0 0.0 1.0 0.0 0.0
36 42 41 0.0 0.0 0.0 0.0 1.0 0.0 0.0
37 37 37 0.0 0.0 0.0 0.0 1.0 0.0 0.0
37 37 38 0.0 0.0 0.0 0.0 27.0 1.0 0.0
37 37 39 0.0 0.0 0.0 0.0 63.0 0.0 0.0
37 37 40 0.0 0.0 0.0 0.0 98.0 8.0 0.0
37 37 41 0.0 0.0 0.0 0.0 56.0 4.0 0.0
37 37 42 0.0 0.0 0.0 0.0 24.0 1.0 0.0
37 37 43 0.0 0.0 0.0 0.0 1.0 0.0 0.0
37 38 37 0.0 0.0 0.0 0.0 12.0 1.0 0.0
37 38 38 0.0 0.0 0.0 0.0 162.0 7.0 0.0
37 38 39 0.0 0.0 0.0 0.0 484.0 23.0 1.0
37 38 40 0.0 0.0 0.0 3.0 599.0 20.0 0.0
37 38 41 0.0 0.0 0.0 0.0 478.0 24.0 0.0
37 38 42 0.0 0.0 0.0 0.0 132.0 1.0 0.0
37 38 43 0.0 0.0 0.0 0.0 21.0 0.0 0.0
37 39 37 0.0 0.0 0.0 0.0 52.0 2.0 0.0
37 39 38 0.0 0.0 0.0 0.0 556.0 16.0 0.0
37 39 39 0.0 0.0 0.0 0.0 1277.0 46.0 0.0
37 39 40 0.0 0.0 0.0 1.0 1546.0 51.0 3.0
37 39 41 0.0 0.0 0.0 1.0 1251.0 45.0 0.0
37 39 42 0.0 0.0 0.0 0.0 516.0 17.0 0.0
37 39 43 0.0 0.0 0.0 1.0 90.0 4.0 0.0
37 40 37 0.0 0.0 0.0 0.0 50.0 2.0 0.0
37 40 38 0.0 0.0 0.0 0.0 596.0 26.0 0.0
37 40 39 0.0 0.0 0.0 0.0 1504.0 59.0 2.0
37 40 40 0.0 0.0 0.0 1.0 2046.0 52.0 1.0
37 40 41 0.0 0.0 0.0 0.0 1637.0 44.0 1.0
37 40 42 0.0 0.0 0.0 0.0 553.0 17.0 0.0
37 40 43 0.0 0.0 0.0 0.0 68.0 1.0 0.0
37 41 37 0.0 0.0 0.0 0.0 74.0 2.0 0.0
37 41 38 0.0 0.0 0.0 0.0 471.0 19.0 0.0
37 41 39 0.0 0.0 0.0 1.0 1243.0 43.0 2.0
37 41 40 0.0 0.0 0.0 2.0 1796.0 55.0 0.0
37 41 41 0.0 0.0 0.0 0.0 1244.0 39.0 0.0
37 41 42 0.0 0.0 0.0 0.0 460.0 15.0 0.0
37 41 43 0.0 0.0 0.0 0.0 55.0 0.0 0.0
37 42 37 0.0 0.0 0.0 0.0 17.0 1.0 0.0
37 42 38 0.0 0.0 0.0 0.0 171.0 3.0 0.0
37 42 39 0.0 0.0 0.0 0.0 535.0 20.0 0.0
37 42 40 0.0 0.0 0.0 0.0 708.0 22.0 0.0
37 42 41 0.0 0.0 0.0 0.0 547.0 18.0 0.0
37 42 42 0.0 0.0 0.0 0.0 163.0 4.0 0.0
37 42 43 0.0 0.0 0.0 0.0 27.0 1.0 0.0
37 43 37 0.0 0.0 0.0 0.0 1.0 0.0 0.0
37 43 38 0.0 0.0 0.0 0.0 18.0 0.0 0.0
37 43 39 0.0 0.0 0.0 0.0 53.0 3.0 0.0
37 43 40 0.0 0.0 0.0 0.0 104.0 3.0 0.0
37 43 41 0.0 0.0 0.0 0.0 68.0 3.0 0.0
37 43 42 0.0 0.0 0.0 0.0 21.0 0.0 0.0
38 37 37 0.0 0.0 0.0 0.0 15.0 0.0 0.0
38 37 38 0.0 0.0 0.0 0.0 191.0 7.0 0.0
38 37 39 0.0 0.0 0.0 0.0 404.0 12.0 0.0
38 37 40 0.0 0.0 0.0 2.0 556.0 12.0 0.0
38 37 41 0.0 0.0 0.0 0.0 413.0 11.0 0.0
38 37 42 0.0 0.0 0.0 0.0 159.0 2.0 0.0
38 37 43 0.0 0.0 0.0 0.0 21.0 0.0 0.0
38 38 36 0.0 0.0 0.0 0.0 2.0 0.0 0.0
38 38 37 0.0 0.0 0.0 0.0 134.0 3.0 0.0
38 38 38 0.0 0.0 0.0 3.0 7127.0 260.0 60.0
38 38 39 0.0 0.0 0.0 10.0 17937.0 565.0 400.0
38 38 40 0.0 0.0 0.0 9.0 23315.0 760.0 716.0
38 38 41 0.0 0.0 0.0 3.0 16843.0 545.0 316.0
38 38 42 0.0 0.0 0.0 3.0 7555.0 263.0 55.0
38 38 43 0.0 0.0 0.0 0.0 230.0 9.0 0.0
38 39 37 0.0 0.0 0.0 0.0 461.0 16.0 0.0
38 39 38 0.0 0.0 0.0 5.0 16016.0 546.0 292.0
38 39 39 0.0 0.0 0.0 20.0 36681.0 1028.0 1882.0
38 39 40 0.0 0.0 0.0 41.0 45696.0 1243.0 3411.0
38 39 41 0.0 0.0 0.0 5.0 35545.0 1092.0 1789.0
38 39 42 0.0 0.0 0.0 3.0 17448.0 578.0 418.0
38 39 43 0.0 0.0 0.0 0.0 433.0 19.0 0.0
38 39 44 0.0 0.0 0.0 0.0 1.0 0.0 0.0
38 40 37 0.0 0.0 0.0 0.0 553.0 21.0 0.0
38 40 38 0.0 0.0 0.0 2.0 21729.0 680.0 600.0
38 40 39 0.0 0.0 0.0 27.0 46189.0 1256.0 3385.0
38 40 40 0.0 0.0 0.0 23.0 55401.0 1424.0 5535.0
38 40 41 0.0 0.0 0.0 14.0 45935.0 1329.0 3419.0
38 40 42 0.0 0.0 0.0 0.0 22380.0 765.0 634.0
38 40 43 0.0 0.0 0.0 0.0 595.0 19.0 0.0
38 41 37 0.0 0.0 0.0 0.0 427.0 15.0 0.0
38 41 38 0.0 0.0 0.0 6.0 16135.0 546.0 277.0
38 41 39 0.0 0.0 0.0 22.0 37839.0 1106.0 2083.0
38 41 40 0.0 0.0 0.0 14.0 47250.0 1350.0 3469.0
38 41 41 0.0 0.0 0.0 24.0 37476.0 1055.0 2082.0
38 41 42 0.0 0.0 0.0 2.0 16626.0 551.0 348.0
38 41 43 0.0 0.0 0.0 0.0 453.0 16.0 1.0
38 42 37 0.0 0.0 0.0 0.0 135.0 3.0 0.0
38 42 38 0.0 0.0 0.0 4.0 6970.0 267.0 52.0
38 42 39 0.0 0.0 0.0 2.0 17617.0 609.0 383.0
38 42 40 0.0 0.0 0.0 34.0 23223.0 730.0 705.0
38 42 41 0.0 0.0 0.0 8.0 16776.0 555.0 334.0
38 42 42 0.0 0.0 0.0 2.0 7186.0 228.0 61.0
38 42 43 0.0 0.0 0.0 0.0 106.0 2.0 0.0
38 43 37 0.0 0.0 0.0 0.0 32.0 1.0 0.0
38 43 38 0.0 0.0 0.0 0.0 182.0 5.0 0.0
38 43 39 0.0 0.0 0.0 1.0 527.0 16.0 1.0
38 43 40 0.0 0.0 0.0 0.0 815.0 29.0 0.0
38 43 41 0.0 0.0 0.0 2.0 435.0 15.0 0.0
38 43 42 0.0 0.0 0.0 0.0 195.0 8.0 0.0
38 43 43 0.0 0.0 0.0 0.0 24.0 1.0 0.0
38 44 40 0.0 0.0 0.0 0.0 1.0 0.0 0.0
39 36 40 0.0 0.0 0.0 0.0 1.0 0.0 0.0
39 36 42 0.0 0.0 0.0 0.0 2.0 0.0 0.0
39 37 37 0.0 0.0 0.0 0.0 62.0 0.0 0.0
39 37 38 0.0 0.0 0.0 0.0 453.0 17.0 0.0
39 37 39 0.0 0.0 0.0 0.0 1161.0 28.0 0.0
39 37 40 0.0 0.0 0.0 0.0 1556.0 46.0 3.0
39 37 41 0.0 0.0 0.0 2.0 1116.0 35.0 0.0
39 37 42 0.0 0.0 0.0 0.0 466.0 17.0 0.0
39 37 43 0.0 0.0 0.0 0.0 71.0 2.0 0.0
39 38 37 0.0 0.0 0.0 0.0 509.0 16.0 0.0
39 38 38 0.0 0.0 0.0 2.0 15346.0 519.0 268.0
39 38 39 0.0 0.0 0.0 10.0 35513.0 1002.0 1665.0
39 38 40 0.0 0.0 0.0 16.0 45827.0 1184.0 3392.0
39 38 41 0.0 0.0 0.0 18.0 36830.0 1068.0 2019.0
39 38 42 0.0 0.0 0.0 9.0 16271.0 520.0 255.0
39 38 43 0.0 0.0 0.0 0.0 423.0 15.0 0.0
39 39 37 0.0 0.0 0.0 0.0 1104.0 32.0 1.0
39 39 38 0.0 0.0 0.0 8.0 34392.0 1045.0 1592.0
39 39 39 0.0 0.0 0.0 132.0 72834.0 1197.0 39609.0
39 39 40 0.0 0.0 0.0 104.0 73087.0 1081.0 47724.0
39 39 41 0.0 0.0 0.0 42.0 73496.0 1180.0 39636.0
39 39 42 0.0 0.0 0.0 19.0 36021.0 1089.0 1905.0
39 39 43 0.0 0.0 0.0 0.0 1253.0 31.0 1.0
39 40 36 0.0 0.0 0.0 0.0 1.0 0.0 0.0
39 40 37 0.0 0.0 0.0 0.0 1471.0 55.0 0.0
39 40 38 0.0 0.0 0.0 6.0 45918.0 1259.0 3270.0
39 40 39 0.0 0.0 0.0 126.0 74796.0 1110.0 45307.0
39 40 40 0.0 0.0 0.0 56.0 73727.0 957.0 56601.0
39 40 41 0.0 0.0 0.0 40.0 74166.0 1040.0 46503.0
39 40 42 0.0 0.0 0.0 21.0 45176.0 1224.0 3237.0
39 40 43 0.0 0.0 0.0 1.0 1502.0 59.0 2.0
39 41 37 0.0 0.0 0.0 1.0 1235.0 40.0 1.0
39 41 38 0.0 0.0 0.0 6.0 35154.0 1020.0 1789.0
39 41 39 0.0 0.0 0.0 30.0 73848.0 1217.0 39550.0
39 41 40 0.0 0.0 0.0 173.0 72600.0 1138.0 49348.0
39 41 41 0.0 0.0 0.0 47.0 73709.0 1295.0 39197.0
39 41 42 0.0 0.0 0.0 15.0 35707.0 1016.0 1674.0
39 41 43 0.0 0.0 0.0 0.0 1117.0 27.0 1.0
39 41 44 0.0 0.0 0.0 0.0 1.0 0.0 0.0
39 42 37 0.0 0.0 0.0 0.0 400.0 16.0 0.0
39 42 38 0.0 0.0 0.0 2.0 16472.0 539.0 310.0
39 42 39 0.0 0.0 0.0 7.0 37595.0 1119.0 2051.0
39 42 40 0.0 0.0 0.0 29.0 47082.0 1310.0 3583.0
39 42 41 0.0 0.0 0.0 22.0 38036.0 1104.0 2043.0
39 42 42 0.0 0.0 0.0 18.0 15982.0 499.0 300.0
39 42 43 0.0 0.0 0.0 0.0 585.0 28.0 0.0
39 43 37 0.0 0.0 0.0 0.0 57.0 0.0 0.0
39 43 38 0.0 0.0 0.0 1.0 438.0 14.0 0.0
39 43 39 0.0 0.0 0.0 0.0 1238.0 36.0 1.0
39 43 40 0.0 0.0 0.0 1.0 1630.0 58.0 0.0
39 43 41 0.0 0.0 0.0 1.0 1349.0 45.0 0.0
39 43 42 0.0 0.0 0.0 0.0 347.0 7.0 0.0
39 43 43 0.0 0.0 0.0 0.0 77.0 2.0 0.0
39 44 40 0.0 0.0 0.0 0.0 2.0 0.0 0.0
39 44 41 0.0 0.0 0.0 0.0 1.0 0.0 0.0
40 36 39 0.0 0.0 0.0 0.0 3.0 0.0 0.0
40 37 37 0.0 0.0 0.0 0.0 88.0 3.0 0.0
40 37 38 0.0 0.0 0.0 0.0 524.0 17.0 0.0
40 37 39 0.0 0.0 0.0 0.0 1543.0 54.0 3.0
40 37 40 0.0 0.0 0.0 0.0 2073.0 75.0 6.0
40 37 41 0.0 0.0 0.0 0.0 1617.0 52.0 3.0
40 37 42 0.0 0.0 0.0 0.0 549.0 15.0 1.0
40 37 43 0.0 0.0 0.0 0.0 125.0 4.0 0.0
40 38 37 0.0 0.0 0.0 0.0 610.0 18.0 0.0
40 38 38 0.0 0.0 0.0 6.0 24206.0 766.0 763.0
40 38 39 0.0 0.0 0.0 15.0 44788.0 1189.0 3186.0
40 38 40 0.0 0.0 0.0 21.0 56399.0 1425.0 5783.0
40 38 41 0.0 0.0 0.0 23.0 45473.0 1248.0 3242.0
40 38 42 0.0 0.0 0.0 7.0 23488.0 724.0 665.0
40 38 43 0.0 0.0 0.0 1.0 635.0 23.0 1.0
40 39 37 0.0 0.0 0.0 0.0 1734.0 68.0 0.0
40 39 38 0.0 0.0 0.0 12.0 46210.0 1315.0 3414.0
40 39 39 0.0 0.0 0.0 61.0 73791.0 1108.0 46619.0
40 39 40 0.0 0.0 0.0 103.0 73617.0 938.0 56197.0
40 39 41 0.0 0.0 0.0 128.0 73652.0 1094.0 47059.0
40 39 42 0.0 0.0 0.0 13.0 44437.0 1237.0 3045.0
40 39 43 0.0 0.0 0.0 2.0 1554.0 42.0 2.0
40 39 44 0.0 0.0 0.0 0.0 1.0 0.0 0.0
40 40 36 0.0 0.0 0.0 0.0 1.0 0.0 0.0
40 40 37 0.0 0.0 0.0 0.0 2096.0 73.0 4.0
40 40 38 0.0 0.0 0.0 30.0 56157.0 1451.0 5670.0
40 40 39 0.0 0.0 0.0 62.0 73674.0 1019.0 56243.0
40 40 40 0.0 0.0 0.0 107.0 44405.0 325.0 113315.0
40 40 41 0.0 0.0 0.0 41.0 74004.0 969.0 56249.0
40 40 42 0.0 0.0 0.0 41.0 56346.0 1351.0 5505.0
40 40 43 0.0 0.0 0.0 0.0 2014.0 81.0 2.0
40 40 44 0.0 0.0 0.0 0.0 2.0 0.0 0.0
40 41 36 0.0 0.0 0.0 0.0 3.0 0.0 0.0
40 41 37 0.0 0.0 0.0 0.0 1738.0 68.0 1.0
40 41 38 0.0 0.0 0.0 17.0 45880.0 1251.0 3420.0
40 41 39 0.0 0.0 0.0 50.0 73525.0 1073.0 47207.0
40 41 40 0.0 0.0 0.0 83.0 73460.0 928.0 56716.0
40 41 41 0.0 0.0 0.0 82.0 73696.0 1069.0 47532.0
40 41 42 0.0 0.0 0.0 7.0 46504.0 1272.0 3429.0
40 41 43 0.0 0.0 0.0 1.0 1551.0 57.0 1.0
40 41 44 0.0 0.0 0.0 0.0 2.0 0.0 0.0
40 42 37 0.0 0.0 0.0 0.0 600.0 20.0 0.0
40 42 38 0.0 0.0 0.0 5.0 22892.0 737.0 619.0
40 42 39 0.0 0.0 0.0 16.0 46532.0 1326.0 3396.0
40 42 40 0.0 0.0 0.0 50.0 56756.0 1430.0 6058.0
40 42 41 0.0 0.0 0.0 30.0 45401.0 1280.0 3350.0
40 42 42 0.0 0.0 0.0 1.0 22407.0 727.0 663.0
40 42 43 0.0 0.0 0.0 1.0 599.0 15.0 0.0
40 43 37 0.0 0.0 0.0 0.0 97.0 4.0 0.0
40 43 38 0.0 0.0 0.0 0.0 537.0 20.0 0.0
40 43 39 0.0 0.0 0.0 1.0 1833.0 67.0 2.0
40 43 40 0.0 0.0 0.0 0.0 2325.0 88.0 4.0
40 43 41 0.0 0.0 0.0 1.0 1646.0 68.0 1.0
40 43 42 0.0 0.0 0.0 0.0 597.0 22.0 0.0
40 43 43 0.0 0.0 0.0 0.0 88.0 1.0 0.0
41 36 39 0.0 0.0 0.0 0.0 1.0 0.0 0.0
41 37 37 0.0 0.0 0.0 0.0 70.0 1.0 0.0
41 37 38 0.0 0.0 0.0 0.0 473.0 14.0 0.0
41 37 39 0.0 0.0 0.0 0.0 1171.0 32.0 0.0
41 37 40 0.0 0.0 0.0 0.0 1420.0 45.0 2.0
41 37 41 0.0 0.0 0.0 0.0 1206.0 56.0 0.0
41 37 42 0.0 0.0 0.0 0.0 460.0 15.0 0.0
41 37 43 0.0 0.0 0.0 0.0 73.0 2.0 0.0
41 38 37 0.0 0.0 0.0 0.0 474.0 13.0 0.0
41 38 38 0.0 0.0 0.0 3.0 17131.0 581.0 354.0
41 38 39 0.0 0.0 0.0 4.0 36737.0 1094.0 1886.0
41 38 40 0.0 0.0 0.0 8.0 45439.0 1206.0 3240.0
41 38 41 0.0 0.0 0.0 2.0 36274.0 1086.0 1804.0
41 38 42 0.0 0.0 0.0 21.0 16884.0 539.0 364.0
41 38 43 0.0 0.0 0.0 0.0 446.0 16.0 0.0
41 39 36 0.0 0.0 0.0 0.0 1.0 0.0 0.0
41 39 37 0.0 0.0 0.0 0.0 1235.0 45.0 2.0
41 39 38 0.0 0.0 0.0 2.0 37217.0 1081.0 1928.0
41 39 39 0.0 0.0 0.0 41.0 72350.0 1198.0 41692.0
41 39 40 0.0 0.0 0.0 52.0 73519.0 1091.0 47386.0
41 39 41 0.0 0.0 0.0 60.0 72530.0 1120.0 41534.0
41 39 42 0.0 0.0 0.0 2.0 37473.0 1056.0 1996.0
41 39 43 0.0 0.0 0.0 0.0 1178.0 54.0 2.0
41 40 37 0.0 0.0 0.0 0.0 1621.0 57.0 2.0
41 40 38 0.0 0.0 0.0 22.0 45659.0 1235.0 3314.0
41 40 39 0.0 0.0 0.0 100.0 73522.0 1126.0 47454.0
41 40 40 0.0 0.0 0.0 54.0 71828.0 904.0 59712.0
41 40 41 0.0 0.0 0.0 61.0 74666.0 1133.0 45995.0
41 40 42 0.0 0.0 0.0 11.0 45951.0 1257.0 3286.0
41 40 43 0.0 0.0 0.0 0.0 1615.0 53.0 2.0
41 41 37 0.0 0.0 0.0 0.0 1272.0 37.0 1.0
41 41 38 0.0 0.0 0.0 5.0 38410.0 1132.0 2109.0
41 41 39 0.0 0.0 0.0 55.0 73248.0 1147.0 40013.0
41 41 40 0.0 0.0 0.0 37.0 74815.0 1123.0 45617.0
41 41 41 0.0 0.0 0.0 72.0 73830.0 1245.0 38535.0
41 41 42 0.0 0.0 0.0 20.0 35818.0 1056.0 1905.0
41 41 43 0.0 0.0 0.0 0.0 1246.0 44.0 0.0
41 41 44 0.0 0.0 0.0 0.0 1.0 0.0 0.0
41 42 36 0.0 0.0 0.0 0.0 2.0 0.0 0.0
41 42 37 0.0 0.0 0.0 0.0 539.0 15.0 0.0
41 42 38 0.0 0.0 0.0 12.0 16822.0 596.0 284.0
41 42 39 0.0 0.0 0.0 16.0 37253.0 1161.0 2065.0
41 42 40 0.0 0.0 0.0 3.0 45786.0 1262.0 3291.0
41 42 41 0.0 0.0 0.0 6.0 35424.0 1005.0 1831.0
41 42 42 0.0 0.0 0.0 1.0 16979.0 551.0 362.0
41 42 43 0.0 0.0 0.0 0.0 436.0 21.0 1.0
41 43 37 0.0 0.0 0.0 0.0 70.0 4.0 0.0
41 43 38 0.0 0.0 0.0 0.0 478.0 15.0 1.0
41 43 39 0.0 0.0 0.0 0.0 1113.0 37.0 0.0
41 43 40 0.0 0.0 0.0 0.0 1677.0 58.0 1.0
41 43 41 0.0 0.0 0.0 1.0 1282.0 42.0 1.0
41 43 42 0.0 0.0 0.0 0.0 446.0 10.0 0.0
41 43 43 0.0 0.0 0.0 0.0 53.0 2.0 0.0
41 44 38 0.0 0.0 0.0 0.0 1.0 0.0 0.0
42 37 37 0.0 0.0 0.0 0.0 50.0 2.0 0.0
42 37 38 0.0 0.0 0.0 0.0 226.0 6.0 0.0
42 37 39 0.0 0.0 0.0 0.0 429.0 12.0 0.0
42 37 40 0.0 0.0 0.0 0.0 607.0 27.0 1.0
42 37 41 0.0 0.0 0.0 0.0 413.0 14.0 0.0
42 37 42 0.0 0.0 0.0 0.0 173.0 7.0 0.0
42 37 43 0.0 0.0 0.0 0.0 34.0 3.0 0.0
42 38 37 0.0 0.0 0.0 0.0 218.0 9.0 0.0
42 38 38 0.0 0.0 0.0 3.0 8265.0 305.0 68.0
42 38 39 0.0 0.0 0.0 15.0 17979.0 601.0 436.0
42 38 40 0.0 0.0 0.0 1.0 24121.0 772.0 722.0
42 38 41 0.0 0.0 0.0 4.0 17530.0 576.0 362.0
42 38 42 0.0 0.0 0.0 0.0 7696.0 240.0 68.0
42 38 43 0.0 0.0 0.0 0.0 183.0 8.0 0.0
42 39 37 0.0 0.0 0.0 0.0 537.0 17.0 0.0
42 39 38 0.0 0.0 0.0 7.0 18336.0 570.0 416.0
42 39 39 0.0 0.0 0.0 32.0 38862.0 1163.0 2222.0
42 39 40 0.0 0.0 0.0 15.0 47124.0 1310.0 3701.0
42 39 41 0.0 0.0 0.0 8.0 37370.0 1073.0 2061.0
42 39 42 0.0 0.0 0.0 1.0 17369.0 523.0 358.0
42 39 43 0.0 0.0 0.0 0.0 426.0 13.0 0.0
42 40 37 0.0 0.0 0.0 0.0 694.0 20.0 0.0
42 40 38 0.0 0.0 0.0 16.0 24480.0 839.0 756.0
42 40 39 0.0 0.0 0.0 9.0 47185.0 1251.0 3704.0
42 40 40 0.0 0.0 0.0 24.0 59133.0 1422.0 6514.0
42 40 41 0.0 0.0 0.0 9.0 47263.0 1341.0 3732.0
42 40 42 0.0 0.0 0.0 19.0 23586.0 731.0 689.0
42 40 43 0.0 0.0 0.0 0.0 597.0 14.0 0.0
42 41 37 0.0 0.0 0.0 0.0 498.0 22.0 0.0
42 41 38 0.0 0.0 0.0 3.0 16475.0 563.0 311.0
42 41 39 0.0 0.0 0.0 10.0 38068.0 1109.0 2132.0
42 41 40 0.0 0.0 0.0 14.0 46736.0 1265.0 3495.0
42 41 41 0.0 0.0 0.0 18.0 36754.0 1079.0 1952.0
42 41 42 0.0 0.0 0.0 7.0 15818.0 512.0 279.0
42 41 43 0.0 0.0 0.0 0.0 473.0 17.0 0.0
42 42 37 0.0 0.0 0.0 0.0 225.0 3.0 0.0
42 42 38 0.0 0.0 0.0 10.0 7498.0 267.0 64.0
42 42 39 0.0 0.0 0.0 1.0 16601.0 526.0 319.0
42 42 40 0.0 0.0 0.0 1.0 22566.0 688.0 616.0
42 42 41 0.0 0.0 0.0 1.0 17080.0 577.0 336.0
42 42 42 0.0 0.0 0.0 6.0 7559.0 255.0 71.0
42 42 43 0.0 0.0 0.0 0.0 192.0 7.0 0.0
42 43 37 0.0 0.0 0.0 0.0 19.0 0.0 0.0
42 43 38 0.0 0.0 0.0 0.0 169.0 5.0 0.0
42 43 39 0.0 0.0 0.0 0.0 499.0 19.0 0.0
42 43 40 0.0 0.0 0.0 0.0 630.0 24.0 0.0
42 43 41 0.0 0.0 0.0 0.0 543.0 24.0 0.0
42 43 42 0.0 0.0 0.0 0.0 137.0 9.0 0.0
42 43 43 0.0 0.0 0.0 0.0 28.0 0.0 0.0
43 37 37 0.0 0.0 0.0 0.0 3.0 0.0 0.0
43 37 38 0.0 0.0 0.0 0.0 25.0 1.0 0.0
43 37 39 0.0 0.0 0.0 0.0 67.0 1.0 0.0
43 37 40 0.0 0.0 0.0 0.0 96.0 0.0 0.0
43 37 41 0.0 0.0 0.0 0.0 48.0 2.0 0.0
43 37 42 0.0 0.0 0.0 0.0 22.0 1.0 0.0
43 37 43 0.0 0.0 0.0 0.0 11.0 0.0 0.0
43 38 37 0.0 0.0 0.0 0.0 33.0 2.0 0.0
43 38 38 0.0 0.0 0.0 0.0 260.0 7.0 0.0
43 38 39 0.0 0.0 0.0 0.0 496.0 21.0 0.0
43 38 40 0.0 0.0 0.0 0.0 627.0 21.0 0.0
43 38 41 0.0 0.0 0.0 0.0 501.0 17.0 0.0
43 38 42 0.0 0.0 0.0 0.0 146.0 4.0 0.0
43 38 43 0.0 0.0 0.0 0.0 15.0 0.0 0.0
43 39 37 0.0 0.0 0.0 0.0 90.0 5.0 0.0
43 39 38 0.0 0.0 0.0 0.0 530.0 23.0 1.0
43 39 39 0.0 0.0 0.0 0.0 1506.0 52.0 0.0
43 39 40 0.0 0.0 0.0 0.0 1894.0 77.0 2.0
43 39 41 0.0 0.0 0.0 0.0 1353.0 41.0 0.0
43 39 42 0.0 0.0 0.0 0.0 532.0 24.0 0.0
43 39 43 0.0 0.0 0.0 0.0 65.0 3.0 0.0
43 40 37 0.0 0.0 0.0 0.0 76.0 2.0 0.0
43 40 38 0.0 0.0 0.0 0.0 789.0 30.0 0.0
43 40 39 0.0 0.0 0.0 0.0 1899.0 64.0 2.0
43 40 40 0.0 0.0 0.0 1.0 2429.0 85.0 2.0
43 40 41 0.0 0.0 0.0 0.0 1784.0 66.0 5.0
43 40 42 0.0 0.0 0.0 0.0 609.0 23.0 0.0
43 40 43 0.0 0.0 0.0 0.0 109.0 4.0 0.0
43 41 37 0.0 0.0 0.0 0.0 63.0 0.0 0.0
43 41 38 0.0 0.0 0.0 0.0 485.0 15.0 0.0
43 41 39 0.0 0.0 0.0 0.0 1407.0 51.0 1.0
43 41 40 0.0 0.0 0.0 2.0 1818.0 57.0 1.0
43 41 41 0.0 0.0 0.0 0.0 1385.0 46.0 2.0
43 41 42 0.0 0.0 0.0 0.0 486.0 11.0 2.0
43 41 43 0.0 0.0 0.0 0.0 66.0 2.0 0.0
43 42 37 0.0 0.0 0.0 0.0 17.0 1.0 0.0
43 42 38 0.0 0.0 0.0 0.0 150.0 4.0 0.0
43 42 39 0.0 0.0 0.0 0.0 484.0 12.0 0.0
43 42 40 0.0 0.0 0.0 0.0 717.0 34.0 0.0
43 42 41 0.0 0.0 0.0 0.0 435.0 20.0 0.0
43 42 42 0.0 0.0 0.0 0.0 144.0 2.0 0.0
43 42 43 0.0 0.0 0.0 0.0 10.0 1.0 0.0
43 43 37 0.0 0.0 0.0 0.0 1.0 0.0 0.0
43 43 38 0.0 0.0 0.0 0.0 33.0 2.0 0.0
43 43 39 0.0 0.0 0.0 0.0 49.0 0.0 0.0
43 43 40 0.0 0.0 0.0 0.0 88.0 3.0 0.0
43 43 41 0.0 0.0 0.0 0.0 54.0 3.0 0.0
43 43 42 0.0 0.0 0.0 0.0 13.0 0.0 0.0
44 38 39 0.0 0.0 0.0 0.0 1.0 0.0 0.0
44 38 41 0.0 0.0 0.0 0.0 1.0 0.0 0.0
44 39 40 0.0 0.0 0.0 0.0 1.0 0.0 0.0
44 40 38 0.0 0.0 0.0 0.0 2.0 0.0 0.0
44 40 39 0.0 0.0 0.0 0.0 2.0 0.0 0.0
44 40 40 0.0 0.0 0.0 0.0 3.0 0.0 0.0
44 40 41 0.0 0.0 0.0 0.0 1.0 0.0 0.0
44 41 43 0.0 0.0 0.0 0.0 1.0 0.0 0.0
44 42 41 0.0 0.0 0.0 0.0 1.0 0.0 0.0
