39 39 39 0.0 0.0 0.0 1.0 32.0 0.0 0.0
39 39 40 0.0 0.0 0.0 2.0 111.0 4.0 0.0
39 39 41 0.0 0.0 0.0 1.0 58.0 1.0 0.0
39 40 39 0.0 0.0 0.0 7.0 56.0 2.0 0.0
39 40 40 0.0 0.0 0.0 0.0 115.0 6.0 0.0
39 40 41 0.0 0.0 0.0 0.0 68.0 3.0 0.0
39 41 39 0.0 0.0 0.0 0.0 30.0 2.0 0.0
39 41 40 0.0 0.0 0.0 2.0 115.0 5.0 0.0
39 41 41 0.0 0.0 0.0 2.0 46.0 3.0 0.0
40 39 39 0.0 0.0 0.0 0.0 63.0 2.0 0.0
40 39 40 0.0 0.0 0.0 1.0 76.0 1.0 0.0
40 39 41 0.0 0.0 0.0 4.0 68.0 1.0 0.0
40 40 39 0.0 0.0 0.0 0.0 89.0 1.0 0.0
40 40 40 0.0 0.0 0.0 265.0 22733.0 770.0 929.0
40 40 41 0.0 0.0 0.0 0.0 119.0 6.0 0.0
40 41 39 0.0 0.0 0.0 0.0 79.0 1.0 0.0
40 41 40 0.0 0.0 0.0 0.0 116.0 7.0 0.0
40 41 41 0.0 0.0 0.0 0.0 73.0 1.0 0.0
41 39 39 0.0 0.0 0.0 0.0 75.0 4.0 0.0
41 39 40 0.0 0.0 0.0 0.0 71.0 1.0 0.0
41 39 41 0.0 0.0 0.0 0.0 66.0 3.0 0.0
41 40 39 0.0 0.0 0.0 0.0 79.0 3.0 0.0
41 40 40 0.0 0.0 0.0 1.0 209.0 7.0 0.0
41 40 41 0.0 0.0 0.0 1.0 56.0 2.0 0.0
41 41 39 0.0 0.0 0.0 0.0 51.0 5.0 0.0
41 41 40 0.0 0.0 0.0 0.0 71.0 1.0 0.0
41 41 41 0.0 0.0 0.0 0.0 52.0 1.0 0.0
