37 37 38 0.0 0.0 0.0 0.0 3.0 0.0 0.0
37 37 39 0.0 0.0 0.0 0.0 17.0 0.0 0.0
37 37 40 0.0 0.0 0.0 0.0 24.0 2.0 0.0
37 37 41 0.0 0.0 0.0 0.0 7.0 0.0 0.0
37 37 42 0.0 0.0 0.0 0.0 4.0 0.0 0.0
37 38 38 0.0 0.0 0.0 0.0 22.0 0.0 0.0
37 38 39 0.0 0.0 0.0 0.0 98.0 4.0 0.0
37 38 40 0.0 0.0 0.0 2.0 125.0 3.0 0.0
37 38 41 0.0 0.0 0.0 0.0 93.0 3.0 0.0
37 38 42 0.0 0.0 0.0 0.0 19.0 0.0 0.0
37 38 43 0.0 0.0 0.0 0.0 6.0 0.0 0.0
37 39 37 0.0 0.0 0.0 0.0 1.0 0.0 0.0
37 39 38 0.0 0.0 0.0 0.0 114.0 5.0 0.0
37 39 39 0.0 0.0 0.0 0.0 250.0 5.0 0.0
37 39 40 0.0 0.0 0.0 0.0 293.0 10.0 0.0
37 39 41 0.0 0.0 0.0 1.0 258.0 12.0 0.0
37 39 42 0.0 0.0 0.0 0.0 99.0 2.0 0.0
37 39 43 0.0 0.0 0.0 0.0 20.0 1.0 0.0
37 40 37 0.0 0.0 0.0 0.0 5.0 0.0 0.0
37 40 38 0.0 0.0 0.0 0.0 89.0 1.0 0.0
37 40 39 0.0 0.0 0.0 0.0 320.0 7.0 0.0
37 40 40 0.0 0.0 0.0 0.0 445.0 15.0 0.0
37 40 41 0.0 0.0 0.0 0.0 329.0 5.0 0.0
37 40 42 0.0 0.0 0.0 0.0 95.0 3.0 0.0
37 40 43 0.0 0.0 0.0 0.0 8.0 0.0 0.0
37 41 37 0.0 0.0 0.0 0.0 18.0 1.0 0.0
37 41 38 0.0 0.0 0.0 0.0 92.0 1.0 0.0
37 41 39 0.0 0.0 0.0 0.0 216.0 6.0 0.0
37 41 40 0.0 0.0 0.0 1.0 360.0 10.0 0.0
37 41 41 0.0 0.0 0.0 0.0 221.0 6.0 0.0
37 41 42 0.0 0.0 0.0 0.0 86.0 2.0 0.0
37 41 43 0.0 0.0 0.0 0.0 11.0 0.0 0.0
37 42 37 0.0 0.0 0.0 0.0 2.0 0.0 0.0
37 42 38 0.0 0.0 0.0 0.0 29.0 1.0 0.0
37 42 39 0.0 0.0 0.0 0.0 108.0 1.0 0.0
37 42 40 0.0 0.0 0.0 0.0 135.0 4.0 0.0
37 42 41 0.0 0.0 0.0 0.0 123.0 7.0 0.0
37 42 42 0.0 0.0 0.0 0.0 29.0 0.0 0.0
37 42 43 0.0 0.0 0.0 0.0 6.0 0.0 0.0
37 43 38 0.0 0.0 0.0 0.0 3.0 0.0 0.0
37 43 39 0.0 0.0 0.0 0.0 7.0 0.0 0.0
37 43 40 0.0 0.0 0.0 0.0 22.0 0.0 0.0
37 43 41 0.0 0.0 0.0 0.0 9.0 0.0 0.0
37 43 42 0.0 0.0 0.0 0.0 4.0 0.0 0.0
38 37 37 0.0 0.0 0.0 0.0 2.0 0.0 0.0
38 37 38 0.0 0.0 0.0 0.0 37.0 2.0 0.0
38 37 39 0.0 0.0 0.0 0.0 78.0 0.0 0.0
38 37 40 0.0 0.0 0.0 0.0 95.0 2.0 0.0
38 37 41 0.0 0.0 0.0 0.0 91.0 2.0 0.0
38 37 42 0.0 0.0 0.0 0.0 34.0 2.0 0.0
38 38 37 0.0 0.0 0.0 0.0 26.0 0.0 0.0
38 38 38 0.0 0.0 0.0 1.0 3050.0 128.0 8.0
38 38 39 0.0 0.0 0.0 6.0 8321.0 277.0 90.0
38 38 40 0.0 0.0 0.0 4.0 10915.0 362.0 126.0
38 38 41 0.0 0.0 0.0 1.0 7525.0 259.0 51.0
38 38 42 0.0 0.0 0.0 1.0 3249.0 104.0 11.0
38 38 43 0.0 0.0 0.0 0.0 47.0 0.0 0.0
38 39 37 0.0 0.0 0.0 0.0 102.0 5.0 0.0
38 39 38 0.0 0.0 0.0 3.0 7213.0 246.0 58.0
38 39 39 0.0 0.0 0.0 16.0 18883.0 608.0 392.0
38 39 40 0.0 0.0 0.0 34.0 25257.0 777.0 769.0
38 39 41 0.0 0.0 0.0 4.0 18195.0 609.0 374.0
38 39 42 0.0 0.0 0.0 3.0 8043.0 280.0 65.0
38 39 43 0.0 0.0 0.0 0.0 77.0 3.0 0.0
38 40 37 0.0 0.0 0.0 0.0 97.0 6.0 0.0
38 40 38 0.0 0.0 0.0 2.0 9868.0 308.0 121.0
38 40 39 0.0 0.0 0.0 20.0 25719.0 840.0 795.0
38 40 40 0.0 0.0 0.0 18.0 32696.0 945.0 1339.0
38 40 41 0.0 0.0 0.0 11.0 25539.0 832.0 790.0
38 40 42 0.0 0.0 0.0 0.0 10618.0 344.0 121.0
38 40 43 0.0 0.0 0.0 0.0 105.0 6.0 0.0
38 41 37 0.0 0.0 0.0 0.0 73.0 3.0 0.0
38 41 38 0.0 0.0 0.0 5.0 7244.0 265.0 46.0
38 41 39 0.0 0.0 0.0 9.0 19846.0 625.0 460.0
38 41 40 0.0 0.0 0.0 9.0 26054.0 782.0 835.0
38 41 41 0.0 0.0 0.0 16.0 19617.0 608.0 471.0
38 41 42 0.0 0.0 0.0 0.0 7474.0 247.0 69.0
38 41 43 0.0 0.0 0.0 0.0 95.0 2.0 0.0
38 42 37 0.0 0.0 0.0 0.0 22.0 0.0 0.0
38 42 38 0.0 0.0 0.0 1.0 2982.0 97.0 7.0
38 42 39 0.0 0.0 0.0 1.0 8056.0 286.0 76.0
38 42 40 0.0 0.0 0.0 22.0 11030.0 378.0 142.0
38 42 41 0.0 0.0 0.0 5.0 7719.0 260.0 65.0
38 42 42 0.0 0.0 0.0 1.0 3095.0 101.0 8.0
38 42 43 0.0 0.0 0.0 0.0 18.0 0.0 0.0
38 43 37 0.0 0.0 0.0 0.0 8.0 1.0 0.0
38 43 38 0.0 0.0 0.0 0.0 26.0 1.0 0.0
38 43 39 0.0 0.0 0.0 0.0 101.0 3.0 0.0
38 43 40 0.0 0.0 0.0 0.0 161.0 4.0 0.0
38 43 41 0.0 0.0 0.0 0.0 68.0 6.0 0.0
38 43 42 0.0 0.0 0.0 0.0 35.0 2.0 0.0
38 43 43 0.0 0.0 0.0 0.0 2.0 0.0 0.0
39 37 37 0.0 0.0 0.0 0.0 8.0 0.0 0.0
39 37 38 0.0 0.0 0.0 0.0 90.0 0.0 0.0
39 37 39 0.0 0.0 0.0 0.0 223.0 2.0 0.0
39 37 40 0.0 0.0 0.0 0.0 305.0 11.0 0.0
39 37 41 0.0 0.0 0.0 1.0 216.0 5.0 0.0
39 37 42 0.0 0.0 0.0 0.0 100.0 5.0 0.0
39 37 43 0.0 0.0 0.0 0.0 14.0 1.0 0.0
39 38 37 0.0 0.0 0.0 0.0 84.0 3.0 0.0
39 38 38 0.0 0.0 0.0 1.0 6791.0 253.0 45.0
39 38 39 0.0 0.0 0.0 4.0 18001.0 555.0 337.0
39 38 40 0.0 0.0 0.0 10.0 25370.0 754.0 736.0
39 38 41 0.0 0.0 0.0 11.0 18909.0 607.0 418.0
39 38 42 0.0 0.0 0.0 4.0 7304.0 241.0 34.0
39 38 43 0.0 0.0 0.0 0.0 81.0 5.0 0.0
39 39 37 0.0 0.0 0.0 0.0 225.0 6.0 0.0
39 39 38 0.0 0.0 0.0 7.0 17266.0 508.0 358.0
39 39 39 0.0 0.0 0.0 145.0 72777.0 1407.0 24343.0
39 39 40 0.0 0.0 0.0 118.0 75515.0 1325.0 30959.0
39 39 41 0.0 0.0 0.0 37.0 73431.0 1414.0 24386.0
39 39 42 0.0 0.0 0.0 16.0 18562.0 561.0 409.0
39 39 43 0.0 0.0 0.0 0.0 291.0 14.0 0.0
39 40 37 0.0 0.0 0.0 0.0 288.0 10.0 0.0
39 40 38 0.0 0.0 0.0 5.0 25223.0 798.0 733.0
39 40 39 0.0 0.0 0.0 135.0 76156.0 1347.0 28410.0
39 40 40 0.0 0.0 0.0 67.0 78059.0 1253.0 38040.0
39 40 41 0.0 0.0 0.0 43.0 76018.0 1352.0 29615.0
39 40 42 0.0 0.0 0.0 7.0 24808.0 785.0 707.0
39 40 43 0.0 0.0 0.0 0.0 319.0 11.0 0.0
39 41 37 0.0 0.0 0.0 0.0 262.0 9.0 0.0
39 41 38 0.0 0.0 0.0 4.0 18086.0 571.0 386.0
39 41 39 0.0 0.0 0.0 34.0 73278.0 1388.0 24362.0
39 41 40 0.0 0.0 0.0 189.0 75157.0 1269.0 32472.0
39 41 41 0.0 0.0 0.0 52.0 73128.0 1375.0 24087.0
39 41 42 0.0 0.0 0.0 9.0 18196.0 575.0 309.0
39 41 43 0.0 0.0 0.0 0.0 208.0 8.0 0.0
39 42 37 0.0 0.0 0.0 0.0 66.0 3.0 0.0
39 42 38 0.0 0.0 0.0 1.0 7361.0 242.0 59.0
39 42 39 0.0 0.0 0.0 6.0 19679.0 636.0 433.0
39 42 40 0.0 0.0 0.0 24.0 26294.0 869.0 788.0
39 42 41 0.0 0.0 0.0 14.0 19868.0 599.0 488.0
39 42 42 0.0 0.0 0.0 10.0 7164.0 248.0 38.0
39 42 43 0.0 0.0 0.0 0.0 164.0 5.0 0.0
39 43 37 0.0 0.0 0.0 0.0 7.0 0.0 0.0
39 43 38 0.0 0.0 0.0 0.0 89.0 2.0 0.0
39 43 39 0.0 0.0 0.0 0.0 234.0 8.0 0.0
39 43 40 0.0 0.0 0.0 0.0 304.0 9.0 0.0
39 43 41 0.0 0.0 0.0 0.0 298.0 11.0 0.0
39 43 42 0.0 0.0 0.0 0.0 41.0 0.0 0.0
39 43 43 0.0 0.0 0.0 0.0 14.0 0.0 0.0
40 37 37 0.0 0.0 0.0 0.0 11.0 0.0 0.0
40 37 38 0.0 0.0 0.0 0.0 103.0 0.0 0.0
40 37 39 0.0 0.0 0.0 0.0 332.0 14.0 0.0
40 37 40 0.0 0.0 0.0 0.0 434.0 11.0 0.0
40 37 41 0.0 0.0 0.0 0.0 331.0 9.0 0.0
40 37 42 0.0 0.0 0.0 0.0 77.0 2.0 0.0
40 37 43 0.0 0.0 0.0 0.0 27.0 0.0 0.0
40 38 37 0.0 0.0 0.0 0.0 114.0 3.0 0.0
40 38 38 0.0 0.0 0.0 4.0 11676.0 427.0 136.0
40 38 39 0.0 0.0 0.0 6.0 24569.0 750.0 694.0
40 38 40 0.0 0.0 0.0 12.0 33627.0 992.0 1411.0
40 38 41 0.0 0.0 0.0 16.0 24839.0 796.0 757.0
40 38 42 0.0 0.0 0.0 5.0 11169.0 401.0 114.0
40 38 43 0.0 0.0 0.0 0.0 114.0 6.0 0.0
40 39 37 0.0 0.0 0.0 0.0 332.0 8.0 0.0
40 39 38 0.0 0.0 0.0 6.0 25592.0 820.0 771.0
40 39 39 0.0 0.0 0.0 58.0 75952.0 1322.0 29524.0
40 39 40 0.0 0.0 0.0 101.0 77938.0 1261.0 37669.0
40 39 41 0.0 0.0 0.0 132.0 75968.0 1317.0 30227.0
40 39 42 0.0 0.0 0.0 7.0 23964.0 765.0 635.0
40 39 43 0.0 0.0 0.0 0.0 327.0 7.0 0.0
40 40 37 0.0 0.0 0.0 0.0 410.0 11.0 0.0
40 40 38 0.0 0.0 0.0 20.0 33669.0 980.0 1476.0
40 40 39 0.0 0.0 0.0 63.0 77866.0 1233.0 37756.0
40 40 40 0.0 0.0 0.0 143.0 45300.0 450.0 99942.0
40 40 41 0.0 0.0 0.0 34.0 77777.0 1219.0 37846.0
40 40 42 0.0 0.0 0.0 25.0 33394.0 995.0 1387.0
40 40 43 0.0 0.0 0.0 0.0 376.0 5.0 0.0
40 41 37 0.0 0.0 0.0 0.0 346.0 10.0 0.0
40 41 38 0.0 0.0 0.0 8.0 25425.0 785.0 808.0
40 41 39 0.0 0.0 0.0 61.0 76002.0 1325.0 30197.0
40 41 40 0.0 0.0 0.0 82.0 77593.0 1236.0 38299.0
40 41 41 0.0 0.0 0.0 88.0 75912.0 1252.0 30538.0
40 41 42 0.0 0.0 0.0 7.0 25727.0 782.0 739.0
40 41 43 0.0 0.0 0.0 0.0 319.0 10.0 0.0
40 42 37 0.0 0.0 0.0 0.0 118.0 5.0 0.0
40 42 38 0.0 0.0 0.0 4.0 10732.0 358.0 116.0
40 42 39 0.0 0.0 0.0 6.0 25666.0 780.0 748.0
40 42 40 0.0 0.0 0.0 36.0 34343.0 1015.0 1585.0
40 42 41 0.0 0.0 0.0 17.0 24925.0 810.0 776.0
40 42 42 0.0 0.0 0.0 1.0 10510.0 320.0 132.0
40 42 43 0.0 0.0 0.0 0.0 106.0 3.0 0.0
40 43 37 0.0 0.0 0.0 0.0 19.0 0.0 0.0
40 43 38 0.0 0.0 0.0 0.0 100.0 2.0 0.0
40 43 39 0.0 0.0 0.0 0.0 394.0 5.0 0.0
40 43 40 0.0 0.0 0.0 0.0 499.0 24.0 0.0
40 43 41 0.0 0.0 0.0 0.0 336.0 10.0 0.0
40 43 42 0.0 0.0 0.0 0.0 102.0 4.0 0.0
40 43 43 0.0 0.0 0.0 0.0 24.0 0.0 0.0
41 37 37 0.0 0.0 0.0 0.0 12.0 1.0 0.0
41 37 38 0.0 0.0 0.0 0.0 93.0 2.0 0.0
41 37 39 0.0 0.0 0.0 0.0 201.0 6.0 0.0
41 37 40 0.0 0.0 0.0 0.0 296.0 8.0 0.0
41 37 41 0.0 0.0 0.0 0.0 242.0 8.0 0.0
41 37 42 0.0 0.0 0.0 0.0 100.0 4.0 0.0
41 37 43 0.0 0.0 0.0 0.0 12.0 1.0 0.0
41 38 37 0.0 0.0 0.0 0.0 94.0 3.0 0.0
41 38 38 0.0 0.0 0.0 1.0 7889.0 258.0 66.0
41 38 39 0.0 0.0 0.0 3.0 18980.0 573.0 409.0
41 38 40 0.0 0.0 0.0 5.0 24960.0 800.0 723.0
41 38 41 0.0 0.0 0.0 0.0 18579.0 593.0 348.0
41 38 42 0.0 0.0 0.0 11.0 7756.0 252.0 79.0
41 38 43 0.0 0.0 0.0 0.0 78.0 1.0 0.0
41 39 37 0.0 0.0 0.0 0.0 241.0 12.0 0.0
41 39 38 0.0 0.0 0.0 1.0 19390.0 600.0 422.0
41 39 39 0.0 0.0 0.0 40.0 73182.0 1422.0 26365.0
41 39 40 0.0 0.0 0.0 49.0 75899.0 1298.0 30328.0
41 39 41 0.0 0.0 0.0 56.0 73752.0 1419.0 25811.0
41 39 42 0.0 0.0 0.0 3.0 19524.0 658.0 427.0
41 39 43 0.0 0.0 0.0 0.0 212.0 12.0 0.0
41 40 37 0.0 0.0 0.0 0.0 309.0 10.0 0.0
41 40 38 0.0 0.0 0.0 17.0 25281.0 758.0 748.0
41 40 39 0.0 0.0 0.0 102.0 75801.0 1340.0 30385.0
41 40 40 0.0 0.0 0.0 54.0 76547.0 1169.0 41371.0
41 40 41 0.0 0.0 0.0 72.0 76445.0 1347.0 29120.0
41 40 42 0.0 0.0 0.0 9.0 25299.0 799.0 742.0
41 40 43 0.0 0.0 0.0 0.0 306.0 7.0 0.0
41 41 37 0.0 0.0 0.0 0.0 261.0 10.0 0.0
41 41 38 0.0 0.0 0.0 1.0 20289.0 651.0 420.0
41 41 39 0.0 0.0 0.0 54.0 73468.0 1407.0 24549.0
41 41 40 0.0 0.0 0.0 42.0 76083.0 1333.0 28827.0
41 41 41 0.0 0.0 0.0 77.0 72985.0 1391.0 23567.0
41 41 42 0.0 0.0 0.0 10.0 18485.0 571.0 398.0
41 41 43 0.0 0.0 0.0 0.0 277.0 7.0 0.0
41 42 37 0.0 0.0 0.0 0.0 106.0 6.0 0.0
41 42 38 0.0 0.0 0.0 7.0 7524.0 247.0 49.0
41 42 39 0.0 0.0 0.0 8.0 19323.0 628.0 430.0
41 42 40 0.0 0.0 0.0 1.0 25222.0 765.0 722.0
41 42 41 0.0 0.0 0.0 3.0 18115.0 558.0 376.0
41 42 42 0.0 0.0 0.0 1.0 7780.0 241.0 73.0
41 42 43 0.0 0.0 0.0 0.0 81.0 3.0 0.0
41 43 37 0.0 0.0 0.0 0.0 8.0 0.0 0.0
41 43 38 0.0 0.0 0.0 0.0 100.0 3.0 0.0
41 43 39 0.0 0.0 0.0 0.0 219.0 6.0 0.0
41 43 40 0.0 0.0 0.0 0.0 340.0 11.0 1.0
41 43 41 0.0 0.0 0.0 0.0 257.0 6.0 0.0
41 43 42 0.0 0.0 0.0 0.0 81.0 4.0 0.0
41 43 43 0.0 0.0 0.0 0.0 5.0 0.0 0.0
42 37 37 0.0 0.0 0.0 0.0 10.0 0.0 0.0
42 37 38 0.0 0.0 0.0 0.0 38.0 1.0 0.0
42 37 39 0.0 0.0 0.0 0.0 71.0 0.0 0.0
42 37 40 0.0 0.0 0.0 0.0 101.0 4.0 0.0
42 37 41 0.0 0.0 0.0 0.0 74.0 1.0 0.0
42 37 42 0.0 0.0 0.0 0.0 37.0 0.0 0.0
42 37 43 0.0 0.0 0.0 0.0 6.0 0.0 0.0
42 38 37 0.0 0.0 0.0 0.0 34.0 4.0 0.0
42 38 38 0.0 0.0 0.0 2.0 3526.0 119.0 12.0
42 38 39 0.0 0.0 0.0 11.0 8319.0 299.0 88.0
42 38 40 0.0 0.0 0.0 0.0 11372.0 401.0 117.0
42 38 41 0.0 0.0 0.0 4.0 7999.0 306.0 68.0
42 38 42 0.0 0.0 0.0 0.0 3347.0 116.0 12.0
42 38 43 0.0 0.0 0.0 0.0 29.0 0.0 0.0
42 39 37 0.0 0.0 0.0 0.0 107.0 3.0 0.0
42 39 38 0.0 0.0 0.0 5.0 8384.0 292.0 69.0
42 39 39 0.0 0.0 0.0 18.0 20521.0 669.0 495.0
42 39 40 0.0 0.0 0.0 7.0 26527.0 803.0 819.0
42 39 41 0.0 0.0 0.0 6.0 19247.0 621.0 440.0
42 39 42 0.0 0.0 0.0 0.0 7889.0 253.0 60.0
42 39 43 0.0 0.0 0.0 0.0 80.0 3.0 0.0
42 40 37 0.0 0.0 0.0 0.0 134.0 11.0 0.0
42 40 38 0.0 0.0 0.0 9.0 11757.0 414.0 134.0
42 40 39 0.0 0.0 0.0 2.0 26432.0 836.0 817.0
42 40 40 0.0 0.0 0.0 16.0 36354.0 1029.0 1684.0
42 40 41 0.0 0.0 0.0 3.0 26541.0 817.0 886.0
42 40 42 0.0 0.0 0.0 16.0 11152.0 356.0 123.0
42 40 43 0.0 0.0 0.0 0.0 127.0 4.0 0.0
42 41 37 0.0 0.0 0.0 0.0 86.0 0.0 0.0
42 41 38 0.0 0.0 0.0 1.0 7499.0 256.0 52.0
42 41 39 0.0 0.0 0.0 6.0 20021.0 623.0 462.0
42 41 40 0.0 0.0 0.0 5.0 25951.0 811.0 774.0
42 41 41 0.0 0.0 0.0 9.0 19075.0 577.0 413.0
42 41 42 0.0 0.0 0.0 3.0 7097.0 249.0 42.0
42 41 43 0.0 0.0 0.0 0.0 83.0 3.0 0.0
42 42 37 0.0 0.0 0.0 0.0 63.0 1.0 0.0
42 42 38 0.0 0.0 0.0 5.0 3194.0 121.0 13.0
42 42 39 0.0 0.0 0.0 0.0 7431.0 264.0 54.0
42 42 40 0.0 0.0 0.0 1.0 10442.0 325.0 113.0
42 42 41 0.0 0.0 0.0 0.0 7832.0 237.0 66.0
42 42 42 0.0 0.0 0.0 4.0 3196.0 120.0 8.0
42 42 43 0.0 0.0 0.0 0.0 42.0 0.0 0.0
42 43 37 0.0 0.0 0.0 0.0 3.0 0.0 0.0
42 43 38 0.0 0.0 0.0 0.0 28.0 1.0 0.0
42 43 39 0.0 0.0 0.0 0.0 92.0 6.0 0.0
42 43 40 0.0 0.0 0.0 0.0 97.0 4.0 0.0
42 43 41 0.0 0.0 0.0 0.0 130.0 5.0 0.0
42 43 42 0.0 0.0 0.0 0.0 21.0 0.0 0.0
42 43 43 0.0 0.0 0.0 0.0 3.0 0.0 0.0
43 37 37 0.0 0.0 0.0 0.0 1.0 0.0 0.0
43 37 38 0.0 0.0 0.0 0.0 7.0 1.0 0.0
43 37 39 0.0 0.0 0.0 0.0 12.0 0.0 0.0
43 37 40 0.0 0.0 0.0 0.0 15.0 1.0 0.0
43 37 41 0.0 0.0 0.0 0.0 6.0 0.0 0.0
43 37 42 0.0 0.0 0.0 0.0 4.0 0.0 0.0
43 37 43 0.0 0.0 0.0 0.0 3.0 0.0 0.0
43 38 37 0.0 0.0 0.0 0.0 7.0 0.0 0.0
43 38 38 0.0 0.0 0.0 0.0 56.0 3.0 0.0
43 38 39 0.0 0.0 0.0 0.0 102.0 2.0 0.0
43 38 40 0.0 0.0 0.0 0.0 114.0 3.0 0.0
43 38 41 0.0 0.0 0.0 0.0 91.0 3.0 0.0
43 38 42 0.0 0.0 0.0 0.0 19.0 0.0 0.0
43 38 43 0.0 0.0 0.0 0.0 2.0 0.0 0.0
43 39 37 0.0 0.0 0.0 0.0 16.0 1.0 0.0
43 39 38 0.0 0.0 0.0 0.0 104.0 2.0 0.0
43 39 39 0.0 0.0 0.0 0.0 342.0 8.0 0.0
43 39 40 0.0 0.0 0.0 0.0 427.0 13.0 0.0
43 39 41 0.0 0.0 0.0 0.0 239.0 3.0 0.0
43 39 42 0.0 0.0 0.0 0.0 101.0 6.0 0.0
43 39 43 0.0 0.0 0.0 0.0 8.0 1.0 0.0
43 40 37 0.0 0.0 0.0 0.0 7.0 0.0 0.0
43 40 38 0.0 0.0 0.0 0.0 171.0 6.0 0.0
43 40 39 0.0 0.0 0.0 0.0 414.0 16.0 0.0
43 40 40 0.0 0.0 0.0 1.0 570.0 18.0 0.0
43 40 41 0.0 0.0 0.0 0.0 381.0 16.0 0.0
43 40 42 0.0 0.0 0.0 0.0 117.0 3.0 0.0
43 40 43 0.0 0.0 0.0 0.0 11.0 0.0 0.0
43 41 37 0.0 0.0 0.0 0.0 10.0 0.0 0.0
43 41 38 0.0 0.0 0.0 0.0 92.0 3.0 0.0
43 41 39 0.0 0.0 0.0 0.0 313.0 13.0 0.0
43 41 40 0.0 0.0 0.0 1.0 342.0 11.0 0.0
43 41 41 0.0 0.0 0.0 0.0 311.0 7.0 0.0
43 41 42 0.0 0.0 0.0 0.0 82.0 3.0 0.0
43 41 43 0.0 0.0 0.0 0.0 14.0 2.0 0.0
43 42 37 0.0 0.0 0.0 0.0 2.0 1.0 0.0
43 42 38 0.0 0.0 0.0 0.0 18.0 0.0 0.0
43 42 39 0.0 0.0 0.0 0.0 109.0 4.0 0.0
43 42 40 0.0 0.0 0.0 0.0 147.0 6.0 0.0
43 42 41 0.0 0.0 0.0 0.0 80.0 1.0 0.0
43 42 42 0.0 0.0 0.0 0.0 28.0 0.0 0.0
43 42 43 0.0 0.0 0.0 0.0 1.0 0.0 0.0
43 43 38 0.0 0.0 0.0 0.0 3.0 0.0 0.0
43 43 39 0.0 0.0 0.0 0.0 7.0 1.0 0.0
43 43 40 0.0 0.0 0.0 0.0 8.0 0.0 0.0
43 43 41 0.0 0.0 0.0 0.0 8.0 0.0 0.0
43 43 42 0.0 0.0 0.0 0.0 1.0 0.0 0.0
