35 36 38 0.0 0.0 0.0 0.0 2.0 0.0 0.0
35 36 39 0.0 0.0 0.0 0.0 2.0 0.0 0.0
35 36 40 0.0 0.0 0.0 0.0 2.0 0.0 0.0
35 36 41 0.0 0.0 0.0 0.0 1.0 0.0 0.0
35 36 42 0.0 0.0 0.0 0.0 1.0 0.0 0.0
35 37 37 0.0 0.0 0.0 0.0 1.0 0.0 0.0
35 37 38 0.0 0.0 0.0 0.0 15.0 0.0 0.0
35 37 39 0.0 0.0 0.0 0.0 19.0 0.0 0.0
35 37 40 0.0 0.0 0.0 0.0 33.0 0.0 0.0
35 37 41 0.0 0.0 0.0 0.0 27.0 1.0 0.0
35 37 42 0.0 0.0 0.0 0.0 13.0 1.0 0.0
35 37 43 0.0 0.0 0.0 0.0 5.0 0.0 0.0
35 38 36 0.0 0.0 0.0 0.0 1.0 0.0 0.0
35 38 37 0.0 0.0 0.0 0.0 15.0 0.0 0.0
35 38 38 0.0 0.0 0.0 0.0 48.0 1.0 0.0
35 38 39 0.0 0.0 0.0 0.0 101.0 4.0 0.0
35 38 40 0.0 0.0 0.0 0.0 139.0 5.0 0.0
35 38 41 0.0 0.0 0.0 0.0 85.0 4.0 0.0
35 38 42 0.0 0.0 0.0 0.0 47.0 2.0 0.0
35 38 43 0.0 0.0 0.0 0.0 12.0 0.0 0.0
35 39 36 0.0 0.0 0.0 0.0 6.0 0.0 0.0
35 39 37 0.0 0.0 0.0 0.0 20.0 1.0 0.0
35 39 38 0.0 0.0 0.0 0.0 90.0 4.0 0.0
35 39 39 0.0 0.0 0.0 0.0 250.0 9.0 0.0
35 39 40 0.0 0.0 0.0 0.0 341.0 14.0 0.0
35 39 41 0.0 0.0 0.0 0.0 243.0 12.0 0.0
35 39 42 0.0 0.0 0.0 0.0 102.0 6.0 0.0
35 39 43 0.0 0.0 0.0 0.0 40.0 2.0 0.0
35 39 44 0.0 0.0 0.0 0.0 3.0 0.0 0.0
35 40 36 0.0 0.0 0.0 0.0 5.0 1.0 0.0
35 40 37 0.0 0.0 0.0 0.0 24.0 0.0 0.0
35 40 38 0.0 0.0 0.0 0.0 139.0 5.0 0.0
35 40 39 0.0 0.0 0.0 0.0 325.0 12.0 0.0
35 40 40 0.0 0.0 0.0 0.0 372.0 13.0 0.0
35 40 41 0.0 0.0 0.0 0.0 267.0 8.0 0.0
35 40 42 0.0 0.0 0.0 0.0 154.0 5.0 0.0
35 40 43 0.0 0.0 0.0 0.0 24.0 0.0 0.0
35 40 44 0.0 0.0 0.0 0.0 1.0 0.0 0.0
35 41 36 0.0 0.0 0.0 0.0 4.0 0.0 0.0
35 41 37 0.0 0.0 0.0 0.0 42.0 2.0 0.0
35 41 38 0.0 0.0 0.0 0.0 95.0 2.0 0.0
35 41 39 0.0 0.0 0.0 0.0 205.0 7.0 0.0
35 41 40 0.0 0.0 0.0 0.0 286.0 5.0 1.0
35 41 41 0.0 0.0 0.0 0.0 271.0 3.0 0.0
35 41 42 0.0 0.0 0.0 0.0 92.0 2.0 0.0
35 41 43 0.0 0.0 0.0 0.0 15.0 0.0 0.0
35 41 44 0.0 0.0 0.0 0.0 4.0 0.0 0.0
35 42 37 0.0 0.0 0.0 0.0 18.0 1.0 0.0
35 42 38 0.0 0.0 0.0 0.0 52.0 0.0 0.0
35 42 39 0.0 0.0 0.0 0.0 128.0 2.0 0.0
35 42 40 0.0 0.0 0.0 0.0 140.0 4.0 0.0
35 42 41 0.0 0.0 0.0 0.0 110.0 5.0 0.0
35 42 42 0.0 0.0 0.0 0.0 62.0 2.0 0.0
35 42 43 0.0 0.0 0.0 0.0 11.0 1.0 0.0
35 43 38 0.0 0.0 0.0 0.0 12.0 2.0 0.0
35 43 39 0.0 0.0 0.0 0.0 38.0 1.0 0.0
35 43 40 0.0 0.0 0.0 0.0 39.0 2.0 0.0
35 43 41 0.0 0.0 0.0 0.0 16.0 1.0 0.0
35 43 42 0.0 0.0 0.0 0.0 8.0 0.0 0.0
35 43 43 0.0 0.0 0.0 0.0 1.0 0.0 0.0
35 43 44 0.0 0.0 0.0 0.0 1.0 0.0 0.0
35 44 38 0.0 0.0 0.0 0.0 3.0 0.0 0.0
35 44 39 0.0 0.0 0.0 0.0 1.0 0.0 0.0
35 44 40 0.0 0.0 0.0 0.0 1.0 0.0 0.0
35 44 41 0.0 0.0 0.0 0.0 3.0 0.0 0.0
36 35 38 0.0 0.0 0.0 0.0 5.0 1.0 0.0
36 35 39 0.0 0.0 0.0 0.0 5.0 1.0 0.0
36 35 40 0.0 0.0 0.0 0.0 2.0 0.0 0.0
36 35 41 0.0 0.0 0.0 0.0 1.0 0.0 0.0
36 36 36 0.0 0.0 0.0 0.0 2.0 0.0 0.0
36 36 37 0.0 0.0 0.0 0.0 40.0 1.0 0.0
36 36 38 0.0 0.0 0.0 0.0 196.0 7.0 0.0
36 36 39 0.0 0.0 0.0 0.0 551.0 22.0 0.0
36 36 40 0.0 0.0 0.0 0.0 608.0 26.0 0.0
36 36 41 0.0 0.0 0.0 0.0 507.0 18.0 0.0
36 36 42 0.0 0.0 0.0 0.0 276.0 5.0 0.0
36 36 43 0.0 0.0 0.0 0.0 46.0 2.0 0.0
36 36 44 0.0 0.0 0.0 0.0 2.0 0.0 0.0
36 37 36 0.0 0.0 0.0 0.0 33.0 0.0 0.0
36 37 37 0.0 0.0 0.0 0.0 501.0 18.0 0.0
36 37 38 0.0 0.0 0.0 0.0 2211.0 75.0 4.0
36 37 39 0.0 0.0 0.0 0.0 3937.0 134.0 11.0
36 37 40 0.0 0.0 0.0 0.0 5066.0 171.0 15.0
36 37 41 0.0 0.0 0.0 0.0 4081.0 146.0 5.0
36 37 42 0.0 0.0 0.0 0.0 2009.0 66.0 7.0
36 37 43 0.0 0.0 0.0 0.0 438.0 13.0 0.0
36 37 44 0.0 0.0 0.0 0.0 58.0 2.0 0.0
36 38 36 0.0 0.0 0.0 0.0 255.0 6.0 0.0
36 38 37 0.0 0.0 0.0 0.0 2017.0 65.0 3.0
36 38 38 0.0 0.0 0.0 0.0 7061.0 255.0 37.0
36 38 39 0.0 0.0 0.0 0.0 12524.0 404.0 132.0
36 38 40 0.0 0.0 0.0 0.0 15705.0 498.0 228.0
36 38 41 0.0 0.0 0.0 0.0 12666.0 399.0 137.0
36 38 42 0.0 0.0 0.0 0.0 6746.0 255.0 32.0
36 38 43 0.0 0.0 0.0 0.0 2028.0 73.0 5.0
36 38 44 0.0 0.0 0.0 0.0 235.0 7.0 0.0
36 39 35 0.0 0.0 0.0 0.0 1.0 0.0 0.0
36 39 36 0.0 0.0 0.0 0.0 433.0 19.0 0.0
36 39 37 0.0 0.0 0.0 1.0 4573.0 163.0 11.0
36 39 38 0.0 0.0 0.0 0.0 12666.0 400.0 137.0
36 39 39 0.0 0.0 0.0 1.0 22017.0 724.0 518.0
36 39 40 0.0 0.0 0.0 0.0 25998.0 807.0 691.0
36 39 41 0.0 0.0 0.0 1.0 22130.0 702.0 478.0
36 39 42 0.0 0.0 0.0 0.0 13080.0 450.0 147.0
36 39 43 0.0 0.0 0.0 0.0 4177.0 147.0 16.0
36 39 44 0.0 0.0 0.0 0.0 482.0 12.0 0.0
36 39 45 0.0 0.0 0.0 0.0 9.0 2.0 0.0
36 40 35 0.0 0.0 0.0 0.0 2.0 0.0 0.0
36 40 36 0.0 0.0 0.0 0.0 550.0 20.0 0.0
36 40 37 0.0 0.0 0.0 0.0 5203.0 188.0 15.0
36 40 38 0.0 0.0 0.0 1.0 14926.0 468.0 214.0
36 40 39 0.0 0.0 0.0 1.0 26525.0 765.0 688.0
36 40 40 0.0 0.0 0.0 0.0 31057.0 940.0 1086.0
36 40 41 0.0 0.0 0.0 3.0 27272.0 856.0 781.0
36 40 42 0.0 0.0 0.0 0.0 15883.0 489.0 258.0
36 40 43 0.0 0.0 0.0 0.0 4845.0 171.0 13.0
36 40 44 0.0 0.0 0.0 0.0 626.0 23.0 1.0
36 40 45 0.0 0.0 0.0 0.0 1.0 0.0 0.0
36 41 35 0.0 0.0 0.0 0.0 1.0 0.0 0.0
36 41 36 0.0 0.0 0.0 0.0 443.0 14.0 0.0
36 41 37 0.0 0.0 0.0 0.0 4000.0 147.0 13.0
36 41 38 0.0 0.0 0.0 0.0 12596.0 387.0 138.0
36 41 39 0.0 0.0 0.0 0.0 22379.0 730.0 519.0
36 41 40 0.0 0.0 0.0 0.0 26711.0 813.0 733.0
36 41 41 0.0 0.0 0.0 0.0 22562.0 752.0 547.0
36 41 42 0.0 0.0 0.0 0.0 12504.0 425.0 143.0
36 41 43 0.0 0.0 0.0 0.0 3863.0 123.0 11.0
36 41 44 0.0 0.0 0.0 0.0 387.0 10.0 0.0
36 41 45 0.0 0.0 0.0 0.0 4.0 0.0 0.0
36 42 35 0.0 0.0 0.0 0.0 1.0 0.0 0.0
36 42 36 0.0 0.0 0.0 0.0 200.0 4.0 0.0
36 42 37 0.0 0.0 0.0 0.0 2036.0 81.0 7.0
36 42 38 0.0 0.0 0.0 0.0 7086.0 241.0 48.0
36 42 39 0.0 0.0 0.0 2.0 13349.0 434.0 162.0
36 42 40 0.0 0.0 0.0 0.0 15912.0 510.0 226.0
36 42 41 0.0 0.0 0.0 5.0 12836.0 437.0 141.0
36 42 42 0.0 0.0 0.0 3.0 6721.0 217.0 32.0
36 42 43 0.0 0.0 0.0 0.0 1771.0 59.0 5.0
36 42 44 0.0 0.0 0.0 0.0 268.0 11.0 0.0
36 42 45 0.0 0.0 0.0 0.0 1.0 0.0 0.0
36 43 36 0.0 0.0 0.0 0.0 42.0 1.0 0.0
36 43 37 0.0 0.0 0.0 0.0 572.0 27.0 0.0
36 43 38 0.0 0.0 0.0 0.0 2121.0 84.0 4.0
36 43 39 0.0 0.0 0.0 2.0 4346.0 147.0 15.0
36 43 40 0.0 0.0 0.0 0.0 5474.0 203.0 18.0
36 43 41 0.0 0.0 0.0 0.0 4408.0 158.0 19.0
36 43 42 0.0 0.0 0.0 0.0 1992.0 63.0 4.0
36 43 43 0.0 0.0 0.0 0.0 543.0 17.0 0.0
36 43 44 0.0 0.0 0.0 0.0 72.0 5.0 0.0
36 44 37 0.0 0.0 0.0 0.0 68.0 3.0 0.0
36 44 38 0.0 0.0 0.0 0.0 285.0 7.0 0.0
36 44 39 0.0 0.0 0.0 0.0 495.0 18.0 0.0
36 44 40 0.0 0.0 0.0 0.0 677.0 19.0 0.0
36 44 41 0.0 0.0 0.0 0.0 574.0 12.0 0.0
36 44 42 0.0 0.0 0.0 0.0 229.0 8.0 0.0
36 44 43 0.0 0.0 0.0 0.0 41.0 1.0 0.0
36 44 44 0.0 0.0 0.0 0.0 6.0 0.0 0.0
36 45 39 0.0 0.0 0.0 0.0 3.0 0.0 0.0
36 45 40 0.0 0.0 0.0 0.0 2.0 0.0 0.0
36 45 41 0.0 0.0 0.0 0.0 1.0 0.0 0.0
37 35 37 0.0 0.0 0.0 0.0 1.0 0.0 0.0
37 35 38 0.0 0.0 0.0 0.0 6.0 0.0 0.0
37 35 39 0.0 0.0 0.0 0.0 17.0 0.0 0.0
37 35 40 0.0 0.0 0.0 0.0 15.0 0.0 0.0
37 35 41 0.0 0.0 0.0 0.0 16.0 0.0 0.0
37 35 42 0.0 0.0 0.0 0.0 13.0 1.0 0.0
37 35 43 0.0 0.0 0.0 0.0 4.0 1.0 0.0
37 36 36 0.0 0.0 0.0 0.0 39.0 2.0 0.0
37 36 37 0.0 0.0 0.0 0.0 440.0 17.0 0.0
37 36 38 0.0 0.0 0.0 0.0 2004.0 78.0 2.0
37 36 39 0.0 0.0 0.0 2.0 3713.0 130.0 10.0
37 36 40 0.0 0.0 0.0 0.0 4897.0 184.0 17.0
37 36 41 0.0 0.0 0.0 0.0 3903.0 148.0 12.0
37 36 42 0.0 0.0 0.0 0.0 2045.0 65.0 3.0
37 36 43 0.0 0.0 0.0 0.0 570.0 17.0 0.0
37 36 44 0.0 0.0 0.0 0.0 68.0 3.0 0.0
37 37 35 0.0 0.0 0.0 0.0 2.0 0.0 0.0
37 37 36 0.0 0.0 0.0 0.0 453.0 14.0 0.0
37 37 37 0.0 0.0 0.0 0.0 7960.0 264.0 55.0
37 37 38 0.0 0.0 0.0 0.0 24726.0 801.0 760.0
37 37 39 0.0 0.0 0.0 6.0 41992.0 1205.0 2731.0
37 37 40 0.0 0.0 0.0 9.0 47845.0 1273.0 3625.0
37 37 41 0.0 0.0 0.0 0.0 41971.0 1205.0 2665.0
37 37 42 0.0 0.0 0.0 0.0 25891.0 830.0 852.0
37 37 43 0.0 0.0 0.0 1.0 8299.0 286.0 73.0
37 37 44 0.0 0.0 0.0 0.0 597.0 20.0 0.0
37 38 35 0.0 0.0 0.0 0.0 10.0 0.0 0.0
37 38 36 0.0 0.0 0.0 0.0 2084.0 75.0 5.0
37 38 37 0.0 0.0 0.0 2.0 23969.0 722.0 664.0
37 38 38 0.0 0.0 0.0 2.0 56286.0 1460.0 5875.0
37 38 39 0.0 0.0 0.0 17.0 73632.0 1489.0 14917.0
37 38 40 0.0 0.0 0.0 38.0 76663.0 1491.0 18302.0
37 38 41 0.0 0.0 0.0 5.0 73704.0 1535.0 15090.0
37 38 42 0.0 0.0 0.0 0.0 56519.0 1369.0 6101.0
37 38 43 0.0 0.0 0.0 3.0 25218.0 740.0 842.0
37 38 44 0.0 0.0 0.0 0.0 2162.0 68.0 0.0
37 38 45 0.0 0.0 0.0 0.0 15.0 0.0 0.0
37 39 35 0.0 0.0 0.0 0.0 29.0 0.0 0.0
37 39 36 0.0 0.0 0.0 0.0 3759.0 141.0 13.0
37 39 37 0.0 0.0 0.0 7.0 40824.0 1121.0 2407.0
37 39 38 0.0 0.0 0.0 11.0 73917.0 1541.0 15524.0
37 39 39 0.0 0.0 0.0 5.0 80978.0 1286.0 28831.0
37 39 40 0.0 0.0 0.0 16.0 82177.0 1279.0 33308.0
37 39 41 0.0 0.0 0.0 9.0 81452.0 1386.0 28483.0
37 39 42 0.0 0.0 0.0 4.0 73398.0 1492.0 14961.0
37 39 43 0.0 0.0 0.0 6.0 43509.0 1288.0 2865.0
37 39 44 0.0 0.0 0.0 2.0 3956.0 136.0 11.0
37 39 45 0.0 0.0 0.0 0.0 12.0 0.0 0.0
37 40 35 0.0 0.0 0.0 0.0 22.0 1.0 0.0
37 40 36 0.0 0.0 0.0 0.0 5010.0 161.0 20.0
37 40 37 0.0 0.0 0.0 2.0 45269.0 1273.0 3154.0
37 40 38 0.0 0.0 0.0 20.0 76646.0 1526.0 18097.0
37 40 39 0.0 0.0 0.0 10.0 81919.0 1320.0 33657.0
37 40 40 0.0 0.0 0.0 9.0 81433.0 1220.0 38742.0
37 40 41 0.0 0.0 0.0 5.0 81938.0 1321.0 33901.0
37 40 42 0.0 0.0 0.0 7.0 76594.0 1491.0 18092.0
37 40 43 0.0 0.0 0.0 0.0 46796.0 1333.0 3452.0
37 40 44 0.0 0.0 0.0 0.0 5070.0 155.0 15.0
37 40 45 0.0 0.0 0.0 0.0 30.0 0.0 0.0
37 41 35 0.0 0.0 0.0 0.0 15.0 0.0 0.0
37 41 36 0.0 0.0 0.0 0.0 3725.0 142.0 16.0
37 41 37 0.0 0.0 0.0 1.0 41996.0 1174.0 2746.0
37 41 38 0.0 0.0 0.0 3.0 73743.0 1521.0 14749.0
37 41 39 0.0 0.0 0.0 14.0 81477.0 1403.0 28356.0
37 41 40 0.0 0.0 0.0 11.0 82039.0 1291.0 33980.0
37 41 41 0.0 0.0 0.0 6.0 81543.0 1380.0 28704.0
37 41 42 0.0 0.0 0.0 2.0 73210.0 1470.0 14803.0
37 41 43 0.0 0.0 0.0 0.0 41027.0 1168.0 2481.0
37 41 44 0.0 0.0 0.0 1.0 3763.0 143.0 18.0
37 41 45 0.0 0.0 0.0 0.0 22.0 0.0 0.0
37 42 35 0.0 0.0 0.0 0.0 13.0 1.0 0.0
37 42 36 0.0 0.0 0.0 0.0 1936.0 50.0 5.0
37 42 37 0.0 0.0 0.0 0.0 25980.0 786.0 882.0
37 42 38 0.0 0.0 0.0 3.0 57442.0 1446.0 6205.0
37 42 39 0.0 0.0 0.0 7.0 75110.0 1474.0 15685.0
37 42 40 0.0 0.0 0.0 11.0 77031.0 1493.0 19587.0
37 42 41 0.0 0.0 0.0 3.0 74422.0 1535.0 15690.0
37 42 42 0.0 0.0 0.0 5.0 57868.0 1415.0 6429.0
37 42 43 0.0 0.0 0.0 0.0 25409.0 785.0 856.0
37 42 44 0.0 0.0 0.0 0.0 1892.0 70.0 2.0
37 42 45 0.0 0.0 0.0 0.0 4.0 0.0 0.0
37 43 35 0.0 0.0 0.0 0.0 2.0 0.0 0.0
37 43 36 0.0 0.0 0.0 0.0 489.0 22.0 0.0
37 43 37 0.0 0.0 0.0 1.0 9048.0 308.0 74.0
37 43 38 0.0 0.0 0.0 1.0 26137.0 788.0 866.0
37 43 39 0.0 0.0 0.0 0.0 42336.0 1179.0 2661.0
37 43 40 0.0 0.0 0.0 4.0 47993.0 1302.0 3807.0
37 43 41 0.0 0.0 0.0 12.0 41655.0 1175.0 2674.0
37 43 42 0.0 0.0 0.0 8.0 24981.0 759.0 779.0
37 43 43 0.0 0.0 0.0 0.0 7830.0 263.0 55.0
37 43 44 0.0 0.0 0.0 0.0 507.0 16.0 0.0
37 43 45 0.0 0.0 0.0 0.0 1.0 0.0 0.0
37 44 36 0.0 0.0 0.0 0.0 54.0 0.0 0.0
37 44 37 0.0 0.0 0.0 0.0 501.0 12.0 1.0
37 44 38 0.0 0.0 0.0 0.0 2101.0 75.0 3.0
37 44 39 0.0 0.0 0.0 0.0 4132.0 134.0 10.0
37 44 40 0.0 0.0 0.0 0.0 5857.0 208.0 32.0
37 44 41 0.0 0.0 0.0 0.0 4567.0 179.0 15.0
37 44 42 0.0 0.0 0.0 0.0 1893.0 64.0 3.0
37 44 43 0.0 0.0 0.0 0.0 551.0 22.0 0.0
37 44 44 0.0 0.0 0.0 0.0 32.0 0.0 0.0
37 45 37 0.0 0.0 0.0 0.0 1.0 0.0 0.0
37 45 38 0.0 0.0 0.0 0.0 8.0 0.0 0.0
37 45 39 0.0 0.0 0.0 0.0 28.0 2.0 0.0
37 45 40 0.0 0.0 0.0 0.0 43.0 2.0 0.0
37 45 41 0.0 0.0 0.0 0.0 24.0 1.0 0.0
37 45 42 0.0 0.0 0.0 0.0 5.0 0.0 0.0
37 45 43 0.0 0.0 0.0 0.0 1.0 0.0 0.0
38 35 37 0.0 0.0 0.0 0.0 8.0 0.0 0.0
38 35 38 0.0 0.0 0.0 0.0 42.0 0.0 0.0
38 35 39 0.0 0.0 0.0 0.0 94.0 2.0 0.0
38 35 40 0.0 0.0 0.0 0.0 159.0 2.0 0.0
38 35 41 0.0 0.0 0.0 0.0 106.0 3.0 0.0
38 35 42 0.0 0.0 0.0 0.0 41.0 1.0 0.0
38 35 43 0.0 0.0 0.0 0.0 12.0 1.0 0.0
38 35 44 0.0 0.0 0.0 0.0 1.0 0.0 0.0
38 36 35 0.0 0.0 0.0 0.0 1.0 0.0 0.0
38 36 36 0.0 0.0 0.0 0.0 196.0 12.0 0.0
38 36 37 0.0 0.0 0.0 0.0 1942.0 73.0 1.0
38 36 38 0.0 0.0 0.0 0.0 6693.0 261.0 45.0
38 36 39 0.0 0.0 0.0 0.0 12297.0 414.0 144.0
38 36 40 0.0 0.0 0.0 1.0 15173.0 474.0 218.0
38 36 41 0.0 0.0 0.0 3.0 12600.0 393.0 139.0
38 36 42 0.0 0.0 0.0 0.0 7138.0 250.0 46.0
38 36 43 0.0 0.0 0.0 0.0 2236.0 83.0 3.0
38 36 44 0.0 0.0 0.0 0.0 265.0 14.0 0.0
38 36 45 0.0 0.0 0.0 0.0 1.0 0.0 0.0
38 37 35 0.0 0.0 0.0 0.0 6.0 1.0 0.0
38 37 36 0.0 0.0 0.0 0.0 2038.0 64.0 1.0
38 37 37 0.0 0.0 0.0 1.0 24356.0 785.0 766.0
38 37 38 0.0 0.0 0.0 2.0 57463.0 1452.0 6392.0
38 37 39 0.0 0.0 0.0 1.0 73195.0 1516.0 14147.0
38 37 40 0.0 0.0 0.0 35.0 76489.0 1499.0 17917.0
38 37 41 0.0 0.0 0.0 28.0 73956.0 1522.0 14864.0
38 37 42 0.0 0.0 0.0 0.0 57067.0 1438.0 6211.0
38 37 43 0.0 0.0 0.0 0.0 25640.0 850.0 822.0
38 37 44 0.0 0.0 0.0 0.0 2313.0 80.0 2.0
38 37 45 0.0 0.0 0.0 0.0 19.0 0.0 0.0
38 38 35 0.0 0.0 0.0 0.0 63.0 4.0 0.0
38 38 36 0.0 0.0 0.0 0.0 6452.0 218.0 36.0
38 38 37 0.0 0.0 0.0 13.0 55700.0 1357.0 5603.0
38 38 38 0.0 0.0 0.0 6.0 77170.0 1143.0 43026.0
38 38 39 0.0 0.0 0.0 17.0 70362.0 839.0 65876.0
38 38 40 0.0 0.0 0.0 18.0 66464.0 698.0 73606.0
38 38 41 0.0 0.0 0.0 13.0 70310.0 815.0 65111.0
38 38 42 0.0 0.0 0.0 9.0 76723.0 1109.0 44829.0
38 38 43 0.0 0.0 0.0 3.0 57876.0 1525.0 6267.0
38 38 44 0.0 0.0 0.0 0.0 6533.0 207.0 36.0
38 38 45 0.0 0.0 0.0 0.0 37.0 1.0 0.0
38 39 35 0.0 0.0 0.0 0.0 88.0 1.0 0.0
38 39 36 0.0 0.0 0.0 4.0 12736.0 456.0 122.0
38 39 37 0.0 0.0 0.0 5.0 73409.0 1575.0 14695.0
38 39 38 0.0 0.0 0.0 14.0 71177.0 869.0 63865.0
38 39 39 0.0 0.0 0.0 33.0 60441.0 561.0 89408.0
38 39 40 0.0 0.0 0.0 38.0 56336.0 522.0 97117.0
38 39 41 0.0 0.0 0.0 10.0 61024.0 639.0 88538.0
38 39 42 0.0 0.0 0.0 11.0 69794.0 846.0 65726.0
38 39 43 0.0 0.0 0.0 7.0 73318.0 1544.0 14351.0
38 39 44 0.0 0.0 0.0 1.0 12866.0 454.0 137.0
38 39 45 0.0 0.0 0.0 0.0 113.0 3.0 0.0
38 40 35 0.0 0.0 0.0 0.0 140.0 2.0 0.0
38 40 36 0.0 0.0 0.0 2.0 15194.0 502.0 198.0
38 40 37 0.0 0.0 0.0 7.0 76098.0 1498.0 17555.0
38 40 38 0.0 0.0 0.0 15.0 67871.0 774.0 71969.0
38 40 39 0.0 0.0 0.0 18.0 56407.0 486.0 96824.0
38 40 40 0.0 0.0 0.0 20.0 52849.0 427.0 104406.0
38 40 41 0.0 0.0 0.0 22.0 56602.0 489.0 97095.0
38 40 42 0.0 0.0 0.0 10.0 67097.0 758.0 72837.0
38 40 43 0.0 0.0 0.0 8.0 76119.0 1499.0 17660.0
38 40 44 0.0 0.0 0.0 0.0 15460.0 497.0 223.0
38 40 45 0.0 0.0 0.0 0.0 147.0 1.0 0.0
38 41 35 0.0 0.0 0.0 0.0 72.0 1.0 0.0
38 41 36 0.0 0.0 0.0 0.0 12448.0 431.0 134.0
38 41 37 0.0 0.0 0.0 3.0 73510.0 1602.0 14799.0
38 41 38 0.0 0.0 0.0 9.0 71477.0 839.0 63818.0
38 41 39 0.0 0.0 0.0 20.0 60206.0 536.0 90104.0
38 41 40 0.0 0.0 0.0 19.0 56236.0 502.0 97823.0
38 41 41 0.0 0.0 0.0 22.0 60094.0 556.0 90280.0
38 41 42 0.0 0.0 0.0 13.0 70396.0 834.0 65177.0
38 41 43 0.0 0.0 0.0 18.0 72372.0 1509.0 14287.0
38 41 44 0.0 0.0 0.0 1.0 11786.0 417.0 136.0
38 41 45 0.0 0.0 0.0 0.0 126.0 4.0 0.0
38 42 35 0.0 0.0 0.0 0.0 48.0 1.0 0.0
38 42 36 0.0 0.0 0.0 0.0 6429.0 231.0 32.0
38 42 37 0.0 0.0 0.0 3.0 56856.0 1451.0 6140.0
38 42 38 0.0 0.0 0.0 19.0 76633.0 1134.0 42993.0
38 42 39 0.0 0.0 0.0 16.0 70233.0 886.0 66272.0
38 42 40 0.0 0.0 0.0 30.0 66881.0 781.0 74019.0
38 42 41 0.0 0.0 0.0 19.0 70637.0 853.0 65472.0
38 42 42 0.0 0.0 0.0 3.0 76872.0 1140.0 43119.0
38 42 43 0.0 0.0 0.0 0.0 55429.0 1506.0 5591.0
38 42 44 0.0 0.0 0.0 4.0 6730.0 203.0 42.0
38 42 45 0.0 0.0 0.0 0.0 63.0 1.0 0.0
38 43 35 0.0 0.0 0.0 0.0 8.0 0.0 0.0
38 43 36 0.0 0.0 0.0 0.0 2094.0 71.0 2.0
38 43 37 0.0 0.0 0.0 0.0 25478.0 749.0 809.0
38 43 38 0.0 0.0 0.0 7.0 58370.0 1469.0 6461.0
38 43 39 0.0 0.0 0.0 16.0 74653.0 1550.0 15465.0
38 43 40 0.0 0.0 0.0 7.0 77414.0 1465.0 19470.0
38 43 41 0.0 0.0 0.0 20.0 73802.0 1494.0 15178.0
38 43 42 0.0 0.0 0.0 1.0 58805.0 1433.0 6708.0
38 43 43 0.0 0.0 0.0 1.0 24399.0 749.0 769.0
38 43 44 0.0 0.0 0.0 0.0 2011.0 70.0 1.0
38 43 45 0.0 0.0 0.0 0.0 9.0 0.0 0.0
38 44 35 0.0 0.0 0.0 0.0 1.0 0.0 0.0
38 44 36 0.0 0.0 0.0 0.0 206.0 5.0 0.0
38 44 37 0.0 0.0 0.0 0.0 2058.0 61.0 2.0
38 44 38 0.0 0.0 0.0 1.0 7108.0 250.0 41.0
38 44 39 0.0 0.0 0.0 2.0 13360.0 443.0 156.0
38 44 40 0.0 0.0 0.0 1.0 16132.0 486.0 265.0
38 44 41 0.0 0.0 0.0 0.0 12748.0 465.0 134.0
38 44 42 0.0 0.0 0.0 0.0 7013.0 265.0 44.0
38 44 43 0.0 0.0 0.0 0.0 2162.0 83.0 3.0
38 44 44 0.0 0.0 0.0 0.0 210.0 9.0 0.0
38 44 45 0.0 0.0 0.0 0.0 1.0 0.0 0.0
38 45 37 0.0 0.0 0.0 0.0 17.0 0.0 0.0
38 45 38 0.0 0.0 0.0 0.0 41.0 0.0 0.0
38 45 39 0.0 0.0 0.0 0.0 103.0 3.0 0.0
38 45 40 0.0 0.0 0.0 0.0 163.0 4.0 0.0
38 45 41 0.0 0.0 0.0 0.0 128.0 7.0 0.0
38 45 42 0.0 0.0 0.0 0.0 64.0 0.0 0.0
38 45 43 0.0 0.0 0.0 0.0 5.0 0.0 0.0
38 45 44 0.0 0.0 0.0 0.0 2.0 0.0 0.0
39 35 36 0.0 0.0 0.0 0.0 3.0 0.0 0.0
39 35 37 0.0 0.0 0.0 0.0 18.0 0.0 0.0
39 35 38 0.0 0.0 0.0 0.0 76.0 4.0 0.0
39 35 39 0.0 0.0 0.0 0.0 221.0 7.0 0.0
39 35 40 0.0 0.0 0.0 0.0 299.0 11.0 0.0
39 35 41 0.0 0.0 0.0 0.0 258.0 10.0 0.0
39 35 42 0.0 0.0 0.0 0.0 108.0 1.0 0.0
39 35 43 0.0 0.0 0.0 0.0 16.0 0.0 0.0
39 35 44 0.0 0.0 0.0 0.0 3.0 1.0 0.0
39 36 35 0.0 0.0 0.0 0.0 1.0 0.0 0.0
39 36 36 0.0 0.0 0.0 0.0 469.0 15.0 0.0
39 36 37 0.0 0.0 0.0 0.0 3786.0 116.0 9.0
39 36 38 0.0 0.0 0.0 0.0 12760.0 402.0 154.0
39 36 39 0.0 0.0 0.0 1.0 21967.0 724.0 467.0
39 36 40 0.0 0.0 0.0 1.0 26584.0 824.0 731.0
39 36 41 0.0 0.0 0.0 3.0 21861.0 636.0 490.0
39 36 42 0.0 0.0 0.0 0.0 13003.0 459.0 149.0
39 36 43 0.0 0.0 0.0 0.0 4120.0 138.0 15.0
39 36 44 0.0 0.0 0.0 0.0 612.0 32.0 1.0
39 36 45 0.0 0.0 0.0 0.0 3.0 1.0 0.0
39 37 35 0.0 0.0 0.0 0.0 25.0 0.0 0.0
39 37 36 0.0 0.0 0.0 0.0 4108.0 163.0 14.0
39 37 37 0.0 0.0 0.0 0.0 40299.0 1228.0 2477.0
39 37 38 0.0 0.0 0.0 5.0 73384.0 1573.0 14075.0
39 37 39 0.0 0.0 0.0 9.0 81671.0 1356.0 28729.0
39 37 40 0.0 0.0 0.0 4.0 81570.0 1306.0 33370.0
39 37 41 0.0 0.0 0.0 9.0 81607.0 1426.0 28107.0
39 37 42 0.0 0.0 0.0 2.0 73360.0 1463.0 14693.0
39 37 43 0.0 0.0 0.0 13.0 43434.0 1225.0 2869.0
39 37 44 0.0 0.0 0.0 0.0 4112.0 136.0 13.0
39 37 45 0.0 0.0 0.0 0.0 26.0 2.0 0.0
39 38 35 0.0 0.0 0.0 0.0 118.0 1.0 0.0
39 38 36 0.0 0.0 0.0 0.0 12351.0 404.0 139.0
39 38 37 0.0 0.0 0.0 1.0 72672.0 1499.0 14742.0
39 38 38 0.0 0.0 0.0 13.0 71558.0 904.0 63754.0
39 38 39 0.0 0.0 0.0 12.0 61226.0 587.0 88347.0
39 38 40 0.0 0.0 0.0 26.0 56734.0 471.0 96838.0
39 38 41 0.0 0.0 0.0 22.0 60569.0 572.0 89553.0
39 38 42 0.0 0.0 0.0 23.0 71111.0 854.0 64544.0
39 38 43 0.0 0.0 0.0 2.0 73314.0 1571.0 14804.0
39 38 44 0.0 0.0 0.0 3.0 12624.0 428.0 129.0
39 38 45 0.0 0.0 0.0 0.0 117.0 6.0 0.0
39 39 35 0.0 0.0 0.0 0.0 265.0 9.0 0.0
39 39 36 0.0 0.0 0.0 0.0 22082.0 719.0 523.0
39 39 37 0.0 0.0 0.0 11.0 81562.0 1377.0 27202.0
39 39 38 0.0 0.0 0.0 9.0 61396.0 542.0 87681.0
39 39 39 0.0 0.0 0.0 41.0 38014.0 212.0 135674.0
39 39 40 0.0 0.0 0.0 33.0 34712.0 150.0 142484.0
39 39 41 0.0 0.0 0.0 31.0 38317.0 179.0 135507.0
39 39 42 0.0 0.0 0.0 38.0 60404.0 541.0 89398.0
39 39 43 0.0 0.0 0.0 4.0 81600.0 1410.0 28459.0
39 39 44 0.0 0.0 0.0 0.0 22781.0 721.0 496.0
39 39 45 0.0 0.0 0.0 0.0 205.0 6.0 0.0
39 40 35 0.0 0.0 0.0 0.0 282.0 7.0 0.0
39 40 36 0.0 0.0 0.0 0.0 26831.0 815.0 794.0
39 40 37 0.0 0.0 0.0 7.0 82080.0 1309.0 33361.0
39 40 38 0.0 0.0 0.0 17.0 56684.0 455.0 96860.0
39 40 39 0.0 0.0 0.0 22.0 35086.0 141.0 142149.0
39 40 40 0.0 0.0 0.0 23.0 30653.0 102.0 150214.0
39 40 41 0.0 0.0 0.0 28.0 34532.0 162.0 142592.0
39 40 42 0.0 0.0 0.0 25.0 56875.0 530.0 96645.0
39 40 43 0.0 0.0 0.0 4.0 81767.0 1284.0 33766.0
39 40 44 0.0 0.0 0.0 0.0 26307.0 841.0 686.0
39 40 45 0.0 0.0 0.0 0.0 289.0 7.0 0.0
39 41 35 0.0 0.0 0.0 0.0 242.0 6.0 0.0
39 41 36 0.0 0.0 0.0 0.0 22012.0 713.0 491.0
39 41 37 0.0 0.0 0.0 4.0 81169.0 1311.0 27982.0
39 41 38 0.0 0.0 0.0 14.0 61090.0 539.0 88467.0
39 41 39 0.0 0.0 0.0 24.0 38008.0 187.0 135924.0
39 41 40 0.0 0.0 0.0 34.0 33993.0 149.0 143835.0
39 41 41 0.0 0.0 0.0 18.0 38158.0 195.0 135144.0
39 41 42 0.0 0.0 0.0 20.0 60642.0 587.0 88771.0
39 41 43 0.0 0.0 0.0 12.0 81358.0 1439.0 27460.0
39 41 44 0.0 0.0 0.0 0.0 21356.0 716.0 461.0
39 41 45 0.0 0.0 0.0 0.0 206.0 5.0 0.0
39 42 35 0.0 0.0 0.0 0.0 86.0 3.0 0.0
39 42 36 0.0 0.0 0.0 0.0 12889.0 424.0 152.0
39 42 37 0.0 0.0 0.0 2.0 73014.0 1553.0 14202.0
39 42 38 0.0 0.0 0.0 13.0 71503.0 878.0 64254.0
39 42 39 0.0 0.0 0.0 13.0 60045.0 601.0 89903.0
39 42 40 0.0 0.0 0.0 22.0 55800.0 456.0 98261.0
39 42 41 0.0 0.0 0.0 28.0 60130.0 546.0 90344.0
39 42 42 0.0 0.0 0.0 32.0 70897.0 893.0 64148.0
39 42 43 0.0 0.0 0.0 12.0 74139.0 1497.0 15290.0
39 42 44 0.0 0.0 0.0 0.0 12464.0 410.0 135.0
39 42 45 0.0 0.0 0.0 0.0 115.0 5.0 0.0
39 43 35 0.0 0.0 0.0 0.0 25.0 0.0 0.0
39 43 36 0.0 0.0 0.0 0.0 4210.0 146.0 15.0
39 43 37 0.0 0.0 0.0 2.0 41153.0 1204.0 2546.0
39 43 38 0.0 0.0 0.0 2.0 73441.0 1525.0 14404.0
39 43 39 0.0 0.0 0.0 11.0 81905.0 1352.0 28594.0
39 43 40 0.0 0.0 0.0 7.0 82272.0 1307.0 34245.0
39 43 41 0.0 0.0 0.0 12.0 81680.0 1374.0 29515.0
39 43 42 0.0 0.0 0.0 16.0 72703.0 1537.0 13761.0
39 43 43 0.0 0.0 0.0 0.0 41842.0 1135.0 2601.0
39 43 44 0.0 0.0 0.0 1.0 4315.0 152.0 22.0
39 43 45 0.0 0.0 0.0 0.0 43.0 5.0 0.0
39 44 35 0.0 0.0 0.0 0.0 1.0 0.0 0.0
39 44 36 0.0 0.0 0.0 0.0 451.0 16.0 0.0
39 44 37 0.0 0.0 0.0 0.0 4176.0 142.0 15.0
39 44 38 0.0 0.0 0.0 0.0 12733.0 427.0 155.0
39 44 39 0.0 0.0 0.0 0.0 22907.0 806.0 520.0
39 44 40 0.0 0.0 0.0 3.0 27882.0 859.0 847.0
39 44 41 0.0 0.0 0.0 1.0 22684.0 717.0 501.0
39 44 42 0.0 0.0 0.0 0.0 13246.0 431.0 147.0
39 44 43 0.0 0.0 0.0 1.0 4115.0 140.0 15.0
39 44 44 0.0 0.0 0.0 0.0 564.0 20.0 1.0
39 44 45 0.0 0.0 0.0 0.0 2.0 0.0 0.0
39 45 36 0.0 0.0 0.0 0.0 1.0 0.0 0.0
39 45 37 0.0 0.0 0.0 0.0 21.0 0.0 0.0
39 45 38 0.0 0.0 0.0 0.0 106.0 4.0 0.0
39 45 39 0.0 0.0 0.0 0.0 293.0 8.0 0.0
39 45 40 0.0 0.0 0.0 0.0 331.0 13.0 0.0
39 45 41 0.0 0.0 0.0 0.0 227.0 4.0 0.0
39 45 42 0.0 0.0 0.0 0.0 114.0 4.0 0.0
39 45 43 0.0 0.0 0.0 0.0 31.0 3.0 0.0
39 45 44 0.0 0.0 0.0 0.0 2.0 1.0 0.0
40 35 37 0.0 0.0 0.0 0.0 20.0 1.0 0.0
40 35 38 0.0 0.0 0.0 0.0 159.0 4.0 0.0
40 35 39 0.0 0.0 0.0 0.0 294.0 7.0 0.0
40 35 40 0.0 0.0 0.0 0.0 363.0 13.0 0.0
40 35 41 0.0 0.0 0.0 0.0 369.0 14.0 0.0
40 35 42 0.0 0.0 0.0 0.0 117.0 1.0 0.0
40 35 43 0.0 0.0 0.0 0.0 37.0 0.0 0.0
40 35 44 0.0 0.0 0.0 0.0 1.0 0.0 0.0
40 36 35 0.0 0.0 0.0 0.0 3.0 0.0 0.0
40 36 36 0.0 0.0 0.0 0.0 584.0 20.0 0.0
40 36 37 0.0 0.0 0.0 0.0 5026.0 176.0 18.0
40 36 38 0.0 0.0 0.0 5.0 15480.0 487.0 202.0
40 36 39 0.0 0.0 0.0 2.0 26120.0 791.0 731.0
40 36 40 0.0 0.0 0.0 0.0 30483.0 878.0 1015.0
40 36 41 0.0 0.0 0.0 1.0 25963.0 842.0 684.0
40 36 42 0.0 0.0 0.0 1.0 15539.0 498.0 221.0
40 36 43 0.0 0.0 0.0 0.0 4920.0 170.0 19.0
40 36 44 0.0 0.0 0.0 0.0 710.0 25.0 1.0
40 36 45 0.0 0.0 0.0 0.0 2.0 0.0 0.0
40 37 35 0.0 0.0 0.0 0.0 36.0 1.0 0.0
40 37 36 0.0 0.0 0.0 0.0 5078.0 178.0 14.0
40 37 37 0.0 0.0 0.0 0.0 47320.0 1263.0 3750.0
40 37 38 0.0 0.0 0.0 5.0 76379.0 1530.0 17976.0
40 37 39 0.0 0.0 0.0 6.0 82266.0 1231.0 33588.0
40 37 40 0.0 0.0 0.0 12.0 82090.0 1263.0 38626.0
40 37 41 0.0 0.0 0.0 23.0 81894.0 1288.0 33901.0
40 37 42 0.0 0.0 0.0 8.0 76897.0 1523.0 18195.0
40 37 43 0.0 0.0 0.0 0.0 49541.0 1324.0 4063.0
40 37 44 0.0 0.0 0.0 0.0 4954.0 157.0 18.0
40 37 45 0.0 0.0 0.0 0.0 34.0 2.0 0.0
40 38 35 0.0 0.0 0.0 0.0 160.0 9.0 0.0
40 38 36 0.0 0.0 0.0 0.0 15387.0 525.0 226.0
40 38 37 0.0 0.0 0.0 7.0 76986.0 1519.0 18159.0
40 38 38 0.0 0.0 0.0 7.0 66388.0 745.0 74295.0
40 38 39 0.0 0.0 0.0 24.0 56411.0 510.0 96653.0
40 38 40 0.0 0.0 0.0 13.0 52550.0 434.0 105004.0
40 38 41 0.0 0.0 0.0 13.0 56569.0 496.0 96600.0
40 38 42 0.0 0.0 0.0 16.0 66790.0 741.0 73751.0
40 38 43 0.0 0.0 0.0 13.0 76744.0 1524.0 18608.0
40 38 44 0.0 0.0 0.0 0.0 15540.0 469.0 208.0
40 38 45 0.0 0.0 0.0 0.0 141.0 3.0 0.0
40 39 35 0.0 0.0 0.0 0.0 318.0 9.0 0.0
40 39 36 0.0 0.0 0.0 1.0 27303.0 838.0 811.0
40 39 37 0.0 0.0 0.0 2.0 81610.0 1274.0 34123.0
40 39 38 0.0 0.0 0.0 21.0 56562.0 520.0 97268.0
40 39 39 0.0 0.0 0.0 27.0 34956.0 159.0 142339.0
40 39 40 0.0 0.0 0.0 20.0 30452.0 113.0 150070.0
40 39 41 0.0 0.0 0.0 32.0 34447.0 160.0 142470.0
40 39 42 0.0 0.0 0.0 18.0 56858.0 503.0 96180.0
40 39 43 0.0 0.0 0.0 14.0 82434.0 1299.0 32920.0
40 39 44 0.0 0.0 0.0 1.0 26534.0 779.0 733.0
40 39 45 0.0 0.0 0.0 0.0 281.0 6.0 0.0
40 40 35 0.0 0.0 0.0 0.0 389.0 14.0 0.0
40 40 36 0.0 0.0 0.0 2.0 31064.0 904.0 1109.0
40 40 37 0.0 0.0 0.0 5.0 81448.0 1193.0 38857.0
40 40 38 0.0 0.0 0.0 23.0 52513.0 388.0 104508.0
40 40 39 0.0 0.0 0.0 20.0 30539.0 107.0 150272.0
40 40 40 0.0 0.0 0.0 26.0 19788.0 0.0 182631.0
40 40 41 0.0 0.0 0.0 15.0 30370.0 115.0 150279.0
40 40 42 0.0 0.0 0.0 18.0 51882.0 428.0 105244.0
40 40 43 0.0 0.0 0.0 15.0 81384.0 1232.0 39032.0
40 40 44 0.0 0.0 0.0 1.0 31069.0 984.0 1035.0
40 40 45 0.0 0.0 0.0 0.0 396.0 7.0 0.0
40 40 46 0.0 0.0 0.0 0.0 2.0 0.0 0.0
40 41 35 0.0 0.0 0.0 0.0 289.0 16.0 0.0
40 41 36 0.0 0.0 0.0 0.0 26389.0 809.0 748.0
40 41 37 0.0 0.0 0.0 7.0 82192.0 1288.0 33393.0
40 41 38 0.0 0.0 0.0 11.0 56347.0 459.0 97382.0
40 41 39 0.0 0.0 0.0 28.0 34767.0 155.0 142270.0
40 41 40 0.0 0.0 0.0 25.0 30316.0 112.0 150672.0
40 41 41 0.0 0.0 0.0 33.0 34587.0 165.0 142951.0
40 41 42 0.0 0.0 0.0 23.0 56450.0 489.0 97127.0
40 41 43 0.0 0.0 0.0 14.0 81762.0 1293.0 33532.0
40 41 44 0.0 0.0 0.0 0.0 26789.0 806.0 770.0
40 41 45 0.0 0.0 0.0 0.0 298.0 10.0 1.0
40 42 35 0.0 0.0 0.0 0.0 133.0 4.0 0.0
40 42 36 0.0 0.0 0.0 0.0 14870.0 481.0 211.0
40 42 37 0.0 0.0 0.0 1.0 76513.0 1510.0 18519.0
40 42 38 0.0 0.0 0.0 6.0 66464.0 717.0 73571.0
40 42 39 0.0 0.0 0.0 22.0 56353.0 515.0 97191.0
40 42 40 0.0 0.0 0.0 32.0 52232.0 429.0 105065.0
40 42 41 0.0 0.0 0.0 27.0 56652.0 520.0 96735.0
40 42 42 0.0 0.0 0.0 16.0 67593.0 810.0 72306.0
40 42 43 0.0 0.0 0.0 25.0 76499.0 1511.0 17586.0
40 42 44 0.0 0.0 0.0 3.0 15176.0 511.0 233.0
40 42 45 0.0 0.0 0.0 0.0 148.0 3.0 0.0
40 43 35 0.0 0.0 0.0 0.0 24.0 1.0 0.0
40 43 36 0.0 0.0 0.0 0.0 5351.0 198.0 18.0
40 43 37 0.0 0.0 0.0 4.0 47029.0 1233.0 3586.0
40 43 38 0.0 0.0 0.0 6.0 77298.0 1520.0 18709.0
40 43 39 0.0 0.0 0.0 8.0 81642.0 1254.0 34607.0
40 43 40 0.0 0.0 0.0 14.0 81190.0 1215.0 40537.0
40 43 41 0.0 0.0 0.0 17.0 81863.0 1333.0 33509.0
40 43 42 0.0 0.0 0.0 7.0 77143.0 1526.0 18970.0
40 43 43 0.0 0.0 0.0 8.0 47120.0 1278.0 3586.0
40 43 44 0.0 0.0 0.0 0.0 5222.0 168.0 18.0
40 43 45 0.0 0.0 0.0 0.0 26.0 0.0 0.0
40 44 35 0.0 0.0 0.0 0.0 2.0 0.0 0.0
40 44 36 0.0 0.0 0.0 0.0 537.0 16.0 0.0
40 44 37 0.0 0.0 0.0 0.0 5047.0 189.0 16.0
40 44 38 0.0 0.0 0.0 0.0 15223.0 499.0 225.0
40 44 39 0.0 0.0 0.0 4.0 27548.0 835.0 814.0
40 44 40 0.0 0.0 0.0 1.0 31852.0 929.0 1224.0
40 44 41 0.0 0.0 0.0 5.0 26912.0 842.0 719.0
40 44 42 0.0 0.0 0.0 2.0 15375.0 505.0 194.0
40 44 43 0.0 0.0 0.0 1.0 5143.0 185.0 22.0
40 44 44 0.0 0.0 0.0 0.0 598.0 25.0 0.0
40 44 45 0.0 0.0 0.0 0.0 2.0 0.0 0.0
40 45 36 0.0 0.0 0.0 0.0 2.0 0.0 0.0
40 45 37 0.0 0.0 0.0 0.0 26.0 0.0 0.0
40 45 38 0.0 0.0 0.0 0.0 149.0 5.0 0.0
40 45 39 0.0 0.0 0.0 0.0 358.0 15.0 0.0
40 45 40 0.0 0.0 0.0 0.0 430.0 9.0 0.0
40 45 41 0.0 0.0 0.0 0.0 369.0 11.0 0.0
40 45 42 0.0 0.0 0.0 0.0 139.0 5.0 0.0
40 45 43 0.0 0.0 0.0 0.0 24.0 0.0 0.0
40 45 44 0.0 0.0 0.0 0.0 2.0 0.0 0.0
41 35 36 0.0 0.0 0.0 0.0 2.0 0.0 0.0
41 35 37 0.0 0.0 0.0 0.0 32.0 2.0 0.0
41 35 38 0.0 0.0 0.0 0.0 91.0 2.0 0.0
41 35 39 0.0 0.0 0.0 0.0 266.0 9.0 0.0
41 35 40 0.0 0.0 0.0 0.0 347.0 9.0 0.0
41 35 41 0.0 0.0 0.0 0.0 244.0 9.0 0.0
41 35 42 0.0 0.0 0.0 0.0 109.0 3.0 0.0
41 35 43 0.0 0.0 0.0 0.0 31.0 2.0 0.0
41 36 35 0.0 0.0 0.0 0.0 1.0 0.0 0.0
41 36 36 0.0 0.0 0.0 0.0 529.0 9.0 0.0
41 36 37 0.0 0.0 0.0 0.0 4221.0 139.0 10.0
41 36 38 0.0 0.0 0.0 0.0 12751.0 431.0 143.0
41 36 39 0.0 0.0 0.0 0.0 22625.0 734.0 536.0
41 36 40 0.0 0.0 0.0 0.0 26477.0 797.0 746.0
41 36 41 0.0 0.0 0.0 9.0 22553.0 724.0 514.0
41 36 42 0.0 0.0 0.0 0.0 12518.0 400.0 110.0
41 36 43 0.0 0.0 0.0 0.0 4020.0 141.0 11.0
41 36 44 0.0 0.0 0.0 0.0 460.0 17.0 0.0
41 36 45 0.0 0.0 0.0 0.0 3.0 0.0 0.0
41 37 35 0.0 0.0 0.0 0.0 23.0 0.0 0.0
41 37 36 0.0 0.0 0.0 0.0 4044.0 135.0 16.0
41 37 37 0.0 0.0 0.0 1.0 42345.0 1202.0 2666.0
41 37 38 0.0 0.0 0.0 2.0 73368.0 1506.0 15021.0
41 37 39 0.0 0.0 0.0 21.0 81320.0 1395.0 28535.0
41 37 40 0.0 0.0 0.0 14.0 82096.0 1326.0 32775.0
41 37 41 0.0 0.0 0.0 3.0 81412.0 1391.0 29103.0
41 37 42 0.0 0.0 0.0 2.0 73677.0 1606.0 14899.0
41 37 43 0.0 0.0 0.0 0.0 42695.0 1199.0 2771.0
41 37 44 0.0 0.0 0.0 2.0 4171.0 163.0 16.0
41 37 45 0.0 0.0 0.0 0.0 20.0 0.0 0.0
41 38 35 0.0 0.0 0.0 0.0 107.0 3.0 0.0
41 38 36 0.0 0.0 0.0 0.0 12723.0 413.0 150.0
41 38 37 0.0 0.0 0.0 6.0 73734.0 1488.0 14674.0
41 38 38 0.0 0.0 0.0 7.0 70189.0 855.0 65429.0
41 38 39 0.0 0.0 0.0 8.0 60262.0 559.0 89650.0
41 38 40 0.0 0.0 0.0 12.0 56971.0 518.0 96848.0
41 38 41 0.0 0.0 0.0 15.0 60919.0 568.0 89342.0
41 38 42 0.0 0.0 0.0 26.0 70666.0 886.0 65072.0
41 38 43 0.0 0.0 0.0 7.0 74046.0 1539.0 14976.0
41 38 44 0.0 0.0 0.0 2.0 12585.0 399.0 136.0
41 38 45 0.0 0.0 0.0 0.0 87.0 2.0 0.0
41 39 35 0.0 0.0 0.0 0.0 241.0 15.0 0.0
41 39 36 0.0 0.0 0.0 0.0 22976.0 736.0 486.0
41 39 37 0.0 0.0 0.0 9.0 81232.0 1366.0 29503.0
41 39 38 0.0 0.0 0.0 16.0 60817.0 572.0 89690.0
41 39 39 0.0 0.0 0.0 17.0 37722.0 196.0 137035.0
41 39 40 0.0 0.0 0.0 17.0 34555.0 140.0 142931.0
41 39 41 0.0 0.0 0.0 18.0 37783.0 158.0 136924.0
41 39 42 0.0 0.0 0.0 18.0 60413.0 580.0 90297.0
41 39 43 0.0 0.0 0.0 1.0 81848.0 1347.0 28787.0
41 39 44 0.0 0.0 0.0 0.0 22030.0 695.0 477.0
41 39 45 0.0 0.0 0.0 0.0 272.0 11.0 0.0
41 40 35 0.0 0.0 0.0 0.0 324.0 9.0 0.0
41 40 36 0.0 0.0 0.0 0.0 26923.0 857.0 780.0
41 40 37 0.0 0.0 0.0 13.0 81987.0 1298.0 33908.0
41 40 38 0.0 0.0 0.0 22.0 56373.0 527.0 97276.0
41 40 39 0.0 0.0 0.0 34.0 34510.0 145.0 142784.0
41 40 40 0.0 0.0 0.0 25.0 30012.0 87.0 151816.0
41 40 41 0.0 0.0 0.0 12.0 34602.0 129.0 142470.0
41 40 42 0.0 0.0 0.0 13.0 56508.0 521.0 96771.0
41 40 43 0.0 0.0 0.0 10.0 81547.0 1202.0 34015.0
41 40 44 0.0 0.0 0.0 1.0 26329.0 795.0 693.0
41 40 45 0.0 0.0 0.0 0.0 310.0 17.0 0.0
41 41 35 0.0 0.0 0.0 0.0 225.0 9.0 0.0
41 41 36 0.0 0.0 0.0 0.0 22019.0 660.0 528.0
41 41 37 0.0 0.0 0.0 2.0 81778.0 1343.0 28745.0
41 41 38 0.0 0.0 0.0 10.0 60144.0 586.0 90429.0
41 41 39 0.0 0.0 0.0 18.0 37814.0 175.0 136459.0
41 41 40 0.0 0.0 0.0 17.0 35253.0 152.0 142311.0
41 41 41 0.0 0.0 0.0 21.0 38514.0 186.0 135161.0
41 41 42 0.0 0.0 0.0 21.0 60660.0 610.0 88927.0
41 41 43 0.0 0.0 0.0 13.0 81761.0 1375.0 28677.0
41 41 44 0.0 0.0 0.0 4.0 22600.0 690.0 536.0
41 41 45 0.0 0.0 0.0 0.0 242.0 7.0 0.0
41 42 35 0.0 0.0 0.0 0.0 121.0 4.0 0.0
41 42 36 0.0 0.0 0.0 0.0 13446.0 461.0 175.0
41 42 37 0.0 0.0 0.0 8.0 74101.0 1498.0 15455.0
41 42 38 0.0 0.0 0.0 11.0 70758.0 846.0 65247.0
41 42 39 0.0 0.0 0.0 13.0 60017.0 602.0 89974.0
41 42 40 0.0 0.0 0.0 12.0 56264.0 520.0 97146.0
41 42 41 0.0 0.0 0.0 7.0 61481.0 600.0 88456.0
41 42 42 0.0 0.0 0.0 5.0 70724.0 846.0 65033.0
41 42 43 0.0 0.0 0.0 2.0 73383.0 1502.0 14616.0
41 42 44 0.0 0.0 0.0 1.0 12500.0 423.0 142.0
41 42 45 0.0 0.0 0.0 0.0 89.0 1.0 0.0
41 43 35 0.0 0.0 0.0 0.0 28.0 1.0 0.0
41 43 36 0.0 0.0 0.0 0.0 3927.0 123.0 15.0
41 43 37 0.0 0.0 0.0 0.0 41872.0 1197.0 2610.0
41 43 38 0.0 0.0 0.0 2.0 73719.0 1442.0 15179.0
41 43 39 0.0 0.0 0.0 3.0 81784.0 1344.0 27916.0
41 43 40 0.0 0.0 0.0 4.0 81857.0 1254.0 33739.0
41 43 41 0.0 0.0 0.0 18.0 81405.0 1401.0 28975.0
41 43 42 0.0 0.0 0.0 1.0 73708.0 1595.0 14888.0
41 43 43 0.0 0.0 0.0 0.0 41584.0 1261.0 2510.0
41 43 44 0.0 0.0 0.0 0.0 4217.0 141.0 14.0
41 43 45 0.0 0.0 0.0 0.0 23.0 0.0 0.0
41 44 35 0.0 0.0 0.0 0.0 3.0 0.0 0.0
41 44 36 0.0 0.0 0.0 0.0 509.0 13.0 0.0
41 44 37 0.0 0.0 0.0 0.0 4266.0 136.0 16.0
41 44 38 0.0 0.0 0.0 0.0 12756.0 410.0 172.0
41 44 39 0.0 0.0 0.0 0.0 23168.0 691.0 521.0
41 44 40 0.0 0.0 0.0 1.0 27352.0 819.0 801.0
41 44 41 0.0 0.0 0.0 1.0 22318.0 680.0 471.0
41 44 42 0.0 0.0 0.0 0.0 12805.0 434.0 118.0
41 44 43 0.0 0.0 0.0 0.0 4014.0 135.0 13.0
41 44 44 0.0 0.0 0.0 0.0 420.0 13.0 0.0
41 44 45 0.0 0.0 0.0 0.0 1.0 0.0 0.0
41 45 36 0.0 0.0 0.0 0.0 14.0 0.0 0.0
41 45 37 0.0 0.0 0.0 0.0 30.0 2.0 0.0
41 45 38 0.0 0.0 0.0 0.0 123.0 5.0 0.0
41 45 39 0.0 0.0 0.0 0.0 252.0 6.0 0.0
41 45 40 0.0 0.0 0.0 0.0 330.0 12.0 0.0
41 45 41 0.0 0.0 0.0 0.0 250.0 10.0 0.0
41 45 42 0.0 0.0 0.0 0.0 113.0 3.0 0.0
41 45 43 0.0 0.0 0.0 0.0 18.0 0.0 0.0
41 45 44 0.0 0.0 0.0 0.0 1.0 0.0 0.0
42 35 37 0.0 0.0 0.0 0.0 3.0 0.0 0.0
42 35 38 0.0 0.0 0.0 0.0 50.0 3.0 0.0
42 35 39 0.0 0.0 0.0 0.0 110.0 1.0 0.0
42 35 40 0.0 0.0 0.0 0.0 133.0 6.0 0.0
42 35 41 0.0 0.0 0.0 0.0 113.0 6.0 0.0
42 35 42 0.0 0.0 0.0 0.0 64.0 1.0 0.0
42 35 43 0.0 0.0 0.0 0.0 11.0 0.0 0.0
42 36 35 0.0 0.0 0.0 0.0 1.0 0.0 0.0
42 36 36 0.0 0.0 0.0 0.0 293.0 9.0 0.0
42 36 37 0.0 0.0 0.0 0.0 1988.0 74.0 1.0
42 36 38 0.0 0.0 0.0 0.0 6780.0 270.0 38.0
42 36 39 0.0 0.0 0.0 0.0 12750.0 415.0 156.0
42 36 40 0.0 0.0 0.0 0.0 15310.0 482.0 193.0
42 36 41 0.0 0.0 0.0 0.0 12821.0 441.0 175.0
42 36 42 0.0 0.0 0.0 0.0 6944.0 242.0 45.0
42 36 43 0.0 0.0 0.0 0.0 2032.0 68.0 6.0
42 36 44 0.0 0.0 0.0 0.0 234.0 3.0 0.0
42 36 45 0.0 0.0 0.0 0.0 1.0 0.0 0.0
42 37 35 0.0 0.0 0.0 0.0 12.0 0.0 0.0
42 37 36 0.0 0.0 0.0 0.0 2066.0 77.0 2.0
42 37 37 0.0 0.0 0.0 0.0 27429.0 839.0 929.0
42 37 38 0.0 0.0 0.0 2.0 58103.0 1460.0 6508.0
42 37 39 0.0 0.0 0.0 4.0 73899.0 1524.0 14859.0
42 37 40 0.0 0.0 0.0 11.0 77063.0 1467.0 18667.0
42 37 41 0.0 0.0 0.0 4.0 73586.0 1453.0 15192.0
42 37 42 0.0 0.0 0.0 1.0 57630.0 1444.0 6324.0
42 37 43 0.0 0.0 0.0 3.0 25080.0 740.0 722.0
42 37 44 0.0 0.0 0.0 0.0 2056.0 76.0 5.0
42 37 45 0.0 0.0 0.0 0.0 14.0 1.0 0.0
42 38 35 0.0 0.0 0.0 0.0 49.0 0.0 0.0
42 38 36 0.0 0.0 0.0 0.0 7170.0 266.0 41.0
42 38 37 0.0 0.0 0.0 1.0 59057.0 1457.0 6793.0
42 38 38 0.0 0.0 0.0 12.0 76004.0 1099.0 45902.0
42 38 39 0.0 0.0 0.0 24.0 69555.0 831.0 67017.0
42 38 40 0.0 0.0 0.0 11.0 66255.0 746.0 74293.0
42 38 41 0.0 0.0 0.0 13.0 70671.0 825.0 65829.0
42 38 42 0.0 0.0 0.0 3.0 76683.0 1108.0 44598.0
42 38 43 0.0 0.0 0.0 3.0 58727.0 1484.0 6685.0
42 38 44 0.0 0.0 0.0 0.0 6744.0 238.0 44.0
42 38 45 0.0 0.0 0.0 0.0 52.0 1.0 0.0
42 39 35 0.0 0.0 0.0 0.0 111.0 4.0 0.0
42 39 36 0.0 0.0 0.0 1.0 13173.0 421.0 161.0
42 39 37 0.0 0.0 0.0 6.0 74220.0 1571.0 15472.0
42 39 38 0.0 0.0 0.0 25.0 69526.0 839.0 67126.0
42 39 39 0.0 0.0 0.0 23.0 59788.0 578.0 90976.0
42 39 40 0.0 0.0 0.0 15.0 56080.0 508.0 97989.0
42 39 41 0.0 0.0 0.0 14.0 60017.0 541.0 90157.0
42 39 42 0.0 0.0 0.0 1.0 70313.0 880.0 65760.0
42 39 43 0.0 0.0 0.0 2.0 73508.0 1511.0 15006.0
42 39 44 0.0 0.0 0.0 0.0 12804.0 448.0 138.0
42 39 45 0.0 0.0 0.0 0.0 77.0 3.0 0.0
42 40 35 0.0 0.0 0.0 0.0 145.0 8.0 0.0
42 40 36 0.0 0.0 0.0 0.0 15338.0 525.0 209.0
42 40 37 0.0 0.0 0.0 6.0 77346.0 1559.0 19560.0
42 40 38 0.0 0.0 0.0 20.0 66411.0 726.0 74094.0
42 40 39 0.0 0.0 0.0 10.0 56299.0 478.0 98284.0
42 40 40 0.0 0.0 0.0 23.0 51539.0 436.0 106398.0
42 40 41 0.0 0.0 0.0 16.0 56019.0 436.0 97840.0
42 40 42 0.0 0.0 0.0 27.0 66844.0 777.0 73661.0
42 40 43 0.0 0.0 0.0 7.0 77036.0 1530.0 18612.0
42 40 44 0.0 0.0 0.0 0.0 15429.0 499.0 203.0
42 40 45 0.0 0.0 0.0 0.0 139.0 5.0 0.0
42 41 35 0.0 0.0 0.0 0.0 137.0 6.0 0.0
42 41 36 0.0 0.0 0.0 1.0 12786.0 415.0 142.0
42 41 37 0.0 0.0 0.0 4.0 73899.0 1531.0 14825.0
42 41 38 0.0 0.0 0.0 15.0 70491.0 833.0 65551.0
42 41 39 0.0 0.0 0.0 17.0 59195.0 530.0 90902.0
42 41 40 0.0 0.0 0.0 18.0 56096.0 488.0 97836.0
42 41 41 0.0 0.0 0.0 25.0 60886.0 572.0 89620.0
42 41 42 0.0 0.0 0.0 10.0 71093.0 840.0 64155.0
42 41 43 0.0 0.0 0.0 12.0 73562.0 1548.0 14834.0
42 41 44 0.0 0.0 0.0 0.0 12440.0 389.0 128.0
42 41 45 0.0 0.0 0.0 0.0 99.0 2.0 0.0
42 42 35 0.0 0.0 0.0 0.0 52.0 3.0 0.0
42 42 36 0.0 0.0 0.0 0.0 7128.0 207.0 40.0
42 42 37 0.0 0.0 0.0 1.0 59306.0 1470.0 6899.0
42 42 38 0.0 0.0 0.0 25.0 76615.0 1093.0 44582.0
42 42 39 0.0 0.0 0.0 6.0 70876.0 866.0 65485.0
42 42 40 0.0 0.0 0.0 15.0 67002.0 792.0 73169.0
42 42 41 0.0 0.0 0.0 4.0 71200.0 839.0 65069.0
42 42 42 0.0 0.0 0.0 20.0 76866.0 1161.0 44347.0
42 42 43 0.0 0.0 0.0 1.0 57732.0 1449.0 6406.0
42 42 44 0.0 0.0 0.0 0.0 6969.0 245.0 53.0
42 42 45 0.0 0.0 0.0 0.0 57.0 3.0 0.0
42 43 35 0.0 0.0 0.0 0.0 10.0 0.0 0.0
42 43 36 0.0 0.0 0.0 0.0 2327.0 78.0 5.0
42 43 37 0.0 0.0 0.0 0.0 25505.0 782.0 820.0
42 43 38 0.0 0.0 0.0 4.0 57477.0 1409.0 6352.0
42 43 39 0.0 0.0 0.0 5.0 73449.0 1409.0 15164.0
42 43 40 0.0 0.0 0.0 1.0 76584.0 1486.0 18582.0
42 43 41 0.0 0.0 0.0 5.0 73685.0 1512.0 14955.0
42 43 42 0.0 0.0 0.0 7.0 57696.0 1413.0 6304.0
42 43 43 0.0 0.0 0.0 0.0 26403.0 795.0 839.0
42 43 44 0.0 0.0 0.0 0.0 2177.0 77.0 3.0
42 43 45 0.0 0.0 0.0 0.0 18.0 1.0 0.0
42 44 35 0.0 0.0 0.0 0.0 1.0 0.0 0.0
42 44 36 0.0 0.0 0.0 0.0 204.0 5.0 0.0
42 44 37 0.0 0.0 0.0 0.0 2106.0 64.0 3.0
42 44 38 0.0 0.0 0.0 0.0 6607.0 236.0 34.0
42 44 39 0.0 0.0 0.0 0.0 12542.0 371.0 160.0
42 44 40 0.0 0.0 0.0 0.0 15181.0 501.0 225.0
42 44 41 0.0 0.0 0.0 0.0 13048.0 445.0 144.0
42 44 42 0.0 0.0 0.0 0.0 6906.0 226.0 41.0
42 44 43 0.0 0.0 0.0 0.0 2149.0 64.0 5.0
42 44 44 0.0 0.0 0.0 0.0 218.0 3.0 0.0
42 44 45 0.0 0.0 0.0 0.0 1.0 0.0 0.0
42 45 37 0.0 0.0 0.0 0.0 14.0 0.0 0.0
42 45 38 0.0 0.0 0.0 0.0 32.0 0.0 0.0
42 45 39 0.0 0.0 0.0 0.0 94.0 4.0 0.0
42 45 40 0.0 0.0 0.0 0.0 106.0 4.0 0.0
42 45 41 0.0 0.0 0.0 0.0 108.0 2.0 0.0
42 45 42 0.0 0.0 0.0 0.0 48.0 0.0 0.0
42 45 43 0.0 0.0 0.0 0.0 8.0 0.0 0.0
42 45 44 0.0 0.0 0.0 0.0 2.0 0.0 0.0
43 35 38 0.0 0.0 0.0 0.0 18.0 1.0 0.0
43 35 39 0.0 0.0 0.0 0.0 18.0 0.0 0.0
43 35 40 0.0 0.0 0.0 0.0 29.0 0.0 0.0
43 35 41 0.0 0.0 0.0 0.0 26.0 2.0 0.0
43 35 42 0.0 0.0 0.0 0.0 16.0 1.0 0.0
43 36 36 0.0 0.0 0.0 0.0 57.0 1.0 0.0
43 36 37 0.0 0.0 0.0 0.0 588.0 19.0 1.0
43 36 38 0.0 0.0 0.0 0.0 2018.0 65.0 3.0
43 36 39 0.0 0.0 0.0 1.0 4368.0 140.0 16.0
43 36 40 0.0 0.0 0.0 0.0 4915.0 161.0 20.0
43 36 41 0.0 0.0 0.0 0.0 4128.0 129.0 12.0
43 36 42 0.0 0.0 0.0 0.0 2154.0 79.0 2.0
43 36 43 0.0 0.0 0.0 0.0 541.0 23.0 0.0
43 36 44 0.0 0.0 0.0 0.0 65.0 3.0 0.0
43 37 35 0.0 0.0 0.0 0.0 1.0 0.0 0.0
43 37 36 0.0 0.0 0.0 0.0 612.0 25.0 0.0
43 37 37 0.0 0.0 0.0 0.0 10585.0 372.0 115.0
43 37 38 0.0 0.0 0.0 0.0 26697.0 824.0 919.0
43 37 39 0.0 0.0 0.0 0.0 44111.0 1272.0 3064.0
43 37 40 0.0 0.0 0.0 4.0 49381.0 1348.0 4050.0
43 37 41 0.0 0.0 0.0 0.0 42360.0 1189.0 2707.0
43 37 42 0.0 0.0 0.0 1.0 25594.0 810.0 809.0
43 37 43 0.0 0.0 0.0 0.0 9360.0 308.0 103.0
43 37 44 0.0 0.0 0.0 0.0 721.0 32.0 0.0
43 37 45 0.0 0.0 0.0 0.0 2.0 0.0 0.0
43 38 35 0.0 0.0 0.0 0.0 7.0 0.0 0.0
43 38 36 0.0 0.0 0.0 0.0 2155.0 76.0 7.0
43 38 37 0.0 0.0 0.0 5.0 27518.0 820.0 965.0
43 38 38 0.0 0.0 0.0 3.0 61425.0 1480.0 7886.0
43 38 39 0.0 0.0 0.0 13.0 74045.0 1526.0 15059.0
43 38 40 0.0 0.0 0.0 4.0 77387.0 1535.0 18750.0
43 38 41 0.0 0.0 0.0 7.0 73882.0 1512.0 14983.0
43 38 42 0.0 0.0 0.0 0.0 57952.0 1496.0 6231.0
43 38 43 0.0 0.0 0.0 2.0 25865.0 753.0 840.0
43 38 44 0.0 0.0 0.0 0.0 2167.0 62.0 4.0
43 38 45 0.0 0.0 0.0 0.0 11.0 1.0 0.0
43 39 35 0.0 0.0 0.0 0.0 28.0 2.0 0.0
43 39 36 0.0 0.0 0.0 0.0 4830.0 155.0 19.0
43 39 37 0.0 0.0 0.0 6.0 43861.0 1313.0 2925.0
43 39 38 0.0 0.0 0.0 9.0 74826.0 1481.0 15731.0
43 39 39 0.0 0.0 0.0 10.0 81440.0 1309.0 30197.0
43 39 40 0.0 0.0 0.0 15.0 81698.0 1258.0 35587.0
43 39 41 0.0 0.0 0.0 4.0 81353.0 1301.0 29752.0
43 39 42 0.0 0.0 0.0 3.0 74426.0 1574.0 15660.0
43 39 43 0.0 0.0 0.0 0.0 41947.0 1277.0 2656.0
43 39 44 0.0 0.0 0.0 0.0 4301.0 143.0 14.0
43 39 45 0.0 0.0 0.0 0.0 29.0 0.0 0.0
43 40 35 0.0 0.0 0.0 0.0 25.0 1.0 0.0
43 40 36 0.0 0.0 0.0 0.0 4992.0 163.0 20.0
43 40 37 0.0 0.0 0.0 1.0 47940.0 1254.0 3842.0
43 40 38 0.0 0.0 0.0 2.0 77586.0 1433.0 19644.0
43 40 39 0.0 0.0 0.0 3.0 81878.0 1298.0 35329.0
43 40 40 0.0 0.0 0.0 14.0 81268.0 1185.0 40446.0
43 40 41 0.0 0.0 0.0 4.0 82152.0 1219.0 34551.0
43 40 42 0.0 0.0 0.0 0.0 77071.0 1496.0 18546.0
43 40 43 0.0 0.0 0.0 0.0 48195.0 1292.0 3813.0
43 40 44 0.0 0.0 0.0 0.0 5208.0 183.0 21.0
43 40 45 0.0 0.0 0.0 0.0 44.0 4.0 0.0
43 41 35 0.0 0.0 0.0 0.0 20.0 0.0 0.0
43 41 36 0.0 0.0 0.0 0.0 4467.0 145.0 18.0
43 41 37 0.0 0.0 0.0 2.0 43657.0 1197.0 3000.0
43 41 38 0.0 0.0 0.0 4.0 74086.0 1556.0 15664.0
43 41 39 0.0 0.0 0.0 3.0 82024.0 1401.0 29750.0
43 41 40 0.0 0.0 0.0 9.0 81576.0 1326.0 34578.0
43 41 41 0.0 0.0 0.0 8.0 81462.0 1324.0 29473.0
43 41 42 0.0 0.0 0.0 7.0 73502.0 1504.0 14669.0
43 41 43 0.0 0.0 0.0 1.0 41863.0 1200.0 2694.0
43 41 44 0.0 0.0 0.0 0.0 4054.0 148.0 9.0
43 41 45 0.0 0.0 0.0 0.0 42.0 2.0 0.0
43 42 35 0.0 0.0 0.0 0.0 15.0 2.0 0.0
43 42 36 0.0 0.0 0.0 0.0 2163.0 82.0 2.0
43 42 37 0.0 0.0 0.0 1.0 26947.0 873.0 938.0
43 42 38 0.0 0.0 0.0 1.0 57545.0 1449.0 6181.0
43 42 39 0.0 0.0 0.0 1.0 73544.0 1521.0 14701.0
43 42 40 0.0 0.0 0.0 7.0 77229.0 1489.0 18885.0
43 42 41 0.0 0.0 0.0 5.0 73794.0 1549.0 14593.0
43 42 42 0.0 0.0 0.0 1.0 56914.0 1439.0 5992.0
43 42 43 0.0 0.0 0.0 0.0 24213.0 773.0 684.0
43 42 44 0.0 0.0 0.0 0.0 1970.0 75.0 1.0
43 42 45 0.0 0.0 0.0 0.0 7.0 0.0 0.0
43 43 35 0.0 0.0 0.0 0.0 1.0 0.0 0.0
43 43 36 0.0 0.0 0.0 0.0 577.0 20.0 0.0
43 43 37 0.0 0.0 0.0 2.0 9517.0 326.0 87.0
43 43 38 0.0 0.0 0.0 1.0 26171.0 835.0 889.0
43 43 39 0.0 0.0 0.0 6.0 41432.0 1162.0 2497.0
43 43 40 0.0 0.0 0.0 0.0 46370.0 1315.0 3615.0
43 43 41 0.0 0.0 0.0 0.0 41594.0 1155.0 2571.0
43 43 42 0.0 0.0 0.0 3.0 25883.0 757.0 827.0
43 43 43 0.0 0.0 0.0 0.0 9148.0 337.0 98.0
43 43 44 0.0 0.0 0.0 0.0 563.0 20.0 0.0
43 43 45 0.0 0.0 0.0 0.0 3.0 0.0 0.0
43 44 36 0.0 0.0 0.0 0.0 69.0 3.0 0.0
43 44 37 0.0 0.0 0.0 0.0 538.0 26.0 2.0
43 44 38 0.0 0.0 0.0 0.0 2335.0 84.0 6.0
43 44 39 0.0 0.0 0.0 0.0 3990.0 116.0 12.0
43 44 40 0.0 0.0 0.0 0.0 4938.0 178.0 15.0
43 44 41 0.0 0.0 0.0 0.0 3813.0 131.0 14.0
43 44 42 0.0 0.0 0.0 0.0 2075.0 68.0 6.0
43 44 43 0.0 0.0 0.0 0.0 592.0 16.0 0.0
43 44 44 0.0 0.0 0.0 0.0 47.0 1.0 0.0
43 44 45 0.0 0.0 0.0 0.0 1.0 0.0 0.0
43 45 37 0.0 0.0 0.0 0.0 3.0 0.0 0.0
43 45 38 0.0 0.0 0.0 0.0 7.0 0.0 0.0
43 45 39 0.0 0.0 0.0 0.0 13.0 0.0 0.0
43 45 40 0.0 0.0 0.0 0.0 12.0 0.0 0.0
43 45 41 0.0 0.0 0.0 0.0 17.0 1.0 0.0
43 45 42 0.0 0.0 0.0 0.0 13.0 1.0 0.0
44 35 38 0.0 0.0 0.0 0.0 1.0 0.0 0.0
44 35 39 0.0 0.0 0.0 0.0 1.0 0.0 0.0
44 35 40 0.0 0.0 0.0 0.0 1.0 0.0 0.0
44 35 41 0.0 0.0 0.0 0.0 3.0 0.0 0.0
44 35 42 0.0 0.0 0.0 0.0 1.0 0.0 0.0
44 36 36 0.0 0.0 0.0 0.0 5.0 0.0 0.0
44 36 37 0.0 0.0 0.0 0.0 57.0 2.0 0.0
44 36 38 0.0 0.0 0.0 0.0 329.0 12.0 0.0
44 36 39 0.0 0.0 0.0 0.0 577.0 21.0 0.0
44 36 40 0.0 0.0 0.0 0.0 683.0 26.0 0.0
44 36 41 0.0 0.0 0.0 0.0 446.0 15.0 1.0
44 36 42 0.0 0.0 0.0 0.0 221.0 10.0 0.0
44 36 43 0.0 0.0 0.0 0.0 47.0 0.0 0.0
44 36 44 0.0 0.0 0.0 0.0 4.0 0.0 0.0
44 37 36 0.0 0.0 0.0 0.0 86.0 3.0 0.0
44 37 37 0.0 0.0 0.0 0.0 798.0 29.0 1.0
44 37 38 0.0 0.0 0.0 0.0 2216.0 70.0 4.0
44 37 39 0.0 0.0 0.0 0.0 4932.0 157.0 19.0
44 37 40 0.0 0.0 0.0 0.0 5060.0 168.0 19.0
44 37 41 0.0 0.0 0.0 0.0 4449.0 153.0 21.0
44 37 42 0.0 0.0 0.0 0.0 2080.0 81.0 4.0
44 37 43 0.0 0.0 0.0 0.0 499.0 12.0 0.0
44 37 44 0.0 0.0 0.0 0.0 68.0 3.0 0.0
44 38 36 0.0 0.0 0.0 0.0 294.0 12.0 0.0
44 38 37 0.0 0.0 0.0 0.0 2429.0 87.0 2.0
44 38 38 0.0 0.0 0.0 0.0 7379.0 233.0 47.0
44 38 39 0.0 0.0 0.0 1.0 13512.0 465.0 171.0
44 38 40 0.0 0.0 0.0 0.0 16248.0 561.0 244.0
44 38 41 0.0 0.0 0.0 0.0 13290.0 440.0 166.0
44 38 42 0.0 0.0 0.0 0.0 7245.0 258.0 43.0
44 38 43 0.0 0.0 0.0 0.0 2120.0 58.0 4.0
44 38 44 0.0 0.0 0.0 0.0 201.0 11.0 0.0
44 39 35 0.0 0.0 0.0 0.0 1.0 0.0 0.0
44 39 36 0.0 0.0 0.0 0.0 574.0 18.0 0.0
44 39 37 0.0 0.0 0.0 0.0 4530.0 167.0 13.0
44 39 38 0.0 0.0 0.0 1.0 14093.0 483.0 188.0
44 39 39 0.0 0.0 0.0 1.0 24278.0 777.0 600.0
44 39 40 0.0 0.0 0.0 2.0 28008.0 810.0 830.0
44 39 41 0.0 0.0 0.0 1.0 23447.0 734.0 547.0
44 39 42 0.0 0.0 0.0 0.0 13254.0 429.0 153.0
44 39 43 0.0 0.0 0.0 0.0 4312.0 145.0 20.0
44 39 44 0.0 0.0 0.0 0.0 491.0 18.0 0.0
44 39 45 0.0 0.0 0.0 0.0 1.0 0.0 0.0
44 40 35 0.0 0.0 0.0 0.0 3.0 0.0 0.0
44 40 36 0.0 0.0 0.0 0.0 681.0 23.0 0.0
44 40 37 0.0 0.0 0.0 0.0 5855.0 197.0 22.0
44 40 38 0.0 0.0 0.0 0.0 16435.0 522.0 274.0
44 40 39 0.0 0.0 0.0 0.0 28576.0 977.0 898.0
44 40 40 0.0 0.0 0.0 1.0 33217.0 999.0 1275.0
44 40 41 0.0 0.0 0.0 1.0 28210.0 899.0 841.0
44 40 42 0.0 0.0 0.0 0.0 15895.0 532.0 228.0
44 40 43 0.0 0.0 0.0 0.0 5197.0 202.0 19.0
44 40 44 0.0 0.0 0.0 0.0 669.0 17.0 0.0
44 40 45 0.0 0.0 0.0 0.0 1.0 0.0 0.0
44 41 35 0.0 0.0 0.0 0.0 3.0 0.0 0.0
44 41 36 0.0 0.0 0.0 0.0 643.0 25.0 0.0
44 41 37 0.0 0.0 0.0 0.0 4600.0 154.0 10.0
44 41 38 0.0 0.0 0.0 0.0 13522.0 425.0 152.0
44 41 39 0.0 0.0 0.0 0.0 23873.0 753.0 571.0
44 41 40 0.0 0.0 0.0 1.0 27920.0 855.0 860.0
44 41 41 0.0 0.0 0.0 0.0 23717.0 742.0 518.0
44 41 42 0.0 0.0 0.0 0.0 12749.0 424.0 144.0
44 41 43 0.0 0.0 0.0 0.0 4320.0 162.0 17.0
44 41 44 0.0 0.0 0.0 0.0 471.0 26.0 0.0
44 41 45 0.0 0.0 0.0 0.0 1.0 0.0 0.0
44 42 36 0.0 0.0 0.0 0.0 276.0 9.0 0.0
44 42 37 0.0 0.0 0.0 0.0 2098.0 52.0 4.0
44 42 38 0.0 0.0 0.0 1.0 7203.0 231.0 45.0
44 42 39 0.0 0.0 0.0 0.0 13240.0 439.0 157.0
44 42 40 0.0 0.0 0.0 0.0 15688.0 512.0 220.0
44 42 41 0.0 0.0 0.0 0.0 13547.0 485.0 159.0
44 42 42 0.0 0.0 0.0 0.0 6825.0 200.0 42.0
44 42 43 0.0 0.0 0.0 0.0 2126.0 89.0 3.0
44 42 44 0.0 0.0 0.0 0.0 258.0 9.0 0.0
44 43 36 0.0 0.0 0.0 0.0 61.0 0.0 0.0
44 43 37 0.0 0.0 0.0 0.0 616.0 29.0 0.0
44 43 38 0.0 0.0 0.0 0.0 1846.0 51.0 2.0
44 43 39 0.0 0.0 0.0 0.0 4120.0 142.0 12.0
44 43 40 0.0 0.0 0.0 0.0 5060.0 165.0 22.0
44 43 41 0.0 0.0 0.0 0.0 4002.0 138.0 11.0
44 43 42 0.0 0.0 0.0 0.0 1839.0 61.0 2.0
44 43 43 0.0 0.0 0.0 0.0 548.0 21.0 0.0
44 43 44 0.0 0.0 0.0 0.0 65.0 1.0 0.0
44 44 36 0.0 0.0 0.0 0.0 4.0 0.0 0.0
44 44 37 0.0 0.0 0.0 0.0 60.0 5.0 0.0
44 44 38 0.0 0.0 0.0 0.0 244.0 9.0 0.0
44 44 39 0.0 0.0 0.0 0.0 488.0 13.0 0.0
44 44 40 0.0 0.0 0.0 0.0 606.0 18.0 1.0
44 44 41 0.0 0.0 0.0 0.0 485.0 13.0 0.0
44 44 42 0.0 0.0 0.0 0.0 217.0 7.0 0.0
44 44 43 0.0 0.0 0.0 0.0 70.0 3.0 0.0
44 44 44 0.0 0.0 0.0 0.0 1.0 0.0 0.0
44 45 39 0.0 0.0 0.0 0.0 2.0 0.0 0.0
44 45 40 0.0 0.0 0.0 0.0 2.0 0.0 0.0
44 45 41 0.0 0.0 0.0 0.0 3.0 0.0 0.0
45 36 38 0.0 0.0 0.0 0.0 2.0 0.0 0.0
45 36 39 0.0 0.0 0.0 0.0 1.0 0.0 0.0
45 36 40 0.0 0.0 0.0 0.0 1.0 0.0 0.0
45 36 42 0.0 0.0 0.0 0.0 2.0 0.0 0.0
45 37 37 0.0 0.0 0.0 0.0 4.0 0.0 0.0
45 37 38 0.0 0.0 0.0 0.0 12.0 0.0 0.0
45 37 39 0.0 0.0 0.0 0.0 18.0 0.0 0.0
45 37 40 0.0 0.0 0.0 0.0 34.0 3.0 0.0
45 37 41 0.0 0.0 0.0 0.0 40.0 1.0 0.0
45 37 42 0.0 0.0 0.0 0.0 14.0 0.0 0.0
45 37 43 0.0 0.0 0.0 0.0 3.0 0.0 0.0
45 38 36 0.0 0.0 0.0 0.0 1.0 0.0 0.0
45 38 37 0.0 0.0 0.0 0.0 15.0 0.0 0.0
45 38 38 0.0 0.0 0.0 0.0 70.0 3.0 0.0
45 38 39 0.0 0.0 0.0 0.0 140.0 7.0 0.0
45 38 40 0.0 0.0 0.0 0.0 168.0 2.0 0.0
45 38 41 0.0 0.0 0.0 0.0 101.0 4.0 0.0
45 38 42 0.0 0.0 0.0 0.0 71.0 5.0 0.0
45 38 43 0.0 0.0 0.0 0.0 14.0 1.0 0.0
45 38 44 0.0 0.0 0.0 0.0 1.0 0.0 0.0
45 39 36 0.0 0.0 0.0 0.0 4.0 0.0 0.0
45 39 37 0.0 0.0 0.0 0.0 23.0 0.0 0.0
45 39 38 0.0 0.0 0.0 0.0 132.0 5.0 0.0
45 39 39 0.0 0.0 0.0 0.0 313.0 6.0 0.0
45 39 40 0.0 0.0 0.0 0.0 356.0 4.0 0.0
45 39 41 0.0 0.0 0.0 0.0 288.0 8.0 0.0
45 39 42 0.0 0.0 0.0 0.0 148.0 3.0 0.0
45 39 43 0.0 0.0 0.0 0.0 35.0 1.0 0.0
45 40 36 0.0 0.0 0.0 0.0 5.0 0.0 0.0
45 40 37 0.0 0.0 0.0 0.0 42.0 2.0 0.0
45 40 38 0.0 0.0 0.0 0.0 191.0 9.0 0.0
45 40 39 0.0 0.0 0.0 0.0 375.0 15.0 0.0
45 40 40 0.0 0.0 0.0 0.0 437.0 12.0 1.0
45 40 41 0.0 0.0 0.0 0.0 341.0 16.0 0.0
45 40 42 0.0 0.0 0.0 0.0 121.0 4.0 0.0
45 40 43 0.0 0.0 0.0 0.0 26.0 1.0 0.0
45 40 44 0.0 0.0 0.0 0.0 1.0 0.0 0.0
45 41 36 0.0 0.0 0.0 0.0 2.0 1.0 0.0
45 41 37 0.0 0.0 0.0 0.0 25.0 1.0 0.0
45 41 38 0.0 0.0 0.0 0.0 138.0 11.0 0.0
45 41 39 0.0 0.0 0.0 0.0 280.0 9.0 0.0
45 41 40 0.0 0.0 0.0 0.0 385.0 12.0 0.0
45 41 41 0.0 0.0 0.0 0.0 254.0 6.0 0.0
45 41 42 0.0 0.0 0.0 0.0 83.0 5.0 0.0
45 41 43 0.0 0.0 0.0 0.0 24.0 0.0 0.0
45 41 44 0.0 0.0 0.0 0.0 4.0 1.0 0.0
45 42 37 0.0 0.0 0.0 0.0 15.0 2.0 0.0
45 42 38 0.0 0.0 0.0 0.0 72.0 3.0 0.0
45 42 39 0.0 0.0 0.0 0.0 147.0 6.0 0.0
45 42 40 0.0 0.0 0.0 0.0 180.0 6.0 0.0
45 42 41 0.0 0.0 0.0 0.0 141.0 4.0 0.0
45 42 42 0.0 0.0 0.0 0.0 61.0 2.0 0.0
45 42 43 0.0 0.0 0.0 0.0 11.0 0.0 0.0
45 43 37 0.0 0.0 0.0 0.0 1.0 0.0 0.0
45 43 38 0.0 0.0 0.0 0.0 24.0 0.0 0.0
45 43 39 0.0 0.0 0.0 0.0 22.0 0.0 0.0
45 43 40 0.0 0.0 0.0 0.0 28.0 1.0 0.0
45 43 41 0.0 0.0 0.0 0.0 22.0 0.0 0.0
45 43 42 0.0 0.0 0.0 0.0 17.0 1.0 0.0
45 43 43 0.0 0.0 0.0 0.0 1.0 0.0 0.0
45 44 39 0.0 0.0 0.0 0.0 3.0 0.0 0.0
45 44 40 0.0 0.0 0.0 0.0 5.0 0.0 0.0
45 44 41 0.0 0.0 0.0 0.0 2.0 0.0 0.0
46 42 40 0.0 0.0 0.0 0.0 2.0 0.0 0.0
