34 36 39 0.0 0.0 0.0 0.0 2.0 0.0 0.0
34 36 40 0.0 0.0 0.0 0.0 3.0 0.0 0.0
34 36 41 0.0 0.0 0.0 0.0 2.0 0.0 0.0
34 37 37 0.0 0.0 0.0 0.0 5.0 0.0 0.0
34 37 38 0.0 0.0 0.0 0.0 6.0 0.0 0.0
34 37 39 0.0 0.0 0.0 0.0 11.0 0.0 0.0
34 37 40 0.0 0.0 0.0 0.0 13.0 0.0 0.0
34 37 41 0.0 0.0 0.0 0.0 12.0 0.0 0.0
34 37 42 0.0 0.0 0.0 0.0 5.0 0.0 0.0
34 37 43 0.0 0.0 0.0 0.0 1.0 0.0 0.0
34 38 36 0.0 0.0 0.0 0.0 1.0 0.0 0.0
34 38 37 0.0 0.0 0.0 0.0 5.0 0.0 0.0
34 38 38 0.0 0.0 0.0 0.0 19.0 2.0 0.0
34 38 39 0.0 0.0 0.0 0.0 46.0 3.0 0.0
34 38 40 0.0 0.0 0.0 0.0 93.0 3.0 0.0
34 38 41 0.0 0.0 0.0 0.0 47.0 0.0 0.0
34 38 42 0.0 0.0 0.0 0.0 17.0 0.0 0.0
34 38 43 0.0 0.0 0.0 0.0 4.0 0.0 0.0
34 39 36 0.0 0.0 0.0 0.0 2.0 0.0 0.0
34 39 37 0.0 0.0 0.0 0.0 18.0 0.0 0.0
34 39 38 0.0 0.0 0.0 0.0 35.0 1.0 0.0
34 39 39 0.0 0.0 0.0 0.0 93.0 2.0 0.0
34 39 40 0.0 0.0 0.0 0.0 148.0 5.0 0.0
34 39 41 0.0 0.0 0.0 0.0 113.0 5.0 0.0
34 39 42 0.0 0.0 0.0 0.0 68.0 3.0 0.0
34 39 43 0.0 0.0 0.0 0.0 9.0 0.0 0.0
34 40 37 0.0 0.0 0.0 0.0 19.0 0.0 0.0
34 40 38 0.0 0.0 0.0 0.0 82.0 3.0 0.0
34 40 39 0.0 0.0 0.0 0.0 166.0 4.0 0.0
34 40 40 0.0 0.0 0.0 0.0 182.0 9.0 0.0
34 40 41 0.0 0.0 0.0 0.0 124.0 4.0 0.0
34 40 42 0.0 0.0 0.0 0.0 72.0 5.0 0.0
34 40 43 0.0 0.0 0.0 0.0 23.0 2.0 0.0
34 41 36 0.0 0.0 0.0 0.0 2.0 0.0 0.0
34 41 37 0.0 0.0 0.0 0.0 13.0 0.0 0.0
34 41 38 0.0 0.0 0.0 0.0 45.0 2.0 0.0
34 41 39 0.0 0.0 0.0 0.0 105.0 6.0 0.0
34 41 40 0.0 0.0 0.0 0.0 144.0 2.0 0.0
34 41 41 0.0 0.0 0.0 0.0 119.0 4.0 0.0
34 41 42 0.0 0.0 0.0 0.0 68.0 2.0 0.0
34 41 43 0.0 0.0 0.0 0.0 17.0 1.0 0.0
34 42 37 0.0 0.0 0.0 0.0 14.0 1.0 0.0
34 42 38 0.0 0.0 0.0 0.0 36.0 2.0 0.0
34 42 39 0.0 0.0 0.0 0.0 52.0 1.0 0.0
34 42 40 0.0 0.0 0.0 0.0 88.0 2.0 0.0
34 42 41 0.0 0.0 0.0 0.0 62.0 0.0 0.0
34 42 42 0.0 0.0 0.0 0.0 31.0 1.0 0.0
34 42 43 0.0 0.0 0.0 0.0 2.0 0.0 0.0
34 42 44 0.0 0.0 0.0 0.0 6.0 0.0 0.0
34 43 37 0.0 0.0 0.0 0.0 1.0 0.0 0.0
34 43 38 0.0 0.0 0.0 0.0 10.0 1.0 0.0
34 43 39 0.0 0.0 0.0 0.0 11.0 1.0 0.0
34 43 40 0.0 0.0 0.0 0.0 16.0 0.0 0.0
34 43 41 0.0 0.0 0.0 0.0 32.0 1.0 0.0
34 43 42 0.0 0.0 0.0 0.0 6.0 1.0 0.0
34 44 38 0.0 0.0 0.0 0.0 2.0 0.0 0.0
34 44 39 0.0 0.0 0.0 0.0 1.0 0.0 0.0
34 44 40 0.0 0.0 0.0 0.0 6.0 0.0 0.0
34 44 42 0.0 0.0 0.0 0.0 1.0 0.0 0.0
35 35 37 0.0 0.0 0.0 0.0 1.0 0.0 0.0
35 35 38 0.0 0.0 0.0 0.0 7.0 0.0 0.0
35 35 39 0.0 0.0 0.0 0.0 27.0 0.0 0.0
35 35 40 0.0 0.0 0.0 0.0 43.0 3.0 0.0
35 35 41 0.0 0.0 0.0 0.0 15.0 0.0 0.0
35 35 42 0.0 0.0 0.0 0.0 14.0 1.0 0.0
35 35 44 0.0 0.0 0.0 0.0 1.0 0.0 0.0
35 36 36 0.0 0.0 0.0 0.0 6.0 0.0 0.0
35 36 37 0.0 0.0 0.0 0.0 98.0 3.0 0.0
35 36 38 0.0 0.0 0.0 0.0 317.0 10.0 0.0
35 36 39 0.0 0.0 0.0 0.0 741.0 17.0 0.0
35 36 40 0.0 0.0 0.0 0.0 826.0 29.0 0.0
35 36 41 0.0 0.0 0.0 0.0 673.0 18.0 1.0
35 36 42 0.0 0.0 0.0 0.0 356.0 11.0 0.0
35 36 43 0.0 0.0 0.0 0.0 89.0 4.0 0.0
35 36 44 0.0 0.0 0.0 0.0 2.0 0.0 0.0
35 36 45 0.0 0.0 0.0 0.0 2.0 0.0 0.0
35 37 35 0.0 0.0 0.0 0.0 5.0 0.0 0.0
35 37 36 0.0 0.0 0.0 0.0 80.0 1.0 0.0
35 37 37 0.0 0.0 0.0 0.0 711.0 18.0 0.0
35 37 38 0.0 0.0 0.0 0.0 2042.0 67.0 3.0
35 37 39 0.0 0.0 0.0 0.0 3829.0 137.0 8.0
35 37 40 0.0 0.0 0.0 0.0 4451.0 160.0 16.0
35 37 41 0.0 0.0 0.0 0.0 3677.0 110.0 9.0
35 37 42 0.0 0.0 0.0 0.0 2045.0 62.0 2.0
35 37 43 0.0 0.0 0.0 0.0 759.0 31.0 1.0
35 37 44 0.0 0.0 0.0 0.0 116.0 6.0 0.0
35 37 45 0.0 0.0 0.0 0.0 4.0 0.0 0.0
35 38 35 0.0 0.0 0.0 0.0 12.0 0.0 0.0
35 38 36 0.0 0.0 0.0 0.0 400.0 13.0 0.0
35 38 37 0.0 0.0 0.0 0.0 2203.0 80.0 1.0
35 38 38 0.0 0.0 0.0 0.0 5757.0 173.0 24.0
35 38 39 0.0 0.0 0.0 0.0 10269.0 331.0 73.0
35 38 40 0.0 0.0 0.0 0.0 12053.0 413.0 122.0
35 38 41 0.0 0.0 0.0 0.0 10358.0 370.0 103.0
35 38 42 0.0 0.0 0.0 0.0 5584.0 218.0 16.0
35 38 43 0.0 0.0 0.0 0.0 2256.0 85.0 0.0
35 38 44 0.0 0.0 0.0 0.0 369.0 8.0 0.0
35 38 45 0.0 0.0 0.0 0.0 9.0 0.0 0.0
35 39 35 0.0 0.0 0.0 0.0 34.0 1.0 0.0
35 39 36 0.0 0.0 0.0 0.0 758.0 16.0 0.0
35 39 37 0.0 0.0 0.0 0.0 3717.0 136.0 6.0
35 39 38 0.0 0.0 0.0 0.0 9917.0 347.0 59.0
35 39 39 0.0 0.0 0.0 0.0 16725.0 551.0 259.0
35 39 40 0.0 0.0 0.0 1.0 20203.0 633.0 398.0
35 39 41 0.0 0.0 0.0 0.0 16902.0 559.0 252.0
35 39 42 0.0 0.0 0.0 0.0 10248.0 350.0 71.0
35 39 43 0.0 0.0 0.0 0.0 3854.0 141.0 10.0
35 39 44 0.0 0.0 0.0 0.0 727.0 20.0 0.0
35 39 45 0.0 0.0 0.0 0.0 55.0 1.0 0.0
35 40 35 0.0 0.0 0.0 0.0 40.0 2.0 0.0
35 40 36 0.0 0.0 0.0 0.0 810.0 28.0 1.0
35 40 37 0.0 0.0 0.0 0.0 4532.0 151.0 8.0
35 40 38 0.0 0.0 0.0 0.0 12131.0 387.0 127.0
35 40 39 0.0 0.0 0.0 0.0 19577.0 616.0 346.0
35 40 40 0.0 0.0 0.0 1.0 22695.0 727.0 451.0
35 40 41 0.0 0.0 0.0 1.0 19387.0 596.0 342.0
35 40 42 0.0 0.0 0.0 0.0 12633.0 399.0 140.0
35 40 43 0.0 0.0 0.0 0.0 4406.0 141.0 12.0
35 40 44 0.0 0.0 0.0 0.0 768.0 15.0 0.0
35 40 45 0.0 0.0 0.0 0.0 63.0 3.0 0.0
35 41 35 0.0 0.0 0.0 0.0 46.0 0.0 0.0
35 41 36 0.0 0.0 0.0 0.0 770.0 22.0 0.0
35 41 37 0.0 0.0 0.0 0.0 3961.0 136.0 12.0
35 41 38 0.0 0.0 0.0 0.0 9761.0 294.0 78.0
35 41 39 0.0 0.0 0.0 0.0 16743.0 538.0 232.0
35 41 40 0.0 0.0 0.0 0.0 19921.0 640.0 361.0
35 41 41 0.0 0.0 0.0 0.0 17587.0 571.0 270.0
35 41 42 0.0 0.0 0.0 0.0 9868.0 346.0 73.0
35 41 43 0.0 0.0 0.0 0.0 3673.0 125.0 11.0
35 41 44 0.0 0.0 0.0 0.0 692.0 27.0 0.0
35 41 45 0.0 0.0 0.0 0.0 22.0 0.0 0.0
35 42 35 0.0 0.0 0.0 0.0 21.0 2.0 0.0
35 42 36 0.0 0.0 0.0 0.0 392.0 18.0 0.0
35 42 37 0.0 0.0 0.0 0.0 1971.0 67.0 4.0
35 42 38 0.0 0.0 0.0 0.0 5822.0 224.0 25.0
35 42 39 0.0 0.0 0.0 0.0 10473.0 390.0 77.0
35 42 40 0.0 0.0 0.0 0.0 12428.0 406.0 125.0
35 42 41 0.0 0.0 0.0 0.0 10183.0 360.0 80.0
35 42 42 0.0 0.0 0.0 0.0 5834.0 195.0 33.0
35 42 43 0.0 0.0 0.0 0.0 2090.0 71.0 2.0
35 42 44 0.0 0.0 0.0 0.0 329.0 13.0 1.0
35 42 45 0.0 0.0 0.0 0.0 16.0 0.0 0.0
35 43 35 0.0 0.0 0.0 0.0 3.0 0.0 0.0
35 43 36 0.0 0.0 0.0 0.0 105.0 4.0 0.0
35 43 37 0.0 0.0 0.0 0.0 603.0 28.0 0.0
35 43 38 0.0 0.0 0.0 0.0 2267.0 79.0 4.0
35 43 39 0.0 0.0 0.0 0.0 4150.0 135.0 7.0
35 43 40 0.0 0.0 0.0 0.0 4863.0 154.0 19.0
35 43 41 0.0 0.0 0.0 0.0 3920.0 139.0 9.0
35 43 42 0.0 0.0 0.0 0.0 1960.0 69.0 1.0
35 43 43 0.0 0.0 0.0 0.0 626.0 17.0 0.0
35 43 44 0.0 0.0 0.0 0.0 79.0 3.0 0.0
35 43 45 0.0 0.0 0.0 0.0 2.0 0.0 0.0
35 44 36 0.0 0.0 0.0 0.0 26.0 1.0 0.0
35 44 37 0.0 0.0 0.0 0.0 98.0 3.0 0.0
35 44 38 0.0 0.0 0.0 0.0 376.0 12.0 0.0
35 44 39 0.0 0.0 0.0 0.0 703.0 27.0 1.0
35 44 40 0.0 0.0 0.0 0.0 979.0 38.0 0.0
35 44 41 0.0 0.0 0.0 0.0 740.0 19.0 1.0
35 44 42 0.0 0.0 0.0 0.0 414.0 20.0 0.0
35 44 43 0.0 0.0 0.0 0.0 107.0 5.0 0.0
35 44 44 0.0 0.0 0.0 0.0 23.0 1.0 0.0
35 44 45 0.0 0.0 0.0 0.0 1.0 0.0 0.0
35 45 37 0.0 0.0 0.0 0.0 8.0 0.0 0.0
35 45 38 0.0 0.0 0.0 0.0 20.0 3.0 0.0
35 45 39 0.0 0.0 0.0 0.0 25.0 0.0 0.0
35 45 40 0.0 0.0 0.0 0.0 48.0 3.0 0.0
35 45 41 0.0 0.0 0.0 0.0 53.0 1.0 0.0
35 45 42 0.0 0.0 0.0 0.0 22.0 1.0 0.0
35 45 43 0.0 0.0 0.0 0.0 2.0 0.0 0.0
36 34 39 0.0 0.0 0.0 0.0 1.0 0.0 0.0
36 34 40 0.0 0.0 0.0 0.0 2.0 1.0 0.0
36 34 41 0.0 0.0 0.0 0.0 1.0 0.0 0.0
36 35 35 0.0 0.0 0.0 0.0 1.0 0.0 0.0
36 35 36 0.0 0.0 0.0 0.0 3.0 0.0 0.0
36 35 37 0.0 0.0 0.0 0.0 113.0 3.0 0.0
36 35 38 0.0 0.0 0.0 0.0 355.0 14.0 0.0
36 35 39 0.0 0.0 0.0 0.0 640.0 31.0 0.0
36 35 40 0.0 0.0 0.0 0.0 797.0 26.0 1.0
36 35 41 0.0 0.0 0.0 0.0 590.0 24.0 0.0
36 35 42 0.0 0.0 0.0 0.0 326.0 10.0 0.0
36 35 43 0.0 0.0 0.0 0.0 100.0 5.0 0.0
36 35 44 0.0 0.0 0.0 0.0 30.0 1.0 0.0
36 36 35 0.0 0.0 0.0 0.0 8.0 0.0 0.0
36 36 36 0.0 0.0 0.0 0.0 471.0 15.0 0.0
36 36 37 0.0 0.0 0.0 0.0 2953.0 110.0 8.0
36 36 38 0.0 0.0 0.0 0.0 8319.0 305.0 59.0
36 36 39 0.0 0.0 0.0 0.0 14770.0 472.0 219.0
36 36 40 0.0 0.0 0.0 0.0 16814.0 586.0 317.0
36 36 41 0.0 0.0 0.0 0.0 14445.0 484.0 238.0
36 36 42 0.0 0.0 0.0 0.0 9043.0 309.0 78.0
36 36 43 0.0 0.0 0.0 0.0 3118.0 106.0 8.0
36 36 44 0.0 0.0 0.0 0.0 424.0 13.0 1.0
36 36 45 0.0 0.0 0.0 0.0 12.0 0.0 0.0
36 37 34 0.0 0.0 0.0 0.0 1.0 0.0 0.0
36 37 35 0.0 0.0 0.0 0.0 98.0 3.0 0.0
36 37 36 0.0 0.0 0.0 0.0 2952.0 90.0 6.0
36 37 37 0.0 0.0 0.0 0.0 14395.0 447.0 214.0
36 37 38 0.0 0.0 0.0 0.0 33933.0 1000.0 1533.0
36 37 39 0.0 0.0 0.0 3.0 47619.0 1239.0 3461.0
36 37 40 0.0 0.0 0.0 2.0 53049.0 1409.0 4661.0
36 37 41 0.0 0.0 0.0 0.0 48393.0 1329.0 3483.0
36 37 42 0.0 0.0 0.0 0.0 33156.0 970.0 1378.0
36 37 43 0.0 0.0 0.0 0.0 13932.0 442.0 184.0
36 37 44 0.0 0.0 0.0 0.0 3311.0 118.0 10.0
36 37 45 0.0 0.0 0.0 0.0 114.0 5.0 0.0
36 38 35 0.0 0.0 0.0 0.0 295.0 9.0 0.0
36 38 36 0.0 0.0 0.0 0.0 8594.0 287.0 67.0
36 38 37 0.0 0.0 0.0 4.0 32936.0 1026.0 1373.0
36 38 38 0.0 0.0 0.0 2.0 60772.0 1474.0 6847.0
36 38 39 0.0 0.0 0.0 4.0 72419.0 1518.0 13034.0
36 38 40 0.0 0.0 0.0 6.0 76554.0 1464.0 16554.0
36 38 41 0.0 0.0 0.0 3.0 72341.0 1557.0 13289.0
36 38 42 0.0 0.0 0.0 2.0 60175.0 1528.0 6597.0
36 38 43 0.0 0.0 0.0 0.0 33400.0 985.0 1446.0
36 38 44 0.0 0.0 0.0 0.0 8341.0 280.0 74.0
36 38 45 0.0 0.0 0.0 0.0 360.0 14.0 0.0
36 39 35 0.0 0.0 0.0 0.0 647.0 18.0 0.0
36 39 36 0.0 0.0 0.0 0.0 13847.0 471.0 202.0
36 39 37 0.0 0.0 0.0 3.0 49371.0 1280.0 3881.0
36 39 38 0.0 0.0 0.0 0.0 72864.0 1515.0 13231.0
36 39 39 0.0 0.0 0.0 0.0 80648.0 1467.0 22791.0
36 39 40 0.0 0.0 0.0 3.0 81636.0 1342.0 26263.0
36 39 41 0.0 0.0 0.0 3.0 80532.0 1494.0 22678.0
36 39 42 0.0 0.0 0.0 0.0 73352.0 1503.0 13570.0
36 39 43 0.0 0.0 0.0 1.0 48407.0 1306.0 3729.0
36 39 44 0.0 0.0 0.0 0.0 14382.0 495.0 200.0
36 39 45 0.0 0.0 0.0 0.0 766.0 20.0 1.0
36 40 35 0.0 0.0 0.0 0.0 843.0 23.0 0.0
36 40 36 0.0 0.0 0.0 0.0 16633.0 565.0 262.0
36 40 37 0.0 0.0 0.0 0.0 53315.0 1312.0 4851.0
36 40 38 0.0 0.0 0.0 6.0 75942.0 1493.0 15816.0
36 40 39 0.0 0.0 0.0 7.0 81703.0 1360.0 26661.0
36 40 40 0.0 0.0 0.0 1.0 82725.0 1361.0 30831.0
36 40 41 0.0 0.0 0.0 1.0 81397.0 1356.0 27380.0
36 40 42 0.0 0.0 0.0 0.0 76825.0 1541.0 16658.0
36 40 43 0.0 0.0 0.0 1.0 52284.0 1343.0 4355.0
36 40 44 0.0 0.0 0.0 0.0 17072.0 577.0 308.0
36 40 45 0.0 0.0 0.0 0.0 831.0 25.0 1.0
36 41 34 0.0 0.0 0.0 0.0 2.0 0.0 0.0
36 41 35 0.0 0.0 0.0 0.0 674.0 21.0 1.0
36 41 36 0.0 0.0 0.0 0.0 14168.0 466.0 224.0
36 41 37 0.0 0.0 0.0 0.0 47500.0 1323.0 3493.0
36 41 38 0.0 0.0 0.0 0.0 73229.0 1535.0 13296.0
36 41 39 0.0 0.0 0.0 1.0 80697.0 1470.0 23284.0
36 41 40 0.0 0.0 0.0 1.0 81855.0 1294.0 27066.0
36 41 41 0.0 0.0 0.0 3.0 80724.0 1422.0 23029.0
36 41 42 0.0 0.0 0.0 2.0 72710.0 1491.0 12820.0
36 41 43 0.0 0.0 0.0 4.0 47136.0 1318.0 3319.0
36 41 44 0.0 0.0 0.0 0.0 13885.0 442.0 186.0
36 41 45 0.0 0.0 0.0 0.0 654.0 17.0 0.0
36 41 46 0.0 0.0 0.0 0.0 1.0 0.0 0.0
36 42 35 0.0 0.0 0.0 0.0 341.0 11.0 0.0
36 42 36 0.0 0.0 0.0 0.0 8809.0 313.0 74.0
36 42 37 0.0 0.0 0.0 0.0 33811.0 1034.0 1497.0
36 42 38 0.0 0.0 0.0 3.0 60771.0 1527.0 6918.0
36 42 39 0.0 0.0 0.0 3.0 74178.0 1514.0 14096.0
36 42 40 0.0 0.0 0.0 0.0 76726.0 1579.0 16772.0
36 42 41 0.0 0.0 0.0 12.0 73610.0 1539.0 13417.0
36 42 42 0.0 0.0 0.0 8.0 60280.0 1499.0 6629.0
36 42 43 0.0 0.0 0.0 5.0 32429.0 1015.0 1276.0
36 42 44 0.0 0.0 0.0 0.0 8747.0 321.0 65.0
36 42 45 0.0 0.0 0.0 0.0 335.0 8.0 0.0
36 43 35 0.0 0.0 0.0 0.0 121.0 3.0 0.0
36 43 36 0.0 0.0 0.0 0.0 3014.0 109.0 8.0
36 43 37 0.0 0.0 0.0 0.0 15694.0 525.0 257.0
36 43 38 0.0 0.0 0.0 1.0 33901.0 992.0 1553.0
36 43 39 0.0 0.0 0.0 4.0 49253.0 1320.0 3842.0
36 43 40 0.0 0.0 0.0 0.0 55111.0 1355.0 5231.0
36 43 41 0.0 0.0 0.0 1.0 49585.0 1274.0 3745.0
36 43 42 0.0 0.0 0.0 0.0 33849.0 992.0 1505.0
36 43 43 0.0 0.0 0.0 1.0 14581.0 499.0 218.0
36 43 44 0.0 0.0 0.0 0.0 3272.0 104.0 9.0
36 43 45 0.0 0.0 0.0 0.0 68.0 2.0 0.0
36 44 35 0.0 0.0 0.0 0.0 13.0 0.0 0.0
36 44 36 0.0 0.0 0.0 0.0 625.0 28.0 0.0
36 44 37 0.0 0.0 0.0 0.0 3181.0 117.0 15.0
36 44 38 0.0 0.0 0.0 0.0 9008.0 277.0 52.0
36 44 39 0.0 0.0 0.0 0.0 14810.0 495.0 199.0
36 44 40 0.0 0.0 0.0 6.0 17885.0 572.0 330.0
36 44 41 0.0 0.0 0.0 0.0 15490.0 523.0 225.0
36 44 42 0.0 0.0 0.0 5.0 8210.0 274.0 62.0
36 44 43 0.0 0.0 0.0 0.0 2699.0 97.0 2.0
36 44 44 0.0 0.0 0.0 0.0 498.0 15.0 0.0
36 44 45 0.0 0.0 0.0 0.0 7.0 0.0 0.0
36 45 36 0.0 0.0 0.0 0.0 5.0 0.0 0.0
36 45 37 0.0 0.0 0.0 0.0 98.0 3.0 0.0
36 45 38 0.0 0.0 0.0 0.0 321.0 10.0 1.0
36 45 39 0.0 0.0 0.0 0.0 712.0 33.0 0.0
36 45 40 0.0 0.0 0.0 0.0 1027.0 34.0 1.0
36 45 41 0.0 0.0 0.0 0.0 813.0 26.0 0.0
36 45 42 0.0 0.0 0.0 0.0 354.0 11.0 0.0
36 45 43 0.0 0.0 0.0 0.0 100.0 9.0 0.0
36 45 44 0.0 0.0 0.0 0.0 24.0 1.0 0.0
36 46 39 0.0 0.0 0.0 0.0 1.0 0.0 0.0
36 46 40 0.0 0.0 0.0 0.0 1.0 0.0 0.0
36 46 41 0.0 0.0 0.0 0.0 4.0 0.0 0.0
36 46 42 0.0 0.0 0.0 0.0 1.0 0.0 0.0
37 34 37 0.0 0.0 0.0 0.0 1.0 0.0 0.0
37 34 38 0.0 0.0 0.0 0.0 2.0 0.0 0.0
37 34 39 0.0 0.0 0.0 0.0 13.0 0.0 0.0
37 34 40 0.0 0.0 0.0 0.0 17.0 1.0 0.0
37 34 41 0.0 0.0 0.0 0.0 10.0 0.0 0.0
37 34 42 0.0 0.0 0.0 0.0 2.0 0.0 0.0
37 35 35 0.0 0.0 0.0 0.0 2.0 1.0 0.0
37 35 36 0.0 0.0 0.0 0.0 71.0 1.0 0.0
37 35 37 0.0 0.0 0.0 0.0 573.0 18.0 0.0
37 35 38 0.0 0.0 0.0 0.0 1958.0 66.0 1.0
37 35 39 0.0 0.0 0.0 0.0 3601.0 133.0 21.0
37 35 40 0.0 0.0 0.0 0.0 4458.0 183.0 11.0
37 35 41 0.0 0.0 0.0 0.0 3827.0 133.0 16.0
37 35 42 0.0 0.0 0.0 0.0 2017.0 70.0 2.0
37 35 43 0.0 0.0 0.0 0.0 728.0 22.0 1.0
37 35 44 0.0 0.0 0.0 0.0 109.0 4.0 0.0
37 36 35 0.0 0.0 0.0 0.0 100.0 1.0 0.0
37 36 36 0.0 0.0 0.0 0.0 2721.0 92.0 7.0
37 36 37 0.0 0.0 0.0 0.0 13302.0 438.0 203.0
37 36 38 0.0 0.0 0.0 0.0 32396.0 989.0 1364.0
37 36 39 0.0 0.0 0.0 10.0 47210.0 1353.0 3296.0
37 36 40 0.0 0.0 0.0 2.0 52230.0 1388.0 4590.0
37 36 41 0.0 0.0 0.0 2.0 47648.0 1283.0 3519.0
37 36 42 0.0 0.0 0.0 0.0 33195.0 1035.0 1524.0
37 36 43 0.0 0.0 0.0 0.0 14825.0 506.0 228.0
37 36 44 0.0 0.0 0.0 0.0 3220.0 108.0 11.0
37 36 45 0.0 0.0 0.0 0.0 99.0 1.0 0.0
37 37 34 0.0 0.0 0.0 0.0 2.0 0.0 0.0
37 37 35 0.0 0.0 0.0 0.0 573.0 16.0 0.0
37 37 36 0.0 0.0 0.0 2.0 13654.0 451.0 195.0
37 37 37 0.0 0.0 0.0 0.0 58032.0 1436.0 6393.0
37 37 38 0.0 0.0 0.0 1.0 78376.0 1455.0 22874.0
37 37 39 0.0 0.0 0.0 9.0 79741.0 1283.0 37385.0
37 37 40 0.0 0.0 0.0 8.0 79216.0 1190.0 42185.0
37 37 41 0.0 0.0 0.0 0.0 79809.0 1259.0 37393.0
37 37 42 0.0 0.0 0.0 0.0 78576.0 1426.0 23925.0
37 37 43 0.0 0.0 0.0 6.0 58324.0 1416.0 6725.0
37 37 44 0.0 0.0 0.0 0.0 14994.0 496.0 251.0
37 37 45 0.0 0.0 0.0 0.0 641.0 29.0 1.0
37 37 46 0.0 0.0 0.0 0.0 1.0 0.0 0.0
37 38 34 0.0 0.0 0.0 0.0 2.0 0.0 0.0
37 38 35 0.0 0.0 0.0 0.0 1950.0 70.0 2.0
37 38 36 0.0 0.0 0.0 1.0 33335.0 981.0 1430.0
37 38 37 0.0 0.0 0.0 3.0 78686.0 1492.0 22003.0
37 38 38 0.0 0.0 0.0 4.0 78235.0 1022.0 50163.0
37 38 39 0.0 0.0 0.0 14.0 70649.0 769.0 68930.0
37 38 40 0.0 0.0 0.0 32.0 67871.0 754.0 74299.0
37 38 41 0.0 0.0 0.0 8.0 70698.0 770.0 69164.0
37 38 42 0.0 0.0 0.0 4.0 77838.0 1039.0 50714.0
37 38 43 0.0 0.0 0.0 3.0 78671.0 1385.0 23200.0
37 38 44 0.0 0.0 0.0 0.0 34029.0 987.0 1548.0
37 38 45 0.0 0.0 0.0 0.0 2008.0 90.0 2.0
37 38 46 0.0 0.0 0.0 0.0 21.0 2.0 0.0
37 39 34 0.0 0.0 0.0 0.0 14.0 0.0 0.0
37 39 35 0.0 0.0 0.0 0.0 3739.0 132.0 13.0
37 39 36 0.0 0.0 0.0 0.0 46987.0 1289.0 3397.0
37 39 37 0.0 0.0 0.0 2.0 79814.0 1199.0 36964.0
37 39 38 0.0 0.0 0.0 4.0 70257.0 791.0 69477.0
37 39 39 0.0 0.0 0.0 8.0 62153.0 622.0 85835.0
37 39 40 0.0 0.0 0.0 15.0 59875.0 576.0 91031.0
37 39 41 0.0 0.0 0.0 15.0 62140.0 589.0 86196.0
37 39 42 0.0 0.0 0.0 2.0 70670.0 778.0 68765.0
37 39 43 0.0 0.0 0.0 9.0 79760.0 1287.0 38296.0
37 39 44 0.0 0.0 0.0 5.0 47396.0 1295.0 3372.0
37 39 45 0.0 0.0 0.0 0.0 3516.0 128.0 10.0
37 39 46 0.0 0.0 0.0 0.0 12.0 0.0 0.0
37 40 34 0.0 0.0 0.0 0.0 12.0 1.0 0.0
37 40 35 0.0 0.0 0.0 0.0 4561.0 184.0 14.0
37 40 36 0.0 0.0 0.0 0.0 52259.0 1330.0 4520.0
37 40 37 0.0 0.0 0.0 4.0 80127.0 1247.0 40512.0
37 40 38 0.0 0.0 0.0 8.0 68635.0 768.0 74084.0
37 40 39 0.0 0.0 0.0 12.0 59247.0 582.0 91194.0
37 40 40 0.0 0.0 0.0 9.0 56774.0 503.0 95724.0
37 40 41 0.0 0.0 0.0 7.0 59461.0 529.0 91293.0
37 40 42 0.0 0.0 0.0 6.0 68747.0 800.0 73647.0
37 40 43 0.0 0.0 0.0 0.0 79526.0 1186.0 41542.0
37 40 44 0.0 0.0 0.0 2.0 52555.0 1344.0 4604.0
37 40 45 0.0 0.0 0.0 0.0 4671.0 141.0 12.0
37 40 46 0.0 0.0 0.0 0.0 12.0 0.0 0.0
37 41 34 0.0 0.0 0.0 0.0 10.0 0.0 0.0
37 41 35 0.0 0.0 0.0 0.0 3806.0 118.0 14.0
37 41 36 0.0 0.0 0.0 1.0 46660.0 1265.0 3363.0
37 41 37 0.0 0.0 0.0 6.0 79323.0 1199.0 37787.0
37 41 38 0.0 0.0 0.0 3.0 71219.0 796.0 68980.0
37 41 39 0.0 0.0 0.0 7.0 62085.0 570.0 85714.0
37 41 40 0.0 0.0 0.0 11.0 59263.0 535.0 91653.0
37 41 41 0.0 0.0 0.0 7.0 62404.0 597.0 86410.0
37 41 42 0.0 0.0 0.0 0.0 70825.0 801.0 68589.0
37 41 43 0.0 0.0 0.0 0.0 80398.0 1229.0 36705.0
37 41 44 0.0 0.0 0.0 3.0 46231.0 1271.0 3305.0
37 41 45 0.0 0.0 0.0 0.0 3495.0 131.0 8.0
37 41 46 0.0 0.0 0.0 0.0 9.0 0.0 0.0
37 42 34 0.0 0.0 0.0 0.0 9.0 0.0 0.0
37 42 35 0.0 0.0 0.0 0.0 2107.0 78.0 4.0
37 42 36 0.0 0.0 0.0 0.0 33107.0 988.0 1378.0
37 42 37 0.0 0.0 0.0 0.0 78560.0 1428.0 23702.0
37 42 38 0.0 0.0 0.0 2.0 77891.0 1058.0 50917.0
37 42 39 0.0 0.0 0.0 10.0 70082.0 792.0 70059.0
37 42 40 0.0 0.0 0.0 6.0 67829.0 714.0 75247.0
37 42 41 0.0 0.0 0.0 2.0 70620.0 797.0 69792.0
37 42 42 0.0 0.0 0.0 7.0 77314.0 1037.0 51699.0
37 42 43 0.0 0.0 0.0 0.0 78496.0 1426.0 23611.0
37 42 44 0.0 0.0 0.0 0.0 32129.0 942.0 1349.0
37 42 45 0.0 0.0 0.0 0.0 1928.0 67.0 2.0
37 42 46 0.0 0.0 0.0 0.0 2.0 0.0 0.0
37 43 34 0.0 0.0 0.0 0.0 9.0 0.0 0.0
37 43 35 0.0 0.0 0.0 0.0 630.0 21.0 0.0
37 43 36 0.0 0.0 0.0 0.0 14514.0 491.0 206.0
37 43 37 0.0 0.0 0.0 3.0 59923.0 1426.0 7376.0
37 43 38 0.0 0.0 0.0 4.0 79130.0 1519.0 24060.0
37 43 39 0.0 0.0 0.0 0.0 80606.0 1203.0 37723.0
37 43 40 0.0 0.0 0.0 4.0 79039.0 1143.0 42624.0
37 43 41 0.0 0.0 0.0 12.0 80086.0 1231.0 37292.0
37 43 42 0.0 0.0 0.0 7.0 78486.0 1441.0 23081.0
37 43 43 0.0 0.0 0.0 0.0 57421.0 1362.0 6313.0
37 43 44 0.0 0.0 0.0 0.0 14237.0 445.0 215.0
37 43 45 0.0 0.0 0.0 0.0 693.0 25.0 0.0
37 43 46 0.0 0.0 0.0 0.0 1.0 0.0 0.0
37 44 35 0.0 0.0 0.0 0.0 132.0 8.0 0.0
37 44 36 0.0 0.0 0.0 0.0 3386.0 125.0 9.0
37 44 37 0.0 0.0 0.0 0.0 14622.0 497.0 213.0
37 44 38 0.0 0.0 0.0 0.0 34527.0 1033.0 1520.0
37 44 39 0.0 0.0 0.0 0.0 48054.0 1271.0 3531.0
37 44 40 0.0 0.0 0.0 1.0 55659.0 1425.0 5416.0
37 44 41 0.0 0.0 0.0 4.0 48905.0 1323.0 3731.0
37 44 42 0.0 0.0 0.0 0.0 32824.0 1022.0 1279.0
37 44 43 0.0 0.0 0.0 0.0 14333.0 485.0 206.0
37 44 44 0.0 0.0 0.0 0.0 2817.0 112.0 5.0
37 44 45 0.0 0.0 0.0 0.0 82.0 3.0 0.0
37 44 46 0.0 0.0 0.0 0.0 1.0 0.0 0.0
37 45 35 0.0 0.0 0.0 0.0 2.0 0.0 0.0
37 45 36 0.0 0.0 0.0 0.0 110.0 4.0 0.0
37 45 37 0.0 0.0 0.0 0.0 684.0 30.0 1.0
37 45 38 0.0 0.0 0.0 0.0 2160.0 58.0 1.0
37 45 39 0.0 0.0 0.0 1.0 4022.0 132.0 10.0
37 45 40 0.0 0.0 0.0 0.0 4924.0 160.0 17.0
37 45 41 0.0 0.0 0.0 0.0 4107.0 131.0 15.0
37 45 42 0.0 0.0 0.0 0.0 2308.0 97.0 4.0
37 45 43 0.0 0.0 0.0 0.0 727.0 33.0 1.0
37 45 44 0.0 0.0 0.0 0.0 117.0 4.0 0.0
37 45 45 0.0 0.0 0.0 0.0 6.0 0.0 0.0
37 46 37 0.0 0.0 0.0 0.0 3.0 0.0 0.0
37 46 38 0.0 0.0 0.0 0.0 5.0 0.0 0.0
37 46 39 0.0 0.0 0.0 0.0 8.0 2.0 0.0
37 46 40 0.0 0.0 0.0 0.0 19.0 1.0 0.0
37 46 41 0.0 0.0 0.0 0.0 14.0 1.0 0.0
37 46 42 0.0 0.0 0.0 0.0 4.0 0.0 0.0
37 46 43 0.0 0.0 0.0 0.0 1.0 0.0 0.0
38 34 37 0.0 0.0 0.0 0.0 12.0 0.0 0.0
38 34 38 0.0 0.0 0.0 0.0 24.0 0.0 0.0
38 34 39 0.0 0.0 0.0 0.0 41.0 1.0 0.0
38 34 40 0.0 0.0 0.0 0.0 74.0 1.0 0.0
38 34 41 0.0 0.0 0.0 0.0 54.0 3.0 0.0
38 34 42 0.0 0.0 0.0 0.0 25.0 1.0 0.0
38 34 43 0.0 0.0 0.0 0.0 4.0 0.0 0.0
38 34 44 0.0 0.0 0.0 0.0 2.0 0.0 0.0
38 35 35 0.0 0.0 0.0 0.0 14.0 0.0 0.0
38 35 36 0.0 0.0 0.0 0.0 299.0 9.0 0.0
38 35 37 0.0 0.0 0.0 0.0 1936.0 65.0 5.0
38 35 38 0.0 0.0 0.0 0.0 5934.0 219.0 27.0
38 35 39 0.0 0.0 0.0 0.0 9722.0 350.0 78.0
38 35 40 0.0 0.0 0.0 6.0 11616.0 380.0 129.0
38 35 41 0.0 0.0 0.0 0.0 10112.0 347.0 84.0
38 35 42 0.0 0.0 0.0 0.0 5835.0 187.0 23.0
38 35 43 0.0 0.0 0.0 0.0 2023.0 69.0 5.0
38 35 44 0.0 0.0 0.0 0.0 380.0 12.0 0.0
38 35 45 0.0 0.0 0.0 0.0 22.0 1.0 0.0
38 36 35 0.0 0.0 0.0 0.0 314.0 13.0 1.0
38 36 36 0.0 0.0 0.0 0.0 8177.0 274.0 66.0
38 36 37 0.0 0.0 0.0 0.0 32809.0 979.0 1409.0
38 36 38 0.0 0.0 0.0 0.0 59474.0 1465.0 6511.0
38 36 39 0.0 0.0 0.0 2.0 72730.0 1573.0 12807.0
38 36 40 0.0 0.0 0.0 1.0 75919.0 1541.0 15821.0
38 36 41 0.0 0.0 0.0 10.0 72671.0 1479.0 13320.0
38 36 42 0.0 0.0 0.0 4.0 60592.0 1489.0 6785.0
38 36 43 0.0 0.0 0.0 0.0 34292.0 1009.0 1586.0
38 36 44 0.0 0.0 0.0 1.0 9496.0 306.0 70.0
38 36 45 0.0 0.0 0.0 0.0 287.0 13.0 0.0
38 37 34 0.0 0.0 0.0 0.0 8.0 0.0 0.0
38 37 35 0.0 0.0 0.0 0.0 1878.0 67.0 1.0
38 37 36 0.0 0.0 0.0 0.0 32401.0 970.0 1292.0
38 37 37 0.0 0.0 0.0 5.0 78438.0 1469.0 22384.0
38 37 38 0.0 0.0 0.0 1.0 77948.0 1048.0 51109.0
38 37 39 0.0 0.0 0.0 4.0 71097.0 816.0 67877.0
38 37 40 0.0 0.0 0.0 32.0 68413.0 731.0 73375.0
38 37 41 0.0 0.0 0.0 21.0 70824.0 827.0 69363.0
38 37 42 0.0 0.0 0.0 4.0 77797.0 1014.0 50994.0
38 37 43 0.0 0.0 0.0 3.0 78449.0 1434.0 23596.0
38 37 44 0.0 0.0 0.0 1.0 34354.0 1077.0 1529.0
38 37 45 0.0 0.0 0.0 0.0 2333.0 75.0 3.0
38 37 46 0.0 0.0 0.0 0.0 6.0 0.0 0.0
38 38 34 0.0 0.0 0.0 0.0 27.0 1.0 0.0
38 38 35 0.0 0.0 0.0 0.0 5728.0 189.0 19.0
38 38 36 0.0 0.0 0.0 1.0 58829.0 1485.0 6137.0
38 38 37 0.0 0.0 0.0 15.0 78337.0 993.0 49856.0
38 38 38 0.0 0.0 0.0 6.0 56603.0 504.0 98016.0
38 38 39 0.0 0.0 0.0 12.0 46395.0 285.0 117731.0
38 38 40 0.0 0.0 0.0 5.0 43406.0 274.0 123527.0
38 38 41 0.0 0.0 0.0 6.0 46687.0 313.0 116974.0
38 38 42 0.0 0.0 0.0 1.0 55531.0 511.0 99980.0
38 38 43 0.0 0.0 0.0 12.0 77619.0 1051.0 51611.0
38 38 44 0.0 0.0 0.0 0.0 59232.0 1489.0 6563.0
38 38 45 0.0 0.0 0.0 0.0 5971.0 185.0 24.0
38 38 46 0.0 0.0 0.0 0.0 19.0 1.0 0.0
38 39 34 0.0 0.0 0.0 0.0 42.0 1.0 0.0
38 39 35 0.0 0.0 0.0 3.0 9874.0 315.0 78.0
38 39 36 0.0 0.0 0.0 10.0 73221.0 1624.0 13140.0
38 39 37 0.0 0.0 0.0 8.0 70707.0 852.0 68326.0
38 39 38 0.0 0.0 0.0 11.0 47090.0 339.0 116467.0
38 39 39 0.0 0.0 0.0 17.0 36984.0 175.0 135715.0
38 39 40 0.0 0.0 0.0 14.0 33763.0 149.0 140640.0
38 39 41 0.0 0.0 0.0 6.0 37000.0 203.0 135247.0
38 39 42 0.0 0.0 0.0 4.0 46389.0 333.0 117559.0
38 39 43 0.0 0.0 0.0 2.0 71543.0 787.0 68027.0
38 39 44 0.0 0.0 0.0 3.0 73392.0 1577.0 13391.0
38 39 45 0.0 0.0 0.0 0.0 10375.0 334.0 99.0
38 39 46 0.0 0.0 0.0 0.0 52.0 1.0 0.0
38 40 34 0.0 0.0 0.0 0.0 73.0 2.0 0.0
38 40 35 0.0 0.0 0.0 0.0 11986.0 409.0 110.0
38 40 36 0.0 0.0 0.0 3.0 75997.0 1568.0 15907.0
38 40 37 0.0 0.0 0.0 3.0 69296.0 751.0 73096.0
38 40 38 0.0 0.0 0.0 7.0 44381.0 297.0 122648.0
38 40 39 0.0 0.0 0.0 14.0 34036.0 123.0 140467.0
38 40 40 0.0 0.0 0.0 15.0 31007.0 133.0 145095.0
38 40 41 0.0 0.0 0.0 13.0 33665.0 168.0 140709.0
38 40 42 0.0 0.0 0.0 8.0 43514.0 282.0 122885.0
38 40 43 0.0 0.0 0.0 5.0 68937.0 759.0 72974.0
38 40 44 0.0 0.0 0.0 0.0 76362.0 1629.0 16254.0
38 40 45 0.0 0.0 0.0 1.0 11991.0 383.0 133.0
38 40 46 0.0 0.0 0.0 0.0 83.0 2.0 0.0
38 41 34 0.0 0.0 0.0 0.0 43.0 1.0 0.0
38 41 35 0.0 0.0 0.0 0.0 9756.0 306.0 72.0
38 41 36 0.0 0.0 0.0 0.0 72870.0 1473.0 13329.0
38 41 37 0.0 0.0 0.0 3.0 70577.0 822.0 69011.0
38 41 38 0.0 0.0 0.0 4.0 47384.0 299.0 116422.0
38 41 39 0.0 0.0 0.0 11.0 36639.0 185.0 135919.0
38 41 40 0.0 0.0 0.0 15.0 33425.0 156.0 141254.0
38 41 41 0.0 0.0 0.0 11.0 36577.0 195.0 136103.0
38 41 42 0.0 0.0 0.0 11.0 46709.0 327.0 117230.0
38 41 43 0.0 0.0 0.0 16.0 71212.0 799.0 67709.0
38 41 44 0.0 0.0 0.0 3.0 72175.0 1606.0 12252.0
38 41 45 0.0 0.0 0.0 0.0 9693.0 334.0 85.0
38 41 46 0.0 0.0 0.0 0.0 58.0 2.0 0.0
38 42 34 0.0 0.0 0.0 0.0 41.0 1.0 0.0
38 42 35 0.0 0.0 0.0 0.0 6284.0 168.0 23.0
38 42 36 0.0 0.0 0.0 1.0 59188.0 1456.0 6293.0
38 42 37 0.0 0.0 0.0 3.0 77644.0 1081.0 50969.0
38 42 38 0.0 0.0 0.0 12.0 56531.0 495.0 98336.0
38 42 39 0.0 0.0 0.0 5.0 46020.0 311.0 118177.0
38 42 40 0.0 0.0 0.0 13.0 43380.0 270.0 124571.0
38 42 41 0.0 0.0 0.0 7.0 46576.0 296.0 117390.0
38 42 42 0.0 0.0 0.0 3.0 56622.0 487.0 98318.0
38 42 43 0.0 0.0 0.0 0.0 78367.0 1071.0 49620.0
38 42 44 0.0 0.0 0.0 8.0 59290.0 1428.0 6451.0
38 42 45 0.0 0.0 0.0 0.0 5853.0 199.0 25.0
38 42 46 0.0 0.0 0.0 0.0 16.0 0.0 0.0
38 43 34 0.0 0.0 0.0 0.0 9.0 0.0 0.0
38 43 35 0.0 0.0 0.0 0.0 2065.0 79.0 0.0
38 43 36 0.0 0.0 0.0 0.0 32981.0 1005.0 1417.0
38 43 37 0.0 0.0 0.0 1.0 78978.0 1423.0 23399.0
38 43 38 0.0 0.0 0.0 7.0 77447.0 1036.0 51835.0
38 43 39 0.0 0.0 0.0 13.0 70208.0 797.0 69940.0
38 43 40 0.0 0.0 0.0 8.0 67983.0 738.0 75383.0
38 43 41 0.0 0.0 0.0 12.0 70242.0 777.0 69701.0
38 43 42 0.0 0.0 0.0 6.0 77278.0 1012.0 52201.0
38 43 43 0.0 0.0 0.0 4.0 78956.0 1471.0 22536.0
38 43 44 0.0 0.0 0.0 0.0 33283.0 1010.0 1480.0
38 43 45 0.0 0.0 0.0 0.0 2166.0 71.0 3.0
38 43 46 0.0 0.0 0.0 0.0 9.0 0.0 0.0
38 44 34 0.0 0.0 0.0 0.0 1.0 0.0 0.0
38 44 35 0.0 0.0 0.0 0.0 311.0 11.0 0.0
38 44 36 0.0 0.0 0.0 0.0 8425.0 295.0 69.0
38 44 37 0.0 0.0 0.0 2.0 33039.0 974.0 1329.0
38 44 38 0.0 0.0 0.0 3.0 60979.0 1508.0 6948.0
38 44 39 0.0 0.0 0.0 5.0 73808.0 1504.0 13754.0
38 44 40 0.0 0.0 0.0 1.0 76271.0 1511.0 16971.0
38 44 41 0.0 0.0 0.0 1.0 73373.0 1540.0 13667.0
38 44 42 0.0 0.0 0.0 1.0 60779.0 1449.0 7001.0
38 44 43 0.0 0.0 0.0 0.0 34099.0 1035.0 1521.0
38 44 44 0.0 0.0 0.0 0.0 8102.0 271.0 50.0
38 44 45 0.0 0.0 0.0 0.0 373.0 15.0 0.0
38 44 46 0.0 0.0 0.0 0.0 1.0 0.0 0.0
38 45 35 0.0 0.0 0.0 0.0 18.0 0.0 0.0
38 45 36 0.0 0.0 0.0 0.0 363.0 14.0 0.0
38 45 37 0.0 0.0 0.0 0.0 2076.0 62.0 4.0
38 45 38 0.0 0.0 0.0 0.0 6218.0 224.0 34.0
38 45 39 0.0 0.0 0.0 0.0 10716.0 368.0 92.0
38 45 40 0.0 0.0 0.0 1.0 12365.0 403.0 120.0
38 45 41 0.0 0.0 0.0 0.0 10660.0 349.0 86.0
38 45 42 0.0 0.0 0.0 0.0 6031.0 201.0 25.0
38 45 43 0.0 0.0 0.0 0.0 2092.0 77.0 3.0
38 45 44 0.0 0.0 0.0 0.0 367.0 12.0 1.0
38 45 45 0.0 0.0 0.0 0.0 22.0 1.0 0.0
38 46 37 0.0 0.0 0.0 0.0 14.0 1.0 0.0
38 46 38 0.0 0.0 0.0 0.0 17.0 0.0 0.0
38 46 39 0.0 0.0 0.0 0.0 52.0 1.0 0.0
38 46 40 0.0 0.0 0.0 0.0 73.0 3.0 0.0
38 46 41 0.0 0.0 0.0 0.0 64.0 1.0 0.0
38 46 42 0.0 0.0 0.0 0.0 32.0 2.0 0.0
38 46 43 0.0 0.0 0.0 0.0 12.0 0.0 0.0
38 46 44 0.0 0.0 0.0 0.0 1.0 0.0 0.0
39 34 36 0.0 0.0 0.0 0.0 1.0 0.0 0.0
39 34 37 0.0 0.0 0.0 0.0 18.0 1.0 0.0
39 34 38 0.0 0.0 0.0 0.0 48.0 4.0 0.0
39 34 39 0.0 0.0 0.0 0.0 149.0 6.0 0.0
39 34 40 0.0 0.0 0.0 0.0 183.0 7.0 0.0
39 34 41 0.0 0.0 0.0 0.0 115.0 6.0 0.0
39 34 42 0.0 0.0 0.0 0.0 66.0 2.0 0.0
39 34 43 0.0 0.0 0.0 0.0 5.0 0.0 0.0
39 35 35 0.0 0.0 0.0 0.0 37.0 3.0 0.0
39 35 36 0.0 0.0 0.0 0.0 692.0 20.0 0.0
39 35 37 0.0 0.0 0.0 0.0 3686.0 125.0 5.0
39 35 38 0.0 0.0 0.0 0.0 9847.0 347.0 73.0
39 35 39 0.0 0.0 0.0 0.0 16834.0 573.0 241.0
39 35 40 0.0 0.0 0.0 0.0 19431.0 659.0 329.0
39 35 41 0.0 0.0 0.0 0.0 16999.0 557.0 244.0
39 35 42 0.0 0.0 0.0 0.0 10098.0 351.0 86.0
39 35 43 0.0 0.0 0.0 0.0 3782.0 134.0 9.0
39 35 44 0.0 0.0 0.0 0.0 746.0 28.0 2.0
39 35 45 0.0 0.0 0.0 0.0 29.0 1.0 0.0
39 36 35 0.0 0.0 0.0 0.0 730.0 28.0 0.0
39 36 36 0.0 0.0 0.0 0.0 14098.0 462.0 210.0
39 36 37 0.0 0.0 0.0 0.0 46510.0 1316.0 3344.0
39 36 38 0.0 0.0 0.0 3.0 73048.0 1547.0 13758.0
39 36 39 0.0 0.0 0.0 7.0 80854.0 1395.0 22793.0
39 36 40 0.0 0.0 0.0 6.0 82297.0 1420.0 26628.0
39 36 41 0.0 0.0 0.0 7.0 80599.0 1471.0 22704.0
39 36 42 0.0 0.0 0.0 0.0 73442.0 1500.0 13785.0
39 36 43 0.0 0.0 0.0 0.0 48151.0 1310.0 3578.0
39 36 44 0.0 0.0 0.0 0.0 15507.0 520.0 265.0
39 36 45 0.0 0.0 0.0 0.0 708.0 28.0 0.0
39 37 34 0.0 0.0 0.0 0.0 10.0 1.0 0.0
39 37 35 0.0 0.0 0.0 0.0 3695.0 156.0 7.0
39 37 36 0.0 0.0 0.0 0.0 48116.0 1288.0 3603.0
39 37 37 0.0 0.0 0.0 2.0 79427.0 1214.0 36779.0
39 37 38 0.0 0.0 0.0 7.0 71365.0 779.0 68234.0
39 37 39 0.0 0.0 0.0 18.0 62195.0 627.0 86123.0
39 37 40 0.0 0.0 0.0 5.0 59444.0 571.0 90610.0
39 37 41 0.0 0.0 0.0 10.0 62149.0 633.0 86209.0
39 37 42 0.0 0.0 0.0 4.0 70660.0 847.0 68563.0
39 37 43 0.0 0.0 0.0 12.0 79944.0 1182.0 38634.0
39 37 44 0.0 0.0 0.0 1.0 48346.0 1325.0 3631.0
39 37 45 0.0 0.0 0.0 0.0 3633.0 157.0 7.0
39 37 46 0.0 0.0 0.0 0.0 17.0 0.0 0.0
39 38 34 0.0 0.0 0.0 0.0 68.0 0.0 0.0
39 38 35 0.0 0.0 0.0 0.0 10153.0 334.0 81.0
39 38 36 0.0 0.0 0.0 0.0 72613.0 1568.0 12863.0
39 38 37 0.0 0.0 0.0 2.0 71146.0 828.0 68436.0
39 38 38 0.0 0.0 0.0 6.0 47120.0 312.0 116279.0
39 38 39 0.0 0.0 0.0 7.0 37126.0 193.0 134839.0
39 38 40 0.0 0.0 0.0 11.0 33701.0 171.0 140581.0
39 38 41 0.0 0.0 0.0 16.0 36352.0 201.0 135876.0
39 38 42 0.0 0.0 0.0 10.0 47056.0 321.0 116843.0
39 38 43 0.0 0.0 0.0 4.0 71191.0 797.0 68116.0
39 38 44 0.0 0.0 0.0 10.0 73264.0 1573.0 13492.0
39 38 45 0.0 0.0 0.0 0.0 10169.0 351.0 85.0
39 38 46 0.0 0.0 0.0 0.0 60.0 2.0 0.0
39 39 34 0.0 0.0 0.0 0.0 112.0 4.0 0.0
39 39 35 0.0 0.0 0.0 0.0 17228.0 587.0 245.0
39 39 36 0.0 0.0 0.0 3.0 80579.0 1407.0 23280.0
39 39 37 0.0 0.0 0.0 7.0 62686.0 596.0 85110.0
39 39 38 0.0 0.0 0.0 9.0 37338.0 210.0 134494.0
39 39 39 0.0 0.0 0.0 16.0 22390.0 42.0 167808.0
39 39 40 0.0 0.0 0.0 10.0 19561.0 33.0 171528.0
39 39 41 0.0 0.0 0.0 14.0 22277.0 39.0 167532.0
39 39 42 0.0 0.0 0.0 13.0 36661.0 183.0 135556.0
39 39 43 0.0 0.0 0.0 5.0 62106.0 600.0 86483.0
39 39 44 0.0 0.0 0.0 2.0 80929.0 1431.0 23479.0
39 39 45 0.0 0.0 0.0 0.0 16979.0 550.0 269.0
39 39 46 0.0 0.0 0.0 0.0 126.0 2.0 1.0
39 40 34 0.0 0.0 0.0 0.0 102.0 2.0 0.0
39 40 35 0.0 0.0 0.0 0.0 19287.0 603.0 318.0
39 40 36 0.0 0.0 0.0 1.0 82096.0 1410.0 27094.0
39 40 37 0.0 0.0 0.0 5.0 59764.0 558.0 91358.0
39 40 38 0.0 0.0 0.0 10.0 33885.0 192.0 140339.0
39 40 39 0.0 0.0 0.0 8.0 19849.0 24.0 171530.0
39 40 40 0.0 0.0 0.0 9.0 16910.0 17.0 176225.0
39 40 41 0.0 0.0 0.0 11.0 19902.0 30.0 171585.0
39 40 42 0.0 0.0 0.0 12.0 34063.0 145.0 140534.0
39 40 43 0.0 0.0 0.0 6.0 59806.0 517.0 90952.0
39 40 44 0.0 0.0 0.0 4.0 82140.0 1345.0 26683.0
39 40 45 0.0 0.0 0.0 2.0 19727.0 590.0 418.0
39 40 46 0.0 0.0 0.0 0.0 167.0 10.0 0.0
39 41 34 0.0 0.0 0.0 0.0 104.0 0.0 0.0
39 41 35 0.0 0.0 0.0 0.0 16444.0 520.0 231.0
39 41 36 0.0 0.0 0.0 0.0 80925.0 1414.0 22713.0
39 41 37 0.0 0.0 0.0 4.0 62440.0 641.0 85688.0
39 41 38 0.0 0.0 0.0 5.0 37138.0 179.0 135086.0
39 41 39 0.0 0.0 0.0 13.0 22030.0 32.0 168066.0
39 41 40 0.0 0.0 0.0 13.0 19383.0 33.0 172729.0
39 41 41 0.0 0.0 0.0 10.0 22191.0 37.0 167533.0
39 41 42 0.0 0.0 0.0 22.0 36888.0 218.0 135189.0
39 41 43 0.0 0.0 0.0 11.0 62793.0 625.0 85033.0
39 41 44 0.0 0.0 0.0 4.0 80969.0 1471.0 22138.0
39 41 45 0.0 0.0 0.0 0.0 16619.0 543.0 232.0
39 41 46 0.0 0.0 0.0 0.0 106.0 3.0 0.0
39 42 34 0.0 0.0 0.0 0.0 51.0 1.0 0.0
39 42 35 0.0 0.0 0.0 0.0 9735.0 343.0 88.0
39 42 36 0.0 0.0 0.0 2.0 72878.0 1523.0 13314.0
39 42 37 0.0 0.0 0.0 5.0 71776.0 797.0 67510.0
39 42 38 0.0 0.0 0.0 4.0 46844.0 317.0 117195.0
39 42 39 0.0 0.0 0.0 10.0 36981.0 187.0 135530.0
39 42 40 0.0 0.0 0.0 11.0 33432.0 172.0 141437.0
39 42 41 0.0 0.0 0.0 13.0 36682.0 187.0 136051.0
39 42 42 0.0 0.0 0.0 13.0 47199.0 314.0 116666.0
39 42 43 0.0 0.0 0.0 9.0 70327.0 823.0 69324.0
39 42 44 0.0 0.0 0.0 0.0 73185.0 1553.0 13099.0
39 42 45 0.0 0.0 0.0 0.0 10037.0 336.0 88.0
39 42 46 0.0 0.0 0.0 0.0 42.0 1.0 0.0
39 43 34 0.0 0.0 0.0 0.0 9.0 0.0 0.0
39 43 35 0.0 0.0 0.0 0.0 3809.0 137.0 8.0
39 43 36 0.0 0.0 0.0 0.0 48423.0 1322.0 3696.0
39 43 37 0.0 0.0 0.0 1.0 79770.0 1276.0 37278.0
39 43 38 0.0 0.0 0.0 3.0 71173.0 820.0 68062.0
39 43 39 0.0 0.0 0.0 4.0 61622.0 598.0 87042.0
39 43 40 0.0 0.0 0.0 2.0 59075.0 519.0 91864.0
39 43 41 0.0 0.0 0.0 14.0 61537.0 574.0 87403.0
39 43 42 0.0 0.0 0.0 13.0 71698.0 779.0 67413.0
39 43 43 0.0 0.0 0.0 0.0 79843.0 1195.0 37338.0
39 43 44 0.0 0.0 0.0 11.0 48609.0 1348.0 3847.0
39 43 45 0.0 0.0 0.0 0.0 3892.0 120.0 12.0
39 43 46 0.0 0.0 0.0 0.0 15.0 0.0 0.0
39 44 34 0.0 0.0 0.0 0.0 1.0 0.0 0.0
39 44 35 0.0 0.0 0.0 0.0 769.0 24.0 1.0
39 44 36 0.0 0.0 0.0 2.0 14392.0 498.0 220.0
39 44 37 0.0 0.0 0.0 0.0 49185.0 1304.0 3713.0
39 44 38 0.0 0.0 0.0 3.0 73185.0 1548.0 13340.0
39 44 39 0.0 0.0 0.0 0.0 80711.0 1418.0 23311.0
39 44 40 0.0 0.0 0.0 4.0 81797.0 1402.0 27793.0
39 44 41 0.0 0.0 0.0 2.0 81386.0 1479.0 23320.0
39 44 42 0.0 0.0 0.0 6.0 73877.0 1540.0 13863.0
39 44 43 0.0 0.0 0.0 3.0 48266.0 1254.0 3688.0
39 44 44 0.0 0.0 0.0 2.0 14839.0 471.0 229.0
39 44 45 0.0 0.0 0.0 0.0 760.0 20.0 0.0
39 45 35 0.0 0.0 0.0 0.0 44.0 3.0 0.0
39 45 36 0.0 0.0 0.0 0.0 677.0 25.0 0.0
39 45 37 0.0 0.0 0.0 0.0 4010.0 131.0 10.0
39 45 38 0.0 0.0 0.0 0.0 10086.0 344.0 78.0
39 45 39 0.0 0.0 0.0 0.0 17693.0 561.0 283.0
39 45 40 0.0 0.0 0.0 0.0 20207.0 674.0 397.0
39 45 41 0.0 0.0 0.0 0.0 17174.0 562.0 257.0
39 45 42 0.0 0.0 0.0 0.0 10259.0 357.0 87.0
39 45 43 0.0 0.0 0.0 0.0 3971.0 141.0 13.0
39 45 44 0.0 0.0 0.0 0.0 673.0 20.0 0.0
39 45 45 0.0 0.0 0.0 0.0 32.0 1.0 0.0
39 46 37 0.0 0.0 0.0 0.0 20.0 0.0 0.0
39 46 38 0.0 0.0 0.0 0.0 65.0 0.0 0.0
39 46 39 0.0 0.0 0.0 0.0 134.0 7.0 0.0
39 46 40 0.0 0.0 0.0 0.0 159.0 7.0 0.0
39 46 41 0.0 0.0 0.0 0.0 126.0 3.0 0.0
39 46 42 0.0 0.0 0.0 0.0 53.0 1.0 0.0
39 46 43 0.0 0.0 0.0 0.0 9.0 0.0 0.0
39 46 44 0.0 0.0 0.0 0.0 2.0 0.0 0.0
39 47 39 0.0 0.0 0.0 0.0 2.0 0.0 0.0
40 33 41 0.0 0.0 0.0 0.0 1.0 0.0 0.0
40 34 36 0.0 0.0 0.0 0.0 2.0 0.0 0.0
40 34 37 0.0 0.0 0.0 0.0 26.0 1.0 0.0
40 34 38 0.0 0.0 0.0 0.0 63.0 0.0 0.0
40 34 39 0.0 0.0 0.0 0.0 121.0 3.0 0.0
40 34 40 0.0 0.0 0.0 0.0 158.0 6.0 0.0
40 34 41 0.0 0.0 0.0 0.0 171.0 6.0 0.0
40 34 42 0.0 0.0 0.0 0.0 88.0 5.0 0.0
40 34 43 0.0 0.0 0.0 0.0 19.0 0.0 0.0
40 34 44 0.0 0.0 0.0 0.0 2.0 0.0 0.0
40 35 35 0.0 0.0 0.0 0.0 24.0 1.0 0.0
40 35 36 0.0 0.0 0.0 0.0 877.0 26.0 1.0
40 35 37 0.0 0.0 0.0 0.0 4622.0 131.0 16.0
40 35 38 0.0 0.0 0.0 0.0 11683.0 421.0 116.0
40 35 39 0.0 0.0 0.0 0.0 19720.0 661.0 379.0
40 35 40 0.0 0.0 0.0 1.0 22885.0 716.0 526.0
40 35 41 0.0 0.0 0.0 0.0 20204.0 594.0 379.0
40 35 42 0.0 0.0 0.0 0.0 12004.0 401.0 116.0
40 35 43 0.0 0.0 0.0 0.0 4573.0 167.0 11.0
40 35 44 0.0 0.0 0.0 0.0 920.0 21.0 1.0
40 35 45 0.0 0.0 0.0 0.0 31.0 1.0 0.0
40 36 34 0.0 0.0 0.0 0.0 2.0 0.0 0.0
40 36 35 0.0 0.0 0.0 0.0 855.0 32.0 0.0
40 36 36 0.0 0.0 0.0 0.0 16499.0 582.0 299.0
40 36 37 0.0 0.0 0.0 0.0 52867.0 1342.0 4676.0
40 36 38 0.0 0.0 0.0 17.0 76076.0 1553.0 16230.0
40 36 39 0.0 0.0 0.0 0.0 81916.0 1467.0 26395.0
40 36 40 0.0 0.0 0.0 3.0 82372.0 1344.0 30299.0
40 36 41 0.0 0.0 0.0 1.0 82157.0 1384.0 26511.0
40 36 42 0.0 0.0 0.0 1.0 76043.0 1540.0 16257.0
40 36 43 0.0 0.0 0.0 1.0 52753.0 1371.0 4576.0
40 36 44 0.0 0.0 0.0 0.0 18061.0 593.0 360.0
40 36 45 0.0 0.0 0.0 0.0 857.0 28.0 1.0
40 36 46 0.0 0.0 0.0 0.0 2.0 0.0 0.0
40 37 34 0.0 0.0 0.0 0.0 26.0 2.0 0.0
40 37 35 0.0 0.0 0.0 0.0 4764.0 152.0 10.0
40 37 36 0.0 0.0 0.0 0.0 53204.0 1383.0 4672.0
40 37 37 0.0 0.0 0.0 0.0 79378.0 1153.0 42164.0
40 37 38 0.0 0.0 0.0 6.0 68968.0 764.0 73132.0
40 37 39 0.0 0.0 0.0 5.0 59391.0 549.0 91475.0
40 37 40 0.0 0.0 0.0 6.0 56856.0 472.0 96282.0
40 37 41 0.0 0.0 0.0 12.0 59043.0 520.0 91434.0
40 37 42 0.0 0.0 0.0 5.0 68555.0 759.0 74057.0
40 37 43 0.0 0.0 0.0 8.0 78703.0 1124.0 43722.0
40 37 44 0.0 0.0 0.0 0.0 52364.0 1343.0 4596.0
40 37 45 0.0 0.0 0.0 0.0 4840.0 156.0 23.0
40 37 46 0.0 0.0 0.0 0.0 11.0 0.0 0.0
40 38 34 0.0 0.0 0.0 0.0 69.0 2.0 0.0
40 38 35 0.0 0.0 0.0 0.0 12691.0 452.0 173.0
40 38 36 0.0 0.0 0.0 0.0 75768.0 1557.0 16075.0
40 38 37 0.0 0.0 0.0 9.0 68033.0 737.0 74344.0
40 38 38 0.0 0.0 0.0 3.0 43422.0 284.0 123782.0
40 38 39 0.0 0.0 0.0 10.0 34320.0 152.0 139875.0
40 38 40 0.0 0.0 0.0 3.0 30854.0 141.0 145693.0
40 38 41 0.0 0.0 0.0 16.0 33775.0 159.0 140156.0
40 38 42 0.0 0.0 0.0 11.0 43253.0 276.0 123660.0
40 38 43 0.0 0.0 0.0 15.0 68446.0 704.0 74378.0
40 38 44 0.0 0.0 0.0 3.0 76169.0 1549.0 16342.0
40 38 45 0.0 0.0 0.0 0.0 12462.0 427.0 120.0
40 38 46 0.0 0.0 0.0 0.0 74.0 2.0 0.0
40 39 34 0.0 0.0 0.0 0.0 144.0 3.0 0.0
40 39 35 0.0 0.0 0.0 0.0 19881.0 636.0 366.0
40 39 36 0.0 0.0 0.0 1.0 81756.0 1382.0 27378.0
40 39 37 0.0 0.0 0.0 4.0 59528.0 526.0 91614.0
40 39 38 0.0 0.0 0.0 11.0 33742.0 158.0 140809.0
40 39 39 0.0 0.0 0.0 15.0 19658.0 26.0 171859.0
40 39 40 0.0 0.0 0.0 14.0 17011.0 23.0 175767.0
40 39 41 0.0 0.0 0.0 12.0 19516.0 33.0 171622.0
40 39 42 0.0 0.0 0.0 6.0 34087.0 165.0 139972.0
40 39 43 0.0 0.0 0.0 11.0 59704.0 493.0 90652.0
40 39 44 0.0 0.0 0.0 8.0 82121.0 1360.0 26415.0
40 39 45 0.0 0.0 0.0 2.0 19605.0 625.0 359.0
40 39 46 0.0 0.0 0.0 0.0 139.0 6.0 0.0
40 40 33 0.0 0.0 0.0 0.0 1.0 0.0 0.0
40 40 34 0.0 0.0 0.0 0.0 194.0 2.0 0.0
40 40 35 0.0 0.0 0.0 0.0 23270.0 707.0 510.0
40 40 36 0.0 0.0 0.0 6.0 82336.0 1318.0 30900.0
40 40 37 0.0 0.0 0.0 9.0 56762.0 480.0 96307.0
40 40 38 0.0 0.0 0.0 12.0 30875.0 156.0 145141.0
40 40 39 0.0 0.0 0.0 11.0 17019.0 20.0 176294.0
40 40 40 0.0 0.0 0.0 11.0 11917.0 0.0 201680.0
40 40 41 0.0 0.0 0.0 15.0 16940.0 21.0 176045.0
40 40 42 0.0 0.0 0.0 5.0 30779.0 127.0 145716.0
40 40 43 0.0 0.0 0.0 15.0 56654.0 503.0 96475.0
40 40 44 0.0 0.0 0.0 1.0 82597.0 1324.0 30639.0
40 40 45 0.0 0.0 0.0 0.0 22751.0 728.0 487.0
40 40 46 0.0 0.0 0.0 0.0 181.0 6.0 0.0
40 41 34 0.0 0.0 0.0 0.0 93.0 3.0 0.0
40 41 35 0.0 0.0 0.0 1.0 19198.0 602.0 359.0
40 41 36 0.0 0.0 0.0 0.0 82126.0 1378.0 26641.0
40 41 37 0.0 0.0 0.0 10.0 60036.0 603.0 91335.0
40 41 38 0.0 0.0 0.0 5.0 33716.0 153.0 140857.0
40 41 39 0.0 0.0 0.0 14.0 19646.0 26.0 171455.0
40 41 40 0.0 0.0 0.0 14.0 16843.0 14.0 176342.0
40 41 41 0.0 0.0 0.0 12.0 19743.0 32.0 172061.0
40 41 42 0.0 0.0 0.0 7.0 34075.0 182.0 140255.0
40 41 43 0.0 0.0 0.0 6.0 59597.0 588.0 91174.0
40 41 44 0.0 0.0 0.0 1.0 81764.0 1391.0 27332.0
40 41 45 0.0 0.0 0.0 0.0 19535.0 598.0 371.0
40 41 46 0.0 0.0 0.0 0.0 141.0 5.0 0.0
40 42 34 0.0 0.0 0.0 0.0 78.0 3.0 0.0
40 42 35 0.0 0.0 0.0 0.0 11401.0 373.0 89.0
40 42 36 0.0 0.0 0.0 2.0 75856.0 1508.0 15484.0
40 42 37 0.0 0.0 0.0 3.0 68420.0 730.0 73880.0
40 42 38 0.0 0.0 0.0 3.0 43207.0 269.0 123395.0
40 42 39 0.0 0.0 0.0 11.0 33542.0 157.0 140838.0
40 42 40 0.0 0.0 0.0 16.0 30728.0 129.0 145367.0
40 42 41 0.0 0.0 0.0 21.0 33929.0 186.0 140234.0
40 42 42 0.0 0.0 0.0 14.0 43995.0 265.0 123173.0
40 42 43 0.0 0.0 0.0 17.0 68690.0 777.0 73435.0
40 42 44 0.0 0.0 0.0 6.0 76190.0 1546.0 16077.0
40 42 45 0.0 0.0 0.0 0.0 12217.0 371.0 135.0
40 42 46 0.0 0.0 0.0 0.0 79.0 2.0 0.0
40 43 34 0.0 0.0 0.0 0.0 19.0 0.0 0.0
40 43 35 0.0 0.0 0.0 0.0 4449.0 151.0 13.0
40 43 36 0.0 0.0 0.0 1.0 53215.0 1391.0 4954.0
40 43 37 0.0 0.0 0.0 7.0 79006.0 1123.0 42125.0
40 43 38 0.0 0.0 0.0 5.0 68086.0 759.0 74447.0
40 43 39 0.0 0.0 0.0 6.0 59128.0 503.0 91981.0
40 43 40 0.0 0.0 0.0 8.0 56004.0 467.0 98024.0
40 43 41 0.0 0.0 0.0 9.0 59814.0 524.0 91184.0
40 43 42 0.0 0.0 0.0 6.0 67921.0 781.0 74718.0
40 43 43 0.0 0.0 0.0 19.0 79547.0 1103.0 42199.0
40 43 44 0.0 0.0 0.0 1.0 53837.0 1326.0 4870.0
40 43 45 0.0 0.0 0.0 0.0 4661.0 150.0 12.0
40 43 46 0.0 0.0 0.0 0.0 26.0 0.0 0.0
40 44 34 0.0 0.0 0.0 0.0 2.0 0.0 0.0
40 44 35 0.0 0.0 0.0 0.0 852.0 22.0 0.0
40 44 36 0.0 0.0 0.0 1.0 16160.0 548.0 246.0
40 44 37 0.0 0.0 0.0 0.0 52646.0 1423.0 4570.0
40 44 38 0.0 0.0 0.0 1.0 76037.0 1495.0 16182.0
40 44 39 0.0 0.0 0.0 8.0 82152.0 1355.0 27565.0
40 44 40 0.0 0.0 0.0 1.0 82563.0 1370.0 31350.0
40 44 41 0.0 0.0 0.0 9.0 82046.0 1441.0 26576.0
40 44 42 0.0 0.0 0.0 6.0 76162.0 1535.0 16010.0
40 44 43 0.0 0.0 0.0 4.0 53259.0 1323.0 4698.0
40 44 44 0.0 0.0 0.0 0.0 17249.0 569.0 344.0
40 44 45 0.0 0.0 0.0 0.0 872.0 33.0 1.0
40 44 46 0.0 0.0 0.0 0.0 5.0 0.0 0.0
40 45 35 0.0 0.0 0.0 0.0 48.0 0.0 0.0
40 45 36 0.0 0.0 0.0 0.0 877.0 31.0 0.0
40 45 37 0.0 0.0 0.0 0.0 4570.0 178.0 19.0
40 45 38 0.0 0.0 0.0 0.0 12238.0 384.0 113.0
40 45 39 0.0 0.0 0.0 0.0 20272.0 635.0 384.0
40 45 40 0.0 0.0 0.0 0.0 23401.0 731.0 560.0
40 45 41 0.0 0.0 0.0 2.0 20484.0 665.0 382.0
40 45 42 0.0 0.0 0.0 0.0 12166.0 414.0 119.0
40 45 43 0.0 0.0 0.0 0.0 4481.0 161.0 16.0
40 45 44 0.0 0.0 0.0 0.0 960.0 40.0 0.0
40 45 45 0.0 0.0 0.0 0.0 36.0 2.0 0.0
40 46 36 0.0 0.0 0.0 0.0 1.0 0.0 0.0
40 46 37 0.0 0.0 0.0 0.0 10.0 1.0 0.0
40 46 38 0.0 0.0 0.0 0.0 65.0 1.0 0.0
40 46 39 0.0 0.0 0.0 0.0 144.0 3.0 0.0
40 46 40 0.0 0.0 0.0 0.0 192.0 2.0 0.0
40 46 41 0.0 0.0 0.0 0.0 157.0 8.0 0.0
40 46 42 0.0 0.0 0.0 0.0 84.0 1.0 0.0
40 46 43 0.0 0.0 0.0 0.0 19.0 0.0 0.0
40 46 44 0.0 0.0 0.0 0.0 7.0 0.0 0.0
41 34 37 0.0 0.0 0.0 0.0 14.0 0.0 0.0
41 34 38 0.0 0.0 0.0 0.0 39.0 0.0 0.0
41 34 39 0.0 0.0 0.0 0.0 89.0 3.0 0.0
41 34 40 0.0 0.0 0.0 0.0 129.0 6.0 0.0
41 34 41 0.0 0.0 0.0 0.0 98.0 1.0 1.0
41 34 42 0.0 0.0 0.0 0.0 76.0 4.0 0.0
41 34 43 0.0 0.0 0.0 0.0 11.0 0.0 0.0
41 34 44 0.0 0.0 0.0 0.0 2.0 0.0 0.0
41 35 35 0.0 0.0 0.0 0.0 39.0 2.0 0.0
41 35 36 0.0 0.0 0.0 0.0 703.0 21.0 0.0
41 35 37 0.0 0.0 0.0 0.0 3638.0 128.0 18.0
41 35 38 0.0 0.0 0.0 0.0 9999.0 350.0 63.0
41 35 39 0.0 0.0 0.0 0.0 17034.0 533.0 277.0
41 35 40 0.0 0.0 0.0 0.0 20407.0 645.0 365.0
41 35 41 0.0 0.0 0.0 0.0 16934.0 535.0 280.0
41 35 42 0.0 0.0 0.0 0.0 10096.0 354.0 86.0
41 35 43 0.0 0.0 0.0 0.0 4050.0 144.0 11.0
41 35 44 0.0 0.0 0.0 0.0 707.0 13.0 2.0
41 35 45 0.0 0.0 0.0 0.0 31.0 1.0 0.0
41 36 34 0.0 0.0 0.0 0.0 3.0 0.0 0.0
41 36 35 0.0 0.0 0.0 0.0 728.0 29.0 0.0
41 36 36 0.0 0.0 0.0 0.0 14531.0 456.0 216.0
41 36 37 0.0 0.0 0.0 0.0 49169.0 1362.0 3873.0
41 36 38 0.0 0.0 0.0 2.0 73416.0 1608.0 13426.0
41 36 39 0.0 0.0 0.0 0.0 80930.0 1443.0 23325.0
41 36 40 0.0 0.0 0.0 0.0 81810.0 1400.0 27029.0
41 36 41 0.0 0.0 0.0 18.0 80672.0 1379.0 23168.0
41 36 42 0.0 0.0 0.0 1.0 72605.0 1551.0 13219.0
41 36 43 0.0 0.0 0.0 0.0 48228.0 1217.0 3636.0
41 36 44 0.0 0.0 0.0 0.0 13982.0 467.0 217.0
41 36 45 0.0 0.0 0.0 0.0 770.0 28.0 0.0
41 36 46 0.0 0.0 0.0 0.0 1.0 0.0 0.0
41 37 34 0.0 0.0 0.0 0.0 19.0 1.0 0.0
41 37 35 0.0 0.0 0.0 0.0 3935.0 147.0 9.0
41 37 36 0.0 0.0 0.0 0.0 47808.0 1241.0 3661.0
41 37 37 0.0 0.0 0.0 3.0 80134.0 1203.0 37829.0
41 37 38 0.0 0.0 0.0 2.0 70774.0 749.0 69180.0
41 37 39 0.0 0.0 0.0 16.0 61960.0 660.0 86158.0
41 37 40 0.0 0.0 0.0 9.0 59953.0 577.0 90503.0
41 37 41 0.0 0.0 0.0 4.0 62152.0 642.0 86428.0
41 37 42 0.0 0.0 0.0 3.0 70578.0 798.0 69051.0
41 37 43 0.0 0.0 0.0 0.0 80364.0 1294.0 38075.0
41 37 44 0.0 0.0 0.0 7.0 48951.0 1317.0 3837.0
41 37 45 0.0 0.0 0.0 0.0 3841.0 162.0 13.0
41 37 46 0.0 0.0 0.0 0.0 16.0 0.0 0.0
41 38 34 0.0 0.0 0.0 0.0 75.0 1.0 0.0
41 38 35 0.0 0.0 0.0 0.0 10168.0 327.0 75.0
41 38 36 0.0 0.0 0.0 0.0 73863.0 1548.0 13293.0
41 38 37 0.0 0.0 0.0 3.0 71189.0 760.0 68948.0
41 38 38 0.0 0.0 0.0 6.0 46297.0 329.0 117491.0
41 38 39 0.0 0.0 0.0 3.0 36756.0 186.0 135776.0
41 38 40 0.0 0.0 0.0 9.0 33599.0 141.0 140391.0
41 38 41 0.0 0.0 0.0 9.0 36748.0 188.0 135832.0
41 38 42 0.0 0.0 0.0 7.0 46812.0 284.0 117632.0
41 38 43 0.0 0.0 0.0 4.0 70231.0 769.0 69209.0
41 38 44 0.0 0.0 0.0 3.0 73267.0 1565.0 13442.0
41 38 45 0.0 0.0 0.0 0.0 9899.0 343.0 73.0
41 38 46 0.0 0.0 0.0 0.0 56.0 1.0 0.0
41 39 34 0.0 0.0 0.0 0.0 117.0 3.0 0.0
41 39 35 0.0 0.0 0.0 1.0 17246.0 546.0 229.0
41 39 36 0.0 0.0 0.0 1.0 80905.0 1443.0 23435.0
41 39 37 0.0 0.0 0.0 5.0 61578.0 585.0 86806.0
41 39 38 0.0 0.0 0.0 7.0 36822.0 207.0 135583.0
41 39 39 0.0 0.0 0.0 7.0 22004.0 34.0 168802.0
41 39 40 0.0 0.0 0.0 7.0 19601.0 38.0 171964.0
41 39 41 0.0 0.0 0.0 9.0 21895.0 45.0 168848.0
41 39 42 0.0 0.0 0.0 8.0 36271.0 200.0 136406.0
41 39 43 0.0 0.0 0.0 2.0 61906.0 570.0 86762.0
41 39 44 0.0 0.0 0.0 0.0 80357.0 1472.0 22440.0
41 39 45 0.0 0.0 0.0 0.0 16977.0 517.0 301.0
41 39 46 0.0 0.0 0.0 0.0 104.0 2.0 0.0
41 40 34 0.0 0.0 0.0 0.0 154.0 5.0 0.0
41 40 35 0.0 0.0 0.0 0.0 20098.0 654.0 385.0
41 40 36 0.0 0.0 0.0 2.0 82125.0 1420.0 27092.0
41 40 37 0.0 0.0 0.0 8.0 59056.0 508.0 91860.0
41 40 38 0.0 0.0 0.0 10.0 33522.0 175.0 140715.0
41 40 39 0.0 0.0 0.0 6.0 19812.0 37.0 171693.0
41 40 40 0.0 0.0 0.0 12.0 16770.0 25.0 177074.0
41 40 41 0.0 0.0 0.0 14.0 19604.0 42.0 171566.0
41 40 42 0.0 0.0 0.0 5.0 33793.0 162.0 140317.0
41 40 43 0.0 0.0 0.0 16.0 59434.0 554.0 91307.0
41 40 44 0.0 0.0 0.0 1.0 82144.0 1475.0 26561.0
41 40 45 0.0 0.0 0.0 0.0 20240.0 653.0 398.0
41 40 46 0.0 0.0 0.0 0.0 138.0 2.0 0.0
41 41 34 0.0 0.0 0.0 0.0 139.0 3.0 0.0
41 41 35 0.0 0.0 0.0 0.0 16926.0 573.0 253.0
41 41 36 0.0 0.0 0.0 0.0 80929.0 1387.0 22877.0
41 41 37 0.0 0.0 0.0 4.0 61844.0 569.0 86597.0
41 41 38 0.0 0.0 0.0 9.0 36496.0 175.0 136223.0
41 41 39 0.0 0.0 0.0 10.0 22164.0 37.0 168296.0
41 41 40 0.0 0.0 0.0 9.0 19810.0 30.0 171735.0
41 41 41 0.0 0.0 0.0 10.0 22687.0 44.0 167423.0
41 41 42 0.0 0.0 0.0 14.0 37009.0 170.0 135250.0
41 41 43 0.0 0.0 0.0 15.0 62154.0 599.0 85979.0
41 41 44 0.0 0.0 0.0 6.0 81171.0 1492.0 23289.0
41 41 45 0.0 0.0 0.0 0.0 16637.0 523.0 267.0
41 41 46 0.0 0.0 0.0 0.0 97.0 1.0 0.0
41 42 34 0.0 0.0 0.0 0.0 54.0 4.0 0.0
41 42 35 0.0 0.0 0.0 0.0 10410.0 369.0 82.0
41 42 36 0.0 0.0 0.0 0.0 73629.0 1572.0 13805.0
41 42 37 0.0 0.0 0.0 5.0 69917.0 764.0 69685.0
41 42 38 0.0 0.0 0.0 7.0 46848.0 347.0 117624.0
41 42 39 0.0 0.0 0.0 8.0 36416.0 201.0 135653.0
41 42 40 0.0 0.0 0.0 7.0 33517.0 167.0 140562.0
41 42 41 0.0 0.0 0.0 3.0 37105.0 172.0 135019.0
41 42 42 0.0 0.0 0.0 6.0 46682.0 319.0 117166.0
41 42 43 0.0 0.0 0.0 3.0 70537.0 797.0 68860.0
41 42 44 0.0 0.0 0.0 9.0 72906.0 1600.0 13409.0
41 42 45 0.0 0.0 0.0 0.0 9829.0 360.0 84.0
41 42 46 0.0 0.0 0.0 0.0 40.0 1.0 0.0
41 43 34 0.0 0.0 0.0 0.0 10.0 0.0 0.0
41 43 35 0.0 0.0 0.0 0.0 3829.0 124.0 9.0
41 43 36 0.0 0.0 0.0 0.0 47790.0 1257.0 3618.0
41 43 37 0.0 0.0 0.0 0.0 79948.0 1250.0 37372.0
41 43 38 0.0 0.0 0.0 2.0 70452.0 757.0 69398.0
41 43 39 0.0 0.0 0.0 3.0 62126.0 621.0 85769.0
41 43 40 0.0 0.0 0.0 4.0 59213.0 552.0 91486.0
41 43 41 0.0 0.0 0.0 10.0 61897.0 596.0 86822.0
41 43 42 0.0 0.0 0.0 4.0 70419.0 816.0 68963.0
41 43 43 0.0 0.0 0.0 0.0 80654.0 1261.0 37193.0
41 43 44 0.0 0.0 0.0 0.0 48353.0 1278.0 3700.0
41 43 45 0.0 0.0 0.0 0.0 4154.0 160.0 14.0
41 43 46 0.0 0.0 0.0 0.0 19.0 1.0 0.0
41 44 35 0.0 0.0 0.0 0.0 710.0 26.0 0.0
41 44 36 0.0 0.0 0.0 1.0 14326.0 471.0 207.0
41 44 37 0.0 0.0 0.0 0.0 48440.0 1382.0 3720.0
41 44 38 0.0 0.0 0.0 0.0 73627.0 1518.0 13411.0
41 44 39 0.0 0.0 0.0 0.0 80695.0 1405.0 23383.0
41 44 40 0.0 0.0 0.0 2.0 81940.0 1344.0 27534.0
41 44 41 0.0 0.0 0.0 2.0 81193.0 1449.0 22960.0
41 44 42 0.0 0.0 0.0 3.0 73263.0 1516.0 13248.0
41 44 43 0.0 0.0 0.0 0.0 47569.0 1336.0 3473.0
41 44 44 0.0 0.0 0.0 0.0 14014.0 483.0 226.0
41 44 45 0.0 0.0 0.0 0.0 808.0 32.0 1.0
41 45 35 0.0 0.0 0.0 0.0 25.0 1.0 0.0
41 45 36 0.0 0.0 0.0 0.0 754.0 19.0 0.0
41 45 37 0.0 0.0 0.0 0.0 3927.0 137.0 12.0
41 45 38 0.0 0.0 0.0 0.0 10070.0 340.0 93.0
41 45 39 0.0 0.0 0.0 0.0 17482.0 566.0 244.0
41 45 40 0.0 0.0 0.0 0.0 20409.0 646.0 437.0
41 45 41 0.0 0.0 0.0 0.0 17257.0 585.0 245.0
41 45 42 0.0 0.0 0.0 0.0 10423.0 370.0 81.0
41 45 43 0.0 0.0 0.0 0.0 3541.0 106.0 9.0
41 45 44 0.0 0.0 0.0 0.0 705.0 22.0 0.0
41 45 45 0.0 0.0 0.0 0.0 35.0 2.0 0.0
41 46 36 0.0 0.0 0.0 0.0 4.0 0.0 0.0
41 46 37 0.0 0.0 0.0 0.0 11.0 1.0 0.0
41 46 38 0.0 0.0 0.0 0.0 68.0 0.0 0.0
41 46 39 0.0 0.0 0.0 0.0 132.0 7.0 0.0
41 46 40 0.0 0.0 0.0 0.0 147.0 3.0 0.0
41 46 41 0.0 0.0 0.0 0.0 123.0 5.0 0.0
41 46 42 0.0 0.0 0.0 0.0 63.0 2.0 0.0
41 46 43 0.0 0.0 0.0 0.0 13.0 1.0 0.0
41 46 44 0.0 0.0 0.0 0.0 1.0 0.0 0.0
42 34 37 0.0 0.0 0.0 0.0 7.0 0.0 0.0
42 34 38 0.0 0.0 0.0 0.0 22.0 2.0 0.0
42 34 39 0.0 0.0 0.0 0.0 58.0 3.0 0.0
42 34 40 0.0 0.0 0.0 0.0 66.0 3.0 0.0
42 34 41 0.0 0.0 0.0 0.0 44.0 1.0 0.0
42 34 42 0.0 0.0 0.0 0.0 28.0 0.0 0.0
42 34 43 0.0 0.0 0.0 0.0 10.0 0.0 0.0
42 35 35 0.0 0.0 0.0 0.0 7.0 0.0 0.0
42 35 36 0.0 0.0 0.0 0.0 371.0 13.0 0.0
42 35 37 0.0 0.0 0.0 0.0 2056.0 70.0 4.0
42 35 38 0.0 0.0 0.0 0.0 5633.0 187.0 28.0
42 35 39 0.0 0.0 0.0 0.0 9994.0 313.0 90.0
42 35 40 0.0 0.0 0.0 0.0 11983.0 370.0 125.0
42 35 41 0.0 0.0 0.0 0.0 9984.0 295.0 97.0
42 35 42 0.0 0.0 0.0 0.0 5967.0 206.0 18.0
42 35 43 0.0 0.0 0.0 0.0 2069.0 63.0 1.0
42 35 44 0.0 0.0 0.0 0.0 331.0 14.0 0.0
42 35 45 0.0 0.0 0.0 0.0 17.0 0.0 0.0
42 36 34 0.0 0.0 0.0 0.0 2.0 1.0 0.0
42 36 35 0.0 0.0 0.0 0.0 324.0 14.0 0.0
42 36 36 0.0 0.0 0.0 0.0 9410.0 317.0 81.0
42 36 37 0.0 0.0 0.0 0.0 32997.0 903.0 1416.0
42 36 38 0.0 0.0 0.0 0.0 60677.0 1451.0 6828.0
42 36 39 0.0 0.0 0.0 3.0 72984.0 1554.0 13565.0
42 36 40 0.0 0.0 0.0 7.0 76310.0 1540.0 16169.0
42 36 41 0.0 0.0 0.0 1.0 73704.0 1566.0 13566.0
42 36 42 0.0 0.0 0.0 0.0 60967.0 1476.0 6876.0
42 36 43 0.0 0.0 0.0 1.0 33242.0 1027.0 1455.0
42 36 44 0.0 0.0 0.0 0.0 8939.0 293.0 65.0
42 36 45 0.0 0.0 0.0 0.0 360.0 16.0 0.0
42 37 34 0.0 0.0 0.0 0.0 9.0 0.0 0.0
42 37 35 0.0 0.0 0.0 0.0 2239.0 62.0 5.0
42 37 36 0.0 0.0 0.0 0.0 34426.0 1013.0 1581.0
42 37 37 0.0 0.0 0.0 1.0 78972.0 1370.0 24967.0
42 37 38 0.0 0.0 0.0 7.0 77357.0 1059.0 52156.0
42 37 39 0.0 0.0 0.0 1.0 70989.0 782.0 69083.0
42 37 40 0.0 0.0 0.0 11.0 68238.0 721.0 74577.0
42 37 41 0.0 0.0 0.0 2.0 71024.0 828.0 69113.0
42 37 42 0.0 0.0 0.0 0.0 77394.0 1043.0 51806.0
42 37 43 0.0 0.0 0.0 6.0 78824.0 1445.0 22774.0
42 37 44 0.0 0.0 0.0 0.0 34277.0 1059.0 1574.0
42 37 45 0.0 0.0 0.0 0.0 2132.0 61.0 2.0
42 37 46 0.0 0.0 0.0 0.0 2.0 0.0 0.0
42 38 34 0.0 0.0 0.0 0.0 25.0 0.0 0.0
42 38 35 0.0 0.0 0.0 0.0 6125.0 233.0 29.0
42 38 36 0.0 0.0 0.0 0.0 61029.0 1449.0 7117.0
42 38 37 0.0 0.0 0.0 1.0 77764.0 986.0 52533.0
42 38 38 0.0 0.0 0.0 5.0 55260.0 485.0 100524.0
42 38 39 0.0 0.0 0.0 14.0 46065.0 315.0 118609.0
42 38 40 0.0 0.0 0.0 8.0 43291.0 269.0 123840.0
42 38 41 0.0 0.0 0.0 10.0 46506.0 294.0 117935.0
42 38 42 0.0 0.0 0.0 2.0 55673.0 478.0 99217.0
42 38 43 0.0 0.0 0.0 5.0 77132.0 980.0 52785.0
42 38 44 0.0 0.0 0.0 0.0 60575.0 1508.0 6844.0
42 38 45 0.0 0.0 0.0 0.0 5796.0 209.0 34.0
42 38 46 0.0 0.0 0.0 0.0 9.0 0.0 0.0
42 39 34 0.0 0.0 0.0 0.0 66.0 3.0 0.0
42 39 35 0.0 0.0 0.0 0.0 10110.0 347.0 76.0
42 39 36 0.0 0.0 0.0 2.0 73989.0 1553.0 13887.0
42 39 37 0.0 0.0 0.0 7.0 70126.0 736.0 70076.0
42 39 38 0.0 0.0 0.0 11.0 46253.0 272.0 118716.0
42 39 39 0.0 0.0 0.0 13.0 36415.0 208.0 136639.0
42 39 40 0.0 0.0 0.0 10.0 33398.0 153.0 141212.0
42 39 41 0.0 0.0 0.0 11.0 36884.0 185.0 135982.0
42 39 42 0.0 0.0 0.0 4.0 46667.0 330.0 117669.0
42 39 43 0.0 0.0 0.0 1.0 70472.0 813.0 68695.0
42 39 44 0.0 0.0 0.0 3.0 73352.0 1515.0 13396.0
42 39 45 0.0 0.0 0.0 0.0 9644.0 301.0 66.0
42 39 46 0.0 0.0 0.0 0.0 57.0 2.0 0.0
42 40 34 0.0 0.0 0.0 0.0 84.0 5.0 0.0
42 40 35 0.0 0.0 0.0 0.0 12302.0 420.0 125.0
42 40 36 0.0 0.0 0.0 3.0 76774.0 1575.0 16442.0
42 40 37 0.0 0.0 0.0 6.0 67716.0 746.0 75646.0
42 40 38 0.0 0.0 0.0 4.0 43265.0 289.0 123838.0
42 40 39 0.0 0.0 0.0 5.0 33162.0 150.0 141600.0
42 40 40 0.0 0.0 0.0 9.0 30416.0 127.0 146698.0
42 40 41 0.0 0.0 0.0 12.0 33833.0 163.0 141148.0
42 40 42 0.0 0.0 0.0 7.0 43447.0 241.0 123879.0
42 40 43 0.0 0.0 0.0 12.0 68258.0 737.0 74173.0
42 40 44 0.0 0.0 0.0 2.0 76301.0 1532.0 16043.0
42 40 45 0.0 0.0 0.0 1.0 11936.0 425.0 100.0
42 40 46 0.0 0.0 0.0 0.0 83.0 2.0 0.0
42 41 34 0.0 0.0 0.0 0.0 52.0 3.0 0.0
42 41 35 0.0 0.0 0.0 0.0 10730.0 346.0 82.0
42 41 36 0.0 0.0 0.0 1.0 73404.0 1514.0 13677.0
42 41 37 0.0 0.0 0.0 5.0 71052.0 843.0 68845.0
42 41 38 0.0 0.0 0.0 12.0 46437.0 293.0 117696.0
42 41 39 0.0 0.0 0.0 17.0 36241.0 185.0 135817.0
42 41 40 0.0 0.0 0.0 9.0 33315.0 160.0 141088.0
42 41 41 0.0 0.0 0.0 18.0 36550.0 209.0 135946.0
42 41 42 0.0 0.0 0.0 8.0 47704.0 320.0 116187.0
42 41 43 0.0 0.0 0.0 5.0 70772.0 826.0 69118.0
42 41 44 0.0 0.0 0.0 6.0 72618.0 1512.0 13175.0
42 41 45 0.0 0.0 0.0 0.0 10093.0 332.0 73.0
42 41 46 0.0 0.0 0.0 0.0 55.0 1.0 0.0
42 42 34 0.0 0.0 0.0 0.0 27.0 0.0 0.0
42 42 35 0.0 0.0 0.0 0.0 6173.0 230.0 42.0
42 42 36 0.0 0.0 0.0 0.0 61073.0 1451.0 7078.0
42 42 37 0.0 0.0 0.0 2.0 77118.0 998.0 52871.0
42 42 38 0.0 0.0 0.0 10.0 55608.0 460.0 99468.0
42 42 39 0.0 0.0 0.0 4.0 46689.0 317.0 117851.0
42 42 40 0.0 0.0 0.0 5.0 43656.0 263.0 123296.0
42 42 41 0.0 0.0 0.0 9.0 46673.0 317.0 117619.0
42 42 42 0.0 0.0 0.0 13.0 56090.0 453.0 99106.0
42 42 43 0.0 0.0 0.0 2.0 77761.0 1011.0 51499.0
42 42 44 0.0 0.0 0.0 0.0 60479.0 1471.0 6960.0
42 42 45 0.0 0.0 0.0 0.0 5936.0 235.0 21.0
42 42 46 0.0 0.0 0.0 0.0 9.0 1.0 0.0
42 43 34 0.0 0.0 0.0 0.0 6.0 0.0 0.0
42 43 35 0.0 0.0 0.0 0.0 2319.0 79.0 3.0
42 43 36 0.0 0.0 0.0 0.0 35087.0 1012.0 1610.0
42 43 37 0.0 0.0 0.0 1.0 78994.0 1477.0 23227.0
42 43 38 0.0 0.0 0.0 3.0 77790.0 1017.0 51370.0
42 43 39 0.0 0.0 0.0 4.0 70617.0 782.0 68930.0
42 43 40 0.0 0.0 0.0 3.0 68691.0 770.0 74088.0
42 43 41 0.0 0.0 0.0 4.0 70342.0 776.0 69153.0
42 43 42 0.0 0.0 0.0 5.0 77437.0 1005.0 51931.0
42 43 43 0.0 0.0 0.0 0.0 78850.0 1455.0 24211.0
42 43 44 0.0 0.0 0.0 0.0 34391.0 1012.0 1560.0
42 43 45 0.0 0.0 0.0 0.0 2044.0 71.0 4.0
42 43 46 0.0 0.0 0.0 0.0 3.0 0.0 0.0
42 44 34 0.0 0.0 0.0 0.0 1.0 0.0 0.0
42 44 35 0.0 0.0 0.0 0.0 402.0 12.0 0.0
42 44 36 0.0 0.0 0.0 0.0 8454.0 277.0 47.0
42 44 37 0.0 0.0 0.0 0.0 34023.0 974.0 1544.0
42 44 38 0.0 0.0 0.0 0.0 59649.0 1479.0 6540.0
42 44 39 0.0 0.0 0.0 1.0 72524.0 1549.0 13256.0
42 44 40 0.0 0.0 0.0 0.0 75951.0 1523.0 15892.0
42 44 41 0.0 0.0 0.0 2.0 73320.0 1568.0 13677.0
42 44 42 0.0 0.0 0.0 1.0 60629.0 1468.0 6966.0
42 44 43 0.0 0.0 0.0 4.0 33525.0 1010.0 1450.0
42 44 44 0.0 0.0 0.0 0.0 8457.0 278.0 77.0
42 44 45 0.0 0.0 0.0 0.0 396.0 15.0 0.0
42 44 46 0.0 0.0 0.0 0.0 1.0 0.0 0.0
42 45 35 0.0 0.0 0.0 0.0 19.0 0.0 0.0
42 45 36 0.0 0.0 0.0 0.0 361.0 12.0 2.0
42 45 37 0.0 0.0 0.0 0.0 2029.0 80.0 1.0
42 45 38 0.0 0.0 0.0 0.0 5758.0 205.0 26.0
42 45 39 0.0 0.0 0.0 0.0 10358.0 346.0 100.0
42 45 40 0.0 0.0 0.0 0.0 11846.0 407.0 117.0
42 45 41 0.0 0.0 0.0 1.0 9640.0 284.0 82.0
42 45 42 0.0 0.0 0.0 0.0 5746.0 191.0 22.0
42 45 43 0.0 0.0 0.0 0.0 1935.0 60.0 3.0
42 45 44 0.0 0.0 0.0 0.0 340.0 13.0 0.0
42 45 45 0.0 0.0 0.0 0.0 23.0 1.0 0.0
42 46 36 0.0 0.0 0.0 0.0 3.0 0.0 0.0
42 46 37 0.0 0.0 0.0 0.0 9.0 1.0 0.0
42 46 38 0.0 0.0 0.0 0.0 17.0 0.0 0.0
42 46 39 0.0 0.0 0.0 0.0 72.0 0.0 0.0
42 46 40 0.0 0.0 0.0 0.0 67.0 5.0 0.0
42 46 41 0.0 0.0 0.0 0.0 57.0 3.0 0.0
42 46 42 0.0 0.0 0.0 0.0 19.0 1.0 0.0
42 46 43 0.0 0.0 0.0 0.0 8.0 0.0 0.0
43 34 38 0.0 0.0 0.0 0.0 22.0 1.0 0.0
43 34 39 0.0 0.0 0.0 0.0 11.0 1.0 0.0
43 34 40 0.0 0.0 0.0 0.0 7.0 0.0 0.0
43 34 41 0.0 0.0 0.0 0.0 16.0 1.0 0.0
43 34 42 0.0 0.0 0.0 0.0 16.0 1.0 0.0
43 34 43 0.0 0.0 0.0 0.0 1.0 0.0 0.0
43 35 35 0.0 0.0 0.0 0.0 3.0 0.0 0.0
43 35 36 0.0 0.0 0.0 0.0 88.0 1.0 0.0
43 35 37 0.0 0.0 0.0 0.0 649.0 26.0 0.0
43 35 38 0.0 0.0 0.0 0.0 2166.0 73.0 1.0
43 35 39 0.0 0.0 0.0 0.0 3934.0 147.0 9.0
43 35 40 0.0 0.0 0.0 0.0 4713.0 179.0 17.0
43 35 41 0.0 0.0 0.0 0.0 4052.0 133.0 8.0
43 35 42 0.0 0.0 0.0 0.0 2042.0 63.0 0.0
43 35 43 0.0 0.0 0.0 0.0 639.0 22.0 0.0
43 35 44 0.0 0.0 0.0 0.0 106.0 5.0 0.0
43 36 35 0.0 0.0 0.0 0.0 119.0 5.0 0.0
43 36 36 0.0 0.0 0.0 0.0 3612.0 115.0 14.0
43 36 37 0.0 0.0 0.0 0.0 15264.0 561.0 244.0
43 36 38 0.0 0.0 0.0 0.0 34012.0 1008.0 1468.0
43 36 39 0.0 0.0 0.0 0.0 49292.0 1323.0 3822.0
43 36 40 0.0 0.0 0.0 1.0 53479.0 1372.0 4762.0
43 36 41 0.0 0.0 0.0 0.0 48186.0 1266.0 3617.0
43 36 42 0.0 0.0 0.0 2.0 34268.0 973.0 1485.0
43 36 43 0.0 0.0 0.0 0.0 14669.0 457.0 220.0
43 36 44 0.0 0.0 0.0 0.0 3174.0 102.0 8.0
43 36 45 0.0 0.0 0.0 0.0 97.0 4.0 0.0
43 36 46 0.0 0.0 0.0 0.0 3.0 1.0 0.0
43 37 35 0.0 0.0 0.0 0.0 590.0 20.0 1.0
43 37 36 0.0 0.0 0.0 0.0 15658.0 534.0 236.0
43 37 37 0.0 0.0 0.0 0.0 63075.0 1448.0 8748.0
43 37 38 0.0 0.0 0.0 2.0 79076.0 1416.0 24376.0
43 37 39 0.0 0.0 0.0 2.0 79878.0 1164.0 38877.0
43 37 40 0.0 0.0 0.0 6.0 79347.0 1216.0 43603.0
43 37 41 0.0 0.0 0.0 0.0 80145.0 1303.0 38088.0
43 37 42 0.0 0.0 0.0 0.0 78994.0 1465.0 23226.0
43 37 43 0.0 0.0 0.0 0.0 60519.0 1463.0 7516.0
43 37 44 0.0 0.0 0.0 0.0 16401.0 530.0 290.0
43 37 45 0.0 0.0 0.0 0.0 723.0 19.0 0.0
43 37 46 0.0 0.0 0.0 0.0 1.0 0.0 0.0
43 38 34 0.0 0.0 0.0 0.0 10.0 0.0 0.0
43 38 35 0.0 0.0 0.0 0.0 2313.0 84.0 1.0
43 38 36 0.0 0.0 0.0 4.0 35017.0 1036.0 1625.0
43 38 37 0.0 0.0 0.0 8.0 79044.0 1488.0 25100.0
43 38 38 0.0 0.0 0.0 3.0 76022.0 975.0 55062.0
43 38 39 0.0 0.0 0.0 10.0 70866.0 768.0 69459.0
43 38 40 0.0 0.0 0.0 4.0 68554.0 691.0 74769.0
43 38 41 0.0 0.0 0.0 7.0 70647.0 830.0 69322.0
43 38 42 0.0 0.0 0.0 1.0 77968.0 1053.0 51708.0
43 38 43 0.0 0.0 0.0 1.0 78780.0 1412.0 23787.0
43 38 44 0.0 0.0 0.0 2.0 34875.0 935.0 1511.0
43 38 45 0.0 0.0 0.0 0.0 2129.0 72.0 2.0
43 38 46 0.0 0.0 0.0 0.0 4.0 0.0 0.0
43 39 34 0.0 0.0 0.0 0.0 8.0 0.0 0.0
43 39 35 0.0 0.0 0.0 0.0 3972.0 137.0 22.0
43 39 36 0.0 0.0 0.0 1.0 50529.0 1331.0 4212.0
43 39 37 0.0 0.0 0.0 8.0 80100.0 1258.0 38909.0
43 39 38 0.0 0.0 0.0 11.0 70186.0 780.0 70403.0
43 39 39 0.0 0.0 0.0 9.0 60930.0 520.0 87827.0
43 39 40 0.0 0.0 0.0 14.0 58675.0 533.0 93035.0
43 39 41 0.0 0.0 0.0 2.0 61685.0 616.0 87255.0
43 39 42 0.0 0.0 0.0 3.0 70049.0 763.0 69943.0
43 39 43 0.0 0.0 0.0 1.0 80056.0 1173.0 37304.0
43 39 44 0.0 0.0 0.0 4.0 49092.0 1299.0 3746.0
43 39 45 0.0 0.0 0.0 0.0 3644.0 134.0 7.0
43 39 46 0.0 0.0 0.0 0.0 7.0 0.0 0.0
43 40 34 0.0 0.0 0.0 0.0 16.0 0.0 0.0
43 40 35 0.0 0.0 0.0 0.0 4604.0 167.0 14.0
43 40 36 0.0 0.0 0.0 2.0 53259.0 1407.0 4656.0
43 40 37 0.0 0.0 0.0 1.0 79401.0 1105.0 42741.0
43 40 38 0.0 0.0 0.0 5.0 67877.0 692.0 75662.0
43 40 39 0.0 0.0 0.0 4.0 58850.0 526.0 93108.0
43 40 40 0.0 0.0 0.0 10.0 56141.0 509.0 97315.0
43 40 41 0.0 0.0 0.0 3.0 59124.0 573.0 92242.0
43 40 42 0.0 0.0 0.0 1.0 68041.0 724.0 74208.0
43 40 43 0.0 0.0 0.0 0.0 79088.0 1116.0 42999.0
43 40 44 0.0 0.0 0.0 0.0 53500.0 1323.0 4973.0
43 40 45 0.0 0.0 0.0 0.0 4684.0 158.0 14.0
43 40 46 0.0 0.0 0.0 0.0 32.0 1.0 0.0
43 41 34 0.0 0.0 0.0 0.0 17.0 0.0 0.0
43 41 35 0.0 0.0 0.0 0.0 3816.0 140.0 0.0
43 41 36 0.0 0.0 0.0 0.0 49688.0 1312.0 4001.0
43 41 37 0.0 0.0 0.0 9.0 79988.0 1276.0 38902.0
43 41 38 0.0 0.0 0.0 9.0 70463.0 804.0 69645.0
43 41 39 0.0 0.0 0.0 2.0 61720.0 591.0 87807.0
43 41 40 0.0 0.0 0.0 9.0 58982.0 563.0 92064.0
43 41 41 0.0 0.0 0.0 7.0 61752.0 563.0 86975.0
43 41 42 0.0 0.0 0.0 5.0 70932.0 764.0 68583.0
43 41 43 0.0 0.0 0.0 1.0 80210.0 1307.0 37854.0
43 41 44 0.0 0.0 0.0 0.0 48446.0 1332.0 3696.0
43 41 45 0.0 0.0 0.0 0.0 3940.0 134.0 13.0
43 41 46 0.0 0.0 0.0 0.0 18.0 0.0 0.0
43 42 34 0.0 0.0 0.0 0.0 18.0 1.0 0.0
43 42 35 0.0 0.0 0.0 0.0 2179.0 75.0 1.0
43 42 36 0.0 0.0 0.0 1.0 34686.0 1001.0 1519.0
43 42 37 0.0 0.0 0.0 2.0 78707.0 1421.0 24701.0
43 42 38 0.0 0.0 0.0 6.0 77889.0 1105.0 51089.0
43 42 39 0.0 0.0 0.0 1.0 71273.0 810.0 68706.0
43 42 40 0.0 0.0 0.0 10.0 68306.0 749.0 74262.0
43 42 41 0.0 0.0 0.0 5.0 70994.0 799.0 68516.0
43 42 42 0.0 0.0 0.0 4.0 78245.0 1088.0 50596.0
43 42 43 0.0 0.0 0.0 0.0 78373.0 1444.0 22559.0
43 42 44 0.0 0.0 0.0 2.0 32853.0 1022.0 1386.0
43 42 45 0.0 0.0 0.0 0.0 1959.0 74.0 2.0
43 42 46 0.0 0.0 0.0 0.0 3.0 0.0 0.0
43 43 34 0.0 0.0 0.0 0.0 3.0 0.0 0.0
43 43 35 0.0 0.0 0.0 0.0 721.0 28.0 2.0
43 43 36 0.0 0.0 0.0 0.0 15788.0 534.0 248.0
43 43 37 0.0 0.0 0.0 2.0 61104.0 1450.0 7830.0
43 43 38 0.0 0.0 0.0 4.0 78665.0 1434.0 23899.0
43 43 39 0.0 0.0 0.0 8.0 80178.0 1192.0 36791.0
43 43 40 0.0 0.0 0.0 1.0 79350.0 1196.0 41622.0
43 43 41 0.0 0.0 0.0 1.0 80112.0 1234.0 37076.0
43 43 42 0.0 0.0 0.0 6.0 78642.0 1365.0 23714.0
43 43 43 0.0 0.0 0.0 0.0 59652.0 1455.0 7268.0
43 43 44 0.0 0.0 0.0 0.0 15386.0 453.0 216.0
43 43 45 0.0 0.0 0.0 0.0 675.0 18.0 0.0
43 43 46 0.0 0.0 0.0 0.0 1.0 0.0 0.0
43 44 35 0.0 0.0 0.0 0.0 125.0 5.0 0.0
43 44 36 0.0 0.0 0.0 0.0 3168.0 108.0 7.0
43 44 37 0.0 0.0 0.0 1.0 14779.0 512.0 216.0
43 44 38 0.0 0.0 0.0 0.0 34887.0 980.0 1632.0
43 44 39 0.0 0.0 0.0 1.0 47995.0 1334.0 3581.0
43 44 40 0.0 0.0 0.0 0.0 52788.0 1372.0 4665.0
43 44 41 0.0 0.0 0.0 0.0 47428.0 1266.0 3543.0
43 44 42 0.0 0.0 0.0 0.0 33377.0 1010.0 1432.0
43 44 43 0.0 0.0 0.0 0.0 15059.0 516.0 247.0
43 44 44 0.0 0.0 0.0 0.0 2995.0 103.0 4.0
43 44 45 0.0 0.0 0.0 0.0 92.0 3.0 0.0
43 45 35 0.0 0.0 0.0 0.0 3.0 0.0 0.0
43 45 36 0.0 0.0 0.0 0.0 105.0 5.0 0.0
43 45 37 0.0 0.0 0.0 0.0 726.0 27.0 0.0
43 45 38 0.0 0.0 0.0 0.0 2017.0 68.0 2.0
43 45 39 0.0 0.0 0.0 0.0 3530.0 121.0 5.0
43 45 40 0.0 0.0 0.0 0.0 4464.0 161.0 10.0
43 45 41 0.0 0.0 0.0 0.0 3805.0 136.0 13.0
43 45 42 0.0 0.0 0.0 0.0 2031.0 87.0 2.0
43 45 43 0.0 0.0 0.0 0.0 637.0 25.0 1.0
43 45 44 0.0 0.0 0.0 0.0 88.0 3.0 0.0
43 45 45 0.0 0.0 0.0 0.0 5.0 1.0 0.0
43 46 37 0.0 0.0 0.0 0.0 2.0 0.0 0.0
43 46 38 0.0 0.0 0.0 0.0 7.0 0.0 0.0
43 46 39 0.0 0.0 0.0 0.0 13.0 0.0 0.0
43 46 40 0.0 0.0 0.0 0.0 18.0 1.0 0.0
43 46 41 0.0 0.0 0.0 0.0 12.0 0.0 0.0
43 46 42 0.0 0.0 0.0 0.0 4.0 0.0 0.0
43 46 43 0.0 0.0 0.0 0.0 2.0 0.0 0.0
44 34 40 0.0 0.0 0.0 0.0 1.0 0.0 0.0
44 35 36 0.0 0.0 0.0 0.0 11.0 1.0 0.0
44 35 37 0.0 0.0 0.0 0.0 103.0 4.0 0.0
44 35 38 0.0 0.0 0.0 0.0 340.0 10.0 1.0
44 35 39 0.0 0.0 0.0 0.0 750.0 25.0 0.0
44 35 40 0.0 0.0 0.0 0.0 795.0 20.0 0.0
44 35 41 0.0 0.0 0.0 0.0 678.0 20.0 0.0
44 35 42 0.0 0.0 0.0 0.0 331.0 13.0 0.0
44 35 43 0.0 0.0 0.0 0.0 93.0 3.0 0.0
44 35 44 0.0 0.0 0.0 0.0 19.0 0.0 0.0
44 36 35 0.0 0.0 0.0 0.0 17.0 1.0 0.0
44 36 36 0.0 0.0 0.0 0.0 656.0 21.0 0.0
44 36 37 0.0 0.0 0.0 0.0 3566.0 132.0 9.0
44 36 38 0.0 0.0 0.0 0.0 10205.0 351.0 85.0
44 36 39 0.0 0.0 0.0 0.0 16367.0 521.0 307.0
44 36 40 0.0 0.0 0.0 0.0 18395.0 583.0 342.0
44 36 41 0.0 0.0 0.0 0.0 14888.0 493.0 222.0
44 36 42 0.0 0.0 0.0 0.0 8687.0 294.0 82.0
44 36 43 0.0 0.0 0.0 0.0 3040.0 95.0 12.0
44 36 44 0.0 0.0 0.0 0.0 572.0 26.0 0.0
44 36 45 0.0 0.0 0.0 0.0 16.0 1.0 0.0
44 37 34 0.0 0.0 0.0 0.0 1.0 0.0 0.0
44 37 35 0.0 0.0 0.0 0.0 90.0 4.0 0.0
44 37 36 0.0 0.0 0.0 0.0 3823.0 128.0 22.0
44 37 37 0.0 0.0 0.0 2.0 17659.0 575.0 341.0
44 37 38 0.0 0.0 0.0 0.0 35956.0 1050.0 1684.0
44 37 39 0.0 0.0 0.0 1.0 51642.0 1388.0 4267.0
44 37 40 0.0 0.0 0.0 0.0 52950.0 1330.0 4815.0
44 37 41 0.0 0.0 0.0 0.0 49523.0 1318.0 3929.0
44 37 42 0.0 0.0 0.0 0.0 34056.0 1017.0 1447.0
44 37 43 0.0 0.0 0.0 1.0 14658.0 468.0 232.0
44 37 44 0.0 0.0 0.0 0.0 3625.0 112.0 8.0
44 37 45 0.0 0.0 0.0 0.0 132.0 6.0 0.0
44 38 35 0.0 0.0 0.0 0.0 470.0 19.0 0.0
44 38 36 0.0 0.0 0.0 0.0 9500.0 323.0 85.0
44 38 37 0.0 0.0 0.0 0.0 36319.0 1053.0 1797.0
44 38 38 0.0 0.0 0.0 2.0 62042.0 1501.0 7507.0
44 38 39 0.0 0.0 0.0 4.0 74030.0 1540.0 14020.0
44 38 40 0.0 0.0 0.0 1.0 77537.0 1596.0 16971.0
44 38 41 0.0 0.0 0.0 0.0 73634.0 1532.0 14199.0
44 38 42 0.0 0.0 0.0 0.0 61097.0 1511.0 7301.0
44 38 43 0.0 0.0 0.0 0.0 34043.0 1012.0 1502.0
44 38 44 0.0 0.0 0.0 0.0 8610.0 260.0 63.0
44 38 45 0.0 0.0 0.0 0.0 409.0 14.0 0.0
44 39 34 0.0 0.0 0.0 0.0 1.0 0.0 0.0
44 39 35 0.0 0.0 0.0 0.0 687.0 22.0 0.0
44 39 36 0.0 0.0 0.0 2.0 15999.0 506.0 269.0
44 39 37 0.0 0.0 0.0 0.0 50358.0 1342.0 4118.0
44 39 38 0.0 0.0 0.0 6.0 74878.0 1580.0 14764.0
44 39 39 0.0 0.0 0.0 2.0 81255.0 1454.0 24893.0
44 39 40 0.0 0.0 0.0 4.0 82082.0 1463.0 28005.0
44 39 41 0.0 0.0 0.0 2.0 81294.0 1539.0 23707.0
44 39 42 0.0 0.0 0.0 2.0 73576.0 1585.0 13891.0
44 39 43 0.0 0.0 0.0 0.0 49107.0 1378.0 3659.0
44 39 44 0.0 0.0 0.0 0.0 14394.0 485.0 221.0
44 39 45 0.0 0.0 0.0 0.0 710.0 23.0 1.0
44 40 34 0.0 0.0 0.0 0.0 1.0 0.0 0.0
44 40 35 0.0 0.0 0.0 0.0 913.0 36.0 0.0
44 40 36 0.0 0.0 0.0 0.0 17951.0 617.0 332.0
44 40 37 0.0 0.0 0.0 0.0 55425.0 1421.0 5450.0
44 40 38 0.0 0.0 0.0 3.0 77345.0 1539.0 17020.0
44 40 39 0.0 0.0 0.0 3.0 82270.0 1340.0 28312.0
44 40 40 0.0 0.0 0.0 1.0 82574.0 1282.0 32270.0
44 40 41 0.0 0.0 0.0 0.0 82463.0 1365.0 28281.0
44 40 42 0.0 0.0 0.0 0.0 76855.0 1565.0 16873.0
44 40 43 0.0 0.0 0.0 1.0 53360.0 1395.0 4865.0
44 40 44 0.0 0.0 0.0 0.0 17401.0 545.0 339.0
44 40 45 0.0 0.0 0.0 0.0 865.0 30.0 0.0
44 40 46 0.0 0.0 0.0 0.0 2.0 0.0 0.0
44 41 35 0.0 0.0 0.0 0.0 683.0 20.0 1.0
44 41 36 0.0 0.0 0.0 0.0 15752.0 479.0 284.0
44 41 37 0.0 0.0 0.0 0.0 50535.0 1333.0 4158.0
44 41 38 0.0 0.0 0.0 0.0 74372.0 1627.0 14120.0
44 41 39 0.0 0.0 0.0 1.0 81312.0 1452.0 24097.0
44 41 40 0.0 0.0 0.0 0.0 82199.0 1387.0 27976.0
44 41 41 0.0 0.0 0.0 0.0 80907.0 1380.0 24250.0
44 41 42 0.0 0.0 0.0 0.0 73149.0 1579.0 13564.0
44 41 43 0.0 0.0 0.0 0.0 48980.0 1323.0 3822.0
44 41 44 0.0 0.0 0.0 0.0 14318.0 468.0 192.0
44 41 45 0.0 0.0 0.0 0.0 724.0 26.0 0.0
44 42 34 0.0 0.0 0.0 0.0 1.0 0.0 0.0
44 42 35 0.0 0.0 0.0 0.0 410.0 16.0 0.0
44 42 36 0.0 0.0 0.0 0.0 9605.0 314.0 87.0
44 42 37 0.0 0.0 0.0 2.0 33850.0 1041.0 1516.0
44 42 38 0.0 0.0 0.0 4.0 62179.0 1458.0 7375.0
44 42 39 0.0 0.0 0.0 0.0 73714.0 1510.0 13534.0
44 42 40 0.0 0.0 0.0 0.0 76102.0 1554.0 16335.0
44 42 41 0.0 0.0 0.0 4.0 73623.0 1468.0 14143.0
44 42 42 0.0 0.0 0.0 0.0 60297.0 1540.0 6986.0
44 42 43 0.0 0.0 0.0 0.0 33998.0 1050.0 1420.0
44 42 44 0.0 0.0 0.0 0.0 8963.0 323.0 73.0
44 42 45 0.0 0.0 0.0 0.0 279.0 7.0 0.0
44 42 46 0.0 0.0 0.0 0.0 1.0 0.0 0.0
44 43 35 0.0 0.0 0.0 0.0 93.0 1.0 0.0
44 43 36 0.0 0.0 0.0 0.0 3435.0 111.0 8.0
44 43 37 0.0 0.0 0.0 0.0 15492.0 516.0 252.0
44 43 38 0.0 0.0 0.0 0.0 32671.0 1008.0 1332.0
44 43 39 0.0 0.0 0.0 0.0 48355.0 1264.0 3625.0
44 43 40 0.0 0.0 0.0 2.0 53762.0 1471.0 4627.0
44 43 41 0.0 0.0 0.0 0.0 48020.0 1313.0 3491.0
44 43 42 0.0 0.0 0.0 0.0 32653.0 975.0 1326.0
44 43 43 0.0 0.0 0.0 0.0 14671.0 473.0 236.0
44 43 44 0.0 0.0 0.0 0.0 3378.0 98.0 12.0
44 43 45 0.0 0.0 0.0 0.0 131.0 2.0 0.0
44 44 35 0.0 0.0 0.0 0.0 20.0 1.0 0.0
44 44 36 0.0 0.0 0.0 0.0 633.0 22.0 0.0
44 44 37 0.0 0.0 0.0 0.0 3259.0 99.0 6.0
44 44 38 0.0 0.0 0.0 0.0 8879.0 299.0 68.0
44 44 39 0.0 0.0 0.0 0.0 14424.0 483.0 208.0
44 44 40 0.0 0.0 0.0 0.0 16390.0 531.0 292.0
44 44 41 0.0 0.0 0.0 0.0 13864.0 429.0 213.0
44 44 42 0.0 0.0 0.0 0.0 8471.0 272.0 65.0
44 44 43 0.0 0.0 0.0 0.0 3385.0 110.0 12.0
44 44 44 0.0 0.0 0.0 0.0 646.0 26.0 1.0
44 44 45 0.0 0.0 0.0 0.0 12.0 1.0 0.0
44 45 36 0.0 0.0 0.0 0.0 5.0 0.0 0.0
44 45 37 0.0 0.0 0.0 0.0 99.0 5.0 0.0
44 45 38 0.0 0.0 0.0 0.0 371.0 12.0 0.0
44 45 39 0.0 0.0 0.0 0.0 629.0 21.0 1.0
44 45 40 0.0 0.0 0.0 0.0 827.0 22.0 2.0
44 45 41 0.0 0.0 0.0 0.0 795.0 28.0 0.0
44 45 42 0.0 0.0 0.0 0.0 420.0 17.0 0.0
44 45 43 0.0 0.0 0.0 0.0 116.0 4.0 0.0
44 45 44 0.0 0.0 0.0 0.0 8.0 1.0 0.0
44 46 39 0.0 0.0 0.0 0.0 1.0 0.0 0.0
44 46 40 0.0 0.0 0.0 0.0 1.0 0.0 0.0
44 46 41 0.0 0.0 0.0 0.0 2.0 0.0 0.0
45 35 35 0.0 0.0 0.0 0.0 1.0 0.0 0.0
45 35 37 0.0 0.0 0.0 0.0 7.0 1.0 0.0
45 35 38 0.0 0.0 0.0 0.0 22.0 0.0 0.0
45 35 39 0.0 0.0 0.0 0.0 45.0 2.0 0.0
45 35 40 0.0 0.0 0.0 0.0 38.0 3.0 0.0
45 35 41 0.0 0.0 0.0 0.0 29.0 1.0 0.0
45 35 42 0.0 0.0 0.0 0.0 16.0 0.0 0.0
45 35 43 0.0 0.0 0.0 0.0 24.0 2.0 0.0
45 36 35 0.0 0.0 0.0 0.0 3.0 0.0 0.0
45 36 36 0.0 0.0 0.0 0.0 15.0 1.0 0.0
45 36 37 0.0 0.0 0.0 0.0 116.0 5.0 0.0
45 36 38 0.0 0.0 0.0 0.0 436.0 12.0 0.0
45 36 39 0.0 0.0 0.0 0.0 797.0 19.0 0.0
45 36 40 0.0 0.0 0.0 0.0 1007.0 39.0 1.0
45 36 41 0.0 0.0 0.0 0.0 751.0 25.0 1.0
45 36 42 0.0 0.0 0.0 0.0 426.0 10.0 0.0
45 36 43 0.0 0.0 0.0 0.0 110.0 6.0 0.0
45 36 44 0.0 0.0 0.0 0.0 9.0 0.0 0.0
45 37 35 0.0 0.0 0.0 0.0 6.0 1.0 0.0
45 37 36 0.0 0.0 0.0 0.0 125.0 4.0 0.0
45 37 37 0.0 0.0 0.0 0.0 817.0 35.0 0.0
45 37 38 0.0 0.0 0.0 0.0 2361.0 70.0 5.0
45 37 39 0.0 0.0 0.0 0.0 3907.0 128.0 8.0
45 37 40 0.0 0.0 0.0 0.0 4859.0 169.0 21.0
45 37 41 0.0 0.0 0.0 0.0 4396.0 121.0 14.0
45 37 42 0.0 0.0 0.0 0.0 2206.0 56.0 3.0
45 37 43 0.0 0.0 0.0 0.0 702.0 13.0 0.0
45 37 44 0.0 0.0 0.0 0.0 101.0 6.0 0.0
45 37 45 0.0 0.0 0.0 0.0 3.0 0.0 0.0
45 38 35 0.0 0.0 0.0 0.0 23.0 1.0 0.0
45 38 36 0.0 0.0 0.0 0.0 363.0 14.0 0.0
45 38 37 0.0 0.0 0.0 0.0 2477.0 84.0 5.0
45 38 38 0.0 0.0 0.0 0.0 6688.0 224.0 40.0
45 38 39 0.0 0.0 0.0 0.0 11217.0 370.0 96.0
45 38 40 0.0 0.0 0.0 0.0 13073.0 392.0 173.0
45 38 41 0.0 0.0 0.0 0.0 10762.0 351.0 100.0
45 38 42 0.0 0.0 0.0 0.0 6419.0 220.0 39.0
45 38 43 0.0 0.0 0.0 0.0 2096.0 67.0 1.0
45 38 44 0.0 0.0 0.0 0.0 322.0 11.0 0.0
45 38 45 0.0 0.0 0.0 0.0 9.0 0.0 0.0
45 39 35 0.0 0.0 0.0 0.0 40.0 1.0 0.0
45 39 36 0.0 0.0 0.0 0.0 781.0 22.0 1.0
45 39 37 0.0 0.0 0.0 0.0 4045.0 126.0 9.0
45 39 38 0.0 0.0 0.0 0.0 11190.0 385.0 120.0
45 39 39 0.0 0.0 0.0 0.0 18601.0 568.0 321.0
45 39 40 0.0 0.0 0.0 0.0 20742.0 682.0 402.0
45 39 41 0.0 0.0 0.0 0.0 18318.0 613.0 305.0
45 39 42 0.0 0.0 0.0 0.0 10893.0 360.0 100.0
45 39 43 0.0 0.0 0.0 0.0 4017.0 147.0 18.0
45 39 44 0.0 0.0 0.0 0.0 698.0 25.0 0.0
45 39 45 0.0 0.0 0.0 0.0 23.0 0.0 0.0
45 40 35 0.0 0.0 0.0 0.0 51.0 2.0 0.0
45 40 36 0.0 0.0 0.0 0.0 961.0 27.0 1.0
45 40 37 0.0 0.0 0.0 0.0 5322.0 173.0 21.0
45 40 38 0.0 0.0 0.0 0.0 13140.0 404.0 149.0
45 40 39 0.0 0.0 0.0 0.0 21481.0 693.0 448.0
45 40 40 0.0 0.0 0.0 0.0 24050.0 787.0 515.0
45 40 41 0.0 0.0 0.0 2.0 20934.0 672.0 445.0
45 40 42 0.0 0.0 0.0 0.0 12383.0 412.0 119.0
45 40 43 0.0 0.0 0.0 0.0 4784.0 192.0 17.0
45 40 44 0.0 0.0 0.0 0.0 841.0 32.0 1.0
45 40 45 0.0 0.0 0.0 0.0 51.0 1.0 0.0
45 41 35 0.0 0.0 0.0 0.0 38.0 0.0 0.0
45 41 36 0.0 0.0 0.0 0.0 861.0 38.0 1.0
45 41 37 0.0 0.0 0.0 0.0 4189.0 127.0 13.0
45 41 38 0.0 0.0 0.0 0.0 11290.0 380.0 99.0
45 41 39 0.0 0.0 0.0 0.0 18088.0 573.0 267.0
45 41 40 0.0 0.0 0.0 2.0 21154.0 694.0 389.0
45 41 41 0.0 0.0 0.0 0.0 17642.0 595.0 305.0
45 41 42 0.0 0.0 0.0 0.0 10337.0 330.0 88.0
45 41 43 0.0 0.0 0.0 0.0 3873.0 140.0 9.0
45 41 44 0.0 0.0 0.0 0.0 721.0 24.0 2.0
45 41 45 0.0 0.0 0.0 0.0 17.0 1.0 0.0
45 42 35 0.0 0.0 0.0 0.0 23.0 0.0 0.0
45 42 36 0.0 0.0 0.0 0.0 404.0 14.0 0.0
45 42 37 0.0 0.0 0.0 0.0 2315.0 72.0 3.0
45 42 38 0.0 0.0 0.0 0.0 6160.0 204.0 28.0
45 42 39 0.0 0.0 0.0 0.0 10680.0 381.0 94.0
45 42 40 0.0 0.0 0.0 0.0 12764.0 449.0 140.0
45 42 41 0.0 0.0 0.0 0.0 11018.0 349.0 113.0
45 42 42 0.0 0.0 0.0 0.0 6244.0 208.0 24.0
45 42 43 0.0 0.0 0.0 0.0 2092.0 76.0 2.0
45 42 44 0.0 0.0 0.0 0.0 415.0 15.0 0.0
45 42 45 0.0 0.0 0.0 0.0 13.0 1.0 0.0
45 43 35 0.0 0.0 0.0 0.0 6.0 1.0 0.0
45 43 36 0.0 0.0 0.0 0.0 120.0 2.0 0.0
45 43 37 0.0 0.0 0.0 0.0 594.0 15.0 1.0
45 43 38 0.0 0.0 0.0 0.0 2298.0 84.0 7.0
45 43 39 0.0 0.0 0.0 0.0 4004.0 160.0 14.0
45 43 40 0.0 0.0 0.0 0.0 4860.0 149.0 14.0
45 43 41 0.0 0.0 0.0 0.0 3881.0 143.0 14.0
45 43 42 0.0 0.0 0.0 0.0 2301.0 76.0 2.0
45 43 43 0.0 0.0 0.0 0.0 619.0 23.0 0.0
45 43 44 0.0 0.0 0.0 0.0 106.0 1.0 0.0
45 43 45 0.0 0.0 0.0 0.0 3.0 0.0 0.0
45 44 35 0.0 0.0 0.0 0.0 2.0 0.0 0.0
45 44 36 0.0 0.0 0.0 0.0 9.0 1.0 0.0
45 44 37 0.0 0.0 0.0 0.0 112.0 2.0 0.0
45 44 38 0.0 0.0 0.0 0.0 341.0 7.0 0.0
45 44 39 0.0 0.0 0.0 0.0 719.0 27.0 0.0
45 44 40 0.0 0.0 0.0 0.0 906.0 38.0 1.0
45 44 41 0.0 0.0 0.0 0.0 633.0 16.0 1.0
45 44 42 0.0 0.0 0.0 0.0 308.0 9.0 0.0
45 44 43 0.0 0.0 0.0 0.0 116.0 6.0 0.0
45 44 44 0.0 0.0 0.0 0.0 12.0 0.0 0.0
45 45 37 0.0 0.0 0.0 0.0 4.0 0.0 0.0
45 45 38 0.0 0.0 0.0 0.0 9.0 0.0 0.0
45 45 39 0.0 0.0 0.0 0.0 41.0 3.0 0.0
45 45 40 0.0 0.0 0.0 0.0 20.0 1.0 0.0
45 45 41 0.0 0.0 0.0 0.0 25.0 1.0 0.0
45 45 42 0.0 0.0 0.0 0.0 10.0 0.0 0.0
45 45 44 0.0 0.0 0.0 0.0 1.0 0.0 0.0
46 36 41 0.0 0.0 0.0 0.0 2.0 0.0 0.0
46 36 42 0.0 0.0 0.0 0.0 3.0 0.0 0.0
46 37 38 0.0 0.0 0.0 0.0 6.0 0.0 0.0
46 37 39 0.0 0.0 0.0 0.0 9.0 0.0 0.0
46 37 40 0.0 0.0 0.0 0.0 23.0 1.0 0.0
46 37 41 0.0 0.0 0.0 0.0 10.0 0.0 0.0
46 37 42 0.0 0.0 0.0 0.0 3.0 0.0 0.0
46 38 37 0.0 0.0 0.0 0.0 7.0 0.0 0.0
46 38 38 0.0 0.0 0.0 0.0 23.0 1.0 0.0
46 38 39 0.0 0.0 0.0 0.0 50.0 3.0 0.0
46 38 40 0.0 0.0 0.0 0.0 82.0 4.0 0.0
46 38 41 0.0 0.0 0.0 0.0 72.0 4.0 0.0
46 38 42 0.0 0.0 0.0 0.0 33.0 1.0 0.0
46 38 43 0.0 0.0 0.0 0.0 7.0 1.0 0.0
46 39 36 0.0 0.0 0.0 0.0 8.0 0.0 0.0
46 39 37 0.0 0.0 0.0 0.0 13.0 0.0 0.0
46 39 38 0.0 0.0 0.0 0.0 90.0 5.0 0.0
46 39 39 0.0 0.0 0.0 0.0 149.0 2.0 0.0
46 39 40 0.0 0.0 0.0 0.0 194.0 7.0 0.0
46 39 41 0.0 0.0 0.0 0.0 108.0 6.0 0.0
46 39 42 0.0 0.0 0.0 0.0 73.0 4.0 0.0
46 39 43 0.0 0.0 0.0 0.0 10.0 0.0 0.0
46 39 44 0.0 0.0 0.0 0.0 1.0 0.0 0.0
46 40 36 0.0 0.0 0.0 0.0 1.0 0.0 0.0
46 40 37 0.0 0.0 0.0 0.0 10.0 0.0 0.0
46 40 38 0.0 0.0 0.0 0.0 74.0 3.0 0.0
46 40 39 0.0 0.0 0.0 0.0 159.0 2.0 0.0
46 40 40 0.0 0.0 0.0 0.0 229.0 7.0 0.0
46 40 41 0.0 0.0 0.0 0.0 174.0 6.0 0.0
46 40 42 0.0 0.0 0.0 0.0 79.0 2.0 0.0
46 40 43 0.0 0.0 0.0 0.0 21.0 1.0 0.0
46 41 37 0.0 0.0 0.0 0.0 19.0 0.0 0.0
46 41 38 0.0 0.0 0.0 0.0 61.0 3.0 0.0
46 41 39 0.0 0.0 0.0 0.0 137.0 5.0 0.0
46 41 40 0.0 0.0 0.0 0.0 163.0 5.0 0.0
46 41 41 0.0 0.0 0.0 0.0 135.0 5.0 0.0
46 41 42 0.0 0.0 0.0 0.0 65.0 3.0 0.0
46 41 43 0.0 0.0 0.0 0.0 13.0 1.0 0.0
46 41 44 0.0 0.0 0.0 0.0 3.0 0.0 0.0
46 42 36 0.0 0.0 0.0 0.0 1.0 0.0 0.0
46 42 37 0.0 0.0 0.0 0.0 7.0 0.0 0.0
46 42 38 0.0 0.0 0.0 0.0 31.0 3.0 0.0
46 42 39 0.0 0.0 0.0 0.0 68.0 2.0 0.0
46 42 40 0.0 0.0 0.0 0.0 91.0 4.0 0.0
46 42 41 0.0 0.0 0.0 0.0 64.0 2.0 0.0
46 42 42 0.0 0.0 0.0 0.0 18.0 1.0 0.0
46 42 43 0.0 0.0 0.0 0.0 2.0 0.0 0.0
46 43 38 0.0 0.0 0.0 0.0 11.0 0.0 0.0
46 43 39 0.0 0.0 0.0 0.0 15.0 0.0 0.0
46 43 40 0.0 0.0 0.0 0.0 14.0 0.0 0.0
46 43 41 0.0 0.0 0.0 0.0 20.0 1.0 0.0
46 43 42 0.0 0.0 0.0 0.0 4.0 0.0 0.0
46 43 43 0.0 0.0 0.0 0.0 1.0 0.0 0.0
46 44 40 0.0 0.0 0.0 0.0 1.0 0.0 0.0
46 44 41 0.0 0.0 0.0 0.0 1.0 0.0 0.0
46 44 42 0.0 0.0 0.0 0.0 2.0 0.0 0.0
46 45 42 0.0 0.0 0.0 0.0 1.0 0.0 0.0
