37 37 39 0.0 0.0 0.0 0.0 1.0 0.0 0.0
37 37 40 0.0 0.0 0.0 0.0 3.0 0.0 0.0
37 37 42 0.0 0.0 0.0 0.0 1.0 0.0 0.0
37 38 38 0.0 0.0 0.0 0.0 3.0 0.0 0.0
37 38 39 0.0 0.0 0.0 0.0 17.0 1.0 0.0
37 38 40 0.0 0.0 0.0 0.0 14.0 1.0 0.0
37 38 41 0.0 0.0 0.0 0.0 21.0 1.0 0.0
37 38 42 0.0 0.0 0.0 0.0 1.0 0.0 0.0
37 38 43 0.0 0.0 0.0 0.0 1.0 0.0 0.0
37 39 38 0.0 0.0 0.0 0.0 28.0 0.0 0.0
37 39 39 0.0 0.0 0.0 0.0 34.0 3.0 0.0
37 39 40 0.0 0.0 0.0 0.0 42.0 1.0 0.0
37 39 41 0.0 0.0 0.0 0.0 35.0 1.0 0.0
37 39 42 0.0 0.0 0.0 0.0 18.0 1.0 0.0
37 39 43 0.0 0.0 0.0 0.0 5.0 0.0 0.0
37 40 38 0.0 0.0 0.0 0.0 13.0 0.0 0.0
37 40 39 0.0 0.0 0.0 0.0 50.0 1.0 0.0
37 40 40 0.0 0.0 0.0 0.0 57.0 2.0 0.0
37 40 41 0.0 0.0 0.0 0.0 41.0 1.0 0.0
37 40 42 0.0 0.0 0.0 0.0 6.0 0.0 0.0
37 41 37 0.0 0.0 0.0 0.0 1.0 0.0 0.0
37 41 38 0.0 0.0 0.0 0.0 15.0 0.0 0.0
37 41 39 0.0 0.0 0.0 0.0 23.0 2.0 0.0
37 41 40 0.0 0.0 0.0 1.0 50.0 1.0 0.0
37 41 41 0.0 0.0 0.0 0.0 35.0 5.0 0.0
37 41 42 0.0 0.0 0.0 0.0 13.0 1.0 0.0
37 41 43 0.0 0.0 0.0 0.0 1.0 0.0 0.0
37 42 38 0.0 0.0 0.0 0.0 6.0 0.0 0.0
37 42 39 0.0 0.0 0.0 0.0 7.0 0.0 0.0
37 42 40 0.0 0.0 0.0 0.0 29.0 2.0 0.0
37 42 41 0.0 0.0 0.0 0.0 26.0 0.0 0.0
37 42 42 0.0 0.0 0.0 0.0 3.0 0.0 0.0
37 42 43 0.0 0.0 0.0 0.0 1.0 0.0 0.0
37 43 40 0.0 0.0 0.0 0.0 5.0 1.0 0.0
37 43 41 0.0 0.0 0.0 0.0 2.0 0.0 0.0
38 37 37 0.0 0.0 0.0 0.0 1.0 0.0 0.0
38 37 38 0.0 0.0 0.0 0.0 7.0 0.0 0.0
38 37 39 0.0 0.0 0.0 0.0 18.0 1.0 0.0
38 37 40 0.0 0.0 0.0 0.0 12.0 2.0 0.0
38 37 41 0.0 0.0 0.0 0.0 16.0 0.0 0.0
38 37 42 0.0 0.0 0.0 0.0 4.0 0.0 0.0
38 38 37 0.0 0.0 0.0 0.0 3.0 0.0 0.0
38 38 38 0.0 0.0 0.0 1.0 1153.0 39.0 2.0
38 38 39 0.0 0.0 0.0 3.0 3369.0 106.0 17.0
38 38 40 0.0 0.0 0.0 3.0 4504.0 160.0 19.0
38 38 41 0.0 0.0 0.0 0.0 2903.0 90.0 4.0
38 38 42 0.0 0.0 0.0 0.0 1269.0 50.0 3.0
38 38 43 0.0 0.0 0.0 0.0 9.0 1.0 0.0
38 39 37 0.0 0.0 0.0 0.0 19.0 2.0 0.0
38 39 38 0.0 0.0 0.0 0.0 2832.0 101.0 9.0
38 39 39 0.0 0.0 0.0 11.0 8174.0 271.0 64.0
38 39 40 0.0 0.0 0.0 21.0 11286.0 399.0 127.0
38 39 41 0.0 0.0 0.0 3.0 7730.0 271.0 54.0
38 39 42 0.0 0.0 0.0 2.0 3211.0 94.0 7.0
38 39 43 0.0 0.0 0.0 0.0 7.0 0.0 0.0
38 40 37 0.0 0.0 0.0 0.0 14.0 0.0 0.0
38 40 38 0.0 0.0 0.0 0.0 3960.0 132.0 20.0
38 40 39 0.0 0.0 0.0 13.0 11364.0 390.0 138.0
38 40 40 0.0 0.0 0.0 12.0 15029.0 501.0 209.0
38 40 41 0.0 0.0 0.0 3.0 11494.0 384.0 125.0
38 40 42 0.0 0.0 0.0 0.0 4280.0 141.0 17.0
38 40 43 0.0 0.0 0.0 0.0 14.0 1.0 0.0
38 41 37 0.0 0.0 0.0 0.0 6.0 0.0 0.0
38 41 38 0.0 0.0 0.0 2.0 2852.0 96.0 4.0
38 41 39 0.0 0.0 0.0 6.0 8627.0 320.0 62.0
38 41 40 0.0 0.0 0.0 8.0 11764.0 395.0 131.0
38 41 41 0.0 0.0 0.0 7.0 8635.0 285.0 71.0
38 41 42 0.0 0.0 0.0 0.0 2965.0 99.0 11.0
38 41 43 0.0 0.0 0.0 0.0 8.0 0.0 0.0
38 42 37 0.0 0.0 0.0 0.0 1.0 0.0 0.0
38 42 38 0.0 0.0 0.0 1.0 1150.0 45.0 1.0
38 42 39 0.0 0.0 0.0 0.0 3337.0 103.0 14.0
38 42 40 0.0 0.0 0.0 13.0 4515.0 149.0 19.0
38 42 41 0.0 0.0 0.0 1.0 3121.0 111.0 11.0
38 42 42 0.0 0.0 0.0 1.0 1154.0 35.0 3.0
38 42 43 0.0 0.0 0.0 0.0 4.0 1.0 0.0
38 43 37 0.0 0.0 0.0 0.0 1.0 0.0 0.0
38 43 38 0.0 0.0 0.0 0.0 2.0 0.0 0.0
38 43 39 0.0 0.0 0.0 0.0 12.0 0.0 0.0
38 43 40 0.0 0.0 0.0 0.0 31.0 0.0 0.0
38 43 41 0.0 0.0 0.0 0.0 8.0 0.0 0.0
38 43 42 0.0 0.0 0.0 0.0 1.0 0.0 0.0
39 37 37 0.0 0.0 0.0 0.0 1.0 0.0 0.0
39 37 38 0.0 0.0 0.0 0.0 11.0 1.0 0.0
39 37 39 0.0 0.0 0.0 0.0 31.0 2.0 0.0
39 37 40 0.0 0.0 0.0 0.0 46.0 3.0 0.0
39 37 41 0.0 0.0 0.0 0.0 30.0 1.0 0.0
39 37 42 0.0 0.0 0.0 0.0 20.0 0.0 0.0
39 37 43 0.0 0.0 0.0 0.0 3.0 0.0 0.0
39 38 37 0.0 0.0 0.0 0.0 9.0 0.0 0.0
39 38 38 0.0 0.0 0.0 0.0 2571.0 82.0 4.0
39 38 39 0.0 0.0 0.0 2.0 7674.0 248.0 54.0
39 38 40 0.0 0.0 0.0 4.0 11270.0 407.0 105.0
39 38 41 0.0 0.0 0.0 6.0 8037.0 279.0 69.0
39 38 42 0.0 0.0 0.0 3.0 2867.0 98.0 4.0
39 38 43 0.0 0.0 0.0 0.0 12.0 2.0 0.0
39 39 37 0.0 0.0 0.0 0.0 24.0 1.0 0.0
39 39 38 0.0 0.0 0.0 2.0 7226.0 230.0 52.0
39 39 39 0.0 0.0 0.0 146.0 64598.0 1459.0 12307.0
39 39 40 0.0 0.0 0.0 118.0 70092.0 1492.0 16744.0
39 39 41 0.0 0.0 0.0 29.0 64788.0 1455.0 12399.0
39 39 42 0.0 0.0 0.0 7.0 8054.0 312.0 58.0
39 39 43 0.0 0.0 0.0 0.0 44.0 1.0 0.0
39 40 37 0.0 0.0 0.0 0.0 46.0 4.0 0.0
39 40 38 0.0 0.0 0.0 4.0 11148.0 385.0 102.0
39 40 39 0.0 0.0 0.0 140.0 69224.0 1601.0 14849.0
39 40 40 0.0 0.0 0.0 61.0 74793.0 1461.0 22087.0
39 40 41 0.0 0.0 0.0 39.0 69891.0 1503.0 15769.0
39 40 42 0.0 0.0 0.0 5.0 10995.0 380.0 112.0
39 40 43 0.0 0.0 0.0 0.0 44.0 2.0 0.0
39 41 37 0.0 0.0 0.0 0.0 26.0 1.0 0.0
39 41 38 0.0 0.0 0.0 1.0 7631.0 271.0 57.0
39 41 39 0.0 0.0 0.0 32.0 64772.0 1489.0 12237.0
39 41 40 0.0 0.0 0.0 192.0 70795.0 1451.0 18120.0
39 41 41 0.0 0.0 0.0 49.0 64872.0 1507.0 12108.0
39 41 42 0.0 0.0 0.0 7.0 7586.0 274.0 40.0
39 41 43 0.0 0.0 0.0 0.0 24.0 1.0 0.0
39 42 37 0.0 0.0 0.0 0.0 7.0 0.0 0.0
39 42 38 0.0 0.0 0.0 0.0 2885.0 110.0 11.0
39 42 39 0.0 0.0 0.0 6.0 8473.0 271.0 65.0
39 42 40 0.0 0.0 0.0 17.0 11742.0 393.0 152.0
39 42 41 0.0 0.0 0.0 8.0 8760.0 292.0 74.0
39 42 42 0.0 0.0 0.0 7.0 2747.0 83.0 7.0
39 42 43 0.0 0.0 0.0 0.0 47.0 0.0 0.0
39 43 37 0.0 0.0 0.0 0.0 2.0 0.0 0.0
39 43 38 0.0 0.0 0.0 0.0 6.0 0.0 0.0
39 43 39 0.0 0.0 0.0 0.0 33.0 0.0 0.0
39 43 40 0.0 0.0 0.0 0.0 40.0 2.0 0.0
39 43 41 0.0 0.0 0.0 0.0 64.0 4.0 0.0
39 43 42 0.0 0.0 0.0 0.0 3.0 0.0 0.0
39 43 43 0.0 0.0 0.0 0.0 3.0 0.0 0.0
40 37 37 0.0 0.0 0.0 0.0 2.0 0.0 0.0
40 37 38 0.0 0.0 0.0 0.0 12.0 0.0 0.0
40 37 39 0.0 0.0 0.0 0.0 44.0 0.0 0.0
40 37 40 0.0 0.0 0.0 0.0 68.0 2.0 0.0
40 37 41 0.0 0.0 0.0 0.0 39.0 2.0 0.0
40 37 42 0.0 0.0 0.0 0.0 11.0 0.0 0.0
40 37 43 0.0 0.0 0.0 0.0 2.0 0.0 0.0
40 38 37 0.0 0.0 0.0 0.0 12.0 1.0 0.0
40 38 38 0.0 0.0 0.0 3.0 4822.0 170.0 23.0
40 38 39 0.0 0.0 0.0 2.0 10824.0 347.0 98.0
40 38 40 0.0 0.0 0.0 7.0 15718.0 496.0 252.0
40 38 41 0.0 0.0 0.0 8.0 10963.0 347.0 117.0
40 38 42 0.0 0.0 0.0 1.0 4578.0 161.0 21.0
40 38 43 0.0 0.0 0.0 0.0 19.0 0.0 0.0
40 39 37 0.0 0.0 0.0 0.0 38.0 2.0 0.0
40 39 38 0.0 0.0 0.0 5.0 11460.0 413.0 130.0
40 39 39 0.0 0.0 0.0 56.0 69671.0 1459.0 15694.0
40 39 40 0.0 0.0 0.0 109.0 74342.0 1490.0 21560.0
40 39 41 0.0 0.0 0.0 130.0 70092.0 1447.0 16102.0
40 39 42 0.0 0.0 0.0 3.0 10481.0 378.0 78.0
40 39 43 0.0 0.0 0.0 0.0 55.0 3.0 0.0
40 40 37 0.0 0.0 0.0 0.0 57.0 4.0 0.0
40 40 38 0.0 0.0 0.0 9.0 15639.0 494.0 248.0
40 40 39 0.0 0.0 0.0 67.0 74950.0 1495.0 21607.0
40 40 40 0.0 0.0 0.0 173.0 45498.0 583.0 87413.0
40 40 41 0.0 0.0 0.0 37.0 74737.0 1443.0 21733.0
40 40 42 0.0 0.0 0.0 12.0 15630.0 471.0 244.0
40 40 43 0.0 0.0 0.0 0.0 51.0 1.0 0.0
40 41 37 0.0 0.0 0.0 0.0 64.0 4.0 0.0
40 41 38 0.0 0.0 0.0 5.0 11386.0 401.0 124.0
40 41 39 0.0 0.0 0.0 53.0 69973.0 1512.0 16184.0
40 41 40 0.0 0.0 0.0 82.0 74996.0 1435.0 22101.0
40 41 41 0.0 0.0 0.0 74.0 70245.0 1447.0 16483.0
40 41 42 0.0 0.0 0.0 3.0 11323.0 387.0 108.0
40 41 43 0.0 0.0 0.0 0.0 53.0 3.0 0.0
40 42 37 0.0 0.0 0.0 0.0 17.0 1.0 0.0
40 42 38 0.0 0.0 0.0 2.0 4440.0 143.0 15.0
40 42 39 0.0 0.0 0.0 2.0 11325.0 363.0 119.0
40 42 40 0.0 0.0 0.0 23.0 16148.0 546.0 278.0
40 42 41 0.0 0.0 0.0 14.0 11035.0 385.0 124.0
40 42 42 0.0 0.0 0.0 1.0 4226.0 143.0 16.0
40 42 43 0.0 0.0 0.0 0.0 15.0 0.0 0.0
40 43 37 0.0 0.0 0.0 0.0 4.0 0.0 0.0
40 43 38 0.0 0.0 0.0 0.0 20.0 1.0 0.0
40 43 39 0.0 0.0 0.0 0.0 60.0 3.0 0.0
40 43 40 0.0 0.0 0.0 0.0 75.0 0.0 0.0
40 43 41 0.0 0.0 0.0 0.0 48.0 0.0 0.0
40 43 42 0.0 0.0 0.0 0.0 13.0 0.0 0.0
40 43 43 0.0 0.0 0.0 0.0 4.0 0.0 0.0
41 37 38 0.0 0.0 0.0 0.0 11.0 1.0 0.0
41 37 39 0.0 0.0 0.0 0.0 29.0 2.0 0.0
41 37 40 0.0 0.0 0.0 0.0 46.0 2.0 0.0
41 37 41 0.0 0.0 0.0 0.0 42.0 1.0 0.0
41 37 42 0.0 0.0 0.0 0.0 17.0 1.0 0.0
41 38 37 0.0 0.0 0.0 0.0 14.0 0.0 0.0
41 38 38 0.0 0.0 0.0 0.0 3166.0 101.0 8.0
41 38 39 0.0 0.0 0.0 0.0 8126.0 268.0 63.0
41 38 40 0.0 0.0 0.0 3.0 11125.0 378.0 120.0
41 38 41 0.0 0.0 0.0 0.0 7960.0 262.0 45.0
41 38 42 0.0 0.0 0.0 6.0 3171.0 108.0 15.0
41 38 43 0.0 0.0 0.0 0.0 8.0 1.0 0.0
41 39 37 0.0 0.0 0.0 0.0 28.0 3.0 0.0
41 39 38 0.0 0.0 0.0 0.0 8456.0 292.0 61.0
41 39 39 0.0 0.0 0.0 36.0 66215.0 1466.0 13686.0
41 39 40 0.0 0.0 0.0 51.0 69899.0 1462.0 16193.0
41 39 41 0.0 0.0 0.0 47.0 66524.0 1464.0 13221.0
41 39 42 0.0 0.0 0.0 1.0 8422.0 260.0 61.0
41 39 43 0.0 0.0 0.0 0.0 25.0 1.0 0.0
41 40 37 0.0 0.0 0.0 0.0 36.0 1.0 0.0
41 40 38 0.0 0.0 0.0 7.0 10988.0 341.0 133.0
41 40 39 0.0 0.0 0.0 90.0 70043.0 1494.0 16438.0
41 40 40 0.0 0.0 0.0 58.0 75038.0 1374.0 25007.0
41 40 41 0.0 0.0 0.0 75.0 69571.0 1502.0 15277.0
41 40 42 0.0 0.0 0.0 4.0 11176.0 365.0 119.0
41 40 43 0.0 0.0 0.0 0.0 51.0 3.0 0.0
41 41 37 0.0 0.0 0.0 0.0 38.0 0.0 0.0
41 41 38 0.0 0.0 0.0 0.0 8894.0 300.0 60.0
41 41 39 0.0 0.0 0.0 62.0 65310.0 1436.0 12434.0
41 41 40 0.0 0.0 0.0 42.0 69225.0 1417.0 15105.0
41 41 41 0.0 0.0 0.0 72.0 64312.0 1509.0 11730.0
41 41 42 0.0 0.0 0.0 3.0 7902.0 258.0 54.0
41 41 43 0.0 0.0 0.0 0.0 47.0 0.0 0.0
41 42 37 0.0 0.0 0.0 0.0 18.0 0.0 0.0
41 42 38 0.0 0.0 0.0 5.0 2921.0 103.0 8.0
41 42 39 0.0 0.0 0.0 2.0 8294.0 270.0 65.0
41 42 40 0.0 0.0 0.0 1.0 11169.0 381.0 94.0
41 42 41 0.0 0.0 0.0 0.0 7682.0 267.0 65.0
41 42 42 0.0 0.0 0.0 1.0 3127.0 95.0 12.0
41 42 43 0.0 0.0 0.0 0.0 11.0 0.0 0.0
41 43 37 0.0 0.0 0.0 0.0 1.0 0.0 0.0
41 43 38 0.0 0.0 0.0 0.0 12.0 1.0 0.0
41 43 39 0.0 0.0 0.0 0.0 32.0 2.0 0.0
41 43 40 0.0 0.0 0.0 0.0 51.0 2.0 0.0
41 43 41 0.0 0.0 0.0 0.0 39.0 0.0 0.0
41 43 42 0.0 0.0 0.0 0.0 10.0 0.0 0.0
41 43 43 0.0 0.0 0.0 0.0 3.0 0.0 0.0
42 37 37 0.0 0.0 0.0 0.0 2.0 0.0 0.0
42 37 38 0.0 0.0 0.0 0.0 3.0 0.0 0.0
42 37 39 0.0 0.0 0.0 0.0 15.0 0.0 0.0
42 37 40 0.0 0.0 0.0 0.0 14.0 1.0 0.0
42 37 41 0.0 0.0 0.0 0.0 7.0 0.0 0.0
42 37 42 0.0 0.0 0.0 0.0 12.0 1.0 0.0
42 38 37 0.0 0.0 0.0 0.0 7.0 0.0 0.0
42 38 38 0.0 0.0 0.0 1.0 1355.0 39.0 1.0
42 38 39 0.0 0.0 0.0 5.0 3327.0 119.0 9.0
42 38 40 0.0 0.0 0.0 0.0 4620.0 151.0 16.0
42 38 41 0.0 0.0 0.0 3.0 3221.0 123.0 10.0
42 38 42 0.0 0.0 0.0 0.0 1303.0 30.0 2.0
42 38 43 0.0 0.0 0.0 0.0 4.0 0.0 0.0
42 39 37 0.0 0.0 0.0 0.0 12.0 1.0 0.0
42 39 38 0.0 0.0 0.0 2.0 3415.0 133.0 8.0
42 39 39 0.0 0.0 0.0 12.0 9003.0 316.0 86.0
42 39 40 0.0 0.0 0.0 6.0 11984.0 381.0 137.0
42 39 41 0.0 0.0 0.0 4.0 8343.0 289.0 77.0
42 39 42 0.0 0.0 0.0 0.0 3152.0 113.0 6.0
42 39 43 0.0 0.0 0.0 0.0 9.0 0.0 0.0
42 40 37 0.0 0.0 0.0 0.0 19.0 1.0 0.0
42 40 38 0.0 0.0 0.0 5.0 4900.0 171.0 23.0
42 40 39 0.0 0.0 0.0 0.0 11936.0 404.0 137.0
42 40 40 0.0 0.0 0.0 10.0 17558.0 579.0 311.0
42 40 41 0.0 0.0 0.0 2.0 12079.0 408.0 144.0
42 40 42 0.0 0.0 0.0 6.0 4598.0 156.0 20.0
42 40 43 0.0 0.0 0.0 0.0 18.0 0.0 0.0
42 41 37 0.0 0.0 0.0 0.0 18.0 2.0 0.0
42 41 38 0.0 0.0 0.0 1.0 2943.0 85.0 5.0
42 41 39 0.0 0.0 0.0 3.0 8738.0 313.0 64.0
42 41 40 0.0 0.0 0.0 2.0 11702.0 389.0 142.0
42 41 41 0.0 0.0 0.0 5.0 8274.0 287.0 58.0
42 41 42 0.0 0.0 0.0 1.0 2718.0 101.0 4.0
42 41 43 0.0 0.0 0.0 0.0 17.0 1.0 0.0
42 42 37 0.0 0.0 0.0 0.0 13.0 0.0 0.0
42 42 38 0.0 0.0 0.0 2.0 1240.0 44.0 0.0
42 42 39 0.0 0.0 0.0 0.0 2932.0 103.0 5.0
42 42 40 0.0 0.0 0.0 0.0 4285.0 136.0 19.0
42 42 41 0.0 0.0 0.0 0.0 3122.0 108.0 8.0
42 42 42 0.0 0.0 0.0 2.0 1192.0 41.0 1.0
42 42 43 0.0 0.0 0.0 0.0 2.0 0.0 0.0
42 43 38 0.0 0.0 0.0 0.0 4.0 0.0 0.0
42 43 39 0.0 0.0 0.0 0.0 10.0 1.0 0.0
42 43 40 0.0 0.0 0.0 0.0 13.0 0.0 0.0
42 43 41 0.0 0.0 0.0 0.0 22.0 1.0 0.0
42 43 42 0.0 0.0 0.0 0.0 3.0 0.0 0.0
43 37 38 0.0 0.0 0.0 0.0 1.0 0.0 0.0
43 37 39 0.0 0.0 0.0 0.0 3.0 0.0 0.0
43 38 37 0.0 0.0 0.0 0.0 1.0 0.0 0.0
43 38 38 0.0 0.0 0.0 0.0 10.0 0.0 0.0
43 38 39 0.0 0.0 0.0 0.0 16.0 0.0 0.0
43 38 40 0.0 0.0 0.0 0.0 15.0 0.0 0.0
43 38 41 0.0 0.0 0.0 0.0 15.0 1.0 0.0
43 38 42 0.0 0.0 0.0 0.0 3.0 0.0 0.0
43 39 37 0.0 0.0 0.0 0.0 2.0 0.0 0.0
43 39 38 0.0 0.0 0.0 0.0 20.0 0.0 0.0
43 39 39 0.0 0.0 0.0 0.0 61.0 0.0 0.0
43 39 40 0.0 0.0 0.0 0.0 53.0 3.0 0.0
43 39 41 0.0 0.0 0.0 0.0 35.0 1.0 0.0
43 39 42 0.0 0.0 0.0 0.0 17.0 0.0 0.0
43 40 37 0.0 0.0 0.0 0.0 1.0 0.0 0.0
43 40 38 0.0 0.0 0.0 0.0 24.0 1.0 0.0
43 40 39 0.0 0.0 0.0 0.0 52.0 3.0 0.0
43 40 40 0.0 0.0 0.0 0.0 120.0 3.0 0.0
43 40 41 0.0 0.0 0.0 0.0 54.0 4.0 0.0
43 40 42 0.0 0.0 0.0 0.0 13.0 0.0 0.0
43 41 37 0.0 0.0 0.0 0.0 1.0 0.0 0.0
43 41 38 0.0 0.0 0.0 0.0 9.0 1.0 0.0
43 41 39 0.0 0.0 0.0 0.0 62.0 1.0 0.0
43 41 40 0.0 0.0 0.0 0.0 42.0 2.0 0.0
43 41 41 0.0 0.0 0.0 0.0 53.0 3.0 0.0
43 41 42 0.0 0.0 0.0 0.0 14.0 1.0 0.0
43 41 43 0.0 0.0 0.0 0.0 1.0 0.0 0.0
43 42 38 0.0 0.0 0.0 0.0 2.0 0.0 0.0
43 42 39 0.0 0.0 0.0 0.0 20.0 0.0 0.0
43 42 40 0.0 0.0 0.0 0.0 25.0 3.0 0.0
43 42 41 0.0 0.0 0.0 0.0 9.0 0.0 0.0
43 42 42 0.0 0.0 0.0 0.0 2.0 0.0 0.0
43 43 38 0.0 0.0 0.0 0.0 1.0 0.0 0.0
43 43 40 0.0 0.0 0.0 0.0 2.0 0.0 0.0
