34 37 39 0.0 0.0 0.0 0.0 2.0 0.0 0.0
34 38 39 0.0 0.0 0.0 0.0 5.0 0.0 0.0
34 38 40 0.0 0.0 0.0 0.0 9.0 0.0 0.0
34 38 41 0.0 0.0 0.0 0.0 1.0 0.0 0.0
34 39 37 0.0 0.0 0.0 0.0 2.0 0.0 0.0
34 39 38 0.0 0.0 0.0 0.0 2.0 0.0 0.0
34 39 39 0.0 0.0 0.0 0.0 9.0 0.0 0.0
34 39 40 0.0 0.0 0.0 0.0 6.0 0.0 0.0
34 39 41 0.0 0.0 0.0 0.0 8.0 0.0 0.0
34 39 42 0.0 0.0 0.0 0.0 5.0 0.0 0.0
34 40 37 0.0 0.0 0.0 0.0 1.0 0.0 0.0
34 40 38 0.0 0.0 0.0 0.0 12.0 1.0 0.0
34 40 39 0.0 0.0 0.0 0.0 13.0 0.0 0.0
34 40 40 0.0 0.0 0.0 0.0 8.0 0.0 0.0
34 40 41 0.0 0.0 0.0 0.0 17.0 1.0 0.0
34 40 42 0.0 0.0 0.0 0.0 2.0 0.0 0.0
34 40 43 0.0 0.0 0.0 0.0 2.0 1.0 0.0
34 41 38 0.0 0.0 0.0 0.0 6.0 0.0 0.0
34 41 39 0.0 0.0 0.0 0.0 6.0 0.0 0.0
34 41 40 0.0 0.0 0.0 0.0 8.0 1.0 0.0
34 41 41 0.0 0.0 0.0 0.0 12.0 1.0 0.0
34 41 42 0.0 0.0 0.0 0.0 4.0 1.0 0.0
34 41 43 0.0 0.0 0.0 0.0 3.0 0.0 0.0
34 42 37 0.0 0.0 0.0 0.0 1.0 0.0 0.0
34 42 38 0.0 0.0 0.0 0.0 5.0 0.0 0.0
34 42 39 0.0 0.0 0.0 0.0 5.0 1.0 0.0
34 42 40 0.0 0.0 0.0 0.0 14.0 1.0 0.0
34 42 41 0.0 0.0 0.0 0.0 4.0 0.0 0.0
34 42 42 0.0 0.0 0.0 0.0 1.0 0.0 0.0
34 42 44 0.0 0.0 0.0 0.0 1.0 0.0 0.0
34 43 38 0.0 0.0 0.0 0.0 1.0 0.0 0.0
34 43 41 0.0 0.0 0.0 0.0 1.0 0.0 0.0
34 44 40 0.0 0.0 0.0 0.0 1.0 0.0 0.0
35 35 39 0.0 0.0 0.0 0.0 2.0 0.0 0.0
35 35 40 0.0 0.0 0.0 0.0 5.0 0.0 0.0
35 35 41 0.0 0.0 0.0 0.0 1.0 0.0 0.0
35 35 42 0.0 0.0 0.0 0.0 1.0 0.0 0.0
35 35 44 0.0 0.0 0.0 0.0 1.0 0.0 0.0
35 36 37 0.0 0.0 0.0 0.0 11.0 1.0 0.0
35 36 38 0.0 0.0 0.0 0.0 56.0 2.0 0.0
35 36 39 0.0 0.0 0.0 0.0 147.0 8.0 0.0
35 36 40 0.0 0.0 0.0 0.0 164.0 5.0 0.0
35 36 41 0.0 0.0 0.0 0.0 135.0 3.0 0.0
35 36 42 0.0 0.0 0.0 0.0 64.0 2.0 0.0
35 36 43 0.0 0.0 0.0 0.0 12.0 1.0 0.0
35 36 44 0.0 0.0 0.0 0.0 1.0 0.0 0.0
35 37 35 0.0 0.0 0.0 0.0 1.0 0.0 0.0
35 37 36 0.0 0.0 0.0 0.0 14.0 1.0 0.0
35 37 37 0.0 0.0 0.0 0.0 153.0 7.0 0.0
35 37 38 0.0 0.0 0.0 0.0 495.0 16.0 0.0
35 37 39 0.0 0.0 0.0 0.0 1017.0 36.0 0.0
35 37 40 0.0 0.0 0.0 0.0 1154.0 49.0 1.0
35 37 41 0.0 0.0 0.0 0.0 952.0 27.0 0.0
35 37 42 0.0 0.0 0.0 0.0 498.0 14.0 1.0
35 37 43 0.0 0.0 0.0 0.0 157.0 6.0 0.0
35 37 44 0.0 0.0 0.0 0.0 20.0 1.0 0.0
35 37 45 0.0 0.0 0.0 0.0 2.0 1.0 0.0
35 38 35 0.0 0.0 0.0 0.0 1.0 0.0 0.0
35 38 36 0.0 0.0 0.0 0.0 73.0 2.0 0.0
35 38 37 0.0 0.0 0.0 0.0 504.0 23.0 0.0
35 38 38 0.0 0.0 0.0 0.0 1651.0 61.0 0.0
35 38 39 0.0 0.0 0.0 0.0 3117.0 100.0 8.0
35 38 40 0.0 0.0 0.0 0.0 3752.0 151.0 12.0
35 38 41 0.0 0.0 0.0 0.0 3167.0 84.0 7.0
35 38 42 0.0 0.0 0.0 0.0 1447.0 59.0 0.0
35 38 43 0.0 0.0 0.0 0.0 548.0 20.0 0.0
35 38 44 0.0 0.0 0.0 0.0 72.0 4.0 0.0
35 38 45 0.0 0.0 0.0 0.0 1.0 0.0 0.0
35 39 35 0.0 0.0 0.0 0.0 5.0 0.0 0.0
35 39 36 0.0 0.0 0.0 0.0 153.0 4.0 0.0
35 39 37 0.0 0.0 0.0 0.0 944.0 38.0 0.0
35 39 38 0.0 0.0 0.0 0.0 3009.0 111.0 6.0
35 39 39 0.0 0.0 0.0 0.0 5646.0 193.0 24.0
35 39 40 0.0 0.0 0.0 1.0 7190.0 221.0 46.0
35 39 41 0.0 0.0 0.0 0.0 5811.0 204.0 19.0
35 39 42 0.0 0.0 0.0 0.0 3105.0 106.0 8.0
35 39 43 0.0 0.0 0.0 0.0 963.0 31.0 0.0
35 39 44 0.0 0.0 0.0 0.0 167.0 6.0 0.0
35 39 45 0.0 0.0 0.0 0.0 5.0 0.0 0.0
35 40 35 0.0 0.0 0.0 0.0 4.0 0.0 0.0
35 40 36 0.0 0.0 0.0 0.0 159.0 2.0 0.0
35 40 37 0.0 0.0 0.0 0.0 1185.0 47.0 0.0
35 40 38 0.0 0.0 0.0 0.0 3825.0 132.0 12.0
35 40 39 0.0 0.0 0.0 0.0 7057.0 214.0 38.0
35 40 40 0.0 0.0 0.0 1.0 8246.0 265.0 52.0
35 40 41 0.0 0.0 0.0 1.0 6779.0 241.0 32.0
35 40 42 0.0 0.0 0.0 0.0 4068.0 168.0 7.0
35 40 43 0.0 0.0 0.0 0.0 1176.0 51.0 0.0
35 40 44 0.0 0.0 0.0 0.0 122.0 5.0 0.0
35 40 45 0.0 0.0 0.0 0.0 13.0 1.0 0.0
35 41 35 0.0 0.0 0.0 0.0 6.0 1.0 0.0
35 41 36 0.0 0.0 0.0 0.0 161.0 5.0 0.0
35 41 37 0.0 0.0 0.0 0.0 1037.0 38.0 1.0
35 41 38 0.0 0.0 0.0 0.0 2999.0 103.0 7.0
35 41 39 0.0 0.0 0.0 0.0 5648.0 184.0 23.0
35 41 40 0.0 0.0 0.0 0.0 6952.0 243.0 35.0
35 41 41 0.0 0.0 0.0 0.0 6059.0 195.0 38.0
35 41 42 0.0 0.0 0.0 0.0 2977.0 97.0 9.0
35 41 43 0.0 0.0 0.0 0.0 916.0 36.0 1.0
35 41 44 0.0 0.0 0.0 0.0 127.0 3.0 0.0
35 42 35 0.0 0.0 0.0 0.0 2.0 0.0 0.0
35 42 36 0.0 0.0 0.0 0.0 75.0 2.0 0.0
35 42 37 0.0 0.0 0.0 0.0 490.0 20.0 0.0
35 42 38 0.0 0.0 0.0 0.0 1556.0 55.0 1.0
35 42 39 0.0 0.0 0.0 0.0 3231.0 127.0 6.0
35 42 40 0.0 0.0 0.0 0.0 3863.0 160.0 7.0
35 42 41 0.0 0.0 0.0 0.0 3082.0 112.0 3.0
35 42 42 0.0 0.0 0.0 0.0 1662.0 65.0 1.0
35 42 43 0.0 0.0 0.0 0.0 517.0 11.0 0.0
35 42 44 0.0 0.0 0.0 0.0 71.0 6.0 0.0
35 42 45 0.0 0.0 0.0 0.0 2.0 0.0 0.0
35 43 36 0.0 0.0 0.0 0.0 20.0 2.0 0.0
35 43 37 0.0 0.0 0.0 0.0 114.0 4.0 0.0
35 43 38 0.0 0.0 0.0 0.0 546.0 21.0 0.0
35 43 39 0.0 0.0 0.0 0.0 1141.0 38.0 0.0
35 43 40 0.0 0.0 0.0 0.0 1337.0 50.0 0.0
35 43 41 0.0 0.0 0.0 0.0 1003.0 42.0 0.0
35 43 42 0.0 0.0 0.0 0.0 441.0 24.0 0.0
35 43 43 0.0 0.0 0.0 0.0 106.0 5.0 0.0
35 43 44 0.0 0.0 0.0 0.0 16.0 0.0 0.0
35 44 36 0.0 0.0 0.0 0.0 7.0 0.0 0.0
35 44 37 0.0 0.0 0.0 0.0 13.0 0.0 0.0
35 44 38 0.0 0.0 0.0 0.0 59.0 1.0 0.0
35 44 39 0.0 0.0 0.0 0.0 129.0 5.0 0.0
35 44 40 0.0 0.0 0.0 0.0 200.0 9.0 0.0
35 44 41 0.0 0.0 0.0 0.0 143.0 4.0 0.0
35 44 42 0.0 0.0 0.0 0.0 63.0 4.0 0.0
35 44 43 0.0 0.0 0.0 0.0 21.0 1.0 0.0
35 44 44 0.0 0.0 0.0 0.0 2.0 0.0 0.0
35 45 38 0.0 0.0 0.0 0.0 3.0 0.0 0.0
35 45 39 0.0 0.0 0.0 0.0 2.0 0.0 0.0
35 45 40 0.0 0.0 0.0 0.0 3.0 0.0 0.0
35 45 41 0.0 0.0 0.0 0.0 7.0 0.0 0.0
35 45 42 0.0 0.0 0.0 0.0 7.0 0.0 0.0
36 35 36 0.0 0.0 0.0 0.0 1.0 0.0 0.0
36 35 37 0.0 0.0 0.0 0.0 18.0 1.0 0.0
36 35 38 0.0 0.0 0.0 0.0 84.0 4.0 0.0
36 35 39 0.0 0.0 0.0 0.0 135.0 6.0 0.0
36 35 40 0.0 0.0 0.0 0.0 147.0 5.0 0.0
36 35 41 0.0 0.0 0.0 0.0 125.0 4.0 0.0
36 35 42 0.0 0.0 0.0 0.0 60.0 0.0 0.0
36 35 43 0.0 0.0 0.0 0.0 21.0 1.0 0.0
36 35 44 0.0 0.0 0.0 0.0 8.0 0.0 0.0
36 36 36 0.0 0.0 0.0 0.0 92.0 6.0 0.0
36 36 37 0.0 0.0 0.0 0.0 890.0 34.0 0.0
36 36 38 0.0 0.0 0.0 0.0 2895.0 100.0 2.0
36 36 39 0.0 0.0 0.0 0.0 5921.0 196.0 29.0
36 36 40 0.0 0.0 0.0 0.0 6762.0 229.0 47.0
36 36 41 0.0 0.0 0.0 0.0 5780.0 204.0 34.0
36 36 42 0.0 0.0 0.0 0.0 3289.0 105.0 8.0
36 36 43 0.0 0.0 0.0 0.0 1029.0 25.0 1.0
36 36 44 0.0 0.0 0.0 0.0 98.0 4.0 0.0
36 36 45 0.0 0.0 0.0 0.0 3.0 0.0 0.0
36 37 35 0.0 0.0 0.0 0.0 24.0 1.0 0.0
36 37 36 0.0 0.0 0.0 0.0 884.0 28.0 0.0
36 37 37 0.0 0.0 0.0 0.0 5711.0 186.0 21.0
36 37 38 0.0 0.0 0.0 0.0 16374.0 531.0 283.0
36 37 39 0.0 0.0 0.0 2.0 25837.0 811.0 701.0
36 37 40 0.0 0.0 0.0 0.0 30242.0 908.0 1106.0
36 37 41 0.0 0.0 0.0 0.0 26217.0 799.0 708.0
36 37 42 0.0 0.0 0.0 0.0 15632.0 484.0 262.0
36 37 43 0.0 0.0 0.0 0.0 5392.0 183.0 17.0
36 37 44 0.0 0.0 0.0 0.0 1051.0 41.0 2.0
36 37 45 0.0 0.0 0.0 0.0 20.0 1.0 0.0
36 38 35 0.0 0.0 0.0 0.0 39.0 1.0 0.0
36 38 36 0.0 0.0 0.0 0.0 3207.0 123.0 6.0
36 38 37 0.0 0.0 0.0 1.0 15584.0 510.0 226.0
36 38 38 0.0 0.0 0.0 1.0 37371.0 1103.0 1840.0
36 38 39 0.0 0.0 0.0 4.0 51562.0 1376.0 4331.0
36 38 40 0.0 0.0 0.0 5.0 58231.0 1505.0 5990.0
36 38 41 0.0 0.0 0.0 2.0 52290.0 1319.0 4403.0
36 38 42 0.0 0.0 0.0 1.0 36569.0 1072.0 1671.0
36 38 43 0.0 0.0 0.0 0.0 16016.0 546.0 234.0
36 38 44 0.0 0.0 0.0 0.0 3095.0 107.0 9.0
36 38 45 0.0 0.0 0.0 0.0 53.0 1.0 0.0
36 39 35 0.0 0.0 0.0 0.0 137.0 6.0 0.0
36 39 36 0.0 0.0 0.0 0.0 5411.0 204.0 20.0
36 39 37 0.0 0.0 0.0 2.0 27564.0 839.0 862.0
36 39 38 0.0 0.0 0.0 0.0 52372.0 1424.0 4323.0
36 39 39 0.0 0.0 0.0 1.0 67724.0 1514.0 9344.0
36 39 40 0.0 0.0 0.0 3.0 71331.0 1505.0 11495.0
36 39 41 0.0 0.0 0.0 2.0 67293.0 1488.0 9475.0
36 39 42 0.0 0.0 0.0 0.0 53049.0 1382.0 4491.0
36 39 43 0.0 0.0 0.0 0.0 26545.0 799.0 807.0
36 39 44 0.0 0.0 0.0 0.0 5624.0 196.0 35.0
36 39 45 0.0 0.0 0.0 0.0 185.0 7.0 0.0
36 40 35 0.0 0.0 0.0 0.0 171.0 2.0 0.0
36 40 36 0.0 0.0 0.0 0.0 6759.0 217.0 33.0
36 40 37 0.0 0.0 0.0 0.0 30578.0 996.0 1169.0
36 40 38 0.0 0.0 0.0 4.0 56926.0 1420.0 5665.0
36 40 39 0.0 0.0 0.0 5.0 71502.0 1594.0 11821.0
36 40 40 0.0 0.0 0.0 0.0 75269.0 1543.0 14865.0
36 40 41 0.0 0.0 0.0 2.0 72275.0 1479.0 12336.0
36 40 42 0.0 0.0 0.0 0.0 58431.0 1411.0 6017.0
36 40 43 0.0 0.0 0.0 1.0 29589.0 883.0 986.0
36 40 44 0.0 0.0 0.0 0.0 6980.0 219.0 42.0
36 40 45 0.0 0.0 0.0 0.0 153.0 1.0 0.0
36 41 35 0.0 0.0 0.0 0.0 141.0 6.0 0.0
36 41 36 0.0 0.0 0.0 0.0 5599.0 206.0 25.0
36 41 37 0.0 0.0 0.0 0.0 25510.0 781.0 732.0
36 41 38 0.0 0.0 0.0 0.0 52330.0 1391.0 4404.0
36 41 39 0.0 0.0 0.0 0.0 67669.0 1484.0 9840.0
36 41 40 0.0 0.0 0.0 2.0 72033.0 1554.0 12198.0
36 41 41 0.0 0.0 0.0 1.0 67850.0 1489.0 9673.0
36 41 42 0.0 0.0 0.0 1.0 51751.0 1346.0 4253.0
36 41 43 0.0 0.0 0.0 3.0 25432.0 774.0 702.0
36 41 44 0.0 0.0 0.0 0.0 5358.0 186.0 14.0
36 41 45 0.0 0.0 0.0 0.0 121.0 2.0 0.0
36 42 35 0.0 0.0 0.0 0.0 63.0 3.0 0.0
36 42 36 0.0 0.0 0.0 0.0 3189.0 108.0 4.0
36 42 37 0.0 0.0 0.0 0.0 16091.0 514.0 270.0
36 42 38 0.0 0.0 0.0 2.0 37343.0 1077.0 1784.0
36 42 39 0.0 0.0 0.0 3.0 53611.0 1372.0 4672.0
36 42 40 0.0 0.0 0.0 0.0 58534.0 1482.0 6066.0
36 42 41 0.0 0.0 0.0 12.0 52916.0 1304.0 4373.0
36 42 42 0.0 0.0 0.0 8.0 36778.0 1061.0 1701.0
36 42 43 0.0 0.0 0.0 2.0 15095.0 460.0 226.0
36 42 44 0.0 0.0 0.0 0.0 3187.0 134.0 4.0
36 42 45 0.0 0.0 0.0 0.0 57.0 2.0 0.0
36 43 35 0.0 0.0 0.0 0.0 21.0 0.0 0.0
36 43 36 0.0 0.0 0.0 0.0 896.0 28.0 1.0
36 43 37 0.0 0.0 0.0 0.0 6252.0 215.0 40.0
36 43 38 0.0 0.0 0.0 1.0 16295.0 514.0 280.0
36 43 39 0.0 0.0 0.0 4.0 27422.0 889.0 832.0
36 43 40 0.0 0.0 0.0 0.0 32167.0 958.0 1301.0
36 43 41 0.0 0.0 0.0 1.0 27185.0 838.0 860.0
36 43 42 0.0 0.0 0.0 0.0 15956.0 507.0 279.0
36 43 43 0.0 0.0 0.0 1.0 5765.0 215.0 38.0
36 43 44 0.0 0.0 0.0 0.0 1067.0 37.0 0.0
36 43 45 0.0 0.0 0.0 0.0 8.0 1.0 0.0
36 44 35 0.0 0.0 0.0 0.0 1.0 0.0 0.0
36 44 36 0.0 0.0 0.0 0.0 146.0 8.0 0.0
36 44 37 0.0 0.0 0.0 0.0 983.0 42.0 1.0
36 44 38 0.0 0.0 0.0 0.0 3281.0 100.0 7.0
36 44 39 0.0 0.0 0.0 0.0 5807.0 202.0 24.0
36 44 40 0.0 0.0 0.0 2.0 7364.0 241.0 47.0
36 44 41 0.0 0.0 0.0 0.0 6010.0 206.0 19.0
36 44 42 0.0 0.0 0.0 3.0 3062.0 100.0 6.0
36 44 43 0.0 0.0 0.0 0.0 833.0 28.0 1.0
36 44 44 0.0 0.0 0.0 0.0 122.0 5.0 0.0
36 44 45 0.0 0.0 0.0 0.0 1.0 0.0 0.0
36 45 37 0.0 0.0 0.0 0.0 16.0 0.0 0.0
36 45 38 0.0 0.0 0.0 0.0 55.0 1.0 0.0
36 45 39 0.0 0.0 0.0 0.0 141.0 2.0 0.0
36 45 40 0.0 0.0 0.0 0.0 206.0 5.0 0.0
36 45 41 0.0 0.0 0.0 0.0 178.0 5.0 0.0
36 45 42 0.0 0.0 0.0 0.0 65.0 3.0 0.0
36 45 43 0.0 0.0 0.0 0.0 12.0 1.0 0.0
36 45 44 0.0 0.0 0.0 0.0 2.0 0.0 0.0
37 34 39 0.0 0.0 0.0 0.0 1.0 0.0 0.0
37 34 41 0.0 0.0 0.0 0.0 2.0 0.0 0.0
37 35 36 0.0 0.0 0.0 0.0 6.0 0.0 0.0
37 35 37 0.0 0.0 0.0 0.0 105.0 4.0 0.0
37 35 38 0.0 0.0 0.0 0.0 479.0 8.0 0.0
37 35 39 0.0 0.0 0.0 0.0 875.0 26.0 1.0
37 35 40 0.0 0.0 0.0 0.0 1041.0 33.0 0.0
37 35 41 0.0 0.0 0.0 0.0 1012.0 46.0 1.0
37 35 42 0.0 0.0 0.0 0.0 508.0 20.0 0.0
37 35 43 0.0 0.0 0.0 0.0 140.0 6.0 0.0
37 35 44 0.0 0.0 0.0 0.0 16.0 0.0 0.0
37 36 35 0.0 0.0 0.0 0.0 11.0 2.0 0.0
37 36 36 0.0 0.0 0.0 0.0 793.0 30.0 1.0
37 36 37 0.0 0.0 0.0 0.0 5125.0 186.0 21.0
37 36 38 0.0 0.0 0.0 0.0 15356.0 529.0 237.0
37 36 39 0.0 0.0 0.0 5.0 25068.0 796.0 681.0
37 36 40 0.0 0.0 0.0 1.0 29690.0 888.0 1097.0
37 36 41 0.0 0.0 0.0 1.0 25899.0 782.0 784.0
37 36 42 0.0 0.0 0.0 0.0 15847.0 514.0 286.0
37 36 43 0.0 0.0 0.0 0.0 5894.0 195.0 29.0
37 36 44 0.0 0.0 0.0 0.0 1031.0 35.0 0.0
37 36 45 0.0 0.0 0.0 0.0 10.0 0.0 0.0
37 37 35 0.0 0.0 0.0 0.0 100.0 2.0 0.0
37 37 36 0.0 0.0 0.0 2.0 5302.0 162.0 23.0
37 37 37 0.0 0.0 0.0 0.0 36041.0 1073.0 1761.0
37 37 38 0.0 0.0 0.0 1.0 65701.0 1530.0 10075.0
37 37 39 0.0 0.0 0.0 11.0 76899.0 1430.0 20561.0
37 37 40 0.0 0.0 0.0 11.0 78779.0 1357.0 24683.0
37 37 41 0.0 0.0 0.0 1.0 77353.0 1465.0 20670.0
37 37 42 0.0 0.0 0.0 0.0 67183.0 1535.0 10695.0
37 37 43 0.0 0.0 0.0 4.0 36643.0 1068.0 1905.0
37 37 44 0.0 0.0 0.0 0.0 6148.0 205.0 33.0
37 37 45 0.0 0.0 0.0 0.0 113.0 4.0 0.0
37 38 35 0.0 0.0 0.0 0.0 446.0 12.0 0.0
37 38 36 0.0 0.0 0.0 0.0 15873.0 524.0 267.0
37 38 37 0.0 0.0 0.0 2.0 65255.0 1491.0 9533.0
37 38 38 0.0 0.0 0.0 5.0 80880.0 1292.0 31284.0
37 38 39 0.0 0.0 0.0 15.0 78466.0 1034.0 49089.0
37 38 40 0.0 0.0 0.0 34.0 76536.0 922.0 54656.0
37 38 41 0.0 0.0 0.0 9.0 78195.0 1062.0 49341.0
37 38 42 0.0 0.0 0.0 1.0 80817.0 1335.0 31646.0
37 38 43 0.0 0.0 0.0 4.0 66527.0 1565.0 10437.0
37 38 44 0.0 0.0 0.0 0.0 16392.0 548.0 295.0
37 38 45 0.0 0.0 0.0 0.0 466.0 12.0 0.0
37 38 46 0.0 0.0 0.0 0.0 7.0 0.0 0.0
37 39 35 0.0 0.0 0.0 0.0 1015.0 39.0 0.0
37 39 36 0.0 0.0 0.0 0.0 25060.0 848.0 705.0
37 39 37 0.0 0.0 0.0 4.0 77121.0 1504.0 19930.0
37 39 38 0.0 0.0 0.0 9.0 77742.0 1017.0 49976.0
37 39 39 0.0 0.0 0.0 10.0 71185.0 820.0 67131.0
37 39 40 0.0 0.0 0.0 16.0 68681.0 771.0 72506.0
37 39 41 0.0 0.0 0.0 14.0 71373.0 807.0 67213.0
37 39 42 0.0 0.0 0.0 2.0 78422.0 1031.0 48923.0
37 39 43 0.0 0.0 0.0 8.0 77491.0 1464.0 21359.0
37 39 44 0.0 0.0 0.0 6.0 25541.0 787.0 763.0
37 39 45 0.0 0.0 0.0 0.0 854.0 28.0 1.0
37 40 34 0.0 0.0 0.0 0.0 1.0 0.0 0.0
37 40 35 0.0 0.0 0.0 0.0 1211.0 42.0 0.0
37 40 36 0.0 0.0 0.0 0.0 29830.0 914.0 1064.0
37 40 37 0.0 0.0 0.0 3.0 79158.0 1454.0 22837.0
37 40 38 0.0 0.0 0.0 11.0 76947.0 952.0 54079.0
37 40 39 0.0 0.0 0.0 13.0 68298.0 793.0 72923.0
37 40 40 0.0 0.0 0.0 9.0 66196.0 674.0 77622.0
37 40 41 0.0 0.0 0.0 10.0 68666.0 746.0 72939.0
37 40 42 0.0 0.0 0.0 8.0 76912.0 963.0 53887.0
37 40 43 0.0 0.0 0.0 0.0 79076.0 1455.0 23938.0
37 40 44 0.0 0.0 0.0 1.0 30103.0 929.0 1100.0
37 40 45 0.0 0.0 0.0 0.0 1304.0 50.0 2.0
37 41 34 0.0 0.0 0.0 0.0 1.0 0.0 0.0
37 41 35 0.0 0.0 0.0 0.0 970.0 39.0 0.0
37 41 36 0.0 0.0 0.0 0.0 24995.0 805.0 689.0
37 41 37 0.0 0.0 0.0 4.0 77018.0 1454.0 21068.0
37 41 38 0.0 0.0 0.0 4.0 78924.0 1097.0 49042.0
37 41 39 0.0 0.0 0.0 10.0 71467.0 818.0 66910.0
37 41 40 0.0 0.0 0.0 15.0 68469.0 755.0 73396.0
37 41 41 0.0 0.0 0.0 7.0 71471.0 854.0 67388.0
37 41 42 0.0 0.0 0.0 0.0 78176.0 1072.0 48971.0
37 41 43 0.0 0.0 0.0 0.0 77212.0 1478.0 19967.0
37 41 44 0.0 0.0 0.0 3.0 24813.0 813.0 725.0
37 41 45 0.0 0.0 0.0 0.0 891.0 30.0 1.0
37 42 35 0.0 0.0 0.0 0.0 526.0 16.0 0.0
37 42 36 0.0 0.0 0.0 0.0 15494.0 478.0 262.0
37 42 37 0.0 0.0 0.0 0.0 67038.0 1470.0 10813.0
37 42 38 0.0 0.0 0.0 1.0 80560.0 1336.0 32018.0
37 42 39 0.0 0.0 0.0 5.0 78248.0 1032.0 50434.0
37 42 40 0.0 0.0 0.0 6.0 76315.0 1005.0 55659.0
37 42 41 0.0 0.0 0.0 1.0 78098.0 1074.0 50114.0
37 42 42 0.0 0.0 0.0 9.0 80831.0 1359.0 32503.0
37 42 43 0.0 0.0 0.0 0.0 66705.0 1524.0 10528.0
37 42 44 0.0 0.0 0.0 0.0 15116.0 521.0 236.0
37 42 45 0.0 0.0 0.0 0.0 408.0 14.0 0.0
37 43 34 0.0 0.0 0.0 0.0 2.0 0.0 0.0
37 43 35 0.0 0.0 0.0 0.0 122.0 3.0 0.0
37 43 36 0.0 0.0 0.0 0.0 5651.0 204.0 28.0
37 43 37 0.0 0.0 0.0 2.0 38349.0 1095.0 2218.0
37 43 38 0.0 0.0 0.0 2.0 67448.0 1518.0 10708.0
37 43 39 0.0 0.0 0.0 0.0 77606.0 1496.0 20793.0
37 43 40 0.0 0.0 0.0 4.0 79346.0 1408.0 24735.0
37 43 41 0.0 0.0 0.0 13.0 77340.0 1405.0 20418.0
37 43 42 0.0 0.0 0.0 6.0 66560.0 1489.0 10117.0
37 43 43 0.0 0.0 0.0 0.0 35509.0 1089.0 1802.0
37 43 44 0.0 0.0 0.0 0.0 5633.0 189.0 30.0
37 43 45 0.0 0.0 0.0 0.0 150.0 4.0 0.0
37 44 35 0.0 0.0 0.0 0.0 22.0 0.0 0.0
37 44 36 0.0 0.0 0.0 0.0 1059.0 39.0 2.0
37 44 37 0.0 0.0 0.0 0.0 5696.0 211.0 19.0
37 44 38 0.0 0.0 0.0 0.0 16621.0 562.0 280.0
37 44 39 0.0 0.0 0.0 0.0 25981.0 792.0 780.0
37 44 40 0.0 0.0 0.0 0.0 32682.0 996.0 1376.0
37 44 41 0.0 0.0 0.0 4.0 26901.0 798.0 881.0
37 44 42 0.0 0.0 0.0 0.0 15299.0 458.0 227.0
37 44 43 0.0 0.0 0.0 0.0 5676.0 191.0 31.0
37 44 44 0.0 0.0 0.0 0.0 843.0 39.0 1.0
37 44 45 0.0 0.0 0.0 0.0 8.0 1.0 0.0
37 45 36 0.0 0.0 0.0 0.0 10.0 1.0 0.0
37 45 37 0.0 0.0 0.0 0.0 144.0 7.0 0.0
37 45 38 0.0 0.0 0.0 0.0 524.0 17.0 0.0
37 45 39 0.0 0.0 0.0 0.0 1017.0 29.0 0.0
37 45 40 0.0 0.0 0.0 0.0 1364.0 46.0 3.0
37 45 41 0.0 0.0 0.0 0.0 1038.0 41.0 0.0
37 45 42 0.0 0.0 0.0 0.0 551.0 21.0 0.0
37 45 43 0.0 0.0 0.0 0.0 166.0 4.0 0.0
37 45 44 0.0 0.0 0.0 0.0 28.0 2.0 0.0
37 46 40 0.0 0.0 0.0 0.0 2.0 0.0 0.0
37 46 41 0.0 0.0 0.0 0.0 3.0 0.0 0.0
38 34 39 0.0 0.0 0.0 0.0 2.0 0.0 0.0
38 34 40 0.0 0.0 0.0 0.0 8.0 0.0 0.0
38 34 41 0.0 0.0 0.0 0.0 5.0 0.0 0.0
38 35 35 0.0 0.0 0.0 0.0 1.0 0.0 0.0
38 35 36 0.0 0.0 0.0 0.0 43.0 2.0 0.0
38 35 37 0.0 0.0 0.0 0.0 468.0 11.0 1.0
38 35 38 0.0 0.0 0.0 0.0 1622.0 58.0 1.0
38 35 39 0.0 0.0 0.0 0.0 2894.0 95.0 3.0
38 35 40 0.0 0.0 0.0 1.0 3761.0 125.0 9.0
38 35 41 0.0 0.0 0.0 0.0 3061.0 113.0 5.0
38 35 42 0.0 0.0 0.0 0.0 1578.0 56.0 1.0
38 35 43 0.0 0.0 0.0 0.0 488.0 15.0 0.0
38 35 44 0.0 0.0 0.0 0.0 69.0 1.0 0.0
38 35 45 0.0 0.0 0.0 0.0 2.0 0.0 0.0
38 36 35 0.0 0.0 0.0 0.0 57.0 4.0 0.0
38 36 36 0.0 0.0 0.0 0.0 2952.0 98.0 7.0
38 36 37 0.0 0.0 0.0 0.0 15604.0 507.0 275.0
38 36 38 0.0 0.0 0.0 0.0 35983.0 1040.0 1683.0
38 36 39 0.0 0.0 0.0 3.0 51566.0 1428.0 4201.0
38 36 40 0.0 0.0 0.0 1.0 57047.0 1406.0 5636.0
38 36 41 0.0 0.0 0.0 8.0 52292.0 1397.0 4460.0
38 36 42 0.0 0.0 0.0 0.0 37047.0 1057.0 1832.0
38 36 43 0.0 0.0 0.0 0.0 16560.0 528.0 303.0
38 36 44 0.0 0.0 0.0 0.0 3605.0 134.0 6.0
38 36 45 0.0 0.0 0.0 0.0 33.0 1.0 0.0
38 37 35 0.0 0.0 0.0 0.0 396.0 9.0 0.0
38 37 36 0.0 0.0 0.0 0.0 15316.0 468.0 239.0
38 37 37 0.0 0.0 0.0 4.0 65558.0 1489.0 9850.0
38 37 38 0.0 0.0 0.0 1.0 80772.0 1339.0 32177.0
38 37 39 0.0 0.0 0.0 4.0 78971.0 1079.0 48218.0
38 37 40 0.0 0.0 0.0 36.0 77057.0 970.0 53764.0
38 37 41 0.0 0.0 0.0 33.0 78175.0 1064.0 49690.0
38 37 42 0.0 0.0 0.0 3.0 80949.0 1296.0 31993.0
38 37 43 0.0 0.0 0.0 4.0 66733.0 1478.0 10539.0
38 37 44 0.0 0.0 0.0 1.0 16540.0 581.0 284.0
38 37 45 0.0 0.0 0.0 0.0 628.0 27.0 0.0
38 38 34 0.0 0.0 0.0 0.0 4.0 1.0 0.0
38 38 35 0.0 0.0 0.0 0.0 1702.0 58.0 0.0
38 38 36 0.0 0.0 0.0 1.0 35218.0 1023.0 1589.0
38 38 37 0.0 0.0 0.0 18.0 80651.0 1351.0 31124.0
38 38 38 0.0 0.0 0.0 7.0 64638.0 694.0 80117.0
38 38 39 0.0 0.0 0.0 14.0 54285.0 459.0 101612.0
38 38 40 0.0 0.0 0.0 12.0 50808.0 400.0 108286.0
38 38 41 0.0 0.0 0.0 8.0 54242.0 490.0 101056.0
38 38 42 0.0 0.0 0.0 5.0 63161.0 605.0 82317.0
38 38 43 0.0 0.0 0.0 11.0 80774.0 1337.0 32620.0
38 38 44 0.0 0.0 0.0 0.0 35746.0 1058.0 1703.0
38 38 45 0.0 0.0 0.0 0.0 1694.0 64.0 1.0
38 38 46 0.0 0.0 0.0 0.0 2.0 0.0 0.0
38 39 34 0.0 0.0 0.0 0.0 4.0 1.0 0.0
38 39 35 0.0 0.0 0.0 3.0 2967.0 110.0 9.0
38 39 36 0.0 0.0 0.0 6.0 52287.0 1322.0 4316.0
38 39 37 0.0 0.0 0.0 4.0 78294.0 1066.0 48637.0
38 39 38 0.0 0.0 0.0 14.0 55429.0 462.0 100160.0
38 39 39 0.0 0.0 0.0 18.0 44067.0 261.0 121905.0
38 39 40 0.0 0.0 0.0 18.0 40658.0 244.0 127927.0
38 39 41 0.0 0.0 0.0 6.0 44497.0 328.0 121462.0
38 39 42 0.0 0.0 0.0 9.0 54333.0 465.0 101585.0
38 39 43 0.0 0.0 0.0 6.0 78704.0 1107.0 48337.0
38 39 44 0.0 0.0 0.0 3.0 52594.0 1300.0 4426.0
38 39 45 0.0 0.0 0.0 0.0 3180.0 124.0 5.0
38 39 46 0.0 0.0 0.0 0.0 6.0 0.0 0.0
38 40 34 0.0 0.0 0.0 0.0 10.0 1.0 0.0
38 40 35 0.0 0.0 0.0 0.0 3786.0 136.0 14.0
38 40 36 0.0 0.0 0.0 3.0 57493.0 1434.0 5569.0
38 40 37 0.0 0.0 0.0 4.0 77124.0 987.0 53372.0
38 40 38 0.0 0.0 0.0 12.0 51924.0 442.0 107163.0
38 40 39 0.0 0.0 0.0 18.0 41286.0 238.0 127555.0
38 40 40 0.0 0.0 0.0 19.0 37559.0 185.0 133207.0
38 40 41 0.0 0.0 0.0 16.0 40788.0 222.0 128023.0
38 40 42 0.0 0.0 0.0 8.0 51471.0 389.0 107752.0
38 40 43 0.0 0.0 0.0 7.0 76807.0 936.0 53258.0
38 40 44 0.0 0.0 0.0 0.0 57855.0 1471.0 5811.0
38 40 45 0.0 0.0 0.0 0.0 3815.0 138.0 13.0
38 40 46 0.0 0.0 0.0 0.0 6.0 0.0 0.0
38 41 34 0.0 0.0 0.0 0.0 4.0 0.0 0.0
38 41 35 0.0 0.0 0.0 0.0 2884.0 118.0 6.0
38 41 36 0.0 0.0 0.0 0.0 52550.0 1426.0 4432.0
38 41 37 0.0 0.0 0.0 3.0 78095.0 1061.0 49048.0
38 41 38 0.0 0.0 0.0 6.0 55295.0 449.0 100416.0
38 41 39 0.0 0.0 0.0 15.0 44003.0 244.0 122281.0
38 41 40 0.0 0.0 0.0 16.0 40441.0 242.0 128622.0
38 41 41 0.0 0.0 0.0 17.0 43936.0 275.0 122600.0
38 41 42 0.0 0.0 0.0 10.0 54464.0 447.0 101378.0
38 41 43 0.0 0.0 0.0 15.0 78753.0 1069.0 48089.0
38 41 44 0.0 0.0 0.0 3.0 50886.0 1366.0 3976.0
38 41 45 0.0 0.0 0.0 0.0 2991.0 102.0 8.0
38 41 46 0.0 0.0 0.0 0.0 3.0 0.0 0.0
38 42 35 0.0 0.0 0.0 0.0 1787.0 65.0 2.0
38 42 36 0.0 0.0 0.0 0.0 35452.0 1044.0 1617.0
38 42 37 0.0 0.0 0.0 2.0 81099.0 1303.0 31753.0
38 42 38 0.0 0.0 0.0 15.0 64284.0 689.0 80619.0
38 42 39 0.0 0.0 0.0 9.0 54051.0 405.0 102258.0
38 42 40 0.0 0.0 0.0 18.0 50576.0 374.0 109293.0
38 42 41 0.0 0.0 0.0 7.0 54461.0 464.0 101586.0
38 42 42 0.0 0.0 0.0 3.0 64515.0 647.0 80336.0
38 42 43 0.0 0.0 0.0 3.0 81043.0 1302.0 30541.0
38 42 44 0.0 0.0 0.0 6.0 35963.0 1064.0 1667.0
38 42 45 0.0 0.0 0.0 0.0 1674.0 66.0 3.0
38 43 34 0.0 0.0 0.0 0.0 1.0 0.0 0.0
38 43 35 0.0 0.0 0.0 0.0 484.0 18.0 0.0
38 43 36 0.0 0.0 0.0 0.0 15723.0 513.0 237.0
38 43 37 0.0 0.0 0.0 1.0 66664.0 1438.0 10482.0
38 43 38 0.0 0.0 0.0 5.0 80765.0 1395.0 32800.0
38 43 39 0.0 0.0 0.0 12.0 78004.0 1049.0 50391.0
38 43 40 0.0 0.0 0.0 13.0 76128.0 955.0 55556.0
38 43 41 0.0 0.0 0.0 16.0 78241.0 1077.0 49812.0
38 43 42 0.0 0.0 0.0 4.0 80848.0 1293.0 32980.0
38 43 43 0.0 0.0 0.0 2.0 66224.0 1545.0 9748.0
38 43 44 0.0 0.0 0.0 0.0 15954.0 530.0 285.0
38 43 45 0.0 0.0 0.0 0.0 514.0 19.0 0.0
38 43 46 0.0 0.0 0.0 0.0 2.0 1.0 0.0
38 44 35 0.0 0.0 0.0 0.0 54.0 2.0 0.0
38 44 36 0.0 0.0 0.0 0.0 2989.0 105.0 6.0
38 44 37 0.0 0.0 0.0 1.0 15606.0 516.0 251.0
38 44 38 0.0 0.0 0.0 2.0 37712.0 1059.0 1784.0
38 44 39 0.0 0.0 0.0 7.0 53546.0 1349.0 4624.0
38 44 40 0.0 0.0 0.0 1.0 58735.0 1477.0 6187.0
38 44 41 0.0 0.0 0.0 0.0 52564.0 1343.0 4611.0
38 44 42 0.0 0.0 0.0 0.0 37654.0 1083.0 1814.0
38 44 43 0.0 0.0 0.0 0.0 16316.0 524.0 260.0
38 44 44 0.0 0.0 0.0 0.0 2903.0 103.0 4.0
38 44 45 0.0 0.0 0.0 0.0 65.0 1.0 0.0
38 45 35 0.0 0.0 0.0 0.0 5.0 0.0 0.0
38 45 36 0.0 0.0 0.0 0.0 45.0 2.0 0.0
38 45 37 0.0 0.0 0.0 0.0 522.0 12.0 1.0
38 45 38 0.0 0.0 0.0 0.0 1677.0 52.0 1.0
38 45 39 0.0 0.0 0.0 0.0 3241.0 106.0 7.0
38 45 40 0.0 0.0 0.0 0.0 3957.0 131.0 9.0
38 45 41 0.0 0.0 0.0 0.0 3389.0 126.0 12.0
38 45 42 0.0 0.0 0.0 0.0 1729.0 68.0 1.0
38 45 43 0.0 0.0 0.0 0.0 509.0 17.0 0.0
38 45 44 0.0 0.0 0.0 0.0 65.0 1.0 0.0
38 45 45 0.0 0.0 0.0 0.0 5.0 0.0 0.0
38 46 37 0.0 0.0 0.0 0.0 2.0 0.0 0.0
38 46 38 0.0 0.0 0.0 0.0 1.0 0.0 0.0
38 46 39 0.0 0.0 0.0 0.0 7.0 1.0 0.0
38 46 40 0.0 0.0 0.0 0.0 10.0 0.0 0.0
38 46 41 0.0 0.0 0.0 0.0 8.0 1.0 0.0
38 46 42 0.0 0.0 0.0 0.0 2.0 0.0 0.0
38 46 43 0.0 0.0 0.0 0.0 3.0 0.0 0.0
39 34 37 0.0 0.0 0.0 0.0 2.0 0.0 0.0
39 34 38 0.0 0.0 0.0 0.0 3.0 0.0 0.0
39 34 39 0.0 0.0 0.0 0.0 10.0 0.0 0.0
39 34 40 0.0 0.0 0.0 0.0 23.0 2.0 0.0
39 34 41 0.0 0.0 0.0 0.0 11.0 1.0 0.0
39 34 42 0.0 0.0 0.0 0.0 9.0 0.0 0.0
39 35 35 0.0 0.0 0.0 0.0 1.0 0.0 0.0
39 35 36 0.0 0.0 0.0 0.0 136.0 5.0 0.0
39 35 37 0.0 0.0 0.0 0.0 961.0 40.0 1.0
39 35 38 0.0 0.0 0.0 0.0 2986.0 116.0 4.0
39 35 39 0.0 0.0 0.0 0.0 5789.0 202.0 22.0
39 35 40 0.0 0.0 0.0 0.0 6766.0 222.0 31.0
39 35 41 0.0 0.0 0.0 0.0 5723.0 196.0 15.0
39 35 42 0.0 0.0 0.0 0.0 3109.0 101.0 4.0
39 35 43 0.0 0.0 0.0 0.0 979.0 38.0 1.0
39 35 44 0.0 0.0 0.0 0.0 175.0 6.0 0.0
39 35 45 0.0 0.0 0.0 0.0 4.0 0.0 0.0
39 36 35 0.0 0.0 0.0 0.0 140.0 4.0 0.0
39 36 36 0.0 0.0 0.0 0.0 5590.0 194.0 26.0
39 36 37 0.0 0.0 0.0 0.0 24762.0 735.0 717.0
39 36 38 0.0 0.0 0.0 1.0 52772.0 1348.0 4596.0
39 36 39 0.0 0.0 0.0 6.0 67285.0 1593.0 9429.0
39 36 40 0.0 0.0 0.0 4.0 71985.0 1518.0 11903.0
39 36 41 0.0 0.0 0.0 4.0 66992.0 1545.0 9419.0
39 36 42 0.0 0.0 0.0 0.0 52872.0 1342.0 4596.0
39 36 43 0.0 0.0 0.0 0.0 26367.0 842.0 782.0
39 36 44 0.0 0.0 0.0 0.0 6239.0 232.0 39.0
39 36 45 0.0 0.0 0.0 0.0 138.0 6.0 0.0
39 37 35 0.0 0.0 0.0 0.0 944.0 39.0 1.0
39 37 36 0.0 0.0 0.0 0.0 26424.0 868.0 759.0
39 37 37 0.0 0.0 0.0 2.0 76693.0 1525.0 19819.0
39 37 38 0.0 0.0 0.0 3.0 78780.0 1039.0 48352.0
39 37 39 0.0 0.0 0.0 12.0 71353.0 785.0 67326.0
39 37 40 0.0 0.0 0.0 7.0 68684.0 705.0 72136.0
39 37 41 0.0 0.0 0.0 11.0 71631.0 811.0 67006.0
39 37 42 0.0 0.0 0.0 3.0 78100.0 1051.0 49041.0
39 37 43 0.0 0.0 0.0 15.0 77749.0 1455.0 21684.0
39 37 44 0.0 0.0 0.0 1.0 26375.0 840.0 784.0
39 37 45 0.0 0.0 0.0 0.0 843.0 26.0 0.0
39 37 46 0.0 0.0 0.0 0.0 1.0 0.0 0.0
39 38 34 0.0 0.0 0.0 0.0 8.0 0.0 0.0
39 38 35 0.0 0.0 0.0 0.0 3155.0 98.0 1.0
39 38 36 0.0 0.0 0.0 0.0 51592.0 1367.0 4223.0
39 38 37 0.0 0.0 0.0 1.0 78553.0 1047.0 48728.0
39 38 38 0.0 0.0 0.0 9.0 55269.0 486.0 99933.0
39 38 39 0.0 0.0 0.0 7.0 44395.0 282.0 121308.0
39 38 40 0.0 0.0 0.0 14.0 40481.0 236.0 128017.0
39 38 41 0.0 0.0 0.0 18.0 43819.0 265.0 122208.0
39 38 42 0.0 0.0 0.0 17.0 54868.0 478.0 100775.0
39 38 43 0.0 0.0 0.0 3.0 78242.0 1115.0 48650.0
39 38 44 0.0 0.0 0.0 9.0 52841.0 1385.0 4428.0
39 38 45 0.0 0.0 0.0 0.0 3146.0 113.0 7.0
39 38 46 0.0 0.0 0.0 0.0 10.0 1.0 0.0
39 39 34 0.0 0.0 0.0 0.0 7.0 0.0 0.0
39 39 35 0.0 0.0 0.0 0.0 5885.0 178.0 25.0
39 39 36 0.0 0.0 0.0 2.0 67579.0 1521.0 9555.0
39 39 37 0.0 0.0 0.0 10.0 72179.0 845.0 65779.0
39 39 38 0.0 0.0 0.0 10.0 44459.0 289.0 120772.0
39 39 39 0.0 0.0 0.0 22.0 26777.0 75.0 158647.0
39 39 40 0.0 0.0 0.0 19.0 24109.0 51.0 163267.0
39 39 41 0.0 0.0 0.0 14.0 26827.0 77.0 158518.0
39 39 42 0.0 0.0 0.0 25.0 44116.0 310.0 121916.0
39 39 43 0.0 0.0 0.0 4.0 71112.0 790.0 67548.0
39 39 44 0.0 0.0 0.0 1.0 68316.0 1532.0 9848.0
39 39 45 0.0 0.0 0.0 0.0 5771.0 217.0 27.0
39 39 46 0.0 0.0 0.0 0.0 16.0 1.0 0.0
39 40 34 0.0 0.0 0.0 0.0 11.0 1.0 0.0
39 40 35 0.0 0.0 0.0 0.0 6622.0 203.0 24.0
39 40 36 0.0 0.0 0.0 1.0 71870.0 1588.0 12103.0
39 40 37 0.0 0.0 0.0 5.0 69179.0 769.0 72476.0
39 40 38 0.0 0.0 0.0 11.0 41085.0 238.0 127628.0
39 40 39 0.0 0.0 0.0 9.0 24185.0 53.0 163266.0
39 40 40 0.0 0.0 0.0 11.0 20631.0 38.0 169114.0
39 40 41 0.0 0.0 0.0 18.0 24116.0 68.0 163432.0
39 40 42 0.0 0.0 0.0 15.0 41030.0 236.0 127799.0
39 40 43 0.0 0.0 0.0 6.0 69012.0 787.0 72422.0
39 40 44 0.0 0.0 0.0 3.0 71673.0 1539.0 11854.0
39 40 45 0.0 0.0 0.0 0.0 6976.0 247.0 38.0
39 40 46 0.0 0.0 0.0 0.0 15.0 0.0 0.0
39 41 34 0.0 0.0 0.0 0.0 11.0 0.0 0.0
39 41 35 0.0 0.0 0.0 0.0 5494.0 199.0 20.0
39 41 36 0.0 0.0 0.0 0.0 67368.0 1549.0 9494.0
39 41 37 0.0 0.0 0.0 4.0 71570.0 846.0 66707.0
39 41 38 0.0 0.0 0.0 5.0 44733.0 275.0 121331.0
39 41 39 0.0 0.0 0.0 18.0 26859.0 69.0 158935.0
39 41 40 0.0 0.0 0.0 20.0 23638.0 50.0 164711.0
39 41 41 0.0 0.0 0.0 9.0 26753.0 80.0 158257.0
39 41 42 0.0 0.0 0.0 20.0 44270.0 303.0 121585.0
39 41 43 0.0 0.0 0.0 10.0 71933.0 828.0 65916.0
39 41 44 0.0 0.0 0.0 4.0 66995.0 1548.0 9068.0
39 41 45 0.0 0.0 0.0 0.0 5607.0 175.0 17.0
39 41 46 0.0 0.0 0.0 0.0 10.0 0.0 0.0
39 42 34 0.0 0.0 0.0 0.0 8.0 0.0 0.0
39 42 35 0.0 0.0 0.0 0.0 2977.0 108.0 3.0
39 42 36 0.0 0.0 0.0 2.0 52530.0 1334.0 4353.0
39 42 37 0.0 0.0 0.0 4.0 78884.0 1100.0 48024.0
39 42 38 0.0 0.0 0.0 8.0 55341.0 462.0 100828.0
39 42 39 0.0 0.0 0.0 11.0 44265.0 292.0 121906.0
39 42 40 0.0 0.0 0.0 15.0 40380.0 246.0 128773.0
39 42 41 0.0 0.0 0.0 17.0 43967.0 278.0 122639.0
39 42 42 0.0 0.0 0.0 15.0 55011.0 438.0 100606.0
39 42 43 0.0 0.0 0.0 10.0 77608.0 1041.0 49671.0
39 42 44 0.0 0.0 0.0 0.0 52261.0 1392.0 4346.0
39 42 45 0.0 0.0 0.0 0.0 3099.0 106.0 6.0
39 42 46 0.0 0.0 0.0 0.0 1.0 0.0 0.0
39 43 35 0.0 0.0 0.0 0.0 987.0 26.0 0.0
39 43 36 0.0 0.0 0.0 0.0 26542.0 847.0 814.0
39 43 37 0.0 0.0 0.0 3.0 77226.0 1494.0 20253.0
39 43 38 0.0 0.0 0.0 3.0 78565.0 1057.0 48307.0
39 43 39 0.0 0.0 0.0 8.0 71054.0 834.0 67981.0
39 43 40 0.0 0.0 0.0 4.0 68451.0 735.0 73665.0
39 43 41 0.0 0.0 0.0 15.0 70670.0 786.0 68372.0
39 43 42 0.0 0.0 0.0 12.0 79066.0 1036.0 47480.0
39 43 43 0.0 0.0 0.0 0.0 77581.0 1485.0 20387.0
39 43 44 0.0 0.0 0.0 7.0 26854.0 837.0 878.0
39 43 45 0.0 0.0 0.0 0.0 998.0 44.0 1.0
39 44 35 0.0 0.0 0.0 0.0 136.0 4.0 0.0
39 44 36 0.0 0.0 0.0 0.0 5621.0 189.0 28.0
39 44 37 0.0 0.0 0.0 0.0 26853.0 822.0 792.0
39 44 38 0.0 0.0 0.0 2.0 52790.0 1340.0 4456.0
39 44 39 0.0 0.0 0.0 0.0 67920.0 1538.0 9855.0
39 44 40 0.0 0.0 0.0 4.0 72665.0 1503.0 12839.0
39 44 41 0.0 0.0 0.0 3.0 67747.0 1542.0 9913.0
39 44 42 0.0 0.0 0.0 4.0 53857.0 1430.0 4666.0
39 44 43 0.0 0.0 0.0 2.0 26437.0 843.0 804.0
39 44 44 0.0 0.0 0.0 1.0 5891.0 198.0 31.0
39 44 45 0.0 0.0 0.0 0.0 156.0 10.0 0.0
39 45 35 0.0 0.0 0.0 0.0 4.0 1.0 0.0
39 45 36 0.0 0.0 0.0 0.0 119.0 3.0 0.0
39 45 37 0.0 0.0 0.0 0.0 1077.0 31.0 0.0
39 45 38 0.0 0.0 0.0 0.0 3023.0 97.0 6.0
39 45 39 0.0 0.0 0.0 0.0 6188.0 226.0 34.0
39 45 40 0.0 0.0 0.0 0.0 7260.0 222.0 37.0
39 45 41 0.0 0.0 0.0 0.0 5827.0 189.0 24.0
39 45 42 0.0 0.0 0.0 0.0 3172.0 106.0 5.0
39 45 43 0.0 0.0 0.0 0.0 1011.0 25.0 1.0
39 45 44 0.0 0.0 0.0 0.0 134.0 8.0 0.0
39 45 45 0.0 0.0 0.0 0.0 1.0 0.0 0.0
39 46 37 0.0 0.0 0.0 0.0 3.0 0.0 0.0
39 46 38 0.0 0.0 0.0 0.0 7.0 0.0 0.0
39 46 39 0.0 0.0 0.0 0.0 8.0 0.0 0.0
39 46 40 0.0 0.0 0.0 0.0 17.0 1.0 0.0
39 46 41 0.0 0.0 0.0 0.0 13.0 0.0 0.0
39 46 42 0.0 0.0 0.0 0.0 5.0 0.0 0.0
40 34 36 0.0 0.0 0.0 0.0 1.0 0.0 0.0
40 34 38 0.0 0.0 0.0 0.0 8.0 0.0 0.0
40 34 39 0.0 0.0 0.0 0.0 13.0 0.0 0.0
40 34 40 0.0 0.0 0.0 0.0 8.0 0.0 0.0
40 34 41 0.0 0.0 0.0 0.0 12.0 0.0 0.0
40 34 42 0.0 0.0 0.0 0.0 8.0 0.0 0.0
40 35 35 0.0 0.0 0.0 0.0 1.0 0.0 0.0
40 35 36 0.0 0.0 0.0 0.0 166.0 5.0 0.0
40 35 37 0.0 0.0 0.0 0.0 1185.0 31.0 0.0
40 35 38 0.0 0.0 0.0 0.0 3666.0 123.0 8.0
40 35 39 0.0 0.0 0.0 0.0 7092.0 236.0 28.0
40 35 40 0.0 0.0 0.0 0.0 8352.0 273.0 59.0
40 35 41 0.0 0.0 0.0 0.0 7288.0 253.0 33.0
40 35 42 0.0 0.0 0.0 0.0 3698.0 127.0 11.0
40 35 43 0.0 0.0 0.0 0.0 1226.0 36.0 0.0
40 35 44 0.0 0.0 0.0 0.0 211.0 11.0 0.0
40 35 45 0.0 0.0 0.0 0.0 3.0 0.0 0.0
40 36 35 0.0 0.0 0.0 0.0 153.0 8.0 0.0
40 36 36 0.0 0.0 0.0 0.0 6700.0 218.0 41.0
40 36 37 0.0 0.0 0.0 0.0 30310.0 912.0 1090.0
40 36 38 0.0 0.0 0.0 15.0 57526.0 1402.0 5880.0
40 36 39 0.0 0.0 0.0 2.0 71408.0 1569.0 11666.0
40 36 40 0.0 0.0 0.0 3.0 74914.0 1494.0 14378.0
40 36 41 0.0 0.0 0.0 0.0 71618.0 1565.0 11721.0
40 36 42 0.0 0.0 0.0 1.0 57629.0 1452.0 5761.0
40 36 43 0.0 0.0 0.0 1.0 30113.0 930.0 1074.0
40 36 44 0.0 0.0 0.0 0.0 7511.0 254.0 48.0
40 36 45 0.0 0.0 0.0 0.0 160.0 5.0 0.0
40 37 34 0.0 0.0 0.0 0.0 1.0 0.0 0.0
40 37 35 0.0 0.0 0.0 0.0 1275.0 37.0 0.0
40 37 36 0.0 0.0 0.0 0.0 30608.0 877.0 1104.0
40 37 37 0.0 0.0 0.0 0.0 78849.0 1457.0 24567.0
40 37 38 0.0 0.0 0.0 5.0 77255.0 1053.0 53473.0
40 37 39 0.0 0.0 0.0 4.0 68475.0 776.0 73072.0
40 37 40 0.0 0.0 0.0 9.0 66401.0 692.0 77997.0
40 37 41 0.0 0.0 0.0 12.0 68779.0 749.0 72935.0
40 37 42 0.0 0.0 0.0 5.0 77017.0 1015.0 54193.0
40 37 43 0.0 0.0 0.0 7.0 79375.0 1430.0 25858.0
40 37 44 0.0 0.0 0.0 0.0 29812.0 898.0 1081.0
40 37 45 0.0 0.0 0.0 0.0 1261.0 37.0 1.0
40 38 34 0.0 0.0 0.0 0.0 3.0 0.0 0.0
40 38 35 0.0 0.0 0.0 0.0 4102.0 143.0 11.0
40 38 36 0.0 0.0 0.0 0.0 57608.0 1502.0 5713.0
40 38 37 0.0 0.0 0.0 9.0 76388.0 986.0 54695.0
40 38 38 0.0 0.0 0.0 4.0 50742.0 360.0 108845.0
40 38 39 0.0 0.0 0.0 13.0 41348.0 239.0 127214.0
40 38 40 0.0 0.0 0.0 8.0 37499.0 205.0 133980.0
40 38 41 0.0 0.0 0.0 14.0 40261.0 259.0 127539.0
40 38 42 0.0 0.0 0.0 17.0 50879.0 409.0 108389.0
40 38 43 0.0 0.0 0.0 13.0 76872.0 1031.0 54549.0
40 38 44 0.0 0.0 0.0 3.0 57852.0 1399.0 5798.0
40 38 45 0.0 0.0 0.0 0.0 3977.0 148.0 8.0
40 38 46 0.0 0.0 0.0 0.0 10.0 0.0 0.0
40 39 34 0.0 0.0 0.0 0.0 14.0 1.0 0.0
40 39 35 0.0 0.0 0.0 0.0 7166.0 242.0 24.0
40 39 36 0.0 0.0 0.0 1.0 72137.0 1643.0 12472.0
40 39 37 0.0 0.0 0.0 2.0 68626.0 796.0 73184.0
40 39 38 0.0 0.0 0.0 15.0 40884.0 235.0 128061.0
40 39 39 0.0 0.0 0.0 12.0 23918.0 67.0 163569.0
40 39 40 0.0 0.0 0.0 13.0 20729.0 42.0 168689.0
40 39 41 0.0 0.0 0.0 14.0 23737.0 53.0 163448.0
40 39 42 0.0 0.0 0.0 8.0 41321.0 256.0 127089.0
40 39 43 0.0 0.0 0.0 8.0 69064.0 771.0 72174.0
40 39 44 0.0 0.0 0.0 8.0 71404.0 1541.0 11883.0
40 39 45 0.0 0.0 0.0 0.0 6984.0 232.0 23.0
40 39 46 0.0 0.0 0.0 0.0 13.0 0.0 0.0
40 40 34 0.0 0.0 0.0 0.0 14.0 0.0 0.0
40 40 35 0.0 0.0 0.0 0.0 8581.0 305.0 51.0
40 40 36 0.0 0.0 0.0 6.0 74947.0 1511.0 14813.0
40 40 37 0.0 0.0 0.0 9.0 65949.0 696.0 78018.0
40 40 38 0.0 0.0 0.0 18.0 37024.0 224.0 133648.0
40 40 39 0.0 0.0 0.0 11.0 20678.0 43.0 169105.0
40 40 40 0.0 0.0 0.0 15.0 14070.0 0.0 196296.0
40 40 41 0.0 0.0 0.0 12.0 20793.0 30.0 169007.0
40 40 42 0.0 0.0 0.0 9.0 36867.0 194.0 134165.0
40 40 43 0.0 0.0 0.0 12.0 65938.0 752.0 78388.0
40 40 44 0.0 0.0 0.0 2.0 74880.0 1550.0 14659.0
40 40 45 0.0 0.0 0.0 0.0 8385.0 284.0 41.0
40 40 46 0.0 0.0 0.0 0.0 20.0 0.0 0.0
40 41 34 0.0 0.0 0.0 0.0 9.0 0.0 0.0
40 41 35 0.0 0.0 0.0 1.0 6756.0 216.0 27.0
40 41 36 0.0 0.0 0.0 0.0 71817.0 1609.0 11918.0
40 41 37 0.0 0.0 0.0 9.0 69017.0 710.0 72776.0
40 41 38 0.0 0.0 0.0 7.0 40704.0 236.0 128171.0
40 41 39 0.0 0.0 0.0 19.0 23945.0 60.0 163375.0
40 41 40 0.0 0.0 0.0 17.0 20687.0 36.0 169162.0
40 41 41 0.0 0.0 0.0 23.0 23860.0 60.0 163803.0
40 41 42 0.0 0.0 0.0 16.0 40681.0 239.0 127747.0
40 41 43 0.0 0.0 0.0 13.0 68772.0 689.0 72587.0
40 41 44 0.0 0.0 0.0 1.0 71638.0 1543.0 12459.0
40 41 45 0.0 0.0 0.0 0.0 7039.0 188.0 35.0
40 41 46 0.0 0.0 0.0 0.0 11.0 0.0 0.0
40 42 34 0.0 0.0 0.0 0.0 3.0 0.0 0.0
40 42 35 0.0 0.0 0.0 0.0 3508.0 124.0 7.0
40 42 36 0.0 0.0 0.0 2.0 56403.0 1439.0 5452.0
40 42 37 0.0 0.0 0.0 2.0 76718.0 1012.0 54198.0
40 42 38 0.0 0.0 0.0 4.0 50882.0 393.0 108129.0
40 42 39 0.0 0.0 0.0 16.0 40622.0 235.0 128111.0
40 42 40 0.0 0.0 0.0 17.0 37178.0 197.0 133740.0
40 42 41 0.0 0.0 0.0 15.0 40896.0 229.0 127731.0
40 42 42 0.0 0.0 0.0 21.0 51758.0 389.0 107781.0
40 42 43 0.0 0.0 0.0 20.0 77057.0 1061.0 53373.0
40 42 44 0.0 0.0 0.0 5.0 57473.0 1471.0 5754.0
40 42 45 0.0 0.0 0.0 0.0 3889.0 150.0 11.0
40 42 46 0.0 0.0 0.0 0.0 8.0 1.0 0.0
40 43 34 0.0 0.0 0.0 0.0 1.0 0.0 0.0
40 43 35 0.0 0.0 0.0 0.0 1165.0 40.0 0.0
40 43 36 0.0 0.0 0.0 1.0 30940.0 929.0 1151.0
40 43 37 0.0 0.0 0.0 7.0 78852.0 1481.0 24354.0
40 43 38 0.0 0.0 0.0 6.0 76099.0 923.0 54930.0
40 43 39 0.0 0.0 0.0 8.0 68160.0 759.0 73659.0
40 43 40 0.0 0.0 0.0 9.0 65293.0 656.0 80081.0
40 43 41 0.0 0.0 0.0 8.0 68994.0 769.0 72514.0
40 43 42 0.0 0.0 0.0 7.0 76075.0 1012.0 55239.0
40 43 43 0.0 0.0 0.0 17.0 79599.0 1510.0 24301.0
40 43 44 0.0 0.0 0.0 0.0 31305.0 918.0 1164.0
40 43 45 0.0 0.0 0.0 0.0 1246.0 42.0 1.0
40 43 46 0.0 0.0 0.0 0.0 1.0 0.0 0.0
40 44 35 0.0 0.0 0.0 0.0 160.0 9.0 0.0
40 44 36 0.0 0.0 0.0 1.0 6376.0 225.0 35.0
40 44 37 0.0 0.0 0.0 0.0 29849.0 877.0 1051.0
40 44 38 0.0 0.0 0.0 2.0 57032.0 1433.0 5733.0
40 44 39 0.0 0.0 0.0 8.0 72111.0 1582.0 12584.0
40 44 40 0.0 0.0 0.0 1.0 75588.0 1602.0 15120.0
40 44 41 0.0 0.0 0.0 7.0 71705.0 1525.0 12096.0
40 44 42 0.0 0.0 0.0 6.0 57625.0 1420.0 5762.0
40 44 43 0.0 0.0 0.0 3.0 30212.0 915.0 1098.0
40 44 44 0.0 0.0 0.0 0.0 7007.0 249.0 41.0
40 44 45 0.0 0.0 0.0 0.0 187.0 10.0 0.0
40 45 35 0.0 0.0 0.0 0.0 8.0 0.0 0.0
40 45 36 0.0 0.0 0.0 0.0 185.0 12.0 0.0
40 45 37 0.0 0.0 0.0 0.0 1173.0 44.0 1.0
40 45 38 0.0 0.0 0.0 0.0 3893.0 120.0 9.0
40 45 39 0.0 0.0 0.0 0.0 7400.0 263.0 40.0
40 45 40 0.0 0.0 0.0 0.0 8656.0 282.0 69.0
40 45 41 0.0 0.0 0.0 1.0 7342.0 267.0 42.0
40 45 42 0.0 0.0 0.0 0.0 3784.0 129.0 5.0
40 45 43 0.0 0.0 0.0 0.0 1166.0 40.0 2.0
40 45 44 0.0 0.0 0.0 0.0 215.0 10.0 0.0
40 45 45 0.0 0.0 0.0 0.0 6.0 0.0 0.0
40 46 38 0.0 0.0 0.0 0.0 1.0 0.0 0.0
40 46 39 0.0 0.0 0.0 0.0 15.0 1.0 0.0
40 46 40 0.0 0.0 0.0 0.0 12.0 0.0 0.0
40 46 41 0.0 0.0 0.0 0.0 17.0 0.0 0.0
40 46 42 0.0 0.0 0.0 0.0 3.0 0.0 0.0
40 46 44 0.0 0.0 0.0 0.0 1.0 0.0 0.0
41 34 37 0.0 0.0 0.0 0.0 1.0 0.0 0.0
41 34 38 0.0 0.0 0.0 0.0 3.0 0.0 0.0
41 34 39 0.0 0.0 0.0 0.0 3.0 0.0 0.0
41 34 40 0.0 0.0 0.0 0.0 11.0 0.0 0.0
41 34 41 0.0 0.0 0.0 0.0 8.0 0.0 0.0
41 34 42 0.0 0.0 0.0 0.0 7.0 0.0 0.0
41 35 35 0.0 0.0 0.0 0.0 3.0 0.0 0.0
41 35 36 0.0 0.0 0.0 0.0 127.0 5.0 0.0
41 35 37 0.0 0.0 0.0 0.0 937.0 28.0 2.0
41 35 38 0.0 0.0 0.0 0.0 3004.0 94.0 5.0
41 35 39 0.0 0.0 0.0 0.0 5834.0 199.0 19.0
41 35 40 0.0 0.0 0.0 0.0 7369.0 267.0 31.0
41 35 41 0.0 0.0 0.0 0.0 5789.0 202.0 21.0
41 35 42 0.0 0.0 0.0 0.0 3126.0 97.0 8.0
41 35 43 0.0 0.0 0.0 0.0 1009.0 29.0 0.0
41 35 44 0.0 0.0 0.0 0.0 142.0 3.0 0.0
41 35 45 0.0 0.0 0.0 0.0 2.0 0.0 0.0
41 36 34 0.0 0.0 0.0 0.0 1.0 0.0 0.0
41 36 35 0.0 0.0 0.0 0.0 140.0 6.0 0.0
41 36 36 0.0 0.0 0.0 0.0 5754.0 215.0 25.0
41 36 37 0.0 0.0 0.0 0.0 27004.0 763.0 827.0
41 36 38 0.0 0.0 0.0 2.0 52826.0 1346.0 4553.0
41 36 39 0.0 0.0 0.0 1.0 67832.0 1486.0 9699.0
41 36 40 0.0 0.0 0.0 0.0 71827.0 1497.0 12010.0
41 36 41 0.0 0.0 0.0 18.0 67685.0 1438.0 9677.0
41 36 42 0.0 0.0 0.0 1.0 51893.0 1383.0 4327.0
41 36 43 0.0 0.0 0.0 0.0 26385.0 840.0 788.0
41 36 44 0.0 0.0 0.0 0.0 5520.0 179.0 27.0
41 36 45 0.0 0.0 0.0 0.0 151.0 4.0 0.0
41 37 34 0.0 0.0 0.0 0.0 1.0 0.0 0.0
41 37 35 0.0 0.0 0.0 0.0 1021.0 34.0 3.0
41 37 36 0.0 0.0 0.0 0.0 26227.0 822.0 788.0
41 37 37 0.0 0.0 0.0 2.0 77743.0 1533.0 20956.0
41 37 38 0.0 0.0 0.0 5.0 78676.0 1059.0 49219.0
41 37 39 0.0 0.0 0.0 22.0 71609.0 819.0 67057.0
41 37 40 0.0 0.0 0.0 13.0 68852.0 769.0 71884.0
41 37 41 0.0 0.0 0.0 4.0 71662.0 853.0 67477.0
41 37 42 0.0 0.0 0.0 5.0 78390.0 1108.0 49312.0
41 37 43 0.0 0.0 0.0 0.0 77611.0 1416.0 21086.0
41 37 44 0.0 0.0 0.0 5.0 26936.0 887.0 861.0
41 37 45 0.0 0.0 0.0 0.0 959.0 34.0 0.0
41 37 46 0.0 0.0 0.0 0.0 2.0 0.0 0.0
41 38 34 0.0 0.0 0.0 0.0 8.0 1.0 0.0
41 38 35 0.0 0.0 0.0 0.0 3102.0 91.0 10.0
41 38 36 0.0 0.0 0.0 0.0 52866.0 1417.0 4399.0
41 38 37 0.0 0.0 0.0 3.0 78639.0 1021.0 49214.0
41 38 38 0.0 0.0 0.0 5.0 54295.0 511.0 101402.0
41 38 39 0.0 0.0 0.0 4.0 43757.0 244.0 122302.0
41 38 40 0.0 0.0 0.0 8.0 40696.0 236.0 127932.0
41 38 41 0.0 0.0 0.0 11.0 44043.0 307.0 122174.0
41 38 42 0.0 0.0 0.0 12.0 55043.0 475.0 101542.0
41 38 43 0.0 0.0 0.0 7.0 78276.0 1108.0 49544.0
41 38 44 0.0 0.0 0.0 4.0 52695.0 1373.0 4393.0
41 38 45 0.0 0.0 0.0 0.0 3014.0 93.0 6.0
41 38 46 0.0 0.0 0.0 0.0 10.0 1.0 0.0
41 39 34 0.0 0.0 0.0 0.0 11.0 0.0 0.0
41 39 35 0.0 0.0 0.0 0.0 5918.0 215.0 19.0
41 39 36 0.0 0.0 0.0 0.0 68264.0 1492.0 9834.0
41 39 37 0.0 0.0 0.0 6.0 70866.0 818.0 68133.0
41 39 38 0.0 0.0 0.0 10.0 43914.0 258.0 122186.0
41 39 39 0.0 0.0 0.0 11.0 26506.0 64.0 159884.0
41 39 40 0.0 0.0 0.0 11.0 23809.0 57.0 163774.0
41 39 41 0.0 0.0 0.0 13.0 26676.0 78.0 159701.0
41 39 42 0.0 0.0 0.0 19.0 43703.0 298.0 122905.0
41 39 43 0.0 0.0 0.0 2.0 71415.0 818.0 67667.0
41 39 44 0.0 0.0 0.0 0.0 67093.0 1516.0 9319.0
41 39 45 0.0 0.0 0.0 0.0 5801.0 183.0 29.0
41 39 46 0.0 0.0 0.0 0.0 11.0 0.0 0.0
41 40 34 0.0 0.0 0.0 0.0 21.0 3.0 0.0
41 40 35 0.0 0.0 0.0 0.0 7122.0 229.0 44.0
41 40 36 0.0 0.0 0.0 0.0 71940.0 1590.0 12176.0
41 40 37 0.0 0.0 0.0 11.0 68600.0 746.0 73370.0
41 40 38 0.0 0.0 0.0 15.0 40374.0 231.0 128255.0
41 40 39 0.0 0.0 0.0 12.0 23958.0 58.0 163579.0
41 40 40 0.0 0.0 0.0 19.0 20521.0 47.0 169992.0
41 40 41 0.0 0.0 0.0 17.0 23844.0 68.0 163339.0
41 40 42 0.0 0.0 0.0 6.0 40809.0 223.0 127571.0
41 40 43 0.0 0.0 0.0 16.0 69124.0 792.0 72690.0
41 40 44 0.0 0.0 0.0 1.0 71612.0 1515.0 11895.0
41 40 45 0.0 0.0 0.0 0.0 7216.0 257.0 25.0
41 40 46 0.0 0.0 0.0 0.0 6.0 0.0 0.0
41 41 34 0.0 0.0 0.0 0.0 19.0 1.0 0.0
41 41 35 0.0 0.0 0.0 0.0 5703.0 202.0 29.0
41 41 36 0.0 0.0 0.0 0.0 67469.0 1512.0 9527.0
41 41 37 0.0 0.0 0.0 5.0 71294.0 850.0 67750.0
41 41 38 0.0 0.0 0.0 12.0 43691.0 288.0 122887.0
41 41 39 0.0 0.0 0.0 14.0 26515.0 77.0 159371.0
41 41 40 0.0 0.0 0.0 6.0 23864.0 55.0 163713.0
41 41 41 0.0 0.0 0.0 15.0 27001.0 80.0 158239.0
41 41 42 0.0 0.0 0.0 14.0 44364.0 287.0 121613.0
41 41 43 0.0 0.0 0.0 13.0 71129.0 867.0 67115.0
41 41 44 0.0 0.0 0.0 6.0 68054.0 1566.0 9676.0
41 41 45 0.0 0.0 0.0 0.0 5597.0 175.0 18.0
41 41 46 0.0 0.0 0.0 0.0 4.0 0.0 0.0
41 42 34 0.0 0.0 0.0 0.0 6.0 0.0 0.0
41 42 35 0.0 0.0 0.0 0.0 3137.0 98.0 5.0
41 42 36 0.0 0.0 0.0 0.0 53464.0 1408.0 4703.0
41 42 37 0.0 0.0 0.0 4.0 77696.0 1040.0 50047.0
41 42 38 0.0 0.0 0.0 8.0 54845.0 440.0 101461.0
41 42 39 0.0 0.0 0.0 8.0 43775.0 286.0 122223.0
41 42 40 0.0 0.0 0.0 11.0 40667.0 249.0 127782.0
41 42 41 0.0 0.0 0.0 6.0 44444.0 301.0 121499.0
41 42 42 0.0 0.0 0.0 3.0 54640.0 475.0 101148.0
41 42 43 0.0 0.0 0.0 1.0 78064.0 1077.0 49237.0
41 42 44 0.0 0.0 0.0 5.0 52423.0 1324.0 4459.0
41 42 45 0.0 0.0 0.0 0.0 2912.0 110.0 5.0
41 42 46 0.0 0.0 0.0 0.0 6.0 1.0 0.0
41 43 34 0.0 0.0 0.0 0.0 1.0 0.0 0.0
41 43 35 0.0 0.0 0.0 0.0 1001.0 36.0 0.0
41 43 36 0.0 0.0 0.0 0.0 26176.0 804.0 781.0
41 43 37 0.0 0.0 0.0 0.0 77309.0 1519.0 20511.0
41 43 38 0.0 0.0 0.0 3.0 78485.0 1019.0 49332.0
41 43 39 0.0 0.0 0.0 3.0 71512.0 794.0 66885.0
41 43 40 0.0 0.0 0.0 3.0 68777.0 687.0 73039.0
41 43 41 0.0 0.0 0.0 13.0 70891.0 821.0 67801.0
41 43 42 0.0 0.0 0.0 5.0 78053.0 1077.0 49546.0
41 43 43 0.0 0.0 0.0 0.0 77425.0 1498.0 20297.0
41 43 44 0.0 0.0 0.0 0.0 26467.0 806.0 825.0
41 43 45 0.0 0.0 0.0 0.0 1054.0 39.0 1.0
41 43 46 0.0 0.0 0.0 0.0 2.0 0.0 0.0
41 44 35 0.0 0.0 0.0 0.0 144.0 4.0 0.0
41 44 36 0.0 0.0 0.0 0.0 5694.0 194.0 33.0
41 44 37 0.0 0.0 0.0 0.0 26796.0 825.0 842.0
41 44 38 0.0 0.0 0.0 0.0 52869.0 1377.0 4451.0
41 44 39 0.0 0.0 0.0 0.0 67491.0 1475.0 9950.0
41 44 40 0.0 0.0 0.0 2.0 72058.0 1542.0 12508.0
41 44 41 0.0 0.0 0.0 2.0 67719.0 1572.0 9575.0
41 44 42 0.0 0.0 0.0 3.0 52455.0 1327.0 4359.0
41 44 43 0.0 0.0 0.0 0.0 25716.0 769.0 775.0
41 44 44 0.0 0.0 0.0 0.0 5416.0 195.0 31.0
41 44 45 0.0 0.0 0.0 0.0 158.0 6.0 0.0
41 45 35 0.0 0.0 0.0 0.0 5.0 0.0 0.0
41 45 36 0.0 0.0 0.0 0.0 164.0 8.0 0.0
41 45 37 0.0 0.0 0.0 0.0 1015.0 30.0 0.0
41 45 38 0.0 0.0 0.0 0.0 3123.0 115.0 10.0
41 45 39 0.0 0.0 0.0 0.0 5984.0 223.0 21.0
41 45 40 0.0 0.0 0.0 0.0 7447.0 234.0 42.0
41 45 41 0.0 0.0 0.0 0.0 5907.0 209.0 25.0
41 45 42 0.0 0.0 0.0 0.0 3228.0 99.0 5.0
41 45 43 0.0 0.0 0.0 0.0 919.0 22.0 2.0
41 45 44 0.0 0.0 0.0 0.0 119.0 3.0 0.0
41 45 45 0.0 0.0 0.0 0.0 2.0 0.0 0.0
41 46 38 0.0 0.0 0.0 0.0 7.0 1.0 0.0
41 46 39 0.0 0.0 0.0 0.0 15.0 1.0 0.0
41 46 40 0.0 0.0 0.0 0.0 13.0 0.0 0.0
41 46 41 0.0 0.0 0.0 0.0 7.0 0.0 0.0
41 46 42 0.0 0.0 0.0 0.0 1.0 0.0 0.0
41 46 43 0.0 0.0 0.0 0.0 2.0 0.0 0.0
42 34 37 0.0 0.0 0.0 0.0 2.0 0.0 0.0
42 34 38 0.0 0.0 0.0 0.0 3.0 0.0 0.0
42 34 39 0.0 0.0 0.0 0.0 11.0 1.0 0.0
42 34 40 0.0 0.0 0.0 0.0 3.0 0.0 0.0
42 34 41 0.0 0.0 0.0 0.0 3.0 0.0 0.0
42 34 42 0.0 0.0 0.0 0.0 7.0 0.0 0.0
42 35 35 0.0 0.0 0.0 0.0 1.0 0.0 0.0
42 35 36 0.0 0.0 0.0 0.0 71.0 1.0 0.0
42 35 37 0.0 0.0 0.0 0.0 464.0 17.0 0.0
42 35 38 0.0 0.0 0.0 0.0 1528.0 50.0 1.0
42 35 39 0.0 0.0 0.0 0.0 3029.0 95.0 6.0
42 35 40 0.0 0.0 0.0 0.0 3772.0 145.0 12.0
42 35 41 0.0 0.0 0.0 0.0 3026.0 99.0 7.0
42 35 42 0.0 0.0 0.0 0.0 1742.0 51.0 1.0
42 35 43 0.0 0.0 0.0 0.0 467.0 13.0 0.0
42 35 44 0.0 0.0 0.0 0.0 47.0 2.0 0.0
42 35 45 0.0 0.0 0.0 0.0 4.0 0.0 0.0
42 36 35 0.0 0.0 0.0 0.0 50.0 1.0 0.0
42 36 36 0.0 0.0 0.0 0.0 3476.0 110.0 15.0
42 36 37 0.0 0.0 0.0 0.0 15714.0 549.0 262.0
42 36 38 0.0 0.0 0.0 0.0 37086.0 1036.0 1761.0
42 36 39 0.0 0.0 0.0 2.0 52996.0 1414.0 4440.0
42 36 40 0.0 0.0 0.0 2.0 57656.0 1464.0 5733.0
42 36 41 0.0 0.0 0.0 1.0 52947.0 1319.0 4471.0
42 36 42 0.0 0.0 0.0 0.0 37046.0 1103.0 1813.0
42 36 43 0.0 0.0 0.0 0.0 15912.0 522.0 252.0
42 36 44 0.0 0.0 0.0 0.0 3316.0 91.0 7.0
42 36 45 0.0 0.0 0.0 0.0 59.0 0.0 0.0
42 37 34 0.0 0.0 0.0 0.0 1.0 0.0 0.0
42 37 35 0.0 0.0 0.0 0.0 566.0 23.0 0.0
42 37 36 0.0 0.0 0.0 0.0 16505.0 529.0 296.0
42 37 37 0.0 0.0 0.0 2.0 68361.0 1536.0 11330.0
42 37 38 0.0 0.0 0.0 7.0 80995.0 1327.0 33087.0
42 37 39 0.0 0.0 0.0 4.0 78827.0 1069.0 49145.0
42 37 40 0.0 0.0 0.0 11.0 76672.0 965.0 54681.0
42 37 41 0.0 0.0 0.0 3.0 78105.0 1036.0 49303.0
42 37 42 0.0 0.0 0.0 1.0 80953.0 1342.0 32515.0
42 37 43 0.0 0.0 0.0 4.0 66358.0 1488.0 10014.0
42 37 44 0.0 0.0 0.0 0.0 16444.0 549.0 286.0
42 37 45 0.0 0.0 0.0 0.0 543.0 20.0 0.0
42 38 34 0.0 0.0 0.0 0.0 3.0 0.0 0.0
42 38 35 0.0 0.0 0.0 0.0 1704.0 70.0 1.0
42 38 36 0.0 0.0 0.0 0.0 37787.0 1113.0 1925.0
42 38 37 0.0 0.0 0.0 2.0 81028.0 1318.0 33532.0
42 38 38 0.0 0.0 0.0 7.0 63169.0 638.0 83021.0
42 38 39 0.0 0.0 0.0 21.0 54278.0 433.0 102585.0
42 38 40 0.0 0.0 0.0 9.0 50571.0 377.0 108942.0
42 38 41 0.0 0.0 0.0 9.0 54388.0 451.0 102035.0
42 38 42 0.0 0.0 0.0 4.0 63348.0 655.0 81936.0
42 38 43 0.0 0.0 0.0 6.0 81023.0 1233.0 33453.0
42 38 44 0.0 0.0 0.0 1.0 37171.0 1082.0 1718.0
42 38 45 0.0 0.0 0.0 0.0 1618.0 57.0 3.0
42 38 46 0.0 0.0 0.0 0.0 1.0 0.0 0.0
42 39 34 0.0 0.0 0.0 0.0 10.0 0.0 0.0
42 39 35 0.0 0.0 0.0 0.0 3078.0 87.0 6.0
42 39 36 0.0 0.0 0.0 2.0 53286.0 1370.0 4655.0
42 39 37 0.0 0.0 0.0 8.0 78024.0 1050.0 50282.0
42 39 38 0.0 0.0 0.0 17.0 54203.0 449.0 102866.0
42 39 39 0.0 0.0 0.0 16.0 43704.0 266.0 123134.0
42 39 40 0.0 0.0 0.0 11.0 40324.0 243.0 128734.0
42 39 41 0.0 0.0 0.0 7.0 43837.0 268.0 122644.0
42 39 42 0.0 0.0 0.0 2.0 54642.0 471.0 101690.0
42 39 43 0.0 0.0 0.0 3.0 78073.0 1069.0 49178.0
42 39 44 0.0 0.0 0.0 1.0 52559.0 1424.0 4398.0
42 39 45 0.0 0.0 0.0 0.0 2824.0 86.0 2.0
42 39 46 0.0 0.0 0.0 0.0 8.0 0.0 0.0
42 40 34 0.0 0.0 0.0 0.0 8.0 0.0 0.0
42 40 35 0.0 0.0 0.0 0.0 3887.0 149.0 8.0
42 40 36 0.0 0.0 0.0 1.0 58215.0 1465.0 5846.0
42 40 37 0.0 0.0 0.0 6.0 76209.0 949.0 55893.0
42 40 38 0.0 0.0 0.0 9.0 50831.0 377.0 108849.0
42 40 39 0.0 0.0 0.0 9.0 40166.0 216.0 128988.0
42 40 40 0.0 0.0 0.0 12.0 36779.0 205.0 135240.0
42 40 41 0.0 0.0 0.0 14.0 40625.0 231.0 128484.0
42 40 42 0.0 0.0 0.0 14.0 51113.0 426.0 108474.0
42 40 43 0.0 0.0 0.0 10.0 76633.0 1002.0 54574.0
42 40 44 0.0 0.0 0.0 0.0 57762.0 1403.0 5668.0
42 40 45 0.0 0.0 0.0 1.0 3743.0 109.0 9.0
42 40 46 0.0 0.0 0.0 0.0 7.0 0.0 0.0
42 41 34 0.0 0.0 0.0 0.0 3.0 0.0 0.0
42 41 35 0.0 0.0 0.0 0.0 3407.0 117.0 9.0
42 41 36 0.0 0.0 0.0 1.0 52834.0 1332.0 4568.0
42 41 37 0.0 0.0 0.0 6.0 78886.0 1072.0 49170.0
42 41 38 0.0 0.0 0.0 10.0 54558.0 456.0 101422.0
42 41 39 0.0 0.0 0.0 12.0 43238.0 289.0 122758.0
42 41 40 0.0 0.0 0.0 6.0 40330.0 246.0 128505.0
42 41 41 0.0 0.0 0.0 21.0 44195.0 276.0 122395.0
42 41 42 0.0 0.0 0.0 7.0 55213.0 458.0 100346.0
42 41 43 0.0 0.0 0.0 13.0 78444.0 1068.0 49364.0
42 41 44 0.0 0.0 0.0 4.0 51787.0 1391.0 4345.0
42 41 45 0.0 0.0 0.0 0.0 3068.0 97.0 3.0
42 41 46 0.0 0.0 0.0 0.0 7.0 1.0 0.0
42 42 34 0.0 0.0 0.0 0.0 3.0 0.0 0.0
42 42 35 0.0 0.0 0.0 0.0 1725.0 56.0 7.0
42 42 36 0.0 0.0 0.0 0.0 37769.0 1123.0 1831.0
42 42 37 0.0 0.0 0.0 2.0 80459.0 1302.0 33956.0
42 42 38 0.0 0.0 0.0 15.0 63442.0 652.0 81852.0
42 42 39 0.0 0.0 0.0 2.0 54507.0 426.0 101861.0
42 42 40 0.0 0.0 0.0 7.0 51363.0 404.0 108122.0
42 42 41 0.0 0.0 0.0 7.0 54679.0 437.0 101605.0
42 42 42 0.0 0.0 0.0 11.0 64035.0 670.0 81340.0
42 42 43 0.0 0.0 0.0 1.0 81180.0 1383.0 32464.0
42 42 44 0.0 0.0 0.0 0.0 36959.0 1108.0 1811.0
42 42 45 0.0 0.0 0.0 0.0 1673.0 64.0 3.0
42 42 46 0.0 0.0 0.0 0.0 1.0 0.0 0.0
42 43 35 0.0 0.0 0.0 0.0 577.0 22.0 0.0
42 43 36 0.0 0.0 0.0 0.0 17049.0 535.0 295.0
42 43 37 0.0 0.0 0.0 1.0 66832.0 1534.0 10452.0
42 43 38 0.0 0.0 0.0 2.0 80959.0 1280.0 32303.0
42 43 39 0.0 0.0 0.0 6.0 77948.0 1034.0 49427.0
42 43 40 0.0 0.0 0.0 3.0 76314.0 1049.0 54413.0
42 43 41 0.0 0.0 0.0 4.0 77966.0 1056.0 49482.0
42 43 42 0.0 0.0 0.0 6.0 81076.0 1295.0 32768.0
42 43 43 0.0 0.0 0.0 0.0 67860.0 1555.0 10806.0
42 43 44 0.0 0.0 0.0 0.0 16402.0 571.0 265.0
42 43 45 0.0 0.0 0.0 0.0 455.0 11.0 0.0
42 44 35 0.0 0.0 0.0 0.0 64.0 2.0 0.0
42 44 36 0.0 0.0 0.0 0.0 3038.0 101.0 6.0
42 44 37 0.0 0.0 0.0 0.0 16290.0 566.0 274.0
42 44 38 0.0 0.0 0.0 0.0 36178.0 1019.0 1665.0
42 44 39 0.0 0.0 0.0 1.0 52293.0 1412.0 4394.0
42 44 40 0.0 0.0 0.0 0.0 57011.0 1391.0 5790.0
42 44 41 0.0 0.0 0.0 0.0 52821.0 1338.0 4508.0
42 44 42 0.0 0.0 0.0 2.0 37222.0 1086.0 1876.0
42 44 43 0.0 0.0 0.0 4.0 15945.0 514.0 284.0
42 44 44 0.0 0.0 0.0 0.0 3079.0 109.0 8.0
42 44 45 0.0 0.0 0.0 0.0 66.0 2.0 0.0
42 45 35 0.0 0.0 0.0 0.0 5.0 1.0 0.0
42 45 36 0.0 0.0 0.0 0.0 71.0 1.0 1.0
42 45 37 0.0 0.0 0.0 0.0 431.0 10.0 0.0
42 45 38 0.0 0.0 0.0 0.0 1558.0 48.0 1.0
42 45 39 0.0 0.0 0.0 0.0 3218.0 114.0 10.0
42 45 40 0.0 0.0 0.0 0.0 3693.0 130.0 13.0
42 45 41 0.0 0.0 0.0 0.0 2977.0 99.0 4.0
42 45 42 0.0 0.0 0.0 0.0 1589.0 48.0 0.0
42 45 43 0.0 0.0 0.0 0.0 449.0 11.0 0.0
42 45 44 0.0 0.0 0.0 0.0 49.0 1.0 0.0
42 46 38 0.0 0.0 0.0 0.0 2.0 1.0 0.0
42 46 39 0.0 0.0 0.0 0.0 7.0 0.0 0.0
42 46 40 0.0 0.0 0.0 0.0 4.0 0.0 0.0
42 46 41 0.0 0.0 0.0 0.0 5.0 0.0 0.0
42 46 42 0.0 0.0 0.0 0.0 2.0 0.0 0.0
43 34 38 0.0 0.0 0.0 0.0 5.0 1.0 0.0
43 34 41 0.0 0.0 0.0 0.0 2.0 0.0 0.0
43 34 42 0.0 0.0 0.0 0.0 1.0 0.0 0.0
43 35 36 0.0 0.0 0.0 0.0 11.0 0.0 0.0
43 35 37 0.0 0.0 0.0 0.0 122.0 4.0 0.0
43 35 38 0.0 0.0 0.0 0.0 506.0 20.0 0.0
43 35 39 0.0 0.0 0.0 0.0 977.0 37.0 0.0
43 35 40 0.0 0.0 0.0 0.0 1219.0 42.0 1.0
43 35 41 0.0 0.0 0.0 0.0 1012.0 38.0 1.0
43 35 42 0.0 0.0 0.0 0.0 514.0 19.0 0.0
43 35 43 0.0 0.0 0.0 0.0 131.0 2.0 0.0
43 35 44 0.0 0.0 0.0 0.0 17.0 1.0 0.0
43 36 35 0.0 0.0 0.0 0.0 15.0 0.0 0.0
43 36 36 0.0 0.0 0.0 0.0 1164.0 40.0 0.0
43 36 37 0.0 0.0 0.0 0.0 6209.0 224.0 44.0
43 36 38 0.0 0.0 0.0 0.0 16172.0 533.0 284.0
43 36 39 0.0 0.0 0.0 1.0 27030.0 811.0 861.0
43 36 40 0.0 0.0 0.0 0.0 30227.0 860.0 1116.0
43 36 41 0.0 0.0 0.0 0.0 26521.0 823.0 783.0
43 36 42 0.0 0.0 0.0 1.0 16652.0 537.0 259.0
43 36 43 0.0 0.0 0.0 0.0 5853.0 185.0 29.0
43 36 44 0.0 0.0 0.0 0.0 1031.0 44.0 0.0
43 36 45 0.0 0.0 0.0 0.0 27.0 3.0 0.0
43 37 35 0.0 0.0 0.0 0.0 117.0 1.0 0.0
43 37 36 0.0 0.0 0.0 0.0 6232.0 211.0 21.0
43 37 37 0.0 0.0 0.0 0.0 41787.0 1178.0 2690.0
43 37 38 0.0 0.0 0.0 0.0 67840.0 1483.0 11070.0
43 37 39 0.0 0.0 0.0 2.0 77638.0 1483.0 21859.0
43 37 40 0.0 0.0 0.0 6.0 79278.0 1471.0 25736.0
43 37 41 0.0 0.0 0.0 0.0 77752.0 1441.0 20864.0
43 37 42 0.0 0.0 0.0 2.0 67052.0 1511.0 10327.0
43 37 43 0.0 0.0 0.0 0.0 38783.0 1133.0 2274.0
43 37 44 0.0 0.0 0.0 0.0 6728.0 224.0 47.0
43 37 45 0.0 0.0 0.0 0.0 148.0 6.0 0.0
43 38 34 0.0 0.0 0.0 0.0 1.0 0.0 0.0
43 38 35 0.0 0.0 0.0 0.0 531.0 13.0 0.0
43 38 36 0.0 0.0 0.0 2.0 16901.0 596.0 271.0
43 38 37 0.0 0.0 0.0 10.0 68274.0 1466.0 11535.0
43 38 38 0.0 0.0 0.0 5.0 80096.0 1256.0 35864.0
43 38 39 0.0 0.0 0.0 14.0 78577.0 1049.0 49679.0
43 38 40 0.0 0.0 0.0 2.0 76600.0 929.0 55091.0
43 38 41 0.0 0.0 0.0 10.0 78325.0 1073.0 49515.0
43 38 42 0.0 0.0 0.0 1.0 80785.0 1334.0 32632.0
43 38 43 0.0 0.0 0.0 1.0 66865.0 1566.0 10616.0
43 38 44 0.0 0.0 0.0 2.0 16521.0 550.0 271.0
43 38 45 0.0 0.0 0.0 0.0 487.0 23.0 1.0
43 39 35 0.0 0.0 0.0 0.0 970.0 30.0 1.0
43 39 36 0.0 0.0 0.0 0.0 28372.0 851.0 968.0
43 39 37 0.0 0.0 0.0 6.0 77802.0 1485.0 21924.0
43 39 38 0.0 0.0 0.0 12.0 78017.0 1032.0 50684.0
43 39 39 0.0 0.0 0.0 13.0 70235.0 821.0 69074.0
43 39 40 0.0 0.0 0.0 13.0 68190.0 760.0 74556.0
43 39 41 0.0 0.0 0.0 3.0 70698.0 816.0 68353.0
43 39 42 0.0 0.0 0.0 3.0 77822.0 1022.0 50368.0
43 39 43 0.0 0.0 0.0 1.0 77197.0 1376.0 20635.0
43 39 44 0.0 0.0 0.0 3.0 26805.0 868.0 828.0
43 39 45 0.0 0.0 0.0 0.0 952.0 40.0 1.0
43 40 35 0.0 0.0 0.0 0.0 1175.0 45.0 3.0
43 40 36 0.0 0.0 0.0 0.0 30333.0 900.0 1134.0
43 40 37 0.0 0.0 0.0 2.0 79424.0 1411.0 25031.0
43 40 38 0.0 0.0 0.0 4.0 76190.0 966.0 55963.0
43 40 39 0.0 0.0 0.0 2.0 68119.0 734.0 74711.0
43 40 40 0.0 0.0 0.0 13.0 65186.0 696.0 79401.0
43 40 41 0.0 0.0 0.0 5.0 68294.0 712.0 73900.0
43 40 42 0.0 0.0 0.0 0.0 76446.0 903.0 54699.0
43 40 43 0.0 0.0 0.0 0.0 79308.0 1389.0 24996.0
43 40 44 0.0 0.0 0.0 0.0 30763.0 848.0 1214.0
43 40 45 0.0 0.0 0.0 0.0 1298.0 44.0 1.0
43 40 46 0.0 0.0 0.0 0.0 2.0 0.0 0.0
43 41 35 0.0 0.0 0.0 0.0 950.0 33.0 0.0
43 41 36 0.0 0.0 0.0 0.0 27552.0 848.0 928.0
43 41 37 0.0 0.0 0.0 4.0 78237.0 1485.0 21669.0
43 41 38 0.0 0.0 0.0 8.0 78152.0 1115.0 50071.0
43 41 39 0.0 0.0 0.0 5.0 70807.0 834.0 68934.0
43 41 40 0.0 0.0 0.0 9.0 68282.0 765.0 73575.0
43 41 41 0.0 0.0 0.0 5.0 71162.0 775.0 67997.0
43 41 42 0.0 0.0 0.0 6.0 78570.0 1066.0 48880.0
43 41 43 0.0 0.0 0.0 0.0 77635.0 1545.0 20679.0
43 41 44 0.0 0.0 0.0 0.0 26405.0 834.0 787.0
43 41 45 0.0 0.0 0.0 0.0 1096.0 31.0 1.0
43 41 46 0.0 0.0 0.0 0.0 1.0 0.0 0.0
43 42 34 0.0 0.0 0.0 0.0 3.0 0.0 0.0
43 42 35 0.0 0.0 0.0 0.0 512.0 14.0 0.0
43 42 36 0.0 0.0 0.0 0.0 16737.0 576.0 279.0
43 42 37 0.0 0.0 0.0 1.0 67788.0 1483.0 11159.0
43 42 38 0.0 0.0 0.0 4.0 80996.0 1355.0 32106.0
43 42 39 0.0 0.0 0.0 1.0 78437.0 1048.0 49053.0
43 42 40 0.0 0.0 0.0 9.0 76308.0 1003.0 54698.0
43 42 41 0.0 0.0 0.0 4.0 78324.0 1064.0 48887.0
43 42 42 0.0 0.0 0.0 3.0 80916.0 1302.0 31771.0
43 42 43 0.0 0.0 0.0 0.0 65949.0 1475.0 9800.0
43 42 44 0.0 0.0 0.0 1.0 15469.0 511.0 248.0
43 42 45 0.0 0.0 0.0 0.0 446.0 8.0 0.0
43 43 35 0.0 0.0 0.0 0.0 129.0 4.0 0.0
43 43 36 0.0 0.0 0.0 0.0 6344.0 222.0 40.0
43 43 37 0.0 0.0 0.0 3.0 39787.0 1162.0 2237.0
43 43 38 0.0 0.0 0.0 2.0 66890.0 1490.0 10977.0
43 43 39 0.0 0.0 0.0 9.0 77180.0 1435.0 20047.0
43 43 40 0.0 0.0 0.0 0.0 78992.0 1461.0 23824.0
43 43 41 0.0 0.0 0.0 1.0 77659.0 1512.0 20209.0
43 43 42 0.0 0.0 0.0 5.0 67110.0 1475.0 10586.0
43 43 43 0.0 0.0 0.0 0.0 38245.0 1119.0 2118.0
43 43 44 0.0 0.0 0.0 0.0 6099.0 216.0 32.0
43 43 45 0.0 0.0 0.0 0.0 137.0 7.0 0.0
43 44 35 0.0 0.0 0.0 0.0 19.0 0.0 0.0
43 44 36 0.0 0.0 0.0 0.0 991.0 35.0 0.0
43 44 37 0.0 0.0 0.0 0.0 5915.0 212.0 37.0
43 44 38 0.0 0.0 0.0 0.0 16989.0 509.0 319.0
43 44 39 0.0 0.0 0.0 0.0 26023.0 766.0 740.0
43 44 40 0.0 0.0 0.0 0.0 30014.0 868.0 1129.0
43 44 41 0.0 0.0 0.0 0.0 25681.0 788.0 756.0
43 44 42 0.0 0.0 0.0 0.0 15752.0 499.0 250.0
43 44 43 0.0 0.0 0.0 0.0 5997.0 214.0 31.0
43 44 44 0.0 0.0 0.0 0.0 942.0 25.0 0.0
43 44 45 0.0 0.0 0.0 0.0 12.0 0.0 0.0
43 45 36 0.0 0.0 0.0 0.0 22.0 1.0 0.0
43 45 37 0.0 0.0 0.0 0.0 130.0 9.0 0.0
43 45 38 0.0 0.0 0.0 0.0 472.0 16.0 0.0
43 45 39 0.0 0.0 0.0 0.0 880.0 38.0 1.0
43 45 40 0.0 0.0 0.0 0.0 1139.0 34.0 0.0
43 45 41 0.0 0.0 0.0 0.0 964.0 29.0 0.0
43 45 42 0.0 0.0 0.0 0.0 490.0 15.0 0.0
43 45 43 0.0 0.0 0.0 0.0 137.0 9.0 0.0
43 45 44 0.0 0.0 0.0 0.0 7.0 0.0 0.0
43 46 40 0.0 0.0 0.0 0.0 2.0 0.0 0.0
44 35 37 0.0 0.0 0.0 0.0 15.0 0.0 0.0
44 35 38 0.0 0.0 0.0 0.0 60.0 1.0 0.0
44 35 39 0.0 0.0 0.0 0.0 135.0 1.0 0.0
44 35 40 0.0 0.0 0.0 0.0 146.0 11.0 0.0
44 35 41 0.0 0.0 0.0 0.0 128.0 6.0 0.0
44 35 42 0.0 0.0 0.0 0.0 69.0 3.0 0.0
44 35 43 0.0 0.0 0.0 0.0 17.0 0.0 0.0
44 35 44 0.0 0.0 0.0 0.0 2.0 0.0 0.0
44 36 35 0.0 0.0 0.0 0.0 2.0 0.0 0.0
44 36 36 0.0 0.0 0.0 0.0 175.0 7.0 0.0
44 36 37 0.0 0.0 0.0 0.0 1138.0 42.0 0.0
44 36 38 0.0 0.0 0.0 0.0 3865.0 127.0 9.0
44 36 39 0.0 0.0 0.0 0.0 6665.0 237.0 48.0
44 36 40 0.0 0.0 0.0 0.0 7646.0 234.0 59.0
44 36 41 0.0 0.0 0.0 0.0 5796.0 219.0 34.0
44 36 42 0.0 0.0 0.0 0.0 3119.0 92.0 7.0
44 36 43 0.0 0.0 0.0 0.0 946.0 28.0 1.0
44 36 44 0.0 0.0 0.0 0.0 140.0 2.0 0.0
44 36 45 0.0 0.0 0.0 0.0 3.0 0.0 0.0
44 37 35 0.0 0.0 0.0 0.0 6.0 0.0 0.0
44 37 36 0.0 0.0 0.0 0.0 1243.0 34.0 2.0
44 37 37 0.0 0.0 0.0 0.0 7434.0 238.0 52.0
44 37 38 0.0 0.0 0.0 0.0 17423.0 561.0 303.0
44 37 39 0.0 0.0 0.0 1.0 28900.0 890.0 1021.0
44 37 40 0.0 0.0 0.0 0.0 30335.0 928.0 1150.0
44 37 41 0.0 0.0 0.0 0.0 27477.0 843.0 873.0
44 37 42 0.0 0.0 0.0 0.0 16188.0 552.0 269.0
44 37 43 0.0 0.0 0.0 0.0 5899.0 203.0 33.0
44 37 44 0.0 0.0 0.0 0.0 1232.0 42.0 2.0
44 37 45 0.0 0.0 0.0 0.0 25.0 1.0 0.0
44 38 35 0.0 0.0 0.0 0.0 91.0 7.0 0.0
44 38 36 0.0 0.0 0.0 0.0 3524.0 108.0 8.0
44 38 37 0.0 0.0 0.0 0.0 17897.0 582.0 337.0
44 38 38 0.0 0.0 0.0 0.0 38505.0 1134.0 1943.0
44 38 39 0.0 0.0 0.0 3.0 53938.0 1372.0 4700.0
44 38 40 0.0 0.0 0.0 0.0 59479.0 1452.0 6204.0
44 38 41 0.0 0.0 0.0 0.0 53241.0 1350.0 4714.0
44 38 42 0.0 0.0 0.0 0.0 38143.0 1179.0 1954.0
44 38 43 0.0 0.0 0.0 0.0 16286.0 535.0 278.0
44 38 44 0.0 0.0 0.0 0.0 3085.0 115.0 8.0
44 38 45 0.0 0.0 0.0 0.0 96.0 4.0 0.0
44 39 35 0.0 0.0 0.0 0.0 138.0 3.0 0.0
44 39 36 0.0 0.0 0.0 2.0 6401.0 236.0 43.0
44 39 37 0.0 0.0 0.0 0.0 28166.0 896.0 967.0
44 39 38 0.0 0.0 0.0 4.0 55666.0 1473.0 5012.0
44 39 39 0.0 0.0 0.0 2.0 69268.0 1474.0 10732.0
44 39 40 0.0 0.0 0.0 2.0 72504.0 1575.0 12835.0
44 39 41 0.0 0.0 0.0 1.0 68339.0 1500.0 10130.0
44 39 42 0.0 0.0 0.0 0.0 53388.0 1383.0 4651.0
44 39 43 0.0 0.0 0.0 0.0 26808.0 794.0 875.0
44 39 44 0.0 0.0 0.0 0.0 5656.0 195.0 34.0
44 39 45 0.0 0.0 0.0 0.0 149.0 4.0 0.0
44 40 35 0.0 0.0 0.0 0.0 199.0 10.0 0.0
44 40 36 0.0 0.0 0.0 0.0 7390.0 264.0 32.0
44 40 37 0.0 0.0 0.0 0.0 32841.0 946.0 1341.0
44 40 38 0.0 0.0 0.0 2.0 59560.0 1495.0 6256.0
44 40 39 0.0 0.0 0.0 3.0 72837.0 1541.0 13165.0
44 40 40 0.0 0.0 0.0 1.0 76240.0 1594.0 15855.0
44 40 41 0.0 0.0 0.0 0.0 73105.0 1569.0 12933.0
44 40 42 0.0 0.0 0.0 0.0 58726.0 1486.0 6213.0
44 40 43 0.0 0.0 0.0 2.0 31048.0 941.0 1238.0
44 40 44 0.0 0.0 0.0 0.0 7139.0 226.0 39.0
44 40 45 0.0 0.0 0.0 0.0 175.0 4.0 0.0
44 41 35 0.0 0.0 0.0 0.0 128.0 6.0 0.0
44 41 36 0.0 0.0 0.0 0.0 6395.0 251.0 29.0
44 41 37 0.0 0.0 0.0 0.0 28330.0 895.0 943.0
44 41 38 0.0 0.0 0.0 0.0 54011.0 1364.0 4774.0
44 41 39 0.0 0.0 0.0 2.0 69309.0 1535.0 10336.0
44 41 40 0.0 0.0 0.0 0.0 72588.0 1486.0 12846.0
44 41 41 0.0 0.0 0.0 0.0 69001.0 1521.0 10362.0
44 41 42 0.0 0.0 0.0 0.0 52568.0 1411.0 4420.0
44 41 43 0.0 0.0 0.0 0.0 26873.0 824.0 891.0
44 41 44 0.0 0.0 0.0 0.0 5614.0 226.0 24.0
44 41 45 0.0 0.0 0.0 0.0 123.0 2.0 0.0
44 42 35 0.0 0.0 0.0 0.0 55.0 0.0 0.0
44 42 36 0.0 0.0 0.0 0.0 3554.0 118.0 8.0
44 42 37 0.0 0.0 0.0 2.0 16159.0 565.0 267.0
44 42 38 0.0 0.0 0.0 3.0 38471.0 1113.0 1924.0
44 42 39 0.0 0.0 0.0 0.0 53469.0 1309.0 4546.0
44 42 40 0.0 0.0 0.0 2.0 57890.0 1424.0 6016.0
44 42 41 0.0 0.0 0.0 5.0 53979.0 1372.0 4854.0
44 42 42 0.0 0.0 0.0 0.0 37149.0 1041.0 1791.0
44 42 43 0.0 0.0 0.0 0.0 16246.0 571.0 268.0
44 42 44 0.0 0.0 0.0 0.0 3244.0 116.0 5.0
44 42 45 0.0 0.0 0.0 0.0 42.0 2.0 0.0
44 43 35 0.0 0.0 0.0 0.0 13.0 1.0 0.0
44 43 36 0.0 0.0 0.0 0.0 1102.0 36.0 1.0
44 43 37 0.0 0.0 0.0 0.0 6194.0 207.0 33.0
44 43 38 0.0 0.0 0.0 0.0 15269.0 475.0 220.0
44 43 39 0.0 0.0 0.0 0.0 26363.0 836.0 768.0
44 43 40 0.0 0.0 0.0 1.0 30461.0 913.0 1074.0
44 43 41 0.0 0.0 0.0 0.0 25955.0 795.0 719.0
44 43 42 0.0 0.0 0.0 0.0 15179.0 477.0 241.0
44 43 43 0.0 0.0 0.0 0.0 5813.0 190.0 40.0
44 43 44 0.0 0.0 0.0 0.0 1084.0 37.0 2.0
44 43 45 0.0 0.0 0.0 0.0 18.0 2.0 0.0
44 44 35 0.0 0.0 0.0 0.0 1.0 0.0 0.0
44 44 36 0.0 0.0 0.0 0.0 140.0 5.0 0.0
44 44 37 0.0 0.0 0.0 0.0 1048.0 32.0 0.0
44 44 38 0.0 0.0 0.0 0.0 3172.0 98.0 10.0
44 44 39 0.0 0.0 0.0 0.0 5684.0 206.0 20.0
44 44 40 0.0 0.0 0.0 0.0 6617.0 241.0 30.0
44 44 41 0.0 0.0 0.0 0.0 5502.0 183.0 27.0
44 44 42 0.0 0.0 0.0 0.0 3056.0 115.0 8.0
44 44 43 0.0 0.0 0.0 0.0 1122.0 40.0 2.0
44 44 44 0.0 0.0 0.0 0.0 153.0 5.0 0.0
44 45 36 0.0 0.0 0.0 0.0 1.0 0.0 0.0
44 45 37 0.0 0.0 0.0 0.0 15.0 0.0 0.0
44 45 38 0.0 0.0 0.0 0.0 68.0 1.0 0.0
44 45 39 0.0 0.0 0.0 0.0 114.0 3.0 0.0
44 45 40 0.0 0.0 0.0 0.0 167.0 4.0 0.0
44 45 41 0.0 0.0 0.0 0.0 163.0 0.0 0.0
44 45 42 0.0 0.0 0.0 0.0 80.0 4.0 0.0
44 45 43 0.0 0.0 0.0 0.0 21.0 0.0 0.0
44 45 44 0.0 0.0 0.0 0.0 1.0 0.0 0.0
45 35 37 0.0 0.0 0.0 0.0 2.0 0.0 0.0
45 35 38 0.0 0.0 0.0 0.0 3.0 0.0 0.0
45 35 39 0.0 0.0 0.0 0.0 9.0 0.0 0.0
45 35 40 0.0 0.0 0.0 0.0 1.0 0.0 0.0
45 35 41 0.0 0.0 0.0 0.0 3.0 0.0 0.0
45 35 42 0.0 0.0 0.0 0.0 3.0 0.0 0.0
45 35 43 0.0 0.0 0.0 0.0 8.0 0.0 0.0
45 36 37 0.0 0.0 0.0 0.0 17.0 0.0 0.0
45 36 38 0.0 0.0 0.0 0.0 87.0 4.0 0.0
45 36 39 0.0 0.0 0.0 0.0 149.0 6.0 0.0
45 36 40 0.0 0.0 0.0 0.0 206.0 10.0 0.0
45 36 41 0.0 0.0 0.0 0.0 147.0 5.0 0.0
45 36 42 0.0 0.0 0.0 0.0 83.0 1.0 0.0
45 36 43 0.0 0.0 0.0 0.0 19.0 0.0 0.0
45 36 44 0.0 0.0 0.0 0.0 1.0 0.0 0.0
45 37 36 0.0 0.0 0.0 0.0 13.0 0.0 0.0
45 37 37 0.0 0.0 0.0 0.0 165.0 3.0 0.0
45 37 38 0.0 0.0 0.0 0.0 602.0 14.0 0.0
45 37 39 0.0 0.0 0.0 0.0 967.0 32.0 0.0
45 37 40 0.0 0.0 0.0 0.0 1296.0 38.0 1.0
45 37 41 0.0 0.0 0.0 0.0 1210.0 51.0 3.0
45 37 42 0.0 0.0 0.0 0.0 540.0 18.0 0.0
45 37 43 0.0 0.0 0.0 0.0 133.0 5.0 0.0
45 37 44 0.0 0.0 0.0 0.0 10.0 0.0 0.0
45 38 35 0.0 0.0 0.0 0.0 1.0 0.0 0.0
45 38 36 0.0 0.0 0.0 0.0 56.0 2.0 0.0
45 38 37 0.0 0.0 0.0 0.0 644.0 25.0 0.0
45 38 38 0.0 0.0 0.0 0.0 1936.0 67.0 2.0
45 38 39 0.0 0.0 0.0 0.0 3459.0 116.0 5.0
45 38 40 0.0 0.0 0.0 0.0 4237.0 144.0 11.0
45 38 41 0.0 0.0 0.0 0.0 3334.0 113.0 9.0
45 38 42 0.0 0.0 0.0 0.0 1822.0 67.0 3.0
45 38 43 0.0 0.0 0.0 0.0 495.0 9.0 0.0
45 38 44 0.0 0.0 0.0 0.0 58.0 2.0 0.0
45 38 45 0.0 0.0 0.0 0.0 2.0 0.0 0.0
45 39 35 0.0 0.0 0.0 0.0 9.0 1.0 0.0
45 39 36 0.0 0.0 0.0 0.0 159.0 5.0 0.0
45 39 37 0.0 0.0 0.0 0.0 1019.0 30.0 0.0
45 39 38 0.0 0.0 0.0 0.0 3514.0 126.0 7.0
45 39 39 0.0 0.0 0.0 0.0 6551.0 228.0 36.0
45 39 40 0.0 0.0 0.0 0.0 7408.0 267.0 40.0
45 39 41 0.0 0.0 0.0 0.0 6450.0 228.0 17.0
45 39 42 0.0 0.0 0.0 0.0 3348.0 125.0 8.0
45 39 43 0.0 0.0 0.0 0.0 1028.0 40.0 1.0
45 39 44 0.0 0.0 0.0 0.0 116.0 3.0 0.0
45 39 45 0.0 0.0 0.0 0.0 4.0 0.0 0.0
45 40 35 0.0 0.0 0.0 0.0 5.0 0.0 0.0
45 40 36 0.0 0.0 0.0 0.0 189.0 4.0 0.0
45 40 37 0.0 0.0 0.0 0.0 1495.0 50.0 1.0
45 40 38 0.0 0.0 0.0 0.0 4338.0 132.0 14.0
45 40 39 0.0 0.0 0.0 0.0 7840.0 268.0 59.0
45 40 40 0.0 0.0 0.0 0.0 9003.0 285.0 62.0
45 40 41 0.0 0.0 0.0 2.0 7637.0 271.0 43.0
45 40 42 0.0 0.0 0.0 0.0 3857.0 133.0 7.0
45 40 43 0.0 0.0 0.0 0.0 1266.0 37.0 2.0
45 40 44 0.0 0.0 0.0 0.0 153.0 4.0 0.0
45 40 45 0.0 0.0 0.0 0.0 7.0 0.0 0.0
45 41 35 0.0 0.0 0.0 0.0 4.0 0.0 0.0
45 41 36 0.0 0.0 0.0 0.0 174.0 7.0 0.0
45 41 37 0.0 0.0 0.0 0.0 1073.0 34.0 2.0
45 41 38 0.0 0.0 0.0 0.0 3589.0 128.0 3.0
45 41 39 0.0 0.0 0.0 0.0 6228.0 223.0 26.0
45 41 40 0.0 0.0 0.0 0.0 7665.0 231.0 36.0
45 41 41 0.0 0.0 0.0 0.0 6101.0 226.0 21.0
45 41 42 0.0 0.0 0.0 0.0 3102.0 98.0 6.0
45 41 43 0.0 0.0 0.0 0.0 951.0 28.0 0.0
45 41 44 0.0 0.0 0.0 0.0 146.0 2.0 1.0
45 41 45 0.0 0.0 0.0 0.0 3.0 0.0 0.0
45 42 36 0.0 0.0 0.0 0.0 83.0 2.0 0.0
45 42 37 0.0 0.0 0.0 0.0 570.0 20.0 0.0
45 42 38 0.0 0.0 0.0 0.0 1802.0 56.0 1.0
45 42 39 0.0 0.0 0.0 0.0 3332.0 104.0 3.0
45 42 40 0.0 0.0 0.0 0.0 4141.0 146.0 10.0
45 42 41 0.0 0.0 0.0 0.0 3426.0 113.0 7.0
45 42 42 0.0 0.0 0.0 0.0 1801.0 56.0 1.0
45 42 43 0.0 0.0 0.0 0.0 475.0 16.0 0.0
45 42 44 0.0 0.0 0.0 0.0 82.0 4.0 0.0
45 43 35 0.0 0.0 0.0 0.0 1.0 0.0 0.0
45 43 36 0.0 0.0 0.0 0.0 20.0 2.0 0.0
45 43 37 0.0 0.0 0.0 0.0 105.0 5.0 0.0
45 43 38 0.0 0.0 0.0 0.0 574.0 17.0 0.0
45 43 39 0.0 0.0 0.0 0.0 1075.0 42.0 1.0
45 43 40 0.0 0.0 0.0 0.0 1294.0 50.0 1.0
45 43 41 0.0 0.0 0.0 0.0 990.0 29.0 1.0
45 43 42 0.0 0.0 0.0 0.0 602.0 16.0 0.0
45 43 43 0.0 0.0 0.0 0.0 120.0 4.0 0.0
45 43 44 0.0 0.0 0.0 0.0 16.0 0.0 0.0
45 44 36 0.0 0.0 0.0 0.0 1.0 0.0 0.0
45 44 37 0.0 0.0 0.0 0.0 18.0 0.0 0.0
45 44 38 0.0 0.0 0.0 0.0 37.0 0.0 0.0
45 44 39 0.0 0.0 0.0 0.0 128.0 3.0 0.0
45 44 40 0.0 0.0 0.0 0.0 182.0 6.0 0.0
45 44 41 0.0 0.0 0.0 0.0 102.0 5.0 0.0
45 44 42 0.0 0.0 0.0 0.0 56.0 2.0 0.0
45 44 43 0.0 0.0 0.0 0.0 19.0 1.0 0.0
45 44 44 0.0 0.0 0.0 0.0 1.0 0.0 0.0
45 45 39 0.0 0.0 0.0 0.0 6.0 0.0 0.0
45 45 40 0.0 0.0 0.0 0.0 2.0 0.0 0.0
45 45 41 0.0 0.0 0.0 0.0 1.0 0.0 0.0
46 36 41 0.0 0.0 0.0 0.0 1.0 0.0 0.0
46 38 38 0.0 0.0 0.0 0.0 2.0 0.0 0.0
46 38 39 0.0 0.0 0.0 0.0 2.0 0.0 0.0
46 38 40 0.0 0.0 0.0 0.0 11.0 0.0 0.0
46 38 41 0.0 0.0 0.0 0.0 3.0 1.0 0.0
46 38 42 0.0 0.0 0.0 0.0 3.0 0.0 0.0
46 39 36 0.0 0.0 0.0 0.0 1.0 0.0 0.0
46 39 38 0.0 0.0 0.0 0.0 9.0 1.0 0.0
46 39 39 0.0 0.0 0.0 0.0 10.0 0.0 0.0
46 39 40 0.0 0.0 0.0 0.0 29.0 2.0 0.0
46 39 41 0.0 0.0 0.0 0.0 7.0 0.0 0.0
46 39 42 0.0 0.0 0.0 0.0 9.0 0.0 0.0
46 40 38 0.0 0.0 0.0 0.0 3.0 0.0 0.0
46 40 39 0.0 0.0 0.0 0.0 9.0 1.0 0.0
46 40 40 0.0 0.0 0.0 0.0 17.0 1.0 0.0
46 40 41 0.0 0.0 0.0 0.0 14.0 0.0 0.0
46 40 42 0.0 0.0 0.0 0.0 11.0 0.0 0.0
46 40 43 0.0 0.0 0.0 0.0 2.0 0.0 0.0
46 41 38 0.0 0.0 0.0 0.0 7.0 0.0 0.0
46 41 39 0.0 0.0 0.0 0.0 12.0 0.0 0.0
46 41 40 0.0 0.0 0.0 0.0 11.0 0.0 0.0
46 41 41 0.0 0.0 0.0 0.0 14.0 0.0 0.0
46 41 42 0.0 0.0 0.0 0.0 3.0 0.0 0.0
46 41 43 0.0 0.0 0.0 0.0 3.0 0.0 0.0
46 42 38 0.0 0.0 0.0 0.0 2.0 0.0 0.0
46 42 39 0.0 0.0 0.0 0.0 8.0 0.0 0.0
46 42 40 0.0 0.0 0.0 0.0 9.0 0.0 0.0
46 42 41 0.0 0.0 0.0 0.0 2.0 0.0 0.0
46 42 42 0.0 0.0 0.0 0.0 3.0 1.0 0.0
46 43 39 0.0 0.0 0.0 0.0 2.0 0.0 0.0
46 43 40 0.0 0.0 0.0 0.0 1.0 0.0 0.0
46 43 41 0.0 0.0 0.0 0.0 1.0 0.0 0.0
46 43 42 0.0 0.0 0.0 0.0 1.0 0.0 0.0
