37 39 39 0.0 0.0 1.0 0.0 1.0 1.0 0.0
38 38 38 0.0 5.0 8.0 8.0 9.0 7.0 0.0
38 38 39 0.0 12.0 47.0 2.0 39.0 26.0 0.0
38 38 40 0.0 17.0 61.0 9.0 53.0 40.0 0.0
38 38 41 0.0 13.0 37.0 9.0 34.0 24.0 0.0
38 38 42 0.0 2.0 21.0 4.0 25.0 11.0 0.0
38 39 38 0.0 19.0 40.0 21.0 43.0 36.0 0.0
38 39 39 0.0 46.0 183.0 30.0 307.0 138.0 0.0
38 39 40 1.0 68.0 169.0 66.0 149.0 119.0 0.0
38 39 41 0.0 45.0 92.0 24.0 83.0 60.0 0.0
38 39 42 0.0 13.0 50.0 14.0 38.0 35.0 0.0
38 40 38 0.0 21.0 56.0 33.0 46.0 41.0 0.0
38 40 39 0.0 48.0 147.0 32.0 123.0 110.0 0.0
38 40 40 0.0 70.0 180.0 74.0 163.0 128.0 0.0
38 40 41 0.0 44.0 158.0 36.0 127.0 93.0 0.0
38 40 42 0.0 15.0 55.0 14.0 65.0 37.0 0.0
38 41 38 0.0 14.0 54.0 5.0 62.0 37.0 0.0
38 41 39 0.0 41.0 122.0 34.0 113.0 83.0 0.0
38 41 40 0.0 34.0 110.0 23.0 64.0 56.0 0.0
38 41 41 0.0 40.0 107.0 39.0 98.0 71.0 0.0
38 41 42 0.0 20.0 34.0 16.0 33.0 30.0 0.0
38 42 38 0.0 13.0 27.0 20.0 16.0 22.0 0.0
38 42 39 0.0 9.0 23.0 8.0 13.0 14.0 0.0
38 42 40 0.0 21.0 40.0 12.0 46.0 23.0 0.0
38 42 41 0.0 9.0 22.0 0.0 7.0 7.0 0.0
38 42 42 0.0 2.0 14.0 2.0 10.0 7.0 0.0
39 38 38 0.0 17.0 39.0 14.0 34.0 27.0 0.0
39 38 39 0.0 59.0 159.0 68.0 160.0 117.0 0.0
39 38 40 0.0 49.0 139.0 30.0 130.0 86.0 0.0
39 38 41 0.0 31.0 142.0 24.0 121.0 87.0 0.0
39 38 42 0.0 17.0 40.0 20.0 31.0 29.0 0.0
39 39 38 0.0 18.0 94.0 19.0 83.0 53.0 0.0
39 39 39 1.0 1076.0 3277.0 2750.0 7788.0 2928.0 33.0
39 39 40 1.0 1317.0 3831.0 3022.0 8849.0 3345.0 36.0
39 39 41 0.0 865.0 3452.0 2051.0 7878.0 2829.0 40.0
39 39 42 1.0 48.0 111.0 30.0 114.0 84.0 0.0
39 40 38 0.0 57.0 189.0 46.0 210.0 125.0 0.0
39 40 39 0.0 1545.0 3428.0 3716.0 7908.0 3317.0 34.0
39 40 40 0.0 1709.0 4925.0 4025.0 11843.0 4348.0 69.0
39 40 41 0.0 1502.0 3241.0 3658.0 7098.0 3101.0 38.0
39 40 42 0.0 53.0 158.0 45.0 143.0 106.0 0.0
39 41 38 0.0 28.0 77.0 17.0 80.0 50.0 0.0
39 41 39 0.0 1604.0 2751.0 4003.0 6279.0 2941.0 26.0
39 41 40 0.0 1015.0 2968.0 2227.0 5899.0 2536.0 22.0
39 41 41 0.0 955.0 3082.0 2344.0 7063.0 2704.0 25.0
39 41 42 0.0 44.0 87.0 33.0 82.0 67.0 0.0
39 42 38 0.0 20.0 30.0 16.0 19.0 24.0 0.0
39 42 39 1.0 25.0 114.0 22.0 108.0 81.0 0.0
39 42 40 0.0 39.0 165.0 42.0 144.0 106.0 0.0
39 42 41 0.0 35.0 80.0 41.0 68.0 62.0 0.0
39 42 42 0.0 7.0 36.0 7.0 39.0 25.0 0.0
39 43 40 0.0 1.0 0.0 0.0 0.0 0.0 0.0
40 38 38 0.0 21.0 39.0 21.0 38.0 30.0 0.0
40 38 39 0.0 55.0 174.0 44.0 186.0 113.0 0.0
40 38 40 0.0 75.0 201.0 80.0 184.0 143.0 0.0
40 38 41 0.0 52.0 147.0 45.0 128.0 95.0 0.0
40 38 42 0.0 24.0 37.0 8.0 33.0 30.0 0.0
40 39 38 0.0 57.0 142.0 74.0 129.0 109.0 0.0
40 39 39 1.0 1141.0 3578.0 2581.0 8180.0 3086.0 40.0
40 39 40 0.0 1558.0 5294.0 3780.0 13316.0 4511.0 107.0
40 39 41 0.0 1235.0 3243.0 2694.0 7075.0 2950.0 27.0
40 39 42 0.0 43.0 143.0 47.0 124.0 90.0 0.0
40 40 38 1.0 78.0 176.0 92.0 132.0 132.0 0.0
40 40 39 2.0 1519.0 4371.0 3726.0 10079.0 3946.0 67.0
40 40 40 0.0 1311.0 3505.0 18337.0 44640.0 3716.0 3380.0
40 40 41 0.0 1842.0 4661.0 4344.0 11270.0 4244.0 78.0
40 40 42 0.0 58.0 220.0 49.0 168.0 137.0 0.0
40 41 38 0.0 60.0 138.0 41.0 138.0 92.0 0.0
40 41 39 0.0 1245.0 3649.0 2913.0 8320.0 3169.0 30.0
40 41 40 0.0 1620.0 4629.0 3827.0 10771.0 4027.0 64.0
40 41 41 0.0 1243.0 3231.0 2921.0 7275.0 2948.0 43.0
40 41 42 0.0 46.0 131.0 45.0 104.0 94.0 0.0
40 42 38 0.0 23.0 44.0 21.0 45.0 33.0 0.0
40 42 39 0.0 59.0 154.0 63.0 154.0 113.0 0.0
40 42 40 0.0 66.0 134.0 53.0 96.0 96.0 0.0
40 42 41 0.0 36.0 156.0 19.0 181.0 98.0 0.0
40 42 42 0.0 20.0 61.0 18.0 53.0 40.0 0.0
41 38 38 0.0 4.0 26.0 2.0 23.0 18.0 0.0
41 38 39 0.0 41.0 124.0 31.0 114.0 85.0 0.0
41 38 40 0.0 64.0 129.0 65.0 106.0 96.0 0.0
41 38 41 0.0 44.0 109.0 29.0 97.0 77.0 0.0
41 38 42 0.0 5.0 36.0 3.0 27.0 22.0 0.0
41 39 38 1.0 39.0 86.0 29.0 87.0 67.0 0.0
41 39 39 0.0 747.0 2937.0 1642.0 6464.0 2417.0 13.0
41 39 40 1.0 1144.0 3647.0 2446.0 7988.0 3133.0 31.0
41 39 41 0.0 1044.0 3088.0 2275.0 6979.0 2762.0 24.0
41 39 42 0.0 48.0 121.0 27.0 124.0 85.0 0.0
41 40 38 0.0 41.0 127.0 31.0 112.0 90.0 0.0
41 40 39 1.0 1450.0 3094.0 3439.0 6766.0 3008.0 26.0
41 40 40 0.0 2776.0 4162.0 7524.0 9475.0 4631.0 97.0
41 40 41 0.0 1394.0 3526.0 3232.0 8172.0 3250.0 44.0
41 40 42 0.0 65.0 165.0 57.0 129.0 106.0 0.0
41 41 38 0.0 36.0 123.0 20.0 93.0 75.0 0.0
41 41 39 0.0 1208.0 3425.0 2756.0 7847.0 3079.0 36.0
41 41 40 0.0 1549.0 3058.0 3742.0 6359.0 2989.0 39.0
41 41 41 1.0 903.0 3298.0 2136.0 7406.0 2750.0 24.0
41 41 42 0.0 16.0 104.0 11.0 139.0 62.0 0.0
41 42 38 0.0 9.0 40.0 25.0 34.0 26.0 0.0
41 42 39 0.0 30.0 95.0 31.0 63.0 56.0 0.0
41 42 40 0.0 64.0 156.0 59.0 158.0 108.0 0.0
41 42 41 0.0 27.0 118.0 14.0 106.0 76.0 0.0
41 42 42 0.0 10.0 28.0 11.0 21.0 18.0 0.0
42 38 38 0.0 1.0 12.0 3.0 6.0 7.0 0.0
42 38 39 0.0 11.0 42.0 11.0 30.0 30.0 0.0
42 38 40 0.0 9.0 35.0 10.0 26.0 22.0 0.0
42 38 41 0.0 15.0 21.0 7.0 24.0 14.0 0.0
42 38 42 0.0 4.0 20.0 2.0 22.0 16.0 0.0
42 39 38 0.0 17.0 21.0 10.0 13.0 19.0 0.0
42 39 39 0.0 59.0 85.0 48.0 88.0 76.0 0.0
42 39 40 0.0 51.0 128.0 42.0 134.0 91.0 0.0
42 39 41 1.0 60.0 122.0 38.0 118.0 93.0 0.0
42 39 42 0.0 20.0 28.0 21.0 18.0 23.0 0.0
42 40 38 0.0 12.0 58.0 7.0 53.0 36.0 0.0
42 40 39 0.0 60.0 153.0 64.0 135.0 111.0 0.0
42 40 40 0.0 101.0 184.0 97.0 149.0 148.0 0.0
42 40 41 0.0 70.0 104.0 70.0 87.0 91.0 0.0
42 40 42 0.0 17.0 37.0 7.0 39.0 25.0 0.0
42 41 38 0.0 9.0 31.0 6.0 29.0 16.0 0.0
42 41 39 0.0 54.0 104.0 63.0 103.0 82.0 0.0
42 41 40 1.0 81.0 135.0 100.0 106.0 111.0 0.0
42 41 41 0.0 57.0 85.0 47.0 79.0 68.0 0.0
42 41 42 0.0 8.0 28.0 10.0 26.0 21.0 0.0
42 42 38 0.0 3.0 16.0 1.0 4.0 7.0 0.0
42 42 39 0.0 7.0 30.0 5.0 24.0 16.0 0.0
42 42 40 0.0 27.0 92.0 11.0 70.0 59.0 0.0
42 42 41 0.0 16.0 22.0 25.0 19.0 18.0 0.0
42 42 42 0.0 1.0 24.0 1.0 21.0 15.0 0.0
43 40 39 0.0 0.0 1.0 0.0 0.0 0.0 0.0
