35 39 42 0.0 0.0 0.0 0.0 1.0 0.0 0.0
35 41 39 0.0 0.0 0.0 0.0 3.0 0.0 0.0
36 36 38 0.0 0.0 0.0 0.0 1.0 0.0 0.0
36 36 39 0.0 0.0 0.0 0.0 5.0 0.0 0.0
36 36 40 0.0 0.0 0.0 0.0 2.0 0.0 0.0
36 37 37 0.0 0.0 0.0 0.0 3.0 0.0 0.0
36 37 38 0.0 0.0 0.0 0.0 13.0 0.0 0.0
36 37 39 0.0 0.0 0.0 1.0 39.0 0.0 0.0
36 37 40 0.0 0.0 0.0 7.0 37.0 0.0 0.0
36 37 41 0.0 0.0 0.0 5.0 19.0 0.0 0.0
36 37 42 0.0 0.0 0.0 2.0 14.0 1.0 0.0
36 38 37 0.0 0.0 0.0 7.0 27.0 0.0 0.0
36 38 38 0.0 0.0 0.0 11.0 88.0 3.0 0.0
36 38 39 0.0 0.0 0.0 17.0 137.0 1.0 0.0
36 38 40 0.0 0.0 0.0 26.0 281.0 7.0 0.0
36 38 41 0.0 0.0 0.0 9.0 171.0 4.0 0.0
36 38 42 0.0 0.0 0.0 8.0 49.0 0.0 0.0
36 38 43 0.0 0.0 0.0 8.0 12.0 0.0 0.0
36 39 36 0.0 0.0 0.0 0.0 1.0 0.0 0.0
36 39 37 0.0 0.0 0.0 1.0 44.0 1.0 0.0
36 39 38 0.0 0.0 0.0 37.0 184.0 4.0 0.0
36 39 39 0.0 0.0 0.0 44.0 459.0 10.0 0.0
36 39 40 0.0 0.0 0.0 40.0 475.0 8.0 0.0
36 39 41 0.0 0.0 0.0 46.0 419.0 13.0 0.0
36 39 42 0.0 0.0 0.0 16.0 187.0 0.0 0.0
36 39 43 0.0 0.0 0.0 2.0 36.0 1.0 0.0
36 40 36 0.0 0.0 0.0 0.0 1.0 0.0 0.0
36 40 37 0.0 0.0 0.0 6.0 56.0 1.0 0.0
36 40 38 0.0 0.0 0.0 15.0 237.0 3.0 0.0
36 40 39 0.0 0.0 0.0 48.0 519.0 11.0 0.0
36 40 40 0.0 0.0 0.0 57.0 584.0 15.0 1.0
36 40 41 0.0 0.0 0.0 43.0 477.0 15.0 1.0
36 40 42 0.0 0.0 0.0 33.0 220.0 4.0 0.0
36 40 43 0.0 0.0 0.0 14.0 30.0 2.0 0.0
36 40 44 0.0 0.0 0.0 0.0 6.0 0.0 0.0
36 41 36 0.0 0.0 0.0 0.0 3.0 0.0 0.0
36 41 37 0.0 0.0 0.0 3.0 46.0 0.0 0.0
36 41 38 0.0 0.0 0.0 6.0 194.0 8.0 0.0
36 41 39 0.0 0.0 0.0 31.0 383.0 6.0 0.0
36 41 40 0.0 0.0 0.0 51.0 498.0 18.0 0.0
36 41 41 0.0 0.0 0.0 37.0 337.0 3.0 0.0
36 41 42 0.0 0.0 0.0 15.0 146.0 3.0 1.0
36 41 43 0.0 0.0 0.0 0.0 31.0 0.0 0.0
36 42 36 0.0 0.0 0.0 0.0 4.0 0.0 0.0
36 42 37 0.0 0.0 0.0 4.0 30.0 0.0 0.0
36 42 38 0.0 0.0 0.0 17.0 80.0 3.0 0.0
36 42 39 0.0 0.0 0.0 14.0 149.0 4.0 0.0
36 42 40 0.0 0.0 0.0 18.0 176.0 2.0 0.0
36 42 41 0.0 0.0 0.0 20.0 155.0 3.0 0.0
36 42 42 0.0 0.0 0.0 2.0 50.0 3.0 0.0
36 42 43 0.0 0.0 0.0 1.0 21.0 0.0 0.0
36 43 37 0.0 0.0 0.0 0.0 2.0 0.0 0.0
36 43 38 0.0 0.0 0.0 2.0 11.0 0.0 0.0
36 43 39 0.0 0.0 0.0 6.0 22.0 0.0 0.0
36 43 40 0.0 0.0 0.0 3.0 36.0 1.0 0.0
36 43 41 0.0 0.0 0.0 1.0 50.0 0.0 0.0
36 43 42 0.0 0.0 0.0 0.0 7.0 0.0 0.0
36 43 43 0.0 0.0 0.0 0.0 1.0 0.0 0.0
36 44 39 0.0 0.0 0.0 0.0 3.0 0.0 0.0
36 44 40 0.0 0.0 0.0 0.0 2.0 0.0 0.0
36 44 41 0.0 0.0 0.0 0.0 1.0 0.0 0.0
36 44 42 0.0 0.0 0.0 0.0 3.0 0.0 0.0
37 36 38 0.0 0.0 0.0 3.0 10.0 0.0 0.0
37 36 39 0.0 0.0 0.0 1.0 32.0 1.0 0.0
37 36 40 0.0 0.0 0.0 0.0 41.0 2.0 0.0
37 36 41 0.0 0.0 0.0 2.0 34.0 0.0 0.0
37 36 42 0.0 0.0 0.0 1.0 9.0 0.0 0.0
37 36 43 0.0 0.0 0.0 1.0 1.0 0.0 0.0
37 37 36 0.0 0.0 0.0 0.0 3.0 0.0 0.0
37 37 37 0.0 0.0 0.0 18.0 288.0 5.0 1.0
37 37 38 0.0 0.0 0.0 91.0 1212.0 16.0 4.0
37 37 39 0.0 0.0 0.0 163.0 2390.0 30.0 17.0
37 37 40 0.0 0.0 1.0 253.0 3206.0 62.0 30.0
37 37 41 0.0 0.0 0.0 232.0 2679.0 43.0 21.0
37 37 42 0.0 0.0 0.0 137.0 1296.0 17.0 3.0
37 37 43 0.0 0.0 0.0 21.0 223.0 5.0 0.0
37 37 44 0.0 0.0 0.0 1.0 1.0 0.0 0.0
37 38 36 0.0 0.0 0.0 2.0 7.0 0.0 0.0
37 38 37 0.0 0.0 0.0 149.0 1293.0 24.0 6.0
37 38 38 0.0 0.0 3.0 767.0 5749.0 105.0 97.0
37 38 39 0.0 0.0 0.0 1111.0 10642.0 167.0 400.0
37 38 40 0.0 3.0 0.0 1474.0 13163.0 240.0 717.0
37 38 41 0.0 0.0 1.0 1223.0 10285.0 173.0 389.0
37 38 42 0.0 0.0 1.0 576.0 4641.0 96.0 61.0
37 38 43 0.0 0.0 0.0 89.0 1105.0 21.0 2.0
37 38 44 0.0 0.0 0.0 0.0 12.0 0.0 0.0
37 39 36 0.0 0.0 0.0 2.0 49.0 1.0 0.0
37 39 37 0.0 0.0 0.0 305.0 3265.0 40.0 25.0
37 39 38 0.0 0.0 10.0 1023.0 12024.0 216.0 559.0
37 39 39 0.0 0.0 12.0 2225.0 20323.0 348.0 1876.0
37 39 40 0.0 2.0 0.0 2540.0 23252.0 358.0 2572.0
37 39 41 0.0 1.0 3.0 2262.0 19212.0 317.0 1573.0
37 39 42 0.0 0.0 1.0 1289.0 10035.0 179.0 423.0
37 39 43 0.0 0.0 0.0 226.0 2391.0 42.0 13.0
37 39 44 0.0 0.0 0.0 1.0 28.0 1.0 0.0
37 40 36 0.0 0.0 0.0 7.0 55.0 0.0 0.0
37 40 37 0.0 1.0 0.0 400.0 3714.0 67.0 44.0
37 40 38 0.0 1.0 5.0 1385.0 14645.0 245.0 861.0
37 40 39 0.0 0.0 3.0 2200.0 23762.0 383.0 2715.0
37 40 40 0.0 0.0 2.0 2604.0 27758.0 381.0 3924.0
37 40 41 0.0 1.0 1.0 2437.0 22728.0 398.0 2411.0
37 40 42 0.0 0.0 2.0 1355.0 12217.0 221.0 581.0
37 40 43 0.0 0.0 0.0 238.0 3298.0 58.0 33.0
37 40 44 0.0 0.0 0.0 1.0 51.0 2.0 0.0
37 41 36 0.0 0.0 0.0 7.0 47.0 2.0 0.0
37 41 37 0.0 1.0 0.0 275.0 3453.0 56.0 29.0
37 41 38 0.0 4.0 0.0 962.0 11350.0 200.0 466.0
37 41 39 0.0 0.0 3.0 1941.0 20680.0 294.0 1897.0
37 41 40 0.0 6.0 10.0 2484.0 23013.0 357.0 2474.0
37 41 41 0.0 0.0 5.0 1694.0 18706.0 276.0 1467.0
37 41 42 0.0 0.0 1.0 999.0 10831.0 185.0 455.0
37 41 43 0.0 0.0 0.0 233.0 2338.0 38.0 16.0
37 41 44 0.0 0.0 0.0 2.0 40.0 0.0 0.0
37 42 36 0.0 0.0 0.0 1.0 15.0 0.0 0.0
37 42 37 0.0 0.0 0.0 158.0 1329.0 22.0 4.0
37 42 38 0.0 2.0 1.0 532.0 5295.0 114.0 92.0
37 42 39 0.0 0.0 0.0 1077.0 10946.0 194.0 462.0
37 42 40 0.0 2.0 6.0 1185.0 12870.0 196.0 576.0
37 42 41 0.0 0.0 3.0 778.0 10847.0 173.0 423.0
37 42 42 0.0 0.0 0.0 415.0 4967.0 87.0 71.0
37 42 43 0.0 0.0 0.0 163.0 1234.0 27.0 7.0
37 42 44 0.0 0.0 0.0 0.0 16.0 0.0 0.0
37 43 36 0.0 0.0 0.0 0.0 10.0 1.0 0.0
37 43 37 0.0 0.0 0.0 41.0 321.0 8.0 1.0
37 43 38 0.0 0.0 1.0 88.0 1034.0 20.0 1.0
37 43 39 0.0 0.0 1.0 304.0 2778.0 43.0 25.0
37 43 40 0.0 0.0 1.0 265.0 3189.0 61.0 23.0
37 43 41 0.0 0.0 0.0 254.0 2440.0 44.0 16.0
37 43 42 0.0 2.0 0.0 93.0 1296.0 27.0 5.0
37 43 43 0.0 0.0 0.0 17.0 253.0 5.0 1.0
37 43 44 0.0 0.0 0.0 0.0 3.0 0.0 0.0
37 44 37 0.0 0.0 0.0 0.0 1.0 0.0 0.0
37 44 38 0.0 0.0 0.0 2.0 13.0 0.0 0.0
37 44 39 0.0 0.0 0.0 0.0 48.0 0.0 0.0
37 44 40 0.0 0.0 0.0 2.0 28.0 0.0 0.0
37 44 41 0.0 0.0 0.0 1.0 31.0 0.0 0.0
37 44 42 0.0 0.0 0.0 0.0 17.0 1.0 0.0
37 44 43 0.0 0.0 0.0 1.0 5.0 0.0 0.0
38 36 36 0.0 0.0 0.0 0.0 2.0 0.0 0.0
38 36 37 0.0 0.0 0.0 0.0 19.0 1.0 0.0
38 36 38 0.0 0.0 0.0 3.0 43.0 0.0 0.0
38 36 39 0.0 0.0 0.0 14.0 134.0 2.0 0.0
38 36 40 0.0 0.0 0.0 10.0 234.0 6.0 0.0
38 36 41 0.0 0.0 0.0 15.0 183.0 4.0 0.0
38 36 42 0.0 0.0 0.0 2.0 82.0 4.0 0.0
38 36 43 0.0 0.0 0.0 0.0 14.0 0.0 0.0
38 37 36 0.0 0.0 0.0 0.0 10.0 0.0 0.0
38 37 37 0.0 0.0 0.0 117.0 1272.0 25.0 3.0
38 37 38 0.0 0.0 0.0 461.0 5273.0 114.0 101.0
38 37 39 0.0 0.0 2.0 1074.0 10050.0 168.0 361.0
38 37 40 0.0 0.0 1.0 1214.0 12780.0 214.0 570.0
38 37 41 0.0 0.0 1.0 736.0 11073.0 157.0 402.0
38 37 42 0.0 0.0 0.0 440.0 5827.0 99.0 109.0
38 37 43 0.0 0.0 0.0 160.0 1428.0 37.0 9.0
38 37 44 0.0 0.0 0.0 1.0 5.0 0.0 0.0
38 38 36 0.0 0.0 0.0 10.0 64.0 1.0 0.0
38 38 37 0.0 0.0 0.0 691.0 5587.0 105.0 107.0
38 38 38 0.0 0.0 0.0 2524.0 34590.0 457.0 9236.0
38 38 39 0.0 1.0 10.0 3458.0 41344.0 525.0 20976.0
38 38 40 0.0 4.0 9.0 3769.0 41661.0 461.0 28967.0
38 38 41 0.0 4.0 7.0 4488.0 40072.0 499.0 21309.0
38 38 42 0.0 1.0 1.0 2423.0 31958.0 448.0 6858.0
38 38 43 0.0 0.0 0.0 535.0 5505.0 99.0 96.0
38 38 44 0.0 0.0 0.0 10.0 53.0 0.0 0.0
38 39 36 0.0 0.0 0.0 20.0 234.0 2.0 0.0
38 39 37 0.0 7.0 0.0 1386.0 11089.0 212.0 476.0
38 39 38 0.0 8.0 8.0 5260.0 39426.0 453.0 25566.0
38 39 39 0.0 1.0 7.0 4415.0 37590.0 407.0 46363.0
38 39 40 0.0 5.0 4.0 4285.0 35155.0 359.0 53732.0
38 39 41 0.0 1.0 3.0 3958.0 38577.0 376.0 44639.0
38 39 42 0.0 0.0 15.0 4100.0 40437.0 497.0 20035.0
38 39 43 0.0 0.0 0.0 976.0 10655.0 226.0 393.0
38 39 44 0.0 0.0 0.0 17.0 181.0 2.0 0.0
38 40 36 0.0 0.0 0.0 28.0 272.0 7.0 2.0
38 40 37 0.0 0.0 6.0 1496.0 14773.0 238.0 837.0
38 40 38 0.0 1.0 24.0 3230.0 40810.0 473.0 33705.0
38 40 39 0.0 3.0 11.0 3729.0 35171.0 332.0 55567.0
38 40 40 0.0 3.0 4.0 3230.0 32259.0 281.0 62961.0
38 40 41 0.0 1.0 7.0 3752.0 35524.0 380.0 53552.0
38 40 42 0.0 6.0 10.0 3562.0 41141.0 479.0 28014.0
38 40 43 0.0 0.0 2.0 1048.0 14022.0 214.0 741.0
38 40 44 0.0 3.0 1.0 18.0 220.0 4.0 0.0
38 41 36 0.0 0.0 0.0 4.0 213.0 3.0 0.0
38 41 37 0.0 0.0 1.0 1177.0 11783.0 174.0 509.0
38 41 38 0.0 5.0 7.0 3378.0 41463.0 507.0 23959.0
38 41 39 0.0 0.0 3.0 3320.0 38604.0 397.0 46560.0
38 41 40 0.0 1.0 4.0 3537.0 35975.0 340.0 52889.0
38 41 41 0.0 8.0 7.0 3663.0 39569.0 412.0 43208.0
38 41 42 0.0 1.0 6.0 3301.0 41150.0 498.0 21933.0
38 41 43 0.0 1.0 0.0 1179.0 9585.0 169.0 345.0
38 41 44 0.0 0.0 0.0 19.0 178.0 1.0 0.0
38 42 36 0.0 0.0 0.0 5.0 89.0 1.0 1.0
38 42 37 0.0 0.0 0.0 492.0 5511.0 83.0 104.0
38 42 38 0.0 1.0 1.0 2989.0 34268.0 470.0 8945.0
38 42 39 0.0 17.0 9.0 3655.0 41177.0 516.0 21896.0
38 42 40 0.0 2.0 7.0 4017.0 41118.0 486.0 28663.0
38 42 41 0.0 2.0 4.0 4019.0 41032.0 496.0 21903.0
38 42 42 0.0 2.0 0.0 2712.0 32177.0 477.0 7052.0
38 42 43 0.0 1.0 0.0 459.0 5252.0 91.0 88.0
38 42 44 0.0 0.0 0.0 11.0 84.0 1.0 0.0
38 43 36 0.0 0.0 0.0 3.0 15.0 0.0 0.0
38 43 37 0.0 0.0 0.0 148.0 1349.0 23.0 6.0
38 43 38 0.0 0.0 0.0 419.0 5622.0 94.0 99.0
38 43 39 0.0 2.0 1.0 1031.0 10386.0 186.0 393.0
38 43 40 0.0 0.0 2.0 1294.0 12741.0 231.0 635.0
38 43 41 0.0 0.0 0.0 1025.0 10914.0 162.0 459.0
38 43 42 0.0 1.0 1.0 465.0 5565.0 106.0 93.0
38 43 43 0.0 0.0 0.0 126.0 1100.0 15.0 2.0
38 43 44 0.0 0.0 0.0 2.0 12.0 0.0 0.0
38 44 37 0.0 0.0 0.0 3.0 9.0 1.0 0.0
38 44 38 0.0 0.0 0.0 19.0 74.0 0.0 0.0
38 44 39 0.0 0.0 0.0 7.0 173.0 2.0 0.0
38 44 40 0.0 0.0 0.0 14.0 201.0 3.0 0.0
38 44 41 0.0 0.0 0.0 11.0 133.0 1.0 0.0
38 44 42 0.0 0.0 0.0 4.0 69.0 1.0 0.0
38 44 43 0.0 0.0 0.0 7.0 13.0 0.0 0.0
38 44 44 0.0 0.0 0.0 0.0 1.0 0.0 0.0
39 36 37 0.0 0.0 0.0 3.0 22.0 0.0 0.0
39 36 38 0.0 0.0 0.0 22.0 162.0 2.0 0.0
39 36 39 0.0 0.0 0.0 38.0 418.0 4.0 0.0
39 36 40 0.0 0.0 0.0 56.0 493.0 10.0 0.0
39 36 41 0.0 0.0 0.0 59.0 433.0 4.0 0.0
39 36 42 0.0 0.0 0.0 14.0 160.0 3.0 0.0
39 36 43 0.0 0.0 0.0 10.0 48.0 1.0 0.0
39 37 36 0.0 0.0 0.0 11.0 36.0 0.0 0.0
39 37 37 0.0 0.0 0.0 292.0 2733.0 56.0 33.0
39 37 38 0.0 0.0 0.0 934.0 10459.0 169.0 359.0
39 37 39 0.0 0.0 1.0 2000.0 20298.0 338.0 1756.0
39 37 40 0.0 2.0 7.0 2460.0 23863.0 404.0 2834.0
39 37 41 0.0 0.0 0.0 2177.0 19639.0 328.0 1770.0
39 37 42 0.0 4.0 0.0 1453.0 11006.0 192.0 443.0
39 37 43 0.0 0.0 0.0 293.0 3613.0 63.0 29.0
39 37 44 0.0 0.0 0.0 3.0 44.0 0.0 0.0
39 38 36 0.0 0.0 0.0 10.0 134.0 1.0 0.0
39 38 37 0.0 0.0 1.0 1050.0 11585.0 195.0 499.0
39 38 38 0.0 0.0 2.0 5372.0 39064.0 495.0 21650.0
39 38 39 0.0 1.0 2.0 3564.0 38936.0 420.0 45267.0
39 38 40 0.0 5.0 4.0 3854.0 36089.0 376.0 51862.0
39 38 41 0.0 2.0 10.0 3832.0 38907.0 396.0 44443.0
39 38 42 0.0 3.0 0.0 4652.0 39819.0 517.0 23420.0
39 38 43 0.0 0.0 0.0 1092.0 10789.0 185.0 402.0
39 38 44 0.0 0.0 0.0 14.0 279.0 1.0 0.0
39 39 35 0.0 0.0 0.0 0.0 1.0 0.0 0.0
39 39 36 0.0 0.0 0.0 78.0 409.0 8.0 0.0
39 39 37 0.0 0.0 12.0 2307.0 19970.0 304.0 1798.0
39 39 38 0.0 0.0 3.0 4065.0 38548.0 423.0 45538.0
39 39 39 0.0 2.0 3.0 1739.0 17097.0 128.0 98685.0
39 39 40 0.0 1.0 8.0 1563.0 15302.0 106.0 104410.0
39 39 41 0.0 2.0 3.0 1937.0 17103.0 130.0 98006.0
39 39 42 0.0 6.0 5.0 3721.0 38344.0 415.0 45757.0
39 39 43 0.0 0.0 1.0 1723.0 19841.0 288.0 1650.0
39 39 44 0.0 0.0 0.0 49.0 416.0 5.0 1.0
39 40 36 0.0 1.0 0.0 71.0 509.0 10.0 0.0
39 40 37 0.0 2.0 5.0 2294.0 25272.0 341.0 3100.0
39 40 38 0.0 2.0 7.0 3477.0 35779.0 334.0 54681.0
39 40 39 0.0 1.0 4.0 1404.0 14223.0 84.0 107549.0
39 40 40 0.0 5.0 8.0 1416.0 12702.0 92.0 112374.0
39 40 41 0.0 3.0 3.0 1532.0 14836.0 103.0 105555.0
39 40 42 0.0 3.0 12.0 3541.0 35540.0 353.0 54059.0
39 40 43 0.0 18.0 2.0 2220.0 24298.0 388.0 2727.0
39 40 44 0.0 0.0 0.0 42.0 597.0 8.0 0.0
39 41 36 0.0 0.0 0.0 42.0 439.0 10.0 1.0
39 41 37 0.0 0.0 2.0 1845.0 20894.0 318.0 1990.0
39 41 38 0.0 1.0 9.0 3457.0 38490.0 426.0 46545.0
39 41 39 0.0 1.0 3.0 1605.0 16342.0 120.0 100712.0
39 41 40 0.0 6.0 3.0 1488.0 15462.0 120.0 103972.0
39 41 41 0.0 7.0 8.0 1755.0 17217.0 136.0 98195.0
39 41 42 0.0 1.0 6.0 4447.0 38238.0 414.0 44298.0
39 41 43 0.0 13.0 3.0 1973.0 19171.0 306.0 1619.0
39 41 44 0.0 0.0 0.0 46.0 368.0 7.0 0.0
39 42 36 0.0 0.0 0.0 19.0 166.0 3.0 0.0
39 42 37 0.0 0.0 0.0 950.0 10989.0 164.0 434.0
39 42 38 0.0 0.0 11.0 3966.0 40444.0 518.0 23385.0
39 42 39 0.0 3.0 8.0 4101.0 38461.0 418.0 45337.0
39 42 40 0.0 3.0 5.0 3969.0 35418.0 370.0 53886.0
39 42 41 0.0 6.0 11.0 4102.0 38667.0 388.0 44944.0
39 42 42 0.0 9.0 15.0 4824.0 39778.0 491.0 21595.0
39 42 43 0.0 0.0 0.0 1089.0 10596.0 174.0 428.0
39 42 44 0.0 0.0 0.0 33.0 159.0 2.0 0.0
39 43 36 0.0 0.0 0.0 2.0 30.0 0.0 0.0
39 43 37 0.0 0.0 0.0 349.0 2423.0 47.0 21.0
39 43 38 0.0 1.0 2.0 974.0 10878.0 220.0 462.0
39 43 39 0.0 6.0 10.0 1789.0 20469.0 343.0 1854.0
39 43 40 0.0 0.0 4.0 2158.0 23525.0 370.0 2640.0
39 43 41 0.0 3.0 1.0 1867.0 19549.0 346.0 1587.0
39 43 42 0.0 1.0 0.0 1116.0 11174.0 191.0 454.0
39 43 43 0.0 0.0 0.0 289.0 2865.0 55.0 26.0
39 43 44 0.0 0.0 0.0 1.0 18.0 0.0 0.0
39 44 37 0.0 0.0 0.0 4.0 42.0 3.0 0.0
39 44 38 0.0 0.0 0.0 6.0 185.0 7.0 1.0
39 44 39 0.0 0.0 0.0 24.0 440.0 8.0 0.0
39 44 40 0.0 0.0 0.0 52.0 565.0 10.0 0.0
39 44 41 0.0 0.0 0.0 27.0 314.0 6.0 0.0
39 44 42 0.0 0.0 0.0 21.0 195.0 3.0 0.0
39 44 43 0.0 0.0 0.0 4.0 32.0 0.0 0.0
39 44 44 0.0 0.0 0.0 0.0 2.0 1.0 0.0
39 45 41 0.0 0.0 0.0 0.0 4.0 0.0 0.0
40 36 36 0.0 0.0 0.0 0.0 2.0 0.0 0.0
40 36 37 0.0 0.0 0.0 3.0 30.0 0.0 0.0
40 36 38 0.0 0.0 0.0 16.0 208.0 0.0 0.0
40 36 39 0.0 0.0 0.0 51.0 530.0 12.0 0.0
40 36 40 0.0 0.0 0.0 47.0 759.0 12.0 0.0
40 36 41 0.0 0.0 0.0 59.0 615.0 10.0 0.0
40 36 42 0.0 0.0 1.0 21.0 289.0 6.0 0.0
40 36 43 0.0 0.0 0.0 4.0 98.0 2.0 0.0
40 37 36 0.0 0.0 0.0 1.0 54.0 0.0 0.0
40 37 37 0.0 0.0 0.0 290.0 3566.0 57.0 24.0
40 37 38 0.0 0.0 0.0 1253.0 13927.0 231.0 760.0
40 37 39 0.0 4.0 10.0 2446.0 24145.0 414.0 2804.0
40 37 40 0.0 0.0 1.0 2760.0 27884.0 422.0 4324.0
40 37 41 0.0 5.0 2.0 2571.0 24511.0 424.0 3046.0
40 37 42 0.0 0.0 2.0 1616.0 14917.0 248.0 897.0
40 37 43 0.0 1.0 5.0 487.0 4483.0 89.0 82.0
40 37 44 0.0 0.0 0.0 6.0 50.0 0.0 0.0
40 38 35 0.0 0.0 0.0 0.0 2.0 0.0 0.0
40 38 36 0.0 0.0 0.0 17.0 273.0 3.0 0.0
40 38 37 0.0 0.0 7.0 1456.0 12262.0 216.0 572.0
40 38 38 0.0 0.0 4.0 4291.0 40620.0 452.0 28948.0
40 38 39 0.0 0.0 21.0 3388.0 35914.0 329.0 54599.0
40 38 40 0.0 9.0 8.0 3362.0 31556.0 291.0 64477.0
40 38 41 0.0 6.0 4.0 3348.0 35280.0 394.0 55592.0
40 38 42 0.0 1.0 5.0 3533.0 40894.0 457.0 33263.0
40 38 43 0.0 0.0 4.0 1269.0 15071.0 292.0 842.0
40 38 44 0.0 0.0 0.0 28.0 279.0 4.0 0.0
40 39 36 0.0 0.0 0.0 37.0 535.0 11.0 0.0
40 39 37 0.0 0.0 0.0 2275.0 23826.0 392.0 2615.0
40 39 38 0.0 2.0 5.0 3843.0 35292.0 349.0 55298.0
40 39 39 0.0 1.0 7.0 1655.0 15363.0 104.0 104007.0
40 39 40 0.0 0.0 8.0 1310.0 12737.0 80.0 112249.0
40 39 41 0.0 4.0 5.0 1557.0 14342.0 93.0 107005.0
40 39 42 0.0 15.0 9.0 3583.0 34460.0 295.0 56695.0
40 39 43 0.0 9.0 6.0 2482.0 25984.0 351.0 3286.0
40 39 44 0.0 0.0 0.0 71.0 683.0 16.0 1.0
40 40 36 0.0 0.0 1.0 78.0 650.0 11.0 0.0
40 40 37 0.0 2.0 14.0 2587.0 27379.0 424.0 3936.0
40 40 38 0.0 1.0 7.0 3170.0 31754.0 310.0 64453.0
40 40 39 0.0 1.0 1.0 1370.0 13472.0 107.0 110797.0
40 40 40 0.0 0.0 3.0 641.0 6831.0 38.0 138050.0
40 40 41 0.0 5.0 2.0 1317.0 12462.0 94.0 113147.0
40 40 42 0.0 2.0 11.0 3030.0 31409.0 307.0 64724.0
40 40 43 0.0 6.0 12.0 2868.0 28130.0 470.0 4176.0
40 40 44 0.0 0.0 0.0 72.0 840.0 13.0 1.0
40 41 36 0.0 0.0 0.0 58.0 520.0 13.0 1.0
40 41 37 0.0 5.0 7.0 2747.0 23567.0 349.0 2667.0
40 41 38 0.0 5.0 5.0 3229.0 35570.0 341.0 55554.0
40 41 39 0.0 1.0 2.0 1522.0 15093.0 115.0 105663.0
40 41 40 0.0 3.0 3.0 1325.0 12633.0 88.0 112486.0
40 41 41 0.0 3.0 5.0 1688.0 14858.0 125.0 105170.0
40 41 42 0.0 8.0 4.0 3489.0 36444.0 370.0 52826.0
40 41 43 0.0 2.0 1.0 2417.0 23130.0 397.0 2461.0
40 41 44 0.0 0.0 0.0 45.0 552.0 10.0 2.0
40 42 36 0.0 0.0 0.0 22.0 249.0 4.0 0.0
40 42 37 0.0 0.0 2.0 1358.0 12779.0 218.0 597.0
40 42 38 0.0 0.0 13.0 3699.0 41212.0 443.0 28777.0
40 42 39 0.0 9.0 15.0 3113.0 36264.0 357.0 54112.0
40 42 40 0.0 4.0 11.0 2961.0 33012.0 321.0 62792.0
40 42 41 0.0 0.0 10.0 3779.0 35340.0 360.0 53661.0
40 42 42 0.0 2.0 0.0 5061.0 39818.0 463.0 29538.0
40 42 43 0.0 1.0 0.0 1227.0 12135.0 202.0 512.0
40 42 44 0.0 0.0 0.0 13.0 189.0 5.0 0.0
40 43 36 0.0 0.0 0.0 6.0 35.0 1.0 0.0
40 43 37 0.0 0.0 0.0 376.0 3611.0 67.0 41.0
40 43 38 0.0 0.0 3.0 1252.0 12500.0 218.0 612.0
40 43 39 0.0 1.0 1.0 2149.0 23372.0 341.0 2536.0
40 43 40 0.0 0.0 4.0 2504.0 27209.0 398.0 3755.0
40 43 41 0.0 3.0 0.0 2192.0 23598.0 366.0 2532.0
40 43 42 0.0 7.0 1.0 1430.0 13184.0 203.0 636.0
40 43 43 0.0 0.0 0.0 297.0 3155.0 53.0 26.0
40 43 44 0.0 0.0 0.0 7.0 34.0 1.0 0.0
40 44 37 0.0 0.0 0.0 2.0 30.0 3.0 0.0
40 44 38 0.0 0.0 0.0 16.0 187.0 2.0 0.0
40 44 39 0.0 0.0 0.0 60.0 560.0 9.0 0.0
40 44 40 0.0 0.0 0.0 49.0 667.0 11.0 0.0
40 44 41 0.0 0.0 0.0 44.0 460.0 11.0 0.0
40 44 42 0.0 0.0 0.0 22.0 180.0 3.0 0.0
40 44 43 0.0 0.0 0.0 7.0 38.0 0.0 0.0
40 44 44 0.0 0.0 0.0 0.0 3.0 1.0 0.0
40 45 41 0.0 0.0 0.0 0.0 1.0 0.0 0.0
41 36 36 0.0 0.0 0.0 0.0 4.0 0.0 0.0
41 36 37 0.0 0.0 0.0 3.0 29.0 0.0 0.0
41 36 38 0.0 0.0 0.0 40.0 208.0 3.0 0.0
41 36 39 0.0 0.0 0.0 27.0 475.0 8.0 0.0
41 36 40 0.0 0.0 0.0 45.0 573.0 9.0 0.0
41 36 41 0.0 0.0 0.0 54.0 518.0 14.0 0.0
41 36 42 0.0 0.0 0.0 13.0 241.0 3.0 0.0
41 36 43 0.0 0.0 0.0 7.0 31.0 0.0 0.0
41 36 44 0.0 0.0 0.0 0.0 4.0 0.0 0.0
41 37 36 0.0 0.0 0.0 2.0 26.0 0.0 0.0
41 37 37 0.0 0.0 0.0 269.0 2770.0 51.0 24.0
41 37 38 0.0 0.0 0.0 1066.0 10935.0 183.0 398.0
41 37 39 0.0 0.0 0.0 2029.0 20846.0 317.0 1943.0
41 37 40 0.0 0.0 0.0 2318.0 26430.0 379.0 3354.0
41 37 41 0.0 5.0 5.0 2600.0 23095.0 370.0 2538.0
41 37 42 0.0 5.0 1.0 1215.0 13897.0 227.0 748.0
41 37 43 0.0 2.0 6.0 303.0 4842.0 68.0 70.0
41 37 44 0.0 0.0 0.0 11.0 68.0 1.0 0.0
41 38 36 0.0 0.0 0.0 8.0 174.0 3.0 0.0
41 38 37 0.0 0.0 5.0 1300.0 10166.0 198.0 391.0
41 38 38 0.0 2.0 4.0 4717.0 39922.0 490.0 21805.0
41 38 39 0.0 1.0 4.0 3992.0 38528.0 404.0 45973.0
41 38 40 0.0 5.0 12.0 3738.0 34091.0 349.0 58096.0
41 38 41 0.0 10.0 6.0 3483.0 36678.0 383.0 52275.0
41 38 42 0.0 5.0 9.0 2754.0 41715.0 432.0 32117.0
41 38 43 0.0 0.0 7.0 1316.0 14303.0 240.0 803.0
41 38 44 0.0 0.0 0.0 19.0 283.0 5.0 0.0
41 39 36 0.0 0.0 0.0 37.0 379.0 6.0 0.0
41 39 37 0.0 0.0 0.0 1985.0 19544.0 301.0 1718.0
41 39 38 0.0 1.0 6.0 3865.0 39627.0 417.0 42958.0
41 39 39 0.0 3.0 1.0 1790.0 16602.0 132.0 100337.0
41 39 40 0.0 3.0 4.0 1417.0 14476.0 108.0 107656.0
41 39 41 0.0 1.0 8.0 1412.0 14594.0 105.0 105828.0
41 39 42 0.0 8.0 10.0 3424.0 36977.0 401.0 51490.0
41 39 43 0.0 8.0 18.0 1947.0 24493.0 379.0 2785.0
41 39 44 0.0 2.0 0.0 64.0 630.0 19.0 0.0
41 40 36 0.0 0.0 0.0 43.0 579.0 14.0 0.0
41 40 37 0.0 1.0 6.0 1987.0 24750.0 395.0 2852.0
41 40 38 0.0 2.0 6.0 3773.0 35291.0 358.0 54819.0
41 40 39 0.0 1.0 6.0 1380.0 14565.0 82.0 107364.0
41 40 40 0.0 1.0 1.0 1186.0 12547.0 82.0 113856.0
41 40 41 0.0 4.0 6.0 1427.0 15478.0 103.0 105620.0
41 40 42 0.0 0.0 3.0 3175.0 34842.0 356.0 57540.0
41 40 43 0.0 2.0 0.0 2343.0 25847.0 394.0 3314.0
41 40 44 0.0 0.0 0.0 60.0 605.0 14.0 1.0
41 41 36 0.0 0.0 0.0 32.0 501.0 11.0 0.0
41 41 37 0.0 0.0 2.0 1937.0 19814.0 341.0 1780.0
41 41 38 0.0 0.0 14.0 3271.0 39367.0 384.0 45763.0
41 41 39 0.0 2.0 15.0 1480.0 17265.0 132.0 98648.0
41 41 40 0.0 4.0 3.0 1417.0 14988.0 108.0 106173.0
41 41 41 0.0 5.0 1.0 1698.0 16583.0 122.0 100025.0
41 41 42 0.0 11.0 5.0 4486.0 38111.0 402.0 45195.0
41 41 43 0.0 3.0 1.0 1981.0 21149.0 325.0 1958.0
41 41 44 0.0 0.0 0.0 35.0 418.0 7.0 0.0
41 42 36 0.0 0.0 0.0 20.0 174.0 4.0 0.0
41 42 37 0.0 0.0 2.0 1237.0 11182.0 193.0 429.0
41 42 38 0.0 0.0 10.0 4608.0 40480.0 549.0 22696.0
41 42 39 0.0 5.0 10.0 3207.0 39665.0 419.0 44478.0
41 42 40 0.0 2.0 3.0 3283.0 36272.0 344.0 53800.0
41 42 41 0.0 6.0 5.0 3698.0 39122.0 429.0 44516.0
41 42 42 0.0 0.0 2.0 4279.0 40640.0 450.0 23986.0
41 42 43 0.0 0.0 0.0 1180.0 10521.0 198.0 409.0
41 42 44 0.0 0.0 0.0 13.0 169.0 5.0 0.0
41 43 36 0.0 0.0 0.0 3.0 30.0 1.0 0.0
41 43 37 0.0 0.0 0.0 339.0 2824.0 41.0 18.0
41 43 38 0.0 1.0 0.0 1064.0 11252.0 199.0 466.0
41 43 39 0.0 0.0 2.0 1735.0 20256.0 352.0 1684.0
41 43 40 0.0 4.0 0.0 2234.0 23314.0 333.0 2496.0
41 43 41 0.0 2.0 6.0 1924.0 20054.0 318.0 1715.0
41 43 42 0.0 3.0 0.0 1240.0 10984.0 186.0 421.0
41 43 43 0.0 0.0 0.0 375.0 2769.0 53.0 30.0
41 43 44 0.0 0.0 0.0 7.0 52.0 1.0 0.0
41 44 37 0.0 0.0 0.0 3.0 26.0 0.0 0.0
41 44 38 0.0 0.0 0.0 9.0 164.0 0.0 0.0
41 44 39 0.0 0.0 0.0 35.0 366.0 13.0 1.0
41 44 40 0.0 0.0 0.0 32.0 528.0 7.0 0.0
41 44 41 0.0 0.0 0.0 47.0 404.0 5.0 0.0
41 44 42 0.0 0.0 0.0 12.0 151.0 3.0 0.0
41 44 43 0.0 0.0 0.0 2.0 42.0 2.0 0.0
41 44 44 0.0 0.0 0.0 0.0 2.0 0.0 0.0
42 35 41 0.0 0.0 0.0 0.0 1.0 0.0 0.0
42 36 36 0.0 0.0 0.0 0.0 2.0 0.0 0.0
42 36 37 0.0 0.0 0.0 2.0 8.0 0.0 0.0
42 36 38 0.0 0.0 0.0 15.0 73.0 0.0 0.0
42 36 39 0.0 0.0 0.0 17.0 208.0 4.0 0.0
42 36 40 0.0 0.0 0.0 26.0 288.0 2.0 0.0
42 36 41 0.0 0.0 0.0 19.0 250.0 3.0 2.0
42 36 42 0.0 0.0 0.0 19.0 132.0 3.0 0.0
42 36 43 0.0 0.0 0.0 8.0 12.0 0.0 0.0
42 36 44 0.0 0.0 0.0 0.0 3.0 0.0 0.0
42 37 36 0.0 0.0 0.0 14.0 12.0 1.0 0.0
42 37 37 0.0 0.0 0.0 174.0 1401.0 21.0 6.0
42 37 38 0.0 0.0 0.0 642.0 5969.0 107.0 125.0
42 37 39 0.0 0.0 5.0 1225.0 12333.0 218.0 650.0
42 37 40 0.0 1.0 6.0 1545.0 15998.0 269.0 1087.0
42 37 41 0.0 5.0 10.0 1414.0 14716.0 235.0 838.0
42 37 42 0.0 0.0 1.0 640.0 8473.0 132.0 249.0
42 37 43 0.0 0.0 0.0 159.0 2562.0 40.0 18.0
42 37 44 0.0 0.0 0.0 6.0 34.0 1.0 0.0
42 38 36 0.0 0.0 2.0 4.0 74.0 0.0 0.0
42 38 37 0.0 0.0 2.0 521.0 5685.0 84.0 116.0
42 38 38 0.0 2.0 11.0 2989.0 36849.0 513.0 12167.0
42 38 39 0.0 1.0 2.0 3982.0 41125.0 491.0 26454.0
42 38 40 0.0 8.0 4.0 3909.0 39568.0 424.0 37570.0
42 38 41 0.0 8.0 15.0 3045.0 41284.0 449.0 32659.0
42 38 42 0.0 1.0 7.0 2680.0 40410.0 475.0 17500.0
42 38 43 0.0 0.0 0.0 664.0 9262.0 173.0 293.0
42 38 44 0.0 0.0 0.0 7.0 138.0 0.0 0.0
42 39 36 0.0 0.0 0.0 14.0 192.0 4.0 1.0
42 39 37 0.0 0.0 0.0 1030.0 11133.0 183.0 449.0
42 39 38 0.0 0.0 1.0 3267.0 41519.0 498.0 26711.0
42 39 39 0.0 6.0 7.0 4236.0 37706.0 385.0 46581.0
42 39 40 0.0 8.0 7.0 3328.0 33528.0 297.0 59731.0
42 39 41 0.0 5.0 15.0 3421.0 36783.0 371.0 51676.0
42 39 42 0.0 5.0 13.0 2810.0 41769.0 477.0 32295.0
42 39 43 0.0 0.0 0.0 1093.0 14189.0 221.0 768.0
42 39 44 0.0 0.0 0.0 19.0 253.0 5.0 0.0
42 40 36 0.0 0.0 0.0 30.0 259.0 2.0 0.0
42 40 37 0.0 0.0 2.0 1022.0 13800.0 227.0 656.0
42 40 38 0.0 1.0 6.0 3436.0 41364.0 471.0 30303.0
42 40 39 0.0 0.0 3.0 2901.0 35585.0 351.0 56694.0
42 40 40 0.0 2.0 4.0 2895.0 31255.0 276.0 65569.0
42 40 41 0.0 3.0 10.0 2943.0 34717.0 344.0 57831.0
42 40 42 0.0 1.0 10.0 3178.0 40894.0 412.0 35464.0
42 40 43 0.0 0.0 1.0 1665.0 15803.0 263.0 1020.0
42 40 44 0.0 0.0 0.0 30.0 265.0 2.0 0.0
42 41 36 0.0 0.0 0.0 13.0 164.0 1.0 0.0
42 41 37 0.0 0.0 6.0 1081.0 10861.0 193.0 393.0
42 41 38 0.0 0.0 7.0 3084.0 41678.0 514.0 23153.0
42 41 39 0.0 0.0 7.0 2733.0 40056.0 418.0 44573.0
42 41 40 0.0 3.0 5.0 2775.0 35271.0 336.0 56300.0
42 41 41 0.0 1.0 3.0 3325.0 38773.0 397.0 46811.0
42 41 42 0.0 5.0 3.0 3393.0 41739.0 478.0 23782.0
42 41 43 0.0 7.0 0.0 1040.0 12774.0 225.0 608.0
42 41 44 0.0 0.0 0.0 21.0 226.0 4.0 0.0
42 42 36 0.0 0.0 0.0 8.0 58.0 0.0 0.0
42 42 37 0.0 0.0 0.0 595.0 5716.0 107.0 100.0
42 42 38 0.0 3.0 3.0 3655.0 31782.0 437.0 7734.0
42 42 39 0.0 0.0 5.0 3187.0 41730.0 492.0 23704.0
42 42 40 0.0 11.0 3.0 3369.0 41262.0 481.0 31501.0
42 42 41 0.0 2.0 2.0 4930.0 39875.0 471.0 24169.0
42 42 42 0.0 11.0 0.0 2833.0 34070.0 421.0 8858.0
42 42 43 0.0 2.0 0.0 531.0 5513.0 99.0 114.0
42 42 44 0.0 0.0 0.0 7.0 80.0 4.0 0.0
42 43 36 0.0 0.0 0.0 1.0 13.0 0.0 0.0
42 43 37 0.0 0.0 0.0 175.0 1101.0 14.0 6.0
42 43 38 0.0 0.0 0.0 470.0 5326.0 92.0 78.0
42 43 39 0.0 1.0 5.0 826.0 11458.0 197.0 489.0
42 43 40 0.0 0.0 2.0 1274.0 12778.0 224.0 588.0
42 43 41 0.0 0.0 0.0 1072.0 10955.0 194.0 466.0
42 43 42 0.0 1.0 1.0 502.0 5514.0 92.0 100.0
42 43 43 0.0 0.0 0.0 149.0 1385.0 21.0 6.0
42 43 44 0.0 0.0 0.0 1.0 6.0 0.0 0.0
42 44 36 0.0 0.0 0.0 0.0 1.0 0.0 0.0
42 44 37 0.0 0.0 0.0 1.0 11.0 0.0 0.0
42 44 38 0.0 0.0 0.0 7.0 82.0 2.0 0.0
42 44 39 0.0 0.0 0.0 13.0 155.0 0.0 0.0
42 44 40 0.0 0.0 0.0 13.0 230.0 3.0 0.0
42 44 41 0.0 0.0 0.0 17.0 155.0 3.0 0.0
42 44 42 0.0 0.0 0.0 9.0 83.0 0.0 0.0
42 44 43 0.0 0.0 0.0 2.0 14.0 1.0 0.0
43 36 36 0.0 0.0 0.0 3.0 0.0 0.0 0.0
43 36 37 0.0 0.0 0.0 0.0 2.0 0.0 0.0
43 36 38 0.0 0.0 0.0 2.0 21.0 0.0 0.0
43 36 39 0.0 0.0 0.0 1.0 53.0 2.0 0.0
43 36 40 0.0 0.0 0.0 8.0 106.0 1.0 0.0
43 36 41 0.0 0.0 0.0 7.0 74.0 0.0 0.0
43 36 42 0.0 0.0 0.0 2.0 27.0 0.0 0.0
43 36 43 0.0 0.0 0.0 1.0 5.0 1.0 0.0
43 37 36 0.0 0.0 0.0 0.0 1.0 0.0 0.0
43 37 37 0.0 0.0 0.0 26.0 352.0 9.0 0.0
43 37 38 0.0 0.0 0.0 209.0 1703.0 46.0 9.0
43 37 39 0.0 0.0 0.0 302.0 3926.0 86.0 49.0
43 37 40 0.0 0.0 2.0 450.0 5160.0 102.0 77.0
43 37 41 0.0 0.0 1.0 428.0 4300.0 70.0 50.0
43 37 42 0.0 0.0 0.0 122.0 2793.0 44.0 20.0
43 37 43 0.0 0.0 0.0 30.0 907.0 14.0 3.0
43 37 44 0.0 0.0 0.0 6.0 10.0 0.0 0.0
43 38 36 0.0 0.0 0.0 1.0 9.0 0.0 0.0
43 38 37 0.0 0.0 0.0 121.0 1954.0 35.0 9.0
43 38 38 0.0 0.0 1.0 702.0 6054.0 98.0 110.0
43 38 39 0.0 0.0 5.0 1206.0 13922.0 269.0 758.0
43 38 40 0.0 0.0 2.0 1365.0 17345.0 274.0 1242.0
43 38 41 0.0 0.0 0.0 1467.0 15660.0 246.0 997.0
43 38 42 0.0 0.0 3.0 674.0 8505.0 150.0 250.0
43 38 43 0.0 0.0 0.0 156.0 2712.0 39.0 19.0
43 38 44 0.0 0.0 0.0 0.0 40.0 1.0 0.0
43 39 36 0.0 0.0 0.0 4.0 30.0 0.0 0.0
43 39 37 0.0 0.0 0.0 226.0 3628.0 66.0 37.0
43 39 38 0.0 0.0 2.0 1059.0 11816.0 200.0 480.0
43 39 39 0.0 0.0 3.0 2439.0 22579.0 358.0 2437.0
43 39 40 0.0 9.0 6.0 2566.0 26639.0 439.0 3684.0
43 39 41 0.0 3.0 3.0 2042.0 24923.0 390.0 2899.0
43 39 42 0.0 0.0 11.0 1084.0 15602.0 249.0 962.0
43 39 43 0.0 0.0 0.0 294.0 4546.0 83.0 44.0
43 39 44 0.0 0.0 0.0 4.0 52.0 2.0 0.0
43 40 36 0.0 0.0 0.0 2.0 47.0 0.0 0.0
43 40 37 0.0 0.0 0.0 270.0 4179.0 70.0 56.0
43 40 38 0.0 0.0 3.0 1148.0 13959.0 245.0 687.0
43 40 39 0.0 1.0 2.0 2157.0 24593.0 395.0 2820.0
43 40 40 0.0 0.0 14.0 2195.0 30598.0 440.0 5097.0
43 40 41 0.0 10.0 1.0 2762.0 26402.0 401.0 3434.0
43 40 42 0.0 2.0 1.0 1463.0 15561.0 266.0 939.0
43 40 43 0.0 0.0 0.0 356.0 5146.0 83.0 82.0
43 40 44 0.0 0.0 0.0 4.0 51.0 1.0 0.0
43 41 36 0.0 0.0 0.0 3.0 23.0 0.0 0.0
43 41 37 0.0 0.0 0.0 239.0 3020.0 49.0 25.0
43 41 38 0.0 0.0 0.0 736.0 11149.0 185.0 420.0
43 41 39 0.0 1.0 2.0 1601.0 21152.0 334.0 1925.0
43 41 40 0.0 0.0 10.0 2099.0 25729.0 385.0 3158.0
43 41 41 0.0 1.0 1.0 1697.0 22785.0 355.0 2301.0
43 41 42 0.0 0.0 2.0 1006.0 11720.0 205.0 523.0
43 41 43 0.0 0.0 0.0 275.0 3474.0 60.0 30.0
43 41 44 0.0 0.0 0.0 10.0 44.0 1.0 0.0
43 42 36 0.0 0.0 0.0 0.0 8.0 0.0 0.0
43 42 37 0.0 0.0 0.0 102.0 1465.0 26.0 6.0
43 42 38 0.0 0.0 2.0 335.0 5559.0 74.0 112.0
43 42 39 0.0 0.0 4.0 762.0 11198.0 170.0 433.0
43 42 40 0.0 2.0 2.0 1030.0 14859.0 233.0 829.0
43 42 41 0.0 0.0 0.0 1181.0 11569.0 197.0 469.0
43 42 42 0.0 0.0 0.0 588.0 5932.0 95.0 112.0
43 42 43 0.0 0.0 0.0 179.0 1180.0 14.0 6.0
43 42 44 0.0 0.0 0.0 1.0 9.0 0.0 0.0
43 43 36 0.0 0.0 0.0 0.0 1.0 0.0 0.0
43 43 37 0.0 0.0 0.0 13.0 256.0 4.0 0.0
43 43 38 0.0 0.0 0.0 82.0 1350.0 30.0 1.0
43 43 39 0.0 0.0 0.0 124.0 3104.0 49.0 21.0
43 43 40 0.0 1.0 0.0 440.0 3988.0 54.0 45.0
43 43 41 0.0 1.0 0.0 308.0 3094.0 61.0 25.0
43 43 42 0.0 1.0 0.0 158.0 1258.0 20.0 1.0
43 43 43 0.0 0.0 0.0 15.0 270.0 1.0 0.0
43 44 38 0.0 0.0 0.0 0.0 19.0 0.0 0.0
43 44 39 0.0 0.0 0.0 6.0 29.0 0.0 0.0
43 44 40 0.0 0.0 0.0 3.0 40.0 1.0 0.0
43 44 41 0.0 0.0 0.0 2.0 32.0 1.0 0.0
43 44 42 0.0 0.0 0.0 0.0 8.0 1.0 0.0
43 44 43 0.0 0.0 0.0 0.0 7.0 0.0 0.0
44 36 39 0.0 0.0 0.0 0.0 3.0 0.0 0.0
44 36 40 0.0 0.0 0.0 0.0 1.0 0.0 0.0
44 36 41 0.0 0.0 0.0 0.0 1.0 0.0 0.0
44 36 43 0.0 0.0 0.0 1.0 0.0 0.0 0.0
44 37 38 0.0 0.0 0.0 1.0 23.0 1.0 0.0
44 37 39 0.0 0.0 0.0 6.0 71.0 2.0 0.0
44 37 40 0.0 0.0 0.0 12.0 95.0 1.0 0.0
44 37 41 0.0 0.0 0.0 7.0 78.0 0.0 0.0
44 37 42 0.0 0.0 0.0 1.0 39.0 0.0 0.0
44 37 43 0.0 0.0 0.0 0.0 14.0 0.0 0.0
44 38 36 0.0 0.0 0.0 0.0 1.0 0.0 0.0
44 38 37 0.0 0.0 0.0 1.0 20.0 0.0 0.0
44 38 38 0.0 0.0 0.0 4.0 94.0 1.0 0.0
44 38 39 0.0 0.0 0.0 18.0 271.0 3.0 0.0
44 38 40 0.0 0.0 0.0 27.0 392.0 9.0 1.0
44 38 41 0.0 0.0 0.0 37.0 298.0 2.0 0.0
44 38 42 0.0 0.0 0.0 8.0 155.0 3.0 0.0
44 38 43 0.0 0.0 0.0 2.0 33.0 1.0 0.0
44 38 44 0.0 0.0 0.0 0.0 2.0 0.0 0.0
44 39 36 0.0 0.0 0.0 0.0 2.0 0.0 0.0
44 39 37 0.0 0.0 0.0 3.0 34.0 0.0 0.0
44 39 38 0.0 0.0 0.0 10.0 236.0 2.0 0.0
44 39 39 0.0 0.0 0.0 53.0 496.0 8.0 0.0
44 39 40 0.0 0.0 0.0 51.0 724.0 11.0 1.0
44 39 41 0.0 0.0 0.0 48.0 537.0 7.0 0.0
44 39 42 0.0 0.0 0.0 22.0 305.0 5.0 0.0
44 39 43 0.0 0.0 0.0 1.0 83.0 3.0 0.0
44 39 44 0.0 0.0 0.0 0.0 2.0 0.0 0.0
44 40 37 0.0 0.0 0.0 0.0 38.0 0.0 0.0
44 40 38 0.0 0.0 0.0 38.0 240.0 2.0 0.0
44 40 39 0.0 0.0 0.0 55.0 719.0 9.0 2.0
44 40 40 0.0 0.0 0.0 78.0 998.0 19.0 1.0
44 40 41 0.0 0.0 0.0 36.0 804.0 14.0 2.0
44 40 42 0.0 0.0 0.0 24.0 316.0 5.0 0.0
44 40 43 0.0 0.0 0.0 10.0 85.0 2.0 0.0
44 40 44 0.0 0.0 0.0 1.0 1.0 0.0 0.0
44 41 36 0.0 0.0 0.0 0.0 6.0 1.0 0.0
44 41 37 0.0 0.0 0.0 4.0 60.0 1.0 0.0
44 41 38 0.0 0.0 0.0 9.0 193.0 3.0 0.0
44 41 39 0.0 0.0 0.0 24.0 491.0 13.0 1.0
44 41 40 0.0 0.0 1.0 61.0 695.0 14.0 2.0
44 41 41 0.0 0.0 0.0 44.0 570.0 10.0 1.0
44 41 42 0.0 0.0 0.0 21.0 223.0 6.0 0.0
44 41 43 0.0 0.0 0.0 1.0 42.0 2.0 0.0
44 41 44 0.0 0.0 0.0 0.0 2.0 0.0 0.0
44 42 37 0.0 0.0 0.0 0.0 10.0 0.0 0.0
44 42 38 0.0 0.0 0.0 5.0 81.0 2.0 0.0
44 42 39 0.0 0.0 0.0 19.0 196.0 0.0 0.0
44 42 40 0.0 0.0 0.0 39.0 245.0 6.0 0.0
44 42 41 0.0 0.0 0.0 3.0 236.0 7.0 0.0
44 42 42 0.0 0.0 0.0 3.0 102.0 4.0 0.0
44 42 43 0.0 0.0 0.0 0.0 8.0 0.0 0.0
44 43 37 0.0 0.0 0.0 0.0 1.0 0.0 0.0
44 43 38 0.0 0.0 0.0 0.0 16.0 0.0 0.0
44 43 39 0.0 0.0 0.0 1.0 43.0 1.0 0.0
44 43 40 0.0 0.0 0.0 2.0 35.0 1.0 0.0
44 43 41 0.0 0.0 0.0 6.0 53.0 0.0 0.0
44 43 42 0.0 0.0 0.0 6.0 15.0 1.0 0.0
44 43 43 0.0 0.0 0.0 0.0 2.0 0.0 0.0
44 44 39 0.0 0.0 0.0 0.0 1.0 0.0 0.0
44 44 40 0.0 0.0 0.0 0.0 5.0 0.0 0.0
44 44 41 0.0 0.0 0.0 0.0 4.0 0.0 0.0
44 44 42 0.0 0.0 0.0 0.0 3.0 0.0 0.0
45 39 41 0.0 0.0 0.0 1.0 0.0 0.0 0.0
