39 38 41 0.0 0.0 0.0 1.0 0.0 0.0 0.0
39 39 38 0.0 0.0 0.0 0.0 2.0 0.0 0.0
39 39 39 0.0 0.0 6.0 18.0 387.0 10.0 1.0
39 39 40 0.0 0.0 7.0 48.0 417.0 15.0 0.0
39 39 41 0.0 3.0 7.0 57.0 338.0 4.0 0.0
39 40 39 0.0 1.0 11.0 144.0 661.0 12.0 1.0
39 40 40 0.0 1.0 8.0 87.0 621.0 13.0 1.0
39 40 41 0.0 0.0 14.0 50.0 509.0 5.0 1.0
39 41 39 0.0 1.0 7.0 48.0 424.0 8.0 2.0
39 41 40 0.0 0.0 9.0 43.0 405.0 15.0 0.0
39 41 41 0.0 3.0 4.0 33.0 340.0 7.0 1.0
40 38 40 0.0 0.0 0.0 0.0 1.0 0.0 0.0
40 38 42 0.0 0.0 0.0 1.0 0.0 0.0 0.0
40 39 39 0.0 0.0 3.0 43.0 329.0 11.0 0.0
40 39 40 0.0 6.0 8.0 102.0 584.0 12.0 0.0
40 39 41 0.0 4.0 13.0 109.0 547.0 14.0 0.0
40 40 39 0.0 1.0 7.0 64.0 467.0 7.0 0.0
40 40 40 2.0 164.0 590.0 4468.0 30438.0 472.0 9642.0
40 40 41 1.0 12.0 11.0 85.0 658.0 12.0 0.0
40 41 39 0.0 5.0 3.0 83.0 473.0 3.0 0.0
40 41 40 0.0 2.0 24.0 105.0 618.0 10.0 3.0
40 41 41 0.0 1.0 12.0 107.0 466.0 15.0 1.0
41 38 41 0.0 0.0 0.0 0.0 2.0 1.0 0.0
41 39 39 0.0 1.0 5.0 61.0 435.0 10.0 1.0
41 39 40 0.0 4.0 5.0 69.0 571.0 12.0 0.0
41 39 41 1.0 5.0 31.0 80.0 1049.0 18.0 3.0
41 40 39 0.0 0.0 12.0 60.0 652.0 16.0 2.0
41 40 40 0.0 2.0 2.0 62.0 700.0 13.0 1.0
41 40 41 0.0 1.0 4.0 18.0 397.0 9.0 2.0
41 41 39 0.0 0.0 9.0 34.0 344.0 6.0 0.0
41 41 40 0.0 1.0 15.0 35.0 530.0 7.0 1.0
41 41 41 0.0 3.0 3.0 52.0 392.0 6.0 0.0
42 38 38 0.0 0.0 0.0 0.0 2.0 0.0 0.0
