37 42 39 0.0 0.0 0.0 0.0 1.0 0.0 0.0
38 38 38 0.0 0.0 0.0 7.0 106.0 1.0 0.0
38 38 39 0.0 0.0 2.0 12.0 240.0 8.0 0.0
38 38 40 0.0 0.0 1.0 33.0 369.0 11.0 0.0
38 38 41 0.0 0.0 0.0 24.0 223.0 4.0 0.0
38 38 42 0.0 0.0 0.0 3.0 77.0 2.0 0.0
38 39 37 0.0 0.0 0.0 0.0 1.0 0.0 0.0
38 39 38 0.0 3.0 2.0 74.0 309.0 10.0 0.0
38 39 39 0.0 0.0 1.0 153.0 816.0 16.0 1.0
38 39 40 0.0 0.0 2.0 209.0 973.0 12.0 3.0
38 39 41 0.0 0.0 0.0 87.0 700.0 10.0 1.0
38 39 42 0.0 0.0 0.0 15.0 197.0 3.0 0.0
38 40 37 0.0 0.0 0.0 0.0 1.0 0.0 0.0
38 40 38 0.0 0.0 5.0 45.0 561.0 6.0 0.0
38 40 39 0.0 1.0 2.0 156.0 1084.0 22.0 2.0
38 40 40 0.0 0.0 2.0 143.0 1432.0 27.0 8.0
38 40 41 0.0 0.0 0.0 122.0 1012.0 19.0 3.0
38 40 42 0.0 0.0 0.0 24.0 297.0 4.0 0.0
38 41 38 0.0 0.0 1.0 32.0 274.0 2.0 0.0
38 41 39 0.0 0.0 0.0 96.0 899.0 27.0 1.0
38 41 40 0.0 0.0 2.0 90.0 1052.0 17.0 2.0
38 41 41 0.0 0.0 0.0 67.0 608.0 12.0 2.0
38 41 42 0.0 0.0 0.0 24.0 232.0 5.0 1.0
38 42 38 0.0 0.0 0.0 4.0 99.0 3.0 0.0
38 42 39 0.0 2.0 5.0 26.0 234.0 4.0 0.0
38 42 40 0.0 0.0 0.0 33.0 331.0 6.0 1.0
38 42 41 0.0 1.0 0.0 25.0 268.0 4.0 0.0
38 42 42 0.0 0.0 0.0 2.0 55.0 1.0 0.0
39 38 38 0.0 0.0 0.0 58.0 200.0 4.0 1.0
39 38 39 0.0 0.0 0.0 77.0 752.0 18.0 0.0
39 38 40 0.0 0.0 4.0 104.0 932.0 20.0 2.0
39 38 41 0.0 0.0 1.0 102.0 649.0 12.0 1.0
39 38 42 0.0 0.0 0.0 40.0 245.0 6.0 0.0
39 39 38 0.0 0.0 2.0 91.0 751.0 10.0 3.0
39 39 39 0.0 5.0 49.0 2049.0 21779.0 361.0 2820.0
39 39 40 0.0 9.0 43.0 2505.0 24682.0 360.0 3911.0
39 39 41 0.0 19.0 51.0 2917.0 20718.0 322.0 2725.0
39 39 42 0.0 0.0 1.0 59.0 795.0 17.0 0.0
39 40 38 0.0 1.0 0.0 137.0 1095.0 16.0 1.0
39 40 39 0.0 10.0 33.0 4061.0 28483.0 429.0 6620.0
39 40 40 0.0 31.0 46.0 3720.0 29276.0 471.0 6542.0
39 40 41 0.0 25.0 95.0 2700.0 25716.0 381.0 4543.0
39 40 42 0.0 0.0 1.0 109.0 1027.0 22.0 2.0
39 41 38 0.0 0.0 1.0 88.0 813.0 8.0 3.0
39 41 39 0.0 11.0 39.0 2391.0 24131.0 371.0 3626.0
39 41 40 0.0 21.0 75.0 2391.0 24344.0 358.0 3707.0
39 41 41 0.0 33.0 27.0 2492.0 21676.0 359.0 2841.0
39 41 42 0.0 0.0 2.0 128.0 678.0 14.0 0.0
39 41 43 0.0 0.0 0.0 0.0 1.0 0.0 0.0
39 42 38 0.0 0.0 0.0 39.0 285.0 2.0 0.0
39 42 39 0.0 1.0 1.0 123.0 732.0 16.0 4.0
39 42 40 0.0 0.0 0.0 190.0 905.0 11.0 1.0
39 42 41 0.0 0.0 3.0 90.0 691.0 7.0 2.0
39 42 42 0.0 0.0 1.0 34.0 212.0 8.0 0.0
39 43 41 0.0 0.0 0.0 0.0 1.0 0.0 0.0
40 37 39 0.0 0.0 0.0 0.0 1.0 0.0 0.0
40 37 40 0.0 0.0 0.0 0.0 1.0 0.0 0.0
40 38 37 0.0 0.0 0.0 0.0 1.0 0.0 0.0
40 38 38 0.0 0.0 0.0 36.0 317.0 6.0 0.0
40 38 39 0.0 0.0 0.0 117.0 1019.0 26.0 1.0
40 38 40 0.0 2.0 2.0 241.0 1508.0 31.0 6.0
40 38 41 0.0 1.0 2.0 114.0 1187.0 25.0 4.0
40 38 42 0.0 0.0 0.0 44.0 438.0 7.0 0.0
40 39 37 0.0 0.0 0.0 0.0 2.0 0.0 0.0
40 39 38 0.0 0.0 1.0 165.0 1119.0 16.0 3.0
40 39 39 0.0 1.0 58.0 2836.0 23175.0 397.0 3357.0
40 39 40 0.0 32.0 76.0 3941.0 29687.0 435.0 6842.0
40 39 41 0.0 24.0 80.0 3985.0 27046.0 407.0 5678.0
40 39 42 0.0 11.0 5.0 129.0 1134.0 23.0 3.0
40 40 38 0.0 0.0 3.0 219.0 1646.0 33.0 8.0
40 40 39 0.0 19.0 56.0 3277.0 27376.0 447.0 5215.0
40 40 40 0.0 14.0 67.0 2008.0 15753.0 137.0 77083.0
40 40 41 0.0 56.0 53.0 4269.0 29630.0 447.0 7100.0
40 40 42 0.0 0.0 7.0 161.0 1662.0 32.0 7.0
40 41 38 0.0 0.0 3.0 115.0 1240.0 32.0 6.0
40 41 39 0.0 24.0 54.0 3493.0 25459.0 418.0 4557.0
40 41 40 0.0 23.0 111.0 3492.0 30167.0 453.0 7134.0
40 41 41 0.0 36.0 80.0 4354.0 24476.0 438.0 4579.0
40 41 42 0.0 2.0 0.0 77.0 894.0 17.0 1.0
40 42 38 0.0 0.0 0.0 36.0 333.0 7.0 1.0
40 42 39 0.0 1.0 3.0 107.0 994.0 14.0 4.0
40 42 40 0.0 0.0 2.0 105.0 1471.0 32.0 5.0
40 42 41 0.0 1.0 3.0 121.0 1014.0 18.0 1.0
40 42 42 0.0 0.0 0.0 100.0 322.0 5.0 1.0
40 43 37 0.0 0.0 0.0 0.0 1.0 0.0 0.0
41 37 40 0.0 0.0 0.0 0.0 2.0 0.0 0.0
41 38 38 0.0 0.0 0.0 43.0 231.0 6.0 0.0
41 38 39 0.0 0.0 0.0 102.0 755.0 16.0 3.0
41 38 40 0.0 1.0 6.0 173.0 1375.0 30.0 7.0
41 38 41 0.0 3.0 4.0 118.0 1235.0 17.0 2.0
41 38 42 0.0 0.0 0.0 34.0 608.0 11.0 0.0
41 39 38 0.0 0.0 0.0 59.0 550.0 5.0 1.0
41 39 39 0.0 17.0 22.0 3075.0 23202.0 360.0 3668.0
41 39 40 0.0 41.0 77.0 3742.0 27081.0 418.0 5631.0
41 39 41 1.0 47.0 138.0 2550.0 32049.0 462.0 8464.0
41 39 42 0.0 1.0 4.0 131.0 1129.0 26.0 3.0
41 39 43 0.0 0.0 0.0 0.0 1.0 0.0 0.0
41 40 37 0.0 0.0 0.0 0.0 2.0 0.0 0.0
41 40 38 0.0 0.0 1.0 164.0 952.0 16.0 0.0
41 40 39 0.0 5.0 45.0 2790.0 28250.0 441.0 5840.0
41 40 40 0.0 17.0 53.0 2820.0 31446.0 450.0 7321.0
41 40 41 2.0 14.0 35.0 2374.0 24806.0 394.0 3755.0
41 40 42 0.0 1.0 3.0 110.0 1289.0 22.0 5.0
41 41 38 0.0 0.0 2.0 64.0 824.0 16.0 2.0
41 41 39 0.0 3.0 89.0 1999.0 22147.0 337.0 2716.0
41 41 40 0.0 25.0 64.0 2667.0 27139.0 451.0 4891.0
41 41 41 0.0 20.0 28.0 2707.0 22449.0 340.0 3317.0
41 41 42 0.0 5.0 0.0 112.0 688.0 18.0 1.0
41 42 38 0.0 0.0 0.0 45.0 234.0 5.0 0.0
41 42 39 0.0 2.0 3.0 48.0 808.0 15.0 2.0
41 42 40 0.0 0.0 0.0 131.0 999.0 20.0 3.0
41 42 41 0.0 0.0 2.0 82.0 715.0 14.0 1.0
41 42 42 0.0 0.0 0.0 32.0 298.0 9.0 0.0
42 37 39 0.0 0.0 0.0 0.0 1.0 0.0 0.0
42 38 38 0.0 0.0 0.0 13.0 226.0 3.0 0.0
42 38 39 0.0 0.0 1.0 30.0 302.0 4.0 0.0
42 38 40 0.0 1.0 1.0 77.0 631.0 6.0 1.0
42 38 41 0.0 0.0 1.0 36.0 558.0 7.0 0.0
42 38 42 0.0 0.0 0.0 26.0 285.0 5.0 0.0
42 39 38 0.0 0.0 0.0 26.0 423.0 9.0 1.0
42 39 39 0.0 0.0 0.0 124.0 761.0 14.0 0.0
42 39 40 0.0 0.0 2.0 201.0 1618.0 30.0 2.0
42 39 41 0.0 0.0 3.0 127.0 1130.0 17.0 3.0
42 39 42 0.0 0.0 0.0 38.0 624.0 13.0 0.0
42 40 38 0.0 0.0 1.0 35.0 373.0 8.0 0.0
42 40 39 0.0 0.0 1.0 91.0 1278.0 16.0 7.0
42 40 40 0.0 1.0 0.0 143.0 1697.0 23.0 5.0
42 40 41 0.0 3.0 4.0 120.0 1331.0 22.0 5.0
42 40 42 0.0 0.0 1.0 57.0 589.0 13.0 4.0
42 41 37 0.0 0.0 0.0 0.0 2.0 0.0 0.0
42 41 38 0.0 0.0 0.0 19.0 266.0 5.0 0.0
42 41 39 0.0 0.0 2.0 53.0 759.0 11.0 2.0
42 41 40 0.0 0.0 5.0 91.0 1303.0 25.0 6.0
42 41 41 0.0 1.0 0.0 71.0 769.0 17.0 1.0
42 41 42 0.0 0.0 0.0 25.0 294.0 5.0 0.0
42 42 38 0.0 0.0 0.0 19.0 67.0 2.0 0.0
42 42 39 0.0 0.0 0.0 26.0 309.0 5.0 1.0
42 42 40 0.0 0.0 0.0 28.0 418.0 7.0 0.0
42 42 41 0.0 0.0 0.0 73.0 273.0 10.0 0.0
42 42 42 0.0 0.0 0.0 10.0 79.0 1.0 0.0
43 38 40 0.0 0.0 0.0 0.0 1.0 0.0 0.0
43 39 39 0.0 0.0 0.0 0.0 1.0 0.0 0.0
43 40 39 0.0 0.0 0.0 0.0 1.0 0.0 0.0
43 40 40 0.0 0.0 0.0 0.0 1.0 0.0 0.0
43 41 39 0.0 0.0 0.0 0.0 2.0 0.0 0.0
43 41 40 0.0 0.0 0.0 0.0 1.0 0.0 0.0
