39 39 39 0.0 0.0 4.0 7.0 124.0 4.0 0.0
39 39 40 0.0 0.0 2.0 13.0 150.0 3.0 0.0
39 39 41 0.0 1.0 2.0 21.0 115.0 2.0 0.0
39 40 39 0.0 0.0 10.0 76.0 271.0 4.0 1.0
39 40 40 0.0 1.0 6.0 27.0 194.0 3.0 0.0
39 40 41 0.0 0.0 7.0 14.0 203.0 4.0 1.0
39 41 39 0.0 0.0 6.0 17.0 169.0 1.0 0.0
39 41 40 0.0 0.0 4.0 9.0 135.0 0.0 0.0
39 41 41 0.0 1.0 4.0 11.0 115.0 1.0 0.0
40 39 39 0.0 0.0 0.0 15.0 114.0 1.0 0.0
40 39 40 0.0 2.0 2.0 36.0 188.0 2.0 0.0
40 39 41 0.0 1.0 6.0 42.0 209.0 7.0 0.0
40 40 39 0.0 0.0 3.0 28.0 144.0 2.0 0.0
40 40 40 4.0 149.0 587.0 3376.0 22821.0 394.0 3987.0
40 40 41 1.0 8.0 8.0 23.0 241.0 6.0 0.0
40 41 39 0.0 3.0 1.0 37.0 185.0 5.0 0.0
40 41 40 0.0 0.0 12.0 38.0 233.0 6.0 0.0
40 41 41 0.0 0.0 8.0 37.0 189.0 4.0 1.0
41 39 39 0.0 0.0 2.0 14.0 149.0 3.0 0.0
41 39 40 0.0 1.0 0.0 29.0 221.0 0.0 0.0
41 39 41 1.0 4.0 23.0 30.0 459.0 10.0 1.0
41 40 39 0.0 0.0 10.0 27.0 253.0 3.0 0.0
41 40 40 0.0 1.0 1.0 17.0 265.0 6.0 1.0
41 40 41 0.0 0.0 2.0 2.0 127.0 3.0 1.0
41 41 39 0.0 0.0 5.0 9.0 111.0 2.0 0.0
41 41 40 0.0 0.0 11.0 9.0 208.0 6.0 0.0
41 41 41 0.0 2.0 0.0 18.0 161.0 5.0 0.0
42 38 38 0.0 0.0 0.0 0.0 1.0 0.0 0.0
