39 39 41 0.0 0.0 0.0 0.0 1.0 0.0 0.0
39 40 39 0.0 0.0 0.0 0.0 4.0 0.0 0.0
39 40 40 0.0 0.0 0.0 0.0 2.0 0.0 0.0
39 40 41 0.0 0.0 1.0 0.0 1.0 0.0 0.0
39 41 39 0.0 0.0 0.0 0.0 4.0 0.0 0.0
40 39 39 0.0 0.0 0.0 0.0 1.0 0.0 0.0
40 39 40 0.0 0.0 0.0 0.0 1.0 0.0 0.0
40 39 41 0.0 0.0 0.0 0.0 1.0 0.0 0.0
40 40 40 9.0 55.0 247.0 349.0 2261.0 38.0 28.0
40 41 40 0.0 0.0 0.0 0.0 3.0 0.0 0.0
40 41 41 0.0 0.0 1.0 0.0 4.0 0.0 0.0
41 39 40 0.0 0.0 0.0 1.0 1.0 0.0 0.0
41 39 41 1.0 0.0 3.0 0.0 21.0 0.0 0.0
41 40 39 0.0 0.0 0.0 0.0 1.0 0.0 0.0
41 41 40 0.0 0.0 1.0 0.0 0.0 0.0 0.0
41 41 41 0.0 0.0 0.0 0.0 1.0 0.0 0.0
