39 39 39 0.0 0.0 0.0 0.0 1.0 0.0 0.0
39 39 41 0.0 0.0 0.0 0.0 1.0 0.0 0.0
39 40 39 0.0 0.0 1.0 3.0 5.0 1.0 0.0
39 40 40 0.0 0.0 1.0 0.0 4.0 0.0 0.0
39 40 41 0.0 0.0 2.0 0.0 3.0 0.0 0.0
39 41 39 0.0 0.0 0.0 0.0 4.0 0.0 0.0
39 41 41 0.0 0.0 1.0 0.0 1.0 0.0 0.0
40 39 39 0.0 0.0 0.0 0.0 1.0 0.0 0.0
40 39 40 0.0 0.0 0.0 0.0 4.0 1.0 0.0
40 39 41 0.0 0.0 0.0 0.0 3.0 0.0 0.0
40 40 39 0.0 0.0 0.0 0.0 1.0 0.0 0.0
40 40 40 8.0 65.0 273.0 510.0 3206.0 73.0 57.0
40 40 41 1.0 0.0 0.0 0.0 0.0 0.0 0.0
40 41 40 0.0 0.0 1.0 0.0 4.0 0.0 0.0
40 41 41 0.0 0.0 1.0 0.0 5.0 0.0 0.0
41 39 39 0.0 0.0 0.0 0.0 1.0 0.0 0.0
41 39 40 0.0 0.0 0.0 1.0 5.0 0.0 0.0
41 39 41 1.0 0.0 3.0 0.0 28.0 1.0 0.0
41 40 39 0.0 0.0 0.0 0.0 3.0 1.0 0.0
41 40 40 0.0 0.0 0.0 1.0 5.0 0.0 0.0
41 41 40 0.0 0.0 2.0 0.0 1.0 0.0 0.0
41 41 41 0.0 0.0 0.0 0.0 1.0 0.0 0.0
