38 38 38 0.0 0.0 0.0 0.0 18.0 0.0 0.0
38 38 39 0.0 0.0 1.0 0.0 48.0 1.0 0.0
38 38 40 0.0 0.0 0.0 2.0 66.0 1.0 0.0
38 38 41 0.0 0.0 0.0 2.0 29.0 1.0 0.0
38 38 42 0.0 0.0 0.0 0.0 13.0 1.0 0.0
38 39 38 0.0 1.0 0.0 12.0 54.0 1.0 0.0
38 39 39 0.0 0.0 1.0 33.0 130.0 4.0 0.0
38 39 40 0.0 0.0 1.0 56.0 145.0 4.0 0.0
38 39 41 0.0 0.0 0.0 22.0 111.0 1.0 0.0
38 39 42 0.0 0.0 0.0 3.0 38.0 1.0 0.0
38 40 38 0.0 0.0 0.0 10.0 110.0 1.0 0.0
38 40 39 0.0 0.0 0.0 28.0 173.0 1.0 0.0
38 40 40 0.0 0.0 2.0 28.0 204.0 1.0 0.0
38 40 41 0.0 0.0 0.0 13.0 158.0 3.0 0.0
38 40 42 0.0 0.0 0.0 1.0 45.0 1.0 0.0
38 41 38 0.0 0.0 0.0 11.0 37.0 1.0 0.0
38 41 39 0.0 0.0 0.0 17.0 154.0 0.0 0.0
38 41 40 0.0 0.0 2.0 14.0 153.0 4.0 0.0
38 41 41 0.0 0.0 0.0 8.0 85.0 0.0 0.0
38 41 42 0.0 0.0 0.0 1.0 42.0 1.0 0.0
38 42 38 0.0 0.0 0.0 1.0 20.0 0.0 0.0
38 42 39 0.0 1.0 2.0 1.0 45.0 0.0 0.0
38 42 40 0.0 0.0 0.0 1.0 42.0 1.0 0.0
38 42 41 0.0 0.0 0.0 6.0 51.0 2.0 0.0
38 42 42 0.0 0.0 0.0 0.0 13.0 0.0 0.0
39 38 38 0.0 0.0 0.0 15.0 34.0 0.0 0.0
39 38 39 0.0 0.0 0.0 9.0 129.0 0.0 0.0
39 38 40 0.0 0.0 3.0 13.0 131.0 1.0 0.0
39 38 41 0.0 0.0 1.0 22.0 98.0 3.0 0.0
39 38 42 0.0 0.0 0.0 7.0 39.0 0.0 0.0
39 39 38 0.0 0.0 1.0 20.0 123.0 2.0 0.0
39 39 39 0.0 3.0 38.0 1012.0 10173.0 201.0 451.0
39 39 40 0.0 3.0 34.0 1286.0 12102.0 205.0 719.0
39 39 41 0.0 10.0 29.0 1407.0 9690.0 205.0 450.0
39 39 42 0.0 0.0 1.0 6.0 129.0 3.0 0.0
39 40 38 0.0 1.0 0.0 20.0 191.0 1.0 0.0
39 40 39 0.0 8.0 33.0 2341.0 15530.0 268.0 1365.0
39 40 40 0.0 23.0 33.0 2036.0 15593.0 257.0 1294.0
39 40 41 0.0 17.0 85.0 1387.0 12788.0 177.0 866.0
39 40 42 0.0 0.0 0.0 10.0 158.0 1.0 0.0
39 41 38 0.0 0.0 1.0 18.0 125.0 1.0 0.0
39 41 39 0.0 4.0 30.0 1183.0 11650.0 183.0 639.0
39 41 40 0.0 14.0 59.0 1187.0 11631.0 211.0 611.0
39 41 41 0.0 24.0 18.0 1154.0 10191.0 167.0 441.0
39 41 42 0.0 0.0 0.0 25.0 93.0 2.0 0.0
39 42 38 0.0 0.0 0.0 5.0 34.0 1.0 0.0
39 42 39 0.0 0.0 1.0 28.0 112.0 2.0 0.0
39 42 40 0.0 0.0 0.0 43.0 150.0 3.0 0.0
39 42 41 0.0 0.0 2.0 20.0 121.0 0.0 0.0
39 42 42 0.0 0.0 0.0 7.0 35.0 2.0 0.0
40 38 38 0.0 0.0 0.0 6.0 48.0 1.0 0.0
40 38 39 0.0 0.0 0.0 16.0 157.0 4.0 0.0
40 38 40 0.0 0.0 1.0 48.0 223.0 4.0 0.0
40 38 41 0.0 0.0 0.0 19.0 196.0 2.0 0.0
40 38 42 0.0 0.0 0.0 8.0 70.0 2.0 0.0
40 39 38 0.0 0.0 0.0 29.0 194.0 4.0 0.0
40 39 39 0.0 0.0 40.0 1352.0 10808.0 179.0 601.0
40 39 40 0.0 26.0 60.0 2273.0 16001.0 278.0 1442.0
40 39 41 0.0 17.0 85.0 2139.0 14217.0 239.0 1056.0
40 39 42 0.0 3.0 2.0 14.0 144.0 3.0 0.0
40 40 38 0.0 0.0 1.0 28.0 313.0 6.0 0.0
40 40 39 0.0 15.0 42.0 1719.0 13887.0 220.0 981.0
40 40 40 0.0 44.0 132.0 2861.0 21972.0 271.0 63350.0
40 40 41 0.0 50.0 43.0 2390.0 16007.0 261.0 1428.0
40 40 42 0.0 0.0 3.0 21.0 259.0 5.0 0.0
40 41 38 0.0 0.0 1.0 19.0 211.0 4.0 0.0
40 41 39 0.0 20.0 38.0 1859.0 12881.0 243.0 826.0
40 41 40 0.0 14.0 97.0 1955.0 16648.0 251.0 1482.0
40 41 41 0.0 29.0 68.0 2259.0 12255.0 223.0 818.0
40 41 42 0.0 0.0 0.0 10.0 144.0 2.0 0.0
40 42 38 0.0 0.0 0.0 5.0 59.0 1.0 0.0
40 42 39 0.0 0.0 0.0 16.0 156.0 3.0 0.0
40 42 40 0.0 0.0 1.0 14.0 236.0 2.0 0.0
40 42 41 0.0 1.0 0.0 19.0 133.0 3.0 0.0
40 42 42 0.0 0.0 0.0 22.0 55.0 0.0 0.0
41 38 38 0.0 0.0 0.0 7.0 32.0 1.0 0.0
41 38 39 0.0 0.0 0.0 18.0 123.0 1.0 0.0
41 38 40 0.0 0.0 2.0 29.0 232.0 3.0 0.0
41 38 41 0.0 1.0 1.0 8.0 229.0 2.0 0.0
41 38 42 0.0 0.0 0.0 3.0 156.0 4.0 0.0
41 39 38 0.0 0.0 0.0 4.0 65.0 1.0 0.0
41 39 39 0.0 16.0 19.0 1554.0 11204.0 201.0 616.0
41 39 40 0.0 43.0 57.0 2008.0 14235.0 256.0 1195.0
41 39 41 1.0 39.0 128.0 1483.0 18729.0 274.0 1916.0
41 39 42 0.0 1.0 0.0 24.0 234.0 8.0 0.0
41 40 38 0.0 0.0 0.0 39.0 163.0 3.0 0.0
41 40 39 0.0 2.0 41.0 1518.0 14957.0 241.0 1191.0
41 40 40 0.0 8.0 37.0 1589.0 17261.0 289.0 1498.0
41 40 41 2.0 10.0 27.0 1160.0 11752.0 190.0 677.0
41 40 42 0.0 0.0 1.0 22.0 248.0 5.0 0.0
41 41 38 0.0 0.0 0.0 13.0 129.0 1.0 0.0
41 41 39 0.0 1.0 67.0 927.0 10244.0 171.0 443.0
41 41 40 0.0 23.0 54.0 1365.0 13682.0 227.0 863.0
41 41 41 0.0 13.0 26.0 1350.0 10803.0 193.0 623.0
41 41 42 0.0 3.0 0.0 22.0 108.0 3.0 0.0
41 42 38 0.0 0.0 0.0 12.0 29.0 0.0 0.0
41 42 39 0.0 0.0 0.0 10.0 140.0 3.0 0.0
41 42 40 0.0 0.0 0.0 13.0 146.0 0.0 0.0
41 42 41 0.0 0.0 1.0 9.0 117.0 2.0 0.0
41 42 42 0.0 0.0 0.0 7.0 54.0 1.0 0.0
42 37 39 0.0 0.0 0.0 0.0 1.0 0.0 0.0
42 38 38 0.0 0.0 0.0 3.0 56.0 1.0 0.0
42 38 39 0.0 0.0 0.0 6.0 48.0 0.0 0.0
42 38 40 0.0 0.0 0.0 12.0 104.0 3.0 0.0
42 38 41 0.0 0.0 1.0 8.0 101.0 1.0 0.0
42 38 42 0.0 0.0 0.0 5.0 49.0 2.0 0.0
42 39 38 0.0 0.0 0.0 3.0 78.0 3.0 0.0
42 39 39 0.0 0.0 0.0 20.0 114.0 5.0 0.0
42 39 40 0.0 0.0 1.0 34.0 324.0 5.0 0.0
42 39 41 0.0 0.0 1.0 32.0 253.0 2.0 0.0
42 39 42 0.0 0.0 0.0 6.0 131.0 3.0 0.0
42 40 38 0.0 0.0 0.0 4.0 45.0 1.0 0.0
42 40 39 0.0 0.0 0.0 18.0 230.0 7.0 0.0
42 40 40 0.0 0.0 0.0 22.0 261.0 7.0 0.0
42 40 41 0.0 1.0 1.0 27.0 237.0 5.0 1.0
42 40 42 0.0 0.0 0.0 6.0 90.0 3.0 0.0
42 41 38 0.0 0.0 0.0 4.0 38.0 1.0 0.0
42 41 39 0.0 0.0 1.0 7.0 112.0 1.0 0.0
42 41 40 0.0 0.0 2.0 9.0 221.0 1.0 1.0
42 41 41 0.0 0.0 0.0 8.0 136.0 1.0 0.0
42 41 42 0.0 0.0 0.0 1.0 49.0 1.0 0.0
42 42 38 0.0 0.0 0.0 7.0 4.0 1.0 0.0
42 42 39 0.0 0.0 0.0 5.0 53.0 0.0 0.0
42 42 40 0.0 0.0 0.0 2.0 69.0 0.0 0.0
42 42 41 0.0 0.0 0.0 20.0 44.0 2.0 0.0
42 42 42 0.0 0.0 0.0 1.0 7.0 0.0 0.0
