34 40 39 0.0 0.0 0.0 0.0 1.0 0.0 0.0
34 41 39 0.0 0.0 0.0 0.0 2.0 0.0 0.0
35 35 40 0.0 0.0 0.0 0.0 1.0 0.0 0.0
35 36 39 0.0 0.0 0.0 0.0 6.0 0.0 0.0
35 36 40 0.0 0.0 0.0 2.0 6.0 0.0 0.0
35 37 36 0.0 0.0 0.0 0.0 2.0 0.0 0.0
35 37 37 0.0 0.0 0.0 0.0 7.0 0.0 0.0
35 37 38 0.0 0.0 0.0 0.0 24.0 0.0 0.0
35 37 39 0.0 0.0 0.0 7.0 55.0 1.0 0.0
35 37 40 0.0 0.0 0.0 4.0 74.0 0.0 0.0
35 37 41 0.0 0.0 0.0 8.0 65.0 1.0 0.0
35 37 42 0.0 0.0 0.0 8.0 21.0 2.0 0.0
35 37 43 0.0 0.0 0.0 0.0 1.0 0.0 0.0
35 38 36 0.0 0.0 0.0 0.0 3.0 0.0 0.0
35 38 37 0.0 0.0 0.0 4.0 21.0 0.0 0.0
35 38 38 0.0 0.0 0.0 12.0 93.0 2.0 0.0
35 38 39 0.0 0.0 0.0 17.0 209.0 1.0 0.0
35 38 40 0.0 0.0 0.0 29.0 232.0 1.0 0.0
35 38 41 0.0 0.0 0.0 25.0 164.0 6.0 0.0
35 38 42 0.0 0.0 0.0 3.0 67.0 2.0 0.0
35 38 43 0.0 0.0 0.0 0.0 22.0 0.0 0.0
35 38 44 0.0 0.0 0.0 0.0 1.0 0.0 0.0
35 39 36 0.0 0.0 0.0 1.0 8.0 0.0 0.0
35 39 37 0.0 0.0 0.0 5.0 31.0 0.0 0.0
35 39 38 0.0 0.0 0.0 12.0 166.0 3.0 0.0
35 39 39 0.0 0.0 0.0 48.0 375.0 7.0 0.0
35 39 40 0.0 0.0 0.0 53.0 474.0 5.0 1.0
35 39 41 0.0 0.0 0.0 50.0 344.0 11.0 1.0
35 39 42 0.0 0.0 0.0 26.0 209.0 3.0 0.0
35 39 43 0.0 0.0 0.0 2.0 61.0 0.0 0.0
35 39 44 0.0 0.0 0.0 0.0 2.0 0.0 0.0
35 40 36 0.0 0.0 0.0 6.0 12.0 1.0 0.0
35 40 37 0.0 0.0 0.0 14.0 82.0 4.0 0.0
35 40 38 0.0 0.0 0.0 25.0 235.0 5.0 0.0
35 40 39 0.0 0.0 0.0 54.0 463.0 9.0 1.0
35 40 40 0.0 0.0 0.0 50.0 528.0 10.0 0.0
35 40 41 0.0 0.0 0.0 29.0 559.0 11.0 0.0
35 40 42 0.0 0.0 0.0 24.0 176.0 5.0 0.0
35 40 43 0.0 0.0 0.0 15.0 30.0 0.0 0.0
35 40 44 0.0 0.0 0.0 0.0 5.0 0.0 0.0
35 41 36 0.0 0.0 0.0 0.0 3.0 0.0 0.0
35 41 37 0.0 0.0 0.0 0.0 55.0 5.0 0.0
35 41 38 0.0 0.0 0.0 18.0 188.0 4.0 0.0
35 41 39 0.0 0.0 0.0 25.0 460.0 6.0 0.0
35 41 40 0.0 0.0 0.0 39.0 458.0 6.0 0.0
35 41 41 0.0 0.0 0.0 29.0 350.0 2.0 0.0
35 41 42 0.0 0.0 0.0 17.0 153.0 3.0 0.0
35 41 43 0.0 0.0 0.0 7.0 26.0 0.0 0.0
35 41 44 0.0 0.0 0.0 0.0 2.0 0.0 0.0
35 42 37 0.0 0.0 0.0 2.0 29.0 0.0 0.0
35 42 38 0.0 0.0 0.0 12.0 99.0 0.0 0.0
35 42 39 0.0 0.0 0.0 12.0 157.0 0.0 0.0
35 42 40 0.0 0.0 0.0 13.0 264.0 6.0 0.0
35 42 41 0.0 0.0 0.0 13.0 178.0 2.0 0.0
35 42 42 0.0 0.0 0.0 8.0 70.0 1.0 0.0
35 42 43 0.0 0.0 0.0 4.0 30.0 1.0 0.0
35 42 44 0.0 0.0 0.0 0.0 3.0 0.0 0.0
35 43 37 0.0 0.0 0.0 0.0 4.0 0.0 0.0
35 43 38 0.0 0.0 0.0 8.0 9.0 0.0 0.0
35 43 39 0.0 0.0 0.0 2.0 26.0 0.0 0.0
35 43 40 0.0 0.0 0.0 5.0 48.0 1.0 0.0
35 43 41 0.0 0.0 0.0 2.0 52.0 0.0 0.0
35 43 42 0.0 0.0 0.0 2.0 9.0 0.0 0.0
35 44 39 0.0 0.0 0.0 1.0 3.0 0.0 0.0
35 44 40 0.0 0.0 0.0 0.0 3.0 0.0 0.0
35 44 41 0.0 0.0 0.0 1.0 7.0 0.0 0.0
35 44 42 0.0 0.0 0.0 0.0 1.0 0.0 0.0
36 35 37 0.0 0.0 0.0 0.0 2.0 0.0 0.0
36 35 38 0.0 0.0 0.0 0.0 1.0 0.0 0.0
36 35 40 0.0 0.0 0.0 0.0 1.0 0.0 0.0
36 35 41 0.0 0.0 0.0 1.0 11.0 2.0 0.0
36 35 43 0.0 0.0 0.0 0.0 1.0 0.0 0.0
36 36 36 0.0 0.0 0.0 0.0 11.0 0.0 0.0
36 36 37 0.0 0.0 0.0 9.0 116.0 1.0 0.0
36 36 38 0.0 0.0 0.0 12.0 271.0 5.0 0.0
36 36 39 0.0 0.0 0.0 43.0 673.0 14.0 3.0
36 36 40 0.0 0.0 0.0 40.0 829.0 16.0 0.0
36 36 41 0.0 0.0 0.0 65.0 588.0 11.0 2.0
36 36 42 0.0 0.0 0.0 21.0 360.0 8.0 0.0
36 36 43 0.0 0.0 0.0 13.0 78.0 3.0 0.0
36 36 44 0.0 0.0 0.0 2.0 4.0 0.0 0.0
36 37 36 0.0 0.0 0.0 10.0 101.0 1.0 0.0
36 37 37 0.0 0.0 0.0 51.0 870.0 25.0 2.0
36 37 38 0.0 0.0 0.0 201.0 2271.0 45.0 16.0
36 37 39 0.0 0.0 0.0 363.0 4636.0 72.0 55.0
36 37 40 0.0 0.0 0.0 436.0 5331.0 96.0 91.0
36 37 41 0.0 0.0 0.0 391.0 4143.0 67.0 56.0
36 37 42 0.0 0.0 0.0 284.0 2488.0 40.0 26.0
36 37 43 0.0 0.0 0.0 56.0 604.0 13.0 1.0
36 37 44 0.0 0.0 0.0 3.0 78.0 1.0 0.0
36 38 36 0.0 0.0 0.0 23.0 280.0 7.0 0.0
36 38 37 0.0 0.0 2.0 222.0 2921.0 39.0 18.0
36 38 38 0.0 0.0 0.0 716.0 7924.0 146.0 204.0
36 38 39 0.0 0.0 0.0 1040.0 12660.0 210.0 500.0
36 38 40 0.0 0.0 2.0 1342.0 15393.0 251.0 894.0
36 38 41 0.0 0.0 0.0 1020.0 12352.0 249.0 513.0
36 38 42 0.0 0.0 0.0 624.0 7076.0 120.0 147.0
36 38 43 0.0 0.0 0.0 287.0 2311.0 52.0 9.0
36 38 44 0.0 0.0 0.0 30.0 245.0 6.0 0.0
36 38 45 0.0 0.0 0.0 2.0 2.0 0.0 0.0
36 39 35 0.0 0.0 0.0 2.0 5.0 0.0 0.0
36 39 36 0.0 0.0 0.0 47.0 748.0 17.0 2.0
36 39 37 0.0 0.0 0.0 377.0 5545.0 86.0 104.0
36 39 38 0.0 1.0 2.0 1500.0 13205.0 219.0 641.0
36 39 39 0.0 0.0 4.0 1888.0 20973.0 343.0 1857.0
36 39 40 0.0 0.0 0.0 2425.0 22703.0 393.0 2338.0
36 39 41 0.0 0.0 0.0 2086.0 19911.0 289.0 1706.0
36 39 42 0.0 0.0 0.0 1223.0 12196.0 207.0 520.0
36 39 43 0.0 0.0 3.0 400.0 4401.0 81.0 75.0
36 39 44 0.0 0.0 0.0 31.0 558.0 12.0 1.0
36 39 45 0.0 0.0 0.0 0.0 4.0 0.0 0.0
36 40 35 0.0 0.0 0.0 0.0 13.0 0.0 0.0
36 40 36 0.0 0.0 0.0 73.0 959.0 19.0 4.0
36 40 37 0.0 0.0 2.0 556.0 6239.0 125.0 110.0
36 40 38 0.0 0.0 0.0 1299.0 15574.0 256.0 876.0
36 40 39 0.0 0.0 0.0 2051.0 23372.0 358.0 2585.0
36 40 40 0.0 0.0 5.0 2232.0 26201.0 391.0 3205.0
36 40 41 0.0 0.0 0.0 2018.0 22183.0 371.0 2176.0
36 40 42 0.0 0.0 0.0 1494.0 14296.0 216.0 762.0
36 40 43 0.0 0.0 0.0 721.0 5073.0 89.0 71.0
36 40 44 0.0 0.0 0.0 112.0 768.0 10.0 3.0
36 40 45 0.0 0.0 0.0 2.0 10.0 0.0 0.0
36 41 35 0.0 0.0 0.0 0.0 5.0 0.0 0.0
36 41 36 0.0 0.0 0.0 52.0 764.0 10.0 3.0
36 41 37 0.0 0.0 1.0 371.0 5046.0 75.0 77.0
36 41 38 0.0 0.0 1.0 980.0 13651.0 221.0 625.0
36 41 39 0.0 0.0 0.0 1737.0 20383.0 317.0 1676.0
36 41 40 0.0 2.0 1.0 1883.0 23213.0 372.0 2351.0
36 41 41 0.0 0.0 3.0 1885.0 19804.0 313.0 1641.0
36 41 42 0.0 1.0 0.0 1116.0 12005.0 187.0 487.0
36 41 43 0.0 0.0 0.0 347.0 4540.0 67.0 54.0
36 41 44 0.0 0.0 0.0 24.0 546.0 7.0 0.0
36 41 45 0.0 0.0 0.0 0.0 3.0 0.0 0.0
36 42 35 0.0 0.0 0.0 0.0 2.0 0.0 0.0
36 42 36 0.0 0.0 0.0 46.0 445.0 9.0 1.0
36 42 37 0.0 0.0 0.0 251.0 2876.0 47.0 33.0
36 42 38 0.0 0.0 0.0 706.0 7768.0 144.0 194.0
36 42 39 0.0 0.0 0.0 1200.0 12070.0 204.0 528.0
36 42 40 0.0 2.0 0.0 1314.0 14027.0 264.0 672.0
36 42 41 0.0 0.0 1.0 1103.0 11776.0 197.0 491.0
36 42 42 0.0 0.0 0.0 452.0 6825.0 113.0 142.0
36 42 43 0.0 0.0 0.0 200.0 2650.0 54.0 19.0
36 42 44 0.0 0.0 0.0 19.0 281.0 3.0 1.0
36 42 45 0.0 0.0 0.0 0.0 2.0 0.0 0.0
36 43 36 0.0 0.0 0.0 12.0 81.0 1.0 0.0
36 43 37 0.0 0.0 0.0 101.0 822.0 19.0 4.0
36 43 38 0.0 0.0 0.0 183.0 2395.0 47.0 15.0
36 43 39 0.0 0.0 0.0 470.0 4311.0 80.0 48.0
36 43 40 0.0 0.0 0.0 385.0 5111.0 85.0 68.0
36 43 41 0.0 0.0 0.0 416.0 4764.0 79.0 54.0
36 43 42 0.0 0.0 0.0 156.0 2349.0 41.0 16.0
36 43 43 0.0 0.0 0.0 49.0 688.0 11.0 3.0
36 43 44 0.0 0.0 0.0 3.0 58.0 0.0 0.0
36 44 36 0.0 0.0 0.0 3.0 22.0 1.0 0.0
36 44 37 0.0 0.0 0.0 5.0 83.0 1.0 0.0
36 44 38 0.0 0.0 0.0 26.0 343.0 5.0 0.0
36 44 39 0.0 0.0 0.0 51.0 636.0 10.0 1.0
36 44 40 0.0 0.0 0.0 51.0 733.0 14.0 2.0
36 44 41 0.0 0.0 0.0 47.0 508.0 8.0 0.0
36 44 42 0.0 0.0 0.0 27.0 295.0 7.0 1.0
36 44 43 0.0 0.0 0.0 6.0 56.0 0.0 0.0
36 44 44 0.0 0.0 0.0 2.0 3.0 0.0 0.0
36 45 39 0.0 0.0 0.0 1.0 2.0 0.0 0.0
36 45 40 0.0 0.0 0.0 0.0 3.0 0.0 0.0
36 45 41 0.0 0.0 0.0 0.0 7.0 0.0 0.0
36 45 42 0.0 0.0 0.0 0.0 3.0 0.0 0.0
36 45 43 0.0 0.0 0.0 0.0 2.0 0.0 0.0
37 35 37 0.0 0.0 0.0 1.0 9.0 0.0 0.0
37 35 38 0.0 0.0 0.0 1.0 16.0 0.0 0.0
37 35 39 0.0 0.0 0.0 3.0 42.0 0.0 0.0
37 35 40 0.0 0.0 0.0 1.0 69.0 2.0 0.0
37 35 41 0.0 0.0 0.0 2.0 46.0 0.0 0.0
37 35 42 0.0 0.0 0.0 2.0 17.0 1.0 0.0
37 35 43 0.0 0.0 0.0 0.0 1.0 0.0 0.0
37 36 36 0.0 0.0 0.0 6.0 93.0 2.0 0.0
37 36 37 0.0 0.0 0.0 42.0 632.0 13.0 1.0
37 36 38 0.0 0.0 0.0 246.0 2173.0 37.0 21.0
37 36 39 0.0 0.0 0.0 377.0 4342.0 94.0 46.0
37 36 40 0.0 0.0 0.0 348.0 5791.0 89.0 66.0
37 36 41 0.0 0.0 0.0 412.0 4549.0 67.0 55.0
37 36 42 0.0 0.0 0.0 154.0 2596.0 39.0 13.0
37 36 43 0.0 0.0 0.0 94.0 666.0 11.0 0.0
37 36 44 0.0 0.0 0.0 7.0 78.0 0.0 0.0
37 37 35 0.0 0.0 0.0 0.0 4.0 0.0 0.0
37 37 36 0.0 0.0 0.0 78.0 789.0 8.0 0.0
37 37 37 0.0 0.0 0.0 712.0 10307.0 162.0 343.0
37 37 38 0.0 0.0 0.0 1851.0 23474.0 365.0 2818.0
37 37 39 0.0 0.0 0.0 2304.0 31648.0 434.0 6074.0
37 37 40 0.0 1.0 3.0 2639.0 35418.0 516.0 8695.0
37 37 41 0.0 1.0 0.0 2610.0 33078.0 481.0 7110.0
37 37 42 0.0 0.0 0.0 1982.0 23446.0 330.0 2789.0
37 37 43 0.0 0.0 0.0 640.0 8214.0 125.0 268.0
37 37 44 0.0 0.0 0.0 63.0 873.0 14.0 1.0
37 37 45 0.0 0.0 0.0 0.0 8.0 0.0 0.0
37 38 35 0.0 0.0 0.0 1.0 28.0 0.0 0.0
37 38 36 0.0 0.0 0.0 212.0 2451.0 48.0 18.0
37 38 37 0.0 0.0 2.0 2172.0 23418.0 366.0 2914.0
37 38 38 0.0 0.0 3.0 4455.0 39733.0 502.0 16721.0
37 38 39 0.0 0.0 0.0 4019.0 42145.0 499.0 29991.0
37 38 40 0.0 3.0 1.0 4089.0 41160.0 431.0 35063.0
37 38 41 0.0 0.0 0.0 4356.0 41683.0 511.0 28692.0
37 38 42 0.0 0.0 3.0 4124.0 38424.0 496.0 13958.0
37 38 43 0.0 0.0 0.0 1607.0 22062.0 297.0 2402.0
37 38 44 0.0 0.0 0.0 159.0 2457.0 35.0 8.0
37 38 45 0.0 0.0 0.0 0.0 20.0 0.0 0.0
37 39 35 0.0 0.0 0.0 4.0 52.0 1.0 0.0
37 39 36 0.0 0.0 0.0 429.0 5382.0 94.0 101.0
37 39 37 0.0 0.0 0.0 3111.0 34861.0 434.0 8577.0
37 39 38 0.0 0.0 13.0 3509.0 42715.0 486.0 32447.0
37 39 39 0.0 0.0 7.0 3808.0 37865.0 386.0 48679.0
37 39 40 0.0 1.0 3.0 3658.0 36093.0 345.0 53457.0
37 39 41 0.0 2.0 1.0 3902.0 38400.0 372.0 47608.0
37 39 42 0.0 0.0 3.0 4467.0 41721.0 470.0 29348.0
37 39 43 0.0 0.0 0.0 3094.0 31714.0 442.0 6411.0
37 39 44 0.0 0.0 0.0 344.0 4667.0 87.0 73.0
37 39 45 0.0 0.0 0.0 4.0 40.0 4.0 0.0
37 40 35 0.0 0.0 0.0 5.0 84.0 0.0 0.0
37 40 36 0.0 0.0 0.0 583.0 6014.0 91.0 118.0
37 40 37 0.0 9.0 0.0 3479.0 36564.0 499.0 10340.0
37 40 38 0.0 6.0 3.0 3727.0 41434.0 401.0 37031.0
37 40 39 0.0 1.0 0.0 3331.0 36586.0 343.0 54313.0
37 40 40 0.0 0.0 2.0 3117.0 34444.0 330.0 59615.0
37 40 41 0.0 2.0 2.0 3588.0 36962.0 383.0 52961.0
37 40 42 0.0 0.0 1.0 4158.0 41284.0 471.0 33269.0
37 40 43 0.0 0.0 1.0 2497.0 35759.0 483.0 8971.0
37 40 44 0.0 0.0 0.0 452.0 5552.0 85.0 86.0
37 40 45 0.0 0.0 0.0 4.0 44.0 0.0 0.0
37 41 35 0.0 0.0 0.0 3.0 46.0 0.0 0.0
37 41 36 0.0 0.0 0.0 379.0 5000.0 89.0 91.0
37 41 37 0.0 2.0 0.0 2461.0 36182.0 489.0 9527.0
37 41 38 0.0 0.0 0.0 3264.0 42706.0 521.0 30614.0
37 41 39 0.0 1.0 4.0 3284.0 38597.0 358.0 48963.0
37 41 40 0.0 4.0 2.0 3535.0 36464.0 361.0 53077.0
37 41 41 0.0 2.0 2.0 3440.0 39578.0 430.0 45723.0
37 41 42 0.0 0.0 2.0 3561.0 42151.0 434.0 30149.0
37 41 43 0.0 0.0 2.0 2693.0 32030.0 456.0 6535.0
37 41 44 0.0 0.0 0.0 448.0 4626.0 90.0 47.0
37 41 45 0.0 0.0 0.0 1.0 57.0 1.0 0.0
37 42 35 0.0 0.0 0.0 1.0 38.0 0.0 0.0
37 42 36 0.0 0.0 0.0 200.0 2688.0 39.0 29.0
37 42 37 0.0 0.0 0.0 2209.0 24180.0 362.0 3008.0
37 42 38 0.0 5.0 4.0 3653.0 40191.0 526.0 15843.0
37 42 39 0.0 1.0 0.0 3806.0 42326.0 463.0 30462.0
37 42 40 0.0 0.0 6.0 3716.0 41673.0 466.0 34166.0
37 42 41 0.0 0.0 2.0 2966.0 43221.0 488.0 28932.0
37 42 42 0.0 0.0 0.0 3058.0 40318.0 503.0 14280.0
37 42 43 0.0 0.0 0.0 2464.0 22718.0 364.0 2801.0
37 42 44 0.0 0.0 0.0 138.0 2310.0 47.0 11.0
37 42 45 0.0 0.0 0.0 0.0 15.0 0.0 0.0
37 43 35 0.0 0.0 0.0 0.0 3.0 0.0 0.0
37 43 36 0.0 0.0 0.0 72.0 996.0 12.0 4.0
37 43 37 0.0 0.0 0.0 961.0 9620.0 181.0 347.0
37 43 38 0.0 0.0 6.0 1688.0 22013.0 350.0 2216.0
37 43 39 0.0 0.0 1.0 3179.0 33024.0 455.0 7806.0
37 43 40 0.0 0.0 1.0 3061.0 35185.0 509.0 8859.0
37 43 41 0.0 0.0 0.0 2930.0 31836.0 473.0 6504.0
37 43 42 0.0 6.0 0.0 1830.0 23588.0 319.0 2735.0
37 43 43 0.0 0.0 0.0 571.0 8995.0 169.0 265.0
37 43 44 0.0 0.0 0.0 61.0 779.0 16.0 2.0
37 43 45 0.0 0.0 0.0 0.0 6.0 0.0 0.0
37 44 36 0.0 0.0 0.0 10.0 53.0 1.0 0.0
37 44 37 0.0 0.0 0.0 58.0 709.0 11.0 0.0
37 44 38 0.0 0.0 0.0 155.0 2486.0 46.0 16.0
37 44 39 0.0 0.0 0.0 266.0 4473.0 86.0 50.0
37 44 40 0.0 0.0 0.0 467.0 5324.0 104.0 83.0
37 44 41 0.0 0.0 0.0 379.0 4399.0 86.0 53.0
37 44 42 0.0 0.0 0.0 231.0 2711.0 46.0 26.0
37 44 43 0.0 0.0 0.0 64.0 771.0 13.0 4.0
37 44 44 0.0 0.0 0.0 5.0 59.0 1.0 0.0
37 45 37 0.0 0.0 0.0 0.0 2.0 0.0 0.0
37 45 38 0.0 0.0 0.0 0.0 24.0 0.0 0.0
37 45 39 0.0 0.0 0.0 5.0 43.0 0.0 0.0
37 45 40 0.0 0.0 0.0 4.0 70.0 1.0 0.0
37 45 41 0.0 0.0 0.0 10.0 53.0 1.0 0.0
37 45 42 0.0 0.0 0.0 1.0 17.0 0.0 0.0
37 45 43 0.0 0.0 0.0 0.0 1.0 0.0 0.0
38 35 36 0.0 0.0 0.0 0.0 1.0 0.0 0.0
38 35 37 0.0 0.0 0.0 2.0 18.0 1.0 0.0
38 35 38 0.0 0.0 0.0 1.0 69.0 0.0 0.0
38 35 39 0.0 0.0 0.0 14.0 176.0 5.0 0.0
38 35 40 0.0 0.0 0.0 11.0 213.0 3.0 1.0
38 35 41 0.0 0.0 0.0 5.0 204.0 3.0 0.0
38 35 42 0.0 0.0 0.0 15.0 103.0 1.0 0.0
38 35 43 0.0 0.0 0.0 3.0 25.0 0.0 0.0
38 35 44 0.0 0.0 0.0 0.0 5.0 0.0 0.0
38 36 35 0.0 0.0 0.0 0.0 2.0 0.0 0.0
38 36 36 0.0 0.0 0.0 25.0 298.0 6.0 0.0
38 36 37 0.0 0.0 0.0 154.0 2683.0 51.0 23.0
38 36 38 0.0 0.0 0.0 557.0 7018.0 135.0 155.0
38 36 39 0.0 0.0 0.0 1131.0 11587.0 168.0 457.0
38 36 40 0.0 0.0 0.0 1032.0 14735.0 226.0 859.0
38 36 41 0.0 0.0 1.0 1156.0 12871.0 239.0 604.0
38 36 42 0.0 0.0 0.0 694.0 7537.0 152.0 170.0
38 36 43 0.0 0.0 0.0 241.0 2626.0 49.0 21.0
38 36 44 0.0 0.0 0.0 24.0 477.0 11.0 0.0
38 36 45 0.0 0.0 0.0 0.0 4.0 0.0 0.0
38 37 35 0.0 0.0 0.0 1.0 32.0 1.0 0.0
38 37 36 0.0 0.0 0.0 197.0 2238.0 23.0 15.0
38 37 37 0.0 0.0 0.0 2121.0 23673.0 382.0 2737.0
38 37 38 0.0 0.0 0.0 3346.0 40394.0 536.0 15817.0
38 37 39 0.0 0.0 3.0 3868.0 41943.0 491.0 28270.0
38 37 40 0.0 0.0 0.0 3870.0 41581.0 447.0 34201.0
38 37 41 0.0 0.0 1.0 3061.0 43041.0 531.0 29814.0
38 37 42 0.0 0.0 0.0 3268.0 40473.0 530.0 16220.0
38 37 43 0.0 0.0 0.0 2298.0 24312.0 378.0 3142.0
38 37 44 0.0 0.0 0.0 207.0 2328.0 38.0 14.0
38 37 45 0.0 0.0 0.0 0.0 26.0 1.0 0.0
38 38 35 0.0 0.0 0.0 12.0 62.0 0.0 0.0
38 38 36 0.0 0.0 0.0 809.0 7780.0 144.0 182.0
38 38 37 0.0 0.0 1.0 4263.0 39397.0 560.0 16405.0
38 38 38 0.0 1.0 0.0 2331.0 30354.0 303.0 67625.0
38 38 39 0.0 0.0 4.0 2068.0 23518.0 177.0 84089.0
38 38 40 0.0 2.0 3.0 1875.0 20575.0 149.0 90995.0
38 38 41 0.0 2.0 4.0 2299.0 22918.0 198.0 84857.0
38 38 42 0.0 0.0 0.0 2617.0 32081.0 319.0 62994.0
38 38 43 0.0 0.0 2.0 3524.0 39988.0 528.0 15790.0
38 38 44 0.0 1.0 0.0 724.0 7774.0 141.0 187.0
38 38 45 0.0 0.0 0.0 5.0 126.0 8.0 1.0
38 39 35 0.0 0.0 0.0 10.0 268.0 3.0 0.0
38 39 36 0.0 1.0 1.0 1248.0 13806.0 250.0 647.0
38 39 37 0.0 10.0 1.0 4674.0 41488.0 447.0 30750.0
38 39 38 0.0 1.0 2.0 2288.0 21545.0 191.0 87943.0
38 39 39 0.0 0.0 1.0 1636.0 15544.0 130.0 103001.0
38 39 40 0.0 0.0 1.0 1438.0 14109.0 105.0 106963.0
38 39 41 0.0 0.0 0.0 1587.0 16331.0 123.0 102126.0
38 39 42 0.0 2.0 2.0 2231.0 24080.0 228.0 83082.0
38 39 43 0.0 0.0 1.0 3560.0 42897.0 475.0 29112.0
38 39 44 0.0 0.0 0.0 990.0 12666.0 211.0 547.0
38 39 45 0.0 0.0 0.0 7.0 206.0 2.0 0.0
38 40 35 0.0 0.0 0.0 18.0 314.0 8.0 1.0
38 40 36 0.0 0.0 1.0 1470.0 16419.0 257.0 1060.0
38 40 37 0.0 1.0 0.0 3641.0 41415.0 460.0 37790.0
38 40 38 0.0 1.0 4.0 1647.0 19608.0 143.0 93602.0
38 40 39 0.0 0.0 4.0 1254.0 13928.0 110.0 107526.0
38 40 40 0.0 1.0 0.0 1147.0 12249.0 82.0 110965.0
38 40 41 0.0 0.0 1.0 1282.0 14155.0 90.0 106448.0
38 40 42 0.0 0.0 1.0 1808.0 21049.0 160.0 89245.0
38 40 43 0.0 0.0 1.0 3290.0 41814.0 419.0 36147.0
38 40 44 0.0 12.0 2.0 1397.0 15317.0 270.0 860.0
38 40 45 0.0 0.0 0.0 24.0 204.0 9.0 0.0
38 41 35 0.0 0.0 0.0 12.0 196.0 5.0 0.0
38 41 36 0.0 0.0 0.0 1029.0 14303.0 222.0 735.0
38 41 37 0.0 0.0 3.0 3787.0 42216.0 475.0 32317.0
38 41 38 0.0 3.0 1.0 1769.0 22290.0 174.0 86903.0
38 41 39 0.0 0.0 1.0 1346.0 15827.0 114.0 103122.0
38 41 40 0.0 0.0 1.0 1327.0 14470.0 109.0 106012.0
38 41 41 0.0 2.0 1.0 1468.0 16469.0 130.0 101752.0
38 41 42 0.0 0.0 3.0 1889.0 23201.0 193.0 84782.0
38 41 43 0.0 0.0 0.0 4166.0 41830.0 465.0 27808.0
38 41 44 0.0 0.0 0.0 1333.0 12293.0 201.0 537.0
38 41 45 0.0 0.0 0.0 17.0 192.0 3.0 0.0
38 42 35 0.0 0.0 0.0 4.0 102.0 1.0 0.0
38 42 36 0.0 0.0 0.0 683.0 8174.0 156.0 222.0
38 42 37 0.0 0.0 0.0 3244.0 40751.0 525.0 16166.0
38 42 38 0.0 1.0 0.0 2469.0 29823.0 272.0 67530.0
38 42 39 0.0 2.0 3.0 2022.0 23124.0 207.0 85034.0
38 42 40 0.0 1.0 7.0 1972.0 20613.0 151.0 90415.0
38 42 41 0.0 1.0 1.0 2032.0 22726.0 169.0 85252.0
38 42 42 0.0 1.0 1.0 2602.0 31787.0 310.0 64231.0
38 42 43 0.0 3.0 0.0 3515.0 39705.0 519.0 15475.0
38 42 44 0.0 2.0 4.0 610.0 7439.0 129.0 180.0
38 42 45 0.0 0.0 0.0 9.0 83.0 0.0 0.0
38 43 35 0.0 0.0 0.0 1.0 19.0 0.0 0.0
38 43 36 0.0 0.0 0.0 252.0 2610.0 39.0 20.0
38 43 37 0.0 1.0 0.0 2212.0 24146.0 404.0 2853.0
38 43 38 0.0 2.0 0.0 3051.0 40906.0 525.0 16300.0
38 43 39 0.0 3.0 2.0 3809.0 42388.0 488.0 28811.0
38 43 40 0.0 2.0 1.0 3740.0 41506.0 450.0 34070.0
38 43 41 0.0 3.0 1.0 3573.0 42438.0 499.0 29822.0
38 43 42 0.0 2.0 4.0 3276.0 40243.0 530.0 15863.0
38 43 43 0.0 0.0 0.0 2081.0 21763.0 342.0 2387.0
38 43 44 0.0 0.0 0.0 234.0 2573.0 45.0 10.0
38 43 45 0.0 0.0 0.0 2.0 12.0 0.0 0.0
38 44 36 0.0 0.0 0.0 29.0 346.0 7.0 1.0
38 44 37 0.0 0.0 0.0 179.0 2345.0 35.0 15.0
38 44 38 0.0 0.0 1.0 876.0 7897.0 135.0 202.0
38 44 39 0.0 0.0 1.0 965.0 12343.0 200.0 537.0
38 44 40 0.0 0.0 0.0 1290.0 14884.0 228.0 826.0
38 44 41 0.0 0.0 0.0 1059.0 12511.0 222.0 507.0
38 44 42 0.0 0.0 0.0 582.0 7192.0 121.0 143.0
38 44 43 0.0 0.0 0.0 320.0 2595.0 58.0 26.0
38 44 44 0.0 0.0 0.0 49.0 319.0 4.0 0.0
38 45 36 0.0 0.0 0.0 1.0 0.0 0.0 0.0
38 45 37 0.0 0.0 0.0 2.0 24.0 0.0 0.0
38 45 38 0.0 0.0 0.0 5.0 79.0 1.0 0.0
38 45 39 0.0 0.0 0.0 15.0 216.0 3.0 0.0
38 45 40 0.0 0.0 0.0 5.0 224.0 1.0 1.0
38 45 41 0.0 0.0 0.0 13.0 185.0 9.0 0.0
38 45 42 0.0 0.0 0.0 9.0 75.0 2.0 0.0
38 45 43 0.0 0.0 0.0 1.0 17.0 1.0 0.0
38 45 44 0.0 0.0 0.0 0.0 1.0 0.0 0.0
39 35 36 0.0 0.0 0.0 0.0 2.0 0.0 0.0
39 35 37 0.0 0.0 0.0 5.0 45.0 1.0 0.0
39 35 38 0.0 0.0 0.0 19.0 159.0 4.0 0.0
39 35 39 0.0 0.0 0.0 32.0 406.0 5.0 0.0
39 35 40 0.0 0.0 0.0 37.0 572.0 10.0 0.0
39 35 41 0.0 0.0 0.0 45.0 425.0 4.0 0.0
39 35 42 0.0 0.0 0.0 32.0 246.0 4.0 0.0
39 35 43 0.0 0.0 0.0 10.0 55.0 0.0 0.0
39 35 44 0.0 0.0 0.0 2.0 8.0 1.0 0.0
39 36 35 0.0 0.0 0.0 0.0 2.0 0.0 0.0
39 36 36 0.0 0.0 0.0 75.0 560.0 3.0 2.0
39 36 37 0.0 0.0 0.0 362.0 4122.0 69.0 50.0
39 36 38 0.0 0.0 0.0 1038.0 12681.0 209.0 535.0
39 36 39 0.0 0.0 0.0 1753.0 20977.0 349.0 1891.0
39 36 40 0.0 1.0 2.0 2261.0 23038.0 358.0 2410.0
39 36 41 0.0 0.0 0.0 2205.0 20599.0 336.0 1936.0
39 36 42 0.0 0.0 0.0 1396.0 12590.0 215.0 563.0
39 36 43 0.0 1.0 0.0 561.0 5506.0 107.0 93.0
39 36 44 0.0 0.0 0.0 93.0 825.0 12.0 1.0
39 36 45 0.0 0.0 0.0 0.0 3.0 0.0 0.0
39 37 35 0.0 0.0 0.0 11.0 26.0 1.0 0.0
39 37 36 0.0 0.0 0.0 531.0 4454.0 80.0 58.0
39 37 37 0.0 0.0 1.0 3202.0 32993.0 463.0 7560.0
39 37 38 0.0 0.0 5.0 3765.0 42482.0 484.0 29411.0
39 37 39 0.0 1.0 0.0 3611.0 38159.0 400.0 48975.0
39 37 40 0.0 2.0 7.0 3464.0 35943.0 358.0 54319.0
39 37 41 0.0 1.0 0.0 3657.0 38281.0 371.0 48009.0
39 37 42 0.0 1.0 1.0 4424.0 41520.0 440.0 30562.0
39 37 43 0.0 0.0 1.0 2793.0 35759.0 493.0 9251.0
39 37 44 0.0 5.0 0.0 453.0 5195.0 83.0 75.0
39 37 45 0.0 0.0 0.0 2.0 68.0 0.0 0.0
39 38 35 0.0 0.0 0.0 11.0 161.0 4.0 0.0
39 38 36 0.0 0.0 0.0 1167.0 12164.0 196.0 533.0
39 38 37 0.0 1.0 3.0 3663.0 42221.0 444.0 31101.0
39 38 38 0.0 0.0 1.0 2577.0 22685.0 165.0 84431.0
39 38 39 0.0 1.0 0.0 1516.0 15976.0 114.0 102921.0
39 38 40 0.0 0.0 2.0 1319.0 14533.0 97.0 105596.0
39 38 41 0.0 1.0 0.0 1658.0 16535.0 124.0 101917.0
39 38 42 0.0 0.0 2.0 2179.0 22719.0 197.0 86088.0
39 38 43 0.0 1.0 1.0 3778.0 42191.0 477.0 29944.0
39 38 44 0.0 0.0 0.0 1079.0 14519.0 206.0 732.0
39 38 45 0.0 0.0 0.0 24.0 192.0 3.0 0.0
39 39 35 0.0 0.0 0.0 28.0 430.0 7.0 0.0
39 39 36 0.0 0.0 7.0 2203.0 20910.0 340.0 1935.0
39 39 37 0.0 0.0 3.0 3876.0 37961.0 383.0 48542.0
39 39 38 0.0 1.0 1.0 1486.0 15870.0 121.0 103226.0
39 39 39 0.0 1.0 1.0 721.0 7322.0 49.0 130196.0
39 39 40 0.0 0.0 1.0 594.0 6407.0 47.0 132397.0
39 39 41 0.0 1.0 0.0 746.0 7275.0 48.0 129481.0
39 39 42 0.0 4.0 1.0 1438.0 16079.0 122.0 102786.0
39 39 43 0.0 2.0 0.0 3259.0 39281.0 404.0 47542.0
39 39 44 0.0 0.0 0.0 1968.0 21344.0 328.0 1968.0
39 39 45 0.0 0.0 0.0 45.0 480.0 13.0 0.0
39 40 35 0.0 0.0 0.0 35.0 485.0 14.0 0.0
39 40 36 0.0 4.0 0.0 2485.0 23781.0 385.0 2619.0
39 40 37 0.0 0.0 4.0 3026.0 35535.0 338.0 56175.0
39 40 38 0.0 0.0 4.0 1321.0 13895.0 104.0 107210.0
39 40 39 0.0 0.0 0.0 585.0 5799.0 25.0 134344.0
39 40 40 0.0 0.0 0.0 458.0 4958.0 29.0 135765.0
39 40 41 0.0 3.0 2.0 612.0 6389.0 33.0 133289.0
39 40 42 0.0 0.0 0.0 1410.0 14267.0 108.0 106864.0
39 40 43 0.0 5.0 2.0 3077.0 36214.0 351.0 54727.0
39 40 44 0.0 0.0 2.0 1717.0 24079.0 386.0 2598.0
39 40 45 0.0 0.0 0.0 36.0 514.0 7.0 0.0
39 41 35 0.0 0.0 0.0 54.0 403.0 8.0 0.0
39 41 36 0.0 0.0 0.0 1737.0 21123.0 374.0 1894.0
39 41 37 0.0 2.0 0.0 3173.0 38647.0 413.0 49063.0
39 41 38 0.0 0.0 0.0 1357.0 15869.0 130.0 103498.0
39 41 39 0.0 0.0 1.0 625.0 7172.0 47.0 131254.0
39 41 40 0.0 2.0 0.0 597.0 6272.0 40.0 132044.0
39 41 41 0.0 1.0 3.0 687.0 7283.0 30.0 129991.0
39 41 42 0.0 0.0 0.0 1641.0 15999.0 137.0 101952.0
39 41 43 0.0 10.0 0.0 3690.0 38859.0 391.0 46535.0
39 41 44 0.0 0.0 0.0 1872.0 19776.0 298.0 1580.0
39 41 45 0.0 0.0 0.0 34.0 433.0 17.0 0.0
39 42 35 0.0 0.0 0.0 18.0 227.0 3.0 0.0
39 42 36 0.0 0.0 0.0 1108.0 13004.0 220.0 589.0
39 42 37 0.0 0.0 2.0 3324.0 42488.0 470.0 30201.0
39 42 38 0.0 0.0 4.0 2005.0 22437.0 187.0 85583.0
39 42 39 0.0 2.0 2.0 1452.0 16054.0 121.0 102761.0
39 42 40 0.0 1.0 3.0 1347.0 14234.0 112.0 107120.0
39 42 41 0.0 1.0 5.0 1609.0 16087.0 134.0 102782.0
39 42 42 0.0 1.0 6.0 2382.0 22988.0 184.0 84246.0
39 42 43 0.0 2.0 0.0 3866.0 42208.0 517.0 29903.0
39 42 44 0.0 0.0 0.0 1657.0 12207.0 211.0 523.0
39 42 45 0.0 0.0 0.0 8.0 169.0 3.0 0.0
39 43 35 0.0 0.0 0.0 6.0 59.0 0.0 0.0
39 43 36 0.0 0.0 0.0 383.0 4445.0 77.0 54.0
39 43 37 0.0 0.0 1.0 3698.0 31733.0 474.0 6762.0
39 43 38 0.0 3.0 2.0 3516.0 42763.0 484.0 29705.0
39 43 39 0.0 2.0 4.0 3161.0 38563.0 353.0 48198.0
39 43 40 0.0 0.0 7.0 3108.0 36981.0 368.0 53314.0
39 43 41 0.0 1.0 0.0 3326.0 38834.0 423.0 47286.0
39 43 42 0.0 0.0 0.0 3910.0 42228.0 469.0 30701.0
39 43 43 0.0 0.0 0.0 3126.0 32863.0 465.0 7499.0
39 43 44 0.0 0.0 0.0 401.0 4267.0 83.0 42.0
39 43 45 0.0 0.0 0.0 1.0 38.0 0.0 0.0
39 44 35 0.0 0.0 0.0 0.0 3.0 0.0 0.0
39 44 36 0.0 0.0 0.0 23.0 576.0 10.0 0.0
39 44 37 0.0 0.0 0.0 425.0 4920.0 82.0 61.0
39 44 38 0.0 3.0 0.0 1077.0 12889.0 200.0 534.0
39 44 39 0.0 0.0 2.0 1696.0 20226.0 320.0 1659.0
39 44 40 0.0 0.0 1.0 1995.0 23407.0 385.0 2419.0
39 44 41 0.0 5.0 0.0 1526.0 19202.0 308.0 1464.0
39 44 42 0.0 1.0 1.0 1184.0 12618.0 208.0 589.0
39 44 43 0.0 0.0 0.0 395.0 4701.0 85.0 64.0
39 44 44 0.0 0.0 0.0 54.0 628.0 14.0 0.0
39 44 45 0.0 0.0 0.0 0.0 6.0 1.0 0.0
39 45 36 0.0 0.0 0.0 0.0 3.0 0.0 0.0
39 45 37 0.0 0.0 0.0 6.0 35.0 1.0 0.0
39 45 38 0.0 0.0 0.0 29.0 196.0 4.0 0.0
39 45 39 0.0 0.0 0.0 22.0 393.0 6.0 0.0
39 45 40 0.0 0.0 0.0 24.0 508.0 9.0 1.0
39 45 41 0.0 0.0 0.0 22.0 472.0 13.0 1.0
39 45 42 0.0 0.0 0.0 9.0 145.0 5.0 0.0
39 45 43 0.0 0.0 0.0 2.0 56.0 1.0 0.0
40 35 36 0.0 0.0 0.0 0.0 9.0 0.0 0.0
40 35 37 0.0 0.0 0.0 14.0 58.0 0.0 0.0
40 35 38 0.0 0.0 0.0 25.0 262.0 2.0 0.0
40 35 39 0.0 0.0 0.0 32.0 601.0 16.0 1.0
40 35 40 0.0 0.0 0.0 62.0 637.0 13.0 0.0
40 35 41 0.0 0.0 0.0 39.0 593.0 14.0 0.0
40 35 42 0.0 0.0 0.0 21.0 251.0 1.0 0.0
40 35 43 0.0 0.0 0.0 9.0 69.0 4.0 0.0
40 35 44 0.0 0.0 0.0 2.0 18.0 0.0 0.0
40 36 35 0.0 0.0 0.0 1.0 2.0 0.0 0.0
40 36 36 0.0 0.0 0.0 40.0 893.0 12.0 4.0
40 36 37 0.0 0.0 0.0 521.0 5408.0 103.0 93.0
40 36 38 0.0 0.0 3.0 1300.0 15592.0 277.0 930.0
40 36 39 0.0 0.0 0.0 2164.0 24144.0 350.0 2588.0
40 36 40 0.0 0.0 1.0 2263.0 27551.0 448.0 3730.0
40 36 41 0.0 0.0 0.0 1987.0 25650.0 397.0 2969.0
40 36 42 0.0 1.0 2.0 1680.0 16563.0 261.0 1095.0
40 36 43 0.0 0.0 0.0 761.0 7449.0 147.0 201.0
40 36 44 0.0 0.0 0.0 80.0 1270.0 19.0 1.0
40 36 45 0.0 0.0 0.0 0.0 8.0 1.0 0.0
40 37 35 0.0 0.0 0.0 7.0 62.0 2.0 0.0
40 37 36 0.0 0.0 0.0 463.0 5581.0 103.0 83.0
40 37 37 0.0 0.0 0.0 3035.0 35720.0 479.0 9439.0
40 37 38 0.0 1.0 0.0 3711.0 41438.0 405.0 36013.0
40 37 39 0.0 1.0 1.0 3580.0 35944.0 361.0 54372.0
40 37 40 0.0 1.0 1.0 3156.0 33879.0 315.0 60061.0
40 37 41 0.0 3.0 4.0 3362.0 36181.0 363.0 55085.0
40 37 42 0.0 1.0 2.0 3865.0 40738.0 443.0 38386.0
40 37 43 0.0 2.0 6.0 3801.0 37903.0 484.0 12863.0
40 37 44 0.0 0.0 0.0 535.0 6745.0 107.0 140.0
40 37 45 0.0 0.0 0.0 1.0 70.0 2.0 0.0
40 38 35 0.0 0.0 0.0 43.0 261.0 5.0 0.0
40 38 36 0.0 0.0 2.0 1170.0 15102.0 236.0 812.0
40 38 37 0.0 0.0 7.0 4260.0 41654.0 466.0 33802.0
40 38 38 0.0 1.0 1.0 1918.0 20838.0 175.0 90795.0
40 38 39 0.0 0.0 6.0 1338.0 13797.0 94.0 107576.0
40 38 40 0.0 0.0 1.0 1226.0 12018.0 68.0 111611.0
40 38 41 0.0 2.0 0.0 1283.0 14022.0 108.0 107332.0
40 38 42 0.0 1.0 1.0 1688.0 19845.0 174.0 93627.0
40 38 43 0.0 0.0 5.0 3532.0 41246.0 460.0 38292.0
40 38 44 0.0 3.0 2.0 1327.0 17282.0 275.0 1146.0
40 38 45 0.0 0.0 0.0 24.0 306.0 5.0 0.0
40 39 35 0.0 0.0 0.0 56.0 536.0 10.0 0.0
40 39 36 0.0 0.0 3.0 2051.0 23297.0 343.0 2437.0
40 39 37 0.0 0.0 0.0 3232.0 36618.0 354.0 53832.0
40 39 38 0.0 1.0 4.0 1316.0 13825.0 86.0 107843.0
40 39 39 0.0 0.0 0.0 599.0 6341.0 33.0 132115.0
40 39 40 0.0 0.0 0.0 419.0 4988.0 19.0 135213.0
40 39 41 0.0 1.0 1.0 557.0 5910.0 29.0 133761.0
40 39 42 0.0 1.0 1.0 1291.0 13680.0 75.0 107933.0
40 39 43 0.0 5.0 1.0 3049.0 35380.0 338.0 57257.0
40 39 44 0.0 2.0 0.0 2280.0 25962.0 399.0 3112.0
40 39 45 0.0 0.0 0.0 36.0 587.0 6.0 0.0
40 40 35 0.0 0.0 0.0 54.0 631.0 10.0 0.0
40 40 36 0.0 3.0 7.0 2342.0 26828.0 371.0 3585.0
40 40 37 0.0 0.0 7.0 3095.0 34603.0 319.0 59330.0
40 40 38 0.0 0.0 0.0 1106.0 12168.0 69.0 111842.0
40 40 39 0.0 0.0 0.0 472.0 4952.0 21.0 134801.0
40 40 40 0.0 0.0 0.0 294.0 2826.0 14.0 152481.0
40 40 41 0.0 0.0 1.0 465.0 4716.0 23.0 135742.0
40 40 42 0.0 0.0 3.0 1111.0 11979.0 90.0 111035.0
40 40 43 0.0 9.0 4.0 3046.0 34179.0 303.0 60020.0
40 40 44 0.0 4.0 0.0 2168.0 28067.0 421.0 3856.0
40 40 45 0.0 0.0 0.0 72.0 673.0 13.0 0.0
40 40 46 0.0 0.0 0.0 0.0 1.0 0.0 0.0
40 41 35 0.0 0.0 0.0 52.0 481.0 5.0 0.0
40 41 36 0.0 1.0 1.0 2129.0 23486.0 359.0 2538.0
40 41 37 0.0 1.0 2.0 3672.0 36070.0 384.0 54582.0
40 41 38 0.0 0.0 1.0 1193.0 13848.0 91.0 107933.0
40 41 39 0.0 0.0 0.0 606.0 6227.0 21.0 133372.0
40 41 40 0.0 0.0 1.0 501.0 4806.0 23.0 135514.0
40 41 41 0.0 -1.0 0.0 588.0 6109.0 35.0 132771.0
40 41 42 0.0 3.0 2.0 1380.0 14139.0 106.0 106397.0
40 41 43 0.0 3.0 0.0 3559.0 36621.0 383.0 53232.0
40 41 44 0.0 0.0 0.0 1979.0 23777.0 349.0 2499.0
40 41 45 0.0 1.0 0.0 20.0 522.0 8.0 2.0
40 42 35 0.0 0.0 0.0 22.0 264.0 4.0 0.0
40 42 36 0.0 0.0 0.0 1245.0 15458.0 226.0 873.0
40 42 37 0.0 0.0 0.0 3834.0 41853.0 468.0 34215.0
40 42 38 0.0 0.0 1.0 1743.0 20706.0 161.0 89592.0
40 42 39 0.0 2.0 1.0 1220.0 14301.0 98.0 107132.0
40 42 40 0.0 0.0 2.0 1006.0 12408.0 87.0 110881.0
40 42 41 0.0 1.0 1.0 1342.0 14177.0 112.0 106820.0
40 42 42 0.0 1.0 1.0 2220.0 20201.0 186.0 91055.0
40 42 43 0.0 1.0 0.0 4129.0 41885.0 458.0 33195.0
40 42 44 0.0 0.0 0.0 1247.0 14049.0 240.0 670.0
40 42 45 0.0 0.0 0.0 13.0 192.0 3.0 0.0
40 43 35 0.0 0.0 0.0 3.0 51.0 1.0 0.0
40 43 36 0.0 0.0 0.0 540.0 5494.0 106.0 98.0
40 43 37 0.0 0.0 1.0 3330.0 35860.0 497.0 10037.0
40 43 38 0.0 2.0 7.0 3724.0 41554.0 493.0 33969.0
40 43 39 0.0 1.0 0.0 3192.0 36895.0 372.0 53280.0
40 43 40 0.0 0.0 0.0 2892.0 34824.0 323.0 58821.0
40 43 41 0.0 1.0 1.0 3252.0 36667.0 358.0 53700.0
40 43 42 0.0 5.0 2.0 4132.0 41536.0 426.0 34858.0
40 43 43 0.0 0.0 0.0 3059.0 35334.0 513.0 8797.0
40 43 44 0.0 0.0 0.0 532.0 5483.0 95.0 96.0
40 43 45 0.0 0.0 0.0 3.0 46.0 0.0 0.0
40 44 35 0.0 0.0 0.0 0.0 6.0 0.0 0.0
40 44 36 0.0 0.0 0.0 118.0 782.0 21.0 0.0
40 44 37 0.0 0.0 0.0 485.0 5291.0 85.0 97.0
40 44 38 0.0 0.0 0.0 1168.0 14546.0 239.0 765.0
40 44 39 0.0 1.0 1.0 2041.0 23541.0 342.0 2527.0
40 44 40 0.0 0.0 0.0 2222.0 26799.0 405.0 3611.0
40 44 41 0.0 0.0 1.0 1866.0 23329.0 348.0 2359.0
40 44 42 0.0 0.0 0.0 1449.0 14543.0 250.0 798.0
40 44 43 0.0 0.0 0.0 633.0 5323.0 88.0 94.0
40 44 44 0.0 0.0 0.0 79.0 850.0 16.0 1.0
40 44 45 0.0 0.0 0.0 0.0 1.0 0.0 0.0
40 45 36 0.0 0.0 0.0 1.0 7.0 0.0 0.0
40 45 37 0.0 0.0 0.0 3.0 52.0 0.0 0.0
40 45 38 0.0 0.0 0.0 19.0 238.0 3.0 0.0
40 45 39 0.0 0.0 0.0 35.0 466.0 7.0 0.0
40 45 40 0.0 0.0 0.0 51.0 561.0 10.0 1.0
40 45 41 0.0 0.0 0.0 29.0 381.0 10.0 0.0
40 45 42 0.0 0.0 0.0 8.0 226.0 3.0 0.0
40 45 43 0.0 0.0 0.0 1.0 52.0 1.0 0.0
40 45 44 0.0 0.0 0.0 1.0 3.0 0.0 0.0
40 45 45 0.0 0.0 0.0 0.0 1.0 0.0 0.0
40 46 40 0.0 0.0 0.0 0.0 1.0 0.0 0.0
41 35 36 0.0 0.0 0.0 1.0 5.0 0.0 0.0
41 35 37 0.0 0.0 0.0 9.0 42.0 2.0 0.0
41 35 38 0.0 0.0 0.0 20.0 187.0 3.0 0.0
41 35 39 0.0 0.0 0.0 32.0 484.0 7.0 1.0
41 35 40 0.0 0.0 0.0 54.0 621.0 9.0 1.0
41 35 41 0.0 0.0 0.0 55.0 540.0 10.0 0.0
41 35 42 0.0 0.0 0.0 27.0 203.0 8.0 0.0
41 35 43 0.0 0.0 0.0 0.0 73.0 1.0 0.0
41 35 44 0.0 0.0 0.0 5.0 6.0 0.0 0.0
41 36 35 0.0 0.0 0.0 0.0 2.0 0.0 0.0
41 36 36 0.0 0.0 0.0 49.0 674.0 13.0 1.0
41 36 37 0.0 0.0 0.0 390.0 4745.0 84.0 74.0
41 36 38 0.0 0.0 0.0 1479.0 13408.0 214.0 710.0
41 36 39 0.0 1.0 0.0 1820.0 22172.0 323.0 2080.0
41 36 40 0.0 1.0 3.0 1989.0 25513.0 410.0 2999.0
41 36 41 0.0 0.0 1.0 1979.0 22848.0 341.0 2232.0
41 36 42 0.0 0.0 0.0 1450.0 15070.0 257.0 838.0
41 36 43 0.0 0.0 0.0 543.0 6402.0 125.0 98.0
41 36 44 0.0 0.0 0.0 111.0 1138.0 21.0 4.0
41 36 45 0.0 0.0 0.0 0.0 3.0 0.0 0.0
41 37 35 0.0 0.0 0.0 2.0 33.0 0.0 0.0
41 37 36 0.0 0.0 4.0 491.0 4421.0 79.0 59.0
41 37 37 0.0 0.0 0.0 3071.0 32992.0 465.0 7679.0
41 37 38 0.0 0.0 1.0 3834.0 41915.0 462.0 30346.0
41 37 39 0.0 1.0 0.0 3459.0 37846.0 377.0 49476.0
41 37 40 0.0 0.0 0.0 2984.0 35575.0 294.0 57364.0
41 37 41 0.0 9.0 2.0 3519.0 36667.0 366.0 53130.0
41 37 42 0.0 3.0 2.0 3438.0 42180.0 457.0 35772.0
41 37 43 0.0 7.0 11.0 2421.0 39485.0 463.0 12967.0
41 37 44 0.0 0.0 0.0 496.0 6624.0 121.0 142.0
41 37 45 0.0 0.0 0.0 11.0 68.0 0.0 0.0
41 38 35 0.0 0.0 0.0 23.0 143.0 1.0 0.0
41 38 36 0.0 0.0 1.0 1357.0 12780.0 217.0 565.0
41 38 37 0.0 1.0 4.0 4441.0 41783.0 479.0 29010.0
41 38 38 0.0 0.0 1.0 2232.0 22846.0 208.0 84769.0
41 38 39 0.0 2.0 1.0 1457.0 15855.0 111.0 103222.0
41 38 40 0.0 0.0 2.0 1290.0 13408.0 88.0 109157.0
41 38 41 0.0 3.0 1.0 1215.0 14698.0 111.0 106388.0
41 38 42 0.0 2.0 1.0 1434.0 20063.0 138.0 92676.0
41 38 43 0.0 0.0 11.0 3305.0 41804.0 452.0 37058.0
41 38 44 0.0 3.0 1.0 1269.0 15755.0 274.0 950.0
41 38 45 0.0 1.0 0.0 18.0 345.0 3.0 0.0
41 39 35 0.0 0.0 0.0 34.0 368.0 6.0 0.0
41 39 36 0.0 0.0 0.0 1691.0 20662.0 313.0 1746.0
41 39 37 0.0 0.0 0.0 3498.0 38691.0 399.0 48044.0
41 39 38 0.0 0.0 1.0 1539.0 16622.0 116.0 101667.0
41 39 39 0.0 0.0 1.0 691.0 7096.0 36.0 131142.0
41 39 40 0.0 1.0 0.0 537.0 5851.0 35.0 134350.0
41 39 41 0.0 0.0 1.0 530.0 6509.0 35.0 134268.0
41 39 42 0.0 1.0 3.0 1309.0 14718.0 87.0 106322.0
41 39 43 0.0 2.0 10.0 2771.0 36812.0 404.0 54195.0
41 39 44 0.0 10.0 2.0 2131.0 23915.0 347.0 2691.0
41 39 45 0.0 0.0 0.0 27.0 566.0 10.0 1.0
41 40 35 0.0 0.0 0.0 27.0 483.0 5.0 0.0
41 40 36 0.0 0.0 0.0 1797.0 24469.0 410.0 2660.0
41 40 37 0.0 0.0 6.0 2948.0 36029.0 358.0 55081.0
41 40 38 0.0 2.0 0.0 1264.0 13962.0 138.0 107507.0
41 40 39 0.0 1.0 0.0 561.0 5965.0 48.0 134359.0
41 40 40 0.0 0.0 0.0 448.0 4829.0 21.0 136372.0
41 40 41 0.0 0.0 0.0 524.0 6067.0 43.0 133230.0
41 40 42 0.0 0.0 1.0 1217.0 13482.0 90.0 108993.0
41 40 43 0.0 2.0 1.0 3143.0 35560.0 348.0 56918.0
41 40 44 0.0 2.0 0.0 2229.0 25947.0 389.0 3161.0
41 40 45 0.0 0.0 0.0 36.0 577.0 15.0 1.0
41 41 35 0.0 0.0 0.0 28.0 389.0 9.0 1.0
41 41 36 0.0 0.0 0.0 1620.0 21871.0 349.0 2017.0
41 41 37 0.0 0.0 3.0 3556.0 38461.0 403.0 48183.0
41 41 38 0.0 1.0 3.0 1277.0 16037.0 125.0 103475.0
41 41 39 0.0 0.0 0.0 636.0 7370.0 36.0 130280.0
41 41 40 0.0 2.0 0.0 564.0 6075.0 25.0 133505.0
41 41 41 0.0 0.0 1.0 656.0 7296.0 49.0 130874.0
41 41 42 0.0 0.0 2.0 1599.0 16166.0 120.0 102720.0
41 41 43 0.0 0.0 1.0 3352.0 38149.0 355.0 50085.0
41 41 44 0.0 5.0 0.0 1789.0 21501.0 317.0 2034.0
41 41 45 0.0 0.0 0.0 38.0 447.0 3.0 1.0
41 42 35 0.0 0.0 0.0 14.0 194.0 1.0 0.0
41 42 36 0.0 0.0 0.0 1296.0 13117.0 211.0 611.0
41 42 37 0.0 0.0 2.0 4132.0 42282.0 449.0 30619.0
41 42 38 0.0 0.0 0.0 2384.0 22521.0 198.0 85751.0
41 42 39 0.0 0.0 1.0 1262.0 16159.0 109.0 102520.0
41 42 40 0.0 0.0 1.0 1208.0 14275.0 110.0 106971.0
41 42 41 0.0 0.0 0.0 1447.0 15962.0 135.0 102505.0
41 42 42 0.0 0.0 2.0 2151.0 21933.0 166.0 86646.0
41 42 43 0.0 0.0 0.0 4398.0 41778.0 506.0 29510.0
41 42 44 0.0 2.0 0.0 1209.0 12456.0 222.0 530.0
41 42 45 0.0 0.0 0.0 8.0 187.0 3.0 0.0
41 43 35 0.0 0.0 0.0 0.0 52.0 2.0 0.0
41 43 36 0.0 0.0 0.0 478.0 4521.0 69.0 59.0
41 43 37 0.0 0.0 0.0 3404.0 32975.0 472.0 7885.0
41 43 38 0.0 0.0 1.0 3699.0 42439.0 491.0 30704.0
41 43 39 0.0 4.0 1.0 2952.0 38979.0 381.0 48039.0
41 43 40 0.0 3.0 0.0 3124.0 37155.0 400.0 53060.0
41 43 41 0.0 2.0 6.0 3611.0 38841.0 380.0 47883.0
41 43 42 0.0 5.0 0.0 4220.0 41747.0 535.0 31090.0
41 43 43 0.0 1.0 0.0 3598.0 32910.0 472.0 7897.0
41 43 44 0.0 0.0 0.0 497.0 4396.0 90.0 60.0
41 43 45 0.0 0.0 0.0 6.0 42.0 2.0 0.0
41 44 35 0.0 0.0 0.0 0.0 2.0 0.0 0.0
41 44 36 0.0 0.0 0.0 57.0 711.0 9.0 0.0
41 44 37 0.0 0.0 0.0 471.0 4697.0 84.0 70.0
41 44 38 0.0 0.0 0.0 882.0 12814.0 212.0 567.0
41 44 39 0.0 0.0 0.0 1702.0 20212.0 337.0 1685.0
41 44 40 0.0 0.0 0.0 1810.0 23852.0 400.0 2586.0
41 44 41 0.0 0.0 0.0 1864.0 20671.0 336.0 1764.0
41 44 42 0.0 3.0 0.0 968.0 12447.0 197.0 560.0
41 44 43 0.0 0.0 0.0 380.0 4792.0 99.0 62.0
41 44 44 0.0 0.0 0.0 69.0 604.0 12.0 0.0
41 44 45 0.0 0.0 0.0 1.0 3.0 0.0 0.0
41 45 36 0.0 0.0 0.0 0.0 1.0 0.0 0.0
41 45 37 0.0 0.0 0.0 2.0 48.0 2.0 0.0
41 45 38 0.0 0.0 0.0 9.0 171.0 4.0 0.0
41 45 39 0.0 0.0 0.0 10.0 342.0 10.0 0.0
41 45 40 0.0 0.0 0.0 50.0 472.0 13.0 1.0
41 45 41 0.0 0.0 0.0 15.0 374.0 3.0 0.0
41 45 42 0.0 0.0 2.0 38.0 157.0 4.0 0.0
41 45 43 0.0 0.0 0.0 8.0 33.0 1.0 0.0
41 45 44 0.0 0.0 0.0 2.0 4.0 1.0 0.0
42 35 36 0.0 0.0 0.0 0.0 1.0 0.0 0.0
42 35 37 0.0 0.0 0.0 4.0 20.0 1.0 0.0
42 35 38 0.0 0.0 0.0 12.0 114.0 1.0 0.0
42 35 39 0.0 0.0 0.0 12.0 223.0 3.0 0.0
42 35 40 0.0 0.0 0.0 26.0 328.0 8.0 0.0
42 35 41 0.0 0.0 0.0 21.0 295.0 5.0 1.0
42 35 42 0.0 0.0 0.0 19.0 107.0 1.0 0.0
42 35 43 0.0 0.0 0.0 1.0 36.0 0.0 0.0
42 35 44 0.0 0.0 0.0 0.0 3.0 0.0 0.0
42 36 35 0.0 0.0 0.0 0.0 6.0 0.0 0.0
42 36 36 0.0 0.0 0.0 20.0 311.0 6.0 0.0
42 36 37 0.0 0.0 0.0 303.0 2491.0 40.0 16.0
42 36 38 0.0 0.0 0.0 789.0 7183.0 136.0 155.0
42 36 39 0.0 0.0 0.0 1257.0 14302.0 212.0 721.0
42 36 40 0.0 0.0 1.0 1592.0 17552.0 329.0 1220.0
42 36 41 0.0 0.0 1.0 1304.0 15890.0 247.0 966.0
42 36 42 0.0 0.0 0.0 922.0 10221.0 158.0 353.0
42 36 43 0.0 0.0 0.0 435.0 3557.0 74.0 30.0
42 36 44 0.0 0.0 0.0 37.0 807.0 14.0 2.0
42 36 45 0.0 0.0 0.0 0.0 3.0 0.0 0.0
42 37 35 0.0 0.0 0.0 0.0 10.0 0.0 0.0
42 37 36 0.0 0.0 0.0 466.0 2455.0 39.0 22.0
42 37 37 0.0 0.0 0.0 2280.0 24710.0 397.0 3170.0
42 37 38 0.0 0.0 3.0 3781.0 40307.0 536.0 16977.0
42 37 39 0.0 1.0 6.0 3808.0 41901.0 485.0 33145.0
42 37 40 0.0 2.0 6.0 3530.0 40549.0 431.0 40156.0
42 37 41 0.0 4.0 11.0 3468.0 41272.0 430.0 37626.0
42 37 42 0.0 1.0 2.0 3087.0 42321.0 534.0 23464.0
42 37 43 0.0 1.0 5.0 1909.0 31464.0 447.0 6015.0
42 37 44 0.0 0.0 0.0 383.0 3879.0 68.0 39.0
42 37 45 0.0 0.0 0.0 3.0 50.0 0.0 0.0
42 38 35 0.0 0.0 0.0 4.0 65.0 0.0 0.0
42 38 36 0.0 0.0 6.0 538.0 8061.0 154.0 205.0
42 38 37 0.0 0.0 6.0 3515.0 40415.0 556.0 16621.0
42 38 38 0.0 0.0 0.0 2215.0 28147.0 250.0 72116.0
42 38 39 0.0 1.0 0.0 1945.0 21416.0 175.0 88876.0
42 38 40 0.0 2.0 5.0 1717.0 18492.0 134.0 96042.0
42 38 41 0.0 2.0 2.0 1589.0 19775.0 137.0 93287.0
42 38 42 0.0 1.0 2.0 1700.0 25459.0 231.0 79049.0
42 38 43 0.0 0.0 0.0 2800.0 42973.0 513.0 24636.0
42 38 44 0.0 0.0 0.0 686.0 10276.0 166.0 324.0
42 38 45 0.0 0.0 0.0 10.0 134.0 2.0 0.0
42 39 35 0.0 0.0 0.0 24.0 226.0 5.0 1.0
42 39 36 0.0 0.0 0.0 1024.0 13625.0 227.0 643.0
42 39 37 0.0 1.0 1.0 3576.0 42377.0 475.0 30823.0
42 39 38 0.0 0.0 1.0 1762.0 21361.0 177.0 88867.0
42 39 39 0.0 0.0 2.0 1499.0 15687.0 121.0 103666.0
42 39 40 0.0 2.0 0.0 1196.0 13024.0 78.0 109986.0
42 39 41 0.0 3.0 5.0 1163.0 14751.0 94.0 105942.0
42 39 42 0.0 2.0 7.0 1403.0 20043.0 158.0 92889.0
42 39 43 0.0 0.0 2.0 3062.0 42572.0 469.0 36530.0
42 39 44 0.0 0.0 0.0 1190.0 16006.0 266.0 895.0
42 39 45 0.0 0.0 0.0 15.0 271.0 4.0 0.0
42 40 35 0.0 0.0 0.0 17.0 260.0 4.0 0.0
42 40 36 0.0 0.0 0.0 1500.0 15406.0 249.0 914.0
42 40 37 0.0 0.0 0.0 3102.0 42042.0 476.0 35794.0
42 40 38 0.0 1.0 0.0 1558.0 20581.0 146.0 91349.0
42 40 39 0.0 1.0 1.0 1138.0 13712.0 115.0 108812.0
42 40 40 0.0 1.0 2.0 979.0 11913.0 73.0 111992.0
42 40 41 0.0 2.0 1.0 1154.0 13641.0 97.0 109198.0
42 40 42 0.0 0.0 1.0 1452.0 19174.0 148.0 95007.0
42 40 43 0.0 1.0 1.0 3770.0 40413.0 410.0 40077.0
42 40 44 0.0 0.0 1.0 1348.0 17726.0 295.0 1255.0
42 40 45 0.0 0.0 0.0 33.0 327.0 2.0 0.0
42 41 35 0.0 0.0 0.0 20.0 226.0 5.0 0.0
42 41 36 0.0 0.0 0.0 1032.0 13426.0 242.0 605.0
42 41 37 0.0 0.0 6.0 3703.0 42496.0 490.0 30027.0
42 41 38 0.0 0.0 2.0 1837.0 22940.0 185.0 85984.0
42 41 39 0.0 0.0 0.0 1238.0 16382.0 117.0 102530.0
42 41 40 0.0 3.0 2.0 1126.0 13857.0 123.0 108218.0
42 41 41 0.0 0.0 0.0 1364.0 16224.0 118.0 103682.0
42 41 42 0.0 1.0 0.0 1845.0 22381.0 177.0 87368.0
42 41 43 0.0 9.0 0.0 3324.0 42088.0 463.0 33661.0
42 41 44 0.0 0.0 0.0 1188.0 13791.0 215.0 708.0
42 41 45 0.0 0.0 0.0 21.0 216.0 1.0 0.0
42 42 35 0.0 0.0 0.0 2.0 89.0 3.0 0.0
42 42 36 0.0 0.0 0.0 642.0 7852.0 141.0 168.0
42 42 37 0.0 0.0 2.0 3740.0 40264.0 540.0 16593.0
42 42 38 0.0 0.0 1.0 3055.0 30727.0 328.0 65093.0
42 42 39 0.0 0.0 1.0 1777.0 22913.0 207.0 86109.0
42 42 40 0.0 1.0 1.0 1624.0 20074.0 161.0 91948.0
42 42 41 0.0 1.0 0.0 2292.0 22054.0 192.0 86570.0
42 42 42 0.0 6.0 0.0 2556.0 30208.0 273.0 67071.0
42 42 43 0.0 5.0 1.0 3280.0 40263.0 498.0 16277.0
42 42 44 0.0 1.0 0.0 608.0 7508.0 133.0 185.0
42 42 45 0.0 0.0 0.0 9.0 106.0 0.0 0.0
42 43 35 0.0 0.0 0.0 4.0 32.0 0.0 0.0
42 43 36 0.0 0.0 0.0 234.0 2587.0 63.0 13.0
42 43 37 0.0 0.0 2.0 2570.0 22272.0 364.0 2760.0
42 43 38 0.0 0.0 0.0 3411.0 40511.0 517.0 15752.0
42 43 39 0.0 0.0 5.0 2993.0 42964.0 480.0 30494.0
42 43 40 0.0 0.0 1.0 3761.0 42063.0 466.0 34132.0
42 43 41 0.0 0.0 1.0 3672.0 42265.0 485.0 30375.0
42 43 42 0.0 0.0 4.0 3322.0 39674.0 537.0 15911.0
42 43 43 0.0 0.0 0.0 2347.0 24178.0 349.0 3165.0
42 43 44 0.0 0.0 0.0 333.0 2427.0 37.0 12.0
42 43 45 0.0 0.0 0.0 0.0 22.0 0.0 0.0
42 44 35 0.0 0.0 0.0 0.0 1.0 0.0 0.0
42 44 36 0.0 0.0 0.0 47.0 368.0 7.0 0.0
42 44 37 0.0 0.0 0.0 237.0 2350.0 31.0 9.0
42 44 38 0.0 0.0 0.0 664.0 7792.0 143.0 197.0
42 44 39 0.0 0.0 0.0 918.0 12825.0 210.0 538.0
42 44 40 0.0 1.0 0.0 1167.0 15393.0 256.0 861.0
42 44 41 0.0 0.0 0.0 1185.0 12436.0 219.0 586.0
42 44 42 0.0 0.0 0.0 799.0 7486.0 125.0 165.0
42 44 43 0.0 0.0 0.0 215.0 2614.0 33.0 23.0
42 44 44 0.0 0.0 0.0 38.0 358.0 3.0 0.0
42 45 36 0.0 0.0 0.0 0.0 2.0 0.0 0.0
42 45 37 0.0 0.0 0.0 3.0 30.0 1.0 0.0
42 45 38 0.0 0.0 0.0 23.0 85.0 3.0 0.0
42 45 39 0.0 0.0 0.0 7.0 177.0 2.0 0.0
42 45 40 0.0 0.0 0.0 18.0 225.0 2.0 0.0
42 45 41 0.0 0.0 0.0 22.0 143.0 2.0 0.0
42 45 42 0.0 0.0 0.0 12.0 88.0 0.0 0.0
42 45 43 0.0 0.0 0.0 4.0 20.0 2.0 0.0
43 35 37 0.0 0.0 0.0 0.0 12.0 0.0 0.0
43 35 38 0.0 0.0 0.0 0.0 19.0 1.0 0.0
43 35 39 0.0 0.0 0.0 0.0 50.0 1.0 0.0
43 35 40 0.0 0.0 0.0 4.0 91.0 2.0 0.0
43 35 41 0.0 0.0 0.0 7.0 49.0 0.0 0.0
43 35 42 0.0 0.0 0.0 1.0 38.0 1.0 0.0
43 35 43 0.0 0.0 0.0 0.0 8.0 0.0 0.0
43 35 44 0.0 0.0 0.0 0.0 4.0 0.0 0.0
43 36 36 0.0 0.0 0.0 66.0 100.0 4.0 0.0
43 36 37 0.0 0.0 0.0 98.0 966.0 24.0 4.0
43 36 38 0.0 0.0 0.0 331.0 3137.0 46.0 24.0
43 36 39 0.0 0.0 0.0 440.0 5984.0 81.0 116.0
43 36 40 0.0 0.0 1.0 761.0 7952.0 129.0 197.0
43 36 41 0.0 0.0 0.0 486.0 6617.0 118.0 134.0
43 36 42 0.0 0.0 0.0 302.0 3893.0 74.0 49.0
43 36 43 0.0 0.0 0.0 143.0 1477.0 32.0 4.0
43 36 44 0.0 0.0 0.0 20.0 276.0 3.0 0.0
43 37 35 0.0 0.0 0.0 1.0 8.0 0.0 0.0
43 37 36 0.0 0.0 0.0 76.0 855.0 19.0 2.0
43 37 37 0.0 0.0 0.0 740.0 10694.0 189.0 437.0
43 37 38 0.0 0.0 1.0 2733.0 26364.0 414.0 3866.0
43 37 39 0.0 2.0 0.0 2835.0 37002.0 484.0 10714.0
43 37 40 0.0 2.0 2.0 2921.0 39507.0 474.0 14484.0
43 37 41 0.0 0.0 2.0 3293.0 37627.0 501.0 12007.0
43 37 42 0.0 1.0 1.0 1520.0 32458.0 474.0 6577.0
43 37 43 0.0 0.0 0.0 673.0 17039.0 248.0 1148.0
43 37 44 0.0 0.0 0.0 157.0 1667.0 36.0 2.0
43 37 45 0.0 0.0 0.0 1.0 9.0 0.0 0.0
43 38 35 0.0 0.0 0.0 1.0 20.0 0.0 0.0
43 38 36 0.0 0.0 0.0 153.0 2573.0 34.0 17.0
43 38 37 0.0 0.0 0.0 2006.0 27740.0 411.0 4399.0
43 38 38 0.0 0.0 1.0 4047.0 40522.0 529.0 18392.0
43 38 39 0.0 2.0 1.0 3488.0 41710.0 477.0 35778.0
43 38 40 0.0 3.0 2.0 3053.0 40980.0 417.0 41781.0
43 38 41 0.0 2.0 0.0 3349.0 41363.0 465.0 38982.0
43 38 42 0.0 4.0 3.0 2809.0 42704.0 529.0 23334.0
43 38 43 0.0 0.0 2.0 1779.0 32030.0 452.0 6331.0
43 38 44 0.0 0.0 0.0 277.0 4217.0 71.0 40.0
43 38 45 0.0 0.0 0.0 4.0 39.0 0.0 0.0
43 39 35 0.0 0.0 0.0 1.0 39.0 0.0 0.0
43 39 36 0.0 0.0 0.0 431.0 4872.0 64.0 76.0
43 39 37 0.0 0.0 0.0 2388.0 36017.0 507.0 9458.0
43 39 38 0.0 0.0 7.0 3394.0 42542.0 473.0 32054.0
43 39 39 0.0 1.0 3.0 3479.0 37022.0 371.0 52566.0
43 39 40 0.0 3.0 4.0 3043.0 34896.0 320.0 58228.0
43 39 41 0.0 1.0 3.0 2656.0 36559.0 359.0 55414.0
43 39 42 0.0 0.0 10.0 2805.0 41851.0 429.0 38662.0
43 39 43 0.0 0.0 0.0 2597.0 38649.0 484.0 12068.0
43 39 44 0.0 0.0 0.0 505.0 6873.0 110.0 145.0
43 39 45 0.0 0.0 0.0 6.0 77.0 0.0 0.0
43 40 35 0.0 0.0 0.0 5.0 94.0 2.0 0.0
43 40 36 0.0 0.0 0.0 422.0 6111.0 111.0 122.0
43 40 37 0.0 0.0 1.0 2443.0 37922.0 493.0 11370.0
43 40 38 0.0 0.0 2.0 3176.0 42266.0 496.0 36105.0
43 40 39 0.0 0.0 2.0 2907.0 36258.0 353.0 54995.0
43 40 40 0.0 0.0 4.0 2374.0 33291.0 316.0 62962.0
43 40 41 0.0 7.0 2.0 3225.0 35007.0 357.0 57958.0
43 40 42 0.0 3.0 0.0 3482.0 41114.0 426.0 39511.0
43 40 43 0.0 0.0 2.0 2744.0 39458.0 513.0 13795.0
43 40 44 0.0 0.0 0.0 672.0 7238.0 124.0 156.0
43 40 45 0.0 0.0 0.0 3.0 106.0 1.0 0.0
43 41 35 0.0 0.0 0.0 5.0 56.0 2.0 0.0
43 41 36 0.0 0.0 2.0 354.0 4460.0 95.0 58.0
43 41 37 0.0 0.0 0.0 2465.0 34487.0 511.0 7940.0
43 41 38 0.0 0.0 1.0 2839.0 43380.0 490.0 30038.0
43 41 39 0.0 0.0 2.0 2769.0 38743.0 350.0 49506.0
43 41 40 0.0 0.0 8.0 2772.0 36038.0 315.0 55986.0
43 41 41 0.0 2.0 1.0 2756.0 37990.0 372.0 51211.0
43 41 42 0.0 1.0 0.0 3595.0 42462.0 490.0 31469.0
43 41 43 0.0 5.0 0.0 2642.0 35756.0 496.0 9283.0
43 41 44 0.0 0.0 0.0 506.0 5412.0 99.0 75.0
43 41 45 0.0 0.0 0.0 8.0 43.0 1.0 0.0
43 42 35 0.0 0.0 0.0 1.0 26.0 1.0 0.0
43 42 36 0.0 0.0 0.0 154.0 2346.0 36.0 13.0
43 42 37 0.0 0.0 1.0 1744.0 25039.0 372.0 3131.0
43 42 38 0.0 0.0 6.0 2516.0 40972.0 513.0 15799.0
43 42 39 0.0 0.0 3.0 2749.0 43002.0 477.0 30458.0
43 42 40 0.0 2.0 1.0 2868.0 42097.0 407.0 37671.0
43 42 41 0.0 1.0 2.0 3870.0 41758.0 476.0 31558.0
43 42 42 0.0 0.0 0.0 3757.0 40574.0 541.0 17536.0
43 42 43 0.0 0.0 0.0 2343.0 23215.0 374.0 2772.0
43 42 44 0.0 1.0 0.0 214.0 3020.0 55.0 31.0
43 42 45 0.0 0.0 0.0 0.0 16.0 0.0 0.0
43 43 35 0.0 0.0 0.0 2.0 5.0 0.0 0.0
43 43 36 0.0 0.0 0.0 70.0 754.0 14.0 5.0
43 43 37 0.0 0.0 1.0 569.0 8486.0 135.0 235.0
43 43 38 0.0 0.0 0.0 1551.0 24112.0 351.0 2847.0
43 43 39 0.0 0.0 1.0 1669.0 35050.0 463.0 7735.0
43 43 40 0.0 2.0 0.0 3498.0 37456.0 519.0 11322.0
43 43 41 0.0 4.0 0.0 3107.0 34155.0 479.0 8405.0
43 43 42 0.0 6.0 0.0 2354.0 23729.0 382.0 2845.0
43 43 43 0.0 0.0 0.0 547.0 9265.0 144.0 287.0
43 43 44 0.0 0.0 0.0 47.0 631.0 6.0 1.0
43 43 45 0.0 0.0 0.0 0.0 7.0 1.0 0.0
43 44 36 0.0 0.0 0.0 2.0 83.0 3.0 0.0
43 44 37 0.0 0.0 0.0 57.0 756.0 15.0 2.0
43 44 38 0.0 0.0 0.0 181.0 2539.0 36.0 13.0
43 44 39 0.0 0.0 0.0 429.0 4992.0 97.0 81.0
43 44 40 0.0 0.0 0.0 499.0 5673.0 95.0 123.0
43 44 41 0.0 0.0 0.0 382.0 4799.0 83.0 69.0
43 44 42 0.0 0.0 0.0 169.0 2397.0 47.0 14.0
43 44 43 0.0 0.0 0.0 77.0 853.0 20.0 1.0
43 44 44 0.0 0.0 0.0 6.0 81.0 3.0 0.0
43 44 45 0.0 0.0 0.0 0.0 1.0 0.0 0.0
43 45 36 0.0 0.0 0.0 0.0 1.0 0.0 0.0
43 45 37 0.0 0.0 0.0 1.0 11.0 0.0 0.0
43 45 38 0.0 0.0 0.0 1.0 12.0 0.0 0.0
43 45 39 0.0 0.0 0.0 3.0 59.0 2.0 0.0
43 45 40 0.0 0.0 0.0 9.0 60.0 1.0 0.0
43 45 41 0.0 0.0 0.0 3.0 60.0 0.0 0.0
43 45 42 0.0 0.0 0.0 6.0 17.0 0.0 0.0
43 45 43 0.0 0.0 0.0 0.0 1.0 0.0 0.0
44 35 38 0.0 0.0 0.0 0.0 5.0 0.0 0.0
44 35 39 0.0 0.0 0.0 0.0 8.0 0.0 0.0
44 35 40 0.0 0.0 0.0 1.0 27.0 1.0 0.0
44 35 41 0.0 0.0 0.0 1.0 4.0 0.0 0.0
44 35 42 0.0 0.0 0.0 0.0 2.0 0.0 0.0
44 36 36 0.0 0.0 0.0 0.0 7.0 0.0 0.0
44 36 37 0.0 0.0 0.0 4.0 160.0 3.0 0.0
44 36 38 0.0 0.0 0.0 27.0 425.0 9.0 0.0
44 36 39 0.0 0.0 0.0 126.0 1105.0 27.0 4.0
44 36 40 0.0 0.0 2.0 72.0 1272.0 18.0 3.0
44 36 41 0.0 0.0 0.0 72.0 1151.0 22.0 4.0
44 36 42 0.0 0.0 0.0 69.0 631.0 10.0 2.0
44 36 43 0.0 0.0 0.0 15.0 236.0 5.0 0.0
44 36 44 0.0 0.0 0.0 2.0 54.0 2.0 0.0
44 37 36 0.0 0.0 0.0 13.0 130.0 3.0 0.0
44 37 37 0.0 0.0 0.0 98.0 974.0 20.0 1.0
44 37 38 0.0 0.0 0.0 330.0 3132.0 57.0 15.0
44 37 39 0.0 0.0 0.0 538.0 6205.0 98.0 112.0
44 37 40 0.0 0.0 0.0 739.0 8135.0 138.0 219.0
44 37 41 0.0 0.0 0.0 686.0 7221.0 150.0 170.0
44 37 42 0.0 0.0 5.0 323.0 4102.0 72.0 50.0
44 37 43 0.0 0.0 0.0 84.0 1572.0 29.0 10.0
44 37 44 0.0 0.0 0.0 14.0 215.0 0.0 0.0
44 37 45 0.0 0.0 0.0 0.0 8.0 0.0 0.0
44 38 35 0.0 0.0 0.0 0.0 5.0 0.0 0.0
44 38 36 0.0 0.0 0.0 32.0 465.0 7.0 0.0
44 38 37 0.0 0.0 2.0 255.0 3119.0 66.0 15.0
44 38 38 0.0 0.0 0.0 662.0 8779.0 149.0 265.0
44 38 39 0.0 2.0 0.0 1214.0 15724.0 265.0 969.0
44 38 40 0.0 5.0 2.0 1580.0 19313.0 315.0 1512.0
44 38 41 0.0 0.0 3.0 1388.0 17133.0 292.0 1084.0
44 38 42 0.0 0.0 0.0 639.0 10791.0 204.0 386.0
44 38 43 0.0 0.0 0.0 266.0 4192.0 65.0 38.0
44 38 44 0.0 0.0 0.0 26.0 708.0 20.0 1.0
44 38 45 0.0 0.0 0.0 0.0 2.0 0.0 0.0
44 39 36 0.0 0.0 0.0 77.0 1020.0 19.0 5.0
44 39 37 0.0 0.0 0.0 418.0 5683.0 97.0 86.0
44 39 38 0.0 0.0 0.0 1161.0 14317.0 236.0 765.0
44 39 39 0.0 0.0 0.0 1926.0 22613.0 349.0 2299.0
44 39 40 0.0 0.0 3.0 2107.0 26991.0 398.0 3445.0
44 39 41 0.0 2.0 0.0 1805.0 24061.0 373.0 2627.0
44 39 42 0.0 3.0 1.0 1110.0 17179.0 248.0 1091.0
44 39 43 0.0 0.0 0.0 369.0 6934.0 104.0 154.0
44 39 44 0.0 0.0 0.0 74.0 1199.0 21.0 1.0
44 39 45 0.0 0.0 0.0 0.0 17.0 0.0 0.0
44 40 35 0.0 0.0 0.0 1.0 4.0 0.0 0.0
44 40 36 0.0 0.0 0.0 71.0 991.0 17.0 2.0
44 40 37 0.0 0.0 0.0 378.0 6058.0 97.0 120.0
44 40 38 0.0 0.0 0.0 1575.0 16554.0 284.0 1045.0
44 40 39 0.0 0.0 0.0 1814.0 25740.0 392.0 2967.0
44 40 40 0.0 2.0 4.0 2200.0 29513.0 459.0 4682.0
44 40 41 0.0 5.0 1.0 1815.0 27160.0 408.0 3366.0
44 40 42 0.0 0.0 0.0 1318.0 17806.0 270.0 1152.0
44 40 43 0.0 1.0 0.0 815.0 7183.0 106.0 158.0
44 40 44 0.0 0.0 0.0 119.0 1258.0 21.0 2.0
44 40 45 0.0 0.0 0.0 1.0 4.0 0.0 0.0
44 41 35 0.0 0.0 0.0 0.0 8.0 0.0 0.0
44 41 36 0.0 0.0 0.0 24.0 857.0 14.0 2.0
44 41 37 0.0 0.0 0.0 288.0 5370.0 92.0 92.0
44 41 38 0.0 0.0 0.0 1018.0 13237.0 213.0 646.0
44 41 39 0.0 0.0 0.0 1457.0 21977.0 334.0 1982.0
44 41 40 0.0 2.0 4.0 1905.0 26196.0 406.0 3238.0
44 41 41 0.0 1.0 0.0 1828.0 23351.0 361.0 2408.0
44 41 42 0.0 0.0 0.0 1293.0 14985.0 254.0 836.0
44 41 43 0.0 0.0 0.0 361.0 5392.0 93.0 78.0
44 41 44 0.0 0.0 0.0 53.0 888.0 12.0 0.0
44 41 45 0.0 0.0 0.0 3.0 7.0 0.0 0.0
44 42 35 0.0 0.0 0.0 0.0 1.0 0.0 0.0
44 42 36 0.0 0.0 0.0 10.0 344.0 8.0 0.0
44 42 37 0.0 0.0 0.0 183.0 2470.0 40.0 15.0
44 42 38 0.0 0.0 1.0 562.0 7800.0 133.0 187.0
44 42 39 0.0 0.0 0.0 901.0 13390.0 207.0 615.0
44 42 40 0.0 0.0 0.0 1327.0 16110.0 245.0 1040.0
44 42 41 0.0 0.0 0.0 993.0 14593.0 241.0 768.0
44 42 42 0.0 2.0 0.0 652.0 8603.0 142.0 247.0
44 42 43 0.0 0.0 0.0 216.0 2370.0 40.0 20.0
44 42 44 0.0 0.0 0.0 43.0 396.0 6.0 0.0
44 42 45 0.0 0.0 0.0 0.0 3.0 0.0 0.0
44 43 35 0.0 0.0 0.0 0.0 1.0 0.0 0.0
44 43 36 0.0 0.0 0.0 7.0 102.0 0.0 0.0
44 43 37 0.0 0.0 0.0 52.0 770.0 16.0 1.0
44 43 38 0.0 0.0 0.0 129.0 2871.0 48.0 26.0
44 43 39 0.0 0.0 0.0 324.0 5254.0 85.0 84.0
44 43 40 0.0 0.0 0.0 415.0 5779.0 101.0 103.0
44 43 41 0.0 0.0 0.0 593.0 5521.0 95.0 83.0
44 43 42 0.0 0.0 0.0 332.0 2914.0 41.0 32.0
44 43 43 0.0 0.0 0.0 47.0 850.0 19.0 1.0
44 43 44 0.0 0.0 0.0 3.0 163.0 4.0 1.0
44 44 36 0.0 0.0 0.0 0.0 13.0 0.0 0.0
44 44 37 0.0 0.0 0.0 4.0 80.0 1.0 0.0
44 44 38 0.0 0.0 0.0 31.0 335.0 7.0 0.0
44 44 39 0.0 0.0 0.0 33.0 722.0 16.0 1.0
44 44 40 0.0 0.0 0.0 70.0 1132.0 14.0 6.0
44 44 41 0.0 0.0 0.0 77.0 884.0 19.0 4.0
44 44 42 0.0 0.0 0.0 32.0 315.0 6.0 1.0
44 44 43 0.0 0.0 0.0 2.0 79.0 1.0 0.0
44 44 44 0.0 0.0 0.0 0.0 14.0 0.0 0.0
44 45 38 0.0 0.0 0.0 0.0 2.0 0.0 0.0
44 45 39 0.0 0.0 0.0 0.0 1.0 0.0 0.0
44 45 40 0.0 0.0 0.0 0.0 4.0 0.0 0.0
44 45 42 0.0 0.0 0.0 0.0 1.0 0.0 0.0
44 45 43 0.0 0.0 0.0 0.0 1.0 0.0 0.0
45 36 37 0.0 0.0 0.0 0.0 1.0 0.0 0.0
45 36 38 0.0 0.0 0.0 0.0 4.0 0.0 0.0
45 36 39 0.0 0.0 0.0 1.0 10.0 0.0 0.0
45 36 40 0.0 0.0 0.0 1.0 10.0 0.0 0.0
45 36 41 0.0 0.0 0.0 1.0 15.0 0.0 0.0
45 36 42 0.0 0.0 0.0 0.0 9.0 0.0 0.0
45 36 43 0.0 0.0 0.0 0.0 1.0 0.0 0.0
45 37 36 0.0 0.0 0.0 0.0 1.0 0.0 0.0
45 37 37 0.0 0.0 0.0 2.0 7.0 0.0 0.0
45 37 38 0.0 0.0 0.0 2.0 35.0 1.0 0.0
45 37 39 0.0 0.0 0.0 8.0 101.0 4.0 0.0
45 37 40 0.0 0.0 0.0 13.0 131.0 5.0 0.0
45 37 41 0.0 0.0 0.0 5.0 78.0 1.0 0.0
45 37 42 0.0 0.0 0.0 0.0 17.0 0.0 0.0
45 37 43 0.0 0.0 0.0 1.0 8.0 0.0 0.0
45 38 36 0.0 0.0 0.0 2.0 4.0 0.0 0.0
45 38 37 0.0 0.0 0.0 2.0 24.0 0.0 0.0
45 38 38 0.0 0.0 0.0 16.0 112.0 5.0 0.0
45 38 39 0.0 0.0 0.0 21.0 244.0 1.0 0.0
45 38 40 0.0 0.0 0.0 36.0 362.0 8.0 0.0
45 38 41 0.0 0.0 0.0 21.0 276.0 3.0 0.0
45 38 42 0.0 0.0 0.0 15.0 145.0 3.0 0.0
45 38 43 0.0 0.0 0.0 0.0 35.0 1.0 0.0
45 38 44 0.0 0.0 0.0 0.0 7.0 0.0 0.0
45 39 36 0.0 0.0 0.0 2.0 5.0 0.0 0.0
45 39 37 0.0 0.0 0.0 3.0 64.0 2.0 0.0
45 39 38 0.0 0.0 0.0 22.0 240.0 4.0 0.0
45 39 39 0.0 0.0 0.0 30.0 456.0 8.0 0.0
45 39 40 0.0 0.0 0.0 70.0 678.0 14.0 1.0
45 39 41 0.0 0.0 0.0 40.0 568.0 8.0 0.0
45 39 42 0.0 0.0 0.0 29.0 315.0 9.0 1.0
45 39 43 0.0 0.0 0.0 8.0 79.0 0.0 0.0
45 39 44 0.0 0.0 0.0 0.0 12.0 1.0 0.0
45 40 36 0.0 0.0 0.0 2.0 11.0 0.0 0.0
45 40 37 0.0 0.0 0.0 0.0 63.0 0.0 0.0
45 40 38 0.0 0.0 0.0 32.0 273.0 5.0 0.0
45 40 39 0.0 0.0 0.0 55.0 633.0 11.0 1.0
45 40 40 0.0 1.0 0.0 39.0 834.0 11.0 3.0
45 40 41 0.0 0.0 0.0 45.0 637.0 15.0 0.0
45 40 42 0.0 0.0 0.0 46.0 340.0 5.0 0.0
45 40 43 0.0 0.0 0.0 8.0 79.0 0.0 0.0
45 40 44 0.0 0.0 0.0 0.0 6.0 0.0 0.0
45 41 36 0.0 0.0 0.0 0.0 4.0 0.0 0.0
45 41 37 0.0 0.0 0.0 1.0 49.0 0.0 0.0
45 41 38 0.0 0.0 0.0 15.0 210.0 5.0 0.0
45 41 39 0.0 0.0 0.0 22.0 518.0 6.0 0.0
45 41 40 0.0 0.0 0.0 49.0 615.0 9.0 1.0
45 41 41 0.0 0.0 0.0 24.0 569.0 14.0 1.0
45 41 42 0.0 0.0 0.0 7.0 288.0 5.0 0.0
45 41 43 0.0 0.0 0.0 1.0 66.0 1.0 0.0
45 41 44 0.0 0.0 0.0 0.0 4.0 1.0 0.0
45 41 45 0.0 0.0 0.0 0.0 1.0 0.0 0.0
45 42 36 0.0 0.0 0.0 0.0 1.0 0.0 0.0
45 42 37 0.0 0.0 0.0 2.0 14.0 0.0 0.0
45 42 38 0.0 0.0 0.0 2.0 78.0 2.0 0.0
45 42 39 0.0 0.0 0.0 15.0 203.0 4.0 0.0
45 42 40 0.0 0.0 0.0 27.0 298.0 8.0 0.0
45 42 41 0.0 0.0 0.0 37.0 270.0 9.0 0.0
45 42 42 0.0 0.0 0.0 22.0 157.0 1.0 0.0
45 42 43 0.0 0.0 0.0 1.0 21.0 0.0 0.0
45 42 44 0.0 0.0 0.0 0.0 1.0 0.0 0.0
45 43 37 0.0 0.0 0.0 0.0 5.0 0.0 0.0
45 43 38 0.0 0.0 0.0 0.0 34.0 0.0 0.0
45 43 39 0.0 0.0 0.0 1.0 39.0 3.0 0.0
45 43 40 0.0 0.0 0.0 6.0 64.0 2.0 0.0
45 43 41 0.0 0.0 0.0 4.0 42.0 0.0 0.0
45 43 42 0.0 0.0 0.0 1.0 21.0 0.0 0.0
45 43 43 0.0 0.0 0.0 0.0 3.0 0.0 0.0
45 43 44 0.0 0.0 0.0 0.0 1.0 0.0 0.0
45 44 37 0.0 0.0 0.0 0.0 1.0 0.0 0.0
45 44 39 0.0 0.0 0.0 0.0 3.0 0.0 0.0
45 44 40 0.0 0.0 0.0 0.0 7.0 0.0 0.0
45 44 41 0.0 0.0 0.0 0.0 3.0 0.0 0.0
45 44 42 0.0 0.0 0.0 0.0 1.0 0.0 0.0
