38 38 38 0.0 0.0 0.0 0.0 2.0 0.0 0.0
38 38 39 0.0 0.0 0.0 0.0 1.0 0.0 0.0
38 39 38 0.0 0.0 0.0 0.0 1.0 0.0 0.0
38 40 38 0.0 0.0 0.0 0.0 2.0 0.0 0.0
38 40 39 0.0 0.0 0.0 1.0 0.0 0.0 0.0
39 38 41 0.0 0.0 0.0 2.0 0.0 0.0 0.0
39 38 42 0.0 0.0 0.0 0.0 1.0 0.0 0.0
39 39 38 0.0 0.0 0.0 0.0 2.0 0.0 0.0
39 39 39 0.0 0.0 8.0 67.0 929.0 17.0 5.0
39 39 40 0.0 0.0 8.0 121.0 1074.0 19.0 4.0
39 39 41 0.0 3.0 11.0 145.0 847.0 20.0 0.0
39 40 39 0.0 1.0 18.0 283.0 1519.0 41.0 9.0
39 40 40 0.0 4.0 9.0 194.0 1481.0 27.0 6.0
39 40 41 0.0 1.0 31.0 149.0 1223.0 24.0 7.0
39 41 39 0.0 1.0 12.0 119.0 1064.0 22.0 7.0
39 41 40 0.0 1.0 12.0 104.0 1007.0 20.0 2.0
39 41 41 0.0 4.0 6.0 86.0 833.0 12.0 5.0
39 42 41 0.0 0.0 0.0 1.0 3.0 0.0 0.0
40 38 39 0.0 0.0 0.0 0.0 2.0 0.0 0.0
40 38 40 0.0 0.0 0.0 1.0 2.0 0.0 0.0
40 38 42 0.0 0.0 0.0 1.0 0.0 0.0 0.0
40 39 39 0.0 0.0 6.0 130.0 865.0 17.0 3.0
40 39 40 0.0 9.0 21.0 265.0 1543.0 34.0 6.0
40 39 41 0.0 5.0 27.0 242.0 1295.0 29.0 6.0
40 40 38 0.0 0.0 0.0 0.0 1.0 0.0 0.0
40 40 39 0.0 2.0 13.0 164.0 1203.0 29.0 2.0
40 40 40 2.0 165.0 516.0 5044.0 34624.0 513.0 19245.0
40 40 41 1.0 17.0 15.0 241.0 1574.0 30.0 9.0
40 40 42 0.0 0.0 0.0 0.0 1.0 0.0 0.0
40 41 38 0.0 0.0 0.0 0.0 2.0 0.0 0.0
40 41 39 0.0 7.0 7.0 220.0 1159.0 31.0 2.0
40 41 40 0.0 3.0 41.0 216.0 1586.0 25.0 7.0
40 41 41 0.0 4.0 21.0 231.0 1080.0 17.0 6.0
41 38 40 0.0 0.0 0.0 0.0 2.0 0.0 0.0
41 38 41 0.0 0.0 0.0 0.0 4.0 0.0 0.0
41 39 39 0.0 2.0 7.0 137.0 1018.0 15.0 3.0
41 39 40 0.0 6.0 12.0 193.0 1381.0 31.0 7.0
41 39 41 1.0 11.0 48.0 179.0 2158.0 42.0 24.0
41 40 38 0.0 0.0 0.0 0.0 1.0 0.0 0.0
41 40 39 0.0 0.0 20.0 152.0 1491.0 26.0 6.0
41 40 40 0.0 2.0 8.0 156.0 1687.0 30.0 11.0
41 40 41 0.0 1.0 8.0 75.0 1029.0 19.0 5.0
41 41 39 0.0 0.0 15.0 79.0 857.0 13.0 2.0
41 41 40 0.0 3.0 20.0 104.0 1272.0 27.0 6.0
41 41 41 0.0 4.0 8.0 125.0 972.0 24.0 3.0
41 42 39 0.0 0.0 0.0 0.0 1.0 0.0 0.0
42 38 38 0.0 0.0 0.0 0.0 3.0 0.0 0.0
42 38 41 0.0 0.0 0.0 0.0 1.0 0.0 0.0
42 39 39 0.0 0.0 0.0 0.0 1.0 0.0 0.0
42 39 40 0.0 0.0 0.0 0.0 3.0 0.0 0.0
42 39 41 0.0 0.0 0.0 0.0 1.0 0.0 0.0
42 40 39 0.0 0.0 0.0 0.0 2.0 0.0 0.0
