37 37 40 0.0 0.0 0.0 0.0 1.0 0.0 0.0
37 38 40 0.0 0.0 0.0 0.0 3.0 0.0 0.0
37 39 38 0.0 0.0 0.0 1.0 3.0 0.0 0.0
37 39 39 0.0 0.0 0.0 0.0 5.0 0.0 0.0
37 39 40 0.0 0.0 0.0 2.0 3.0 0.0 0.0
37 39 41 0.0 0.0 0.0 3.0 1.0 0.0 0.0
37 39 42 0.0 0.0 0.0 1.0 1.0 0.0 0.0
37 40 38 0.0 0.0 0.0 0.0 1.0 0.0 0.0
37 40 39 0.0 0.0 0.0 0.0 6.0 0.0 0.0
37 40 40 0.0 0.0 0.0 0.0 6.0 0.0 0.0
37 40 41 0.0 0.0 0.0 2.0 4.0 0.0 0.0
37 40 42 0.0 0.0 0.0 0.0 3.0 0.0 0.0
37 40 43 0.0 0.0 0.0 0.0 1.0 0.0 0.0
37 41 37 0.0 0.0 0.0 0.0 1.0 0.0 0.0
37 41 39 0.0 0.0 0.0 0.0 1.0 0.0 0.0
37 41 40 0.0 0.0 0.0 0.0 2.0 0.0 0.0
37 41 41 0.0 0.0 0.0 0.0 4.0 0.0 0.0
37 41 42 0.0 0.0 0.0 0.0 3.0 0.0 0.0
37 42 39 0.0 0.0 0.0 0.0 4.0 0.0 0.0
37 42 40 0.0 0.0 0.0 0.0 4.0 0.0 0.0
37 42 41 0.0 0.0 0.0 0.0 1.0 0.0 0.0
37 42 42 0.0 0.0 0.0 0.0 1.0 0.0 0.0
38 37 39 0.0 0.0 0.0 0.0 2.0 0.0 0.0
38 37 42 0.0 0.0 0.0 0.0 2.0 0.0 0.0
38 38 38 0.0 0.0 0.0 23.0 362.0 8.0 0.0
38 38 39 0.0 0.0 4.0 49.0 698.0 17.0 2.0
38 38 40 0.0 0.0 4.0 93.0 1024.0 21.0 2.0
38 38 41 0.0 1.0 0.0 84.0 632.0 14.0 0.0
38 38 42 0.0 0.0 0.0 12.0 215.0 5.0 0.0
38 39 37 0.0 0.0 0.0 0.0 2.0 0.0 0.0
38 39 38 0.0 4.0 3.0 179.0 836.0 18.0 4.0
38 39 39 0.0 0.0 2.0 375.0 2206.0 49.0 11.0
38 39 40 0.0 2.0 2.0 473.0 2714.0 45.0 29.0
38 39 41 0.0 0.0 1.0 246.0 1987.0 34.0 14.0
38 39 42 0.0 0.0 3.0 48.0 586.0 19.0 0.0
38 40 37 0.0 0.0 0.0 0.0 1.0 0.0 0.0
38 40 38 0.0 1.0 5.0 132.0 1510.0 22.0 5.0
38 40 39 0.0 5.0 3.0 401.0 3051.0 51.0 27.0
38 40 40 0.0 3.0 5.0 425.0 3988.0 74.0 51.0
38 40 41 0.0 1.0 1.0 328.0 2725.0 56.0 27.0
38 40 42 0.0 0.0 2.0 75.0 942.0 16.0 6.0
38 40 43 0.0 0.0 0.0 0.0 1.0 0.0 0.0
38 41 38 0.0 0.0 3.0 86.0 835.0 15.0 2.0
38 41 39 0.0 0.0 1.0 250.0 2336.0 37.0 14.0
38 41 40 0.0 0.0 4.0 283.0 2921.0 49.0 33.0
38 41 41 0.0 0.0 1.0 193.0 1880.0 29.0 8.0
38 41 42 0.0 0.0 0.0 69.0 694.0 5.0 2.0
38 42 38 0.0 0.0 0.0 23.0 305.0 7.0 0.0
38 42 39 0.0 2.0 6.0 75.0 727.0 14.0 1.0
38 42 40 0.0 0.0 1.0 103.0 982.0 19.0 3.0
38 42 41 0.0 2.0 0.0 76.0 780.0 12.0 3.0
38 42 42 0.0 0.0 0.0 8.0 215.0 3.0 0.0
38 43 41 0.0 0.0 0.0 1.0 5.0 0.0 0.0
38 43 42 0.0 0.0 0.0 0.0 3.0 0.0 0.0
39 37 40 0.0 0.0 0.0 0.0 1.0 0.0 0.0
39 37 41 0.0 0.0 0.0 0.0 3.0 0.0 0.0
39 38 38 0.0 0.0 0.0 147.0 625.0 14.0 3.0
39 38 39 0.0 0.0 0.0 226.0 2103.0 41.0 6.0
39 38 40 0.0 0.0 7.0 332.0 2625.0 55.0 22.0
39 38 41 0.0 0.0 2.0 277.0 1887.0 39.0 10.0
39 38 42 0.0 0.0 0.0 116.0 717.0 18.0 0.0
39 39 37 0.0 0.0 1.0 0.0 3.0 0.0 0.0
39 39 38 0.0 0.0 2.0 255.0 2057.0 34.0 20.0
39 39 39 0.0 6.0 55.0 2935.0 31148.0 479.0 7494.0
39 39 40 0.0 13.0 38.0 3376.0 34022.0 464.0 9851.0
39 39 41 0.0 16.0 56.0 4152.0 29804.0 429.0 7371.0
39 39 42 0.0 0.0 3.0 234.0 2210.0 41.0 10.0
39 39 43 0.0 0.0 0.0 0.0 1.0 0.0 0.0
39 40 37 0.0 0.0 0.0 0.0 9.0 2.0 0.0
39 40 38 0.0 1.0 0.0 380.0 3034.0 53.0 19.0
39 40 39 0.0 10.0 38.0 4981.0 35522.0 494.0 14953.0
39 40 40 0.0 34.0 44.0 4450.0 37051.0 516.0 15178.0
39 40 41 0.0 23.0 93.0 3562.0 34620.0 496.0 10994.0
39 40 42 0.0 0.0 2.0 336.0 2956.0 59.0 26.0
39 40 43 0.0 0.0 0.0 1.0 2.0 0.0 0.0
39 41 37 0.0 0.0 0.0 0.0 5.0 0.0 0.0
39 41 38 0.0 0.0 3.0 252.0 2260.0 45.0 16.0
39 41 39 0.0 13.0 40.0 3289.0 33116.0 478.0 9348.0
39 41 40 0.0 24.0 77.0 3328.0 33657.0 516.0 9563.0
39 41 41 0.0 39.0 32.0 3489.0 30790.0 444.0 7660.0
39 41 42 0.0 0.0 2.0 299.0 1972.0 32.0 8.0
39 41 43 0.0 0.0 0.0 0.0 6.0 0.0 0.0
39 42 38 0.0 0.0 1.0 109.0 819.0 14.0 5.0
39 42 39 0.0 1.0 3.0 290.0 2016.0 31.0 16.0
39 42 40 0.0 0.0 1.0 465.0 2644.0 50.0 16.0
39 42 41 0.0 0.0 3.0 250.0 2064.0 30.0 9.0
39 42 42 0.0 0.0 4.0 96.0 626.0 7.0 2.0
39 43 38 0.0 0.0 0.0 0.0 1.0 0.0 0.0
39 43 39 0.0 0.0 0.0 0.0 1.0 0.0 0.0
39 43 40 0.0 0.0 0.0 1.0 4.0 0.0 0.0
39 43 41 0.0 0.0 0.0 0.0 2.0 0.0 0.0
39 43 42 0.0 0.0 0.0 0.0 3.0 0.0 0.0
40 37 38 0.0 0.0 0.0 0.0 2.0 0.0 0.0
40 37 39 0.0 0.0 0.0 1.0 12.0 0.0 0.0
40 37 40 0.0 0.0 0.0 0.0 6.0 0.0 0.0
40 37 41 0.0 0.0 0.0 5.0 4.0 0.0 0.0
40 38 37 0.0 0.0 0.0 0.0 6.0 0.0 0.0
40 38 38 0.0 0.0 0.0 128.0 960.0 18.0 1.0
40 38 39 0.0 0.0 2.0 314.0 2923.0 53.0 22.0
40 38 40 0.0 3.0 6.0 598.0 4208.0 80.0 48.0
40 38 41 0.0 2.0 2.0 347.0 3332.0 59.0 36.0
40 38 42 0.0 0.0 1.0 123.0 1366.0 22.0 3.0
40 39 37 0.0 0.0 0.0 0.0 9.0 0.0 0.0
40 39 38 0.0 0.0 5.0 418.0 3043.0 50.0 31.0
40 39 39 0.0 1.0 68.0 3923.0 32581.0 468.0 8853.0
40 39 40 0.0 26.0 68.0 4615.0 36919.0 546.0 15783.0
40 39 41 0.0 28.0 72.0 4984.0 35015.0 527.0 13249.0
40 39 42 0.0 13.0 6.0 396.0 3316.0 58.0 30.0
40 39 43 0.0 0.0 0.0 0.0 6.0 0.0 0.0
40 40 37 0.0 0.0 0.0 0.0 3.0 1.0 0.0
40 40 38 0.0 0.0 7.0 526.0 4253.0 76.0 47.0
40 40 39 0.0 23.0 57.0 4119.0 35974.0 506.0 12776.0
40 40 40 0.0 13.0 42.0 1661.0 13869.0 135.0 84739.0
40 40 41 0.0 62.0 48.0 5233.0 36902.0 532.0 15999.0
40 40 42 0.0 2.0 11.0 466.0 4612.0 78.0 60.0
40 40 43 0.0 0.0 0.0 1.0 7.0 0.0 0.0
40 41 37 0.0 0.0 0.0 4.0 2.0 0.0 0.0
40 41 38 0.0 0.0 4.0 338.0 3281.0 49.0 33.0
40 41 39 0.0 25.0 54.0 4454.0 34065.0 475.0 11221.0
40 41 40 0.0 22.0 92.0 4290.0 37501.0 482.0 16062.0
40 41 41 0.0 37.0 72.0 5682.0 32697.0 507.0 11383.0
40 41 42 0.0 5.0 0.0 244.0 2621.0 45.0 14.0
40 41 43 0.0 0.0 0.0 4.0 2.0 0.0 0.0
40 42 37 0.0 0.0 0.0 0.0 1.0 0.0 0.0
40 42 38 0.0 0.0 2.0 109.0 1014.0 15.0 3.0
40 42 39 0.0 3.0 6.0 293.0 2834.0 60.0 27.0
40 42 40 0.0 1.0 3.0 332.0 4099.0 59.0 48.0
40 42 41 0.0 1.0 4.0 348.0 2810.0 52.0 26.0
40 42 42 0.0 0.0 0.0 197.0 998.0 29.0 3.0
40 43 37 0.0 0.0 0.0 0.0 2.0 1.0 0.0
40 43 38 0.0 0.0 0.0 0.0 1.0 0.0 0.0
40 43 39 0.0 0.0 0.0 0.0 10.0 1.0 0.0
40 43 40 0.0 0.0 0.0 0.0 9.0 1.0 0.0
40 43 41 0.0 0.0 0.0 0.0 3.0 0.0 0.0
40 43 43 0.0 0.0 0.0 0.0 1.0 0.0 0.0
41 37 39 0.0 0.0 0.0 1.0 1.0 0.0 0.0
41 37 40 0.0 0.0 0.0 2.0 6.0 0.0 0.0
41 37 41 0.0 0.0 0.0 2.0 1.0 0.0 0.0
41 37 42 0.0 0.0 0.0 0.0 2.0 0.0 0.0
41 38 38 0.0 1.0 1.0 109.0 680.0 14.0 1.0
41 38 39 0.0 0.0 2.0 276.0 2097.0 32.0 16.0
41 38 40 0.0 1.0 9.0 459.0 3549.0 49.0 43.0
41 38 41 0.0 5.0 8.0 305.0 3261.0 45.0 35.0
41 38 42 0.0 1.0 0.0 90.0 1542.0 24.0 1.0
41 38 43 0.0 0.0 0.0 0.0 2.0 0.0 0.0
41 39 38 0.0 0.0 0.0 186.0 1710.0 31.0 8.0
41 39 39 0.0 18.0 21.0 4102.0 31948.0 449.0 9228.0
41 39 40 0.0 40.0 86.0 4778.0 34916.0 519.0 13165.0
41 39 41 0.0 43.0 119.0 3000.0 37752.0 491.0 17812.0
41 39 42 0.0 1.0 5.0 316.0 2923.0 49.0 23.0
41 39 43 0.0 0.0 1.0 0.0 7.0 0.0 0.0
41 40 37 0.0 0.0 0.0 1.0 5.0 0.0 0.0
41 40 38 0.0 0.0 4.0 404.0 2821.0 42.0 16.0
41 40 39 0.0 5.0 38.0 3475.0 36090.0 492.0 13360.0
41 40 40 0.0 16.0 47.0 3548.0 38912.0 547.0 16678.0
41 40 41 2.0 18.0 45.0 3313.0 34314.0 509.0 9668.0
41 40 42 0.0 1.0 4.0 322.0 3575.0 65.0 35.0
41 40 43 0.0 0.0 0.0 0.0 4.0 1.0 0.0
41 41 38 0.0 0.0 6.0 177.0 2237.0 37.0 10.0
41 41 39 0.0 3.0 95.0 2630.0 31732.0 444.0 7483.0
41 41 40 0.0 26.0 72.0 3502.0 35514.0 503.0 11945.0
41 41 41 0.0 22.0 28.0 3803.0 31452.0 494.0 8491.0
41 41 42 0.0 9.0 1.0 294.0 1978.0 39.0 18.0
41 41 43 0.0 0.0 0.0 0.0 1.0 0.0 0.0
41 42 38 0.0 0.0 1.0 118.0 684.0 13.0 0.0
41 42 39 0.0 3.0 7.0 170.0 2110.0 31.0 14.0
41 42 40 0.0 0.0 0.0 310.0 2916.0 52.0 17.0
41 42 41 0.0 2.0 4.0 221.0 1980.0 35.0 10.0
41 42 42 0.0 0.0 1.0 103.0 817.0 11.0 4.0
41 42 43 0.0 0.0 0.0 0.0 1.0 0.0 0.0
41 43 39 0.0 0.0 0.0 0.0 8.0 1.0 0.0
41 43 40 0.0 0.0 0.0 0.0 3.0 0.0 0.0
41 43 41 0.0 0.0 0.0 0.0 1.0 0.0 0.0
41 43 42 0.0 0.0 0.0 0.0 3.0 0.0 0.0
42 37 39 0.0 0.0 0.0 0.0 1.0 0.0 0.0
42 37 41 0.0 0.0 0.0 0.0 1.0 0.0 0.0
42 37 42 0.0 0.0 0.0 0.0 1.0 0.0 0.0
42 38 38 0.0 0.0 0.0 42.0 539.0 14.0 2.0
42 38 39 0.0 0.0 1.0 96.0 915.0 19.0 1.0
42 38 40 0.0 1.0 2.0 197.0 1759.0 26.0 8.0
42 38 41 0.0 0.0 1.0 106.0 1473.0 19.0 4.0
42 38 42 0.0 0.0 2.0 56.0 765.0 9.0 2.0
42 38 43 0.0 0.0 0.0 0.0 1.0 0.0 0.0
42 39 37 0.0 0.0 0.0 0.0 1.0 0.0 0.0
42 39 38 0.0 0.0 0.0 91.0 1096.0 22.0 5.0
42 39 39 0.0 0.0 2.0 342.0 2185.0 45.0 11.0
42 39 40 0.0 0.0 4.0 503.0 4106.0 63.0 50.0
42 39 41 0.0 1.0 7.0 327.0 2999.0 54.0 28.0
42 39 42 0.0 0.0 1.0 87.0 1609.0 29.0 4.0
42 39 43 0.0 0.0 0.0 0.0 2.0 0.0 0.0
42 40 37 0.0 0.0 0.0 0.0 1.0 0.0 0.0
42 40 38 0.0 0.0 2.0 105.0 1136.0 24.0 2.0
42 40 39 0.0 0.0 1.0 256.0 3443.0 62.0 35.0
42 40 40 0.0 2.0 1.0 444.0 4559.0 88.0 59.0
42 40 41 0.0 7.0 11.0 285.0 3601.0 68.0 31.0
42 40 42 0.0 0.0 3.0 141.0 1615.0 31.0 7.0
42 40 43 0.0 0.0 0.0 0.0 1.0 0.0 0.0
42 41 37 0.0 0.0 0.0 0.0 4.0 0.0 0.0
42 41 38 0.0 0.0 0.0 75.0 782.0 14.0 2.0
42 41 39 0.0 0.0 3.0 155.0 2062.0 40.0 12.0
42 41 40 0.0 1.0 6.0 249.0 3528.0 67.0 38.0
42 41 41 0.0 1.0 2.0 193.0 2193.0 44.0 8.0
42 41 42 0.0 1.0 0.0 64.0 824.0 12.0 0.0
42 42 38 0.0 0.0 0.0 46.0 238.0 6.0 0.0
42 42 39 0.0 0.0 3.0 75.0 875.0 19.0 2.0
42 42 40 0.0 2.0 0.0 104.0 1230.0 23.0 5.0
42 42 41 0.0 0.0 1.0 165.0 774.0 14.0 0.0
42 42 42 0.0 0.0 0.0 25.0 248.0 6.0 0.0
42 43 40 0.0 0.0 0.0 0.0 1.0 0.0 0.0
43 38 39 0.0 0.0 0.0 0.0 1.0 0.0 0.0
43 38 40 0.0 0.0 0.0 0.0 10.0 0.0 0.0
43 38 41 0.0 0.0 0.0 2.0 10.0 0.0 0.0
43 38 42 0.0 0.0 0.0 0.0 1.0 0.0 0.0
43 39 38 0.0 0.0 0.0 0.0 1.0 0.0 0.0
43 39 39 0.0 0.0 0.0 0.0 9.0 0.0 0.0
43 39 40 0.0 0.0 0.0 0.0 4.0 0.0 0.0
43 39 41 0.0 0.0 0.0 1.0 1.0 0.0 0.0
43 39 42 0.0 0.0 0.0 0.0 3.0 0.0 0.0
43 40 38 0.0 0.0 0.0 0.0 1.0 0.0 0.0
43 40 39 0.0 0.0 0.0 1.0 3.0 0.0 0.0
43 40 40 0.0 0.0 0.0 0.0 8.0 0.0 0.0
43 40 41 0.0 0.0 0.0 0.0 1.0 0.0 0.0
43 40 42 0.0 0.0 0.0 0.0 4.0 0.0 0.0
43 41 37 0.0 0.0 0.0 0.0 1.0 0.0 0.0
43 41 38 0.0 0.0 0.0 0.0 1.0 0.0 0.0
43 41 39 0.0 0.0 0.0 0.0 6.0 0.0 0.0
43 41 40 0.0 0.0 0.0 0.0 8.0 0.0 0.0
43 41 41 0.0 0.0 0.0 0.0 5.0 0.0 0.0
43 41 42 0.0 0.0 0.0 0.0 2.0 0.0 0.0
43 42 39 0.0 0.0 0.0 0.0 1.0 0.0 0.0
43 42 40 0.0 0.0 0.0 1.0 2.0 0.0 0.0
