37 37 39 0.0 0.0 0.0 0.0 2.0 0.0 0.0
37 37 40 0.0 0.0 0.0 0.0 4.0 0.0 0.0
37 38 38 0.0 0.0 0.0 0.0 2.0 0.0 0.0
37 38 39 0.0 0.0 0.0 2.0 6.0 0.0 0.0
37 38 40 0.0 0.0 0.0 0.0 24.0 0.0 0.0
37 38 41 0.0 0.0 0.0 4.0 14.0 0.0 0.0
37 38 42 0.0 0.0 0.0 1.0 4.0 1.0 0.0
37 39 37 0.0 0.0 0.0 0.0 3.0 0.0 0.0
37 39 38 0.0 0.0 1.0 4.0 38.0 1.0 0.0
37 39 39 0.0 0.0 0.0 3.0 66.0 0.0 0.0
37 39 40 0.0 0.0 0.0 15.0 57.0 0.0 0.0
37 39 41 0.0 0.0 0.0 12.0 30.0 0.0 0.0
37 39 42 0.0 0.0 0.0 6.0 14.0 0.0 0.0
37 40 37 0.0 0.0 0.0 0.0 3.0 0.0 0.0
37 40 38 0.0 0.0 0.0 1.0 27.0 0.0 0.0
37 40 39 0.0 0.0 0.0 9.0 63.0 1.0 0.0
37 40 40 0.0 0.0 0.0 12.0 93.0 2.0 0.0
37 40 41 0.0 0.0 0.0 9.0 58.0 1.0 0.0
37 40 42 0.0 0.0 0.0 4.0 22.0 0.0 0.0
37 40 43 0.0 0.0 0.0 0.0 7.0 0.0 0.0
37 41 37 0.0 0.0 0.0 1.0 7.0 1.0 0.0
37 41 38 0.0 0.0 0.0 0.0 18.0 0.0 0.0
37 41 39 0.0 0.0 0.0 7.0 55.0 1.0 0.0
37 41 40 0.0 0.0 0.0 13.0 57.0 1.0 0.0
37 41 41 0.0 0.0 0.0 1.0 49.0 2.0 0.0
37 41 42 0.0 0.0 0.0 0.0 36.0 0.0 0.0
37 42 37 0.0 0.0 0.0 1.0 1.0 0.0 0.0
37 42 38 0.0 0.0 0.0 1.0 4.0 0.0 0.0
37 42 39 0.0 0.0 0.0 1.0 17.0 0.0 0.0
37 42 40 0.0 0.0 0.0 1.0 23.0 0.0 0.0
37 42 41 0.0 0.0 0.0 1.0 24.0 1.0 0.0
37 42 42 0.0 0.0 0.0 0.0 8.0 0.0 0.0
37 42 43 0.0 0.0 0.0 2.0 2.0 1.0 0.0
37 43 37 0.0 0.0 0.0 1.0 0.0 0.0 0.0
37 43 39 0.0 0.0 0.0 1.0 1.0 0.0 0.0
37 43 41 0.0 0.0 0.0 0.0 1.0 0.0 0.0
38 37 38 0.0 0.0 0.0 1.0 3.0 0.0 0.0
38 37 39 0.0 0.0 0.0 5.0 6.0 0.0 0.0
38 37 40 0.0 0.0 0.0 1.0 22.0 0.0 0.0
38 37 41 0.0 0.0 0.0 1.0 13.0 0.0 0.0
38 37 42 0.0 0.0 0.0 0.0 8.0 0.0 0.0
38 38 37 0.0 0.0 0.0 0.0 4.0 0.0 0.0
38 38 38 0.0 0.0 0.0 89.0 1303.0 17.0 3.0
38 38 39 0.0 0.0 6.0 243.0 2676.0 53.0 30.0
38 38 40 0.0 0.0 4.0 361.0 3824.0 58.0 43.0
38 38 41 0.0 1.0 1.0 349.0 2597.0 60.0 21.0
38 38 42 0.0 0.0 0.0 67.0 878.0 14.0 3.0
38 38 43 0.0 0.0 0.0 1.0 11.0 1.0 0.0
38 39 37 0.0 0.0 0.0 4.0 20.0 0.0 0.0
38 39 38 0.0 4.0 5.0 582.0 3268.0 54.0 43.0
38 39 39 0.0 0.0 9.0 1177.0 7741.0 126.0 226.0
38 39 40 0.0 6.0 7.0 1512.0 9758.0 192.0 394.0
38 39 41 0.0 0.0 2.0 830.0 7135.0 136.0 197.0
38 39 42 0.0 0.0 6.0 257.0 2353.0 38.0 17.0
38 39 43 0.0 0.0 0.0 1.0 15.0 0.0 0.0
38 40 37 0.0 0.0 0.0 2.0 33.0 1.0 0.0
38 40 38 0.0 1.0 13.0 439.0 5313.0 85.0 81.0
38 40 39 0.0 8.0 8.0 1253.0 10491.0 198.0 382.0
38 40 40 0.0 4.0 12.0 1403.0 13477.0 231.0 711.0
38 40 41 0.0 7.0 8.0 1188.0 9702.0 180.0 366.0
38 40 42 0.0 0.0 2.0 319.0 3801.0 57.0 39.0
38 40 43 0.0 0.0 0.0 1.0 33.0 0.0 0.0
38 41 37 0.0 0.0 0.0 6.0 24.0 2.0 0.0
38 41 38 0.0 1.0 4.0 304.0 3182.0 65.0 29.0
38 41 39 0.0 0.0 4.0 783.0 8291.0 139.0 239.0
38 41 40 0.0 1.0 5.0 1042.0 10193.0 170.0 394.0
38 41 41 0.0 3.0 4.0 718.0 6887.0 117.0 193.0
38 41 42 0.0 0.0 2.0 257.0 2795.0 56.0 27.0
38 41 43 0.0 0.0 0.0 1.0 4.0 0.0 0.0
38 42 37 0.0 0.0 0.0 0.0 5.0 0.0 0.0
38 42 38 0.0 0.0 0.0 100.0 1241.0 16.0 5.0
38 42 39 0.0 6.0 10.0 281.0 2794.0 41.0 28.0
38 42 40 0.0 1.0 3.0 425.0 3877.0 71.0 56.0
38 42 41 0.0 2.0 0.0 297.0 2879.0 66.0 26.0
38 42 42 0.0 0.0 0.0 78.0 927.0 12.0 1.0
38 42 43 0.0 0.0 0.0 1.0 3.0 0.0 0.0
38 43 38 0.0 0.0 0.0 0.0 7.0 0.0 0.0
38 43 39 0.0 0.0 0.0 1.0 12.0 0.0 0.0
38 43 40 0.0 0.0 0.0 5.0 19.0 0.0 0.0
38 43 41 0.0 0.0 0.0 6.0 30.0 0.0 0.0
38 43 42 0.0 0.0 0.0 0.0 15.0 0.0 0.0
39 37 37 0.0 0.0 0.0 0.0 1.0 0.0 0.0
39 37 38 0.0 0.0 0.0 0.0 15.0 0.0 0.0
39 37 39 0.0 0.0 0.0 10.0 46.0 1.0 0.0
39 37 40 0.0 0.0 0.0 11.0 62.0 2.0 0.0
39 37 41 0.0 0.0 0.0 7.0 43.0 2.0 0.0
39 37 42 0.0 0.0 0.0 6.0 10.0 0.0 0.0
39 37 43 0.0 0.0 0.0 0.0 4.0 0.0 0.0
39 38 37 0.0 0.0 0.0 2.0 25.0 0.0 0.0
39 38 38 0.0 0.0 0.0 484.0 2460.0 36.0 18.0
39 38 39 0.0 1.0 2.0 804.0 7494.0 124.0 180.0
39 38 40 0.0 1.0 12.0 1074.0 9282.0 174.0 329.0
39 38 41 0.0 1.0 6.0 847.0 7063.0 127.0 201.0
39 38 42 0.0 0.0 0.0 462.0 2981.0 50.0 27.0
39 38 43 0.0 0.0 0.0 2.0 10.0 0.0 0.0
39 38 44 0.0 0.0 0.0 0.0 1.0 0.0 0.0
39 39 37 0.0 0.0 1.0 5.0 47.0 0.0 0.0
39 39 38 0.0 0.0 6.0 880.0 7368.0 117.0 198.0
39 39 39 0.0 5.0 48.0 3626.0 39330.0 485.0 22598.0
39 39 40 0.0 11.0 40.0 3930.0 40730.0 489.0 27598.0
39 39 41 0.0 10.0 36.0 5087.0 37794.0 470.0 22577.0
39 39 42 0.0 0.0 10.0 823.0 7600.0 120.0 193.0
39 39 43 0.0 0.0 0.0 0.0 36.0 0.0 0.0
39 40 37 0.0 0.0 0.0 6.0 90.0 0.0 0.0
39 40 38 0.0 2.0 4.0 1171.0 10464.0 176.0 420.0
39 40 39 0.0 10.0 34.0 4933.0 37647.0 474.0 35449.0
39 40 40 0.0 28.0 36.0 4635.0 39454.0 457.0 36591.0
39 40 41 0.0 15.0 74.0 4072.0 39852.0 506.0 29784.0
39 40 42 0.0 4.0 9.0 1130.0 10285.0 195.0 400.0
39 40 43 0.0 0.0 0.0 11.0 53.0 1.0 0.0
39 41 37 0.0 0.0 0.0 5.0 67.0 1.0 0.0
39 41 38 0.0 3.0 7.0 853.0 7908.0 113.0 232.0
39 41 39 0.0 13.0 34.0 3949.0 39519.0 469.0 25949.0
39 41 40 0.0 23.0 70.0 4041.0 40338.0 488.0 27435.0
39 41 41 0.0 39.0 36.0 4225.0 38586.0 502.0 22850.0
39 41 42 0.0 1.0 6.0 963.0 7129.0 111.0 184.0
39 41 43 0.0 0.0 0.0 2.0 44.0 0.0 0.0
39 42 37 0.0 0.0 0.0 2.0 13.0 0.0 0.0
39 42 38 0.0 0.0 1.0 379.0 3087.0 59.0 31.0
39 42 39 0.0 6.0 7.0 953.0 7300.0 133.0 187.0
39 42 40 0.0 0.0 1.0 1463.0 9705.0 188.0 323.0
39 42 41 0.0 1.0 9.0 876.0 7421.0 129.0 184.0
39 42 42 0.0 2.0 5.0 402.0 2542.0 45.0 27.0
39 42 43 0.0 0.0 0.0 0.0 12.0 0.0 0.0
39 43 38 0.0 0.0 0.0 1.0 22.0 0.0 0.0
39 43 39 0.0 0.0 1.0 2.0 38.0 0.0 0.0
39 43 40 0.0 0.0 0.0 12.0 68.0 1.0 0.0
39 43 41 0.0 0.0 0.0 8.0 43.0 0.0 0.0
39 43 42 0.0 0.0 0.0 1.0 29.0 1.0 0.0
39 43 43 0.0 0.0 0.0 0.0 4.0 0.0 0.0
40 37 38 0.0 0.0 0.0 5.0 27.0 0.0 0.0
40 37 39 0.0 0.0 0.0 9.0 84.0 1.0 0.0
40 37 40 0.0 0.0 0.0 9.0 93.0 1.0 0.0
40 37 41 0.0 0.0 0.0 17.0 80.0 4.0 0.0
40 37 42 0.0 0.0 0.0 1.0 19.0 0.0 0.0
40 37 43 0.0 0.0 0.0 1.0 4.0 0.0 0.0
40 38 37 0.0 0.0 0.0 3.0 31.0 0.0 0.0
40 38 38 0.0 0.0 1.0 462.0 3683.0 68.0 49.0
40 38 39 0.0 2.0 7.0 1086.0 10339.0 175.0 385.0
40 38 40 0.0 9.0 12.0 1798.0 14308.0 273.0 823.0
40 38 41 0.0 8.0 7.0 1174.0 11111.0 199.0 491.0
40 38 42 0.0 0.0 5.0 492.0 5044.0 87.0 93.0
40 38 43 0.0 0.0 0.0 3.0 28.0 0.0 0.0
40 39 37 0.0 0.0 0.0 2.0 69.0 0.0 0.0
40 39 38 0.0 1.0 12.0 1291.0 10577.0 199.0 436.0
40 39 39 0.0 1.0 59.0 4643.0 39889.0 465.0 26066.0
40 39 40 0.0 23.0 56.0 4819.0 38745.0 443.0 37555.0
40 39 41 0.0 20.0 36.0 5097.0 38198.0 484.0 33000.0
40 39 42 0.0 18.0 11.0 1262.0 11299.0 189.0 481.0
40 39 43 0.0 0.0 0.0 11.0 101.0 0.0 0.0
40 40 37 0.0 0.0 0.0 5.0 79.0 0.0 0.0
40 40 38 0.0 0.0 17.0 1631.0 14325.0 267.0 738.0
40 40 39 0.0 13.0 35.0 4486.0 40401.0 468.0 33027.0
40 40 40 0.0 4.0 25.0 1618.0 13737.0 133.0 96280.0
40 40 41 0.0 51.0 39.0 5181.0 38521.0 400.0 38170.0
40 40 42 0.0 8.0 26.0 1552.0 15146.0 259.0 846.0
40 40 43 0.0 0.0 0.0 15.0 98.0 3.0 0.0
40 41 37 0.0 0.0 0.0 15.0 61.0 2.0 0.0
40 41 38 0.0 2.0 6.0 1139.0 11013.0 187.0 478.0
40 41 39 0.0 17.0 49.0 4817.0 39270.0 482.0 30011.0
40 41 40 0.0 17.0 69.0 4403.0 39556.0 471.0 37825.0
40 41 41 0.0 30.0 39.0 6105.0 37734.0 435.0 30113.0
40 41 42 0.0 9.0 2.0 952.0 9523.0 180.0 291.0
40 41 43 0.0 0.0 0.0 12.0 61.0 1.0 0.0
40 42 37 0.0 0.0 0.0 2.0 12.0 0.0 0.0
40 42 38 0.0 0.0 6.0 456.0 3880.0 68.0 49.0
40 42 39 0.0 9.0 11.0 952.0 10185.0 162.0 377.0
40 42 40 0.0 2.0 15.0 1194.0 13892.0 241.0 716.0
40 42 41 0.0 3.0 12.0 1210.0 9995.0 151.0 381.0
40 42 42 0.0 0.0 0.0 635.0 3799.0 55.0 43.0
40 42 43 0.0 0.0 0.0 2.0 21.0 0.0 0.0
40 43 37 0.0 0.0 0.0 0.0 4.0 0.0 0.0
40 43 38 0.0 0.0 0.0 3.0 14.0 0.0 0.0
40 43 39 0.0 0.0 0.0 2.0 97.0 2.0 1.0
40 43 40 0.0 0.0 0.0 3.0 78.0 1.0 0.0
40 43 41 0.0 0.0 0.0 4.0 60.0 1.0 0.0
40 43 42 0.0 0.0 0.0 4.0 17.0 0.0 0.0
40 43 43 0.0 0.0 0.0 0.0 1.0 0.0 0.0
41 37 38 0.0 0.0 0.0 0.0 17.0 0.0 0.0
41 37 39 0.0 0.0 0.0 1.0 36.0 0.0 0.0
41 37 40 0.0 0.0 0.0 6.0 97.0 0.0 0.0
41 37 41 0.0 0.0 3.0 21.0 53.0 1.0 0.0
41 37 42 0.0 0.0 0.0 1.0 39.0 0.0 0.0
41 37 43 0.0 0.0 0.0 0.0 9.0 0.0 0.0
41 38 37 0.0 0.0 0.0 7.0 11.0 0.0 0.0
41 38 38 0.0 2.0 1.0 358.0 2643.0 42.0 38.0
41 38 39 0.0 1.0 5.0 937.0 7613.0 137.0 196.0
41 38 40 0.0 3.0 17.0 1451.0 11828.0 186.0 508.0
41 38 41 0.0 8.0 10.0 1056.0 10217.0 170.0 427.0
41 38 42 0.0 4.0 1.0 323.0 5065.0 81.0 72.0
41 38 43 0.0 0.0 0.0 1.0 31.0 1.0 0.0
41 39 37 0.0 0.0 0.0 4.0 35.0 0.0 0.0
41 39 38 0.0 1.0 2.0 749.0 6486.0 107.0 148.0
41 39 39 0.0 11.0 25.0 4840.0 38209.0 494.0 25838.0
41 39 40 0.0 24.0 65.0 5043.0 38592.0 470.0 32901.0
41 39 41 0.0 34.0 86.0 3010.0 37136.0 407.0 38375.0
41 39 42 0.0 6.0 14.0 1034.0 9744.0 174.0 339.0
41 39 43 0.0 0.0 3.0 8.0 88.0 4.0 0.0
41 40 37 0.0 0.0 0.0 8.0 79.0 4.0 0.0
41 40 38 0.0 1.0 8.0 1298.0 10247.0 178.0 335.0
41 40 39 0.0 3.0 28.0 3789.0 39273.0 474.0 33065.0
41 40 40 0.0 11.0 34.0 3722.0 39681.0 404.0 39044.0
41 40 41 0.0 13.0 49.0 3933.0 40715.0 471.0 27779.0
41 40 42 0.0 3.0 9.0 1124.0 11769.0 195.0 517.0
41 40 43 0.0 0.0 0.0 2.0 82.0 2.0 0.0
41 41 37 0.0 0.0 0.0 10.0 41.0 0.0 0.0
41 41 38 0.0 0.0 13.0 667.0 7679.0 136.0 212.0
41 41 39 0.0 4.0 70.0 3210.0 39653.0 474.0 22845.0
41 41 40 0.0 17.0 39.0 3799.0 40098.0 506.0 31071.0
41 41 41 0.0 15.0 21.0 4730.0 38603.0 469.0 24308.0
41 41 42 0.0 14.0 1.0 982.0 7248.0 138.0 222.0
41 41 43 0.0 0.0 0.0 5.0 46.0 0.0 0.0
41 42 37 0.0 0.0 0.0 4.0 8.0 0.0 0.0
41 42 38 0.0 0.0 4.0 434.0 2862.0 50.0 30.0
41 42 39 0.0 5.0 11.0 635.0 7364.0 119.0 212.0
41 42 40 0.0 0.0 4.0 1062.0 10240.0 175.0 354.0
41 42 41 0.0 5.0 4.0 857.0 7289.0 125.0 210.0
41 42 42 0.0 1.0 2.0 362.0 3049.0 51.0 38.0
41 42 43 0.0 0.0 0.0 3.0 13.0 3.0 0.0
41 43 38 0.0 0.0 0.0 2.0 20.0 0.0 0.0
41 43 39 0.0 0.0 0.0 4.0 60.0 2.0 0.0
41 43 40 0.0 0.0 0.0 3.0 62.0 1.0 0.0
41 43 41 0.0 0.0 0.0 5.0 58.0 0.0 0.0
41 43 42 0.0 0.0 0.0 2.0 18.0 0.0 0.0
41 43 43 0.0 0.0 0.0 1.0 0.0 0.0 0.0
42 37 37 0.0 0.0 0.0 1.0 0.0 0.0 0.0
42 37 38 0.0 0.0 0.0 1.0 7.0 0.0 0.0
42 37 39 0.0 0.0 0.0 2.0 20.0 0.0 0.0
42 37 40 0.0 0.0 0.0 2.0 31.0 0.0 0.0
42 37 41 0.0 0.0 0.0 5.0 29.0 0.0 0.0
42 37 42 0.0 0.0 0.0 1.0 13.0 0.0 0.0
42 37 43 0.0 0.0 0.0 0.0 1.0 0.0 0.0
42 38 37 0.0 0.0 0.0 0.0 13.0 0.0 0.0
42 38 38 0.0 0.0 1.0 148.0 1788.0 29.0 13.0
42 38 39 0.0 0.0 1.0 367.0 3516.0 69.0 26.0
42 38 40 0.0 3.0 3.0 652.0 5968.0 105.0 135.0
42 38 41 0.0 0.0 5.0 392.0 5029.0 76.0 81.0
42 38 42 0.0 0.0 5.0 191.0 2642.0 49.0 28.0
42 38 43 0.0 0.0 0.0 0.0 20.0 0.0 0.0
42 39 37 0.0 0.0 0.0 3.0 15.0 0.0 0.0
42 39 38 0.0 0.0 0.0 308.0 3902.0 52.0 58.0
42 39 39 0.0 0.0 5.0 1032.0 7798.0 141.0 249.0
42 39 40 0.0 1.0 10.0 1479.0 13110.0 207.0 696.0
42 39 41 0.0 3.0 11.0 959.0 9868.0 185.0 374.0
42 39 42 0.0 0.0 4.0 347.0 5113.0 81.0 89.0
42 39 43 0.0 0.0 0.0 1.0 33.0 1.0 0.0
42 40 37 0.0 0.0 0.0 0.0 15.0 0.0 0.0
42 40 38 0.0 0.0 6.0 385.0 4268.0 77.0 69.0
42 40 39 0.0 0.0 3.0 856.0 11772.0 212.0 510.0
42 40 40 0.0 5.0 5.0 1559.0 15122.0 254.0 859.0
42 40 41 1.0 7.0 10.0 982.0 12119.0 214.0 482.0
42 40 42 0.0 0.0 5.0 459.0 5594.0 100.0 98.0
42 40 43 0.0 0.0 0.0 9.0 30.0 0.0 0.0
42 41 37 0.0 0.0 0.0 3.0 20.0 0.0 0.0
42 41 38 0.0 0.0 1.0 275.0 3005.0 48.0 28.0
42 41 39 0.0 0.0 8.0 538.0 7416.0 121.0 174.0
42 41 40 0.0 2.0 8.0 860.0 11689.0 198.0 524.0
42 41 41 0.0 1.0 4.0 689.0 7948.0 164.0 217.0
42 41 42 0.0 1.0 0.0 239.0 3145.0 43.0 33.0
42 41 43 0.0 0.0 0.0 1.0 23.0 0.0 0.0
42 42 37 0.0 0.0 0.0 0.0 3.0 0.0 0.0
42 42 38 0.0 0.0 1.0 145.0 980.0 21.0 6.0
42 42 39 0.0 0.0 4.0 294.0 3220.0 65.0 31.0
42 42 40 0.0 10.0 1.0 393.0 4576.0 74.0 69.0
42 42 41 0.0 0.0 2.0 553.0 2976.0 47.0 26.0
42 42 42 0.0 0.0 0.0 110.0 1091.0 18.0 3.0
42 42 43 0.0 0.0 0.0 1.0 1.0 0.0 0.0
42 43 38 0.0 0.0 0.0 0.0 8.0 0.0 0.0
42 43 39 0.0 0.0 0.0 2.0 24.0 0.0 0.0
42 43 40 0.0 0.0 0.0 1.0 17.0 0.0 0.0
42 43 41 0.0 0.0 0.0 2.0 22.0 0.0 0.0
42 43 42 0.0 0.0 0.0 0.0 3.0 0.0 0.0
43 37 38 0.0 0.0 0.0 0.0 2.0 0.0 0.0
43 37 39 0.0 0.0 0.0 0.0 4.0 0.0 0.0
43 37 40 0.0 0.0 0.0 0.0 2.0 0.0 0.0
43 37 41 0.0 0.0 0.0 0.0 7.0 0.0 0.0
43 37 42 0.0 0.0 0.0 0.0 2.0 0.0 0.0
43 37 43 0.0 0.0 0.0 0.0 1.0 0.0 0.0
43 38 38 0.0 0.0 0.0 2.0 3.0 0.0 0.0
43 38 39 0.0 0.0 0.0 5.0 38.0 1.0 0.0
43 38 40 0.0 0.0 0.0 3.0 56.0 1.0 0.0
43 38 41 0.0 0.0 0.0 7.0 58.0 4.0 0.0
43 38 42 0.0 0.0 0.0 2.0 12.0 0.0 0.0
43 38 43 0.0 0.0 0.0 0.0 5.0 0.0 0.0
43 39 37 0.0 0.0 0.0 0.0 1.0 0.0 0.0
43 39 38 0.0 0.0 0.0 0.0 15.0 0.0 0.0
43 39 39 0.0 0.0 0.0 8.0 66.0 0.0 0.0
43 39 40 0.0 0.0 0.0 8.0 80.0 0.0 0.0
43 39 41 0.0 0.0 0.0 7.0 87.0 0.0 0.0
43 39 42 0.0 0.0 0.0 0.0 31.0 1.0 0.0
43 39 43 0.0 0.0 0.0 0.0 5.0 0.0 0.0
43 40 37 0.0 0.0 0.0 0.0 1.0 0.0 0.0
43 40 38 0.0 0.0 0.0 3.0 19.0 4.0 0.0
43 40 39 0.0 0.0 0.0 12.0 69.0 0.0 0.0
43 40 40 0.0 0.0 0.0 9.0 131.0 2.0 0.0
43 40 41 0.0 0.0 0.0 14.0 72.0 0.0 0.0
43 40 42 0.0 0.0 0.0 8.0 48.0 0.0 0.0
43 40 43 0.0 0.0 0.0 0.0 8.0 1.0 0.0
43 41 37 0.0 0.0 0.0 0.0 5.0 0.0 0.0
43 41 38 0.0 0.0 0.0 0.0 10.0 0.0 0.0
43 41 39 0.0 0.0 0.0 7.0 70.0 2.0 0.0
43 41 40 0.0 0.0 0.0 6.0 88.0 2.0 0.0
43 41 41 0.0 0.0 0.0 4.0 64.0 1.0 0.0
43 41 42 0.0 0.0 0.0 3.0 18.0 0.0 0.0
43 42 37 0.0 0.0 0.0 0.0 2.0 0.0 0.0
43 42 38 0.0 0.0 0.0 0.0 4.0 0.0 0.0
43 42 39 0.0 0.0 0.0 1.0 10.0 0.0 0.0
43 42 40 0.0 0.0 0.0 1.0 33.0 1.0 0.0
43 42 41 0.0 0.0 0.0 3.0 19.0 1.0 0.0
43 42 42 0.0 0.0 0.0 0.0 12.0 1.0 0.0
43 42 43 0.0 0.0 0.0 0.0 3.0 0.0 0.0
43 43 38 0.0 0.0 0.0 1.0 3.0 0.0 0.0
43 43 39 0.0 0.0 0.0 0.0 1.0 0.0 0.0
43 43 40 0.0 0.0 0.0 0.0 1.0 0.0 0.0
43 43 41 0.0 0.0 0.0 0.0 1.0 0.0 0.0
43 43 42 0.0 0.0 0.0 0.0 1.0 0.0 0.0
