35 36 39 0.0 0.0 0.0 0.0 1.0 0.0 0.0
35 36 40 0.0 0.0 0.0 1.0 0.0 0.0 0.0
35 37 38 0.0 0.0 0.0 0.0 4.0 0.0 0.0
35 37 39 0.0 0.0 0.0 0.0 6.0 0.0 0.0
35 37 40 0.0 0.0 0.0 0.0 11.0 0.0 0.0
35 37 41 0.0 0.0 0.0 1.0 13.0 1.0 0.0
35 37 42 0.0 0.0 0.0 1.0 3.0 0.0 0.0
35 38 37 0.0 0.0 0.0 2.0 0.0 0.0 0.0
35 38 38 0.0 0.0 0.0 2.0 11.0 0.0 0.0
35 38 39 0.0 0.0 0.0 0.0 44.0 1.0 0.0
35 38 40 0.0 0.0 0.0 9.0 50.0 1.0 0.0
35 38 41 0.0 0.0 0.0 3.0 27.0 1.0 0.0
35 38 42 0.0 0.0 0.0 0.0 7.0 0.0 0.0
35 38 43 0.0 0.0 0.0 0.0 3.0 0.0 0.0
35 39 36 0.0 0.0 0.0 0.0 1.0 0.0 0.0
35 39 37 0.0 0.0 0.0 0.0 3.0 0.0 0.0
35 39 38 0.0 0.0 0.0 1.0 40.0 1.0 0.0
35 39 39 0.0 0.0 0.0 10.0 61.0 1.0 0.0
35 39 40 0.0 0.0 0.0 12.0 96.0 3.0 0.0
35 39 41 0.0 0.0 0.0 18.0 50.0 1.0 0.0
35 39 42 0.0 0.0 0.0 6.0 44.0 1.0 0.0
35 39 43 0.0 0.0 0.0 0.0 11.0 0.0 0.0
35 40 36 0.0 0.0 0.0 2.0 6.0 1.0 0.0
35 40 37 0.0 0.0 0.0 5.0 16.0 0.0 0.0
35 40 38 0.0 0.0 0.0 4.0 49.0 0.0 0.0
35 40 39 0.0 0.0 0.0 18.0 83.0 1.0 0.0
35 40 40 0.0 0.0 0.0 8.0 110.0 2.0 0.0
35 40 41 0.0 0.0 0.0 0.0 118.0 3.0 0.0
35 40 42 0.0 0.0 0.0 5.0 20.0 0.0 0.0
35 40 43 0.0 0.0 0.0 4.0 7.0 0.0 0.0
35 41 37 0.0 0.0 0.0 0.0 9.0 0.0 0.0
35 41 38 0.0 0.0 0.0 0.0 30.0 0.0 0.0
35 41 39 0.0 0.0 0.0 6.0 93.0 2.0 0.0
35 41 40 0.0 0.0 0.0 6.0 98.0 2.0 0.0
35 41 41 0.0 0.0 0.0 6.0 60.0 2.0 0.0
35 41 42 0.0 0.0 0.0 4.0 33.0 0.0 0.0
35 41 43 0.0 0.0 0.0 0.0 5.0 0.0 0.0
35 41 44 0.0 0.0 0.0 0.0 1.0 0.0 0.0
35 42 37 0.0 0.0 0.0 0.0 3.0 0.0 0.0
35 42 38 0.0 0.0 0.0 6.0 22.0 0.0 0.0
35 42 39 0.0 0.0 0.0 2.0 31.0 0.0 0.0
35 42 40 0.0 0.0 0.0 0.0 64.0 2.0 0.0
35 42 41 0.0 0.0 0.0 1.0 45.0 2.0 0.0
35 42 42 0.0 0.0 0.0 2.0 14.0 0.0 0.0
35 42 43 0.0 0.0 0.0 0.0 1.0 0.0 0.0
35 43 38 0.0 0.0 0.0 4.0 0.0 0.0 0.0
35 43 39 0.0 0.0 0.0 0.0 1.0 0.0 0.0
35 43 40 0.0 0.0 0.0 0.0 5.0 0.0 0.0
35 43 41 0.0 0.0 0.0 0.0 4.0 0.0 0.0
35 43 42 0.0 0.0 0.0 0.0 1.0 0.0 0.0
36 35 41 0.0 0.0 0.0 0.0 4.0 0.0 0.0
36 36 36 0.0 0.0 0.0 0.0 6.0 0.0 0.0
36 36 37 0.0 0.0 0.0 3.0 40.0 0.0 0.0
36 36 38 0.0 0.0 0.0 2.0 67.0 0.0 0.0
36 36 39 0.0 0.0 0.0 11.0 176.0 4.0 0.0
36 36 40 0.0 0.0 0.0 12.0 230.0 1.0 0.0
36 36 41 0.0 0.0 0.0 26.0 163.0 1.0 0.0
36 36 42 0.0 0.0 0.0 6.0 86.0 0.0 0.0
36 36 43 0.0 0.0 0.0 2.0 18.0 0.0 0.0
36 37 36 0.0 0.0 0.0 1.0 21.0 1.0 0.0
36 37 37 0.0 0.0 0.0 15.0 311.0 12.0 1.0
36 37 38 0.0 0.0 0.0 62.0 794.0 15.0 6.0
36 37 39 0.0 0.0 0.0 128.0 1801.0 26.0 4.0
36 37 40 0.0 0.0 0.0 177.0 2160.0 36.0 4.0
36 37 41 0.0 0.0 0.0 141.0 1565.0 25.0 5.0
36 37 42 0.0 0.0 0.0 125.0 968.0 18.0 6.0
36 37 43 0.0 0.0 0.0 18.0 177.0 3.0 0.0
36 37 44 0.0 0.0 0.0 0.0 22.0 0.0 0.0
36 38 36 0.0 0.0 0.0 5.0 58.0 1.0 0.0
36 38 37 0.0 0.0 2.0 85.0 1093.0 25.0 3.0
36 38 38 0.0 0.0 0.0 319.0 3394.0 60.0 34.0
36 38 39 0.0 0.0 0.0 476.0 5688.0 94.0 90.0
36 38 40 0.0 0.0 2.0 669.0 7440.0 102.0 168.0
36 38 41 0.0 0.0 0.0 461.0 5637.0 105.0 92.0
36 38 42 0.0 0.0 0.0 249.0 2865.0 45.0 23.0
36 38 43 0.0 0.0 0.0 118.0 812.0 14.0 0.0
36 38 44 0.0 0.0 0.0 7.0 63.0 2.0 0.0
36 39 35 0.0 0.0 0.0 0.0 1.0 0.0 0.0
36 39 36 0.0 0.0 0.0 11.0 214.0 4.0 0.0
36 39 37 0.0 0.0 0.0 146.0 2121.0 44.0 14.0
36 39 38 0.0 0.0 0.0 718.0 6145.0 106.0 109.0
36 39 39 0.0 0.0 5.0 992.0 10910.0 175.0 410.0
36 39 40 0.0 0.0 1.0 1316.0 12131.0 198.0 504.0
36 39 41 0.0 0.0 0.0 1085.0 10366.0 189.0 364.0
36 39 42 0.0 0.0 0.0 587.0 5478.0 102.0 93.0
36 39 43 0.0 0.0 2.0 160.0 1662.0 20.0 12.0
36 39 44 0.0 0.0 0.0 7.0 144.0 2.0 0.0
36 39 45 0.0 0.0 0.0 0.0 1.0 0.0 0.0
36 40 35 0.0 0.0 0.0 0.0 4.0 1.0 0.0
36 40 36 0.0 0.0 0.0 24.0 305.0 6.0 0.0
36 40 37 0.0 0.0 2.0 246.0 2457.0 49.0 18.0
36 40 38 0.0 0.0 0.0 622.0 7350.0 121.0 155.0
36 40 39 0.0 0.0 0.0 1149.0 12560.0 211.0 569.0
36 40 40 0.0 0.0 4.0 1236.0 14415.0 226.0 682.0
36 40 41 0.0 0.0 0.0 1101.0 11783.0 224.0 475.0
36 40 42 0.0 0.0 0.0 727.0 6676.0 126.0 133.0
36 40 43 0.0 0.0 0.0 309.0 1903.0 38.0 7.0
36 40 44 0.0 0.0 0.0 40.0 247.0 4.0 0.0
36 40 45 0.0 0.0 0.0 1.0 4.0 0.0 0.0
36 41 36 0.0 0.0 0.0 16.0 219.0 4.0 0.0
36 41 37 0.0 0.0 1.0 148.0 1981.0 47.0 7.0
36 41 38 0.0 0.0 0.0 421.0 6372.0 112.0 93.0
36 41 39 0.0 0.0 0.0 878.0 10343.0 177.0 339.0
36 41 40 0.0 1.0 0.0 1049.0 12528.0 229.0 513.0
36 41 41 0.0 0.0 2.0 1026.0 9812.0 177.0 323.0
36 41 42 0.0 1.0 0.0 535.0 5442.0 99.0 87.0
36 41 43 0.0 0.0 0.0 126.0 1664.0 24.0 6.0
36 41 44 0.0 0.0 0.0 6.0 132.0 1.0 0.0
36 42 36 0.0 0.0 0.0 11.0 129.0 3.0 0.0
36 42 37 0.0 0.0 0.0 112.0 1083.0 19.0 1.0
36 42 38 0.0 0.0 0.0 316.0 3216.0 53.0 29.0
36 42 39 0.0 0.0 0.0 541.0 5481.0 111.0 82.0
36 42 40 0.0 1.0 0.0 612.0 6508.0 110.0 119.0
36 42 41 0.0 0.0 0.0 486.0 5266.0 93.0 78.0
36 42 42 0.0 0.0 0.0 164.0 2778.0 36.0 20.0
36 42 43 0.0 0.0 0.0 84.0 993.0 21.0 2.0
36 42 44 0.0 0.0 0.0 4.0 67.0 1.0 0.0
36 43 36 0.0 0.0 0.0 1.0 14.0 1.0 0.0
36 43 37 0.0 0.0 0.0 44.0 247.0 5.0 0.0
36 43 38 0.0 0.0 0.0 76.0 889.0 15.0 1.0
36 43 39 0.0 0.0 0.0 190.0 1626.0 20.0 4.0
36 43 40 0.0 0.0 0.0 146.0 2005.0 32.0 7.0
36 43 41 0.0 0.0 0.0 155.0 1851.0 37.0 13.0
36 43 42 0.0 0.0 0.0 56.0 817.0 16.0 3.0
36 43 43 0.0 0.0 0.0 10.0 195.0 6.0 0.0
36 43 44 0.0 0.0 0.0 0.0 10.0 0.0 0.0
36 44 36 0.0 0.0 0.0 2.0 5.0 1.0 0.0
36 44 37 0.0 0.0 0.0 2.0 20.0 1.0 0.0
36 44 38 0.0 0.0 0.0 6.0 83.0 0.0 0.0
36 44 39 0.0 0.0 0.0 11.0 176.0 7.0 0.0
36 44 40 0.0 0.0 0.0 17.0 213.0 4.0 1.0
36 44 41 0.0 0.0 0.0 12.0 148.0 5.0 0.0
36 44 42 0.0 0.0 0.0 8.0 84.0 1.0 0.0
36 44 43 0.0 0.0 0.0 1.0 14.0 1.0 0.0
36 45 41 0.0 0.0 0.0 0.0 1.0 0.0 0.0
37 35 38 0.0 0.0 0.0 0.0 3.0 0.0 0.0
37 35 39 0.0 0.0 0.0 0.0 7.0 0.0 0.0
37 35 40 0.0 0.0 0.0 0.0 16.0 0.0 0.0
37 35 41 0.0 0.0 0.0 0.0 3.0 0.0 0.0
37 35 42 0.0 0.0 0.0 0.0 1.0 0.0 0.0
37 36 36 0.0 0.0 0.0 0.0 15.0 0.0 0.0
37 36 37 0.0 0.0 0.0 16.0 187.0 6.0 0.0
37 36 38 0.0 0.0 0.0 80.0 722.0 13.0 3.0
37 36 39 0.0 0.0 0.0 152.0 1586.0 30.0 7.0
37 36 40 0.0 0.0 0.0 138.0 2286.0 35.0 9.0
37 36 41 0.0 0.0 0.0 153.0 1744.0 34.0 10.0
37 36 42 0.0 0.0 0.0 38.0 928.0 18.0 4.0
37 36 43 0.0 0.0 0.0 45.0 191.0 3.0 0.0
37 36 44 0.0 0.0 0.0 2.0 15.0 0.0 0.0
37 37 35 0.0 0.0 0.0 0.0 1.0 0.0 0.0
37 37 36 0.0 0.0 0.0 22.0 243.0 7.0 0.0
37 37 37 0.0 0.0 0.0 342.0 4974.0 83.0 75.0
37 37 38 0.0 0.0 0.0 1112.0 13532.0 199.0 765.0
37 37 39 0.0 0.0 0.0 1516.0 20541.0 350.0 1884.0
37 37 40 0.0 1.0 3.0 1877.0 24488.0 339.0 3015.0
37 37 41 0.0 1.0 1.0 1722.0 21922.0 369.0 2284.0
37 37 42 0.0 0.0 1.0 1138.0 13440.0 207.0 732.0
37 37 43 0.0 0.0 0.0 302.0 3854.0 61.0 57.0
37 37 44 0.0 0.0 0.0 19.0 268.0 8.0 0.0
37 38 35 0.0 0.0 0.0 0.0 3.0 0.0 0.0
37 38 36 0.0 0.0 0.0 76.0 816.0 11.0 2.0
37 38 37 0.0 0.0 2.0 1306.0 13599.0 213.0 776.0
37 38 38 0.0 0.0 4.0 3704.0 31742.0 462.0 6946.0
37 38 39 0.0 0.0 0.0 3758.0 39658.0 498.0 15403.0
37 38 40 0.0 3.0 0.0 4245.0 40815.0 504.0 19345.0
37 38 41 0.0 0.0 4.0 4121.0 38874.0 500.0 14533.0
37 38 42 0.0 0.0 3.0 3316.0 29389.0 497.0 5452.0
37 38 43 0.0 0.0 0.0 875.0 12622.0 169.0 626.0
37 38 44 0.0 0.0 0.0 54.0 850.0 8.0 2.0
37 38 45 0.0 0.0 0.0 0.0 3.0 0.0 0.0
37 39 35 0.0 0.0 0.0 0.0 8.0 0.0 0.0
37 39 36 0.0 0.0 0.0 180.0 2197.0 34.0 17.0
37 39 37 0.0 0.0 0.0 2185.0 23940.0 347.0 2915.0
37 39 38 0.0 0.0 12.0 3335.0 41436.0 491.0 17071.0
37 39 39 0.0 0.0 10.0 4166.0 42009.0 464.0 31046.0
37 39 40 0.0 2.0 3.0 4231.0 41353.0 474.0 35726.0
37 39 41 0.0 2.0 2.0 4473.0 41995.0 459.0 29847.0
37 39 42 0.0 0.0 2.0 4349.0 39180.0 505.0 14889.0
37 39 43 0.0 0.0 0.0 1981.0 20575.0 302.0 2047.0
37 39 44 0.0 0.0 0.0 138.0 1871.0 38.0 5.0
37 39 45 0.0 0.0 0.0 0.0 2.0 0.0 0.0
37 40 35 0.0 0.0 0.0 1.0 20.0 1.0 0.0
37 40 36 0.0 0.0 0.0 245.0 2510.0 39.0 13.0
37 40 37 0.0 11.0 0.0 2552.0 26006.0 397.0 3635.0
37 40 38 0.0 8.0 4.0 3864.0 41683.0 523.0 21041.0
37 40 39 0.0 0.0 2.0 3857.0 41862.0 435.0 36137.0
37 40 40 0.0 0.0 2.0 3646.0 40411.0 399.0 41816.0
37 40 41 0.0 1.0 2.0 4121.0 42204.0 460.0 34705.0
37 40 42 0.0 0.0 2.0 4094.0 40243.0 497.0 18109.0
37 40 43 0.0 0.0 0.0 1767.0 25073.0 387.0 3081.0
37 40 44 0.0 0.0 0.0 186.0 2205.0 32.0 10.0
37 40 45 0.0 0.0 0.0 0.0 6.0 0.0 0.0
37 41 35 0.0 0.0 0.0 0.0 5.0 0.0 0.0
37 41 36 0.0 0.0 0.0 135.0 1993.0 29.0 13.0
37 41 37 0.0 1.0 0.0 1782.0 25416.0 396.0 3380.0
37 41 38 0.0 2.0 1.0 3102.0 40469.0 531.0 15924.0
37 41 39 0.0 1.0 2.0 3683.0 42641.0 478.0 31334.0
37 41 40 0.0 5.0 12.0 4077.0 41491.0 479.0 35174.0
37 41 41 0.0 1.0 4.0 3746.0 42762.0 492.0 28372.0
37 41 42 0.0 0.0 2.0 3453.0 40008.0 495.0 15522.0
37 41 43 0.0 0.0 4.0 1850.0 20993.0 313.0 2096.0
37 41 44 0.0 0.0 0.0 186.0 1823.0 39.0 9.0
37 41 45 0.0 0.0 0.0 0.0 10.0 0.0 0.0
37 42 35 0.0 0.0 0.0 0.0 4.0 0.0 0.0
37 42 36 0.0 0.0 0.0 74.0 971.0 17.0 3.0
37 42 37 0.0 0.0 0.0 1333.0 14026.0 255.0 799.0
37 42 38 0.0 7.0 2.0 2867.0 31657.0 483.0 6439.0
37 42 39 0.0 0.0 2.0 3678.0 40192.0 504.0 15599.0
37 42 40 0.0 1.0 4.0 3780.0 41447.0 542.0 18453.0
37 42 41 0.0 0.0 6.0 2884.0 40200.0 511.0 14793.0
37 42 42 0.0 0.0 0.0 2289.0 30822.0 446.0 5497.0
37 42 43 0.0 0.0 0.0 1490.0 13102.0 222.0 781.0
37 42 44 0.0 0.0 0.0 45.0 792.0 12.0 2.0
37 42 45 0.0 0.0 0.0 0.0 1.0 0.0 0.0
37 43 35 0.0 0.0 0.0 0.0 1.0 0.0 0.0
37 43 36 0.0 0.0 0.0 27.0 358.0 10.0 0.0
37 43 37 0.0 0.0 0.0 473.0 4684.0 92.0 79.0
37 43 38 0.0 0.0 3.0 909.0 12158.0 214.0 558.0
37 43 39 0.0 0.0 1.0 2164.0 22362.0 380.0 2568.0
37 43 40 0.0 0.0 1.0 2119.0 24285.0 363.0 3004.0
37 43 41 0.0 0.0 0.0 1962.0 20726.0 336.0 2038.0
37 43 42 0.0 3.0 0.0 1047.0 13606.0 217.0 746.0
37 43 43 0.0 0.0 0.0 279.0 4229.0 74.0 52.0
37 43 44 0.0 0.0 0.0 22.0 236.0 7.0 0.0
37 44 36 0.0 0.0 0.0 3.0 10.0 0.0 0.0
37 44 37 0.0 0.0 0.0 16.0 229.0 4.0 0.0
37 44 38 0.0 0.0 0.0 56.0 865.0 14.0 1.0
37 44 39 0.0 0.0 0.0 89.0 1694.0 25.0 7.0
37 44 40 0.0 0.0 0.0 187.0 2127.0 31.0 10.0
37 44 41 0.0 0.0 0.0 143.0 1676.0 24.0 7.0
37 44 42 0.0 0.0 0.0 87.0 1024.0 15.0 0.0
37 44 43 0.0 0.0 0.0 22.0 245.0 5.0 1.0
37 44 44 0.0 0.0 0.0 0.0 7.0 0.0 0.0
37 45 38 0.0 0.0 0.0 0.0 5.0 0.0 0.0
37 45 39 0.0 0.0 0.0 0.0 5.0 0.0 0.0
37 45 40 0.0 0.0 0.0 2.0 10.0 0.0 0.0
37 45 41 0.0 0.0 0.0 3.0 10.0 0.0 0.0
37 45 42 0.0 0.0 0.0 0.0 3.0 0.0 0.0
38 35 37 0.0 0.0 0.0 1.0 0.0 0.0 0.0
38 35 38 0.0 0.0 0.0 0.0 6.0 0.0 0.0
38 35 39 0.0 0.0 0.0 1.0 24.0 1.0 0.0
38 35 40 0.0 0.0 0.0 2.0 34.0 0.0 0.0
38 35 41 0.0 0.0 0.0 1.0 35.0 1.0 0.0
38 35 42 0.0 0.0 0.0 1.0 18.0 1.0 0.0
38 35 43 0.0 0.0 0.0 0.0 5.0 0.0 0.0
38 36 36 0.0 0.0 0.0 12.0 68.0 0.0 0.0
38 36 37 0.0 0.0 0.0 40.0 1008.0 15.0 3.0
38 36 38 0.0 0.0 0.0 211.0 2841.0 42.0 25.0
38 36 39 0.0 0.0 0.0 529.0 5126.0 84.0 86.0
38 36 40 0.0 0.0 0.0 453.0 6998.0 108.0 162.0
38 36 41 0.0 0.0 1.0 523.0 5829.0 121.0 116.0
38 36 42 0.0 0.0 0.0 291.0 3105.0 52.0 27.0
38 36 43 0.0 0.0 0.0 86.0 896.0 18.0 1.0
38 36 44 0.0 0.0 0.0 11.0 145.0 1.0 0.0
38 36 45 0.0 0.0 0.0 0.0 1.0 0.0 0.0
38 37 35 0.0 0.0 0.0 0.0 2.0 0.0 0.0
38 37 36 0.0 0.0 0.0 67.0 766.0 13.0 2.0
38 37 37 0.0 0.0 0.0 1255.0 13562.0 220.0 724.0
38 37 38 0.0 0.0 1.0 2625.0 31881.0 466.0 6282.0
38 37 39 0.0 0.0 2.0 3729.0 39028.0 518.0 14317.0
38 37 40 0.0 0.0 0.0 3767.0 41386.0 542.0 18550.0
38 37 41 0.0 0.0 1.0 2946.0 40857.0 548.0 15209.0
38 37 42 0.0 0.0 0.0 2563.0 32325.0 475.0 6768.0
38 37 43 0.0 0.0 0.0 1397.0 14197.0 244.0 911.0
38 37 44 0.0 0.0 0.0 67.0 821.0 16.0 2.0
38 37 45 0.0 0.0 0.0 0.0 6.0 0.0 0.0
38 38 35 0.0 0.0 0.0 2.0 9.0 0.0 0.0
38 38 36 0.0 0.0 0.0 343.0 3214.0 52.0 20.0
38 38 37 0.0 0.0 0.0 3450.0 31504.0 442.0 6802.0
38 38 38 0.0 0.0 0.0 2753.0 36451.0 323.0 51259.0
38 38 39 0.0 0.0 7.0 2505.0 29219.0 246.0 70021.0
38 38 40 0.0 1.0 4.0 2397.0 25752.0 215.0 78002.0
38 38 41 0.0 3.0 5.0 2987.0 28909.0 279.0 70394.0
38 38 42 0.0 0.0 0.0 3059.0 37708.0 359.0 46541.0
38 38 43 0.0 0.0 3.0 2835.0 31783.0 466.0 6375.0
38 38 44 0.0 1.0 0.0 310.0 3122.0 65.0 16.0
38 38 45 0.0 0.0 0.0 1.0 30.0 1.0 0.0
38 39 35 0.0 0.0 0.0 2.0 53.0 1.0 0.0
38 39 36 0.0 1.0 0.0 598.0 6430.0 106.0 106.0
38 39 37 0.0 9.0 0.0 4552.0 39502.0 502.0 16080.0
38 39 38 0.0 1.0 4.0 2976.0 26593.0 249.0 74386.0
38 39 39 0.0 1.0 0.0 2065.0 19679.0 163.0 92249.0
38 39 40 0.0 1.0 1.0 1950.0 17760.0 141.0 96920.0
38 39 41 0.0 2.0 2.0 1996.0 20691.0 157.0 91038.0
38 39 42 0.0 1.0 5.0 2890.0 29704.0 256.0 68632.0
38 39 43 0.0 0.0 1.0 3379.0 40034.0 546.0 14696.0
38 39 44 0.0 0.0 0.0 457.0 5758.0 106.0 95.0
38 39 45 0.0 0.0 0.0 1.0 47.0 1.0 0.0
38 40 35 0.0 0.0 0.0 1.0 53.0 2.0 0.0
38 40 36 0.0 0.0 0.0 764.0 7872.0 149.0 208.0
38 40 37 0.0 1.0 1.0 3826.0 42133.0 504.0 21373.0
38 40 38 0.0 0.0 6.0 2113.0 24269.0 193.0 81081.0
38 40 39 0.0 0.0 6.0 1608.0 17565.0 142.0 97817.0
38 40 40 0.0 2.0 1.0 1495.0 15764.0 132.0 102011.0
38 40 41 0.0 1.0 2.0 1714.0 17966.0 144.0 96525.0
38 40 42 0.0 1.0 2.0 2254.0 26090.0 207.0 76155.0
38 40 43 0.0 0.0 1.0 3239.0 42153.0 495.0 20174.0
38 40 44 0.0 11.0 2.0 679.0 7205.0 129.0 142.0
38 40 45 0.0 0.0 0.0 3.0 29.0 0.0 0.0
38 41 35 0.0 0.0 0.0 3.0 43.0 0.0 0.0
38 41 36 0.0 0.0 0.0 513.0 6651.0 111.0 116.0
38 41 37 0.0 0.0 3.0 3765.0 40767.0 512.0 17094.0
38 41 38 0.0 5.0 2.0 2216.0 27994.0 261.0 72915.0
38 41 39 0.0 0.0 1.0 1720.0 20294.0 152.0 92122.0
38 41 40 0.0 0.0 1.0 1718.0 18288.0 139.0 95874.0
38 41 41 0.0 1.0 0.0 1882.0 21013.0 161.0 90507.0
38 41 42 0.0 0.0 5.0 2326.0 28835.0 235.0 70648.0
38 41 43 0.0 1.0 0.0 3956.0 38622.0 477.0 13916.0
38 41 44 0.0 0.0 0.0 650.0 5487.0 87.0 89.0
38 41 45 0.0 0.0 0.0 7.0 34.0 1.0 0.0
38 42 35 0.0 0.0 0.0 0.0 17.0 1.0 0.0
38 42 36 0.0 0.0 0.0 280.0 3516.0 69.0 28.0
38 42 37 0.0 0.0 1.0 2577.0 32454.0 465.0 6536.0
38 42 38 0.0 1.0 0.0 2949.0 35835.0 330.0 51413.0
38 42 39 0.0 4.0 5.0 2448.0 28782.0 268.0 71038.0
38 42 40 0.0 1.0 8.0 2418.0 25863.0 217.0 77263.0
38 42 41 0.0 2.0 0.0 2604.0 28321.0 269.0 71128.0
38 42 42 0.0 2.0 1.0 3118.0 37595.0 353.0 47483.0
38 42 43 0.0 3.0 0.0 2804.0 31305.0 393.0 6118.0
38 42 44 0.0 1.0 3.0 266.0 3156.0 54.0 39.0
38 42 45 0.0 0.0 0.0 2.0 14.0 0.0 0.0
38 43 35 0.0 0.0 0.0 0.0 1.0 0.0 0.0
38 43 36 0.0 0.0 0.0 97.0 941.0 17.0 1.0
38 43 37 0.0 0.0 0.0 1353.0 13887.0 239.0 810.0
38 43 38 0.0 1.0 0.0 2462.0 32565.0 488.0 6604.0
38 43 39 0.0 3.0 1.0 3691.0 39477.0 511.0 14546.0
38 43 40 0.0 3.0 3.0 3754.0 40960.0 501.0 18522.0
38 43 41 0.0 2.0 2.0 3438.0 39976.0 541.0 15369.0
38 43 42 0.0 1.0 5.0 2618.0 32066.0 521.0 6397.0
38 43 43 0.0 0.0 0.0 1223.0 12306.0 197.0 589.0
38 43 44 0.0 0.0 0.0 81.0 949.0 14.0 1.0
38 43 45 0.0 0.0 0.0 1.0 0.0 0.0 0.0
38 44 36 0.0 0.0 0.0 8.0 82.0 1.0 0.0
38 44 37 0.0 0.0 0.0 60.0 795.0 15.0 0.0
38 44 38 0.0 0.0 1.0 387.0 3336.0 61.0 35.0
38 44 39 0.0 0.0 0.0 411.0 5682.0 107.0 89.0
38 44 40 0.0 0.0 0.0 603.0 7005.0 120.0 141.0
38 44 41 0.0 0.0 0.0 464.0 5682.0 107.0 79.0
38 44 42 0.0 0.0 0.0 243.0 2938.0 44.0 20.0
38 44 43 0.0 0.0 0.0 127.0 965.0 23.0 4.0
38 44 44 0.0 0.0 0.0 12.0 82.0 1.0 0.0
38 45 37 0.0 0.0 0.0 0.0 2.0 0.0 0.0
38 45 38 0.0 0.0 0.0 0.0 15.0 1.0 0.0
38 45 39 0.0 0.0 0.0 1.0 51.0 1.0 0.0
38 45 40 0.0 0.0 0.0 0.0 47.0 2.0 0.0
38 45 41 0.0 0.0 0.0 0.0 27.0 1.0 0.0
38 45 42 0.0 0.0 0.0 3.0 14.0 0.0 0.0
39 35 37 0.0 0.0 0.0 0.0 4.0 0.0 0.0
39 35 38 0.0 0.0 0.0 7.0 28.0 0.0 0.0
39 35 39 0.0 0.0 0.0 1.0 88.0 2.0 0.0
39 35 40 0.0 0.0 0.0 8.0 99.0 4.0 0.0
39 35 41 0.0 0.0 0.0 11.0 74.0 0.0 0.0
39 35 42 0.0 0.0 0.0 5.0 55.0 5.0 0.0
39 35 43 0.0 0.0 0.0 2.0 9.0 0.0 0.0
39 35 44 0.0 0.0 0.0 0.0 4.0 0.0 0.0
39 36 36 0.0 0.0 0.0 22.0 163.0 6.0 0.0
39 36 37 0.0 0.0 0.0 142.0 1527.0 21.0 7.0
39 36 38 0.0 0.0 0.0 492.0 5725.0 88.0 89.0
39 36 39 0.0 0.0 0.0 919.0 10962.0 192.0 386.0
39 36 40 0.0 1.0 1.0 1276.0 12232.0 209.0 522.0
39 36 41 0.0 0.0 0.0 1178.0 10653.0 195.0 393.0
39 36 42 0.0 0.0 0.0 661.0 5690.0 103.0 90.0
39 36 43 0.0 1.0 0.0 227.0 2149.0 39.0 11.0
39 36 44 0.0 0.0 0.0 34.0 225.0 0.0 1.0
39 36 45 0.0 0.0 0.0 0.0 1.0 0.0 0.0
39 37 35 0.0 0.0 0.0 1.0 2.0 0.0 0.0
39 37 36 0.0 0.0 0.0 234.0 1703.0 20.0 8.0
39 37 37 0.0 0.0 0.0 2100.0 22337.0 330.0 2457.0
39 37 38 0.0 0.0 4.0 3513.0 40009.0 535.0 14758.0
39 37 39 0.0 1.0 0.0 4026.0 42488.0 461.0 31122.0
39 37 40 0.0 2.0 9.0 4002.0 41267.0 435.0 36575.0
39 37 41 0.0 2.0 0.0 4100.0 42499.0 479.0 30206.0
39 37 42 0.0 3.0 1.0 4398.0 39576.0 553.0 15753.0
39 37 43 0.0 0.0 1.0 1973.0 24957.0 364.0 3200.0
39 37 44 0.0 3.0 0.0 191.0 2047.0 45.0 10.0
39 37 45 0.0 0.0 0.0 0.0 13.0 1.0 0.0
39 38 35 0.0 0.0 0.0 1.0 32.0 0.0 0.0
39 38 36 0.0 0.0 0.0 517.0 5473.0 86.0 84.0
39 38 37 0.0 1.0 4.0 3561.0 40350.0 501.0 16238.0
39 38 38 0.0 0.0 2.0 3362.0 28200.0 263.0 70181.0
39 38 39 0.0 2.0 0.0 1952.0 20409.0 173.0 91799.0
39 38 40 0.0 0.0 1.0 1757.0 18627.0 129.0 95430.0
39 38 41 0.0 1.0 0.0 2056.0 20968.0 179.0 90645.0
39 38 42 0.0 0.0 1.0 2942.0 28154.0 266.0 72017.0
39 38 43 0.0 1.0 0.0 3663.0 39869.0 499.0 15290.0
39 38 44 0.0 0.0 0.0 514.0 6833.0 129.0 127.0
39 38 45 0.0 0.0 0.0 1.0 32.0 0.0 0.0
39 39 35 0.0 0.0 0.0 4.0 67.0 2.0 0.0
39 39 36 0.0 0.0 2.0 1189.0 10808.0 178.0 394.0
39 39 37 0.0 0.0 4.0 4427.0 41854.0 456.0 30948.0
39 39 38 0.0 0.0 1.0 1955.0 20242.0 122.0 92093.0
39 39 39 0.0 0.0 1.0 937.0 9364.0 62.0 124201.0
39 39 40 0.0 0.0 2.0 750.0 8134.0 43.0 127324.0
39 39 41 0.0 1.0 0.0 900.0 9180.0 63.0 123603.0
39 39 42 0.0 4.0 4.0 1897.0 20494.0 159.0 91795.0
39 39 43 0.0 1.0 0.0 3498.0 43177.0 502.0 29951.0
39 39 44 0.0 0.0 0.0 1040.0 11141.0 189.0 385.0
39 39 45 0.0 0.0 0.0 9.0 94.0 0.0 0.0
39 40 35 0.0 0.0 0.0 7.0 95.0 3.0 0.0
39 40 36 0.0 3.0 0.0 1407.0 12893.0 199.0 563.0
39 40 37 0.0 0.0 5.0 3625.0 41394.0 438.0 38293.0
39 40 38 0.0 0.0 3.0 1660.0 17649.0 137.0 97414.0
39 40 39 0.0 0.0 2.0 754.0 7600.0 41.0 129454.0
39 40 40 0.0 0.0 1.0 608.0 6326.0 36.0 131735.0
39 40 41 0.0 4.0 2.0 794.0 7976.0 47.0 128189.0
39 40 42 0.0 0.0 0.0 1823.0 17880.0 139.0 96999.0
39 40 43 0.0 7.0 2.0 3628.0 42043.0 494.0 36748.0
39 40 44 0.0 0.0 1.0 946.0 13003.0 222.0 573.0
39 40 45 0.0 0.0 0.0 9.0 87.0 1.0 0.0
39 41 35 0.0 0.0 0.0 10.0 73.0 2.0 0.0
39 41 36 0.0 1.0 0.0 899.0 11058.0 199.0 402.0
39 41 37 0.0 1.0 1.0 3459.0 42645.0 470.0 31527.0
39 41 38 0.0 0.0 0.0 1763.0 20209.0 164.0 92615.0
39 41 39 0.0 0.0 1.0 824.0 9042.0 49.0 125583.0
39 41 40 0.0 1.0 2.0 734.0 8167.0 47.0 126963.0
39 41 41 0.0 1.0 2.0 888.0 9340.0 56.0 124032.0
39 41 42 0.0 0.0 1.0 2149.0 20521.0 154.0 90924.0
39 41 43 0.0 15.0 0.0 4014.0 42025.0 478.0 29160.0
39 41 44 0.0 0.0 0.0 999.0 10038.0 154.0 303.0
39 41 45 0.0 0.0 0.0 8.0 77.0 2.0 0.0
39 42 35 0.0 0.0 0.0 4.0 52.0 2.0 0.0
39 42 36 0.0 0.0 0.0 557.0 6017.0 107.0 101.0
39 42 37 0.0 0.0 2.0 3218.0 40406.0 518.0 15600.0
39 42 38 0.0 0.0 7.0 2532.0 28098.0 225.0 71707.0
39 42 39 0.0 3.0 3.0 1923.0 20523.0 163.0 91802.0
39 42 40 0.0 2.0 6.0 1757.0 18248.0 128.0 96954.0
39 42 41 0.0 2.0 7.0 2122.0 20436.0 194.0 91454.0
39 42 42 0.0 3.0 6.0 3022.0 28326.0 241.0 70218.0
39 42 43 0.0 1.0 0.0 3735.0 39411.0 515.0 15533.0
39 42 44 0.0 0.0 0.0 807.0 5414.0 99.0 77.0
39 42 45 0.0 0.0 0.0 1.0 31.0 0.0 0.0
39 43 35 0.0 0.0 0.0 1.0 13.0 0.0 0.0
39 43 36 0.0 0.0 0.0 167.0 1722.0 31.0 5.0
39 43 37 0.0 0.0 1.0 2553.0 20625.0 327.0 2108.0
39 43 38 0.0 3.0 4.0 3454.0 40301.0 533.0 15142.0
39 43 39 0.0 4.0 5.0 3517.0 42571.0 499.0 30615.0
39 43 40 0.0 0.0 6.0 3636.0 41798.0 437.0 35616.0
39 43 41 0.0 1.0 0.0 3747.0 42686.0 503.0 29601.0
39 43 42 0.0 1.0 0.0 3804.0 40437.0 513.0 15925.0
39 43 43 0.0 0.0 0.0 2160.0 22059.0 355.0 2570.0
39 43 44 0.0 0.0 0.0 161.0 1562.0 27.0 7.0
39 43 45 0.0 0.0 0.0 0.0 4.0 0.0 0.0
39 44 36 0.0 0.0 0.0 1.0 160.0 1.0 0.0
39 44 37 0.0 0.0 0.0 170.0 1938.0 28.0 3.0
39 44 38 0.0 3.0 0.0 485.0 5969.0 113.0 99.0
39 44 39 0.0 0.0 1.0 908.0 10472.0 176.0 317.0
39 44 40 0.0 0.0 1.0 1090.0 12498.0 214.0 530.0
39 44 41 0.0 4.0 0.0 772.0 9498.0 149.0 290.0
39 44 42 0.0 1.0 0.0 575.0 5896.0 113.0 88.0
39 44 43 0.0 0.0 0.0 139.0 1817.0 25.0 9.0
39 44 44 0.0 0.0 0.0 14.0 182.0 7.0 0.0
39 44 45 0.0 0.0 0.0 0.0 1.0 0.0 0.0
39 45 36 0.0 0.0 0.0 0.0 1.0 0.0 0.0
39 45 37 0.0 0.0 0.0 0.0 4.0 0.0 0.0
39 45 38 0.0 0.0 0.0 15.0 38.0 0.0 0.0
39 45 39 0.0 0.0 0.0 4.0 71.0 1.0 0.0
39 45 40 0.0 0.0 0.0 3.0 107.0 1.0 0.0
39 45 41 0.0 0.0 0.0 3.0 94.0 1.0 0.0
39 45 42 0.0 0.0 0.0 1.0 21.0 0.0 0.0
39 45 43 0.0 0.0 0.0 1.0 5.0 0.0 0.0
40 35 37 0.0 0.0 0.0 2.0 5.0 0.0 0.0
40 35 38 0.0 0.0 0.0 8.0 54.0 0.0 0.0
40 35 39 0.0 0.0 0.0 1.0 120.0 1.0 0.0
40 35 40 0.0 0.0 0.0 9.0 113.0 0.0 0.0
40 35 41 0.0 0.0 0.0 8.0 118.0 1.0 0.0
40 35 42 0.0 0.0 0.0 3.0 41.0 1.0 0.0
40 35 43 0.0 0.0 0.0 2.0 9.0 0.0 0.0
40 35 44 0.0 0.0 0.0 0.0 5.0 0.0 0.0
40 36 36 0.0 0.0 0.0 11.0 285.0 5.0 0.0
40 36 37 0.0 0.0 0.0 196.0 2105.0 24.0 9.0
40 36 38 0.0 0.0 3.0 648.0 7439.0 133.0 185.0
40 36 39 0.0 0.0 0.0 1177.0 13023.0 243.0 576.0
40 36 40 0.0 0.0 0.0 1261.0 15681.0 270.0 872.0
40 36 41 0.0 0.0 0.0 1160.0 14222.0 238.0 676.0
40 36 42 0.0 0.0 2.0 792.0 8002.0 140.0 199.0
40 36 43 0.0 0.0 0.0 321.0 3152.0 45.0 30.0
40 36 44 0.0 0.0 0.0 14.0 400.0 4.0 0.0
40 37 35 0.0 0.0 0.0 1.0 8.0 0.0 0.0
40 37 36 0.0 0.0 0.0 156.0 2256.0 36.0 16.0
40 37 37 0.0 0.0 1.0 2190.0 25190.0 364.0 3343.0
40 37 38 0.0 1.0 0.0 3699.0 41505.0 516.0 20136.0
40 37 39 0.0 1.0 5.0 4016.0 41312.0 457.0 36496.0
40 37 40 0.0 1.0 1.0 3733.0 40051.0 419.0 42610.0
40 37 41 0.0 7.0 3.0 3900.0 41532.0 445.0 37024.0
40 37 42 0.0 0.0 4.0 4077.0 41353.0 466.0 22278.0
40 37 43 0.0 1.0 6.0 2914.0 28759.0 440.0 4905.0
40 37 44 0.0 0.0 0.0 235.0 2737.0 47.0 15.0
40 37 45 0.0 0.0 0.0 0.0 9.0 0.0 0.0
40 38 35 0.0 0.0 0.0 14.0 51.0 0.0 0.0
40 38 36 0.0 0.0 2.0 563.0 7063.0 130.0 155.0
40 38 37 0.0 0.0 8.0 4353.0 40793.0 496.0 18328.0
40 38 38 0.0 0.0 3.0 2420.0 26270.0 228.0 77355.0
40 38 39 0.0 0.0 7.0 1736.0 17374.0 131.0 97835.0
40 38 40 0.0 0.0 2.0 1575.0 15185.0 127.0 102962.0
40 38 41 0.0 2.0 1.0 1656.0 17651.0 134.0 97618.0
40 38 42 0.0 2.0 0.0 2142.0 24764.0 178.0 80926.0
40 38 43 0.0 0.0 3.0 3610.0 42458.0 490.0 21769.0
40 38 44 0.0 2.0 2.0 700.0 8539.0 151.0 204.0
40 38 45 0.0 0.0 0.0 1.0 75.0 1.0 0.0
40 39 35 0.0 0.0 0.0 9.0 108.0 0.0 0.0
40 39 36 0.0 0.0 5.0 1122.0 12532.0 216.0 542.0
40 39 37 0.0 0.0 0.0 3819.0 41902.0 455.0 35979.0
40 39 38 0.0 3.0 7.0 1700.0 17425.0 134.0 98123.0
40 39 39 0.0 0.0 0.0 802.0 8060.0 52.0 127085.0
40 39 40 0.0 0.0 2.0 532.0 6397.0 34.0 131101.0
40 39 41 0.0 3.0 1.0 711.0 7545.0 44.0 128948.0
40 39 42 0.0 2.0 3.0 1666.0 17161.0 133.0 98462.0
40 39 43 0.0 5.0 5.0 3524.0 41408.0 431.0 39287.0
40 39 44 0.0 2.0 1.0 1325.0 14678.0 238.0 730.0
40 39 45 0.0 0.0 0.0 7.0 111.0 3.0 0.0
40 40 35 0.0 0.0 0.0 7.0 108.0 2.0 0.0
40 40 36 0.0 3.0 5.0 1359.0 15342.0 258.0 880.0
40 40 37 0.0 0.0 10.0 3634.0 40584.0 437.0 41423.0
40 40 38 0.0 0.0 3.0 1452.0 15466.0 118.0 102996.0
40 40 39 0.0 0.0 0.0 610.0 6497.0 43.0 130603.0
40 40 40 0.0 0.0 0.0 354.0 3570.0 10.0 149904.0
40 40 41 0.0 2.0 2.0 631.0 6100.0 41.0 131825.0
40 40 42 0.0 1.0 2.0 1406.0 15130.0 114.0 102559.0
40 40 43 0.0 6.0 6.0 3595.0 40493.0 430.0 42520.0
40 40 44 0.0 1.0 0.0 1258.0 16237.0 261.0 956.0
40 40 45 0.0 0.0 0.0 17.0 139.0 2.0 0.0
40 41 35 0.0 0.0 0.0 9.0 108.0 1.0 0.0
40 41 36 0.0 0.0 1.0 1198.0 12771.0 194.0 538.0
40 41 37 0.0 2.0 4.0 4268.0 41367.0 455.0 36470.0
40 41 38 0.0 0.0 2.0 1576.0 17685.0 131.0 98095.0
40 41 39 0.0 0.0 1.0 723.0 7910.0 50.0 128256.0
40 41 40 0.0 0.0 0.0 640.0 6339.0 46.0 131471.0
40 41 41 0.0 -1.0 0.0 819.0 7746.0 46.0 127754.0
40 41 42 0.0 4.0 2.0 1843.0 18246.0 108.0 96269.0
40 41 43 0.0 3.0 1.0 4142.0 41983.0 446.0 35071.0
40 41 44 0.0 0.0 0.0 1099.0 12715.0 221.0 541.0
40 41 45 0.0 0.0 0.0 2.0 106.0 1.0 0.0
40 42 35 0.0 0.0 0.0 3.0 46.0 0.0 0.0
40 42 36 0.0 0.0 0.0 598.0 7359.0 124.0 148.0
40 42 37 0.0 0.0 0.0 3863.0 41155.0 517.0 18601.0
40 42 38 0.0 0.0 2.0 2209.0 25727.0 221.0 76655.0
40 42 39 0.0 3.0 2.0 1551.0 17998.0 133.0 97254.0
40 42 40 0.0 0.0 4.0 1351.0 15692.0 110.0 101919.0
40 42 41 0.0 2.0 3.0 1815.0 18067.0 127.0 96667.0
40 42 42 0.0 2.0 2.0 2831.0 25098.0 213.0 78067.0
40 42 43 0.0 0.0 1.0 4076.0 40387.0 517.0 17895.0
40 42 44 0.0 0.0 0.0 589.0 6521.0 119.0 134.0
40 42 45 0.0 0.0 0.0 1.0 31.0 0.0 0.0
40 43 35 0.0 0.0 0.0 0.0 9.0 1.0 0.0
40 43 36 0.0 0.0 0.0 222.0 2196.0 42.0 11.0
40 43 37 0.0 0.0 1.0 2425.0 25542.0 382.0 3516.0
40 43 38 0.0 1.0 4.0 3848.0 40928.0 492.0 18207.0
40 43 39 0.0 1.0 0.0 3629.0 42090.0 454.0 35442.0
40 43 40 0.0 0.0 4.0 3498.0 41181.0 475.0 40801.0
40 43 41 0.0 0.0 2.0 3742.0 41805.0 432.0 35802.0
40 43 42 0.0 4.0 2.0 4214.0 41076.0 522.0 19154.0
40 43 43 0.0 0.0 0.0 2150.0 24263.0 383.0 2926.0
40 43 44 0.0 0.0 0.0 223.0 2137.0 36.0 9.0
40 43 45 0.0 0.0 0.0 0.0 3.0 0.0 0.0
40 44 36 0.0 0.0 0.0 38.0 196.0 3.0 0.0
40 44 37 0.0 0.0 0.0 188.0 1997.0 34.0 8.0
40 44 38 0.0 0.0 0.0 530.0 6828.0 106.0 133.0
40 44 39 0.0 2.0 1.0 1130.0 12712.0 196.0 589.0
40 44 40 0.0 0.0 0.0 1259.0 15301.0 235.0 848.0
40 44 41 0.0 0.0 1.0 993.0 12518.0 215.0 493.0
40 44 42 0.0 0.0 0.0 697.0 6672.0 130.0 144.0
40 44 43 0.0 0.0 0.0 255.0 2076.0 39.0 13.0
40 44 44 0.0 0.0 0.0 21.0 250.0 3.0 0.0
40 45 37 0.0 0.0 0.0 0.0 5.0 0.0 0.0
40 45 38 0.0 0.0 0.0 0.0 40.0 0.0 0.0
40 45 39 0.0 0.0 0.0 6.0 90.0 2.0 0.0
40 45 40 0.0 0.0 0.0 15.0 118.0 3.0 0.0
40 45 41 0.0 0.0 0.0 3.0 72.0 0.0 0.0
40 45 42 0.0 0.0 0.0 1.0 36.0 1.0 0.0
40 45 43 0.0 0.0 0.0 0.0 15.0 1.0 0.0
41 35 37 0.0 0.0 0.0 2.0 3.0 0.0 0.0
41 35 38 0.0 0.0 0.0 9.0 33.0 0.0 0.0
41 35 39 0.0 0.0 0.0 11.0 91.0 0.0 0.0
41 35 40 0.0 0.0 0.0 9.0 119.0 2.0 1.0
41 35 41 0.0 0.0 0.0 16.0 113.0 2.0 0.0
41 35 42 0.0 0.0 0.0 7.0 42.0 3.0 0.0
41 35 43 0.0 0.0 0.0 0.0 18.0 1.0 0.0
41 35 44 0.0 0.0 0.0 1.0 1.0 0.0 0.0
41 36 36 0.0 0.0 0.0 9.0 209.0 6.0 0.0
41 36 37 0.0 0.0 0.0 140.0 1824.0 22.0 10.0
41 36 38 0.0 0.0 0.0 768.0 6162.0 114.0 135.0
41 36 39 0.0 0.0 0.0 965.0 11578.0 204.0 444.0
41 36 40 0.0 1.0 2.0 1076.0 14184.0 242.0 724.0
41 36 41 0.0 0.0 1.0 1122.0 12315.0 220.0 510.0
41 36 42 0.0 0.0 0.0 706.0 7042.0 110.0 166.0
41 36 43 0.0 0.0 0.0 223.0 2482.0 48.0 7.0
41 36 44 0.0 0.0 0.0 41.0 396.0 7.0 0.0
41 37 35 0.0 0.0 0.0 0.0 5.0 0.0 0.0
41 37 36 0.0 0.0 3.0 175.0 1646.0 32.0 3.0
41 37 37 0.0 0.0 0.0 2089.0 22265.0 341.0 2562.0
41 37 38 0.0 0.0 1.0 3734.0 39845.0 519.0 15707.0
41 37 39 0.0 1.0 0.0 3895.0 42398.0 483.0 31674.0
41 37 40 0.0 0.0 1.0 3401.0 41455.0 414.0 39506.0
41 37 41 0.0 9.0 3.0 4171.0 41544.0 488.0 35440.0
41 37 42 0.0 4.0 2.0 3468.0 41983.0 522.0 19898.0
41 37 43 0.0 9.0 10.0 1816.0 29752.0 454.0 4981.0
41 37 44 0.0 0.0 0.0 208.0 2784.0 44.0 21.0
41 37 45 0.0 0.0 0.0 8.0 9.0 0.0 0.0
41 38 35 0.0 0.0 0.0 4.0 15.0 0.0 0.0
41 38 36 0.0 0.0 1.0 656.0 5694.0 105.0 104.0
41 38 37 0.0 0.0 5.0 4369.0 38727.0 541.0 14749.0
41 38 38 0.0 2.0 1.0 2813.0 28568.0 285.0 70730.0
41 38 39 0.0 1.0 1.0 1952.0 20318.0 155.0 92317.0
41 38 40 0.0 0.0 4.0 1632.0 17017.0 147.0 99674.0
41 38 41 0.0 2.0 1.0 1613.0 18695.0 162.0 96076.0
41 38 42 0.0 2.0 1.0 1742.0 25056.0 192.0 80038.0
41 38 43 0.0 0.0 9.0 3412.0 42311.0 518.0 20772.0
41 38 44 0.0 2.0 0.0 615.0 7596.0 119.0 164.0
41 38 45 0.0 0.0 0.0 4.0 76.0 1.0 0.0
41 39 35 0.0 0.0 0.0 6.0 68.0 2.0 0.0
41 39 36 0.0 0.0 0.0 894.0 10619.0 177.0 360.0
41 39 37 0.0 0.0 0.0 3881.0 43015.0 507.0 29997.0
41 39 38 0.0 0.0 1.0 1934.0 21282.0 197.0 90406.0
41 39 39 0.0 0.0 0.0 881.0 8969.0 69.0 125386.0
41 39 40 0.0 0.0 0.0 725.0 7402.0 57.0 129587.0
41 39 41 0.0 0.0 1.0 693.0 8290.0 50.0 128924.0
41 39 42 0.0 1.0 4.0 1700.0 18758.0 142.0 95912.0
41 39 43 0.0 4.0 13.0 3186.0 41952.0 449.0 36524.0
41 39 44 0.0 9.0 2.0 1200.0 13032.0 200.0 606.0
41 39 45 0.0 0.0 0.0 2.0 118.0 3.0 0.0
41 40 35 0.0 0.0 0.0 6.0 104.0 2.0 0.0
41 40 36 0.0 0.0 0.0 993.0 13402.0 207.0 593.0
41 40 37 0.0 0.0 4.0 3465.0 41854.0 456.0 37132.0
41 40 38 0.0 1.0 0.0 1675.0 17660.0 119.0 97752.0
41 40 39 0.0 0.0 0.0 691.0 7771.0 48.0 129370.0
41 40 40 0.0 0.0 0.0 602.0 6065.0 30.0 132424.0
41 40 41 0.0 1.0 2.0 653.0 7783.0 39.0 128264.0
41 40 42 0.0 2.0 1.0 1543.0 17344.0 130.0 99422.0
41 40 43 0.0 4.0 1.0 3628.0 41568.0 490.0 38867.0
41 40 44 0.0 0.0 0.0 1268.0 14456.0 235.0 726.0
41 40 45 0.0 0.0 0.0 8.0 95.0 2.0 0.0
41 41 35 0.0 0.0 0.0 8.0 82.0 4.0 0.0
41 41 36 0.0 0.0 0.0 825.0 11573.0 192.0 448.0
41 41 37 0.0 0.0 2.0 3900.0 42625.0 477.0 30499.0
41 41 38 0.0 1.0 4.0 1688.0 20577.0 158.0 92488.0
41 41 39 0.0 2.0 1.0 856.0 9315.0 60.0 124439.0
41 41 40 0.0 2.0 1.0 705.0 7795.0 43.0 128513.0
41 41 41 0.0 0.0 1.0 900.0 9213.0 60.0 125061.0
41 41 42 0.0 3.0 3.0 2058.0 20738.0 135.0 91415.0
41 41 43 0.0 0.0 0.0 3746.0 42533.0 475.0 32240.0
41 41 44 0.0 2.0 0.0 937.0 11295.0 202.0 429.0
41 41 45 0.0 0.0 0.0 7.0 98.0 0.0 0.0
41 42 35 0.0 0.0 0.0 1.0 33.0 2.0 0.0
41 42 36 0.0 0.0 0.0 643.0 5911.0 93.0 83.0
41 42 37 0.0 0.0 4.0 3881.0 40068.0 511.0 15830.0
41 42 38 0.0 0.0 0.0 3040.0 28171.0 263.0 71712.0
41 42 39 0.0 2.0 1.0 1674.0 20932.0 177.0 91371.0
41 42 40 0.0 0.0 1.0 1583.0 18043.0 150.0 97080.0
41 42 41 0.0 1.0 3.0 1873.0 20609.0 151.0 91368.0
41 42 42 0.0 1.0 1.0 2791.0 27438.0 251.0 72819.0
41 42 43 0.0 0.0 0.0 4271.0 39350.0 522.0 15122.0
41 42 44 0.0 1.0 0.0 573.0 5605.0 121.0 73.0
41 42 45 0.0 0.0 0.0 2.0 42.0 1.0 0.0
41 43 35 0.0 0.0 0.0 0.0 4.0 0.0 0.0
41 43 36 0.0 0.0 0.0 183.0 1733.0 37.0 7.0
41 43 37 0.0 0.0 1.0 2449.0 22350.0 356.0 2619.0
41 43 38 0.0 0.0 0.0 3666.0 40368.0 544.0 15812.0
41 43 39 0.0 3.0 2.0 3435.0 42958.0 492.0 30378.0
41 43 40 0.0 4.0 1.0 3634.0 42067.0 494.0 35206.0
41 43 41 0.0 3.0 7.0 3955.0 42756.0 502.0 30263.0
41 43 42 0.0 8.0 0.0 4156.0 39929.0 518.0 16100.0
41 43 43 0.0 0.0 0.0 2523.0 22162.0 365.0 2634.0
41 43 44 0.0 0.0 0.0 213.0 1667.0 28.0 6.0
41 43 45 0.0 0.0 0.0 0.0 8.0 0.0 0.0
41 44 36 0.0 0.0 0.0 17.0 208.0 0.0 0.0
41 44 37 0.0 0.0 0.0 194.0 1814.0 30.0 11.0
41 44 38 0.0 0.0 0.0 387.0 5898.0 102.0 87.0
41 44 39 0.0 0.0 0.0 877.0 10334.0 170.0 342.0
41 44 40 0.0 0.0 0.0 1039.0 12974.0 209.0 547.0
41 44 41 0.0 0.0 0.0 1014.0 10613.0 206.0 328.0
41 44 42 0.0 0.0 0.0 439.0 5614.0 86.0 101.0
41 44 43 0.0 0.0 0.0 147.0 1853.0 34.0 12.0
41 44 44 0.0 0.0 0.0 16.0 171.0 3.0 0.0
41 45 37 0.0 0.0 0.0 0.0 7.0 0.0 0.0
41 45 38 0.0 0.0 0.0 3.0 30.0 0.0 0.0
41 45 39 0.0 0.0 0.0 2.0 63.0 0.0 0.0
41 45 40 0.0 0.0 0.0 9.0 87.0 2.0 0.0
41 45 41 0.0 0.0 0.0 1.0 65.0 1.0 0.0
41 45 42 0.0 0.0 1.0 13.0 20.0 0.0 0.0
41 45 43 0.0 0.0 0.0 0.0 5.0 0.0 0.0
42 35 37 0.0 0.0 0.0 1.0 1.0 0.0 0.0
42 35 38 0.0 0.0 0.0 2.0 25.0 0.0 0.0
42 35 39 0.0 0.0 0.0 2.0 43.0 0.0 0.0
42 35 40 0.0 0.0 0.0 6.0 63.0 3.0 0.0
42 35 41 0.0 0.0 0.0 5.0 74.0 2.0 0.0
42 35 42 0.0 0.0 0.0 3.0 17.0 1.0 0.0
42 35 43 0.0 0.0 0.0 0.0 6.0 0.0 0.0
42 36 36 0.0 0.0 0.0 5.0 95.0 1.0 0.0
42 36 37 0.0 0.0 0.0 108.0 874.0 16.0 2.0
42 36 38 0.0 0.0 0.0 354.0 2937.0 55.0 18.0
42 36 39 0.0 0.0 0.0 581.0 6690.0 115.0 121.0
42 36 40 0.0 0.0 0.0 803.0 8737.0 141.0 245.0
42 36 41 0.0 0.0 1.0 654.0 7751.0 129.0 178.0
42 36 42 0.0 0.0 0.0 439.0 4551.0 79.0 59.0
42 36 43 0.0 0.0 0.0 178.0 1267.0 21.0 4.0
42 36 44 0.0 0.0 0.0 14.0 287.0 2.0 0.0
42 37 35 0.0 0.0 0.0 0.0 2.0 0.0 0.0
42 37 36 0.0 0.0 0.0 209.0 857.0 20.0 3.0
42 37 37 0.0 0.0 0.0 1419.0 14387.0 260.0 849.0
42 37 38 0.0 0.0 1.0 3122.0 32703.0 484.0 7107.0
42 37 39 0.0 1.0 9.0 3671.0 40511.0 468.0 18093.0
42 37 40 0.0 3.0 8.0 3758.0 42006.0 499.0 23298.0
42 37 41 0.0 6.0 9.0 3655.0 41963.0 501.0 21496.0
42 37 42 0.0 0.0 4.0 2775.0 37319.0 537.0 10926.0
42 37 43 0.0 1.0 4.0 1225.0 20641.0 291.0 1966.0
42 37 44 0.0 0.0 0.0 155.0 1457.0 29.0 2.0
42 37 45 0.0 0.0 0.0 0.0 6.0 0.0 0.0
42 38 35 0.0 0.0 0.0 0.0 4.0 0.0 0.0
42 38 36 0.0 0.0 5.0 217.0 3376.0 60.0 34.0
42 38 37 0.0 0.0 5.0 2831.0 32251.0 461.0 6905.0
42 38 38 0.0 1.0 1.0 2734.0 34250.0 364.0 56442.0
42 38 39 0.0 1.0 1.0 2539.0 26743.0 231.0 75442.0
42 38 40 0.0 6.0 3.0 2121.0 22928.0 190.0 84125.0
42 38 41 0.0 2.0 5.0 1909.0 25037.0 216.0 80633.0
42 38 42 0.0 2.0 2.0 2114.0 31049.0 279.0 64517.0
42 38 43 0.0 0.0 0.0 2531.0 38238.0 504.0 11787.0
42 38 44 0.0 0.0 0.0 329.0 4539.0 81.0 67.0
42 38 45 0.0 0.0 0.0 1.0 24.0 1.0 0.0
42 39 35 0.0 0.0 0.0 3.0 24.0 0.0 0.0
42 39 36 0.0 0.0 0.0 477.0 6319.0 117.0 119.0
42 39 37 0.0 0.0 1.0 3500.0 40473.0 535.0 15918.0
42 39 38 0.0 3.0 1.0 2247.0 26994.0 229.0 75352.0
42 39 39 0.0 0.0 2.0 1944.0 19997.0 166.0 92856.0
42 39 40 0.0 1.0 2.0 1562.0 16472.0 130.0 100663.0
42 39 41 0.0 5.0 6.0 1536.0 18730.0 138.0 95679.0
42 39 42 0.0 2.0 13.0 1798.0 24994.0 231.0 80408.0
42 39 43 0.0 0.0 2.0 3180.0 42898.0 536.0 20355.0
42 39 44 0.0 0.0 0.0 551.0 7670.0 140.0 176.0
42 39 45 0.0 0.0 0.0 1.0 47.0 1.0 0.0
42 40 35 0.0 0.0 0.0 4.0 51.0 0.0 0.0
42 40 36 0.0 0.0 0.0 716.0 7262.0 135.0 153.0
42 40 37 0.0 0.0 0.0 3128.0 41914.0 531.0 19784.0
42 40 38 0.0 1.0 2.0 2044.0 25696.0 222.0 78499.0
42 40 39 0.0 1.0 2.0 1497.0 17638.0 119.0 99019.0
42 40 40 0.0 2.0 5.0 1307.0 15133.0 109.0 103583.0
42 40 41 0.0 1.0 3.0 1519.0 17456.0 126.0 99544.0
42 40 42 0.0 0.0 2.0 1800.0 23789.0 200.0 82778.0
42 40 43 0.0 1.0 2.0 4110.0 41726.0 468.0 23551.0
42 40 44 0.0 0.0 0.0 714.0 8582.0 138.0 226.0
42 40 45 0.0 0.0 0.0 8.0 65.0 1.0 0.0
42 41 35 0.0 0.0 0.0 4.0 28.0 1.0 0.0
42 41 36 0.0 0.0 0.0 488.0 6134.0 99.0 95.0
42 41 37 0.0 0.0 6.0 3571.0 40288.0 542.0 15357.0
42 41 38 0.0 1.0 2.0 2265.0 28509.0 235.0 71905.0
42 41 39 0.0 0.0 1.0 1473.0 21121.0 169.0 91528.0
42 41 40 0.0 2.0 1.0 1408.0 17638.0 143.0 98595.0
42 41 41 0.0 0.0 0.0 1750.0 20400.0 185.0 92883.0
42 41 42 0.0 0.0 0.0 2292.0 28387.0 260.0 73276.0
42 41 43 0.0 12.0 0.0 3405.0 41341.0 526.0 18208.0
42 41 44 0.0 0.0 0.0 546.0 6343.0 124.0 123.0
42 41 45 0.0 0.0 0.0 4.0 42.0 0.0 0.0
42 42 35 0.0 0.0 0.0 0.0 14.0 0.0 0.0
42 42 36 0.0 0.0 0.0 271.0 3279.0 51.0 22.0
42 42 37 0.0 0.0 1.0 3083.0 32022.0 466.0 6853.0
42 42 38 0.0 3.0 2.0 3774.0 36631.0 408.0 48396.0
42 42 39 0.0 0.0 3.0 2136.0 28299.0 249.0 72385.0
42 42 40 0.0 2.0 0.0 2092.0 25230.0 230.0 79229.0
42 42 41 0.0 0.0 0.0 2886.0 27343.0 269.0 72887.0
42 42 42 0.0 12.0 0.0 3083.0 36254.0 411.0 50805.0
42 42 43 0.0 3.0 0.0 2741.0 32232.0 490.0 6661.0
42 42 44 0.0 0.0 0.0 261.0 3135.0 39.0 32.0
42 42 45 0.0 0.0 0.0 3.0 19.0 1.0 0.0
42 43 35 0.0 0.0 0.0 0.0 1.0 0.0 0.0
42 43 36 0.0 0.0 0.0 90.0 912.0 10.0 1.0
42 43 37 0.0 0.0 1.0 1537.0 12794.0 237.0 728.0
42 43 38 0.0 0.0 0.0 2675.0 31953.0 487.0 6231.0
42 43 39 0.0 0.0 9.0 2871.0 40688.0 531.0 15866.0
42 43 40 0.0 0.0 1.0 3803.0 41066.0 513.0 18546.0
42 43 41 0.0 0.0 1.0 3664.0 40001.0 521.0 15742.0
42 43 42 0.0 1.0 3.0 2682.0 31463.0 411.0 6631.0
42 43 43 0.0 0.0 0.0 1422.0 14245.0 240.0 898.0
42 43 44 0.0 0.0 0.0 128.0 823.0 19.0 1.0
42 43 45 0.0 0.0 0.0 0.0 2.0 0.0 0.0
42 44 36 0.0 0.0 0.0 19.0 97.0 3.0 0.0
42 44 37 0.0 0.0 0.0 71.0 831.0 17.0 1.0
42 44 38 0.0 0.0 0.0 297.0 3262.0 56.0 26.0
42 44 39 0.0 0.0 0.0 419.0 5759.0 85.0 95.0
42 44 40 0.0 0.0 0.0 551.0 7309.0 132.0 151.0
42 44 41 0.0 0.0 0.0 555.0 5685.0 91.0 108.0
42 44 42 0.0 0.0 0.0 350.0 3130.0 58.0 30.0
42 44 43 0.0 0.0 0.0 74.0 970.0 14.0 2.0
42 44 44 0.0 0.0 0.0 11.0 98.0 2.0 0.0
42 45 37 0.0 0.0 0.0 0.0 5.0 0.0 0.0
42 45 38 0.0 0.0 0.0 6.0 8.0 0.0 0.0
42 45 39 0.0 0.0 0.0 2.0 26.0 0.0 0.0
42 45 40 0.0 0.0 0.0 5.0 27.0 0.0 0.0
42 45 41 0.0 0.0 0.0 1.0 24.0 0.0 0.0
42 45 42 0.0 0.0 0.0 4.0 19.0 0.0 0.0
42 45 43 0.0 0.0 0.0 0.0 2.0 0.0 0.0
43 35 37 0.0 0.0 0.0 0.0 5.0 1.0 0.0
43 35 39 0.0 0.0 0.0 0.0 9.0 0.0 0.0
43 35 40 0.0 0.0 0.0 0.0 18.0 0.0 0.0
43 35 41 0.0 0.0 0.0 2.0 7.0 0.0 0.0
43 35 42 0.0 0.0 0.0 0.0 3.0 0.0 0.0
43 35 43 0.0 0.0 0.0 0.0 2.0 0.0 0.0
43 36 36 0.0 0.0 0.0 30.0 22.0 1.0 0.0
43 36 37 0.0 0.0 0.0 23.0 307.0 2.0 0.0
43 36 38 0.0 0.0 0.0 124.0 1134.0 13.0 1.0
43 36 39 0.0 0.0 0.0 189.0 2449.0 52.0 21.0
43 36 40 0.0 0.0 1.0 312.0 3324.0 45.0 29.0
43 36 41 0.0 0.0 0.0 215.0 2711.0 42.0 18.0
43 36 42 0.0 0.0 0.0 117.0 1522.0 21.0 5.0
43 36 43 0.0 0.0 0.0 64.0 481.0 9.0 1.0
43 36 44 0.0 0.0 0.0 9.0 89.0 3.0 0.0
43 37 36 0.0 0.0 0.0 27.0 270.0 5.0 0.0
43 37 37 0.0 0.0 0.0 379.0 5179.0 95.0 90.0
43 37 38 0.0 0.0 1.0 1633.0 15928.0 282.0 1125.0
43 37 39 0.0 0.0 0.0 2071.0 26818.0 396.0 3869.0
43 37 40 0.0 1.0 2.0 2344.0 30737.0 481.0 5775.0
43 37 41 0.0 0.0 2.0 2536.0 27796.0 399.0 4521.0
43 37 42 0.0 1.0 1.0 1004.0 21445.0 282.0 2219.0
43 37 43 0.0 0.0 0.0 358.0 9142.0 173.0 299.0
43 37 44 0.0 0.0 0.0 68.0 575.0 9.0 0.0
43 37 45 0.0 0.0 0.0 0.0 1.0 0.0 0.0
43 38 35 0.0 0.0 0.0 0.0 1.0 0.0 0.0
43 38 36 0.0 0.0 0.0 53.0 920.0 21.0 2.0
43 38 37 0.0 0.0 0.0 1238.0 17227.0 285.0 1329.0
43 38 38 0.0 0.0 1.0 3440.0 33322.0 459.0 7752.0
43 38 39 0.0 0.0 3.0 3537.0 41624.0 517.0 19849.0
43 38 40 0.0 2.0 1.0 3281.0 42685.0 488.0 24901.0
43 38 41 0.0 0.0 0.0 3572.0 42448.0 480.0 22575.0
43 38 42 0.0 1.0 3.0 2572.0 37625.0 491.0 10911.0
43 38 43 0.0 0.0 2.0 1163.0 21236.0 320.0 2021.0
43 38 44 0.0 0.0 0.0 106.0 1642.0 35.0 9.0
43 38 45 0.0 0.0 0.0 0.0 4.0 0.0 0.0
43 39 35 0.0 0.0 0.0 0.0 6.0 0.0 0.0
43 39 36 0.0 0.0 0.0 190.0 1909.0 34.0 10.0
43 39 37 0.0 0.0 0.0 1766.0 25504.0 384.0 3283.0
43 39 38 0.0 0.0 5.0 3408.0 40853.0 465.0 16907.0
43 39 39 0.0 0.0 4.0 4055.0 42042.0 480.0 34742.0
43 39 40 0.0 8.0 5.0 3683.0 41015.0 439.0 40238.0
43 39 41 0.0 4.0 2.0 3191.0 41916.0 467.0 37535.0
43 39 42 0.0 0.0 13.0 2903.0 42743.0 556.0 22299.0
43 39 43 0.0 0.0 0.0 1903.0 28741.0 415.0 4472.0
43 39 44 0.0 0.0 0.0 206.0 2863.0 57.0 25.0
43 39 45 0.0 0.0 0.0 1.0 11.0 0.0 0.0
43 40 35 0.0 0.0 0.0 0.0 24.0 0.0 0.0
43 40 36 0.0 0.0 0.0 185.0 2460.0 42.0 17.0
43 40 37 0.0 0.0 0.0 1742.0 27843.0 424.0 4268.0
43 40 38 0.0 0.0 5.0 3253.0 42344.0 506.0 19951.0
43 40 39 0.0 1.0 2.0 3449.0 41879.0 486.0 37093.0
43 40 40 0.0 0.0 5.0 2829.0 40089.0 408.0 45546.0
43 40 41 0.0 12.0 3.0 3878.0 40899.0 441.0 40008.0
43 40 42 0.0 9.0 0.0 3679.0 42104.0 499.0 23020.0
43 40 43 0.0 0.0 2.0 2174.0 30342.0 458.0 5379.0
43 40 44 0.0 0.0 0.0 308.0 2980.0 58.0 15.0
43 40 45 0.0 0.0 0.0 0.0 20.0 0.0 0.0
43 41 35 0.0 0.0 0.0 1.0 16.0 0.0 0.0
43 41 36 0.0 0.0 2.0 159.0 1685.0 29.0 7.0
43 41 37 0.0 0.0 0.0 1737.0 23458.0 331.0 2636.0
43 41 38 0.0 0.0 1.0 2668.0 41062.0 481.0 15328.0
43 41 39 0.0 0.0 2.0 3075.0 43015.0 498.0 31717.0
43 41 40 0.0 0.0 11.0 3251.0 41586.0 477.0 38283.0
43 41 41 0.0 3.0 1.0 3129.0 42731.0 506.0 33645.0
43 41 42 0.0 1.0 0.0 3469.0 40765.0 515.0 16448.0
43 41 43 0.0 3.0 0.0 1881.0 25124.0 377.0 3237.0
43 41 44 0.0 0.0 0.0 214.0 2117.0 33.0 6.0
43 41 45 0.0 0.0 0.0 0.0 9.0 0.0 0.0
43 42 35 0.0 0.0 0.0 0.0 6.0 0.0 0.0
43 42 36 0.0 0.0 0.0 56.0 822.0 15.0 2.0
43 42 37 0.0 0.0 1.0 1062.0 14692.0 227.0 859.0
43 42 38 0.0 0.0 2.0 1994.0 32434.0 456.0 6413.0
43 42 39 0.0 0.0 4.0 2725.0 40894.0 505.0 15758.0
43 42 40 0.0 2.0 3.0 2900.0 42972.0 521.0 21141.0
43 42 41 0.0 1.0 2.0 3727.0 40267.0 546.0 16713.0
43 42 42 0.0 0.0 0.0 3126.0 32910.0 459.0 7369.0
43 42 43 0.0 0.0 0.0 1457.0 13050.0 227.0 779.0
43 42 44 0.0 1.0 0.0 71.0 1137.0 23.0 3.0
43 42 45 0.0 0.0 0.0 0.0 2.0 0.0 0.0
43 43 35 0.0 0.0 0.0 0.0 1.0 0.0 0.0
43 43 36 0.0 0.0 0.0 14.0 259.0 4.0 0.0
43 43 37 0.0 0.0 1.0 263.0 3950.0 71.0 49.0
43 43 38 0.0 0.0 0.0 906.0 14074.0 206.0 771.0
43 43 39 0.0 0.0 0.0 1155.0 23760.0 368.0 2619.0
43 43 40 0.0 1.0 0.0 2691.0 27424.0 449.0 4212.0
43 43 41 0.0 5.0 0.0 2272.0 23384.0 354.0 2803.0
43 43 42 0.0 4.0 0.0 1406.0 13639.0 209.0 749.0
43 43 43 0.0 0.0 0.0 259.0 4421.0 66.0 63.0
43 43 44 0.0 0.0 0.0 19.0 209.0 6.0 0.0
43 44 36 0.0 0.0 0.0 0.0 13.0 0.0 0.0
43 44 37 0.0 0.0 0.0 20.0 222.0 4.0 0.0
43 44 38 0.0 0.0 0.0 65.0 917.0 17.0 1.0
43 44 39 0.0 0.0 0.0 196.0 1911.0 31.0 9.0
43 44 40 0.0 0.0 0.0 177.0 2273.0 48.0 12.0
43 44 41 0.0 0.0 0.0 142.0 1815.0 28.0 7.0
43 44 42 0.0 0.0 0.0 56.0 838.0 11.0 1.0
43 44 43 0.0 0.0 0.0 31.0 312.0 8.0 0.0
43 44 44 0.0 0.0 0.0 2.0 14.0 0.0 0.0
43 45 38 0.0 0.0 0.0 0.0 1.0 0.0 0.0
43 45 39 0.0 0.0 0.0 0.0 10.0 0.0 0.0
43 45 40 0.0 0.0 0.0 1.0 6.0 0.0 0.0
43 45 41 0.0 0.0 0.0 0.0 11.0 0.0 0.0
43 45 42 0.0 0.0 0.0 4.0 1.0 0.0 0.0
44 35 39 0.0 0.0 0.0 0.0 1.0 0.0 0.0
44 35 40 0.0 0.0 0.0 0.0 6.0 0.0 0.0
44 35 41 0.0 0.0 0.0 1.0 0.0 0.0 0.0
44 36 36 0.0 0.0 0.0 0.0 1.0 0.0 0.0
44 36 37 0.0 0.0 0.0 0.0 44.0 0.0 0.0
44 36 38 0.0 0.0 0.0 10.0 122.0 5.0 0.0
44 36 39 0.0 0.0 0.0 48.0 368.0 4.0 2.0
44 36 40 0.0 0.0 1.0 29.0 378.0 5.0 0.0
44 36 41 0.0 0.0 0.0 20.0 357.0 6.0 1.0
44 36 42 0.0 0.0 0.0 25.0 211.0 4.0 0.0
44 36 43 0.0 0.0 0.0 3.0 71.0 3.0 0.0
44 36 44 0.0 0.0 0.0 0.0 13.0 0.0 0.0
44 37 36 0.0 0.0 0.0 4.0 28.0 0.0 0.0
44 37 37 0.0 0.0 0.0 40.0 299.0 4.0 1.0
44 37 38 0.0 0.0 0.0 138.0 1168.0 23.0 1.0
44 37 39 0.0 0.0 0.0 224.0 2502.0 52.0 9.0
44 37 40 0.0 0.0 0.0 337.0 3485.0 52.0 30.0
44 37 41 0.0 0.0 0.0 319.0 2985.0 52.0 26.0
44 37 42 0.0 0.0 2.0 128.0 1612.0 23.0 6.0
44 37 43 0.0 0.0 0.0 24.0 544.0 11.0 0.0
44 37 44 0.0 0.0 0.0 6.0 42.0 2.0 0.0
44 37 45 0.0 0.0 0.0 0.0 3.0 0.0 0.0
44 38 36 0.0 0.0 0.0 5.0 144.0 2.0 0.0
44 38 37 0.0 0.0 2.0 86.0 1126.0 28.0 2.0
44 38 38 0.0 0.0 0.0 278.0 3765.0 76.0 44.0
44 38 39 0.0 1.0 0.0 610.0 7554.0 138.0 174.0
44 38 40 0.0 4.0 2.0 808.0 9731.0 150.0 294.0
44 38 41 0.0 0.0 3.0 689.0 8377.0 150.0 221.0
44 38 42 0.0 0.0 0.0 275.0 4815.0 72.0 56.0
44 38 43 0.0 0.0 0.0 97.0 1615.0 28.0 3.0
44 38 44 0.0 0.0 0.0 3.0 209.0 3.0 1.0
44 38 45 0.0 0.0 0.0 0.0 1.0 0.0 0.0
44 39 36 0.0 0.0 0.0 20.0 316.0 5.0 2.0
44 39 37 0.0 0.0 0.0 153.0 2252.0 31.0 10.0
44 39 38 0.0 0.0 0.0 546.0 6716.0 138.0 131.0
44 39 39 0.0 0.0 0.0 1018.0 12067.0 183.0 511.0
44 39 40 0.0 0.0 1.0 1191.0 15388.0 243.0 787.0
44 39 41 0.0 3.0 0.0 989.0 13193.0 227.0 547.0
44 39 42 0.0 2.0 0.0 545.0 8368.0 153.0 208.0
44 39 43 0.0 0.0 0.0 152.0 2877.0 43.0 17.0
44 39 44 0.0 0.0 0.0 23.0 360.0 5.0 0.0
44 39 45 0.0 0.0 0.0 0.0 5.0 0.0 0.0
44 40 36 0.0 0.0 0.0 19.0 274.0 3.0 0.0
44 40 37 0.0 0.0 0.0 146.0 2335.0 42.0 12.0
44 40 38 0.0 0.0 0.0 794.0 7923.0 116.0 187.0
44 40 39 0.0 0.0 0.0 992.0 14260.0 236.0 705.0
44 40 40 0.0 3.0 1.0 1316.0 17673.0 261.0 1236.0
44 40 41 0.0 4.0 0.0 1016.0 15384.0 251.0 806.0
44 40 42 0.0 0.0 0.0 648.0 8776.0 140.0 228.0
44 40 43 0.0 1.0 0.0 355.0 2983.0 70.0 12.0
44 40 44 0.0 0.0 0.0 45.0 419.0 8.0 1.0
44 41 35 0.0 0.0 0.0 0.0 1.0 0.0 0.0
44 41 36 0.0 0.0 0.0 3.0 255.0 6.0 2.0
44 41 37 0.0 0.0 0.0 118.0 2124.0 40.0 9.0
44 41 38 0.0 0.0 0.0 477.0 5979.0 110.0 95.0
44 41 39 0.0 0.0 0.0 770.0 11242.0 212.0 399.0
44 41 40 0.0 0.0 3.0 1138.0 14708.0 232.0 756.0
44 41 41 0.0 0.0 0.0 1029.0 12630.0 201.0 543.0
44 41 42 0.0 0.0 0.0 604.0 7030.0 116.0 154.0
44 41 43 0.0 0.0 0.0 134.0 2118.0 44.0 5.0
44 41 44 0.0 0.0 0.0 13.0 279.0 6.0 0.0
44 41 45 0.0 0.0 0.0 1.0 2.0 0.0 0.0
44 42 35 0.0 0.0 0.0 0.0 1.0 0.0 0.0
44 42 36 0.0 0.0 0.0 3.0 90.0 1.0 0.0
44 42 37 0.0 0.0 0.0 64.0 921.0 20.0 1.0
44 42 38 0.0 0.0 0.0 236.0 3272.0 53.0 26.0
44 42 39 0.0 0.0 0.0 456.0 6197.0 105.0 117.0
44 42 40 0.0 0.0 0.0 689.0 7744.0 121.0 214.0
44 42 41 0.0 0.0 0.0 453.0 7016.0 114.0 127.0
44 42 42 0.0 0.0 0.0 268.0 3611.0 71.0 40.0
44 42 43 0.0 0.0 0.0 81.0 845.0 15.0 1.0
44 42 44 0.0 0.0 0.0 10.0 112.0 0.0 0.0
44 43 36 0.0 0.0 0.0 2.0 19.0 0.0 0.0
44 43 37 0.0 0.0 0.0 19.0 232.0 2.0 0.0
44 43 38 0.0 0.0 0.0 42.0 1048.0 11.0 5.0
44 43 39 0.0 0.0 0.0 109.0 2150.0 30.0 15.0
44 43 40 0.0 0.0 0.0 165.0 2243.0 34.0 13.0
44 43 41 0.0 0.0 0.0 256.0 2228.0 39.0 14.0
44 43 42 0.0 0.0 0.0 157.0 1104.0 21.0 5.0
44 43 43 0.0 0.0 0.0 17.0 286.0 6.0 0.0
44 43 44 0.0 0.0 0.0 0.0 51.0 3.0 0.0
44 44 36 0.0 0.0 0.0 0.0 5.0 0.0 0.0
44 44 37 0.0 0.0 0.0 2.0 18.0 0.0 0.0
44 44 38 0.0 0.0 0.0 8.0 81.0 4.0 0.0
44 44 39 0.0 0.0 0.0 11.0 206.0 2.0 0.0
44 44 40 0.0 0.0 0.0 21.0 379.0 5.0 0.0
44 44 41 0.0 0.0 0.0 30.0 269.0 6.0 0.0
44 44 42 0.0 0.0 0.0 6.0 95.0 1.0 1.0
44 44 43 0.0 0.0 0.0 1.0 17.0 0.0 0.0
44 44 44 0.0 0.0 0.0 0.0 2.0 0.0 0.0
44 45 40 0.0 0.0 0.0 0.0 2.0 0.0 0.0
45 36 40 0.0 0.0 0.0 0.0 1.0 0.0 0.0
45 36 41 0.0 0.0 0.0 1.0 2.0 0.0 0.0
45 36 42 0.0 0.0 0.0 0.0 2.0 0.0 0.0
45 37 37 0.0 0.0 0.0 2.0 0.0 0.0 0.0
45 37 38 0.0 0.0 0.0 0.0 5.0 1.0 0.0
45 37 39 0.0 0.0 0.0 0.0 12.0 0.0 0.0
45 37 40 0.0 0.0 0.0 1.0 24.0 0.0 0.0
45 37 41 0.0 0.0 0.0 1.0 10.0 0.0 0.0
45 37 42 0.0 0.0 0.0 0.0 3.0 0.0 0.0
45 37 43 0.0 0.0 0.0 0.0 2.0 0.0 0.0
45 38 37 0.0 0.0 0.0 0.0 3.0 0.0 0.0
45 38 38 0.0 0.0 0.0 3.0 8.0 0.0 0.0
45 38 39 0.0 0.0 0.0 1.0 45.0 0.0 0.0
45 38 40 0.0 0.0 0.0 8.0 86.0 3.0 0.0
45 38 41 0.0 0.0 0.0 4.0 68.0 0.0 0.0
45 38 42 0.0 0.0 0.0 4.0 20.0 0.0 0.0
45 38 43 0.0 0.0 0.0 0.0 5.0 0.0 0.0
45 39 37 0.0 0.0 0.0 2.0 7.0 0.0 0.0
45 39 38 0.0 0.0 0.0 6.0 41.0 0.0 0.0
45 39 39 0.0 0.0 0.0 6.0 75.0 0.0 0.0
45 39 40 0.0 0.0 0.0 23.0 139.0 2.0 0.0
45 39 41 0.0 0.0 0.0 6.0 113.0 1.0 0.0
45 39 42 0.0 0.0 0.0 7.0 52.0 1.0 0.0
45 39 43 0.0 0.0 0.0 1.0 10.0 0.0 0.0
45 39 44 0.0 0.0 0.0 0.0 2.0 0.0 0.0
45 40 36 0.0 0.0 0.0 0.0 2.0 0.0 0.0
45 40 37 0.0 0.0 0.0 0.0 10.0 1.0 0.0
45 40 38 0.0 0.0 0.0 7.0 54.0 0.0 0.0
45 40 39 0.0 0.0 0.0 14.0 148.0 1.0 0.0
45 40 40 0.0 0.0 0.0 9.0 174.0 1.0 0.0
45 40 41 0.0 0.0 0.0 8.0 119.0 1.0 0.0
45 40 42 0.0 0.0 0.0 6.0 59.0 1.0 0.0
45 40 43 0.0 0.0 0.0 2.0 20.0 0.0 0.0
45 40 44 0.0 0.0 0.0 0.0 1.0 0.0 0.0
45 41 37 0.0 0.0 0.0 1.0 6.0 0.0 0.0
45 41 38 0.0 0.0 0.0 5.0 41.0 0.0 0.0
45 41 39 0.0 0.0 0.0 1.0 90.0 1.0 0.0
45 41 40 0.0 0.0 0.0 11.0 125.0 2.0 0.0
45 41 41 0.0 0.0 0.0 5.0 124.0 3.0 0.0
45 41 42 0.0 0.0 0.0 1.0 43.0 0.0 0.0
45 41 43 0.0 0.0 0.0 1.0 11.0 0.0 0.0
45 42 37 0.0 0.0 0.0 0.0 5.0 1.0 0.0
45 42 38 0.0 0.0 0.0 1.0 12.0 0.0 0.0
45 42 39 0.0 0.0 0.0 2.0 26.0 1.0 0.0
45 42 40 0.0 0.0 0.0 6.0 65.0 5.0 0.0
45 42 41 0.0 0.0 0.0 7.0 36.0 0.0 0.0
45 42 42 0.0 0.0 0.0 2.0 29.0 2.0 0.0
45 42 43 0.0 0.0 0.0 0.0 2.0 0.0 0.0
45 43 38 0.0 0.0 0.0 0.0 5.0 0.0 0.0
45 43 39 0.0 0.0 0.0 1.0 6.0 0.0 0.0
45 43 40 0.0 0.0 0.0 0.0 11.0 0.0 0.0
45 43 41 0.0 0.0 0.0 0.0 7.0 0.0 0.0
45 43 42 0.0 0.0 0.0 0.0 4.0 0.0 0.0
45 43 44 0.0 0.0 0.0 0.0 1.0 0.0 0.0
45 44 37 0.0 0.0 0.0 0.0 1.0 0.0 0.0
45 44 40 0.0 0.0 0.0 0.0 1.0 0.0 0.0
