39 38 41 0.0 0.0 0.0 1.0 0.0 0.0 0.0
39 39 38 0.0 0.0 0.0 0.0 1.0 0.0 0.0
39 39 39 0.0 0.0 5.0 13.0 216.0 6.0 1.0
39 39 40 0.0 0.0 3.0 25.0 269.0 6.0 0.0
39 39 41 0.0 1.0 5.0 39.0 203.0 4.0 0.0
39 40 39 0.0 0.0 11.0 106.0 426.0 9.0 1.0
39 40 40 0.0 1.0 7.0 49.0 354.0 8.0 1.0
39 40 41 0.0 0.0 9.0 28.0 316.0 5.0 1.0
39 41 39 0.0 1.0 6.0 26.0 266.0 2.0 2.0
39 41 40 0.0 0.0 4.0 23.0 232.0 7.0 0.0
39 41 41 0.0 2.0 4.0 19.0 207.0 7.0 0.0
40 39 39 0.0 0.0 2.0 25.0 193.0 1.0 0.0
40 39 40 0.0 2.0 3.0 62.0 330.0 7.0 0.0
40 39 41 0.0 1.0 10.0 71.0 346.0 5.0 0.0
40 40 39 0.0 0.0 4.0 42.0 252.0 6.0 0.0
40 40 40 3.0 172.0 614.0 3971.0 26949.0 434.0 6351.0
40 40 41 1.0 11.0 10.0 53.0 403.0 8.0 0.0
40 41 39 0.0 3.0 2.0 48.0 293.0 7.0 0.0
40 41 40 0.0 0.0 17.0 68.0 399.0 8.0 2.0
40 41 41 0.0 1.0 9.0 58.0 295.0 5.0 1.0
41 39 39 0.0 0.0 2.0 36.0 264.0 9.0 0.0
41 39 40 0.0 4.0 2.0 47.0 366.0 11.0 0.0
41 39 41 1.0 5.0 25.0 50.0 695.0 16.0 1.0
41 40 39 0.0 0.0 12.0 40.0 429.0 11.0 0.0
41 40 40 0.0 2.0 2.0 33.0 425.0 7.0 1.0
41 40 41 0.0 0.0 2.0 7.0 216.0 3.0 1.0
41 41 39 0.0 0.0 7.0 16.0 199.0 7.0 0.0
41 41 40 0.0 0.0 13.0 15.0 346.0 6.0 0.0
41 41 41 0.0 3.0 1.0 26.0 250.0 2.0 0.0
42 38 38 0.0 0.0 0.0 0.0 1.0 0.0 0.0
