39 39 39 0.0 0.0 0.0 0.0 14.0 0.0 0.0
39 39 40 0.0 0.0 0.0 1.0 12.0 0.0 0.0
39 39 41 0.0 0.0 1.0 3.0 9.0 0.0 0.0
39 40 39 0.0 0.0 5.0 14.0 47.0 0.0 0.0
39 40 40 0.0 0.0 1.0 4.0 22.0 0.0 0.0
39 40 41 0.0 0.0 4.0 0.0 24.0 0.0 0.0
39 41 39 0.0 0.0 1.0 1.0 17.0 0.0 0.0
39 41 40 0.0 0.0 0.0 0.0 16.0 0.0 0.0
39 41 41 0.0 0.0 1.0 2.0 2.0 0.0 0.0
40 39 39 0.0 0.0 0.0 0.0 4.0 0.0 0.0
40 39 40 0.0 1.0 0.0 4.0 15.0 1.0 0.0
40 39 41 0.0 0.0 0.0 0.0 13.0 0.0 0.0
40 40 39 0.0 0.0 0.0 1.0 10.0 1.0 0.0
40 40 40 7.0 101.0 430.0 1337.0 8508.0 164.0 420.0
40 40 41 1.0 0.0 1.0 1.0 14.0 0.0 0.0
40 41 39 0.0 2.0 0.0 4.0 15.0 0.0 0.0
40 41 40 0.0 0.0 2.0 1.0 14.0 1.0 0.0
40 41 41 0.0 0.0 4.0 3.0 18.0 1.0 0.0
41 39 39 0.0 0.0 2.0 0.0 12.0 0.0 0.0
41 39 40 0.0 1.0 0.0 9.0 37.0 1.0 0.0
41 39 41 1.0 0.0 11.0 1.0 86.0 3.0 0.0
41 40 39 0.0 0.0 2.0 0.0 25.0 1.0 0.0
41 40 40 0.0 0.0 0.0 1.0 32.0 1.0 0.0
41 40 41 0.0 0.0 0.0 1.0 4.0 0.0 0.0
41 41 39 0.0 0.0 1.0 0.0 5.0 0.0 0.0
41 41 40 0.0 0.0 8.0 0.0 12.0 0.0 0.0
41 41 41 0.0 1.0 0.0 0.0 7.0 1.0 0.0
