35 39 42 0.0 0.0 0.0 0.0 2.0 0.0 0.0
35 41 39 0.0 0.0 0.0 0.0 3.0 0.0 0.0
36 36 38 0.0 0.0 0.0 0.0 3.0 0.0 0.0
36 36 39 0.0 0.0 0.0 0.0 7.0 0.0 0.0
36 36 40 0.0 0.0 0.0 0.0 7.0 0.0 0.0
36 37 37 0.0 0.0 0.0 0.0 15.0 1.0 0.0
36 37 38 0.0 0.0 0.0 0.0 30.0 1.0 0.0
36 37 39 0.0 0.0 0.0 2.0 83.0 0.0 0.0
36 37 40 0.0 0.0 0.0 13.0 84.0 1.0 0.0
36 37 41 0.0 0.0 0.0 8.0 52.0 2.0 0.0
36 37 42 0.0 0.0 0.0 4.0 33.0 0.0 0.0
36 37 43 0.0 0.0 0.0 1.0 1.0 0.0 0.0
36 37 44 0.0 0.0 0.0 0.0 1.0 0.0 0.0
36 38 37 0.0 0.0 0.0 9.0 47.0 1.0 0.0
36 38 38 0.0 0.0 0.0 19.0 172.0 7.0 0.0
36 38 39 0.0 0.0 0.0 32.0 284.0 5.0 0.0
36 38 40 0.0 0.0 0.0 49.0 522.0 7.0 0.0
36 38 41 0.0 0.0 0.0 25.0 326.0 6.0 1.0
36 38 42 0.0 0.0 0.0 12.0 115.0 2.0 0.0
36 38 43 0.0 0.0 0.0 12.0 40.0 0.0 0.0
36 39 36 0.0 0.0 0.0 0.0 2.0 0.0 0.0
36 39 37 0.0 0.0 0.0 7.0 102.0 1.0 0.0
36 39 38 0.0 0.0 0.0 60.0 365.0 6.0 0.0
36 39 39 0.0 0.0 0.0 100.0 857.0 17.0 1.0
36 39 40 0.0 0.0 0.0 95.0 918.0 14.0 0.0
36 39 41 0.0 0.0 0.0 92.0 791.0 16.0 0.0
36 39 42 0.0 0.0 0.0 34.0 355.0 5.0 0.0
36 39 43 0.0 0.0 0.0 5.0 74.0 0.0 0.0
36 40 36 0.0 0.0 0.0 0.0 2.0 0.0 0.0
36 40 37 0.0 0.0 0.0 16.0 114.0 1.0 0.0
36 40 38 0.0 0.0 0.0 38.0 458.0 8.0 0.0
36 40 39 0.0 0.0 0.0 110.0 1022.0 19.0 3.0
36 40 40 0.0 0.0 0.0 102.0 1166.0 18.0 2.0
36 40 41 0.0 0.0 0.0 78.0 941.0 13.0 4.0
36 40 42 0.0 0.0 0.0 62.0 432.0 7.0 1.0
36 40 43 0.0 0.0 0.0 31.0 62.0 0.0 0.0
36 40 44 0.0 0.0 0.0 2.0 13.0 0.0 0.0
36 41 36 0.0 0.0 0.0 0.0 8.0 0.0 0.0
36 41 37 0.0 0.0 0.0 7.0 85.0 3.0 0.0
36 41 38 0.0 0.0 0.0 18.0 405.0 8.0 1.0
36 41 39 0.0 0.0 0.0 61.0 790.0 11.0 1.0
36 41 40 0.0 0.0 0.0 89.0 1033.0 20.0 1.0
36 41 41 0.0 0.0 0.0 73.0 686.0 13.0 1.0
36 41 42 0.0 0.0 0.0 30.0 306.0 3.0 1.0
36 41 43 0.0 0.0 0.0 1.0 65.0 1.0 0.0
36 41 44 0.0 0.0 0.0 0.0 2.0 0.0 0.0
36 42 36 0.0 0.0 0.0 0.0 6.0 0.0 0.0
36 42 37 0.0 0.0 0.0 9.0 48.0 0.0 0.0
36 42 38 0.0 0.0 0.0 23.0 157.0 4.0 0.0
36 42 39 0.0 0.0 0.0 27.0 314.0 8.0 0.0
36 42 40 0.0 0.0 0.0 38.0 391.0 9.0 0.0
36 42 41 0.0 0.0 0.0 34.0 309.0 2.0 0.0
36 42 42 0.0 0.0 0.0 9.0 120.0 2.0 0.0
36 42 43 0.0 0.0 0.0 5.0 50.0 0.0 0.0
36 42 44 0.0 0.0 0.0 0.0 1.0 0.0 0.0
36 43 37 0.0 0.0 0.0 2.0 4.0 0.0 0.0
36 43 38 0.0 0.0 0.0 4.0 24.0 1.0 0.0
36 43 39 0.0 0.0 0.0 9.0 58.0 2.0 0.0
36 43 40 0.0 0.0 0.0 5.0 66.0 1.0 0.0
36 43 41 0.0 0.0 0.0 2.0 94.0 2.0 0.0
36 43 42 0.0 0.0 0.0 0.0 27.0 0.0 0.0
36 43 43 0.0 0.0 0.0 0.0 1.0 0.0 0.0
36 44 38 0.0 0.0 0.0 0.0 2.0 0.0 0.0
36 44 39 0.0 0.0 0.0 0.0 6.0 0.0 0.0
36 44 40 0.0 0.0 0.0 0.0 6.0 0.0 0.0
36 44 41 0.0 0.0 0.0 0.0 1.0 0.0 0.0
36 44 42 0.0 0.0 0.0 0.0 6.0 1.0 0.0
37 36 37 0.0 0.0 0.0 2.0 0.0 0.0 0.0
37 36 38 0.0 0.0 0.0 5.0 25.0 1.0 0.0
37 36 39 0.0 0.0 0.0 3.0 64.0 1.0 0.0
37 36 40 0.0 0.0 0.0 2.0 101.0 1.0 0.0
37 36 41 0.0 0.0 0.0 4.0 79.0 1.0 0.0
37 36 42 0.0 0.0 0.0 1.0 28.0 2.0 0.0
37 36 43 0.0 0.0 0.0 1.0 3.0 1.0 0.0
37 37 36 0.0 0.0 0.0 1.0 5.0 0.0 0.0
37 37 37 0.0 0.0 0.0 34.0 523.0 13.0 2.0
37 37 38 0.0 0.0 0.0 163.0 1938.0 22.0 15.0
37 37 39 0.0 0.0 0.0 252.0 3707.0 55.0 33.0
37 37 40 0.0 0.0 1.0 390.0 4855.0 79.0 62.0
37 37 41 0.0 0.0 0.0 355.0 4094.0 79.0 64.0
37 37 42 0.0 0.0 0.0 203.0 2059.0 38.0 10.0
37 37 43 0.0 0.0 0.0 39.0 399.0 6.0 0.0
37 37 44 0.0 0.0 0.0 2.0 7.0 1.0 0.0
37 38 36 0.0 0.0 0.0 3.0 14.0 0.0 0.0
37 38 37 0.0 0.0 0.0 227.0 2066.0 32.0 13.0
37 38 38 0.0 0.0 4.0 1082.0 8392.0 151.0 252.0
37 38 39 0.0 0.0 0.0 1514.0 15039.0 270.0 881.0
37 38 40 0.0 3.0 0.0 1983.0 17907.0 275.0 1417.0
37 38 41 0.0 0.0 1.0 1688.0 14405.0 241.0 849.0
37 38 42 0.0 0.0 1.0 852.0 6954.0 121.0 154.0
37 38 43 0.0 0.0 0.0 141.0 1818.0 26.0 7.0
37 38 44 0.0 0.0 0.0 1.0 22.0 0.0 0.0
37 39 36 0.0 0.0 0.0 4.0 116.0 2.0 0.0
37 39 37 0.0 0.0 0.0 444.0 4869.0 73.0 60.0
37 39 38 0.0 0.0 13.0 1388.0 16492.0 269.0 1154.0
37 39 39 0.0 0.0 15.0 2743.0 26186.0 469.0 3619.0
37 39 40 0.0 3.0 0.0 3101.0 29181.0 459.0 4858.0
37 39 41 0.0 1.0 3.0 2900.0 24709.0 388.0 3153.0
37 39 42 0.0 0.0 1.0 1763.0 14216.0 230.0 829.0
37 39 43 0.0 0.0 0.0 364.0 3689.0 65.0 39.0
37 39 44 0.0 0.0 0.0 4.0 64.0 0.0 0.0
37 40 36 0.0 0.0 0.0 15.0 113.0 5.0 0.0
37 40 37 0.0 1.0 0.0 610.0 5550.0 98.0 111.0
37 40 38 0.0 2.0 7.0 1827.0 19613.0 319.0 1768.0
37 40 39 0.0 0.0 3.0 2716.0 29719.0 418.0 4995.0
37 40 40 0.0 0.0 3.0 3079.0 33444.0 486.0 7006.0
37 40 41 0.0 1.0 1.0 3040.0 28583.0 415.0 4538.0
37 40 42 0.0 0.0 3.0 1830.0 16815.0 272.0 1216.0
37 40 43 0.0 0.0 0.0 379.0 4968.0 77.0 83.0
37 40 44 0.0 0.0 0.0 4.0 104.0 3.0 0.0
37 41 36 0.0 0.0 0.0 10.0 99.0 4.0 0.0
37 41 37 0.0 1.0 0.0 399.0 5195.0 91.0 89.0
37 41 38 0.0 5.0 0.0 1271.0 15717.0 247.0 1009.0
37 41 39 0.0 0.0 3.0 2416.0 26440.0 415.0 3654.0
37 41 40 0.0 6.0 12.0 3120.0 28623.0 423.0 4714.0
37 41 41 0.0 0.0 6.0 2206.0 24408.0 372.0 2858.0
37 41 42 0.0 0.0 1.0 1392.0 15065.0 239.0 942.0
37 41 43 0.0 0.0 0.0 360.0 3696.0 84.0 44.0
37 41 44 0.0 0.0 0.0 11.0 80.0 3.0 0.0
37 42 36 0.0 0.0 0.0 2.0 33.0 0.0 0.0
37 42 37 0.0 0.0 0.0 233.0 2137.0 43.0 8.0
37 42 38 0.0 4.0 1.0 783.0 7827.0 154.0 231.0
37 42 39 0.0 0.0 0.0 1501.0 15267.0 248.0 956.0
37 42 40 0.0 1.0 7.0 1617.0 17695.0 267.0 1266.0
37 42 41 0.0 0.0 3.0 1101.0 15021.0 224.0 896.0
37 42 42 0.0 0.0 0.0 608.0 7378.0 122.0 180.0
37 42 43 0.0 1.0 0.0 256.0 2009.0 42.0 13.0
37 42 44 0.0 0.0 0.0 0.0 27.0 0.0 0.0
37 43 36 0.0 0.0 0.0 0.0 14.0 1.0 0.0
37 43 37 0.0 0.0 0.0 74.0 577.0 13.0 1.0
37 43 38 0.0 0.0 2.0 134.0 1685.0 28.0 6.0
37 43 39 0.0 0.0 1.0 465.0 4259.0 77.0 59.0
37 43 40 0.0 0.0 1.0 405.0 4794.0 72.0 68.0
37 43 41 0.0 0.0 0.0 393.0 3747.0 87.0 47.0
37 43 42 0.0 2.0 0.0 148.0 2020.0 33.0 10.0
37 43 43 0.0 0.0 0.0 32.0 446.0 7.0 2.0
37 43 44 0.0 0.0 0.0 1.0 9.0 0.0 0.0
37 44 37 0.0 0.0 0.0 0.0 4.0 0.0 0.0
37 44 38 0.0 0.0 0.0 3.0 29.0 1.0 0.0
37 44 39 0.0 0.0 0.0 2.0 83.0 2.0 0.0
37 44 40 0.0 0.0 0.0 11.0 73.0 2.0 0.0
37 44 41 0.0 0.0 0.0 1.0 59.0 3.0 0.0
37 44 42 0.0 0.0 0.0 1.0 36.0 0.0 0.0
37 44 43 0.0 0.0 0.0 1.0 8.0 0.0 0.0
38 35 40 0.0 0.0 0.0 0.0 1.0 0.0 0.0
38 36 36 0.0 0.0 0.0 0.0 2.0 0.0 0.0
38 36 37 0.0 0.0 0.0 1.0 45.0 0.0 0.0
38 36 38 0.0 0.0 0.0 5.0 122.0 3.0 0.0
38 36 39 0.0 0.0 0.0 29.0 274.0 3.0 1.0
38 36 40 0.0 0.0 0.0 18.0 485.0 9.0 0.0
38 36 41 0.0 0.0 0.0 33.0 370.0 9.0 1.0
38 36 42 0.0 0.0 0.0 9.0 174.0 7.0 0.0
38 36 43 0.0 0.0 0.0 3.0 31.0 0.0 0.0
38 36 44 0.0 0.0 0.0 0.0 3.0 0.0 0.0
38 37 36 0.0 0.0 0.0 1.0 28.0 0.0 0.0
38 37 37 0.0 0.0 0.0 179.0 1980.0 30.0 14.0
38 37 38 0.0 0.0 0.0 679.0 7857.0 125.0 229.0
38 37 39 0.0 0.0 2.0 1460.0 14224.0 249.0 806.0
38 37 40 0.0 0.0 1.0 1687.0 17398.0 260.0 1240.0
38 37 41 0.0 0.0 1.0 1046.0 15329.0 269.0 855.0
38 37 42 0.0 0.0 0.0 652.0 8457.0 141.0 253.0
38 37 43 0.0 0.0 0.0 232.0 2272.0 38.0 18.0
38 37 44 0.0 0.0 0.0 1.0 21.0 0.0 0.0
38 38 36 0.0 0.0 0.0 15.0 153.0 2.0 0.0
38 38 37 0.0 0.0 0.0 1017.0 8104.0 132.0 263.0
38 38 38 0.0 0.0 0.0 2835.0 38415.0 463.0 13838.0
38 38 39 0.0 0.0 6.0 3412.0 41653.0 467.0 28478.0
38 38 40 0.0 4.0 9.0 3707.0 40625.0 446.0 37220.0
38 38 41 0.0 4.0 7.0 4534.0 40521.0 467.0 28814.0
38 38 42 0.0 0.0 1.0 2780.0 36349.0 515.0 10837.0
38 38 43 0.0 0.0 0.0 781.0 7997.0 135.0 235.0
38 38 44 0.0 0.0 0.0 15.0 134.0 4.0 0.0
38 39 36 0.0 1.0 0.0 51.0 436.0 13.0 0.0
38 39 37 0.0 7.0 1.0 1881.0 15401.0 248.0 1007.0
38 39 38 0.0 7.0 8.0 5147.0 39178.0 471.0 33452.0
38 39 39 0.0 1.0 3.0 4056.0 34627.0 322.0 55206.0
38 39 40 0.0 3.0 4.0 3811.0 31784.0 306.0 62275.0
38 39 41 0.0 3.0 4.0 3620.0 35991.0 365.0 53320.0
38 39 42 0.0 0.0 13.0 4068.0 41157.0 481.0 27325.0
38 39 43 0.0 0.0 0.0 1327.0 14844.0 226.0 896.0
38 39 44 0.0 0.0 0.0 28.0 353.0 6.0 0.0
38 40 36 0.0 0.0 0.0 58.0 575.0 11.0 2.0
38 40 37 0.0 0.0 5.0 1930.0 19757.0 300.0 1711.0
38 40 38 0.0 2.0 21.0 3070.0 38938.0 410.0 42077.0
38 40 39 0.0 4.0 9.0 3304.0 31803.0 308.0 64093.0
38 40 40 0.0 2.0 3.0 2899.0 28797.0 235.0 70988.0
38 40 41 0.0 1.0 6.0 3356.0 32391.0 304.0 62067.0
38 40 42 0.0 4.0 8.0 3547.0 40128.0 428.0 35979.0
38 40 43 0.0 0.0 2.0 1479.0 19015.0 256.0 1531.0
38 40 44 0.0 3.0 1.0 37.0 472.0 7.0 0.0
38 41 36 0.0 0.0 0.0 18.0 415.0 7.0 0.0
38 41 37 0.0 0.0 1.0 1645.0 16354.0 263.0 1080.0
38 41 38 0.0 4.0 6.0 3273.0 41177.0 464.0 31766.0
38 41 39 0.0 0.0 1.0 3025.0 35711.0 351.0 55228.0
38 41 40 0.0 2.0 3.0 3137.0 33043.0 321.0 61331.0
38 41 41 0.0 4.0 5.0 3359.0 36944.0 333.0 52121.0
38 41 42 0.0 0.0 8.0 3317.0 41304.0 475.0 29555.0
38 41 43 0.0 0.0 0.0 1600.0 13506.0 228.0 782.0
38 41 44 0.0 0.0 0.0 46.0 371.0 7.0 0.0
38 42 36 0.0 0.0 0.0 11.0 175.0 0.0 1.0
38 42 37 0.0 0.0 1.0 720.0 8159.0 144.0 227.0
38 42 38 0.0 1.0 1.0 3334.0 38153.0 520.0 13555.0
38 42 39 0.0 12.0 7.0 3706.0 41554.0 489.0 29458.0
38 42 40 0.0 3.0 7.0 3887.0 40036.0 427.0 36888.0
38 42 41 0.0 2.0 2.0 3956.0 41362.0 435.0 29496.0
38 42 42 0.0 3.0 0.0 3037.0 36602.0 515.0 11051.0
38 42 43 0.0 1.0 0.0 697.0 7815.0 143.0 187.0
38 42 44 0.0 0.0 0.0 16.0 174.0 3.0 1.0
38 43 36 0.0 0.0 0.0 4.0 30.0 1.0 0.0
38 43 37 0.0 0.0 0.0 221.0 2101.0 34.0 14.0
38 43 38 0.0 0.0 0.0 629.0 8240.0 136.0 233.0
38 43 39 0.0 3.0 1.0 1431.0 14571.0 228.0 868.0
38 43 40 0.0 0.0 2.0 1724.0 17475.0 271.0 1311.0
38 43 41 0.0 0.0 0.0 1408.0 15231.0 250.0 953.0
38 43 42 0.0 1.0 4.0 683.0 8098.0 131.0 237.0
38 43 43 0.0 0.0 0.0 199.0 1768.0 49.0 11.0
38 43 44 0.0 0.0 0.0 5.0 25.0 1.0 0.0
38 44 37 0.0 0.0 0.0 4.0 18.0 0.0 0.0
38 44 38 0.0 0.0 0.0 33.0 164.0 2.0 0.0
38 44 39 0.0 0.0 0.0 18.0 371.0 10.0 0.0
38 44 40 0.0 0.0 0.0 46.0 439.0 9.0 1.0
38 44 41 0.0 0.0 0.0 20.0 303.0 10.0 0.0
38 44 42 0.0 0.0 0.0 9.0 148.0 0.0 0.0
38 44 43 0.0 0.0 0.0 14.0 29.0 0.0 0.0
38 44 44 0.0 0.0 0.0 1.0 1.0 0.0 0.0
39 36 37 0.0 0.0 0.0 6.0 55.0 0.0 0.0
39 36 38 0.0 0.0 0.0 42.0 336.0 5.0 1.0
39 36 39 0.0 0.0 0.0 65.0 863.0 19.0 1.0
39 36 40 0.0 0.0 0.0 103.0 953.0 12.0 0.0
39 36 41 0.0 0.0 0.0 102.0 824.0 8.0 0.0
39 36 42 0.0 0.0 0.0 40.0 331.0 4.0 0.0
39 36 43 0.0 0.0 0.0 16.0 111.0 6.0 0.0
39 36 44 0.0 0.0 0.0 0.0 1.0 0.0 0.0
39 37 36 0.0 0.0 0.0 18.0 71.0 1.0 0.0
39 37 37 0.0 0.0 0.0 418.0 4205.0 72.0 81.0
39 37 38 0.0 0.0 0.0 1309.0 14624.0 253.0 835.0
39 37 39 0.0 0.0 1.0 2511.0 26122.0 388.0 3433.0
39 37 40 0.0 1.0 9.0 3017.0 29738.0 453.0 5259.0
39 37 41 0.0 0.0 0.0 2740.0 25446.0 397.0 3351.0
39 37 42 0.0 3.0 1.0 1954.0 15243.0 259.0 923.0
39 37 43 0.0 0.0 0.0 406.0 5316.0 83.0 82.0
39 37 44 0.0 0.0 0.0 8.0 93.0 0.0 0.0
39 38 36 0.0 0.0 0.0 35.0 297.0 7.0 0.0
39 38 37 0.0 0.0 1.0 1483.0 15859.0 266.0 1049.0
39 38 38 0.0 0.0 3.0 5278.0 39871.0 488.0 28807.0
39 38 39 0.0 1.0 2.0 3340.0 36218.0 345.0 54076.0
39 38 40 0.0 2.0 2.0 3503.0 33010.0 320.0 60290.0
39 38 41 0.0 2.0 6.0 3557.0 36017.0 380.0 53344.0
39 38 42 0.0 3.0 0.0 4642.0 39941.0 462.0 30982.0
39 38 43 0.0 0.0 0.0 1496.0 14954.0 242.0 877.0
39 38 44 0.0 0.0 0.0 33.0 520.0 13.0 1.0
39 39 35 0.0 0.0 0.0 0.0 1.0 0.0 0.0
39 39 36 0.0 0.0 0.0 134.0 856.0 15.0 1.0
39 39 37 0.0 0.0 12.0 2911.0 25791.0 437.0 3437.0
39 39 38 0.0 0.0 3.0 3762.0 35663.0 376.0 54379.0
39 39 39 0.0 2.0 4.0 1597.0 15660.0 113.0 103736.0
39 39 40 0.0 0.0 6.0 1403.0 13721.0 100.0 109189.0
39 39 41 0.0 3.0 2.0 1802.0 15504.0 115.0 103154.0
39 39 42 0.0 6.0 5.0 3421.0 35411.0 315.0 54670.0
39 39 43 0.0 1.0 1.0 2200.0 25829.0 426.0 3242.0
39 39 44 0.0 0.0 0.0 85.0 854.0 22.0 2.0
39 40 36 0.0 2.0 0.0 141.0 1009.0 13.0 3.0
39 40 37 0.0 2.0 6.0 2799.0 31082.0 441.0 5606.0
39 40 38 0.0 1.0 5.0 3086.0 32624.0 348.0 63315.0
39 40 39 0.0 1.0 4.0 1269.0 12913.0 92.0 112072.0
39 40 40 0.0 4.0 4.0 1228.0 11365.0 88.0 116531.0
39 40 41 0.0 3.0 5.0 1395.0 13492.0 86.0 110200.0
39 40 42 0.0 1.0 11.0 3255.0 32376.0 320.0 62503.0
39 40 43 0.0 18.0 2.0 2721.0 30257.0 434.0 5007.0
39 40 44 0.0 0.0 0.0 78.0 1133.0 20.0 2.0
39 41 36 0.0 0.0 0.0 79.0 869.0 16.0 1.0
39 41 37 0.0 1.0 1.0 2290.0 26627.0 371.0 3735.0
39 41 38 0.0 2.0 6.0 3289.0 35732.0 377.0 55384.0
39 41 39 0.0 0.0 5.0 1476.0 14999.0 121.0 105578.0
39 41 40 0.0 5.0 3.0 1376.0 14147.0 104.0 108556.0
39 41 41 0.0 7.0 4.0 1645.0 15732.0 133.0 103306.0
39 41 42 0.0 2.0 6.0 4065.0 35451.0 390.0 53182.0
39 41 43 0.0 14.0 4.0 2513.0 24875.0 400.0 3114.0
39 41 44 0.0 0.0 0.0 97.0 743.0 19.0 0.0
39 42 36 0.0 0.0 0.0 35.0 357.0 5.0 0.0
39 42 37 0.0 0.0 0.0 1294.0 15389.0 265.0 935.0
39 42 38 0.0 0.0 11.0 3938.0 40450.0 492.0 30975.0
39 42 39 0.0 3.0 5.0 3667.0 35606.0 382.0 54254.0
39 42 40 0.0 6.0 5.0 3576.0 32029.0 307.0 62440.0
39 42 41 0.0 3.0 11.0 3753.0 35816.0 320.0 53680.0
39 42 42 0.0 7.0 15.0 4747.0 40311.0 459.0 29078.0
39 42 43 0.0 0.0 0.0 1530.0 14915.0 257.0 930.0
39 42 44 0.0 0.0 0.0 66.0 314.0 3.0 0.0
39 43 36 0.0 0.0 0.0 5.0 68.0 3.0 0.0
39 43 37 0.0 0.0 0.0 523.0 3722.0 58.0 40.0
39 43 38 0.0 1.0 3.0 1327.0 15087.0 235.0 966.0
39 43 39 0.0 7.0 13.0 2262.0 26455.0 378.0 3495.0
39 43 40 0.0 0.0 5.0 2721.0 29518.0 422.0 4860.0
39 43 41 0.0 3.0 1.0 2450.0 25458.0 377.0 3074.0
39 43 42 0.0 1.0 0.0 1536.0 15582.0 268.0 951.0
39 43 43 0.0 0.0 0.0 437.0 4330.0 68.0 60.0
39 43 44 0.0 0.0 0.0 2.0 44.0 2.0 0.0
39 44 36 0.0 0.0 0.0 0.0 2.0 0.0 0.0
39 44 37 0.0 0.0 0.0 8.0 98.0 3.0 0.0
39 44 38 0.0 0.0 0.0 22.0 370.0 12.0 1.0
39 44 39 0.0 0.0 0.0 55.0 821.0 16.0 0.0
39 44 40 0.0 0.0 0.0 98.0 1090.0 32.0 4.0
39 44 41 0.0 0.0 0.0 51.0 651.0 4.0 1.0
39 44 42 0.0 0.0 0.0 42.0 389.0 7.0 0.0
39 44 43 0.0 0.0 0.0 6.0 65.0 0.0 0.0
39 44 44 0.0 0.0 0.0 0.0 3.0 0.0 0.0
39 45 41 0.0 0.0 0.0 0.0 5.0 0.0 0.0
40 35 39 0.0 0.0 0.0 0.0 1.0 0.0 0.0
40 36 36 0.0 0.0 0.0 0.0 6.0 0.0 0.0
40 36 37 0.0 0.0 0.0 8.0 100.0 2.0 0.0
40 36 38 0.0 0.0 0.0 37.0 495.0 11.0 0.0
40 36 39 0.0 1.0 0.0 97.0 1046.0 18.0 0.0
40 36 40 0.0 0.0 0.0 105.0 1459.0 24.0 4.0
40 36 41 0.0 0.0 0.0 100.0 1207.0 22.0 5.0
40 36 42 0.0 0.0 1.0 52.0 530.0 9.0 1.0
40 36 43 0.0 0.0 0.0 14.0 204.0 4.0 0.0
40 36 44 0.0 0.0 0.0 0.0 6.0 0.0 0.0
40 37 36 0.0 0.0 0.0 2.0 109.0 1.0 0.0
40 37 37 0.0 0.0 1.0 437.0 5253.0 87.0 90.0
40 37 38 0.0 0.0 0.0 1709.0 19001.0 315.0 1486.0
40 37 39 0.0 5.0 12.0 3030.0 29841.0 445.0 5215.0
40 37 40 0.0 1.0 1.0 3298.0 33253.0 500.0 7506.0
40 37 41 0.0 6.0 4.0 3069.0 30093.0 431.0 5506.0
40 37 42 0.0 0.0 3.0 2088.0 20057.0 326.0 1848.0
40 37 43 0.0 1.0 5.0 724.0 6628.0 104.0 166.0
40 37 44 0.0 0.0 0.0 11.0 124.0 2.0 0.0
40 38 35 0.0 0.0 0.0 0.0 4.0 1.0 0.0
40 38 36 0.0 0.0 0.0 41.0 502.0 14.0 0.0
40 38 37 0.0 0.0 7.0 1929.0 16895.0 302.0 1208.0
40 38 38 0.0 0.0 3.0 4079.0 39750.0 418.0 37105.0
40 38 39 0.0 0.0 19.0 3122.0 32759.0 338.0 63091.0
40 38 40 0.0 6.0 8.0 2957.0 28287.0 257.0 72421.0
40 38 41 0.0 5.0 3.0 2943.0 31922.0 294.0 64032.0
40 38 42 0.0 1.0 4.0 3360.0 39339.0 413.0 41645.0
40 38 43 0.0 1.0 4.0 1715.0 20171.0 329.0 1786.0
40 38 44 0.0 0.0 0.0 51.0 575.0 10.0 0.0
40 38 45 0.0 0.0 0.0 0.0 1.0 0.0 0.0
40 39 36 0.0 0.0 0.0 82.0 1036.0 14.0 1.0
40 39 37 0.0 0.0 0.0 2808.0 29835.0 417.0 4732.0
40 39 38 0.0 1.0 6.0 3427.0 31906.0 313.0 63820.0
40 39 39 0.0 1.0 5.0 1446.0 13941.0 94.0 108808.0
40 39 40 0.0 0.0 9.0 1109.0 11484.0 81.0 116181.0
40 39 41 0.0 4.0 2.0 1402.0 13014.0 86.0 111445.0
40 39 42 0.0 12.0 6.0 3216.0 31317.0 290.0 65025.0
40 39 43 0.0 10.0 7.0 2983.0 31810.0 464.0 5881.0
40 39 44 0.0 0.0 0.0 130.0 1352.0 24.0 5.0
40 40 36 0.0 0.0 3.0 143.0 1321.0 26.0 2.0
40 40 37 0.0 1.0 16.0 3078.0 33024.0 458.0 6979.0
40 40 38 0.0 1.0 7.0 2861.0 28236.0 253.0 72403.0
40 40 39 0.0 1.0 2.0 1198.0 11856.0 93.0 115018.0
40 40 40 0.0 0.0 2.0 581.0 6171.0 22.0 140511.0
40 40 41 0.0 6.0 2.0 1144.0 11132.0 78.0 117095.0
40 40 42 0.0 2.0 11.0 2698.0 27898.0 261.0 72536.0
40 40 43 0.0 8.0 13.0 3393.0 33707.0 502.0 7347.0
40 40 44 0.0 0.0 0.0 128.0 1623.0 40.0 4.0
40 41 36 0.0 0.0 0.0 110.0 960.0 7.0 3.0
40 41 37 0.0 5.0 6.0 3306.0 29478.0 466.0 4975.0
40 41 38 0.0 3.0 7.0 2924.0 32362.0 281.0 64053.0
40 41 39 0.0 0.0 3.0 1336.0 13643.0 116.0 110334.0
40 41 40 0.0 3.0 3.0 1180.0 11375.0 86.0 116480.0
40 41 41 0.0 2.0 3.0 1481.0 13455.0 106.0 109782.0
40 41 42 0.0 11.0 3.0 3074.0 33097.0 313.0 61499.0
40 41 43 0.0 2.0 1.0 2969.0 28925.0 439.0 4607.0
40 41 44 0.0 0.0 0.0 108.0 1096.0 20.0 4.0
40 42 36 0.0 0.0 0.0 31.0 506.0 5.0 0.0
40 42 37 0.0 0.0 3.0 1819.0 17431.0 270.0 1307.0
40 42 38 0.0 0.0 11.0 3621.0 40142.0 442.0 36767.0
40 42 39 0.0 7.0 13.0 2803.0 32831.0 292.0 62771.0
40 42 40 0.0 2.0 10.0 2580.0 29434.0 287.0 70909.0
40 42 41 0.0 2.0 9.0 3404.0 32393.0 292.0 62091.0
40 42 42 0.0 2.0 1.0 4811.0 38958.0 496.0 37689.0
40 42 43 0.0 1.0 0.0 1702.0 16615.0 272.0 1076.0
40 42 44 0.0 0.0 0.0 31.0 381.0 4.0 0.0
40 43 36 0.0 0.0 0.0 10.0 86.0 3.0 0.0
40 43 37 0.0 0.0 0.0 543.0 5395.0 105.0 105.0
40 43 38 0.0 0.0 3.0 1691.0 17150.0 279.0 1285.0
40 43 39 0.0 1.0 1.0 2617.0 29400.0 447.0 4655.0
40 43 40 0.0 0.0 3.0 3042.0 32831.0 467.0 6598.0
40 43 41 0.0 2.0 0.0 2772.0 29410.0 463.0 4786.0
40 43 42 0.0 6.0 1.0 1970.0 17951.0 298.0 1317.0
40 43 43 0.0 0.0 0.0 456.0 4762.0 75.0 65.0
40 43 44 0.0 0.0 0.0 13.0 77.0 5.0 0.0
40 44 36 0.0 0.0 0.0 1.0 6.0 0.0 0.0
40 44 37 0.0 0.0 0.0 2.0 76.0 2.0 0.0
40 44 38 0.0 0.0 0.0 29.0 402.0 5.0 0.0
40 44 39 0.0 0.0 0.0 106.0 1097.0 24.0 5.0
40 44 40 0.0 0.0 0.0 103.0 1343.0 16.0 2.0
40 44 41 0.0 0.0 1.0 79.0 973.0 14.0 1.0
40 44 42 0.0 0.0 0.0 51.0 402.0 8.0 0.0
40 44 43 0.0 0.0 0.0 18.0 85.0 1.0 0.0
40 44 44 0.0 0.0 0.0 0.0 8.0 1.0 0.0
40 45 41 0.0 0.0 0.0 0.0 2.0 0.0 0.0
41 36 36 0.0 0.0 0.0 0.0 5.0 0.0 0.0
41 36 37 0.0 0.0 0.0 3.0 76.0 1.0 0.0
41 36 38 0.0 0.0 0.0 66.0 432.0 8.0 0.0
41 36 39 0.0 0.0 0.0 72.0 942.0 16.0 0.0
41 36 40 0.0 0.0 0.0 93.0 1157.0 13.0 2.0
41 36 41 0.0 0.0 0.0 111.0 1026.0 25.0 2.0
41 36 42 0.0 0.0 0.0 33.0 458.0 9.0 0.0
41 36 43 0.0 0.0 0.0 14.0 82.0 0.0 0.0
41 36 44 0.0 0.0 0.0 0.0 10.0 0.0 0.0
41 37 36 0.0 0.0 0.0 15.0 63.0 2.0 0.0
41 37 37 0.0 0.0 0.0 381.0 4170.0 68.0 65.0
41 37 38 0.0 0.0 0.0 1473.0 15171.0 257.0 909.0
41 37 39 0.0 0.0 0.0 2592.0 26691.0 413.0 3723.0
41 37 40 0.0 0.0 0.0 2801.0 32202.0 451.0 6172.0
41 37 41 0.0 5.0 5.0 3118.0 28966.0 417.0 4778.0
41 37 42 0.0 6.0 1.0 1598.0 18746.0 292.0 1515.0
41 37 43 0.0 2.0 6.0 464.0 7109.0 125.0 173.0
41 37 44 0.0 0.0 0.0 19.0 136.0 4.0 0.0
41 38 36 0.0 0.0 0.0 24.0 343.0 8.0 0.0
41 38 37 0.0 0.0 6.0 1775.0 14235.0 209.0 910.0
41 38 38 0.0 3.0 4.0 4597.0 40377.0 449.0 29235.0
41 38 39 0.0 1.0 2.0 3694.0 35554.0 336.0 54993.0
41 38 40 0.0 5.0 14.0 3301.0 30833.0 278.0 66612.0
41 38 41 0.0 6.0 6.0 3105.0 33640.0 302.0 60857.0
41 38 42 0.0 3.0 7.0 2693.0 39987.0 429.0 40509.0
41 38 43 0.0 0.0 7.0 1727.0 19343.0 297.0 1612.0
41 38 44 0.0 0.0 0.0 40.0 552.0 11.0 1.0
41 38 45 0.0 0.0 0.0 0.0 1.0 0.0 0.0
41 39 36 0.0 0.0 0.0 69.0 761.0 18.0 1.0
41 39 37 0.0 0.0 0.0 2469.0 25436.0 387.0 3255.0
41 39 38 0.0 1.0 5.0 3582.0 36854.0 353.0 51966.0
41 39 39 0.0 3.0 3.0 1612.0 15113.0 118.0 105388.0
41 39 40 0.0 1.0 1.0 1251.0 13054.0 94.0 112212.0
41 39 41 0.0 1.0 4.0 1300.0 13625.0 93.0 110362.0
41 39 42 0.0 8.0 6.0 3102.0 33881.0 321.0 60244.0
41 39 43 0.0 8.0 20.0 2364.0 30269.0 428.0 5145.0
41 39 44 0.0 3.0 0.0 122.0 1196.0 27.0 2.0
41 39 45 0.0 0.0 0.0 0.0 1.0 0.0 0.0
41 40 36 0.0 0.0 0.0 77.0 1143.0 21.0 1.0
41 40 37 0.0 1.0 7.0 2527.0 30691.0 435.0 5273.0
41 40 38 0.0 2.0 4.0 3383.0 31918.0 287.0 63506.0
41 40 39 0.0 2.0 1.0 1218.0 13072.0 95.0 111947.0
41 40 40 0.0 1.0 0.0 1064.0 11195.0 59.0 117718.0
41 40 41 0.0 3.0 3.0 1206.0 13851.0 91.0 110376.0
41 40 42 0.0 1.0 3.0 2804.0 31494.0 307.0 65991.0
41 40 43 0.0 4.0 0.0 2850.0 31844.0 474.0 5868.0
41 40 44 0.0 0.0 0.0 131.0 1217.0 22.0 3.0
41 41 35 0.0 0.0 0.0 0.0 1.0 0.0 0.0
41 41 36 0.0 0.0 0.0 64.0 983.0 16.0 1.0
41 41 37 0.0 0.0 1.0 2538.0 25656.0 436.0 3353.0
41 41 38 0.0 2.0 11.0 3109.0 36557.0 374.0 54579.0
41 41 39 0.0 1.0 10.0 1366.0 15833.0 111.0 103693.0
41 41 40 0.0 3.0 3.0 1314.0 13529.0 77.0 110673.0
41 41 41 0.0 4.0 4.0 1543.0 15208.0 96.0 104871.0
41 41 42 0.0 11.0 4.0 4074.0 35345.0 361.0 54067.0
41 41 43 0.0 2.0 0.0 2563.0 26980.0 403.0 3768.0
41 41 44 0.0 0.0 0.0 68.0 893.0 19.0 3.0
41 41 45 0.0 0.0 0.0 0.0 4.0 1.0 0.0
41 42 36 0.0 0.0 0.0 40.0 353.0 4.0 0.0
41 42 37 0.0 0.0 3.0 1675.0 15473.0 250.0 949.0
41 42 38 0.0 0.0 11.0 4654.0 40696.0 479.0 30074.0
41 42 39 0.0 4.0 8.0 2940.0 36639.0 302.0 53244.0
41 42 40 0.0 3.0 3.0 2929.0 33063.0 332.0 62517.0
41 42 41 0.0 6.0 3.0 3458.0 36270.0 375.0 53330.0
41 42 42 0.0 0.0 1.0 4238.0 40479.0 462.0 31786.0
41 42 43 0.0 0.0 0.0 1671.0 14635.0 247.0 875.0
41 42 44 0.0 0.0 0.0 26.0 330.0 4.0 0.0
41 43 36 0.0 0.0 0.0 5.0 55.0 1.0 0.0
41 43 37 0.0 0.0 0.0 516.0 4263.0 71.0 64.0
41 43 38 0.0 1.0 0.0 1468.0 15617.0 253.0 938.0
41 43 39 0.0 1.0 1.0 2199.0 26216.0 386.0 3336.0
41 43 40 0.0 7.0 0.0 2687.0 29270.0 423.0 4690.0
41 43 41 0.0 2.0 6.0 2470.0 25656.0 387.0 3367.0
41 43 42 0.0 5.0 0.0 1714.0 15283.0 252.0 917.0
41 43 43 0.0 0.0 0.0 560.0 4308.0 85.0 60.0
41 43 44 0.0 0.0 0.0 10.0 93.0 2.0 0.0
41 44 36 0.0 0.0 0.0 0.0 2.0 0.0 0.0
41 44 37 0.0 0.0 0.0 8.0 78.0 2.0 0.0
41 44 38 0.0 0.0 0.0 17.0 329.0 7.0 0.0
41 44 39 0.0 0.0 0.0 69.0 772.0 18.0 2.0
41 44 40 0.0 0.0 0.0 76.0 1011.0 15.0 1.0
41 44 41 0.0 0.0 0.0 100.0 793.0 15.0 1.0
41 44 42 0.0 0.0 0.0 32.0 332.0 7.0 0.0
41 44 43 0.0 0.0 0.0 6.0 92.0 1.0 0.0
41 44 44 0.0 0.0 0.0 0.0 3.0 0.0 0.0
42 35 40 0.0 0.0 0.0 0.0 1.0 0.0 0.0
42 35 41 0.0 0.0 0.0 0.0 1.0 0.0 0.0
42 36 36 0.0 0.0 0.0 0.0 5.0 0.0 0.0
42 36 37 0.0 0.0 0.0 3.0 14.0 0.0 0.0
42 36 38 0.0 0.0 0.0 31.0 161.0 5.0 0.0
42 36 39 0.0 0.0 0.0 32.0 442.0 6.0 0.0
42 36 40 0.0 0.0 0.0 58.0 581.0 9.0 0.0
42 36 41 0.0 0.0 0.0 51.0 537.0 19.0 2.0
42 36 42 0.0 0.0 0.0 33.0 270.0 10.0 0.0
42 36 43 0.0 0.0 0.0 17.0 37.0 0.0 0.0
42 36 44 0.0 0.0 0.0 0.0 10.0 0.0 0.0
42 37 36 0.0 0.0 0.0 19.0 26.0 1.0 0.0
42 37 37 0.0 0.0 0.0 253.0 2186.0 35.0 18.0
42 37 38 0.0 0.0 0.0 891.0 8692.0 166.0 283.0
42 37 39 0.0 0.0 5.0 1660.0 16987.0 286.0 1278.0
42 37 40 0.0 1.0 6.0 2046.0 21221.0 338.0 2113.0
42 37 41 0.0 5.0 10.0 1832.0 19707.0 326.0 1709.0
42 37 42 0.0 0.0 2.0 896.0 11870.0 214.0 536.0
42 37 43 0.0 0.0 1.0 245.0 3833.0 69.0 45.0
42 37 44 0.0 0.0 0.0 14.0 72.0 1.0 0.0
42 38 36 0.0 0.0 2.0 6.0 172.0 2.0 0.0
42 38 37 0.0 0.0 2.0 763.0 8238.0 137.0 275.0
42 38 38 0.0 1.0 10.0 3235.0 39686.0 486.0 17568.0
42 38 39 0.0 1.0 0.0 3928.0 40612.0 472.0 34360.0
42 38 40 0.0 10.0 4.0 3744.0 37239.0 390.0 45985.0
42 38 41 0.0 4.0 14.0 2925.0 39646.0 420.0 40978.0
42 38 42 0.0 2.0 3.0 2777.0 41532.0 484.0 24262.0
42 38 43 0.0 0.0 0.0 903.0 13036.0 186.0 626.0
42 38 44 0.0 0.0 0.0 17.0 285.0 7.0 0.0
42 38 45 0.0 0.0 0.0 0.0 1.0 0.0 0.0
42 39 36 0.0 0.0 0.0 31.0 377.0 8.0 1.0
42 39 37 0.0 0.0 0.0 1415.0 15596.0 288.0 946.0
42 39 38 0.0 0.0 1.0 3279.0 41060.0 445.0 34632.0
42 39 39 0.0 7.0 6.0 3796.0 35097.0 342.0 55323.0
42 39 40 0.0 6.0 5.0 2956.0 30127.0 266.0 67969.0
42 39 41 0.0 4.0 13.0 3060.0 33524.0 309.0 60326.0
42 39 42 0.0 5.0 13.0 2703.0 40125.0 459.0 40732.0
42 39 43 0.0 0.0 0.0 1485.0 19157.0 323.0 1515.0
42 39 44 0.0 0.0 0.0 39.0 502.0 7.0 0.0
42 40 36 0.0 0.0 0.0 61.0 491.0 10.0 0.0
42 40 37 0.0 0.0 2.0 1409.0 18823.0 288.0 1399.0
42 40 38 0.0 0.0 5.0 3280.0 40070.0 420.0 38525.0
42 40 39 0.0 0.0 2.0 2562.0 32058.0 309.0 65215.0
42 40 40 0.0 2.0 3.0 2551.0 28071.0 250.0 73265.0
42 40 41 0.0 3.0 10.0 2671.0 31322.0 280.0 66093.0
42 40 42 0.0 1.0 7.0 3030.0 38764.0 397.0 43873.0
42 40 43 0.0 0.0 3.0 2144.0 21013.0 315.0 2106.0
42 40 44 0.0 0.0 0.0 53.0 609.0 10.0 0.0
42 40 45 0.0 0.0 0.0 0.0 1.0 0.0 0.0
42 41 36 0.0 0.0 0.0 28.0 326.0 6.0 0.0
42 41 37 0.0 0.0 6.0 1481.0 15051.0 260.0 873.0
42 41 38 0.0 0.0 5.0 3146.0 41599.0 468.0 30806.0
42 41 39 0.0 0.0 6.0 2493.0 37242.0 372.0 53480.0
42 41 40 0.0 3.0 3.0 2495.0 32216.0 259.0 64528.0
42 41 41 0.0 0.0 4.0 3102.0 35870.0 362.0 55681.0
42 41 42 0.0 4.0 3.0 3391.0 41577.0 485.0 31604.0
42 41 43 0.0 9.0 0.0 1430.0 17401.0 273.0 1302.0
42 41 44 0.0 0.0 0.0 41.0 408.0 6.0 0.0
42 42 36 0.0 0.0 0.0 14.0 135.0 2.0 0.0
42 42 37 0.0 0.0 0.0 850.0 8331.0 131.0 258.0
42 42 38 0.0 3.0 3.0 3969.0 36202.0 516.0 12001.0
42 42 39 0.0 0.0 5.0 3161.0 41724.0 503.0 31453.0
42 42 40 0.0 9.0 2.0 3276.0 39812.0 392.0 39685.0
42 42 41 0.0 0.0 2.0 4745.0 39776.0 462.0 31960.0
42 42 42 0.0 12.0 0.0 3146.0 38234.0 501.0 13346.0
42 42 43 0.0 2.0 0.0 776.0 8240.0 154.0 239.0
42 42 44 0.0 0.0 0.0 9.0 168.0 2.0 0.0
42 43 36 0.0 0.0 0.0 3.0 27.0 2.0 0.0
42 43 37 0.0 0.0 0.0 251.0 1806.0 33.0 14.0
42 43 38 0.0 0.0 0.0 711.0 7810.0 133.0 201.0
42 43 39 0.0 1.0 5.0 1163.0 15790.0 270.0 1021.0
42 43 40 0.0 0.0 1.0 1706.0 17372.0 268.0 1238.0
42 43 41 0.0 1.0 0.0 1521.0 15349.0 237.0 950.0
42 43 42 0.0 1.0 1.0 727.0 8121.0 146.0 238.0
42 43 43 0.0 0.0 0.0 230.0 2161.0 36.0 11.0
42 43 44 0.0 0.0 0.0 5.0 15.0 0.0 0.0
42 44 36 0.0 0.0 0.0 0.0 1.0 0.0 0.0
42 44 37 0.0 0.0 0.0 1.0 22.0 0.0 0.0
42 44 38 0.0 0.0 0.0 18.0 170.0 3.0 0.0
42 44 39 0.0 0.0 0.0 31.0 332.0 2.0 1.0
42 44 40 0.0 0.0 0.0 34.0 488.0 9.0 0.0
42 44 41 0.0 0.0 0.0 40.0 302.0 7.0 0.0
42 44 42 0.0 0.0 0.0 14.0 170.0 2.0 0.0
42 44 43 0.0 0.0 0.0 3.0 35.0 1.0 0.0
42 44 44 0.0 0.0 0.0 0.0 1.0 0.0 0.0
43 36 36 0.0 0.0 0.0 4.0 0.0 0.0 0.0
43 36 37 0.0 0.0 0.0 0.0 6.0 0.0 0.0
43 36 38 0.0 0.0 0.0 4.0 39.0 0.0 0.0
43 36 39 0.0 0.0 0.0 3.0 115.0 2.0 0.0
43 36 40 0.0 0.0 0.0 17.0 193.0 2.0 0.0
43 36 41 0.0 0.0 0.0 9.0 144.0 3.0 0.0
43 36 42 0.0 0.0 0.0 3.0 63.0 0.0 0.0
43 36 43 0.0 0.0 0.0 5.0 13.0 0.0 0.0
43 36 44 0.0 0.0 0.0 0.0 2.0 0.0 0.0
43 37 36 0.0 0.0 0.0 0.0 8.0 1.0 0.0
43 37 37 0.0 0.0 0.0 38.0 601.0 13.0 0.0
43 37 38 0.0 0.0 0.0 303.0 2634.0 59.0 28.0
43 37 39 0.0 0.0 0.0 454.0 5835.0 104.0 106.0
43 37 40 0.0 0.0 2.0 633.0 7590.0 118.0 193.0
43 37 41 0.0 0.0 1.0 624.0 6370.0 105.0 127.0
43 37 42 0.0 0.0 0.0 192.0 4208.0 82.0 49.0
43 37 43 0.0 0.0 0.0 42.0 1357.0 28.0 7.0
43 37 44 0.0 0.0 0.0 9.0 26.0 0.0 0.0
43 38 36 0.0 0.0 0.0 2.0 25.0 0.0 0.0
43 38 37 0.0 0.0 0.0 195.0 3018.0 65.0 28.0
43 38 38 0.0 0.0 1.0 1011.0 8908.0 168.0 275.0
43 38 39 0.0 0.0 4.0 1644.0 18659.0 282.0 1509.0
43 38 40 0.0 0.0 3.0 1818.0 22762.0 357.0 2393.0
43 38 41 0.0 0.0 0.0 1942.0 20889.0 334.0 1948.0
43 38 42 0.0 0.0 3.0 890.0 12116.0 201.0 551.0
43 38 43 0.0 0.0 0.0 246.0 4066.0 63.0 40.0
43 38 44 0.0 0.0 0.0 1.0 77.0 2.0 0.0
43 39 36 0.0 0.0 0.0 10.0 60.0 0.0 0.0
43 39 37 0.0 0.0 0.0 346.0 5403.0 100.0 89.0
43 39 38 0.0 0.0 2.0 1459.0 16244.0 238.0 1082.0
43 39 39 0.0 0.0 3.0 2954.0 28444.0 423.0 4485.0
43 39 40 0.0 9.0 6.0 3079.0 32249.0 443.0 6602.0
43 39 41 0.0 3.0 5.0 2523.0 30874.0 435.0 5336.0
43 39 42 0.0 0.0 14.0 1440.0 20751.0 327.0 1955.0
43 39 43 0.0 0.0 0.0 444.0 6683.0 112.0 127.0
43 39 44 0.0 0.0 0.0 9.0 120.0 0.0 0.0
43 40 36 0.0 0.0 0.0 9.0 109.0 2.0 0.0
43 40 37 0.0 0.0 0.0 416.0 6260.0 100.0 124.0
43 40 38 0.0 0.0 5.0 1547.0 18941.0 289.0 1471.0
43 40 39 0.0 1.0 2.0 2621.0 30499.0 417.0 5167.0
43 40 40 0.0 0.0 14.0 2583.0 36040.0 470.0 8719.0
43 40 41 0.0 10.0 2.0 3309.0 32132.0 473.0 6237.0
43 40 42 0.0 4.0 1.0 1923.0 20731.0 308.0 1913.0
43 40 43 0.0 0.0 0.0 524.0 7358.0 129.0 209.0
43 40 44 0.0 0.0 0.0 14.0 132.0 10.0 0.0
43 41 36 0.0 0.0 1.0 7.0 55.0 2.0 0.0
43 41 37 0.0 0.0 0.0 362.0 4541.0 80.0 65.0
43 41 38 0.0 0.0 0.0 1005.0 15492.0 234.0 916.0
43 41 39 0.0 1.0 2.0 1987.0 27120.0 406.0 3740.0
43 41 40 0.0 0.0 10.0 2564.0 31554.0 469.0 5714.0
43 41 41 0.0 1.0 1.0 2129.0 28576.0 415.0 4298.0
43 41 42 0.0 0.0 2.0 1425.0 16207.0 271.0 1091.0
43 41 43 0.0 0.0 0.0 404.0 5207.0 81.0 75.0
43 41 44 0.0 0.0 0.0 16.0 107.0 2.0 0.0
43 42 36 0.0 0.0 0.0 0.0 18.0 1.0 0.0
43 42 37 0.0 0.0 0.0 163.0 2261.0 25.0 15.0
43 42 38 0.0 0.0 3.0 517.0 8078.0 133.0 272.0
43 42 39 0.0 0.0 5.0 1076.0 15755.0 269.0 923.0
43 42 40 0.0 2.0 3.0 1348.0 20026.0 328.0 1703.0
43 42 41 0.0 0.0 0.0 1628.0 15979.0 281.0 1016.0
43 42 42 0.0 0.0 0.0 874.0 8730.0 151.0 271.0
43 42 43 0.0 0.0 0.0 272.0 1882.0 37.0 15.0
43 42 44 0.0 0.0 0.0 1.0 31.0 1.0 0.0
43 43 36 0.0 0.0 0.0 0.0 6.0 0.0 0.0
43 43 37 0.0 0.0 0.0 24.0 424.0 4.0 0.0
43 43 38 0.0 0.0 0.0 140.0 2121.0 45.0 7.0
43 43 39 0.0 0.0 0.0 207.0 4674.0 84.0 62.0
43 43 40 0.0 1.0 0.0 654.0 6026.0 105.0 122.0
43 43 41 0.0 3.0 0.0 465.0 4766.0 94.0 57.0
43 43 42 0.0 1.0 0.0 257.0 2000.0 36.0 14.0
43 43 43 0.0 0.0 0.0 23.0 486.0 16.0 0.0
43 43 44 0.0 0.0 0.0 0.0 1.0 0.0 0.0
43 44 37 0.0 0.0 0.0 0.0 2.0 0.0 0.0
43 44 38 0.0 0.0 0.0 0.0 39.0 1.0 0.0
43 44 39 0.0 0.0 0.0 15.0 72.0 1.0 0.0
43 44 40 0.0 0.0 0.0 10.0 88.0 3.0 0.0
43 44 41 0.0 0.0 0.0 6.0 76.0 1.0 0.0
43 44 42 0.0 0.0 0.0 0.0 22.0 0.0 0.0
43 44 43 0.0 0.0 0.0 0.0 13.0 0.0 0.0
44 36 38 0.0 0.0 0.0 0.0 1.0 0.0 0.0
44 36 39 0.0 0.0 0.0 0.0 7.0 0.0 0.0
44 36 40 0.0 0.0 0.0 0.0 6.0 0.0 0.0
44 36 41 0.0 0.0 0.0 0.0 4.0 0.0 0.0
44 36 42 0.0 0.0 0.0 0.0 3.0 0.0 0.0
44 36 43 0.0 0.0 0.0 1.0 0.0 0.0 0.0
44 36 44 0.0 0.0 0.0 0.0 1.0 0.0 0.0
44 37 37 0.0 0.0 0.0 1.0 4.0 0.0 0.0
44 37 38 0.0 0.0 0.0 2.0 62.0 1.0 0.0
44 37 39 0.0 0.0 0.0 17.0 134.0 3.0 0.0
44 37 40 0.0 0.0 0.0 24.0 184.0 0.0 0.0
44 37 41 0.0 0.0 0.0 12.0 167.0 3.0 0.0
44 37 42 0.0 0.0 0.0 7.0 76.0 2.0 1.0
44 37 43 0.0 0.0 0.0 2.0 27.0 2.0 0.0
44 38 36 0.0 0.0 0.0 0.0 3.0 0.0 0.0
44 38 37 0.0 0.0 0.0 3.0 43.0 2.0 0.0
44 38 38 0.0 0.0 0.0 14.0 215.0 5.0 0.0
44 38 39 0.0 0.0 0.0 48.0 536.0 12.0 1.0
44 38 40 0.0 0.0 0.0 55.0 797.0 18.0 3.0
44 38 41 0.0 0.0 0.0 70.0 650.0 15.0 0.0
44 38 42 0.0 0.0 0.0 14.0 305.0 5.0 1.0
44 38 43 0.0 0.0 0.0 6.0 76.0 2.0 0.0
44 38 44 0.0 0.0 0.0 0.0 4.0 0.0 0.0
44 39 36 0.0 0.0 0.0 0.0 5.0 0.0 0.0
44 39 37 0.0 0.0 0.0 10.0 89.0 3.0 0.0
44 39 38 0.0 0.0 0.0 32.0 437.0 4.0 1.0
44 39 39 0.0 0.0 0.0 92.0 980.0 18.0 0.0
44 39 40 0.0 0.0 0.0 101.0 1398.0 18.0 2.0
44 39 41 0.0 1.0 0.0 88.0 1103.0 22.0 1.0
44 39 42 0.0 0.0 0.0 45.0 581.0 14.0 0.0
44 39 43 0.0 0.0 0.0 3.0 170.0 4.0 0.0
44 39 44 0.0 0.0 0.0 0.0 10.0 0.0 0.0
44 40 36 0.0 0.0 0.0 0.0 2.0 0.0 0.0
44 40 37 0.0 0.0 0.0 3.0 87.0 2.0 0.0
44 40 38 0.0 0.0 0.0 66.0 508.0 10.0 0.0
44 40 39 0.0 0.0 0.0 108.0 1350.0 32.0 4.0
44 40 40 0.0 0.0 0.0 137.0 1899.0 36.0 6.0
44 40 41 0.0 0.0 0.0 76.0 1514.0 29.0 6.0
44 40 42 0.0 0.0 0.0 45.0 661.0 7.0 0.0
44 40 43 0.0 0.0 0.0 21.0 175.0 4.0 0.0
44 40 44 0.0 0.0 0.0 1.0 5.0 0.0 0.0
44 41 36 0.0 0.0 0.0 0.0 10.0 0.0 0.0
44 41 37 0.0 0.0 0.0 8.0 115.0 4.0 0.0
44 41 38 0.0 0.0 0.0 20.0 407.0 7.0 0.0
44 41 39 0.0 0.0 0.0 53.0 921.0 16.0 1.0
44 41 40 0.0 0.0 1.0 112.0 1335.0 29.0 3.0
44 41 41 0.0 0.0 0.0 80.0 1079.0 26.0 2.0
44 41 42 0.0 0.0 0.0 46.0 468.0 12.0 0.0
44 41 43 0.0 0.0 0.0 5.0 97.0 2.0 0.0
44 41 44 0.0 0.0 0.0 0.0 6.0 0.0 0.0
44 42 37 0.0 0.0 0.0 0.0 35.0 0.0 0.0
44 42 38 0.0 0.0 0.0 14.0 169.0 5.0 0.0
44 42 39 0.0 0.0 0.0 38.0 374.0 8.0 0.0
44 42 40 0.0 0.0 0.0 62.0 529.0 9.0 2.0
44 42 41 0.0 0.0 0.0 13.0 480.0 8.0 0.0
44 42 42 0.0 0.0 0.0 14.0 192.0 3.0 0.0
44 42 43 0.0 0.0 0.0 1.0 22.0 0.0 0.0
44 43 37 0.0 0.0 0.0 1.0 5.0 0.0 0.0
44 43 38 0.0 0.0 0.0 0.0 31.0 0.0 0.0
44 43 39 0.0 0.0 0.0 4.0 90.0 1.0 0.0
44 43 40 0.0 0.0 0.0 6.0 70.0 0.0 0.0
44 43 41 0.0 0.0 0.0 8.0 110.0 1.0 0.0
44 43 42 0.0 0.0 0.0 12.0 38.0 3.0 0.0
44 43 43 0.0 0.0 0.0 0.0 6.0 0.0 0.0
44 43 44 0.0 0.0 0.0 0.0 2.0 0.0 0.0
44 44 38 0.0 0.0 0.0 1.0 0.0 0.0 0.0
44 44 39 0.0 0.0 0.0 0.0 2.0 0.0 0.0
44 44 40 0.0 0.0 0.0 0.0 17.0 0.0 0.0
44 44 41 0.0 0.0 0.0 0.0 4.0 0.0 0.0
44 44 42 0.0 0.0 0.0 0.0 5.0 0.0 0.0
44 44 43 0.0 0.0 0.0 0.0 1.0 0.0 0.0
45 39 41 0.0 0.0 0.0 1.0 1.0 0.0 0.0
45 39 42 0.0 0.0 0.0 1.0 1.0 0.0 0.0
45 40 40 0.0 0.0 0.0 0.0 2.0 0.0 0.0
45 40 41 0.0 0.0 0.0 0.0 2.0 0.0 0.0
45 41 41 0.0 0.0 0.0 0.0 1.0 0.0 0.0
