39 39 39 0.0 0.0 0.0 0.0 17.0 0.0 0.0
39 39 40 0.0 0.0 0.0 3.0 26.0 0.0 0.0
39 39 41 0.0 0.0 1.0 4.0 26.0 1.0 0.0
39 40 39 0.0 0.0 6.0 19.0 84.0 1.0 0.0
39 40 40 0.0 0.0 3.0 6.0 40.0 2.0 0.0
39 40 41 0.0 0.0 4.0 0.0 45.0 2.0 1.0
39 41 39 0.0 0.0 2.0 2.0 30.0 1.0 0.0
39 41 40 0.0 0.0 0.0 0.0 23.0 0.0 0.0
39 41 41 0.0 0.0 1.0 4.0 11.0 1.0 0.0
40 39 39 0.0 0.0 0.0 0.0 14.0 1.0 0.0
40 39 40 0.0 1.0 1.0 10.0 31.0 1.0 0.0
40 39 41 0.0 0.0 1.0 5.0 31.0 1.0 0.0
40 40 39 0.0 0.0 0.0 7.0 25.0 0.0 0.0
40 40 40 7.0 121.0 482.0 1732.0 11356.0 205.0 770.0
40 40 41 1.0 0.0 3.0 3.0 27.0 2.0 0.0
40 41 39 0.0 2.0 0.0 6.0 31.0 0.0 0.0
40 41 40 0.0 0.0 3.0 3.0 32.0 2.0 0.0
40 41 41 0.0 0.0 5.0 11.0 38.0 2.0 0.0
41 39 39 0.0 0.0 2.0 2.0 28.0 0.0 0.0
41 39 40 0.0 1.0 0.0 12.0 69.0 3.0 0.0
41 39 41 1.0 1.0 13.0 1.0 128.0 2.0 0.0
41 40 39 0.0 0.0 4.0 1.0 45.0 5.0 0.0
41 40 40 0.0 0.0 1.0 3.0 54.0 1.0 0.0
41 40 41 0.0 0.0 0.0 1.0 14.0 0.0 0.0
41 41 39 0.0 0.0 2.0 0.0 15.0 2.0 0.0
41 41 40 0.0 0.0 8.0 0.0 37.0 1.0 0.0
41 41 41 0.0 1.0 0.0 1.0 21.0 0.0 0.0
