39 39 39 0.0 0.0 0.0 0.0 10.0 1.0 0.0
39 39 40 0.0 0.0 0.0 0.0 7.0 0.0 0.0
39 39 41 0.0 0.0 0.0 3.0 2.0 0.0 0.0
39 40 39 0.0 0.0 5.0 9.0 25.0 2.0 0.0
39 40 40 0.0 0.0 1.0 2.0 13.0 1.0 0.0
39 40 41 0.0 0.0 4.0 0.0 16.0 1.0 0.0
39 41 39 0.0 0.0 1.0 0.0 13.0 0.0 0.0
39 41 40 0.0 0.0 0.0 0.0 9.0 1.0 0.0
39 41 41 0.0 0.0 1.0 0.0 2.0 0.0 0.0
40 39 39 0.0 0.0 0.0 0.0 2.0 0.0 0.0
40 39 40 0.0 0.0 0.0 1.0 9.0 0.0 0.0
40 39 41 0.0 0.0 0.0 0.0 6.0 0.0 0.0
40 40 39 0.0 0.0 0.0 0.0 5.0 0.0 0.0
40 40 40 7.0 89.0 375.0 980.0 6296.0 113.0 215.0
40 40 41 1.0 0.0 1.0 1.0 4.0 1.0 0.0
40 41 39 0.0 0.0 0.0 1.0 9.0 0.0 0.0
40 41 40 0.0 0.0 2.0 0.0 7.0 0.0 0.0
40 41 41 0.0 0.0 3.0 1.0 13.0 0.0 0.0
41 39 39 0.0 0.0 0.0 0.0 8.0 1.0 0.0
41 39 40 0.0 1.0 0.0 6.0 19.0 2.0 0.0
41 39 41 1.0 0.0 5.0 0.0 54.0 3.0 0.0
41 40 39 0.0 0.0 1.0 0.0 7.0 0.0 0.0
41 40 40 0.0 0.0 0.0 1.0 15.0 0.0 0.0
41 40 41 0.0 0.0 0.0 1.0 3.0 0.0 0.0
41 41 39 0.0 0.0 0.0 0.0 2.0 0.0 0.0
41 41 40 0.0 0.0 4.0 0.0 8.0 0.0 0.0
41 41 41 0.0 0.0 0.0 0.0 2.0 0.0 0.0
