36 37 40 0.0 0.0 0.0 0.0 1.0 0.0 0.0
36 38 37 0.0 0.0 0.0 0.0 1.0 0.0 0.0
36 38 38 0.0 0.0 0.0 0.0 2.0 0.0 0.0
36 38 39 0.0 0.0 0.0 0.0 2.0 0.0 0.0
36 38 40 0.0 0.0 0.0 0.0 11.0 1.0 0.0
36 38 42 0.0 0.0 0.0 0.0 2.0 0.0 0.0
36 39 37 0.0 0.0 0.0 0.0 2.0 0.0 0.0
36 39 38 0.0 0.0 0.0 1.0 2.0 0.0 0.0
36 39 39 0.0 0.0 0.0 0.0 23.0 0.0 0.0
36 39 40 0.0 0.0 0.0 1.0 11.0 0.0 0.0
36 39 41 0.0 0.0 0.0 1.0 6.0 0.0 0.0
36 39 42 0.0 0.0 0.0 0.0 13.0 0.0 0.0
36 39 43 0.0 0.0 0.0 0.0 1.0 0.0 0.0
36 40 37 0.0 0.0 0.0 0.0 2.0 0.0 0.0
36 40 38 0.0 0.0 0.0 0.0 2.0 0.0 0.0
36 40 39 0.0 0.0 0.0 0.0 12.0 0.0 0.0
36 40 40 0.0 0.0 0.0 2.0 11.0 0.0 0.0
36 40 41 0.0 0.0 0.0 0.0 19.0 0.0 0.0
36 40 42 0.0 0.0 0.0 0.0 6.0 0.0 0.0
36 41 37 0.0 0.0 0.0 0.0 1.0 0.0 0.0
36 41 38 0.0 0.0 0.0 0.0 3.0 0.0 0.0
36 41 39 0.0 0.0 0.0 1.0 8.0 0.0 0.0
36 41 40 0.0 0.0 0.0 1.0 21.0 0.0 0.0
36 41 41 0.0 0.0 0.0 1.0 6.0 0.0 0.0
36 41 42 0.0 0.0 0.0 1.0 7.0 0.0 0.0
36 41 43 0.0 0.0 0.0 0.0 3.0 0.0 0.0
36 42 38 0.0 0.0 0.0 1.0 1.0 0.0 0.0
36 42 39 0.0 0.0 0.0 0.0 3.0 0.0 0.0
36 42 40 0.0 0.0 0.0 1.0 2.0 0.0 0.0
36 42 41 0.0 0.0 0.0 1.0 2.0 0.0 0.0
36 42 42 0.0 0.0 0.0 0.0 1.0 0.0 0.0
36 42 43 0.0 0.0 0.0 0.0 1.0 0.0 0.0
36 43 39 0.0 0.0 0.0 0.0 1.0 0.0 0.0
36 43 41 0.0 0.0 0.0 0.0 2.0 0.0 0.0
37 37 37 0.0 0.0 0.0 1.0 25.0 1.0 0.0
37 37 38 0.0 0.0 0.0 11.0 147.0 3.0 0.0
37 37 39 0.0 0.0 0.0 14.0 286.0 6.0 0.0
37 37 40 0.0 0.0 0.0 36.0 361.0 4.0 0.0
37 37 41 0.0 0.0 0.0 36.0 301.0 5.0 0.0
37 37 42 0.0 0.0 0.0 15.0 118.0 3.0 0.0
37 37 43 0.0 0.0 0.0 0.0 13.0 0.0 0.0
37 38 37 0.0 0.0 0.0 16.0 140.0 3.0 0.0
37 38 38 0.0 0.0 0.0 130.0 827.0 17.0 1.0
37 38 39 0.0 0.0 0.0 208.0 1838.0 35.0 13.0
37 38 40 0.0 1.0 0.0 306.0 2533.0 47.0 12.0
37 38 41 0.0 0.0 0.0 240.0 1816.0 39.0 4.0
37 38 42 0.0 0.0 1.0 106.0 672.0 15.0 0.0
37 38 43 0.0 0.0 0.0 11.0 123.0 1.0 0.0
37 39 36 0.0 0.0 0.0 0.0 2.0 0.0 0.0
37 39 37 0.0 0.0 0.0 49.0 474.0 8.0 0.0
37 39 38 0.0 0.0 6.0 197.0 2301.0 47.0 13.0
37 39 39 0.0 0.0 3.0 533.0 4627.0 81.0 67.0
37 39 40 0.0 1.0 0.0 689.0 5592.0 109.0 98.0
37 39 41 0.0 1.0 1.0 543.0 4274.0 85.0 45.0
37 39 42 0.0 0.0 0.0 276.0 1700.0 37.0 17.0
37 39 43 0.0 0.0 0.0 25.0 265.0 4.0 0.0
37 40 36 0.0 0.0 0.0 0.0 2.0 0.0 0.0
37 40 37 0.0 0.0 0.0 69.0 503.0 14.0 0.0
37 40 38 0.0 0.0 2.0 335.0 2866.0 36.0 25.0
37 40 39 0.0 0.0 1.0 580.0 5885.0 105.0 82.0
37 40 40 0.0 0.0 2.0 705.0 7612.0 140.0 160.0
37 40 41 0.0 1.0 0.0 641.0 5408.0 94.0 72.0
37 40 42 0.0 0.0 0.0 295.0 2231.0 45.0 19.0
37 40 43 0.0 0.0 0.0 33.0 449.0 7.0 1.0
37 40 44 0.0 0.0 0.0 0.0 2.0 0.0 0.0
37 41 36 0.0 0.0 0.0 0.0 1.0 0.0 0.0
37 41 37 0.0 0.0 0.0 28.0 517.0 11.0 0.0
37 41 38 0.0 1.0 0.0 171.0 2079.0 32.0 3.0
37 41 39 0.0 0.0 1.0 469.0 4668.0 67.0 68.0
37 41 40 0.0 0.0 7.0 604.0 5619.0 99.0 93.0
37 41 41 0.0 0.0 3.0 381.0 3996.0 82.0 43.0
37 41 42 0.0 0.0 0.0 207.0 2065.0 43.0 19.0
37 41 43 0.0 0.0 0.0 28.0 248.0 1.0 0.0
37 42 36 0.0 0.0 0.0 0.0 2.0 0.0 0.0
37 42 37 0.0 0.0 0.0 18.0 133.0 4.0 0.0
37 42 38 0.0 0.0 0.0 103.0 804.0 9.0 1.0
37 42 39 0.0 0.0 0.0 236.0 2054.0 50.0 13.0
37 42 40 0.0 0.0 2.0 225.0 2369.0 39.0 13.0
37 42 41 0.0 0.0 1.0 119.0 1966.0 38.0 6.0
37 42 42 0.0 0.0 0.0 68.0 742.0 14.0 1.0
37 42 43 0.0 0.0 0.0 35.0 154.0 4.0 0.0
37 42 44 0.0 0.0 0.0 0.0 2.0 0.0 0.0
37 43 37 0.0 0.0 0.0 4.0 21.0 0.0 0.0
37 43 38 0.0 0.0 0.0 3.0 106.0 0.0 0.0
37 43 39 0.0 0.0 0.0 49.0 331.0 5.0 0.0
37 43 40 0.0 0.0 1.0 34.0 394.0 4.0 0.0
37 43 41 0.0 0.0 0.0 26.0 264.0 4.0 0.0
37 43 42 0.0 0.0 0.0 14.0 119.0 0.0 0.0
37 43 43 0.0 0.0 0.0 2.0 16.0 1.0 0.0
37 44 39 0.0 0.0 0.0 0.0 1.0 0.0 0.0
37 44 40 0.0 0.0 0.0 0.0 1.0 0.0 0.0
37 44 41 0.0 0.0 0.0 0.0 1.0 0.0 0.0
37 44 42 0.0 0.0 0.0 0.0 6.0 0.0 0.0
38 36 37 0.0 0.0 0.0 0.0 1.0 0.0 0.0
38 36 39 0.0 0.0 0.0 0.0 1.0 0.0 0.0
38 36 40 0.0 0.0 0.0 0.0 9.0 0.0 0.0
38 36 41 0.0 0.0 0.0 1.0 9.0 0.0 0.0
38 37 37 0.0 0.0 0.0 24.0 140.0 4.0 0.0
38 37 38 0.0 0.0 0.0 66.0 819.0 14.0 2.0
38 37 39 0.0 0.0 1.0 184.0 1673.0 32.0 9.0
38 37 40 0.0 0.0 0.0 230.0 2318.0 35.0 17.0
38 37 41 0.0 0.0 0.0 111.0 2030.0 43.0 13.0
38 37 42 0.0 0.0 0.0 55.0 950.0 23.0 5.0
38 37 43 0.0 0.0 0.0 30.0 206.0 5.0 0.0
38 38 36 0.0 0.0 0.0 0.0 6.0 1.0 0.0
38 38 37 0.0 0.0 0.0 121.0 845.0 14.0 2.0
38 38 38 0.0 0.0 0.0 1128.0 14974.0 234.0 1013.0
38 38 39 0.0 0.0 12.0 2158.0 25129.0 353.0 3487.0
38 38 40 0.0 4.0 9.0 2768.0 30929.0 475.0 6125.0
38 38 41 0.0 5.0 5.0 2906.0 24747.0 351.0 3472.0
38 38 42 0.0 0.0 0.0 950.0 12226.0 221.0 636.0
38 38 43 0.0 0.0 0.0 80.0 908.0 9.0 0.0
38 38 44 0.0 0.0 0.0 0.0 1.0 0.0 0.0
38 39 36 0.0 0.0 0.0 0.0 5.0 0.0 0.0
38 39 37 0.0 3.0 0.0 267.0 2031.0 36.0 8.0
38 39 38 0.0 7.0 12.0 4000.0 27116.0 420.0 5080.0
38 39 39 0.0 0.0 7.0 4850.0 37853.0 518.0 15396.0
38 39 40 0.0 12.0 5.0 5141.0 39744.0 511.0 20307.0
38 39 41 0.0 2.0 6.0 3929.0 37851.0 492.0 14112.0
38 39 42 0.0 0.0 19.0 2529.0 23864.0 347.0 3216.0
38 39 43 0.0 0.0 0.0 200.0 1922.0 28.0 7.0
38 39 44 0.0 0.0 0.0 2.0 2.0 0.0 0.0
38 40 36 0.0 0.0 0.0 0.0 7.0 0.0 0.0
38 40 37 0.0 0.0 2.0 344.0 3046.0 50.0 23.0
38 40 38 0.0 2.0 26.0 2651.0 33979.0 497.0 8582.0
38 40 39 0.0 6.0 18.0 4562.0 41180.0 521.0 21506.0
38 40 40 0.0 10.0 13.0 4343.0 42013.0 494.0 28029.0
38 40 41 0.0 7.0 11.0 4449.0 40584.0 521.0 20332.0
38 40 42 0.0 3.0 20.0 2699.0 30062.0 448.0 5770.0
38 40 43 0.0 0.0 0.0 192.0 2895.0 52.0 24.0
38 40 44 0.0 1.0 0.0 1.0 9.0 0.0 0.0
38 41 36 0.0 0.0 0.0 0.0 9.0 0.0 0.0
38 41 37 0.0 0.0 0.0 223.0 2295.0 40.0 10.0
38 41 38 0.0 2.0 7.0 2339.0 27310.0 404.0 4397.0
38 41 39 0.0 0.0 9.0 3467.0 39211.0 493.0 15407.0
38 41 40 0.0 1.0 9.0 4136.0 40458.0 522.0 20256.0
38 41 41 0.0 12.0 9.0 3633.0 38051.0 508.0 13132.0
38 41 42 0.0 1.0 5.0 2073.0 25988.0 396.0 3656.0
38 41 43 0.0 1.0 0.0 199.0 1652.0 31.0 8.0
38 41 44 0.0 0.0 0.0 2.0 10.0 0.0 0.0
38 42 36 0.0 0.0 0.0 0.0 4.0 0.0 0.0
38 42 37 0.0 0.0 0.0 73.0 943.0 14.0 2.0
38 42 38 0.0 0.0 1.0 1305.0 14471.0 239.0 998.0
38 42 39 0.0 13.0 15.0 2289.0 25606.0 394.0 3798.0
38 42 40 0.0 3.0 6.0 3223.0 30400.0 477.0 6150.0
38 42 41 0.0 6.0 3.0 2463.0 25849.0 381.0 3907.0
38 42 42 0.0 1.0 1.0 1071.0 12531.0 191.0 639.0
38 42 43 0.0 0.0 0.0 73.0 845.0 13.0 0.0
38 42 44 0.0 0.0 0.0 1.0 3.0 0.0 0.0
38 43 37 0.0 0.0 0.0 18.0 164.0 0.0 1.0
38 43 38 0.0 0.0 0.0 65.0 865.0 13.0 1.0
38 43 39 0.0 0.0 0.0 195.0 1840.0 23.0 5.0
38 43 40 0.0 0.0 2.0 246.0 2423.0 35.0 13.0
38 43 41 0.0 0.0 0.0 179.0 2013.0 29.0 10.0
38 43 42 0.0 0.0 0.0 65.0 840.0 16.0 3.0
38 43 43 0.0 0.0 0.0 13.0 101.0 1.0 0.0
38 44 38 0.0 0.0 0.0 1.0 0.0 0.0 0.0
38 44 39 0.0 0.0 0.0 0.0 1.0 0.0 0.0
38 44 40 0.0 0.0 0.0 0.0 4.0 0.0 0.0
38 44 41 0.0 0.0 0.0 0.0 2.0 0.0 0.0
38 44 42 0.0 0.0 0.0 0.0 3.0 0.0 0.0
38 44 43 0.0 0.0 0.0 0.0 1.0 0.0 0.0
39 36 38 0.0 0.0 0.0 1.0 4.0 0.0 0.0
39 36 39 0.0 0.0 0.0 1.0 14.0 0.0 0.0
39 36 40 0.0 0.0 0.0 3.0 13.0 0.0 0.0
39 36 41 0.0 0.0 0.0 1.0 7.0 0.0 0.0
39 36 42 0.0 0.0 0.0 0.0 1.0 0.0 0.0
39 37 37 0.0 0.0 0.0 41.0 329.0 5.0 1.0
39 37 38 0.0 0.0 0.0 170.0 1837.0 34.0 8.0
39 37 39 0.0 0.0 0.0 500.0 4594.0 63.0 57.0
39 37 40 0.0 0.0 5.0 655.0 6158.0 104.0 120.0
39 37 41 0.0 0.0 0.0 513.0 4369.0 79.0 52.0
39 37 42 0.0 3.0 1.0 285.0 2005.0 39.0 8.0
39 37 43 0.0 0.0 0.0 40.0 526.0 7.0 0.0
39 37 44 0.0 0.0 0.0 0.0 2.0 0.0 0.0
39 38 36 0.0 0.0 0.0 0.0 3.0 0.0 0.0
39 38 37 0.0 0.0 1.0 208.0 2290.0 30.0 10.0
39 38 38 0.0 1.0 0.0 3575.0 24065.0 386.0 3819.0
39 38 39 0.0 4.0 2.0 3740.0 38694.0 525.0 14340.0
39 38 40 0.0 4.0 13.0 4390.0 40215.0 502.0 18887.0
39 38 41 0.0 5.0 14.0 3961.0 38083.0 517.0 13930.0
39 38 42 0.0 6.0 0.0 3347.0 26197.0 415.0 4294.0
39 38 43 0.0 0.0 0.0 212.0 1874.0 17.0 10.0
39 38 44 0.0 0.0 0.0 0.0 31.0 0.0 0.0
39 39 36 0.0 0.0 0.0 2.0 17.0 1.0 0.0
39 39 37 0.0 0.0 9.0 564.0 4501.0 93.0 58.0
39 39 38 0.0 0.0 13.0 4242.0 38609.0 520.0 14127.0
39 39 39 0.0 2.0 25.0 2381.0 24991.0 253.0 74983.0
39 39 40 0.0 9.0 12.0 2384.0 22956.0 206.0 82229.0
39 39 41 0.0 11.0 10.0 2920.0 24391.0 233.0 74430.0
39 39 42 0.0 2.0 14.0 3907.0 38768.0 513.0 14743.0
39 39 43 0.0 0.0 1.0 388.0 4539.0 60.0 56.0
39 39 44 0.0 0.0 0.0 0.0 15.0 0.0 0.0
39 40 36 0.0 0.0 0.0 2.0 13.0 1.0 0.0
39 40 37 0.0 1.0 4.0 617.0 6430.0 106.0 115.0
39 40 38 0.0 3.0 7.0 4173.0 41141.0 488.0 20991.0
39 40 39 0.0 3.0 13.0 2255.0 20332.0 180.0 87036.0
39 40 40 0.0 11.0 8.0 2277.0 20075.0 158.0 91925.0
39 40 41 0.0 3.0 5.0 2382.0 22147.0 208.0 83721.0
39 40 42 0.0 4.0 27.0 4243.0 40831.0 510.0 20946.0
39 40 43 0.0 7.0 0.0 554.0 5997.0 101.0 89.0
39 40 44 0.0 0.0 0.0 0.0 20.0 2.0 0.0
39 41 36 0.0 0.0 0.0 1.0 12.0 0.0 0.0
39 41 37 0.0 0.0 0.0 447.0 4935.0 92.0 84.0
39 41 38 0.0 4.0 14.0 3645.0 38864.0 522.0 15356.0
39 41 39 0.0 5.0 3.0 2247.0 23581.0 210.0 77907.0
39 41 40 0.0 7.0 20.0 2303.0 23207.0 205.0 81312.0
39 41 41 0.0 15.0 20.0 2494.0 24735.0 204.0 74639.0
39 41 42 0.0 5.0 10.0 4551.0 37283.0 491.0 14008.0
39 41 43 0.0 7.0 3.0 466.0 4275.0 76.0 54.0
39 41 44 0.0 0.0 0.0 0.0 13.0 1.0 0.0
39 42 36 0.0 0.0 0.0 0.0 4.0 1.0 0.0
39 42 37 0.0 0.0 0.0 176.0 1895.0 41.0 17.0
39 42 38 0.0 0.0 11.0 2858.0 26291.0 395.0 4353.0
39 42 39 0.0 7.0 11.0 4332.0 38391.0 530.0 14336.0
39 42 40 0.0 2.0 5.0 4932.0 40108.0 510.0 20102.0
39 42 41 0.0 4.0 12.0 4049.0 38170.0 511.0 14428.0
39 42 42 0.0 5.0 13.0 3163.0 24762.0 445.0 3677.0
39 42 43 0.0 0.0 0.0 199.0 1888.0 34.0 8.0
39 42 44 0.0 0.0 0.0 6.0 3.0 2.0 0.0
39 43 37 0.0 0.0 0.0 45.0 304.0 3.0 1.0
39 43 38 0.0 1.0 0.0 168.0 1991.0 52.0 11.0
39 43 39 0.0 5.0 5.0 402.0 4584.0 68.0 51.0
39 43 40 0.0 0.0 2.0 534.0 5819.0 123.0 105.0
39 43 41 0.0 1.0 0.0 402.0 4427.0 76.0 72.0
39 43 42 0.0 0.0 0.0 219.0 2082.0 38.0 9.0
39 43 43 0.0 0.0 0.0 36.0 408.0 8.0 0.0
39 44 38 0.0 0.0 0.0 0.0 11.0 0.0 0.0
39 44 39 0.0 0.0 0.0 0.0 21.0 0.0 0.0
39 44 40 0.0 0.0 0.0 2.0 19.0 0.0 0.0
39 44 41 0.0 0.0 0.0 0.0 4.0 0.0 0.0
39 44 42 0.0 0.0 0.0 1.0 3.0 0.0 0.0
40 36 38 0.0 0.0 0.0 0.0 5.0 0.0 0.0
40 36 39 0.0 0.0 0.0 2.0 8.0 0.0 0.0
40 36 40 0.0 0.0 0.0 0.0 24.0 0.0 0.0
40 36 41 0.0 0.0 0.0 2.0 14.0 0.0 0.0
40 36 42 0.0 0.0 0.0 0.0 21.0 0.0 0.0
40 36 43 0.0 0.0 0.0 0.0 1.0 0.0 0.0
40 37 36 0.0 0.0 0.0 0.0 3.0 0.0 0.0
40 37 37 0.0 0.0 0.0 38.0 454.0 10.0 0.0
40 37 38 0.0 0.0 0.0 252.0 2772.0 54.0 16.0
40 37 39 0.0 2.0 4.0 659.0 5974.0 121.0 91.0
40 37 40 0.0 0.0 1.0 818.0 7853.0 119.0 208.0
40 37 41 0.0 3.0 2.0 703.0 6315.0 114.0 120.0
40 37 42 0.0 0.0 2.0 360.0 2979.0 69.0 26.0
40 37 43 0.0 0.0 1.0 76.0 643.0 11.0 0.0
40 37 44 0.0 0.0 0.0 0.0 1.0 0.0 0.0
40 38 36 0.0 0.0 0.0 0.0 6.0 0.0 0.0
40 38 37 0.0 0.0 1.0 305.0 2193.0 38.0 17.0
40 38 38 0.0 0.0 2.0 3330.0 30140.0 439.0 6028.0
40 38 39 0.0 2.0 14.0 4109.0 41072.0 512.0 20992.0
40 38 40 0.0 14.0 15.0 4671.0 41587.0 515.0 29720.0
40 38 41 0.0 12.0 5.0 3994.0 41200.0 484.0 21964.0
40 38 42 0.0 3.0 10.0 2937.0 33249.0 451.0 8307.0
40 38 43 0.0 0.0 0.0 266.0 3038.0 55.0 27.0
40 38 44 0.0 0.0 0.0 0.0 15.0 0.0 0.0
40 39 36 0.0 0.0 0.0 2.0 9.0 0.0 0.0
40 39 37 0.0 0.0 1.0 532.0 5860.0 98.0 89.0
40 39 38 0.0 5.0 11.0 4585.0 40659.0 537.0 21597.0
40 39 39 0.0 0.0 8.0 2603.0 23720.0 191.0 81029.0
40 39 40 0.0 4.0 12.0 2215.0 19989.0 147.0 92116.0
40 39 41 0.0 10.0 16.0 2490.0 21062.0 171.0 85688.0
40 39 42 0.0 28.0 15.0 4374.0 40948.0 501.0 23027.0
40 39 43 0.0 3.0 3.0 686.0 6921.0 126.0 124.0
40 39 44 0.0 0.0 0.0 1.0 24.0 3.0 0.0
40 40 36 0.0 0.0 0.0 2.0 18.0 0.0 0.0
40 40 37 0.0 0.0 6.0 722.0 7516.0 141.0 162.0
40 40 38 0.0 1.0 24.0 4396.0 41901.0 469.0 29718.0
40 40 39 0.0 2.0 7.0 2212.0 21711.0 183.0 89404.0
40 40 40 0.0 1.0 4.0 1163.0 10223.0 53.0 125463.0
40 40 41 0.0 8.0 16.0 2301.0 19644.0 163.0 92877.0
40 40 42 0.0 14.0 25.0 4005.0 41713.0 505.0 30342.0
40 40 43 0.0 3.0 3.0 804.0 7876.0 139.0 177.0
40 40 44 0.0 0.0 0.0 0.0 49.0 0.0 0.0
40 41 36 0.0 0.0 0.0 2.0 31.0 0.0 0.0
40 41 37 0.0 1.0 1.0 791.0 5823.0 114.0 88.0
40 41 38 0.0 6.0 14.0 3911.0 41140.0 479.0 21864.0
40 41 39 0.0 6.0 9.0 2425.0 22230.0 180.0 83559.0
40 41 40 0.0 11.0 15.0 2154.0 19974.0 190.0 92240.0
40 41 41 0.0 7.0 17.0 2886.0 21301.0 189.0 83468.0
40 41 42 0.0 16.0 3.0 4061.0 41339.0 519.0 19294.0
40 41 43 0.0 0.0 0.0 636.0 5595.0 85.0 86.0
40 41 44 0.0 0.0 0.0 1.0 17.0 0.0 0.0
40 42 36 0.0 0.0 0.0 0.0 4.0 0.0 0.0
40 42 37 0.0 0.0 2.0 264.0 2347.0 41.0 22.0
40 42 38 0.0 0.0 14.0 3041.0 30523.0 451.0 6209.0
40 42 39 0.0 7.0 20.0 3527.0 41729.0 514.0 20572.0
40 42 40 0.0 2.0 19.0 3741.0 42589.0 488.0 28152.0
40 42 41 0.0 6.0 24.0 4612.0 40454.0 517.0 20314.0
40 42 42 0.0 5.0 0.0 4020.0 29792.0 413.0 6393.0
40 42 43 0.0 0.0 0.0 214.0 2146.0 28.0 12.0
40 42 44 0.0 0.0 0.0 1.0 5.0 0.0 0.0
40 43 37 0.0 0.0 0.0 51.0 469.0 5.0 1.0
40 43 38 0.0 0.0 4.0 273.0 2260.0 48.0 15.0
40 43 39 0.0 0.0 2.0 535.0 5949.0 110.0 96.0
40 43 40 0.0 0.0 3.0 716.0 7326.0 135.0 154.0
40 43 41 0.0 2.0 0.0 589.0 5848.0 113.0 108.0
40 43 42 0.0 5.0 0.0 276.0 2477.0 34.0 14.0
40 43 43 0.0 0.0 0.0 39.0 379.0 6.0 0.0
40 44 37 0.0 0.0 0.0 0.0 1.0 0.0 0.0
40 44 38 0.0 0.0 0.0 0.0 4.0 0.0 0.0
40 44 39 0.0 0.0 0.0 3.0 13.0 0.0 0.0
40 44 40 0.0 0.0 0.0 2.0 23.0 0.0 0.0
40 44 41 0.0 0.0 0.0 1.0 14.0 2.0 0.0
40 44 42 0.0 0.0 0.0 1.0 1.0 0.0 0.0
40 44 43 0.0 0.0 0.0 0.0 1.0 0.0 0.0
41 36 38 0.0 0.0 0.0 0.0 6.0 0.0 0.0
41 36 39 0.0 0.0 0.0 2.0 14.0 0.0 0.0
41 36 40 0.0 0.0 0.0 0.0 9.0 0.0 0.0
41 36 41 0.0 0.0 0.0 4.0 19.0 1.0 0.0
41 36 42 0.0 0.0 0.0 0.0 6.0 0.0 0.0
41 36 43 0.0 0.0 0.0 0.0 1.0 0.0 0.0
41 37 36 0.0 0.0 0.0 0.0 1.0 0.0 0.0
41 37 37 0.0 0.0 0.0 42.0 381.0 5.0 1.0
41 37 38 0.0 0.0 0.0 195.0 1872.0 20.0 13.0
41 37 39 0.0 0.0 0.0 476.0 4876.0 89.0 51.0
41 37 40 0.0 0.0 0.0 637.0 6850.0 124.0 149.0
41 37 41 0.0 1.0 4.0 753.0 5614.0 101.0 85.0
41 37 42 0.0 3.0 0.0 229.0 2770.0 52.0 13.0
41 37 43 0.0 0.0 2.0 38.0 784.0 23.0 3.0
41 37 44 0.0 0.0 0.0 1.0 0.0 0.0 0.0
41 38 36 0.0 0.0 0.0 0.0 4.0 0.0 0.0
41 38 37 0.0 0.0 4.0 256.0 1748.0 30.0 5.0
41 38 38 0.0 3.0 5.0 3099.0 24679.0 418.0 3822.0
41 38 39 0.0 3.0 13.0 4259.0 38590.0 522.0 14555.0
41 38 40 0.0 3.0 31.0 4560.0 41107.0 495.0 24079.0
41 38 41 0.0 11.0 17.0 4077.0 40277.0 512.0 19348.0
41 38 42 0.0 8.0 8.0 2216.0 33290.0 476.0 7656.0
41 38 43 0.0 0.0 2.0 305.0 2831.0 46.0 19.0
41 38 44 0.0 0.0 0.0 0.0 4.0 0.0 0.0
41 39 36 0.0 0.0 0.0 1.0 2.0 0.0 0.0
41 39 37 0.0 0.0 0.0 480.0 4455.0 73.0 61.0
41 39 38 0.0 4.0 4.0 3821.0 38157.0 459.0 12673.0
41 39 39 0.0 9.0 6.0 2691.0 23608.0 239.0 77600.0
41 39 40 0.0 6.0 19.0 2303.0 21274.0 176.0 86171.0
41 39 41 0.0 2.0 11.0 1852.0 20174.0 159.0 85416.0
41 39 42 0.0 6.0 15.0 3783.0 40209.0 469.0 18888.0
41 39 43 0.0 2.0 11.0 508.0 6189.0 100.0 131.0
41 39 44 0.0 0.0 0.0 3.0 35.0 1.0 0.0
41 40 36 0.0 0.0 0.0 3.0 18.0 1.0 0.0
41 40 37 0.0 0.0 4.0 553.0 6402.0 121.0 103.0
41 40 38 0.0 2.0 6.0 4636.0 40579.0 503.0 21216.0
41 40 39 0.0 0.0 8.0 2039.0 21868.0 178.0 85609.0
41 40 40 0.0 2.0 8.0 1959.0 19946.0 139.0 93383.0
41 40 41 0.0 10.0 26.0 2320.0 23447.0 213.0 82573.0
41 40 42 0.0 5.0 10.0 3758.0 41597.0 498.0 23488.0
41 40 43 0.0 2.0 0.0 650.0 6806.0 119.0 141.0
41 40 44 0.0 0.0 0.0 1.0 19.0 0.0 0.0
41 41 36 0.0 0.0 0.0 0.0 27.0 0.0 0.0
41 41 37 0.0 0.0 0.0 469.0 4468.0 78.0 68.0
41 41 38 0.0 0.0 22.0 3276.0 39409.0 507.0 14634.0
41 41 39 0.0 7.0 24.0 2099.0 25502.0 208.0 74671.0
41 41 40 0.0 6.0 14.0 2071.0 22075.0 187.0 84527.0
41 41 41 0.0 7.0 7.0 2621.0 23930.0 226.0 76736.0
41 41 42 0.0 17.0 3.0 4650.0 37869.0 482.0 14356.0
41 41 43 0.0 0.0 0.0 438.0 5017.0 88.0 57.0
41 41 44 0.0 0.0 0.0 0.0 9.0 0.0 0.0
41 42 36 0.0 0.0 0.0 0.0 5.0 0.0 0.0
41 42 37 0.0 0.0 1.0 261.0 2079.0 40.0 12.0
41 42 38 0.0 0.0 12.0 3107.0 25764.0 382.0 4026.0
41 42 39 0.0 7.0 15.0 3351.0 38668.0 544.0 13970.0
41 42 40 0.0 0.0 4.0 3791.0 41297.0 508.0 20389.0
41 42 41 0.0 8.0 9.0 3877.0 38309.0 468.0 14058.0
41 42 42 0.0 3.0 4.0 3066.0 26874.0 409.0 4374.0
41 42 43 0.0 0.0 0.0 212.0 1884.0 31.0 11.0
41 42 44 0.0 0.0 0.0 0.0 10.0 0.0 0.0
41 43 37 0.0 0.0 0.0 46.0 341.0 5.0 0.0
41 43 38 0.0 0.0 0.0 227.0 2063.0 35.0 22.0
41 43 39 0.0 0.0 2.0 395.0 4576.0 90.0 59.0
41 43 40 0.0 0.0 0.0 567.0 5784.0 104.0 88.0
41 43 41 0.0 0.0 2.0 464.0 4404.0 82.0 51.0
41 43 42 0.0 1.0 0.0 250.0 1928.0 34.0 9.0
41 43 43 0.0 0.0 0.0 53.0 333.0 3.0 0.0
41 43 44 0.0 0.0 0.0 0.0 2.0 0.0 0.0
41 44 38 0.0 0.0 0.0 0.0 1.0 0.0 0.0
41 44 39 0.0 0.0 0.0 0.0 12.0 0.0 0.0
41 44 40 0.0 0.0 0.0 0.0 9.0 0.0 0.0
41 44 41 0.0 0.0 0.0 0.0 7.0 0.0 0.0
41 44 42 0.0 0.0 0.0 0.0 3.0 0.0 0.0
41 44 43 0.0 0.0 0.0 0.0 1.0 0.0 0.0
42 36 38 0.0 0.0 0.0 1.0 2.0 0.0 0.0
42 36 39 0.0 0.0 0.0 0.0 3.0 0.0 0.0
42 36 40 0.0 0.0 0.0 2.0 10.0 0.0 0.0
42 36 41 0.0 0.0 0.0 0.0 10.0 0.0 0.0
42 36 42 0.0 0.0 0.0 1.0 2.0 0.0 0.0
42 37 36 0.0 0.0 0.0 2.0 0.0 0.0 0.0
42 37 37 0.0 0.0 0.0 31.0 149.0 3.0 0.0
42 37 38 0.0 0.0 0.0 109.0 901.0 17.0 2.0
42 37 39 0.0 0.0 2.0 278.0 2347.0 43.0 20.0
42 37 40 0.0 0.0 3.0 311.0 3344.0 64.0 40.0
42 37 41 0.0 1.0 3.0 328.0 3040.0 52.0 27.0
42 37 42 0.0 0.0 0.0 97.0 1450.0 22.0 9.0
42 37 43 0.0 0.0 0.0 17.0 384.0 9.0 0.0
42 37 44 0.0 0.0 0.0 1.0 1.0 0.0 0.0
42 38 36 0.0 0.0 0.0 0.0 3.0 0.0 0.0
42 38 37 0.0 0.0 0.0 64.0 891.0 16.0 2.0
42 38 38 0.0 1.0 2.0 1490.0 17707.0 269.0 1605.0
42 38 39 0.0 0.0 2.0 2842.0 28957.0 432.0 5230.0
42 38 40 0.0 11.0 6.0 3671.0 35224.0 506.0 10301.0
42 38 41 0.0 9.0 11.0 2476.0 33301.0 512.0 7850.0
42 38 42 0.0 1.0 6.0 1581.0 23075.0 362.0 2753.0
42 38 43 0.0 0.0 0.0 127.0 1635.0 26.0 8.0
42 38 44 0.0 0.0 0.0 0.0 8.0 0.0 0.0
42 39 36 0.0 0.0 0.0 0.0 6.0 0.0 0.0
42 39 37 0.0 0.0 0.0 197.0 1975.0 34.0 8.0
42 39 38 0.0 0.0 3.0 2300.0 29515.0 425.0 5520.0
42 39 39 0.0 6.0 13.0 4441.0 37997.0 485.0 15424.0
42 39 40 0.0 4.0 9.0 4375.0 41124.0 488.0 25730.0
42 39 41 0.0 5.0 17.0 3726.0 40493.0 495.0 18959.0
42 39 42 0.0 2.0 8.0 2228.0 33478.0 403.0 7863.0
42 39 43 0.0 0.0 0.0 247.0 2842.0 54.0 20.0
42 39 44 0.0 0.0 0.0 0.0 9.0 1.0 0.0
42 40 36 0.0 0.0 0.0 1.0 10.0 0.0 0.0
42 40 37 0.0 0.0 0.0 181.0 2701.0 57.0 21.0
42 40 38 0.0 0.0 7.0 2672.0 31644.0 424.0 6944.0
42 40 39 0.0 1.0 6.0 3207.0 42334.0 494.0 22818.0
42 40 40 0.0 4.0 6.0 4064.0 41947.0 482.0 30686.0
42 40 41 0.0 4.0 15.0 3445.0 41995.0 481.0 23849.0
42 40 42 0.0 1.0 13.0 2751.0 34895.0 490.0 9493.0
42 40 43 0.0 0.0 0.0 391.0 3300.0 66.0 22.0
42 40 44 0.0 0.0 0.0 0.0 8.0 0.0 0.0
42 41 36 0.0 0.0 0.0 1.0 3.0 0.0 0.0
42 41 37 0.0 0.0 1.0 195.0 1970.0 25.0 14.0
42 41 38 0.0 0.0 7.0 2073.0 27054.0 423.0 4145.0
42 41 39 0.0 0.0 9.0 2739.0 39222.0 531.0 13892.0
42 41 40 0.0 5.0 16.0 3272.0 42062.0 501.0 22656.0
42 41 41 0.0 1.0 9.0 3352.0 39691.0 474.0 15390.0
42 41 42 0.0 6.0 3.0 2215.0 27305.0 396.0 4449.0
42 41 43 0.0 1.0 0.0 208.0 2419.0 39.0 17.0
42 41 44 0.0 0.0 0.0 0.0 7.0 0.0 0.0
42 42 36 0.0 0.0 0.0 0.0 1.0 0.0 0.0
42 42 37 0.0 0.0 0.0 95.0 849.0 14.0 2.0
42 42 38 0.0 1.0 1.0 1608.0 12587.0 208.0 802.0
42 42 39 0.0 0.0 7.0 2276.0 27649.0 424.0 4266.0
42 42 40 0.0 19.0 2.0 2693.0 32250.0 481.0 7424.0
42 42 41 0.0 5.0 3.0 3648.0 26245.0 409.0 4586.0
42 42 42 0.0 8.0 0.0 1222.0 14212.0 242.0 890.0
42 42 43 0.0 1.0 0.0 104.0 815.0 21.0 2.0
42 42 44 0.0 0.0 0.0 0.0 4.0 0.0 0.0
42 43 37 0.0 0.0 0.0 16.0 119.0 6.0 0.0
42 43 38 0.0 0.0 0.0 75.0 743.0 12.0 1.0
42 43 39 0.0 0.0 1.0 141.0 2131.0 45.0 13.0
42 43 40 0.0 0.0 0.0 255.0 2397.0 42.0 14.0
42 43 41 0.0 0.0 0.0 209.0 1994.0 36.0 13.0
42 43 42 0.0 0.0 1.0 66.0 800.0 15.0 1.0
42 43 43 0.0 0.0 0.0 21.0 157.0 2.0 1.0
42 44 39 0.0 0.0 0.0 3.0 6.0 1.0 0.0
42 44 40 0.0 0.0 0.0 0.0 12.0 0.0 0.0
42 44 41 0.0 0.0 0.0 0.0 1.0 0.0 0.0
43 36 40 0.0 0.0 0.0 0.0 1.0 0.0 0.0
43 37 37 0.0 0.0 0.0 2.0 26.0 1.0 0.0
43 37 38 0.0 0.0 0.0 26.0 199.0 4.0 1.0
43 37 39 0.0 0.0 0.0 54.0 518.0 8.0 1.0
43 37 40 0.0 0.0 0.0 70.0 782.0 13.0 1.0
43 37 41 0.0 0.0 0.0 62.0 655.0 9.0 0.0
43 37 42 0.0 0.0 0.0 14.0 409.0 7.0 0.0
43 37 43 0.0 0.0 0.0 4.0 96.0 2.0 0.0
43 37 44 0.0 0.0 0.0 0.0 1.0 0.0 0.0
43 38 37 0.0 0.0 0.0 9.0 245.0 7.0 0.0
43 38 38 0.0 0.0 0.0 112.0 888.0 16.0 1.0
43 38 39 0.0 0.0 1.0 274.0 2820.0 51.0 21.0
43 38 40 0.0 0.0 1.0 326.0 3861.0 69.0 42.0
43 38 41 0.0 0.0 0.0 316.0 3313.0 52.0 33.0
43 38 42 0.0 0.0 1.0 137.0 1439.0 18.0 5.0
43 38 43 0.0 0.0 0.0 23.0 373.0 4.0 0.0
43 39 37 0.0 0.0 0.0 32.0 524.0 5.0 0.0
43 39 38 0.0 0.0 1.0 213.0 2252.0 33.0 12.0
43 39 39 0.0 0.0 1.0 637.0 5547.0 115.0 105.0
43 39 40 0.0 4.0 3.0 727.0 7221.0 131.0 138.0
43 39 41 0.0 1.0 0.0 545.0 6510.0 105.0 131.0
43 39 42 0.0 0.0 5.0 225.0 3200.0 66.0 26.0
43 39 43 0.0 0.0 0.0 49.0 671.0 13.0 1.0
43 40 37 0.0 0.0 0.0 38.0 557.0 11.0 2.0
43 40 38 0.0 0.0 1.0 229.0 2619.0 34.0 13.0
43 40 39 0.0 0.0 0.0 597.0 6191.0 81.0 109.0
43 40 40 0.0 0.0 6.0 671.0 9066.0 139.0 257.0
43 40 41 0.0 6.0 2.0 803.0 7101.0 119.0 147.0
43 40 42 0.0 1.0 0.0 350.0 3128.0 61.0 32.0
43 40 43 0.0 0.0 0.0 81.0 760.0 17.0 4.0
43 40 44 0.0 0.0 0.0 0.0 1.0 0.0 0.0
43 41 37 0.0 0.0 0.0 35.0 421.0 6.0 0.0
43 41 38 0.0 0.0 0.0 113.0 1959.0 35.0 7.0
43 41 39 0.0 0.0 0.0 416.0 4926.0 95.0 61.0
43 41 40 0.0 0.0 5.0 558.0 6838.0 114.0 132.0
43 41 41 0.0 1.0 0.0 425.0 5672.0 107.0 81.0
43 41 42 0.0 0.0 1.0 203.0 2159.0 39.0 9.0
43 41 43 0.0 0.0 0.0 30.0 470.0 10.0 0.0
43 41 44 0.0 0.0 0.0 0.0 1.0 0.0 0.0
43 42 37 0.0 0.0 0.0 8.0 191.0 4.0 0.0
43 42 38 0.0 0.0 1.0 46.0 929.0 17.0 1.0
43 42 39 0.0 0.0 1.0 139.0 1958.0 30.0 10.0
43 42 40 0.0 0.0 0.0 217.0 3000.0 56.0 26.0
43 42 41 0.0 0.0 0.0 237.0 2096.0 44.0 15.0
43 42 42 0.0 0.0 0.0 108.0 946.0 15.0 0.0
43 42 43 0.0 0.0 0.0 30.0 121.0 1.0 0.0
43 43 37 0.0 0.0 0.0 0.0 16.0 0.0 0.0
43 43 38 0.0 0.0 0.0 12.0 120.0 1.0 0.0
43 43 39 0.0 0.0 0.0 9.0 392.0 6.0 1.0
43 43 40 0.0 0.0 0.0 70.0 536.0 13.0 2.0
43 43 41 0.0 1.0 0.0 30.0 406.0 13.0 0.0
43 43 42 0.0 0.0 0.0 15.0 142.0 6.0 0.0
43 43 43 0.0 0.0 0.0 0.0 17.0 0.0 0.0
43 44 38 0.0 0.0 0.0 0.0 3.0 0.0 0.0
43 44 39 0.0 0.0 0.0 0.0 1.0 0.0 0.0
43 44 40 0.0 0.0 0.0 0.0 2.0 1.0 0.0
43 44 42 0.0 0.0 0.0 0.0 1.0 0.0 0.0
44 37 38 0.0 0.0 0.0 0.0 2.0 0.0 0.0
44 37 39 0.0 0.0 0.0 0.0 1.0 0.0 0.0
44 37 40 0.0 0.0 0.0 0.0 1.0 0.0 0.0
44 37 41 0.0 0.0 0.0 0.0 1.0 0.0 0.0
44 37 42 0.0 0.0 0.0 0.0 4.0 0.0 0.0
44 38 38 0.0 0.0 0.0 0.0 1.0 0.0 0.0
44 38 39 0.0 0.0 0.0 0.0 2.0 0.0 0.0
44 38 40 0.0 0.0 0.0 1.0 14.0 0.0 0.0
44 38 41 0.0 0.0 0.0 2.0 8.0 0.0 0.0
44 38 42 0.0 0.0 0.0 1.0 1.0 0.0 0.0
44 38 43 0.0 0.0 0.0 0.0 1.0 0.0 0.0
44 39 38 0.0 0.0 0.0 0.0 11.0 0.0 0.0
44 39 39 0.0 0.0 0.0 3.0 10.0 0.0 0.0
44 39 40 0.0 0.0 0.0 2.0 24.0 0.0 0.0
44 39 41 0.0 0.0 0.0 0.0 10.0 0.0 0.0
44 39 42 0.0 0.0 0.0 1.0 9.0 0.0 0.0
44 40 38 0.0 0.0 0.0 4.0 2.0 0.0 0.0
44 40 39 0.0 0.0 0.0 5.0 34.0 1.0 0.0
44 40 40 0.0 0.0 0.0 0.0 30.0 1.0 0.0
44 40 41 0.0 0.0 0.0 1.0 37.0 1.0 0.0
44 40 42 0.0 0.0 0.0 0.0 13.0 0.0 0.0
44 40 43 0.0 0.0 0.0 0.0 3.0 0.0 0.0
44 41 37 0.0 0.0 0.0 0.0 2.0 0.0 0.0
44 41 38 0.0 0.0 0.0 0.0 3.0 0.0 0.0
44 41 39 0.0 0.0 0.0 1.0 10.0 0.0 0.0
44 41 40 0.0 0.0 0.0 6.0 34.0 1.0 0.0
44 41 41 0.0 0.0 0.0 0.0 28.0 0.0 0.0
44 41 42 0.0 0.0 0.0 0.0 6.0 0.0 0.0
44 41 43 0.0 0.0 0.0 0.0 1.0 0.0 0.0
44 42 38 0.0 0.0 0.0 0.0 2.0 0.0 0.0
44 42 39 0.0 0.0 0.0 0.0 2.0 0.0 0.0
44 42 40 0.0 0.0 0.0 0.0 2.0 0.0 0.0
44 42 41 0.0 0.0 0.0 0.0 6.0 0.0 0.0
44 42 42 0.0 0.0 0.0 0.0 2.0 0.0 0.0
44 43 39 0.0 0.0 0.0 0.0 2.0 0.0 0.0
44 43 41 0.0 0.0 0.0 0.0 2.0 0.0 0.0
44 44 41 0.0 0.0 0.0 0.0 1.0 0.0 0.0
