38 38 38 0.0 0.0 0.0 0.0 3.0 0.0 0.0
38 38 39 0.0 0.0 0.0 0.0 2.0 0.0 0.0
38 39 38 0.0 0.0 0.0 0.0 3.0 0.0 0.0
38 39 39 0.0 0.0 0.0 0.0 1.0 0.0 0.0
38 39 40 0.0 0.0 0.0 1.0 1.0 0.0 0.0
38 39 41 0.0 0.0 0.0 0.0 3.0 0.0 0.0
38 39 42 0.0 0.0 0.0 0.0 1.0 0.0 0.0
38 40 38 0.0 0.0 0.0 0.0 2.0 0.0 0.0
38 40 39 0.0 0.0 0.0 1.0 2.0 0.0 0.0
38 40 40 0.0 0.0 0.0 1.0 4.0 0.0 0.0
38 41 39 0.0 0.0 0.0 0.0 1.0 0.0 0.0
38 41 40 0.0 0.0 0.0 1.0 0.0 0.0 0.0
38 42 38 0.0 0.0 0.0 0.0 1.0 0.0 0.0
38 42 40 0.0 0.0 0.0 0.0 2.0 0.0 0.0
39 38 39 0.0 0.0 0.0 0.0 1.0 0.0 0.0
39 38 41 0.0 0.0 0.0 3.0 0.0 0.0 0.0
39 38 42 0.0 0.0 0.0 0.0 1.0 0.0 0.0
39 39 38 0.0 0.0 0.0 2.0 5.0 1.0 0.0
39 39 39 0.0 0.0 8.0 110.0 1367.0 22.0 8.0
39 39 40 0.0 0.0 12.0 181.0 1645.0 34.0 10.0
39 39 41 0.0 4.0 12.0 200.0 1238.0 19.0 1.0
39 39 42 0.0 0.0 0.0 0.0 1.0 0.0 0.0
39 40 38 0.0 0.0 0.0 0.0 1.0 0.0 0.0
39 40 39 0.0 1.0 20.0 409.0 2249.0 46.0 22.0
39 40 40 0.0 6.0 11.0 312.0 2183.0 42.0 15.0
39 40 41 0.0 4.0 35.0 220.0 1809.0 30.0 14.0
39 41 38 0.0 0.0 0.0 0.0 3.0 0.0 0.0
39 41 39 0.0 1.0 13.0 177.0 1594.0 31.0 11.0
39 41 40 0.0 1.0 16.0 166.0 1550.0 30.0 7.0
39 41 41 0.0 8.0 7.0 138.0 1277.0 18.0 8.0
39 42 39 0.0 0.0 0.0 0.0 1.0 0.0 0.0
39 42 41 0.0 0.0 0.0 1.0 4.0 0.0 0.0
40 38 39 0.0 0.0 0.0 0.0 2.0 0.0 0.0
40 38 40 0.0 0.0 0.0 2.0 2.0 0.0 0.0
40 38 42 0.0 0.0 0.0 1.0 0.0 0.0 0.0
40 39 38 0.0 0.0 0.0 0.0 1.0 0.0 0.0
40 39 39 0.0 0.0 10.0 192.0 1289.0 24.0 10.0
40 39 40 0.0 12.0 25.0 376.0 2312.0 42.0 18.0
40 39 41 0.0 6.0 33.0 344.0 1963.0 42.0 19.0
40 40 38 0.0 0.0 0.0 0.0 2.0 0.0 0.0
40 40 39 0.0 4.0 16.0 241.0 1805.0 47.0 6.0
40 40 40 2.0 151.0 475.0 4945.0 35126.0 467.0 25242.0
40 40 41 1.0 20.0 18.0 371.0 2343.0 53.0 21.0
40 40 42 0.0 0.0 0.0 0.0 2.0 0.0 0.0
40 41 38 0.0 0.0 0.0 0.0 8.0 0.0 0.0
40 41 39 0.0 8.0 10.0 326.0 1719.0 38.0 7.0
40 41 40 0.0 4.0 50.0 335.0 2415.0 41.0 11.0
40 41 41 0.0 5.0 22.0 317.0 1658.0 35.0 9.0
40 42 38 0.0 0.0 0.0 0.0 1.0 0.0 0.0
40 42 40 0.0 0.0 0.0 0.0 1.0 0.0 0.0
41 38 40 0.0 0.0 0.0 0.0 3.0 0.0 0.0
41 38 41 0.0 0.0 0.0 0.0 6.0 0.0 0.0
41 38 42 0.0 0.0 0.0 0.0 1.0 0.0 0.0
41 39 39 0.0 3.0 10.0 212.0 1516.0 27.0 9.0
41 39 40 0.0 11.0 18.0 304.0 2036.0 38.0 18.0
41 39 41 1.0 14.0 59.0 262.0 3179.0 54.0 52.0
41 39 42 0.0 0.0 0.0 0.0 2.0 0.0 0.0
41 40 38 0.0 0.0 0.0 0.0 1.0 0.0 0.0
41 40 39 0.0 0.0 23.0 233.0 2237.0 37.0 15.0
41 40 40 0.0 4.0 14.0 229.0 2505.0 42.0 27.0
41 40 41 0.0 3.0 8.0 121.0 1513.0 25.0 11.0
41 40 42 0.0 0.0 0.0 0.0 1.0 0.0 0.0
41 41 38 0.0 0.0 0.0 0.0 1.0 0.0 0.0
41 41 39 0.0 0.0 19.0 117.0 1304.0 23.0 4.0
41 41 40 0.0 9.0 27.0 166.0 1849.0 30.0 12.0
41 41 41 0.0 4.0 8.0 200.0 1460.0 37.0 11.0
41 42 39 0.0 0.0 0.0 0.0 2.0 0.0 0.0
42 38 38 0.0 0.0 0.0 0.0 6.0 0.0 0.0
42 38 40 0.0 0.0 0.0 0.0 1.0 0.0 0.0
42 38 41 0.0 0.0 0.0 0.0 1.0 0.0 0.0
42 39 39 0.0 0.0 0.0 0.0 1.0 0.0 0.0
42 39 40 0.0 0.0 0.0 0.0 6.0 0.0 0.0
42 39 41 0.0 0.0 0.0 0.0 3.0 0.0 0.0
42 39 42 0.0 0.0 0.0 0.0 1.0 0.0 0.0
42 40 39 0.0 0.0 0.0 0.0 2.0 0.0 0.0
42 40 40 0.0 0.0 0.0 0.0 1.0 0.0 0.0
42 40 41 0.0 0.0 0.0 0.0 1.0 0.0 0.0
42 41 40 0.0 0.0 0.0 0.0 2.0 0.0 0.0
42 41 41 0.0 0.0 0.0 0.0 1.0 0.0 0.0
42 42 41 0.0 0.0 0.0 1.0 0.0 0.0 0.0
