34 36 40 0.0 0.0 0.0 0.0 4.0 0.0 0.0
34 37 36 0.0 0.0 0.0 0.0 1.0 0.0 0.0
34 37 38 0.0 0.0 0.0 0.0 2.0 0.0 0.0
34 37 39 0.0 0.0 0.0 3.0 8.0 1.0 0.0
34 37 40 0.0 0.0 0.0 1.0 15.0 0.0 0.0
34 37 41 0.0 0.0 0.0 0.0 11.0 0.0 0.0
34 37 42 0.0 0.0 0.0 0.0 6.0 0.0 0.0
34 37 43 0.0 0.0 0.0 0.0 2.0 0.0 0.0
34 38 36 0.0 0.0 0.0 0.0 3.0 0.0 0.0
34 38 37 0.0 0.0 0.0 1.0 1.0 0.0 0.0
34 38 38 0.0 0.0 0.0 3.0 13.0 0.0 0.0
34 38 39 0.0 0.0 0.0 4.0 36.0 1.0 0.0
34 38 40 0.0 0.0 0.0 0.0 41.0 1.0 0.0
34 38 41 0.0 0.0 0.0 13.0 48.0 0.0 0.0
34 38 42 0.0 0.0 0.0 0.0 14.0 0.0 0.0
34 38 43 0.0 0.0 0.0 0.0 1.0 0.0 0.0
34 39 36 0.0 0.0 0.0 0.0 1.0 0.0 0.0
34 39 37 0.0 0.0 0.0 1.0 11.0 0.0 0.0
34 39 38 0.0 0.0 0.0 2.0 27.0 0.0 0.0
34 39 39 0.0 0.0 0.0 11.0 78.0 1.0 0.0
34 39 40 0.0 0.0 0.0 28.0 65.0 0.0 0.0
34 39 41 0.0 0.0 0.0 9.0 82.0 3.0 0.0
34 39 42 0.0 0.0 0.0 3.0 20.0 0.0 0.0
34 39 43 0.0 0.0 0.0 0.0 9.0 0.0 0.0
34 40 36 0.0 0.0 0.0 0.0 3.0 0.0 0.0
34 40 37 0.0 0.0 0.0 2.0 9.0 1.0 0.0
34 40 38 0.0 0.0 0.0 3.0 47.0 0.0 0.0
34 40 39 0.0 0.0 0.0 0.0 149.0 2.0 0.0
34 40 40 0.0 0.0 0.0 12.0 119.0 1.0 0.0
34 40 41 0.0 0.0 0.0 13.0 117.0 1.0 0.0
34 40 42 0.0 0.0 0.0 0.0 43.0 0.0 0.0
34 40 43 0.0 0.0 0.0 1.0 10.0 0.0 0.0
34 41 36 0.0 0.0 0.0 0.0 2.0 0.0 0.0
34 41 37 0.0 0.0 0.0 1.0 9.0 0.0 0.0
34 41 38 0.0 0.0 0.0 4.0 34.0 2.0 0.0
34 41 39 0.0 0.0 0.0 4.0 73.0 0.0 0.0
34 41 40 0.0 0.0 0.0 23.0 82.0 1.0 0.0
34 41 41 0.0 0.0 0.0 4.0 71.0 0.0 0.0
34 41 42 0.0 0.0 0.0 1.0 45.0 1.0 0.0
34 41 43 0.0 0.0 0.0 0.0 4.0 0.0 0.0
34 42 36 0.0 0.0 0.0 0.0 1.0 0.0 0.0
34 42 37 0.0 0.0 0.0 1.0 2.0 0.0 0.0
34 42 38 0.0 0.0 0.0 0.0 24.0 1.0 0.0
34 42 39 0.0 0.0 0.0 11.0 43.0 1.0 0.0
34 42 40 0.0 0.0 0.0 3.0 40.0 1.0 0.0
34 42 41 0.0 0.0 0.0 2.0 16.0 0.0 0.0
34 42 42 0.0 0.0 0.0 0.0 7.0 0.0 0.0
34 42 43 0.0 0.0 0.0 0.0 3.0 0.0 0.0
34 42 44 0.0 0.0 0.0 0.0 2.0 0.0 0.0
34 43 38 0.0 0.0 0.0 1.0 8.0 2.0 0.0
34 43 39 0.0 0.0 0.0 0.0 15.0 0.0 0.0
34 43 40 0.0 0.0 0.0 0.0 10.0 1.0 0.0
34 43 41 0.0 0.0 0.0 0.0 9.0 0.0 0.0
34 43 42 0.0 0.0 0.0 0.0 1.0 0.0 0.0
34 44 39 0.0 0.0 0.0 0.0 1.0 0.0 0.0
35 35 37 0.0 0.0 0.0 0.0 4.0 1.0 0.0
35 35 38 0.0 0.0 0.0 0.0 9.0 0.0 0.0
35 35 39 0.0 0.0 0.0 3.0 20.0 0.0 0.0
35 35 40 0.0 0.0 0.0 0.0 31.0 0.0 0.0
35 35 41 0.0 0.0 0.0 1.0 15.0 0.0 0.0
35 35 42 0.0 0.0 0.0 0.0 4.0 0.0 0.0
35 35 43 0.0 0.0 0.0 0.0 4.0 0.0 0.0
35 36 36 0.0 0.0 0.0 0.0 3.0 0.0 0.0
35 36 37 0.0 0.0 0.0 4.0 76.0 2.0 0.0
35 36 38 0.0 0.0 0.0 11.0 254.0 2.0 0.0
35 36 39 0.0 0.0 0.0 26.0 460.0 6.0 0.0
35 36 40 0.0 0.0 0.0 56.0 589.0 10.0 0.0
35 36 41 0.0 0.0 0.0 29.0 501.0 12.0 0.0
35 36 42 0.0 0.0 0.0 13.0 241.0 5.0 0.0
35 36 43 0.0 0.0 0.0 5.0 69.0 0.0 0.0
35 36 44 0.0 0.0 0.0 0.0 9.0 0.0 0.0
35 37 35 0.0 0.0 0.0 0.0 12.0 0.0 0.0
35 37 36 0.0 0.0 0.0 9.0 114.0 3.0 0.0
35 37 37 0.0 0.0 0.0 31.0 504.0 9.0 1.0
35 37 38 0.0 0.0 0.0 88.0 1537.0 27.0 7.0
35 37 39 0.0 0.0 0.0 270.0 2696.0 57.0 20.0
35 37 40 0.0 0.0 0.0 265.0 3191.0 62.0 22.0
35 37 41 0.0 0.0 0.0 261.0 2846.0 48.0 17.0
35 37 42 0.0 0.0 0.0 163.0 1493.0 30.0 6.0
35 37 43 0.0 0.0 0.0 38.0 460.0 11.0 1.0
35 37 44 0.0 0.0 0.0 6.0 98.0 2.0 0.0
35 38 35 0.0 0.0 0.0 0.0 13.0 0.0 0.0
35 38 36 0.0 0.0 0.0 25.0 294.0 5.0 0.0
35 38 37 0.0 0.0 0.0 163.0 1698.0 22.0 6.0
35 38 38 0.0 0.0 0.0 405.0 4246.0 77.0 40.0
35 38 39 0.0 0.0 0.0 557.0 7288.0 127.0 134.0
35 38 40 0.0 0.0 0.0 783.0 8071.0 148.0 180.0
35 38 41 0.0 0.0 0.0 666.0 6321.0 112.0 102.0
35 38 42 0.0 0.0 0.0 278.0 3954.0 45.0 44.0
35 38 43 0.0 0.0 0.0 133.0 1405.0 28.0 8.0
35 38 44 0.0 0.0 0.0 12.0 210.0 5.0 0.0
35 38 45 0.0 0.0 0.0 0.0 7.0 0.0 0.0
35 39 35 0.0 0.0 0.0 0.0 24.0 0.0 0.0
35 39 36 0.0 0.0 0.0 44.0 654.0 13.0 1.0
35 39 37 0.0 0.0 0.0 241.0 2721.0 49.0 13.0
35 39 38 0.0 0.0 0.0 579.0 6961.0 118.0 136.0
35 39 39 0.0 0.0 2.0 1095.0 10838.0 170.0 383.0
35 39 40 0.0 0.0 0.0 1175.0 12715.0 219.0 563.0
35 39 41 0.0 0.0 0.0 1018.0 10839.0 188.0 337.0
35 39 42 0.0 0.0 0.0 611.0 6657.0 98.0 134.0
35 39 43 0.0 0.0 0.0 219.0 2656.0 37.0 23.0
35 39 44 0.0 0.0 0.0 33.0 456.0 17.0 0.0
35 39 45 0.0 0.0 0.0 2.0 20.0 0.0 0.0
35 40 35 0.0 0.0 0.0 0.0 57.0 0.0 0.0
35 40 36 0.0 0.0 0.0 56.0 876.0 12.0 1.0
35 40 37 0.0 0.0 0.0 380.0 3494.0 53.0 30.0
35 40 38 0.0 0.0 0.0 760.0 7973.0 140.0 166.0
35 40 39 0.0 0.0 0.0 1060.0 12669.0 218.0 491.0
35 40 40 0.0 0.0 1.0 1173.0 14187.0 247.0 649.0
35 40 41 0.0 1.0 0.0 896.0 13098.0 242.0 583.0
35 40 42 0.0 0.0 0.0 679.0 7242.0 136.0 142.0
35 40 43 0.0 0.0 0.0 340.0 2767.0 40.0 21.0
35 40 44 0.0 0.0 0.0 44.0 490.0 9.0 1.0
35 40 45 0.0 0.0 0.0 0.0 33.0 3.0 0.0
35 41 35 0.0 0.0 0.0 5.0 41.0 1.0 0.0
35 41 36 0.0 0.0 0.0 47.0 540.0 11.0 0.0
35 41 37 0.0 0.0 0.0 216.0 2783.0 46.0 23.0
35 41 38 0.0 0.0 0.0 615.0 6825.0 113.0 148.0
35 41 39 0.0 0.0 0.0 918.0 11156.0 193.0 422.0
35 41 40 0.0 0.0 0.0 946.0 12449.0 192.0 502.0
35 41 41 0.0 0.0 0.0 890.0 10802.0 187.0 356.0
35 41 42 0.0 0.0 0.0 678.0 6431.0 112.0 131.0
35 41 43 0.0 0.0 0.0 202.0 2222.0 43.0 7.0
35 41 44 0.0 0.0 0.0 22.0 424.0 10.0 0.0
35 41 45 0.0 0.0 0.0 1.0 18.0 0.0 0.0
35 42 35 0.0 0.0 0.0 0.0 23.0 0.0 0.0
35 42 36 0.0 0.0 0.0 25.0 298.0 6.0 0.0
35 42 37 0.0 0.0 0.0 95.0 1726.0 25.0 5.0
35 42 38 0.0 0.0 0.0 335.0 4161.0 66.0 47.0
35 42 39 0.0 0.0 0.0 482.0 6219.0 99.0 109.0
35 42 40 0.0 0.0 0.0 584.0 7848.0 129.0 156.0
35 42 41 0.0 0.0 0.0 483.0 6388.0 110.0 127.0
35 42 42 0.0 0.0 0.0 281.0 3812.0 71.0 36.0
35 42 43 0.0 0.0 0.0 83.0 1342.0 21.0 1.0
35 42 44 0.0 0.0 0.0 11.0 253.0 3.0 0.0
35 42 45 0.0 0.0 0.0 0.0 8.0 0.0 0.0
35 43 35 0.0 0.0 0.0 0.0 2.0 0.0 0.0
35 43 36 0.0 0.0 0.0 15.0 88.0 1.0 0.0
35 43 37 0.0 0.0 0.0 40.0 442.0 7.0 0.0
35 43 38 0.0 0.0 0.0 185.0 1299.0 27.0 6.0
35 43 39 0.0 0.0 0.0 211.0 2454.0 27.0 16.0
35 43 40 0.0 0.0 0.0 287.0 3000.0 72.0 15.0
35 43 41 0.0 0.0 0.0 152.0 2360.0 46.0 8.0
35 43 42 0.0 0.0 0.0 92.0 1270.0 17.0 6.0
35 43 43 0.0 0.0 0.0 24.0 364.0 9.0 0.0
35 43 44 0.0 0.0 0.0 6.0 74.0 0.0 0.0
35 44 36 0.0 0.0 0.0 0.0 11.0 0.0 0.0
35 44 37 0.0 0.0 0.0 3.0 86.0 3.0 0.0
35 44 38 0.0 0.0 0.0 32.0 215.0 2.0 0.0
35 44 39 0.0 0.0 0.0 46.0 480.0 8.0 0.0
35 44 40 0.0 0.0 0.0 48.0 595.0 12.0 2.0
35 44 41 0.0 0.0 0.0 34.0 510.0 7.0 0.0
35 44 42 0.0 0.0 0.0 16.0 266.0 3.0 0.0
35 44 43 0.0 0.0 0.0 8.0 93.0 0.0 0.0
35 44 44 0.0 0.0 0.0 0.0 12.0 0.0 0.0
35 45 37 0.0 0.0 0.0 0.0 1.0 0.0 0.0
35 45 38 0.0 0.0 0.0 1.0 8.0 0.0 0.0
35 45 39 0.0 0.0 0.0 0.0 41.0 1.0 0.0
35 45 40 0.0 0.0 0.0 3.0 13.0 2.0 0.0
35 45 41 0.0 0.0 0.0 0.0 21.0 0.0 0.0
35 45 42 0.0 0.0 0.0 0.0 12.0 1.0 0.0
35 45 43 0.0 0.0 0.0 0.0 2.0 0.0 0.0
36 34 39 0.0 0.0 0.0 0.0 1.0 0.0 0.0
36 34 40 0.0 0.0 0.0 0.0 4.0 0.0 0.0
36 34 41 0.0 0.0 0.0 3.0 5.0 0.0 0.0
36 34 42 0.0 0.0 0.0 1.0 0.0 0.0 0.0
36 35 36 0.0 0.0 0.0 1.0 9.0 0.0 0.0
36 35 37 0.0 0.0 0.0 13.0 67.0 0.0 0.0
36 35 38 0.0 0.0 0.0 21.0 245.0 6.0 0.0
36 35 39 0.0 0.0 0.0 34.0 485.0 9.0 0.0
36 35 40 0.0 0.0 0.0 49.0 514.0 12.0 0.0
36 35 41 0.0 0.0 0.0 46.0 562.0 5.0 0.0
36 35 42 0.0 0.0 0.0 21.0 224.0 5.0 0.0
36 35 43 0.0 0.0 0.0 0.0 72.0 2.0 0.0
36 35 44 0.0 0.0 0.0 1.0 9.0 0.0 0.0
36 36 35 0.0 0.0 0.0 3.0 6.0 0.0 0.0
36 36 36 0.0 0.0 0.0 38.0 496.0 14.0 0.0
36 36 37 0.0 0.0 0.0 165.0 2774.0 46.0 19.0
36 36 38 0.0 0.0 0.0 357.0 6132.0 96.0 100.0
36 36 39 0.0 0.0 0.0 657.0 10489.0 177.0 395.0
36 36 40 0.0 0.0 0.0 750.0 11714.0 189.0 500.0
36 36 41 0.0 0.0 0.0 779.0 9589.0 166.0 324.0
36 36 42 0.0 0.0 0.0 402.0 6301.0 102.0 96.0
36 36 43 0.0 0.0 0.0 181.0 2259.0 46.0 7.0
36 36 44 0.0 0.0 0.0 41.0 348.0 4.0 0.0
36 36 45 0.0 0.0 0.0 2.0 12.0 0.0 0.0
36 37 35 0.0 0.0 0.0 3.0 96.0 2.0 0.0
36 37 36 0.0 0.0 0.0 230.0 2603.0 48.0 19.0
36 37 37 0.0 0.0 0.0 784.0 11295.0 171.0 462.0
36 37 38 0.0 0.0 0.0 1693.0 22086.0 335.0 2206.0
36 37 39 0.0 0.0 0.0 2304.0 31032.0 439.0 5623.0
36 37 40 0.0 0.0 1.0 2516.0 32925.0 478.0 6620.0
36 37 41 0.0 0.0 1.0 2396.0 30147.0 466.0 5111.0
36 37 42 0.0 0.0 0.0 2116.0 22860.0 362.0 2477.0
36 37 43 0.0 0.0 0.0 941.0 9276.0 183.0 317.0
36 37 44 0.0 0.0 0.0 123.0 2259.0 43.0 9.0
36 37 45 0.0 0.0 0.0 4.0 58.0 0.0 0.0
36 38 34 0.0 0.0 0.0 0.0 2.0 0.0 0.0
36 38 35 0.0 0.0 0.0 20.0 308.0 5.0 1.0
36 38 36 0.0 0.0 0.0 476.0 6429.0 117.0 116.0
36 38 37 0.0 0.0 5.0 1973.0 24230.0 376.0 2880.0
36 38 38 0.0 0.0 0.0 3081.0 37962.0 497.0 11189.0
36 38 39 0.0 0.0 0.0 3408.0 42318.0 523.0 19149.0
36 38 40 0.0 0.0 3.0 3439.0 42777.0 481.0 23535.0
36 38 41 0.0 0.0 0.0 3557.0 42309.0 554.0 18517.0
36 38 42 0.0 0.0 0.0 3006.0 37142.0 497.0 10199.0
36 38 43 0.0 0.0 0.0 2323.0 21587.0 347.0 2298.0
36 38 44 0.0 0.0 0.0 543.0 5607.0 95.0 103.0
36 38 45 0.0 0.0 0.0 6.0 294.0 6.0 0.0
36 39 34 0.0 0.0 0.0 0.0 1.0 0.0 0.0
36 39 35 0.0 0.0 0.0 52.0 614.0 10.0 0.0
36 39 36 0.0 0.0 0.0 884.0 10721.0 189.0 418.0
36 39 37 0.0 0.0 0.0 2360.0 32998.0 499.0 7005.0
36 39 38 0.0 0.0 2.0 4209.0 41869.0 524.0 20195.0
36 39 39 0.0 0.0 3.0 3631.0 42915.0 466.0 31680.0
36 39 40 0.0 0.0 0.0 4038.0 42040.0 478.0 35023.0
36 39 41 0.0 0.0 0.0 4084.0 42453.0 498.0 30525.0
36 39 42 0.0 0.0 1.0 3932.0 41580.0 524.0 18622.0
36 39 43 0.0 0.0 2.0 2555.0 29939.0 418.0 5074.0
36 39 44 0.0 0.0 0.0 703.0 9165.0 154.0 270.0
36 39 45 0.0 0.0 0.0 31.0 448.0 4.0 0.0
36 40 34 0.0 0.0 0.0 0.0 2.0 0.0 0.0
36 40 35 0.0 0.0 0.0 62.0 809.0 19.0 2.0
36 40 36 0.0 0.0 0.0 962.0 13480.0 236.0 686.0
36 40 37 0.0 0.0 0.0 2857.0 34916.0 521.0 8308.0
36 40 38 0.0 1.0 2.0 3528.0 43163.0 530.0 23327.0
36 40 39 0.0 0.0 0.0 3591.0 42701.0 466.0 35398.0
36 40 40 0.0 1.0 3.0 3521.0 41546.0 438.0 39425.0
36 40 41 0.0 0.0 1.0 3704.0 42673.0 486.0 33983.0
36 40 42 0.0 0.0 1.0 3955.0 42547.0 519.0 21919.0
36 40 43 0.0 0.0 0.0 3572.0 31668.0 434.0 6836.0
36 40 44 0.0 0.0 0.0 1136.0 10981.0 205.0 437.0
36 40 45 0.0 0.0 0.0 57.0 714.0 15.0 2.0
36 41 35 0.0 0.0 0.0 41.0 569.0 9.0 0.0
36 41 36 0.0 0.0 0.0 770.0 11274.0 178.0 438.0
36 41 37 0.0 0.0 4.0 2316.0 32066.0 442.0 6038.0
36 41 38 0.0 1.0 0.0 3117.0 42583.0 525.0 20257.0
36 41 39 0.0 0.0 0.0 3319.0 43360.0 473.0 30910.0
36 41 40 0.0 3.0 2.0 3304.0 42652.0 475.0 34581.0
36 41 41 0.0 0.0 2.0 3945.0 42582.0 469.0 30406.0
36 41 42 0.0 1.0 0.0 3724.0 41673.0 525.0 18127.0
36 41 43 0.0 0.0 0.0 2253.0 30609.0 435.0 5372.0
36 41 44 0.0 0.0 0.0 609.0 9449.0 151.0 278.0
36 41 45 0.0 0.0 0.0 22.0 492.0 11.0 0.0
36 41 46 0.0 0.0 0.0 0.0 1.0 0.0 0.0
36 42 35 0.0 0.0 0.0 16.0 251.0 3.0 0.0
36 42 36 0.0 0.0 0.0 571.0 7111.0 130.0 180.0
36 42 37 0.0 0.0 0.0 1960.0 24466.0 348.0 2855.0
36 42 38 0.0 0.0 0.0 3004.0 37764.0 498.0 10663.0
36 42 39 0.0 0.0 0.0 3731.0 41580.0 531.0 18248.0
36 42 40 0.0 2.0 0.0 3555.0 42572.0 524.0 21285.0
36 42 41 0.0 2.0 5.0 3421.0 41922.0 510.0 17771.0
36 42 42 0.0 0.0 1.0 2580.0 37260.0 536.0 9433.0
36 42 43 0.0 0.0 0.0 1687.0 23202.0 357.0 2478.0
36 42 44 0.0 0.0 0.0 375.0 5646.0 85.0 119.0
36 42 45 0.0 0.0 0.0 20.0 269.0 8.0 0.0
36 43 35 0.0 0.0 0.0 11.0 133.0 4.0 0.0
36 43 36 0.0 0.0 0.0 227.0 2311.0 49.0 13.0
36 43 37 0.0 0.0 1.0 1091.0 11160.0 199.0 525.0
36 43 38 0.0 0.0 0.0 1759.0 22708.0 338.0 2308.0
36 43 39 0.0 0.0 2.0 2783.0 29954.0 441.0 5200.0
36 43 40 0.0 0.0 0.0 2451.0 32930.0 464.0 6465.0
36 43 41 0.0 0.0 0.0 2485.0 30946.0 441.0 5595.0
36 43 42 0.0 2.0 0.0 1469.0 22560.0 395.0 2351.0
36 43 43 0.0 0.0 0.0 777.0 10321.0 174.0 359.0
36 43 44 0.0 0.0 0.0 106.0 2185.0 36.0 14.0
36 43 45 0.0 0.0 0.0 3.0 62.0 1.0 0.0
36 43 46 0.0 0.0 0.0 0.0 1.0 0.0 0.0
36 44 35 0.0 0.0 0.0 0.0 3.0 0.0 0.0
36 44 36 0.0 0.0 0.0 48.0 522.0 9.0 0.0
36 44 37 0.0 0.0 0.0 168.0 2540.0 46.0 22.0
36 44 38 0.0 0.0 0.0 431.0 6184.0 95.0 114.0
36 44 39 0.0 0.0 0.0 826.0 10082.0 153.0 335.0
36 44 40 0.0 0.0 0.0 964.0 11085.0 186.0 429.0
36 44 41 0.0 0.0 0.0 706.0 9274.0 151.0 298.0
36 44 42 0.0 0.0 0.0 458.0 5823.0 88.0 89.0
36 44 43 0.0 0.0 0.0 191.0 2162.0 28.0 17.0
36 44 44 0.0 0.0 0.0 31.0 385.0 2.0 0.0
36 44 45 0.0 0.0 0.0 0.0 5.0 0.0 0.0
36 45 35 0.0 0.0 0.0 0.0 1.0 0.0 0.0
36 45 36 0.0 0.0 0.0 0.0 5.0 0.0 0.0
36 45 37 0.0 0.0 0.0 1.0 68.0 2.0 0.0
36 45 38 0.0 0.0 0.0 25.0 302.0 6.0 0.0
36 45 39 0.0 0.0 0.0 46.0 453.0 13.0 0.0
36 45 40 0.0 0.0 0.0 39.0 627.0 16.0 0.0
36 45 41 0.0 0.0 0.0 26.0 510.0 10.0 1.0
36 45 42 0.0 0.0 0.0 15.0 276.0 3.0 0.0
36 45 43 0.0 0.0 0.0 7.0 123.0 2.0 0.0
36 45 44 0.0 0.0 0.0 0.0 6.0 0.0 0.0
36 45 45 0.0 0.0 0.0 0.0 1.0 0.0 0.0
36 46 36 0.0 0.0 0.0 0.0 1.0 0.0 0.0
36 46 38 0.0 0.0 0.0 0.0 1.0 0.0 0.0
36 46 39 0.0 0.0 0.0 0.0 2.0 0.0 0.0
36 46 40 0.0 0.0 0.0 0.0 1.0 0.0 0.0
36 46 41 0.0 0.0 0.0 0.0 2.0 0.0 0.0
37 34 37 0.0 0.0 0.0 0.0 2.0 0.0 0.0
37 34 38 0.0 0.0 0.0 0.0 1.0 0.0 0.0
37 34 39 0.0 0.0 0.0 0.0 10.0 0.0 0.0
37 34 40 0.0 0.0 0.0 1.0 11.0 0.0 0.0
37 34 41 0.0 0.0 0.0 0.0 2.0 0.0 0.0
37 34 42 0.0 0.0 0.0 0.0 3.0 0.0 0.0
37 35 35 0.0 0.0 0.0 0.0 2.0 0.0 0.0
37 35 36 0.0 0.0 0.0 1.0 66.0 1.0 0.0
37 35 37 0.0 0.0 0.0 51.0 580.0 17.0 1.0
37 35 38 0.0 0.0 0.0 91.0 1206.0 16.0 2.0
37 35 39 0.0 0.0 0.0 188.0 2414.0 55.0 12.0
37 35 40 0.0 0.0 0.0 239.0 2926.0 45.0 24.0
37 35 41 0.0 0.0 0.0 224.0 2658.0 51.0 18.0
37 35 42 0.0 0.0 0.0 132.0 1356.0 25.0 4.0
37 35 43 0.0 0.0 0.0 14.0 496.0 8.0 0.0
37 35 44 0.0 0.0 0.0 17.0 83.0 2.0 0.0
37 35 45 0.0 0.0 0.0 1.0 11.0 0.0 0.0
37 36 35 0.0 0.0 0.0 5.0 58.0 2.0 0.0
37 36 36 0.0 0.0 0.0 216.0 2604.0 61.0 14.0
37 36 37 0.0 0.0 0.0 724.0 9970.0 156.0 341.0
37 36 38 0.0 0.0 0.0 2133.0 21209.0 365.0 2102.0
37 36 39 0.0 0.0 0.0 2430.0 30266.0 468.0 5262.0
37 36 40 0.0 0.0 0.0 2088.0 34344.0 495.0 7075.0
37 36 41 0.0 0.0 0.0 2413.0 30944.0 433.0 5660.0
37 36 42 0.0 0.0 0.0 1448.0 23352.0 330.0 2544.0
37 36 43 0.0 0.0 0.0 929.0 10063.0 166.0 361.0
37 36 44 0.0 0.0 0.0 205.0 2421.0 43.0 19.0
37 36 45 0.0 0.0 0.0 1.0 90.0 1.0 0.0
37 36 46 0.0 0.0 0.0 0.0 1.0 0.0 0.0
37 37 34 0.0 0.0 0.0 0.0 1.0 0.0 0.0
37 37 35 0.0 0.0 0.0 40.0 443.0 15.0 0.0
37 37 36 0.0 0.0 0.0 988.0 11298.0 200.0 494.0
37 37 37 0.0 0.0 0.0 2639.0 38907.0 491.0 13360.0
37 37 38 0.0 0.0 0.0 3142.0 41929.0 481.0 34143.0
37 37 39 0.0 0.0 0.0 2790.0 38854.0 382.0 46873.0
37 37 40 0.0 0.0 0.0 2768.0 36735.0 351.0 53148.0
37 37 41 0.0 1.0 0.0 2915.0 38093.0 392.0 49353.0
37 37 42 0.0 0.0 1.0 3432.0 41824.0 455.0 34154.0
37 37 43 0.0 0.0 1.0 2731.0 37008.0 512.0 10557.0
37 37 44 0.0 0.0 0.0 822.0 11180.0 202.0 470.0
37 37 45 0.0 0.0 0.0 33.0 569.0 10.0 2.0
37 38 34 0.0 0.0 0.0 2.0 2.0 0.0 0.0
37 38 35 0.0 0.0 0.0 180.0 1587.0 28.0 3.0
37 38 36 0.0 1.0 0.0 1845.0 22680.0 352.0 2460.0
37 38 37 0.0 0.0 0.0 3622.0 41793.0 473.0 34555.0
37 38 38 0.0 0.0 0.0 3173.0 31182.0 318.0 66452.0
37 38 39 0.0 0.0 0.0 2323.0 25476.0 233.0 80252.0
37 38 40 0.0 0.0 3.0 2114.0 23774.0 215.0 84394.0
37 38 41 0.0 0.0 1.0 2524.0 25761.0 195.0 79175.0
37 38 42 0.0 0.0 0.0 3229.0 33052.0 299.0 62490.0
37 38 43 0.0 0.0 0.0 3069.0 42409.0 467.0 31895.0
37 38 44 0.0 0.0 0.0 1488.0 22922.0 374.0 2298.0
37 38 45 0.0 0.0 0.0 84.0 1300.0 32.0 3.0
37 38 46 0.0 0.0 0.0 0.0 3.0 0.0 0.0
37 39 34 0.0 0.0 0.0 5.0 13.0 0.0 0.0
37 39 35 0.0 0.0 0.0 239.0 2999.0 55.0 33.0
37 39 36 0.0 0.0 0.0 2594.0 33109.0 471.0 6572.0
37 39 37 0.0 0.0 0.0 3037.0 36702.0 359.0 53024.0
37 39 38 0.0 0.0 2.0 2001.0 24593.0 206.0 82877.0
37 39 39 0.0 0.0 1.0 1760.0 19286.0 147.0 93878.0
37 39 40 0.0 0.0 2.0 1654.0 17867.0 150.0 96338.0
37 39 41 0.0 0.0 2.0 1842.0 19181.0 173.0 93083.0
37 39 42 0.0 0.0 1.0 2435.0 25608.0 204.0 79643.0
37 39 43 0.0 0.0 0.0 3330.0 38422.0 405.0 47799.0
37 39 44 0.0 2.0 0.0 2209.0 31316.0 440.0 5621.0
37 39 45 0.0 0.0 0.0 191.0 2492.0 51.0 9.0
37 39 46 0.0 0.0 0.0 0.0 5.0 0.0 0.0
37 40 34 0.0 0.0 0.0 2.0 11.0 0.0 0.0
37 40 35 0.0 0.0 0.0 250.0 3584.0 49.0 33.0
37 40 36 0.0 1.0 0.0 3103.0 34981.0 529.0 8188.0
37 40 37 0.0 4.0 0.0 3041.0 35408.0 339.0 56459.0
37 40 38 0.0 1.0 0.0 1911.0 23327.0 191.0 85969.0
37 40 39 0.0 0.0 0.0 1474.0 17930.0 135.0 97439.0
37 40 40 0.0 0.0 0.0 1405.0 16227.0 122.0 100351.0
37 40 41 0.0 0.0 1.0 1561.0 17916.0 118.0 96590.0
37 40 42 0.0 0.0 0.0 2135.0 24246.0 192.0 83053.0
37 40 43 0.0 0.0 1.0 2605.0 36701.0 318.0 53595.0
37 40 44 0.0 0.0 0.0 2549.0 33361.0 449.0 7091.0
37 40 45 0.0 0.0 0.0 264.0 2926.0 45.0 28.0
37 40 46 0.0 0.0 0.0 0.0 15.0 0.0 0.0
37 41 34 0.0 0.0 0.0 1.0 3.0 0.0 0.0
37 41 35 0.0 0.0 0.0 195.0 2992.0 55.0 26.0
37 41 36 0.0 0.0 0.0 2203.0 32420.0 475.0 6197.0
37 41 37 0.0 3.0 0.0 2422.0 36340.0 331.0 53978.0
37 41 38 0.0 0.0 0.0 1845.0 25559.0 194.0 80953.0
37 41 39 0.0 0.0 3.0 1579.0 19563.0 168.0 94009.0
37 41 40 0.0 1.0 0.0 1472.0 17959.0 145.0 96357.0
37 41 41 0.0 0.0 0.0 1663.0 20436.0 162.0 91685.0
37 41 42 0.0 0.0 0.0 2142.0 25283.0 198.0 80337.0
37 41 43 0.0 0.0 2.0 3170.0 38381.0 376.0 48153.0
37 41 44 0.0 0.0 0.0 2505.0 30937.0 469.0 5637.0
37 41 45 0.0 0.0 0.0 273.0 2693.0 56.0 14.0
37 41 46 0.0 0.0 0.0 3.0 12.0 0.0 0.0
37 42 34 0.0 0.0 0.0 0.0 4.0 0.0 0.0
37 42 35 0.0 0.0 0.0 113.0 1685.0 30.0 7.0
37 42 36 0.0 0.0 0.0 1695.0 23364.0 355.0 2650.0
37 42 37 0.0 0.0 0.0 3485.0 41616.0 443.0 35748.0
37 42 38 0.0 1.0 2.0 2822.0 32108.0 289.0 65187.0
37 42 39 0.0 1.0 0.0 2033.0 25326.0 230.0 80846.0
37 42 40 0.0 1.0 1.0 2129.0 24175.0 207.0 83589.0
37 42 41 0.0 0.0 2.0 1907.0 26354.0 205.0 79532.0
37 42 42 0.0 1.0 0.0 2388.0 33305.0 283.0 63543.0
37 42 43 0.0 0.0 0.0 3956.0 41054.0 476.0 33863.0
37 42 44 0.0 1.0 0.0 1532.0 22073.0 367.0 2184.0
37 42 45 0.0 0.0 0.0 136.0 1271.0 21.0 7.0
37 42 46 0.0 0.0 0.0 0.0 3.0 0.0 0.0
37 43 34 0.0 0.0 0.0 0.0 2.0 0.0 0.0
37 43 35 0.0 0.0 0.0 42.0 626.0 11.0 1.0
37 43 36 0.0 0.0 0.0 897.0 12661.0 205.0 594.0
37 43 37 0.0 0.0 0.0 3214.0 37977.0 482.0 12427.0
37 43 38 0.0 0.0 3.0 3178.0 42692.0 470.0 31959.0
37 43 39 0.0 0.0 1.0 3231.0 37139.0 367.0 50554.0
37 43 40 0.0 0.0 0.0 3027.0 36756.0 381.0 53147.0
37 43 41 0.0 0.0 0.0 3213.0 38637.0 364.0 47805.0
37 43 42 0.0 2.0 0.0 3153.0 42122.0 436.0 34034.0
37 43 43 0.0 0.0 0.0 2358.0 38294.0 482.0 11120.0
37 43 44 0.0 0.0 0.0 870.0 10524.0 171.0 363.0
37 43 45 0.0 0.0 0.0 28.0 495.0 8.0 1.0
37 44 35 0.0 0.0 0.0 3.0 109.0 4.0 0.0
37 44 36 0.0 0.0 0.0 213.0 2228.0 30.0 14.0
37 44 37 0.0 0.0 2.0 822.0 10313.0 179.0 375.0
37 44 38 0.0 0.0 0.0 1569.0 22912.0 378.0 2365.0
37 44 39 0.0 0.0 0.0 1985.0 30663.0 446.0 5233.0
37 44 40 0.0 0.0 0.0 2780.0 33231.0 460.0 6646.0
37 44 41 0.0 1.0 0.0 2487.0 30081.0 475.0 5201.0
37 44 42 0.0 1.0 0.0 1879.0 23326.0 342.0 2646.0
37 44 43 0.0 2.0 0.0 852.0 11022.0 199.0 460.0
37 44 44 0.0 0.0 0.0 140.0 1996.0 45.0 10.0
37 44 45 0.0 0.0 0.0 8.0 102.0 2.0 0.0
37 45 35 0.0 0.0 0.0 0.0 1.0 0.0 0.0
37 45 36 0.0 0.0 0.0 2.0 74.0 1.0 0.0
37 45 37 0.0 0.0 0.0 33.0 503.0 8.0 0.0
37 45 38 0.0 0.0 0.0 84.0 1442.0 34.0 9.0
37 45 39 0.0 0.0 0.0 232.0 2595.0 56.0 21.0
37 45 40 0.0 0.0 0.0 245.0 3250.0 63.0 27.0
37 45 41 0.0 0.0 0.0 238.0 2544.0 50.0 16.0
37 45 42 0.0 0.0 0.0 100.0 1360.0 25.0 7.0
37 45 43 0.0 0.0 0.0 33.0 480.0 5.0 0.0
37 45 44 0.0 0.0 0.0 2.0 88.0 5.0 0.0
37 45 45 0.0 0.0 0.0 0.0 3.0 0.0 0.0
37 46 37 0.0 0.0 0.0 0.0 3.0 0.0 0.0
37 46 38 0.0 0.0 0.0 0.0 6.0 0.0 0.0
37 46 39 0.0 0.0 0.0 0.0 5.0 0.0 0.0
37 46 40 0.0 0.0 0.0 1.0 6.0 0.0 0.0
37 46 41 0.0 0.0 0.0 0.0 6.0 0.0 0.0
37 46 42 0.0 0.0 0.0 0.0 11.0 0.0 0.0
38 34 37 0.0 0.0 0.0 0.0 2.0 0.0 0.0
38 34 38 0.0 0.0 0.0 15.0 20.0 0.0 0.0
38 34 39 0.0 0.0 0.0 9.0 46.0 0.0 0.0
38 34 40 0.0 0.0 0.0 10.0 32.0 1.0 0.0
38 34 41 0.0 0.0 0.0 4.0 61.0 0.0 0.0
38 34 42 0.0 0.0 0.0 0.0 13.0 0.0 0.0
38 34 43 0.0 0.0 0.0 2.0 7.0 0.0 0.0
38 35 35 0.0 0.0 0.0 0.0 10.0 0.0 0.0
38 35 36 0.0 0.0 0.0 27.0 278.0 2.0 0.0
38 35 37 0.0 0.0 0.0 123.0 1227.0 21.0 4.0
38 35 38 0.0 0.0 0.0 239.0 3878.0 72.0 37.0
38 35 39 0.0 0.0 0.0 493.0 6531.0 112.0 112.0
38 35 40 0.0 0.0 0.0 617.0 7744.0 144.0 169.0
38 35 41 0.0 0.0 0.0 526.0 6739.0 107.0 119.0
38 35 42 0.0 0.0 0.0 420.0 3946.0 57.0 40.0
38 35 43 0.0 0.0 0.0 134.0 1452.0 18.0 2.0
38 35 44 0.0 0.0 0.0 28.0 364.0 7.0 0.0
38 35 45 0.0 0.0 0.0 3.0 14.0 0.0 0.0
38 36 35 0.0 0.0 0.0 11.0 228.0 5.0 0.0
38 36 36 0.0 0.0 0.0 473.0 6166.0 98.0 126.0
38 36 37 0.0 0.0 0.0 1520.0 23762.0 355.0 2601.0
38 36 38 0.0 0.0 0.0 2699.0 37037.0 489.0 9828.0
38 36 39 0.0 0.0 0.0 3595.0 41869.0 553.0 17391.0
38 36 40 0.0 0.0 0.0 3093.0 43530.0 537.0 21894.0
38 36 41 0.0 0.0 4.0 3511.0 42630.0 478.0 19665.0
38 36 42 0.0 0.0 0.0 3197.0 37420.0 482.0 10679.0
38 36 43 0.0 0.0 0.0 1911.0 23066.0 366.0 2565.0
38 36 44 0.0 0.0 0.0 478.0 7702.0 116.0 179.0
38 36 45 0.0 0.0 0.0 46.0 267.0 2.0 0.0
38 37 34 0.0 0.0 0.0 0.0 10.0 0.0 0.0
38 37 35 0.0 0.0 0.0 97.0 1565.0 42.0 3.0
38 37 36 0.0 0.0 2.0 1794.0 21752.0 343.0 2102.0
38 37 37 0.0 0.0 0.0 3638.0 41381.0 439.0 34452.0
38 37 38 0.0 0.0 0.0 2683.0 32167.0 312.0 64808.0
38 37 39 0.0 0.0 1.0 2202.0 26391.0 255.0 78581.0
38 37 40 0.0 0.0 0.0 2099.0 23860.0 209.0 83732.0
38 37 41 0.0 0.0 1.0 2034.0 25893.0 217.0 79643.0
38 37 42 0.0 0.0 0.0 2575.0 32178.0 276.0 65750.0
38 37 43 0.0 0.0 0.0 3644.0 40957.0 445.0 35992.0
38 37 44 0.0 0.0 0.0 1958.0 22557.0 333.0 2300.0
38 37 45 0.0 0.0 0.0 112.0 1625.0 26.0 7.0
38 37 46 0.0 0.0 0.0 2.0 9.0 1.0 0.0
38 38 34 0.0 0.0 0.0 2.0 27.0 1.0 0.0
38 38 35 0.0 0.0 0.0 438.0 3742.0 67.0 47.0
38 38 36 0.0 0.0 1.0 3562.0 37771.0 517.0 11077.0
38 38 37 0.0 0.0 5.0 3079.0 31638.0 288.0 65751.0
38 38 38 0.0 0.0 0.0 1344.0 15760.0 125.0 105468.0
38 38 39 0.0 0.0 0.0 1034.0 11897.0 72.0 114827.0
38 38 40 0.0 0.0 0.0 903.0 10428.0 75.0 118922.0
38 38 41 0.0 0.0 0.0 1081.0 11603.0 70.0 115695.0
38 38 42 0.0 0.0 0.0 1319.0 16551.0 101.0 102905.0
38 38 43 0.0 1.0 1.0 2728.0 32438.0 308.0 65495.0
38 38 44 0.0 1.0 0.0 3301.0 37959.0 537.0 11216.0
38 38 45 0.0 0.0 0.0 314.0 4418.0 76.0 55.0
38 38 46 0.0 0.0 0.0 1.0 41.0 0.0 0.0
38 39 34 0.0 0.0 0.0 10.0 46.0 1.0 0.0
38 39 35 0.0 0.0 1.0 587.0 7356.0 135.0 152.0
38 39 36 0.0 2.0 1.0 3746.0 42119.0 510.0 21030.0
38 39 37 0.0 5.0 1.0 2485.0 24899.0 217.0 81391.0
38 39 38 0.0 1.0 1.0 1048.0 10909.0 69.0 117555.0
38 39 39 0.0 0.0 0.0 737.0 7584.0 48.0 125080.0
38 39 40 0.0 0.0 0.0 604.0 6776.0 44.0 127046.0
38 39 41 0.0 0.0 0.0 735.0 7650.0 46.0 125105.0
38 39 42 0.0 0.0 2.0 1036.0 11805.0 69.0 114776.0
38 39 43 0.0 0.0 2.0 2101.0 25973.0 199.0 79847.0
38 39 44 0.0 2.0 0.0 3179.0 42604.0 517.0 18817.0
38 39 45 0.0 1.0 0.0 414.0 7130.0 108.0 136.0
38 39 46 0.0 0.0 0.0 3.0 42.0 1.0 0.0
38 40 34 0.0 0.0 0.0 5.0 65.0 5.0 0.0
38 40 35 0.0 0.0 0.0 834.0 8816.0 152.0 244.0
38 40 36 0.0 1.0 0.0 3597.0 43265.0 503.0 25059.0
38 40 37 0.0 1.0 0.0 1854.0 22751.0 180.0 86667.0
38 40 38 0.0 0.0 1.0 778.0 9676.0 60.0 120505.0
38 40 39 0.0 0.0 0.0 595.0 6667.0 57.0 127097.0
38 40 40 0.0 0.0 0.0 543.0 5727.0 29.0 128448.0
38 40 41 0.0 0.0 0.0 600.0 6917.0 36.0 126368.0
38 40 42 0.0 0.0 1.0 910.0 10357.0 65.0 117628.0
38 40 43 0.0 1.0 0.0 1845.0 23650.0 190.0 85087.0
38 40 44 0.0 9.0 1.0 3604.0 42712.0 517.0 22828.0
38 40 45 0.0 1.0 0.0 617.0 7666.0 136.0 173.0
38 40 46 0.0 0.0 0.0 5.0 52.0 1.0 0.0
38 41 34 0.0 0.0 0.0 2.0 38.0 0.0 0.0
38 41 35 0.0 0.0 0.0 466.0 7334.0 105.0 150.0
38 41 36 0.0 0.0 0.0 3022.0 43287.0 527.0 21282.0
38 41 37 0.0 0.0 0.0 2082.0 24628.0 192.0 82323.0
38 41 38 0.0 0.0 0.0 915.0 11118.0 61.0 116752.0
38 41 39 0.0 0.0 0.0 669.0 7662.0 55.0 125090.0
38 41 40 0.0 0.0 1.0 621.0 6659.0 43.0 126407.0
38 41 41 0.0 0.0 2.0 712.0 8002.0 47.0 124439.0
38 41 42 0.0 0.0 0.0 900.0 11582.0 84.0 115234.0
38 41 43 0.0 2.0 0.0 2406.0 26093.0 243.0 78830.0
38 41 44 0.0 0.0 0.0 4061.0 41662.0 534.0 18924.0
38 41 45 0.0 0.0 0.0 595.0 6530.0 130.0 127.0
38 41 46 0.0 0.0 0.0 3.0 44.0 3.0 0.0
38 42 34 0.0 0.0 0.0 1.0 17.0 0.0 0.0
38 42 35 0.0 0.0 0.0 366.0 4384.0 81.0 57.0
38 42 36 0.0 0.0 0.0 2897.0 38881.0 506.0 11557.0
38 42 37 0.0 0.0 0.0 2442.0 32251.0 294.0 65893.0
38 42 38 0.0 1.0 0.0 1249.0 15502.0 100.0 105145.0
38 42 39 0.0 0.0 0.0 917.0 11543.0 61.0 115702.0
38 42 40 0.0 0.0 0.0 946.0 10406.0 76.0 118621.0
38 42 41 0.0 0.0 2.0 1007.0 11371.0 79.0 115733.0
38 42 42 0.0 0.0 0.0 1340.0 16371.0 127.0 103446.0
38 42 43 0.0 1.0 0.0 2658.0 32838.0 324.0 64331.0
38 42 44 0.0 1.0 5.0 2954.0 37268.0 471.0 9992.0
38 42 45 0.0 1.0 0.0 326.0 4008.0 58.0 39.0
38 42 46 0.0 0.0 0.0 1.0 33.0 0.0 0.0
38 43 35 0.0 0.0 0.0 107.0 1586.0 28.0 9.0
38 43 36 0.0 0.0 0.0 1898.0 22872.0 379.0 2569.0
38 43 37 0.0 0.0 1.0 3476.0 41915.0 427.0 35591.0
38 43 38 0.0 5.0 1.0 2400.0 32574.0 285.0 65672.0
38 43 39 0.0 0.0 3.0 2180.0 25987.0 225.0 79094.0
38 43 40 0.0 2.0 0.0 1945.0 24215.0 220.0 83394.0
38 43 41 0.0 2.0 0.0 2101.0 25579.0 242.0 80257.0
38 43 42 0.0 1.0 1.0 2539.0 31975.0 304.0 65400.0
38 43 43 0.0 0.0 0.0 3699.0 41721.0 491.0 32449.0
38 43 44 0.0 0.0 0.0 1921.0 22965.0 399.0 2460.0
38 43 45 0.0 0.0 0.0 151.0 1155.0 16.0 4.0
38 43 46 0.0 0.0 0.0 0.0 6.0 0.0 0.0
38 44 35 0.0 0.0 0.0 17.0 258.0 5.0 0.0
38 44 36 0.0 0.0 0.0 540.0 6473.0 111.0 135.0
38 44 37 0.0 0.0 0.0 1569.0 22172.0 361.0 2251.0
38 44 38 0.0 0.0 1.0 3697.0 37752.0 539.0 11180.0
38 44 39 0.0 0.0 1.0 3082.0 42414.0 479.0 18415.0
38 44 40 0.0 0.0 0.0 3377.0 42990.0 507.0 22469.0
38 44 41 0.0 0.0 2.0 3310.0 42354.0 539.0 18723.0
38 44 42 0.0 0.0 0.0 2656.0 37601.0 482.0 9905.0
38 44 43 0.0 0.0 0.0 2236.0 23090.0 378.0 2680.0
38 44 44 0.0 0.0 0.0 597.0 5995.0 103.0 133.0
38 44 45 0.0 0.0 0.0 22.0 256.0 6.0 0.0
38 45 35 0.0 0.0 0.0 3.0 8.0 0.0 0.0
38 45 36 0.0 0.0 0.0 31.0 254.0 5.0 0.0
38 45 37 0.0 0.0 0.0 93.0 1492.0 22.0 4.0
38 45 38 0.0 0.0 0.0 313.0 4069.0 62.0 34.0
38 45 39 0.0 0.0 2.0 548.0 7156.0 112.0 129.0
38 45 40 0.0 0.0 0.0 515.0 7570.0 129.0 196.0
38 45 41 0.0 1.0 0.0 512.0 6755.0 121.0 123.0
38 45 42 0.0 0.0 0.0 314.0 3899.0 75.0 34.0
38 45 43 0.0 1.0 0.0 115.0 1486.0 26.0 5.0
38 45 44 0.0 0.0 0.0 10.0 285.0 8.0 0.0
38 45 45 0.0 0.0 0.0 3.0 6.0 0.0 0.0
38 46 37 0.0 0.0 0.0 1.0 0.0 0.0 0.0
38 46 38 0.0 0.0 0.0 1.0 18.0 0.0 0.0
38 46 39 0.0 0.0 0.0 2.0 25.0 0.0 0.0
38 46 40 0.0 0.0 0.0 4.0 33.0 0.0 0.0
38 46 41 0.0 0.0 0.0 4.0 40.0 2.0 0.0
38 46 42 0.0 0.0 0.0 3.0 23.0 1.0 0.0
38 46 43 0.0 0.0 0.0 0.0 7.0 0.0 0.0
39 34 36 0.0 0.0 0.0 0.0 4.0 0.0 0.0
39 34 37 0.0 0.0 0.0 2.0 2.0 0.0 0.0
39 34 38 0.0 0.0 0.0 0.0 44.0 2.0 0.0
39 34 39 0.0 0.0 0.0 1.0 79.0 1.0 0.0
39 34 40 0.0 0.0 0.0 10.0 135.0 2.0 0.0
39 34 41 0.0 0.0 0.0 3.0 73.0 0.0 0.0
39 34 42 0.0 0.0 0.0 1.0 40.0 1.0 0.0
39 34 43 0.0 0.0 0.0 0.0 13.0 0.0 0.0
39 34 44 0.0 0.0 0.0 0.0 1.0 0.0 0.0
39 35 35 0.0 0.0 0.0 4.0 20.0 0.0 0.0
39 35 36 0.0 0.0 0.0 34.0 469.0 13.0 0.0
39 35 37 0.0 0.0 0.0 222.0 2573.0 49.0 16.0
39 35 38 0.0 0.0 0.0 549.0 6667.0 127.0 120.0
39 35 39 0.0 0.0 0.0 884.0 10851.0 177.0 346.0
39 35 40 0.0 0.0 0.0 1225.0 13570.0 230.0 641.0
39 35 41 0.0 0.0 0.0 969.0 11554.0 176.0 445.0
39 35 42 0.0 0.0 0.0 738.0 7457.0 129.0 166.0
39 35 43 0.0 0.0 0.0 274.0 3154.0 67.0 28.0
39 35 44 0.0 0.0 0.0 43.0 677.0 10.0 1.0
39 35 45 0.0 0.0 0.0 5.0 42.0 1.0 0.0
39 36 34 0.0 0.0 0.0 0.0 2.0 0.0 0.0
39 36 35 0.0 0.0 0.0 41.0 408.0 9.0 0.0
39 36 36 0.0 0.0 1.0 920.0 9581.0 164.0 355.0
39 36 37 0.0 0.0 0.0 2290.0 30109.0 409.0 4953.0
39 36 38 0.0 1.0 0.0 3334.0 42864.0 481.0 19108.0
39 36 39 0.0 0.0 0.0 3478.0 42947.0 485.0 31815.0
39 36 40 0.0 1.0 0.0 3834.0 42156.0 448.0 34999.0
39 36 41 0.0 0.0 1.0 4041.0 42433.0 508.0 31602.0
39 36 42 0.0 0.0 0.0 4057.0 41951.0 499.0 19692.0
39 36 43 0.0 3.0 0.0 2981.0 33240.0 492.0 7144.0
39 36 44 0.0 0.0 0.0 1211.0 11478.0 196.0 511.0
39 36 45 0.0 0.0 0.0 56.0 489.0 10.0 1.0
39 37 34 0.0 0.0 0.0 0.0 11.0 0.0 0.0
39 37 35 0.0 0.0 0.0 248.0 2516.0 43.0 24.0
39 37 36 0.0 0.0 0.0 3199.0 30372.0 432.0 5516.0
39 37 37 0.0 0.0 1.0 3384.0 37415.0 383.0 50164.0
39 37 38 0.0 0.0 0.0 2266.0 25728.0 201.0 79953.0
39 37 39 0.0 0.0 0.0 1748.0 19257.0 150.0 93858.0
39 37 40 0.0 0.0 1.0 1522.0 17756.0 131.0 96766.0
39 37 41 0.0 2.0 0.0 1760.0 19724.0 154.0 93272.0
39 37 42 0.0 0.0 1.0 2336.0 25251.0 228.0 80812.0
39 37 43 0.0 0.0 0.0 2775.0 36341.0 329.0 54225.0
39 37 44 0.0 8.0 0.0 2600.0 32547.0 494.0 6350.0
39 37 45 0.0 0.0 0.0 200.0 2922.0 50.0 26.0
39 37 46 0.0 0.0 0.0 0.0 18.0 1.0 0.0
39 38 34 0.0 0.0 0.0 1.0 54.0 1.0 0.0
39 38 35 0.0 0.0 1.0 494.0 6707.0 117.0 131.0
39 38 36 0.0 0.0 0.0 3823.0 41655.0 487.0 18619.0
39 38 37 0.0 4.0 0.0 2095.0 25294.0 240.0 81633.0
39 38 38 0.0 0.0 0.0 1114.0 11393.0 69.0 115245.0
39 38 39 0.0 0.0 0.0 646.0 7484.0 50.0 125178.0
39 38 40 0.0 0.0 1.0 650.0 6986.0 46.0 126021.0
39 38 41 0.0 0.0 0.0 731.0 7663.0 39.0 124834.0
39 38 42 0.0 0.0 2.0 962.0 11423.0 79.0 116878.0
39 38 43 0.0 0.0 2.0 2150.0 25946.0 210.0 80228.0
39 38 44 0.0 0.0 0.0 3053.0 43373.0 483.0 21625.0
39 38 45 0.0 0.0 0.0 650.0 7369.0 107.0 152.0
39 38 46 0.0 0.0 0.0 6.0 54.0 0.0 0.0
39 39 34 0.0 0.0 0.0 5.0 76.0 0.0 0.0
39 39 35 0.0 0.0 0.0 934.0 11193.0 178.0 384.0
39 39 36 0.0 0.0 1.0 4042.0 42392.0 488.0 32159.0
39 39 37 0.0 0.0 3.0 1856.0 19193.0 149.0 93620.0
39 39 38 0.0 0.0 0.0 703.0 7558.0 50.0 125452.0
39 39 39 0.0 0.0 0.0 371.0 3446.0 20.0 141778.0
39 39 40 0.0 0.0 0.0 249.0 2920.0 13.0 142384.0
39 39 41 0.0 1.0 0.0 347.0 3618.0 13.0 141009.0
39 39 42 0.0 1.0 0.0 667.0 7542.0 50.0 125186.0
39 39 43 0.0 1.0 0.0 1616.0 19569.0 140.0 93539.0
39 39 44 0.0 0.0 0.0 3609.0 43102.0 479.0 32609.0
39 39 45 0.0 0.0 0.0 1073.0 12440.0 200.0 467.0
39 39 46 0.0 0.0 0.0 4.0 88.0 3.0 0.0
39 40 34 0.0 0.0 0.0 5.0 89.0 0.0 0.0
39 40 35 0.0 0.0 0.0 1013.0 13321.0 217.0 545.0
39 40 36 0.0 3.0 1.0 3893.0 41996.0 496.0 36146.0
39 40 37 0.0 1.0 1.0 1430.0 17066.0 117.0 98087.0
39 40 38 0.0 0.0 1.0 590.0 6592.0 40.0 127105.0
39 40 39 0.0 0.0 0.0 296.0 2825.0 11.0 143682.0
39 40 40 0.0 0.0 0.0 209.0 2299.0 8.0 143543.0
39 40 41 0.0 0.0 0.0 259.0 2940.0 15.0 143220.0
39 40 42 0.0 0.0 0.0 618.0 6779.0 42.0 127035.0
39 40 43 0.0 0.0 1.0 1458.0 17895.0 145.0 97198.0
39 40 44 0.0 0.0 0.0 3212.0 42604.0 420.0 35977.0
39 40 45 0.0 0.0 0.0 968.0 13195.0 210.0 562.0
39 40 46 0.0 0.0 0.0 6.0 94.0 2.0 0.0
39 41 34 0.0 0.0 0.0 2.0 86.0 5.0 0.0
39 41 35 0.0 0.0 0.0 1023.0 11525.0 200.0 434.0
39 41 36 0.0 0.0 0.0 3379.0 42790.0 496.0 31767.0
39 41 37 0.0 0.0 0.0 1501.0 19390.0 155.0 93700.0
39 41 38 0.0 0.0 0.0 636.0 7435.0 37.0 125641.0
39 41 39 0.0 0.0 0.0 321.0 3453.0 20.0 142513.0
39 41 40 0.0 0.0 0.0 269.0 3016.0 14.0 141928.0
39 41 41 0.0 0.0 0.0 326.0 3427.0 11.0 141578.0
39 41 42 0.0 0.0 0.0 705.0 8006.0 39.0 124696.0
39 41 43 0.0 2.0 1.0 1847.0 19826.0 179.0 92455.0
39 41 44 0.0 0.0 0.0 3702.0 42951.0 479.0 30207.0
39 41 45 0.0 0.0 0.0 968.0 11057.0 150.0 456.0
39 41 46 0.0 0.0 0.0 5.0 92.0 1.0 0.0
39 42 34 0.0 0.0 0.0 1.0 33.0 1.0 0.0
39 42 35 0.0 0.0 0.0 578.0 7669.0 119.0 166.0
39 42 36 0.0 0.0 0.0 3496.0 42079.0 529.0 19584.0
39 42 37 0.0 0.0 3.0 2086.0 25898.0 244.0 80167.0
39 42 38 0.0 0.0 0.0 986.0 11283.0 82.0 115699.0
39 42 39 0.0 3.0 1.0 570.0 7532.0 45.0 125031.0
39 42 40 0.0 1.0 1.0 598.0 6865.0 38.0 127040.0
39 42 41 0.0 0.0 1.0 704.0 7533.0 59.0 125233.0
39 42 42 0.0 0.0 3.0 1014.0 11421.0 69.0 115122.0
39 42 43 0.0 1.0 0.0 2200.0 25584.0 204.0 80089.0
39 42 44 0.0 0.0 0.0 4631.0 41495.0 507.0 19074.0
39 42 45 0.0 0.0 0.0 519.0 6520.0 103.0 122.0
39 42 46 0.0 0.0 0.0 3.0 30.0 0.0 0.0
39 43 34 0.0 0.0 0.0 0.0 11.0 0.0 0.0
39 43 35 0.0 0.0 0.0 219.0 2657.0 47.0 16.0
39 43 36 0.0 0.0 0.0 2506.0 30340.0 430.0 5464.0
39 43 37 0.0 0.0 1.0 3803.0 37075.0 370.0 48958.0
39 43 38 0.0 0.0 0.0 2007.0 25802.0 234.0 80254.0
39 43 39 0.0 0.0 2.0 1630.0 19634.0 151.0 93026.0
39 43 40 0.0 0.0 0.0 1380.0 18149.0 149.0 96335.0
39 43 41 0.0 1.0 1.0 1637.0 19698.0 141.0 92807.0
39 43 42 0.0 0.0 1.0 2322.0 25424.0 226.0 80846.0
39 43 43 0.0 0.0 0.0 3199.0 37299.0 397.0 49741.0
39 43 44 0.0 0.0 1.0 2432.0 30208.0 475.0 5178.0
39 43 45 0.0 0.0 0.0 233.0 2522.0 63.0 15.0
39 43 46 0.0 0.0 0.0 1.0 13.0 0.0 0.0
39 44 34 0.0 0.0 0.0 0.0 2.0 0.0 0.0
39 44 35 0.0 0.0 0.0 31.0 490.0 3.0 1.0
39 44 36 0.0 0.0 0.0 753.0 9426.0 157.0 303.0
39 44 37 0.0 0.0 0.0 2547.0 32120.0 449.0 6195.0
39 44 38 0.0 9.0 0.0 3491.0 42594.0 488.0 19341.0
39 44 39 0.0 0.0 0.0 3249.0 43306.0 441.0 30432.0
39 44 40 0.0 0.0 2.0 3441.0 42505.0 461.0 35633.0
39 44 41 0.0 6.0 0.0 3263.0 43567.0 459.0 29164.0
39 44 42 0.0 0.0 0.0 3649.0 41851.0 527.0 18895.0
39 44 43 0.0 0.0 0.0 2410.0 30820.0 425.0 5729.0
39 44 44 0.0 0.0 0.0 813.0 9983.0 157.0 379.0
39 44 45 0.0 0.0 0.0 45.0 500.0 13.0 1.0
39 45 35 0.0 0.0 0.0 0.0 29.0 0.0 0.0
39 45 36 0.0 0.0 0.0 36.0 453.0 4.0 1.0
39 45 37 0.0 0.0 0.0 236.0 2543.0 32.0 17.0
39 45 38 0.0 0.0 0.0 631.0 6930.0 134.0 150.0
39 45 39 0.0 0.0 0.0 771.0 11317.0 214.0 362.0
39 45 40 0.0 0.0 0.0 852.0 12914.0 179.0 543.0
39 45 41 0.0 0.0 0.0 832.0 11448.0 180.0 434.0
39 45 42 0.0 0.0 0.0 497.0 6439.0 138.0 109.0
39 45 43 0.0 0.0 0.0 191.0 2617.0 45.0 17.0
39 45 44 0.0 0.0 0.0 43.0 431.0 6.0 1.0
39 45 45 0.0 0.0 0.0 1.0 27.0 1.0 0.0
39 46 37 0.0 0.0 0.0 0.0 9.0 0.0 0.0
39 46 38 0.0 0.0 0.0 3.0 31.0 1.0 0.0
39 46 39 0.0 0.0 0.0 5.0 80.0 1.0 0.0
39 46 40 0.0 0.0 0.0 18.0 75.0 2.0 0.0
39 46 41 0.0 0.0 0.0 6.0 67.0 0.0 0.0
39 46 42 0.0 0.0 0.0 4.0 34.0 0.0 0.0
39 46 43 0.0 0.0 0.0 1.0 11.0 0.0 0.0
39 46 44 0.0 0.0 0.0 0.0 1.0 0.0 0.0
40 34 36 0.0 0.0 0.0 1.0 1.0 0.0 0.0
40 34 37 0.0 0.0 0.0 0.0 12.0 0.0 0.0
40 34 38 0.0 0.0 0.0 5.0 52.0 1.0 0.0
40 34 39 0.0 0.0 0.0 7.0 110.0 0.0 0.0
40 34 40 0.0 0.0 0.0 10.0 134.0 1.0 0.0
40 34 41 0.0 0.0 0.0 14.0 136.0 1.0 0.0
40 34 42 0.0 0.0 0.0 5.0 89.0 2.0 0.0
40 34 43 0.0 0.0 0.0 1.0 20.0 0.0 0.0
40 34 44 0.0 0.0 0.0 0.0 3.0 0.0 0.0
40 34 45 0.0 0.0 0.0 0.0 1.0 0.0 0.0
40 35 35 0.0 0.0 0.0 4.0 34.0 0.0 0.0
40 35 36 0.0 0.0 0.0 43.0 629.0 8.0 1.0
40 35 37 0.0 0.0 0.0 295.0 3395.0 52.0 27.0
40 35 38 0.0 0.0 0.0 680.0 8298.0 135.0 218.0
40 35 39 0.0 0.0 0.0 987.0 14020.0 239.0 643.0
40 35 40 0.0 0.0 0.0 1309.0 15307.0 266.0 845.0
40 35 41 0.0 0.0 0.0 1055.0 14157.0 236.0 716.0
40 35 42 0.0 0.0 0.0 769.0 8725.0 175.0 229.0
40 35 43 0.0 0.0 0.0 318.0 4034.0 70.0 41.0
40 35 44 0.0 0.0 0.0 69.0 930.0 14.0 6.0
40 35 45 0.0 0.0 0.0 13.0 70.0 1.0 0.0
40 36 34 0.0 0.0 0.0 1.0 0.0 0.0 0.0
40 36 35 0.0 0.0 0.0 56.0 560.0 12.0 2.0
40 36 36 0.0 0.0 0.0 802.0 12198.0 199.0 565.0
40 36 37 0.0 0.0 0.0 2691.0 33359.0 461.0 7121.0
40 36 38 0.0 0.0 4.0 3294.0 43390.0 543.0 23884.0
40 36 39 0.0 0.0 0.0 3549.0 42025.0 427.0 36600.0
40 36 40 0.0 0.0 3.0 3285.0 41203.0 429.0 40970.0
40 36 41 0.0 0.0 0.0 3209.0 42174.0 468.0 38663.0
40 36 42 0.0 2.0 2.0 3902.0 42923.0 522.0 25695.0
40 36 43 0.0 0.0 0.0 3391.0 36897.0 521.0 10364.0
40 36 44 0.0 0.0 0.0 1078.0 15414.0 239.0 919.0
40 36 45 0.0 0.0 0.0 66.0 905.0 27.0 2.0
40 36 46 0.0 0.0 0.0 0.0 2.0 0.0 0.0
40 37 34 0.0 0.0 0.0 1.0 13.0 0.0 0.0
40 37 35 0.0 0.0 0.0 195.0 3205.0 44.0 20.0
40 37 36 0.0 0.0 0.0 2720.0 33758.0 432.0 7422.0
40 37 37 0.0 0.0 0.0 2767.0 36153.0 374.0 54720.0
40 37 38 0.0 0.0 0.0 2049.0 23336.0 178.0 84881.0
40 37 39 0.0 0.0 0.0 1500.0 17645.0 126.0 96842.0
40 37 40 0.0 0.0 0.0 1494.0 16242.0 128.0 100492.0
40 37 41 0.0 0.0 0.0 1523.0 17366.0 135.0 97822.0
40 37 42 0.0 0.0 2.0 2065.0 22846.0 202.0 86983.0
40 37 43 0.0 0.0 4.0 3048.0 33425.0 329.0 59903.0
40 37 44 0.0 0.0 0.0 2674.0 35711.0 495.0 9153.0
40 37 45 0.0 0.0 0.0 229.0 3922.0 65.0 40.0
40 37 46 0.0 0.0 0.0 0.0 12.0 0.0 0.0
40 38 34 0.0 0.0 0.0 3.0 43.0 1.0 0.0
40 38 35 0.0 0.0 0.0 772.0 8158.0 129.0 180.0
40 38 36 0.0 0.0 3.0 3373.0 43470.0 529.0 22731.0
40 38 37 0.0 0.0 1.0 2348.0 23937.0 179.0 83834.0
40 38 38 0.0 0.0 2.0 896.0 10020.0 51.0 119373.0
40 38 39 0.0 0.0 0.0 560.0 6698.0 36.0 127222.0
40 38 40 0.0 0.0 3.0 491.0 5712.0 24.0 128850.0
40 38 41 0.0 1.0 3.0 552.0 6555.0 44.0 127128.0
40 38 42 0.0 0.0 0.0 789.0 9827.0 56.0 120784.0
40 38 43 0.0 0.0 1.0 1888.0 22729.0 183.0 86839.0
40 38 44 0.0 5.0 3.0 3012.0 43723.0 493.0 26094.0
40 38 45 0.0 0.0 0.0 696.0 9196.0 160.0 238.0
40 38 46 0.0 0.0 0.0 2.0 70.0 1.0 0.0
40 39 34 0.0 0.0 0.0 12.0 100.0 2.0 0.0
40 39 35 0.0 0.0 0.0 994.0 13025.0 209.0 573.0
40 39 36 0.0 1.0 2.0 3510.0 42505.0 467.0 35143.0
40 39 37 0.0 0.0 2.0 1559.0 17864.0 160.0 96798.0
40 39 38 0.0 0.0 0.0 584.0 6732.0 48.0 127273.0
40 39 39 0.0 0.0 0.0 265.0 2947.0 9.0 142085.0
40 39 40 0.0 0.0 0.0 199.0 2406.0 10.0 142897.0
40 39 41 0.0 0.0 0.0 244.0 2834.0 12.0 143121.0
40 39 42 0.0 0.0 0.0 548.0 6421.0 29.0 127277.0
40 39 43 0.0 0.0 0.0 1386.0 17195.0 132.0 98962.0
40 39 44 0.0 0.0 1.0 3380.0 41891.0 448.0 39232.0
40 39 45 0.0 0.0 0.0 1060.0 14525.0 247.0 710.0
40 39 46 0.0 0.0 0.0 2.0 157.0 4.0 0.0
40 40 34 0.0 0.0 0.0 12.0 139.0 1.0 0.0
40 40 35 0.0 0.0 0.0 1267.0 14941.0 227.0 773.0
40 40 36 0.0 0.0 6.0 3327.0 41339.0 420.0 40713.0
40 40 37 0.0 0.0 2.0 1385.0 16390.0 110.0 100309.0
40 40 38 0.0 0.0 0.0 479.0 5775.0 31.0 129232.0
40 40 39 0.0 0.0 0.0 209.0 2274.0 18.0 142576.0
40 40 40 0.0 0.0 0.0 111.0 1270.0 8.0 157523.0
40 40 41 0.0 0.0 0.0 214.0 2279.0 13.0 143320.0
40 40 42 0.0 0.0 0.0 506.0 5793.0 42.0 128260.0
40 40 43 0.0 5.0 0.0 1394.0 15998.0 137.0 100356.0
40 40 44 0.0 1.0 0.0 3154.0 41031.0 443.0 41979.0
40 40 45 0.0 0.0 3.0 1365.0 15639.0 259.0 842.0
40 40 46 0.0 0.0 0.0 18.0 176.0 3.0 0.0
40 41 34 0.0 0.0 0.0 4.0 99.0 3.0 0.0
40 41 35 0.0 0.0 0.0 1015.0 13088.0 200.0 550.0
40 41 36 0.0 0.0 4.0 3635.0 42153.0 445.0 35590.0
40 41 37 0.0 0.0 0.0 1651.0 17420.0 127.0 97556.0
40 41 38 0.0 0.0 0.0 583.0 6739.0 43.0 127419.0
40 41 39 0.0 0.0 0.0 247.0 2944.0 20.0 143067.0
40 41 40 0.0 0.0 0.0 201.0 2309.0 9.0 143309.0
40 41 41 0.0 -1.0 0.0 262.0 2948.0 16.0 142434.0
40 41 42 0.0 0.0 0.0 630.0 6789.0 50.0 126308.0
40 41 43 0.0 0.0 0.0 1507.0 17741.0 130.0 96655.0
40 41 44 0.0 1.0 0.0 3528.0 42458.0 479.0 35885.0
40 41 45 0.0 6.0 0.0 899.0 13523.0 222.0 599.0
40 41 46 0.0 0.0 0.0 7.0 98.0 1.0 0.0
40 42 34 0.0 0.0 0.0 3.0 51.0 2.0 0.0
40 42 35 0.0 0.0 0.0 616.0 8448.0 139.0 234.0
40 42 36 0.0 0.0 0.0 3426.0 43261.0 515.0 23083.0
40 42 37 0.0 1.0 0.0 2287.0 24293.0 220.0 84070.0
40 42 38 0.0 0.0 0.0 882.0 10450.0 55.0 117589.0
40 42 39 0.0 0.0 1.0 549.0 6639.0 42.0 127236.0
40 42 40 0.0 0.0 1.0 492.0 5796.0 29.0 128439.0
40 42 41 0.0 0.0 0.0 602.0 6844.0 48.0 126901.0
40 42 42 0.0 1.0 0.0 991.0 10245.0 62.0 118869.0
40 42 43 0.0 0.0 0.0 2098.0 24191.0 224.0 83334.0
40 42 44 0.0 1.0 0.0 3647.0 42892.0 513.0 21452.0
40 42 45 0.0 0.0 0.0 573.0 7712.0 137.0 177.0
40 42 46 0.0 0.0 0.0 5.0 49.0 1.0 0.0
40 43 34 0.0 0.0 0.0 0.0 15.0 0.0 0.0
40 43 35 0.0 0.0 0.0 269.0 3033.0 41.0 24.0
40 43 36 0.0 0.0 2.0 2985.0 33291.0 463.0 7376.0
40 43 37 0.0 0.0 1.0 3141.0 35157.0 313.0 55576.0
40 43 38 0.0 0.0 4.0 1997.0 24239.0 193.0 83041.0
40 43 39 0.0 0.0 0.0 1497.0 18241.0 157.0 96588.0
40 43 40 0.0 0.0 1.0 1379.0 16582.0 131.0 99558.0
40 43 41 0.0 0.0 1.0 1575.0 18013.0 150.0 96751.0
40 43 42 0.0 2.0 2.0 2185.0 23789.0 198.0 84260.0
40 43 43 0.0 0.0 0.0 3102.0 36465.0 354.0 53641.0
40 43 44 0.0 0.0 0.0 2961.0 32891.0 503.0 6987.0
40 43 45 0.0 0.0 0.0 220.0 3118.0 51.0 24.0
40 43 46 0.0 0.0 0.0 0.0 8.0 0.0 0.0
40 44 34 0.0 0.0 0.0 0.0 1.0 0.0 0.0
40 44 35 0.0 0.0 0.0 38.0 495.0 10.0 0.0
40 44 36 0.0 0.0 0.0 1239.0 11119.0 183.0 496.0
40 44 37 0.0 0.0 0.0 2638.0 33263.0 462.0 6997.0
40 44 38 0.0 0.0 0.0 3299.0 43116.0 519.0 22112.0
40 44 39 0.0 0.0 2.0 3352.0 42626.0 475.0 35662.0
40 44 40 0.0 0.0 0.0 3276.0 41230.0 444.0 40484.0
40 44 41 0.0 2.0 1.0 3337.0 42653.0 467.0 35283.0
40 44 42 0.0 1.0 0.0 3920.0 42523.0 508.0 21930.0
40 44 43 0.0 0.0 0.0 3298.0 32894.0 476.0 6905.0
40 44 44 0.0 0.0 0.0 1001.0 11678.0 187.0 497.0
40 44 45 0.0 0.0 0.0 63.0 547.0 8.0 1.0
40 45 35 0.0 0.0 0.0 0.0 39.0 0.0 0.0
40 45 36 0.0 0.0 0.0 62.0 607.0 12.0 2.0
40 45 37 0.0 0.0 0.0 284.0 3079.0 68.0 33.0
40 45 38 0.0 0.0 0.0 572.0 8103.0 140.0 211.0
40 45 39 0.0 0.0 0.0 873.0 12911.0 191.0 510.0
40 45 40 0.0 0.0 1.0 1229.0 14484.0 243.0 735.0
40 45 41 0.0 0.0 0.0 939.0 12561.0 212.0 454.0
40 45 42 0.0 0.0 0.0 563.0 7992.0 154.0 171.0
40 45 43 0.0 0.0 0.0 211.0 2978.0 55.0 12.0
40 45 44 0.0 0.0 0.0 71.0 649.0 12.0 2.0
40 45 45 0.0 0.0 0.0 3.0 34.0 0.0 0.0
40 46 36 0.0 0.0 0.0 0.0 1.0 0.0 0.0
40 46 37 0.0 0.0 0.0 3.0 2.0 1.0 0.0
40 46 38 0.0 0.0 0.0 0.0 63.0 0.0 0.0
40 46 39 0.0 0.0 0.0 6.0 99.0 0.0 0.0
40 46 40 0.0 0.0 0.0 0.0 180.0 2.0 0.0
40 46 41 0.0 0.0 0.0 8.0 73.0 3.0 0.0
40 46 42 0.0 0.0 0.0 1.0 49.0 1.0 0.0
40 46 43 0.0 0.0 0.0 0.0 2.0 0.0 0.0
40 46 44 0.0 0.0 0.0 0.0 1.0 0.0 0.0
41 34 35 0.0 0.0 0.0 0.0 1.0 0.0 0.0
41 34 36 0.0 0.0 0.0 0.0 2.0 0.0 0.0
41 34 37 0.0 0.0 0.0 0.0 21.0 0.0 0.0
41 34 38 0.0 0.0 0.0 5.0 43.0 2.0 0.0
41 34 39 0.0 0.0 0.0 5.0 110.0 1.0 0.0
41 34 40 0.0 0.0 0.0 6.0 120.0 2.0 0.0
41 34 41 0.0 0.0 0.0 8.0 98.0 1.0 0.0
41 34 42 0.0 0.0 0.0 4.0 48.0 2.0 0.0
41 34 43 0.0 0.0 0.0 0.0 15.0 0.0 0.0
41 34 44 0.0 0.0 0.0 0.0 2.0 0.0 0.0
41 35 35 0.0 0.0 0.0 7.0 30.0 0.0 0.0
41 35 36 0.0 0.0 0.0 53.0 489.0 9.0 0.0
41 35 37 0.0 0.0 0.0 247.0 2434.0 35.0 13.0
41 35 38 0.0 0.0 0.0 678.0 7013.0 124.0 153.0
41 35 39 0.0 0.0 0.0 953.0 12213.0 184.0 477.0
41 35 40 0.0 0.0 1.0 1067.0 14532.0 246.0 692.0
41 35 41 0.0 1.0 0.0 1098.0 12869.0 200.0 609.0
41 35 42 0.0 0.0 0.0 646.0 7971.0 146.0 186.0
41 35 43 0.0 0.0 0.0 269.0 3622.0 80.0 21.0
41 35 44 0.0 0.0 0.0 98.0 785.0 10.0 1.0
41 35 45 0.0 0.0 0.0 2.0 78.0 2.0 0.0
41 36 34 0.0 0.0 0.0 0.0 1.0 0.0 0.0
41 36 35 0.0 0.0 0.0 66.0 525.0 10.0 0.0
41 36 36 0.0 0.0 0.0 817.0 10602.0 176.0 387.0
41 36 37 0.0 0.0 0.0 2455.0 31129.0 439.0 5865.0
41 36 38 0.0 0.0 1.0 4047.0 42110.0 473.0 20789.0
41 36 39 0.0 0.0 0.0 3318.0 42750.0 431.0 33433.0
41 36 40 0.0 2.0 2.0 3268.0 42149.0 450.0 38080.0
41 36 41 0.0 0.0 2.0 3557.0 42583.0 482.0 34519.0
41 36 42 0.0 0.0 1.0 3616.0 43060.0 497.0 22938.0
41 36 43 0.0 0.0 1.0 2641.0 35466.0 500.0 8397.0
41 36 44 0.0 0.0 0.0 1086.0 14030.0 241.0 783.0
41 36 45 0.0 0.0 0.0 63.0 670.0 7.0 1.0
41 36 46 0.0 0.0 0.0 0.0 4.0 0.0 0.0
41 37 34 0.0 0.0 0.0 1.0 10.0 0.0 0.0
41 37 35 0.0 0.0 0.0 167.0 2665.0 44.0 21.0
41 37 36 0.0 0.0 10.0 3013.0 30308.0 457.0 5506.0
41 37 37 0.0 0.0 0.0 3411.0 37276.0 370.0 50132.0
41 37 38 0.0 0.0 1.0 2287.0 25503.0 229.0 80491.0
41 37 39 0.0 0.0 1.0 1685.0 18868.0 160.0 94332.0
41 37 40 0.0 0.0 1.0 1377.0 17094.0 128.0 98831.0
41 37 41 0.0 2.0 0.0 1546.0 18103.0 134.0 96293.0
41 37 42 0.0 1.0 2.0 1830.0 23623.0 201.0 85319.0
41 37 43 0.0 2.0 1.0 2080.0 34470.0 336.0 59893.0
41 37 44 0.0 0.0 0.0 2378.0 35904.0 475.0 8668.0
41 37 45 0.0 2.0 0.0 292.0 3606.0 65.0 34.0
41 37 46 0.0 0.0 0.0 3.0 28.0 2.0 0.0
41 38 34 0.0 0.0 0.0 5.0 58.0 3.0 0.0
41 38 35 0.0 0.0 0.0 620.0 6695.0 120.0 126.0
41 38 36 0.0 0.0 0.0 3885.0 42300.0 552.0 19647.0
41 38 37 0.0 0.0 0.0 2400.0 25759.0 213.0 79550.0
41 38 38 0.0 0.0 0.0 1029.0 11437.0 77.0 115481.0
41 38 39 0.0 0.0 0.0 743.0 7622.0 52.0 124986.0
41 38 40 0.0 0.0 0.0 532.0 6378.0 35.0 128376.0
41 38 41 0.0 0.0 0.0 558.0 6924.0 36.0 126900.0
41 38 42 0.0 1.0 0.0 753.0 10094.0 68.0 120304.0
41 38 43 0.0 0.0 2.0 1766.0 23027.0 192.0 86256.0
41 38 44 0.0 5.0 1.0 3296.0 43561.0 555.0 23713.0
41 38 45 0.0 1.0 0.0 602.0 9164.0 163.0 261.0
41 38 46 0.0 0.0 0.0 0.0 66.0 1.0 0.0
41 39 34 0.0 0.0 0.0 3.0 60.0 0.0 0.0
41 39 35 0.0 0.0 0.0 844.0 11100.0 210.0 357.0
41 39 36 0.0 0.0 0.0 3378.0 43279.0 499.0 31395.0
41 39 37 0.0 0.0 0.0 1696.0 19424.0 192.0 93393.0
41 39 38 0.0 0.0 2.0 663.0 7712.0 41.0 124523.0
41 39 39 0.0 0.0 0.0 270.0 3458.0 19.0 142457.0
41 39 40 0.0 0.0 0.0 271.0 2837.0 16.0 143695.0
41 39 41 0.0 0.0 0.0 245.0 3144.0 13.0 144748.0
41 39 42 0.0 0.0 1.0 563.0 6995.0 39.0 127041.0
41 39 43 0.0 0.0 2.0 1369.0 17962.0 131.0 96906.0
41 39 44 0.0 10.0 1.0 3370.0 42092.0 475.0 36413.0
41 39 45 0.0 0.0 0.0 976.0 13555.0 217.0 600.0
41 39 46 0.0 0.0 0.0 6.0 143.0 2.0 0.0
41 40 34 0.0 0.0 0.0 14.0 95.0 1.0 0.0
41 40 35 0.0 0.0 0.0 916.0 13334.0 199.0 595.0
41 40 36 0.0 0.0 0.0 3113.0 42783.0 453.0 36128.0
41 40 37 0.0 0.0 0.0 1364.0 17816.0 125.0 97293.0
41 40 38 0.0 1.0 0.0 552.0 6818.0 32.0 127184.0
41 40 39 0.0 0.0 0.0 208.0 2827.0 18.0 143720.0
41 40 40 0.0 1.0 0.0 197.0 2176.0 9.0 143906.0
41 40 41 0.0 0.0 0.0 216.0 2925.0 18.0 142577.0
41 40 42 0.0 0.0 1.0 531.0 6440.0 41.0 128183.0
41 40 43 0.0 2.0 0.0 1398.0 17177.0 154.0 99077.0
41 40 44 0.0 0.0 0.0 3396.0 41710.0 435.0 39031.0
41 40 45 0.0 0.0 0.0 1018.0 14278.0 234.0 661.0
41 40 46 0.0 0.0 0.0 6.0 105.0 0.0 0.0
41 41 34 0.0 0.0 0.0 3.0 68.0 0.0 0.0
41 41 35 0.0 0.0 0.0 888.0 11354.0 184.0 407.0
41 41 36 0.0 0.0 0.0 3196.0 43413.0 481.0 32455.0
41 41 37 0.0 0.0 3.0 1689.0 19633.0 137.0 93635.0
41 41 38 0.0 0.0 0.0 643.0 7421.0 36.0 125502.0
41 41 39 0.0 0.0 0.0 309.0 3492.0 15.0 141636.0
41 41 40 0.0 0.0 0.0 255.0 2817.0 13.0 143052.0
41 41 41 0.0 0.0 1.0 287.0 3516.0 25.0 142262.0
41 41 42 0.0 2.0 0.0 643.0 7424.0 53.0 124945.0
41 41 43 0.0 0.0 0.0 1552.0 18978.0 130.0 94552.0
41 41 44 0.0 5.0 0.0 3445.0 42826.0 495.0 32583.0
41 41 45 0.0 0.0 0.0 911.0 11794.0 215.0 469.0
41 41 46 0.0 0.0 0.0 13.0 98.0 1.0 0.0
41 42 34 0.0 0.0 0.0 0.0 34.0 1.0 0.0
41 42 35 0.0 0.0 0.0 429.0 6982.0 104.0 132.0
41 42 36 0.0 0.0 0.0 3735.0 42369.0 504.0 20007.0
41 42 37 0.0 0.0 0.0 2239.0 24892.0 202.0 81436.0
41 42 38 0.0 0.0 0.0 1018.0 11436.0 87.0 116125.0
41 42 39 0.0 1.0 0.0 629.0 7735.0 44.0 125023.0
41 42 40 0.0 0.0 1.0 544.0 6800.0 44.0 127088.0
41 42 41 0.0 0.0 0.0 668.0 7503.0 41.0 124666.0
41 42 42 0.0 1.0 1.0 987.0 11346.0 77.0 116463.0
41 42 43 0.0 0.0 2.0 2563.0 25313.0 198.0 80122.0
41 42 44 0.0 1.0 0.0 3891.0 42047.0 516.0 18903.0
41 42 45 0.0 0.0 0.0 466.0 6795.0 117.0 139.0
41 42 46 0.0 0.0 0.0 4.0 48.0 2.0 0.0
41 43 34 0.0 0.0 0.0 1.0 11.0 0.0 0.0
41 43 35 0.0 0.0 0.0 227.0 2760.0 56.0 17.0
41 43 36 0.0 0.0 0.0 2925.0 30903.0 426.0 5764.0
41 43 37 0.0 0.0 0.0 3446.0 37003.0 348.0 50655.0
41 43 38 0.0 0.0 0.0 2056.0 25128.0 209.0 80841.0
41 43 39 0.0 0.0 0.0 1430.0 19670.0 163.0 93122.0
41 43 40 0.0 0.0 0.0 1368.0 17896.0 148.0 96352.0
41 43 41 0.0 0.0 1.0 1635.0 19406.0 165.0 93463.0
41 43 42 0.0 0.0 0.0 2401.0 24632.0 219.0 81595.0
41 43 43 0.0 1.0 0.0 3818.0 36592.0 377.0 50577.0
41 43 44 0.0 0.0 0.0 3021.0 30456.0 465.0 5483.0
41 43 45 0.0 0.0 0.0 221.0 2475.0 41.0 12.0
41 43 46 0.0 0.0 0.0 0.0 20.0 0.0 0.0
41 44 34 0.0 0.0 0.0 0.0 4.0 0.0 0.0
41 44 35 0.0 0.0 0.0 57.0 481.0 7.0 0.0
41 44 36 0.0 0.0 0.0 867.0 11007.0 200.0 390.0
41 44 37 0.0 0.0 0.0 2873.0 30780.0 477.0 5787.0
41 44 38 0.0 0.0 2.0 3047.0 42987.0 512.0 19128.0
41 44 39 0.0 0.0 0.0 3510.0 43025.0 484.0 30601.0
41 44 40 0.0 0.0 0.0 3212.0 42753.0 447.0 35964.0
41 44 41 0.0 0.0 0.0 3644.0 43030.0 525.0 31281.0
41 44 42 0.0 5.0 0.0 3255.0 42632.0 507.0 18331.0
41 44 43 0.0 0.0 0.0 2470.0 31607.0 452.0 5789.0
41 44 44 0.0 0.0 0.0 1000.0 9632.0 153.0 365.0
41 44 45 0.0 0.0 0.0 42.0 491.0 12.0 0.0
41 44 46 0.0 0.0 0.0 0.0 3.0 1.0 0.0
41 45 35 0.0 0.0 0.0 1.0 14.0 0.0 0.0
41 45 36 0.0 0.0 0.0 55.0 482.0 10.0 0.0
41 45 37 0.0 0.0 0.0 222.0 2630.0 50.0 18.0
41 45 38 0.0 0.0 0.0 421.0 6635.0 120.0 102.0
41 45 39 0.0 0.0 0.0 606.0 11118.0 181.0 388.0
41 45 40 0.0 0.0 0.0 982.0 12391.0 207.0 518.0
41 45 41 0.0 0.0 0.0 790.0 11108.0 177.0 372.0
41 45 42 0.0 0.0 5.0 782.0 6624.0 115.0 117.0
41 45 43 0.0 0.0 0.0 224.0 2523.0 53.0 22.0
41 45 44 0.0 0.0 0.0 48.0 538.0 5.0 1.0
41 45 45 0.0 0.0 0.0 0.0 15.0 0.0 0.0
41 46 37 0.0 0.0 0.0 0.0 11.0 0.0 0.0
41 46 38 0.0 0.0 0.0 0.0 42.0 0.0 0.0
41 46 39 0.0 0.0 0.0 7.0 80.0 0.0 0.0
41 46 40 0.0 0.0 0.0 9.0 111.0 0.0 0.0
41 46 41 0.0 0.0 0.0 8.0 87.0 1.0 0.0
41 46 42 0.0 0.0 0.0 4.0 34.0 0.0 0.0
41 46 43 0.0 0.0 0.0 2.0 2.0 0.0 0.0
42 34 36 0.0 0.0 0.0 0.0 1.0 0.0 0.0
42 34 37 0.0 0.0 0.0 0.0 7.0 0.0 0.0
42 34 38 0.0 0.0 0.0 1.0 17.0 1.0 0.0
42 34 39 0.0 0.0 0.0 0.0 51.0 0.0 0.0
42 34 40 0.0 0.0 0.0 12.0 76.0 0.0 0.0
42 34 41 0.0 0.0 0.0 5.0 42.0 0.0 0.0
42 34 42 0.0 0.0 0.0 3.0 32.0 0.0 0.0
42 34 43 0.0 0.0 0.0 0.0 6.0 0.0 0.0
42 34 44 0.0 0.0 0.0 0.0 3.0 1.0 0.0
42 35 35 0.0 0.0 0.0 0.0 6.0 0.0 0.0
42 35 36 0.0 0.0 0.0 41.0 300.0 5.0 0.0
42 35 37 0.0 0.0 0.0 139.0 1459.0 27.0 2.0
42 35 38 0.0 0.0 0.0 420.0 4414.0 70.0 55.0
42 35 39 0.0 0.0 0.0 662.0 7639.0 120.0 174.0
42 35 40 0.0 0.0 0.0 654.0 9787.0 185.0 286.0
42 35 41 0.0 0.0 0.0 628.0 8488.0 174.0 212.0
42 35 42 0.0 0.0 0.0 400.0 5613.0 103.0 70.0
42 35 43 0.0 0.0 0.0 194.0 2040.0 38.0 13.0
42 35 44 0.0 0.0 0.0 41.0 475.0 9.0 0.0
42 35 45 0.0 0.0 0.0 3.0 21.0 1.0 0.0
42 36 34 0.0 0.0 0.0 1.0 0.0 0.0 0.0
42 36 35 0.0 0.0 0.0 30.0 315.0 5.0 1.0
42 36 36 0.0 0.0 0.0 462.0 6515.0 127.0 142.0
42 36 37 0.0 0.0 0.0 2511.0 22615.0 382.0 2493.0
42 36 38 0.0 1.0 0.0 3595.0 37265.0 455.0 10489.0
42 36 39 0.0 0.0 0.0 3334.0 42913.0 495.0 21479.0
42 36 40 0.0 0.0 0.0 3555.0 43392.0 493.0 26793.0
42 36 41 0.0 0.0 2.0 3426.0 43008.0 517.0 23893.0
42 36 42 0.0 0.0 0.0 3215.0 40757.0 552.0 15296.0
42 36 43 0.0 0.0 0.0 2514.0 27606.0 410.0 4131.0
42 36 44 0.0 1.0 0.0 535.0 10916.0 150.0 405.0
42 36 45 0.0 0.0 0.0 27.0 459.0 8.0 0.0
42 37 34 0.0 0.0 0.0 0.0 7.0 0.0 0.0
42 37 35 0.0 0.0 0.0 109.0 1489.0 20.0 2.0
42 37 36 0.0 0.0 0.0 2917.0 22710.0 336.0 2761.0
42 37 37 0.0 0.0 0.0 3498.0 41516.0 450.0 36270.0
42 37 38 0.0 1.0 1.0 2842.0 31133.0 330.0 67038.0
42 37 39 0.0 0.0 3.0 1997.0 24300.0 197.0 82898.0
42 37 40 0.0 0.0 2.0 1789.0 22069.0 184.0 87889.0
42 37 41 0.0 1.0 1.0 1785.0 22847.0 171.0 86553.0
42 37 42 0.0 2.0 3.0 2012.0 28952.0 232.0 73771.0
42 37 43 0.0 1.0 4.0 2311.0 39615.0 404.0 45544.0
42 37 44 0.0 1.0 0.0 2306.0 28991.0 459.0 4582.0
42 37 45 0.0 0.0 0.0 158.0 2371.0 44.0 12.0
42 37 46 0.0 0.0 0.0 0.0 5.0 0.0 0.0
42 38 34 0.0 0.0 0.0 3.0 9.0 0.0 0.0
42 38 35 0.0 0.0 0.0 355.0 4121.0 91.0 47.0
42 38 36 0.0 0.0 5.0 2830.0 38469.0 509.0 11319.0
42 38 37 0.0 0.0 4.0 2704.0 31909.0 292.0 66351.0
42 38 38 0.0 1.0 0.0 1158.0 14551.0 94.0 108122.0
42 38 39 0.0 0.0 0.0 957.0 10710.0 74.0 118232.0
42 38 40 0.0 1.0 0.0 803.0 9010.0 61.0 122005.0
42 38 41 0.0 0.0 2.0 743.0 9861.0 59.0 120488.0
42 38 42 0.0 0.0 1.0 854.0 13275.0 78.0 112131.0
42 38 43 0.0 1.0 2.0 1887.0 28426.0 258.0 75328.0
42 38 44 0.0 0.0 0.0 2614.0 41698.0 510.0 15040.0
42 38 45 0.0 0.0 0.0 439.0 5594.0 98.0 71.0
42 38 46 0.0 0.0 0.0 1.0 40.0 1.0 0.0
42 39 34 0.0 0.0 0.0 2.0 53.0 1.0 0.0
42 39 35 0.0 0.0 1.0 639.0 6861.0 139.0 148.0
42 39 36 0.0 0.0 0.0 3313.0 43057.0 538.0 20192.0
42 39 37 0.0 0.0 0.0 2060.0 25189.0 206.0 81083.0
42 39 38 0.0 1.0 0.0 917.0 11043.0 73.0 117745.0
42 39 39 0.0 0.0 2.0 612.0 7146.0 56.0 125658.0
42 39 40 0.0 1.0 0.0 567.0 6259.0 37.0 128290.0
42 39 41 0.0 0.0 0.0 520.0 6963.0 40.0 126638.0
42 39 42 0.0 1.0 1.0 762.0 10135.0 53.0 120310.0
42 39 43 0.0 0.0 0.0 1615.0 23602.0 207.0 86213.0
42 39 44 0.0 0.0 0.0 2970.0 43801.0 557.0 24187.0
42 39 45 0.0 3.0 0.0 603.0 8656.0 158.0 227.0
42 39 46 0.0 0.0 0.0 4.0 48.0 3.0 0.0
42 40 34 0.0 0.0 0.0 11.0 53.0 2.0 0.0
42 40 35 0.0 0.0 0.0 567.0 8573.0 148.0 206.0
42 40 36 0.0 0.0 0.0 3673.0 42891.0 484.0 23287.0
42 40 37 0.0 0.0 0.0 1594.0 23958.0 203.0 85132.0
42 40 38 0.0 1.0 0.0 716.0 10131.0 51.0 119373.0
42 40 39 0.0 0.0 0.0 524.0 6509.0 33.0 128143.0
42 40 40 0.0 2.0 0.0 484.0 5750.0 38.0 128946.0
42 40 41 0.0 0.0 0.0 511.0 6485.0 31.0 128168.0
42 40 42 0.0 0.0 0.0 726.0 9631.0 74.0 121031.0
42 40 43 0.0 0.0 0.0 1868.0 22205.0 198.0 88088.0
42 40 44 0.0 0.0 1.0 3216.0 43660.0 542.0 26602.0
42 40 45 0.0 0.0 0.0 745.0 9460.0 136.0 272.0
42 40 46 0.0 0.0 0.0 10.0 57.0 1.0 0.0
42 41 34 0.0 0.0 0.0 3.0 47.0 1.0 0.0
42 41 35 0.0 0.0 0.0 550.0 7356.0 137.0 158.0
42 41 36 0.0 0.0 1.0 3233.0 42475.0 541.0 19831.0
42 41 37 0.0 0.0 1.0 2060.0 25771.0 203.0 80395.0
42 41 38 0.0 0.0 1.0 862.0 11417.0 59.0 116271.0
42 41 39 0.0 0.0 0.0 633.0 7810.0 65.0 124529.0
42 41 40 0.0 0.0 0.0 482.0 6661.0 36.0 127802.0
42 41 41 0.0 0.0 0.0 596.0 7449.0 39.0 126241.0
42 41 42 0.0 0.0 0.0 896.0 10951.0 70.0 117061.0
42 41 43 0.0 3.0 0.0 1751.0 24527.0 214.0 83393.0
42 41 44 0.0 0.0 0.0 3354.0 42739.0 566.0 20848.0
42 41 45 0.0 0.0 0.0 628.0 7473.0 118.0 173.0
42 41 46 0.0 0.0 0.0 0.0 57.0 3.0 0.0
42 42 34 0.0 0.0 0.0 0.0 19.0 0.0 0.0
42 42 35 0.0 0.0 0.0 285.0 4033.0 52.0 34.0
42 42 36 0.0 0.0 0.0 2818.0 38188.0 492.0 11083.0
42 42 37 0.0 0.0 3.0 2697.0 31410.0 285.0 66423.0
42 42 38 0.0 0.0 1.0 1327.0 16053.0 122.0 104011.0
42 42 39 0.0 1.0 3.0 860.0 11380.0 77.0 116473.0
42 42 40 0.0 0.0 0.0 789.0 10233.0 62.0 119279.0
42 42 41 0.0 1.0 0.0 923.0 10824.0 69.0 116532.0
42 42 42 0.0 0.0 0.0 1292.0 15649.0 120.0 105158.0
42 42 43 0.0 0.0 0.0 2629.0 32077.0 290.0 65471.0
42 42 44 0.0 3.0 1.0 2870.0 37986.0 505.0 10382.0
42 42 45 0.0 0.0 0.0 338.0 4136.0 56.0 40.0
42 42 46 0.0 0.0 0.0 2.0 16.0 0.0 0.0
42 43 34 0.0 0.0 0.0 0.0 6.0 0.0 0.0
42 43 35 0.0 0.0 0.0 145.0 1566.0 29.0 6.0
42 43 36 0.0 0.0 0.0 1995.0 23314.0 371.0 2549.0
42 43 37 0.0 0.0 1.0 4100.0 40920.0 434.0 33368.0
42 43 38 0.0 0.0 0.0 2472.0 32518.0 346.0 65298.0
42 43 39 0.0 0.0 0.0 1874.0 25639.0 215.0 80719.0
42 43 40 0.0 0.0 1.0 1949.0 24227.0 202.0 84412.0
42 43 41 0.0 0.0 0.0 2029.0 25586.0 203.0 80642.0
42 43 42 0.0 1.0 0.0 2719.0 32601.0 297.0 64948.0
42 43 43 0.0 1.0 0.0 3727.0 40864.0 453.0 35560.0
42 43 44 0.0 1.0 0.0 2465.0 22480.0 348.0 2439.0
42 43 45 0.0 0.0 0.0 134.0 1551.0 33.0 2.0
42 43 46 0.0 0.0 0.0 0.0 27.0 0.0 0.0
42 44 35 0.0 0.0 0.0 28.0 292.0 10.0 0.0
42 44 36 0.0 0.0 0.0 650.0 6451.0 117.0 140.0
42 44 37 0.0 0.0 0.0 2051.0 22471.0 343.0 2258.0
42 44 38 0.0 0.0 0.0 2946.0 38133.0 530.0 10852.0
42 44 39 0.0 0.0 0.0 2803.0 43102.0 560.0 19360.0
42 44 40 0.0 2.0 2.0 3219.0 43717.0 532.0 23443.0
42 44 41 0.0 0.0 0.0 3644.0 42274.0 511.0 18754.0
42 44 42 0.0 0.0 0.0 3462.0 37218.0 504.0 10591.0
42 44 43 0.0 0.0 0.0 1978.0 22682.0 346.0 2490.0
42 44 44 0.0 0.0 0.0 544.0 6577.0 113.0 158.0
42 44 45 0.0 0.0 0.0 29.0 265.0 2.0 1.0
42 45 35 0.0 0.0 0.0 0.0 28.0 1.0 0.0
42 45 36 0.0 0.0 0.0 20.0 297.0 5.0 1.0
42 45 37 0.0 0.0 0.0 118.0 1647.0 32.0 5.0
42 45 38 0.0 0.0 0.0 380.0 4067.0 74.0 44.0
42 45 39 0.0 0.0 0.0 464.0 6938.0 115.0 128.0
42 45 40 0.0 0.0 0.0 636.0 7729.0 120.0 187.0
42 45 41 0.0 0.0 0.0 622.0 6814.0 122.0 115.0
42 45 42 0.0 0.0 0.0 312.0 3958.0 59.0 41.0
42 45 43 0.0 0.0 0.0 197.0 1488.0 26.0 10.0
42 45 44 0.0 0.0 0.0 13.0 263.0 5.0 0.0
42 45 45 0.0 0.0 0.0 1.0 19.0 0.0 0.0
42 46 37 0.0 0.0 0.0 0.0 5.0 0.0 0.0
42 46 38 0.0 0.0 0.0 1.0 13.0 0.0 0.0
42 46 39 0.0 0.0 0.0 1.0 24.0 0.0 0.0
42 46 40 0.0 0.0 0.0 1.0 48.0 0.0 0.0
42 46 41 0.0 0.0 0.0 2.0 49.0 1.0 0.0
42 46 42 0.0 0.0 0.0 3.0 13.0 0.0 0.0
42 46 43 0.0 0.0 0.0 0.0 4.0 0.0 0.0
43 34 37 0.0 0.0 0.0 0.0 1.0 0.0 0.0
43 34 38 0.0 0.0 0.0 0.0 4.0 0.0 0.0
43 34 39 0.0 0.0 0.0 0.0 18.0 0.0 0.0
43 34 40 0.0 0.0 0.0 1.0 17.0 0.0 0.0
43 34 41 0.0 0.0 0.0 2.0 14.0 1.0 0.0
43 34 42 0.0 0.0 0.0 3.0 4.0 0.0 0.0
43 34 43 0.0 0.0 0.0 0.0 3.0 0.0 0.0
43 34 44 0.0 0.0 0.0 0.0 2.0 0.0 0.0
43 35 35 0.0 0.0 0.0 1.0 5.0 0.0 0.0
43 35 36 0.0 0.0 0.0 7.0 107.0 4.0 0.0
43 35 37 0.0 0.0 0.0 39.0 613.0 8.0 2.0
43 35 38 0.0 0.0 0.0 182.0 1772.0 32.0 10.0
43 35 39 0.0 0.0 0.0 238.0 3122.0 60.0 24.0
43 35 40 0.0 0.0 0.0 348.0 4187.0 77.0 48.0
43 35 41 0.0 0.0 0.0 263.0 3415.0 57.0 23.0
43 35 42 0.0 0.0 0.0 148.0 2339.0 41.0 7.0
43 35 43 0.0 0.0 0.0 65.0 883.0 15.0 2.0
43 35 44 0.0 0.0 0.0 14.0 239.0 6.0 0.0
43 35 45 0.0 0.0 0.0 1.0 8.0 0.0 0.0
43 36 34 0.0 0.0 0.0 0.0 1.0 0.0 0.0
43 36 35 0.0 0.0 0.0 8.0 81.0 2.0 0.0
43 36 36 0.0 0.0 0.0 563.0 2669.0 47.0 30.0
43 36 37 0.0 0.0 0.0 1119.0 12343.0 196.0 575.0
43 36 38 0.0 0.0 0.0 2362.0 25307.0 392.0 3274.0
43 36 39 0.0 0.0 1.0 2335.0 34071.0 428.0 7618.0
43 36 40 0.0 0.0 4.0 3069.0 37809.0 513.0 10898.0
43 36 41 0.0 0.0 1.0 2565.0 35624.0 449.0 8585.0
43 36 42 0.0 0.0 1.0 1889.0 28302.0 404.0 4316.0
43 36 43 0.0 0.0 0.0 1258.0 16778.0 291.0 1154.0
43 36 44 0.0 0.0 0.0 285.0 4996.0 92.0 79.0
43 36 45 0.0 0.0 0.0 5.0 212.0 1.0 0.0
43 37 34 0.0 0.0 0.0 0.0 1.0 0.0 0.0
43 37 35 0.0 0.0 2.0 57.0 577.0 10.0 0.0
43 37 36 0.0 0.0 0.0 856.0 11793.0 184.0 487.0
43 37 37 0.0 0.0 0.0 2698.0 39150.0 537.0 13801.0
43 37 38 0.0 0.0 0.0 3719.0 40126.0 430.0 39035.0
43 37 39 0.0 0.0 2.0 2669.0 35205.0 345.0 56607.0
43 37 40 0.0 0.0 2.0 2362.0 33292.0 335.0 62306.0
43 37 41 0.0 0.0 1.0 2906.0 34144.0 318.0 58655.0
43 37 42 0.0 1.0 0.0 2010.0 39420.0 394.0 46845.0
43 37 43 0.0 0.0 0.0 1842.0 43405.0 523.0 22765.0
43 37 44 0.0 0.0 0.0 1296.0 16926.0 277.0 1199.0
43 37 45 0.0 0.0 0.0 105.0 823.0 11.0 3.0
43 37 46 0.0 0.0 0.0 0.0 1.0 0.0 0.0
43 38 34 0.0 0.0 0.0 0.0 6.0 0.0 0.0
43 38 35 0.0 0.0 0.0 75.0 1482.0 23.0 4.0
43 38 36 0.0 0.0 0.0 1440.0 23433.0 365.0 2484.0
43 38 37 0.0 0.0 1.0 2888.0 40828.0 451.0 40397.0
43 38 38 0.0 1.0 0.0 2674.0 30590.0 280.0 68344.0
43 38 39 0.0 1.0 0.0 1996.0 23608.0 204.0 84836.0
43 38 40 0.0 0.0 0.0 1635.0 21891.0 182.0 89586.0
43 38 41 0.0 1.0 1.0 1692.0 22633.0 177.0 87832.0
43 38 42 0.0 1.0 0.0 1844.0 29206.0 283.0 73886.0
43 38 43 0.0 1.0 1.0 2219.0 39445.0 455.0 46208.0
43 38 44 0.0 0.0 0.0 1723.0 30056.0 418.0 4791.0
43 38 45 0.0 0.0 0.0 125.0 2284.0 47.0 14.0
43 38 46 0.0 0.0 0.0 0.0 7.0 0.0 0.0
43 39 34 0.0 0.0 0.0 0.0 5.0 0.0 0.0
43 39 35 0.0 0.0 0.0 197.0 2744.0 54.0 18.0
43 39 36 0.0 0.0 0.0 2417.0 31637.0 430.0 6014.0
43 39 37 0.0 0.0 1.0 2575.0 36612.0 340.0 54162.0
43 39 38 0.0 1.0 3.0 1863.0 25182.0 233.0 81675.0
43 39 39 0.0 0.0 0.0 1469.0 18273.0 144.0 96578.0
43 39 40 0.0 2.0 0.0 1318.0 16871.0 116.0 99659.0
43 39 41 0.0 1.0 1.0 1252.0 17895.0 116.0 97619.0
43 39 42 0.0 0.0 3.0 1554.0 22926.0 173.0 87228.0
43 39 43 0.0 1.0 0.0 2309.0 34492.0 339.0 58702.0
43 39 44 0.0 0.0 0.0 2440.0 36441.0 479.0 9217.0
43 39 45 0.0 1.0 0.0 214.0 3888.0 65.0 35.0
43 39 46 0.0 0.0 0.0 1.0 11.0 0.0 0.0
43 40 34 0.0 0.0 0.0 0.0 12.0 0.0 0.0
43 40 35 0.0 0.0 1.0 266.0 3644.0 79.0 40.0
43 40 36 0.0 0.0 1.0 2189.0 35001.0 488.0 8123.0
43 40 37 0.0 0.0 0.0 2249.0 35442.0 334.0 57724.0
43 40 38 0.0 1.0 1.0 1665.0 23638.0 182.0 85416.0
43 40 39 0.0 0.0 1.0 1284.0 17863.0 135.0 97435.0
43 40 40 0.0 1.0 1.0 1125.0 15763.0 113.0 102026.0
43 40 41 0.0 1.0 1.0 1330.0 17259.0 134.0 99407.0
43 40 42 0.0 1.0 1.0 1674.0 22628.0 177.0 87950.0
43 40 43 0.0 0.0 1.0 2180.0 33872.0 338.0 61187.0
43 40 44 0.0 0.0 0.0 3086.0 36761.0 483.0 9998.0
43 40 45 0.0 0.0 0.0 234.0 4429.0 70.0 59.0
43 40 46 0.0 0.0 0.0 1.0 24.0 0.0 0.0
43 41 34 0.0 0.0 0.0 1.0 5.0 0.0 0.0
43 41 35 0.0 0.0 0.0 201.0 2928.0 44.0 17.0
43 41 36 0.0 0.0 1.0 2255.0 31174.0 425.0 5474.0
43 41 37 0.0 0.0 0.0 2591.0 37978.0 375.0 51209.0
43 41 38 0.0 0.0 0.0 1817.0 26132.0 186.0 80450.0
43 41 39 0.0 1.0 0.0 1332.0 19254.0 181.0 94107.0
43 41 40 0.0 0.0 3.0 1331.0 17856.0 140.0 98197.0
43 41 41 0.0 1.0 0.0 1350.0 18845.0 152.0 95284.0
43 41 42 0.0 0.0 0.0 1975.0 25427.0 212.0 81824.0
43 41 43 0.0 1.0 0.0 2594.0 36695.0 321.0 54011.0
43 41 44 0.0 0.0 1.0 2624.0 32848.0 429.0 6761.0
43 41 45 0.0 0.0 0.0 290.0 3009.0 61.0 27.0
43 41 46 0.0 0.0 0.0 1.0 18.0 0.0 0.0
43 42 34 0.0 0.0 0.0 0.0 4.0 0.0 0.0
43 42 35 0.0 0.0 0.0 111.0 1501.0 26.0 4.0
43 42 36 0.0 0.0 0.0 1547.0 22349.0 333.0 2301.0
43 42 37 0.0 0.0 0.0 2891.0 42081.0 452.0 35752.0
43 42 38 0.0 0.0 1.0 2241.0 32703.0 286.0 65351.0
43 42 39 0.0 0.0 0.0 1656.0 25780.0 225.0 81055.0
43 42 40 0.0 1.0 1.0 1547.0 23159.0 168.0 86397.0
43 42 41 0.0 0.0 2.0 2130.0 25436.0 203.0 81072.0
43 42 42 0.0 0.0 0.0 2784.0 31029.0 306.0 67354.0
43 42 43 0.0 2.0 0.0 3675.0 41572.0 427.0 35031.0
43 42 44 0.0 1.0 0.0 1799.0 25025.0 354.0 2943.0
43 42 45 0.0 0.0 0.0 89.0 1730.0 28.0 6.0
43 42 46 0.0 0.0 0.0 1.0 5.0 0.0 0.0
43 43 35 0.0 0.0 0.0 61.0 569.0 14.0 0.0
43 43 36 0.0 0.0 0.0 1053.0 10961.0 192.0 461.0
43 43 37 0.0 0.0 3.0 2602.0 37662.0 479.0 10831.0
43 43 38 0.0 0.0 0.0 2536.0 42246.0 452.0 34569.0
43 43 39 0.0 0.0 1.0 1943.0 38275.0 322.0 51076.0
43 43 40 0.0 0.0 0.0 2902.0 34693.0 357.0 58297.0
43 43 41 0.0 1.0 0.0 2986.0 37006.0 385.0 52136.0
43 43 42 0.0 3.0 0.0 3884.0 41148.0 433.0 34695.0
43 43 43 0.0 0.0 0.0 2298.0 38751.0 511.0 11721.0
43 43 44 0.0 0.0 0.0 736.0 10458.0 180.0 421.0
43 43 45 0.0 0.0 0.0 20.0 586.0 13.0 3.0
43 43 46 0.0 0.0 0.0 0.0 2.0 0.0 0.0
43 44 35 0.0 0.0 0.0 5.0 63.0 1.0 0.0
43 44 36 0.0 0.0 0.0 172.0 2346.0 40.0 15.0
43 44 37 0.0 0.0 0.0 852.0 10799.0 200.0 441.0
43 44 38 0.0 0.0 0.0 1528.0 23253.0 370.0 2430.0
43 44 39 0.0 1.0 0.0 2344.0 32109.0 456.0 5961.0
43 44 40 0.0 0.0 0.0 2581.0 33957.0 472.0 7506.0
43 44 41 0.0 0.0 1.0 2561.0 31932.0 448.0 5733.0
43 44 42 0.0 0.0 0.0 1631.0 22625.0 350.0 2336.0
43 44 43 0.0 0.0 0.0 926.0 11530.0 198.0 504.0
43 44 44 0.0 0.0 0.0 175.0 2440.0 38.0 17.0
43 44 45 0.0 0.0 0.0 12.0 59.0 2.0 0.0
43 45 35 0.0 0.0 0.0 0.0 3.0 0.0 0.0
43 45 36 0.0 0.0 0.0 7.0 93.0 0.0 0.0
43 45 37 0.0 0.0 0.0 39.0 559.0 8.0 1.0
43 45 38 0.0 0.0 0.0 161.0 1468.0 22.0 7.0
43 45 39 0.0 0.0 0.0 193.0 2780.0 44.0 22.0
43 45 40 0.0 0.0 0.0 252.0 3258.0 65.0 28.0
43 45 41 0.0 0.0 0.0 196.0 2879.0 48.0 21.0
43 45 42 0.0 0.0 0.0 149.0 1424.0 30.0 4.0
43 45 43 0.0 0.0 0.0 43.0 436.0 9.0 0.0
43 45 44 0.0 0.0 0.0 4.0 90.0 3.0 0.0
43 45 45 0.0 0.0 0.0 1.0 2.0 0.0 0.0
43 46 37 0.0 0.0 0.0 0.0 1.0 0.0 0.0
43 46 38 0.0 0.0 0.0 1.0 9.0 0.0 0.0
43 46 39 0.0 0.0 0.0 1.0 10.0 1.0 0.0
43 46 40 0.0 0.0 0.0 4.0 9.0 0.0 0.0
43 46 41 0.0 0.0 0.0 3.0 3.0 0.0 0.0
43 46 42 0.0 0.0 0.0 0.0 4.0 0.0 0.0
44 34 39 0.0 0.0 0.0 1.0 0.0 0.0 0.0
44 34 40 0.0 0.0 0.0 0.0 2.0 0.0 0.0
44 34 41 0.0 0.0 0.0 0.0 1.0 0.0 0.0
44 35 35 0.0 0.0 0.0 0.0 1.0 0.0 0.0
44 35 36 0.0 0.0 0.0 1.0 21.0 0.0 0.0
44 35 37 0.0 0.0 0.0 8.0 90.0 0.0 0.0
44 35 38 0.0 0.0 0.0 33.0 404.0 7.0 2.0
44 35 39 0.0 0.0 0.0 56.0 883.0 12.0 1.0
44 35 40 0.0 0.0 0.0 86.0 1005.0 21.0 1.0
44 35 41 0.0 0.0 0.0 94.0 732.0 17.0 3.0
44 35 42 0.0 0.0 0.0 32.0 437.0 10.0 2.0
44 35 43 0.0 0.0 0.0 12.0 147.0 2.0 0.0
44 35 44 0.0 0.0 0.0 2.0 46.0 0.0 0.0
44 35 45 0.0 0.0 0.0 0.0 5.0 0.0 0.0
44 36 35 0.0 0.0 0.0 2.0 7.0 0.0 0.0
44 36 36 0.0 0.0 0.0 27.0 493.0 12.0 1.0
44 36 37 0.0 0.0 0.0 247.0 3128.0 64.0 40.0
44 36 38 0.0 0.0 0.0 654.0 7614.0 134.0 202.0
44 36 39 0.0 0.0 0.0 1275.0 13390.0 226.0 727.0
44 36 40 0.0 0.0 1.0 1090.0 15483.0 227.0 913.0
44 36 41 0.0 0.0 1.0 996.0 14505.0 244.0 805.0
44 36 42 0.0 0.0 0.0 737.0 9410.0 152.0 311.0
44 36 43 0.0 0.0 0.0 206.0 4284.0 79.0 46.0
44 36 44 0.0 0.0 0.0 70.0 1311.0 22.0 3.0
44 36 45 0.0 0.0 0.0 0.0 58.0 1.0 0.0
44 37 35 0.0 0.0 0.0 5.0 96.0 3.0 0.0
44 37 36 0.0 0.0 0.0 232.0 2987.0 41.0 30.0
44 37 37 0.0 0.0 0.0 1001.0 12433.0 220.0 541.0
44 37 38 0.0 3.0 0.0 2259.0 25377.0 369.0 3361.0
44 37 39 0.0 1.0 0.0 2771.0 34965.0 531.0 8027.0
44 37 40 0.0 1.0 0.0 3200.0 37885.0 498.0 11279.0
44 37 41 0.0 1.0 0.0 3039.0 36633.0 499.0 9762.0
44 37 42 0.0 0.0 8.0 2012.0 29715.0 475.0 4746.0
44 37 43 0.0 0.0 0.0 808.0 17176.0 272.0 1198.0
44 37 44 0.0 0.0 0.0 282.0 4595.0 90.0 58.0
44 37 45 0.0 0.0 0.0 20.0 276.0 1.0 0.0
44 38 35 0.0 0.0 0.0 19.0 244.0 5.0 0.0
44 38 36 0.0 0.0 0.0 520.0 7608.0 141.0 190.0
44 38 37 0.0 0.0 0.0 2008.0 25555.0 384.0 3148.0
44 38 38 0.0 0.0 0.0 2743.0 39015.0 532.0 12106.0
44 38 39 0.0 3.0 0.0 3245.0 42776.0 476.0 23895.0
44 38 40 0.0 4.0 4.0 3359.0 43342.0 471.0 28992.0
44 38 41 0.0 0.0 0.0 3387.0 43698.0 522.0 25839.0
44 38 42 0.0 0.0 0.0 2550.0 42127.0 541.0 15464.0
44 38 43 0.0 0.0 0.0 1725.0 30211.0 485.0 5013.0
44 38 44 0.0 0.0 0.0 482.0 10118.0 171.0 341.0
44 38 45 0.0 0.0 0.0 17.0 539.0 6.0 0.0
44 38 46 0.0 0.0 0.0 4.0 0.0 0.0 0.0
44 39 34 0.0 0.0 0.0 0.0 1.0 0.0 0.0
44 39 35 0.0 0.0 0.0 54.0 497.0 11.0 0.0
44 39 36 0.0 0.0 0.0 819.0 12271.0 207.0 572.0
44 39 37 0.0 0.0 0.0 2388.0 33242.0 489.0 6827.0
44 39 38 0.0 0.0 0.0 3096.0 43134.0 495.0 21517.0
44 39 39 0.0 0.0 0.0 3395.0 43124.0 441.0 34321.0
44 39 40 0.0 1.0 5.0 3091.0 41708.0 422.0 40505.0
44 39 41 0.0 1.0 3.0 2843.0 42785.0 481.0 36164.0
44 39 42 0.0 8.0 1.0 2896.0 43787.0 516.0 25354.0
44 39 43 0.0 0.0 0.0 2093.0 37077.0 487.0 9199.0
44 39 44 0.0 0.0 0.0 911.0 14381.0 237.0 827.0
44 39 45 0.0 0.0 0.0 77.0 920.0 15.0 2.0
44 39 46 0.0 0.0 0.0 0.0 1.0 0.0 0.0
44 40 34 0.0 0.0 0.0 0.0 2.0 0.0 0.0
44 40 35 0.0 0.0 0.0 46.0 673.0 17.0 0.0
44 40 36 0.0 0.0 0.0 834.0 12931.0 218.0 576.0
44 40 37 0.0 0.0 0.0 1993.0 34937.0 492.0 7763.0
44 40 38 0.0 0.0 1.0 3662.0 43209.0 536.0 25800.0
44 40 39 0.0 0.0 0.0 2908.0 42901.0 456.0 38382.0
44 40 40 0.0 1.0 1.0 3026.0 40875.0 409.0 44353.0
44 40 41 0.0 3.0 5.0 2817.0 42149.0 455.0 40110.0
44 40 42 0.0 0.0 0.0 3046.0 43925.0 476.0 26607.0
44 40 43 0.0 2.0 3.0 3383.0 36334.0 478.0 9941.0
44 40 44 0.0 0.0 0.0 1173.0 15535.0 251.0 889.0
44 40 45 0.0 0.0 0.0 68.0 853.0 21.0 0.0
44 40 46 0.0 0.0 0.0 0.0 2.0 0.0 0.0
44 41 34 0.0 0.0 0.0 0.0 2.0 0.0 0.0
44 41 35 0.0 0.0 0.0 29.0 463.0 8.0 0.0
44 41 36 0.0 0.0 0.0 487.0 11783.0 201.0 471.0
44 41 37 0.0 0.0 0.0 1891.0 33462.0 472.0 6673.0
44 41 38 0.0 0.0 0.0 2898.0 43143.0 496.0 19828.0
44 41 39 0.0 0.0 2.0 2766.0 43670.0 458.0 32963.0
44 41 40 0.0 1.0 1.0 2917.0 42301.0 396.0 38955.0
44 41 41 0.0 0.0 0.0 3158.0 43223.0 468.0 35090.0
44 41 42 0.0 1.0 0.0 3237.0 43282.0 518.0 22937.0
44 41 43 0.0 0.0 0.0 2350.0 33475.0 489.0 6843.0
44 41 44 0.0 0.0 0.0 716.0 12020.0 177.0 504.0
44 41 45 0.0 0.0 0.0 59.0 677.0 9.0 0.0
44 42 35 0.0 0.0 0.0 17.0 249.0 5.0 1.0
44 42 36 0.0 0.0 0.0 247.0 6427.0 107.0 124.0
44 42 37 0.0 0.0 0.0 1401.0 23445.0 345.0 2483.0
44 42 38 0.0 0.0 0.0 2510.0 38532.0 524.0 10690.0
44 42 39 0.0 0.0 0.0 2613.0 43058.0 505.0 19913.0
44 42 40 0.0 0.0 0.0 3187.0 43610.0 495.0 24371.0
44 42 41 0.0 0.0 0.0 2843.0 43553.0 504.0 21547.0
44 42 42 0.0 4.0 0.0 2911.0 39031.0 477.0 12326.0
44 42 43 0.0 0.0 0.0 1745.0 22740.0 370.0 2267.0
44 42 44 0.0 0.0 0.0 586.0 6815.0 121.0 172.0
44 42 45 0.0 0.0 0.0 27.0 339.0 3.0 0.0
44 43 35 0.0 0.0 0.0 5.0 62.0 0.0 0.0
44 43 36 0.0 0.0 0.0 134.0 2564.0 35.0 14.0
44 43 37 0.0 0.0 0.0 777.0 10483.0 170.0 385.0
44 43 38 0.0 0.0 0.0 1230.0 24575.0 387.0 2827.0
44 43 39 0.0 0.0 0.0 1972.0 33071.0 468.0 6238.0
44 43 40 0.0 0.0 0.0 2305.0 34710.0 520.0 7390.0
44 43 41 0.0 0.0 1.0 3053.0 33287.0 498.0 7307.0
44 43 42 0.0 0.0 0.0 2190.0 24688.0 392.0 3137.0
44 43 43 0.0 0.0 0.0 759.0 11385.0 215.0 481.0
44 43 44 0.0 0.0 0.0 145.0 2881.0 36.0 29.0
44 43 45 0.0 0.0 0.0 5.0 105.0 1.0 0.0
44 44 35 0.0 0.0 0.0 0.0 6.0 0.0 0.0
44 44 36 0.0 0.0 0.0 30.0 473.0 11.0 1.0
44 44 37 0.0 0.0 0.0 111.0 2460.0 39.0 23.0
44 44 38 0.0 0.0 0.0 371.0 6175.0 103.0 115.0
44 44 39 0.0 0.0 0.0 552.0 10902.0 180.0 419.0
44 44 40 0.0 0.0 0.0 944.0 13852.0 226.0 727.0
44 44 41 0.0 0.0 0.0 897.0 11884.0 186.0 474.0
44 44 42 0.0 0.0 0.0 551.0 6347.0 87.0 135.0
44 44 43 0.0 0.0 0.0 188.0 2191.0 40.0 8.0
44 44 44 0.0 0.0 0.0 43.0 547.0 14.0 0.0
44 44 45 0.0 0.0 0.0 0.0 4.0 1.0 0.0
44 45 36 0.0 0.0 0.0 0.0 12.0 0.0 0.0
44 45 37 0.0 0.0 0.0 0.0 74.0 1.0 0.0
44 45 38 0.0 0.0 0.0 18.0 257.0 3.0 1.0
44 45 39 0.0 0.0 0.0 25.0 479.0 10.0 0.0
44 45 40 0.0 0.0 0.0 45.0 672.0 14.0 1.0
44 45 41 0.0 0.0 0.0 57.0 461.0 11.0 1.0
44 45 42 0.0 0.0 0.0 18.0 325.0 5.0 1.0
44 45 43 0.0 0.0 0.0 3.0 76.0 3.0 0.0
44 45 44 0.0 0.0 0.0 2.0 13.0 1.0 0.0
44 46 39 0.0 0.0 0.0 0.0 1.0 0.0 0.0
44 46 40 0.0 0.0 0.0 2.0 4.0 0.0 0.0
44 46 41 0.0 0.0 0.0 1.0 0.0 0.0 0.0
45 34 40 0.0 0.0 0.0 0.0 1.0 0.0 0.0
45 35 37 0.0 0.0 0.0 0.0 4.0 0.0 0.0
45 35 38 0.0 0.0 0.0 6.0 26.0 1.0 0.0
45 35 39 0.0 0.0 0.0 4.0 40.0 0.0 0.0
45 35 40 0.0 0.0 0.0 7.0 79.0 3.0 0.0
45 35 41 0.0 0.0 0.0 1.0 72.0 3.0 0.0
45 35 42 0.0 0.0 0.0 2.0 36.0 1.0 0.0
45 35 43 0.0 0.0 0.0 0.0 6.0 0.0 0.0
45 35 44 0.0 0.0 0.0 0.0 4.0 1.0 0.0
45 36 35 0.0 0.0 0.0 0.0 1.0 0.0 0.0
45 36 36 0.0 0.0 0.0 5.0 18.0 2.0 0.0
45 36 37 0.0 0.0 0.0 8.0 120.0 3.0 0.0
45 36 38 0.0 0.0 0.0 38.0 428.0 4.0 1.0
45 36 39 0.0 0.0 0.0 48.0 908.0 15.0 0.0
45 36 40 0.0 0.0 0.0 89.0 1036.0 26.0 6.0
45 36 41 0.0 0.0 1.0 69.0 976.0 13.0 3.0
45 36 42 0.0 0.0 0.0 47.0 524.0 9.0 0.0
45 36 43 0.0 0.0 0.0 16.0 203.0 5.0 0.0
45 36 44 0.0 0.0 0.0 1.0 23.0 0.0 0.0
45 37 35 0.0 0.0 0.0 0.0 3.0 0.0 0.0
45 37 36 0.0 0.0 0.0 8.0 134.0 5.0 0.0
45 37 37 0.0 0.0 0.0 84.0 608.0 11.0 0.0
45 37 38 0.0 0.0 0.0 131.0 1895.0 45.0 4.0
45 37 39 0.0 0.0 0.0 293.0 3745.0 57.0 37.0
45 37 40 0.0 0.0 0.0 340.0 4928.0 89.0 61.0
45 37 41 0.0 0.0 0.0 264.0 3903.0 65.0 32.0
45 37 42 0.0 0.0 0.0 174.0 2087.0 37.0 6.0
45 37 43 0.0 0.0 0.0 99.0 966.0 18.0 5.0
45 37 44 0.0 0.0 0.0 8.0 215.0 5.0 0.0
45 37 45 0.0 0.0 0.0 0.0 15.0 0.0 0.0
45 38 35 0.0 0.0 0.0 4.0 20.0 1.0 0.0
45 38 36 0.0 0.0 0.0 40.0 359.0 8.0 1.0
45 38 37 0.0 0.0 0.0 138.0 1878.0 35.0 14.0
45 38 38 0.0 0.0 0.0 342.0 4952.0 74.0 56.0
45 38 39 0.0 0.0 0.0 708.0 8472.0 146.0 217.0
45 38 40 0.0 0.0 1.0 664.0 10341.0 187.0 298.0
45 38 41 0.0 0.0 0.0 578.0 8933.0 149.0 260.0
45 38 42 0.0 0.0 0.0 480.0 5592.0 109.0 92.0
45 38 43 0.0 0.0 0.0 125.0 2340.0 41.0 12.0
45 38 44 0.0 0.0 0.0 22.0 464.0 8.0 0.0
45 38 45 0.0 0.0 0.0 0.0 15.0 0.0 0.0
45 38 46 0.0 0.0 0.0 0.0 1.0 0.0 0.0
45 39 35 0.0 0.0 0.0 3.0 37.0 3.0 0.0
45 39 36 0.0 0.0 0.0 44.0 646.0 5.0 0.0
45 39 37 0.0 0.0 0.0 193.0 3019.0 54.0 24.0
45 39 38 0.0 0.0 0.0 576.0 7910.0 131.0 180.0
45 39 39 0.0 0.0 0.0 953.0 12651.0 200.0 527.0
45 39 40 0.0 0.0 0.0 1080.0 15260.0 194.0 853.0
45 39 41 0.0 0.0 0.0 943.0 14083.0 242.0 649.0
45 39 42 0.0 0.0 0.0 645.0 9213.0 145.0 236.0
45 39 43 0.0 0.0 0.0 233.0 3871.0 71.0 41.0
45 39 44 0.0 0.0 0.0 61.0 906.0 16.0 0.0
45 39 45 0.0 0.0 0.0 12.0 51.0 2.0 0.0
45 40 35 0.0 0.0 0.0 0.0 52.0 0.0 0.0
45 40 36 0.0 0.0 0.0 69.0 750.0 14.0 0.0
45 40 37 0.0 0.0 0.0 265.0 3350.0 45.0 30.0
45 40 38 0.0 0.0 0.0 766.0 8896.0 140.0 229.0
45 40 39 0.0 0.0 0.0 1071.0 14448.0 239.0 765.0
45 40 40 0.0 1.0 0.0 1001.0 17358.0 264.0 1033.0
45 40 41 0.0 1.0 0.0 1098.0 15676.0 271.0 811.0
45 40 42 0.0 0.0 1.0 694.0 9969.0 163.0 290.0
45 40 43 0.0 0.0 0.0 280.0 4220.0 65.0 56.0
45 40 44 0.0 0.0 0.0 68.0 915.0 17.0 2.0
45 40 45 0.0 0.0 0.0 1.0 68.0 0.0 0.0
45 41 35 0.0 0.0 0.0 1.0 28.0 0.0 0.0
45 41 36 0.0 0.0 0.0 31.0 567.0 13.0 1.0
45 41 37 0.0 0.0 0.0 200.0 2880.0 47.0 22.0
45 41 38 0.0 0.0 0.0 442.0 7388.0 119.0 136.0
45 41 39 0.0 0.0 0.0 728.0 12685.0 190.0 486.0
45 41 40 0.0 0.0 0.0 970.0 14417.0 237.0 713.0
45 41 41 0.0 1.0 0.0 797.0 13369.0 198.0 582.0
45 41 42 0.0 0.0 0.0 478.0 8495.0 148.0 197.0
45 41 43 0.0 0.0 0.0 200.0 3114.0 46.0 26.0
45 41 44 0.0 0.0 0.0 46.0 602.0 10.0 0.0
45 41 45 0.0 0.0 0.0 5.0 41.0 0.0 0.0
45 42 35 0.0 0.0 0.0 0.0 14.0 1.0 0.0
45 42 36 0.0 0.0 0.0 11.0 324.0 4.0 0.0
45 42 37 0.0 0.0 0.0 129.0 1681.0 26.0 5.0
45 42 38 0.0 0.0 0.0 223.0 4186.0 63.0 32.0
45 42 39 0.0 0.0 0.0 401.0 7506.0 113.0 161.0
45 42 40 0.0 0.0 0.0 624.0 8631.0 129.0 233.0
45 42 41 0.0 0.0 0.0 632.0 8136.0 136.0 191.0
45 42 42 0.0 0.0 0.0 479.0 5051.0 94.0 55.0
45 42 43 0.0 0.0 0.0 82.0 1702.0 27.0 5.0
45 42 44 0.0 0.0 0.0 14.0 369.0 2.0 0.0
45 42 45 0.0 0.0 0.0 4.0 11.0 0.0 0.0
45 43 35 0.0 0.0 0.0 1.0 6.0 0.0 0.0
45 43 36 0.0 0.0 0.0 4.0 63.0 0.0 0.0
45 43 37 0.0 0.0 0.0 37.0 513.0 8.0 0.0
45 43 38 0.0 0.0 0.0 96.0 1704.0 34.0 7.0
45 43 39 0.0 0.0 0.0 168.0 2639.0 45.0 12.0
45 43 40 0.0 0.0 0.0 246.0 3520.0 58.0 30.0
45 43 41 0.0 0.0 0.0 202.0 3102.0 59.0 25.0
45 43 42 0.0 0.0 0.0 130.0 1681.0 31.0 9.0
45 43 43 0.0 0.0 0.0 33.0 509.0 8.0 0.0
45 43 44 0.0 0.0 0.0 7.0 96.0 1.0 0.0
45 43 45 0.0 0.0 0.0 0.0 2.0 0.0 0.0
45 44 35 0.0 0.0 0.0 0.0 1.0 0.0 0.0
45 44 36 0.0 0.0 0.0 0.0 8.0 0.0 0.0
45 44 37 0.0 0.0 0.0 13.0 94.0 0.0 0.0
45 44 38 0.0 0.0 0.0 31.0 289.0 1.0 0.0
45 44 39 0.0 0.0 0.0 31.0 559.0 6.0 1.0
45 44 40 0.0 0.0 0.0 43.0 800.0 15.0 1.0
45 44 41 0.0 0.0 0.0 47.0 579.0 15.0 0.0
45 44 42 0.0 0.0 0.0 19.0 307.0 4.0 0.0
45 44 43 0.0 0.0 0.0 19.0 82.0 2.0 0.0
45 44 44 0.0 0.0 0.0 3.0 10.0 1.0 0.0
45 44 45 0.0 0.0 0.0 0.0 1.0 0.0 0.0
45 45 36 0.0 0.0 0.0 0.0 1.0 0.0 0.0
45 45 37 0.0 0.0 0.0 0.0 10.0 0.0 0.0
45 45 38 0.0 0.0 0.0 0.0 27.0 1.0 0.0
45 45 39 0.0 0.0 0.0 1.0 35.0 0.0 0.0
45 45 40 0.0 0.0 0.0 1.0 38.0 1.0 0.0
45 45 41 0.0 0.0 0.0 1.0 36.0 1.0 0.0
45 45 42 0.0 0.0 0.0 4.0 14.0 0.0 0.0
45 45 43 0.0 0.0 0.0 0.0 4.0 0.0 0.0
46 36 39 0.0 0.0 0.0 1.0 4.0 0.0 0.0
46 36 40 0.0 0.0 0.0 0.0 4.0 0.0 0.0
46 36 41 0.0 0.0 0.0 0.0 1.0 0.0 0.0
46 37 37 0.0 0.0 0.0 0.0 3.0 0.0 0.0
46 37 38 0.0 0.0 0.0 2.0 12.0 0.0 0.0
46 37 39 0.0 0.0 0.0 2.0 32.0 0.0 0.0
46 37 40 0.0 0.0 0.0 4.0 21.0 1.0 0.0
46 37 41 0.0 0.0 0.0 0.0 22.0 1.0 0.0
46 37 42 0.0 0.0 0.0 1.0 13.0 1.0 0.0
46 37 43 0.0 0.0 0.0 0.0 3.0 0.0 0.0
46 38 36 0.0 0.0 0.0 0.0 1.0 0.0 0.0
46 38 37 0.0 0.0 0.0 0.0 2.0 0.0 0.0
46 38 38 0.0 0.0 0.0 1.0 16.0 0.0 0.0
46 38 39 0.0 0.0 0.0 2.0 38.0 0.0 0.0
46 38 40 0.0 0.0 0.0 3.0 82.0 1.0 0.0
46 38 41 0.0 0.0 0.0 6.0 76.0 1.0 0.0
46 38 42 0.0 0.0 0.0 5.0 30.0 2.0 0.0
46 38 43 0.0 0.0 0.0 1.0 6.0 0.0 0.0
46 39 37 0.0 0.0 0.0 0.0 13.0 0.0 0.0
46 39 38 0.0 0.0 0.0 5.0 48.0 0.0 0.0
46 39 39 0.0 0.0 0.0 11.0 96.0 4.0 0.0
46 39 40 0.0 0.0 0.0 3.0 176.0 1.0 0.0
46 39 41 0.0 0.0 0.0 12.0 119.0 1.0 0.0
46 39 42 0.0 0.0 0.0 3.0 75.0 0.0 0.0
46 39 43 0.0 0.0 0.0 12.0 15.0 0.0 0.0
46 39 44 0.0 0.0 0.0 1.0 1.0 0.0 0.0
46 40 35 0.0 0.0 0.0 0.0 1.0 0.0 0.0
46 40 36 0.0 0.0 0.0 0.0 1.0 0.0 0.0
46 40 37 0.0 0.0 0.0 0.0 8.0 0.0 0.0
46 40 38 0.0 0.0 0.0 3.0 50.0 0.0 0.0
46 40 39 0.0 0.0 0.0 8.0 115.0 2.0 0.0
46 40 40 0.0 0.0 0.0 4.0 156.0 2.0 0.0
46 40 41 0.0 0.0 0.0 8.0 174.0 2.0 0.0
46 40 42 0.0 0.0 0.0 1.0 83.0 1.0 0.0
46 40 43 0.0 0.0 0.0 0.0 14.0 0.0 0.0
46 41 36 0.0 0.0 0.0 0.0 1.0 0.0 0.0
46 41 37 0.0 0.0 0.0 0.0 15.0 0.0 0.0
46 41 38 0.0 0.0 0.0 2.0 49.0 1.0 0.0
46 41 39 0.0 0.0 0.0 14.0 102.0 0.0 0.0
46 41 40 0.0 0.0 0.0 9.0 155.0 5.0 1.0
46 41 41 0.0 0.0 0.0 6.0 127.0 3.0 0.0
46 41 42 0.0 0.0 0.0 4.0 64.0 1.0 0.0
46 41 43 0.0 0.0 0.0 0.0 12.0 0.0 0.0
46 41 44 0.0 0.0 0.0 0.0 1.0 0.0 0.0
46 42 36 0.0 0.0 0.0 0.0 1.0 0.0 0.0
46 42 37 0.0 0.0 0.0 0.0 3.0 0.0 0.0
46 42 38 0.0 0.0 0.0 0.0 22.0 0.0 0.0
46 42 39 0.0 0.0 0.0 0.0 45.0 1.0 0.0
46 42 40 0.0 0.0 0.0 9.0 72.0 1.0 0.0
46 42 41 0.0 0.0 0.0 5.0 53.0 1.0 0.0
46 42 42 0.0 0.0 0.0 2.0 27.0 1.0 0.0
46 42 43 0.0 0.0 0.0 1.0 6.0 0.0 0.0
46 42 44 0.0 0.0 0.0 0.0 1.0 0.0 0.0
46 43 38 0.0 0.0 0.0 1.0 12.0 0.0 0.0
46 43 39 0.0 0.0 0.0 0.0 10.0 0.0 0.0
46 43 40 0.0 0.0 0.0 0.0 15.0 0.0 0.0
46 43 41 0.0 0.0 0.0 1.0 13.0 0.0 0.0
46 43 42 0.0 0.0 0.0 0.0 4.0 0.0 0.0
46 43 43 0.0 0.0 0.0 0.0 2.0 0.0 0.0
46 44 38 0.0 0.0 0.0 1.0 0.0 0.0 0.0
46 44 39 0.0 0.0 0.0 0.0 2.0 0.0 0.0
46 44 40 0.0 0.0 0.0 1.0 0.0 0.0 0.0
46 44 41 0.0 0.0 0.0 0.0 1.0 0.0 0.0
