33 38 42 0.0 0.0 0.0 0.0 1.0 0.0 0.0
33 41 39 0.0 0.0 0.0 0.0 7.0 1.0 0.0
33 41 41 0.0 0.0 0.0 0.0 1.0 0.0 0.0
33 41 42 0.0 0.0 0.0 0.0 1.0 0.0 0.0
33 42 39 0.0 0.0 0.0 0.0 1.0 0.0 0.0
34 35 38 0.0 0.0 0.0 0.0 1.0 0.0 0.0
34 35 39 0.0 0.0 0.0 0.0 2.0 0.0 0.0
34 36 37 0.0 0.0 0.0 0.0 7.0 0.0 0.0
34 36 38 0.0 0.0 0.0 0.0 13.0 0.0 0.0
34 36 39 0.0 0.0 0.0 1.0 8.0 0.0 0.0
34 36 40 0.0 0.0 0.0 3.0 44.0 0.0 0.0
34 36 41 0.0 0.0 0.0 1.0 21.0 0.0 0.0
34 36 42 0.0 0.0 0.0 0.0 11.0 0.0 0.0
34 36 43 0.0 0.0 0.0 0.0 5.0 0.0 0.0
34 37 35 0.0 0.0 0.0 0.0 1.0 0.0 0.0
34 37 36 0.0 0.0 0.0 0.0 7.0 0.0 0.0
34 37 37 0.0 0.0 0.0 0.0 21.0 0.0 0.0
34 37 38 0.0 0.0 0.0 9.0 68.0 1.0 0.0
34 37 39 0.0 0.0 0.0 17.0 143.0 3.0 0.0
34 37 40 0.0 0.0 0.0 12.0 222.0 3.0 0.0
34 37 41 0.0 0.0 0.0 14.0 152.0 3.0 1.0
34 37 42 0.0 0.0 0.0 5.0 86.0 1.0 0.0
34 37 43 0.0 0.0 0.0 0.0 32.0 0.0 0.0
34 37 44 0.0 0.0 0.0 0.0 4.0 0.0 0.0
34 38 36 0.0 0.0 0.0 1.0 23.0 0.0 0.0
34 38 37 0.0 0.0 0.0 4.0 74.0 1.0 0.0
34 38 38 0.0 0.0 0.0 16.0 241.0 5.0 0.0
34 38 39 0.0 0.0 0.0 34.0 473.0 5.0 0.0
34 38 40 0.0 0.0 0.0 37.0 547.0 11.0 0.0
34 38 41 0.0 0.0 0.0 78.0 475.0 7.0 1.0
34 38 42 0.0 0.0 0.0 19.0 225.0 2.0 0.0
34 38 43 0.0 0.0 0.0 8.0 56.0 0.0 0.0
34 38 44 0.0 0.0 0.0 0.0 11.0 0.0 0.0
34 39 36 0.0 0.0 0.0 0.0 29.0 0.0 0.0
34 39 37 0.0 0.0 0.0 14.0 164.0 5.0 0.0
34 39 38 0.0 0.0 0.0 41.0 450.0 8.0 0.0
34 39 39 0.0 0.0 0.0 120.0 862.0 16.0 2.0
34 39 40 0.0 0.0 0.0 155.0 901.0 19.0 1.0
34 39 41 0.0 0.0 0.0 69.0 870.0 8.0 1.0
34 39 42 0.0 0.0 0.0 34.0 392.0 6.0 0.0
34 39 43 0.0 0.0 0.0 13.0 133.0 5.0 0.0
34 39 44 0.0 0.0 0.0 0.0 15.0 0.0 0.0
34 39 45 0.0 0.0 0.0 0.0 1.0 0.0 0.0
34 40 35 0.0 0.0 0.0 0.0 2.0 0.0 0.0
34 40 36 0.0 0.0 0.0 2.0 35.0 0.0 0.0
34 40 37 0.0 0.0 0.0 21.0 212.0 4.0 1.0
34 40 38 0.0 0.0 0.0 48.0 560.0 8.0 1.0
34 40 39 0.0 0.0 0.0 64.0 1156.0 19.0 3.0
34 40 40 0.0 0.0 0.0 123.0 1261.0 31.0 1.0
34 40 41 0.0 0.0 0.0 108.0 1088.0 22.0 3.0
34 40 42 0.0 0.0 0.0 39.0 494.0 10.0 0.0
34 40 43 0.0 0.0 0.0 19.0 161.0 4.0 0.0
34 40 44 0.0 0.0 0.0 0.0 14.0 0.0 0.0
34 40 45 0.0 0.0 0.0 1.0 0.0 0.0 0.0
34 41 35 0.0 0.0 0.0 0.0 1.0 0.0 0.0
34 41 36 0.0 0.0 0.0 1.0 44.0 1.0 0.0
34 41 37 0.0 0.0 0.0 12.0 137.0 2.0 0.0
34 41 38 0.0 0.0 0.0 45.0 414.0 7.0 0.0
34 41 39 0.0 0.0 0.0 50.0 801.0 13.0 3.0
34 41 40 0.0 0.0 0.0 108.0 946.0 16.0 2.0
34 41 41 0.0 0.0 0.0 54.0 864.0 16.0 4.0
34 41 42 0.0 0.0 0.0 44.0 453.0 8.0 1.0
34 41 43 0.0 0.0 0.0 5.0 96.0 2.0 0.0
34 41 44 0.0 0.0 0.0 1.0 15.0 0.0 0.0
34 41 45 0.0 0.0 0.0 0.0 4.0 0.0 0.0
34 42 35 0.0 0.0 0.0 0.0 2.0 0.0 0.0
34 42 36 0.0 0.0 0.0 1.0 17.0 1.0 0.0
34 42 37 0.0 0.0 0.0 5.0 61.0 0.0 0.0
34 42 38 0.0 0.0 0.0 9.0 311.0 5.0 0.0
34 42 39 0.0 0.0 0.0 73.0 419.0 7.0 1.0
34 42 40 0.0 0.0 0.0 44.0 499.0 7.0 2.0
34 42 41 0.0 0.0 0.0 24.0 312.0 8.0 0.0
34 42 42 0.0 0.0 0.0 26.0 189.0 4.0 0.0
34 42 43 0.0 0.0 0.0 8.0 72.0 1.0 0.0
34 42 44 0.0 0.0 0.0 0.0 25.0 1.0 0.0
34 43 35 0.0 0.0 0.0 0.0 2.0 0.0 0.0
34 43 36 0.0 0.0 0.0 0.0 2.0 0.0 0.0
34 43 37 0.0 0.0 0.0 1.0 29.0 0.0 0.0
34 43 38 0.0 0.0 0.0 5.0 77.0 0.0 0.0
34 43 39 0.0 0.0 0.0 3.0 160.0 2.0 0.0
34 43 40 0.0 0.0 0.0 7.0 178.0 6.0 0.0
34 43 41 0.0 0.0 0.0 9.0 136.0 1.0 0.0
34 43 42 0.0 0.0 0.0 1.0 55.0 0.0 0.0
34 43 43 0.0 0.0 0.0 0.0 11.0 1.0 0.0
34 44 37 0.0 0.0 0.0 2.0 5.0 1.0 0.0
34 44 38 0.0 0.0 0.0 0.0 8.0 0.0 0.0
34 44 39 0.0 0.0 0.0 1.0 29.0 0.0 0.0
34 44 40 0.0 0.0 0.0 0.0 20.0 0.0 0.0
34 44 41 0.0 0.0 0.0 0.0 20.0 0.0 0.0
34 44 42 0.0 0.0 0.0 0.0 7.0 0.0 0.0
34 44 43 0.0 0.0 0.0 0.0 1.0 0.0 0.0
34 45 39 0.0 0.0 0.0 0.0 1.0 0.0 0.0
34 45 40 0.0 0.0 0.0 0.0 1.0 0.0 0.0
35 34 37 0.0 0.0 0.0 0.0 1.0 0.0 0.0
35 35 36 0.0 0.0 0.0 0.0 2.0 0.0 0.0
35 35 37 0.0 0.0 0.0 2.0 47.0 0.0 0.0
35 35 38 0.0 0.0 0.0 8.0 105.0 2.0 0.0
35 35 39 0.0 0.0 0.0 22.0 212.0 3.0 0.0
35 35 40 0.0 0.0 0.0 10.0 255.0 0.0 0.0
35 35 41 0.0 0.0 0.0 21.0 227.0 3.0 0.0
35 35 42 0.0 0.0 0.0 8.0 110.0 1.0 0.0
35 35 43 0.0 0.0 0.0 3.0 33.0 1.0 0.0
35 35 44 0.0 0.0 0.0 0.0 9.0 0.0 0.0
35 36 35 0.0 0.0 0.0 1.0 5.0 0.0 0.0
35 36 36 0.0 0.0 0.0 5.0 102.0 0.0 0.0
35 36 37 0.0 0.0 0.0 39.0 480.0 8.0 1.0
35 36 38 0.0 0.0 0.0 84.0 1488.0 26.0 7.0
35 36 39 0.0 0.0 0.0 153.0 2416.0 34.0 20.0
35 36 40 0.0 0.0 0.0 235.0 3100.0 62.0 27.0
35 36 41 0.0 0.0 0.0 166.0 2644.0 57.0 18.0
35 36 42 0.0 0.0 0.0 114.0 1429.0 31.0 5.0
35 36 43 0.0 0.0 0.0 57.0 552.0 15.0 1.0
35 36 44 0.0 0.0 0.0 1.0 92.0 1.0 0.0
35 36 45 0.0 0.0 0.0 0.0 6.0 0.0 0.0
35 37 35 0.0 0.0 0.0 2.0 59.0 1.0 0.0
35 37 36 0.0 0.0 1.0 54.0 663.0 12.0 0.0
35 37 37 0.0 0.0 0.0 140.0 2519.0 40.0 14.0
35 37 38 0.0 0.0 0.0 426.0 6266.0 102.0 107.0
35 37 39 0.0 0.0 0.0 853.0 10127.0 168.0 355.0
35 37 40 0.0 0.0 0.0 912.0 11540.0 186.0 441.0
35 37 41 0.0 0.0 1.0 939.0 9904.0 166.0 364.0
35 37 42 0.0 0.0 0.0 581.0 6402.0 121.0 133.0
35 37 43 0.0 0.0 0.0 164.0 2443.0 42.0 17.0
35 37 44 0.0 0.0 0.0 67.0 607.0 10.0 1.0
35 37 45 0.0 0.0 0.0 3.0 25.0 1.0 0.0
35 37 46 0.0 0.0 0.0 0.0 1.0 0.0 0.0
35 38 35 0.0 0.0 0.0 8.0 147.0 2.0 0.0
35 38 36 0.0 0.0 0.0 119.0 1694.0 24.0 11.0
35 38 37 0.0 0.0 0.0 599.0 6846.0 121.0 135.0
35 38 38 0.0 0.0 1.0 1225.0 14102.0 221.0 677.0
35 38 39 0.0 0.0 0.0 1638.0 21016.0 325.0 1803.0
35 38 40 0.0 0.0 0.0 1991.0 22504.0 366.0 2304.0
35 38 41 0.0 0.0 0.0 1911.0 19016.0 302.0 1476.0
35 38 42 0.0 0.0 0.0 1002.0 13559.0 234.0 658.0
35 38 43 0.0 0.0 0.0 543.0 6009.0 100.0 125.0
35 38 44 0.0 0.0 0.0 110.0 1322.0 22.0 4.0
35 38 45 0.0 0.0 0.0 5.0 117.0 4.0 0.0
35 38 46 0.0 0.0 0.0 0.0 1.0 0.0 0.0
35 39 34 0.0 0.0 0.0 1.0 0.0 0.0 0.0
35 39 35 0.0 0.0 0.0 13.0 260.0 2.0 1.0
35 39 36 0.0 0.0 0.0 228.0 3037.0 72.0 22.0
35 39 37 0.0 0.0 0.0 795.0 10427.0 171.0 349.0
35 39 38 0.0 0.0 0.0 1710.0 20516.0 299.0 1749.0
35 39 39 0.0 0.0 4.0 2574.0 26937.0 406.0 3698.0
35 39 40 0.0 0.0 0.0 2510.0 29870.0 471.0 4783.0
35 39 41 0.0 0.0 0.0 2448.0 27460.0 423.0 3572.0
35 39 42 0.0 0.0 0.0 1775.0 19315.0 289.0 1557.0
35 39 43 0.0 0.0 0.0 786.0 9836.0 154.0 342.0
35 39 44 0.0 0.0 0.0 197.0 2454.0 43.0 12.0
35 39 45 0.0 0.0 0.0 27.0 208.0 2.0 0.0
35 40 34 0.0 0.0 0.0 0.0 3.0 0.0 0.0
35 40 35 0.0 0.0 0.0 21.0 455.0 14.0 0.0
35 40 36 0.0 0.0 0.0 277.0 3995.0 63.0 50.0
35 40 37 0.0 0.0 0.0 1156.0 12259.0 184.0 548.0
35 40 38 0.0 0.0 0.0 1925.0 22447.0 368.0 2201.0
35 40 39 0.0 0.0 1.0 2497.0 29762.0 442.0 4554.0
35 40 40 0.0 0.0 1.0 2447.0 31538.0 454.0 5567.0
35 40 41 0.0 2.0 0.0 2230.0 30243.0 431.0 4878.0
35 40 42 0.0 0.0 0.0 1902.0 20931.0 332.0 1869.0
35 40 43 0.0 0.0 0.0 1045.0 10341.0 158.0 380.0
35 40 44 0.0 0.0 0.0 253.0 2850.0 59.0 22.0
35 40 45 0.0 0.0 0.0 24.0 300.0 6.0 0.0
35 41 34 0.0 0.0 0.0 0.0 2.0 0.0 0.0
35 41 35 0.0 0.0 0.0 23.0 295.0 5.0 0.0
35 41 36 0.0 0.0 0.0 244.0 2941.0 47.0 21.0
35 41 37 0.0 0.0 0.0 707.0 10331.0 154.0 369.0
35 41 38 0.0 0.0 0.0 1696.0 20131.0 361.0 1722.0
35 41 39 0.0 0.0 0.0 2164.0 27712.0 423.0 3769.0
35 41 40 0.0 0.0 0.0 2222.0 29682.0 412.0 4404.0
35 41 41 0.0 0.0 0.0 2049.0 27411.0 434.0 3540.0
35 41 42 0.0 0.0 0.0 1821.0 19733.0 324.0 1517.0
35 41 43 0.0 0.0 0.0 765.0 8929.0 171.0 249.0
35 41 44 0.0 0.0 0.0 178.0 2391.0 40.0 10.0
35 41 45 0.0 0.0 0.0 13.0 203.0 3.0 0.0
35 42 35 0.0 0.0 0.0 10.0 171.0 5.0 0.0
35 42 36 0.0 0.0 0.0 110.0 1657.0 29.0 2.0
35 42 37 0.0 0.0 0.0 439.0 7011.0 116.0 158.0
35 42 38 0.0 0.0 0.0 1135.0 14171.0 252.0 678.0
35 42 39 0.0 0.0 0.0 1463.0 19095.0 292.0 1477.0
35 42 40 0.0 0.0 0.0 1685.0 22231.0 332.0 1996.0
35 42 41 0.0 0.0 0.0 1414.0 19058.0 314.0 1439.0
35 42 42 0.0 0.0 0.0 932.0 13518.0 230.0 580.0
35 42 43 0.0 0.0 0.0 392.0 6081.0 101.0 96.0
35 42 44 0.0 0.0 0.0 86.0 1510.0 27.0 4.0
35 42 45 0.0 0.0 0.0 4.0 90.0 0.0 0.0
35 43 35 0.0 0.0 0.0 3.0 77.0 1.0 0.0
35 43 36 0.0 0.0 0.0 65.0 632.0 19.0 1.0
35 43 37 0.0 0.0 0.0 211.0 2478.0 52.0 19.0
35 43 38 0.0 0.0 0.0 682.0 5793.0 96.0 101.0
35 43 39 0.0 0.0 0.0 765.0 9542.0 163.0 290.0
35 43 40 0.0 0.0 0.0 1006.0 11011.0 210.0 416.0
35 43 41 0.0 0.0 0.0 628.0 9485.0 157.0 250.0
35 43 42 0.0 0.0 0.0 408.0 5676.0 88.0 88.0
35 43 43 0.0 0.0 0.0 142.0 2222.0 37.0 13.0
35 43 44 0.0 0.0 0.0 36.0 497.0 11.0 3.0
35 43 45 0.0 0.0 0.0 2.0 38.0 1.0 0.0
35 44 34 0.0 0.0 0.0 0.0 1.0 0.0 0.0
35 44 35 0.0 0.0 0.0 1.0 2.0 0.0 0.0
35 44 36 0.0 0.0 0.0 11.0 92.0 3.0 0.0
35 44 37 0.0 0.0 0.0 39.0 569.0 9.0 2.0
35 44 38 0.0 0.0 0.0 142.0 1409.0 24.0 4.0
35 44 39 0.0 0.0 0.0 206.0 2597.0 37.0 26.0
35 44 40 0.0 0.0 0.0 226.0 3088.0 41.0 21.0
35 44 41 0.0 0.0 0.0 151.0 2647.0 44.0 19.0
35 44 42 0.0 0.0 0.0 107.0 1564.0 29.0 10.0
35 44 43 0.0 0.0 0.0 35.0 602.0 9.0 0.0
35 44 44 0.0 0.0 0.0 5.0 95.0 1.0 0.0
35 44 45 0.0 0.0 0.0 0.0 2.0 0.0 0.0
35 45 36 0.0 0.0 0.0 1.0 10.0 0.0 0.0
35 45 37 0.0 0.0 0.0 0.0 29.0 0.0 0.0
35 45 38 0.0 0.0 0.0 13.0 131.0 6.0 0.0
35 45 39 0.0 0.0 0.0 11.0 269.0 4.0 0.0
35 45 40 0.0 0.0 0.0 31.0 219.0 3.0 0.0
35 45 41 0.0 0.0 0.0 3.0 268.0 5.0 0.0
35 45 42 0.0 0.0 0.0 9.0 98.0 2.0 0.0
35 45 43 0.0 0.0 0.0 0.0 17.0 0.0 0.0
35 45 44 0.0 0.0 0.0 0.0 4.0 0.0 0.0
35 45 45 0.0 0.0 0.0 0.0 1.0 0.0 0.0
35 46 38 0.0 0.0 0.0 0.0 1.0 0.0 0.0
35 46 39 0.0 0.0 0.0 0.0 4.0 0.0 0.0
35 46 40 0.0 0.0 0.0 0.0 5.0 0.0 0.0
35 46 41 0.0 0.0 0.0 0.0 2.0 0.0 0.0
36 34 38 0.0 0.0 0.0 3.0 5.0 0.0 0.0
36 34 39 0.0 0.0 0.0 2.0 15.0 1.0 0.0
36 34 40 0.0 0.0 0.0 1.0 29.0 0.0 0.0
36 34 41 0.0 0.0 0.0 7.0 22.0 0.0 0.0
36 34 42 0.0 0.0 0.0 2.0 14.0 1.0 0.0
36 34 43 0.0 0.0 0.0 2.0 2.0 0.0 0.0
36 35 35 0.0 0.0 0.0 0.0 3.0 0.0 0.0
36 35 36 0.0 0.0 0.0 3.0 82.0 2.0 0.0
36 35 37 0.0 0.0 0.0 61.0 534.0 11.0 0.0
36 35 38 0.0 0.0 0.0 104.0 1439.0 34.0 9.0
36 35 39 0.0 0.0 0.0 177.0 2536.0 43.0 15.0
36 35 40 0.0 0.0 0.0 228.0 2841.0 36.0 18.0
36 35 41 0.0 0.0 0.0 249.0 2848.0 47.0 20.0
36 35 42 0.0 0.0 0.0 118.0 1399.0 20.0 4.0
36 35 43 0.0 0.0 0.0 32.0 603.0 13.0 0.0
36 35 44 0.0 0.0 0.0 7.0 103.0 1.0 0.0
36 35 45 0.0 0.0 0.0 2.0 4.0 0.0 0.0
36 36 35 0.0 0.0 0.0 6.0 109.0 2.0 0.0
36 36 36 0.0 0.0 0.0 149.0 2098.0 34.0 15.0
36 36 37 0.0 0.0 0.0 526.0 8924.0 144.0 267.0
36 36 38 0.0 0.0 0.0 988.0 17484.0 272.0 1197.0
36 36 39 0.0 0.0 0.0 1564.0 25030.0 363.0 3071.0
36 36 40 0.0 0.0 0.0 1711.0 27197.0 411.0 3746.0
36 36 41 0.0 0.0 0.0 1797.0 24136.0 354.0 2766.0
36 36 42 0.0 0.0 0.0 1095.0 17622.0 298.0 1180.0
36 36 43 0.0 0.0 0.0 560.0 7684.0 140.0 204.0
36 36 44 0.0 0.0 0.0 183.0 1594.0 20.0 9.0
36 36 45 0.0 0.0 0.0 13.0 117.0 4.0 0.0
36 37 34 0.0 0.0 0.0 0.0 2.0 0.0 0.0
36 37 35 0.0 0.0 0.0 25.0 603.0 11.0 2.0
36 37 36 0.0 0.0 0.0 694.0 8508.0 170.0 265.0
36 37 37 0.0 0.0 0.0 1734.0 26820.0 430.0 3565.0
36 37 38 0.0 0.0 0.0 2860.0 38461.0 481.0 11538.0
36 37 39 0.0 0.0 0.0 3078.0 42797.0 515.0 20964.0
36 37 40 0.0 0.0 0.0 3362.0 43045.0 518.0 23540.0
36 37 41 0.0 0.0 0.0 3241.0 42622.0 535.0 19797.0
36 37 42 0.0 0.0 0.0 3444.0 38722.0 543.0 12394.0
36 37 43 0.0 0.0 0.0 2185.0 23376.0 390.0 2667.0
36 37 44 0.0 0.0 0.0 435.0 7692.0 137.0 186.0
36 37 45 0.0 0.0 0.0 30.0 540.0 10.0 1.0
36 37 46 0.0 0.0 0.0 0.0 4.0 0.0 0.0
36 38 34 0.0 0.0 0.0 1.0 16.0 1.0 0.0
36 38 35 0.0 0.0 0.0 125.0 1592.0 18.0 9.0
36 38 36 0.0 0.0 0.0 1283.0 17983.0 312.0 1370.0
36 38 37 0.0 0.0 6.0 3043.0 39744.0 495.0 13771.0
36 38 38 0.0 0.0 0.0 3379.0 42767.0 466.0 32426.0
36 38 39 0.0 0.0 1.0 3262.0 40439.0 428.0 44065.0
36 38 40 0.0 0.0 1.0 2999.0 38618.0 374.0 49330.0
36 38 41 0.0 0.0 0.0 3340.0 40893.0 382.0 43589.0
36 38 42 0.0 0.0 0.0 3511.0 43232.0 486.0 30829.0
36 38 43 0.0 0.0 0.0 3830.0 37485.0 512.0 11878.0
36 38 44 0.0 0.0 0.0 1477.0 16257.0 284.0 1093.0
36 38 45 0.0 0.0 0.0 74.0 1622.0 17.0 3.0
36 38 46 0.0 0.0 0.0 0.0 9.0 0.0 0.0
36 39 34 0.0 0.0 0.0 1.0 21.0 0.0 0.0
36 39 35 0.0 0.0 0.0 242.0 3061.0 57.0 28.0
36 39 36 0.0 0.0 0.0 1921.0 26101.0 397.0 3514.0
36 39 37 0.0 0.0 0.0 3029.0 43147.0 538.0 23796.0
36 39 38 0.0 0.0 0.0 3833.0 38957.0 399.0 45443.0
36 39 39 0.0 0.0 3.0 2968.0 35280.0 322.0 58678.0
36 39 40 0.0 0.0 0.0 3145.0 33354.0 324.0 61956.0
36 39 41 0.0 0.0 0.0 3176.0 35228.0 357.0 57115.0
36 39 42 0.0 0.0 1.0 3694.0 40170.0 417.0 43545.0
36 39 43 0.0 0.0 7.0 3318.0 42055.0 503.0 19921.0
36 39 44 0.0 0.0 0.0 1680.0 23409.0 374.0 2526.0
36 39 45 0.0 0.0 0.0 193.0 2480.0 39.0 19.0
36 39 46 0.0 0.0 0.0 0.0 26.0 0.0 0.0
36 40 34 0.0 0.0 0.0 4.0 27.0 0.0 0.0
36 40 35 0.0 0.0 0.0 304.0 3863.0 67.0 43.0
36 40 36 0.0 0.0 0.0 2082.0 29608.0 433.0 4899.0
36 40 37 0.0 0.0 0.0 3321.0 42923.0 475.0 26659.0
36 40 38 0.0 1.0 0.0 2970.0 39015.0 350.0 49666.0
36 40 39 0.0 0.0 0.0 2700.0 33734.0 305.0 62204.0
36 40 40 0.0 3.0 1.0 2605.0 31670.0 291.0 66063.0
36 40 41 0.0 0.0 1.0 2843.0 33952.0 328.0 60701.0
36 40 42 0.0 0.0 0.0 3524.0 39146.0 385.0 47551.0
36 40 43 0.0 0.0 0.0 4393.0 41771.0 494.0 23403.0
36 40 44 0.0 0.0 0.0 2430.0 25800.0 387.0 3582.0
36 40 45 0.0 0.0 0.0 274.0 3430.0 54.0 27.0
36 40 46 0.0 0.0 0.0 1.0 25.0 1.0 0.0
36 41 34 0.0 0.0 0.0 0.0 17.0 0.0 0.0
36 41 35 0.0 0.0 0.0 217.0 2952.0 52.0 25.0
36 41 36 0.0 0.0 0.0 1674.0 26375.0 373.0 3563.0
36 41 37 0.0 0.0 5.0 2982.0 43012.0 510.0 21999.0
36 41 38 0.0 0.0 0.0 3016.0 40210.0 396.0 45278.0
36 41 39 0.0 0.0 0.0 2781.0 35330.0 331.0 57567.0
36 41 40 0.0 1.0 1.0 2624.0 33928.0 294.0 61253.0
36 41 41 0.0 0.0 0.0 3036.0 35231.0 332.0 57141.0
36 41 42 0.0 1.0 0.0 3522.0 40473.0 430.0 42765.0
36 41 43 0.0 0.0 0.0 3135.0 42383.0 492.0 20454.0
36 41 44 0.0 0.0 0.0 1540.0 23869.0 375.0 2656.0
36 41 45 0.0 0.0 0.0 148.0 2672.0 56.0 15.0
36 41 46 0.0 0.0 0.0 2.0 16.0 0.0 0.0
36 42 34 0.0 0.0 0.0 0.0 24.0 0.0 0.0
36 42 35 0.0 0.0 0.0 119.0 1667.0 19.0 7.0
36 42 36 0.0 0.0 0.0 1373.0 19041.0 308.0 1622.0
36 42 37 0.0 0.0 0.0 2971.0 40011.0 530.0 13670.0
36 42 38 0.0 0.0 0.0 3361.0 43344.0 497.0 31558.0
36 42 39 0.0 0.0 0.0 3466.0 40517.0 426.0 43233.0
36 42 40 0.0 3.0 0.0 3188.0 39624.0 430.0 46689.0
36 42 41 0.0 2.0 4.0 3077.0 40975.0 427.0 42638.0
36 42 42 0.0 0.0 2.0 3083.0 43694.0 475.0 29561.0
36 42 43 0.0 0.0 0.0 2978.0 39285.0 499.0 12278.0
36 42 44 0.0 0.0 0.0 1155.0 16155.0 273.0 1028.0
36 42 45 0.0 0.0 0.0 88.0 1604.0 33.0 1.0
36 42 46 0.0 0.0 0.0 3.0 16.0 0.0 0.0
36 43 34 0.0 0.0 0.0 2.0 1.0 0.0 0.0
36 43 35 0.0 0.0 0.0 58.0 720.0 11.0 0.0
36 43 36 0.0 0.0 0.0 734.0 8047.0 144.0 229.0
36 43 37 0.0 0.0 0.0 2458.0 26043.0 418.0 3675.0
36 43 38 0.0 0.0 0.0 2833.0 38878.0 494.0 12081.0
36 43 39 0.0 0.0 2.0 3621.0 41619.0 536.0 20228.0
36 43 40 0.0 0.0 0.0 3081.0 43105.0 505.0 23593.0
36 43 41 0.0 0.0 0.0 3367.0 42530.0 496.0 20924.0
36 43 42 0.0 3.0 0.0 2458.0 38960.0 516.0 11901.0
36 43 43 0.0 0.0 0.0 1882.0 25139.0 390.0 2988.0
36 43 44 0.0 0.0 0.0 410.0 7584.0 133.0 184.0
36 43 45 0.0 0.0 0.0 36.0 535.0 12.0 0.0
36 43 46 0.0 0.0 0.0 0.0 8.0 0.0 0.0
36 44 35 0.0 0.0 0.0 7.0 94.0 1.0 0.0
36 44 36 0.0 0.0 0.0 188.0 2154.0 26.0 15.0
36 44 37 0.0 0.0 0.0 557.0 8461.0 141.0 236.0
36 44 38 0.0 0.0 0.0 1185.0 17233.0 262.0 1217.0
36 44 39 0.0 0.0 0.0 1944.0 24795.0 336.0 3011.0
36 44 40 0.0 0.0 0.0 2070.0 26162.0 406.0 3673.0
36 44 41 0.0 0.0 0.0 1743.0 23581.0 340.0 2624.0
36 44 42 0.0 0.0 0.0 1229.0 16629.0 274.0 1179.0
36 44 43 0.0 4.0 0.0 614.0 7631.0 138.0 199.0
36 44 44 0.0 0.0 0.0 132.0 1730.0 38.0 2.0
36 44 45 0.0 0.0 0.0 12.0 106.0 1.0 0.0
36 45 35 0.0 0.0 0.0 0.0 17.0 0.0 0.0
36 45 36 0.0 0.0 0.0 8.0 77.0 1.0 0.0
36 45 37 0.0 0.0 0.0 13.0 501.0 13.0 1.0
36 45 38 0.0 0.0 0.0 137.0 1636.0 26.0 5.0
36 45 39 0.0 0.0 0.0 210.0 2548.0 50.0 12.0
36 45 40 0.0 0.0 0.0 240.0 3106.0 47.0 21.0
36 45 41 0.0 0.0 0.0 153.0 2642.0 36.0 22.0
36 45 42 0.0 0.0 0.0 97.0 1530.0 21.0 7.0
36 45 43 0.0 0.0 0.0 55.0 708.0 4.0 3.0
36 45 44 0.0 0.0 0.0 4.0 93.0 2.0 0.0
36 45 45 0.0 0.0 0.0 0.0 7.0 0.0 0.0
36 46 36 0.0 0.0 0.0 0.0 7.0 0.0 0.0
36 46 37 0.0 0.0 0.0 0.0 5.0 0.0 0.0
36 46 38 0.0 0.0 0.0 0.0 8.0 0.0 0.0
36 46 39 0.0 0.0 0.0 1.0 32.0 1.0 0.0
36 46 40 0.0 0.0 0.0 3.0 23.0 1.0 0.0
36 46 41 0.0 0.0 0.0 2.0 35.0 3.0 0.0
36 46 42 0.0 0.0 0.0 1.0 3.0 0.0 0.0
36 46 43 0.0 0.0 0.0 1.0 4.0 0.0 0.0
37 34 35 0.0 0.0 0.0 0.0 1.0 0.0 0.0
37 34 36 0.0 0.0 0.0 0.0 2.0 0.0 0.0
37 34 37 0.0 0.0 0.0 3.0 13.0 2.0 0.0
37 34 38 0.0 0.0 0.0 2.0 56.0 3.0 0.0
37 34 39 0.0 0.0 0.0 6.0 139.0 5.0 0.0
37 34 40 0.0 0.0 0.0 18.0 169.0 2.0 0.0
37 34 41 0.0 0.0 0.0 18.0 123.0 8.0 1.0
37 34 42 0.0 0.0 0.0 5.0 65.0 0.0 0.0
37 34 43 0.0 0.0 0.0 8.0 19.0 0.0 0.0
37 34 44 0.0 0.0 0.0 1.0 5.0 0.0 0.0
37 35 35 0.0 0.0 0.0 6.0 36.0 0.0 0.0
37 35 36 0.0 0.0 0.0 29.0 494.0 6.0 0.0
37 35 37 0.0 0.0 0.0 236.0 2701.0 41.0 19.0
37 35 38 0.0 0.0 0.0 382.0 5581.0 99.0 86.0
37 35 39 0.0 0.0 0.0 696.0 9354.0 158.0 263.0
37 35 40 0.0 0.0 0.0 846.0 10984.0 164.0 416.0
37 35 41 0.0 0.0 0.0 796.0 10186.0 187.0 342.0
37 35 42 0.0 0.0 0.0 550.0 5918.0 88.0 109.0
37 35 43 0.0 0.0 0.0 123.0 2660.0 42.0 17.0
37 35 44 0.0 0.0 0.0 56.0 539.0 8.0 2.0
37 35 45 0.0 0.0 0.0 4.0 79.0 2.0 0.0
37 36 34 0.0 0.0 0.0 0.0 4.0 0.0 0.0
37 36 35 0.0 0.0 0.0 48.0 447.0 12.0 0.0
37 36 36 0.0 0.0 0.0 675.0 8625.0 163.0 250.0
37 36 37 0.0 0.0 0.0 1725.0 24427.0 379.0 2864.0
37 36 38 0.0 0.0 0.0 3650.0 37358.0 523.0 11314.0
37 36 39 0.0 0.0 0.0 3401.0 42316.0 491.0 20423.0
37 36 40 0.0 0.0 0.0 2742.0 43644.0 506.0 24928.0
37 36 41 0.0 0.0 0.0 3265.0 42678.0 496.0 21094.0
37 36 42 0.0 0.0 0.0 2528.0 39499.0 512.0 12371.0
37 36 43 0.0 0.0 0.0 1990.0 24801.0 382.0 3052.0
37 36 44 0.0 0.0 0.0 628.0 8141.0 158.0 239.0
37 36 45 0.0 0.0 0.0 20.0 571.0 12.0 0.0
37 36 46 0.0 0.0 0.0 1.0 4.0 0.0 0.0
37 37 34 0.0 0.0 0.0 2.0 28.0 0.0 0.0
37 37 35 0.0 0.0 0.0 177.0 2412.0 38.0 11.0
37 37 36 0.0 0.0 1.0 2165.0 26438.0 427.0 3593.0
37 37 37 0.0 0.0 0.0 2775.0 41946.0 464.0 34895.0
37 37 38 0.0 0.0 0.0 2646.0 34206.0 310.0 60179.0
37 37 39 0.0 0.0 0.0 2136.0 29493.0 255.0 71983.0
37 37 40 0.0 0.0 0.0 2068.0 27265.0 218.0 77404.0
37 37 41 0.0 0.0 1.0 2126.0 28108.0 261.0 74003.0
37 37 42 0.0 0.0 0.0 2790.0 34488.0 302.0 60263.0
37 37 43 0.0 0.0 2.0 3166.0 42259.0 449.0 30257.0
37 37 44 0.0 0.0 0.0 1860.0 26135.0 387.0 3571.0
37 37 45 0.0 0.0 0.0 180.0 2799.0 53.0 24.0
37 37 46 0.0 0.0 0.0 2.0 20.0 0.0 0.0
37 38 34 0.0 0.0 0.0 9.0 75.0 1.0 0.0
37 38 35 0.0 0.0 0.0 688.0 6477.0 99.0 116.0
37 38 36 0.0 1.0 0.0 3163.0 38331.0 535.0 12392.0
37 38 37 0.0 0.0 0.0 2916.0 33822.0 288.0 60758.0
37 38 38 0.0 0.0 0.0 2063.0 22236.0 191.0 88314.0
37 38 39 0.0 0.0 1.0 1508.0 17667.0 131.0 98880.0
37 38 40 0.0 0.0 0.0 1368.0 16170.0 116.0 102195.0
37 38 41 0.0 0.0 0.0 1693.0 17783.0 160.0 97981.0
37 38 42 0.0 0.0 1.0 2128.0 23744.0 187.0 85690.0
37 38 43 0.0 0.0 0.0 2506.0 35208.0 327.0 58169.0
37 38 44 0.0 0.0 0.0 2521.0 39360.0 510.0 11977.0
37 38 45 0.0 0.0 0.0 392.0 5945.0 112.0 104.0
37 38 46 0.0 0.0 0.0 1.0 64.0 1.0 0.0
37 39 34 0.0 0.0 0.0 21.0 207.0 2.0 0.0
37 39 35 0.0 0.0 0.0 851.0 10923.0 207.0 408.0
37 39 36 0.0 0.0 0.0 3385.0 43113.0 563.0 23536.0
37 39 37 0.0 0.0 0.0 2186.0 26672.0 223.0 77379.0
37 39 38 0.0 0.0 0.0 1407.0 16670.0 129.0 100829.0
37 39 39 0.0 0.0 0.0 1184.0 13333.0 117.0 108788.0
37 39 40 0.0 0.0 1.0 1184.0 12342.0 75.0 110174.0
37 39 41 0.0 0.0 0.0 1224.0 13344.0 106.0 107978.0
37 39 42 0.0 0.0 0.0 1609.0 17822.0 145.0 98500.0
37 39 43 0.0 0.0 0.0 2463.0 28578.0 252.0 73142.0
37 39 44 0.0 1.0 0.0 2965.0 43261.0 507.0 20916.0
37 39 45 0.0 0.0 0.0 745.0 9783.0 161.0 279.0
37 39 46 0.0 0.0 0.0 10.0 112.0 0.0 0.0
37 40 34 0.0 0.0 0.0 29.0 199.0 4.0 0.0
37 40 35 0.0 0.0 0.0 937.0 12595.0 197.0 508.0
37 40 36 0.0 0.0 0.0 3619.0 43040.0 467.0 27153.0
37 40 37 0.0 1.0 0.0 2060.0 25729.0 207.0 80342.0
37 40 38 0.0 1.0 0.0 1288.0 15493.0 91.0 103171.0
37 40 39 0.0 0.0 0.0 1024.0 12170.0 93.0 111095.0
37 40 40 0.0 1.0 0.0 956.0 11257.0 78.0 113049.0
37 40 41 0.0 0.0 0.0 1103.0 12475.0 90.0 110357.0
37 40 42 0.0 0.0 0.0 1437.0 16686.0 136.0 101198.0
37 40 43 0.0 0.0 1.0 1885.0 26832.0 244.0 77883.0
37 40 44 0.0 0.0 0.0 3267.0 42861.0 533.0 24530.0
37 40 45 0.0 0.0 0.0 959.0 10821.0 189.0 383.0
37 40 46 0.0 0.0 0.0 10.0 200.0 5.0 0.0
37 41 34 0.0 0.0 0.0 9.0 141.0 2.0 0.0
37 41 35 0.0 0.0 0.0 690.0 10910.0 178.0 403.0
37 41 36 0.0 0.0 0.0 2952.0 42893.0 454.0 22372.0
37 41 37 0.0 1.0 0.0 1786.0 26769.0 223.0 77850.0
37 41 38 0.0 0.0 0.0 1326.0 17723.0 115.0 99277.0
37 41 39 0.0 0.0 0.0 1058.0 13437.0 97.0 108879.0
37 41 40 0.0 0.0 2.0 993.0 12671.0 103.0 110178.0
37 41 41 0.0 0.0 0.0 1075.0 14127.0 94.0 107203.0
37 41 42 0.0 1.0 0.0 1422.0 17562.0 145.0 98822.0
37 41 43 0.0 0.0 2.0 2287.0 28669.0 242.0 73193.0
37 41 44 0.0 0.0 0.0 3260.0 42393.0 538.0 20977.0
37 41 45 0.0 0.0 0.0 836.0 9920.0 166.0 313.0
37 41 46 0.0 0.0 0.0 12.0 140.0 2.0 0.0
37 42 34 0.0 0.0 0.0 3.0 110.0 4.0 0.0
37 42 35 0.0 0.0 0.0 443.0 6968.0 122.0 147.0
37 42 36 0.0 0.0 0.0 2814.0 39201.0 505.0 12831.0
37 42 37 0.0 0.0 0.0 2730.0 33316.0 318.0 62006.0
37 42 38 0.0 1.0 0.0 1846.0 22798.0 183.0 87657.0
37 42 39 0.0 0.0 1.0 1427.0 17492.0 146.0 99276.0
37 42 40 0.0 0.0 0.0 1339.0 16468.0 131.0 101463.0
37 42 41 0.0 0.0 0.0 1322.0 18078.0 130.0 98322.0
37 42 42 0.0 1.0 0.0 1663.0 23250.0 200.0 86490.0
37 42 43 0.0 0.0 0.0 3040.0 33897.0 292.0 59818.0
37 42 44 0.0 1.0 0.0 2687.0 38743.0 536.0 11337.0
37 42 45 0.0 0.0 0.0 500.0 5605.0 93.0 88.0
37 42 46 0.0 0.0 0.0 1.0 56.0 3.0 0.0
37 43 34 0.0 0.0 0.0 2.0 33.0 0.0 0.0
37 43 35 0.0 0.0 0.0 199.0 3088.0 57.0 21.0
37 43 36 0.0 0.0 0.0 1887.0 28467.0 407.0 4329.0
37 43 37 0.0 0.0 0.0 3512.0 41628.0 451.0 33503.0
37 43 38 0.0 0.0 2.0 2465.0 35580.0 320.0 58370.0
37 43 39 0.0 0.0 0.0 2292.0 27634.0 236.0 75167.0
37 43 40 0.0 0.0 0.0 2170.0 26879.0 218.0 77486.0
37 43 41 0.0 0.0 0.0 2357.0 28780.0 245.0 73228.0
37 43 42 0.0 0.0 0.0 2470.0 34256.0 274.0 60329.0
37 43 43 0.0 0.0 0.0 2742.0 42846.0 467.0 31612.0
37 43 44 0.0 0.0 0.0 2071.0 25087.0 429.0 3267.0
37 43 45 0.0 0.0 0.0 147.0 2753.0 38.0 24.0
37 43 46 0.0 0.0 0.0 0.0 27.0 0.0 0.0
37 44 35 0.0 0.0 0.0 34.0 697.0 11.0 1.0
37 44 36 0.0 0.0 0.0 689.0 7674.0 135.0 213.0
37 44 37 0.0 0.0 2.0 1855.0 25058.0 404.0 3107.0
37 44 38 0.0 0.0 0.0 2712.0 39189.0 500.0 12027.0
37 44 39 0.0 0.0 0.0 2828.0 42911.0 486.0 20317.0
37 44 40 0.0 0.0 0.0 3585.0 43161.0 495.0 23955.0
37 44 41 0.0 0.0 0.0 3384.0 42159.0 481.0 20312.0
37 44 42 0.0 1.0 0.0 2979.0 38929.0 478.0 12604.0
37 44 43 0.0 5.0 0.0 2007.0 26316.0 414.0 3493.0
37 44 44 0.0 0.0 0.0 488.0 7136.0 123.0 218.0
37 44 45 0.0 0.0 0.0 73.0 617.0 17.0 1.0
37 45 35 0.0 0.0 0.0 0.0 30.0 0.0 0.0
37 45 36 0.0 0.0 0.0 30.0 562.0 10.0 1.0
37 45 37 0.0 0.0 0.0 190.0 2583.0 47.0 20.0
37 45 38 0.0 0.0 0.0 428.0 6256.0 99.0 101.0
37 45 39 0.0 0.0 0.0 783.0 10037.0 172.0 308.0
37 45 40 0.0 0.0 0.0 872.0 11694.0 204.0 428.0
37 45 41 0.0 0.0 0.0 798.0 9647.0 161.0 301.0
37 45 42 0.0 0.0 0.0 468.0 5981.0 107.0 98.0
37 45 43 0.0 0.0 0.0 178.0 2469.0 46.0 11.0
37 45 44 0.0 0.0 0.0 36.0 626.0 7.0 0.0
37 45 45 0.0 0.0 0.0 6.0 40.0 1.0 0.0
37 46 36 0.0 0.0 0.0 1.0 2.0 0.0 0.0
37 46 37 0.0 0.0 0.0 2.0 41.0 1.0 0.0
37 46 38 0.0 0.0 0.0 4.0 74.0 1.0 0.0
37 46 39 0.0 0.0 0.0 13.0 124.0 1.0 0.0
37 46 40 0.0 0.0 0.0 15.0 173.0 0.0 0.0
37 46 41 0.0 0.0 0.0 5.0 136.0 5.0 0.0
37 46 42 0.0 0.0 0.0 16.0 91.0 2.0 0.0
37 46 43 0.0 0.0 0.0 1.0 17.0 0.0 0.0
37 46 44 0.0 0.0 0.0 1.0 1.0 0.0 0.0
37 46 45 0.0 0.0 0.0 0.0 1.0 0.0 0.0
38 33 39 0.0 0.0 0.0 0.0 1.0 0.0 0.0
38 34 36 0.0 0.0 0.0 0.0 11.0 1.0 0.0
38 34 37 0.0 0.0 0.0 1.0 62.0 1.0 0.0
38 34 38 0.0 0.0 0.0 50.0 246.0 4.0 0.0
38 34 39 0.0 0.0 0.0 49.0 464.0 12.0 1.0
38 34 40 0.0 0.0 0.0 54.0 530.0 12.0 1.0
38 34 41 0.0 0.0 0.0 32.0 538.0 12.0 0.0
38 34 42 0.0 0.0 0.0 15.0 241.0 4.0 0.0
38 34 43 0.0 0.0 0.0 12.0 108.0 0.0 0.0
38 34 44 0.0 0.0 0.0 0.0 15.0 0.0 0.0
38 35 35 0.0 0.0 0.0 8.0 120.0 4.0 0.0
38 35 36 0.0 0.0 0.0 135.0 1514.0 21.0 2.0
38 35 37 0.0 0.0 0.0 473.0 5629.0 86.0 101.0
38 35 38 0.0 0.0 0.0 849.0 13574.0 230.0 631.0
38 35 39 0.0 0.0 0.0 1469.0 19396.0 296.0 1536.0
38 35 40 0.0 0.0 0.0 1604.0 22219.0 308.0 2029.0
38 35 41 0.0 0.0 0.0 1560.0 20165.0 320.0 1604.0
38 35 42 0.0 0.0 0.0 1296.0 13719.0 239.0 696.0
38 35 43 0.0 0.0 0.0 590.0 6532.0 117.0 131.0
38 35 44 0.0 0.0 0.0 157.0 1851.0 32.0 10.0
38 35 45 0.0 0.0 0.0 9.0 158.0 1.0 0.0
38 35 46 0.0 0.0 0.0 0.0 1.0 0.0 0.0
38 36 34 0.0 0.0 0.0 3.0 11.0 0.0 0.0
38 36 35 0.0 0.0 0.0 118.0 1392.0 18.0 2.0
38 36 36 0.0 0.0 0.0 1302.0 17214.0 284.0 1248.0
38 36 37 0.0 0.0 0.0 2503.0 39381.0 492.0 12798.0
38 36 38 0.0 0.0 0.0 3248.0 43696.0 506.0 29851.0
38 36 39 0.0 0.0 0.0 3422.0 40965.0 433.0 42135.0
38 36 40 0.0 0.0 0.0 2775.0 39829.0 432.0 47576.0
38 36 41 0.0 0.0 1.0 3184.0 40560.0 447.0 45009.0
38 36 42 0.0 0.0 0.0 3595.0 42869.0 474.0 31496.0
38 36 43 0.0 0.0 0.0 3097.0 38901.0 517.0 12679.0
38 36 44 0.0 0.0 0.0 1315.0 20547.0 332.0 1838.0
38 36 45 0.0 0.0 0.0 205.0 1630.0 34.0 7.0
38 36 46 0.0 0.0 0.0 0.0 8.0 1.0 0.0
38 37 34 0.0 0.0 0.0 7.0 103.0 0.0 0.0
38 37 35 0.0 0.0 0.0 413.0 6474.0 120.0 122.0
38 37 36 0.0 0.0 1.0 2999.0 38253.0 513.0 11342.0
38 37 37 0.0 0.0 0.0 2884.0 34005.0 326.0 60496.0
38 37 38 0.0 0.0 0.0 1889.0 22955.0 181.0 87390.0
38 37 39 0.0 0.0 1.0 1477.0 18193.0 152.0 97758.0
38 37 40 0.0 0.0 0.0 1371.0 16430.0 119.0 101445.0
38 37 41 0.0 0.0 0.0 1340.0 17790.0 119.0 98365.0
38 37 42 0.0 0.0 0.0 1777.0 22570.0 193.0 88251.0
38 37 43 0.0 0.0 0.0 2883.0 33414.0 313.0 61660.0
38 37 44 0.0 0.0 0.0 3114.0 38991.0 507.0 12154.0
38 37 45 0.0 0.0 0.0 418.0 6680.0 107.0 131.0
38 37 46 0.0 0.0 0.0 12.0 101.0 3.0 0.0
38 38 34 0.0 0.0 0.0 24.0 298.0 3.0 0.0
38 38 35 0.0 0.0 0.0 1390.0 13085.0 235.0 604.0
38 38 36 0.0 0.0 1.0 3840.0 42586.0 450.0 32588.0
38 38 37 0.0 0.0 1.0 2073.0 22437.0 173.0 88181.0
38 38 38 0.0 0.0 1.0 949.0 11072.0 49.0 118263.0
38 38 39 0.0 0.0 0.0 674.0 8029.0 53.0 124840.0
38 38 40 0.0 0.0 0.0 609.0 7016.0 31.0 127832.0
38 38 41 0.0 0.0 0.0 683.0 7978.0 44.0 125669.0
38 38 42 0.0 0.0 0.0 837.0 11495.0 87.0 116072.0
38 38 43 0.0 1.0 0.0 1862.0 22908.0 202.0 88020.0
38 38 44 0.0 0.0 0.0 3516.0 42956.0 470.0 32358.0
38 38 45 0.0 0.0 0.0 999.0 14696.0 229.0 757.0
38 38 46 0.0 0.0 0.0 15.0 326.0 5.0 0.0
38 39 34 0.0 0.0 0.0 81.0 441.0 6.0 0.0
38 39 35 0.0 0.0 1.0 1688.0 21240.0 368.0 1841.0
38 39 36 0.0 0.0 1.0 3510.0 39337.0 376.0 46496.0
38 39 37 0.0 0.0 0.0 1628.0 17253.0 136.0 99677.0
38 39 38 0.0 2.0 0.0 605.0 7609.0 54.0 127008.0
38 39 39 0.0 0.0 0.0 510.0 5174.0 31.0 131767.0
38 39 40 0.0 0.0 0.0 433.0 4601.0 31.0 133043.0
38 39 41 0.0 0.0 0.0 486.0 5044.0 34.0 131962.0
38 39 42 0.0 0.0 3.0 665.0 8030.0 51.0 124623.0
38 39 43 0.0 0.0 0.0 1374.0 17770.0 139.0 98627.0
38 39 44 0.0 0.0 0.0 2819.0 40750.0 410.0 43968.0
38 39 45 0.0 1.0 0.0 1294.0 20915.0 300.0 1691.0
38 39 46 0.0 0.0 0.0 27.0 528.0 13.0 0.0
38 40 34 0.0 0.0 0.0 64.0 640.0 8.0 2.0
38 40 35 0.0 0.0 0.0 2133.0 23712.0 382.0 2474.0
38 40 36 0.0 0.0 0.0 3008.0 37999.0 376.0 51555.0
38 40 37 0.0 0.0 0.0 1229.0 15430.0 119.0 103650.0
38 40 38 0.0 0.0 0.0 516.0 6729.0 48.0 128946.0
38 40 39 0.0 0.0 0.0 374.0 4552.0 19.0 132910.0
38 40 40 0.0 0.0 0.0 344.0 3907.0 15.0 133497.0
38 40 41 0.0 0.0 0.0 423.0 4531.0 24.0 132311.0
38 40 42 0.0 0.0 1.0 579.0 7220.0 41.0 126541.0
38 40 43 0.0 0.0 0.0 1212.0 16247.0 114.0 102258.0
38 40 44 0.0 7.0 0.0 3242.0 38682.0 370.0 48771.0
38 40 45 0.0 2.0 0.0 1686.0 22073.0 362.0 1984.0
38 40 46 0.0 0.0 0.0 50.0 592.0 5.0 0.0
38 40 47 0.0 0.0 0.0 0.0 1.0 0.0 0.0
38 41 34 0.0 0.0 0.0 30.0 461.0 4.0 1.0
38 41 35 0.0 0.0 0.0 1365.0 21416.0 344.0 1847.0
38 41 36 0.0 0.0 0.0 2821.0 39722.0 417.0 47021.0
38 41 37 0.0 0.0 0.0 1411.0 17246.0 123.0 100341.0
38 41 38 0.0 0.0 0.0 642.0 7605.0 41.0 126127.0
38 41 39 0.0 0.0 0.0 438.0 5116.0 27.0 131599.0
38 41 40 0.0 0.0 0.0 380.0 4560.0 36.0 132304.0
38 41 41 0.0 0.0 0.0 433.0 5322.0 24.0 131324.0
38 41 42 0.0 0.0 0.0 638.0 8044.0 56.0 125022.0
38 41 43 0.0 1.0 0.0 1670.0 18047.0 146.0 97938.0
38 41 44 0.0 0.0 0.0 3676.0 40192.0 418.0 44028.0
38 41 45 0.0 0.0 0.0 1685.0 19500.0 360.0 1589.0
38 41 46 0.0 0.0 0.0 38.0 484.0 7.0 1.0
38 42 34 0.0 0.0 0.0 24.0 238.0 4.0 0.0
38 42 35 0.0 0.0 0.0 1158.0 14818.0 256.0 785.0
38 42 36 0.0 0.0 0.0 3029.0 43131.0 467.0 33443.0
38 42 37 0.0 0.0 0.0 1759.0 22866.0 180.0 87847.0
38 42 38 0.0 0.0 0.0 816.0 10855.0 74.0 117829.0
38 42 39 0.0 0.0 0.0 658.0 7788.0 45.0 125517.0
38 42 40 0.0 0.0 0.0 563.0 7079.0 39.0 127392.0
38 42 41 0.0 0.0 1.0 631.0 7952.0 42.0 125323.0
38 42 42 0.0 0.0 0.0 956.0 11300.0 63.0 116559.0
38 42 43 0.0 0.0 0.0 1866.0 23044.0 184.0 87113.0
38 42 44 0.0 1.0 4.0 3544.0 43197.0 512.0 30328.0
38 42 45 0.0 1.0 0.0 1090.0 13703.0 231.0 664.0
38 42 46 0.0 0.0 0.0 16.0 214.0 5.0 0.0
38 43 34 0.0 0.0 0.0 3.0 66.0 1.0 0.0
38 43 35 0.0 0.0 0.0 456.0 6709.0 105.0 136.0
38 43 36 0.0 0.0 0.0 3141.0 38709.0 499.0 12438.0
38 43 37 0.0 0.0 1.0 2615.0 33707.0 317.0 62176.0
38 43 38 0.0 2.0 1.0 1664.0 22996.0 190.0 88307.0
38 43 39 0.0 0.0 0.0 1435.0 17968.0 140.0 97882.0
38 43 40 0.0 0.0 0.0 1273.0 16683.0 134.0 101357.0
38 43 41 0.0 0.0 0.0 1445.0 17824.0 136.0 98773.0
38 43 42 0.0 0.0 0.0 1810.0 22657.0 163.0 87742.0
38 43 43 0.0 0.0 0.0 3044.0 34795.0 315.0 58510.0
38 43 44 0.0 0.0 0.0 3175.0 38922.0 503.0 12169.0
38 43 45 0.0 0.0 0.0 542.0 5500.0 103.0 70.0
38 43 46 0.0 0.0 0.0 6.0 72.0 2.0 0.0
38 44 34 0.0 0.0 0.0 1.0 7.0 0.0 0.0
38 44 35 0.0 0.0 0.0 88.0 1511.0 27.0 10.0
38 44 36 0.0 0.0 0.0 1442.0 17997.0 277.0 1415.0
38 44 37 0.0 0.0 0.0 2773.0 38872.0 570.0 11672.0
38 44 38 0.0 0.0 1.0 3898.0 42316.0 483.0 32589.0
38 44 39 0.0 0.0 1.0 2839.0 41221.0 407.0 43318.0
38 44 40 0.0 1.0 0.0 3036.0 39455.0 427.0 48482.0
38 44 41 0.0 0.0 2.0 3211.0 40836.0 435.0 43650.0
38 44 42 0.0 0.0 0.0 3134.0 43731.0 503.0 30081.0
38 44 43 0.0 0.0 0.0 3535.0 38708.0 514.0 12932.0
38 44 44 0.0 0.0 0.0 1515.0 17023.0 273.0 1306.0
38 44 45 0.0 0.0 0.0 117.0 1385.0 25.0 5.0
38 44 46 0.0 0.0 0.0 0.0 12.0 0.0 0.0
38 45 35 0.0 0.0 0.0 8.0 95.0 2.0 0.0
38 45 36 0.0 0.0 0.0 124.0 1430.0 19.0 2.0
38 45 37 0.0 0.0 0.0 367.0 6404.0 106.0 116.0
38 45 38 0.0 1.0 0.0 1041.0 13897.0 234.0 614.0
38 45 39 0.0 0.0 2.0 1566.0 20755.0 334.0 1764.0
38 45 40 0.0 0.0 1.0 1527.0 22092.0 373.0 1944.0
38 45 41 0.0 3.0 0.0 1469.0 19990.0 327.0 1583.0
38 45 42 0.0 0.0 0.0 1001.0 13633.0 213.0 604.0
38 45 43 0.0 4.0 0.0 501.0 6300.0 94.0 112.0
38 45 44 0.0 0.0 0.0 86.0 1656.0 22.0 5.0
38 45 45 0.0 0.0 0.0 15.0 108.0 0.0 0.0
38 46 36 0.0 0.0 0.0 1.0 9.0 0.0 0.0
38 46 37 0.0 0.0 0.0 6.0 50.0 0.0 0.0
38 46 38 0.0 0.0 0.0 35.0 286.0 10.0 0.0
38 46 39 0.0 0.0 0.0 49.0 419.0 10.0 0.0
38 46 40 0.0 0.0 0.0 46.0 548.0 7.0 0.0
38 46 41 0.0 0.0 0.0 30.0 452.0 3.0 0.0
38 46 42 0.0 0.0 0.0 28.0 257.0 7.0 0.0
38 46 43 0.0 0.0 0.0 5.0 75.0 0.0 0.0
38 46 44 0.0 0.0 0.0 0.0 7.0 0.0 0.0
38 46 45 0.0 0.0 0.0 0.0 3.0 0.0 0.0
38 47 42 0.0 0.0 0.0 0.0 1.0 0.0 0.0
39 33 39 0.0 0.0 0.0 0.0 1.0 0.0 0.0
39 33 40 0.0 0.0 0.0 0.0 1.0 0.0 0.0
39 34 36 0.0 0.0 0.0 0.0 30.0 1.0 0.0
39 34 37 0.0 0.0 0.0 12.0 134.0 4.0 0.0
39 34 38 0.0 0.0 0.0 32.0 524.0 9.0 0.0
39 34 39 0.0 0.0 0.0 65.0 895.0 26.0 3.0
39 34 40 0.0 0.0 0.0 96.0 1278.0 23.0 0.0
39 34 41 0.0 0.0 0.0 101.0 927.0 21.0 0.0
39 34 42 0.0 0.0 0.0 36.0 537.0 11.0 1.0
39 34 43 0.0 0.0 0.0 16.0 177.0 3.0 0.0
39 34 44 0.0 0.0 0.0 3.0 32.0 0.0 0.0
39 34 45 0.0 0.0 0.0 0.0 2.0 0.0 0.0
39 35 35 0.0 0.0 0.0 31.0 207.0 4.0 0.0
39 35 36 0.0 0.0 0.0 194.0 2544.0 42.0 14.0
39 35 37 0.0 0.0 0.0 838.0 9740.0 165.0 301.0
39 35 38 0.0 0.0 0.0 1542.0 19645.0 298.0 1531.0
39 35 39 0.0 0.0 0.0 2202.0 27543.0 401.0 3654.0
39 35 40 0.0 0.0 0.0 2662.0 30693.0 418.0 5247.0
39 35 41 0.0 0.0 0.0 2308.0 27973.0 437.0 3963.0
39 35 42 0.0 0.0 0.0 1906.0 21292.0 324.0 2057.0
39 35 43 0.0 0.0 0.0 910.0 11228.0 187.0 432.0
39 35 44 0.0 0.0 0.0 240.0 3243.0 67.0 18.0
39 35 45 0.0 0.0 0.0 27.0 363.0 8.0 0.0
39 35 46 0.0 0.0 0.0 0.0 1.0 0.0 0.0
39 36 34 0.0 0.0 0.0 2.0 24.0 0.0 0.0
39 36 35 0.0 0.0 0.0 158.0 2382.0 43.0 14.0
39 36 36 0.0 0.0 1.0 2115.0 23680.0 402.0 2775.0
39 36 37 0.0 0.0 1.0 3235.0 42385.0 513.0 19790.0
39 36 38 0.0 0.0 0.0 3203.0 40395.0 435.0 44410.0
39 36 39 0.0 0.0 0.0 2830.0 35082.0 331.0 58522.0
39 36 40 0.0 1.0 1.0 2992.0 33587.0 337.0 61690.0
39 36 41 0.0 0.0 1.0 3140.0 34840.0 329.0 58342.0
39 36 42 0.0 0.0 0.0 3592.0 39843.0 439.0 44848.0
39 36 43 0.0 1.0 0.0 3803.0 42614.0 538.0 24519.0
39 36 44 0.0 0.0 0.0 2519.0 26926.0 401.0 3870.0
39 36 45 0.0 0.0 0.0 302.0 2729.0 51.0 25.0
39 36 46 0.0 0.0 0.0 1.0 34.0 0.0 0.0
39 37 34 0.0 0.0 0.0 9.0 144.0 1.0 0.0
39 37 35 0.0 0.0 2.0 904.0 9853.0 156.0 299.0
39 37 36 0.0 0.0 0.0 4175.0 41552.0 535.0 20876.0
39 37 37 0.0 0.0 0.0 2333.0 27761.0 243.0 75058.0
39 37 38 0.0 0.0 0.0 1458.0 17690.0 133.0 98739.0
39 37 39 0.0 0.0 0.0 1175.0 13124.0 101.0 108610.0
39 37 40 0.0 0.0 1.0 1087.0 12280.0 86.0 110505.0
39 37 41 0.0 0.0 0.0 1100.0 13723.0 95.0 108307.0
39 37 42 0.0 0.0 0.0 1528.0 17187.0 125.0 99408.0
39 37 43 0.0 0.0 0.0 2046.0 26570.0 211.0 78259.0
39 37 44 0.0 4.0 0.0 3428.0 43171.0 492.0 23159.0
39 37 45 0.0 1.0 0.0 729.0 11016.0 179.0 361.0
39 37 46 0.0 0.0 0.0 9.0 228.0 7.0 1.0
39 38 34 0.0 0.0 0.0 35.0 485.0 2.0 0.0
39 38 35 0.0 0.0 1.0 1523.0 20242.0 314.0 1522.0
39 38 36 0.0 0.0 0.0 3488.0 40347.0 415.0 43217.0
39 38 37 0.0 2.0 2.0 1425.0 17415.0 140.0 100090.0
39 38 38 0.0 0.0 0.0 726.0 8044.0 42.0 124898.0
39 38 39 0.0 0.0 0.0 428.0 5154.0 35.0 131826.0
39 38 40 0.0 0.0 0.0 404.0 4635.0 23.0 132011.0
39 38 41 0.0 0.0 0.0 501.0 5196.0 34.0 131620.0
39 38 42 0.0 0.0 0.0 645.0 7765.0 34.0 126736.0
39 38 43 0.0 0.0 0.0 1403.0 17733.0 148.0 99061.0
39 38 44 0.0 1.0 0.0 2796.0 40112.0 399.0 47385.0
39 38 45 0.0 0.0 0.0 1784.0 21395.0 335.0 1870.0
39 38 46 0.0 0.0 0.0 44.0 564.0 14.0 1.0
39 39 33 0.0 0.0 0.0 0.0 2.0 0.0 0.0
39 39 34 0.0 0.0 0.0 58.0 916.0 20.0 2.0
39 39 35 0.0 0.0 0.0 2250.0 27682.0 407.0 3740.0
39 39 36 0.0 0.0 0.0 3194.0 34799.0 336.0 58787.0
39 39 37 0.0 0.0 0.0 1215.0 13035.0 96.0 108528.0
39 39 38 0.0 0.0 1.0 462.0 5021.0 30.0 131934.0
39 39 39 0.0 0.0 1.0 211.0 2485.0 16.0 145118.0
39 39 40 0.0 0.0 1.0 181.0 2009.0 9.0 145181.0
39 39 41 0.0 0.0 0.0 212.0 2444.0 12.0 144376.0
39 39 42 0.0 0.0 0.0 424.0 5125.0 30.0 131836.0
39 39 43 0.0 0.0 0.0 1039.0 13517.0 89.0 108569.0
39 39 44 0.0 2.0 0.0 2802.0 34845.0 327.0 59645.0
39 39 45 0.0 0.0 0.0 2322.0 29521.0 442.0 4456.0
39 39 46 0.0 0.0 0.0 80.0 937.0 17.0 2.0
39 40 34 0.0 0.0 0.0 85.0 989.0 6.0 3.0
39 40 35 0.0 0.0 0.0 2338.0 30761.0 476.0 4990.0
39 40 36 0.0 1.0 1.0 2923.0 32930.0 325.0 62913.0
39 40 37 0.0 1.0 0.0 979.0 11818.0 85.0 111641.0
39 40 38 0.0 1.0 0.0 372.0 4391.0 27.0 132895.0
39 40 39 0.0 0.0 0.0 207.0 1979.0 11.0 146398.0
39 40 40 0.0 0.0 0.0 145.0 1597.0 10.0 145750.0
39 40 41 0.0 0.0 0.0 180.0 2061.0 13.0 146000.0
39 40 42 0.0 0.0 0.0 379.0 4606.0 29.0 133038.0
39 40 43 0.0 0.0 0.0 917.0 12007.0 80.0 111073.0
39 40 44 0.0 0.0 0.0 2585.0 33817.0 322.0 62731.0
39 40 45 0.0 1.0 0.0 2211.0 30473.0 428.0 4999.0
39 40 46 0.0 0.0 0.0 86.0 1073.0 21.0 5.0
39 41 34 0.0 0.0 0.0 60.0 959.0 21.0 1.0
39 41 35 0.0 0.0 0.0 2497.0 28091.0 465.0 4040.0
39 41 36 0.0 0.0 0.0 2774.0 34772.0 335.0 58514.0
39 41 37 0.0 0.0 0.0 1084.0 13339.0 95.0 108439.0
39 41 38 0.0 0.0 0.0 482.0 5073.0 32.0 132062.0
39 41 39 0.0 0.0 0.0 219.0 2392.0 18.0 145791.0
39 41 40 0.0 0.0 0.0 156.0 2027.0 14.0 144745.0
39 41 41 0.0 0.0 0.0 217.0 2413.0 7.0 144884.0
39 41 42 0.0 0.0 0.0 435.0 5443.0 29.0 131476.0
39 41 43 0.0 0.0 0.0 1208.0 13738.0 101.0 107735.0
39 41 44 0.0 0.0 0.0 3019.0 35694.0 345.0 56927.0
39 41 45 0.0 1.0 0.0 2224.0 27420.0 421.0 3794.0
39 41 46 0.0 0.0 0.0 77.0 920.0 20.0 2.0
39 41 47 0.0 0.0 0.0 0.0 1.0 0.0 0.0
39 42 34 0.0 0.0 0.0 24.0 533.0 6.0 0.0
39 42 35 0.0 0.0 0.0 1542.0 22042.0 341.0 1987.0
39 42 36 0.0 0.0 0.0 3290.0 40095.0 426.0 44549.0
39 42 37 0.0 0.0 1.0 1437.0 17835.0 146.0 98873.0
39 42 38 0.0 0.0 0.0 602.0 7838.0 46.0 125264.0
39 42 39 0.0 0.0 0.0 427.0 5189.0 39.0 131582.0
39 42 40 0.0 1.0 0.0 373.0 4646.0 29.0 133068.0
39 42 41 0.0 0.0 0.0 439.0 5120.0 31.0 132013.0
39 42 42 0.0 0.0 0.0 686.0 8097.0 45.0 124910.0
39 42 43 0.0 0.0 0.0 1431.0 17621.0 114.0 98752.0
39 42 44 0.0 0.0 0.0 4043.0 39555.0 425.0 44724.0
39 42 45 0.0 0.0 0.0 1567.0 19513.0 306.0 1558.0
39 42 46 0.0 0.0 0.0 39.0 436.0 5.0 1.0
39 43 34 0.0 0.0 0.0 26.0 143.0 0.0 0.0
39 43 35 0.0 0.0 0.0 771.0 10011.0 212.0 344.0
39 43 36 0.0 0.0 0.0 3418.0 42088.0 510.0 20654.0
39 43 37 0.0 0.0 0.0 2706.0 28052.0 267.0 73741.0
39 43 38 0.0 0.0 0.0 1347.0 17864.0 134.0 98698.0
39 43 39 0.0 0.0 0.0 1121.0 13467.0 97.0 108114.0
39 43 40 0.0 0.0 0.0 914.0 12492.0 75.0 110382.0
39 43 41 0.0 2.0 1.0 1062.0 13578.0 114.0 107641.0
39 43 42 0.0 0.0 1.0 1504.0 17444.0 138.0 99467.0
39 43 43 0.0 0.0 0.0 2340.0 28127.0 253.0 73999.0
39 43 44 0.0 0.0 0.0 3360.0 42323.0 543.0 20225.0
39 43 45 0.0 0.0 0.0 855.0 9608.0 157.0 328.0
39 43 46 0.0 0.0 0.0 8.0 149.0 3.0 0.0
39 44 34 0.0 0.0 0.0 1.0 29.0 0.0 0.0
39 44 35 0.0 0.0 0.0 172.0 2634.0 48.0 17.0
39 44 36 0.0 0.0 0.0 1830.0 23558.0 343.0 2686.0
39 44 37 0.0 0.0 0.0 3291.0 42691.0 475.0 22477.0
39 44 38 0.0 9.0 0.0 3239.0 40416.0 452.0 44526.0
39 44 39 0.0 0.0 0.0 2734.0 35855.0 322.0 57202.0
39 44 40 0.0 0.0 1.0 2508.0 33635.0 306.0 62299.0
39 44 41 0.0 0.0 0.0 2765.0 36692.0 374.0 56091.0
39 44 42 0.0 0.0 0.0 3394.0 40538.0 419.0 43847.0
39 44 43 0.0 0.0 0.0 3230.0 42374.0 477.0 20909.0
39 44 44 0.0 0.0 0.0 1869.0 24479.0 364.0 3049.0
39 44 45 0.0 0.0 0.0 204.0 2576.0 39.0 19.0
39 44 46 0.0 0.0 0.0 0.0 19.0 1.0 0.0
39 45 35 0.0 0.0 0.0 13.0 235.0 5.0 0.0
39 45 36 0.0 0.0 0.0 188.0 2465.0 49.0 20.0
39 45 37 0.0 0.0 0.0 918.0 9852.0 139.0 316.0
39 45 38 0.0 0.0 0.0 1743.0 20338.0 332.0 1718.0
39 45 39 0.0 0.0 0.0 1822.0 28263.0 408.0 3756.0
39 45 40 0.0 0.0 0.0 2012.0 30307.0 443.0 4753.0
39 45 41 0.0 0.0 0.0 1947.0 28126.0 388.0 3854.0
39 45 42 0.0 0.0 0.0 1548.0 19382.0 303.0 1512.0
39 45 43 0.0 0.0 0.0 771.0 9720.0 158.0 312.0
39 45 44 0.0 0.0 0.0 217.0 2412.0 44.0 13.0
39 45 45 0.0 0.0 0.0 21.0 261.0 5.0 0.0
39 45 46 0.0 0.0 0.0 0.0 3.0 0.0 0.0
39 46 35 0.0 0.0 0.0 0.0 2.0 0.0 0.0
39 46 36 0.0 0.0 0.0 1.0 18.0 0.0 0.0
39 46 37 0.0 0.0 0.0 13.0 130.0 1.0 0.0
39 46 38 0.0 0.0 0.0 43.0 409.0 9.0 0.0
39 46 39 0.0 0.0 0.0 63.0 838.0 11.0 1.0
39 46 40 0.0 0.0 0.0 112.0 978.0 15.0 3.0
39 46 41 0.0 0.0 0.0 60.0 833.0 16.0 1.0
39 46 42 0.0 0.0 0.0 29.0 458.0 11.0 0.0
39 46 43 0.0 0.0 0.0 6.0 118.0 2.0 0.0
39 46 44 0.0 0.0 0.0 3.0 20.0 0.0 0.0
40 33 40 0.0 0.0 0.0 0.0 2.0 0.0 0.0
40 34 35 0.0 0.0 0.0 0.0 2.0 0.0 0.0
40 34 36 0.0 0.0 0.0 5.0 26.0 2.0 0.0
40 34 37 0.0 0.0 0.0 12.0 182.0 2.0 0.0
40 34 38 0.0 0.0 0.0 47.0 596.0 13.0 4.0
40 34 39 0.0 0.0 0.0 108.0 1175.0 27.0 4.0
40 34 40 0.0 0.0 1.0 115.0 1498.0 24.0 7.0
40 34 41 0.0 0.0 0.0 113.0 1309.0 23.0 6.0
40 34 42 0.0 0.0 0.0 46.0 781.0 10.0 4.0
40 34 43 0.0 0.0 0.0 13.0 239.0 4.0 1.0
40 34 44 0.0 0.0 0.0 0.0 59.0 1.0 0.0
40 34 45 0.0 0.0 0.0 1.0 4.0 0.0 0.0
40 35 35 0.0 0.0 0.0 31.0 353.0 3.0 0.0
40 35 36 0.0 0.0 0.0 203.0 3071.0 56.0 26.0
40 35 37 0.0 0.0 0.0 977.0 11862.0 173.0 467.0
40 35 38 0.0 0.0 0.0 1772.0 23046.0 379.0 2291.0
40 35 39 0.0 0.0 0.0 2201.0 31775.0 439.0 5337.0
40 35 40 0.0 2.0 0.0 2696.0 32902.0 461.0 6496.0
40 35 41 0.0 0.0 0.0 2382.0 32111.0 487.0 5490.0
40 35 42 0.0 0.0 0.0 1943.0 23891.0 384.0 2517.0
40 35 43 0.0 0.0 0.0 1044.0 13681.0 240.0 710.0
40 35 44 0.0 0.0 0.0 345.0 4313.0 66.0 57.0
40 35 45 0.0 0.0 0.0 80.0 584.0 9.0 1.0
40 35 46 0.0 0.0 0.0 0.0 2.0 0.0 0.0
40 36 34 0.0 0.0 0.0 2.0 24.0 0.0 0.0
40 36 35 0.0 0.0 0.0 244.0 3186.0 43.0 30.0
40 36 36 0.0 0.0 0.0 1759.0 27680.0 427.0 4087.0
40 36 37 0.0 0.0 0.0 3412.0 42656.0 496.0 24563.0
40 36 38 0.0 0.0 1.0 2746.0 38669.0 358.0 50227.0
40 36 39 0.0 0.0 0.0 2784.0 33298.0 294.0 62976.0
40 36 40 0.0 0.0 1.0 2428.0 31501.0 283.0 67024.0
40 36 41 0.0 0.0 0.0 2521.0 32414.0 286.0 65385.0
40 36 42 0.0 2.0 2.0 3312.0 37501.0 385.0 52295.0
40 36 43 0.0 0.0 0.0 3884.0 42463.0 458.0 30599.0
40 36 44 0.0 1.0 0.0 2187.0 31843.0 436.0 6131.0
40 36 45 0.0 0.0 0.0 321.0 4125.0 74.0 43.0
40 36 46 0.0 0.0 0.0 1.0 36.0 1.0 0.0
40 37 34 0.0 0.0 0.0 22.0 204.0 3.0 2.0
40 37 35 0.0 0.0 0.0 818.0 11301.0 193.0 427.0
40 37 36 0.0 0.0 0.0 3369.0 42732.0 487.0 25140.0
40 37 37 0.0 0.0 0.0 2107.0 26340.0 201.0 79167.0
40 37 38 0.0 0.0 0.0 1304.0 16031.0 122.0 102134.0
40 37 39 0.0 0.0 1.0 1028.0 12167.0 78.0 110585.0
40 37 40 0.0 0.0 0.0 999.0 11312.0 79.0 113490.0
40 37 41 0.0 0.0 0.0 1034.0 12028.0 96.0 111337.0
40 37 42 0.0 0.0 3.0 1275.0 15806.0 123.0 104194.0
40 37 43 0.0 1.0 1.0 2163.0 24466.0 198.0 82589.0
40 37 44 0.0 0.0 0.0 3066.0 43427.0 492.0 28224.0
40 37 45 0.0 0.0 0.0 797.0 13533.0 209.0 592.0
40 37 46 0.0 0.0 0.0 11.0 282.0 8.0 1.0
40 38 34 0.0 0.0 0.0 34.0 556.0 10.0 1.0
40 38 35 0.0 0.0 0.0 2058.0 22671.0 349.0 2305.0
40 38 36 0.0 0.0 2.0 2993.0 39170.0 405.0 48914.0
40 38 37 0.0 0.0 1.0 1495.0 16263.0 113.0 101937.0
40 38 38 0.0 0.0 0.0 595.0 6940.0 30.0 127983.0
40 38 39 0.0 0.0 0.0 393.0 4500.0 30.0 132985.0
40 38 40 0.0 0.0 0.0 328.0 3807.0 23.0 133803.0
40 38 41 0.0 0.0 1.0 367.0 4468.0 29.0 132834.0
40 38 42 0.0 0.0 1.0 528.0 6576.0 34.0 129283.0
40 38 43 0.0 1.0 0.0 1202.0 15509.0 115.0 103721.0
40 38 44 0.0 3.0 2.0 2732.0 37822.0 403.0 52470.0
40 38 45 0.0 0.0 0.0 1751.0 24538.0 371.0 2748.0
40 38 46 0.0 0.0 0.0 54.0 739.0 7.0 1.0
40 39 33 0.0 0.0 0.0 0.0 1.0 0.0 0.0
40 39 34 0.0 0.0 0.0 95.0 1059.0 17.0 3.0
40 39 35 0.0 0.0 0.0 2345.0 30380.0 422.0 4937.0
40 39 36 0.0 0.0 0.0 2632.0 33627.0 293.0 62152.0
40 39 37 0.0 0.0 0.0 1094.0 12467.0 86.0 110722.0
40 39 38 0.0 0.0 0.0 400.0 4550.0 27.0 133102.0
40 39 39 0.0 0.0 0.0 176.0 2027.0 9.0 144832.0
40 39 40 0.0 0.0 0.0 141.0 1596.0 6.0 145085.0
40 39 41 0.0 0.0 0.0 149.0 1886.0 6.0 145792.0
40 39 42 0.0 0.0 0.0 360.0 4405.0 19.0 132816.0
40 39 43 0.0 0.0 1.0 938.0 11887.0 82.0 112258.0
40 39 44 0.0 0.0 0.0 2571.0 32159.0 275.0 65755.0
40 39 45 0.0 0.0 1.0 2325.0 32395.0 474.0 5636.0
40 39 46 0.0 0.0 0.0 71.0 1383.0 28.0 5.0
40 40 33 0.0 0.0 0.0 0.0 1.0 0.0 0.0
40 40 34 0.0 0.0 0.0 108.0 1284.0 24.0 4.0
40 40 35 0.0 0.0 1.0 2760.0 32549.0 494.0 6124.0
40 40 36 0.0 0.0 5.0 2429.0 31594.0 287.0 66779.0
40 40 37 0.0 0.0 2.0 900.0 11337.0 74.0 113106.0
40 40 38 0.0 0.0 0.0 352.0 3847.0 29.0 134224.0
40 40 39 0.0 0.0 0.0 143.0 1590.0 10.0 144720.0
40 40 40 0.0 0.0 0.0 77.0 875.0 2.0 158913.0
40 40 41 0.0 0.0 0.0 156.0 1551.0 8.0 145466.0
40 40 42 0.0 0.0 0.0 323.0 3934.0 21.0 133319.0
40 40 43 0.0 3.0 0.0 972.0 10940.0 72.0 113010.0
40 40 44 0.0 2.0 0.0 2397.0 31024.0 257.0 68476.0
40 40 45 0.0 0.0 8.0 2762.0 33242.0 495.0 6622.0
40 40 46 0.0 0.0 0.0 125.0 1656.0 37.0 5.0
40 40 47 0.0 0.0 0.0 0.0 1.0 0.0 0.0
40 41 34 0.0 0.0 0.0 90.0 1062.0 19.0 3.0
40 41 35 0.0 0.0 0.0 2264.0 30288.0 455.0 4885.0
40 41 36 0.0 0.0 2.0 2662.0 33526.0 307.0 62103.0
40 41 37 0.0 0.0 0.0 1055.0 11880.0 85.0 111316.0
40 41 38 0.0 0.0 1.0 377.0 4595.0 23.0 133197.0
40 41 39 0.0 0.0 0.0 160.0 1950.0 6.0 145815.0
40 41 40 0.0 0.0 0.0 107.0 1464.0 7.0 145525.0
40 41 41 0.0 -1.0 0.0 189.0 2039.0 6.0 145214.0
40 41 42 0.0 0.0 0.0 432.0 4550.0 33.0 132249.0
40 41 43 0.0 0.0 0.0 1058.0 12388.0 93.0 110375.0
40 41 44 0.0 2.0 0.0 2781.0 33544.0 334.0 62659.0
40 41 45 0.0 4.0 0.0 1973.0 31054.0 461.0 5083.0
40 41 46 0.0 0.0 0.0 87.0 1071.0 23.0 2.0
40 42 34 0.0 0.0 0.0 27.0 582.0 10.0 0.0
40 42 35 0.0 0.0 0.0 1699.0 23410.0 349.0 2486.0
40 42 36 0.0 0.0 0.0 2971.0 39027.0 404.0 49380.0
40 42 37 0.0 0.0 0.0 1523.0 16313.0 131.0 102047.0
40 42 38 0.0 0.0 0.0 681.0 7110.0 50.0 126400.0
40 42 39 0.0 0.0 0.0 351.0 4654.0 18.0 133126.0
40 42 40 0.0 0.0 0.0 300.0 3911.0 20.0 133498.0
40 42 41 0.0 0.0 0.0 425.0 4647.0 29.0 132739.0
40 42 42 0.0 0.0 0.0 614.0 6916.0 33.0 127776.0
40 42 43 0.0 0.0 0.0 1454.0 16671.0 124.0 101237.0
40 42 44 0.0 2.0 0.0 3222.0 39544.0 408.0 47440.0
40 42 45 0.0 0.0 0.0 1652.0 21766.0 364.0 1963.0
40 42 46 0.0 0.0 0.0 41.0 510.0 9.0 0.0
40 43 34 0.0 0.0 0.0 9.0 176.0 4.0 0.0
40 43 35 0.0 0.0 0.0 959.0 11186.0 172.0 433.0
40 43 36 0.0 0.0 2.0 3639.0 42698.0 482.0 24876.0
40 43 37 0.0 0.0 2.0 2226.0 25894.0 219.0 79396.0
40 43 38 0.0 0.0 3.0 1333.0 16539.0 99.0 100978.0
40 43 39 0.0 0.0 0.0 975.0 12560.0 89.0 110768.0
40 43 40 0.0 0.0 0.0 926.0 11535.0 90.0 112575.0
40 43 41 0.0 1.0 1.0 1085.0 12626.0 88.0 110767.0
40 43 42 0.0 0.0 1.0 1390.0 16185.0 127.0 101900.0
40 43 43 0.0 0.0 0.0 2248.0 26968.0 210.0 77948.0
40 43 44 0.0 0.0 0.0 3710.0 42514.0 478.0 24352.0
40 43 45 0.0 0.0 0.0 882.0 11290.0 200.0 413.0
40 43 46 0.0 0.0 0.0 9.0 168.0 3.0 0.0
40 44 34 0.0 0.0 0.0 3.0 28.0 0.0 0.0
40 44 35 0.0 0.0 0.0 206.0 2919.0 52.0 20.0
40 44 36 0.0 0.0 0.0 2812.0 26118.0 398.0 3679.0
40 44 37 0.0 0.0 0.0 3356.0 43381.0 497.0 24268.0
40 44 38 0.0 0.0 0.0 3009.0 39430.0 385.0 47987.0
40 44 39 0.0 0.0 1.0 2523.0 33761.0 315.0 62598.0
40 44 40 0.0 0.0 0.0 2402.0 31649.0 287.0 66700.0
40 44 41 0.0 1.0 1.0 2586.0 33651.0 333.0 62101.0
40 44 42 0.0 1.0 0.0 3459.0 38900.0 419.0 47846.0
40 44 43 0.0 0.0 0.0 3967.0 42427.0 509.0 24071.0
40 44 44 0.0 0.0 0.0 2200.0 27326.0 366.0 3982.0
40 44 45 0.0 0.0 0.0 313.0 2977.0 48.0 23.0
40 44 46 0.0 0.0 0.0 1.0 30.0 1.0 0.0
40 45 34 0.0 0.0 0.0 0.0 1.0 0.0 0.0
40 45 35 0.0 0.0 0.0 18.0 317.0 2.0 0.0
40 45 36 0.0 0.0 0.0 285.0 3245.0 53.0 24.0
40 45 37 0.0 0.0 0.0 931.0 11229.0 180.0 435.0
40 45 38 0.0 0.0 1.0 1603.0 22654.0 353.0 2142.0
40 45 39 0.0 0.0 2.0 2001.0 30207.0 399.0 4721.0
40 45 40 0.0 0.0 1.0 2558.0 32382.0 466.0 5919.0
40 45 41 0.0 0.0 0.0 2197.0 29931.0 431.0 4502.0
40 45 42 0.0 2.0 0.0 1592.0 22624.0 355.0 2102.0
40 45 43 0.0 0.0 0.0 800.0 10940.0 184.0 379.0
40 45 44 0.0 0.0 0.0 260.0 3098.0 48.0 24.0
40 45 45 0.0 0.0 0.0 22.0 287.0 7.0 1.0
40 45 46 0.0 0.0 0.0 0.0 1.0 0.0 0.0
40 46 35 0.0 0.0 0.0 0.0 1.0 0.0 0.0
40 46 36 0.0 0.0 0.0 2.0 20.0 1.0 0.0
40 46 37 0.0 0.0 0.0 10.0 146.0 2.0 0.0
40 46 38 0.0 0.0 0.0 30.0 569.0 11.0 0.0
40 46 39 0.0 0.0 0.0 55.0 988.0 20.0 3.0
40 46 40 0.0 0.0 0.0 61.0 1434.0 18.0 5.0
40 46 41 0.0 0.0 0.0 76.0 935.0 17.0 1.0
40 46 42 0.0 0.0 0.0 33.0 613.0 11.0 0.0
40 46 43 0.0 0.0 0.0 9.0 142.0 3.0 0.0
40 46 44 0.0 0.0 0.0 1.0 33.0 1.0 0.0
40 47 39 0.0 0.0 0.0 0.0 1.0 0.0 0.0
40 47 40 0.0 0.0 0.0 0.0 3.0 0.0 0.0
41 34 35 0.0 0.0 0.0 0.0 3.0 0.0 0.0
41 34 36 0.0 0.0 0.0 1.0 14.0 0.0 0.0
41 34 37 0.0 0.0 0.0 14.0 154.0 1.0 0.0
41 34 38 0.0 0.0 0.0 50.0 518.0 6.0 1.0
41 34 39 0.0 0.0 0.0 67.0 1059.0 20.0 5.0
41 34 40 0.0 0.0 0.0 88.0 1238.0 25.0 6.0
41 34 41 0.0 0.0 0.0 76.0 1106.0 21.0 1.0
41 34 42 0.0 0.0 0.0 61.0 554.0 12.0 2.0
41 34 43 0.0 0.0 0.0 20.0 189.0 7.0 0.0
41 34 44 0.0 0.0 0.0 1.0 23.0 0.0 0.0
41 34 45 0.0 0.0 0.0 1.0 1.0 0.0 0.0
41 35 35 0.0 0.0 0.0 33.0 248.0 3.0 0.0
41 35 36 0.0 0.0 0.0 266.0 2702.0 52.0 23.0
41 35 37 0.0 0.0 0.0 894.0 9280.0 164.0 261.0
41 35 38 0.0 0.0 0.0 1858.0 20410.0 318.0 1833.0
41 35 39 0.0 0.0 0.0 2193.0 29353.0 463.0 4412.0
41 35 40 0.0 0.0 0.0 2372.0 32225.0 471.0 5754.0
41 35 41 0.0 1.0 2.0 2411.0 30015.0 440.0 4861.0
41 35 42 0.0 0.0 0.0 1687.0 22605.0 340.0 2106.0
41 35 43 0.0 0.0 0.0 1009.0 12772.0 226.0 530.0
41 35 44 0.0 0.0 0.0 388.0 3876.0 52.0 45.0
41 35 45 0.0 0.0 0.0 28.0 519.0 12.0 1.0
41 35 46 0.0 0.0 0.0 0.0 3.0 0.0 0.0
41 36 34 0.0 0.0 0.0 2.0 17.0 1.0 0.0
41 36 35 0.0 0.0 0.0 315.0 2711.0 54.0 20.0
41 36 36 0.0 0.0 0.0 2036.0 25818.0 373.0 3285.0
41 36 37 0.0 0.0 0.0 3339.0 42655.0 512.0 21490.0
41 36 38 0.0 0.0 0.0 3679.0 39180.0 402.0 46145.0
41 36 39 0.0 0.0 0.0 2764.0 34775.0 324.0 60086.0
41 36 40 0.0 1.0 2.0 2444.0 32564.0 278.0 64858.0
41 36 41 0.0 0.0 1.0 2880.0 33958.0 334.0 61224.0
41 36 42 0.0 1.0 0.0 3183.0 38406.0 379.0 48903.0
41 36 43 0.0 0.0 3.0 3127.0 43139.0 506.0 27060.0
41 36 44 0.0 1.0 0.0 2206.0 30163.0 406.0 5256.0
41 36 45 0.0 0.0 0.0 323.0 3562.0 69.0 32.0
41 36 46 0.0 0.0 0.0 1.0 44.0 1.0 0.0
41 37 34 0.0 0.0 0.0 15.0 157.0 1.0 1.0
41 37 35 0.0 0.0 0.0 714.0 10120.0 149.0 333.0
41 37 36 0.0 0.0 9.0 3928.0 42294.0 495.0 21013.0
41 37 37 0.0 0.0 0.0 2469.0 27874.0 225.0 74846.0
41 37 38 0.0 0.0 0.0 1523.0 17356.0 132.0 99120.0
41 37 39 0.0 0.0 0.0 1091.0 12983.0 78.0 108858.0
41 37 40 0.0 0.0 0.0 978.0 12033.0 84.0 112155.0
41 37 41 0.0 0.0 0.0 1050.0 12487.0 97.0 110247.0
41 37 42 0.0 0.0 0.0 1292.0 16242.0 125.0 102812.0
41 37 43 0.0 0.0 3.0 1539.0 24805.0 207.0 82811.0
41 37 44 0.0 0.0 0.0 2907.0 43739.0 456.0 27774.0
41 37 45 0.0 2.0 0.0 998.0 12814.0 199.0 566.0
41 37 46 0.0 0.0 0.0 23.0 243.0 3.0 1.0
41 38 34 0.0 0.0 0.0 27.0 499.0 5.0 0.0
41 38 35 0.0 0.0 0.0 1739.0 19696.0 294.0 1633.0
41 38 36 0.0 0.0 0.0 3506.0 39929.0 394.0 45090.0
41 38 37 0.0 0.0 0.0 1571.0 17523.0 141.0 98589.0
41 38 38 0.0 0.0 1.0 680.0 7810.0 54.0 125265.0
41 38 39 0.0 0.0 0.0 468.0 5129.0 28.0 131646.0
41 38 40 0.0 0.0 0.0 376.0 4264.0 17.0 133913.0
41 38 41 0.0 0.0 0.0 366.0 4844.0 31.0 132843.0
41 38 42 0.0 0.0 0.0 507.0 6804.0 42.0 129063.0
41 38 43 0.0 0.0 1.0 1191.0 15795.0 99.0 103377.0
41 38 44 0.0 4.0 2.0 2741.0 38560.0 381.0 50153.0
41 38 45 0.0 1.0 0.0 1591.0 24280.0 376.0 2565.0
41 38 46 0.0 0.0 0.0 43.0 664.0 17.0 1.0
41 39 33 0.0 0.0 0.0 0.0 2.0 0.0 0.0
41 39 34 0.0 0.0 0.0 46.0 843.0 13.0 0.0
41 39 35 0.0 0.0 0.0 2025.0 27699.0 434.0 3659.0
41 39 36 0.0 0.0 0.0 2753.0 35445.0 335.0 58493.0
41 39 37 0.0 0.0 0.0 1106.0 13384.0 89.0 108247.0
41 39 38 0.0 0.0 0.0 416.0 5147.0 37.0 131158.0
41 39 39 0.0 0.0 0.0 213.0 2363.0 15.0 145680.0
41 39 40 0.0 0.0 0.0 186.0 1913.0 5.0 146350.0
41 39 41 0.0 0.0 0.0 196.0 2102.0 12.0 147802.0
41 39 42 0.0 0.0 0.0 343.0 4779.0 39.0 133084.0
41 39 43 0.0 0.0 1.0 956.0 12473.0 87.0 110824.0
41 39 44 0.0 4.0 1.0 2535.0 33235.0 280.0 62974.0
41 39 45 0.0 0.0 0.0 2187.0 31223.0 427.0 5131.0
41 39 46 0.0 0.0 0.0 71.0 1247.0 23.0 6.0
41 39 47 0.0 0.0 0.0 0.0 1.0 0.0 0.0
41 40 34 0.0 0.0 0.0 93.0 993.0 9.0 3.0
41 40 35 0.0 0.0 0.0 2153.0 30674.0 466.0 4911.0
41 40 36 0.0 0.0 0.0 2371.0 33449.0 297.0 62658.0
41 40 37 0.0 0.0 0.0 887.0 12253.0 85.0 111185.0
41 40 38 0.0 1.0 0.0 366.0 4455.0 18.0 133168.0
41 40 39 0.0 0.0 0.0 171.0 1922.0 6.0 146423.0
41 40 40 0.0 0.0 0.0 126.0 1509.0 9.0 145990.0
41 40 41 0.0 0.0 0.0 171.0 1972.0 7.0 145309.0
41 40 42 0.0 0.0 1.0 354.0 4474.0 25.0 133704.0
41 40 43 0.0 1.0 0.0 896.0 11887.0 70.0 112355.0
41 40 44 0.0 0.0 0.0 2508.0 31962.0 294.0 65560.0
41 40 45 0.0 0.0 0.0 2266.0 31781.0 485.0 5706.0
41 40 46 0.0 0.0 0.0 75.0 1159.0 23.0 2.0
41 41 34 0.0 0.0 0.0 53.0 789.0 11.0 0.0
41 41 35 0.0 0.0 1.0 2160.0 28172.0 414.0 3793.0
41 41 36 0.0 0.0 0.0 2563.0 35214.0 344.0 59505.0
41 41 37 0.0 0.0 1.0 1127.0 13615.0 98.0 108653.0
41 41 38 0.0 0.0 0.0 460.0 5068.0 41.0 132034.0
41 41 39 0.0 0.0 0.0 210.0 2389.0 17.0 144950.0
41 41 40 0.0 0.0 0.0 156.0 1918.0 3.0 145776.0
41 41 41 0.0 0.0 0.0 191.0 2346.0 6.0 145509.0
41 41 42 0.0 0.0 0.0 421.0 5080.0 23.0 131418.0
41 41 43 0.0 1.0 0.0 1083.0 13083.0 91.0 109027.0
41 41 44 0.0 2.0 1.0 2715.0 34973.0 333.0 59148.0
41 41 45 0.0 0.0 0.0 2052.0 28607.0 403.0 4041.0
41 41 46 0.0 0.0 0.0 105.0 932.0 15.0 0.0
41 41 47 0.0 0.0 0.0 0.0 1.0 0.0 0.0
41 42 34 0.0 0.0 0.0 30.0 457.0 9.0 0.0
41 42 35 0.0 0.0 0.0 1314.0 20339.0 316.0 1622.0
41 42 36 0.0 0.0 0.0 3323.0 39694.0 410.0 45388.0
41 42 37 0.0 0.0 0.0 1447.0 16826.0 141.0 99832.0
41 42 38 0.0 0.0 1.0 694.0 7937.0 49.0 125731.0
41 42 39 0.0 0.0 0.0 395.0 5144.0 31.0 131599.0
41 42 40 0.0 0.0 1.0 352.0 4646.0 30.0 133003.0
41 42 41 0.0 0.0 0.0 417.0 5258.0 21.0 131076.0
41 42 42 0.0 0.0 2.0 626.0 7768.0 53.0 126044.0
41 42 43 0.0 1.0 0.0 1648.0 17543.0 124.0 98859.0
41 42 44 0.0 3.0 0.0 3578.0 40263.0 395.0 44142.0
41 42 45 0.0 0.0 0.0 1385.0 20292.0 306.0 1644.0
41 42 46 0.0 0.0 0.0 47.0 484.0 6.0 0.0
41 43 34 0.0 0.0 0.0 21.0 160.0 2.0 0.0
41 43 35 0.0 0.0 0.0 840.0 10349.0 161.0 348.0
41 43 36 0.0 0.0 0.0 3707.0 42044.0 531.0 21491.0
41 43 37 0.0 0.0 0.0 2430.0 27426.0 205.0 75285.0
41 43 38 0.0 0.0 0.0 1379.0 17603.0 138.0 99371.0
41 43 39 0.0 0.0 1.0 960.0 13708.0 92.0 107956.0
41 43 40 0.0 0.0 0.0 928.0 12450.0 83.0 110032.0
41 43 41 0.0 0.0 1.0 1189.0 13348.0 91.0 108261.0
41 43 42 0.0 0.0 0.0 1535.0 16965.0 132.0 99669.0
41 43 43 0.0 0.0 0.0 2683.0 27513.0 241.0 75260.0
41 43 44 0.0 0.0 0.0 3801.0 42398.0 551.0 20856.0
41 43 45 0.0 0.0 0.0 815.0 9786.0 155.0 305.0
41 43 46 0.0 0.0 0.0 12.0 170.0 3.0 0.0
41 44 34 0.0 0.0 0.0 0.0 25.0 0.0 0.0
41 44 35 0.0 0.0 0.0 253.0 2788.0 43.0 17.0
41 44 36 0.0 0.0 0.0 1957.0 25891.0 400.0 3377.0
41 44 37 0.0 0.0 0.0 3703.0 41939.0 470.0 21544.0
41 44 38 0.0 0.0 1.0 2959.0 41026.0 405.0 44411.0
41 44 39 0.0 0.0 0.0 2896.0 35645.0 344.0 57312.0
41 44 40 0.0 0.0 0.0 2449.0 33631.0 287.0 62807.0
41 44 41 0.0 0.0 0.0 2905.0 35118.0 349.0 58000.0
41 44 42 0.0 5.0 0.0 3090.0 40745.0 420.0 43503.0
41 44 43 0.0 0.0 0.0 3338.0 43028.0 525.0 21787.0
41 44 44 0.0 0.0 0.0 2368.0 23791.0 369.0 2851.0
41 44 45 0.0 0.0 0.0 193.0 2612.0 44.0 17.0
41 44 46 0.0 0.0 0.0 1.0 23.0 0.0 0.0
41 45 34 0.0 0.0 0.0 0.0 1.0 0.0 0.0
41 45 35 0.0 0.0 0.0 20.0 233.0 5.0 0.0
41 45 36 0.0 0.0 0.0 264.0 2442.0 43.0 18.0
41 45 37 0.0 0.0 0.0 799.0 9971.0 182.0 312.0
41 45 38 0.0 0.0 0.0 1244.0 20095.0 309.0 1497.0
41 45 39 0.0 0.0 0.0 1565.0 27887.0 395.0 3681.0
41 45 40 0.0 0.0 0.0 2175.0 29298.0 446.0 4513.0
41 45 41 0.0 1.0 0.0 1974.0 27819.0 413.0 3695.0
41 45 42 0.0 0.0 5.0 2019.0 20005.0 320.0 1653.0
41 45 43 0.0 0.0 0.0 837.0 9521.0 150.0 339.0
41 45 44 0.0 0.0 0.0 225.0 2830.0 41.0 25.0
41 45 45 0.0 0.0 0.0 23.0 206.0 4.0 0.0
41 45 46 0.0 0.0 0.0 0.0 1.0 0.0 0.0
41 46 35 0.0 0.0 0.0 0.0 2.0 0.0 0.0
41 46 36 0.0 0.0 0.0 0.0 13.0 0.0 0.0
41 46 37 0.0 0.0 0.0 6.0 149.0 4.0 0.0
41 46 38 0.0 0.0 0.0 22.0 480.0 4.0 0.0
41 46 39 0.0 0.0 0.0 92.0 881.0 16.0 2.0
41 46 40 0.0 0.0 0.0 85.0 1045.0 21.0 1.0
41 46 41 0.0 0.0 0.0 89.0 817.0 19.0 1.0
41 46 42 0.0 0.0 0.0 36.0 428.0 11.0 1.0
41 46 43 0.0 0.0 0.0 7.0 148.0 3.0 0.0
41 46 44 0.0 0.0 0.0 2.0 18.0 0.0 0.0
42 34 35 0.0 0.0 0.0 0.0 1.0 0.0 0.0
42 34 36 0.0 0.0 0.0 0.0 11.0 0.0 0.0
42 34 37 0.0 0.0 0.0 6.0 61.0 0.0 0.0
42 34 38 0.0 0.0 0.0 11.0 274.0 4.0 0.0
42 34 39 0.0 0.0 0.0 32.0 567.0 8.0 1.0
42 34 40 0.0 0.0 0.0 77.0 743.0 9.0 0.0
42 34 41 0.0 0.0 0.0 31.0 574.0 6.0 1.0
42 34 42 0.0 0.0 0.0 28.0 365.0 6.0 0.0
42 34 43 0.0 0.0 0.0 5.0 109.0 2.0 0.0
42 34 44 0.0 0.0 0.0 1.0 36.0 0.0 0.0
42 34 45 0.0 0.0 0.0 0.0 2.0 0.0 0.0
42 35 34 0.0 0.0 0.0 0.0 2.0 0.0 0.0
42 35 35 0.0 0.0 0.0 10.0 108.0 3.0 0.0
42 35 36 0.0 0.0 0.0 194.0 1737.0 39.0 8.0
42 35 37 0.0 0.0 0.0 580.0 6326.0 112.0 136.0
42 35 38 0.0 0.0 0.0 1280.0 14858.0 230.0 782.0
42 35 39 0.0 0.0 0.0 1707.0 22046.0 339.0 2083.0
42 35 40 0.0 0.0 0.0 1838.0 25689.0 352.0 2930.0
42 35 41 0.0 0.0 0.0 1724.0 23354.0 340.0 2367.0
42 35 42 0.0 0.0 0.0 1278.0 17445.0 266.0 1199.0
42 35 43 0.0 0.0 0.0 739.0 8122.0 133.0 212.0
42 35 44 0.0 0.0 0.0 178.0 2448.0 44.0 16.0
42 35 45 0.0 0.0 0.0 23.0 191.0 4.0 0.0
42 35 46 0.0 0.0 0.0 0.0 4.0 0.0 0.0
42 36 34 0.0 0.0 0.0 3.0 6.0 0.0 0.0
42 36 35 0.0 0.0 0.0 144.0 1677.0 26.0 8.0
42 36 36 0.0 0.0 0.0 1326.0 18163.0 324.0 1332.0
42 36 37 0.0 0.0 0.0 3936.0 38026.0 530.0 12552.0
42 36 38 0.0 2.0 0.0 4034.0 42667.0 501.0 31405.0
42 36 39 0.0 0.0 0.0 2935.0 39644.0 374.0 47360.0
42 36 40 0.0 0.0 0.0 2919.0 37627.0 363.0 53471.0
42 36 41 0.0 0.0 0.0 2906.0 38492.0 386.0 50051.0
42 36 42 0.0 0.0 0.0 3134.0 42193.0 441.0 38623.0
42 36 43 0.0 0.0 0.0 3527.0 41442.0 470.0 17297.0
42 36 44 0.0 0.0 0.0 1338.0 25572.0 384.0 3183.0
42 36 45 0.0 0.0 0.0 161.0 2393.0 39.0 12.0
42 36 46 0.0 0.0 0.0 1.0 18.0 0.0 0.0
42 37 34 0.0 0.0 0.0 10.0 66.0 1.0 0.0
42 37 35 0.0 0.0 0.0 442.0 6237.0 116.0 125.0
42 37 36 0.0 0.0 1.0 4438.0 37805.0 533.0 13281.0
42 37 37 0.0 0.0 0.0 2821.0 33139.0 308.0 62440.0
42 37 38 0.0 0.0 2.0 1932.0 21880.0 172.0 88901.0
42 37 39 0.0 0.0 0.0 1382.0 16738.0 139.0 100994.0
42 37 40 0.0 0.0 2.0 1259.0 15371.0 111.0 104147.0
42 37 41 0.0 1.0 1.0 1230.0 15586.0 109.0 103412.0
42 37 42 0.0 2.0 1.0 1395.0 20174.0 150.0 94214.0
42 37 43 0.0 0.0 3.0 1701.0 30188.0 239.0 70826.0
42 37 44 0.0 1.0 0.0 3109.0 41779.0 549.0 18707.0
42 37 45 0.0 0.0 0.0 565.0 9283.0 150.0 241.0
42 37 46 0.0 0.0 0.0 5.0 116.0 1.0 0.0
42 38 34 0.0 0.0 0.0 20.0 221.0 0.0 0.0
42 38 35 0.0 0.0 0.0 1198.0 13961.0 243.0 736.0
42 38 36 0.0 0.0 5.0 3231.0 43134.0 470.0 32716.0
42 38 37 0.0 0.0 0.0 1897.0 22460.0 184.0 88340.0
42 38 38 0.0 0.0 2.0 796.0 10195.0 69.0 120252.0
42 38 39 0.0 0.0 0.0 607.0 7225.0 43.0 127392.0
42 38 40 0.0 0.0 2.0 526.0 6361.0 41.0 129899.0
42 38 41 0.0 0.0 0.0 516.0 6783.0 29.0 128927.0
42 38 42 0.0 0.0 1.0 561.0 9251.0 54.0 123115.0
42 38 43 0.0 1.0 0.0 1306.0 19687.0 155.0 95319.0
42 38 44 0.0 2.0 0.0 2638.0 42453.0 439.0 38723.0
42 38 45 0.0 0.0 0.0 1277.0 17534.0 293.0 1253.0
42 38 46 0.0 0.0 0.0 18.0 403.0 8.0 1.0
42 39 34 0.0 0.0 0.0 28.0 576.0 11.0 1.0
42 39 35 0.0 0.0 1.0 1715.0 20433.0 322.0 1753.0
42 39 36 0.0 0.0 1.0 2949.0 40356.0 391.0 45690.0
42 39 37 0.0 0.0 0.0 1287.0 17391.0 115.0 99281.0
42 39 38 0.0 0.0 1.0 559.0 7567.0 50.0 127210.0
42 39 39 0.0 0.0 0.0 388.0 4999.0 26.0 131874.0
42 39 40 0.0 0.0 0.0 399.0 4198.0 25.0 133771.0
42 39 41 0.0 0.0 0.0 333.0 4743.0 27.0 132804.0
42 39 42 0.0 0.0 0.0 516.0 7072.0 30.0 128838.0
42 39 43 0.0 0.0 0.0 1149.0 16250.0 109.0 103358.0
42 39 44 0.0 0.0 0.0 2698.0 38670.0 379.0 50610.0
42 39 45 0.0 2.0 0.0 1599.0 23622.0 358.0 2457.0
42 39 46 0.0 0.0 0.0 42.0 622.0 12.0 1.0
42 39 47 0.0 0.0 0.0 0.0 1.0 0.0 0.0
42 40 34 0.0 0.0 0.0 61.0 584.0 14.0 1.0
42 40 35 0.0 0.0 0.0 1577.0 23663.0 364.0 2441.0
42 40 36 0.0 0.0 0.0 2999.0 38444.0 374.0 49791.0
42 40 37 0.0 0.0 0.0 1139.0 16340.0 120.0 102541.0
42 40 38 0.0 2.0 0.0 439.0 7120.0 38.0 127796.0
42 40 39 0.0 0.0 0.0 317.0 4389.0 22.0 133744.0
42 40 40 0.0 0.0 0.0 316.0 3903.0 18.0 133953.0
42 40 41 0.0 0.0 0.0 348.0 4294.0 24.0 133792.0
42 40 42 0.0 1.0 0.0 482.0 6497.0 38.0 129204.0
42 40 43 0.0 0.0 0.0 1158.0 15097.0 100.0 104717.0
42 40 44 0.0 1.0 0.0 2772.0 37713.0 359.0 53285.0
42 40 45 0.0 0.0 0.0 1818.0 25003.0 375.0 2886.0
42 40 46 0.0 0.0 0.0 61.0 703.0 13.0 1.0
42 40 47 0.0 0.0 0.0 0.0 1.0 0.0 0.0
42 41 34 0.0 0.0 0.0 46.0 520.0 6.0 1.0
42 41 35 0.0 0.0 0.0 1514.0 21054.0 382.0 1839.0
42 41 36 0.0 0.0 1.0 2959.0 40236.0 408.0 44955.0
42 41 37 0.0 0.0 0.0 1344.0 17541.0 114.0 99176.0
42 41 38 0.0 0.0 0.0 559.0 7978.0 43.0 125869.0
42 41 39 0.0 0.0 1.0 391.0 5334.0 28.0 131291.0
42 41 40 0.0 0.0 0.0 332.0 4592.0 34.0 133521.0
42 41 41 0.0 0.0 0.0 429.0 5098.0 24.0 132661.0
42 41 42 0.0 1.0 0.0 613.0 7407.0 46.0 126345.0
42 41 43 0.0 3.0 0.0 1297.0 16888.0 118.0 101260.0
42 41 44 0.0 0.0 0.0 3120.0 39870.0 396.0 46546.0
42 41 45 0.0 0.0 0.0 1734.0 21082.0 335.0 1985.0
42 41 46 0.0 0.0 0.0 37.0 631.0 17.0 1.0
42 41 47 0.0 0.0 0.0 0.0 1.0 0.0 0.0
42 42 34 0.0 0.0 0.0 18.0 243.0 5.0 0.0
42 42 35 0.0 0.0 0.0 986.0 13630.0 255.0 677.0
42 42 36 0.0 0.0 3.0 3161.0 43195.0 486.0 32232.0
42 42 37 0.0 0.0 0.0 1773.0 22215.0 186.0 88416.0
42 42 38 0.0 0.0 1.0 900.0 11147.0 73.0 117023.0
42 42 39 0.0 0.0 0.0 588.0 7859.0 49.0 125890.0
42 42 40 0.0 1.0 0.0 512.0 6993.0 42.0 127945.0
42 42 41 0.0 1.0 0.0 620.0 7683.0 38.0 125727.0
42 42 42 0.0 0.0 0.0 885.0 11038.0 60.0 117950.0
42 42 43 0.0 0.0 0.0 1885.0 22911.0 166.0 87858.0
42 42 44 0.0 3.0 2.0 3332.0 43008.0 484.0 31568.0
42 42 45 0.0 0.0 0.0 1166.0 13948.0 231.0 723.0
42 42 46 0.0 0.0 0.0 36.0 267.0 8.0 0.0
42 43 34 0.0 0.0 0.0 7.0 113.0 0.0 0.0
42 43 35 0.0 0.0 0.0 555.0 6654.0 110.0 140.0
42 43 36 0.0 0.0 0.0 3254.0 39033.0 517.0 12821.0
42 43 37 0.0 0.0 0.0 3191.0 33942.0 321.0 59449.0
42 43 38 0.0 0.0 0.0 1753.0 23028.0 205.0 87358.0
42 43 39 0.0 0.0 0.0 1253.0 17621.0 140.0 99247.0
42 43 40 0.0 0.0 0.0 1278.0 16487.0 116.0 102126.0
42 43 41 0.0 0.0 0.0 1411.0 17651.0 140.0 99160.0
42 43 42 0.0 0.0 0.0 1838.0 22738.0 175.0 87552.0
42 43 43 0.0 0.0 0.0 2999.0 33223.0 302.0 61554.0
42 43 44 0.0 1.0 0.0 3888.0 38192.0 481.0 12402.0
42 43 45 0.0 0.0 0.0 542.0 6590.0 116.0 129.0
42 43 46 0.0 0.0 0.0 3.0 130.0 3.0 0.0
42 44 34 0.0 0.0 0.0 0.0 13.0 0.0 0.0
42 44 35 0.0 0.0 0.0 131.0 1727.0 32.0 7.0
42 44 36 0.0 0.0 0.0 1730.0 17787.0 287.0 1428.0
42 44 37 0.0 0.0 0.0 3283.0 38584.0 508.0 11754.0
42 44 38 0.0 0.0 0.0 3188.0 43376.0 442.0 31798.0
42 44 39 0.0 0.0 0.0 2721.0 40619.0 427.0 44703.0
42 44 40 0.0 2.0 3.0 2882.0 38803.0 404.0 50086.0
42 44 41 0.0 0.0 0.0 3273.0 40202.0 398.0 44327.0
42 44 42 0.0 0.0 0.0 3856.0 42906.0 494.0 31272.0
42 44 43 0.0 0.0 0.0 3282.0 38428.0 535.0 12206.0
42 44 44 0.0 0.0 0.0 1412.0 18175.0 275.0 1426.0
42 44 45 0.0 0.0 0.0 119.0 1509.0 28.0 8.0
42 44 46 0.0 0.0 0.0 8.0 7.0 0.0 0.0
42 45 35 0.0 0.0 0.0 15.0 174.0 6.0 0.0
42 45 36 0.0 0.0 0.0 113.0 1644.0 30.0 7.0
42 45 37 0.0 0.0 0.0 420.0 6472.0 101.0 122.0
42 45 38 0.0 0.0 0.0 1087.0 13906.0 231.0 661.0
42 45 39 0.0 0.0 0.0 1385.0 20479.0 292.0 1583.0
42 45 40 0.0 0.0 0.0 1744.0 21880.0 368.0 2008.0
42 45 41 0.0 0.0 0.0 1814.0 19974.0 319.0 1723.0
42 45 42 0.0 0.0 0.0 951.0 13779.0 228.0 627.0
42 45 43 0.0 0.0 0.0 692.0 6319.0 96.0 138.0
42 45 44 0.0 0.0 0.0 87.0 1431.0 23.0 3.0
42 45 45 0.0 0.0 0.0 16.0 145.0 2.0 0.0
42 45 46 0.0 0.0 0.0 0.0 1.0 0.0 0.0
42 46 36 0.0 0.0 0.0 0.0 5.0 0.0 0.0
42 46 37 0.0 0.0 0.0 4.0 61.0 1.0 0.0
42 46 38 0.0 0.0 0.0 14.0 220.0 3.0 0.0
42 46 39 0.0 0.0 0.0 30.0 431.0 10.0 0.0
42 46 40 0.0 0.0 0.0 31.0 548.0 11.0 0.0
42 46 41 0.0 0.0 0.0 44.0 472.0 8.0 0.0
42 46 42 0.0 0.0 0.0 21.0 207.0 4.0 0.0
42 46 43 0.0 0.0 0.0 6.0 97.0 2.0 0.0
42 46 44 0.0 0.0 0.0 0.0 3.0 0.0 0.0
42 46 45 0.0 0.0 0.0 0.0 1.0 0.0 0.0
42 47 37 0.0 0.0 0.0 0.0 1.0 0.0 0.0
43 34 35 0.0 0.0 0.0 0.0 3.0 0.0 0.0
43 34 36 0.0 0.0 0.0 0.0 2.0 0.0 0.0
43 34 37 0.0 0.0 0.0 0.0 30.0 2.0 0.0
43 34 38 0.0 0.0 0.0 8.0 101.0 4.0 0.0
43 34 39 0.0 0.0 0.0 4.0 230.0 5.0 0.0
43 34 40 0.0 0.0 0.0 12.0 251.0 7.0 0.0
43 34 41 0.0 0.0 0.0 23.0 216.0 4.0 0.0
43 34 42 0.0 0.0 0.0 7.0 131.0 1.0 0.0
43 34 43 0.0 0.0 0.0 1.0 54.0 0.0 0.0
43 34 44 0.0 0.0 0.0 0.0 6.0 0.0 0.0
43 35 35 0.0 0.0 0.0 8.0 43.0 2.0 0.0
43 35 36 0.0 0.0 0.0 44.0 702.0 12.0 0.0
43 35 37 0.0 0.0 0.0 212.0 2927.0 31.0 24.0
43 35 38 0.0 0.0 0.0 636.0 7346.0 127.0 188.0
43 35 39 0.0 0.0 0.0 881.0 11392.0 214.0 467.0
43 35 40 0.0 0.0 0.0 1161.0 13963.0 224.0 692.0
43 35 41 0.0 0.0 0.0 921.0 12316.0 210.0 522.0
43 35 42 0.0 0.0 0.0 581.0 8991.0 149.0 211.0
43 35 43 0.0 0.0 0.0 295.0 4075.0 74.0 50.0
43 35 44 0.0 0.0 0.0 61.0 1210.0 16.0 3.0
43 35 45 0.0 0.0 0.0 1.0 108.0 2.0 0.0
43 36 34 0.0 0.0 0.0 1.0 7.0 0.0 0.0
43 36 35 0.0 0.0 0.0 57.0 594.0 9.0 1.0
43 36 36 0.0 0.0 0.0 1636.0 8694.0 177.0 359.0
43 36 37 0.0 0.0 0.0 2322.0 27773.0 403.0 4199.0
43 36 38 0.0 0.0 0.0 3613.0 40105.0 508.0 14920.0
43 36 39 0.0 0.0 0.0 2953.0 43387.0 503.0 25284.0
43 36 40 0.0 0.0 3.0 3411.0 43033.0 471.0 31554.0
43 36 41 0.0 0.0 1.0 3028.0 43542.0 499.0 27157.0
43 36 42 0.0 0.0 0.0 2664.0 42039.0 509.0 17786.0
43 36 43 0.0 0.0 0.0 2467.0 33516.0 476.0 6979.0
43 36 44 0.0 1.0 0.0 792.0 14570.0 241.0 795.0
43 36 45 0.0 0.0 0.0 71.0 1158.0 25.0 6.0
43 36 46 0.0 0.0 0.0 0.0 8.0 0.0 0.0
43 37 34 0.0 0.0 0.0 0.0 22.0 0.0 0.0
43 37 35 0.0 0.0 6.0 259.0 2834.0 50.0 19.0
43 37 36 0.0 0.0 0.0 1977.0 27067.0 407.0 3805.0
43 37 37 0.0 0.0 0.0 2855.0 41803.0 477.0 35263.0
43 37 38 0.0 0.0 0.0 2801.0 32044.0 277.0 64685.0
43 37 39 0.0 0.0 0.0 1914.0 25996.0 193.0 80130.0
43 37 40 0.0 0.0 1.0 1684.0 23784.0 196.0 84726.0
43 37 41 0.0 0.0 1.0 1985.0 24596.0 177.0 82181.0
43 37 42 0.0 0.0 0.0 1618.0 29715.0 249.0 71940.0
43 37 43 0.0 0.0 0.0 1732.0 39609.0 421.0 47826.0
43 37 44 0.0 0.0 0.0 2449.0 33569.0 471.0 7314.0
43 37 45 0.0 0.0 0.0 384.0 4021.0 69.0 48.0
43 37 46 0.0 0.0 0.0 1.0 60.0 1.0 0.0
43 38 34 0.0 0.0 0.0 5.0 83.0 1.0 0.0
43 38 35 0.0 0.0 0.0 378.0 6324.0 101.0 109.0
43 38 36 0.0 0.0 0.0 2438.0 39681.0 507.0 12163.0
43 38 37 0.0 0.0 0.0 2243.0 31568.0 271.0 66078.0
43 38 38 0.0 1.0 0.0 1860.0 21498.0 172.0 89970.0
43 38 39 0.0 2.0 0.0 1284.0 16063.0 110.0 102236.0
43 38 40 0.0 0.0 0.0 1158.0 14939.0 99.0 105827.0
43 38 41 0.0 2.0 0.0 1080.0 15555.0 130.0 104728.0
43 38 42 0.0 1.0 0.0 1230.0 20161.0 141.0 94242.0
43 38 43 0.0 1.0 2.0 1585.0 29969.0 258.0 71199.0
43 38 44 0.0 0.0 0.0 2476.0 43022.0 520.0 19176.0
43 38 45 0.0 0.0 0.0 484.0 8988.0 143.0 223.0
43 38 46 0.0 0.0 0.0 4.0 137.0 1.0 0.0
43 39 34 0.0 0.0 0.0 12.0 126.0 1.0 0.0
43 39 35 0.0 0.0 0.0 729.0 10501.0 172.0 376.0
43 39 36 0.0 0.0 0.0 3123.0 42947.0 509.0 22035.0
43 39 37 0.0 0.0 1.0 1872.0 26992.0 232.0 78411.0
43 39 38 0.0 0.0 0.0 1236.0 17310.0 133.0 100006.0
43 39 39 0.0 0.0 0.0 1003.0 12469.0 74.0 110772.0
43 39 40 0.0 1.0 1.0 861.0 11575.0 90.0 112777.0
43 39 41 0.0 1.0 1.0 815.0 12517.0 82.0 111311.0
43 39 42 0.0 0.0 0.0 1045.0 15680.0 122.0 104057.0
43 39 43 0.0 1.0 0.0 1774.0 25317.0 229.0 81495.0
43 39 44 0.0 0.0 0.0 2792.0 43288.0 474.0 28695.0
43 39 45 0.0 3.0 0.0 796.0 13412.0 213.0 588.0
43 39 46 0.0 0.0 0.0 13.0 269.0 5.0 0.0
43 40 34 0.0 0.0 0.0 17.0 201.0 2.0 0.0
43 40 35 0.0 0.0 4.0 926.0 12851.0 193.0 572.0
43 40 36 0.0 0.0 1.0 2597.0 43660.0 464.0 26559.0
43 40 37 0.0 0.0 0.0 1601.0 26078.0 232.0 81136.0
43 40 38 0.0 1.0 0.0 1159.0 16168.0 116.0 102764.0
43 40 39 0.0 0.0 0.0 879.0 12167.0 87.0 111094.0
43 40 40 0.0 0.0 1.0 768.0 10960.0 60.0 114349.0
43 40 41 0.0 0.0 0.0 879.0 11783.0 78.0 112943.0
43 40 42 0.0 0.0 2.0 1083.0 15606.0 108.0 104828.0
43 40 43 0.0 1.0 1.0 1584.0 24655.0 198.0 83672.0
43 40 44 0.0 0.0 0.0 3428.0 42460.0 463.0 29988.0
43 40 45 0.0 0.0 0.0 843.0 14712.0 229.0 715.0
43 40 46 0.0 0.0 0.0 17.0 249.0 3.0 0.0
43 41 34 0.0 0.0 0.0 12.0 142.0 3.0 0.0
43 41 35 0.0 0.0 0.0 687.0 10895.0 168.0 367.0
43 41 36 0.0 0.0 1.0 2999.0 43215.0 551.0 20885.0
43 41 37 0.0 0.0 0.0 1836.0 28224.0 247.0 75913.0
43 41 38 0.0 0.0 0.0 1239.0 17925.0 133.0 99130.0
43 41 39 0.0 0.0 0.0 937.0 13425.0 87.0 108623.0
43 41 40 0.0 0.0 1.0 861.0 12173.0 81.0 111923.0
43 41 41 0.0 1.0 1.0 935.0 12949.0 99.0 109636.0
43 41 42 0.0 1.0 0.0 1332.0 17387.0 125.0 100373.0
43 41 43 0.0 0.0 0.0 1870.0 26982.0 226.0 78102.0
43 41 44 0.0 1.0 0.0 3245.0 42707.0 481.0 23824.0
43 41 45 0.0 0.0 0.0 1088.0 11217.0 182.0 397.0
43 41 46 0.0 0.0 0.0 8.0 164.0 5.0 0.0
43 42 34 0.0 0.0 0.0 3.0 79.0 1.0 0.0
43 42 35 0.0 0.0 0.0 446.0 6248.0 106.0 104.0
43 42 36 0.0 0.0 0.0 2742.0 38581.0 504.0 11705.0
43 42 37 0.0 0.0 0.0 2206.0 33847.0 341.0 61858.0
43 42 38 0.0 0.0 0.0 1585.0 22897.0 166.0 87858.0
43 42 39 0.0 0.0 0.0 1092.0 17834.0 145.0 99372.0
43 42 40 0.0 1.0 0.0 1041.0 15909.0 123.0 103307.0
43 42 41 0.0 0.0 0.0 1451.0 17653.0 144.0 99644.0
43 42 42 0.0 0.0 0.0 1852.0 21870.0 170.0 89370.0
43 42 43 0.0 0.0 0.0 2835.0 33857.0 307.0 61156.0
43 42 44 0.0 1.0 0.0 2770.0 39957.0 532.0 14027.0
43 42 45 0.0 0.0 0.0 435.0 7096.0 128.0 134.0
43 42 46 0.0 0.0 0.0 4.0 91.0 3.0 0.0
43 43 34 0.0 0.0 0.0 0.0 18.0 0.0 0.0
43 43 35 0.0 0.0 0.0 220.0 2767.0 42.0 14.0
43 43 36 0.0 0.0 0.0 2275.0 25964.0 400.0 3503.0
43 43 37 0.0 0.0 2.0 2958.0 42493.0 445.0 31312.0
43 43 38 0.0 0.0 2.0 2035.0 34536.0 304.0 60468.0
43 43 39 0.0 0.0 1.0 1425.0 28408.0 232.0 75762.0
43 43 40 0.0 0.0 0.0 1949.0 25080.0 210.0 81950.0
43 43 41 0.0 0.0 0.0 2187.0 27540.0 253.0 76844.0
43 43 42 0.0 3.0 0.0 2956.0 33797.0 313.0 60780.0
43 43 43 0.0 1.0 0.0 2643.0 42893.0 474.0 32570.0
43 43 44 0.0 0.0 0.0 1700.0 25104.0 337.0 3099.0
43 43 45 0.0 0.0 0.0 164.0 2868.0 49.0 34.0
43 43 46 0.0 0.0 0.0 1.0 30.0 0.0 0.0
43 44 34 0.0 0.0 0.0 0.0 1.0 0.0 0.0
43 44 35 0.0 0.0 0.0 46.0 555.0 15.0 0.0
43 44 36 0.0 0.0 0.0 610.0 7972.0 140.0 220.0
43 44 37 0.0 0.0 0.0 1917.0 25590.0 395.0 3301.0
43 44 38 0.0 0.0 0.0 2586.0 39708.0 500.0 12094.0
43 44 39 0.0 1.0 0.0 3065.0 43056.0 511.0 22366.0
43 44 40 0.0 0.0 0.0 3119.0 42756.0 523.0 25227.0
43 44 41 0.0 0.0 1.0 3272.0 42787.0 479.0 21996.0
43 44 42 0.0 0.0 0.0 2780.0 39042.0 539.0 11803.0
43 44 43 0.0 0.0 0.0 2020.0 26602.0 368.0 3814.0
43 44 44 0.0 0.0 0.0 561.0 8106.0 121.0 251.0
43 44 45 0.0 0.0 0.0 71.0 529.0 7.0 0.0
43 44 46 0.0 0.0 0.0 0.0 9.0 0.0 0.0
43 45 35 0.0 0.0 0.0 1.0 30.0 0.0 0.0
43 45 36 0.0 0.0 0.0 56.0 637.0 11.0 3.0
43 45 37 0.0 0.0 0.0 232.0 2752.0 42.0 16.0
43 45 38 0.0 0.0 0.0 545.0 6402.0 104.0 115.0
43 45 39 0.0 0.0 0.0 728.0 10295.0 170.0 348.0
43 45 40 0.0 0.0 0.0 890.0 11786.0 188.0 487.0
43 45 41 0.0 0.0 0.0 739.0 10601.0 179.0 367.0
43 45 42 0.0 0.0 0.0 551.0 6154.0 114.0 115.0
43 45 43 0.0 0.0 0.0 188.0 2570.0 47.0 20.0
43 45 44 0.0 0.0 0.0 38.0 603.0 11.0 1.0
43 45 45 0.0 0.0 0.0 3.0 36.0 0.0 0.0
43 46 35 0.0 0.0 0.0 1.0 0.0 0.0 0.0
43 46 37 0.0 0.0 0.0 0.0 39.0 1.0 0.0
43 46 38 0.0 0.0 0.0 8.0 84.0 2.0 0.0
43 46 39 0.0 0.0 0.0 15.0 155.0 0.0 0.0
43 46 40 0.0 0.0 0.0 17.0 143.0 2.0 0.0
43 46 41 0.0 0.0 0.0 10.0 124.0 1.0 0.0
43 46 42 0.0 0.0 0.0 2.0 71.0 0.0 0.0
43 46 43 0.0 0.0 0.0 0.0 23.0 0.0 0.0
43 46 44 0.0 0.0 0.0 1.0 6.0 0.0 0.0
44 34 36 0.0 0.0 0.0 0.0 1.0 0.0 0.0
44 34 37 0.0 0.0 0.0 0.0 8.0 1.0 0.0
44 34 38 0.0 0.0 0.0 0.0 10.0 0.0 0.0
44 34 39 0.0 0.0 0.0 2.0 34.0 0.0 0.0
44 34 40 0.0 0.0 0.0 5.0 46.0 1.0 0.0
44 34 41 0.0 0.0 0.0 6.0 21.0 0.0 0.0
44 34 42 0.0 0.0 0.0 0.0 23.0 1.0 0.0
44 34 43 0.0 0.0 0.0 0.0 5.0 1.0 0.0
44 34 44 0.0 0.0 0.0 0.0 4.0 1.0 0.0
44 35 35 0.0 0.0 0.0 0.0 10.0 1.0 0.0
44 35 36 0.0 0.0 0.0 7.0 162.0 1.0 0.0
44 35 37 0.0 0.0 0.0 49.0 743.0 11.0 1.0
44 35 38 0.0 0.0 0.0 175.0 2123.0 34.0 13.0
44 35 39 0.0 0.0 0.0 252.0 3990.0 68.0 39.0
44 35 40 0.0 0.0 0.0 379.0 4552.0 73.0 54.0
44 35 41 0.0 0.0 0.0 350.0 3668.0 71.0 28.0
44 35 42 0.0 0.0 0.0 163.0 2366.0 52.0 21.0
44 35 43 0.0 0.0 0.0 86.0 986.0 23.0 3.0
44 35 44 0.0 0.0 0.0 9.0 314.0 11.0 0.0
44 35 45 0.0 0.0 0.0 2.0 28.0 0.0 0.0
44 36 35 0.0 0.0 0.0 11.0 101.0 2.0 0.0
44 36 36 0.0 0.0 0.0 123.0 2241.0 42.0 9.0
44 36 37 0.0 0.0 0.0 789.0 9938.0 178.0 362.0
44 36 38 0.0 0.0 0.0 1702.0 19918.0 287.0 1910.0
44 36 39 0.0 0.0 0.0 2591.0 29097.0 420.0 5062.0
44 36 40 0.0 0.0 2.0 2172.0 32004.0 484.0 6202.0
44 36 41 0.0 0.0 2.0 2107.0 30919.0 472.0 5530.0
44 36 42 0.0 0.0 0.0 1774.0 23539.0 361.0 2595.0
44 36 43 0.0 0.0 0.0 631.0 12862.0 210.0 554.0
44 36 44 0.0 0.0 0.0 246.0 4576.0 70.0 70.0
44 36 45 0.0 0.0 0.0 7.0 331.0 3.0 0.0
44 37 34 0.0 0.0 0.0 0.0 5.0 0.0 0.0
44 37 35 0.0 0.0 0.0 37.0 716.0 13.0 0.0
44 37 36 0.0 0.0 0.0 724.0 9597.0 167.0 348.0
44 37 37 0.0 0.0 0.0 2131.0 27915.0 411.0 4220.0
44 37 38 0.0 4.0 0.0 3311.0 40325.0 517.0 15160.0
44 37 39 0.0 2.0 0.0 3308.0 43429.0 527.0 26517.0
44 37 40 0.0 0.0 1.0 3541.0 42265.0 437.0 32289.0
44 37 41 0.0 0.0 0.0 3523.0 42936.0 483.0 29714.0
44 37 42 0.0 0.0 8.0 2771.0 42637.0 506.0 19002.0
44 37 43 0.0 0.0 0.0 1626.0 34291.0 469.0 7172.0
44 37 44 0.0 0.0 0.0 838.0 13690.0 222.0 697.0
44 37 45 0.0 0.0 0.0 111.0 1341.0 26.0 1.0
44 37 46 0.0 0.0 0.0 0.0 12.0 0.0 0.0
44 38 34 0.0 0.0 0.0 0.0 9.0 0.0 0.0
44 38 35 0.0 0.0 0.0 139.0 1590.0 24.0 3.0
44 38 36 0.0 0.0 0.0 1377.0 19975.0 303.0 1778.0
44 38 37 0.0 0.0 0.0 3089.0 40316.0 525.0 14551.0
44 38 38 0.0 0.0 0.0 3002.0 43183.0 478.0 33795.0
44 38 39 0.0 1.0 0.0 2877.0 38587.0 344.0 49843.0
44 38 40 0.0 4.0 4.0 2697.0 36663.0 368.0 55851.0
44 38 41 0.0 0.0 0.0 2853.0 37879.0 343.0 52424.0
44 38 42 0.0 0.0 0.0 2555.0 42679.0 469.0 39713.0
44 38 43 0.0 0.0 0.0 2335.0 43165.0 518.0 19819.0
44 38 44 0.0 0.0 0.0 1189.0 24880.0 387.0 2877.0
44 38 45 0.0 0.0 0.0 99.0 2646.0 36.0 23.0
44 38 46 0.0 0.0 0.0 7.0 20.0 0.0 0.0
44 39 34 0.0 0.0 0.0 1.0 23.0 0.0 0.0
44 39 35 0.0 0.0 0.0 215.0 2650.0 43.0 21.0
44 39 36 0.0 0.0 0.0 1753.0 28232.0 414.0 4015.0
44 39 37 0.0 0.0 0.0 3051.0 42974.0 498.0 23685.0
44 39 38 0.0 0.0 0.0 2804.0 39865.0 404.0 47453.0
44 39 39 0.0 0.0 1.0 2629.0 34257.0 316.0 61326.0
44 39 40 0.0 0.0 1.0 2332.0 31874.0 302.0 66926.0
44 39 41 0.0 0.0 4.0 2086.0 33631.0 329.0 62779.0
44 39 42 0.0 5.0 1.0 2488.0 38285.0 362.0 51699.0
44 39 43 0.0 0.0 0.0 2399.0 43884.0 486.0 28886.0
44 39 44 0.0 0.0 0.0 1829.0 31156.0 466.0 5533.0
44 39 45 0.0 0.0 0.0 318.0 4301.0 58.0 37.0
44 39 46 0.0 0.0 0.0 4.0 34.0 1.0 0.0
44 40 34 0.0 0.0 0.0 1.0 25.0 0.0 0.0
44 40 35 0.0 0.0 0.0 213.0 3422.0 55.0 24.0
44 40 36 0.0 0.0 0.0 1727.0 28718.0 376.0 4466.0
44 40 37 0.0 0.0 0.0 2485.0 43810.0 528.0 25765.0
44 40 38 0.0 0.0 1.0 2979.0 37820.0 367.0 52365.0
44 40 39 0.0 0.0 0.0 2195.0 32878.0 319.0 65428.0
44 40 40 0.0 2.0 1.0 2065.0 30399.0 254.0 70489.0
44 40 41 0.0 0.0 2.0 2115.0 32185.0 304.0 66495.0
44 40 42 0.0 0.0 0.0 2609.0 37615.0 364.0 53110.0
44 40 43 0.0 1.0 2.0 3723.0 42757.0 535.0 30027.0
44 40 44 0.0 0.0 0.0 2277.0 31850.0 479.0 6127.0
44 40 45 0.0 0.0 0.0 314.0 4350.0 86.0 58.0
44 40 46 0.0 0.0 0.0 1.0 47.0 0.0 0.0
44 41 34 0.0 0.0 0.0 0.0 28.0 0.0 0.0
44 41 35 0.0 0.0 0.0 154.0 2656.0 29.0 16.0
44 41 36 0.0 0.0 0.0 1201.0 27408.0 363.0 3608.0
44 41 37 0.0 0.0 0.0 2432.0 43709.0 505.0 23611.0
44 41 38 0.0 0.0 0.0 2611.0 40858.0 386.0 45356.0
44 41 39 0.0 0.0 2.0 2180.0 35477.0 335.0 59816.0
44 41 40 0.0 0.0 0.0 2148.0 32682.0 303.0 65835.0
44 41 41 0.0 0.0 1.0 2371.0 34081.0 332.0 62162.0
44 41 42 0.0 0.0 0.0 2887.0 39201.0 377.0 48954.0
44 41 43 0.0 1.0 0.0 2885.0 43330.0 522.0 24168.0
44 41 44 0.0 0.0 0.0 1641.0 27935.0 410.0 3850.0
44 41 45 0.0 0.0 0.0 224.0 3296.0 53.0 26.0
44 41 46 0.0 0.0 0.0 4.0 33.0 0.0 0.0
44 42 34 0.0 0.0 0.0 4.0 13.0 1.0 0.0
44 42 35 0.0 0.0 0.0 95.0 1563.0 27.0 12.0
44 42 36 0.0 0.0 0.0 769.0 17862.0 267.0 1273.0
44 42 37 0.0 0.0 0.0 2287.0 39248.0 523.0 12252.0
44 42 38 0.0 0.0 0.0 2653.0 43844.0 482.0 31751.0
44 42 39 0.0 0.0 0.0 2446.0 40923.0 411.0 44994.0
44 42 40 0.0 0.0 0.0 2884.0 38691.0 403.0 50607.0
44 42 41 0.0 0.0 0.0 2602.0 40021.0 388.0 47183.0
44 42 42 0.0 3.0 0.0 3041.0 43180.0 483.0 33873.0
44 42 43 0.0 0.0 0.0 2939.0 39121.0 490.0 11938.0
44 42 44 0.0 0.0 0.0 1501.0 18591.0 286.0 1490.0
44 42 45 0.0 0.0 0.0 98.0 1823.0 25.0 9.0
44 42 46 0.0 0.0 0.0 0.0 5.0 0.0 0.0
44 43 34 0.0 0.0 0.0 1.0 3.0 0.0 0.0
44 43 35 0.0 0.0 0.0 43.0 510.0 10.0 2.0
44 43 36 0.0 0.0 0.0 485.0 8606.0 135.0 232.0
44 43 37 0.0 0.0 0.0 1740.0 25389.0 389.0 3139.0
44 43 38 0.0 0.0 0.0 1970.0 40371.0 525.0 13219.0
44 43 39 0.0 0.0 0.0 2616.0 43697.0 529.0 22564.0
44 43 40 0.0 0.0 0.0 2878.0 43890.0 510.0 25508.0
44 43 41 0.0 0.0 1.0 3660.0 42045.0 499.0 24913.0
44 43 42 0.0 0.0 0.0 3413.0 39631.0 521.0 14336.0
44 43 43 0.0 0.0 0.0 1775.0 26411.0 406.0 3475.0
44 43 44 0.0 0.0 0.0 477.0 9472.0 176.0 322.0
44 43 45 0.0 0.0 0.0 34.0 714.0 15.0 0.0
44 43 46 0.0 0.0 0.0 0.0 6.0 0.0 0.0
44 44 35 0.0 0.0 0.0 4.0 99.0 1.0 0.0
44 44 36 0.0 0.0 0.0 126.0 1944.0 34.0 9.0
44 44 37 0.0 0.0 0.0 408.0 8374.0 144.0 208.0
44 44 38 0.0 0.0 0.0 1038.0 17446.0 281.0 1214.0
44 44 39 0.0 0.0 0.0 1315.0 26330.0 364.0 3334.0
44 44 40 0.0 0.0 0.0 1912.0 30258.0 438.0 5014.0
44 44 41 0.0 0.0 0.0 1950.0 27145.0 414.0 3864.0
44 44 42 0.0 0.0 0.0 1512.0 17657.0 318.0 1346.0
44 44 43 0.0 0.0 0.0 578.0 7841.0 136.0 205.0
44 44 44 0.0 0.0 0.0 152.0 2320.0 42.0 20.0
44 44 45 0.0 0.0 0.0 1.0 96.0 2.0 0.0
44 44 46 0.0 0.0 0.0 0.0 2.0 0.0 0.0
44 45 35 0.0 0.0 0.0 0.0 9.0 0.0 0.0
44 45 36 0.0 0.0 0.0 6.0 98.0 1.0 0.0
44 45 37 0.0 0.0 0.0 26.0 563.0 8.0 1.0
44 45 38 0.0 0.0 0.0 110.0 1581.0 31.0 6.0
44 45 39 0.0 0.0 0.0 136.0 2804.0 49.0 17.0
44 45 40 0.0 0.0 0.0 184.0 3481.0 41.0 29.0
44 45 41 0.0 0.0 0.0 236.0 2554.0 46.0 15.0
44 45 42 0.0 0.0 0.0 118.0 1800.0 33.0 7.0
44 45 43 0.0 0.0 0.0 26.0 590.0 10.0 0.0
44 45 44 0.0 0.0 0.0 7.0 124.0 3.0 0.0
44 45 45 0.0 0.0 0.0 4.0 3.0 0.0 0.0
44 46 37 0.0 0.0 0.0 0.0 4.0 0.0 0.0
44 46 38 0.0 0.0 0.0 0.0 18.0 1.0 0.0
44 46 39 0.0 0.0 0.0 2.0 19.0 0.0 0.0
44 46 40 0.0 0.0 0.0 6.0 26.0 0.0 0.0
44 46 41 0.0 0.0 0.0 4.0 22.0 1.0 0.0
44 46 42 0.0 0.0 0.0 0.0 19.0 1.0 0.0
44 46 43 0.0 0.0 0.0 1.0 3.0 0.0 0.0
44 46 44 0.0 0.0 0.0 0.0 1.0 0.0 0.0
45 34 38 0.0 0.0 0.0 0.0 1.0 0.0 0.0
45 34 40 0.0 0.0 0.0 0.0 7.0 0.0 0.0
45 34 41 0.0 0.0 0.0 0.0 4.0 0.0 0.0
45 34 42 0.0 0.0 0.0 0.0 1.0 0.0 0.0
45 34 43 0.0 0.0 0.0 1.0 0.0 0.0 0.0
45 35 36 0.0 0.0 0.0 0.0 7.0 0.0 0.0
45 35 37 0.0 0.0 0.0 2.0 57.0 0.0 0.0
45 35 38 0.0 0.0 0.0 30.0 211.0 0.0 0.0
45 35 39 0.0 0.0 0.0 42.0 398.0 5.0 0.0
45 35 40 0.0 0.0 0.0 48.0 588.0 16.0 2.0
45 35 41 0.0 0.0 0.0 16.0 525.0 10.0 1.0
45 35 42 0.0 0.0 0.0 13.0 299.0 4.0 0.0
45 35 43 0.0 0.0 0.0 5.0 94.0 1.0 0.0
45 35 44 0.0 0.0 0.0 1.0 24.0 1.0 0.0
45 35 45 0.0 0.0 0.0 0.0 2.0 0.0 0.0
45 36 35 0.0 0.0 0.0 0.0 12.0 0.0 0.0
45 36 36 0.0 0.0 0.0 17.0 181.0 4.0 0.0
45 36 37 0.0 0.0 0.0 65.0 724.0 16.0 1.0
45 36 38 0.0 0.0 0.0 178.0 2127.0 33.0 12.0
45 36 39 0.0 0.0 0.0 269.0 4037.0 63.0 46.0
45 36 40 0.0 0.0 0.0 388.0 4608.0 88.0 60.0
45 36 41 0.0 0.0 4.0 319.0 4457.0 73.0 62.0
45 36 42 0.0 0.0 0.0 202.0 2676.0 48.0 19.0
45 36 43 0.0 0.0 0.0 83.0 1107.0 19.0 6.0
45 36 44 0.0 0.0 0.0 10.0 232.0 4.0 0.0
45 36 45 0.0 0.0 0.0 2.0 18.0 0.0 0.0
45 37 34 0.0 0.0 0.0 0.0 1.0 0.0 0.0
45 37 35 0.0 0.0 0.0 3.0 60.0 0.0 0.0
45 37 36 0.0 0.0 0.0 60.0 787.0 16.0 4.0
45 37 37 0.0 0.0 0.0 323.0 3011.0 56.0 29.0
45 37 38 0.0 0.0 0.0 500.0 7640.0 127.0 184.0
45 37 39 0.0 0.0 0.0 893.0 12799.0 197.0 596.0
45 37 40 0.0 0.0 0.0 1144.0 15567.0 242.0 887.0
45 37 41 0.0 1.0 0.0 886.0 13457.0 242.0 560.0
45 37 42 0.0 0.0 0.0 624.0 8507.0 137.0 221.0
45 37 43 0.0 0.0 0.0 358.0 4464.0 77.0 54.0
45 37 44 0.0 0.0 0.0 49.0 1206.0 18.0 4.0
45 37 45 0.0 0.0 0.0 12.0 102.0 2.0 0.0
45 38 35 0.0 0.0 0.0 20.0 185.0 2.0 0.0
45 38 36 0.0 0.0 0.0 172.0 1988.0 31.0 10.0
45 38 37 0.0 0.0 0.0 551.0 7477.0 110.0 175.0
45 38 38 0.0 0.0 0.0 1101.0 16030.0 220.0 889.0
45 38 39 0.0 0.0 0.0 1774.0 23194.0 379.0 2410.0
45 38 40 0.0 0.0 2.0 1682.0 26680.0 385.0 3173.0
45 38 41 0.0 0.0 0.0 1556.0 23875.0 379.0 2603.0
45 38 42 0.0 1.0 0.0 1443.0 17615.0 291.0 1238.0
45 38 43 0.0 0.0 0.0 485.0 8922.0 174.0 248.0
45 38 44 0.0 0.0 0.0 127.0 2490.0 50.0 14.0
45 38 45 0.0 0.0 0.0 11.0 214.0 4.0 0.0
45 38 46 0.0 0.0 0.0 0.0 1.0 0.0 0.0
45 39 35 0.0 0.0 0.0 27.0 307.0 7.0 1.0
45 39 36 0.0 0.0 0.0 197.0 3216.0 53.0 20.0
45 39 37 0.0 0.0 0.0 698.0 11277.0 195.0 391.0
45 39 38 0.0 0.0 0.0 1542.0 22449.0 393.0 2070.0
45 39 39 0.0 0.0 0.0 2119.0 29855.0 501.0 4654.0
45 39 40 0.0 0.0 0.0 2125.0 33300.0 479.0 6032.0
45 39 41 0.0 0.0 0.0 2102.0 31738.0 415.0 5362.0
45 39 42 0.0 0.0 2.0 1665.0 24424.0 399.0 2728.0
45 39 43 0.0 0.0 0.0 809.0 13390.0 224.0 637.0
45 39 44 0.0 0.0 0.0 274.0 4131.0 72.0 48.0
45 39 45 0.0 0.0 0.0 54.0 472.0 13.0 0.0
45 39 46 0.0 0.0 0.0 0.0 2.0 0.0 0.0
45 40 35 0.0 0.0 0.0 11.0 401.0 10.0 0.0
45 40 36 0.0 0.0 0.0 297.0 3672.0 58.0 43.0
45 40 37 0.0 0.0 0.0 883.0 12357.0 195.0 488.0
45 40 38 0.0 0.0 0.0 1815.0 24119.0 384.0 2577.0
45 40 39 0.0 0.0 0.0 2339.0 32221.0 462.0 5744.0
45 40 40 0.0 1.0 0.0 2168.0 35437.0 497.0 7428.0
45 40 41 0.0 1.0 0.0 2239.0 33729.0 503.0 6263.0
45 40 42 0.0 0.0 1.0 1843.0 25986.0 411.0 3099.0
45 40 43 0.0 0.0 0.0 898.0 14207.0 253.0 679.0
45 40 44 0.0 0.0 0.0 340.0 4218.0 68.0 51.0
45 40 45 0.0 0.0 0.0 43.0 518.0 15.0 1.0
45 40 46 0.0 0.0 0.0 0.0 2.0 0.0 0.0
45 41 34 0.0 0.0 0.0 1.0 0.0 0.0 0.0
45 41 35 0.0 0.0 0.0 10.0 285.0 3.0 0.0
45 41 36 0.0 0.0 0.0 161.0 2977.0 60.0 26.0
45 41 37 0.0 0.0 0.0 720.0 10601.0 189.0 379.0
45 41 38 0.0 0.0 0.0 1244.0 21801.0 356.0 1848.0
45 41 39 0.0 0.0 0.0 1752.0 29607.0 428.0 4675.0
45 41 40 0.0 0.0 0.0 2052.0 32412.0 438.0 5488.0
45 41 41 0.0 3.0 0.0 1778.0 31187.0 431.0 4990.0
45 41 42 0.0 0.0 0.0 1324.0 23366.0 373.0 2253.0
45 41 43 0.0 0.0 0.0 751.0 11273.0 188.0 426.0
45 41 44 0.0 0.0 0.0 221.0 3057.0 57.0 29.0
45 41 45 0.0 0.0 0.0 32.0 355.0 13.0 0.0
45 41 46 0.0 0.0 0.0 0.0 6.0 0.0 0.0
45 42 34 0.0 0.0 0.0 0.0 2.0 0.0 0.0
45 42 35 0.0 0.0 0.0 3.0 158.0 5.0 0.0
45 42 36 0.0 0.0 0.0 79.0 1713.0 31.0 6.0
45 42 37 0.0 0.0 0.0 442.0 6903.0 105.0 132.0
45 42 38 0.0 0.0 0.0 784.0 14367.0 212.0 690.0
45 42 39 0.0 0.0 0.0 1094.0 21981.0 327.0 1862.0
45 42 40 0.0 0.0 0.0 1613.0 23428.0 335.0 2437.0
45 42 41 0.0 0.0 0.0 1696.0 23100.0 347.0 2209.0
45 42 42 0.0 0.0 0.0 1419.0 16230.0 259.0 937.0
45 42 43 0.0 0.0 0.0 422.0 7215.0 150.0 172.0
45 42 44 0.0 0.0 0.0 90.0 1896.0 28.0 14.0
45 42 45 0.0 0.0 0.0 20.0 142.0 5.0 0.0
45 43 35 0.0 0.0 0.0 4.0 60.0 1.0 0.0
45 43 36 0.0 0.0 0.0 30.0 563.0 9.0 1.0
45 43 37 0.0 0.0 0.0 143.0 2777.0 31.0 18.0
45 43 38 0.0 0.0 0.0 347.0 6824.0 104.0 126.0
45 43 39 0.0 0.0 0.0 597.0 10089.0 160.0 306.0
45 43 40 0.0 0.0 0.0 859.0 12431.0 187.0 524.0
45 43 41 0.0 0.0 0.0 667.0 11340.0 180.0 440.0
45 43 42 0.0 0.0 0.0 506.0 7071.0 119.0 138.0
45 43 43 0.0 0.0 0.0 175.0 2632.0 45.0 16.0
45 43 44 0.0 0.0 0.0 40.0 690.0 20.0 0.0
45 43 45 0.0 0.0 0.0 7.0 48.0 0.0 0.0
45 43 46 0.0 0.0 0.0 0.0 5.0 0.0 0.0
45 44 35 0.0 0.0 0.0 2.0 4.0 0.0 0.0
45 44 36 0.0 0.0 0.0 4.0 103.0 3.0 0.0
45 44 37 0.0 0.0 0.0 55.0 591.0 7.0 3.0
45 44 38 0.0 0.0 0.0 114.0 1619.0 26.0 10.0
45 44 39 0.0 0.0 0.0 131.0 2975.0 57.0 22.0
45 44 40 0.0 0.0 0.0 270.0 3747.0 76.0 36.0
45 44 41 0.0 0.0 0.0 259.0 3064.0 58.0 27.0
45 44 42 0.0 0.0 0.0 125.0 1853.0 27.0 10.0
45 44 43 0.0 0.0 0.0 77.0 613.0 17.0 2.0
45 44 44 0.0 0.0 0.0 7.0 109.0 1.0 0.0
45 44 45 0.0 0.0 0.0 0.0 14.0 0.0 0.0
45 45 36 0.0 0.0 0.0 0.0 11.0 1.0 0.0
45 45 37 0.0 0.0 0.0 0.0 71.0 0.0 0.0
45 45 38 0.0 0.0 0.0 5.0 162.0 2.0 0.0
45 45 39 0.0 0.0 0.0 16.0 307.0 3.0 0.0
45 45 40 0.0 0.0 0.0 18.0 363.0 4.0 0.0
45 45 41 0.0 0.0 0.0 19.0 297.0 6.0 0.0
45 45 42 0.0 0.0 0.0 19.0 134.0 2.0 0.0
45 45 43 0.0 0.0 0.0 0.0 38.0 0.0 0.0
45 45 44 0.0 0.0 0.0 0.0 3.0 0.0 0.0
45 46 40 0.0 0.0 0.0 1.0 2.0 0.0 0.0
45 46 41 0.0 0.0 0.0 0.0 2.0 0.0 0.0
46 35 40 0.0 0.0 0.0 0.0 1.0 0.0 0.0
46 35 41 0.0 0.0 0.0 1.0 6.0 0.0 0.0
46 35 42 0.0 0.0 0.0 0.0 6.0 0.0 0.0
46 36 36 0.0 0.0 0.0 0.0 1.0 0.0 0.0
46 36 37 0.0 0.0 0.0 0.0 7.0 0.0 0.0
46 36 38 0.0 0.0 0.0 2.0 16.0 1.0 0.0
46 36 39 0.0 0.0 0.0 8.0 55.0 1.0 0.0
46 36 40 0.0 0.0 0.0 0.0 61.0 2.0 0.0
46 36 41 0.0 0.0 0.0 4.0 45.0 5.0 0.0
46 36 42 0.0 0.0 0.0 2.0 13.0 0.0 0.0
46 36 43 0.0 0.0 0.0 4.0 6.0 0.0 0.0
46 37 36 0.0 0.0 0.0 0.0 4.0 0.0 0.0
46 37 37 0.0 0.0 0.0 2.0 24.0 0.0 0.0
46 37 38 0.0 0.0 0.0 14.0 146.0 5.0 0.0
46 37 39 0.0 0.0 0.0 13.0 283.0 6.0 0.0
46 37 40 0.0 0.0 0.0 33.0 329.0 8.0 0.0
46 37 41 0.0 0.0 0.0 10.0 222.0 4.0 0.0
46 37 42 0.0 0.0 0.0 7.0 184.0 1.0 0.0
46 37 43 0.0 0.0 0.0 5.0 64.0 2.0 0.0
46 37 44 0.0 0.0 0.0 1.0 8.0 0.0 0.0
46 38 35 0.0 0.0 0.0 0.0 1.0 0.0 0.0
46 38 36 0.0 0.0 0.0 2.0 15.0 0.0 0.0
46 38 37 0.0 0.0 0.0 2.0 107.0 0.0 0.0
46 38 38 0.0 0.0 0.0 13.0 276.0 2.0 0.0
46 38 39 0.0 0.0 0.0 42.0 576.0 7.0 0.0
46 38 40 0.0 0.0 0.0 45.0 784.0 15.0 3.0
46 38 41 0.0 0.0 0.0 55.0 759.0 22.0 2.0
46 38 42 0.0 0.0 0.0 41.0 345.0 6.0 0.0
46 38 43 0.0 0.0 0.0 6.0 144.0 1.0 0.0
46 38 44 0.0 0.0 0.0 0.0 20.0 0.0 0.0
46 39 36 0.0 0.0 0.0 0.0 21.0 0.0 0.0
46 39 37 0.0 0.0 0.0 16.0 194.0 2.0 1.0
46 39 38 0.0 0.0 0.0 50.0 629.0 11.0 1.0
46 39 39 0.0 0.0 0.0 95.0 1011.0 15.0 1.0
46 39 40 0.0 0.0 0.0 77.0 1425.0 15.0 2.0
46 39 41 0.0 0.0 0.0 95.0 1294.0 26.0 5.0
46 39 42 0.0 0.0 0.0 46.0 722.0 13.0 0.0
46 39 43 0.0 0.0 0.0 28.0 238.0 5.0 0.0
46 39 44 0.0 0.0 0.0 6.0 35.0 1.0 0.0
46 39 45 0.0 0.0 0.0 0.0 3.0 1.0 0.0
46 40 35 0.0 0.0 0.0 0.0 5.0 0.0 0.0
46 40 36 0.0 0.0 0.0 1.0 36.0 1.0 0.0
46 40 37 0.0 0.0 0.0 10.0 238.0 6.0 0.0
46 40 38 0.0 0.0 0.0 51.0 654.0 9.0 1.0
46 40 39 0.0 0.0 0.0 83.0 1233.0 19.0 2.0
46 40 40 0.0 0.0 0.0 94.0 1641.0 26.0 9.0
46 40 41 0.0 0.0 0.0 74.0 1441.0 32.0 5.0
46 40 42 0.0 0.0 0.0 60.0 874.0 11.0 2.0
46 40 43 0.0 0.0 0.0 12.0 244.0 5.0 0.0
46 40 44 0.0 0.0 0.0 1.0 43.0 1.0 0.0
46 40 45 0.0 0.0 0.0 0.0 1.0 0.0 0.0
46 41 35 0.0 0.0 0.0 0.0 1.0 0.0 0.0
46 41 36 0.0 0.0 0.0 0.0 25.0 0.0 0.0
46 41 37 0.0 0.0 0.0 10.0 206.0 3.0 0.0
46 41 38 0.0 0.0 0.0 35.0 556.0 9.0 2.0
46 41 39 0.0 0.0 0.0 80.0 1041.0 18.0 4.0
46 41 40 0.0 0.0 0.0 63.0 1305.0 25.0 6.0
46 41 41 0.0 0.0 0.0 62.0 1156.0 19.0 2.0
46 41 42 0.0 0.0 0.0 38.0 691.0 13.0 1.0
46 41 43 0.0 0.0 0.0 9.0 213.0 8.0 0.0
46 41 44 0.0 0.0 0.0 1.0 38.0 0.0 0.0
46 41 45 0.0 0.0 0.0 0.0 3.0 0.0 0.0
46 42 36 0.0 0.0 0.0 1.0 10.0 0.0 0.0
46 42 37 0.0 0.0 0.0 5.0 67.0 1.0 0.0
46 42 38 0.0 0.0 0.0 6.0 284.0 7.0 0.0
46 42 39 0.0 0.0 0.0 30.0 538.0 6.0 2.0
46 42 40 0.0 0.0 0.0 56.0 667.0 15.0 1.0
46 42 41 0.0 0.0 0.0 53.0 597.0 10.0 1.0
46 42 42 0.0 0.0 0.0 19.0 310.0 7.0 0.0
46 42 43 0.0 0.0 0.0 13.0 119.0 1.0 0.0
46 42 44 0.0 0.0 0.0 0.0 11.0 1.0 0.0
46 42 45 0.0 0.0 0.0 0.0 2.0 0.0 0.0
46 43 36 0.0 0.0 0.0 0.0 11.0 0.0 0.0
46 43 37 0.0 0.0 0.0 2.0 22.0 0.0 0.0
46 43 38 0.0 0.0 0.0 10.0 108.0 4.0 0.0
46 43 39 0.0 0.0 0.0 4.0 156.0 0.0 0.0
46 43 40 0.0 0.0 0.0 18.0 232.0 5.0 1.0
46 43 41 0.0 0.0 0.0 18.0 185.0 6.0 0.0
46 43 42 0.0 0.0 0.0 3.0 105.0 1.0 0.0
46 43 43 0.0 0.0 0.0 3.0 30.0 0.0 0.0
46 43 44 0.0 0.0 0.0 0.0 19.0 0.0 0.0
46 43 45 0.0 0.0 0.0 0.0 1.0 0.0 0.0
46 44 37 0.0 0.0 0.0 0.0 4.0 0.0 0.0
46 44 38 0.0 0.0 0.0 2.0 14.0 0.0 0.0
46 44 39 0.0 0.0 0.0 2.0 29.0 0.0 0.0
46 44 40 0.0 0.0 0.0 7.0 28.0 2.0 0.0
46 44 41 0.0 0.0 0.0 3.0 37.0 3.0 0.0
46 44 42 0.0 0.0 0.0 1.0 9.0 0.0 0.0
46 44 43 0.0 0.0 0.0 0.0 2.0 0.0 0.0
46 45 38 0.0 0.0 0.0 0.0 1.0 0.0 0.0
46 45 40 0.0 0.0 0.0 0.0 2.0 0.0 0.0
46 45 41 0.0 0.0 0.0 0.0 2.0 0.0 0.0
47 39 40 0.0 0.0 0.0 0.0 3.0 0.0 0.0
47 40 38 0.0 0.0 0.0 0.0 1.0 0.0 0.0
47 40 39 0.0 0.0 0.0 0.0 1.0 0.0 0.0
47 40 40 0.0 0.0 0.0 0.0 1.0 0.0 0.0
47 41 41 0.0 0.0 0.0 1.0 0.0 0.0 0.0
