35 41 39 0.0 0.0 0.0 0.0 3.0 0.0 0.0
36 36 38 0.0 0.0 0.0 0.0 1.0 0.0 0.0
36 36 39 0.0 0.0 0.0 0.0 2.0 0.0 0.0
36 36 40 0.0 0.0 0.0 0.0 1.0 0.0 0.0
36 37 37 0.0 0.0 0.0 0.0 1.0 0.0 0.0
36 37 38 0.0 0.0 0.0 0.0 2.0 0.0 0.0
36 37 39 0.0 0.0 0.0 0.0 17.0 1.0 0.0
36 37 40 0.0 0.0 0.0 5.0 19.0 0.0 0.0
36 37 41 0.0 0.0 0.0 2.0 10.0 0.0 0.0
36 37 42 0.0 0.0 0.0 0.0 3.0 0.0 0.0
36 38 37 0.0 0.0 0.0 3.0 9.0 0.0 0.0
36 38 38 0.0 0.0 0.0 4.0 42.0 1.0 0.0
36 38 39 0.0 0.0 0.0 5.0 62.0 1.0 0.0
36 38 40 0.0 0.0 0.0 12.0 138.0 2.0 0.0
36 38 41 0.0 0.0 0.0 3.0 70.0 1.0 0.0
36 38 42 0.0 0.0 0.0 2.0 22.0 1.0 0.0
36 38 43 0.0 0.0 0.0 4.0 5.0 1.0 0.0
36 39 37 0.0 0.0 0.0 0.0 14.0 0.0 0.0
36 39 38 0.0 0.0 0.0 18.0 83.0 0.0 0.0
36 39 39 0.0 0.0 0.0 22.0 225.0 5.0 0.0
36 39 40 0.0 0.0 0.0 19.0 200.0 6.0 0.0
36 39 41 0.0 0.0 0.0 16.0 209.0 5.0 0.0
36 39 42 0.0 0.0 0.0 6.0 96.0 2.0 0.0
36 39 43 0.0 0.0 0.0 1.0 22.0 0.0 0.0
36 40 36 0.0 0.0 0.0 0.0 1.0 0.0 0.0
36 40 37 0.0 0.0 0.0 4.0 19.0 0.0 0.0
36 40 38 0.0 0.0 0.0 5.0 116.0 0.0 0.0
36 40 39 0.0 0.0 0.0 24.0 221.0 7.0 0.0
36 40 40 0.0 0.0 0.0 26.0 267.0 9.0 0.0
36 40 41 0.0 0.0 0.0 25.0 218.0 0.0 0.0
36 40 42 0.0 0.0 0.0 22.0 94.0 1.0 0.0
36 40 43 0.0 0.0 0.0 5.0 7.0 1.0 0.0
36 40 44 0.0 0.0 0.0 0.0 4.0 0.0 0.0
36 41 37 0.0 0.0 0.0 2.0 16.0 1.0 0.0
36 41 38 0.0 0.0 0.0 3.0 85.0 4.0 0.0
36 41 39 0.0 0.0 0.0 14.0 185.0 4.0 0.0
36 41 40 0.0 0.0 0.0 29.0 222.0 3.0 0.0
36 41 41 0.0 0.0 0.0 18.0 147.0 3.0 0.0
36 41 42 0.0 0.0 0.0 8.0 58.0 0.0 0.0
36 41 43 0.0 0.0 0.0 0.0 12.0 0.0 0.0
36 42 36 0.0 0.0 0.0 0.0 1.0 0.0 0.0
36 42 37 0.0 0.0 0.0 3.0 14.0 0.0 0.0
36 42 38 0.0 0.0 0.0 7.0 26.0 0.0 0.0
36 42 39 0.0 0.0 0.0 5.0 61.0 1.0 0.0
36 42 40 0.0 0.0 0.0 10.0 67.0 1.0 0.0
36 42 41 0.0 0.0 0.0 8.0 66.0 2.0 0.0
36 42 42 0.0 0.0 0.0 0.0 20.0 1.0 0.0
36 42 43 0.0 0.0 0.0 0.0 12.0 0.0 0.0
36 43 37 0.0 0.0 0.0 0.0 1.0 0.0 0.0
36 43 38 0.0 0.0 0.0 0.0 5.0 0.0 0.0
36 43 39 0.0 0.0 0.0 4.0 8.0 0.0 0.0
36 43 40 0.0 0.0 0.0 0.0 9.0 0.0 0.0
36 43 41 0.0 0.0 0.0 0.0 35.0 1.0 0.0
36 43 42 0.0 0.0 0.0 0.0 1.0 0.0 0.0
36 43 43 0.0 0.0 0.0 0.0 1.0 0.0 0.0
36 44 39 0.0 0.0 0.0 0.0 2.0 0.0 0.0
36 44 40 0.0 0.0 0.0 0.0 1.0 0.0 0.0
36 44 42 0.0 0.0 0.0 0.0 2.0 0.0 0.0
37 36 38 0.0 0.0 0.0 1.0 0.0 0.0 0.0
37 36 39 0.0 0.0 0.0 0.0 11.0 0.0 0.0
37 36 40 0.0 0.0 0.0 0.0 19.0 0.0 0.0
37 36 41 0.0 0.0 0.0 1.0 13.0 2.0 0.0
37 36 42 0.0 0.0 0.0 1.0 3.0 0.0 0.0
37 37 37 0.0 0.0 0.0 12.0 157.0 3.0 1.0
37 37 38 0.0 0.0 0.0 62.0 715.0 5.0 1.0
37 37 39 0.0 0.0 0.0 103.0 1497.0 25.0 10.0
37 37 40 0.0 0.0 1.0 159.0 2019.0 36.0 11.0
37 37 41 0.0 0.0 0.0 157.0 1695.0 40.0 4.0
37 37 42 0.0 0.0 0.0 93.0 758.0 9.0 1.0
37 37 43 0.0 0.0 0.0 14.0 123.0 0.0 0.0
37 37 44 0.0 0.0 0.0 1.0 0.0 0.0 0.0
37 38 36 0.0 0.0 0.0 2.0 2.0 0.0 0.0
37 38 37 0.0 0.0 0.0 94.0 796.0 10.0 3.0
37 38 38 0.0 0.0 2.0 515.0 3780.0 78.0 41.0
37 38 39 0.0 0.0 0.0 775.0 7223.0 122.0 176.0
37 38 40 0.0 3.0 0.0 1073.0 9310.0 159.0 301.0
37 38 41 0.0 0.0 0.0 855.0 7012.0 117.0 165.0
37 38 42 0.0 0.0 1.0 397.0 3063.0 48.0 24.0
37 38 43 0.0 0.0 0.0 61.0 667.0 10.0 1.0
37 38 44 0.0 0.0 0.0 0.0 4.0 0.0 0.0
37 39 36 0.0 0.0 0.0 0.0 29.0 0.0 0.0
37 39 37 0.0 0.0 0.0 198.0 2134.0 26.0 10.0
37 39 38 0.0 0.0 10.0 729.0 8323.0 135.0 231.0
37 39 39 0.0 0.0 8.0 1658.0 15059.0 256.0 892.0
37 39 40 0.0 1.0 0.0 1956.0 17501.0 292.0 1288.0
37 39 41 0.0 1.0 3.0 1692.0 14051.0 247.0 752.0
37 39 42 0.0 0.0 2.0 921.0 6889.0 131.0 191.0
37 39 43 0.0 0.0 0.0 133.0 1485.0 22.0 3.0
37 39 44 0.0 0.0 0.0 0.0 11.0 0.0 0.0
37 40 36 0.0 0.0 0.0 4.0 30.0 3.0 0.0
37 40 37 0.0 0.0 0.0 243.0 2380.0 29.0 15.0
37 40 38 0.0 1.0 4.0 1023.0 10444.0 189.0 398.0
37 40 39 0.0 0.0 2.0 1703.0 18143.0 285.0 1337.0
37 40 40 0.0 0.0 2.0 2008.0 21784.0 365.0 2039.0
37 40 41 0.0 1.0 1.0 1880.0 17177.0 251.0 1176.0
37 40 42 0.0 0.0 0.0 967.0 8538.0 149.0 269.0
37 40 43 0.0 0.0 0.0 152.0 2144.0 38.0 13.0
37 40 44 0.0 0.0 0.0 1.0 22.0 0.0 0.0
37 41 36 0.0 0.0 0.0 1.0 24.0 0.0 0.0
37 41 37 0.0 1.0 0.0 157.0 2266.0 33.0 15.0
37 41 38 0.0 3.0 0.0 667.0 7826.0 129.0 198.0
37 41 39 0.0 0.0 1.0 1486.0 15415.0 222.0 931.0
37 41 40 0.0 6.0 10.0 1915.0 17521.0 275.0 1209.0
37 41 41 0.0 0.0 5.0 1236.0 13788.0 234.0 655.0
37 41 42 0.0 0.0 1.0 693.0 7568.0 124.0 212.0
37 41 43 0.0 0.0 0.0 159.0 1438.0 26.0 6.0
37 41 44 0.0 0.0 0.0 0.0 19.0 1.0 0.0
37 42 36 0.0 0.0 0.0 0.0 9.0 0.0 0.0
37 42 37 0.0 0.0 0.0 94.0 814.0 12.0 2.0
37 42 38 0.0 2.0 1.0 368.0 3428.0 55.0 24.0
37 42 39 0.0 0.0 0.0 750.0 7589.0 137.0 190.0
37 42 40 0.0 1.0 4.0 813.0 8933.0 174.0 258.0
37 42 41 0.0 0.0 3.0 529.0 7571.0 143.0 164.0
37 42 42 0.0 0.0 0.0 269.0 3278.0 58.0 25.0
37 42 43 0.0 0.0 0.0 112.0 760.0 11.0 2.0
37 42 44 0.0 0.0 0.0 0.0 8.0 0.0 0.0
37 43 36 0.0 0.0 0.0 0.0 5.0 0.0 0.0
37 43 37 0.0 0.0 0.0 26.0 176.0 3.0 0.0
37 43 38 0.0 0.0 1.0 53.0 576.0 6.0 0.0
37 43 39 0.0 0.0 0.0 208.0 1768.0 30.0 10.0
37 43 40 0.0 0.0 1.0 171.0 1996.0 46.0 6.0
37 43 41 0.0 0.0 0.0 154.0 1492.0 28.0 3.0
37 43 42 0.0 1.0 0.0 52.0 766.0 12.0 2.0
37 43 43 0.0 0.0 0.0 11.0 139.0 1.0 1.0
37 44 38 0.0 0.0 0.0 0.0 7.0 0.0 0.0
37 44 39 0.0 0.0 0.0 0.0 16.0 1.0 0.0
37 44 40 0.0 0.0 0.0 0.0 13.0 0.0 0.0
37 44 41 0.0 0.0 0.0 0.0 17.0 0.0 0.0
37 44 42 0.0 0.0 0.0 0.0 11.0 0.0 0.0
37 44 43 0.0 0.0 0.0 0.0 2.0 0.0 0.0
38 36 36 0.0 0.0 0.0 0.0 2.0 0.0 0.0
38 36 37 0.0 0.0 0.0 0.0 6.0 0.0 0.0
38 36 38 0.0 0.0 0.0 2.0 18.0 0.0 0.0
38 36 39 0.0 0.0 0.0 2.0 61.0 0.0 0.0
38 36 40 0.0 0.0 0.0 5.0 114.0 0.0 0.0
38 36 41 0.0 0.0 0.0 4.0 78.0 1.0 0.0
38 36 42 0.0 0.0 0.0 1.0 32.0 2.0 0.0
38 36 43 0.0 0.0 0.0 0.0 5.0 0.0 0.0
38 37 36 0.0 0.0 0.0 0.0 3.0 0.0 0.0
38 37 37 0.0 0.0 0.0 78.0 760.0 15.0 2.0
38 37 38 0.0 0.0 0.0 306.0 3441.0 60.0 48.0
38 37 39 0.0 0.0 2.0 744.0 6849.0 116.0 160.0
38 37 40 0.0 0.0 1.0 857.0 8800.0 140.0 259.0
38 37 41 0.0 0.0 0.0 479.0 7603.0 149.0 173.0
38 37 42 0.0 0.0 0.0 285.0 3910.0 68.0 54.0
38 37 43 0.0 0.0 0.0 104.0 858.0 16.0 1.0
38 37 44 0.0 0.0 0.0 0.0 1.0 0.0 0.0
38 38 36 0.0 0.0 0.0 4.0 31.0 0.0 0.0
38 38 37 0.0 0.0 0.0 478.0 3644.0 73.0 53.0
38 38 38 0.0 0.0 0.0 2224.0 29802.0 400.0 5794.0
38 38 39 0.0 1.0 10.0 3291.0 39192.0 539.0 14569.0
38 38 40 0.0 4.0 8.0 3738.0 41359.0 511.0 21406.0
38 38 41 0.0 5.0 8.0 4269.0 38265.0 492.0 14896.0
38 38 42 0.0 1.0 1.0 1967.0 26765.0 391.0 4069.0
38 38 43 0.0 0.0 0.0 358.0 3683.0 66.0 40.0
38 38 44 0.0 0.0 0.0 3.0 24.0 1.0 0.0
38 39 36 0.0 0.0 0.0 9.0 90.0 2.0 0.0
38 39 37 0.0 6.0 0.0 979.0 7755.0 157.0 207.0
38 39 38 0.0 7.0 8.0 5243.0 38460.0 512.0 18535.0
38 39 39 0.0 1.0 7.0 4721.0 39532.0 416.0 37689.0
38 39 40 0.0 6.0 5.0 4633.0 37892.0 405.0 44787.0
38 39 41 0.0 0.0 5.0 4144.0 40505.0 442.0 36066.0
38 39 42 0.0 0.0 14.0 3891.0 38076.0 516.0 13983.0
38 39 43 0.0 0.0 0.0 682.0 7397.0 121.0 175.0
38 39 44 0.0 0.0 0.0 7.0 81.0 1.0 0.0
38 40 36 0.0 0.0 0.0 15.0 132.0 0.0 1.0
38 40 37 0.0 0.0 5.0 1113.0 10495.0 173.0 381.0
38 40 38 0.0 1.0 24.0 3240.0 41550.0 519.0 25817.0
38 40 39 0.0 3.0 12.0 4086.0 38395.0 409.0 46589.0
38 40 40 0.0 4.0 5.0 3605.0 35781.0 366.0 54451.0
38 40 41 0.0 3.0 7.0 4095.0 38003.0 431.0 44912.0
38 40 42 0.0 5.0 12.0 3607.0 40703.0 480.0 20604.0
38 40 43 0.0 0.0 2.0 733.0 9990.0 174.0 318.0
38 40 44 0.0 2.0 0.0 10.0 104.0 0.0 0.0
38 41 36 0.0 0.0 0.0 2.0 96.0 2.0 0.0
38 41 37 0.0 0.0 1.0 808.0 8341.0 152.0 217.0
38 41 38 0.0 6.0 6.0 3339.0 39900.0 534.0 17157.0
38 41 39 0.0 0.0 6.0 3535.0 40831.0 472.0 37793.0
38 41 40 0.0 1.0 8.0 3805.0 38488.0 408.0 44328.0
38 41 41 0.0 9.0 9.0 3868.0 41321.0 474.0 34424.0
38 41 42 0.0 1.0 5.0 3168.0 39345.0 556.0 15378.0
38 41 43 0.0 1.0 0.0 823.0 6524.0 119.0 137.0
38 41 44 0.0 0.0 0.0 13.0 83.0 3.0 0.0
38 42 36 0.0 0.0 0.0 0.0 35.0 1.0 0.0
38 42 37 0.0 0.0 0.0 320.0 3640.0 69.0 40.0
38 42 38 0.0 1.0 1.0 2629.0 29355.0 417.0 5562.0
38 42 39 0.0 16.0 11.0 3478.0 39331.0 538.0 15319.0
38 42 40 0.0 2.0 6.0 4062.0 40655.0 493.0 21328.0
38 42 41 0.0 2.0 4.0 3864.0 39059.0 527.0 15498.0
38 42 42 0.0 2.0 0.0 2276.0 26984.0 417.0 4254.0
38 42 43 0.0 0.0 0.0 300.0 3443.0 43.0 28.0
38 42 44 0.0 0.0 0.0 4.0 43.0 1.0 0.0
38 43 36 0.0 0.0 0.0 0.0 4.0 0.0 0.0
38 43 37 0.0 0.0 0.0 88.0 829.0 14.0 4.0
38 43 38 0.0 0.0 0.0 271.0 3716.0 63.0 44.0
38 43 39 0.0 2.0 1.0 714.0 7136.0 121.0 159.0
38 43 40 0.0 0.0 2.0 933.0 8909.0 143.0 296.0
38 43 41 0.0 0.0 0.0 702.0 7532.0 113.0 209.0
38 43 42 0.0 0.0 0.0 314.0 3662.0 68.0 39.0
38 43 43 0.0 0.0 0.0 79.0 690.0 15.0 0.0
38 43 44 0.0 0.0 0.0 0.0 6.0 0.0 0.0
38 44 37 0.0 0.0 0.0 0.0 2.0 0.0 0.0
38 44 38 0.0 0.0 0.0 11.0 35.0 2.0 0.0
38 44 39 0.0 0.0 0.0 3.0 77.0 2.0 0.0
38 44 40 0.0 0.0 0.0 6.0 95.0 2.0 0.0
38 44 41 0.0 0.0 0.0 3.0 60.0 1.0 0.0
38 44 42 0.0 0.0 0.0 1.0 35.0 2.0 0.0
38 44 43 0.0 0.0 0.0 4.0 5.0 0.0 0.0
38 44 44 0.0 0.0 0.0 0.0 1.0 0.0 0.0
39 36 37 0.0 0.0 0.0 2.0 9.0 2.0 0.0
39 36 38 0.0 0.0 0.0 13.0 72.0 0.0 0.0
39 36 39 0.0 0.0 0.0 21.0 189.0 1.0 0.0
39 36 40 0.0 0.0 0.0 28.0 245.0 3.0 0.0
39 36 41 0.0 0.0 0.0 32.0 205.0 4.0 0.0
39 36 42 0.0 0.0 0.0 5.0 63.0 0.0 0.0
39 36 43 0.0 0.0 0.0 6.0 20.0 0.0 0.0
39 37 36 0.0 0.0 0.0 5.0 20.0 0.0 0.0
39 37 37 0.0 0.0 0.0 184.0 1732.0 33.0 4.0
39 37 38 0.0 0.0 0.0 677.0 7176.0 113.0 154.0
39 37 39 0.0 0.0 1.0 1518.0 14938.0 240.0 828.0
39 37 40 0.0 0.0 7.0 1889.0 18356.0 308.0 1419.0
39 37 41 0.0 0.0 1.0 1624.0 14529.0 236.0 861.0
39 37 42 0.0 4.0 1.0 1030.0 7635.0 152.0 186.0
39 37 43 0.0 0.0 0.0 208.0 2344.0 38.0 12.0
39 37 44 0.0 0.0 0.0 1.0 22.0 1.0 0.0
39 38 36 0.0 0.0 0.0 7.0 57.0 1.0 0.0
39 38 37 0.0 0.0 1.0 730.0 8059.0 127.0 219.0
39 38 38 0.0 0.0 1.0 5138.0 37211.0 498.0 15364.0
39 38 39 0.0 0.0 2.0 3793.0 40851.0 443.0 36668.0
39 38 40 0.0 5.0 3.0 4154.0 38780.0 423.0 43191.0
39 38 41 0.0 3.0 13.0 4083.0 40805.0 421.0 35780.0
39 38 42 0.0 4.0 2.0 4506.0 38290.0 504.0 16786.0
39 38 43 0.0 0.0 0.0 781.0 7417.0 122.0 168.0
39 38 44 0.0 0.0 0.0 6.0 154.0 3.0 0.0
39 39 36 0.0 0.0 0.0 37.0 204.0 4.0 0.0
39 39 37 0.0 0.0 12.0 1721.0 14710.0 231.0 855.0
39 39 38 0.0 0.0 4.0 4374.0 40623.0 479.0 36591.0
39 39 39 0.0 2.0 10.0 1849.0 18601.0 145.0 93349.0
39 39 40 0.0 3.0 8.0 1742.0 16868.0 133.0 99456.0
39 39 41 0.0 3.0 5.0 2167.0 18560.0 141.0 92655.0
39 39 42 0.0 6.0 7.0 3975.0 40345.0 439.0 37138.0
39 39 43 0.0 0.0 1.0 1233.0 14740.0 215.0 779.0
39 39 44 0.0 0.0 0.0 26.0 179.0 7.0 0.0
39 40 36 0.0 0.0 0.0 36.0 209.0 3.0 0.0
39 40 37 0.0 3.0 6.0 1796.0 19349.0 315.0 1560.0
39 40 38 0.0 2.0 8.0 3790.0 38594.0 364.0 45809.0
39 40 39 0.0 1.0 7.0 1561.0 15508.0 107.0 102894.0
39 40 40 0.0 7.0 8.0 1627.0 14126.0 98.0 107972.0
39 40 41 0.0 4.0 3.0 1708.0 16352.0 130.0 100723.0
39 40 42 0.0 3.0 14.0 3828.0 38227.0 391.0 45467.0
39 40 43 0.0 15.0 3.0 1686.0 18585.0 314.0 1355.0
39 40 44 0.0 0.0 0.0 14.0 286.0 4.0 0.0
39 41 36 0.0 0.0 0.0 20.0 192.0 3.0 0.0
39 41 37 0.0 0.0 2.0 1407.0 15725.0 268.0 984.0
39 41 38 0.0 1.0 6.0 3710.0 40572.0 474.0 37792.0
39 41 39 0.0 1.0 3.0 1699.0 17908.0 145.0 95547.0
39 41 40 0.0 6.0 6.0 1646.0 17069.0 127.0 98907.0
39 41 41 0.0 10.0 14.0 1961.0 18877.0 162.0 92756.0
39 41 42 0.0 2.0 7.0 4707.0 40028.0 461.0 35561.0
39 41 43 0.0 12.0 3.0 1488.0 14217.0 209.0 780.0
39 41 44 0.0 0.0 0.0 27.0 185.0 3.0 0.0
39 42 36 0.0 0.0 0.0 15.0 71.0 0.0 0.0
39 42 37 0.0 0.0 0.0 640.0 7647.0 147.0 201.0
39 42 38 0.0 0.0 9.0 3942.0 39061.0 496.0 16680.0
39 42 39 0.0 4.0 9.0 4382.0 40543.0 455.0 36587.0
39 42 40 0.0 2.0 6.0 4431.0 38106.0 435.0 44922.0
39 42 41 0.0 5.0 13.0 4315.0 40476.0 474.0 36272.0
39 42 42 0.0 9.0 18.0 4642.0 38004.0 546.0 15188.0
39 42 43 0.0 0.0 0.0 752.0 7324.0 136.0 173.0
39 42 44 0.0 0.0 0.0 21.0 75.0 2.0 0.0
39 43 36 0.0 0.0 0.0 1.0 14.0 1.0 0.0
39 43 37 0.0 0.0 0.0 212.0 1478.0 29.0 10.0
39 43 38 0.0 1.0 2.0 689.0 7425.0 136.0 204.0
39 43 39 0.0 4.0 9.0 1325.0 15106.0 243.0 846.0
39 43 40 0.0 0.0 3.0 1640.0 17891.0 293.0 1333.0
39 43 41 0.0 3.0 0.0 1385.0 14371.0 217.0 772.0
39 43 42 0.0 0.0 0.0 788.0 7723.0 123.0 185.0
39 43 43 0.0 0.0 0.0 172.0 1827.0 26.0 10.0
39 43 44 0.0 0.0 0.0 0.0 5.0 0.0 0.0
39 44 37 0.0 0.0 0.0 1.0 15.0 0.0 0.0
39 44 38 0.0 0.0 0.0 4.0 101.0 3.0 0.0
39 44 39 0.0 0.0 0.0 9.0 209.0 3.0 0.0
39 44 40 0.0 0.0 0.0 30.0 275.0 7.0 0.0
39 44 41 0.0 0.0 0.0 11.0 142.0 1.0 0.0
39 44 42 0.0 0.0 0.0 5.0 104.0 0.0 0.0
39 44 43 0.0 0.0 0.0 1.0 17.0 1.0 0.0
39 45 41 0.0 0.0 0.0 0.0 1.0 0.0 0.0
40 36 36 0.0 0.0 0.0 0.0 2.0 1.0 0.0
40 36 37 0.0 0.0 0.0 0.0 13.0 0.0 0.0
40 36 38 0.0 0.0 0.0 5.0 93.0 0.0 0.0
40 36 39 0.0 0.0 0.0 27.0 235.0 3.0 0.0
40 36 40 0.0 0.0 0.0 24.0 353.0 8.0 0.0
40 36 41 0.0 0.0 0.0 41.0 279.0 11.0 0.0
40 36 42 0.0 0.0 1.0 12.0 145.0 2.0 0.0
40 36 43 0.0 0.0 0.0 1.0 39.0 1.0 0.0
40 37 36 0.0 0.0 0.0 1.0 23.0 1.0 0.0
40 37 37 0.0 0.0 0.0 183.0 2236.0 35.0 8.0
40 37 38 0.0 0.0 0.0 888.0 9848.0 179.0 339.0
40 37 39 0.0 5.0 8.0 1947.0 18439.0 331.0 1340.0
40 37 40 0.0 0.0 1.0 2207.0 22003.0 316.0 2341.0
40 37 41 0.0 5.0 2.0 2025.0 18891.0 295.0 1521.0
40 37 42 0.0 0.0 2.0 1150.0 10545.0 208.0 419.0
40 37 43 0.0 1.0 2.0 354.0 2904.0 53.0 35.0
40 37 44 0.0 0.0 0.0 0.0 21.0 0.0 0.0
40 38 35 0.0 0.0 0.0 0.0 1.0 0.0 0.0
40 38 36 0.0 0.0 0.0 7.0 135.0 3.0 0.0
40 38 37 0.0 0.0 6.0 994.0 8505.0 159.0 261.0
40 38 38 0.0 0.0 5.0 4217.0 40168.0 460.0 21490.0
40 38 39 0.0 0.0 20.0 3702.0 38800.0 357.0 45729.0
40 38 40 0.0 12.0 6.0 3782.0 35138.0 352.0 55858.0
40 38 41 0.0 7.0 3.0 3681.0 38069.0 344.0 46853.0
40 38 42 0.0 2.0 7.0 3610.0 41404.0 491.0 25359.0
40 38 43 0.0 0.0 1.0 910.0 10789.0 165.0 356.0
40 38 44 0.0 0.0 0.0 14.0 125.0 0.0 0.0
40 39 36 0.0 0.0 0.0 17.0 244.0 3.0 0.0
40 39 37 0.0 0.0 0.0 1703.0 17979.0 290.0 1300.0
40 39 38 0.0 2.0 5.0 4127.0 38244.0 404.0 46460.0
40 39 39 0.0 2.0 8.0 1807.0 17102.0 134.0 98947.0
40 39 40 0.0 0.0 9.0 1481.0 14186.0 100.0 107794.0
40 39 41 0.0 4.0 7.0 1750.0 15691.0 106.0 102203.0
40 39 42 0.0 17.0 13.0 3834.0 37693.0 428.0 47966.0
40 39 43 0.0 7.0 6.0 1928.0 20088.0 320.0 1669.0
40 39 44 0.0 0.0 0.0 29.0 343.0 8.0 0.0
40 40 36 0.0 0.0 1.0 42.0 304.0 7.0 0.0
40 40 37 0.0 2.0 13.0 2031.0 21469.0 364.0 2016.0
40 40 38 0.0 0.0 13.0 3558.0 35237.0 316.0 55963.0
40 40 39 0.0 1.0 3.0 1487.0 15158.0 113.0 106242.0
40 40 40 0.0 0.0 1.0 729.0 7668.0 33.0 135247.0
40 40 41 0.0 7.0 3.0 1531.0 14161.0 104.0 108736.0
40 40 42 0.0 8.0 14.0 3306.0 34831.0 305.0 56288.0
40 40 43 0.0 5.0 10.0 2284.0 22136.0 306.0 2217.0
40 40 44 0.0 0.0 0.0 29.0 443.0 7.0 1.0
40 41 36 0.0 0.0 0.0 27.0 242.0 7.0 0.0
40 41 37 0.0 3.0 6.0 2120.0 17870.0 329.0 1335.0
40 41 38 0.0 6.0 5.0 3542.0 38550.0 428.0 46646.0
40 41 39 0.0 2.0 6.0 1725.0 16691.0 110.0 100613.0
40 41 40 0.0 4.0 8.0 1501.0 14112.0 79.0 108104.0
40 41 41 0.0 4.0 8.0 1925.0 16272.0 123.0 100173.0
40 41 42 0.0 8.0 5.0 3831.0 39102.0 423.0 43992.0
40 41 43 0.0 1.0 1.0 1887.0 17452.0 277.0 1207.0
40 41 44 0.0 0.0 0.0 25.0 264.0 5.0 0.0
40 42 36 0.0 0.0 0.0 8.0 121.0 1.0 0.0
40 42 37 0.0 0.0 2.0 962.0 8957.0 157.0 270.0
40 42 38 0.0 0.0 12.0 3771.0 40654.0 514.0 21371.0
40 42 39 0.0 11.0 17.0 3361.0 39091.0 386.0 45292.0
40 42 40 0.0 2.0 11.0 3264.0 36541.0 362.0 54204.0
40 42 41 0.0 3.0 11.0 4070.0 38184.0 409.0 44936.0
40 42 42 0.0 3.0 0.0 5163.0 39573.0 500.0 22000.0
40 42 43 0.0 1.0 0.0 825.0 8396.0 149.0 247.0
40 42 44 0.0 0.0 0.0 4.0 79.0 2.0 0.0
40 43 36 0.0 0.0 0.0 4.0 13.0 1.0 0.0
40 43 37 0.0 0.0 0.0 237.0 2252.0 36.0 17.0
40 43 38 0.0 0.0 3.0 918.0 8673.0 151.0 278.0
40 43 39 0.0 0.0 2.0 1616.0 17827.0 260.0 1270.0
40 43 40 0.0 0.0 4.0 2021.0 21268.0 337.0 1914.0
40 43 41 0.0 2.0 0.0 1691.0 17841.0 266.0 1266.0
40 43 42 0.0 7.0 0.0 1001.0 9246.0 179.0 276.0
40 43 43 0.0 0.0 0.0 182.0 1976.0 34.0 4.0
40 43 44 0.0 0.0 0.0 5.0 12.0 0.0 0.0
40 44 37 0.0 0.0 0.0 0.0 9.0 0.0 0.0
40 44 38 0.0 0.0 0.0 5.0 81.0 2.0 0.0
40 44 39 0.0 0.0 0.0 37.0 246.0 5.0 0.0
40 44 40 0.0 0.0 0.0 21.0 317.0 5.0 0.0
40 44 41 0.0 0.0 0.0 16.0 223.0 4.0 0.0
40 44 42 0.0 0.0 0.0 8.0 81.0 0.0 0.0
40 44 43 0.0 0.0 0.0 3.0 20.0 0.0 0.0
40 44 44 0.0 0.0 0.0 0.0 1.0 0.0 0.0
41 36 36 0.0 0.0 0.0 0.0 3.0 0.0 0.0
41 36 37 0.0 0.0 0.0 0.0 11.0 0.0 0.0
41 36 38 0.0 0.0 0.0 23.0 90.0 3.0 0.0
41 36 39 0.0 0.0 0.0 9.0 193.0 4.0 0.0
41 36 40 0.0 0.0 0.0 23.0 291.0 3.0 0.0
41 36 41 0.0 0.0 0.0 29.0 237.0 0.0 0.0
41 36 42 0.0 0.0 0.0 7.0 118.0 3.0 0.0
41 36 43 0.0 0.0 0.0 3.0 18.0 0.0 0.0
41 36 44 0.0 0.0 0.0 0.0 1.0 0.0 0.0
41 37 36 0.0 0.0 0.0 0.0 12.0 1.0 0.0
41 37 37 0.0 0.0 0.0 167.0 1750.0 32.0 8.0
41 37 38 0.0 0.0 0.0 767.0 7527.0 137.0 174.0
41 37 39 0.0 0.0 0.0 1514.0 15639.0 216.0 964.0
41 37 40 0.0 0.0 0.0 1816.0 20504.0 310.0 1683.0
41 37 41 0.0 2.0 5.0 1987.0 17534.0 278.0 1231.0
41 37 42 0.0 5.0 1.0 886.0 9843.0 179.0 327.0
41 37 43 0.0 0.0 6.0 188.0 3254.0 46.0 31.0
41 37 44 0.0 0.0 0.0 6.0 25.0 1.0 0.0
41 38 36 0.0 0.0 0.0 4.0 76.0 0.0 0.0
41 38 37 0.0 0.0 5.0 881.0 6845.0 117.0 186.0
41 38 38 0.0 2.0 4.0 4562.0 37755.0 510.0 15323.0
41 38 39 0.0 3.0 5.0 4323.0 40555.0 498.0 37061.0
41 38 40 0.0 5.0 14.0 4068.0 37168.0 374.0 49341.0
41 38 41 0.0 13.0 7.0 3795.0 39240.0 436.0 43524.0
41 38 42 0.0 7.0 10.0 2793.0 42000.0 495.0 24321.0
41 38 43 0.0 0.0 3.0 962.0 10190.0 182.0 357.0
41 38 44 0.0 0.0 0.0 9.0 143.0 1.0 0.0
41 39 36 0.0 0.0 0.0 17.0 166.0 2.0 0.0
41 39 37 0.0 0.0 1.0 1528.0 14453.0 253.0 825.0
41 39 38 0.0 2.0 4.0 4153.0 41134.0 468.0 34296.0
41 39 39 0.0 4.0 2.0 1936.0 18008.0 146.0 95052.0
41 39 40 0.0 3.0 4.0 1561.0 15859.0 109.0 102839.0
41 39 41 0.0 1.0 8.0 1512.0 15823.0 122.0 101069.0
41 39 42 0.0 7.0 11.0 3732.0 39498.0 412.0 42626.0
41 39 43 0.0 7.0 16.0 1505.0 18582.0 306.0 1464.0
41 39 44 0.0 2.0 0.0 35.0 311.0 2.0 0.0
41 40 36 0.0 0.0 0.0 22.0 233.0 5.0 0.0
41 40 37 0.0 2.0 6.0 1539.0 18888.0 310.0 1427.0
41 40 38 0.0 2.0 7.0 4138.0 38163.0 392.0 46018.0
41 40 39 0.0 1.0 7.0 1543.0 15980.0 111.0 102528.0
41 40 40 0.0 2.0 2.0 1317.0 14075.0 100.0 109361.0
41 40 41 0.0 6.0 7.0 1615.0 17156.0 139.0 100440.0
41 40 42 0.0 0.0 3.0 3421.0 37944.0 380.0 48755.0
41 40 43 0.0 3.0 0.0 1868.0 20022.0 320.0 1679.0
41 40 44 0.0 0.0 0.0 26.0 297.0 8.0 0.0
41 41 36 0.0 0.0 0.0 14.0 242.0 3.0 0.0
41 41 37 0.0 0.0 2.0 1413.0 14611.0 247.0 869.0
41 41 38 0.0 0.0 19.0 3409.0 41606.0 428.0 36976.0
41 41 39 0.0 2.0 18.0 1606.0 19095.0 159.0 93074.0
41 41 40 0.0 4.0 6.0 1565.0 16393.0 129.0 101332.0
41 41 41 0.0 5.0 1.0 1866.0 18196.0 173.0 94768.0
41 41 42 0.0 12.0 4.0 4784.0 40005.0 429.0 36623.0
41 41 43 0.0 1.0 2.0 1430.0 15752.0 262.0 988.0
41 41 44 0.0 0.0 0.0 13.0 196.0 4.0 0.0
41 42 36 0.0 0.0 0.0 8.0 78.0 0.0 0.0
41 42 37 0.0 0.0 1.0 876.0 7674.0 141.0 171.0
41 42 38 0.0 0.0 9.0 4432.0 38786.0 515.0 16070.0
41 42 39 0.0 4.0 13.0 3422.0 41466.0 426.0 35745.0
41 42 40 0.0 2.0 3.0 3583.0 39204.0 408.0 44894.0
41 42 41 0.0 7.0 6.0 3942.0 40595.0 427.0 35931.0
41 42 42 0.0 1.0 3.0 4241.0 39321.0 519.0 17128.0
41 42 43 0.0 0.0 0.0 829.0 7239.0 116.0 173.0
41 42 44 0.0 0.0 0.0 5.0 77.0 0.0 0.0
41 43 36 0.0 0.0 0.0 2.0 12.0 1.0 0.0
41 43 37 0.0 0.0 0.0 218.0 1806.0 36.0 11.0
41 43 38 0.0 1.0 0.0 741.0 7854.0 143.0 213.0
41 43 39 0.0 0.0 3.0 1275.0 14922.0 231.0 802.0
41 43 40 0.0 1.0 0.0 1705.0 17752.0 312.0 1243.0
41 43 41 0.0 1.0 7.0 1434.0 14626.0 258.0 818.0
41 43 42 0.0 4.0 0.0 852.0 7581.0 119.0 171.0
41 43 43 0.0 0.0 0.0 246.0 1763.0 28.0 9.0
41 43 44 0.0 0.0 0.0 2.0 21.0 0.0 0.0
41 44 37 0.0 0.0 0.0 2.0 7.0 0.0 0.0
41 44 38 0.0 0.0 0.0 5.0 76.0 0.0 0.0
41 44 39 0.0 0.0 0.0 20.0 148.0 2.0 1.0
41 44 40 0.0 0.0 0.0 18.0 255.0 7.0 0.0
41 44 41 0.0 0.0 0.0 23.0 169.0 3.0 0.0
41 44 42 0.0 0.0 0.0 3.0 64.0 0.0 0.0
41 44 43 0.0 0.0 0.0 2.0 17.0 1.0 0.0
41 44 44 0.0 0.0 0.0 0.0 1.0 0.0 0.0
42 36 36 0.0 0.0 0.0 0.0 1.0 0.0 0.0
42 36 37 0.0 0.0 0.0 1.0 2.0 0.0 0.0
42 36 38 0.0 0.0 0.0 7.0 35.0 1.0 0.0
42 36 39 0.0 0.0 0.0 8.0 79.0 2.0 0.0
42 36 40 0.0 0.0 0.0 17.0 132.0 2.0 0.0
42 36 41 0.0 0.0 0.0 7.0 119.0 1.0 0.0
42 36 42 0.0 0.0 0.0 10.0 52.0 2.0 0.0
42 36 43 0.0 0.0 0.0 5.0 2.0 0.0 0.0
42 36 44 0.0 0.0 0.0 0.0 2.0 0.0 0.0
42 37 36 0.0 0.0 0.0 11.0 6.0 0.0 0.0
42 37 37 0.0 0.0 0.0 117.0 864.0 20.0 3.0
42 37 38 0.0 0.0 0.0 441.0 3929.0 73.0 45.0
42 37 39 0.0 0.0 3.0 891.0 8742.0 143.0 295.0
42 37 40 0.0 1.0 4.0 1109.0 11565.0 196.0 514.0
42 37 41 0.0 4.0 7.0 1021.0 10395.0 182.0 374.0
42 37 42 0.0 0.0 0.0 437.0 5725.0 106.0 116.0
42 37 43 0.0 0.0 0.0 97.0 1644.0 24.0 5.0
42 37 44 0.0 0.0 0.0 3.0 13.0 0.0 0.0
42 38 36 0.0 0.0 0.0 2.0 38.0 0.0 0.0
42 38 37 0.0 0.0 2.0 350.0 3791.0 68.0 38.0
42 38 38 0.0 2.0 6.0 2638.0 32782.0 481.0 7911.0
42 38 39 0.0 1.0 2.0 3938.0 40134.0 509.0 19241.0
42 38 40 0.0 12.0 6.0 4040.0 40665.0 460.0 29446.0
42 38 41 0.0 5.0 15.0 3051.0 41448.0 466.0 24903.0
42 38 42 0.0 1.0 8.0 2483.0 37516.0 556.0 12132.0
42 38 43 0.0 0.0 0.0 460.0 6367.0 120.0 139.0
42 38 44 0.0 0.0 0.0 2.0 74.0 0.0 0.0
42 39 36 0.0 0.0 0.0 5.0 89.0 4.0 0.0
42 39 37 0.0 0.0 0.0 725.0 7605.0 140.0 196.0
42 39 38 0.0 0.0 2.0 3155.0 40547.0 524.0 19657.0
42 39 39 0.0 6.0 12.0 4591.0 39802.0 446.0 37715.0
42 39 40 0.0 8.0 9.0 3673.0 36765.0 372.0 51116.0
42 39 41 0.0 6.0 13.0 3645.0 39129.0 397.0 43036.0
42 39 42 0.0 4.0 14.0 2763.0 41867.0 491.0 24656.0
42 39 43 0.0 0.0 0.0 761.0 10038.0 176.0 358.0
42 39 44 0.0 0.0 0.0 8.0 114.0 2.0 0.0
42 40 36 0.0 0.0 0.0 19.0 126.0 4.0 0.0
42 40 37 0.0 0.0 2.0 720.0 9705.0 176.0 307.0
42 40 38 0.0 1.0 6.0 3454.0 41274.0 487.0 22841.0
42 40 39 0.0 0.0 2.0 3039.0 38684.0 382.0 48014.0
42 40 40 0.0 2.0 7.0 3321.0 35040.0 362.0 57006.0
42 40 41 0.0 3.0 13.0 3158.0 37830.0 345.0 49229.0
42 40 42 0.0 1.0 12.0 3241.0 41861.0 452.0 27442.0
42 40 43 0.0 0.0 1.0 1228.0 11497.0 211.0 461.0
42 40 44 0.0 0.0 0.0 15.0 121.0 2.0 0.0
42 41 36 0.0 0.0 0.0 6.0 77.0 1.0 0.0
42 41 37 0.0 0.0 5.0 746.0 7525.0 156.0 165.0
42 41 38 0.0 0.0 6.0 3022.0 40141.0 524.0 16503.0
42 41 39 0.0 0.0 6.0 2877.0 42014.0 451.0 35785.0
42 41 40 0.0 3.0 9.0 3041.0 38622.0 385.0 47584.0
42 41 41 0.0 1.0 4.0 3479.0 40868.0 406.0 38155.0
42 41 42 0.0 5.0 3.0 3287.0 39993.0 476.0 17020.0
42 41 43 0.0 6.0 0.0 733.0 9027.0 169.0 255.0
42 41 44 0.0 0.0 0.0 11.0 109.0 2.0 0.0
42 42 36 0.0 0.0 0.0 2.0 25.0 0.0 0.0
42 42 37 0.0 0.0 0.0 399.0 3733.0 62.0 46.0
42 42 38 0.0 3.0 1.0 3197.0 26902.0 438.0 4659.0
42 42 39 0.0 0.0 7.0 3178.0 40082.0 486.0 17058.0
42 42 40 0.0 15.0 2.0 3406.0 41406.0 485.0 23804.0
42 42 41 0.0 3.0 2.0 4871.0 38260.0 528.0 17343.0
42 42 42 0.0 10.0 0.0 2433.0 29187.0 422.0 5477.0
42 42 43 0.0 2.0 0.0 363.0 3612.0 74.0 40.0
42 42 44 0.0 0.0 0.0 3.0 39.0 2.0 0.0
42 43 36 0.0 0.0 0.0 0.0 4.0 1.0 0.0
42 43 37 0.0 0.0 0.0 112.0 671.0 13.0 0.0
42 43 38 0.0 0.0 0.0 303.0 3462.0 61.0 27.0
42 43 39 0.0 0.0 6.0 593.0 8027.0 134.0 211.0
42 43 40 0.0 0.0 1.0 942.0 8967.0 142.0 259.0
42 43 41 0.0 0.0 0.0 758.0 7560.0 136.0 211.0
42 43 42 0.0 1.0 1.0 332.0 3609.0 59.0 38.0
42 43 43 0.0 0.0 0.0 90.0 849.0 22.0 2.0
42 43 44 0.0 0.0 0.0 1.0 3.0 0.0 0.0
42 44 37 0.0 0.0 0.0 1.0 4.0 0.0 0.0
42 44 38 0.0 0.0 0.0 3.0 45.0 2.0 0.0
42 44 39 0.0 0.0 0.0 6.0 75.0 0.0 0.0
42 44 40 0.0 0.0 0.0 6.0 111.0 1.0 0.0
42 44 41 0.0 0.0 0.0 6.0 70.0 1.0 0.0
42 44 42 0.0 0.0 0.0 5.0 37.0 0.0 0.0
42 44 43 0.0 0.0 0.0 1.0 4.0 0.0 0.0
43 36 37 0.0 0.0 0.0 0.0 1.0 0.0 0.0
43 36 38 0.0 0.0 0.0 0.0 11.0 1.0 0.0
43 36 39 0.0 0.0 0.0 0.0 26.0 1.0 0.0
43 36 40 0.0 0.0 0.0 3.0 45.0 0.0 0.0
43 36 41 0.0 0.0 0.0 2.0 42.0 0.0 0.0
43 36 42 0.0 0.0 0.0 1.0 8.0 1.0 0.0
43 36 43 0.0 0.0 0.0 1.0 2.0 0.0 0.0
43 37 36 0.0 0.0 0.0 0.0 1.0 0.0 0.0
43 37 37 0.0 0.0 0.0 17.0 191.0 4.0 0.0
43 37 38 0.0 0.0 0.0 139.0 1059.0 19.0 7.0
43 37 39 0.0 0.0 0.0 197.0 2518.0 46.0 12.0
43 37 40 0.0 0.0 1.0 306.0 3434.0 63.0 24.0
43 37 41 0.0 0.0 1.0 289.0 2829.0 43.0 17.0
43 37 42 0.0 0.0 0.0 79.0 1787.0 32.0 9.0
43 37 43 0.0 0.0 0.0 23.0 563.0 10.0 3.0
43 37 44 0.0 0.0 0.0 3.0 5.0 0.0 0.0
43 38 36 0.0 0.0 0.0 0.0 2.0 0.0 0.0
43 38 37 0.0 0.0 0.0 74.0 1234.0 20.0 3.0
43 38 38 0.0 0.0 0.0 483.0 4001.0 69.0 42.0
43 38 39 0.0 0.0 4.0 889.0 9861.0 183.0 364.0
43 38 40 0.0 0.0 1.0 1003.0 12679.0 210.0 609.0
43 38 41 0.0 0.0 0.0 1063.0 11238.0 201.0 466.0
43 38 42 0.0 0.0 3.0 475.0 5794.0 114.0 100.0
43 38 43 0.0 0.0 0.0 98.0 1769.0 30.0 6.0
43 38 44 0.0 0.0 0.0 0.0 18.0 0.0 0.0
43 39 36 0.0 0.0 0.0 1.0 13.0 1.0 0.0
43 39 37 0.0 0.0 0.0 144.0 2349.0 48.0 13.0
43 39 38 0.0 0.0 2.0 744.0 8251.0 137.0 222.0
43 39 39 0.0 0.0 1.0 1847.0 17111.0 280.0 1209.0
43 39 40 0.0 7.0 4.0 2045.0 20764.0 320.0 1914.0
43 39 41 0.0 2.0 3.0 1592.0 18935.0 276.0 1540.0
43 39 42 0.0 0.0 7.0 790.0 11238.0 192.0 446.0
43 39 43 0.0 0.0 0.0 187.0 2989.0 58.0 14.0
43 39 44 0.0 0.0 0.0 2.0 20.0 0.0 0.0
43 40 36 0.0 0.0 0.0 1.0 16.0 0.0 0.0
43 40 37 0.0 0.0 0.0 180.0 2710.0 47.0 25.0
43 40 38 0.0 0.0 2.0 810.0 9832.0 169.0 309.0
43 40 39 0.0 0.0 2.0 1684.0 18771.0 309.0 1402.0
43 40 40 0.0 0.0 12.0 1770.0 24620.0 367.0 2681.0
43 40 41 0.0 9.0 1.0 2142.0 20454.0 335.0 1795.0
43 40 42 0.0 1.0 1.0 1068.0 11222.0 174.0 431.0
43 40 43 0.0 0.0 0.0 247.0 3401.0 61.0 32.0
43 40 44 0.0 0.0 0.0 4.0 18.0 0.0 0.0
43 41 36 0.0 0.0 0.0 0.0 4.0 0.0 0.0
43 41 37 0.0 0.0 0.0 163.0 1929.0 39.0 12.0
43 41 38 0.0 0.0 0.0 488.0 7686.0 121.0 178.0
43 41 39 0.0 1.0 3.0 1243.0 15646.0 232.0 941.0
43 41 40 0.0 0.0 7.0 1567.0 19949.0 335.0 1624.0
43 41 41 0.0 1.0 1.0 1314.0 17173.0 275.0 1140.0
43 41 42 0.0 0.0 1.0 697.0 8145.0 130.0 227.0
43 41 43 0.0 0.0 0.0 169.0 2262.0 39.0 13.0
43 41 44 0.0 0.0 0.0 5.0 19.0 0.0 0.0
43 42 36 0.0 0.0 0.0 0.0 3.0 0.0 0.0
43 42 37 0.0 0.0 0.0 60.0 926.0 16.0 3.0
43 42 38 0.0 0.0 1.0 226.0 3737.0 69.0 40.0
43 42 39 0.0 0.0 3.0 537.0 7768.0 123.0 193.0
43 42 40 0.0 1.0 2.0 738.0 10597.0 185.0 415.0
43 42 41 0.0 0.0 0.0 851.0 8049.0 139.0 197.0
43 42 42 0.0 0.0 0.0 390.0 3925.0 67.0 51.0
43 42 43 0.0 0.0 0.0 129.0 719.0 14.0 2.0
43 42 44 0.0 0.0 0.0 1.0 3.0 0.0 0.0
43 43 36 0.0 0.0 0.0 0.0 1.0 0.0 0.0
43 43 37 0.0 0.0 0.0 6.0 143.0 2.0 0.0
43 43 38 0.0 0.0 0.0 45.0 826.0 13.0 1.0
43 43 39 0.0 0.0 0.0 68.0 2009.0 34.0 8.0
43 43 40 0.0 1.0 0.0 290.0 2587.0 47.0 21.0
43 43 41 0.0 1.0 0.0 185.0 2007.0 37.0 11.0
43 43 42 0.0 0.0 0.0 81.0 771.0 8.0 0.0
43 43 43 0.0 0.0 0.0 7.0 146.0 2.0 0.0
43 44 38 0.0 0.0 0.0 0.0 10.0 0.0 0.0
43 44 39 0.0 0.0 0.0 0.0 10.0 0.0 0.0
43 44 40 0.0 0.0 0.0 2.0 16.0 1.0 0.0
43 44 41 0.0 0.0 0.0 1.0 11.0 0.0 0.0
43 44 42 0.0 0.0 0.0 0.0 4.0 0.0 0.0
43 44 43 0.0 0.0 0.0 0.0 2.0 0.0 0.0
44 36 39 0.0 0.0 0.0 0.0 1.0 0.0 0.0
44 37 38 0.0 0.0 0.0 1.0 14.0 0.0 0.0
44 37 39 0.0 0.0 0.0 4.0 30.0 0.0 0.0
44 37 40 0.0 0.0 0.0 7.0 31.0 0.0 0.0
44 37 41 0.0 0.0 0.0 3.0 34.0 1.0 0.0
44 37 42 0.0 0.0 0.0 1.0 18.0 0.0 0.0
44 37 43 0.0 0.0 0.0 0.0 8.0 0.0 0.0
44 38 37 0.0 0.0 0.0 0.0 10.0 0.0 0.0
44 38 38 0.0 0.0 0.0 1.0 46.0 0.0 0.0
44 38 39 0.0 0.0 0.0 8.0 128.0 4.0 0.0
44 38 40 0.0 0.0 0.0 9.0 198.0 4.0 0.0
44 38 41 0.0 0.0 0.0 18.0 140.0 3.0 0.0
44 38 42 0.0 0.0 0.0 3.0 75.0 0.0 0.0
44 38 43 0.0 0.0 0.0 1.0 13.0 0.0 0.0
44 38 44 0.0 0.0 0.0 0.0 2.0 0.0 0.0
44 39 37 0.0 0.0 0.0 0.0 15.0 0.0 0.0
44 39 38 0.0 0.0 0.0 3.0 116.0 1.0 0.0
44 39 39 0.0 0.0 0.0 20.0 222.0 4.0 0.0
44 39 40 0.0 0.0 0.0 30.0 352.0 5.0 0.0
44 39 41 0.0 0.0 0.0 20.0 220.0 3.0 0.0
44 39 42 0.0 0.0 0.0 12.0 135.0 2.0 0.0
44 39 43 0.0 0.0 0.0 1.0 38.0 0.0 0.0
44 39 44 0.0 0.0 0.0 0.0 1.0 0.0 0.0
44 40 37 0.0 0.0 0.0 0.0 12.0 0.0 0.0
44 40 38 0.0 0.0 0.0 18.0 100.0 2.0 0.0
44 40 39 0.0 0.0 0.0 25.0 364.0 7.0 0.0
44 40 40 0.0 0.0 0.0 41.0 487.0 9.0 0.0
44 40 41 0.0 0.0 0.0 14.0 409.0 5.0 0.0
44 40 42 0.0 0.0 0.0 7.0 145.0 1.0 0.0
44 40 43 0.0 0.0 0.0 3.0 43.0 0.0 0.0
44 41 36 0.0 0.0 0.0 0.0 5.0 0.0 0.0
44 41 37 0.0 0.0 0.0 2.0 24.0 1.0 0.0
44 41 38 0.0 0.0 0.0 2.0 96.0 1.0 0.0
44 41 39 0.0 0.0 0.0 13.0 226.0 2.0 0.0
44 41 40 0.0 0.0 0.0 29.0 339.0 9.0 1.0
44 41 41 0.0 0.0 0.0 19.0 276.0 4.0 0.0
44 41 42 0.0 0.0 0.0 9.0 90.0 3.0 0.0
44 41 43 0.0 0.0 0.0 0.0 16.0 1.0 0.0
44 41 44 0.0 0.0 0.0 0.0 1.0 0.0 0.0
44 42 37 0.0 0.0 0.0 0.0 4.0 1.0 0.0
44 42 38 0.0 0.0 0.0 3.0 32.0 0.0 0.0
44 42 39 0.0 0.0 0.0 9.0 92.0 2.0 0.0
44 42 40 0.0 0.0 0.0 17.0 105.0 0.0 0.0
44 42 41 0.0 0.0 0.0 2.0 105.0 1.0 0.0
44 42 42 0.0 0.0 0.0 0.0 44.0 1.0 0.0
44 42 43 0.0 0.0 0.0 0.0 2.0 0.0 0.0
44 43 37 0.0 0.0 0.0 0.0 1.0 0.0 0.0
44 43 38 0.0 0.0 0.0 0.0 3.0 0.0 0.0
44 43 39 0.0 0.0 0.0 0.0 22.0 0.0 0.0
44 43 40 0.0 0.0 0.0 2.0 16.0 0.0 0.0
44 43 41 0.0 0.0 0.0 2.0 21.0 1.0 0.0
44 43 42 0.0 0.0 0.0 2.0 4.0 0.0 0.0
44 43 43 0.0 0.0 0.0 0.0 2.0 0.0 0.0
44 44 40 0.0 0.0 0.0 0.0 2.0 0.0 0.0
44 44 41 0.0 0.0 0.0 0.0 2.0 0.0 0.0
44 44 42 0.0 0.0 0.0 0.0 3.0 0.0 0.0
