37 37 39 0.0 0.0 0.0 0.0 4.0 0.0 0.0
37 37 40 0.0 0.0 0.0 0.0 6.0 0.0 0.0
37 38 37 0.0 0.0 0.0 0.0 1.0 0.0 0.0
37 38 38 0.0 0.0 0.0 1.0 8.0 0.0 0.0
37 38 39 0.0 0.0 0.0 6.0 33.0 0.0 0.0
37 38 40 0.0 0.0 0.0 3.0 48.0 1.0 0.0
37 38 41 0.0 0.0 0.0 8.0 30.0 0.0 0.0
37 38 42 0.0 0.0 0.0 6.0 10.0 0.0 0.0
37 38 43 0.0 0.0 0.0 0.0 1.0 0.0 0.0
37 39 37 0.0 0.0 0.0 0.0 6.0 0.0 0.0
37 39 38 0.0 0.0 1.0 7.0 67.0 2.0 0.0
37 39 39 0.0 0.0 0.0 11.0 129.0 2.0 0.0
37 39 40 0.0 0.0 0.0 22.0 156.0 0.0 0.0
37 39 41 0.0 0.0 0.0 21.0 74.0 1.0 0.0
37 39 42 0.0 0.0 0.0 12.0 28.0 0.0 0.0
37 39 43 0.0 0.0 0.0 0.0 2.0 0.0 0.0
37 40 37 0.0 0.0 0.0 0.0 5.0 0.0 0.0
37 40 38 0.0 0.0 0.0 6.0 78.0 2.0 0.0
37 40 39 0.0 0.0 0.0 15.0 132.0 2.0 0.0
37 40 40 0.0 0.0 0.0 21.0 211.0 5.0 0.0
37 40 41 0.0 0.0 0.0 20.0 133.0 2.0 0.0
37 40 42 0.0 0.0 0.0 9.0 47.0 0.0 0.0
37 40 43 0.0 0.0 0.0 0.0 11.0 0.0 0.0
37 41 37 0.0 0.0 0.0 2.0 14.0 0.0 0.0
37 41 38 0.0 0.0 0.0 1.0 41.0 1.0 0.0
37 41 39 0.0 0.0 0.0 19.0 118.0 2.0 0.0
37 41 40 0.0 0.0 1.0 24.0 113.0 1.0 0.0
37 41 41 0.0 0.0 0.0 7.0 110.0 0.0 0.0
37 41 42 0.0 0.0 0.0 2.0 73.0 0.0 0.0
37 41 43 0.0 0.0 0.0 0.0 1.0 0.0 0.0
37 42 37 0.0 0.0 0.0 1.0 4.0 0.0 0.0
37 42 38 0.0 0.0 0.0 3.0 10.0 1.0 0.0
37 42 39 0.0 0.0 0.0 6.0 36.0 0.0 0.0
37 42 40 0.0 0.0 0.0 1.0 56.0 0.0 0.0
37 42 41 0.0 0.0 0.0 2.0 41.0 0.0 0.0
37 42 42 0.0 0.0 0.0 1.0 15.0 1.0 0.0
37 42 43 0.0 0.0 0.0 3.0 3.0 0.0 0.0
37 43 37 0.0 0.0 0.0 1.0 0.0 0.0 0.0
37 43 38 0.0 0.0 0.0 0.0 1.0 0.0 0.0
37 43 39 0.0 0.0 0.0 1.0 1.0 0.0 0.0
37 43 41 0.0 0.0 0.0 0.0 1.0 0.0 0.0
38 37 38 0.0 0.0 0.0 1.0 10.0 0.0 0.0
38 37 39 0.0 0.0 0.0 8.0 31.0 0.0 0.0
38 37 40 0.0 0.0 0.0 1.0 45.0 0.0 0.0
38 37 41 0.0 0.0 0.0 3.0 32.0 1.0 0.0
38 37 42 0.0 0.0 0.0 0.0 30.0 1.0 0.0
38 37 43 0.0 0.0 0.0 0.0 2.0 0.0 0.0
38 38 37 0.0 0.0 0.0 0.0 11.0 0.0 0.0
38 38 38 0.0 0.0 0.0 129.0 1928.0 31.0 10.0
38 38 39 0.0 0.0 8.0 368.0 3945.0 60.0 68.0
38 38 40 0.0 0.0 5.0 532.0 5717.0 100.0 109.0
38 38 41 0.0 1.0 2.0 519.0 3854.0 68.0 52.0
38 38 42 0.0 0.0 0.0 97.0 1386.0 22.0 7.0
38 38 43 0.0 0.0 0.0 1.0 19.0 0.0 0.0
38 39 37 0.0 0.0 0.0 7.0 42.0 1.0 0.0
38 39 38 0.0 4.0 7.0 821.0 4785.0 99.0 99.0
38 39 39 0.0 0.0 8.0 1572.0 10827.0 201.0 523.0
38 39 40 0.0 6.0 5.0 2110.0 13662.0 259.0 871.0
38 39 41 0.0 0.0 4.0 1150.0 10291.0 192.0 427.0
38 39 42 0.0 0.0 7.0 392.0 3526.0 68.0 41.0
38 39 43 0.0 0.0 0.0 5.0 38.0 1.0 0.0
38 40 37 0.0 0.0 0.0 8.0 82.0 2.0 0.0
38 40 38 0.0 1.0 13.0 629.0 7522.0 117.0 211.0
38 40 39 0.0 9.0 11.0 1722.0 14589.0 250.0 859.0
38 40 40 0.0 6.0 12.0 1908.0 18408.0 317.0 1488.0
38 40 41 0.0 11.0 12.0 1682.0 13679.0 258.0 768.0
38 40 42 0.0 0.0 5.0 475.0 5539.0 91.0 98.0
38 40 43 0.0 0.0 0.0 1.0 71.0 2.0 0.0
38 41 37 0.0 0.0 0.0 8.0 50.0 0.0 0.0
38 41 38 0.0 1.0 5.0 424.0 4662.0 94.0 74.0
38 41 39 0.0 0.0 3.0 1120.0 11644.0 195.0 502.0
38 41 40 0.0 1.0 6.0 1476.0 14109.0 225.0 831.0
38 41 41 0.0 4.0 5.0 1025.0 9989.0 173.0 390.0
38 41 42 0.0 0.0 2.0 361.0 4123.0 66.0 67.0
38 41 43 0.0 1.0 0.0 3.0 16.0 1.0 0.0
38 42 37 0.0 0.0 0.0 0.0 11.0 0.0 0.0
38 42 38 0.0 0.0 0.0 164.0 1867.0 30.0 17.0
38 42 39 0.0 8.0 12.0 393.0 4122.0 53.0 65.0
38 42 40 0.0 1.0 3.0 641.0 5742.0 113.0 111.0
38 42 41 0.0 5.0 0.0 438.0 4301.0 84.0 66.0
38 42 42 0.0 0.0 0.0 120.0 1415.0 22.0 9.0
38 42 43 0.0 0.0 0.0 1.0 13.0 0.0 0.0
38 43 37 0.0 0.0 0.0 0.0 3.0 0.0 0.0
38 43 38 0.0 0.0 0.0 1.0 12.0 0.0 0.0
38 43 39 0.0 0.0 0.0 3.0 38.0 0.0 0.0
38 43 40 0.0 0.0 0.0 8.0 41.0 0.0 0.0
38 43 41 0.0 0.0 0.0 12.0 56.0 1.0 0.0
38 43 42 0.0 0.0 0.0 1.0 26.0 0.0 0.0
39 37 37 0.0 0.0 0.0 0.0 4.0 0.0 0.0
39 37 38 0.0 0.0 0.0 1.0 47.0 1.0 0.0
39 37 39 0.0 0.0 0.0 18.0 117.0 0.0 0.0
39 37 40 0.0 0.0 0.0 19.0 144.0 3.0 0.0
39 37 41 0.0 0.0 0.0 15.0 111.0 2.0 0.0
39 37 42 0.0 0.0 0.0 14.0 29.0 0.0 0.0
39 37 43 0.0 0.0 0.0 1.0 11.0 0.0 0.0
39 38 37 0.0 0.0 0.0 3.0 51.0 0.0 0.0
39 38 38 0.0 0.0 0.0 699.0 3751.0 86.0 53.0
39 38 39 0.0 1.0 2.0 1128.0 10770.0 175.0 402.0
39 38 40 0.0 2.0 12.0 1519.0 13146.0 230.0 727.0
39 38 41 0.0 1.0 6.0 1210.0 10079.0 169.0 425.0
39 38 42 0.0 0.0 0.0 650.0 4417.0 83.0 65.0
39 38 43 0.0 0.0 0.0 3.0 32.0 0.0 0.0
39 38 44 0.0 0.0 0.0 0.0 1.0 0.0 0.0
39 39 37 0.0 0.0 1.0 13.0 118.0 4.0 0.0
39 39 38 0.0 0.0 8.0 1235.0 10487.0 188.0 416.0
39 39 39 0.0 5.0 41.0 3624.0 39359.0 454.0 29843.0
39 39 40 0.0 11.0 35.0 3962.0 39783.0 444.0 35491.0
39 39 41 0.0 15.0 28.0 5023.0 38042.0 418.0 29563.0
39 39 42 0.0 0.0 11.0 1212.0 10811.0 176.0 435.0
39 39 43 0.0 0.0 0.0 4.0 103.0 2.0 0.0
39 40 37 0.0 0.0 0.0 11.0 203.0 2.0 0.0
39 40 38 0.0 2.0 5.0 1588.0 14571.0 213.0 905.0
39 40 39 0.0 10.0 31.0 4634.0 36230.0 378.0 43457.0
39 40 40 0.0 22.0 30.0 4489.0 37785.0 427.0 45190.0
39 40 41 0.0 11.0 64.0 3965.0 38679.0 434.0 37693.0
39 40 42 0.0 4.0 12.0 1586.0 14430.0 237.0 880.0
39 40 43 0.0 1.0 0.0 25.0 143.0 2.0 0.0
39 41 37 0.0 0.0 0.0 11.0 160.0 3.0 0.0
39 41 38 0.0 3.0 8.0 1152.0 11271.0 188.0 500.0
39 41 39 0.0 10.0 26.0 3826.0 38699.0 450.0 33471.0
39 41 40 0.0 20.0 66.0 3901.0 39523.0 460.0 35308.0
39 41 41 0.0 35.0 31.0 4177.0 38590.0 461.0 29836.0
39 41 42 0.0 1.0 8.0 1346.0 10156.0 192.0 417.0
39 41 43 0.0 1.0 0.0 7.0 111.0 4.0 0.0
39 42 37 0.0 0.0 0.0 2.0 43.0 0.0 0.0
39 42 38 0.0 0.0 3.0 562.0 4580.0 72.0 72.0
39 42 39 0.0 7.0 11.0 1329.0 10481.0 189.0 429.0
39 42 40 0.0 1.0 2.0 1960.0 13544.0 247.0 760.0
39 42 41 0.0 2.0 11.0 1222.0 10547.0 197.0 405.0
39 42 42 0.0 3.0 8.0 600.0 3896.0 68.0 56.0
39 42 43 0.0 0.0 0.0 0.0 27.0 0.0 0.0
39 43 38 0.0 0.0 0.0 4.0 39.0 1.0 0.0
39 43 39 0.0 0.0 1.0 10.0 99.0 4.0 0.0
39 43 40 0.0 0.0 0.0 21.0 133.0 2.0 0.0
39 43 41 0.0 0.0 0.0 11.0 103.0 2.0 0.0
39 43 42 0.0 0.0 0.0 7.0 64.0 3.0 0.0
39 43 43 0.0 0.0 0.0 0.0 6.0 0.0 0.0
40 37 37 0.0 0.0 0.0 0.0 3.0 0.0 0.0
40 37 38 0.0 0.0 0.0 6.0 59.0 0.0 0.0
40 37 39 0.0 0.0 2.0 25.0 157.0 1.0 0.0
40 37 40 0.0 0.0 0.0 22.0 204.0 7.0 0.0
40 37 41 0.0 0.0 0.0 30.0 174.0 0.0 0.0
40 37 42 0.0 0.0 1.0 4.0 48.0 2.0 0.0
40 37 43 0.0 0.0 0.0 1.0 9.0 1.0 0.0
40 38 37 0.0 0.0 0.0 9.0 60.0 1.0 0.0
40 38 38 0.0 0.0 1.0 691.0 5502.0 119.0 113.0
40 38 39 0.0 2.0 7.0 1507.0 14615.0 240.0 855.0
40 38 40 0.0 10.0 15.0 2341.0 19477.0 288.0 1723.0
40 38 41 0.0 8.0 5.0 1615.0 15460.0 251.0 1003.0
40 38 42 0.0 0.0 7.0 714.0 7216.0 138.0 193.0
40 38 43 0.0 0.0 0.0 7.0 75.0 2.0 0.0
40 39 37 0.0 0.0 0.0 11.0 158.0 4.0 0.0
40 39 38 0.0 1.0 15.0 1797.0 14624.0 251.0 909.0
40 39 39 0.0 0.0 50.0 4507.0 39559.0 466.0 33832.0
40 39 40 0.0 20.0 47.0 4566.0 37005.0 393.0 46132.0
40 39 41 0.0 17.0 32.0 4843.0 36830.0 421.0 41073.0
40 39 42 0.0 23.0 15.0 1779.0 15656.0 269.0 980.0
40 39 43 0.0 1.0 0.0 19.0 234.0 3.0 0.0
40 40 37 0.0 0.0 0.0 17.0 187.0 2.0 0.0
40 40 38 0.0 0.0 18.0 2191.0 19381.0 312.0 1597.0
40 40 39 0.0 10.0 27.0 4393.0 39189.0 412.0 41526.0
40 40 40 0.0 5.0 25.0 1579.0 13861.0 111.0 100483.0
40 40 41 0.0 44.0 29.0 4906.0 36688.0 396.0 46779.0
40 40 42 0.0 7.0 24.0 2064.0 20369.0 325.0 1872.0
40 40 43 0.0 0.0 0.0 23.0 235.0 4.0 0.0
40 41 37 0.0 0.0 0.0 30.0 138.0 2.0 0.0
40 41 38 0.0 4.0 11.0 1513.0 15288.0 219.0 971.0
40 41 39 0.0 20.0 38.0 4626.0 38161.0 419.0 38089.0
40 41 40 0.0 17.0 63.0 4117.0 37604.0 383.0 46449.0
40 41 41 0.0 29.0 36.0 5895.0 36826.0 458.0 38024.0
40 41 42 0.0 9.0 3.0 1353.0 13471.0 262.0 660.0
40 41 43 0.0 0.0 0.0 26.0 132.0 4.0 1.0
40 42 37 0.0 0.0 0.0 3.0 44.0 1.0 0.0
40 42 38 0.0 0.0 6.0 667.0 5644.0 111.0 122.0
40 42 39 0.0 9.0 14.0 1303.0 14246.0 257.0 840.0
40 42 40 0.0 2.0 19.0 1650.0 19069.0 310.0 1488.0
40 42 41 0.0 4.0 13.0 1672.0 13996.0 258.0 821.0
40 42 42 0.0 0.0 0.0 904.0 5606.0 92.0 116.0
40 42 43 0.0 0.0 0.0 4.0 36.0 0.0 0.0
40 43 37 0.0 0.0 0.0 1.0 7.0 0.0 0.0
40 43 38 0.0 0.0 0.0 9.0 28.0 1.0 0.0
40 43 39 0.0 0.0 0.0 8.0 213.0 1.0 1.0
40 43 40 0.0 0.0 0.0 20.0 167.0 4.0 0.0
40 43 41 0.0 0.0 0.0 15.0 144.0 3.0 0.0
40 43 42 0.0 0.0 0.0 7.0 46.0 3.0 0.0
40 43 43 0.0 0.0 0.0 0.0 6.0 1.0 0.0
41 37 37 0.0 0.0 0.0 0.0 5.0 0.0 0.0
41 37 38 0.0 0.0 0.0 4.0 33.0 0.0 0.0
41 37 39 0.0 0.0 0.0 6.0 91.0 1.0 0.0
41 37 40 0.0 0.0 0.0 14.0 210.0 6.0 0.0
41 37 41 0.0 0.0 3.0 40.0 130.0 1.0 0.0
41 37 42 0.0 0.0 0.0 1.0 70.0 0.0 0.0
41 37 43 0.0 0.0 0.0 0.0 14.0 0.0 0.0
41 38 37 0.0 0.0 0.0 12.0 26.0 1.0 0.0
41 38 38 0.0 2.0 2.0 521.0 3954.0 85.0 71.0
41 38 39 0.0 1.0 9.0 1316.0 10828.0 167.0 445.0
41 38 40 0.0 4.0 22.0 1965.0 16274.0 264.0 1101.0
41 38 41 0.0 8.0 10.0 1452.0 14165.0 252.0 869.0
41 38 42 0.0 4.0 2.0 475.0 7174.0 133.0 156.0
41 38 43 0.0 0.0 0.0 6.0 71.0 3.0 0.0
41 39 37 0.0 0.0 0.0 10.0 94.0 0.0 0.0
41 39 38 0.0 1.0 2.0 1052.0 9464.0 163.0 339.0
41 39 39 0.0 10.0 27.0 4687.0 37646.0 445.0 33127.0
41 39 40 0.0 24.0 56.0 4816.0 37344.0 423.0 41134.0
41 39 41 0.0 26.0 67.0 2825.0 35100.0 381.0 45917.0
41 39 42 0.0 7.0 16.0 1408.0 13531.0 231.0 737.0
41 39 43 0.0 0.0 3.0 15.0 178.0 4.0 0.0
41 40 37 0.0 0.0 0.0 19.0 167.0 5.0 0.0
41 40 38 0.0 2.0 8.0 1837.0 14437.0 233.0 791.0
41 40 39 0.0 3.0 25.0 3646.0 38078.0 419.0 41008.0
41 40 40 0.0 8.0 32.0 3674.0 37706.0 396.0 47596.0
41 40 41 0.0 9.0 47.0 3887.0 40050.0 428.0 35622.0
41 40 42 0.0 2.0 10.0 1519.0 16128.0 278.0 1058.0
41 40 43 0.0 0.0 0.0 18.0 171.0 3.0 0.0
41 41 37 0.0 0.0 0.0 18.0 97.0 1.0 0.0
41 41 38 0.0 0.0 16.0 939.0 10908.0 190.0 457.0
41 41 39 0.0 3.0 56.0 3230.0 39621.0 428.0 30001.0
41 41 40 0.0 15.0 37.0 3626.0 38781.0 394.0 39179.0
41 41 41 0.0 17.0 19.0 4615.0 38253.0 444.0 31570.0
41 41 42 0.0 15.0 1.0 1369.0 10332.0 175.0 479.0
41 41 43 0.0 0.0 0.0 11.0 112.0 0.0 0.0
41 42 37 0.0 0.0 0.0 10.0 32.0 0.0 0.0
41 42 38 0.0 0.0 5.0 609.0 4243.0 72.0 68.0
41 42 39 0.0 7.0 14.0 888.0 10434.0 201.0 447.0
41 42 40 0.0 0.0 5.0 1428.0 14261.0 223.0 809.0
41 42 41 0.0 5.0 7.0 1202.0 10411.0 196.0 445.0
41 42 42 0.0 2.0 2.0 577.0 4523.0 85.0 70.0
41 42 43 0.0 0.0 0.0 5.0 36.0 0.0 0.0
41 43 37 0.0 0.0 0.0 0.0 1.0 0.0 0.0
41 43 38 0.0 0.0 0.0 7.0 51.0 1.0 0.0
41 43 39 0.0 0.0 0.0 7.0 132.0 0.0 1.0
41 43 40 0.0 0.0 0.0 12.0 142.0 2.0 0.0
41 43 41 0.0 0.0 0.0 9.0 114.0 0.0 0.0
41 43 42 0.0 0.0 0.0 6.0 45.0 0.0 0.0
41 43 43 0.0 0.0 0.0 1.0 1.0 0.0 0.0
42 37 37 0.0 0.0 0.0 2.0 1.0 0.0 0.0
42 37 38 0.0 0.0 0.0 4.0 17.0 0.0 0.0
42 37 39 0.0 0.0 0.0 5.0 49.0 3.0 0.0
42 37 40 0.0 0.0 1.0 6.0 68.0 2.0 0.0
42 37 41 0.0 0.0 0.0 16.0 63.0 1.0 0.0
42 37 42 0.0 0.0 0.0 1.0 28.0 1.0 0.0
42 37 43 0.0 0.0 0.0 0.0 3.0 0.0 0.0
42 38 37 0.0 0.0 0.0 1.0 20.0 0.0 0.0
42 38 38 0.0 0.0 1.0 210.0 2603.0 42.0 30.0
42 38 39 0.0 0.0 1.0 544.0 5221.0 96.0 87.0
42 38 40 0.0 4.0 3.0 927.0 8476.0 127.0 267.0
42 38 41 0.0 0.0 4.0 551.0 7179.0 141.0 169.0
42 38 42 0.0 0.0 5.0 269.0 3758.0 68.0 55.0
42 38 43 0.0 0.0 0.0 1.0 38.0 1.0 0.0
42 39 37 0.0 0.0 0.0 5.0 33.0 0.0 0.0
42 39 38 0.0 0.0 0.0 438.0 5625.0 99.0 125.0
42 39 39 0.0 0.0 5.0 1440.0 11079.0 207.0 547.0
42 39 40 0.0 2.0 11.0 1973.0 17707.0 295.0 1442.0
42 39 41 0.0 4.0 15.0 1303.0 13569.0 243.0 761.0
42 39 42 0.0 0.0 4.0 490.0 7251.0 111.0 205.0
42 39 43 0.0 0.0 0.0 4.0 83.0 1.0 0.0
42 40 37 0.0 0.0 0.0 1.0 38.0 0.0 0.0
42 40 38 0.0 0.0 7.0 578.0 6211.0 117.0 142.0
42 40 39 0.0 0.0 3.0 1197.0 16224.0 269.0 1028.0
42 40 40 0.0 5.0 7.0 2115.0 20348.0 336.0 1823.0
42 40 41 1.0 7.0 10.0 1385.0 16635.0 281.0 1037.0
42 40 42 0.0 0.0 9.0 669.0 7933.0 133.0 219.0
42 40 43 0.0 0.0 0.0 18.0 77.0 2.0 0.0
42 41 37 0.0 0.0 0.0 7.0 43.0 1.0 0.0
42 41 38 0.0 0.0 3.0 377.0 4371.0 77.0 64.0
42 41 39 0.0 0.0 8.0 744.0 10636.0 159.0 380.0
42 41 40 0.0 2.0 9.0 1166.0 16023.0 250.0 1112.0
42 41 41 0.0 2.0 7.0 990.0 11363.0 183.0 501.0
42 41 42 0.0 1.0 0.0 348.0 4623.0 78.0 75.0
42 41 43 0.0 0.0 0.0 2.0 65.0 1.0 0.0
42 42 37 0.0 0.0 0.0 2.0 11.0 0.0 0.0
42 42 38 0.0 0.0 1.0 216.0 1498.0 21.0 7.0
42 42 39 0.0 0.0 4.0 418.0 4670.0 65.0 81.0
42 42 40 0.0 11.0 1.0 555.0 6641.0 91.0 150.0
42 42 41 0.0 0.0 2.0 758.0 4425.0 82.0 76.0
42 42 42 0.0 0.0 0.0 159.0 1688.0 23.0 5.0
42 42 43 0.0 0.0 0.0 2.0 5.0 0.0 0.0
42 43 38 0.0 0.0 0.0 1.0 12.0 0.0 0.0
42 43 39 0.0 0.0 0.0 4.0 42.0 2.0 0.0
42 43 40 0.0 0.0 0.0 4.0 48.0 1.0 0.0
42 43 41 0.0 0.0 0.0 4.0 50.0 1.0 0.0
42 43 42 0.0 0.0 0.0 0.0 13.0 0.0 0.0
42 43 43 0.0 0.0 0.0 0.0 1.0 0.0 0.0
43 37 38 0.0 0.0 0.0 1.0 3.0 0.0 0.0
43 37 39 0.0 0.0 0.0 0.0 8.0 0.0 0.0
43 37 40 0.0 0.0 0.0 0.0 8.0 0.0 0.0
43 37 41 0.0 0.0 0.0 0.0 16.0 0.0 0.0
43 37 42 0.0 0.0 0.0 0.0 7.0 0.0 0.0
43 37 43 0.0 0.0 0.0 0.0 1.0 0.0 0.0
43 38 37 0.0 0.0 0.0 0.0 3.0 0.0 0.0
43 38 38 0.0 0.0 0.0 2.0 12.0 0.0 0.0
43 38 39 0.0 0.0 0.0 10.0 74.0 0.0 0.0
43 38 40 0.0 0.0 0.0 6.0 107.0 5.0 0.0
43 38 41 0.0 0.0 0.0 9.0 94.0 2.0 0.0
43 38 42 0.0 0.0 0.0 4.0 31.0 1.0 0.0
43 38 43 0.0 0.0 0.0 0.0 8.0 0.0 0.0
43 39 37 0.0 0.0 0.0 1.0 6.0 0.0 0.0
43 39 38 0.0 0.0 0.0 0.0 47.0 0.0 0.0
43 39 39 0.0 0.0 0.0 18.0 150.0 4.0 0.0
43 39 40 0.0 0.0 0.0 20.0 187.0 0.0 0.0
43 39 41 0.0 0.0 0.0 15.0 183.0 2.0 0.0
43 39 42 0.0 0.0 0.0 0.0 83.0 2.0 0.0
43 39 43 0.0 0.0 0.0 0.0 11.0 0.0 0.0
43 40 37 0.0 0.0 0.0 0.0 9.0 0.0 0.0
43 40 38 0.0 0.0 0.0 5.0 49.0 1.0 0.0
43 40 39 0.0 0.0 0.0 18.0 154.0 1.0 0.0
43 40 40 0.0 0.0 0.0 22.0 269.0 4.0 0.0
43 40 41 0.0 1.0 0.0 28.0 196.0 4.0 0.0
43 40 42 0.0 0.0 0.0 15.0 88.0 1.0 0.0
43 40 43 0.0 0.0 0.0 2.0 15.0 0.0 0.0
43 41 37 0.0 0.0 0.0 0.0 13.0 0.0 0.0
43 41 38 0.0 0.0 0.0 1.0 33.0 0.0 0.0
43 41 39 0.0 0.0 0.0 12.0 153.0 2.0 0.0
43 41 40 0.0 0.0 0.0 20.0 182.0 1.0 0.0
43 41 41 0.0 0.0 0.0 9.0 165.0 4.0 0.0
43 41 42 0.0 0.0 0.0 6.0 42.0 3.0 0.0
43 41 43 0.0 0.0 0.0 1.0 6.0 0.0 0.0
43 42 37 0.0 0.0 0.0 0.0 3.0 0.0 0.0
43 42 38 0.0 0.0 0.0 1.0 13.0 0.0 0.0
43 42 39 0.0 0.0 0.0 4.0 31.0 1.0 0.0
43 42 40 0.0 0.0 0.0 5.0 69.0 1.0 0.0
43 42 41 0.0 0.0 0.0 5.0 52.0 0.0 0.0
43 42 42 0.0 0.0 0.0 1.0 30.0 1.0 0.0
43 42 43 0.0 0.0 0.0 0.0 4.0 0.0 0.0
43 43 38 0.0 0.0 0.0 1.0 3.0 0.0 0.0
43 43 39 0.0 0.0 0.0 0.0 2.0 0.0 0.0
43 43 40 0.0 0.0 0.0 1.0 5.0 0.0 0.0
43 43 41 0.0 0.0 0.0 0.0 8.0 0.0 0.0
43 43 42 0.0 0.0 0.0 0.0 2.0 0.0 0.0
