34 37 36 0.0 0.0 0.0 0.0 1.0 0.0 0.0
34 38 39 0.0 0.0 0.0 0.0 2.0 0.0 0.0
34 39 39 0.0 0.0 0.0 0.0 1.0 0.0 0.0
34 39 40 0.0 0.0 0.0 1.0 0.0 0.0 0.0
34 39 41 0.0 0.0 0.0 1.0 1.0 0.0 0.0
34 40 39 0.0 0.0 0.0 0.0 9.0 0.0 0.0
34 40 40 0.0 0.0 0.0 0.0 3.0 0.0 0.0
34 40 41 0.0 0.0 0.0 0.0 4.0 0.0 0.0
34 40 42 0.0 0.0 0.0 0.0 1.0 0.0 0.0
34 41 39 0.0 0.0 0.0 0.0 2.0 0.0 0.0
34 41 41 0.0 0.0 0.0 0.0 3.0 0.0 0.0
34 41 42 0.0 0.0 0.0 0.0 2.0 0.0 0.0
34 43 38 0.0 0.0 0.0 0.0 1.0 0.0 0.0
35 35 40 0.0 0.0 0.0 0.0 1.0 0.0 0.0
35 36 37 0.0 0.0 0.0 1.0 4.0 1.0 0.0
35 36 38 0.0 0.0 0.0 0.0 14.0 0.0 0.0
35 36 39 0.0 0.0 0.0 1.0 24.0 0.0 0.0
35 36 40 0.0 0.0 0.0 8.0 38.0 2.0 0.0
35 36 41 0.0 0.0 0.0 1.0 30.0 1.0 0.0
35 36 42 0.0 0.0 0.0 0.0 3.0 0.0 0.0
35 36 43 0.0 0.0 0.0 0.0 2.0 0.0 0.0
35 37 36 0.0 0.0 0.0 0.0 4.0 0.0 0.0
35 37 37 0.0 0.0 0.0 1.0 28.0 0.0 0.0
35 37 38 0.0 0.0 0.0 5.0 123.0 2.0 0.0
35 37 39 0.0 0.0 0.0 33.0 249.0 4.0 1.0
35 37 40 0.0 0.0 0.0 17.0 317.0 6.0 0.0
35 37 41 0.0 0.0 0.0 30.0 249.0 3.0 0.0
35 37 42 0.0 0.0 0.0 20.0 110.0 1.0 0.0
35 37 43 0.0 0.0 0.0 2.0 18.0 0.0 0.0
35 37 44 0.0 0.0 0.0 0.0 6.0 0.0 0.0
35 38 35 0.0 0.0 0.0 0.0 1.0 0.0 0.0
35 38 36 0.0 0.0 0.0 0.0 12.0 0.0 0.0
35 38 37 0.0 0.0 0.0 13.0 131.0 3.0 0.0
35 38 38 0.0 0.0 0.0 57.0 404.0 9.0 0.0
35 38 39 0.0 0.0 0.0 76.0 840.0 16.0 3.0
35 38 40 0.0 0.0 0.0 120.0 929.0 23.0 0.0
35 38 41 0.0 0.0 0.0 89.0 725.0 17.0 2.0
35 38 42 0.0 0.0 0.0 30.0 390.0 6.0 0.0
35 38 43 0.0 0.0 0.0 6.0 98.0 1.0 0.0
35 38 44 0.0 0.0 0.0 0.0 6.0 0.0 0.0
35 39 36 0.0 0.0 0.0 1.0 52.0 1.0 0.0
35 39 37 0.0 0.0 0.0 26.0 203.0 7.0 0.0
35 39 38 0.0 0.0 0.0 54.0 780.0 7.0 2.0
35 39 39 0.0 0.0 0.0 161.0 1508.0 23.0 1.0
35 39 40 0.0 0.0 0.0 180.0 1830.0 41.0 7.0
35 39 41 0.0 0.0 0.0 163.0 1494.0 30.0 8.0
35 39 42 0.0 0.0 0.0 78.0 790.0 11.0 1.0
35 39 43 0.0 0.0 0.0 15.0 246.0 7.0 0.0
35 39 44 0.0 0.0 0.0 1.0 16.0 0.0 0.0
35 40 36 0.0 0.0 0.0 11.0 79.0 0.0 0.0
35 40 37 0.0 0.0 0.0 53.0 354.0 7.0 0.0
35 40 38 0.0 0.0 0.0 100.0 981.0 19.0 0.0
35 40 39 0.0 0.0 0.0 168.0 1830.0 31.0 7.0
35 40 40 0.0 0.0 0.0 183.0 2075.0 27.0 5.0
35 40 41 0.0 0.0 0.0 132.0 1964.0 44.0 8.0
35 40 42 0.0 0.0 0.0 94.0 786.0 12.0 1.0
35 40 43 0.0 0.0 0.0 38.0 194.0 2.0 0.0
35 40 44 0.0 0.0 0.0 5.0 22.0 0.0 0.0
35 40 45 0.0 0.0 0.0 0.0 3.0 0.0 0.0
35 41 35 0.0 0.0 0.0 0.0 2.0 0.0 0.0
35 41 36 0.0 0.0 0.0 2.0 43.0 0.0 0.0
35 41 37 0.0 0.0 0.0 14.0 246.0 2.0 1.0
35 41 38 0.0 0.0 0.0 73.0 778.0 9.0 3.0
35 41 39 0.0 0.0 0.0 129.0 1685.0 38.0 7.0
35 41 40 0.0 0.0 0.0 128.0 1853.0 28.0 10.0
35 41 41 0.0 0.0 0.0 131.0 1453.0 24.0 2.0
35 41 42 0.0 0.0 0.0 103.0 695.0 17.0 2.0
35 41 43 0.0 0.0 0.0 23.0 159.0 4.0 0.0
35 41 44 0.0 0.0 0.0 0.0 18.0 0.0 0.0
35 42 35 0.0 0.0 0.0 0.0 2.0 0.0 0.0
35 42 36 0.0 0.0 0.0 0.0 11.0 0.0 0.0
35 42 37 0.0 0.0 0.0 7.0 148.0 1.0 0.0
35 42 38 0.0 0.0 0.0 36.0 437.0 9.0 0.0
35 42 39 0.0 0.0 0.0 58.0 645.0 7.0 2.0
35 42 40 0.0 0.0 0.0 65.0 969.0 14.0 2.0
35 42 41 0.0 0.0 0.0 56.0 706.0 10.0 0.0
35 42 42 0.0 0.0 0.0 25.0 350.0 8.0 0.0
35 42 43 0.0 0.0 0.0 12.0 106.0 0.0 0.0
35 42 44 0.0 0.0 0.0 0.0 10.0 0.0 0.0
35 43 36 0.0 0.0 0.0 1.0 3.0 0.0 0.0
35 43 37 0.0 0.0 0.0 2.0 26.0 1.0 0.0
35 43 38 0.0 0.0 0.0 27.0 71.0 1.0 0.0
35 43 39 0.0 0.0 0.0 27.0 175.0 6.0 0.0
35 43 40 0.0 0.0 0.0 33.0 280.0 6.0 0.0
35 43 41 0.0 0.0 0.0 8.0 231.0 4.0 0.0
35 43 42 0.0 0.0 0.0 10.0 75.0 2.0 0.0
35 43 43 0.0 0.0 0.0 0.0 9.0 0.0 0.0
35 43 44 0.0 0.0 0.0 0.0 1.0 0.0 0.0
35 44 36 0.0 0.0 0.0 0.0 1.0 0.0 0.0
35 44 37 0.0 0.0 0.0 0.0 1.0 0.0 0.0
35 44 38 0.0 0.0 0.0 0.0 8.0 0.0 0.0
35 44 39 0.0 0.0 0.0 2.0 29.0 1.0 0.0
35 44 40 0.0 0.0 0.0 0.0 27.0 0.0 0.0
35 44 41 0.0 0.0 0.0 1.0 33.0 0.0 0.0
35 44 42 0.0 0.0 0.0 0.0 13.0 0.0 0.0
35 44 43 0.0 0.0 0.0 0.0 1.0 0.0 0.0
35 44 44 0.0 0.0 0.0 0.0 1.0 0.0 0.0
35 45 41 0.0 0.0 0.0 0.0 1.0 0.0 0.0
36 35 37 0.0 0.0 0.0 1.0 3.0 0.0 0.0
36 35 38 0.0 0.0 0.0 0.0 17.0 0.0 0.0
36 35 39 0.0 0.0 0.0 0.0 26.0 1.0 0.0
36 35 40 0.0 0.0 0.0 4.0 20.0 1.0 0.0
36 35 41 0.0 0.0 0.0 3.0 39.0 2.0 0.0
36 35 42 0.0 0.0 0.0 0.0 10.0 0.0 0.0
36 35 43 0.0 0.0 0.0 0.0 7.0 0.0 0.0
36 36 36 0.0 0.0 0.0 4.0 44.0 3.0 0.0
36 36 37 0.0 0.0 0.0 35.0 389.0 7.0 0.0
36 36 38 0.0 0.0 0.0 37.0 893.0 16.0 1.0
36 36 39 0.0 0.0 0.0 129.0 1987.0 28.0 14.0
36 36 40 0.0 0.0 0.0 129.0 2316.0 34.0 12.0
36 36 41 0.0 0.0 0.0 144.0 1745.0 32.0 7.0
36 36 42 0.0 0.0 0.0 69.0 1031.0 23.0 3.0
36 36 43 0.0 0.0 0.0 30.0 279.0 3.0 0.0
36 36 44 0.0 0.0 0.0 2.0 26.0 0.0 0.0
36 36 45 0.0 0.0 0.0 0.0 1.0 0.0 0.0
36 37 35 0.0 0.0 0.0 0.0 4.0 0.0 0.0
36 37 36 0.0 0.0 0.0 27.0 332.0 4.0 1.0
36 37 37 0.0 0.0 0.0 149.0 2298.0 36.0 16.0
36 37 38 0.0 0.0 0.0 484.0 5632.0 94.0 99.0
36 37 39 0.0 0.0 0.0 814.0 10247.0 172.0 353.0
36 37 40 0.0 0.0 1.0 917.0 11765.0 197.0 464.0
36 37 41 0.0 0.0 0.0 828.0 9603.0 165.0 335.0
36 37 42 0.0 0.0 0.0 643.0 5936.0 118.0 134.0
36 37 43 0.0 0.0 0.0 181.0 1761.0 36.0 8.0
36 37 44 0.0 0.0 0.0 15.0 282.0 7.0 0.0
36 37 45 0.0 0.0 0.0 0.0 1.0 0.0 0.0
36 38 35 0.0 0.0 0.0 0.0 13.0 0.0 0.0
36 38 36 0.0 0.0 0.0 72.0 970.0 19.0 1.0
36 38 37 0.0 0.0 2.0 546.0 6820.0 104.0 141.0
36 38 38 0.0 0.0 0.0 1401.0 16143.0 263.0 1047.0
36 38 39 0.0 0.0 0.0 1926.0 23434.0 372.0 2471.0
36 38 40 0.0 0.0 3.0 2230.0 26915.0 388.0 3638.0
36 38 41 0.0 0.0 0.0 1905.0 22972.0 386.0 2291.0
36 38 42 0.0 0.0 0.0 1310.0 14863.0 273.0 834.0
36 38 43 0.0 0.0 0.0 680.0 5669.0 108.0 94.0
36 38 44 0.0 0.0 0.0 88.0 809.0 22.0 2.0
36 38 45 0.0 0.0 0.0 2.0 9.0 0.0 0.0
36 39 35 0.0 0.0 0.0 2.0 38.0 1.0 0.0
36 39 36 0.0 0.0 0.0 177.0 2077.0 43.0 10.0
36 39 37 0.0 0.0 0.0 863.0 11866.0 192.0 506.0
36 39 38 0.0 1.0 3.0 2624.0 23581.0 372.0 2728.0
36 39 39 0.0 0.0 5.0 2888.0 32734.0 479.0 6453.0
36 39 40 0.0 0.0 0.0 3626.0 34037.0 491.0 7890.0
36 39 41 0.0 0.0 0.0 3229.0 31373.0 415.0 6040.0
36 39 42 0.0 0.0 0.0 2223.0 22710.0 368.0 2361.0
36 39 43 0.0 0.0 3.0 859.0 9653.0 153.0 356.0
36 39 44 0.0 0.0 0.0 137.0 1620.0 24.0 6.0
36 39 45 0.0 0.0 0.0 2.0 30.0 1.0 0.0
36 40 35 0.0 0.0 0.0 2.0 50.0 0.0 0.0
36 40 36 0.0 0.0 0.0 185.0 2725.0 44.0 20.0
36 40 37 0.0 0.0 1.0 1113.0 13199.0 230.0 643.0
36 40 38 0.0 1.0 1.0 2180.0 26818.0 373.0 3544.0
36 40 39 0.0 0.0 0.0 3014.0 35024.0 536.0 8041.0
36 40 40 0.0 1.0 5.0 3105.0 37136.0 517.0 10029.0
36 40 41 0.0 0.0 0.0 3026.0 34091.0 475.0 7375.0
36 40 42 0.0 0.0 1.0 2562.0 25195.0 404.0 3118.0
36 40 43 0.0 0.0 0.0 1390.0 11170.0 194.0 453.0
36 40 44 0.0 0.0 0.0 255.0 2172.0 32.0 18.0
36 40 45 0.0 0.0 0.0 6.0 34.0 0.0 0.0
36 41 35 0.0 0.0 0.0 1.0 33.0 1.0 0.0
36 41 36 0.0 0.0 0.0 152.0 2149.0 47.0 15.0
36 41 37 0.0 0.0 1.0 827.0 10948.0 170.0 417.0
36 41 38 0.0 1.0 1.0 1796.0 24753.0 414.0 2734.0
36 41 39 0.0 0.0 0.0 2635.0 32423.0 486.0 6030.0
36 41 40 0.0 1.0 1.0 2847.0 34646.0 467.0 7700.0
36 41 41 0.0 0.0 3.0 2961.0 31573.0 451.0 5897.0
36 41 42 0.0 2.0 0.0 2056.0 22176.0 355.0 2238.0
36 41 43 0.0 0.0 0.0 766.0 10006.0 195.0 325.0
36 41 44 0.0 0.0 0.0 104.0 1669.0 25.0 5.0
36 41 45 0.0 0.0 0.0 1.0 25.0 3.0 0.0
36 42 35 0.0 0.0 0.0 0.0 16.0 0.0 0.0
36 42 36 0.0 0.0 0.0 117.0 1256.0 25.0 7.0
36 42 37 0.0 0.0 0.0 564.0 6805.0 100.0 152.0
36 42 38 0.0 0.0 0.0 1349.0 15780.0 259.0 994.0
36 42 39 0.0 0.0 0.0 2182.0 22387.0 377.0 2340.0
36 42 40 0.0 2.0 0.0 2237.0 25147.0 397.0 2948.0
36 42 41 0.0 0.0 3.0 1991.0 21967.0 318.0 2213.0
36 42 42 0.0 0.0 0.0 992.0 14463.0 229.0 741.0
36 42 43 0.0 0.0 0.0 485.0 6193.0 88.0 128.0
36 42 44 0.0 0.0 0.0 48.0 892.0 12.0 1.0
36 42 45 0.0 0.0 0.0 0.0 11.0 0.0 0.0
36 43 35 0.0 0.0 0.0 0.0 2.0 0.0 0.0
36 43 36 0.0 0.0 0.0 37.0 286.0 3.0 0.0
36 43 37 0.0 0.0 1.0 259.0 2255.0 37.0 17.0
36 43 38 0.0 0.0 0.0 450.0 5833.0 99.0 109.0
36 43 39 0.0 0.0 0.0 956.0 9690.0 163.0 329.0
36 43 40 0.0 0.0 0.0 834.0 11242.0 190.0 441.0
36 43 41 0.0 0.0 0.0 879.0 10487.0 192.0 386.0
36 43 42 0.0 2.0 0.0 375.0 5847.0 100.0 97.0
36 43 43 0.0 0.0 0.0 143.0 1983.0 39.0 13.0
36 43 44 0.0 0.0 0.0 8.0 241.0 9.0 0.0
36 43 45 0.0 0.0 0.0 0.0 3.0 0.0 0.0
36 44 36 0.0 0.0 0.0 5.0 58.0 1.0 0.0
36 44 37 0.0 0.0 0.0 20.0 316.0 7.0 0.0
36 44 38 0.0 0.0 0.0 77.0 1081.0 18.0 4.0
36 44 39 0.0 0.0 0.0 141.0 1960.0 28.0 6.0
36 44 40 0.0 0.0 0.0 194.0 2119.0 37.0 10.0
36 44 41 0.0 0.0 0.0 147.0 1593.0 23.0 5.0
36 44 42 0.0 0.0 0.0 82.0 918.0 15.0 1.0
36 44 43 0.0 0.0 0.0 22.0 238.0 2.0 0.0
36 44 44 0.0 0.0 0.0 4.0 32.0 0.0 0.0
36 45 37 0.0 0.0 0.0 0.0 5.0 0.0 0.0
36 45 38 0.0 0.0 0.0 0.0 12.0 0.0 0.0
36 45 39 0.0 0.0 0.0 4.0 20.0 1.0 0.0
36 45 40 0.0 0.0 0.0 1.0 30.0 0.0 0.0
36 45 41 0.0 0.0 0.0 0.0 31.0 1.0 0.0
36 45 42 0.0 0.0 0.0 0.0 16.0 1.0 0.0
36 45 43 0.0 0.0 0.0 0.0 11.0 1.0 0.0
37 35 36 0.0 0.0 0.0 0.0 1.0 0.0 0.0
37 35 37 0.0 0.0 0.0 7.0 54.0 5.0 0.0
37 35 38 0.0 0.0 0.0 3.0 79.0 2.0 0.0
37 35 39 0.0 0.0 0.0 17.0 194.0 6.0 1.0
37 35 40 0.0 0.0 0.0 22.0 292.0 4.0 1.0
37 35 41 0.0 0.0 0.0 20.0 216.0 3.0 0.0
37 35 42 0.0 0.0 0.0 13.0 89.0 1.0 0.0
37 35 43 0.0 0.0 0.0 1.0 20.0 1.0 0.0
37 35 44 0.0 0.0 0.0 0.0 2.0 0.0 0.0
37 35 45 0.0 0.0 0.0 0.0 1.0 0.0 0.0
37 36 35 0.0 0.0 0.0 0.0 2.0 0.0 0.0
37 36 36 0.0 0.0 0.0 29.0 310.0 10.0 0.0
37 36 37 0.0 0.0 0.0 129.0 1798.0 32.0 11.0
37 36 38 0.0 0.0 0.0 597.0 5371.0 107.0 102.0
37 36 39 0.0 0.0 0.0 831.0 9693.0 183.0 308.0
37 36 40 0.0 0.0 0.0 764.0 12307.0 210.0 466.0
37 36 41 0.0 0.0 0.0 836.0 10232.0 185.0 337.0
37 36 42 0.0 0.0 0.0 408.0 6234.0 127.0 119.0
37 36 43 0.0 0.0 0.0 242.0 1861.0 32.0 9.0
37 36 44 0.0 0.0 0.0 30.0 316.0 8.0 1.0
37 36 45 0.0 0.0 0.0 0.0 1.0 0.0 0.0
37 37 35 0.0 0.0 0.0 0.0 22.0 0.0 0.0
37 37 36 0.0 0.0 0.0 213.0 2232.0 43.0 10.0
37 37 37 0.0 0.0 0.0 1351.0 19018.0 300.0 1529.0
37 37 38 0.0 0.0 0.0 2603.0 34467.0 488.0 8147.0
37 37 39 0.0 0.0 0.0 2923.0 40320.0 495.0 15384.0
37 37 40 0.0 1.0 2.0 3237.0 41757.0 486.0 19800.0
37 37 41 0.0 1.0 0.0 3179.0 40841.0 540.0 17202.0
37 37 42 0.0 0.0 0.0 2827.0 34482.0 457.0 8075.0
37 37 43 0.0 0.0 0.0 1245.0 16006.0 263.0 1034.0
37 37 44 0.0 0.0 0.0 173.0 2214.0 56.0 19.0
37 37 45 0.0 0.0 0.0 0.0 34.0 0.0 0.0
37 38 35 0.0 0.0 0.0 18.0 130.0 4.0 0.0
37 38 36 0.0 0.0 0.0 513.0 6080.0 120.0 127.0
37 38 37 0.0 0.0 3.0 3044.0 34175.0 478.0 8418.0
37 38 38 0.0 0.0 3.0 4521.0 41195.0 494.0 31631.0
37 38 39 0.0 0.0 0.0 3647.0 38727.0 410.0 47421.0
37 38 40 0.0 2.0 1.0 3497.0 36892.0 372.0 52644.0
37 38 41 0.0 0.0 0.0 3900.0 38492.0 402.0 46198.0
37 38 42 0.0 1.0 3.0 4411.0 41498.0 472.0 27787.0
37 38 43 0.0 0.0 0.0 2410.0 33100.0 499.0 7112.0
37 38 44 0.0 0.0 0.0 388.0 6064.0 119.0 98.0
37 38 45 0.0 0.0 0.0 1.0 94.0 1.0 0.0
37 39 35 0.0 0.0 0.0 27.0 278.0 5.0 0.0
37 39 36 0.0 0.0 0.0 914.0 11541.0 168.0 512.0
37 39 37 0.0 0.0 0.0 3674.0 41460.0 540.0 19734.0
37 39 38 0.0 0.0 10.0 3039.0 38373.0 388.0 50166.0
37 39 39 0.0 0.0 3.0 3147.0 31335.0 288.0 65973.0
37 39 40 0.0 0.0 4.0 2916.0 29427.0 278.0 70032.0
37 39 41 0.0 0.0 1.0 3223.0 31768.0 288.0 64900.0
37 39 42 0.0 0.0 2.0 4023.0 38401.0 428.0 46815.0
37 39 43 0.0 0.0 0.0 3722.0 39906.0 504.0 15890.0
37 39 44 0.0 1.0 0.0 792.0 10368.0 163.0 374.0
37 39 45 0.0 0.0 0.0 24.0 223.0 6.0 1.0
37 40 35 0.0 0.0 0.0 21.0 361.0 12.0 0.0
37 40 36 0.0 0.0 0.0 1239.0 12902.0 222.0 608.0
37 40 37 0.0 6.0 0.0 3861.0 41829.0 522.0 22862.0
37 40 38 0.0 3.0 1.0 3151.0 36437.0 348.0 54738.0
37 40 39 0.0 1.0 0.0 2602.0 29558.0 265.0 71240.0
37 40 40 0.0 0.0 1.0 2402.0 27344.0 242.0 75683.0
37 40 41 0.0 1.0 0.0 2803.0 29765.0 284.0 70000.0
37 40 42 0.0 0.0 1.0 3533.0 37040.0 366.0 50923.0
37 40 43 0.0 0.0 1.0 2954.0 42466.0 490.0 20138.0
37 40 44 0.0 0.0 0.0 965.0 11968.0 176.0 512.0
37 40 45 0.0 0.0 0.0 24.0 230.0 4.0 0.0
37 40 46 0.0 0.0 0.0 0.0 1.0 0.0 0.0
37 41 35 0.0 0.0 0.0 21.0 253.0 7.0 1.0
37 41 36 0.0 0.0 0.0 824.0 10950.0 191.0 473.0
37 41 37 0.0 7.0 0.0 2878.0 42141.0 533.0 20993.0
37 41 38 0.0 0.0 0.0 2960.0 39063.0 407.0 48174.0
37 41 39 0.0 0.0 2.0 2674.0 31494.0 266.0 66329.0
37 41 40 0.0 1.0 2.0 2713.0 29803.0 289.0 69890.0
37 41 41 0.0 1.0 1.0 2791.0 32921.0 310.0 63323.0
37 41 42 0.0 0.0 1.0 3372.0 38650.0 392.0 47375.0
37 41 43 0.0 0.0 3.0 3362.0 40404.0 533.0 16188.0
37 41 44 0.0 0.0 0.0 953.0 10242.0 161.0 365.0
37 41 45 0.0 0.0 0.0 27.0 222.0 3.0 0.0
37 42 35 0.0 0.0 0.0 6.0 138.0 1.0 0.0
37 42 36 0.0 0.0 0.0 471.0 6316.0 95.0 148.0
37 42 37 0.0 0.0 1.0 3121.0 34820.0 496.0 8830.0
37 42 38 0.0 3.0 2.0 3753.0 42118.0 475.0 30434.0
37 42 39 0.0 1.0 0.0 3421.0 38803.0 407.0 47769.0
37 42 40 0.0 0.0 4.0 3356.0 37252.0 369.0 51783.0
37 42 41 0.0 0.0 2.0 2781.0 39696.0 401.0 46485.0
37 42 42 0.0 0.0 0.0 3196.0 43205.0 511.0 28641.0
37 42 43 0.0 0.0 0.0 3379.0 33219.0 483.0 8204.0
37 42 44 0.0 0.0 0.0 374.0 5683.0 98.0 104.0
37 42 45 0.0 0.0 0.0 12.0 80.0 1.0 0.0
37 43 35 0.0 0.0 0.0 2.0 38.0 0.0 0.0
37 43 36 0.0 0.0 0.0 194.0 2621.0 40.0 29.0
37 43 37 0.0 0.0 0.0 1685.0 17882.0 342.0 1485.0
37 43 38 0.0 0.0 6.0 2512.0 33195.0 441.0 7047.0
37 43 39 0.0 0.0 1.0 3727.0 40591.0 502.0 17902.0
37 43 40 0.0 0.0 2.0 3524.0 41635.0 486.0 20024.0
37 43 41 0.0 0.0 1.0 3608.0 40281.0 522.0 15887.0
37 43 42 0.0 5.0 0.0 2696.0 34354.0 483.0 8135.0
37 43 43 0.0 0.0 0.0 1095.0 17150.0 260.0 1172.0
37 43 44 0.0 0.0 0.0 183.0 1996.0 29.0 7.0
37 43 45 0.0 0.0 0.0 2.0 27.0 0.0 0.0
37 44 35 0.0 0.0 0.0 0.0 6.0 0.0 0.0
37 44 36 0.0 0.0 0.0 30.0 259.0 8.0 2.0
37 44 37 0.0 0.0 0.0 158.0 1930.0 35.0 10.0
37 44 38 0.0 0.0 0.0 407.0 5896.0 77.0 102.0
37 44 39 0.0 0.0 0.0 639.0 10006.0 152.0 330.0
37 44 40 0.0 0.0 0.0 988.0 11582.0 203.0 495.0
37 44 41 0.0 0.0 0.0 822.0 9846.0 173.0 332.0
37 44 42 0.0 2.0 0.0 553.0 6405.0 111.0 146.0
37 44 43 0.0 0.0 0.0 176.0 2177.0 35.0 11.0
37 44 44 0.0 0.0 0.0 12.0 244.0 1.0 1.0
37 45 36 0.0 0.0 0.0 0.0 2.0 0.0 0.0
37 45 37 0.0 0.0 0.0 1.0 26.0 0.0 0.0
37 45 38 0.0 0.0 0.0 5.0 111.0 2.0 0.0
37 45 39 0.0 0.0 0.0 18.0 248.0 5.0 1.0
37 45 40 0.0 0.0 0.0 22.0 288.0 5.0 1.0
37 45 41 0.0 0.0 0.0 29.0 225.0 4.0 0.0
37 45 42 0.0 0.0 0.0 5.0 88.0 2.0 0.0
37 45 43 0.0 0.0 0.0 0.0 23.0 0.0 0.0
37 45 44 0.0 0.0 0.0 0.0 6.0 1.0 0.0
38 34 39 0.0 0.0 0.0 1.0 2.0 0.0 0.0
38 34 41 0.0 0.0 0.0 0.0 1.0 0.0 0.0
38 35 36 0.0 0.0 0.0 1.0 11.0 1.0 0.0
38 35 37 0.0 0.0 0.0 6.0 85.0 2.0 0.0
38 35 38 0.0 0.0 0.0 18.0 345.0 3.0 0.0
38 35 39 0.0 0.0 0.0 61.0 749.0 18.0 0.0
38 35 40 0.0 0.0 0.0 61.0 899.0 16.0 3.0
38 35 41 0.0 0.0 0.0 61.0 769.0 12.0 1.0
38 35 42 0.0 0.0 0.0 43.0 404.0 8.0 0.0
38 35 43 0.0 0.0 0.0 7.0 121.0 4.0 0.0
38 35 44 0.0 0.0 0.0 0.0 21.0 0.0 0.0
38 36 35 0.0 0.0 0.0 0.0 10.0 0.0 0.0
38 36 36 0.0 0.0 0.0 74.0 975.0 20.0 4.0
38 36 37 0.0 0.0 0.0 397.0 6364.0 105.0 141.0
38 36 38 0.0 0.0 0.0 1105.0 14760.0 246.0 848.0
38 36 39 0.0 0.0 0.0 2047.0 21991.0 358.0 2091.0
38 36 40 0.0 0.0 0.0 1878.0 25991.0 389.0 3332.0
38 36 41 0.0 0.0 2.0 2065.0 23604.0 388.0 2598.0
38 36 42 0.0 0.0 0.0 1345.0 15467.0 243.0 903.0
38 36 43 0.0 0.0 0.0 537.0 6168.0 90.0 133.0
38 36 44 0.0 0.0 0.0 79.0 1437.0 32.0 3.0
38 36 45 0.0 0.0 0.0 2.0 18.0 0.0 0.0
38 37 35 0.0 0.0 0.0 3.0 139.0 0.0 0.0
38 37 36 0.0 0.0 0.0 464.0 5579.0 101.0 88.0
38 37 37 0.0 0.0 0.0 3138.0 34354.0 478.0 8242.0
38 37 38 0.0 0.0 0.0 3465.0 42242.0 468.0 30289.0
38 37 39 0.0 0.0 4.0 3513.0 39191.0 413.0 45209.0
38 37 40 0.0 0.0 0.0 3350.0 37026.0 382.0 51818.0
38 37 41 0.0 0.0 2.0 2799.0 39228.0 393.0 47162.0
38 37 42 0.0 0.0 0.0 3413.0 42265.0 424.0 31214.0
38 37 43 0.0 0.0 0.0 3201.0 34752.0 475.0 9051.0
38 37 44 0.0 0.0 0.0 540.0 5841.0 91.0 101.0
38 37 45 0.0 0.0 0.0 6.0 134.0 6.0 0.0
38 38 35 0.0 0.0 0.0 44.0 340.0 4.0 0.0
38 38 36 0.0 0.0 0.0 1575.0 15818.0 255.0 982.0
38 38 37 0.0 0.0 2.0 4411.0 41240.0 466.0 31005.0
38 38 38 0.0 1.0 0.0 1922.0 24785.0 204.0 82144.0
38 38 39 0.0 1.0 2.0 1633.0 18525.0 154.0 96286.0
38 38 40 0.0 2.0 1.0 1481.0 16487.0 117.0 101931.0
38 38 41 0.0 1.0 5.0 1791.0 18490.0 145.0 96853.0
38 38 42 0.0 0.0 0.0 2166.0 26247.0 225.0 78261.0
38 38 43 0.0 0.0 3.0 3642.0 42158.0 436.0 30335.0
38 38 44 0.0 1.0 0.0 1458.0 15940.0 290.0 1040.0
38 38 45 0.0 0.0 0.0 34.0 520.0 7.0 1.0
38 38 46 0.0 0.0 0.0 0.0 1.0 0.0 0.0
38 39 35 0.0 0.0 0.0 71.0 922.0 14.0 1.0
38 39 36 0.0 2.0 1.0 2283.0 24745.0 378.0 2827.0
38 39 37 0.0 8.0 2.0 4090.0 37915.0 384.0 48467.0
38 39 38 0.0 1.0 3.0 1785.0 17187.0 139.0 99500.0
38 39 39 0.0 0.0 0.0 1232.0 12393.0 100.0 111872.0
38 39 40 0.0 0.0 1.0 1075.0 11148.0 69.0 115108.0
38 39 41 0.0 0.0 1.0 1264.0 12809.0 99.0 111467.0
38 39 42 0.0 1.0 2.0 1667.0 19117.0 148.0 95671.0
38 39 43 0.0 0.0 1.0 3226.0 39244.0 403.0 46765.0
38 39 44 0.0 1.0 0.0 1818.0 23300.0 366.0 2404.0
38 39 45 0.0 0.0 0.0 46.0 853.0 14.0 3.0
38 39 46 0.0 0.0 0.0 0.0 2.0 0.0 0.0
38 40 35 0.0 0.0 0.0 104.0 1094.0 18.0 1.0
38 40 36 0.0 0.0 1.0 2509.0 28021.0 449.0 4059.0
38 40 37 0.0 1.0 0.0 3050.0 35830.0 362.0 55730.0
38 40 38 0.0 1.0 3.0 1248.0 15407.0 108.0 104302.0
38 40 39 0.0 0.0 1.0 958.0 11051.0 83.0 115405.0
38 40 40 0.0 1.0 0.0 912.0 9585.0 60.0 118077.0
38 40 41 0.0 0.0 2.0 984.0 11085.0 75.0 114458.0
38 40 42 0.0 0.0 1.0 1452.0 16765.0 130.0 100379.0
38 40 43 0.0 1.0 1.0 2823.0 36658.0 365.0 53864.0
38 40 44 0.0 14.0 2.0 2359.0 26350.0 356.0 3486.0
38 40 45 0.0 0.0 0.0 78.0 840.0 15.0 1.0
38 41 35 0.0 0.0 0.0 66.0 826.0 18.0 1.0
38 41 36 0.0 0.0 0.0 1830.0 25527.0 375.0 3004.0
38 41 37 0.0 2.0 3.0 3295.0 37991.0 362.0 49978.0
38 41 38 0.0 3.0 0.0 1423.0 17753.0 146.0 98807.0
38 41 39 0.0 0.0 0.0 1079.0 12509.0 81.0 112010.0
38 41 40 0.0 0.0 0.0 982.0 11227.0 61.0 114377.0
38 41 41 0.0 1.0 3.0 1139.0 12840.0 104.0 110902.0
38 41 42 0.0 0.0 1.0 1450.0 18328.0 141.0 96903.0
38 41 43 0.0 0.0 0.0 3736.0 39058.0 440.0 45230.0
38 41 44 0.0 0.0 0.0 2407.0 22747.0 369.0 2366.0
38 41 45 0.0 0.0 0.0 72.0 780.0 11.0 2.0
38 42 34 0.0 0.0 0.0 0.0 1.0 0.0 0.0
38 42 35 0.0 0.0 0.0 33.0 467.0 3.0 0.0
38 42 36 0.0 0.0 0.0 1304.0 16699.0 274.0 1057.0
38 42 37 0.0 0.0 0.0 3354.0 42476.0 444.0 30969.0
38 42 38 0.0 1.0 0.0 1969.0 24396.0 214.0 81807.0
38 42 39 0.0 1.0 1.0 1620.0 18380.0 127.0 97171.0
38 42 40 0.0 1.0 3.0 1547.0 16444.0 126.0 101612.0
38 42 41 0.0 1.0 1.0 1593.0 18137.0 145.0 97279.0
38 42 42 0.0 1.0 1.0 2136.0 25628.0 225.0 79484.0
38 42 43 0.0 2.0 0.0 3571.0 41998.0 472.0 29962.0
38 42 44 0.0 3.0 4.0 1179.0 15230.0 240.0 908.0
38 42 45 0.0 0.0 0.0 39.0 375.0 8.0 0.0
38 42 46 0.0 0.0 0.0 0.0 2.0 0.0 0.0
38 43 35 0.0 0.0 0.0 7.0 123.0 5.0 0.0
38 43 36 0.0 0.0 0.0 555.0 6226.0 117.0 124.0
38 43 37 0.0 0.0 1.0 3208.0 34714.0 518.0 8624.0
38 43 38 0.0 2.0 0.0 3159.0 42282.0 467.0 31106.0
38 43 39 0.0 2.0 2.0 3368.0 38880.0 384.0 46163.0
38 43 40 0.0 2.0 0.0 3225.0 36966.0 346.0 51661.0
38 43 41 0.0 5.0 1.0 3213.0 38786.0 408.0 47119.0
38 43 42 0.0 2.0 4.0 3361.0 42410.0 483.0 30556.0
38 43 43 0.0 0.0 0.0 3000.0 32887.0 437.0 7250.0
38 43 44 0.0 0.0 0.0 566.0 6073.0 108.0 105.0
38 43 45 0.0 0.0 0.0 10.0 58.0 1.0 0.0
38 44 35 0.0 0.0 0.0 0.0 13.0 0.0 0.0
38 44 36 0.0 0.0 0.0 100.0 1103.0 15.0 3.0
38 44 37 0.0 0.0 0.0 422.0 5743.0 98.0 111.0
38 44 38 0.0 0.0 2.0 1650.0 16202.0 300.0 1013.0
38 44 39 0.0 0.0 1.0 1735.0 22819.0 334.0 2341.0
38 44 40 0.0 0.0 0.0 2207.0 26108.0 419.0 3312.0
38 44 41 0.0 0.0 0.0 1874.0 23134.0 346.0 2354.0
38 44 42 0.0 0.0 0.0 1162.0 14914.0 251.0 829.0
38 44 43 0.0 0.0 0.0 659.0 6312.0 116.0 150.0
38 44 44 0.0 0.0 0.0 118.0 1013.0 21.0 2.0
38 44 45 0.0 0.0 0.0 0.0 15.0 1.0 0.0
38 45 36 0.0 0.0 0.0 1.0 11.0 0.0 0.0
38 45 37 0.0 0.0 0.0 5.0 114.0 2.0 0.0
38 45 38 0.0 0.0 0.0 38.0 386.0 7.0 1.0
38 45 39 0.0 0.0 0.0 65.0 829.0 17.0 0.0
38 45 40 0.0 0.0 0.0 49.0 934.0 18.0 2.0
38 45 41 0.0 0.0 0.0 48.0 774.0 14.0 0.0
38 45 42 0.0 0.0 0.0 38.0 371.0 6.0 0.0
38 45 43 0.0 0.0 0.0 4.0 101.0 2.0 0.0
38 45 44 0.0 0.0 0.0 0.0 11.0 0.0 0.0
38 46 41 0.0 0.0 0.0 0.0 3.0 0.0 0.0
39 34 41 0.0 0.0 0.0 0.0 1.0 0.0 0.0
39 34 42 0.0 0.0 0.0 0.0 1.0 0.0 0.0
39 35 36 0.0 0.0 0.0 2.0 27.0 1.0 0.0
39 35 37 0.0 0.0 0.0 20.0 229.0 3.0 0.0
39 35 38 0.0 0.0 0.0 67.0 722.0 14.0 2.0
39 35 39 0.0 0.0 0.0 130.0 1490.0 26.0 4.0
39 35 40 0.0 0.0 0.0 184.0 2127.0 44.0 6.0
39 35 41 0.0 0.0 0.0 150.0 1620.0 33.0 7.0
39 35 42 0.0 0.0 0.0 108.0 914.0 17.0 3.0
39 35 43 0.0 0.0 0.0 26.0 292.0 4.0 0.0
39 35 44 0.0 0.0 0.0 2.0 39.0 0.0 0.0
39 35 45 0.0 0.0 0.0 0.0 3.0 0.0 0.0
39 36 35 0.0 0.0 0.0 0.0 13.0 0.0 0.0
39 36 36 0.0 0.0 0.0 199.0 1735.0 32.0 13.0
39 36 37 0.0 0.0 0.0 772.0 9427.0 159.0 296.0
39 36 38 0.0 0.0 1.0 1835.0 23471.0 364.0 2433.0
39 36 39 0.0 0.0 1.0 2674.0 32862.0 447.0 6393.0
39 36 40 0.0 1.0 1.0 3299.0 35021.0 500.0 7761.0
39 36 41 0.0 0.0 1.0 3381.0 32186.0 497.0 6476.0
39 36 42 0.0 0.0 0.0 2450.0 23320.0 372.0 2601.0
39 36 43 0.0 1.0 0.0 1177.0 11786.0 216.0 512.0
39 36 44 0.0 0.0 0.0 258.0 2255.0 27.0 10.0
39 36 45 0.0 0.0 0.0 1.0 24.0 1.0 0.0
39 37 35 0.0 0.0 0.0 36.0 189.0 1.0 0.0
39 37 36 0.0 0.0 0.0 1131.0 9943.0 185.0 363.0
39 37 37 0.0 0.0 1.0 3781.0 40342.0 489.0 17781.0
39 37 38 0.0 0.0 2.0 3502.0 38966.0 378.0 46728.0
39 37 39 0.0 1.0 1.0 2944.0 31271.0 306.0 66394.0
39 37 40 0.0 0.0 5.0 2715.0 29398.0 252.0 70939.0
39 37 41 0.0 2.0 0.0 3014.0 31739.0 303.0 65254.0
39 37 42 0.0 0.0 0.0 3851.0 37906.0 420.0 48276.0
39 37 43 0.0 0.0 2.0 3253.0 42074.0 513.0 20636.0
39 37 44 0.0 6.0 0.0 961.0 11279.0 177.0 449.0
39 37 45 0.0 0.0 0.0 16.0 310.0 9.0 0.0
39 38 34 0.0 0.0 0.0 0.0 2.0 0.0 0.0
39 38 35 0.0 0.0 0.0 65.0 753.0 16.0 4.0
39 38 36 0.0 0.0 0.0 2121.0 22612.0 345.0 2360.0
39 38 37 0.0 2.0 1.0 3256.0 38353.0 407.0 48668.0
39 38 38 0.0 0.0 2.0 1928.0 18135.0 164.0 96612.0
39 38 39 0.0 0.0 0.0 1156.0 12517.0 75.0 111942.0
39 38 40 0.0 0.0 3.0 1020.0 11439.0 80.0 113864.0
39 38 41 0.0 0.0 0.0 1228.0 12685.0 67.0 111442.0
39 38 42 0.0 0.0 0.0 1664.0 18148.0 128.0 98163.0
39 38 43 0.0 1.0 1.0 3423.0 38971.0 440.0 47433.0
39 38 44 0.0 0.0 0.0 1843.0 25836.0 389.0 3105.0
39 38 45 0.0 0.0 0.0 79.0 873.0 22.0 1.0
39 39 35 0.0 0.0 0.0 122.0 1492.0 33.0 3.0
39 39 36 0.0 0.0 5.0 3333.0 32484.0 468.0 6627.0
39 39 37 0.0 0.0 5.0 3136.0 31615.0 337.0 65596.0
39 39 38 0.0 0.0 1.0 1155.0 12472.0 84.0 112244.0
39 39 39 0.0 0.0 1.0 523.0 5858.0 28.0 134945.0
39 39 40 0.0 0.0 0.0 438.0 4838.0 21.0 136677.0
39 39 41 0.0 1.0 0.0 564.0 5770.0 34.0 134285.0
39 39 42 0.0 4.0 2.0 1132.0 12566.0 76.0 111919.0
39 39 43 0.0 1.0 1.0 2659.0 32036.0 291.0 65384.0
39 39 44 0.0 0.0 0.0 2898.0 33227.0 525.0 6779.0
39 39 45 0.0 0.0 0.0 180.0 1865.0 33.0 5.0
39 39 46 0.0 0.0 0.0 0.0 4.0 0.0 0.0
39 40 35 0.0 0.0 0.0 147.0 1917.0 33.0 5.0
39 40 36 0.0 6.0 0.0 3502.0 35229.0 512.0 8298.0
39 40 37 0.0 1.0 1.0 2380.0 28412.0 252.0 72589.0
39 40 38 0.0 0.0 3.0 1013.0 10995.0 81.0 115242.0
39 40 39 0.0 0.0 2.0 435.0 4636.0 25.0 138164.0
39 40 40 0.0 0.0 0.0 363.0 3834.0 25.0 138998.0
39 40 41 0.0 0.0 1.0 468.0 4928.0 25.0 137355.0
39 40 42 0.0 0.0 0.0 1084.0 11158.0 80.0 115142.0
39 40 43 0.0 2.0 1.0 2413.0 29234.0 257.0 71298.0
39 40 44 0.0 0.0 1.0 2658.0 35657.0 500.0 8399.0
39 40 45 0.0 0.0 0.0 130.0 1946.0 28.0 8.0
39 41 34 0.0 0.0 0.0 0.0 1.0 0.0 0.0
39 41 35 0.0 0.0 0.0 177.0 1606.0 30.0 9.0
39 41 36 0.0 0.0 0.0 2704.0 32854.0 488.0 6550.0
39 41 37 0.0 0.0 1.0 2528.0 31461.0 287.0 66404.0
39 41 38 0.0 0.0 0.0 1050.0 12367.0 88.0 112542.0
39 41 39 0.0 0.0 0.0 477.0 5617.0 23.0 135903.0
39 41 40 0.0 1.0 0.0 467.0 4862.0 15.0 136177.0
39 41 41 0.0 0.0 0.0 556.0 5641.0 34.0 134815.0
39 41 42 0.0 0.0 0.0 1261.0 12758.0 92.0 110985.0
39 41 43 0.0 6.0 0.0 3058.0 32365.0 333.0 64113.0
39 41 44 0.0 0.0 0.0 2903.0 31509.0 445.0 5733.0
39 41 45 0.0 0.0 0.0 131.0 1540.0 25.0 11.0
39 42 35 0.0 0.0 0.0 73.0 969.0 16.0 0.0
39 42 36 0.0 0.0 0.0 1979.0 23567.0 372.0 2568.0
39 42 37 0.0 0.0 1.0 2999.0 39048.0 413.0 47508.0
39 42 38 0.0 0.0 4.0 1545.0 17879.0 146.0 97441.0
39 42 39 0.0 1.0 3.0 1081.0 12677.0 90.0 111719.0
39 42 40 0.0 1.0 1.0 1035.0 11280.0 67.0 115297.0
39 42 41 0.0 0.0 7.0 1199.0 12492.0 102.0 111887.0
39 42 42 0.0 0.0 4.0 1746.0 18194.0 132.0 96404.0
39 42 43 0.0 1.0 0.0 3390.0 38824.0 401.0 47217.0
39 42 44 0.0 0.0 0.0 2868.0 22508.0 379.0 2377.0
39 42 45 0.0 0.0 0.0 65.0 724.0 14.0 1.0
39 43 35 0.0 0.0 0.0 21.0 252.0 3.0 0.0
39 43 36 0.0 0.0 0.0 885.0 9937.0 151.0 328.0
39 43 37 0.0 0.0 1.0 4428.0 39651.0 538.0 16568.0
39 43 38 0.0 3.0 1.0 3157.0 38722.0 376.0 47397.0
39 43 39 0.0 2.0 1.0 2528.0 31996.0 311.0 65289.0
39 43 40 0.0 0.0 2.0 2475.0 29849.0 267.0 70009.0
39 43 41 0.0 0.0 0.0 2718.0 32138.0 310.0 64385.0
39 43 42 0.0 0.0 2.0 3599.0 38441.0 374.0 48011.0
39 43 43 0.0 1.0 0.0 3664.0 40138.0 510.0 17789.0
39 43 44 0.0 0.0 1.0 865.0 9690.0 169.0 304.0
39 43 45 0.0 0.0 0.0 20.0 196.0 2.0 0.0
39 44 35 0.0 0.0 0.0 0.0 27.0 0.0 0.0
39 44 36 0.0 0.0 0.0 119.0 1652.0 25.0 7.0
39 44 37 0.0 0.0 0.0 925.0 10804.0 184.0 401.0
39 44 38 0.0 9.0 0.0 1902.0 23684.0 351.0 2425.0
39 44 39 0.0 0.0 1.0 2626.0 32129.0 441.0 5954.0
39 44 40 0.0 0.0 1.0 2819.0 35167.0 492.0 8070.0
39 44 41 0.0 7.0 0.0 2448.0 31154.0 454.0 5475.0
39 44 42 0.0 1.0 1.0 2162.0 22866.0 380.0 2482.0
39 44 43 0.0 0.0 0.0 825.0 10463.0 181.0 356.0
39 44 44 0.0 0.0 0.0 168.0 1834.0 40.0 10.0
39 44 45 0.0 0.0 0.0 2.0 31.0 0.0 0.0
39 45 36 0.0 0.0 0.0 1.0 19.0 0.0 0.0
39 45 37 0.0 0.0 0.0 28.0 186.0 2.0 0.0
39 45 38 0.0 0.0 0.0 86.0 857.0 12.0 1.0
39 45 39 0.0 0.0 0.0 114.0 1612.0 40.0 4.0
39 45 40 0.0 0.0 0.0 123.0 1953.0 34.0 5.0
39 45 41 0.0 0.0 0.0 110.0 1593.0 27.0 10.0
39 45 42 0.0 0.0 0.0 62.0 698.0 11.0 0.0
39 45 43 0.0 0.0 0.0 16.0 242.0 4.0 0.0
39 45 44 0.0 0.0 0.0 3.0 11.0 0.0 0.0
39 46 39 0.0 0.0 0.0 1.0 0.0 0.0 0.0
40 34 38 0.0 0.0 0.0 0.0 1.0 0.0 0.0
40 34 39 0.0 0.0 0.0 0.0 1.0 0.0 0.0
40 34 40 0.0 0.0 0.0 0.0 1.0 0.0 0.0
40 34 41 0.0 0.0 0.0 0.0 2.0 0.0 0.0
40 34 42 0.0 0.0 0.0 0.0 1.0 0.0 0.0
40 35 36 0.0 0.0 0.0 1.0 48.0 2.0 0.0
40 35 37 0.0 0.0 0.0 32.0 323.0 7.0 1.0
40 35 38 0.0 0.0 0.0 99.0 1036.0 14.0 3.0
40 35 39 0.0 0.0 0.0 135.0 2211.0 38.0 6.0
40 35 40 0.0 0.0 0.0 239.0 2377.0 32.0 11.0
40 35 41 0.0 0.0 0.0 187.0 2231.0 33.0 11.0
40 35 42 0.0 0.0 0.0 100.0 1053.0 16.0 3.0
40 35 43 0.0 0.0 0.0 38.0 378.0 7.0 0.0
40 35 44 0.0 0.0 0.0 3.0 68.0 0.0 0.0
40 35 45 0.0 0.0 0.0 0.0 2.0 0.0 0.0
40 36 35 0.0 0.0 0.0 2.0 29.0 1.0 0.0
40 36 36 0.0 0.0 0.0 155.0 2499.0 50.0 16.0
40 36 37 0.0 0.0 0.0 1014.0 11890.0 182.0 487.0
40 36 38 0.0 0.0 3.0 2216.0 27047.0 427.0 3597.0
40 36 39 0.0 0.0 0.0 3121.0 35517.0 524.0 8580.0
40 36 40 0.0 0.0 1.0 3125.0 38241.0 476.0 10995.0
40 36 41 0.0 0.0 0.0 2920.0 37289.0 492.0 9397.0
40 36 42 0.0 1.0 3.0 2757.0 28303.0 428.0 4230.0
40 36 43 0.0 0.0 0.0 1432.0 15220.0 261.0 912.0
40 36 44 0.0 0.0 0.0 248.0 3365.0 51.0 22.0
40 36 45 0.0 0.0 0.0 3.0 49.0 0.0 0.0
40 37 35 0.0 0.0 0.0 21.0 269.0 4.0 0.0
40 37 36 0.0 0.0 0.0 1009.0 12250.0 201.0 500.0
40 37 37 0.0 0.0 1.0 3424.0 42210.0 529.0 21005.0
40 37 38 0.0 0.0 0.0 3171.0 36543.0 349.0 53538.0
40 37 39 0.0 1.0 0.0 2849.0 28961.0 276.0 70804.0
40 37 40 0.0 0.0 2.0 2430.0 27122.0 245.0 75856.0
40 37 41 0.0 1.0 2.0 2624.0 29062.0 263.0 71816.0
40 37 42 0.0 1.0 1.0 3232.0 35655.0 345.0 56139.0
40 37 43 0.0 2.0 5.0 4030.0 41615.0 519.0 26088.0
40 37 44 0.0 0.0 0.0 1112.0 14133.0 225.0 778.0
40 37 45 0.0 0.0 0.0 15.0 345.0 8.0 0.0
40 38 35 0.0 0.0 0.0 105.0 1000.0 16.0 1.0
40 38 36 0.0 0.0 4.0 2057.0 26471.0 379.0 3366.0
40 38 37 0.0 0.0 4.0 3761.0 37250.0 397.0 51649.0
40 38 38 0.0 1.0 2.0 1499.0 16329.0 95.0 102177.0
40 38 39 0.0 0.0 3.0 1056.0 10914.0 65.0 115533.0
40 38 40 0.0 0.0 3.0 883.0 9330.0 70.0 118769.0
40 38 41 0.0 1.0 0.0 970.0 11152.0 78.0 115306.0
40 38 42 0.0 1.0 3.0 1330.0 15739.0 96.0 104448.0
40 38 43 0.0 0.0 1.0 3040.0 35905.0 310.0 55907.0
40 38 44 0.0 7.0 1.0 2122.0 28873.0 389.0 4449.0
40 38 45 0.0 0.0 0.0 105.0 1149.0 18.0 1.0
40 39 34 0.0 0.0 0.0 0.0 1.0 0.0 0.0
40 39 35 0.0 0.0 0.0 172.0 1963.0 37.0 10.0
40 39 36 0.0 0.0 2.0 2987.0 34901.0 511.0 8029.0
40 39 37 0.0 0.0 1.0 2642.0 29470.0 259.0 70647.0
40 39 38 0.0 0.0 1.0 1005.0 10842.0 65.0 115783.0
40 39 39 0.0 0.0 0.0 512.0 4939.0 22.0 136262.0
40 39 40 0.0 1.0 0.0 340.0 3890.0 22.0 138368.0
40 39 41 0.0 1.0 0.0 456.0 4562.0 15.0 137654.0
40 39 42 0.0 0.0 1.0 975.0 10724.0 67.0 115871.0
40 39 43 0.0 1.0 1.0 2372.0 28253.0 247.0 73512.0
40 39 44 0.0 2.0 0.0 3084.0 37128.0 487.0 9814.0
40 39 45 0.0 0.0 0.0 150.0 2223.0 41.0 15.0
40 40 34 0.0 0.0 0.0 0.0 1.0 0.0 0.0
40 40 35 0.0 0.0 0.0 204.0 2312.0 31.0 14.0
40 40 36 0.0 2.0 6.0 3193.0 37960.0 485.0 10566.0
40 40 37 0.0 0.0 3.0 2365.0 27583.0 236.0 75424.0
40 40 38 0.0 0.0 0.0 833.0 9614.0 67.0 118967.0
40 40 39 0.0 0.0 0.0 391.0 3902.0 19.0 138013.0
40 40 40 0.0 0.0 0.0 198.0 2208.0 12.0 154592.0
40 40 41 0.0 0.0 1.0 373.0 3796.0 23.0 138770.0
40 40 42 0.0 0.0 3.0 924.0 9579.0 71.0 117927.0
40 40 43 0.0 10.0 1.0 2397.0 27036.0 231.0 76059.0
40 40 44 0.0 2.0 0.0 2985.0 38636.0 517.0 11479.0
40 40 45 0.0 0.0 1.0 237.0 2485.0 50.0 11.0
40 40 46 0.0 0.0 0.0 0.0 6.0 0.0 0.0
40 41 34 0.0 0.0 0.0 0.0 2.0 0.0 0.0
40 41 35 0.0 0.0 0.0 164.0 1910.0 44.0 7.0
40 41 36 0.0 1.0 1.0 3127.0 34918.0 464.0 8231.0
40 41 37 0.0 0.0 0.0 2921.0 29142.0 276.0 71400.0
40 41 38 0.0 0.0 1.0 919.0 10968.0 71.0 115926.0
40 41 39 0.0 0.0 0.0 477.0 4759.0 26.0 137433.0
40 41 40 0.0 1.0 0.0 352.0 3853.0 17.0 138724.0
40 41 41 0.0 -1.0 0.0 461.0 4878.0 26.0 136671.0
40 41 42 0.0 4.0 1.0 1090.0 11055.0 62.0 114501.0
40 41 43 0.0 3.0 0.0 2761.0 29608.0 272.0 70228.0
40 41 44 0.0 0.0 0.0 2956.0 35406.0 509.0 8303.0
40 41 45 0.0 4.0 0.0 116.0 2071.0 35.0 7.0
40 41 46 0.0 0.0 0.0 0.0 2.0 0.0 0.0
40 42 34 0.0 0.0 0.0 0.0 1.0 0.0 0.0
40 42 35 0.0 0.0 0.0 75.0 1015.0 21.0 1.0
40 42 36 0.0 0.0 0.0 2156.0 26942.0 391.0 3494.0
40 42 37 0.0 0.0 0.0 3352.0 37137.0 375.0 52117.0
40 42 38 0.0 0.0 1.0 1427.0 16485.0 109.0 100644.0
40 42 39 0.0 2.0 1.0 922.0 11091.0 65.0 115419.0
40 42 40 0.0 0.0 2.0 824.0 9774.0 64.0 117991.0
40 42 41 0.0 0.0 1.0 1048.0 11230.0 86.0 114997.0
40 42 42 0.0 1.0 0.0 1663.0 15915.0 106.0 102263.0
40 42 43 0.0 1.0 0.0 3553.0 37482.0 356.0 51061.0
40 42 44 0.0 0.0 0.0 2150.0 25361.0 395.0 2964.0
40 42 45 0.0 0.0 0.0 58.0 892.0 16.0 3.0
40 42 46 0.0 0.0 0.0 0.0 1.0 0.0 0.0
40 43 35 0.0 0.0 0.0 18.0 275.0 4.0 0.0
40 43 36 0.0 0.0 0.0 1123.0 12045.0 201.0 530.0
40 43 37 0.0 0.0 3.0 3738.0 41597.0 544.0 21874.0
40 43 38 0.0 0.0 7.0 3301.0 37299.0 370.0 51321.0
40 43 39 0.0 0.0 0.0 2543.0 29793.0 279.0 70079.0
40 43 40 0.0 1.0 2.0 2240.0 27700.0 252.0 74964.0
40 43 41 0.0 0.0 2.0 2652.0 29760.0 281.0 70541.0
40 43 42 0.0 3.0 2.0 3572.0 36485.0 314.0 52637.0
40 43 43 0.0 0.0 0.0 3606.0 41861.0 552.0 20099.0
40 43 44 0.0 0.0 0.0 1115.0 11811.0 219.0 501.0
40 43 45 0.0 0.0 0.0 16.0 268.0 6.0 0.0
40 43 46 0.0 0.0 0.0 0.0 1.0 0.0 0.0
40 44 35 0.0 0.0 0.0 0.0 32.0 0.0 0.0
40 44 36 0.0 0.0 0.0 276.0 2186.0 47.0 10.0
40 44 37 0.0 0.0 0.0 1017.0 11669.0 181.0 492.0
40 44 38 0.0 0.0 0.0 2090.0 25932.0 413.0 3176.0
40 44 39 0.0 0.0 2.0 2911.0 35358.0 483.0 8157.0
40 44 40 0.0 0.0 0.0 3045.0 37525.0 475.0 10637.0
40 44 41 0.0 1.0 1.0 2790.0 35103.0 526.0 7768.0
40 44 42 0.0 1.0 0.0 2469.0 25534.0 382.0 3347.0
40 44 43 0.0 0.0 0.0 1243.0 11672.0 200.0 491.0
40 44 44 0.0 0.0 0.0 197.0 2334.0 41.0 16.0
40 44 45 0.0 0.0 0.0 1.0 17.0 0.0 0.0
40 45 36 0.0 0.0 0.0 5.0 28.0 0.0 0.0
40 45 37 0.0 0.0 0.0 20.0 257.0 3.0 0.0
40 45 38 0.0 0.0 0.0 80.0 992.0 15.0 5.0
40 45 39 0.0 0.0 0.0 130.0 1864.0 40.0 3.0
40 45 40 0.0 0.0 0.0 200.0 2218.0 47.0 11.0
40 45 41 0.0 0.0 0.0 131.0 1706.0 29.0 6.0
40 45 42 0.0 0.0 0.0 46.0 932.0 17.0 1.0
40 45 43 0.0 0.0 0.0 15.0 233.0 3.0 0.0
40 45 44 0.0 0.0 0.0 2.0 23.0 0.0 0.0
40 45 45 0.0 0.0 0.0 0.0 4.0 0.0 0.0
40 46 39 0.0 0.0 0.0 1.0 2.0 0.0 0.0
40 46 40 0.0 0.0 0.0 0.0 11.0 0.0 0.0
41 34 38 0.0 0.0 0.0 0.0 1.0 0.0 0.0
41 34 41 0.0 0.0 0.0 0.0 2.0 0.0 0.0
41 35 35 0.0 0.0 0.0 0.0 1.0 0.0 0.0
41 35 36 0.0 0.0 0.0 2.0 23.0 0.0 0.0
41 35 37 0.0 0.0 0.0 18.0 201.0 4.0 0.0
41 35 38 0.0 0.0 0.0 85.0 825.0 17.0 2.0
41 35 39 0.0 0.0 0.0 135.0 1784.0 36.0 4.0
41 35 40 0.0 0.0 0.0 167.0 2258.0 43.0 12.0
41 35 41 0.0 0.0 0.0 171.0 1933.0 31.0 10.0
41 35 42 0.0 0.0 0.0 94.0 967.0 14.0 3.0
41 35 43 0.0 0.0 0.0 19.0 339.0 5.0 0.0
41 35 44 0.0 0.0 0.0 14.0 56.0 1.0 0.0
41 35 45 0.0 0.0 0.0 0.0 1.0 0.0 0.0
41 36 35 0.0 0.0 0.0 2.0 18.0 0.0 0.0
41 36 36 0.0 0.0 0.0 148.0 1999.0 30.0 9.0
41 36 37 0.0 0.0 0.0 854.0 10518.0 209.0 349.0
41 36 38 0.0 0.0 0.0 2548.0 24259.0 379.0 2910.0
41 36 39 0.0 1.0 0.0 2738.0 33961.0 469.0 7070.0
41 36 40 0.0 2.0 2.0 2900.0 36585.0 470.0 9431.0
41 36 41 0.0 0.0 1.0 2911.0 34763.0 471.0 7626.0
41 36 42 0.0 0.0 0.0 2425.0 26280.0 419.0 3533.0
41 36 43 0.0 0.0 1.0 1079.0 13496.0 234.0 614.0
41 36 44 0.0 0.0 0.0 270.0 3015.0 47.0 16.0
41 36 45 0.0 0.0 0.0 4.0 38.0 1.0 0.0
41 37 35 0.0 0.0 0.0 8.0 217.0 5.0 0.0
41 37 36 0.0 0.0 7.0 1037.0 9983.0 177.0 358.0
41 37 37 0.0 0.0 0.0 3730.0 40323.0 557.0 17751.0
41 37 38 0.0 0.0 1.0 3466.0 38697.0 384.0 47625.0
41 37 39 0.0 1.0 0.0 2796.0 31296.0 326.0 66816.0
41 37 40 0.0 1.0 1.0 2361.0 28230.0 252.0 73671.0
41 37 41 0.0 7.0 3.0 2755.0 29585.0 269.0 69835.0
41 37 42 0.0 2.0 2.0 3007.0 36735.0 326.0 53816.0
41 37 43 0.0 5.0 5.0 2746.0 42837.0 471.0 26235.0
41 37 44 0.0 0.0 0.0 967.0 13908.0 236.0 725.0
41 37 45 0.0 0.0 0.0 39.0 318.0 3.0 0.0
41 38 34 0.0 0.0 0.0 0.0 1.0 0.0 0.0
41 38 35 0.0 0.0 0.0 74.0 726.0 12.0 1.0
41 38 36 0.0 0.0 1.0 2419.0 23401.0 355.0 2541.0
41 38 37 0.0 0.0 3.0 3874.0 38643.0 388.0 46447.0
41 38 38 0.0 0.0 2.0 1694.0 18097.0 129.0 96950.0
41 38 39 0.0 3.0 1.0 1212.0 12504.0 87.0 111932.0
41 38 40 0.0 0.0 1.0 965.0 10604.0 59.0 116894.0
41 38 41 0.0 3.0 0.0 958.0 11234.0 69.0 114835.0
41 38 42 0.0 3.0 0.0 1160.0 16259.0 126.0 103506.0
41 38 43 0.0 0.0 7.0 2817.0 36753.0 365.0 54894.0
41 38 44 0.0 5.0 1.0 2162.0 27305.0 397.0 3672.0
41 38 45 0.0 1.0 0.0 83.0 1239.0 22.0 4.0
41 38 46 0.0 0.0 0.0 0.0 2.0 0.0 0.0
41 39 35 0.0 0.0 0.0 126.0 1474.0 24.0 5.0
41 39 36 0.0 0.0 0.0 2599.0 32920.0 429.0 6204.0
41 39 37 0.0 0.0 0.0 2830.0 31759.0 326.0 65421.0
41 39 38 0.0 0.0 0.0 1188.0 12820.0 92.0 111035.0
41 39 39 0.0 0.0 0.0 506.0 5564.0 26.0 135727.0
41 39 40 0.0 1.0 0.0 449.0 4678.0 17.0 138191.0
41 39 41 0.0 0.0 0.0 401.0 5051.0 24.0 138601.0
41 39 42 0.0 1.0 1.0 957.0 11662.0 80.0 114686.0
41 39 43 0.0 2.0 6.0 2220.0 29914.0 255.0 70887.0
41 39 44 0.0 14.0 4.0 3091.0 35580.0 474.0 8529.0
41 39 45 0.0 0.0 0.0 134.0 2130.0 33.0 8.0
41 39 46 0.0 0.0 0.0 0.0 2.0 0.0 0.0
41 40 34 0.0 0.0 0.0 0.0 2.0 0.0 0.0
41 40 35 0.0 0.0 0.0 103.0 1989.0 25.0 10.0
41 40 36 0.0 0.0 0.0 2592.0 36163.0 516.0 8335.0
41 40 37 0.0 1.0 4.0 2283.0 29138.0 258.0 71548.0
41 40 38 0.0 3.0 0.0 957.0 10963.0 62.0 115569.0
41 40 39 0.0 0.0 1.0 427.0 4665.0 14.0 138150.0
41 40 40 0.0 0.0 0.0 368.0 3682.0 21.0 139558.0
41 40 41 0.0 0.0 0.0 400.0 4597.0 19.0 137180.0
41 40 42 0.0 0.0 0.0 920.0 10726.0 71.0 116699.0
41 40 43 0.0 1.0 1.0 2503.0 28260.0 242.0 73546.0
41 40 44 0.0 2.0 0.0 3080.0 37292.0 492.0 9772.0
41 40 45 0.0 0.0 0.0 152.0 2210.0 37.0 13.0
41 40 46 0.0 0.0 0.0 0.0 2.0 0.0 0.0
41 41 35 0.0 0.0 0.0 138.0 1569.0 23.0 5.0
41 41 36 0.0 0.0 0.0 2436.0 33611.0 479.0 6915.0
41 41 37 0.0 0.0 4.0 3023.0 31902.0 294.0 65396.0
41 41 38 0.0 0.0 3.0 971.0 12350.0 92.0 112507.0
41 41 39 0.0 0.0 0.0 475.0 5746.0 32.0 135006.0
41 41 40 0.0 1.0 1.0 392.0 4750.0 27.0 137510.0
41 41 41 0.0 0.0 0.0 519.0 5737.0 22.0 135552.0
41 41 42 0.0 0.0 0.0 1097.0 12416.0 89.0 111933.0
41 41 43 0.0 1.0 1.0 2659.0 31082.0 293.0 67206.0
41 41 44 0.0 9.0 0.0 2849.0 33330.0 470.0 6901.0
41 41 45 0.0 0.0 0.0 138.0 1694.0 34.0 5.0
41 42 35 0.0 0.0 0.0 52.0 821.0 13.0 1.0
41 42 36 0.0 0.0 0.0 2219.0 23851.0 371.0 2538.0
41 42 37 0.0 0.0 0.0 3615.0 38125.0 378.0 48434.0
41 42 38 0.0 0.0 0.0 1735.0 17811.0 134.0 97828.0
41 42 39 0.0 2.0 0.0 1028.0 12743.0 106.0 111500.0
41 42 40 0.0 0.0 1.0 903.0 11251.0 81.0 115131.0
41 42 41 0.0 0.0 0.0 1058.0 12512.0 87.0 111545.0
41 42 42 0.0 0.0 0.0 1673.0 17679.0 141.0 98264.0
41 42 43 0.0 0.0 0.0 3958.0 38357.0 423.0 47014.0
41 42 44 0.0 1.0 0.0 2191.0 22903.0 348.0 2369.0
41 42 45 0.0 0.0 0.0 48.0 773.0 9.0 2.0
41 43 35 0.0 0.0 0.0 13.0 241.0 2.0 0.0
41 43 36 0.0 0.0 0.0 1005.0 10093.0 169.0 396.0
41 43 37 0.0 0.0 0.0 4052.0 40517.0 526.0 18091.0
41 43 38 0.0 0.0 1.0 3370.0 38133.0 349.0 48299.0
41 43 39 0.0 1.0 1.0 2410.0 32399.0 284.0 65185.0
41 43 40 0.0 2.0 0.0 2426.0 29756.0 272.0 69990.0
41 43 41 0.0 0.0 4.0 2870.0 31755.0 327.0 65305.0
41 43 42 0.0 5.0 0.0 3841.0 38015.0 410.0 48698.0
41 43 43 0.0 1.0 1.0 4337.0 40001.0 486.0 18183.0
41 43 44 0.0 0.0 0.0 1069.0 9885.0 175.0 361.0
41 43 45 0.0 0.0 0.0 19.0 208.0 4.0 0.0
41 43 46 0.0 0.0 0.0 0.0 1.0 0.0 0.0
41 44 35 0.0 0.0 0.0 2.0 16.0 1.0 0.0
41 44 36 0.0 0.0 0.0 161.0 2121.0 26.0 15.0
41 44 37 0.0 0.0 0.0 994.0 10449.0 182.0 405.0
41 44 38 0.0 0.0 0.0 1690.0 23673.0 357.0 2488.0
41 44 39 0.0 0.0 0.0 2700.0 32080.0 435.0 5898.0
41 44 40 0.0 0.0 0.0 2685.0 35559.0 479.0 8332.0
41 44 41 0.0 0.0 1.0 2880.0 32504.0 445.0 6295.0
41 44 42 0.0 3.0 0.0 1796.0 23090.0 364.0 2301.0
41 44 43 0.0 0.0 0.0 838.0 10604.0 197.0 369.0
41 44 44 0.0 0.0 0.0 211.0 1737.0 35.0 5.0
41 44 45 0.0 0.0 0.0 3.0 19.0 0.0 0.0
41 45 36 0.0 0.0 0.0 5.0 21.0 0.0 0.0
41 45 37 0.0 0.0 0.0 19.0 209.0 7.0 0.0
41 45 38 0.0 0.0 0.0 47.0 745.0 14.0 0.0
41 45 39 0.0 0.0 0.0 69.0 1421.0 24.0 0.0
41 45 40 0.0 0.0 0.0 164.0 1764.0 30.0 7.0
41 45 41 0.0 0.0 0.0 109.0 1546.0 33.0 3.0
41 45 42 0.0 0.0 3.0 115.0 732.0 7.0 1.0
41 45 43 0.0 0.0 0.0 23.0 182.0 3.0 0.0
41 45 44 0.0 0.0 0.0 5.0 21.0 1.0 0.0
41 45 45 0.0 0.0 0.0 0.0 2.0 0.0 0.0
41 46 40 0.0 0.0 0.0 0.0 2.0 0.0 0.0
41 46 41 0.0 0.0 0.0 0.0 2.0 0.0 0.0
42 34 40 0.0 0.0 0.0 0.0 1.0 0.0 0.0
42 34 41 0.0 0.0 0.0 0.0 2.0 1.0 0.0
42 35 36 0.0 0.0 0.0 1.0 8.0 0.0 0.0
42 35 37 0.0 0.0 0.0 12.0 110.0 1.0 0.0
42 35 38 0.0 0.0 0.0 51.0 491.0 9.0 1.0
42 35 39 0.0 0.0 0.0 67.0 873.0 15.0 0.0
42 35 40 0.0 0.0 0.0 100.0 1276.0 27.0 6.0
42 35 41 0.0 0.0 0.0 70.0 1112.0 13.0 6.0
42 35 42 0.0 0.0 0.0 57.0 564.0 16.0 0.0
42 35 43 0.0 0.0 0.0 15.0 199.0 4.0 0.0
42 35 44 0.0 0.0 0.0 3.0 27.0 0.0 0.0
42 36 35 0.0 0.0 0.0 0.0 16.0 0.0 0.0
42 36 36 0.0 0.0 0.0 65.0 1053.0 15.0 4.0
42 36 37 0.0 0.0 0.0 750.0 6053.0 122.0 127.0
42 36 38 0.0 0.0 0.0 1538.0 14963.0 244.0 854.0
42 36 39 0.0 0.0 1.0 2203.0 25552.0 384.0 3095.0
42 36 40 0.0 0.0 1.0 2522.0 29263.0 453.0 4521.0
42 36 41 0.0 0.0 1.0 2211.0 27501.0 406.0 3782.0
42 36 42 0.0 0.0 0.0 1733.0 19984.0 306.0 1677.0
42 36 43 0.0 0.0 0.0 885.0 8268.0 149.0 251.0
42 36 44 0.0 1.0 0.0 120.0 2225.0 26.0 13.0
42 36 45 0.0 0.0 0.0 0.0 25.0 0.0 0.0
42 37 35 0.0 0.0 0.0 5.0 98.0 3.0 0.0
42 37 36 0.0 0.0 0.0 970.0 6044.0 117.0 128.0
42 37 37 0.0 0.0 0.0 3134.0 35233.0 514.0 9196.0
42 37 38 0.0 0.0 3.0 3835.0 41930.0 517.0 31960.0
42 37 39 0.0 1.0 5.0 3177.0 37458.0 367.0 50887.0
42 37 40 0.0 1.0 4.0 3027.0 34770.0 329.0 57803.0
42 37 41 0.0 2.0 7.0 2950.0 36081.0 353.0 55361.0
42 37 42 0.0 2.0 4.0 2969.0 41365.0 409.0 39811.0
42 37 43 0.0 1.0 4.0 2417.0 40174.0 479.0 14850.0
42 37 44 0.0 0.0 0.0 797.0 8954.0 148.0 250.0
42 37 45 0.0 0.0 0.0 14.0 209.0 2.0 0.0
42 38 35 0.0 0.0 0.0 35.0 368.0 5.0 0.0
42 38 36 0.0 0.0 7.0 1178.0 16398.0 252.0 1011.0
42 38 37 0.0 0.0 5.0 3603.0 42317.0 494.0 31380.0
42 38 38 0.0 0.0 0.0 1819.0 22712.0 213.0 86004.0
42 38 39 0.0 0.0 2.0 1519.0 17078.0 109.0 100263.0
42 38 40 0.0 1.0 1.0 1332.0 14670.0 124.0 106455.0
42 38 41 0.0 0.0 3.0 1266.0 15952.0 124.0 104000.0
42 38 42 0.0 1.0 0.0 1413.0 20392.0 159.0 91872.0
42 38 43 0.0 0.0 0.0 2711.0 40880.0 425.0 41512.0
42 38 44 0.0 0.0 0.0 1315.0 20141.0 295.0 1577.0
42 38 45 0.0 0.0 0.0 50.0 594.0 10.0 0.0
42 39 35 0.0 0.0 0.0 93.0 814.0 14.0 2.0
42 39 36 0.0 0.0 0.0 1817.0 24504.0 354.0 2747.0
42 39 37 0.0 1.0 0.0 3229.0 38276.0 354.0 48448.0
42 39 38 0.0 0.0 1.0 1392.0 17206.0 134.0 100207.0
42 39 39 0.0 0.0 0.0 1046.0 12267.0 87.0 112716.0
42 39 40 0.0 2.0 0.0 949.0 10187.0 82.0 117425.0
42 39 41 0.0 0.0 6.0 922.0 11573.0 76.0 114489.0
42 39 42 0.0 2.0 4.0 1182.0 16069.0 130.0 103784.0
42 39 43 0.0 0.0 1.0 2586.0 37239.0 366.0 54494.0
42 39 44 0.0 0.0 0.0 1965.0 27710.0 425.0 3757.0
42 39 45 0.0 0.0 0.0 73.0 1115.0 18.0 2.0
42 40 34 0.0 0.0 0.0 0.0 4.0 0.0 0.0
42 40 35 0.0 0.0 0.0 64.0 1087.0 19.0 2.0
42 40 36 0.0 0.0 0.0 2367.0 26598.0 386.0 3532.0
42 40 37 0.0 0.0 1.0 2708.0 37286.0 406.0 53410.0
42 40 38 0.0 1.0 0.0 1235.0 16335.0 126.0 102364.0
42 40 39 0.0 1.0 0.0 906.0 10838.0 73.0 116621.0
42 40 40 0.0 0.0 1.0 774.0 9376.0 56.0 118916.0
42 40 41 0.0 1.0 2.0 878.0 10573.0 81.0 116992.0
42 40 42 0.0 0.0 0.0 1160.0 15124.0 120.0 105478.0
42 40 43 0.0 1.0 0.0 3110.0 34862.0 314.0 57680.0
42 40 44 0.0 1.0 1.0 2225.0 29446.0 446.0 4700.0
42 40 45 0.0 0.0 0.0 111.0 1276.0 24.0 3.0
42 40 46 0.0 0.0 0.0 0.0 1.0 0.0 0.0
42 41 35 0.0 0.0 0.0 78.0 909.0 10.0 3.0
42 41 36 0.0 0.0 0.0 1843.0 24178.0 358.0 2667.0
42 41 37 0.0 0.0 4.0 3293.0 38876.0 403.0 47654.0
42 41 38 0.0 0.0 2.0 1349.0 18154.0 130.0 98019.0
42 41 39 0.0 0.0 1.0 958.0 12751.0 86.0 111450.0
42 41 40 0.0 1.0 2.0 875.0 11067.0 78.0 116083.0
42 41 41 0.0 0.0 0.0 1032.0 12550.0 74.0 112974.0
42 41 42 0.0 1.0 0.0 1408.0 17626.0 130.0 99134.0
42 41 43 0.0 6.0 0.0 2967.0 37547.0 355.0 51389.0
42 41 44 0.0 0.0 0.0 2039.0 24602.0 396.0 2901.0
42 41 45 0.0 0.0 0.0 83.0 884.0 21.0 1.0
42 42 35 0.0 0.0 0.0 22.0 374.0 8.0 0.0
42 42 36 0.0 0.0 0.0 1269.0 16101.0 253.0 950.0
42 42 37 0.0 0.0 1.0 3867.0 41916.0 504.0 31399.0
42 42 38 0.0 0.0 1.0 2377.0 24853.0 218.0 80252.0
42 42 39 0.0 5.0 1.0 1455.0 17924.0 126.0 97994.0
42 42 40 0.0 1.0 0.0 1254.0 16135.0 112.0 102696.0
42 42 41 0.0 1.0 0.0 1765.0 17532.0 147.0 98377.0
42 42 42 0.0 1.0 0.0 2031.0 24517.0 209.0 81732.0
42 42 43 0.0 3.0 0.0 3425.0 42094.0 485.0 31067.0
42 42 44 0.0 2.0 0.0 1207.0 15561.0 259.0 898.0
42 42 45 0.0 0.0 0.0 37.0 400.0 12.0 1.0
42 43 35 0.0 0.0 0.0 19.0 135.0 4.0 0.0
42 43 36 0.0 0.0 0.0 547.0 6151.0 111.0 121.0
42 43 37 0.0 0.0 2.0 3640.0 32713.0 474.0 8057.0
42 43 38 0.0 0.0 0.0 3448.0 42612.0 484.0 30377.0
42 43 39 0.0 0.0 3.0 2622.0 39189.0 401.0 47941.0
42 43 40 0.0 0.0 0.0 3156.0 37736.0 373.0 51996.0
42 43 41 0.0 0.0 1.0 3289.0 38782.0 386.0 47835.0
42 43 42 0.0 1.0 10.0 3581.0 41937.0 447.0 30075.0
42 43 43 0.0 0.0 0.0 3268.0 34765.0 484.0 9059.0
42 43 44 0.0 0.0 0.0 745.0 5895.0 98.0 123.0
42 43 45 0.0 0.0 0.0 5.0 101.0 1.0 0.0
42 44 35 0.0 0.0 0.0 1.0 9.0 0.0 0.0
42 44 36 0.0 0.0 0.0 121.0 1092.0 17.0 0.0
42 44 37 0.0 0.0 0.0 588.0 5789.0 106.0 88.0
42 44 38 0.0 0.0 0.0 1296.0 15853.0 253.0 908.0
42 44 39 0.0 0.0 0.0 1674.0 23744.0 366.0 2436.0
42 44 40 0.0 1.0 1.0 2034.0 26982.0 369.0 3544.0
42 44 41 0.0 0.0 0.0 2187.0 22888.0 359.0 2386.0
42 44 42 0.0 0.0 0.0 1532.0 15338.0 275.0 906.0
42 44 43 0.0 0.0 0.0 547.0 6054.0 104.0 126.0
42 44 44 0.0 0.0 0.0 110.0 1113.0 20.0 3.0
42 44 45 0.0 0.0 0.0 0.0 12.0 0.0 0.0
42 45 35 0.0 0.0 0.0 0.0 1.0 0.0 0.0
42 45 36 0.0 0.0 0.0 0.0 12.0 1.0 0.0
42 45 37 0.0 0.0 0.0 13.0 123.0 2.0 0.0
42 45 38 0.0 0.0 0.0 55.0 390.0 3.0 0.0
42 45 39 0.0 0.0 0.0 40.0 794.0 17.0 1.0
42 45 40 0.0 0.0 0.0 70.0 904.0 15.0 2.0
42 45 41 0.0 0.0 0.0 78.0 701.0 15.0 0.0
42 45 42 0.0 0.0 0.0 34.0 373.0 6.0 1.0
42 45 43 0.0 0.0 0.0 20.0 85.0 0.0 0.0
42 45 44 0.0 0.0 0.0 0.0 13.0 0.0 0.0
42 45 45 0.0 0.0 0.0 0.0 1.0 0.0 0.0
42 46 40 0.0 0.0 0.0 0.0 3.0 0.0 0.0
42 46 41 0.0 0.0 0.0 0.0 2.0 0.0 0.0
43 34 39 0.0 0.0 0.0 0.0 1.0 0.0 0.0
43 35 36 0.0 0.0 0.0 0.0 3.0 0.0 0.0
43 35 37 0.0 0.0 0.0 1.0 45.0 0.0 0.0
43 35 38 0.0 0.0 0.0 13.0 143.0 4.0 0.0
43 35 39 0.0 0.0 0.0 22.0 268.0 4.0 1.0
43 35 40 0.0 0.0 0.0 29.0 404.0 7.0 0.0
43 35 41 0.0 0.0 0.0 31.0 302.0 11.0 0.0
43 35 42 0.0 0.0 0.0 9.0 196.0 4.0 0.0
43 35 43 0.0 0.0 0.0 6.0 61.0 1.0 0.0
43 35 44 0.0 0.0 0.0 2.0 21.0 0.0 0.0
43 36 35 0.0 0.0 0.0 0.0 2.0 0.0 0.0
43 36 36 0.0 0.0 0.0 154.0 379.0 10.0 0.0
43 36 37 0.0 0.0 0.0 271.0 2552.0 48.0 18.0
43 36 38 0.0 0.0 0.0 711.0 7246.0 98.0 162.0
43 36 39 0.0 0.0 0.0 911.0 12785.0 230.0 627.0
43 36 40 0.0 0.0 4.0 1414.0 16101.0 248.0 1027.0
43 36 41 0.0 0.0 0.0 962.0 13557.0 234.0 727.0
43 36 42 0.0 0.0 0.0 605.0 8757.0 144.0 270.0
43 36 43 0.0 0.0 0.0 324.0 3822.0 72.0 37.0
43 36 44 0.0 0.0 0.0 43.0 819.0 16.0 0.0
43 36 45 0.0 0.0 0.0 0.0 4.0 0.0 0.0
43 37 35 0.0 0.0 0.0 3.0 37.0 0.0 0.0
43 37 36 0.0 0.0 0.0 175.0 2357.0 34.0 15.0
43 37 37 0.0 0.0 0.0 1336.0 19440.0 328.0 1741.0
43 37 38 0.0 0.0 0.0 3694.0 36330.0 521.0 10829.0
43 37 39 0.0 3.0 1.0 3160.0 42293.0 511.0 22904.0
43 37 40 0.0 0.0 1.0 3081.0 42700.0 508.0 28182.0
43 37 41 0.0 2.0 1.0 3579.0 41452.0 485.0 25067.0
43 37 42 0.0 1.0 1.0 1969.0 41065.0 509.0 15663.0
43 37 43 0.0 0.0 0.0 1100.0 27737.0 389.0 4055.0
43 37 44 0.0 0.0 0.0 353.0 4001.0 72.0 47.0
43 37 45 0.0 0.0 0.0 9.0 46.0 0.0 0.0
43 38 35 0.0 0.0 0.0 7.0 114.0 2.0 0.0
43 38 36 0.0 0.0 0.0 351.0 6154.0 96.0 101.0
43 38 37 0.0 0.0 1.0 2690.0 37706.0 528.0 11511.0
43 38 38 0.0 1.0 0.0 3924.0 41394.0 440.0 33707.0
43 38 39 0.0 3.0 1.0 3029.0 36637.0 335.0 53541.0
43 38 40 0.0 1.0 0.0 2650.0 35054.0 316.0 59465.0
43 38 41 0.0 1.0 0.0 2785.0 35974.0 371.0 56893.0
43 38 42 0.0 2.0 0.0 2672.0 41408.0 408.0 39812.0
43 38 43 0.0 1.0 1.0 2200.0 40482.0 530.0 15416.0
43 38 44 0.0 0.0 0.0 595.0 9504.0 174.0 276.0
43 38 45 0.0 0.0 0.0 9.0 184.0 3.0 0.0
43 39 35 0.0 0.0 0.0 16.0 228.0 3.0 0.0
43 39 36 0.0 0.0 0.0 945.0 10682.0 202.0 439.0
43 39 37 0.0 0.0 0.0 2876.0 42348.0 508.0 20754.0
43 39 38 0.0 0.0 8.0 2916.0 38154.0 400.0 49614.0
43 39 39 0.0 2.0 2.0 2756.0 30193.0 274.0 69668.0
43 39 40 0.0 4.0 1.0 2307.0 28070.0 212.0 74453.0
43 39 41 0.0 0.0 2.0 2095.0 29344.0 240.0 71958.0
43 39 42 0.0 0.0 7.0 2419.0 36251.0 357.0 56370.0
43 39 43 0.0 0.0 0.0 2790.0 42537.0 504.0 25095.0
43 39 44 0.0 0.0 0.0 993.0 14504.0 238.0 772.0
43 39 45 0.0 0.0 0.0 24.0 374.0 7.0 0.0
43 40 35 0.0 0.0 0.0 22.0 362.0 5.0 0.0
43 40 36 0.0 0.0 0.0 882.0 13206.0 236.0 641.0
43 40 37 0.0 0.0 0.0 2660.0 43062.0 509.0 23799.0
43 40 38 0.0 0.0 3.0 2779.0 36847.0 342.0 54067.0
43 40 39 0.0 0.0 0.0 2300.0 29423.0 257.0 71515.0
43 40 40 0.0 0.0 4.0 1870.0 26099.0 199.0 78496.0
43 40 41 0.0 4.0 1.0 2432.0 27884.0 248.0 74273.0
43 40 42 0.0 3.0 0.0 2899.0 35468.0 377.0 57286.0
43 40 43 0.0 0.0 1.0 2835.0 42663.0 469.0 27401.0
43 40 44 0.0 1.0 1.0 1363.0 14906.0 264.0 858.0
43 40 45 0.0 0.0 0.0 22.0 468.0 11.0 0.0
43 40 46 0.0 0.0 0.0 0.0 3.0 1.0 0.0
43 41 35 0.0 0.0 0.0 22.0 264.0 5.0 0.0
43 41 36 0.0 0.0 3.0 753.0 9951.0 174.0 342.0
43 41 37 0.0 0.0 0.0 2947.0 41884.0 516.0 18405.0
43 41 38 0.0 0.0 1.0 2641.0 39541.0 401.0 47452.0
43 41 39 0.0 0.0 0.0 2240.0 31728.0 283.0 66800.0
43 41 40 0.0 1.0 5.0 2166.0 29036.0 246.0 72483.0
43 41 41 0.0 2.0 2.0 2224.0 31164.0 271.0 68155.0
43 41 42 0.0 1.0 0.0 3201.0 38543.0 352.0 49077.0
43 41 43 0.0 2.0 0.0 3038.0 41902.0 510.0 20809.0
43 41 44 0.0 0.0 1.0 994.0 11623.0 208.0 499.0
43 41 45 0.0 0.0 0.0 30.0 253.0 5.0 0.0
43 42 35 0.0 0.0 0.0 2.0 120.0 1.0 0.0
43 42 36 0.0 0.0 0.0 401.0 5841.0 80.0 101.0
43 42 37 0.0 0.0 1.0 2438.0 35796.0 503.0 9044.0
43 42 38 0.0 0.0 4.0 2714.0 43093.0 495.0 30425.0
43 42 39 0.0 0.0 1.0 2462.0 39487.0 410.0 47989.0
43 42 40 0.0 1.0 1.0 2452.0 36524.0 327.0 55461.0
43 42 41 0.0 0.0 4.0 3424.0 38094.0 382.0 48945.0
43 42 42 0.0 0.0 0.0 3776.0 41843.0 472.0 32805.0
43 42 43 0.0 2.0 0.0 3274.0 34240.0 487.0 8188.0
43 42 44 0.0 1.0 0.0 485.0 7021.0 113.0 180.0
43 42 45 0.0 0.0 0.0 5.0 113.0 1.0 0.0
43 43 35 0.0 0.0 0.0 8.0 25.0 1.0 0.0
43 43 36 0.0 0.0 0.0 203.0 2141.0 42.0 14.0
43 43 37 0.0 0.0 1.0 1139.0 16204.0 259.0 1081.0
43 43 38 0.0 0.0 0.0 2200.0 34966.0 509.0 8370.0
43 43 39 0.0 0.0 1.0 2096.0 42588.0 517.0 18100.0
43 43 40 0.0 2.0 0.0 3804.0 42269.0 486.0 23953.0
43 43 41 0.0 4.0 0.0 3626.0 41246.0 532.0 19138.0
43 43 42 0.0 6.0 0.0 3220.0 34186.0 459.0 8543.0
43 43 43 0.0 0.0 0.0 1072.0 17604.0 284.0 1189.0
43 43 44 0.0 0.0 0.0 146.0 1952.0 41.0 13.0
43 43 45 0.0 0.0 0.0 1.0 39.0 2.0 0.0
43 44 35 0.0 0.0 0.0 0.0 2.0 0.0 0.0
43 44 36 0.0 0.0 0.0 23.0 312.0 7.0 1.0
43 44 37 0.0 0.0 0.0 171.0 2128.0 44.0 15.0
43 44 38 0.0 0.0 0.0 407.0 5997.0 112.0 112.0
43 44 39 0.0 0.0 0.0 894.0 10929.0 172.0 409.0
43 44 40 0.0 0.0 0.0 1028.0 12459.0 219.0 584.0
43 44 41 0.0 0.0 0.0 838.0 10497.0 190.0 406.0
43 44 42 0.0 0.0 0.0 400.0 5942.0 95.0 94.0
43 44 43 0.0 0.0 0.0 204.0 2322.0 55.0 17.0
43 44 44 0.0 0.0 0.0 18.0 330.0 9.0 1.0
43 44 45 0.0 0.0 0.0 0.0 1.0 0.0 0.0
43 45 36 0.0 0.0 0.0 0.0 5.0 0.0 0.0
43 45 37 0.0 0.0 0.0 2.0 43.0 1.0 0.0
43 45 38 0.0 0.0 0.0 6.0 98.0 2.0 0.0
43 45 39 0.0 0.0 0.0 15.0 281.0 3.0 0.0
43 45 40 0.0 0.0 0.0 18.0 305.0 2.0 0.0
43 45 41 0.0 0.0 0.0 8.0 295.0 9.0 0.0
43 45 42 0.0 0.0 0.0 15.0 94.0 3.0 0.0
43 45 43 0.0 0.0 0.0 3.0 15.0 1.0 0.0
43 45 44 0.0 0.0 0.0 0.0 1.0 0.0 0.0
44 35 37 0.0 0.0 0.0 0.0 2.0 0.0 0.0
44 35 38 0.0 0.0 0.0 0.0 24.0 0.0 0.0
44 35 39 0.0 0.0 0.0 2.0 51.0 0.0 0.0
44 35 40 0.0 0.0 0.0 5.0 80.0 1.0 0.0
44 35 41 0.0 0.0 0.0 11.0 26.0 1.0 0.0
44 35 42 0.0 0.0 0.0 4.0 19.0 1.0 0.0
44 35 43 0.0 0.0 0.0 0.0 7.0 0.0 0.0
44 36 36 0.0 0.0 0.0 1.0 36.0 1.0 0.0
44 36 37 0.0 0.0 0.0 26.0 495.0 12.0 0.0
44 36 38 0.0 0.0 0.0 105.0 1306.0 22.0 1.0
44 36 39 0.0 0.0 0.0 302.0 2912.0 52.0 16.0
44 36 40 0.0 0.0 2.0 242.0 3445.0 67.0 35.0
44 36 41 0.0 0.0 0.0 226.0 3125.0 53.0 21.0
44 36 42 0.0 0.0 0.0 198.0 1795.0 35.0 9.0
44 36 43 0.0 0.0 0.0 38.0 725.0 14.0 1.0
44 36 44 0.0 0.0 0.0 6.0 181.0 6.0 0.0
44 36 45 0.0 0.0 0.0 0.0 3.0 0.0 0.0
44 37 35 0.0 0.0 0.0 0.0 2.0 0.0 0.0
44 37 36 0.0 0.0 0.0 41.0 425.0 8.0 1.0
44 37 37 0.0 0.0 0.0 239.0 2638.0 44.0 11.0
44 37 38 0.0 0.0 0.0 691.0 7219.0 127.0 178.0
44 37 39 0.0 0.0 0.0 1085.0 12953.0 211.0 638.0
44 37 40 0.0 0.0 0.0 1443.0 16348.0 260.0 1061.0
44 37 41 0.0 0.0 0.0 1315.0 14792.0 239.0 856.0
44 37 42 0.0 0.0 7.0 654.0 9494.0 165.0 267.0
44 37 43 0.0 0.0 0.0 203.0 3970.0 69.0 42.0
44 37 44 0.0 0.0 0.0 57.0 680.0 9.0 1.0
44 37 45 0.0 0.0 0.0 3.0 31.0 0.0 0.0
44 38 35 0.0 0.0 0.0 0.0 13.0 0.0 0.0
44 38 36 0.0 0.0 0.0 95.0 1420.0 23.0 7.0
44 38 37 0.0 0.0 2.0 641.0 7276.0 110.0 156.0
44 38 38 0.0 0.0 0.0 1238.0 17470.0 295.0 1173.0
44 38 39 0.0 4.0 0.0 2110.0 27105.0 402.0 3801.0
44 38 40 0.0 6.0 4.0 2485.0 31186.0 448.0 5470.0
44 38 41 0.0 0.0 2.0 2323.0 28784.0 445.0 4305.0
44 38 42 0.0 0.0 0.0 1232.0 20710.0 320.0 1665.0
44 38 43 0.0 0.0 0.0 550.0 9587.0 143.0 257.0
44 38 44 0.0 0.0 0.0 82.0 2027.0 36.0 9.0
44 38 45 0.0 0.0 0.0 0.0 29.0 0.0 0.0
44 39 35 0.0 0.0 0.0 1.0 12.0 0.0 0.0
44 39 36 0.0 0.0 0.0 180.0 2610.0 44.0 23.0
44 39 37 0.0 0.0 0.0 924.0 12057.0 221.0 475.0
44 39 38 0.0 0.0 0.0 1967.0 25278.0 390.0 3064.0
44 39 39 0.0 0.0 0.0 2787.0 34492.0 478.0 7438.0
44 39 40 0.0 0.0 4.0 2968.0 38174.0 541.0 10541.0
44 39 41 0.0 3.0 1.0 2596.0 35975.0 520.0 8284.0
44 39 42 0.0 8.0 1.0 1929.0 28868.0 444.0 4166.0
44 39 43 0.0 0.0 0.0 814.0 14426.0 249.0 771.0
44 39 44 0.0 0.0 0.0 200.0 3073.0 54.0 27.0
44 39 45 0.0 0.0 0.0 5.0 57.0 1.0 0.0
44 40 35 0.0 0.0 0.0 2.0 29.0 0.0 0.0
44 40 36 0.0 0.0 0.0 204.0 2635.0 49.0 14.0
44 40 37 0.0 0.0 0.0 778.0 12989.0 196.0 579.0
44 40 38 0.0 0.0 1.0 2620.0 28236.0 453.0 4153.0
44 40 39 0.0 0.0 0.0 2623.0 37323.0 521.0 9196.0
44 40 40 0.0 2.0 4.0 3029.0 39707.0 523.0 12917.0
44 40 41 0.0 5.0 2.0 2611.0 38399.0 497.0 10293.0
44 40 42 0.0 0.0 0.0 2078.0 29750.0 408.0 4519.0
44 40 43 0.0 1.0 1.0 1544.0 14867.0 255.0 870.0
44 40 44 0.0 0.0 0.0 291.0 3415.0 59.0 30.0
44 40 45 0.0 0.0 0.0 3.0 38.0 2.0 0.0
44 41 35 0.0 0.0 0.0 4.0 19.0 0.0 0.0
44 41 36 0.0 0.0 0.0 74.0 2383.0 41.0 17.0
44 41 37 0.0 0.0 0.0 645.0 11767.0 166.0 419.0
44 41 38 0.0 0.0 0.0 1786.0 24061.0 351.0 2638.0
44 41 39 0.0 0.0 1.0 2248.0 34189.0 503.0 6862.0
44 41 40 0.0 3.0 3.0 2614.0 37539.0 475.0 9755.0
44 41 41 0.0 1.0 0.0 2600.0 35151.0 487.0 7958.0
44 41 42 0.0 1.0 0.0 2121.0 26604.0 397.0 3344.0
44 41 43 0.0 0.0 0.0 829.0 11787.0 173.0 472.0
44 41 44 0.0 0.0 0.0 143.0 2455.0 47.0 19.0
44 41 45 0.0 0.0 0.0 4.0 49.0 0.0 0.0
44 42 35 0.0 0.0 0.0 0.0 7.0 0.0 0.0
44 42 36 0.0 0.0 0.0 40.0 1042.0 7.0 3.0
44 42 37 0.0 0.0 0.0 399.0 6149.0 100.0 116.0
44 42 38 0.0 0.0 1.0 1074.0 15937.0 269.0 926.0
44 42 39 0.0 0.0 0.0 1669.0 24391.0 360.0 2652.0
44 42 40 0.0 1.0 0.0 2173.0 27637.0 375.0 3972.0
44 42 41 0.0 0.0 0.0 1735.0 25657.0 406.0 3091.0
44 42 42 0.0 2.0 0.0 1302.0 17155.0 287.0 1144.0
44 42 43 0.0 0.0 0.0 505.0 5846.0 121.0 90.0
44 42 44 0.0 0.0 0.0 111.0 1117.0 21.0 1.0
44 42 45 0.0 0.0 0.0 0.0 14.0 0.0 0.0
44 43 35 0.0 0.0 0.0 1.0 2.0 0.0 0.0
44 43 36 0.0 0.0 0.0 17.0 335.0 6.0 1.0
44 43 37 0.0 0.0 0.0 158.0 2079.0 37.0 9.0
44 43 38 0.0 0.0 0.0 324.0 6869.0 121.0 146.0
44 43 39 0.0 0.0 0.0 705.0 11379.0 196.0 439.0
44 43 40 0.0 0.0 0.0 843.0 12622.0 192.0 574.0
44 43 41 0.0 0.0 0.0 1215.0 12087.0 203.0 498.0
44 43 42 0.0 0.0 0.0 738.0 7059.0 113.0 172.0
44 43 43 0.0 0.0 0.0 140.0 2231.0 46.0 11.0
44 43 44 0.0 0.0 0.0 10.0 467.0 7.0 1.0
44 44 36 0.0 0.0 0.0 3.0 43.0 0.0 0.0
44 44 37 0.0 0.0 0.0 14.0 314.0 6.0 0.0
44 44 38 0.0 0.0 0.0 75.0 1019.0 14.0 3.0
44 44 39 0.0 0.0 0.0 113.0 2057.0 40.0 6.0
44 44 40 0.0 0.0 0.0 201.0 2944.0 63.0 32.0
44 44 41 0.0 0.0 0.0 198.0 2384.0 48.0 17.0
44 44 42 0.0 0.0 0.0 91.0 1000.0 15.0 5.0
44 44 43 0.0 0.0 0.0 18.0 255.0 2.0 0.0
44 44 44 0.0 0.0 0.0 3.0 59.0 0.0 0.0
44 45 36 0.0 0.0 0.0 0.0 1.0 0.0 0.0
44 45 37 0.0 0.0 0.0 0.0 4.0 0.0 0.0
44 45 38 0.0 0.0 0.0 2.0 10.0 0.0 0.0
44 45 39 0.0 0.0 0.0 1.0 19.0 0.0 0.0
44 45 40 0.0 0.0 0.0 3.0 39.0 1.0 0.0
44 45 41 0.0 0.0 0.0 5.0 12.0 1.0 0.0
44 45 42 0.0 0.0 0.0 2.0 16.0 0.0 0.0
44 45 43 0.0 0.0 0.0 0.0 2.0 0.0 0.0
45 35 38 0.0 0.0 0.0 0.0 3.0 0.0 0.0
45 35 40 0.0 0.0 0.0 2.0 2.0 0.0 0.0
45 35 41 0.0 0.0 0.0 0.0 1.0 0.0 0.0
45 35 42 0.0 0.0 0.0 0.0 1.0 0.0 0.0
45 36 37 0.0 0.0 0.0 0.0 6.0 0.0 0.0
45 36 38 0.0 0.0 0.0 2.0 28.0 1.0 0.0
45 36 39 0.0 0.0 0.0 4.0 67.0 2.0 0.0
45 36 40 0.0 0.0 0.0 6.0 75.0 2.0 0.0
45 36 41 0.0 0.0 0.0 9.0 60.0 1.0 0.0
45 36 42 0.0 0.0 0.0 2.0 26.0 1.0 0.0
45 36 43 0.0 0.0 0.0 2.0 8.0 0.0 0.0
45 37 36 0.0 0.0 0.0 0.0 7.0 0.0 0.0
45 37 37 0.0 0.0 0.0 5.0 47.0 1.0 0.0
45 37 38 0.0 0.0 0.0 13.0 171.0 2.0 0.0
45 37 39 0.0 0.0 0.0 29.0 408.0 10.0 1.0
45 37 40 0.0 0.0 0.0 41.0 544.0 12.0 1.0
45 37 41 0.0 0.0 0.0 22.0 397.0 6.0 0.0
45 37 42 0.0 0.0 0.0 11.0 138.0 2.0 0.0
45 37 43 0.0 0.0 0.0 10.0 67.0 4.0 0.0
45 37 44 0.0 0.0 0.0 0.0 13.0 0.0 0.0
45 38 36 0.0 0.0 0.0 6.0 12.0 1.0 0.0
45 38 37 0.0 0.0 0.0 8.0 152.0 2.0 0.0
45 38 38 0.0 0.0 0.0 46.0 518.0 11.0 1.0
45 38 39 0.0 0.0 0.0 99.0 1036.0 16.0 2.0
45 38 40 0.0 0.0 1.0 110.0 1422.0 15.0 4.0
45 38 41 0.0 0.0 0.0 79.0 1173.0 21.0 2.0
45 38 42 0.0 0.0 0.0 54.0 626.0 8.0 1.0
45 38 43 0.0 0.0 0.0 11.0 184.0 1.0 0.0
45 38 44 0.0 0.0 0.0 1.0 26.0 0.0 0.0
45 39 35 0.0 0.0 0.0 0.0 2.0 0.0 0.0
45 39 36 0.0 0.0 0.0 4.0 30.0 1.0 0.0
45 39 37 0.0 0.0 0.0 21.0 275.0 6.0 0.0
45 39 38 0.0 0.0 0.0 81.0 962.0 14.0 3.0
45 39 39 0.0 0.0 0.0 140.0 1871.0 35.0 4.0
45 39 40 0.0 0.0 0.0 198.0 2488.0 43.0 16.0
45 39 41 0.0 0.0 0.0 144.0 2213.0 42.0 10.0
45 39 42 0.0 0.0 0.0 110.0 1278.0 18.0 2.0
45 39 43 0.0 0.0 0.0 18.0 354.0 0.0 0.0
45 39 44 0.0 0.0 0.0 1.0 58.0 1.0 0.0
45 39 45 0.0 0.0 0.0 0.0 2.0 0.0 0.0
45 40 35 0.0 0.0 0.0 0.0 1.0 0.0 0.0
45 40 36 0.0 0.0 0.0 12.0 48.0 1.0 0.0
45 40 37 0.0 0.0 0.0 15.0 303.0 4.0 0.0
45 40 38 0.0 0.0 0.0 121.0 1139.0 31.0 1.0
45 40 39 0.0 0.0 0.0 172.0 2259.0 35.0 13.0
45 40 40 0.0 1.0 0.0 178.0 2962.0 51.0 23.0
45 40 41 0.0 0.0 0.0 179.0 2490.0 48.0 16.0
45 40 42 0.0 0.0 0.0 113.0 1358.0 19.0 4.0
45 40 43 0.0 0.0 0.0 26.0 381.0 6.0 0.0
45 40 44 0.0 0.0 0.0 6.0 68.0 3.0 0.0
45 40 45 0.0 0.0 0.0 0.0 2.0 0.0 0.0
45 41 36 0.0 0.0 0.0 3.0 33.0 0.0 0.0
45 41 37 0.0 0.0 0.0 11.0 275.0 4.0 0.0
45 41 38 0.0 0.0 0.0 61.0 881.0 10.0 1.0
45 41 39 0.0 0.0 0.0 113.0 1889.0 21.0 5.0
45 41 40 0.0 0.0 0.0 166.0 2259.0 34.0 12.0
45 41 41 0.0 0.0 0.0 108.0 2078.0 35.0 7.0
45 41 42 0.0 0.0 0.0 56.0 1074.0 12.0 2.0
45 41 43 0.0 0.0 0.0 15.0 292.0 4.0 0.0
45 41 44 0.0 0.0 0.0 1.0 32.0 1.0 0.0
45 41 45 0.0 0.0 0.0 0.0 2.0 0.0 0.0
45 42 36 0.0 0.0 0.0 0.0 12.0 0.0 0.0
45 42 37 0.0 0.0 0.0 12.0 95.0 2.0 0.0
45 42 38 0.0 0.0 0.0 16.0 442.0 5.0 0.0
45 42 39 0.0 0.0 0.0 56.0 893.0 16.0 2.0
45 42 40 0.0 0.0 0.0 93.0 1157.0 25.0 2.0
45 42 41 0.0 0.0 0.0 103.0 1055.0 17.0 2.0
45 42 42 0.0 0.0 0.0 60.0 563.0 10.0 1.0
45 42 43 0.0 0.0 0.0 9.0 102.0 1.0 0.0
45 42 44 0.0 0.0 0.0 0.0 12.0 0.0 0.0
45 43 37 0.0 0.0 0.0 6.0 33.0 1.0 0.0
45 43 38 0.0 0.0 0.0 7.0 140.0 0.0 0.0
45 43 39 0.0 0.0 0.0 12.0 222.0 6.0 0.0
45 43 40 0.0 0.0 0.0 22.0 338.0 9.0 0.0
45 43 41 0.0 0.0 0.0 18.0 233.0 4.0 0.0
45 43 42 0.0 0.0 0.0 13.0 131.0 4.0 0.0
45 43 43 0.0 0.0 0.0 0.0 22.0 0.0 0.0
45 43 44 0.0 0.0 0.0 0.0 2.0 0.0 0.0
45 44 37 0.0 0.0 0.0 1.0 3.0 0.0 0.0
45 44 38 0.0 0.0 0.0 1.0 13.0 0.0 0.0
45 44 39 0.0 0.0 0.0 4.0 32.0 0.0 0.0
45 44 40 0.0 0.0 0.0 0.0 47.0 1.0 0.0
45 44 41 0.0 0.0 0.0 0.0 25.0 1.0 0.0
45 44 42 0.0 0.0 0.0 0.0 15.0 1.0 0.0
45 44 43 0.0 0.0 0.0 1.0 2.0 0.0 0.0
45 45 38 0.0 0.0 0.0 0.0 1.0 0.0 0.0
45 45 39 0.0 0.0 0.0 0.0 1.0 0.0 0.0
46 37 40 0.0 0.0 0.0 1.0 0.0 0.0 0.0
46 38 40 0.0 0.0 0.0 0.0 3.0 1.0 0.0
46 39 38 0.0 0.0 0.0 0.0 1.0 0.0 0.0
46 39 39 0.0 0.0 0.0 0.0 1.0 0.0 0.0
46 39 42 0.0 0.0 0.0 0.0 1.0 0.0 0.0
46 39 43 0.0 0.0 0.0 1.0 0.0 0.0 0.0
46 40 39 0.0 0.0 0.0 0.0 1.0 0.0 0.0
46 40 41 0.0 0.0 0.0 0.0 1.0 0.0 0.0
46 40 42 0.0 0.0 0.0 0.0 1.0 0.0 0.0
46 41 38 0.0 0.0 0.0 0.0 1.0 0.0 0.0
46 41 40 0.0 0.0 0.0 0.0 1.0 0.0 0.0
46 41 41 0.0 0.0 0.0 0.0 2.0 0.0 0.0
46 42 39 0.0 0.0 0.0 0.0 1.0 0.0 0.0
46 42 40 0.0 0.0 0.0 0.0 2.0 0.0 0.0
46 42 42 0.0 0.0 0.0 0.0 1.0 0.0 0.0
