0.0
0.0
0.9366468056278473
0.8826862689140788
0.9436941867132949
0.9596723891076828
0.8596126406111588
0.8225353096533535
0.8131428951976876
0.7503096775749704
0.6851828546224107
0.657673950438541
0.6270682911409037
0.5924505498414545
0.5542891507816672
0.5216159868795858
0.49303880978166925
0.4668105753996441
0.44795378396884145
0.42514403656686417
0.4041069184327274
0.3871585603653509
0.37076664722664693
0.3599522420198895
0.34687882857359764
0.3365283183298141
0.32641944479229734
0.31574766466590476
0.30525393619662794
0.29658568530927354
0.28816399088458805
0.2797580560948718
0.27344864789208606
0.26782488092010687
0.2630426841251092
0.2586203230052751
0.2547216762791434
0.2508187750593584
0.2478545746268899
0.24488446420203408
0.24200622886299508
0.23919225294092722
0.23660628261707578
0.23397899109385498
0.23150009841427802
0.22893414265235934
0.2265532370461017
0.22429946146199342
0.22222074446434914
0.2202367158674994
0.21843848954586342
0.21670023791076456
0.21502190475991176
0.21333406927044743
0.2117170001707891
0.2100963871376072
0.2084761933152511
0.20677935385761548
0.20521050023851664
0.20385383310674268
0.20223738021564475
0.20062249448264696
0.1990324554460408
0.19751030395556818
0.19601750185748879
0.1944992271164053
0.1929322708130709
0.19142585931218342
0.18998556839980715
0.18843160213772597
0.18688719369547832
0.18547538625689597
0.1840660663271791
0.18267383120689348
0.18127450025496947
0.1798868527289334
0.17846645789907348
0.17706723262647864
0.17566242351375128
0.17423699510981125
0.1728654093435672
0.17148891335575603
0.17004438789546733
0.16872912198559778
0.16735782386549794
0.1660454591301852
0.16464651871261238
0.16337012292454425
0.16200146165357915
0.16068263261059104
0.15940396513428762
0.15810170709974183
0.15672970994341728
0.15541953046314513
0.1540905796106453
0.15274233651851274
0.15142403010032832
0.15013292278103452
0.1488519547086235
0.14755052573252717
0.14625478898853453
0.1449779060823873
0.1436913191110833
0.14241697585649413
0.1411724509274123
0.1399440098688524
0.13873401640032246
0.1375099857138316
0.13635712653005466
0.13517321252468958
0.13402646438057828
0.13289893149733945
0.13176112222932715
0.1306781911555816
0.12960299051472715
0.12847095548038187
0.1273693180555065
0.126291568158212
0.12518152505676106
0.1241044426159887
0.12300459758140284
0.12194538407130623
0.12089231737748025
0.11982610882800188
0.11877187971007079
0.11772586742791555
0.11667003580265373
0.1156603454274942
0.11465140113762218
0.11361580004361889
0.11260989389144467
0.11158835814131243
0.11059592173937853
0.1095692060698
0.10858376613236732
0.10758242436722568
0.10660624905447234
0.10562107544464715
0.10466644506728581
0.10371425273185121
0.1027709420102446
0.10182450230028829
0.10086864874241913
0.09992051747835663
0.09899041224244962
0.09810028821448939
0.09721805951233596
0.09633539038325917
0.09544920555633779
0.09456289623973428
0.0936603739641628
0.09278731642601444
0.09190600256377722
0.09103777175088082
0.09020009400324605
0.08934085704226787
0.08848852988195968
0.08765227645425351
0.08684933095080233
0.08603449419444793
0.08523088895417816
0.0844147700447387
0.08361601711607909
0.08282424561743057
0.08205822609324817
0.08128764873863721
0.08054402602735782
0.07977537812264075
0.07902013966811024
0.07827317936315752
0.07753708622948421
0.07678311319492032
0.07603476767191858
0.07529770425318486
0.07453723466134214
0.0738046037111564
0.07306982367528052
0.07234967303646136
0.07162695635001991
0.07090668022934825
0.07019615223020462
0.06948052441623795
0.06878428425530075
0.06810625728560932
0.06743499988349706
0.06675087588201588
0.06609086644333051
0.06545635986900539
0.06482875916216653
0.06419973714477885
0.06357392180785035
0.062948268307595
0.06232666134835048
0.06172313176850118
0.061128918447761235
0.06053767363961832
0.05996389196385315
0.05937225045386348
0.05878434151144006
0.05818759121125429
0.05760210210119344
0.05702368010652357
0.05647020833387777
0.055904328794266184
0.05535442430322927
0.05480081248133827
0.05425445778519464
0.05371308038451505
0.053172988787418815
0.052628556006406646
0.05209456528463284
0.051580377210932844
0.051053348681126653
0.05054462404441339
0.05003491308529199
0.0495262718147447
0.049040080158455644
0.04856477596407185
0.04808526745236716
0.04760682039503409
0.04714908705483939
0.04669568567458051
0.046234073133954876
0.04577497613786615
0.04531871608256064
0.04485666657969631
0.04439468840649304
0.04394898353006317
0.04350079874637861
0.04306066249542168
0.042616358865679785
0.042189256913579457
0.041755626776335486
0.0413260059788857
0.040904028990251466
0.04047296645842799
0.040050771564170536
0.03963824750344533
0.039234476879137746
0.03883980180850315
0.03842942263000846
0.038038445243024334
0.037651180502124744
0.03725681979244217
0.03686753633479049
0.03649987454329615
0.03612723382510779
0.03576335436800477
0.03539510832571721
0.03502427937856716
0.034659974667740366
0.03430113080230648
0.0
0.0
0.0
0.0
0.0
0.0
0.0
0.0
0.0
0.0
0.0
0.0
0.0
0.0
0.0
0.0
0.0
0.0
0.0
0.0
0.0
0.0
0.0
0.0
0.0
0.0
0.0
0.0
0.0
0.0
0.0
0.0
0.0
0.0
0.0
0.0
0.0
0.0
0.0
0.0
0.0
0.0
0.0
0.0
0.0
0.0
0.0
0.0
0.0
0.0
0.0
0.0
0.0
0.0
0.0
0.0
0.0
0.0
0.0
0.0
0.0
0.0
0.0
0.0
0.0
0.0
0.0
0.0
0.0
0.0
0.0
0.0
0.0
0.0
0.0
0.0
0.0
0.0
0.0
0.0
0.0
0.0
0.0
0.0
0.0
0.0
0.0
0.0
0.0
0.0
0.0
0.0
0.0
0.0
0.0
0.0
0.0
0.0
0.0
0.0
0.0
0.0
0.0
0.0
0.0
0.0
0.0
0.0
0.0
0.0
0.0
0.0
0.0
0.0
0.0
0.0
0.0
0.0
0.0
0.0
0.0
0.0
0.0
0.0
0.0
0.0
0.0
0.0
0.0
0.0
0.0
0.0
0.0
0.0
0.0
0.0
0.0
0.0
0.0
0.0
0.0
0.0
0.0
0.0
0.0
0.0
0.0
0.0
0.0
0.0
0.0
0.0
0.0
0.0
0.0
0.0
0.0
0.0
0.0
0.0
0.0
0.0
0.0
0.0
0.0
0.0
0.0
0.0
0.0
0.0
0.0
0.0
0.0
0.0
0.0
0.0
0.0
0.0
0.0
0.0
0.0
0.0
0.0
0.0
0.0
0.0
0.0
0.0
0.0
0.0
0.0
0.0
0.0
0.0
0.0
0.0
0.0
0.0
0.0
0.0
0.0
0.0
0.0
0.0
0.0
0.0
0.0
0.0
0.0
0.0
0.0
0.0
0.0
0.0
0.0
0.0
0.0
0.0
0.0
0.0
0.0
0.0
0.0
0.0
0.0
0.0
0.0
0.0
0.0
0.0
0.0
0.0
0.0
0.0
0.0
0.0
0.0
0.0
0.0
0.0
0.0
0.0
0.0
0.0
0.0
0.0
0.0
0.0
0.0
0.0
0.0
0.0
0.0
0.0
0.0
0.0
0.0
0.0
0.0
0.0
0.0
0.0
0.0
0.0
0.0
0.0
0.0
0.0
0.0
0.0
0.0
0.0
0.0
0.0
0.0
0.0
0.0
0.0
0.0
0.0
0.0
0.0
0.0
0.0
0.0
0.0
0.0
0.0
0.0
0.0
0.0
0.0
0.0
0.0
0.0
0.0
0.0
0.0
0.0
0.0
0.0
0.0
0.0
0.0
0.0
0.0
0.0
0.0
0.0
0.0
0.0
0.0
0.0
0.0
0.0
0.0
0.0
0.0
0.0
0.0
0.0
0.0
0.0
0.0
0.0
0.0
0.0
0.0
0.0
0.0
0.0
0.0
0.0
0.0
0.0
0.0
0.0
0.0
0.0
0.0
0.0
0.0
0.0
0.0
0.0
0.0
0.0
0.0
0.0
0.0
0.0
0.0
0.0
0.0
0.0
0.0
0.0
0.0
0.0
0.0
0.0
0.0
0.0
0.0
0.0
0.0
0.0
0.0
0.0
0.0
0.0
0.0
0.0
0.0
0.0
0.0
0.0
0.0
0.0
0.0
0.0
0.0
0.0
0.0
0.0
0.0
0.0
0.0
0.0
0.0
0.0
0.0
0.0
0.0
0.0
0.0
0.0
0.0
0.0
0.0
0.0
0.0
0.0
0.0
0.0
0.0
0.0
0.0
0.0
0.0
0.0
0.0
0.0
0.0
0.0
0.0
0.0
0.0
0.0
0.0
0.0
0.0
0.0
0.0
0.0
0.0
0.0
0.0
0.0
0.0
0.0
0.0
0.0
0.0
0.0
0.0
0.0
0.0
0.0
0.0
0.0
0.0
0.0
0.0
0.0
0.0
0.0
0.0
0.0
0.0
0.0
0.0
0.0
0.0
0.0
0.0
0.0
0.0
0.0
0.0
0.0
0.0
0.0
0.0
0.0
0.0
0.0
0.0
0.0
0.0
0.0
0.0
0.0
0.0
0.0
0.0
0.0
0.0
0.0
0.0
0.0
0.0
0.0
0.0
0.0
0.0
0.0
0.0
0.0
0.0
0.0
0.0
0.0
0.0
0.0
0.0
0.0
0.0
0.0
0.0
0.0
0.0
0.0
0.0
0.0
0.0
0.0
0.0
0.0
0.0
0.0
0.0
0.0
0.0
0.0
0.0
0.0
0.0
0.0
0.0
0.0
0.0
0.0
0.0
0.0
0.0
0.0
0.0
0.0
0.0
0.0
0.0
0.0
0.0
0.0
0.0
0.0
0.0
0.0
0.0
0.0
0.0
0.0
0.0
0.0
0.0
0.0
0.0
0.0
0.0
0.0
0.0
0.0
0.0
0.0
0.0
0.0
0.0
0.0
0.0
0.0
0.0
0.0
0.0
0.0
0.0
0.0
0.0
0.0
0.0
0.0
0.0
0.0
0.0
0.0
0.0
0.0
0.0
0.0
0.0
0.0
0.0
0.0
0.0
0.0
0.0
0.0
0.0
0.0
0.0
0.0
0.0
0.0
0.0
0.0
0.0
0.0
0.0
0.0
0.0
0.0
0.0
0.0
0.0
0.0
0.0
0.0
0.0
0.0
0.0
0.0
0.0
0.0
0.0
0.0
0.0
0.0
0.0
0.0
0.0
0.0
0.0
0.0
0.0
0.0
0.0
0.0
0.0
0.0
0.0
0.0
0.0
0.0
0.0
0.0
0.0
0.0
0.0
0.0
0.0
0.0
0.0
0.0
0.0
0.0
0.0
0.0
0.0
0.0
0.0
0.0
0.0
0.0
0.0
0.0
0.0
0.0
0.0
0.0
0.0
0.0
0.0
0.0
0.0
0.0
0.0
0.0
0.0
0.0
0.0
0.0
0.0
0.0
0.0
0.0
0.0
0.0
0.0
0.0
0.0
0.0
0.0
0.0
0.0
0.0
0.0
0.0
0.0
0.0
0.0
0.0
0.0
0.0
0.0
0.0
0.0
0.0
0.0
0.0
0.0
0.0
0.0
0.0
0.0
0.0
0.0
0.0
0.0
0.0
0.0
0.0
0.0
0.0
0.0
0.0
0.0
0.0
0.0
0.0
0.0
0.0
0.0
0.0
0.0
0.0
0.0
0.0
0.0
0.0
0.0
0.0
0.0
0.0
0.0
0.0
0.0
0.0
0.0
0.0
0.0
0.0
0.0
0.0
0.0
0.0
0.0
0.0
0.0
0.0
0.0
0.0
0.0
0.0
0.0
0.0
0.0
0.0
0.0
0.0
0.0
0.0
0.0
0.0
0.0
0.0
0.0
0.0
0.0
0.0
0.0
0.0
0.0
0.0
0.0
0.0
0.0
0.0
0.0
0.0
0.0
0.0
0.0
0.0
0.0
0.0
0.0
0.0
0.0
0.0
0.0
0.0
0.0
0.0
0.0
0.0
0.0
0.0
0.0
0.0
0.0
0.0
0.0
0.0
0.0
0.0
0.0
0.0
0.0
0.0
0.0
0.0
0.0
0.0
0.0
0.0
0.0
0.0
0.0
0.0
0.0
0.0
0.0
0.0
0.0
0.0
0.0
0.0
0.0
0.0
0.0
0.0
0.0
0.0
0.0
0.0
0.0
0.0
0.0
0.0
0.0
0.0
0.0
0.0
0.0
0.0
0.0
0.0
0.0
0.0
0.0
0.0
0.0
0.0
0.0
0.0
0.0
0.0
0.0
0.0
0.0
0.0
0.0
0.0
0.0
0.0
0.0
0.0
0.0
0.0
0.0
0.0
0.0
0.0
0.0
0.0
0.0
0.0
0.0
0.0
0.0
0.0
0.0
0.0
0.0
0.0
0.0
0.0
0.0
0.0
0.0
0.0
0.0
0.0
0.0
0.0
0.0
0.0
0.0
0.0
0.0
0.0
0.0
0.0
0.0
0.0
0.0
0.0
0.0
0.0
0.0
0.0
0.0
0.0
0.0
0.0
0.0
0.0
0.0
0.0
0.0
0.0
0.0
0.0
0.0
0.0
0.0
0.0
0.0
0.0
0.0
0.0
0.0
0.0
0.0
0.0
0.0
0.0
0.0
0.0
0.0
0.0
0.0
0.0
0.0
0.0
0.0
0.0
0.0
0.0
0.0
0.0
0.0
0.0
0.0
0.0
0.0
0.0
0.0
0.0
0.0
0.0
0.0
0.0
0.0
0.0
0.0
0.0
0.0
0.0
0.0
0.0
0.0
0.0
0.0
0.0
0.0
0.0
0.0
0.0
0.0
0.0
0.0
0.0
0.0
0.0
0.0
0.0
0.0
0.0
0.0
0.0
0.0
0.0
0.0
0.0
0.0
0.0
0.0
0.0
