0.0
0.0
0.0
0.0
0.0
0.0
0.0
0.0
0.0
0.0
0.0
2.0
5.0
12.0
28.0
57.0
120.0
215.0
420.0
771.0
1396.0
2419.0
3993.0
6363.0
9663.0
14010.0
19398.0
25598.0
32726.0
40392.0
48927.0
58784.0
71129.0
87844.0
112404.0
149725.0
204647.0
283685.0
391738.0
532659.0
705645.0
910206.0
1.145099e6
1.411103e6
1.713704e6
2.06615e6
2.482522e6
2.977957e6
3.568539e6
4.258269e6
5.049438e6
5.937376e6
6.918051e6
7.995272e6
9.178198e6
1.0482638e7
1.1930532e7
1.3535649e7
1.5303104e7
1.7236882e7
1.933402e7
2.159863e7
2.4040936e7
2.6679711e7
2.9525175e7
3.2593998e7
3.5890192e7
3.9416877e7
4.3174963e7
4.7164342e7
5.1396773e7
5.5895453e7
6.0675921e7
6.5756275e7
7.1140617e7
7.6830703e7
8.2808756e7
8.9094827e7
9.569088e7
1.02624893e8
1.09922975e8
1.1759085e8
1.25643324e8
1.34070804e8
1.4287619e8
1.52048062e8
1.61613369e8
1.71578952e8
1.81980454e8
1.92830915e8
2.04142726e8
2.1590439e8
2.28111477e8
2.40763596e8
2.53883371e8
2.67492984e8
2.81602946e8
2.96249672e8
3.11431125e8
3.27130901e8
3.43342072e8
3.60078028e8
3.77345931e8
3.95190918e8
4.13629585e8
4.32674335e8
4.52330819e8
4.72578768e8
4.934133e8
5.14846889e8
5.36900551e8
5.59612342e8
5.83004282e8
6.07071699e8
6.3181219e8
6.57077545e8
6.83152262e8
7.09276022e8
7.36732333e8
7.64483301e8
7.92971284e8
8.23127641e8
8.53119576e8
8.84276158e8
9.16044998e8
9.47538976e8
9.80119261e8
1.013234008e9
1.04719772e9
1.08317462e9
1.119385552e9
1.153640032e9
1.190450109e9
1.227075504e9
1.266648211e9
1.305643633e9
1.344122198e9
1.383816024e9
1.424103092e9
1.466253914e9
1.509450382e9
1.553892744e9
1.594569776e9
1.639516821e9
1.684621575e9
1.730370827e9
1.779820336e9
1.828525852e9
1.873606368e9
1.921460812e9
1.972921457e9
2.022877285e9
2.071658494e9
2.124826451e9
2.17567209e9
2.228229612e9
2.283859999e9
2.338317796e9
2.391517161e9
2.449577468e9
2.506434177e9
2.559627655e9
2.616337572e9
2.677011006e9
2.73769425e9
2.793481994e9
2.854649199e9
2.914747515e9
2.977599673e9
3.03966751e9
3.105882441e9
3.167418405e9
3.229716689e9
3.293607408e9
3.361905746e9
3.431630659e9
3.49411661e9
3.561507216e9
3.625710941e9
3.697147588e9
3.763548546e9
3.832632261e9
3.910962316e9
3.985251966e9
4.051441746e9
4.12330859e9
4.196945737e9
4.269626433e9
4.343591513e9
4.426772836e9
4.506600626e9
4.582482099e9
4.660170232e9
4.734761341e9
4.819422733e9
4.899910617e9
4.978037489e9
5.060218372e9
5.144541179e9
5.225856669e9
5.310764134e9
5.388737561e9
5.472934341e9
5.558168317e9
5.648064185e9
5.738700589e9
5.821667806e9
5.907266396e9
5.996662844e9
6.092180835e9
6.176124406e9
6.267560623e9
6.361207275e9
6.46027237e9
6.548336739e9
6.643888769e9
6.734646709e9
6.834232626e9
6.923381072e9
7.020590877e9
7.123767659e9
7.220825043e9
7.324390607e9
7.426898292e9
7.524613608e9
7.630262025e9
7.738847781e9
7.837605231e9
7.944332369e9
8.05091175e9
8.15387109e9
8.257644785e9
8.369173919e9
8.471086192e9
8.575223201e9
8.676171529e9
8.78545638e9
8.893908901e9
9.002800869e9
9.109907911e9
9.217993745e9
9.329352201e9
9.44301837e9
9.560722442e9
9.676401161e9
9.791851813e9
9.905456234e9
1.0025130497e10
1.0145724763e10
1.0260304916e10
1.0375967622e10
1.0494408945e10
0.0
0.0
0.0
0.0
0.0
0.0
0.0
0.0
0.0
0.0
0.0
0.0
0.0
0.0
0.0
0.0
0.0
0.0
0.0
0.0
0.0
0.0
0.0
0.0
0.0
0.0
0.0
0.0
0.0
0.0
0.0
0.0
0.0
0.0
0.0
0.0
0.0
0.0
0.0
0.0
0.0
0.0
0.0
0.0
0.0
0.0
0.0
0.0
0.0
0.0
0.0
0.0
0.0
0.0
0.0
0.0
0.0
0.0
0.0
0.0
0.0
0.0
0.0
0.0
0.0
0.0
0.0
0.0
0.0
0.0
0.0
0.0
0.0
0.0
0.0
0.0
0.0
0.0
0.0
0.0
0.0
0.0
0.0
0.0
0.0
0.0
0.0
0.0
0.0
0.0
0.0
0.0
0.0
0.0
0.0
0.0
0.0
0.0
0.0
0.0
0.0
0.0
0.0
0.0
0.0
0.0
0.0
0.0
0.0
0.0
0.0
0.0
0.0
0.0
0.0
0.0
0.0
0.0
0.0
0.0
0.0
0.0
0.0
0.0
0.0
0.0
0.0
0.0
0.0
0.0
0.0
0.0
0.0
0.0
0.0
0.0
0.0
0.0
0.0
0.0
0.0
0.0
0.0
0.0
0.0
0.0
0.0
0.0
0.0
0.0
0.0
0.0
0.0
0.0
0.0
0.0
0.0
0.0
0.0
0.0
0.0
0.0
0.0
0.0
0.0
0.0
0.0
0.0
0.0
0.0
0.0
0.0
0.0
0.0
0.0
0.0
0.0
0.0
0.0
0.0
0.0
0.0
0.0
0.0
0.0
0.0
0.0
0.0
0.0
0.0
0.0
0.0
0.0
0.0
0.0
0.0
0.0
0.0
0.0
0.0
0.0
0.0
0.0
0.0
0.0
0.0
0.0
0.0
0.0
0.0
0.0
0.0
0.0
0.0
0.0
0.0
0.0
0.0
0.0
0.0
0.0
0.0
0.0
0.0
0.0
0.0
0.0
0.0
0.0
0.0
0.0
0.0
0.0
0.0
0.0
0.0
0.0
0.0
0.0
0.0
0.0
0.0
0.0
0.0
0.0
0.0
0.0
0.0
0.0
0.0
0.0
0.0
0.0
0.0
0.0
0.0
0.0
0.0
0.0
0.0
0.0
0.0
0.0
0.0
0.0
0.0
0.0
0.0
0.0
0.0
0.0
0.0
0.0
0.0
0.0
0.0
0.0
0.0
0.0
0.0
0.0
0.0
0.0
0.0
0.0
0.0
0.0
0.0
0.0
0.0
0.0
0.0
0.0
0.0
0.0
0.0
0.0
0.0
0.0
0.0
0.0
0.0
0.0
0.0
0.0
0.0
0.0
0.0
0.0
0.0
0.0
0.0
0.0
0.0
0.0
0.0
0.0
0.0
0.0
0.0
0.0
0.0
0.0
0.0
0.0
0.0
0.0
0.0
0.0
0.0
0.0
0.0
0.0
0.0
0.0
0.0
0.0
0.0
0.0
0.0
0.0
0.0
0.0
0.0
0.0
0.0
0.0
0.0
0.0
0.0
0.0
0.0
0.0
0.0
0.0
0.0
0.0
0.0
0.0
0.0
0.0
0.0
0.0
0.0
0.0
0.0
0.0
0.0
0.0
0.0
0.0
0.0
0.0
0.0
0.0
0.0
0.0
0.0
0.0
0.0
0.0
0.0
0.0
0.0
0.0
0.0
0.0
0.0
0.0
0.0
0.0
0.0
0.0
0.0
0.0
0.0
0.0
0.0
0.0
0.0
0.0
0.0
0.0
0.0
0.0
0.0
0.0
0.0
0.0
0.0
0.0
0.0
0.0
0.0
0.0
0.0
0.0
0.0
0.0
0.0
0.0
0.0
0.0
0.0
0.0
0.0
0.0
0.0
0.0
0.0
0.0
0.0
0.0
0.0
0.0
0.0
0.0
0.0
0.0
0.0
0.0
0.0
0.0
0.0
0.0
0.0
0.0
0.0
0.0
0.0
0.0
0.0
0.0
0.0
0.0
0.0
0.0
0.0
0.0
0.0
0.0
0.0
0.0
0.0
0.0
0.0
0.0
0.0
0.0
0.0
0.0
0.0
0.0
0.0
0.0
0.0
0.0
0.0
0.0
0.0
0.0
0.0
0.0
0.0
0.0
0.0
0.0
0.0
0.0
0.0
0.0
0.0
0.0
0.0
0.0
0.0
0.0
0.0
0.0
0.0
0.0
0.0
0.0
0.0
0.0
0.0
0.0
0.0
0.0
0.0
0.0
0.0
0.0
0.0
0.0
0.0
0.0
0.0
0.0
0.0
0.0
0.0
0.0
0.0
0.0
0.0
0.0
0.0
0.0
0.0
0.0
0.0
0.0
0.0
0.0
0.0
0.0
0.0
0.0
0.0
0.0
0.0
0.0
0.0
0.0
0.0
0.0
0.0
0.0
0.0
0.0
0.0
0.0
0.0
0.0
0.0
0.0
0.0
0.0
0.0
0.0
0.0
0.0
0.0
0.0
0.0
0.0
0.0
0.0
0.0
0.0
0.0
0.0
0.0
0.0
0.0
0.0
0.0
0.0
0.0
0.0
0.0
0.0
0.0
0.0
0.0
0.0
0.0
0.0
0.0
0.0
0.0
0.0
0.0
0.0
0.0
0.0
0.0
0.0
0.0
0.0
0.0
0.0
0.0
0.0
0.0
0.0
0.0
0.0
0.0
0.0
0.0
0.0
0.0
0.0
0.0
0.0
0.0
0.0
0.0
0.0
0.0
0.0
0.0
0.0
0.0
0.0
0.0
0.0
0.0
0.0
0.0
0.0
0.0
0.0
0.0
0.0
0.0
0.0
0.0
0.0
0.0
0.0
0.0
0.0
0.0
0.0
0.0
0.0
0.0
0.0
0.0
0.0
0.0
0.0
0.0
0.0
0.0
0.0
0.0
0.0
0.0
0.0
0.0
0.0
0.0
0.0
0.0
0.0
0.0
0.0
0.0
0.0
0.0
0.0
0.0
0.0
0.0
0.0
0.0
0.0
0.0
0.0
0.0
0.0
0.0
0.0
0.0
0.0
0.0
0.0
0.0
0.0
0.0
0.0
0.0
0.0
0.0
0.0
0.0
0.0
0.0
0.0
0.0
0.0
0.0
0.0
0.0
0.0
0.0
0.0
0.0
0.0
0.0
0.0
0.0
0.0
0.0
0.0
0.0
0.0
0.0
0.0
0.0
0.0
0.0
0.0
0.0
0.0
0.0
0.0
0.0
0.0
0.0
0.0
0.0
0.0
0.0
0.0
0.0
0.0
0.0
0.0
0.0
0.0
0.0
0.0
0.0
0.0
0.0
0.0
0.0
0.0
0.0
0.0
0.0
0.0
0.0
0.0
0.0
0.0
0.0
0.0
0.0
0.0
0.0
0.0
0.0
0.0
0.0
0.0
0.0
0.0
0.0
0.0
0.0
0.0
0.0
0.0
0.0
0.0
0.0
0.0
0.0
0.0
0.0
0.0
0.0
0.0
0.0
0.0
0.0
0.0
0.0
0.0
0.0
0.0
0.0
0.0
0.0
0.0
0.0
0.0
0.0
0.0
0.0
0.0
0.0
0.0
0.0
0.0
0.0
0.0
0.0
0.0
0.0
0.0
0.0
0.0
0.0
0.0
0.0
0.0
0.0
0.0
0.0
0.0
0.0
0.0
0.0
0.0
0.0
0.0
0.0
0.0
0.0
0.0
0.0
0.0
0.0
0.0
0.0
0.0
0.0
0.0
0.0
0.0
0.0
0.0
0.0
0.0
0.0
0.0
0.0
0.0
0.0
0.0
0.0
0.0
0.0
0.0
0.0
0.0
0.0
0.0
0.0
0.0
0.0
0.0
0.0
0.0
0.0
0.0
0.0
0.0
0.0
0.0
0.0
0.0
0.0
0.0
0.0
0.0
0.0
0.0
0.0
0.0
0.0
0.0
0.0
0.0
0.0
0.0
0.0
0.0
0.0
0.0
0.0
0.0
0.0
0.0
0.0
0.0
0.0
0.0
0.0
0.0
0.0
0.0
0.0
0.0
0.0
0.0
0.0
0.0
0.0
0.0
0.0
0.0
0.0
0.0
0.0
0.0
0.0
0.0
0.0
0.0
0.0
0.0
0.0
0.0
0.0
0.0
0.0
0.0
0.0
0.0
0.0
0.0
0.0
0.0
0.0
0.0
0.0
0.0
0.0
0.0
0.0
0.0
0.0
0.0
0.0
0.0
0.0
0.0
0.0
0.0
0.0
0.0
0.0
0.0
0.0
0.0
0.0
0.0
0.0
0.0
0.0
0.0
0.0
0.0
0.0
0.0
0.0
0.0
0.0
0.0
0.0
0.0
0.0
0.0
0.0
0.0
0.0
0.0
0.0
0.0
0.0
0.0
0.0
0.0
0.0
0.0
0.0
0.0
0.0
0.0
0.0
0.0
