39 39 39 0.0 0.0 8.0 3.0 47.0 2.0 0.0
39 39 40 0.0 0.0 0.0 0.0 19.0 0.0 0.0
39 39 41 0.0 0.0 2.0 5.0 44.0 0.0 0.0
39 40 39 0.0 1.0 0.0 1.0 6.0 0.0 0.0
39 40 40 0.0 0.0 0.0 3.0 15.0 0.0 0.0
39 40 41 0.0 0.0 0.0 3.0 7.0 0.0 0.0
39 41 39 0.0 0.0 0.0 1.0 28.0 0.0 0.0
39 41 40 0.0 0.0 4.0 0.0 30.0 0.0 0.0
39 41 41 0.0 0.0 4.0 0.0 8.0 0.0 0.0
40 39 39 0.0 0.0 3.0 0.0 40.0 2.0 0.0
40 39 40 0.0 19.0 0.0 52.0 17.0 3.0 0.0
40 39 41 0.0 0.0 0.0 0.0 16.0 0.0 0.0
40 40 39 0.0 0.0 2.0 0.0 22.0 1.0 0.0
40 40 40 10.0 94.0 685.0 1020.0 7633.0 175.0 206.0
40 40 41 0.0 1.0 3.0 3.0 23.0 0.0 0.0
40 41 39 0.0 0.0 0.0 0.0 16.0 1.0 0.0
40 41 40 0.0 0.0 1.0 0.0 21.0 0.0 0.0
40 41 41 0.0 0.0 0.0 6.0 13.0 0.0 0.0
41 39 39 0.0 0.0 1.0 0.0 14.0 2.0 0.0
41 39 40 0.0 0.0 1.0 3.0 8.0 0.0 0.0
41 39 41 0.0 0.0 4.0 2.0 13.0 0.0 0.0
41 40 39 0.0 0.0 8.0 0.0 47.0 1.0 0.0
41 40 40 0.0 0.0 2.0 0.0 14.0 0.0 0.0
41 40 41 0.0 0.0 1.0 1.0 21.0 0.0 0.0
41 41 39 0.0 0.0 1.0 1.0 6.0 0.0 0.0
41 41 40 0.0 0.0 0.0 0.0 16.0 0.0 0.0
41 41 41 0.0 0.0 1.0 1.0 28.0 2.0 0.0
