37 38 38 0.0 0.0 0.0 0.0 2.0 1.0 0.0
37 38 40 0.0 0.0 0.0 0.0 1.0 0.0 0.0
37 39 39 0.0 0.0 0.0 1.0 4.0 0.0 0.0
37 39 40 0.0 0.0 0.0 0.0 10.0 0.0 0.0
37 39 41 0.0 0.0 3.0 1.0 4.0 0.0 0.0
37 39 42 0.0 0.0 0.0 1.0 4.0 1.0 0.0
37 40 37 0.0 0.0 0.0 0.0 2.0 0.0 0.0
37 40 38 0.0 0.0 0.0 0.0 6.0 0.0 0.0
37 40 39 0.0 0.0 0.0 0.0 5.0 0.0 0.0
37 40 40 0.0 0.0 0.0 1.0 6.0 0.0 0.0
37 40 41 0.0 0.0 0.0 0.0 11.0 2.0 0.0
37 40 42 0.0 0.0 0.0 0.0 4.0 0.0 0.0
37 41 38 0.0 0.0 0.0 2.0 3.0 0.0 0.0
37 41 39 0.0 0.0 0.0 0.0 6.0 1.0 0.0
37 41 40 0.0 0.0 1.0 4.0 18.0 0.0 0.0
37 41 41 0.0 0.0 0.0 0.0 5.0 0.0 0.0
37 42 39 0.0 0.0 0.0 0.0 1.0 0.0 0.0
37 42 40 0.0 0.0 0.0 1.0 2.0 0.0 0.0
37 42 41 0.0 0.0 0.0 2.0 2.0 0.0 0.0
37 42 42 0.0 0.0 0.0 0.0 1.0 0.0 0.0
38 37 38 0.0 0.0 0.0 1.0 0.0 0.0 0.0
38 37 39 0.0 0.0 0.0 0.0 4.0 0.0 0.0
38 37 40 0.0 0.0 0.0 1.0 2.0 0.0 0.0
38 37 41 0.0 0.0 1.0 0.0 1.0 0.0 0.0
38 37 42 0.0 0.0 0.0 0.0 1.0 0.0 0.0
38 38 37 0.0 0.0 0.0 0.0 2.0 0.0 0.0
38 38 38 0.0 0.0 5.0 37.0 529.0 6.0 0.0
38 38 39 0.0 1.0 1.0 119.0 1325.0 24.0 4.0
38 38 40 0.0 3.0 16.0 88.0 1742.0 42.0 7.0
38 38 41 0.0 3.0 7.0 101.0 1162.0 23.0 0.0
38 38 42 0.0 0.0 0.0 50.0 474.0 9.0 0.0
38 38 43 0.0 0.0 0.0 0.0 3.0 1.0 0.0
38 39 37 0.0 0.0 0.0 0.0 1.0 0.0 0.0
38 39 38 0.0 4.0 6.0 185.0 1232.0 23.0 2.0
38 39 39 0.0 17.0 29.0 408.0 2928.0 61.0 10.0
38 39 40 0.0 6.0 58.0 445.0 4116.0 80.0 36.0
38 39 41 0.0 1.0 26.0 316.0 2629.0 46.0 15.0
38 39 42 1.0 3.0 13.0 121.0 1020.0 24.0 1.0
38 39 43 0.0 0.0 0.0 0.0 3.0 0.0 0.0
38 40 37 0.0 0.0 0.0 0.0 3.0 0.0 0.0
38 40 38 0.0 4.0 14.0 254.0 1346.0 36.0 4.0
38 40 39 0.0 17.0 40.0 508.0 3861.0 76.0 35.0
38 40 40 0.0 24.0 68.0 890.0 5688.0 113.0 64.0
38 40 41 0.0 9.0 49.0 355.0 4304.0 83.0 28.0
38 40 42 0.0 5.0 24.0 123.0 1594.0 33.0 3.0
38 40 43 0.0 0.0 0.0 0.0 1.0 0.0 0.0
38 41 38 0.0 10.0 10.0 119.0 943.0 20.0 1.0
38 41 39 0.0 15.0 19.0 307.0 2546.0 39.0 15.0
38 41 40 0.0 14.0 84.0 533.0 4039.0 88.0 33.0
38 41 41 0.0 48.0 30.0 667.0 2590.0 56.0 13.0
38 41 42 0.0 1.0 11.0 84.0 975.0 20.0 2.0
38 41 43 0.0 0.0 0.0 0.0 2.0 0.0 0.0
38 42 38 0.0 0.0 3.0 41.0 357.0 12.0 0.0
38 42 39 0.0 0.0 14.0 100.0 987.0 20.0 1.0
38 42 40 0.0 7.0 24.0 131.0 1493.0 28.0 2.0
38 42 41 0.0 3.0 22.0 149.0 1076.0 25.0 4.0
38 42 42 0.0 0.0 8.0 35.0 487.0 5.0 0.0
38 42 43 0.0 0.0 0.0 0.0 1.0 0.0 0.0
38 43 39 0.0 2.0 0.0 0.0 3.0 0.0 0.0
38 43 40 0.0 0.0 0.0 0.0 3.0 0.0 0.0
38 43 41 0.0 0.0 0.0 0.0 3.0 0.0 0.0
38 43 42 0.0 0.0 0.0 1.0 2.0 0.0 0.0
39 37 38 0.0 0.0 0.0 0.0 6.0 0.0 0.0
39 37 39 0.0 0.0 0.0 6.0 14.0 1.0 0.0
39 37 40 0.0 0.0 1.0 0.0 16.0 0.0 0.0
39 37 41 0.0 0.0 0.0 0.0 5.0 0.0 0.0
39 37 42 0.0 0.0 0.0 0.0 3.0 0.0 0.0
39 37 43 0.0 0.0 0.0 0.0 1.0 0.0 0.0
39 38 37 0.0 0.0 0.0 0.0 2.0 0.0 0.0
39 38 38 0.0 1.0 12.0 84.0 1217.0 20.0 2.0
39 38 39 0.0 32.0 44.0 932.0 3837.0 87.0 30.0
39 38 40 0.0 11.0 44.0 934.0 4970.0 99.0 59.0
39 38 41 0.0 11.0 22.0 587.0 3101.0 71.0 37.0
39 38 42 0.0 0.0 10.0 114.0 1033.0 20.0 1.0
39 38 43 0.0 0.0 0.0 0.0 1.0 0.0 0.0
39 39 37 0.0 0.0 0.0 0.0 5.0 0.0 0.0
39 39 38 0.0 6.0 34.0 288.0 3139.0 43.0 20.0
39 39 39 0.0 111.0 596.0 3823.0 37910.0 540.0 8860.0
39 39 40 0.0 96.0 546.0 3708.0 38655.0 607.0 8633.0
39 39 41 0.0 56.0 320.0 3372.0 37225.0 542.0 7683.0
39 39 42 0.0 3.0 14.0 385.0 3146.0 53.0 24.0
39 39 43 0.0 0.0 0.0 0.0 2.0 0.0 0.0
39 40 37 0.0 0.0 0.0 0.0 5.0 0.0 0.0
39 40 38 0.0 20.0 23.0 462.0 4335.0 76.0 53.0
39 40 39 0.0 222.0 403.0 6517.0 34190.0 514.0 7593.0
39 40 40 0.0 144.0 539.0 6338.0 40690.0 595.0 12062.0
39 40 41 1.0 70.0 535.0 4050.0 35773.0 514.0 6826.0
39 40 42 0.0 10.0 68.0 399.0 3801.0 73.0 31.0
39 40 43 0.0 0.0 0.0 1.0 1.0 0.0 0.0
39 41 37 0.0 0.0 0.0 0.0 18.0 0.0 0.0
39 41 38 0.0 2.0 34.0 289.0 2749.0 42.0 15.0
39 41 39 0.0 69.0 366.0 3904.0 33471.0 520.0 6092.0
39 41 40 1.0 66.0 523.0 3468.0 38151.0 553.0 8405.0
39 41 41 0.0 71.0 779.0 3853.0 35376.0 527.0 7007.0
39 41 42 0.0 7.0 26.0 361.0 2783.0 65.0 10.0
39 41 43 0.0 0.0 0.0 3.0 6.0 1.0 0.0
39 42 38 0.0 3.0 12.0 141.0 996.0 21.0 2.0
39 42 39 0.0 10.0 33.0 313.0 2509.0 49.0 16.0
39 42 40 0.0 11.0 65.0 415.0 3908.0 91.0 31.0
39 42 41 0.0 7.0 40.0 304.0 2962.0 51.0 23.0
39 42 42 0.0 4.0 38.0 163.0 1219.0 23.0 2.0
39 43 39 0.0 0.0 1.0 0.0 6.0 0.0 0.0
39 43 40 0.0 0.0 0.0 0.0 7.0 0.0 0.0
39 43 41 0.0 0.0 0.0 0.0 8.0 1.0 0.0
39 43 42 0.0 0.0 0.0 1.0 0.0 0.0 0.0
40 37 38 0.0 0.0 0.0 2.0 7.0 0.0 0.0
40 37 39 0.0 0.0 0.0 1.0 17.0 1.0 0.0
40 37 40 0.0 0.0 2.0 9.0 18.0 1.0 0.0
40 37 41 0.0 0.0 2.0 3.0 8.0 0.0 0.0
40 37 42 0.0 0.0 0.0 0.0 2.0 0.0 0.0
40 38 37 0.0 0.0 0.0 2.0 7.0 0.0 0.0
40 38 38 0.0 0.0 23.0 161.0 1882.0 32.0 5.0
40 38 39 0.0 22.0 46.0 833.0 4262.0 86.0 45.0
40 38 40 0.0 13.0 77.0 1315.0 6258.0 118.0 89.0
40 38 41 0.0 17.0 36.0 909.0 3965.0 72.0 38.0
40 38 42 0.0 2.0 53.0 133.0 1544.0 26.0 5.0
40 38 43 0.0 0.0 0.0 0.0 1.0 0.0 0.0
40 39 37 0.0 0.0 0.0 1.0 23.0 0.0 0.0
40 39 38 0.0 1.0 42.0 449.0 4326.0 85.0 44.0
40 39 39 0.0 75.0 459.0 3164.0 39987.0 561.0 9592.0
40 39 40 0.0 445.0 414.0 15373.0 33293.0 564.0 17699.0
40 39 41 0.0 49.0 489.0 4728.0 35425.0 559.0 7425.0
40 39 42 0.0 8.0 55.0 644.0 3856.0 75.0 27.0
40 39 43 0.0 0.0 0.0 1.0 4.0 0.0 0.0
40 40 37 0.0 0.0 0.0 1.0 19.0 1.0 0.0
40 40 38 0.0 14.0 98.0 611.0 5877.0 99.0 72.0
40 40 39 1.0 115.0 476.0 5331.0 40789.0 585.0 11486.0
40 40 40 0.0 67.0 484.0 3138.0 24607.0 243.0 70915.0
40 40 41 0.0 212.0 680.0 6220.0 40637.0 608.0 12603.0
40 40 42 0.0 5.0 92.0 649.0 5822.0 104.0 76.0
40 40 43 0.0 0.0 0.0 5.0 6.0 1.0 0.0
40 41 37 0.0 0.0 0.0 0.0 19.0 2.0 0.0
40 41 38 0.0 16.0 34.0 520.0 3831.0 67.0 28.0
40 41 39 0.0 63.0 667.0 3826.0 37822.0 578.0 8386.0
40 41 40 1.0 178.0 554.0 5252.0 40840.0 578.0 11664.0
40 41 41 0.0 44.0 617.0 5037.0 37257.0 534.0 8839.0
40 41 42 0.0 10.0 49.0 447.0 4179.0 72.0 36.0
40 41 43 0.0 0.0 1.0 1.0 12.0 0.0 0.0
40 42 37 0.0 0.0 0.0 0.0 3.0 0.0 0.0
40 42 38 0.0 2.0 15.0 82.0 1442.0 35.0 2.0
40 42 39 0.0 15.0 69.0 526.0 3826.0 67.0 25.0
40 42 40 0.0 25.0 85.0 691.0 5199.0 112.0 50.0
40 42 41 0.0 5.0 58.0 486.0 4003.0 88.0 30.0
40 42 42 0.0 4.0 28.0 168.0 1657.0 35.0 7.0
40 42 43 0.0 0.0 0.0 1.0 3.0 0.0 0.0
40 43 39 0.0 0.0 0.0 1.0 8.0 0.0 0.0
40 43 40 0.0 0.0 0.0 3.0 10.0 1.0 0.0
40 43 41 0.0 0.0 0.0 0.0 7.0 0.0 0.0
40 43 42 0.0 1.0 0.0 0.0 1.0 0.0 0.0
41 37 37 0.0 0.0 0.0 1.0 0.0 0.0 0.0
41 37 38 0.0 0.0 0.0 0.0 6.0 0.0 0.0
41 37 39 0.0 0.0 0.0 1.0 16.0 1.0 0.0
41 37 40 0.0 0.0 0.0 2.0 13.0 0.0 0.0
41 37 41 0.0 0.0 0.0 0.0 7.0 0.0 0.0
41 37 42 0.0 0.0 0.0 1.0 2.0 0.0 0.0
41 38 37 0.0 0.0 1.0 0.0 2.0 0.0 0.0
41 38 38 0.0 0.0 2.0 81.0 1135.0 29.0 2.0
41 38 39 0.0 38.0 18.0 727.0 2842.0 68.0 23.0
41 38 40 0.0 25.0 24.0 988.0 4001.0 100.0 40.0
41 38 41 0.0 38.0 30.0 925.0 2868.0 68.0 20.0
41 38 42 0.0 1.0 9.0 120.0 1105.0 23.0 6.0
41 38 43 0.0 0.0 0.0 0.0 1.0 0.0 0.0
41 39 37 0.0 0.0 0.0 0.0 13.0 0.0 0.0
41 39 38 0.0 2.0 43.0 313.0 3197.0 56.0 29.0
41 39 39 0.0 113.0 386.0 4228.0 34796.0 536.0 6707.0
41 39 40 0.0 54.0 397.0 4878.0 34839.0 572.0 6590.0
41 39 41 0.0 56.0 517.0 4099.0 35274.0 543.0 7417.0
41 39 42 0.0 14.0 30.0 293.0 2832.0 56.0 19.0
41 39 43 0.0 0.0 0.0 0.0 8.0 0.0 0.0
41 40 37 0.0 0.0 0.0 0.0 5.0 0.0 0.0
41 40 38 0.0 1.0 43.0 345.0 4422.0 74.0 34.0
41 40 39 0.0 56.0 682.0 3335.0 40746.0 556.0 10405.0
41 40 40 1.0 143.0 727.0 4531.0 42113.0 658.0 11960.0
41 40 41 0.0 110.0 494.0 4683.0 37342.0 547.0 8241.0
41 40 42 0.0 4.0 56.0 475.0 4049.0 77.0 26.0
41 40 43 0.0 0.0 0.0 1.0 8.0 1.0 0.0
41 41 37 0.0 0.0 0.0 1.0 9.0 0.0 0.0
41 41 38 0.0 1.0 32.0 274.0 2940.0 58.0 18.0
41 41 39 0.0 26.0 372.0 3226.0 34896.0 552.0 6270.0
41 41 40 0.0 96.0 616.0 4804.0 35472.0 609.0 7568.0
41 41 41 0.0 57.0 739.0 3363.0 37121.0 498.0 8067.0
41 41 42 0.0 9.0 68.0 311.0 2778.0 57.0 11.0
41 41 43 0.0 0.0 0.0 0.0 4.0 0.0 0.0
41 42 37 0.0 0.0 1.0 0.0 6.0 0.0 0.0
41 42 38 0.0 10.0 15.0 111.0 1097.0 30.0 2.0
41 42 39 0.0 2.0 37.0 314.0 2814.0 59.0 18.0
41 42 40 0.0 8.0 61.0 434.0 4330.0 77.0 38.0
41 42 41 0.0 6.0 50.0 477.0 2880.0 47.0 20.0
41 42 42 0.0 0.0 38.0 133.0 1083.0 14.0 5.0
41 42 43 0.0 0.0 0.0 0.0 1.0 0.0 0.0
41 43 38 0.0 0.0 0.0 0.0 3.0 0.0 0.0
41 43 39 0.0 0.0 0.0 0.0 8.0 0.0 0.0
41 43 40 0.0 0.0 0.0 1.0 10.0 0.0 0.0
41 43 41 0.0 0.0 0.0 0.0 4.0 0.0 0.0
41 43 42 0.0 0.0 0.0 0.0 1.0 0.0 0.0
41 43 43 0.0 0.0 0.0 0.0 1.0 0.0 0.0
42 37 38 0.0 0.0 0.0 0.0 1.0 0.0 0.0
42 37 39 0.0 0.0 0.0 1.0 4.0 0.0 0.0
42 37 40 0.0 0.0 0.0 1.0 1.0 0.0 0.0
42 37 41 0.0 0.0 0.0 1.0 3.0 0.0 0.0
42 37 42 0.0 0.0 0.0 0.0 3.0 0.0 0.0
42 38 37 0.0 0.0 0.0 1.0 2.0 0.0 0.0
42 38 38 0.0 3.0 5.0 50.0 452.0 9.0 0.0
42 38 39 0.0 5.0 15.0 123.0 795.0 19.0 3.0
42 38 40 0.0 1.0 13.0 153.0 1320.0 25.0 4.0
42 38 41 0.0 1.0 6.0 115.0 979.0 20.0 2.0
42 38 42 0.0 0.0 4.0 29.0 397.0 5.0 1.0
42 39 37 0.0 0.0 0.0 0.0 3.0 0.0 0.0
42 39 38 0.0 3.0 12.0 94.0 1339.0 21.0 6.0
42 39 39 0.0 0.0 42.0 277.0 3073.0 63.0 14.0
42 39 40 0.0 5.0 71.0 362.0 4001.0 78.0 33.0
42 39 41 0.0 11.0 48.0 352.0 2590.0 51.0 19.0
42 39 42 0.0 1.0 10.0 147.0 1094.0 20.0 6.0
42 39 43 0.0 0.0 0.0 0.0 1.0 0.0 0.0
42 40 37 0.0 0.0 0.0 0.0 4.0 0.0 0.0
42 40 38 0.0 2.0 31.0 140.0 1739.0 26.0 9.0
42 40 39 0.0 12.0 48.0 450.0 3828.0 81.0 23.0
42 40 40 0.0 3.0 105.0 579.0 5976.0 113.0 72.0
42 40 41 0.0 7.0 56.0 440.0 3937.0 67.0 36.0
42 40 42 0.0 4.0 16.0 176.0 1584.0 30.0 3.0
42 40 43 0.0 0.0 0.0 0.0 3.0 0.0 0.0
42 41 37 0.0 0.0 0.0 0.0 2.0 0.0 0.0
42 41 38 0.0 0.0 47.0 94.0 1085.0 19.0 0.0
42 41 39 0.0 5.0 76.0 226.0 3189.0 68.0 17.0
42 41 40 0.0 7.0 78.0 353.0 4093.0 84.0 29.0
42 41 41 0.0 2.0 59.0 264.0 3387.0 68.0 27.0
42 41 42 0.0 1.0 7.0 124.0 1220.0 28.0 2.0
42 41 43 0.0 0.0 0.0 0.0 4.0 0.0 0.0
42 42 38 0.0 1.0 4.0 37.0 344.0 7.0 0.0
42 42 39 0.0 0.0 6.0 115.0 845.0 20.0 2.0
42 42 40 0.0 1.0 46.0 164.0 1750.0 35.0 3.0
42 42 41 0.0 1.0 28.0 126.0 1151.0 20.0 4.0
42 42 42 0.0 0.0 5.0 27.0 613.0 19.0 0.0
42 42 43 0.0 0.0 0.0 1.0 2.0 0.0 0.0
42 43 39 0.0 0.0 0.0 0.0 2.0 0.0 0.0
42 43 40 0.0 0.0 0.0 0.0 6.0 0.0 0.0
42 43 41 0.0 0.0 0.0 0.0 1.0 0.0 0.0
43 37 42 0.0 0.0 0.0 0.0 1.0 0.0 0.0
43 38 37 0.0 0.0 0.0 0.0 2.0 0.0 0.0
43 38 39 0.0 0.0 0.0 0.0 2.0 0.0 0.0
43 38 40 0.0 0.0 0.0 0.0 6.0 1.0 0.0
43 38 41 0.0 0.0 0.0 0.0 3.0 0.0 0.0
43 38 42 0.0 0.0 0.0 0.0 5.0 1.0 0.0
43 39 38 0.0 0.0 0.0 0.0 3.0 0.0 0.0
43 39 39 0.0 0.0 0.0 1.0 6.0 0.0 0.0
43 39 40 0.0 0.0 0.0 0.0 7.0 0.0 0.0
43 39 41 0.0 0.0 0.0 0.0 15.0 0.0 0.0
43 40 38 0.0 0.0 0.0 0.0 3.0 0.0 0.0
43 40 39 0.0 0.0 0.0 0.0 7.0 0.0 0.0
43 40 40 0.0 0.0 0.0 2.0 18.0 3.0 0.0
43 40 41 0.0 0.0 0.0 1.0 12.0 0.0 0.0
43 40 42 0.0 0.0 0.0 0.0 2.0 0.0 0.0
43 41 38 0.0 0.0 0.0 0.0 1.0 0.0 0.0
43 41 39 0.0 0.0 0.0 4.0 8.0 0.0 0.0
43 41 40 0.0 0.0 0.0 1.0 12.0 0.0 0.0
43 41 41 0.0 0.0 0.0 1.0 4.0 0.0 0.0
43 41 42 0.0 0.0 1.0 0.0 6.0 0.0 0.0
43 41 43 0.0 0.0 0.0 0.0 5.0 0.0 0.0
43 42 38 0.0 0.0 0.0 0.0 7.0 0.0 0.0
43 42 40 0.0 0.0 0.0 0.0 4.0 0.0 0.0
43 42 42 0.0 0.0 0.0 0.0 1.0 0.0 0.0
