38 38 38 0.0 0.0 0.0 0.0 3.0 0.0 0.0
38 38 39 0.0 0.0 0.0 0.0 10.0 0.0 0.0
38 38 40 0.0 0.0 0.0 0.0 13.0 0.0 0.0
38 38 41 0.0 0.0 0.0 1.0 17.0 0.0 0.0
38 38 42 0.0 0.0 0.0 0.0 1.0 0.0 0.0
38 39 38 0.0 0.0 0.0 1.0 5.0 0.0 0.0
38 39 39 0.0 0.0 1.0 1.0 22.0 1.0 0.0
38 39 40 0.0 0.0 0.0 8.0 35.0 0.0 0.0
38 39 41 0.0 0.0 0.0 1.0 19.0 0.0 0.0
38 39 42 0.0 0.0 0.0 0.0 8.0 0.0 0.0
38 40 38 0.0 0.0 0.0 2.0 5.0 0.0 0.0
38 40 39 0.0 0.0 0.0 1.0 35.0 1.0 0.0
38 40 40 0.0 4.0 2.0 13.0 56.0 4.0 0.0
38 40 41 0.0 0.0 0.0 0.0 41.0 0.0 0.0
38 40 42 0.0 0.0 1.0 2.0 13.0 0.0 0.0
38 41 38 0.0 0.0 0.0 0.0 8.0 0.0 0.0
38 41 39 0.0 0.0 0.0 2.0 25.0 1.0 0.0
38 41 40 0.0 0.0 3.0 3.0 34.0 1.0 0.0
38 41 41 0.0 5.0 0.0 11.0 24.0 0.0 0.0
38 41 42 0.0 0.0 1.0 1.0 4.0 0.0 0.0
38 42 38 0.0 0.0 0.0 0.0 3.0 0.0 0.0
38 42 39 0.0 0.0 0.0 0.0 3.0 0.0 0.0
38 42 40 0.0 0.0 0.0 0.0 10.0 0.0 0.0
38 42 41 0.0 0.0 0.0 5.0 6.0 1.0 0.0
38 42 42 0.0 0.0 1.0 0.0 5.0 0.0 0.0
39 38 38 0.0 0.0 0.0 0.0 9.0 0.0 0.0
39 38 39 0.0 0.0 1.0 21.0 66.0 6.0 0.0
39 38 40 0.0 1.0 0.0 19.0 80.0 2.0 0.0
39 38 41 0.0 0.0 1.0 6.0 36.0 1.0 0.0
39 38 42 0.0 0.0 0.0 0.0 4.0 0.0 0.0
39 39 38 0.0 0.0 0.0 2.0 33.0 2.0 0.0
39 39 39 0.0 19.0 199.0 607.0 6853.0 104.0 118.0
39 39 40 0.0 17.0 164.0 492.0 6340.0 121.0 108.0
39 39 41 0.0 11.0 84.0 483.0 6289.0 115.0 109.0
39 39 42 0.0 0.0 0.0 5.0 44.0 0.0 0.0
39 40 38 0.0 1.0 0.0 1.0 63.0 0.0 0.0
39 40 39 0.0 67.0 91.0 968.0 5279.0 116.0 78.0
39 40 40 0.0 46.0 159.0 1292.0 7767.0 171.0 190.0
39 40 41 4.0 9.0 131.0 591.0 5034.0 115.0 74.0
39 40 42 0.0 0.0 0.0 3.0 27.0 1.0 0.0
39 41 38 0.0 0.0 1.0 3.0 28.0 0.0 0.0
39 41 39 0.0 17.0 98.0 602.0 4867.0 93.0 70.0
39 41 40 1.0 19.0 138.0 508.0 6242.0 120.0 114.0
39 41 41 0.0 25.0 221.0 589.0 5290.0 114.0 71.0
39 41 42 0.0 0.0 0.0 2.0 14.0 1.0 0.0
39 42 38 0.0 0.0 0.0 4.0 4.0 0.0 0.0
39 42 39 0.0 0.0 0.0 6.0 19.0 0.0 0.0
39 42 40 0.0 0.0 0.0 4.0 38.0 0.0 0.0
39 42 41 0.0 0.0 0.0 6.0 52.0 1.0 0.0
39 42 42 0.0 0.0 0.0 1.0 11.0 0.0 0.0
40 38 38 0.0 0.0 0.0 0.0 13.0 0.0 0.0
40 38 39 0.0 0.0 0.0 4.0 48.0 0.0 0.0
40 38 40 0.0 2.0 1.0 20.0 72.0 5.0 0.0
40 38 41 0.0 0.0 0.0 9.0 47.0 1.0 0.0
40 38 42 0.0 0.0 4.0 0.0 9.0 1.0 0.0
40 39 38 0.0 0.0 0.0 7.0 30.0 0.0 0.0
40 39 39 0.0 9.0 159.0 398.0 7053.0 126.0 142.0
40 39 40 0.0 234.0 197.0 4766.0 8313.0 233.0 468.0
40 39 41 0.0 8.0 133.0 769.0 5409.0 100.0 78.0
40 39 42 0.0 0.0 0.0 10.0 36.0 0.0 0.0
40 40 38 0.0 0.0 1.0 9.0 47.0 1.0 0.0
40 40 39 1.0 36.0 169.0 997.0 7551.0 117.0 175.0
40 40 40 1.0 174.0 1276.0 4704.0 39083.0 536.0 32534.0
40 40 41 0.0 62.0 270.0 1242.0 7873.0 152.0 182.0
40 40 42 0.0 0.0 0.0 3.0 68.0 0.0 0.0
40 41 38 0.0 0.0 0.0 5.0 45.0 1.0 0.0
40 41 39 0.0 16.0 219.0 618.0 5999.0 109.0 124.0
40 41 40 1.0 58.0 183.0 909.0 7559.0 140.0 156.0
40 41 41 0.0 13.0 170.0 908.0 6144.0 126.0 109.0
40 41 42 0.0 0.0 1.0 2.0 42.0 3.0 0.0
40 42 38 0.0 0.0 0.0 0.0 13.0 0.0 0.0
40 42 39 0.0 0.0 2.0 8.0 57.0 3.0 0.0
40 42 40 0.0 0.0 0.0 11.0 39.0 2.0 0.0
40 42 41 0.0 0.0 3.0 1.0 27.0 1.0 0.0
40 42 42 0.0 0.0 0.0 1.0 10.0 0.0 0.0
41 38 38 0.0 0.0 0.0 1.0 9.0 0.0 0.0
41 38 39 0.0 0.0 0.0 12.0 28.0 0.0 0.0
41 38 40 0.0 0.0 1.0 13.0 40.0 2.0 0.0
41 38 41 0.0 4.0 0.0 12.0 31.0 2.0 0.0
41 38 42 0.0 0.0 0.0 0.0 15.0 0.0 0.0
41 39 38 0.0 0.0 1.0 4.0 37.0 0.0 0.0
41 39 39 0.0 30.0 107.0 567.0 5137.0 90.0 79.0
41 39 40 0.0 5.0 105.0 707.0 4789.0 86.0 55.0
41 39 41 0.0 16.0 178.0 587.0 5708.0 123.0 90.0
41 39 42 0.0 0.0 0.0 0.0 30.0 0.0 0.0
41 40 38 0.0 0.0 0.0 2.0 42.0 1.0 0.0
41 40 39 0.0 9.0 217.0 565.0 7682.0 147.0 140.0
41 40 40 0.0 38.0 293.0 772.0 7702.0 168.0 178.0
41 40 41 0.0 17.0 114.0 720.0 5937.0 113.0 106.0
41 40 42 0.0 0.0 0.0 1.0 40.0 0.0 0.0
41 41 38 0.0 0.0 0.0 0.0 22.0 0.0 0.0
41 41 39 0.0 2.0 95.0 509.0 5052.0 100.0 67.0
41 41 40 0.0 27.0 167.0 749.0 5364.0 99.0 80.0
41 41 41 0.0 16.0 259.0 611.0 6174.0 115.0 114.0
41 41 42 0.0 0.0 1.0 3.0 21.0 2.0 0.0
41 42 38 0.0 0.0 0.0 1.0 23.0 0.0 0.0
41 42 39 0.0 0.0 0.0 1.0 27.0 1.0 0.0
41 42 40 0.0 0.0 0.0 0.0 65.0 2.0 0.0
41 42 41 0.0 0.0 0.0 17.0 15.0 0.0 0.0
41 42 42 0.0 0.0 0.0 1.0 8.0 0.0 0.0
42 38 38 0.0 0.0 0.0 0.0 9.0 0.0 0.0
42 38 39 0.0 0.0 0.0 0.0 5.0 0.0 0.0
42 38 40 0.0 0.0 1.0 0.0 8.0 0.0 0.0
42 38 41 0.0 0.0 0.0 0.0 8.0 0.0 0.0
42 39 38 0.0 0.0 0.0 1.0 19.0 1.0 0.0
42 39 39 0.0 0.0 0.0 4.0 31.0 1.0 0.0
42 39 40 0.0 0.0 1.0 0.0 44.0 1.0 0.0
42 39 41 0.0 0.0 1.0 3.0 14.0 0.0 0.0
42 39 42 0.0 0.0 0.0 1.0 10.0 0.0 0.0
42 40 38 0.0 0.0 1.0 1.0 26.0 0.0 0.0
42 40 39 0.0 0.0 0.0 3.0 22.0 0.0 0.0
42 40 40 0.0 0.0 8.0 2.0 68.0 4.0 0.0
42 40 41 0.0 0.0 2.0 1.0 27.0 0.0 0.0
42 40 42 0.0 0.0 0.0 0.0 10.0 0.0 0.0
42 41 38 0.0 0.0 0.0 1.0 10.0 0.0 0.0
42 41 39 0.0 0.0 5.0 2.0 50.0 1.0 0.0
42 41 40 0.0 0.0 0.0 3.0 42.0 2.0 0.0
42 41 41 0.0 0.0 0.0 0.0 37.0 0.0 0.0
42 41 42 0.0 0.0 0.0 1.0 18.0 2.0 0.0
42 42 38 0.0 0.0 0.0 0.0 3.0 0.0 0.0
42 42 39 0.0 0.0 0.0 0.0 2.0 0.0 0.0
42 42 40 0.0 0.0 3.0 0.0 20.0 0.0 0.0
42 42 41 0.0 0.0 0.0 2.0 9.0 0.0 0.0
42 42 42 0.0 0.0 0.0 0.0 3.0 0.0 0.0
