33 41 39 0.0 0.0 0.0 0.0 1.0 0.0 0.0
33 41 40 0.0 0.0 0.0 2.0 0.0 0.0 0.0
33 42 39 0.0 0.0 0.0 0.0 1.0 0.0 0.0
34 36 37 0.0 0.0 0.0 0.0 5.0 0.0 0.0
34 36 38 0.0 0.0 0.0 1.0 7.0 0.0 0.0
34 36 39 0.0 0.0 0.0 3.0 18.0 0.0 0.0
34 36 40 0.0 0.0 0.0 1.0 13.0 0.0 0.0
34 36 41 0.0 0.0 0.0 1.0 18.0 0.0 0.0
34 36 42 0.0 0.0 0.0 0.0 5.0 0.0 0.0
34 36 43 0.0 0.0 0.0 0.0 1.0 0.0 0.0
34 37 36 0.0 0.0 0.0 0.0 3.0 0.0 0.0
34 37 37 0.0 0.0 0.0 1.0 12.0 0.0 0.0
34 37 38 0.0 0.0 0.0 2.0 60.0 1.0 0.0
34 37 39 0.0 0.0 0.0 6.0 100.0 1.0 0.0
34 37 40 0.0 0.0 0.0 16.0 159.0 5.0 0.0
34 37 41 0.0 0.0 0.0 9.0 134.0 5.0 0.0
34 37 42 0.0 0.0 0.0 6.0 74.0 2.0 0.0
34 37 43 0.0 0.0 0.0 0.0 20.0 1.0 0.0
34 37 44 0.0 0.0 0.0 0.0 3.0 0.0 0.0
34 38 35 0.0 0.0 0.0 0.0 2.0 0.0 0.0
34 38 36 0.0 0.0 0.0 2.0 8.0 0.0 0.0
34 38 37 0.0 0.0 0.0 2.0 77.0 1.0 0.0
34 38 38 0.0 0.0 2.0 18.0 169.0 2.0 0.0
34 38 39 0.0 0.0 0.0 49.0 359.0 12.0 0.0
34 38 40 0.0 0.0 0.0 34.0 413.0 8.0 0.0
34 38 41 0.0 0.0 1.0 33.0 331.0 6.0 0.0
34 38 42 0.0 0.0 0.0 14.0 186.0 3.0 0.0
34 38 43 0.0 0.0 0.0 8.0 49.0 1.0 0.0
34 38 44 0.0 0.0 0.0 0.0 2.0 0.0 0.0
34 39 36 0.0 0.0 0.0 1.0 12.0 0.0 0.0
34 39 37 0.0 0.0 0.0 11.0 126.0 0.0 0.0
34 39 38 0.0 0.0 0.0 40.0 316.0 3.0 0.0
34 39 39 0.0 0.0 0.0 76.0 713.0 17.0 1.0
34 39 40 0.0 0.0 4.0 132.0 889.0 16.0 1.0
34 39 41 0.0 0.0 1.0 77.0 619.0 10.0 0.0
34 39 42 0.0 0.0 0.0 22.0 366.0 7.0 0.0
34 39 43 0.0 0.0 0.0 7.0 108.0 1.0 0.0
34 39 44 0.0 0.0 0.0 1.0 10.0 1.0 0.0
34 40 36 0.0 0.0 0.0 0.0 12.0 0.0 0.0
34 40 37 0.0 0.0 0.0 18.0 121.0 2.0 0.0
34 40 38 0.0 0.0 1.0 54.0 400.0 3.0 1.0
34 40 39 0.0 0.0 1.0 109.0 842.0 17.0 2.0
34 40 40 0.0 1.0 0.0 116.0 977.0 19.0 0.0
34 40 41 0.0 0.0 0.0 103.0 992.0 19.0 3.0
34 40 42 0.0 0.0 0.0 35.0 393.0 9.0 0.0
34 40 43 0.0 0.0 1.0 1.0 151.0 2.0 0.0
34 40 44 0.0 0.0 0.0 3.0 15.0 2.0 0.0
34 41 35 0.0 0.0 0.0 0.0 3.0 0.0 0.0
34 41 36 0.0 0.0 0.0 0.0 17.0 0.0 0.0
34 41 37 0.0 0.0 0.0 12.0 116.0 2.0 0.0
34 41 38 0.0 0.0 1.0 43.0 296.0 5.0 0.0
34 41 39 0.0 0.0 0.0 66.0 750.0 19.0 0.0
34 41 40 0.0 0.0 1.0 99.0 848.0 11.0 5.0
34 41 41 0.0 0.0 0.0 64.0 666.0 8.0 1.0
34 41 42 0.0 0.0 1.0 37.0 394.0 15.0 0.0
34 41 43 0.0 0.0 0.0 10.0 87.0 1.0 0.0
34 41 44 0.0 0.0 0.0 2.0 13.0 0.0 0.0
34 41 45 0.0 0.0 0.0 0.0 1.0 0.0 0.0
34 42 36 0.0 0.0 0.0 0.0 15.0 1.0 0.0
34 42 37 0.0 0.0 0.0 11.0 35.0 0.0 0.0
34 42 38 0.0 0.0 0.0 37.0 135.0 5.0 0.0
34 42 39 0.0 0.0 0.0 35.0 420.0 7.0 0.0
34 42 40 0.0 1.0 0.0 36.0 451.0 10.0 0.0
34 42 41 0.0 0.0 1.0 45.0 381.0 15.0 0.0
34 42 42 0.0 0.0 0.0 29.0 172.0 4.0 0.0
34 42 43 0.0 0.0 0.0 6.0 39.0 1.0 0.0
34 42 44 0.0 0.0 0.0 0.0 3.0 0.0 0.0
34 43 37 0.0 0.0 0.0 1.0 17.0 0.0 0.0
34 43 38 0.0 0.0 0.0 6.0 36.0 0.0 0.0
34 43 39 0.0 0.0 0.0 12.0 108.0 3.0 0.0
34 43 40 0.0 0.0 0.0 12.0 137.0 5.0 0.0
34 43 41 0.0 0.0 1.0 14.0 97.0 0.0 0.0
34 43 42 0.0 0.0 0.0 2.0 62.0 0.0 0.0
34 43 43 0.0 0.0 0.0 4.0 15.0 0.0 0.0
34 43 44 0.0 0.0 0.0 0.0 4.0 0.0 0.0
34 44 37 0.0 0.0 0.0 0.0 1.0 0.0 0.0
34 44 38 0.0 0.0 0.0 1.0 6.0 0.0 0.0
34 44 39 0.0 0.0 0.0 1.0 11.0 0.0 0.0
34 44 40 0.0 0.0 0.0 0.0 14.0 0.0 0.0
34 44 41 0.0 0.0 0.0 0.0 18.0 1.0 0.0
34 44 42 0.0 0.0 0.0 1.0 4.0 0.0 0.0
34 45 41 0.0 0.0 0.0 0.0 2.0 0.0 0.0
35 34 39 0.0 0.0 0.0 0.0 1.0 0.0 0.0
35 34 41 0.0 0.0 0.0 0.0 1.0 0.0 0.0
35 35 36 0.0 0.0 0.0 0.0 3.0 0.0 0.0
35 35 37 0.0 0.0 0.0 4.0 23.0 0.0 0.0
35 35 38 0.0 0.0 1.0 7.0 76.0 3.0 0.0
35 35 39 0.0 0.0 0.0 9.0 154.0 4.0 0.0
35 35 40 0.0 0.0 0.0 18.0 220.0 1.0 0.0
35 35 41 0.0 0.0 0.0 7.0 110.0 2.0 0.0
35 35 42 0.0 0.0 0.0 7.0 51.0 1.0 0.0
35 35 43 0.0 0.0 0.0 2.0 12.0 0.0 0.0
35 35 44 0.0 0.0 0.0 1.0 0.0 0.0 0.0
35 36 35 0.0 0.0 0.0 2.0 2.0 0.0 0.0
35 36 36 0.0 0.0 0.0 2.0 79.0 3.0 0.0
35 36 37 0.0 0.0 0.0 42.0 348.0 6.0 0.0
35 36 38 0.0 1.0 1.0 106.0 1103.0 20.0 2.0
35 36 39 0.0 0.0 1.0 246.0 2035.0 32.0 9.0
35 36 40 0.0 0.0 1.0 259.0 2139.0 35.0 11.0
35 36 41 0.0 0.0 7.0 225.0 1794.0 39.0 5.0
35 36 42 0.0 0.0 1.0 101.0 970.0 18.0 1.0
35 36 43 0.0 0.0 0.0 73.0 358.0 6.0 0.0
35 36 44 0.0 0.0 0.0 2.0 41.0 0.0 0.0
35 37 35 0.0 0.0 0.0 0.0 17.0 0.0 0.0
35 37 36 0.0 0.0 0.0 23.0 357.0 5.0 0.0
35 37 37 0.0 1.0 5.0 207.0 1959.0 36.0 3.0
35 37 38 0.0 2.0 5.0 505.0 4924.0 103.0 58.0
35 37 39 0.0 0.0 5.0 818.0 7771.0 121.0 107.0
35 37 40 0.0 2.0 12.0 904.0 9065.0 161.0 185.0
35 37 41 0.0 16.0 13.0 955.0 7645.0 137.0 124.0
35 37 42 0.0 0.0 4.0 550.0 4758.0 95.0 40.0
35 37 43 0.0 2.0 0.0 166.0 1756.0 34.0 5.0
35 37 44 0.0 0.0 1.0 19.0 344.0 5.0 1.0
35 37 45 0.0 0.0 0.0 1.0 13.0 0.0 0.0
35 38 35 0.0 0.0 0.0 4.0 68.0 1.0 0.0
35 38 36 0.0 5.0 0.0 109.0 1087.0 29.0 2.0
35 38 37 0.0 1.0 8.0 492.0 4727.0 76.0 54.0
35 38 38 0.0 6.0 25.0 1244.0 10978.0 182.0 270.0
35 38 39 0.0 7.0 35.0 1926.0 17838.0 320.0 813.0
35 38 40 0.0 3.0 35.0 2086.0 19130.0 293.0 945.0
35 38 41 0.0 6.0 65.0 1803.0 17432.0 311.0 736.0
35 38 42 0.0 0.0 10.0 1008.0 10794.0 179.0 273.0
35 38 43 0.0 3.0 10.0 514.0 4503.0 79.0 38.0
35 38 44 0.0 1.0 0.0 86.0 891.0 14.0 0.0
35 38 45 0.0 0.0 0.0 8.0 52.0 0.0 0.0
35 38 46 0.0 0.0 0.0 0.0 2.0 1.0 0.0
35 39 35 0.0 0.0 0.0 10.0 107.0 3.0 0.0
35 39 36 0.0 1.0 3.0 218.0 1812.0 42.0 8.0
35 39 37 0.0 6.0 3.0 987.0 7678.0 114.0 118.0
35 39 38 0.0 8.0 62.0 2091.0 17235.0 291.0 812.0
35 39 39 0.0 7.0 48.0 2960.0 24371.0 369.0 1710.0
35 39 40 0.0 11.0 62.0 2910.0 27596.0 416.0 2323.0
35 39 41 0.0 9.0 34.0 2801.0 25384.0 420.0 1873.0
35 39 42 0.0 8.0 25.0 1884.0 17550.0 305.0 682.0
35 39 43 0.0 8.0 28.0 781.0 7520.0 124.0 118.0
35 39 44 0.0 0.0 3.0 150.0 1757.0 26.0 4.0
35 39 45 0.0 0.0 0.0 5.0 122.0 1.0 0.0
35 39 46 0.0 0.0 0.0 0.0 1.0 0.0 0.0
35 40 34 0.0 0.0 0.0 0.0 1.0 0.0 0.0
35 40 35 0.0 0.0 0.0 13.0 185.0 3.0 0.0
35 40 36 0.0 1.0 4.0 232.0 2057.0 42.0 4.0
35 40 37 0.0 7.0 7.0 934.0 8714.0 151.0 165.0
35 40 38 0.0 5.0 33.0 2204.0 19399.0 321.0 1003.0
35 40 39 0.0 37.0 56.0 3353.0 27733.0 407.0 2421.0
35 40 40 0.0 9.0 30.0 3298.0 30894.0 480.0 3017.0
35 40 41 0.0 52.0 67.0 3104.0 28201.0 457.0 2436.0
35 40 42 0.0 4.0 55.0 1999.0 19468.0 314.0 986.0
35 40 43 0.0 1.0 16.0 917.0 9057.0 178.0 169.0
35 40 44 0.0 3.0 2.0 233.0 2100.0 37.0 9.0
35 40 45 0.0 0.0 0.0 12.0 172.0 3.0 0.0
35 41 35 0.0 0.0 0.0 37.0 141.0 3.0 0.0
35 41 36 0.0 5.0 2.0 226.0 1583.0 32.0 5.0
35 41 37 0.0 5.0 8.0 881.0 7189.0 141.0 102.0
35 41 38 0.0 5.0 20.0 1893.0 17293.0 306.0 704.0
35 41 39 0.0 2.0 62.0 2757.0 24785.0 383.0 1666.0
35 41 40 0.0 7.0 51.0 2923.0 28556.0 433.0 2445.0
35 41 41 0.0 13.0 33.0 2878.0 25863.0 425.0 1960.0
35 41 42 0.0 5.0 26.0 1868.0 17165.0 307.0 717.0
35 41 43 0.0 10.0 14.0 1000.0 7802.0 171.0 125.0
35 41 44 0.0 0.0 2.0 160.0 1662.0 29.0 3.0
35 41 45 0.0 0.0 0.0 9.0 126.0 1.0 0.0
35 41 46 0.0 0.0 0.0 1.0 0.0 0.0 0.0
35 42 35 0.0 0.0 0.0 7.0 62.0 2.0 0.0
35 42 36 0.0 0.0 3.0 90.0 886.0 23.0 0.0
35 42 37 0.0 1.0 3.0 494.0 4255.0 69.0 25.0
35 42 38 0.0 3.0 14.0 1292.0 10566.0 194.0 262.0
35 42 39 0.0 1.0 11.0 1831.0 17247.0 294.0 744.0
35 42 40 0.0 18.0 45.0 1960.0 19661.0 328.0 990.0
35 42 41 0.0 9.0 17.0 1858.0 17612.0 309.0 803.0
35 42 42 0.0 9.0 15.0 1240.0 10863.0 190.0 257.0
35 42 43 0.0 4.0 8.0 512.0 4241.0 77.0 40.0
35 42 44 0.0 0.0 4.0 79.0 1137.0 28.0 3.0
35 42 45 0.0 0.0 0.0 18.0 51.0 0.0 0.0
35 43 35 0.0 0.0 0.0 1.0 12.0 0.0 0.0
35 43 36 0.0 3.0 0.0 40.0 282.0 3.0 0.0
35 43 37 0.0 2.0 3.0 169.0 1601.0 23.0 5.0
35 43 38 0.0 3.0 10.0 537.0 4090.0 85.0 32.0
35 43 39 0.0 1.0 8.0 729.0 7706.0 144.0 113.0
35 43 40 0.0 0.0 9.0 1010.0 9092.0 163.0 157.0
35 43 41 0.0 1.0 7.0 744.0 8042.0 136.0 122.0
35 43 42 0.0 0.0 11.0 495.0 4600.0 87.0 42.0
35 43 43 0.0 0.0 1.0 188.0 1796.0 37.0 7.0
35 43 44 0.0 0.0 0.0 36.0 287.0 3.0 0.0
35 43 45 0.0 0.0 0.0 1.0 18.0 0.0 0.0
35 44 35 0.0 0.0 0.0 2.0 1.0 0.0 0.0
35 44 36 0.0 0.0 0.0 3.0 31.0 0.0 0.0
35 44 37 0.0 0.0 0.0 29.0 291.0 4.0 0.0
35 44 38 0.0 1.0 0.0 76.0 873.0 19.0 1.0
35 44 39 0.0 0.0 3.0 206.0 1648.0 31.0 2.0
35 44 40 0.0 0.0 5.0 270.0 1974.0 27.0 6.0
35 44 41 0.0 1.0 0.0 203.0 2027.0 44.0 5.0
35 44 42 0.0 0.0 2.0 94.0 1011.0 23.0 1.0
35 44 43 0.0 0.0 0.0 33.0 363.0 5.0 0.0
35 44 44 0.0 0.0 0.0 5.0 50.0 0.0 0.0
35 45 35 0.0 0.0 0.0 0.0 9.0 0.0 0.0
35 45 37 0.0 0.0 0.0 2.0 12.0 0.0 0.0
35 45 38 0.0 0.0 0.0 8.0 63.0 0.0 0.0
35 45 39 0.0 0.0 0.0 10.0 127.0 3.0 0.0
35 45 40 0.0 0.0 1.0 21.0 138.0 2.0 0.0
35 45 41 0.0 0.0 0.0 22.0 131.0 3.0 0.0
35 45 42 0.0 0.0 2.0 2.0 70.0 4.0 0.0
35 45 43 0.0 0.0 0.0 4.0 24.0 0.0 0.0
35 45 44 0.0 0.0 0.0 0.0 4.0 0.0 0.0
36 34 36 0.0 0.0 0.0 0.0 1.0 0.0 0.0
36 34 37 0.0 0.0 0.0 0.0 1.0 0.0 0.0
36 34 38 0.0 0.0 0.0 0.0 13.0 0.0 0.0
36 34 39 0.0 0.0 0.0 0.0 32.0 0.0 0.0
36 34 40 0.0 0.0 0.0 7.0 29.0 2.0 0.0
36 34 41 0.0 0.0 0.0 0.0 16.0 0.0 0.0
36 34 42 0.0 0.0 0.0 2.0 4.0 0.0 0.0
36 35 35 0.0 0.0 0.0 1.0 2.0 0.0 0.0
36 35 36 0.0 0.0 0.0 3.0 85.0 3.0 0.0
36 35 37 0.0 0.0 0.0 46.0 428.0 5.0 0.0
36 35 38 0.0 0.0 0.0 150.0 1180.0 21.0 6.0
36 35 39 0.0 1.0 1.0 242.0 2136.0 42.0 6.0
36 35 40 0.0 0.0 6.0 262.0 2061.0 37.0 7.0
36 35 41 0.0 0.0 7.0 195.0 1880.0 27.0 7.0
36 35 42 0.0 0.0 1.0 102.0 1003.0 17.0 2.0
36 35 43 0.0 3.0 6.0 31.0 314.0 7.0 0.0
36 35 44 0.0 0.0 0.0 11.0 76.0 1.0 0.0
36 35 45 0.0 0.0 0.0 0.0 3.0 0.0 0.0
36 36 35 0.0 0.0 0.0 15.0 59.0 2.0 0.0
36 36 36 0.0 0.0 6.0 121.0 1293.0 35.0 1.0
36 36 37 0.0 0.0 4.0 521.0 6283.0 128.0 61.0
36 36 38 0.0 55.0 11.0 1647.0 13568.0 262.0 469.0
36 36 39 0.0 5.0 19.0 2086.0 19030.0 331.0 1053.0
36 36 40 0.0 3.0 22.0 2232.0 22386.0 349.0 1460.0
36 36 41 0.0 6.0 14.0 1731.0 19435.0 309.0 995.0
36 36 42 0.0 1.0 10.0 1106.0 12663.0 201.0 360.0
36 36 43 0.0 0.0 1.0 684.0 4938.0 98.0 67.0
36 36 44 0.0 0.0 1.0 142.0 1081.0 23.0 1.0
36 36 45 0.0 0.0 0.0 16.0 58.0 1.0 0.0
36 36 46 0.0 0.0 0.0 0.0 1.0 0.0 0.0
36 37 34 0.0 0.0 0.0 1.0 1.0 0.0 0.0
36 37 35 0.0 0.0 0.0 28.0 427.0 8.0 0.0
36 37 36 0.0 13.0 4.0 676.0 5850.0 115.0 61.0
36 37 37 0.0 7.0 33.0 2149.0 20561.0 328.0 1263.0
36 37 38 0.0 13.0 33.0 3420.0 36253.0 527.0 5312.0
36 37 39 0.0 25.0 48.0 4714.0 43922.0 582.0 10153.0
36 37 40 0.0 13.0 111.0 4578.0 46181.0 610.0 12367.0
36 37 41 0.0 5.0 67.0 4802.0 43437.0 579.0 9950.0
36 37 42 0.0 8.0 37.0 3337.0 35913.0 509.0 5137.0
36 37 43 0.0 5.0 49.0 1942.0 18980.0 311.0 965.0
36 37 44 0.0 2.0 3.0 482.0 5703.0 105.0 78.0
36 37 45 0.0 0.0 0.0 18.0 298.0 5.0 0.0
36 37 46 0.0 0.0 0.0 0.0 1.0 0.0 0.0
36 38 34 0.0 0.0 0.0 4.0 8.0 1.0 0.0
36 38 35 0.0 0.0 0.0 88.0 1110.0 29.0 3.0
36 38 36 0.0 5.0 26.0 1308.0 14107.0 262.0 504.0
36 38 37 0.0 27.0 58.0 3935.0 35874.0 548.0 5345.0
36 38 38 0.0 23.0 126.0 5064.0 48996.0 595.0 16591.0
36 38 39 0.0 47.0 98.0 5839.0 51110.0 536.0 26400.0
36 38 40 0.0 18.0 81.0 5166.0 51694.0 578.0 30858.0
36 38 41 0.0 48.0 128.0 5241.0 51835.0 595.0 26858.0
36 38 42 0.0 15.0 82.0 5067.0 48900.0 617.0 16088.0
36 38 43 0.0 9.0 32.0 3403.0 34653.0 554.0 4514.0
36 38 44 0.0 4.0 8.0 1149.0 12684.0 217.0 387.0
36 38 45 0.0 0.0 4.0 79.0 986.0 16.0 1.0
36 38 46 0.0 0.0 0.0 0.0 7.0 0.0 0.0
36 39 34 0.0 0.0 0.0 0.0 9.0 0.0 0.0
36 39 35 0.0 0.0 2.0 194.0 1978.0 45.0 4.0
36 39 36 0.0 4.0 28.0 2250.0 19203.0 319.0 1043.0
36 39 37 0.0 20.0 66.0 5215.0 43230.0 604.0 10041.0
36 39 38 0.0 27.0 86.0 5308.0 51816.0 627.0 26508.0
36 39 39 0.0 19.0 101.0 5642.0 49707.0 549.0 38771.0
36 39 40 0.0 29.0 75.0 4917.0 49361.0 507.0 43321.0
36 39 41 0.0 39.0 129.0 5448.0 50035.0 507.0 39455.0
36 39 42 0.0 24.0 143.0 5229.0 51257.0 615.0 26627.0
36 39 43 0.0 8.0 62.0 4672.0 43208.0 588.0 10187.0
36 39 44 0.0 0.0 22.0 1769.0 18627.0 308.0 989.0
36 39 45 0.0 0.0 1.0 214.0 1675.0 32.0 2.0
36 39 46 0.0 0.0 0.0 0.0 30.0 0.0 0.0
36 40 34 0.0 0.0 1.0 1.0 22.0 1.0 0.0
36 40 35 0.0 0.0 9.0 265.0 2287.0 39.0 5.0
36 40 36 0.0 9.0 32.0 2729.0 21189.0 366.0 1277.0
36 40 37 0.0 27.0 80.0 5157.0 46007.0 616.0 12705.0
36 40 38 0.0 44.0 126.0 5781.0 50783.0 563.0 30251.0
36 40 39 0.0 31.0 82.0 5667.0 48511.0 500.0 42924.0
36 40 40 0.0 22.0 106.0 5253.0 47837.0 459.0 47223.0
36 40 41 0.0 35.0 105.0 5548.0 48801.0 482.0 43568.0
36 40 42 0.0 24.0 92.0 5335.0 51617.0 544.0 29685.0
36 40 43 0.0 23.0 70.0 4797.0 45639.0 632.0 11982.0
36 40 44 0.0 3.0 33.0 2118.0 21472.0 334.0 1345.0
36 40 45 0.0 1.0 7.0 179.0 2216.0 37.0 5.0
36 40 46 0.0 0.0 0.0 0.0 19.0 0.0 0.0
36 41 34 0.0 0.0 0.0 0.0 13.0 0.0 0.0
36 41 35 0.0 1.0 3.0 160.0 1689.0 31.0 4.0
36 41 36 0.0 14.0 20.0 2525.0 18529.0 353.0 1051.0
36 41 37 0.0 28.0 58.0 4517.0 43327.0 630.0 9700.0
36 41 38 0.0 47.0 120.0 6144.0 50752.0 570.0 25938.0
36 41 39 0.0 26.0 114.0 5517.0 49953.0 552.0 38937.0
36 41 40 0.0 15.0 133.0 5565.0 49015.0 523.0 43252.0
36 41 41 0.0 33.0 81.0 5537.0 49775.0 471.0 39645.0
36 41 42 0.0 48.0 106.0 5526.0 51332.0 600.0 26701.0
36 41 43 0.0 6.0 72.0 4827.0 42952.0 620.0 9668.0
36 41 44 0.0 14.0 17.0 1972.0 19083.0 307.0 1057.0
36 41 45 0.0 0.0 3.0 173.0 1663.0 37.0 5.0
36 41 46 0.0 0.0 0.0 1.0 10.0 1.0 0.0
36 42 34 0.0 0.0 0.0 1.0 7.0 0.0 0.0
36 42 35 0.0 0.0 2.0 83.0 980.0 33.0 1.0
36 42 36 0.0 7.0 27.0 1433.0 11754.0 200.0 352.0
36 42 37 0.0 114.0 66.0 5138.0 32720.0 493.0 4775.0
36 42 38 0.0 30.0 134.0 5538.0 48181.0 612.0 15785.0
36 42 39 0.0 8.0 102.0 5357.0 51382.0 631.0 25973.0
36 42 40 0.0 23.0 102.0 5460.0 50875.0 574.0 30503.0
36 42 41 0.0 9.0 86.0 5293.0 51407.0 553.0 27545.0
36 42 42 0.0 11.0 92.0 5174.0 48670.0 593.0 16607.0
36 42 43 0.0 1.0 74.0 3501.0 36409.0 535.0 5046.0
36 42 44 0.0 1.0 17.0 940.0 11694.0 191.0 345.0
36 42 45 0.0 0.0 1.0 95.0 921.0 7.0 1.0
36 42 46 0.0 0.0 0.0 0.0 3.0 0.0 0.0
36 43 34 0.0 0.0 0.0 1.0 0.0 0.0 0.0
36 43 35 0.0 0.0 0.0 24.0 226.0 5.0 0.0
36 43 36 0.0 8.0 5.0 617.0 4592.0 79.0 46.0
36 43 37 0.0 6.0 9.0 2193.0 18178.0 321.0 938.0
36 43 38 0.0 15.0 47.0 3457.0 34466.0 507.0 4495.0
36 43 39 0.0 22.0 70.0 4342.0 43368.0 534.0 9781.0
36 43 40 0.0 24.0 93.0 5207.0 45371.0 596.0 12420.0
36 43 41 0.0 35.0 38.0 4891.0 43515.0 579.0 10088.0
36 43 42 0.0 13.0 56.0 3718.0 35523.0 520.0 5052.0
36 43 43 0.0 1.0 27.0 1930.0 19571.0 289.0 1024.0
36 43 44 0.0 1.0 3.0 399.0 4967.0 84.0 57.0
36 43 45 0.0 0.0 0.0 21.0 306.0 6.0 0.0
36 44 35 0.0 0.0 0.0 1.0 46.0 1.0 0.0
36 44 36 0.0 0.0 0.0 67.0 1216.0 21.0 3.0
36 44 37 0.0 0.0 8.0 435.0 4803.0 86.0 44.0
36 44 38 0.0 2.0 13.0 1010.0 11395.0 201.0 305.0
36 44 39 0.0 0.0 70.0 1780.0 18075.0 297.0 865.0
36 44 40 0.0 5.0 66.0 2048.0 21279.0 360.0 1250.0
36 44 41 0.0 10.0 61.0 1922.0 19349.0 313.0 1038.0
36 44 42 0.0 12.0 24.0 1261.0 13011.0 226.0 414.0
36 44 43 0.0 6.0 18.0 411.0 5865.0 126.0 82.0
36 44 44 0.0 0.0 1.0 103.0 1212.0 22.0 3.0
36 44 45 0.0 0.0 0.0 7.0 51.0 1.0 0.0
36 45 35 0.0 0.0 0.0 0.0 2.0 0.0 0.0
36 45 36 0.0 0.0 0.0 2.0 35.0 1.0 0.0
36 45 37 0.0 0.0 0.0 25.0 267.0 2.0 0.0
36 45 38 0.0 1.0 1.0 96.0 998.0 18.0 2.0
36 45 39 0.0 0.0 2.0 195.0 1569.0 28.0 4.0
36 45 40 0.0 2.0 4.0 215.0 2251.0 41.0 8.0
36 45 41 0.0 4.0 2.0 175.0 1807.0 30.0 2.0
36 45 42 0.0 0.0 0.0 124.0 1094.0 31.0 0.0
36 45 43 0.0 0.0 0.0 38.0 335.0 6.0 0.0
36 45 44 0.0 0.0 2.0 3.0 61.0 1.0 0.0
36 45 45 0.0 0.0 0.0 0.0 1.0 0.0 0.0
36 46 37 0.0 0.0 0.0 0.0 1.0 0.0 0.0
36 46 38 0.0 0.0 0.0 1.0 9.0 2.0 0.0
36 46 39 0.0 0.0 0.0 1.0 9.0 0.0 0.0
36 46 40 0.0 0.0 0.0 0.0 21.0 1.0 0.0
36 46 41 0.0 0.0 0.0 0.0 6.0 0.0 0.0
36 46 42 0.0 0.0 0.0 1.0 6.0 0.0 0.0
37 34 36 0.0 0.0 0.0 0.0 1.0 0.0 0.0
37 34 37 0.0 0.0 0.0 0.0 19.0 0.0 0.0
37 34 38 0.0 2.0 0.0 12.0 63.0 1.0 0.0
37 34 39 0.0 0.0 0.0 14.0 100.0 2.0 0.0
37 34 40 0.0 0.0 2.0 22.0 176.0 6.0 0.0
37 34 41 0.0 0.0 0.0 11.0 106.0 2.0 0.0
37 34 42 0.0 0.0 0.0 10.0 62.0 0.0 0.0
37 34 43 0.0 0.0 0.0 4.0 9.0 0.0 0.0
37 35 35 0.0 0.0 0.0 0.0 24.0 0.0 0.0
37 35 36 0.0 7.0 2.0 77.0 350.0 12.0 0.0
37 35 37 0.0 0.0 0.0 241.0 2107.0 44.0 7.0
37 35 38 0.0 4.0 21.0 534.0 5701.0 113.0 56.0
37 35 39 0.0 6.0 14.0 1007.0 8326.0 155.0 178.0
37 35 40 0.0 0.0 24.0 1208.0 9920.0 177.0 213.0
37 35 41 0.0 1.0 23.0 1058.0 7974.0 147.0 125.0
37 35 42 0.0 4.0 10.0 529.0 4696.0 71.0 40.0
37 35 43 0.0 0.0 0.0 160.0 1869.0 36.0 8.0
37 35 44 0.0 0.0 0.0 34.0 353.0 5.0 0.0
37 35 45 0.0 0.0 0.0 0.0 16.0 0.0 0.0
37 36 34 0.0 0.0 0.0 0.0 2.0 0.0 0.0
37 36 35 0.0 0.0 0.0 48.0 423.0 11.0 0.0
37 36 36 0.0 22.0 7.0 503.0 5932.0 99.0 68.0
37 36 37 0.0 5.0 26.0 2379.0 21381.0 340.0 1401.0
37 36 38 0.0 27.0 39.0 4300.0 37072.0 515.0 6185.0
37 36 39 0.0 22.0 105.0 5570.0 43956.0 628.0 11225.0
37 36 40 0.0 9.0 75.0 5042.0 46704.0 603.0 13627.0
37 36 41 0.0 14.0 51.0 4806.0 44252.0 592.0 10558.0
37 36 42 0.0 6.0 43.0 4073.0 35242.0 560.0 4929.0
37 36 43 0.0 3.0 26.0 1853.0 20459.0 358.0 1192.0
37 36 44 0.0 0.0 2.0 631.0 5311.0 99.0 51.0
37 36 45 0.0 0.0 0.0 22.0 328.0 6.0 0.0
37 36 46 0.0 0.0 0.0 0.0 2.0 0.0 0.0
37 37 34 0.0 0.0 0.0 8.0 8.0 1.0 0.0
37 37 35 0.0 0.0 3.0 232.0 2046.0 37.0 7.0
37 37 36 0.0 6.0 30.0 1887.0 20726.0 348.0 1238.0
37 37 37 0.0 25.0 59.0 4331.0 47793.0 619.0 16777.0
37 37 38 0.0 8.0 72.0 5021.0 49545.0 485.0 37830.0
37 37 39 0.0 23.0 73.0 4738.0 45419.0 414.0 52321.0
37 37 40 0.0 17.0 88.0 4865.0 43989.0 410.0 55961.0
37 37 41 0.0 4.0 62.0 4222.0 46259.0 434.0 50911.0
37 37 42 0.0 12.0 68.0 4848.0 49373.0 534.0 36640.0
37 37 43 0.0 1.0 58.0 5517.0 46727.0 616.0 15522.0
37 37 44 0.0 0.0 34.0 1764.0 18854.0 301.0 916.0
37 37 45 0.0 0.0 2.0 140.0 1954.0 36.0 9.0
37 37 46 0.0 0.0 0.0 2.0 13.0 0.0 0.0
37 38 34 0.0 0.0 0.0 8.0 52.0 1.0 0.0
37 38 35 0.0 0.0 10.0 442.0 4919.0 97.0 42.0
37 38 36 0.0 8.0 149.0 3182.0 37637.0 540.0 5895.0
37 38 37 0.0 26.0 94.0 5306.0 48576.0 495.0 38174.0
37 38 38 0.0 36.0 92.0 4487.0 41148.0 362.0 65111.0
37 38 39 0.0 17.0 77.0 3862.0 35253.0 279.0 80380.0
37 38 40 0.0 28.0 63.0 3739.0 33479.0 290.0 83906.0
37 38 41 0.0 17.0 91.0 3656.0 35749.0 285.0 80056.0
37 38 42 0.0 19.0 77.0 4032.0 42459.0 332.0 63596.0
37 38 43 0.0 6.0 76.0 5056.0 49618.0 531.0 36978.0
37 38 44 0.0 19.0 50.0 3399.0 35370.0 485.0 4835.0
37 38 45 0.0 0.0 4.0 372.0 4542.0 73.0 36.0
37 38 46 0.0 0.0 0.0 4.0 52.0 3.0 0.0
37 39 34 0.0 0.0 1.0 11.0 92.0 0.0 0.0
37 39 35 0.0 6.0 14.0 876.0 8075.0 163.0 154.0
37 39 36 0.0 11.0 114.0 4642.0 44762.0 594.0 10687.0
37 39 37 0.0 21.0 101.0 4899.0 45184.0 389.0 52415.0
37 39 38 0.0 20.0 70.0 4204.0 35587.0 252.0 78819.0
37 39 39 0.0 26.0 76.0 3318.0 28700.0 205.0 94607.0
37 39 40 0.0 18.0 62.0 3083.0 27357.0 206.0 99309.0
37 39 41 0.0 15.0 66.0 3114.0 29332.0 193.0 94328.0
37 39 42 1.0 20.0 80.0 3666.0 35225.0 285.0 80176.0
37 39 43 0.0 13.0 88.0 4484.0 46769.0 463.0 49421.0
37 39 44 0.0 6.0 94.0 4123.0 43693.0 566.0 9815.0
37 39 45 0.0 1.0 18.0 794.0 7739.0 158.0 114.0
37 39 46 0.0 0.0 0.0 16.0 97.0 5.0 0.0
37 40 34 0.0 0.0 3.0 2.0 145.0 2.0 0.0
37 40 35 0.0 9.0 13.0 871.0 9383.0 174.0 203.0
37 40 36 0.0 13.0 80.0 5139.0 45282.0 563.0 12000.0
37 40 37 0.0 43.0 97.0 5180.0 44117.0 416.0 54721.0
37 40 38 0.0 30.0 60.0 3865.0 33346.0 274.0 84201.0
37 40 39 0.0 22.0 63.0 3248.0 27408.0 207.0 98416.0
37 40 40 0.0 20.0 47.0 2963.0 25809.0 189.0 101990.0
37 40 41 0.0 17.0 54.0 3097.0 27529.0 183.0 98382.0
37 40 42 0.0 20.0 96.0 3555.0 33668.0 284.0 84461.0
37 40 43 0.0 24.0 91.0 4258.0 45016.0 428.0 55598.0
37 40 44 0.0 16.0 111.0 4552.0 45780.0 607.0 12068.0
37 40 45 0.0 1.0 20.0 1001.0 8930.0 152.0 166.0
37 40 46 0.0 0.0 0.0 18.0 125.0 4.0 0.0
37 41 34 0.0 0.0 0.0 9.0 100.0 1.0 0.0
37 41 35 0.0 7.0 61.0 787.0 7532.0 123.0 103.0
37 41 36 0.0 19.0 64.0 4857.0 43584.0 608.0 10118.0
37 41 37 0.0 46.0 100.0 5815.0 45250.0 443.0 50234.0
37 41 38 0.0 32.0 79.0 4380.0 35487.0 306.0 78755.0
37 41 39 0.0 25.0 67.0 3407.0 29526.0 224.0 93657.0
37 41 40 0.0 15.0 61.0 3063.0 27703.0 209.0 98585.0
37 41 41 0.0 14.0 68.0 3180.0 29238.0 191.0 94599.0
37 41 42 0.0 17.0 97.0 3766.0 35715.0 253.0 79224.0
37 41 43 0.0 6.0 106.0 4800.0 46391.0 434.0 49806.0
37 41 44 0.0 7.0 73.0 4223.0 43629.0 566.0 9740.0
37 41 45 0.0 0.0 16.0 731.0 7584.0 152.0 102.0
37 41 46 0.0 0.0 0.0 9.0 116.0 2.0 0.0
37 42 34 0.0 0.0 0.0 7.0 33.0 0.0 0.0
37 42 35 0.0 0.0 5.0 456.0 4467.0 93.0 44.0
37 42 36 0.0 6.0 71.0 3744.0 34176.0 537.0 4540.0
37 42 37 0.0 66.0 100.0 6701.0 48645.0 570.0 34194.0
37 42 38 0.0 41.0 92.0 4842.0 42428.0 382.0 62521.0
37 42 39 0.0 16.0 110.0 3945.0 35370.0 298.0 79775.0
37 42 40 0.0 20.0 71.0 3818.0 33525.0 251.0 83925.0
37 42 41 0.0 30.0 76.0 4136.0 35433.0 275.0 79895.0
37 42 42 0.0 18.0 98.0 4568.0 41883.0 353.0 64505.0
37 42 43 0.0 26.0 109.0 5348.0 49890.0 484.0 35519.0
37 42 44 0.0 1.0 78.0 3523.0 35340.0 591.0 4779.0
37 42 45 0.0 0.0 11.0 399.0 4814.0 105.0 45.0
37 42 46 0.0 0.0 0.0 5.0 66.0 1.0 0.0
37 43 34 0.0 0.0 0.0 1.0 6.0 0.0 0.0
37 43 35 0.0 0.0 1.0 151.0 1514.0 29.0 1.0
37 43 36 0.0 12.0 26.0 1673.0 17496.0 292.0 787.0
37 43 37 0.0 15.0 114.0 4382.0 46312.0 587.0 13697.0
37 43 38 0.0 39.0 99.0 5464.0 49814.0 564.0 34039.0
37 43 39 0.0 26.0 126.0 4886.0 47241.0 493.0 48689.0
37 43 40 0.0 19.0 115.0 4269.0 45190.0 377.0 54501.0
37 43 41 0.0 21.0 123.0 4813.0 45668.0 428.0 50953.0
37 43 42 0.0 14.0 126.0 4756.0 48987.0 524.0 38101.0
37 43 43 0.0 5.0 118.0 4583.0 47201.0 613.0 15231.0
37 43 44 0.0 1.0 63.0 1789.0 20389.0 342.0 1174.0
37 43 45 0.0 0.0 0.0 146.0 1665.0 26.0 12.0
37 43 46 0.0 0.0 0.0 1.0 15.0 0.0 0.0
37 44 34 0.0 0.0 0.0 0.0 4.0 0.0 0.0
37 44 35 0.0 0.0 0.0 14.0 264.0 5.0 0.0
37 44 36 0.0 1.0 9.0 458.0 4872.0 73.0 48.0
37 44 37 0.0 12.0 33.0 1684.0 18176.0 315.0 834.0
37 44 38 0.0 14.0 39.0 3294.0 34283.0 500.0 4544.0
37 44 39 0.0 11.0 118.0 4681.0 43335.0 570.0 9726.0
37 44 40 0.0 23.0 67.0 4513.0 45958.0 621.0 11673.0
37 44 41 0.0 12.0 83.0 4404.0 44080.0 595.0 10318.0
37 44 42 0.0 17.0 30.0 3566.0 35079.0 507.0 4849.0
37 44 43 0.0 1.0 27.0 1828.0 20496.0 347.0 1101.0
37 44 44 0.0 3.0 4.0 597.0 5991.0 109.0 94.0
37 44 45 0.0 0.0 5.0 50.0 354.0 6.0 0.0
37 45 35 0.0 0.0 1.0 1.0 15.0 2.0 0.0
37 45 36 0.0 0.0 0.0 27.0 292.0 6.0 0.0
37 45 37 0.0 0.0 1.0 144.0 1446.0 33.0 3.0
37 45 38 0.0 1.0 14.0 445.0 4101.0 64.0 29.0
37 45 39 0.0 1.0 22.0 731.0 7064.0 139.0 87.0
37 45 40 0.0 0.0 18.0 731.0 8526.0 157.0 150.0
37 45 41 0.0 7.0 25.0 580.0 7342.0 122.0 81.0
37 45 42 0.0 0.0 12.0 389.0 4557.0 79.0 40.0
37 45 43 0.0 0.0 1.0 188.0 1710.0 35.0 6.0
37 45 44 0.0 0.0 0.0 39.0 339.0 7.0 0.0
37 45 45 0.0 0.0 0.0 0.0 19.0 0.0 0.0
37 46 36 0.0 0.0 0.0 0.0 4.0 0.0 0.0
37 46 37 0.0 0.0 0.0 1.0 8.0 0.0 0.0
37 46 38 0.0 0.0 0.0 3.0 32.0 0.0 0.0
37 46 39 0.0 0.0 0.0 4.0 117.0 3.0 0.0
37 46 40 0.0 0.0 0.0 7.0 102.0 2.0 0.0
37 46 41 0.0 0.0 0.0 12.0 121.0 5.0 0.0
37 46 42 0.0 0.0 0.0 7.0 37.0 1.0 0.0
37 46 43 0.0 0.0 0.0 5.0 13.0 0.0 0.0
37 47 40 0.0 0.0 0.0 1.0 0.0 0.0 0.0
38 34 36 0.0 0.0 0.0 4.0 14.0 1.0 0.0
38 34 37 0.0 0.0 0.0 11.0 58.0 1.0 0.0
38 34 38 0.0 0.0 0.0 49.0 187.0 8.0 0.0
38 34 39 0.0 0.0 1.0 67.0 444.0 15.0 0.0
38 34 40 0.0 0.0 0.0 74.0 504.0 10.0 0.0
38 34 41 0.0 0.0 1.0 61.0 358.0 5.0 1.0
38 34 42 0.0 0.0 0.0 29.0 186.0 2.0 0.0
38 34 43 0.0 0.0 0.0 6.0 51.0 0.0 0.0
38 34 44 0.0 0.0 0.0 3.0 21.0 1.0 0.0
38 34 45 0.0 0.0 0.0 1.0 0.0 0.0 0.0
38 35 35 0.0 0.0 0.0 15.0 105.0 2.0 0.0
38 35 36 0.0 0.0 4.0 148.0 1330.0 19.0 3.0
38 35 37 0.0 3.0 4.0 724.0 5111.0 111.0 54.0
38 35 38 0.0 11.0 41.0 1605.0 12264.0 216.0 367.0
38 35 39 0.0 2.0 20.0 2363.0 18701.0 319.0 894.0
38 35 40 0.0 5.0 44.0 2380.0 20065.0 317.0 1156.0
38 35 41 0.0 2.0 31.0 2241.0 17817.0 321.0 831.0
38 35 42 0.0 3.0 10.0 1570.0 10742.0 205.0 276.0
38 35 43 0.0 0.0 11.0 496.0 4494.0 83.0 35.0
38 35 44 0.0 0.0 0.0 98.0 1170.0 24.0 3.0
38 35 45 0.0 0.0 0.0 10.0 68.0 2.0 0.0
38 36 34 0.0 0.0 0.0 0.0 6.0 0.0 0.0
38 36 35 0.0 0.0 0.0 80.0 1055.0 22.0 0.0
38 36 36 0.0 1.0 3.0 1458.0 13636.0 209.0 434.0
38 36 37 0.0 12.0 57.0 4187.0 37428.0 539.0 5991.0
38 36 38 0.0 31.0 96.0 5606.0 49102.0 610.0 18153.0
38 36 39 0.0 24.0 129.0 6474.0 50096.0 569.0 29652.0
38 36 40 0.0 12.0 93.0 6230.0 50542.0 543.0 32070.0
38 36 41 0.0 21.0 95.0 6423.0 50463.0 578.0 27737.0
38 36 42 0.0 20.0 64.0 5982.0 48000.0 638.0 16681.0
38 36 43 0.0 20.0 43.0 3889.0 35470.0 497.0 5286.0
38 36 44 0.0 3.0 13.0 1200.0 12470.0 214.0 376.0
38 36 45 0.0 1.0 0.0 120.0 1020.0 11.0 2.0
38 36 46 0.0 0.0 0.0 3.0 10.0 0.0 0.0
38 37 34 0.0 0.0 0.0 4.0 44.0 0.0 0.0
38 37 35 0.0 0.0 12.0 377.0 5216.0 90.0 60.0
38 37 36 0.0 12.0 40.0 3612.0 36845.0 493.0 5330.0
38 37 37 0.0 13.0 85.0 4386.0 49833.0 475.0 39406.0
38 37 38 0.0 10.0 113.0 4839.0 39701.0 323.0 67627.0
38 37 39 0.0 20.0 71.0 4314.0 33804.0 253.0 82668.0
38 37 40 0.0 19.0 76.0 4148.0 32002.0 238.0 86268.0
38 37 41 0.0 7.0 85.0 3990.0 34462.0 253.0 80691.0
38 37 42 0.0 13.0 58.0 4662.0 41064.0 347.0 65204.0
38 37 43 0.0 8.0 67.0 5176.0 50160.0 512.0 35121.0
38 37 44 0.0 8.0 38.0 3472.0 36154.0 498.0 5119.0
38 37 45 0.0 0.0 10.0 448.0 4372.0 85.0 36.0
38 37 46 0.0 0.0 0.0 6.0 59.0 2.0 0.0
38 38 34 0.0 0.0 0.0 16.0 186.0 5.0 0.0
38 38 35 0.0 3.0 22.0 1072.0 12398.0 226.0 338.0
38 38 36 0.0 12.0 86.0 4636.0 49585.0 584.0 17639.0
38 38 37 0.0 29.0 62.0 3888.0 41269.0 378.0 65665.0
38 38 38 0.0 20.0 52.0 2665.0 26072.0 138.0 104636.0
38 38 39 0.0 13.0 36.0 2324.0 20298.0 116.0 118557.0
38 38 40 0.0 10.0 50.0 2214.0 18470.0 105.0 122679.0
38 38 41 0.0 19.0 49.0 2283.0 20825.0 131.0 117675.0
38 38 42 0.0 11.0 47.0 2715.0 26682.0 171.0 102923.0
38 38 43 0.0 11.0 80.0 4478.0 41766.0 338.0 64224.0
38 38 44 0.0 6.0 64.0 4646.0 48763.0 578.0 16009.0
38 38 45 0.0 0.0 26.0 1023.0 10578.0 198.0 227.0
38 38 46 0.0 0.0 1.0 17.0 212.0 3.0 0.0
38 39 34 0.0 0.0 2.0 60.0 359.0 8.0 1.0
38 39 35 0.0 14.0 23.0 1563.0 17842.0 299.0 767.0
38 39 36 0.0 45.0 110.0 5260.0 51373.0 564.0 26479.0
38 39 37 0.0 42.0 68.0 3719.0 35405.0 289.0 80560.0
38 39 38 0.0 15.0 34.0 2298.0 20258.0 121.0 118401.0
38 39 39 0.0 19.0 32.0 1849.0 15118.0 84.0 131605.0
38 39 40 0.0 13.0 30.0 1614.0 14038.0 64.0 134423.0
38 39 41 0.0 7.0 51.0 1699.0 15436.0 65.0 130671.0
38 39 42 0.0 15.0 55.0 2082.0 21281.0 120.0 116755.0
38 39 43 0.0 15.0 69.0 3586.0 35930.0 258.0 79557.0
38 39 44 0.0 22.0 98.0 5069.0 51684.0 574.0 26454.0
38 39 45 0.0 5.0 10.0 1772.0 16844.0 262.0 709.0
38 39 46 0.0 0.0 0.0 15.0 327.0 5.0 0.0
38 39 47 0.0 0.0 0.0 0.0 1.0 0.0 0.0
38 40 34 0.0 0.0 0.0 44.0 401.0 7.0 0.0
38 40 35 0.0 3.0 36.0 1655.0 19777.0 350.0 984.0
38 40 36 0.0 20.0 117.0 5369.0 51193.0 534.0 30900.0
38 40 37 0.0 35.0 74.0 3717.0 33893.0 265.0 83785.0
38 40 38 0.0 16.0 48.0 2317.0 18836.0 122.0 121700.0
38 40 39 0.0 17.0 37.0 1652.0 13918.0 81.0 134374.0
38 40 40 0.0 6.0 40.0 1407.0 12235.0 64.0 138392.0
38 40 41 0.0 5.0 36.0 1467.0 13719.0 76.0 135012.0
38 40 42 0.0 7.0 52.0 1953.0 19032.0 87.0 121820.0
38 40 43 0.0 9.0 92.0 3369.0 34034.0 268.0 83960.0
38 40 44 0.0 15.0 114.0 5049.0 51946.0 583.0 30513.0
38 40 45 0.0 0.0 37.0 1994.0 19206.0 326.0 932.0
38 40 46 0.0 0.0 1.0 34.0 512.0 8.0 0.0
38 41 34 0.0 0.0 1.0 42.0 364.0 5.0 1.0
38 41 35 0.0 5.0 28.0 1678.0 16370.0 275.0 678.0
38 41 36 0.0 27.0 141.0 5609.0 50879.0 627.0 26417.0
38 41 37 0.0 23.0 94.0 4146.0 35326.0 266.0 78978.0
38 41 38 0.0 14.0 54.0 2564.0 21065.0 119.0 116300.0
38 41 39 0.0 14.0 49.0 1921.0 15510.0 93.0 130465.0
38 41 40 0.0 10.0 50.0 1604.0 13847.0 62.0 135354.0
38 41 41 0.0 19.0 39.0 1649.0 15120.0 87.0 132009.0
38 41 42 0.0 12.0 71.0 2186.0 20813.0 137.0 116882.0
38 41 43 0.0 11.0 64.0 3817.0 35742.0 274.0 79464.0
38 41 44 0.0 16.0 114.0 4731.0 51907.0 596.0 26554.0
38 41 45 0.0 0.0 19.0 1882.0 17241.0 306.0 668.0
38 41 46 0.0 0.0 2.0 43.0 364.0 5.0 0.0
38 42 34 0.0 0.0 0.0 26.0 206.0 7.0 0.0
38 42 35 0.0 1.0 28.0 1084.0 10827.0 223.0 253.0
38 42 36 0.0 13.0 46.0 5443.0 47729.0 589.0 14845.0
38 42 37 0.0 20.0 95.0 4486.0 42477.0 376.0 62696.0
38 42 38 0.0 15.0 65.0 2838.0 27249.0 174.0 101125.0
38 42 39 0.0 14.0 63.0 2263.0 21104.0 119.0 116970.0
38 42 40 0.0 11.0 61.0 2078.0 19152.0 109.0 121528.0
38 42 41 0.0 12.0 67.0 2243.0 20962.0 121.0 117535.0
38 42 42 0.0 18.0 71.0 2729.0 26308.0 164.0 103976.0
38 42 43 0.0 14.0 89.0 4267.0 41969.0 368.0 64198.0
38 42 44 0.0 8.0 85.0 5145.0 48859.0 613.0 16546.0
38 42 45 0.0 3.0 27.0 1171.0 11275.0 202.0 275.0
38 42 46 0.0 0.0 0.0 12.0 186.0 0.0 0.0
38 43 34 0.0 0.0 0.0 2.0 45.0 1.0 0.0
38 43 35 0.0 0.0 12.0 416.0 4185.0 73.0 31.0
38 43 36 0.0 4.0 41.0 3444.0 34013.0 530.0 4414.0
38 43 37 0.0 21.0 106.0 4717.0 50559.0 529.0 33704.0
38 43 38 0.0 23.0 119.0 4462.0 42256.0 403.0 62098.0
38 43 39 0.0 15.0 81.0 3924.0 35999.0 279.0 78614.0
38 43 40 0.0 19.0 92.0 3613.0 34284.0 271.0 83368.0
38 43 41 0.0 17.0 85.0 3765.0 35581.0 309.0 79448.0
38 43 42 0.0 22.0 87.0 4086.0 42193.0 316.0 64517.0
38 43 43 0.0 16.0 95.0 4872.0 49865.0 551.0 37426.0
38 43 44 0.0 5.0 86.0 3077.0 35983.0 480.0 5152.0
38 43 45 0.0 1.0 10.0 473.0 4798.0 97.0 49.0
38 43 46 0.0 0.0 0.0 9.0 38.0 1.0 0.0
38 44 34 0.0 0.0 0.0 0.0 2.0 0.0 0.0
38 44 35 0.0 0.0 0.0 93.0 1021.0 21.0 1.0
38 44 36 0.0 9.0 13.0 969.0 11643.0 204.0 306.0
38 44 37 0.0 10.0 96.0 3914.0 33598.0 493.0 4473.0
38 44 38 0.0 30.0 108.0 5070.0 47793.0 571.0 14776.0
38 44 39 0.0 31.0 148.0 5346.0 51260.0 537.0 25981.0
38 44 40 0.0 8.0 131.0 5191.0 51841.0 580.0 29800.0
38 44 41 0.0 16.0 108.0 4948.0 51685.0 580.0 25615.0
38 44 42 0.0 19.0 109.0 4728.0 49364.0 590.0 16291.0
38 44 43 0.0 16.0 113.0 3746.0 35453.0 517.0 4856.0
38 44 44 0.0 4.0 22.0 1135.0 13684.0 218.0 477.0
38 44 45 0.0 0.0 4.0 117.0 1227.0 26.0 1.0
38 44 46 0.0 0.0 0.0 1.0 4.0 0.0 0.0
38 45 35 0.0 0.0 0.0 2.0 68.0 0.0 0.0
38 45 36 0.0 0.0 2.0 65.0 764.0 13.0 1.0
38 45 37 0.0 4.0 4.0 437.0 4055.0 77.0 32.0
38 45 38 0.0 1.0 19.0 1137.0 10492.0 207.0 218.0
38 45 39 0.0 9.0 43.0 1673.0 16402.0 236.0 681.0
38 45 40 0.0 7.0 57.0 1722.0 19777.0 304.0 931.0
38 45 41 0.0 0.0 40.0 1504.0 16896.0 295.0 678.0
38 45 42 0.0 5.0 13.0 1041.0 10836.0 239.0 265.0
38 45 43 0.0 0.0 12.0 368.0 4970.0 95.0 53.0
38 45 44 0.0 0.0 1.0 124.0 1175.0 28.0 2.0
38 45 45 0.0 0.0 0.0 5.0 75.0 1.0 0.0
38 46 36 0.0 0.0 0.0 0.0 4.0 0.0 0.0
38 46 37 0.0 0.0 0.0 6.0 39.0 1.0 0.0
38 46 38 0.0 0.0 0.0 11.0 156.0 3.0 0.0
38 46 39 0.0 0.0 0.0 58.0 284.0 9.0 0.0
38 46 40 0.0 0.0 0.0 22.0 387.0 5.0 0.0
38 46 41 0.0 0.0 1.0 43.0 361.0 6.0 0.0
38 46 42 0.0 0.0 2.0 30.0 193.0 2.0 0.0
38 46 43 0.0 0.0 0.0 9.0 47.0 0.0 0.0
38 46 44 0.0 0.0 0.0 0.0 13.0 0.0 0.0
39 33 40 0.0 0.0 0.0 0.0 1.0 0.0 0.0
39 34 35 0.0 0.0 0.0 0.0 4.0 0.0 0.0
39 34 36 0.0 0.0 0.0 0.0 25.0 1.0 0.0
39 34 37 0.0 0.0 0.0 25.0 114.0 2.0 0.0
39 34 38 0.0 0.0 0.0 47.0 353.0 4.0 0.0
39 34 39 0.0 0.0 0.0 109.0 752.0 13.0 0.0
39 34 40 0.0 0.0 2.0 120.0 980.0 18.0 1.0
39 34 41 0.0 0.0 0.0 91.0 791.0 9.0 0.0
39 34 42 0.0 0.0 0.0 57.0 291.0 6.0 0.0
39 34 43 0.0 0.0 0.0 22.0 132.0 2.0 0.0
39 34 44 0.0 0.0 0.0 1.0 10.0 0.0 0.0
39 34 45 0.0 0.0 0.0 0.0 1.0 0.0 0.0
39 35 34 0.0 0.0 0.0 0.0 1.0 0.0 0.0
39 35 35 0.0 0.0 0.0 9.0 139.0 1.0 0.0
39 35 36 0.0 0.0 3.0 250.0 2134.0 43.0 6.0
39 35 37 0.0 2.0 8.0 1046.0 8135.0 151.0 130.0
39 35 38 0.0 7.0 27.0 2296.0 18659.0 330.0 951.0
39 35 39 0.0 13.0 46.0 3413.0 26128.0 433.0 2138.0
39 35 40 0.0 9.0 33.0 4084.0 28570.0 478.0 2755.0
39 35 41 0.0 9.0 39.0 3276.0 25865.0 411.0 2000.0
39 35 42 0.0 14.0 30.0 2553.0 17369.0 320.0 763.0
39 35 43 0.0 1.0 16.0 943.0 8017.0 153.0 120.0
39 35 44 0.0 2.0 0.0 254.0 1778.0 39.0 4.0
39 35 45 0.0 0.0 0.0 15.0 132.0 2.0 1.0
39 36 34 0.0 0.0 0.0 1.0 20.0 0.0 0.0
39 36 35 0.0 0.0 5.0 190.0 1931.0 40.0 6.0
39 36 36 0.0 3.0 25.0 1859.0 20642.0 314.0 1228.0
39 36 37 0.0 23.0 102.0 5666.0 44511.0 631.0 11998.0
39 36 38 0.0 34.0 105.0 6530.0 50768.0 628.0 28891.0
39 36 39 0.0 31.0 70.0 6721.0 48179.0 513.0 41906.0
39 36 40 0.0 20.0 92.0 6234.0 47396.0 461.0 45099.0
39 36 41 0.0 17.0 80.0 6818.0 48188.0 532.0 39585.0
39 36 42 0.0 25.0 92.0 6252.0 50469.0 576.0 26526.0
39 36 43 0.0 10.0 52.0 5263.0 43322.0 564.0 10052.0
39 36 44 0.0 6.0 34.0 1954.0 18853.0 333.0 1006.0
39 36 45 0.0 3.0 3.0 180.0 1888.0 30.0 9.0
39 36 46 0.0 0.0 0.0 1.0 11.0 0.0 0.0
39 37 34 0.0 0.0 0.0 7.0 107.0 2.0 0.0
39 37 35 0.0 0.0 29.0 612.0 8325.0 161.0 150.0
39 37 36 0.0 16.0 46.0 4252.0 45233.0 569.0 11133.0
39 37 37 0.0 44.0 78.0 4672.0 45592.0 442.0 52288.0
39 37 38 0.0 22.0 66.0 4137.0 33496.0 228.0 82713.0
39 37 39 0.0 13.0 48.0 3719.0 28087.0 191.0 95968.0
39 37 40 0.0 13.0 51.0 3539.0 26391.0 188.0 99868.0
39 37 41 0.0 17.0 60.0 3840.0 28376.0 198.0 95317.0
39 37 42 0.0 19.0 100.0 4438.0 34999.0 289.0 79877.0
39 37 43 0.0 10.0 82.0 4709.0 45791.0 445.0 51302.0
39 37 44 0.0 15.0 67.0 4538.0 43819.0 595.0 10419.0
39 37 45 0.0 1.0 20.0 752.0 7688.0 138.0 115.0
39 37 46 0.0 0.0 0.0 10.0 133.0 2.0 0.0
39 38 34 0.0 0.0 1.0 30.0 379.0 7.0 0.0
39 38 35 0.0 1.0 29.0 1482.0 18723.0 323.0 859.0
39 38 36 0.0 18.0 111.0 4382.0 52195.0 563.0 28168.0
39 38 37 0.0 17.0 61.0 3474.0 35637.0 274.0 81064.0
39 38 38 0.0 14.0 44.0 2311.0 20736.0 116.0 118066.0
39 38 39 0.0 10.0 42.0 1887.0 14465.0 65.0 132359.0
39 38 40 0.0 10.0 43.0 1714.0 13237.0 69.0 135647.0
39 38 41 0.0 7.0 46.0 1936.0 14718.0 72.0 131360.0
39 38 42 0.0 17.0 37.0 2342.0 21010.0 126.0 116587.0
39 38 43 0.0 15.0 97.0 3734.0 35330.0 270.0 80569.0
39 38 44 0.0 10.0 133.0 5039.0 51653.0 580.0 26376.0
39 38 45 0.0 2.0 35.0 1627.0 18195.0 302.0 760.0
39 38 46 0.0 0.0 2.0 25.0 352.0 6.0 0.0
39 39 34 0.0 0.0 0.0 76.0 628.0 13.0 0.0
39 39 35 0.0 6.0 66.0 2335.0 25543.0 420.0 1841.0
39 39 36 0.0 22.0 106.0 4619.0 50508.0 496.0 40313.0
39 39 37 0.0 16.0 59.0 3013.0 29290.0 201.0 95319.0
39 39 38 0.0 12.0 45.0 1702.0 15419.0 78.0 131614.0
39 39 39 0.0 7.0 23.0 992.0 8609.0 28.0 156194.0
39 39 40 0.0 11.0 28.0 946.0 7387.0 22.0 156843.0
39 39 41 0.0 7.0 33.0 1045.0 8477.0 28.0 154995.0
39 39 42 0.0 13.0 45.0 1646.0 15368.0 74.0 130927.0
39 39 43 0.0 10.0 65.0 2908.0 29739.0 195.0 93873.0
39 39 44 0.0 14.0 104.0 5117.0 50422.0 493.0 38494.0
39 39 45 0.0 12.0 54.0 2462.0 25414.0 414.0 1923.0
39 39 46 0.0 0.0 1.0 85.0 717.0 15.0 1.0
39 39 47 0.0 0.0 0.0 0.0 1.0 0.0 0.0
39 40 34 0.0 0.0 5.0 92.0 830.0 14.0 0.0
39 40 35 0.0 5.0 73.0 2746.0 28429.0 424.0 2313.0
39 40 36 0.0 22.0 104.0 4536.0 49919.0 487.0 43145.0
39 40 37 0.0 11.0 80.0 2922.0 28090.0 187.0 98234.0
39 40 38 0.0 7.0 45.0 1487.0 13689.0 75.0 134841.0
39 40 39 0.0 7.0 26.0 815.0 7690.0 25.0 156339.0
39 40 40 0.0 3.0 23.0 749.0 6348.0 21.0 159185.0
39 40 41 0.0 4.0 25.0 852.0 7770.0 29.0 156052.0
39 40 42 0.0 11.0 45.0 1454.0 14063.0 72.0 134606.0
39 40 43 0.0 17.0 78.0 2928.0 28013.0 171.0 97514.0
39 40 44 0.0 11.0 110.0 5086.0 48690.0 486.0 43248.0
39 40 45 0.0 5.0 41.0 2863.0 27744.0 440.0 2332.0
39 40 46 0.0 0.0 3.0 92.0 755.0 20.0 2.0
39 41 34 0.0 0.0 3.0 71.0 635.0 14.0 1.0
39 41 35 0.0 8.0 68.0 2291.0 24848.0 393.0 1703.0
39 41 36 0.0 11.0 98.0 4790.0 50818.0 504.0 38467.0
39 41 37 0.0 12.0 79.0 3050.0 29416.0 216.0 93971.0
39 41 38 0.0 18.0 34.0 1697.0 15614.0 72.0 130086.0
39 41 39 0.0 2.0 21.0 958.0 9039.0 36.0 153731.0
39 41 40 0.0 5.0 27.0 827.0 7733.0 22.0 157123.0
39 41 41 0.0 4.0 19.0 943.0 8869.0 34.0 154846.0
39 41 42 0.0 12.0 52.0 1702.0 15338.0 78.0 130892.0
39 41 43 0.0 13.0 79.0 3077.0 29386.0 200.0 94526.0
39 41 44 0.0 13.0 119.0 5301.0 50239.0 471.0 38816.0
39 41 45 0.0 7.0 60.0 2654.0 24764.0 424.0 1696.0
39 41 46 0.0 0.0 3.0 69.0 686.0 20.0 0.0
39 42 34 0.0 0.0 0.0 30.0 385.0 6.0 0.0
39 42 35 0.0 2.0 51.0 1617.0 16727.0 289.0 643.0
39 42 36 0.0 43.0 73.0 4858.0 51738.0 573.0 25248.0
39 42 37 0.0 22.0 97.0 3676.0 36304.0 280.0 77944.0
39 42 38 0.0 14.0 55.0 2245.0 21351.0 135.0 116712.0
39 42 39 0.0 15.0 38.0 1661.0 15373.0 71.0 130888.0
39 42 40 0.0 7.0 44.0 1588.0 13777.0 67.0 134677.0
39 42 41 0.0 14.0 54.0 1589.0 15441.0 73.0 131628.0
39 42 42 0.0 10.0 81.0 2166.0 20721.0 132.0 119102.0
39 42 43 0.0 11.0 120.0 3507.0 35492.0 267.0 80390.0
39 42 44 0.0 10.0 103.0 5348.0 51244.0 594.0 26969.0
39 42 45 0.0 1.0 34.0 1674.0 17420.0 290.0 734.0
39 42 46 0.0 0.0 6.0 39.0 427.0 12.0 0.0
39 43 34 0.0 0.0 0.0 4.0 99.0 1.0 0.0
39 43 35 0.0 4.0 2.0 767.0 7382.0 129.0 105.0
39 43 36 0.0 10.0 78.0 4323.0 43454.0 581.0 9673.0
39 43 37 0.0 11.0 64.0 4301.0 47659.0 427.0 48554.0
39 43 38 0.0 17.0 71.0 3758.0 36598.0 296.0 77429.0
39 43 39 0.0 11.0 71.0 3063.0 29155.0 221.0 94008.0
39 43 40 0.0 13.0 92.0 2959.0 28009.0 210.0 97874.0
39 43 41 0.0 11.0 99.0 2986.0 29625.0 207.0 94122.0
39 43 42 0.0 12.0 109.0 3555.0 35805.0 279.0 80539.0
39 43 43 0.0 14.0 147.0 4425.0 45615.0 418.0 51701.0
39 43 44 0.0 10.0 167.0 4113.0 44747.0 594.0 10283.0
39 43 45 0.0 1.0 27.0 677.0 8100.0 137.0 129.0
39 43 46 0.0 0.0 0.0 6.0 132.0 0.0 0.0
39 44 34 0.0 0.0 0.0 1.0 8.0 0.0 0.0
39 44 35 0.0 0.0 1.0 156.0 1829.0 38.0 6.0
39 44 36 0.0 3.0 19.0 1654.0 18350.0 313.0 944.0
39 44 37 0.0 29.0 63.0 4090.0 42854.0 601.0 8631.0
39 44 38 0.0 40.0 110.0 5761.0 50740.0 546.0 25528.0
39 44 39 0.0 14.0 103.0 5130.0 50772.0 523.0 37543.0
39 44 40 0.0 20.0 122.0 4968.0 49778.0 510.0 43091.0
39 44 41 0.0 22.0 130.0 4943.0 50246.0 526.0 39186.0
39 44 42 0.0 9.0 97.0 5329.0 51548.0 575.0 26718.0
39 44 43 0.0 19.0 111.0 4043.0 45167.0 624.0 10902.0
39 44 44 0.0 2.0 47.0 1945.0 20053.0 325.0 1084.0
39 44 45 0.0 4.0 2.0 213.0 1702.0 31.0 8.0
39 44 46 0.0 0.0 0.0 0.0 24.0 1.0 0.0
39 45 35 0.0 0.0 0.0 14.0 81.0 5.0 0.0
39 45 36 0.0 0.0 8.0 133.0 1737.0 29.0 3.0
39 45 37 0.0 2.0 11.0 684.0 7036.0 124.0 100.0
39 45 38 0.0 3.0 34.0 1604.0 15947.0 255.0 604.0
39 45 39 0.0 13.0 52.0 2793.0 24118.0 389.0 1645.0
39 45 40 0.0 10.0 35.0 2858.0 28180.0 381.0 2299.0
39 45 41 0.0 6.0 54.0 2389.0 25537.0 372.0 1659.0
39 45 42 0.0 6.0 51.0 1838.0 17014.0 301.0 749.0
39 45 43 0.0 4.0 8.0 750.0 7909.0 127.0 117.0
39 45 44 0.0 0.0 8.0 217.0 1990.0 33.0 4.0
39 45 45 0.0 0.0 0.0 11.0 128.0 2.0 0.0
39 45 46 0.0 0.0 0.0 0.0 1.0 0.0 0.0
39 46 35 0.0 0.0 0.0 0.0 1.0 0.0 0.0
39 46 36 0.0 0.0 0.0 4.0 10.0 0.0 0.0
39 46 37 0.0 0.0 0.0 14.0 86.0 3.0 0.0
39 46 38 0.0 0.0 0.0 34.0 280.0 6.0 0.0
39 46 39 0.0 1.0 0.0 78.0 617.0 8.0 1.0
39 46 40 0.0 1.0 1.0 92.0 848.0 12.0 0.0
39 46 41 0.0 0.0 2.0 66.0 708.0 12.0 0.0
39 46 42 0.0 0.0 0.0 54.0 319.0 6.0 0.0
39 46 43 0.0 0.0 1.0 14.0 99.0 1.0 0.0
39 46 44 0.0 0.0 0.0 0.0 26.0 2.0 0.0
40 33 38 0.0 0.0 0.0 0.0 2.0 0.0 0.0
40 33 39 0.0 0.0 0.0 0.0 1.0 0.0 0.0
40 34 36 0.0 0.0 0.0 5.0 15.0 1.0 0.0
40 34 37 0.0 0.0 0.0 18.0 172.0 1.0 0.0
40 34 38 0.0 0.0 0.0 90.0 529.0 15.0 0.0
40 34 39 0.0 2.0 3.0 128.0 952.0 22.0 2.0
40 34 40 0.0 2.0 5.0 149.0 1142.0 24.0 1.0
40 34 41 0.0 2.0 1.0 140.0 843.0 19.0 2.0
40 34 42 0.0 0.0 1.0 63.0 513.0 11.0 0.0
40 34 43 0.0 0.0 0.0 15.0 158.0 3.0 0.0
40 34 44 0.0 0.0 0.0 3.0 17.0 0.0 0.0
40 35 35 0.0 0.0 0.0 23.0 214.0 6.0 0.0
40 35 36 0.0 2.0 4.0 292.0 2366.0 42.0 13.0
40 35 37 0.0 1.0 9.0 1409.0 9577.0 159.0 204.0
40 35 38 0.0 11.0 25.0 3166.0 20100.0 364.0 1176.0
40 35 39 0.0 13.0 37.0 3769.0 28409.0 449.0 2579.0
40 35 40 0.0 11.0 64.0 4614.0 31045.0 443.0 3474.0
40 35 41 0.0 12.0 60.0 3934.0 28022.0 446.0 2539.0
40 35 42 0.0 10.0 29.0 2775.0 19976.0 342.0 1199.0
40 35 43 0.0 3.0 11.0 1406.0 9042.0 185.0 200.0
40 35 44 0.0 0.0 0.0 282.0 2308.0 51.0 6.0
40 35 45 0.0 0.0 0.0 12.0 174.0 1.0 0.0
40 36 34 0.0 0.0 5.0 2.0 25.0 1.0 0.0
40 36 35 0.0 0.0 9.0 226.0 2488.0 44.0 5.0
40 36 36 0.0 5.0 24.0 2160.0 21806.0 358.0 1417.0
40 36 37 0.0 33.0 68.0 6152.0 45869.0 605.0 13311.0
40 36 38 0.0 20.0 89.0 6888.0 49482.0 543.0 32324.0
40 36 39 0.0 24.0 80.0 7121.0 46611.0 467.0 45378.0
40 36 40 0.0 34.0 67.0 6743.0 45434.0 474.0 48351.0
40 36 41 0.0 44.0 68.0 6874.0 47559.0 492.0 43467.0
40 36 42 0.0 22.0 95.0 6855.0 49543.0 512.0 31060.0
40 36 43 0.0 24.0 120.0 5891.0 44992.0 616.0 12668.0
40 36 44 0.0 10.0 34.0 2221.0 22138.0 361.0 1430.0
40 36 45 0.0 0.0 2.0 234.0 2251.0 29.0 4.0
40 36 46 0.0 0.0 0.0 2.0 21.0 1.0 0.0
40 37 34 0.0 0.0 0.0 17.0 165.0 3.0 0.0
40 37 35 0.0 1.0 25.0 820.0 10135.0 197.0 215.0
40 37 36 0.0 23.0 106.0 4371.0 47357.0 629.0 13391.0
40 37 37 0.0 21.0 82.0 4703.0 43978.0 394.0 56379.0
40 37 38 0.0 26.0 57.0 4241.0 31671.0 233.0 86642.0
40 37 39 0.0 21.0 52.0 3715.0 26085.0 191.0 99766.0
40 37 40 0.0 22.0 45.0 3679.0 24685.0 172.0 103081.0
40 37 41 0.0 21.0 67.0 3812.0 26346.0 212.0 98954.0
40 37 42 0.0 13.0 58.0 4326.0 33198.0 274.0 84515.0
40 37 43 0.0 28.0 120.0 4815.0 44457.0 434.0 55270.0
40 37 44 0.0 22.0 117.0 4286.0 47209.0 561.0 12993.0
40 37 45 0.0 1.0 16.0 953.0 9288.0 177.0 164.0
40 37 46 0.0 0.0 0.0 12.0 176.0 4.0 0.0
40 38 34 0.0 0.0 1.0 42.0 444.0 8.0 1.0
40 38 35 0.0 3.0 41.0 1913.0 20912.0 325.0 1090.0
40 38 36 0.0 10.0 79.0 4773.0 51755.0 507.0 31669.0
40 38 37 0.0 25.0 89.0 3369.0 33643.0 266.0 85288.0
40 38 38 0.0 20.0 57.0 2218.0 18675.0 89.0 122713.0
40 38 39 0.0 11.0 48.0 1748.0 13338.0 62.0 135516.0
40 38 40 0.0 17.0 27.0 1620.0 11709.0 50.0 139164.0
40 38 41 0.0 6.0 33.0 1826.0 13332.0 64.0 134598.0
40 38 42 0.0 24.0 61.0 2226.0 18726.0 93.0 122232.0
40 38 43 0.0 19.0 73.0 3697.0 33484.0 250.0 84483.0
40 38 44 0.0 13.0 101.0 5046.0 51515.0 568.0 30787.0
40 38 45 0.0 14.0 31.0 2010.0 19394.0 332.0 960.0
40 38 46 0.0 0.0 0.0 41.0 362.0 8.0 0.0
40 39 34 0.0 0.0 0.0 83.0 965.0 18.0 0.0
40 39 35 0.0 2.0 35.0 2547.0 29480.0 487.0 2537.0
40 39 36 0.0 21.0 93.0 4384.0 49852.0 444.0 43635.0
40 39 37 0.0 13.0 64.0 2675.0 27228.0 170.0 99707.0
40 39 38 0.0 4.0 42.0 1393.0 14069.0 74.0 134051.0
40 39 39 0.0 11.0 28.0 844.0 7595.0 28.0 157140.0
40 39 40 0.0 4.0 19.0 806.0 6186.0 19.0 161968.0
40 39 41 0.0 4.0 23.0 937.0 7630.0 24.0 156020.0
40 39 42 0.0 5.0 42.0 1585.0 13901.0 80.0 134134.0
40 39 43 0.0 8.0 80.0 2869.0 28104.0 187.0 98474.0
40 39 44 0.0 15.0 95.0 4842.0 49185.0 467.0 44144.0
40 39 45 0.0 1.0 74.0 2911.0 28080.0 450.0 2286.0
40 39 46 0.0 0.0 0.0 86.0 823.0 11.0 0.0
40 40 34 0.0 0.0 0.0 77.0 1051.0 22.0 2.0
40 40 35 0.0 10.0 36.0 3007.0 31941.0 501.0 3139.0
40 40 36 0.0 22.0 86.0 4612.0 48336.0 455.0 47551.0
40 40 37 0.0 14.0 78.0 2600.0 26468.0 170.0 102247.0
40 40 38 0.0 3.0 36.0 1320.0 12254.0 41.0 137552.0
40 40 39 0.0 2.0 21.0 754.0 6502.0 28.0 159205.0
40 40 40 0.0 5.0 15.0 506.0 4334.0 7.0 179399.0
40 40 41 0.0 4.0 28.0 739.0 6446.0 26.0 160157.0
40 40 42 0.0 5.0 44.0 1351.0 12231.0 38.0 138557.0
40 40 43 0.0 15.0 80.0 2774.0 26265.0 194.0 102046.0
40 40 44 0.0 45.0 121.0 5433.0 47780.0 426.0 47304.0
40 40 45 0.0 3.0 60.0 3177.0 31238.0 492.0 3077.0
40 40 46 0.0 0.0 1.0 90.0 1146.0 22.0 3.0
40 41 34 0.0 0.0 1.0 74.0 930.0 23.0 0.0
40 41 35 0.0 7.0 70.0 2660.0 28847.0 462.0 2436.0
40 41 36 0.0 17.0 86.0 4595.0 49732.0 486.0 43280.0
40 41 37 0.0 12.0 63.0 2755.0 27933.0 179.0 98447.0
40 41 38 0.0 10.0 47.0 1430.0 14211.0 68.0 134189.0
40 41 39 0.0 5.0 24.0 834.0 7714.0 19.0 156884.0
40 41 40 0.0 3.0 27.0 731.0 6420.0 20.0 159397.0
40 41 41 0.0 6.0 24.0 794.0 7508.0 19.0 158117.0
40 41 42 0.0 10.0 52.0 1535.0 13772.0 61.0 134741.0
40 41 43 0.0 14.0 76.0 2966.0 27414.0 173.0 99451.0
40 41 44 0.0 20.0 133.0 5149.0 49641.0 531.0 43295.0
40 41 45 0.0 16.0 74.0 3048.0 28562.0 435.0 2437.0
40 41 46 0.0 0.0 2.0 93.0 928.0 24.0 1.0
40 42 34 0.0 0.0 0.0 68.0 479.0 14.0 0.0
40 42 35 0.0 4.0 24.0 1901.0 19669.0 334.0 945.0
40 42 36 0.0 33.0 79.0 4827.0 51745.0 565.0 29996.0
40 42 37 0.0 5.0 80.0 3180.0 34244.0 257.0 83849.0
40 42 38 0.0 7.0 50.0 1880.0 19677.0 126.0 120904.0
40 42 39 0.0 14.0 36.0 1445.0 14207.0 57.0 134086.0
40 42 40 0.0 7.0 53.0 1361.0 12568.0 68.0 138086.0
40 42 41 0.0 8.0 53.0 1352.0 14018.0 56.0 134850.0
40 42 42 0.0 17.0 66.0 1982.0 18919.0 115.0 122269.0
40 42 43 0.0 12.0 105.0 3361.0 33529.0 258.0 85145.0
40 42 44 0.0 25.0 139.0 5570.0 50998.0 562.0 31118.0
40 42 45 0.0 19.0 45.0 2131.0 20244.0 385.0 1042.0
40 42 46 0.0 0.0 0.0 42.0 429.0 7.0 0.0
40 43 34 0.0 0.0 0.0 14.0 124.0 2.0 0.0
40 43 35 0.0 7.0 10.0 778.0 9195.0 166.0 181.0
40 43 36 0.0 5.0 120.0 4220.0 46019.0 641.0 11754.0
40 43 37 0.0 22.0 93.0 4146.0 45388.0 397.0 54820.0
40 43 38 0.0 16.0 110.0 3344.0 34326.0 291.0 83075.0
40 43 39 0.0 19.0 80.0 2920.0 27632.0 184.0 98158.0
40 43 40 0.0 19.0 81.0 2724.0 26381.0 170.0 101851.0
40 43 41 0.0 19.0 88.0 2905.0 27661.0 182.0 98635.0
40 43 42 0.0 16.0 115.0 3393.0 33546.0 261.0 84664.0
40 43 43 0.0 14.0 180.0 4129.0 44483.0 441.0 56482.0
40 43 44 0.0 15.0 202.0 4487.0 46773.0 596.0 12665.0
40 43 45 0.0 0.0 23.0 915.0 9462.0 168.0 198.0
40 43 46 0.0 0.0 0.0 12.0 151.0 2.0 0.0
40 44 34 0.0 0.0 0.0 4.0 15.0 1.0 0.0
40 44 35 0.0 0.0 7.0 189.0 2020.0 32.0 4.0
40 44 36 0.0 11.0 30.0 1941.0 20745.0 356.0 1205.0
40 44 37 0.0 15.0 67.0 4149.0 45396.0 600.0 11558.0
40 44 38 0.0 22.0 87.0 5185.0 51521.0 552.0 29396.0
40 44 39 0.0 22.0 144.0 5261.0 49152.0 535.0 42552.0
40 44 40 0.0 23.0 131.0 4926.0 47844.0 475.0 47033.0
40 44 41 0.0 8.0 128.0 4931.0 49276.0 483.0 43921.0
40 44 42 0.0 8.0 96.0 5313.0 51149.0 549.0 31151.0
40 44 43 0.0 26.0 79.0 4619.0 46686.0 643.0 12859.0
40 44 44 0.0 2.0 61.0 2234.0 23114.0 373.0 1559.0
40 44 45 0.0 1.0 9.0 170.0 2313.0 40.0 10.0
40 44 46 0.0 0.0 0.0 1.0 32.0 2.0 0.0
40 45 35 0.0 0.0 0.0 10.0 168.0 3.0 0.0
40 45 36 0.0 1.0 6.0 192.0 2183.0 41.0 4.0
40 45 37 0.0 0.0 12.0 929.0 9159.0 139.0 166.0
40 45 38 0.0 20.0 36.0 2107.0 18375.0 301.0 822.0
40 45 39 0.0 11.0 43.0 2994.0 27929.0 464.0 2365.0
40 45 40 0.0 9.0 60.0 2912.0 31221.0 483.0 3033.0
40 45 41 0.0 7.0 61.0 2802.0 28516.0 449.0 2404.0
40 45 42 0.0 3.0 34.0 2013.0 20214.0 348.0 1009.0
40 45 43 0.0 3.0 7.0 907.0 9582.0 167.0 191.0
40 45 44 0.0 0.0 1.0 219.0 2396.0 45.0 8.0
40 45 45 0.0 0.0 7.0 20.0 178.0 7.0 0.0
40 45 46 0.0 0.0 0.0 0.0 1.0 0.0 0.0
40 46 35 0.0 0.0 0.0 0.0 1.0 0.0 0.0
40 46 36 0.0 0.0 0.0 1.0 21.0 0.0 0.0
40 46 37 0.0 0.0 0.0 17.0 110.0 2.0 0.0
40 46 38 0.0 0.0 0.0 55.0 393.0 13.0 2.0
40 46 39 0.0 0.0 0.0 72.0 777.0 14.0 0.0
40 46 40 0.0 0.0 0.0 138.0 1094.0 32.0 1.0
40 46 41 0.0 0.0 1.0 71.0 867.0 21.0 0.0
40 46 42 0.0 0.0 0.0 51.0 435.0 6.0 0.0
40 46 43 0.0 0.0 0.0 17.0 123.0 2.0 0.0
40 46 44 0.0 0.0 0.0 1.0 28.0 0.0 0.0
40 47 39 0.0 0.0 0.0 0.0 1.0 0.0 0.0
40 47 40 0.0 0.0 0.0 0.0 1.0 0.0 0.0
40 47 42 0.0 0.0 0.0 0.0 1.0 0.0 0.0
41 34 36 0.0 0.0 0.0 3.0 23.0 0.0 0.0
41 34 37 0.0 0.0 0.0 19.0 120.0 2.0 0.0
41 34 38 0.0 0.0 0.0 51.0 415.0 10.0 0.0
41 34 39 0.0 0.0 0.0 119.0 746.0 14.0 3.0
41 34 40 0.0 0.0 0.0 141.0 891.0 14.0 2.0
41 34 41 0.0 0.0 1.0 105.0 640.0 10.0 1.0
41 34 42 0.0 0.0 0.0 48.0 399.0 9.0 0.0
41 34 43 0.0 0.0 1.0 22.0 118.0 3.0 1.0
41 34 44 0.0 0.0 0.0 2.0 12.0 0.0 0.0
41 35 35 0.0 0.0 1.0 21.0 154.0 3.0 0.0
41 35 36 0.0 1.0 5.0 190.0 2058.0 46.0 9.0
41 35 37 0.0 1.0 24.0 1056.0 7931.0 144.0 132.0
41 35 38 0.0 14.0 27.0 2438.0 18221.0 333.0 856.0
41 35 39 0.0 13.0 64.0 3601.0 25164.0 410.0 1885.0
41 35 40 0.0 31.0 36.0 4447.0 27854.0 473.0 2605.0
41 35 41 0.0 19.0 54.0 4215.0 24583.0 416.0 2045.0
41 35 42 0.0 12.0 38.0 2527.0 16815.0 291.0 751.0
41 35 43 0.0 4.0 15.0 1136.0 7809.0 163.0 147.0
41 35 44 0.0 4.0 3.0 259.0 1801.0 39.0 6.0
41 35 45 0.0 0.0 0.0 11.0 157.0 1.0 0.0
41 35 46 0.0 0.0 0.0 1.0 0.0 0.0 0.0
41 36 34 0.0 0.0 0.0 1.0 20.0 0.0 0.0
41 36 35 0.0 0.0 1.0 212.0 1944.0 33.0 6.0
41 36 36 0.0 12.0 55.0 2527.0 20232.0 348.0 1237.0
41 36 37 0.0 15.0 116.0 5155.0 44153.0 568.0 10892.0
41 36 38 0.0 20.0 61.0 7000.0 49840.0 549.0 28371.0
41 36 39 0.0 48.0 89.0 7633.0 47422.0 493.0 40818.0
41 36 40 0.0 35.0 81.0 7021.0 47195.0 521.0 44246.0
41 36 41 0.0 20.0 89.0 7722.0 47414.0 511.0 39918.0
41 36 42 0.0 39.0 154.0 7144.0 49366.0 615.0 27700.0
41 36 43 0.0 9.0 47.0 5771.0 42699.0 582.0 10275.0
41 36 44 0.0 16.0 31.0 1922.0 19526.0 339.0 1092.0
41 36 45 0.0 4.0 2.0 143.0 1949.0 28.0 12.0
41 36 46 0.0 0.0 0.0 0.0 21.0 0.0 0.0
41 37 34 0.0 0.0 0.0 14.0 122.0 3.0 0.0
41 37 35 0.0 4.0 12.0 709.0 8231.0 137.0 114.0
41 37 36 0.0 7.0 72.0 4336.0 44856.0 576.0 11147.0
41 37 37 0.0 39.0 92.0 5246.0 45113.0 423.0 51974.0
41 37 38 0.0 25.0 92.0 4152.0 34442.0 270.0 81287.0
41 37 39 0.0 16.0 65.0 3843.0 28019.0 214.0 95190.0
41 37 40 0.0 27.0 61.0 4169.0 26050.0 197.0 99458.0
41 37 41 0.0 32.0 64.0 4256.0 28013.0 215.0 94635.0
41 37 42 0.0 31.0 89.0 5001.0 34390.0 273.0 79707.0
41 37 43 0.0 24.0 120.0 4991.0 46176.0 433.0 50285.0
41 37 44 0.0 10.0 99.0 4379.0 43668.0 562.0 9877.0
41 37 45 0.0 0.0 8.0 807.0 8222.0 155.0 123.0
41 37 46 0.0 0.0 0.0 13.0 117.0 2.0 0.0
41 38 34 0.0 0.0 0.0 31.0 344.0 4.0 0.0
41 38 35 0.0 5.0 30.0 1662.0 17671.0 299.0 740.0
41 38 36 0.0 33.0 58.0 4680.0 52271.0 545.0 27440.0
41 38 37 0.0 20.0 94.0 3581.0 35744.0 283.0 80158.0
41 38 38 0.0 19.0 55.0 2208.0 20863.0 137.0 117760.0
41 38 39 0.0 14.0 30.0 1951.0 14875.0 55.0 131445.0
41 38 40 0.0 17.0 33.0 1808.0 13374.0 66.0 134946.0
41 38 41 0.0 11.0 42.0 1962.0 14887.0 74.0 131550.0
41 38 42 0.0 11.0 38.0 2520.0 20469.0 120.0 118002.0
41 38 43 0.0 22.0 82.0 3778.0 35378.0 272.0 79697.0
41 38 44 0.0 39.0 99.0 5856.0 50786.0 535.0 27193.0
41 38 45 0.0 5.0 25.0 1814.0 17319.0 298.0 756.0
41 38 46 0.0 0.0 1.0 34.0 309.0 6.0 0.0
41 39 34 0.0 0.0 2.0 66.0 671.0 14.0 1.0
41 39 35 0.0 13.0 51.0 2204.0 26059.0 443.0 1863.0
41 39 36 0.0 10.0 115.0 4284.0 51232.0 485.0 39369.0
41 39 37 0.0 16.0 62.0 2640.0 29481.0 196.0 95469.0
41 39 38 0.0 3.0 43.0 1514.0 15265.0 79.0 130980.0
41 39 39 0.0 12.0 23.0 989.0 8675.0 34.0 154295.0
41 39 40 0.0 3.0 25.0 946.0 7721.0 28.0 155422.0
41 39 41 0.0 9.0 32.0 1041.0 8590.0 34.0 154709.0
41 39 42 0.0 14.0 54.0 1801.0 15459.0 74.0 131568.0
41 39 43 0.0 8.0 72.0 3037.0 29387.0 218.0 94289.0
41 39 44 0.0 30.0 108.0 5154.0 50085.0 509.0 39712.0
41 39 45 0.0 9.0 73.0 2880.0 25663.0 419.0 1893.0
41 39 46 0.0 0.0 2.0 68.0 716.0 19.0 0.0
41 40 34 0.0 0.0 1.0 67.0 950.0 23.0 1.0
41 40 35 0.0 2.0 33.0 2311.0 29522.0 482.0 2553.0
41 40 36 0.0 22.0 75.0 4706.0 48902.0 466.0 44315.0
41 40 37 0.0 22.0 72.0 2502.0 28035.0 199.0 98513.0
41 40 38 0.0 2.0 27.0 1325.0 14013.0 57.0 135069.0
41 40 39 0.0 4.0 20.0 715.0 7654.0 32.0 158344.0
41 40 40 0.0 1.0 18.0 661.0 6490.0 24.0 159706.0
41 40 41 0.0 7.0 23.0 780.0 7738.0 26.0 157167.0
41 40 42 0.0 9.0 65.0 1447.0 14015.0 57.0 134469.0
41 40 43 0.0 17.0 75.0 2858.0 27634.0 188.0 98492.0
41 40 44 0.0 32.0 117.0 5245.0 48714.0 478.0 44180.0
41 40 45 0.0 10.0 55.0 3099.0 28575.0 476.0 2567.0
41 40 46 0.0 0.0 4.0 87.0 920.0 21.0 0.0
41 40 47 0.0 0.0 0.0 0.0 1.0 0.0 0.0
41 41 34 0.0 1.0 0.0 68.0 743.0 10.0 0.0
41 41 35 0.0 9.0 28.0 2471.0 25383.0 420.0 1855.0
41 41 36 0.0 9.0 109.0 4579.0 51114.0 495.0 38610.0
41 41 37 0.0 18.0 63.0 2678.0 29712.0 216.0 94861.0
41 41 38 0.0 9.0 45.0 1533.0 15737.0 71.0 130183.0
41 41 39 0.0 2.0 40.0 898.0 9012.0 41.0 154086.0
41 41 40 0.0 8.0 29.0 819.0 7801.0 31.0 156436.0
41 41 41 0.0 4.0 29.0 896.0 8585.0 28.0 155972.0
41 41 42 0.0 7.0 56.0 1594.0 15446.0 65.0 131273.0
41 41 43 0.0 18.0 94.0 3160.0 29412.0 181.0 94570.0
41 41 44 0.0 23.0 127.0 5081.0 49810.0 524.0 39614.0
41 41 45 0.0 2.0 62.0 2636.0 25426.0 418.0 1911.0
41 41 46 0.0 2.0 5.0 49.0 700.0 12.0 0.0
41 42 34 0.0 0.0 0.0 32.0 313.0 7.0 0.0
41 42 35 0.0 3.0 16.0 1382.0 17750.0 260.0 651.0
41 42 36 0.0 18.0 104.0 4223.0 52683.0 561.0 26799.0
41 42 37 0.0 20.0 111.0 3143.0 35572.0 277.0 80056.0
41 42 38 0.0 19.0 57.0 2047.0 21071.0 137.0 117772.0
41 42 39 0.0 9.0 46.0 1386.0 15918.0 95.0 130870.0
41 42 40 0.0 9.0 42.0 1325.0 13918.0 74.0 135122.0
41 42 41 0.0 10.0 54.0 1513.0 15615.0 82.0 131194.0
41 42 42 0.0 7.0 74.0 2077.0 20589.0 125.0 118358.0
41 42 43 0.0 23.0 85.0 3460.0 35352.0 271.0 80883.0
41 42 44 0.0 14.0 98.0 5023.0 51520.0 533.0 27176.0
41 42 45 0.0 2.0 37.0 1668.0 17538.0 314.0 744.0
41 42 46 0.0 0.0 1.0 43.0 398.0 8.0 1.0
41 43 34 0.0 0.0 0.0 11.0 107.0 3.0 0.0
41 43 35 0.0 0.0 11.0 574.0 7780.0 142.0 118.0
41 43 36 0.0 13.0 82.0 3839.0 44247.0 586.0 9789.0
41 43 37 0.0 21.0 79.0 4316.0 46691.0 417.0 50368.0
41 43 38 0.0 20.0 98.0 3437.0 35811.0 277.0 79549.0
41 43 39 0.0 17.0 72.0 2910.0 29634.0 213.0 94659.0
41 43 40 0.0 12.0 113.0 2750.0 27946.0 171.0 98132.0
41 43 41 0.0 16.0 96.0 2678.0 29874.0 204.0 94532.0
41 43 42 0.0 6.0 108.0 3329.0 36233.0 292.0 79758.0
41 43 43 0.0 11.0 114.0 4175.0 46453.0 422.0 51332.0
41 43 44 0.0 35.0 169.0 4517.0 44528.0 661.0 10528.0
41 43 45 0.0 6.0 10.0 791.0 7919.0 148.0 121.0
41 43 46 0.0 0.0 1.0 17.0 118.0 3.0 0.0
41 44 34 0.0 0.0 0.0 1.0 11.0 0.0 0.0
41 44 35 0.0 0.0 3.0 144.0 1671.0 24.0 1.0
41 44 36 0.0 5.0 18.0 1837.0 19065.0 307.0 1023.0
41 44 37 0.0 13.0 73.0 3806.0 43937.0 583.0 9837.0
41 44 38 0.0 17.0 85.0 5007.0 51715.0 584.0 26041.0
41 44 39 0.0 22.0 97.0 4828.0 51125.0 538.0 37723.0
41 44 40 0.0 15.0 139.0 4754.0 49371.0 509.0 43230.0
41 44 41 0.0 11.0 162.0 4899.0 50355.0 485.0 39909.0
41 44 42 0.0 8.0 130.0 5463.0 51421.0 543.0 27772.0
41 44 43 0.0 11.0 105.0 3952.0 45229.0 622.0 11045.0
41 44 44 0.0 6.0 40.0 1664.0 20058.0 304.0 1085.0
41 44 45 0.0 0.0 7.0 177.0 1779.0 48.0 7.0
41 44 46 0.0 0.0 0.0 1.0 21.0 1.0 0.0
41 45 34 0.0 0.0 0.0 0.0 1.0 0.0 0.0
41 45 35 0.0 0.0 0.0 7.0 125.0 4.0 0.0
41 45 36 0.0 0.0 0.0 228.0 1689.0 37.0 1.0
41 45 37 0.0 1.0 13.0 873.0 7225.0 133.0 106.0
41 45 38 0.0 1.0 29.0 1543.0 17222.0 297.0 683.0
41 45 39 0.0 12.0 34.0 2293.0 25101.0 393.0 1726.0
41 45 40 0.0 6.0 66.0 2849.0 27594.0 461.0 2224.0
41 45 41 0.0 7.0 53.0 2302.0 25703.0 428.0 1728.0
41 45 42 0.0 5.0 62.0 1646.0 17723.0 302.0 752.0
41 45 43 0.0 1.0 14.0 800.0 7895.0 136.0 118.0
41 45 44 0.0 0.0 2.0 169.0 2025.0 38.0 4.0
41 45 45 0.0 0.0 0.0 9.0 128.0 1.0 0.0
41 45 46 0.0 0.0 0.0 0.0 1.0 0.0 0.0
41 46 36 0.0 0.0 1.0 0.0 9.0 0.0 0.0
41 46 37 0.0 0.0 1.0 6.0 90.0 4.0 0.0
41 46 38 0.0 0.0 0.0 42.0 326.0 8.0 0.0
41 46 39 0.0 0.0 1.0 56.0 686.0 19.0 1.0
41 46 40 0.0 1.0 0.0 96.0 809.0 12.0 0.0
41 46 41 0.0 0.0 4.0 67.0 727.0 11.0 2.0
41 46 42 0.0 0.0 1.0 31.0 350.0 3.0 0.0
41 46 43 0.0 0.0 0.0 6.0 107.0 2.0 0.0
41 46 44 0.0 0.0 0.0 0.0 8.0 0.0 0.0
41 46 45 0.0 0.0 0.0 0.0 3.0 0.0 0.0
41 47 40 0.0 0.0 0.0 0.0 1.0 0.0 0.0
42 33 41 0.0 0.0 0.0 0.0 2.0 0.0 0.0
42 34 35 0.0 0.0 0.0 0.0 1.0 0.0 0.0
42 34 36 0.0 0.0 0.0 1.0 10.0 0.0 0.0
42 34 37 0.0 0.0 0.0 14.0 76.0 2.0 0.0
42 34 38 0.0 0.0 0.0 34.0 163.0 1.0 0.0
42 34 39 0.0 0.0 0.0 55.0 355.0 5.0 0.0
42 34 40 0.0 0.0 0.0 53.0 398.0 4.0 0.0
42 34 41 0.0 0.0 0.0 56.0 359.0 4.0 2.0
42 34 42 0.0 0.0 0.0 31.0 190.0 5.0 0.0
42 34 43 0.0 0.0 0.0 6.0 35.0 1.0 0.0
42 34 44 0.0 0.0 0.0 0.0 9.0 0.0 0.0
42 35 35 0.0 0.0 0.0 12.0 88.0 1.0 0.0
42 35 36 0.0 0.0 0.0 161.0 1094.0 20.0 1.0
42 35 37 0.0 2.0 10.0 616.0 4682.0 78.0 37.0
42 35 38 0.0 6.0 12.0 1590.0 11598.0 189.0 306.0
42 35 39 0.0 7.0 18.0 2421.0 17635.0 332.0 813.0
42 35 40 0.0 24.0 24.0 3244.0 19036.0 333.0 1044.0
42 35 41 0.0 7.0 30.0 2477.0 17056.0 286.0 740.0
42 35 42 0.0 2.0 20.0 1629.0 10853.0 189.0 270.0
42 35 43 0.0 2.0 12.0 662.0 4524.0 89.0 40.0
42 35 44 0.0 0.0 0.0 186.0 995.0 28.0 1.0
42 35 45 0.0 0.0 0.0 18.0 72.0 1.0 0.0
42 36 34 0.0 0.0 0.0 0.0 12.0 1.0 0.0
42 36 35 0.0 0.0 14.0 116.0 1066.0 19.0 1.0
42 36 36 0.0 0.0 10.0 1505.0 13152.0 238.0 468.0
42 36 37 0.0 27.0 57.0 4075.0 36021.0 517.0 5319.0
42 36 38 0.0 36.0 64.0 6353.0 47842.0 607.0 16889.0
42 36 39 0.0 37.0 90.0 7154.0 49623.0 556.0 27508.0
42 36 40 0.0 41.0 100.0 7271.0 49613.0 529.0 31069.0
42 36 41 0.0 35.0 87.0 7934.0 48671.0 529.0 26460.0
42 36 42 0.0 12.0 103.0 7352.0 46715.0 606.0 16886.0
42 36 43 0.0 25.0 71.0 4705.0 34124.0 502.0 5026.0
42 36 44 0.0 22.0 24.0 1416.0 13118.0 266.0 416.0
42 36 45 0.0 1.0 2.0 74.0 1084.0 23.0 1.0
42 36 46 0.0 0.0 0.0 1.0 3.0 0.0 0.0
42 37 34 0.0 0.0 0.0 3.0 46.0 0.0 0.0
42 37 35 0.0 0.0 6.0 446.0 5012.0 84.0 42.0
42 37 36 0.0 18.0 39.0 3652.0 35718.0 507.0 5138.0
42 37 37 0.0 40.0 67.0 5175.0 49586.0 557.0 36751.0
42 37 38 0.0 35.0 73.0 5089.0 41087.0 372.0 63934.0
42 37 39 0.0 57.0 84.0 4790.0 34708.0 288.0 79234.0
42 37 40 0.0 32.0 74.0 4856.0 32562.0 285.0 84190.0
42 37 41 0.0 47.0 79.0 5222.0 33947.0 268.0 80456.0
42 37 42 0.0 18.0 112.0 5394.0 40516.0 332.0 64640.0
42 37 43 0.0 20.0 128.0 5583.0 48892.0 516.0 36842.0
42 37 44 0.0 7.0 57.0 3786.0 35489.0 523.0 5157.0
42 37 45 0.0 5.0 6.0 570.0 4629.0 96.0 43.0
42 37 46 0.0 0.0 1.0 6.0 53.0 1.0 0.0
42 38 34 0.0 0.0 0.0 21.0 223.0 3.0 0.0
42 38 35 0.0 8.0 13.0 885.0 11257.0 169.0 265.0
42 38 36 0.0 12.0 72.0 4449.0 49634.0 636.0 16619.0
42 38 37 0.0 26.0 66.0 4007.0 41540.0 350.0 65851.0
42 38 38 0.0 11.0 54.0 2887.0 26097.0 145.0 103483.0
42 38 39 0.0 24.0 57.0 2529.0 20915.0 105.0 116064.0
42 38 40 0.0 14.0 62.0 2445.0 19433.0 112.0 120158.0
42 38 41 0.0 10.0 62.0 2589.0 20368.0 122.0 116937.0
42 38 42 0.0 15.0 80.0 3032.0 26429.0 173.0 103097.0
42 38 43 0.0 20.0 78.0 4505.0 41458.0 381.0 64596.0
42 38 44 0.0 16.0 107.0 4923.0 48873.0 647.0 16149.0
42 38 45 0.0 1.0 22.0 1151.0 10843.0 190.0 250.0
42 38 46 0.0 0.0 0.0 18.0 199.0 2.0 0.0
42 39 34 0.0 0.0 0.0 28.0 315.0 5.0 0.0
42 39 35 0.0 3.0 26.0 1580.0 17854.0 333.0 729.0
42 39 36 0.0 32.0 124.0 4282.0 52722.0 544.0 26898.0
42 39 37 0.0 15.0 102.0 3221.0 36102.0 237.0 80157.0
42 39 38 0.0 8.0 69.0 2101.0 20759.0 113.0 118255.0
42 39 39 0.0 15.0 53.0 1623.0 15511.0 61.0 130795.0
42 39 40 0.0 7.0 49.0 1514.0 13878.0 69.0 134827.0
42 39 41 0.0 8.0 47.0 1712.0 15321.0 63.0 130493.0
42 39 42 0.0 11.0 57.0 2218.0 20754.0 129.0 117571.0
42 39 43 0.0 13.0 83.0 3724.0 35851.0 265.0 80037.0
42 39 44 0.0 20.0 84.0 4830.0 52224.0 567.0 26256.0
42 39 45 0.0 3.0 38.0 1700.0 17356.0 295.0 753.0
42 39 46 0.0 0.0 0.0 36.0 311.0 5.0 0.0
42 40 34 0.0 0.0 0.0 47.0 452.0 5.0 0.0
42 40 35 0.0 5.0 30.0 1680.0 19996.0 316.0 974.0
42 40 36 0.0 15.0 175.0 4162.0 52207.0 540.0 30921.0
42 40 37 0.0 13.0 92.0 2918.0 34129.0 252.0 84519.0
42 40 38 0.0 3.0 51.0 1756.0 19333.0 100.0 122191.0
42 40 39 0.0 14.0 57.0 1337.0 14254.0 64.0 134345.0
42 40 40 0.0 1.0 49.0 1286.0 12461.0 56.0 138258.0
42 40 41 0.0 4.0 45.0 1396.0 14079.0 59.0 134793.0
42 40 42 0.0 12.0 55.0 1835.0 19084.0 78.0 122158.0
42 40 43 0.0 5.0 87.0 3412.0 33797.0 247.0 83901.0
42 40 44 0.0 10.0 121.0 5297.0 52261.0 541.0 30792.0
42 40 45 0.0 0.0 26.0 1772.0 19856.0 332.0 1001.0
42 40 46 0.0 0.0 0.0 38.0 479.0 7.0 1.0
42 41 34 0.0 0.0 3.0 41.0 324.0 5.0 0.0
42 41 35 0.0 2.0 62.0 1585.0 17200.0 315.0 737.0
42 41 36 0.0 21.0 151.0 4468.0 52236.0 552.0 26570.0
42 41 37 0.0 8.0 78.0 3061.0 36365.0 291.0 79665.0
42 41 38 0.0 8.0 69.0 1759.0 21221.0 111.0 117993.0
42 41 39 0.0 7.0 60.0 1260.0 15540.0 84.0 131594.0
42 41 40 0.0 8.0 54.0 1311.0 13872.0 69.0 134667.0
42 41 41 0.0 5.0 49.0 1535.0 15202.0 72.0 132300.0
42 41 42 0.0 15.0 86.0 2000.0 21081.0 118.0 117508.0
42 41 43 0.0 14.0 101.0 3390.0 35909.0 303.0 79953.0
42 41 44 0.0 15.0 135.0 5225.0 51992.0 559.0 26994.0
42 41 45 0.0 12.0 25.0 1784.0 17594.0 291.0 739.0
42 41 46 0.0 0.0 0.0 40.0 331.0 5.0 0.0
42 42 34 0.0 0.0 0.0 12.0 215.0 1.0 0.0
42 42 35 0.0 6.0 15.0 961.0 11041.0 170.0 254.0
42 42 36 0.0 10.0 94.0 4126.0 50196.0 619.0 16435.0
42 42 37 0.0 20.0 97.0 3898.0 42252.0 320.0 63904.0
42 42 38 0.0 14.0 65.0 2408.0 27235.0 188.0 102285.0
42 42 39 0.0 9.0 68.0 2016.0 21584.0 133.0 116132.0
42 42 40 0.0 9.0 76.0 1781.0 19158.0 112.0 122760.0
42 42 41 0.0 9.0 77.0 1917.0 21133.0 140.0 117997.0
42 42 42 0.0 13.0 82.0 2301.0 26460.0 183.0 104599.0
42 42 43 0.0 16.0 98.0 3688.0 41372.0 316.0 65531.0
42 42 44 0.0 33.0 126.0 4374.0 49883.0 638.0 16981.0
42 42 45 0.0 10.0 27.0 1154.0 11443.0 196.0 268.0
42 42 46 0.0 0.0 0.0 32.0 232.0 6.0 0.0
42 43 34 0.0 0.0 0.0 2.0 47.0 1.0 0.0
42 43 35 0.0 1.0 8.0 345.0 4579.0 89.0 40.0
42 43 36 0.0 12.0 54.0 3057.0 35893.0 548.0 4826.0
42 43 37 0.0 18.0 98.0 4881.0 50112.0 521.0 35409.0
42 43 38 0.0 12.0 92.0 3744.0 43152.0 335.0 63023.0
42 43 39 0.0 12.0 85.0 3224.0 36007.0 276.0 79105.0
42 43 40 0.0 16.0 111.0 3045.0 34168.0 265.0 84153.0
42 43 41 0.0 27.0 109.0 3315.0 35475.0 281.0 81000.0
42 43 42 0.0 10.0 78.0 3771.0 42184.0 335.0 65178.0
42 43 43 0.0 8.0 102.0 4519.0 50119.0 501.0 37200.0
42 43 44 0.0 11.0 128.0 3504.0 37091.0 551.0 5584.0
42 43 45 0.0 0.0 15.0 421.0 4830.0 101.0 43.0
42 43 46 0.0 0.0 0.0 8.0 60.0 3.0 0.0
42 44 34 0.0 0.0 0.0 0.0 2.0 0.0 0.0
42 44 35 0.0 0.0 2.0 111.0 940.0 22.0 2.0
42 44 36 0.0 3.0 28.0 1145.0 12241.0 222.0 348.0
42 44 37 0.0 15.0 55.0 3158.0 34925.0 503.0 4557.0
42 44 38 0.0 8.0 86.0 4462.0 49308.0 572.0 15769.0
42 44 39 0.0 28.0 94.0 4626.0 52129.0 597.0 26328.0
42 44 40 0.0 12.0 95.0 4561.0 52455.0 571.0 30293.0
42 44 41 0.0 10.0 108.0 4789.0 52212.0 600.0 26764.0
42 44 42 0.0 11.0 115.0 4333.0 50000.0 614.0 17099.0
42 44 43 0.0 10.0 130.0 3070.0 35781.0 528.0 4952.0
42 44 44 0.0 6.0 12.0 1105.0 12773.0 208.0 385.0
42 44 45 0.0 0.0 3.0 95.0 1210.0 18.0 1.0
42 44 46 0.0 0.0 0.0 0.0 16.0 0.0 0.0
42 45 35 0.0 0.0 0.0 17.0 36.0 1.0 0.0
42 45 36 0.0 0.0 5.0 69.0 981.0 16.0 2.0
42 45 37 0.0 0.0 6.0 427.0 4209.0 90.0 27.0
42 45 38 0.0 1.0 17.0 1051.0 10897.0 205.0 224.0
42 45 39 0.0 4.0 40.0 1934.0 17262.0 276.0 735.0
42 45 40 0.0 5.0 34.0 1841.0 19661.0 315.0 969.0
42 45 41 0.0 0.0 69.0 1639.0 17180.0 283.0 717.0
42 45 42 0.0 1.0 19.0 971.0 11817.0 205.0 269.0
42 45 43 0.0 0.0 12.0 388.0 4449.0 81.0 33.0
42 45 44 0.0 1.0 1.0 87.0 1160.0 21.0 2.0
42 45 45 0.0 0.0 0.0 8.0 64.0 1.0 0.0
42 45 46 0.0 0.0 0.0 1.0 0.0 0.0 0.0
42 46 35 0.0 0.0 0.0 0.0 7.0 0.0 0.0
42 46 36 0.0 0.0 0.0 0.0 3.0 0.0 0.0
42 46 37 0.0 0.0 0.0 10.0 55.0 0.0 0.0
42 46 38 0.0 0.0 0.0 11.0 148.0 3.0 0.0
42 46 39 0.0 0.0 1.0 46.0 327.0 5.0 0.0
42 46 40 0.0 0.0 1.0 34.0 446.0 3.0 0.0
42 46 41 0.0 0.0 1.0 25.0 361.0 11.0 0.0
42 46 42 0.0 0.0 0.0 27.0 164.0 5.0 0.0
42 46 43 0.0 0.0 0.0 4.0 71.0 0.0 0.0
42 46 44 0.0 0.0 0.0 0.0 10.0 0.0 0.0
42 46 45 0.0 0.0 0.0 0.0 2.0 0.0 0.0
43 34 36 0.0 0.0 0.0 0.0 4.0 0.0 0.0
43 34 37 0.0 0.0 0.0 4.0 14.0 0.0 0.0
43 34 38 0.0 0.0 1.0 14.0 83.0 1.0 0.0
43 34 39 0.0 0.0 0.0 9.0 94.0 2.0 0.0
43 34 40 0.0 0.0 0.0 29.0 125.0 1.0 0.0
43 34 41 0.0 0.0 0.0 20.0 122.0 3.0 0.0
43 34 42 0.0 0.0 0.0 0.0 55.0 0.0 0.0
43 34 43 0.0 0.0 0.0 1.0 19.0 0.0 0.0
43 34 44 0.0 0.0 0.0 0.0 4.0 0.0 0.0
43 35 35 0.0 0.0 0.0 14.0 33.0 0.0 0.0
43 35 36 0.0 0.0 0.0 68.0 315.0 6.0 0.0
43 35 37 0.0 3.0 2.0 248.0 1742.0 34.0 6.0
43 35 38 0.0 3.0 8.0 473.0 4650.0 82.0 47.0
43 35 39 0.0 3.0 14.0 1048.0 7783.0 150.0 112.0
43 35 40 0.0 2.0 7.0 1315.0 8582.0 146.0 143.0
43 35 41 0.0 12.0 3.0 1226.0 7276.0 125.0 125.0
43 35 42 0.0 8.0 7.0 744.0 4530.0 92.0 49.0
43 35 43 0.0 1.0 4.0 232.0 1857.0 45.0 5.0
43 35 44 0.0 0.0 0.0 50.0 374.0 9.0 0.0
43 35 45 0.0 0.0 0.0 3.0 13.0 2.0 0.0
43 36 34 0.0 0.0 0.0 0.0 4.0 0.0 0.0
43 36 35 0.0 0.0 1.0 55.0 373.0 12.0 0.0
43 36 36 0.0 1.0 9.0 505.0 5627.0 86.0 66.0
43 36 37 0.0 8.0 24.0 2418.0 19062.0 314.0 1110.0
43 36 38 0.0 31.0 97.0 4615.0 33664.0 528.0 4843.0
43 36 39 0.0 32.0 62.0 5636.0 42544.0 593.0 10021.0
43 36 40 0.0 39.0 63.0 6259.0 44287.0 580.0 12370.0
43 36 41 0.0 26.0 104.0 5606.0 42438.0 578.0 9794.0
43 36 42 0.0 34.0 57.0 5176.0 34064.0 565.0 5052.0
43 36 43 0.0 23.0 31.0 2546.0 19232.0 334.0 1104.0
43 36 44 0.0 2.0 12.0 646.0 5273.0 106.0 44.0
43 36 45 0.0 0.0 1.0 26.0 310.0 2.0 0.0
43 36 46 0.0 0.0 0.0 0.0 2.0 0.0 0.0
43 37 34 0.0 0.0 0.0 4.0 17.0 2.0 0.0
43 37 35 0.0 0.0 2.0 151.0 1744.0 22.0 4.0
43 37 36 0.0 45.0 21.0 1852.0 20623.0 379.0 1193.0
43 37 37 0.0 14.0 20.0 4855.0 46842.0 628.0 14373.0
43 37 38 0.0 42.0 85.0 5640.0 49565.0 509.0 34627.0
43 37 39 0.0 20.0 71.0 5378.0 45798.0 447.0 49181.0
43 37 40 0.0 35.0 104.0 5194.0 44496.0 439.0 53994.0
43 37 41 0.0 12.0 79.0 5423.0 45498.0 459.0 50019.0
43 37 42 0.0 31.0 85.0 5263.0 49415.0 508.0 35959.0
43 37 43 0.0 17.0 99.0 4625.0 46599.0 626.0 14390.0
43 37 44 0.0 26.0 31.0 2054.0 19163.0 313.0 1087.0
43 37 45 0.0 0.0 4.0 232.0 1770.0 34.0 3.0
43 37 46 0.0 0.0 0.0 4.0 12.0 0.0 0.0
43 38 34 0.0 0.0 0.0 9.0 58.0 0.0 0.0
43 38 35 0.0 3.0 7.0 471.0 4694.0 77.0 42.0
43 38 36 0.0 10.0 56.0 2972.0 36778.0 524.0 5124.0
43 38 37 0.0 53.0 72.0 4556.0 49300.0 546.0 38095.0
43 38 38 0.0 29.0 89.0 4034.0 41640.0 331.0 64371.0
43 38 39 0.0 23.0 70.0 3850.0 35790.0 292.0 78316.0
43 38 40 0.0 23.0 79.0 3876.0 33931.0 260.0 83354.0
43 38 41 0.0 18.0 76.0 4078.0 35576.0 276.0 78393.0
43 38 42 0.0 33.0 89.0 4629.0 41501.0 347.0 64185.0
43 38 43 0.0 24.0 104.0 5547.0 49723.0 563.0 35031.0
43 38 44 0.0 14.0 71.0 3627.0 35381.0 560.0 4939.0
43 38 45 0.0 1.0 7.0 519.0 4543.0 69.0 45.0
43 38 46 0.0 0.0 0.0 4.0 45.0 1.0 0.0
43 39 34 0.0 0.0 0.0 9.0 115.0 2.0 0.0
43 39 35 0.0 6.0 12.0 608.0 7627.0 119.0 94.0
43 39 36 0.0 8.0 109.0 3826.0 44410.0 604.0 10233.0
43 39 37 0.0 5.0 78.0 3892.0 46451.0 445.0 51802.0
43 39 38 0.0 14.0 86.0 3420.0 35985.0 277.0 80057.0
43 39 39 0.0 14.0 77.0 3033.0 29707.0 191.0 94354.0
43 39 40 0.0 15.0 83.0 2745.0 27905.0 172.0 98371.0
43 39 41 0.0 21.0 95.0 3014.0 29486.0 211.0 94437.0
43 39 42 0.0 15.0 99.0 3634.0 36078.0 295.0 79493.0
43 39 43 0.0 17.0 86.0 4468.0 45645.0 451.0 51860.0
43 39 44 0.0 18.0 49.0 4708.0 44282.0 585.0 10546.0
43 39 45 0.0 1.0 15.0 741.0 7983.0 147.0 133.0
43 39 46 0.0 0.0 0.0 10.0 117.0 3.0 0.0
43 40 34 0.0 0.0 0.0 8.0 123.0 1.0 0.0
43 40 35 0.0 2.0 9.0 811.0 9215.0 154.0 200.0
43 40 36 0.0 4.0 115.0 3588.0 47911.0 604.0 12959.0
43 40 37 0.0 8.0 179.0 3370.0 45622.0 389.0 56059.0
43 40 38 0.0 8.0 80.0 2882.0 34240.0 274.0 84760.0
43 40 39 0.0 14.0 72.0 2472.0 28023.0 185.0 98660.0
43 40 40 0.0 8.0 73.0 2471.0 26284.0 163.0 102149.0
43 40 41 0.0 15.0 89.0 2601.0 28167.0 178.0 98830.0
43 40 42 0.0 11.0 78.0 3268.0 33805.0 242.0 84697.0
43 40 43 0.0 16.0 87.0 4104.0 44615.0 382.0 56231.0
43 40 44 0.0 15.0 76.0 4341.0 47366.0 644.0 12892.0
43 40 45 0.0 1.0 26.0 889.0 9236.0 170.0 150.0
43 40 46 0.0 0.0 0.0 9.0 148.0 9.0 0.0
43 41 34 0.0 0.0 0.0 12.0 110.0 1.0 0.0
43 41 35 0.0 0.0 10.0 601.0 8141.0 125.0 146.0
43 41 36 0.0 3.0 70.0 3416.0 44706.0 612.0 9895.0
43 41 37 0.0 13.0 149.0 3449.0 47527.0 447.0 51007.0
43 41 38 0.0 5.0 115.0 2852.0 36731.0 300.0 79769.0
43 41 39 0.0 9.0 80.0 2549.0 29570.0 215.0 94968.0
43 41 40 0.0 9.0 96.0 2498.0 28084.0 204.0 98738.0
43 41 41 0.0 18.0 87.0 2678.0 29817.0 203.0 94249.0
43 41 42 0.0 13.0 97.0 3089.0 36185.0 281.0 80371.0
43 41 43 0.0 12.0 122.0 4038.0 46604.0 415.0 52591.0
43 41 44 0.0 6.0 69.0 4153.0 44822.0 594.0 10760.0
43 41 45 0.0 3.0 17.0 864.0 8282.0 138.0 145.0
43 41 46 0.0 0.0 0.0 16.0 98.0 3.0 0.0
43 42 34 0.0 0.0 0.0 4.0 38.0 0.0 0.0
43 42 35 0.0 0.0 8.0 442.0 4489.0 74.0 33.0
43 42 36 0.0 6.0 69.0 3012.0 35311.0 507.0 4927.0
43 42 37 0.0 15.0 135.0 3877.0 50907.0 540.0 35500.0
43 42 38 0.0 5.0 120.0 3477.0 42647.0 335.0 63899.0
43 42 39 0.0 15.0 102.0 2983.0 36292.0 255.0 80114.0
43 42 40 0.0 15.0 92.0 2852.0 34000.0 252.0 85158.0
43 42 41 0.0 11.0 101.0 3062.0 35774.0 274.0 81095.0
43 42 42 0.0 13.0 101.0 3356.0 42588.0 324.0 65964.0
43 42 43 0.0 101.0 111.0 4886.0 49650.0 465.0 38134.0
43 42 44 0.0 61.0 54.0 3718.0 36394.0 568.0 5301.0
43 42 45 0.0 3.0 9.0 636.0 4657.0 99.0 58.0
43 42 46 0.0 0.0 0.0 7.0 40.0 0.0 0.0
43 43 34 0.0 0.0 0.0 0.0 14.0 0.0 0.0
43 43 35 0.0 1.0 2.0 154.0 1563.0 24.0 3.0
43 43 36 0.0 7.0 37.0 1458.0 19844.0 301.0 1140.0
43 43 37 0.0 11.0 91.0 3971.0 46863.0 600.0 13851.0
43 43 38 0.0 28.0 85.0 4740.0 50338.0 538.0 34987.0
43 43 39 0.0 14.0 121.0 3979.0 47125.0 477.0 50466.0
43 43 40 0.0 7.0 118.0 3715.0 44777.0 407.0 56373.0
43 43 41 0.0 6.0 140.0 3759.0 46013.0 435.0 52193.0
43 43 42 0.0 24.0 105.0 3841.0 50738.0 499.0 37988.0
43 43 43 0.0 85.0 106.0 4584.0 47927.0 606.0 15794.0
43 43 44 0.0 9.0 73.0 1657.0 21408.0 359.0 1276.0
43 43 45 0.0 1.0 3.0 254.0 2015.0 46.0 6.0
43 43 46 0.0 0.0 0.0 1.0 20.0 0.0 0.0
43 44 34 0.0 0.0 0.0 1.0 3.0 0.0 0.0
43 44 35 0.0 0.0 3.0 25.0 316.0 4.0 1.0
43 44 36 0.0 0.0 8.0 440.0 4837.0 89.0 39.0
43 44 37 0.0 5.0 32.0 1741.0 18749.0 320.0 960.0
43 44 38 0.0 7.0 80.0 2945.0 34776.0 470.0 4508.0
43 44 39 0.0 9.0 66.0 4416.0 44047.0 631.0 10231.0
43 44 40 0.0 14.0 140.0 4068.0 46513.0 592.0 12278.0
43 44 41 0.0 0.0 135.0 3608.0 45163.0 603.0 10542.0
43 44 42 0.0 6.0 88.0 3013.0 35579.0 527.0 4771.0
43 44 43 0.0 3.0 46.0 1926.0 20538.0 304.0 1225.0
43 44 44 0.0 7.0 6.0 621.0 5256.0 97.0 75.0
43 44 45 0.0 0.0 0.0 30.0 363.0 5.0 0.0
43 44 46 0.0 0.0 0.0 0.0 3.0 0.0 0.0
43 45 35 0.0 0.0 0.0 9.0 20.0 0.0 0.0
43 45 36 0.0 0.0 3.0 9.0 334.0 10.0 0.0
43 45 37 0.0 0.0 3.0 100.0 1462.0 28.0 1.0
43 45 38 0.0 1.0 28.0 419.0 4589.0 85.0 46.0
43 45 39 0.0 0.0 2.0 559.0 7608.0 109.0 106.0
43 45 40 0.0 3.0 15.0 757.0 9000.0 143.0 153.0
43 45 41 0.0 3.0 23.0 684.0 8055.0 133.0 135.0
43 45 42 0.0 0.0 16.0 430.0 4645.0 91.0 45.0
43 45 43 0.0 0.0 0.0 123.0 1810.0 35.0 4.0
43 45 44 0.0 0.0 0.0 21.0 369.0 5.0 0.0
43 45 45 0.0 0.0 0.0 2.0 14.0 0.0 0.0
43 46 37 0.0 0.0 0.0 4.0 16.0 0.0 0.0
43 46 38 0.0 0.0 0.0 5.0 38.0 1.0 0.0
43 46 39 0.0 0.0 0.0 11.0 88.0 2.0 0.0
43 46 40 0.0 0.0 0.0 14.0 120.0 2.0 0.0
43 46 41 0.0 0.0 2.0 7.0 82.0 1.0 0.0
43 46 42 0.0 0.0 0.0 2.0 54.0 1.0 0.0
43 46 43 0.0 0.0 0.0 1.0 17.0 0.0 0.0
44 34 37 0.0 0.0 0.0 0.0 2.0 0.0 0.0
44 34 38 0.0 0.0 0.0 1.0 4.0 0.0 0.0
44 34 39 0.0 0.0 0.0 1.0 12.0 0.0 0.0
44 34 40 0.0 0.0 0.0 7.0 15.0 1.0 0.0
44 34 41 0.0 0.0 0.0 2.0 16.0 1.0 0.0
44 34 42 0.0 0.0 0.0 3.0 13.0 0.0 0.0
44 34 43 0.0 0.0 0.0 0.0 3.0 0.0 0.0
44 35 35 0.0 0.0 0.0 0.0 6.0 0.0 0.0
44 35 36 0.0 0.0 0.0 9.0 90.0 1.0 0.0
44 35 37 0.0 0.0 4.0 38.0 291.0 4.0 0.0
44 35 38 0.0 1.0 2.0 102.0 788.0 15.0 2.0
44 35 39 0.0 0.0 3.0 220.0 1641.0 32.0 8.0
44 35 40 0.0 2.0 1.0 266.0 2167.0 30.0 9.0
44 35 41 0.0 0.0 2.0 188.0 1617.0 35.0 7.0
44 35 42 0.0 0.0 1.0 162.0 974.0 13.0 0.0
44 35 43 0.0 0.0 2.0 41.0 332.0 5.0 0.0
44 35 44 0.0 0.0 0.0 1.0 85.0 3.0 0.0
44 35 45 0.0 0.0 0.0 5.0 3.0 0.0 0.0
44 36 35 0.0 0.0 0.0 2.0 29.0 1.0 0.0
44 36 36 0.0 0.0 0.0 82.0 1013.0 16.0 4.0
44 36 37 0.0 3.0 4.0 459.0 4887.0 87.0 36.0
44 36 38 0.0 6.0 16.0 1209.0 11009.0 199.0 298.0
44 36 39 0.0 28.0 43.0 1859.0 18395.0 305.0 943.0
44 36 40 0.0 15.0 50.0 2382.0 21542.0 352.0 1411.0
44 36 41 0.0 4.0 28.0 2139.0 18277.0 312.0 964.0
44 36 42 0.0 6.0 30.0 1273.0 11373.0 177.0 328.0
44 36 43 0.0 0.0 12.0 443.0 4997.0 84.0 56.0
44 36 44 0.0 0.0 0.0 106.0 1119.0 18.0 2.0
44 36 45 0.0 0.0 0.0 1.0 56.0 0.0 0.0
44 37 34 0.0 0.0 0.0 0.0 3.0 0.0 0.0
44 37 35 0.0 0.0 0.0 16.0 353.0 9.0 0.0
44 37 36 0.0 8.0 6.0 614.0 5576.0 87.0 64.0
44 37 37 0.0 17.0 15.0 2158.0 19200.0 327.0 1085.0
44 37 38 0.0 17.0 64.0 3127.0 35758.0 494.0 4906.0
44 37 39 0.0 9.0 83.0 4141.0 43375.0 608.0 9260.0
44 37 40 0.0 9.0 115.0 4568.0 45601.0 585.0 11570.0
44 37 41 0.0 13.0 76.0 4796.0 43507.0 633.0 10025.0
44 37 42 0.0 14.0 100.0 3727.0 34423.0 487.0 4781.0
44 37 43 0.0 6.0 17.0 1802.0 19086.0 316.0 988.0
44 37 44 0.0 0.0 5.0 506.0 4658.0 75.0 48.0
44 37 45 0.0 0.0 0.0 17.0 253.0 3.0 0.0
44 37 46 0.0 0.0 0.0 3.0 1.0 0.0 0.0
44 38 34 0.0 0.0 0.0 1.0 6.0 0.0 0.0
44 38 35 0.0 0.0 1.0 90.0 907.0 14.0 0.0
44 38 36 0.0 12.0 47.0 968.0 13687.0 236.0 429.0
44 38 37 0.0 15.0 57.0 3008.0 36973.0 528.0 5225.0
44 38 38 0.0 12.0 104.0 4993.0 49424.0 632.0 16394.0
44 38 39 0.0 19.0 114.0 5218.0 51613.0 629.0 25326.0
44 38 40 0.0 8.0 160.0 5518.0 51645.0 551.0 29547.0
44 38 41 0.0 13.0 111.0 5098.0 51926.0 556.0 26266.0
44 38 42 0.0 17.0 109.0 4925.0 48882.0 635.0 15940.0
44 38 43 0.0 23.0 50.0 3730.0 34919.0 475.0 4899.0
44 38 44 0.0 10.0 37.0 1372.0 12490.0 205.0 387.0
44 38 45 0.0 0.0 1.0 106.0 960.0 14.0 0.0
44 38 46 0.0 0.0 0.0 0.0 4.0 0.0 0.0
44 39 34 0.0 0.0 0.0 0.0 18.0 1.0 0.0
44 39 35 0.0 1.0 3.0 125.0 1939.0 38.0 6.0
44 39 36 0.0 14.0 26.0 1688.0 20496.0 333.0 1092.0
44 39 37 0.0 7.0 148.0 3901.0 44937.0 604.0 10508.0
44 39 38 0.0 17.0 104.0 4561.0 52285.0 578.0 26587.0
44 39 39 0.0 32.0 141.0 4759.0 50757.0 504.0 39188.0
44 39 40 0.0 28.0 132.0 4383.0 50035.0 455.0 42757.0
44 39 41 0.0 14.0 129.0 4865.0 50378.0 524.0 38749.0
44 39 42 0.0 14.0 110.0 5330.0 51375.0 562.0 27392.0
44 39 43 0.0 10.0 72.0 4610.0 44371.0 575.0 10571.0
44 39 44 0.0 3.0 103.0 1789.0 20180.0 349.0 1094.0
44 39 45 0.0 0.0 1.0 184.0 1866.0 44.0 4.0
44 39 46 0.0 0.0 0.0 0.0 14.0 0.0 0.0
44 40 34 0.0 0.0 0.0 0.0 15.0 0.0 0.0
44 40 35 0.0 0.0 2.0 151.0 2327.0 38.0 7.0
44 40 36 0.0 1.0 36.0 1734.0 23288.0 376.0 1592.0
44 40 37 0.0 20.0 72.0 3446.0 47623.0 616.0 12355.0
44 40 38 0.0 10.0 131.0 4363.0 52498.0 539.0 30464.0
44 40 39 0.0 8.0 132.0 4006.0 50416.0 486.0 43574.0
44 40 40 0.0 21.0 155.0 4110.0 48453.0 497.0 48261.0
44 40 41 0.0 4.0 149.0 4402.0 49861.0 517.0 43905.0
44 40 42 0.0 18.0 101.0 4604.0 52307.0 592.0 30072.0
44 40 43 0.0 17.0 127.0 4601.0 46596.0 616.0 12306.0
44 40 44 0.0 4.0 17.0 1904.0 23112.0 365.0 1572.0
44 40 45 0.0 14.0 2.0 236.0 2270.0 49.0 9.0
44 40 46 0.0 0.0 0.0 0.0 27.0 3.0 0.0
44 41 34 0.0 0.0 0.0 0.0 14.0 0.0 0.0
44 41 35 0.0 0.0 7.0 108.0 1911.0 26.0 9.0
44 41 36 0.0 0.0 42.0 1331.0 19852.0 311.0 1047.0
44 41 37 0.0 8.0 86.0 3574.0 45295.0 600.0 10461.0
44 41 38 0.0 28.0 127.0 4276.0 52124.0 580.0 26451.0
44 41 39 0.0 15.0 122.0 4296.0 51039.0 517.0 38966.0
44 41 40 0.0 14.0 148.0 4284.0 49724.0 474.0 44470.0
44 41 41 0.0 17.0 142.0 4278.0 51104.0 515.0 38782.0
44 41 42 0.0 10.0 121.0 4886.0 51760.0 578.0 27641.0
44 41 43 0.0 31.0 105.0 3507.0 45256.0 594.0 10857.0
44 41 44 0.0 10.0 34.0 1758.0 20535.0 364.0 1148.0
44 41 45 0.0 0.0 0.0 209.0 1937.0 39.0 7.0
44 41 46 0.0 0.0 0.0 0.0 7.0 0.0 0.0
44 42 34 0.0 0.0 0.0 0.0 12.0 0.0 0.0
44 42 35 0.0 0.0 2.0 50.0 918.0 24.0 1.0
44 42 36 0.0 4.0 18.0 754.0 12559.0 244.0 341.0
44 42 37 0.0 10.0 48.0 2701.0 36780.0 552.0 4999.0
44 42 38 0.0 22.0 109.0 4206.0 49956.0 595.0 16460.0
44 42 39 0.0 14.0 127.0 4037.0 52576.0 575.0 26375.0
44 42 40 0.0 22.0 107.0 4628.0 52053.0 561.0 31008.0
44 42 41 0.0 10.0 104.0 4443.0 52221.0 581.0 26851.0
44 42 42 0.0 29.0 123.0 3947.0 50626.0 600.0 16719.0
44 42 43 0.0 26.0 91.0 3073.0 36981.0 505.0 5327.0
44 42 44 0.0 14.0 45.0 1419.0 14150.0 237.0 496.0
44 42 45 0.0 1.0 1.0 107.0 1052.0 17.0 1.0
44 42 46 0.0 0.0 0.0 0.0 11.0 0.0 0.0
44 43 34 0.0 0.0 0.0 0.0 3.0 0.0 0.0
44 43 35 0.0 0.0 0.0 34.0 345.0 9.0 0.0
44 43 36 0.0 1.0 4.0 371.0 5328.0 84.0 59.0
44 43 37 0.0 2.0 38.0 1778.0 19581.0 341.0 1091.0
44 43 38 0.0 4.0 140.0 2932.0 36892.0 572.0 5233.0
44 43 39 0.0 4.0 103.0 3493.0 45537.0 596.0 10793.0
44 43 40 0.0 18.0 131.0 3834.0 47798.0 623.0 12954.0
44 43 41 0.0 7.0 107.0 3724.0 46117.0 673.0 11288.0
44 43 42 0.0 13.0 108.0 2949.0 37857.0 526.0 5645.0
44 43 43 0.0 3.0 56.0 1434.0 21259.0 353.0 1233.0
44 43 44 0.0 2.0 5.0 482.0 5877.0 116.0 76.0
44 43 45 0.0 0.0 0.0 29.0 389.0 6.0 1.0
44 43 46 0.0 0.0 0.0 0.0 1.0 0.0 0.0
44 44 35 0.0 0.0 0.0 7.0 52.0 2.0 0.0
44 44 36 0.0 0.0 4.0 82.0 1010.0 17.0 1.0
44 44 37 0.0 0.0 3.0 514.0 4723.0 87.0 50.0
44 44 38 0.0 2.0 15.0 1187.0 12617.0 213.0 388.0
44 44 39 0.0 4.0 36.0 1573.0 19572.0 295.0 987.0
44 44 40 0.0 1.0 59.0 1542.0 22819.0 356.0 1465.0
44 44 41 0.0 6.0 28.0 1785.0 20829.0 356.0 1153.0
44 44 42 0.0 2.0 21.0 968.0 14206.0 244.0 461.0
44 44 43 0.0 10.0 7.0 523.0 5220.0 96.0 52.0
44 44 44 0.0 8.0 2.0 148.0 1132.0 30.0 3.0
44 44 45 0.0 0.0 0.0 9.0 71.0 0.0 0.0
44 44 46 0.0 0.0 0.0 2.0 0.0 0.0 0.0
44 45 35 0.0 0.0 0.0 1.0 4.0 0.0 0.0
44 45 36 0.0 0.0 0.0 9.0 76.0 0.0 0.0
44 45 37 0.0 0.0 0.0 33.0 329.0 4.0 0.0
44 45 38 0.0 0.0 2.0 81.0 972.0 12.0 4.0
44 45 39 0.0 0.0 1.0 173.0 1759.0 28.0 4.0
44 45 40 0.0 0.0 3.0 160.0 2293.0 44.0 4.0
44 45 41 0.0 0.0 6.0 156.0 2104.0 41.0 11.0
44 45 42 0.0 0.0 2.0 79.0 979.0 21.0 0.0
44 45 43 0.0 0.0 0.0 33.0 339.0 5.0 0.0
44 45 44 0.0 0.0 0.0 5.0 57.0 1.0 0.0
44 45 45 0.0 0.0 0.0 0.0 3.0 0.0 0.0
44 46 38 0.0 0.0 0.0 0.0 6.0 0.0 0.0
44 46 39 0.0 0.0 0.0 0.0 14.0 0.0 0.0
44 46 40 0.0 0.0 0.0 3.0 10.0 0.0 0.0
44 46 41 0.0 0.0 0.0 2.0 17.0 0.0 0.0
44 46 42 0.0 0.0 0.0 0.0 7.0 0.0 0.0
44 46 43 0.0 0.0 0.0 1.0 0.0 0.0 0.0
45 34 38 0.0 0.0 0.0 0.0 1.0 0.0 0.0
45 34 39 0.0 0.0 0.0 0.0 1.0 0.0 0.0
45 34 40 0.0 0.0 0.0 0.0 1.0 0.0 0.0
45 34 41 0.0 0.0 0.0 0.0 1.0 0.0 0.0
45 35 36 0.0 0.0 0.0 2.0 1.0 0.0 0.0
45 35 37 0.0 0.0 0.0 1.0 21.0 2.0 0.0
45 35 38 0.0 0.0 0.0 4.0 46.0 0.0 0.0
45 35 39 0.0 0.0 0.0 29.0 149.0 2.0 0.0
45 35 40 0.0 0.0 0.0 29.0 150.0 4.0 0.0
45 35 41 0.0 0.0 0.0 8.0 114.0 1.0 0.0
45 35 42 0.0 0.0 0.0 7.0 68.0 0.0 0.0
45 35 43 0.0 0.0 0.0 0.0 19.0 0.0 0.0
45 35 44 0.0 0.0 0.0 0.0 2.0 0.0 0.0
45 36 35 0.0 0.0 0.0 0.0 4.0 0.0 0.0
45 36 36 0.0 0.0 0.0 2.0 60.0 1.0 0.0
45 36 37 0.0 1.0 0.0 44.0 393.0 5.0 1.0
45 36 38 0.0 0.0 0.0 135.0 861.0 11.0 1.0
45 36 39 0.0 0.0 4.0 152.0 1678.0 26.0 8.0
45 36 40 0.0 0.0 11.0 246.0 2017.0 32.0 7.0
45 36 41 0.0 1.0 6.0 141.0 1801.0 27.0 1.0
45 36 42 0.0 2.0 2.0 105.0 945.0 15.0 1.0
45 36 43 0.0 0.0 4.0 35.0 260.0 9.0 0.0
45 36 44 0.0 0.0 0.0 3.0 48.0 0.0 0.0
45 36 45 0.0 0.0 0.0 0.0 2.0 0.0 0.0
45 36 46 0.0 0.0 0.0 0.0 2.0 0.0 0.0
45 37 35 0.0 0.0 0.0 0.0 13.0 0.0 0.0
45 37 36 0.0 0.0 0.0 23.0 341.0 6.0 1.0
45 37 37 0.0 1.0 2.0 221.0 1813.0 45.0 4.0
45 37 38 0.0 0.0 3.0 446.0 4589.0 81.0 41.0
45 37 39 0.0 0.0 26.0 702.0 7278.0 123.0 108.0
45 37 40 0.0 0.0 19.0 818.0 8582.0 137.0 151.0
45 37 41 0.0 1.0 15.0 737.0 7542.0 145.0 90.0
45 37 42 0.0 2.0 4.0 501.0 4447.0 81.0 33.0
45 37 43 0.0 0.0 7.0 155.0 1768.0 28.0 5.0
45 37 44 0.0 0.0 0.0 41.0 348.0 7.0 0.0
45 37 45 0.0 0.0 0.0 1.0 11.0 0.0 0.0
45 38 35 0.0 0.0 0.0 16.0 75.0 3.0 0.0
45 38 36 0.0 0.0 0.0 88.0 1101.0 17.0 0.0
45 38 37 0.0 0.0 1.0 377.0 4613.0 74.0 29.0
45 38 38 0.0 3.0 21.0 1038.0 10851.0 206.0 261.0
45 38 39 0.0 5.0 50.0 1641.0 16425.0 273.0 591.0
45 38 40 0.0 3.0 58.0 1930.0 19818.0 337.0 1001.0
45 38 41 0.0 2.0 42.0 1636.0 17766.0 295.0 756.0
45 38 42 0.0 3.0 11.0 1121.0 11063.0 216.0 232.0
45 38 43 0.0 0.0 6.0 485.0 4577.0 76.0 36.0
45 38 44 0.0 0.0 1.0 126.0 1006.0 14.0 3.0
45 38 45 0.0 0.0 1.0 3.0 49.0 1.0 0.0
45 39 34 0.0 0.0 0.0 0.0 1.0 0.0 0.0
45 39 35 0.0 0.0 0.0 4.0 138.0 0.0 0.0
45 39 36 0.0 0.0 4.0 119.0 1780.0 29.0 2.0
45 39 37 0.0 0.0 18.0 712.0 7746.0 151.0 137.0
45 39 38 0.0 2.0 40.0 1627.0 17499.0 292.0 705.0
45 39 39 0.0 11.0 48.0 2154.0 26424.0 424.0 1929.0
45 39 40 0.0 4.0 54.0 2796.0 28516.0 460.0 2419.0
45 39 41 0.0 6.0 72.0 2234.0 25777.0 429.0 1811.0
45 39 42 0.0 1.0 36.0 1703.0 17528.0 300.0 701.0
45 39 43 0.0 9.0 11.0 823.0 7683.0 152.0 125.0
45 39 44 0.0 0.0 1.0 158.0 1991.0 41.0 8.0
45 39 45 0.0 0.0 0.0 14.0 167.0 1.0 0.0
45 39 46 0.0 0.0 0.0 0.0 2.0 0.0 0.0
45 40 34 0.0 0.0 0.0 0.0 2.0 0.0 0.0
45 40 35 0.0 0.0 0.0 10.0 175.0 3.0 1.0
45 40 36 0.0 0.0 1.0 215.0 2265.0 48.0 5.0
45 40 37 0.0 3.0 12.0 859.0 9160.0 134.0 156.0
45 40 38 0.0 5.0 39.0 1687.0 20453.0 353.0 1033.0
45 40 39 0.0 5.0 33.0 2592.0 28217.0 451.0 2346.0
45 40 40 0.0 9.0 74.0 2579.0 31691.0 490.0 3139.0
45 40 41 0.0 12.0 64.0 2520.0 29178.0 463.0 2529.0
45 40 42 0.0 1.0 35.0 1745.0 19812.0 348.0 935.0
45 40 43 0.0 0.0 17.0 934.0 9572.0 195.0 195.0
45 40 44 0.0 1.0 11.0 202.0 2447.0 42.0 7.0
45 40 45 0.0 0.0 0.0 12.0 174.0 1.0 0.0
45 41 35 0.0 0.0 0.0 12.0 120.0 1.0 0.0
45 41 36 0.0 0.0 2.0 160.0 2037.0 39.0 5.0
45 41 37 0.0 4.0 26.0 696.0 8022.0 142.0 118.0
45 41 38 0.0 11.0 38.0 1300.0 17631.0 275.0 659.0
45 41 39 0.0 8.0 34.0 2353.0 25903.0 425.0 1750.0
45 41 40 0.0 43.0 40.0 2502.0 29542.0 466.0 2545.0
45 41 41 0.0 4.0 45.0 2149.0 25958.0 389.0 1860.0
45 41 42 0.0 1.0 41.0 1582.0 17543.0 298.0 739.0
45 41 43 0.0 1.0 7.0 923.0 8122.0 141.0 130.0
45 41 44 0.0 0.0 0.0 187.0 2110.0 30.0 5.0
45 41 45 0.0 0.0 0.0 10.0 134.0 5.0 0.0
45 42 35 0.0 0.0 0.0 3.0 47.0 0.0 0.0
45 42 36 0.0 0.0 2.0 63.0 1217.0 18.0 1.0
45 42 37 0.0 5.0 10.0 443.0 4475.0 63.0 34.0
45 42 38 0.0 4.0 6.0 840.0 10787.0 175.0 237.0
45 42 39 0.0 1.0 37.0 1464.0 17260.0 284.0 677.0
45 42 40 0.0 1.0 35.0 1536.0 20068.0 342.0 946.0
45 42 41 0.0 12.0 28.0 1556.0 17909.0 304.0 689.0
45 42 42 0.0 3.0 14.0 850.0 11902.0 212.0 293.0
45 42 43 0.0 1.0 6.0 327.0 4584.0 81.0 36.0
45 42 44 0.0 0.0 1.0 96.0 1142.0 25.0 6.0
45 42 45 0.0 0.0 0.0 8.0 98.0 0.0 0.0
45 43 35 0.0 0.0 0.0 1.0 20.0 1.0 0.0
45 43 36 0.0 0.0 0.0 27.0 305.0 3.0 0.0
45 43 37 0.0 2.0 4.0 136.0 1822.0 25.0 5.0
45 43 38 0.0 0.0 4.0 353.0 5112.0 99.0 62.0
45 43 39 0.0 1.0 26.0 627.0 8458.0 155.0 131.0
45 43 40 0.0 0.0 10.0 915.0 9742.0 182.0 181.0
45 43 41 0.0 0.0 9.0 709.0 8194.0 138.0 132.0
45 43 42 0.0 0.0 19.0 526.0 5025.0 95.0 39.0
45 43 43 0.0 1.0 8.0 128.0 1997.0 32.0 9.0
45 43 44 0.0 0.0 0.0 17.0 377.0 7.0 0.0
45 43 45 0.0 0.0 0.0 0.0 34.0 0.0 0.0
45 44 36 0.0 0.0 0.0 6.0 50.0 3.0 0.0
45 44 37 0.0 0.0 0.0 29.0 361.0 11.0 0.0
45 44 38 0.0 0.0 2.0 104.0 1027.0 18.0 2.0
45 44 39 0.0 0.0 3.0 142.0 1865.0 41.0 5.0
45 44 40 0.0 0.0 8.0 234.0 2387.0 48.0 7.0
45 44 41 0.0 0.0 5.0 141.0 2100.0 34.0 5.0
45 44 42 0.0 0.0 2.0 94.0 1215.0 23.0 2.0
45 44 43 0.0 0.0 0.0 17.0 366.0 7.0 0.0
45 44 44 0.0 0.0 0.0 0.0 59.0 0.0 0.0
45 44 45 0.0 0.0 0.0 0.0 4.0 0.0 0.0
45 45 36 0.0 0.0 0.0 0.0 3.0 1.0 0.0
45 45 37 0.0 0.0 0.0 2.0 8.0 0.0 0.0
45 45 38 0.0 0.0 0.0 3.0 87.0 0.0 0.0
45 45 39 0.0 0.0 0.0 6.0 148.0 2.0 0.0
45 45 40 0.0 0.0 0.0 22.0 178.0 6.0 0.0
45 45 41 0.0 0.0 0.0 9.0 146.0 1.0 0.0
45 45 42 0.0 0.0 0.0 15.0 75.0 1.0 0.0
45 45 43 0.0 0.0 0.0 0.0 49.0 2.0 0.0
45 45 44 0.0 0.0 0.0 0.0 10.0 1.0 0.0
45 45 45 0.0 0.0 0.0 0.0 1.0 0.0 0.0
45 46 38 0.0 0.0 0.0 0.0 1.0 0.0 0.0
46 35 38 0.0 0.0 0.0 0.0 2.0 0.0 0.0
46 36 38 0.0 0.0 0.0 2.0 5.0 0.0 0.0
46 36 39 0.0 0.0 0.0 1.0 17.0 2.0 0.0
46 36 40 0.0 0.0 0.0 3.0 16.0 1.0 0.0
46 36 41 0.0 0.0 0.0 2.0 10.0 1.0 0.0
46 36 42 0.0 0.0 0.0 0.0 6.0 0.0 0.0
46 36 43 0.0 0.0 0.0 1.0 4.0 0.0 0.0
46 37 37 0.0 0.0 0.0 2.0 10.0 0.0 0.0
46 37 38 0.0 0.0 0.0 20.0 32.0 2.0 0.0
46 37 39 0.0 0.0 0.0 13.0 112.0 2.0 0.0
46 37 40 0.0 0.0 0.0 7.0 145.0 4.0 0.0
46 37 41 0.0 0.0 1.0 18.0 85.0 1.0 0.0
46 37 42 0.0 0.0 0.0 0.0 64.0 0.0 0.0
46 37 43 0.0 0.0 0.0 0.0 15.0 0.0 0.0
46 37 44 0.0 0.0 0.0 0.0 2.0 0.0 0.0
46 38 36 0.0 0.0 0.0 0.0 8.0 0.0 0.0
46 38 37 0.0 0.0 0.0 4.0 56.0 2.0 0.0
46 38 38 0.0 0.0 3.0 12.0 170.0 4.0 0.0
46 38 39 0.0 0.0 2.0 34.0 395.0 5.0 1.0
46 38 40 0.0 0.0 0.0 35.0 433.0 5.0 1.0
46 38 41 0.0 0.0 0.0 28.0 472.0 14.0 0.0
46 38 42 0.0 0.0 0.0 18.0 190.0 5.0 0.0
46 38 43 0.0 0.0 0.0 5.0 32.0 0.0 0.0
46 38 44 0.0 0.0 0.0 1.0 3.0 0.0 0.0
46 39 35 0.0 0.0 0.0 0.0 1.0 0.0 0.0
46 39 36 0.0 0.0 0.0 0.0 8.0 0.0 0.0
46 39 37 0.0 0.0 0.0 4.0 117.0 0.0 0.0
46 39 38 0.0 0.0 1.0 26.0 377.0 5.0 0.0
46 39 39 0.0 0.0 3.0 61.0 688.0 12.0 2.0
46 39 40 0.0 0.0 1.0 64.0 844.0 14.0 3.0
46 39 41 0.0 0.0 1.0 76.0 690.0 11.0 0.0
46 39 42 0.0 0.0 2.0 38.0 353.0 6.0 0.0
46 39 43 0.0 0.0 0.0 8.0 121.0 1.0 0.0
46 39 44 0.0 0.0 0.0 1.0 16.0 1.0 0.0
46 39 45 0.0 0.0 0.0 0.0 1.0 0.0 0.0
46 40 35 0.0 0.0 0.0 0.0 1.0 0.0 0.0
46 40 36 0.0 0.0 0.0 0.0 12.0 0.0 0.0
46 40 37 0.0 0.0 2.0 10.0 140.0 1.0 0.0
46 40 38 0.0 0.0 0.0 69.0 423.0 7.0 2.0
46 40 39 0.0 0.0 2.0 80.0 782.0 15.0 2.0
46 40 40 0.0 2.0 1.0 100.0 1188.0 17.0 2.0
46 40 41 0.0 0.0 0.0 98.0 824.0 14.0 2.0
46 40 42 0.0 0.0 0.0 45.0 465.0 5.0 0.0
46 40 43 0.0 0.0 0.0 12.0 149.0 1.0 0.0
46 40 44 0.0 0.0 0.0 1.0 21.0 0.0 0.0
46 40 45 0.0 0.0 0.0 0.0 3.0 0.0 0.0
46 41 35 0.0 0.0 0.0 0.0 3.0 0.0 0.0
46 41 36 0.0 0.0 0.0 0.0 24.0 1.0 0.0
46 41 37 0.0 1.0 0.0 5.0 116.0 3.0 0.0
46 41 38 0.0 0.0 0.0 28.0 367.0 7.0 0.0
46 41 39 0.0 0.0 0.0 59.0 698.0 11.0 0.0
46 41 40 0.0 0.0 8.0 88.0 861.0 16.0 1.0
46 41 41 0.0 0.0 0.0 86.0 681.0 13.0 0.0
46 41 42 0.0 0.0 0.0 29.0 338.0 6.0 0.0
46 41 43 0.0 0.0 0.0 12.0 108.0 2.0 0.0
46 41 44 0.0 0.0 0.0 1.0 26.0 2.0 0.0
46 42 35 0.0 0.0 0.0 0.0 3.0 0.0 0.0
46 42 36 0.0 0.0 0.0 0.0 17.0 1.0 0.0
46 42 37 0.0 0.0 0.0 9.0 65.0 0.0 0.0
46 42 38 0.0 0.0 0.0 4.0 159.0 6.0 0.0
46 42 39 0.0 0.0 0.0 32.0 393.0 10.0 0.0
46 42 40 0.0 0.0 0.0 44.0 482.0 10.0 0.0
46 42 41 0.0 0.0 0.0 35.0 397.0 4.0 0.0
46 42 42 0.0 0.0 0.0 13.0 176.0 3.0 0.0
46 42 43 0.0 0.0 0.0 2.0 57.0 1.0 0.0
46 42 44 0.0 0.0 0.0 2.0 16.0 1.0 0.0
46 42 45 0.0 0.0 0.0 0.0 3.0 0.0 0.0
46 43 36 0.0 0.0 0.0 2.0 1.0 0.0 0.0
46 43 37 0.0 0.0 0.0 0.0 10.0 0.0 0.0
46 43 38 0.0 0.0 0.0 15.0 61.0 3.0 0.0
46 43 39 0.0 0.0 0.0 5.0 103.0 2.0 0.0
46 43 40 0.0 0.0 0.0 6.0 167.0 4.0 0.0
46 43 41 0.0 0.0 0.0 10.0 106.0 1.0 0.0
46 43 42 0.0 0.0 1.0 14.0 37.0 0.0 0.0
46 43 43 0.0 0.0 0.0 2.0 16.0 0.0 0.0
46 43 44 0.0 0.0 0.0 0.0 1.0 0.0 0.0
46 44 37 0.0 0.0 0.0 0.0 9.0 0.0 0.0
46 44 38 0.0 0.0 0.0 0.0 6.0 0.0 0.0
46 44 39 0.0 0.0 0.0 5.0 15.0 0.0 0.0
46 44 40 0.0 0.0 0.0 1.0 14.0 0.0 0.0
46 44 41 0.0 0.0 0.0 1.0 12.0 0.0 0.0
46 44 42 0.0 0.0 0.0 3.0 9.0 0.0 0.0
46 44 43 0.0 0.0 0.0 0.0 1.0 0.0 0.0
46 45 41 0.0 0.0 0.0 0.0 2.0 0.0 0.0
46 45 43 0.0 0.0 0.0 1.0 0.0 0.0 0.0
47 39 38 0.0 0.0 0.0 0.0 1.0 0.0 0.0
47 40 41 0.0 0.0 0.0 0.0 4.0 0.0 0.0
47 40 42 0.0 0.0 0.0 0.0 1.0 0.0 0.0
47 41 41 0.0 0.0 0.0 1.0 0.0 0.0 0.0
