38 38 38 0.0 0.0 0.0 1.0 8.0 0.0 0.0
38 38 39 0.0 0.0 0.0 0.0 25.0 0.0 0.0
38 38 40 0.0 0.0 1.0 0.0 29.0 2.0 0.0
38 38 41 0.0 0.0 0.0 1.0 27.0 0.0 0.0
38 38 42 0.0 0.0 0.0 0.0 3.0 0.0 0.0
38 39 38 0.0 0.0 0.0 1.0 12.0 0.0 0.0
38 39 39 0.0 1.0 1.0 3.0 56.0 0.0 0.0
38 39 40 0.0 0.0 0.0 11.0 88.0 3.0 0.0
38 39 41 0.0 0.0 0.0 3.0 48.0 1.0 0.0
38 39 42 0.0 0.0 2.0 0.0 17.0 0.0 0.0
38 40 38 0.0 1.0 0.0 5.0 18.0 0.0 0.0
38 40 39 0.0 0.0 1.0 5.0 74.0 2.0 0.0
38 40 40 0.0 6.0 2.0 25.0 124.0 4.0 1.0
38 40 41 0.0 0.0 2.0 4.0 92.0 3.0 0.0
38 40 42 0.0 0.0 2.0 3.0 25.0 1.0 0.0
38 41 38 0.0 0.0 0.0 1.0 16.0 0.0 0.0
38 41 39 0.0 0.0 1.0 8.0 51.0 2.0 0.0
38 41 40 0.0 0.0 5.0 7.0 84.0 1.0 0.0
38 41 41 0.0 7.0 2.0 23.0 52.0 3.0 0.0
38 41 42 0.0 0.0 1.0 2.0 9.0 0.0 0.0
38 42 38 0.0 0.0 0.0 0.0 4.0 0.0 0.0
38 42 39 0.0 0.0 1.0 1.0 9.0 0.0 0.0
38 42 40 0.0 0.0 0.0 0.0 31.0 0.0 0.0
38 42 41 0.0 0.0 0.0 9.0 15.0 0.0 0.0
38 42 42 0.0 0.0 1.0 0.0 13.0 0.0 0.0
39 38 38 0.0 0.0 0.0 2.0 17.0 0.0 0.0
39 38 39 0.0 1.0 2.0 41.0 121.0 0.0 0.0
39 38 40 0.0 1.0 0.0 34.0 150.0 3.0 0.0
39 38 41 0.0 0.0 1.0 13.0 72.0 2.0 0.0
39 38 42 0.0 0.0 0.0 2.0 15.0 0.0 0.0
39 39 38 0.0 0.0 1.0 5.0 68.0 0.0 0.0
39 39 39 0.0 25.0 257.0 840.0 9461.0 165.0 267.0
39 39 40 0.0 25.0 208.0 711.0 8971.0 172.0 242.0
39 39 41 0.0 15.0 105.0 689.0 8795.0 181.0 224.0
39 39 42 0.0 0.0 0.0 9.0 85.0 1.0 0.0
39 40 38 0.0 2.0 1.0 3.0 128.0 3.0 0.0
39 40 39 0.0 88.0 122.0 1386.0 7511.0 133.0 171.0
39 40 40 0.0 59.0 208.0 1784.0 10844.0 195.0 405.0
39 40 41 4.0 12.0 184.0 819.0 7201.0 126.0 161.0
39 40 42 0.0 0.0 1.0 11.0 70.0 0.0 0.0
39 41 38 0.0 0.0 1.0 6.0 59.0 1.0 0.0
39 41 39 0.0 21.0 126.0 803.0 6945.0 123.0 137.0
39 41 40 1.0 24.0 181.0 732.0 8860.0 147.0 239.0
39 41 41 0.0 30.0 274.0 860.0 7471.0 140.0 184.0
39 41 42 0.0 0.0 1.0 4.0 40.0 0.0 0.0
39 42 38 0.0 0.0 0.0 5.0 13.0 0.0 0.0
39 42 39 0.0 0.0 1.0 9.0 43.0 2.0 0.0
39 42 40 0.0 1.0 5.0 10.0 93.0 1.0 0.0
39 42 41 0.0 0.0 4.0 8.0 82.0 1.0 0.0
39 42 42 0.0 0.0 1.0 3.0 21.0 0.0 0.0
40 38 38 0.0 0.0 0.0 1.0 32.0 0.0 0.0
40 38 39 0.0 0.0 0.0 13.0 95.0 1.0 0.0
40 38 40 0.0 2.0 2.0 37.0 150.0 2.0 0.0
40 38 41 0.0 0.0 2.0 23.0 85.0 1.0 0.0
40 38 42 0.0 0.0 6.0 0.0 22.0 1.0 0.0
40 39 38 0.0 0.0 0.0 13.0 78.0 3.0 0.0
40 39 39 0.0 14.0 208.0 596.0 9914.0 182.0 287.0
40 39 40 0.0 280.0 245.0 6299.0 11334.0 282.0 915.0
40 39 41 0.0 13.0 171.0 1072.0 7765.0 156.0 174.0
40 39 42 0.0 0.0 2.0 20.0 90.0 0.0 0.0
40 40 38 0.0 0.0 4.0 19.0 108.0 3.0 0.0
40 40 39 1.0 50.0 210.0 1363.0 10564.0 195.0 384.0
40 40 40 1.0 159.0 1145.0 4398.0 36805.0 447.0 38676.0
40 40 41 0.0 92.0 336.0 1789.0 11112.0 234.0 396.0
40 40 42 0.0 0.0 0.0 16.0 133.0 4.0 0.0
40 41 38 0.0 1.0 0.0 14.0 93.0 1.0 0.0
40 41 39 0.0 20.0 278.0 905.0 8504.0 174.0 239.0
40 41 40 1.0 74.0 239.0 1296.0 10683.0 194.0 346.0
40 41 41 0.0 15.0 230.0 1266.0 8695.0 175.0 236.0
40 41 42 0.0 0.0 2.0 5.0 82.0 2.0 0.0
40 42 38 0.0 0.0 0.0 0.0 24.0 1.0 0.0
40 42 39 0.0 0.0 2.0 19.0 103.0 1.0 0.0
40 42 40 0.0 1.0 0.0 16.0 79.0 2.0 0.0
40 42 41 0.0 0.0 4.0 5.0 67.0 4.0 0.0
40 42 42 0.0 0.0 1.0 2.0 24.0 1.0 0.0
41 38 38 0.0 0.0 0.0 1.0 24.0 0.0 0.0
41 38 39 0.0 1.0 1.0 21.0 56.0 1.0 0.0
41 38 40 0.0 0.0 1.0 35.0 94.0 2.0 0.0
41 38 41 0.0 5.0 0.0 26.0 65.0 2.0 0.0
41 38 42 0.0 0.0 0.0 1.0 23.0 1.0 0.0
41 39 38 0.0 0.0 3.0 11.0 79.0 0.0 0.0
41 39 39 0.0 41.0 139.0 826.0 7322.0 147.0 134.0
41 39 40 0.0 6.0 135.0 974.0 6969.0 157.0 132.0
41 39 41 0.0 22.0 243.0 848.0 8098.0 152.0 192.0
41 39 42 0.0 0.0 1.0 1.0 51.0 0.0 0.0
41 40 38 0.0 0.0 0.0 2.0 105.0 3.0 0.0
41 40 39 0.0 9.0 264.0 775.0 10719.0 200.0 311.0
41 40 40 0.0 54.0 350.0 1089.0 10974.0 226.0 401.0
41 40 41 0.0 27.0 156.0 1042.0 8497.0 172.0 222.0
41 40 42 0.0 0.0 1.0 8.0 97.0 2.0 0.0
41 41 38 0.0 0.0 2.0 3.0 47.0 1.0 0.0
41 41 39 0.0 8.0 131.0 687.0 7226.0 138.0 158.0
41 41 40 0.0 36.0 212.0 1061.0 7672.0 154.0 197.0
41 41 41 0.0 19.0 310.0 853.0 8688.0 170.0 233.0
41 41 42 0.0 0.0 2.0 4.0 40.0 0.0 0.0
41 42 38 0.0 0.0 0.0 1.0 39.0 0.0 0.0
41 42 39 0.0 0.0 1.0 1.0 51.0 2.0 0.0
41 42 40 0.0 0.0 2.0 3.0 120.0 2.0 0.0
41 42 41 0.0 0.0 1.0 21.0 44.0 2.0 0.0
41 42 42 0.0 0.0 0.0 3.0 18.0 0.0 0.0
42 38 38 0.0 0.0 0.0 1.0 14.0 0.0 0.0
42 38 39 0.0 0.0 0.0 0.0 16.0 2.0 0.0
42 38 40 0.0 0.0 1.0 1.0 16.0 0.0 0.0
42 38 41 0.0 0.0 0.0 0.0 19.0 1.0 0.0
42 38 42 0.0 0.0 0.0 1.0 3.0 0.0 0.0
42 39 38 0.0 0.0 0.0 2.0 31.0 1.0 0.0
42 39 39 0.0 0.0 1.0 7.0 68.0 2.0 0.0
42 39 40 0.0 0.0 2.0 3.0 82.0 1.0 0.0
42 39 41 0.0 0.0 2.0 5.0 38.0 3.0 0.0
42 39 42 0.0 0.0 0.0 1.0 22.0 1.0 0.0
42 40 38 0.0 0.0 1.0 2.0 49.0 1.0 0.0
42 40 39 0.0 0.0 0.0 8.0 55.0 1.0 0.0
42 40 40 0.0 0.0 13.0 8.0 124.0 4.0 0.0
42 40 41 0.0 0.0 2.0 4.0 84.0 2.0 0.0
42 40 42 0.0 0.0 0.0 1.0 26.0 0.0 0.0
42 41 38 0.0 0.0 1.0 5.0 29.0 0.0 0.0
42 41 39 0.0 0.0 5.0 4.0 90.0 0.0 0.0
42 41 40 0.0 0.0 3.0 4.0 87.0 2.0 0.0
42 41 41 0.0 0.0 1.0 6.0 76.0 1.0 0.0
42 41 42 0.0 0.0 0.0 2.0 30.0 2.0 0.0
42 42 38 0.0 0.0 0.0 0.0 5.0 0.0 0.0
42 42 39 0.0 0.0 0.0 0.0 11.0 0.0 0.0
42 42 40 0.0 0.0 6.0 1.0 45.0 1.0 0.0
42 42 41 0.0 0.0 0.0 4.0 18.0 0.0 0.0
42 42 42 0.0 0.0 0.0 0.0 17.0 0.0 0.0
