34 36 37 0.0 0.0 0.0 0.0 2.0 0.0 0.0
34 36 38 0.0 0.0 0.0 0.0 1.0 0.0 0.0
34 36 39 0.0 0.0 0.0 0.0 6.0 0.0 0.0
34 36 40 0.0 0.0 0.0 0.0 4.0 0.0 0.0
34 36 41 0.0 0.0 0.0 1.0 6.0 0.0 0.0
34 36 42 0.0 0.0 0.0 0.0 3.0 0.0 0.0
34 37 36 0.0 0.0 0.0 0.0 3.0 0.0 0.0
34 37 37 0.0 0.0 0.0 0.0 4.0 0.0 0.0
34 37 38 0.0 0.0 0.0 2.0 24.0 1.0 0.0
34 37 39 0.0 0.0 0.0 3.0 33.0 0.0 0.0
34 37 40 0.0 0.0 0.0 5.0 56.0 0.0 0.0
34 37 41 0.0 0.0 0.0 1.0 47.0 0.0 0.0
34 37 42 0.0 0.0 0.0 2.0 29.0 0.0 0.0
34 37 43 0.0 0.0 0.0 0.0 3.0 0.0 0.0
34 37 44 0.0 0.0 0.0 0.0 1.0 0.0 0.0
34 38 36 0.0 0.0 0.0 1.0 2.0 0.0 0.0
34 38 37 0.0 0.0 0.0 2.0 36.0 2.0 0.0
34 38 38 0.0 0.0 0.0 8.0 62.0 1.0 0.0
34 38 39 0.0 0.0 0.0 24.0 122.0 3.0 0.0
34 38 40 0.0 0.0 0.0 12.0 169.0 3.0 0.0
34 38 41 0.0 0.0 0.0 9.0 131.0 2.0 0.0
34 38 42 0.0 0.0 0.0 5.0 57.0 2.0 0.0
34 38 43 0.0 0.0 0.0 0.0 17.0 0.0 0.0
34 38 44 0.0 0.0 0.0 0.0 1.0 0.0 0.0
34 39 36 0.0 0.0 0.0 0.0 4.0 0.0 0.0
34 39 37 0.0 0.0 0.0 4.0 51.0 0.0 0.0
34 39 38 0.0 0.0 0.0 13.0 128.0 2.0 0.0
34 39 39 0.0 0.0 0.0 38.0 275.0 1.0 0.0
34 39 40 0.0 0.0 0.0 66.0 369.0 5.0 0.0
34 39 41 0.0 0.0 0.0 34.0 261.0 9.0 0.0
34 39 42 0.0 0.0 0.0 7.0 155.0 3.0 0.0
34 39 43 0.0 0.0 0.0 1.0 50.0 0.0 0.0
34 39 44 0.0 0.0 0.0 1.0 2.0 0.0 0.0
34 40 36 0.0 0.0 0.0 0.0 4.0 0.0 0.0
34 40 37 0.0 0.0 0.0 10.0 33.0 0.0 0.0
34 40 38 0.0 0.0 0.0 19.0 171.0 2.0 0.0
34 40 39 0.0 0.0 0.0 56.0 356.0 7.0 1.0
34 40 40 0.0 0.0 0.0 43.0 410.0 6.0 0.0
34 40 41 0.0 0.0 0.0 44.0 408.0 5.0 1.0
34 40 42 0.0 0.0 0.0 12.0 146.0 2.0 0.0
34 40 43 0.0 0.0 1.0 0.0 40.0 1.0 0.0
34 40 44 0.0 0.0 0.0 2.0 2.0 0.0 0.0
34 41 36 0.0 0.0 0.0 0.0 6.0 0.0 0.0
34 41 37 0.0 0.0 0.0 3.0 32.0 0.0 0.0
34 41 38 0.0 0.0 0.0 23.0 122.0 8.0 0.0
34 41 39 0.0 0.0 0.0 24.0 331.0 8.0 0.0
34 41 40 0.0 0.0 0.0 44.0 363.0 7.0 1.0
34 41 41 0.0 0.0 0.0 20.0 279.0 3.0 0.0
34 41 42 0.0 0.0 1.0 11.0 156.0 2.0 0.0
34 41 43 0.0 0.0 0.0 3.0 32.0 1.0 0.0
34 41 44 0.0 0.0 0.0 1.0 6.0 0.0 0.0
34 42 36 0.0 0.0 0.0 0.0 7.0 0.0 0.0
34 42 37 0.0 0.0 0.0 6.0 9.0 0.0 0.0
34 42 38 0.0 0.0 0.0 10.0 42.0 0.0 0.0
34 42 39 0.0 0.0 0.0 14.0 168.0 2.0 0.0
34 42 40 0.0 0.0 0.0 12.0 193.0 2.0 0.0
34 42 41 0.0 0.0 0.0 19.0 155.0 3.0 0.0
34 42 42 0.0 0.0 0.0 9.0 62.0 1.0 0.0
34 42 43 0.0 0.0 0.0 0.0 11.0 0.0 0.0
34 42 44 0.0 0.0 0.0 0.0 1.0 0.0 0.0
34 43 37 0.0 0.0 0.0 0.0 6.0 0.0 0.0
34 43 38 0.0 0.0 0.0 3.0 14.0 0.0 0.0
34 43 39 0.0 0.0 0.0 5.0 35.0 2.0 0.0
34 43 40 0.0 0.0 0.0 1.0 55.0 2.0 0.0
34 43 41 0.0 0.0 0.0 6.0 24.0 0.0 0.0
34 43 42 0.0 0.0 0.0 0.0 23.0 1.0 0.0
34 43 43 0.0 0.0 0.0 3.0 9.0 1.0 0.0
34 44 39 0.0 0.0 0.0 1.0 4.0 1.0 0.0
34 44 40 0.0 0.0 0.0 0.0 4.0 1.0 0.0
34 44 41 0.0 0.0 0.0 0.0 8.0 0.0 0.0
34 44 42 0.0 0.0 0.0 0.0 1.0 0.0 0.0
34 45 41 0.0 0.0 0.0 0.0 2.0 0.0 0.0
35 35 36 0.0 0.0 0.0 0.0 2.0 0.0 0.0
35 35 37 0.0 0.0 0.0 2.0 13.0 0.0 0.0
35 35 38 0.0 0.0 0.0 3.0 29.0 2.0 0.0
35 35 39 0.0 0.0 0.0 1.0 53.0 0.0 0.0
35 35 40 0.0 0.0 0.0 10.0 115.0 0.0 0.0
35 35 41 0.0 0.0 0.0 1.0 47.0 0.0 0.0
35 35 42 0.0 0.0 0.0 2.0 21.0 0.0 0.0
35 35 43 0.0 0.0 0.0 0.0 4.0 0.0 0.0
35 35 44 0.0 0.0 0.0 1.0 0.0 0.0 0.0
35 36 36 0.0 0.0 0.0 2.0 32.0 1.0 0.0
35 36 37 0.0 0.0 0.0 24.0 170.0 4.0 0.0
35 36 38 0.0 0.0 1.0 53.0 587.0 12.0 0.0
35 36 39 0.0 0.0 1.0 147.0 1122.0 20.0 3.0
35 36 40 0.0 0.0 0.0 140.0 1177.0 31.0 2.0
35 36 41 0.0 0.0 4.0 130.0 904.0 16.0 0.0
35 36 42 0.0 0.0 1.0 59.0 476.0 10.0 0.0
35 36 43 0.0 0.0 0.0 41.0 157.0 2.0 0.0
35 36 44 0.0 0.0 0.0 2.0 14.0 0.0 0.0
35 37 35 0.0 0.0 0.0 0.0 11.0 0.0 0.0
35 37 36 0.0 0.0 0.0 11.0 173.0 0.0 0.0
35 37 37 0.0 0.0 2.0 109.0 1053.0 18.0 2.0
35 37 38 0.0 1.0 4.0 309.0 2926.0 51.0 18.0
35 37 39 0.0 0.0 1.0 478.0 4636.0 100.0 29.0
35 37 40 0.0 1.0 6.0 537.0 5490.0 92.0 67.0
35 37 41 0.0 14.0 6.0 568.0 4676.0 84.0 36.0
35 37 42 0.0 0.0 2.0 315.0 2750.0 55.0 9.0
35 37 43 0.0 1.0 0.0 98.0 954.0 17.0 3.0
35 37 44 0.0 0.0 0.0 8.0 165.0 2.0 0.0
35 37 45 0.0 0.0 0.0 0.0 6.0 0.0 0.0
35 38 35 0.0 0.0 0.0 3.0 27.0 1.0 0.0
35 38 36 0.0 3.0 0.0 60.0 576.0 8.0 0.0
35 38 37 0.0 0.0 5.0 303.0 2710.0 44.0 15.0
35 38 38 0.0 6.0 21.0 760.0 6862.0 117.0 97.0
35 38 39 0.0 7.0 29.0 1304.0 11974.0 182.0 308.0
35 38 40 0.0 0.0 26.0 1378.0 13010.0 229.0 375.0
35 38 41 0.0 3.0 53.0 1216.0 11633.0 195.0 280.0
35 38 42 0.0 0.0 7.0 629.0 6745.0 136.0 80.0
35 38 43 0.0 1.0 5.0 300.0 2644.0 54.0 10.0
35 38 44 0.0 0.0 0.0 44.0 460.0 6.0 0.0
35 38 45 0.0 0.0 0.0 1.0 17.0 0.0 0.0
35 39 35 0.0 0.0 0.0 6.0 46.0 0.0 0.0
35 39 36 0.0 0.0 1.0 115.0 960.0 16.0 2.0
35 39 37 0.0 4.0 3.0 599.0 4606.0 90.0 30.0
35 39 38 0.0 8.0 49.0 1435.0 11545.0 217.0 317.0
35 39 39 0.0 4.0 37.0 2153.0 17285.0 307.0 726.0
35 39 40 0.0 10.0 42.0 2079.0 20064.0 332.0 1019.0
35 39 41 0.0 5.0 27.0 2020.0 18120.0 316.0 778.0
35 39 42 0.0 7.0 20.0 1280.0 11617.0 197.0 248.0
35 39 43 0.0 5.0 17.0 468.0 4543.0 81.0 34.0
35 39 44 0.0 0.0 1.0 81.0 936.0 20.0 1.0
35 39 45 0.0 0.0 0.0 0.0 53.0 1.0 0.0
35 40 35 0.0 0.0 0.0 5.0 66.0 1.0 0.0
35 40 36 0.0 0.0 3.0 129.0 1033.0 10.0 0.0
35 40 37 0.0 5.0 3.0 607.0 5332.0 104.0 62.0
35 40 38 0.0 1.0 23.0 1580.0 13138.0 234.0 442.0
35 40 39 0.0 30.0 49.0 2471.0 20312.0 334.0 1082.0
35 40 40 0.0 8.0 22.0 2443.0 22930.0 383.0 1377.0
35 40 41 0.0 41.0 53.0 2256.0 20623.0 372.0 1088.0
35 40 42 0.0 2.0 36.0 1394.0 13301.0 207.0 378.0
35 40 43 0.0 1.0 13.0 560.0 5469.0 112.0 58.0
35 40 44 0.0 1.0 1.0 113.0 1087.0 17.0 3.0
35 40 45 0.0 0.0 0.0 5.0 85.0 1.0 0.0
35 41 35 0.0 0.0 0.0 25.0 59.0 1.0 0.0
35 41 36 0.0 4.0 0.0 103.0 845.0 15.0 2.0
35 41 37 0.0 4.0 6.0 514.0 4226.0 79.0 35.0
35 41 38 0.0 3.0 9.0 1258.0 11471.0 194.0 266.0
35 41 39 0.0 1.0 46.0 1994.0 17531.0 283.0 694.0
35 41 40 0.0 3.0 43.0 2125.0 21041.0 368.0 1068.0
35 41 41 0.0 8.0 25.0 2059.0 18450.0 289.0 857.0
35 41 42 0.0 3.0 18.0 1225.0 11390.0 204.0 295.0
35 41 43 0.0 4.0 11.0 633.0 4699.0 70.0 31.0
35 41 44 0.0 0.0 0.0 82.0 862.0 15.0 0.0
35 41 45 0.0 0.0 0.0 2.0 57.0 1.0 0.0
35 42 35 0.0 0.0 0.0 3.0 22.0 0.0 0.0
35 42 36 0.0 0.0 3.0 49.0 441.0 5.0 0.0
35 42 37 0.0 1.0 3.0 275.0 2384.0 41.0 6.0
35 42 38 0.0 4.0 9.0 795.0 6624.0 153.0 88.0
35 42 39 0.0 2.0 6.0 1229.0 11491.0 198.0 298.0
35 42 40 0.0 14.0 41.0 1326.0 13297.0 254.0 359.0
35 42 41 0.0 7.0 12.0 1276.0 11714.0 203.0 332.0
35 42 42 0.0 8.0 11.0 764.0 6774.0 117.0 92.0
35 42 43 0.0 3.0 5.0 293.0 2457.0 58.0 9.0
35 42 44 0.0 0.0 2.0 42.0 569.0 5.0 1.0
35 42 45 0.0 0.0 0.0 11.0 19.0 1.0 0.0
35 43 35 0.0 0.0 0.0 1.0 2.0 0.0 0.0
35 43 36 0.0 3.0 0.0 18.0 125.0 5.0 0.0
35 43 37 0.0 1.0 2.0 79.0 837.0 10.0 0.0
35 43 38 0.0 2.0 5.0 314.0 2339.0 30.0 9.0
35 43 39 0.0 0.0 4.0 425.0 4584.0 87.0 37.0
35 43 40 0.0 0.0 5.0 606.0 5565.0 112.0 59.0
35 43 41 0.0 1.0 4.0 442.0 4788.0 102.0 35.0
35 43 42 0.0 0.0 5.0 289.0 2584.0 38.0 15.0
35 43 43 0.0 0.0 0.0 97.0 951.0 18.0 1.0
35 43 44 0.0 0.0 0.0 20.0 124.0 0.0 0.0
35 43 45 0.0 0.0 0.0 1.0 9.0 0.0 0.0
35 44 36 0.0 0.0 0.0 2.0 11.0 0.0 0.0
35 44 37 0.0 0.0 0.0 12.0 132.0 1.0 0.0
35 44 38 0.0 1.0 0.0 39.0 436.0 3.0 0.0
35 44 39 0.0 0.0 2.0 119.0 837.0 13.0 1.0
35 44 40 0.0 0.0 4.0 149.0 1023.0 12.0 2.0
35 44 41 0.0 1.0 0.0 114.0 1118.0 18.0 1.0
35 44 42 0.0 0.0 0.0 55.0 495.0 13.0 0.0
35 44 43 0.0 0.0 0.0 13.0 176.0 9.0 0.0
35 44 44 0.0 0.0 0.0 1.0 24.0 0.0 0.0
35 45 35 0.0 0.0 0.0 0.0 3.0 0.0 0.0
35 45 37 0.0 0.0 0.0 1.0 4.0 0.0 0.0
35 45 38 0.0 0.0 0.0 3.0 25.0 0.0 0.0
35 45 39 0.0 0.0 0.0 3.0 54.0 1.0 0.0
35 45 40 0.0 0.0 1.0 11.0 52.0 0.0 0.0
35 45 41 0.0 0.0 0.0 8.0 53.0 1.0 0.0
35 45 42 0.0 0.0 0.0 1.0 34.0 0.0 0.0
35 45 43 0.0 0.0 0.0 1.0 10.0 0.0 0.0
35 45 44 0.0 0.0 0.0 0.0 1.0 0.0 0.0
36 34 37 0.0 0.0 0.0 0.0 1.0 0.0 0.0
36 34 38 0.0 0.0 0.0 0.0 3.0 0.0 0.0
36 34 39 0.0 0.0 0.0 0.0 9.0 0.0 0.0
36 34 40 0.0 0.0 0.0 2.0 6.0 0.0 0.0
36 34 41 0.0 0.0 0.0 0.0 4.0 0.0 0.0
36 34 42 0.0 0.0 0.0 0.0 1.0 0.0 0.0
36 35 36 0.0 0.0 0.0 1.0 37.0 1.0 0.0
36 35 37 0.0 0.0 0.0 18.0 193.0 0.0 0.0
36 35 38 0.0 0.0 0.0 72.0 606.0 14.0 2.0
36 35 39 0.0 1.0 1.0 136.0 1158.0 21.0 1.0
36 35 40 0.0 0.0 3.0 153.0 1076.0 26.0 1.0
36 35 41 0.0 0.0 3.0 110.0 1025.0 27.0 2.0
36 35 42 0.0 0.0 1.0 43.0 521.0 10.0 1.0
36 35 43 0.0 0.0 2.0 14.0 165.0 2.0 0.0
36 35 44 0.0 0.0 0.0 6.0 29.0 1.0 0.0
36 35 45 0.0 0.0 0.0 0.0 2.0 0.0 0.0
36 36 35 0.0 0.0 0.0 6.0 22.0 1.0 0.0
36 36 36 0.0 0.0 5.0 64.0 694.0 17.0 0.0
36 36 37 0.0 0.0 4.0 332.0 3936.0 81.0 24.0
36 36 38 0.0 47.0 3.0 1117.0 9087.0 188.0 177.0
36 36 39 0.0 5.0 11.0 1447.0 13311.0 252.0 472.0
36 36 40 0.0 2.0 18.0 1577.0 16163.0 270.0 670.0
36 36 41 0.0 4.0 8.0 1218.0 13443.0 210.0 458.0
36 36 42 0.0 1.0 8.0 729.0 8402.0 170.0 134.0
36 36 43 0.0 0.0 1.0 431.0 3072.0 51.0 17.0
36 36 44 0.0 0.0 1.0 93.0 634.0 7.0 0.0
36 36 45 0.0 0.0 0.0 10.0 25.0 1.0 0.0
36 37 34 0.0 0.0 0.0 0.0 1.0 0.0 0.0
36 37 35 0.0 0.0 0.0 7.0 194.0 4.0 0.0
36 37 36 0.0 8.0 3.0 427.0 3687.0 64.0 25.0
36 37 37 0.0 6.0 27.0 1536.0 14619.0 266.0 545.0
36 37 38 0.0 14.0 26.0 2711.0 28886.0 451.0 2779.0
36 37 39 0.0 22.0 45.0 4036.0 37576.0 559.0 6040.0
36 37 40 0.0 10.0 108.0 4045.0 40551.0 548.0 7531.0
36 37 41 0.0 4.0 61.0 4139.0 37395.0 557.0 5800.0
36 37 42 0.0 7.0 38.0 2677.0 28681.0 391.0 2678.0
36 37 43 0.0 3.0 35.0 1364.0 13408.0 219.0 428.0
36 37 44 0.0 1.0 0.0 301.0 3600.0 74.0 33.0
36 37 45 0.0 0.0 0.0 5.0 126.0 1.0 0.0
36 38 34 0.0 0.0 0.0 1.0 3.0 0.0 0.0
36 38 35 0.0 0.0 0.0 40.0 567.0 6.0 0.0
36 38 36 0.0 2.0 15.0 868.0 9459.0 168.0 222.0
36 38 37 0.0 25.0 47.0 3118.0 28656.0 463.0 2905.0
36 38 38 0.0 17.0 114.0 4628.0 44823.0 579.0 10680.0
36 38 39 0.0 41.0 90.0 5650.0 49923.0 601.0 18763.0
36 38 40 0.0 19.0 77.0 5140.0 51338.0 617.0 22593.0
36 38 41 0.0 44.0 150.0 5151.0 50471.0 601.0 19089.0
36 38 42 0.0 16.0 74.0 4591.0 44456.0 647.0 10204.0
36 38 43 0.0 9.0 28.0 2640.0 27194.0 451.0 2371.0
36 38 44 0.0 2.0 4.0 752.0 8420.0 157.0 150.0
36 38 45 0.0 0.0 2.0 41.0 491.0 11.0 0.0
36 38 46 0.0 0.0 0.0 0.0 5.0 0.0 0.0
36 39 34 0.0 0.0 0.0 0.0 4.0 0.0 0.0
36 39 35 0.0 0.0 2.0 103.0 1053.0 17.0 0.0
36 39 36 0.0 3.0 18.0 1622.0 13399.0 239.0 481.0
36 39 37 0.0 21.0 56.0 4467.0 36821.0 597.0 5869.0
36 39 38 0.0 35.0 94.0 5140.0 50133.0 577.0 18576.0
36 39 39 0.0 21.0 106.0 5834.0 50862.0 533.0 29889.0
36 39 40 0.0 26.0 73.0 5169.0 51369.0 516.0 34235.0
36 39 41 0.0 42.0 139.0 5641.0 51171.0 550.0 30551.0
36 39 42 0.0 27.0 145.0 5091.0 49820.0 593.0 18865.0
36 39 43 0.0 9.0 53.0 4061.0 37282.0 565.0 5957.0
36 39 44 0.0 0.0 17.0 1245.0 12997.0 232.0 445.0
36 39 45 0.0 0.0 0.0 111.0 857.0 18.0 0.0
36 39 46 0.0 0.0 0.0 0.0 15.0 0.0 0.0
36 40 34 0.0 0.0 0.0 0.0 8.0 0.0 0.0
36 40 35 0.0 0.0 5.0 129.0 1248.0 31.0 0.0
36 40 36 0.0 8.0 25.0 1952.0 15112.0 277.0 538.0
36 40 37 0.0 23.0 58.0 4465.0 40494.0 541.0 7841.0
36 40 38 0.0 43.0 125.0 5776.0 50338.0 600.0 22121.0
36 40 39 0.0 30.0 99.0 6080.0 50441.0 535.0 33803.0
36 40 40 0.0 28.0 113.0 5534.0 50186.0 512.0 38101.0
36 40 41 0.0 36.0 128.0 5757.0 50922.0 545.0 34189.0
36 40 42 0.0 26.0 97.0 5323.0 50972.0 626.0 21620.0
36 40 43 0.0 22.0 59.0 4245.0 39939.0 564.0 7295.0
36 40 44 0.0 2.0 30.0 1474.0 15369.0 245.0 583.0
36 40 45 0.0 0.0 4.0 79.0 1181.0 18.0 2.0
36 40 46 0.0 0.0 0.0 0.0 4.0 0.0 0.0
36 41 34 0.0 0.0 0.0 0.0 2.0 0.0 0.0
36 41 35 0.0 1.0 2.0 80.0 881.0 16.0 1.0
36 41 36 0.0 9.0 11.0 1793.0 12976.0 233.0 444.0
36 41 37 0.0 21.0 48.0 3801.0 36757.0 545.0 5805.0
36 41 38 0.0 43.0 122.0 5997.0 49350.0 610.0 18132.0
36 41 39 0.0 29.0 112.0 5617.0 51168.0 569.0 29986.0
36 41 40 0.0 17.0 130.0 5746.0 50847.0 563.0 34202.0
36 41 41 0.0 39.0 91.0 5658.0 51227.0 520.0 30702.0
36 41 42 0.0 47.0 116.0 5394.0 49949.0 649.0 18922.0
36 41 43 0.0 5.0 69.0 4174.0 36561.0 521.0 5710.0
36 41 44 0.0 7.0 12.0 1365.0 13447.0 247.0 470.0
36 41 45 0.0 0.0 2.0 89.0 838.0 18.0 1.0
36 41 46 0.0 0.0 0.0 0.0 3.0 0.0 0.0
36 42 34 0.0 0.0 0.0 0.0 2.0 0.0 0.0
36 42 35 0.0 0.0 1.0 42.0 494.0 12.0 0.0
36 42 36 0.0 7.0 17.0 984.0 7688.0 134.0 144.0
36 42 37 0.0 95.0 61.0 4092.0 25857.0 437.0 2521.0
36 42 38 0.0 27.0 134.0 5009.0 43547.0 591.0 10021.0
36 42 39 0.0 9.0 106.0 5208.0 50034.0 628.0 18358.0
36 42 40 0.0 26.0 114.0 5504.0 50546.0 600.0 22280.0
36 42 41 0.0 9.0 92.0 5229.0 50340.0 603.0 19685.0
36 42 42 0.0 9.0 99.0 4809.0 44538.0 585.0 10735.0
36 42 43 0.0 1.0 59.0 2752.0 28757.0 474.0 2692.0
36 42 44 0.0 0.0 13.0 610.0 7695.0 125.0 122.0
36 42 45 0.0 0.0 1.0 50.0 459.0 5.0 0.0
36 42 46 0.0 0.0 0.0 0.0 2.0 0.0 0.0
36 43 35 0.0 0.0 0.0 9.0 113.0 2.0 0.0
36 43 36 0.0 8.0 3.0 361.0 2800.0 53.0 20.0
36 43 37 0.0 4.0 4.0 1509.0 12732.0 226.0 412.0
36 43 38 0.0 9.0 37.0 2734.0 26985.0 422.0 2362.0
36 43 39 0.0 19.0 76.0 3731.0 37003.0 528.0 5744.0
36 43 40 0.0 25.0 80.0 4710.0 40147.0 569.0 7527.0
36 43 41 0.0 37.0 37.0 4231.0 37174.0 575.0 5901.0
36 43 42 0.0 10.0 48.0 2986.0 28241.0 440.0 2613.0
36 43 43 0.0 1.0 19.0 1350.0 13633.0 252.0 448.0
36 43 44 0.0 0.0 2.0 235.0 3011.0 43.0 15.0
36 43 45 0.0 0.0 0.0 11.0 156.0 5.0 0.0
36 44 35 0.0 0.0 0.0 1.0 11.0 0.0 0.0
36 44 36 0.0 0.0 0.0 46.0 698.0 14.0 1.0
36 44 37 0.0 0.0 6.0 275.0 2955.0 50.0 15.0
36 44 38 0.0 3.0 9.0 672.0 7430.0 138.0 119.0
36 44 39 0.0 0.0 53.0 1227.0 12322.0 193.0 375.0
36 44 40 0.0 2.0 52.0 1403.0 15116.0 225.0 558.0
36 44 41 0.0 8.0 50.0 1393.0 13606.0 236.0 454.0
36 44 42 0.0 6.0 18.0 859.0 8735.0 157.0 145.0
36 44 43 0.0 5.0 10.0 251.0 3644.0 51.0 31.0
36 44 44 0.0 0.0 0.0 58.0 653.0 12.0 1.0
36 44 45 0.0 0.0 0.0 2.0 21.0 2.0 0.0
36 45 36 0.0 0.0 0.0 0.0 13.0 1.0 0.0
36 45 37 0.0 0.0 0.0 9.0 136.0 1.0 0.0
36 45 38 0.0 0.0 1.0 49.0 499.0 12.0 0.0
36 45 39 0.0 0.0 1.0 98.0 790.0 16.0 0.0
36 45 40 0.0 1.0 3.0 112.0 1256.0 30.0 3.0
36 45 41 0.0 2.0 1.0 87.0 946.0 12.0 1.0
36 45 42 0.0 0.0 0.0 70.0 575.0 20.0 0.0
36 45 43 0.0 0.0 0.0 17.0 157.0 2.0 0.0
36 45 44 0.0 0.0 0.0 2.0 24.0 1.0 0.0
36 46 38 0.0 0.0 0.0 1.0 3.0 0.0 0.0
36 46 39 0.0 0.0 0.0 0.0 2.0 0.0 0.0
36 46 40 0.0 0.0 0.0 0.0 5.0 0.0 0.0
36 46 41 0.0 0.0 0.0 0.0 2.0 0.0 0.0
36 46 42 0.0 0.0 0.0 0.0 2.0 0.0 0.0
37 34 37 0.0 0.0 0.0 0.0 7.0 0.0 0.0
37 34 38 0.0 2.0 0.0 2.0 24.0 1.0 0.0
37 34 39 0.0 0.0 0.0 7.0 37.0 0.0 0.0
37 34 40 0.0 0.0 1.0 11.0 65.0 3.0 0.0
37 34 41 0.0 0.0 0.0 2.0 41.0 0.0 0.0
37 34 42 0.0 0.0 0.0 1.0 20.0 0.0 0.0
37 34 43 0.0 0.0 0.0 1.0 2.0 0.0 0.0
37 35 35 0.0 0.0 0.0 0.0 11.0 0.0 0.0
37 35 36 0.0 6.0 2.0 45.0 163.0 3.0 0.0
37 35 37 0.0 0.0 0.0 134.0 1176.0 24.0 2.0
37 35 38 0.0 2.0 11.0 304.0 3389.0 49.0 21.0
37 35 39 0.0 4.0 10.0 612.0 5158.0 97.0 50.0
37 35 40 0.0 0.0 11.0 786.0 6184.0 108.0 66.0
37 35 41 0.0 0.0 15.0 663.0 4822.0 107.0 46.0
37 35 42 0.0 3.0 4.0 314.0 2682.0 42.0 11.0
37 35 43 0.0 0.0 0.0 79.0 1040.0 17.0 0.0
37 35 44 0.0 0.0 0.0 17.0 179.0 1.0 0.0
37 35 45 0.0 0.0 0.0 0.0 4.0 0.0 0.0
37 36 35 0.0 0.0 0.0 27.0 196.0 3.0 0.0
37 36 36 0.0 16.0 4.0 288.0 3677.0 55.0 24.0
37 36 37 0.0 3.0 17.0 1757.0 15303.0 274.0 655.0
37 36 38 0.0 24.0 32.0 3606.0 29899.0 475.0 3345.0
37 36 39 0.0 23.0 89.0 4938.0 38169.0 551.0 6722.0
37 36 40 0.0 7.0 71.0 4500.0 41632.0 565.0 8504.0
37 36 41 0.0 13.0 46.0 4199.0 38058.0 577.0 6296.0
37 36 42 0.0 5.0 29.0 3250.0 27950.0 481.0 2609.0
37 36 43 0.0 0.0 17.0 1328.0 14391.0 260.0 535.0
37 36 44 0.0 0.0 1.0 402.0 3297.0 65.0 18.0
37 36 45 0.0 0.0 0.0 9.0 139.0 4.0 0.0
37 36 46 0.0 0.0 0.0 0.0 1.0 0.0 0.0
37 37 34 0.0 0.0 0.0 6.0 1.0 0.0 0.0
37 37 35 0.0 0.0 0.0 128.0 1090.0 19.0 1.0
37 37 36 0.0 2.0 22.0 1292.0 14721.0 252.0 561.0
37 37 37 0.0 21.0 59.0 3982.0 43576.0 609.0 11100.0
37 37 38 0.0 11.0 69.0 5100.0 50514.0 586.0 29329.0
37 37 39 0.0 21.0 75.0 4919.0 47935.0 481.0 43427.0
37 37 40 0.0 15.0 101.0 5043.0 46783.0 439.0 47013.0
37 37 41 0.0 7.0 65.0 4428.0 48973.0 487.0 41784.0
37 37 42 0.0 12.0 68.0 4822.0 50011.0 572.0 28289.0
37 37 43 0.0 1.0 55.0 5082.0 42409.0 596.0 10121.0
37 37 44 0.0 0.0 24.0 1208.0 13177.0 208.0 413.0
37 37 45 0.0 0.0 2.0 72.0 1086.0 15.0 3.0
37 37 46 0.0 0.0 0.0 0.0 5.0 0.0 0.0
37 38 34 0.0 0.0 0.0 3.0 13.0 1.0 0.0
37 38 35 0.0 0.0 7.0 267.0 2858.0 63.0 13.0
37 38 36 0.0 7.0 134.0 2589.0 30672.0 471.0 3229.0
37 38 37 0.0 32.0 99.0 5514.0 49405.0 578.0 29760.0
37 38 38 0.0 41.0 97.0 4872.0 44468.0 455.0 56018.0
37 38 39 0.0 28.0 82.0 4247.0 38507.0 310.0 72102.0
37 38 40 0.0 30.0 68.0 4069.0 36759.0 293.0 75864.0
37 38 41 0.0 15.0 100.0 3962.0 39146.0 319.0 71687.0
37 38 42 0.0 17.0 84.0 4438.0 45728.0 414.0 54364.0
37 38 43 0.0 5.0 81.0 5147.0 50107.0 564.0 28634.0
37 38 44 0.0 13.0 54.0 2724.0 27876.0 454.0 2589.0
37 38 45 0.0 0.0 1.0 208.0 2657.0 43.0 10.0
37 38 46 0.0 0.0 0.0 0.0 20.0 0.0 0.0
37 39 34 0.0 0.0 0.0 4.0 24.0 0.0 0.0
37 39 35 0.0 5.0 7.0 511.0 4936.0 79.0 48.0
37 39 36 0.0 11.0 107.0 4105.0 38533.0 529.0 6384.0
37 39 37 0.0 28.0 106.0 5142.0 47818.0 479.0 43398.0
37 39 38 0.0 22.0 84.0 4490.0 38744.0 309.0 70473.0
37 39 39 0.0 26.0 80.0 3681.0 31458.0 243.0 87184.0
37 39 40 0.0 29.0 63.0 3444.0 30258.0 237.0 91959.0
37 39 41 0.0 25.0 70.0 3362.0 32344.0 240.0 86814.0
37 39 42 1.0 24.0 81.0 3982.0 38572.0 325.0 71760.0
37 39 43 0.0 20.0 96.0 4731.0 49119.0 498.0 40434.0
37 39 44 0.0 10.0 93.0 3606.0 37319.0 566.0 5686.0
37 39 45 0.0 1.0 16.0 455.0 4656.0 77.0 42.0
37 39 46 0.0 0.0 0.0 5.0 36.0 1.0 0.0
37 40 34 0.0 0.0 1.0 1.0 57.0 0.0 0.0
37 40 35 0.0 5.0 7.0 513.0 5768.0 126.0 58.0
37 40 36 0.0 14.0 74.0 4544.0 39838.0 547.0 7378.0
37 40 37 0.0 53.0 95.0 5607.0 46788.0 454.0 45598.0
37 40 38 0.0 37.0 82.0 4390.0 36679.0 288.0 75841.0
37 40 39 0.0 22.0 80.0 3637.0 30258.0 223.0 91068.0
37 40 40 0.0 26.0 57.0 3301.0 28440.0 202.0 95204.0
37 40 41 0.0 13.0 75.0 3446.0 30532.0 253.0 91102.0
37 40 42 0.0 24.0 104.0 4011.0 36815.0 300.0 76324.0
37 40 43 0.0 26.0 94.0 4528.0 47824.0 468.0 46433.0
37 40 44 0.0 14.0 105.0 4002.0 40079.0 570.0 7456.0
37 40 45 0.0 1.0 11.0 639.0 5443.0 98.0 59.0
37 40 46 0.0 0.0 0.0 9.0 40.0 1.0 0.0
37 41 34 0.0 0.0 0.0 5.0 29.0 1.0 0.0
37 41 35 0.0 7.0 48.0 459.0 4572.0 64.0 36.0
37 41 36 0.0 14.0 48.0 4232.0 37255.0 560.0 5909.0
37 41 37 0.0 62.0 100.0 6166.0 47479.0 520.0 41171.0
37 41 38 0.0 41.0 91.0 4832.0 38580.0 313.0 70298.0
37 41 39 0.0 27.0 75.0 3687.0 32553.0 270.0 86155.0
37 41 40 0.0 18.0 69.0 3364.0 30474.0 226.0 91426.0
37 41 41 0.0 14.0 88.0 3569.0 32191.0 243.0 87321.0
37 41 42 0.0 24.0 110.0 4130.0 39013.0 332.0 70624.0
37 41 43 0.0 8.0 133.0 5036.0 48850.0 521.0 40815.0
37 41 44 0.0 8.0 70.0 3587.0 37382.0 544.0 5721.0
37 41 45 0.0 0.0 11.0 451.0 4529.0 63.0 34.0
37 41 46 0.0 0.0 0.0 2.0 35.0 2.0 0.0
37 42 34 0.0 0.0 0.0 2.0 12.0 0.0 0.0
37 42 35 0.0 0.0 4.0 255.0 2506.0 48.0 9.0
37 42 36 0.0 5.0 59.0 2979.0 26670.0 432.0 2369.0
37 42 37 0.0 68.0 117.0 6732.0 48601.0 554.0 25890.0
37 42 38 0.0 47.0 101.0 5132.0 45322.0 442.0 53378.0
37 42 39 0.0 15.0 141.0 4400.0 38674.0 312.0 71232.0
37 42 40 0.0 20.0 86.0 4233.0 36779.0 301.0 75705.0
37 42 41 0.0 33.0 94.0 4443.0 38402.0 312.0 71508.0
37 42 42 0.0 21.0 105.0 4870.0 44983.0 403.0 55275.0
37 42 43 0.0 28.0 122.0 5389.0 50166.0 577.0 27151.0
37 42 44 0.0 1.0 78.0 2814.0 27963.0 450.0 2458.0
37 42 45 0.0 0.0 8.0 231.0 2781.0 56.0 14.0
37 42 46 0.0 0.0 0.0 1.0 29.0 1.0 0.0
37 43 35 0.0 0.0 0.0 85.0 818.0 13.0 0.0
37 43 36 0.0 5.0 16.0 1175.0 12115.0 194.0 353.0
37 43 37 0.0 13.0 104.0 3987.0 41484.0 561.0 8632.0
37 43 38 0.0 38.0 108.0 5634.0 50100.0 595.0 25665.0
37 43 39 0.0 25.0 125.0 5000.0 49331.0 486.0 39846.0
37 43 40 0.0 22.0 133.0 4505.0 47972.0 482.0 45468.0
37 43 41 0.0 25.0 130.0 5060.0 48141.0 512.0 41930.0
37 43 42 0.0 19.0 129.0 4940.0 50439.0 564.0 29411.0
37 43 43 0.0 6.0 100.0 4097.0 42902.0 616.0 9740.0
37 43 44 0.0 1.0 45.0 1246.0 14415.0 244.0 533.0
37 43 45 0.0 0.0 0.0 74.0 885.0 14.0 4.0
37 43 46 0.0 0.0 0.0 0.0 9.0 0.0 0.0
37 44 34 0.0 0.0 0.0 0.0 1.0 0.0 0.0
37 44 35 0.0 0.0 0.0 6.0 126.0 0.0 0.0
37 44 36 0.0 1.0 4.0 296.0 3026.0 52.0 22.0
37 44 37 0.0 9.0 22.0 1185.0 12515.0 235.0 345.0
37 44 38 0.0 11.0 33.0 2589.0 26960.0 433.0 2326.0
37 44 39 0.0 8.0 109.0 3973.0 36946.0 528.0 5664.0
37 44 40 0.0 21.0 59.0 3831.0 40173.0 534.0 7068.0
37 44 41 0.0 16.0 76.0 3824.0 37814.0 583.0 6153.0
37 44 42 0.0 13.0 25.0 2728.0 27901.0 452.0 2523.0
37 44 43 0.0 1.0 22.0 1286.0 14430.0 234.0 512.0
37 44 44 0.0 3.0 1.0 377.0 3823.0 73.0 37.0
37 44 45 0.0 0.0 2.0 26.0 162.0 6.0 0.0
37 45 35 0.0 0.0 0.0 0.0 2.0 0.0 0.0
37 45 36 0.0 0.0 0.0 13.0 137.0 1.0 0.0
37 45 37 0.0 0.0 0.0 75.0 733.0 13.0 1.0
37 45 38 0.0 1.0 8.0 254.0 2342.0 38.0 9.0
37 45 39 0.0 0.0 18.0 455.0 4122.0 59.0 32.0
37 45 40 0.0 0.0 8.0 426.0 5169.0 96.0 55.0
37 45 41 0.0 6.0 20.0 338.0 4413.0 87.0 23.0
37 45 42 0.0 0.0 8.0 227.0 2599.0 55.0 16.0
37 45 43 0.0 0.0 0.0 106.0 895.0 14.0 0.0
37 45 44 0.0 0.0 0.0 12.0 167.0 0.0 0.0
37 45 45 0.0 0.0 0.0 0.0 7.0 0.0 0.0
37 46 37 0.0 0.0 0.0 1.0 2.0 0.0 0.0
37 46 38 0.0 0.0 0.0 2.0 13.0 1.0 0.0
37 46 39 0.0 0.0 0.0 0.0 48.0 0.0 0.0
37 46 40 0.0 0.0 0.0 3.0 40.0 1.0 0.0
37 46 41 0.0 0.0 0.0 4.0 44.0 0.0 0.0
37 46 42 0.0 0.0 0.0 2.0 15.0 0.0 0.0
37 46 43 0.0 0.0 0.0 3.0 2.0 0.0 0.0
38 34 36 0.0 0.0 0.0 1.0 3.0 0.0 0.0
38 34 37 0.0 0.0 0.0 6.0 25.0 0.0 0.0
38 34 38 0.0 0.0 0.0 18.0 71.0 0.0 0.0
38 34 39 0.0 0.0 0.0 17.0 186.0 3.0 0.0
38 34 40 0.0 0.0 0.0 27.0 199.0 5.0 0.0
38 34 41 0.0 0.0 0.0 30.0 143.0 1.0 1.0
38 34 42 0.0 0.0 0.0 15.0 76.0 1.0 0.0
38 34 43 0.0 0.0 0.0 1.0 18.0 0.0 0.0
38 34 44 0.0 0.0 0.0 1.0 6.0 0.0 0.0
38 35 35 0.0 0.0 0.0 6.0 37.0 2.0 0.0
38 35 36 0.0 0.0 2.0 81.0 715.0 19.0 2.0
38 35 37 0.0 2.0 3.0 425.0 2952.0 47.0 21.0
38 35 38 0.0 7.0 26.0 1058.0 7772.0 158.0 142.0
38 35 39 0.0 2.0 17.0 1609.0 12669.0 225.0 366.0
38 35 40 0.0 3.0 33.0 1675.0 13856.0 195.0 484.0
38 35 41 0.0 2.0 26.0 1505.0 11931.0 218.0 325.0
38 35 42 0.0 1.0 6.0 999.0 6769.0 121.0 97.0
38 35 43 0.0 0.0 6.0 288.0 2546.0 46.0 13.0
38 35 44 0.0 0.0 0.0 43.0 612.0 14.0 1.0
38 35 45 0.0 0.0 0.0 4.0 31.0 1.0 0.0
38 36 34 0.0 0.0 0.0 0.0 3.0 0.0 0.0
38 36 35 0.0 0.0 0.0 42.0 517.0 11.0 0.0
38 36 36 0.0 1.0 2.0 980.0 9082.0 139.0 155.0
38 36 37 0.0 7.0 53.0 3407.0 30235.0 469.0 3355.0
38 36 38 0.0 30.0 88.0 5100.0 45242.0 579.0 12013.0
38 36 39 0.0 27.0 129.0 6391.0 49510.0 585.0 21542.0
38 36 40 0.0 12.0 111.0 6218.0 50318.0 617.0 23710.0
38 36 41 0.0 28.0 93.0 6312.0 49516.0 595.0 19745.0
38 36 42 0.0 18.0 57.0 5537.0 43757.0 590.0 10745.0
38 36 43 0.0 15.0 47.0 3107.0 28338.0 442.0 2845.0
38 36 44 0.0 0.0 9.0 815.0 8232.0 145.0 143.0
38 36 45 0.0 0.0 0.0 53.0 505.0 14.0 0.0
38 36 46 0.0 0.0 0.0 3.0 3.0 0.0 0.0
38 37 34 0.0 0.0 0.0 2.0 8.0 0.0 0.0
38 37 35 0.0 0.0 6.0 214.0 3001.0 50.0 17.0
38 37 36 0.0 8.0 31.0 2957.0 29289.0 464.0 2813.0
38 37 37 0.0 14.0 94.0 4516.0 50807.0 563.0 30899.0
38 37 38 0.0 14.0 134.0 5264.0 42961.0 433.0 58572.0
38 37 39 0.0 32.0 78.0 4769.0 36913.0 274.0 74377.0
38 37 40 0.0 21.0 79.0 4606.0 35000.0 276.0 78283.0
38 37 41 0.0 9.0 91.0 4381.0 37523.0 309.0 72442.0
38 37 42 0.0 12.0 66.0 5024.0 44069.0 422.0 56272.0
38 37 43 0.0 9.0 63.0 5100.0 50608.0 566.0 26819.0
38 37 44 0.0 10.0 30.0 2743.0 28749.0 455.0 2714.0
38 37 45 0.0 0.0 7.0 277.0 2516.0 46.0 14.0
38 37 46 0.0 0.0 0.0 1.0 23.0 0.0 0.0
38 38 34 0.0 0.0 0.0 5.0 77.0 0.0 0.0
38 38 35 0.0 3.0 14.0 676.0 7973.0 137.0 123.0
38 38 36 0.0 17.0 78.0 4332.0 45755.0 619.0 11449.0
38 38 37 0.0 25.0 58.0 4170.0 44857.0 401.0 56349.0
38 38 38 0.0 19.0 58.0 2937.0 28567.0 211.0 97700.0
38 38 39 0.0 14.0 46.0 2612.0 22431.0 146.0 112673.0
38 38 40 0.0 11.0 52.0 2433.0 20833.0 104.0 117182.0
38 38 41 0.0 25.0 58.0 2470.0 23082.0 129.0 111778.0
38 38 42 0.0 16.0 58.0 2998.0 29413.0 184.0 95835.0
38 38 43 0.0 14.0 78.0 4793.0 44678.0 387.0 55334.0
38 38 44 0.0 9.0 73.0 4191.0 44528.0 628.0 10304.0
38 38 45 0.0 0.0 14.0 655.0 6650.0 112.0 77.0
38 38 46 0.0 0.0 0.0 7.0 87.0 1.0 0.0
38 39 34 0.0 0.0 1.0 26.0 138.0 3.0 0.0
38 39 35 0.0 8.0 13.0 1023.0 11890.0 199.0 278.0
38 39 36 0.0 43.0 122.0 5187.0 49791.0 603.0 18949.0
38 39 37 0.0 40.0 94.0 4109.0 38659.0 311.0 72080.0
38 39 38 0.0 26.0 54.0 2577.0 22784.0 128.0 112443.0
38 39 39 0.0 23.0 36.0 2058.0 16975.0 98.0 126855.0
38 39 40 0.0 19.0 34.0 1858.0 15653.0 76.0 130171.0
38 39 41 0.0 13.0 68.0 1935.0 17305.0 95.0 125855.0
38 39 42 0.0 20.0 68.0 2405.0 23497.0 143.0 110853.0
38 39 43 0.0 19.0 92.0 3890.0 39250.0 341.0 71081.0
38 39 44 0.0 21.0 105.0 4978.0 49958.0 600.0 18637.0
38 39 45 0.0 4.0 9.0 1205.0 11048.0 188.0 280.0
38 39 46 0.0 0.0 0.0 6.0 120.0 2.0 0.0
38 40 34 0.0 0.0 0.0 15.0 166.0 7.0 0.0
38 40 35 0.0 2.0 28.0 1119.0 13452.0 221.0 410.0
38 40 36 0.0 25.0 139.0 5416.0 51284.0 603.0 22464.0
38 40 37 0.0 33.0 93.0 4071.0 37318.0 330.0 75393.0
38 40 38 0.0 20.0 51.0 2653.0 20972.0 136.0 115999.0
38 40 39 0.0 15.0 45.0 1849.0 15506.0 88.0 130141.0
38 40 40 0.0 13.0 39.0 1587.0 13849.0 72.0 134480.0
38 40 41 0.0 12.0 54.0 1702.0 15198.0 71.0 130841.0
38 40 42 0.0 9.0 57.0 2191.0 21367.0 115.0 116224.0
38 40 43 0.0 7.0 113.0 3702.0 37236.0 328.0 75808.0
38 40 44 0.0 14.0 148.0 5098.0 51544.0 596.0 22078.0
38 40 45 0.0 0.0 24.0 1350.0 12932.0 221.0 363.0
38 40 46 0.0 0.0 1.0 11.0 216.0 5.0 0.0
38 41 34 0.0 0.0 1.0 17.0 134.0 1.0 0.0
38 41 35 0.0 2.0 19.0 1147.0 10832.0 181.0 246.0
38 41 36 0.0 24.0 146.0 5455.0 49389.0 589.0 18576.0
38 41 37 0.0 24.0 114.0 4419.0 38824.0 290.0 70555.0
38 41 38 0.0 17.0 61.0 2849.0 23215.0 125.0 110263.0
38 41 39 0.0 14.0 60.0 2055.0 17443.0 93.0 125719.0
38 41 40 0.0 13.0 56.0 1687.0 15441.0 83.0 131061.0
38 41 41 0.0 18.0 48.0 1917.0 17132.0 98.0 127283.0
38 41 42 0.0 14.0 85.0 2469.0 23267.0 139.0 110996.0
38 41 43 0.0 17.0 73.0 4200.0 38816.0 343.0 70985.0
38 41 44 0.0 15.0 117.0 4681.0 50726.0 606.0 18660.0
38 41 45 0.0 0.0 14.0 1243.0 11450.0 194.0 253.0
38 41 46 0.0 0.0 0.0 19.0 129.0 3.0 0.0
38 42 34 0.0 0.0 0.0 9.0 91.0 1.0 0.0
38 42 35 0.0 1.0 17.0 645.0 6812.0 117.0 83.0
38 42 36 0.0 14.0 45.0 4945.0 43004.0 619.0 9307.0
38 42 37 0.0 30.0 98.0 4791.0 45489.0 391.0 53504.0
38 42 38 0.0 21.0 72.0 3126.0 29824.0 204.0 93993.0
38 42 39 0.0 15.0 76.0 2572.0 23242.0 154.0 110912.0
38 42 40 0.0 9.0 77.0 2333.0 21405.0 114.0 115887.0
38 42 41 0.0 19.0 90.0 2530.0 23254.0 157.0 111562.0
38 42 42 0.0 13.0 91.0 2950.0 28794.0 212.0 97010.0
38 42 43 0.0 15.0 111.0 4609.0 44923.0 384.0 55339.0
38 42 44 0.0 8.0 69.0 4757.0 44391.0 609.0 10633.0
38 42 45 0.0 1.0 20.0 744.0 7061.0 138.0 95.0
38 42 46 0.0 0.0 0.0 4.0 68.0 0.0 0.0
38 43 34 0.0 0.0 0.0 1.0 18.0 0.0 0.0
38 43 35 0.0 0.0 7.0 255.0 2403.0 42.0 8.0
38 43 36 0.0 1.0 30.0 2767.0 26557.0 441.0 2262.0
38 43 37 0.0 25.0 137.0 4751.0 50730.0 526.0 25408.0
38 43 38 0.0 21.0 126.0 4850.0 45364.0 440.0 53004.0
38 43 39 0.0 19.0 92.0 4288.0 38975.0 312.0 70379.0
38 43 40 0.0 22.0 105.0 3993.0 37311.0 314.0 75179.0
38 43 41 0.0 17.0 93.0 4229.0 39064.0 343.0 71014.0
38 43 42 0.0 28.0 101.0 4411.0 45369.0 426.0 55435.0
38 43 43 0.0 13.0 98.0 4962.0 50472.0 550.0 28933.0
38 43 44 0.0 3.0 74.0 2486.0 28837.0 445.0 2686.0
38 43 45 0.0 0.0 4.0 257.0 2811.0 60.0 16.0
38 43 46 0.0 0.0 0.0 2.0 14.0 0.0 0.0
38 44 35 0.0 0.0 0.0 51.0 539.0 10.0 1.0
38 44 36 0.0 5.0 4.0 673.0 7645.0 138.0 113.0
38 44 37 0.0 9.0 82.0 3084.0 26319.0 424.0 2287.0
38 44 38 0.0 28.0 105.0 4722.0 43004.0 623.0 9267.0
38 44 39 0.0 35.0 151.0 5243.0 49808.0 612.0 18314.0
38 44 40 0.0 8.0 129.0 5133.0 51230.0 616.0 21720.0
38 44 41 0.0 16.0 105.0 4761.0 50142.0 591.0 18139.0
38 44 42 0.0 19.0 108.0 4344.0 44644.0 641.0 10482.0
38 44 43 0.0 10.0 103.0 2959.0 28037.0 440.0 2617.0
38 44 44 0.0 2.0 11.0 748.0 9288.0 174.0 194.0
38 44 45 0.0 0.0 3.0 62.0 626.0 12.0 0.0
38 44 46 0.0 0.0 0.0 0.0 1.0 0.0 0.0
38 45 35 0.0 0.0 0.0 1.0 30.0 0.0 0.0
38 45 36 0.0 0.0 0.0 31.0 383.0 15.0 0.0
38 45 37 0.0 3.0 1.0 260.0 2330.0 43.0 6.0
38 45 38 0.0 0.0 11.0 736.0 6540.0 113.0 87.0
38 45 39 0.0 4.0 33.0 1138.0 10790.0 210.0 260.0
38 45 40 0.0 4.0 42.0 1162.0 13331.0 218.0 366.0
38 45 41 0.0 0.0 30.0 997.0 11112.0 181.0 271.0
38 45 42 0.0 2.0 10.0 638.0 6718.0 106.0 92.0
38 45 43 0.0 0.0 6.0 206.0 2903.0 50.0 11.0
38 45 44 0.0 0.0 1.0 55.0 579.0 16.0 0.0
38 45 45 0.0 0.0 0.0 3.0 32.0 0.0 0.0
38 46 36 0.0 0.0 0.0 0.0 1.0 0.0 0.0
38 46 37 0.0 0.0 0.0 3.0 16.0 0.0 0.0
38 46 38 0.0 0.0 0.0 2.0 61.0 0.0 0.0
38 46 39 0.0 0.0 0.0 30.0 99.0 3.0 0.0
38 46 40 0.0 0.0 0.0 5.0 134.0 1.0 0.0
38 46 41 0.0 0.0 0.0 17.0 134.0 2.0 0.0
38 46 42 0.0 0.0 1.0 16.0 67.0 0.0 0.0
38 46 43 0.0 0.0 0.0 3.0 16.0 0.0 0.0
38 46 44 0.0 0.0 0.0 0.0 6.0 0.0 0.0
39 34 35 0.0 0.0 0.0 0.0 3.0 0.0 0.0
39 34 36 0.0 0.0 0.0 0.0 9.0 0.0 0.0
39 34 37 0.0 0.0 0.0 8.0 53.0 0.0 0.0
39 34 38 0.0 0.0 0.0 18.0 143.0 2.0 0.0
39 34 39 0.0 0.0 0.0 47.0 316.0 8.0 0.0
39 34 40 0.0 0.0 2.0 45.0 407.0 12.0 0.0
39 34 41 0.0 0.0 0.0 41.0 359.0 5.0 0.0
39 34 42 0.0 0.0 0.0 24.0 115.0 0.0 0.0
39 34 43 0.0 0.0 0.0 9.0 46.0 2.0 0.0
39 34 44 0.0 0.0 0.0 0.0 1.0 0.0 0.0
39 35 35 0.0 0.0 0.0 1.0 52.0 0.0 0.0
39 35 36 0.0 0.0 1.0 132.0 1112.0 11.0 3.0
39 35 37 0.0 1.0 6.0 614.0 4907.0 97.0 35.0
39 35 38 0.0 5.0 22.0 1568.0 12651.0 230.0 399.0
39 35 39 0.0 7.0 37.0 2488.0 18986.0 328.0 956.0
39 35 40 0.0 6.0 21.0 3076.0 21059.0 364.0 1224.0
39 35 41 0.0 6.0 33.0 2366.0 18511.0 320.0 833.0
39 35 42 0.0 11.0 25.0 1740.0 11497.0 208.0 325.0
39 35 43 0.0 1.0 8.0 565.0 4882.0 84.0 38.0
39 35 44 0.0 1.0 0.0 132.0 898.0 15.0 2.0
39 35 45 0.0 0.0 0.0 5.0 52.0 0.0 0.0
39 36 34 0.0 0.0 0.0 0.0 11.0 0.0 0.0
39 36 35 0.0 0.0 5.0 100.0 1021.0 26.0 1.0
39 36 36 0.0 1.0 18.0 1324.0 14766.0 252.0 530.0
39 36 37 0.0 25.0 79.0 5022.0 38804.0 535.0 7398.0
39 36 38 0.0 39.0 104.0 6378.0 49943.0 599.0 20899.0
39 36 39 0.0 37.0 80.0 6908.0 50095.0 527.0 32777.0
39 36 40 0.0 22.0 103.0 6448.0 49709.0 522.0 35936.0
39 36 41 0.0 21.0 82.0 7109.0 49510.0 553.0 30738.0
39 36 42 0.0 34.0 97.0 6109.0 49140.0 560.0 18691.0
39 36 43 0.0 12.0 41.0 4515.0 36991.0 539.0 5961.0
39 36 44 0.0 5.0 32.0 1335.0 13213.0 214.0 442.0
39 36 45 0.0 3.0 2.0 83.0 966.0 16.0 2.0
39 36 46 0.0 0.0 0.0 0.0 1.0 0.0 0.0
39 37 34 0.0 0.0 0.0 2.0 42.0 0.0 0.0
39 37 35 0.0 0.0 18.0 391.0 5085.0 98.0 52.0
39 37 36 0.0 13.0 33.0 3688.0 39073.0 523.0 6591.0
39 37 37 0.0 42.0 82.0 4838.0 48076.0 500.0 43444.0
39 37 38 0.0 19.0 78.0 4577.0 36677.0 328.0 74395.0
39 37 39 0.0 12.0 67.0 4190.0 30920.0 212.0 88556.0
39 37 40 0.0 22.0 62.0 3961.0 29180.0 213.0 92893.0
39 37 41 0.0 14.0 63.0 4326.0 31252.0 257.0 87741.0
39 37 42 0.0 22.0 108.0 4899.0 38330.0 326.0 71249.0
39 37 43 0.0 12.0 93.0 5070.0 48381.0 467.0 42383.0
39 37 44 0.0 15.0 49.0 3999.0 37460.0 514.0 6252.0
39 37 45 0.0 1.0 14.0 454.0 4670.0 71.0 36.0
39 37 46 0.0 0.0 0.0 2.0 56.0 1.0 0.0
39 38 34 0.0 0.0 0.0 10.0 142.0 0.0 0.0
39 38 35 0.0 1.0 22.0 992.0 12500.0 231.0 334.0
39 38 36 0.0 17.0 115.0 4250.0 51384.0 596.0 20215.0
39 38 37 0.0 19.0 75.0 3792.0 38951.0 329.0 72573.0
39 38 38 0.0 18.0 48.0 2582.0 22643.0 131.0 112206.0
39 38 39 0.0 16.0 44.0 2181.0 16223.0 77.0 127853.0
39 38 40 0.0 11.0 50.0 1975.0 14762.0 76.0 131505.0
39 38 41 0.0 9.0 48.0 2172.0 16652.0 75.0 126704.0
39 38 42 0.0 16.0 49.0 2658.0 23341.0 156.0 110504.0
39 38 43 0.0 16.0 120.0 4087.0 38656.0 329.0 72200.0
39 38 44 0.0 11.0 138.0 4808.0 50439.0 586.0 18597.0
39 38 45 0.0 1.0 22.0 1042.0 12097.0 221.0 309.0
39 38 46 0.0 0.0 1.0 11.0 146.0 2.0 0.0
39 39 34 0.0 0.0 0.0 36.0 251.0 5.0 0.0
39 39 35 0.0 3.0 48.0 1674.0 18143.0 285.0 773.0
39 39 36 0.0 21.0 119.0 4729.0 52264.0 541.0 31124.0
39 39 37 0.0 19.0 64.0 3279.0 32280.0 227.0 87897.0
39 39 38 0.0 14.0 53.0 1891.0 17163.0 105.0 126988.0
39 39 39 0.0 12.0 21.0 1132.0 9604.0 27.0 153267.0
39 39 40 0.0 15.0 26.0 1042.0 8383.0 43.0 154206.0
39 39 41 0.0 5.0 29.0 1222.0 9558.0 29.0 151997.0
39 39 42 0.0 11.0 44.0 1823.0 17250.0 90.0 126232.0
39 39 43 0.0 8.0 82.0 3275.0 32543.0 221.0 86587.0
39 39 44 0.0 15.0 105.0 5298.0 52096.0 596.0 29386.0
39 39 45 0.0 5.0 42.0 1810.0 18152.0 295.0 835.0
39 39 46 0.0 0.0 0.0 27.0 310.0 8.0 0.0
39 40 34 0.0 0.0 1.0 43.0 337.0 4.0 0.0
39 40 35 0.0 4.0 56.0 2020.0 20648.0 334.0 1017.0
39 40 36 0.0 17.0 119.0 4740.0 51838.0 505.0 33981.0
39 40 37 0.0 9.0 97.0 3197.0 30915.0 204.0 90965.0
39 40 38 0.0 10.0 47.0 1720.0 15485.0 95.0 130600.0
39 40 39 0.0 8.0 32.0 993.0 8574.0 30.0 153745.0
39 40 40 0.0 0.0 30.0 810.0 7044.0 31.0 157007.0
39 40 41 0.0 5.0 32.0 996.0 8707.0 21.0 153400.0
39 40 42 0.0 12.0 46.0 1620.0 15519.0 65.0 130408.0
39 40 43 0.0 18.0 94.0 3182.0 30767.0 243.0 90462.0
39 40 44 0.0 13.0 113.0 5302.0 50897.0 524.0 33960.0
39 40 45 0.0 4.0 28.0 2108.0 20164.0 332.0 991.0
39 40 46 0.0 0.0 1.0 46.0 310.0 3.0 0.0
39 41 34 0.0 0.0 1.0 33.0 258.0 2.0 0.0
39 41 35 0.0 5.0 53.0 1691.0 17535.0 306.0 712.0
39 41 36 0.0 14.0 114.0 4955.0 52069.0 551.0 29516.0
39 41 37 0.0 19.0 88.0 3366.0 32564.0 270.0 86382.0
39 41 38 0.0 20.0 59.0 1929.0 17473.0 104.0 125377.0
39 41 39 0.0 6.0 25.0 1082.0 9959.0 31.0 150776.0
39 41 40 0.0 6.0 29.0 942.0 8735.0 37.0 154443.0
39 41 41 0.0 7.0 37.0 1071.0 9894.0 28.0 151936.0
39 41 42 0.0 13.0 67.0 1955.0 17306.0 100.0 126237.0
39 41 43 0.0 12.0 108.0 3415.0 32470.0 231.0 86891.0
39 41 44 0.0 12.0 139.0 5631.0 51407.0 563.0 29807.0
39 41 45 0.0 7.0 53.0 1893.0 17491.0 311.0 702.0
39 41 46 0.0 0.0 0.0 26.0 258.0 4.0 0.0
39 42 34 0.0 0.0 0.0 13.0 159.0 3.0 0.0
39 42 35 0.0 0.0 38.0 1057.0 11020.0 183.0 250.0
39 42 36 0.0 45.0 77.0 4675.0 50063.0 623.0 17702.0
39 42 37 0.0 24.0 98.0 3926.0 39566.0 300.0 69566.0
39 42 38 0.0 16.0 59.0 2522.0 23622.0 124.0 110692.0
39 42 39 0.0 16.0 38.0 1844.0 17300.0 85.0 126225.0
39 42 40 0.0 13.0 52.0 1759.0 15488.0 93.0 130373.0
39 42 41 0.0 21.0 64.0 1757.0 17159.0 102.0 127015.0
39 42 42 0.0 17.0 69.0 2376.0 22859.0 141.0 113355.0
39 42 43 0.0 10.0 116.0 3783.0 38886.0 294.0 71984.0
39 42 44 0.0 8.0 99.0 5329.0 49990.0 619.0 19216.0
39 42 45 0.0 1.0 23.0 1060.0 11617.0 216.0 274.0
39 42 46 0.0 0.0 2.0 17.0 171.0 7.0 0.0
39 43 34 0.0 0.0 0.0 1.0 39.0 0.0 0.0
39 43 35 0.0 3.0 0.0 471.0 4445.0 86.0 26.0
39 43 36 0.0 8.0 75.0 3717.0 37320.0 558.0 5596.0
39 43 37 0.0 13.0 70.0 4521.0 49638.0 538.0 39487.0
39 43 38 0.0 19.0 69.0 4197.0 39821.0 331.0 69077.0
39 43 39 0.0 20.0 80.0 3364.0 32433.0 235.0 86499.0
39 43 40 0.0 14.0 93.0 3299.0 30777.0 225.0 90618.0
39 43 41 0.0 13.0 112.0 3277.0 32622.0 255.0 86563.0
39 43 42 0.0 11.0 133.0 4063.0 38903.0 350.0 72144.0
39 43 43 0.0 24.0 151.0 4697.0 47996.0 520.0 42868.0
39 43 44 0.0 12.0 161.0 3459.0 38559.0 551.0 6044.0
39 43 45 0.0 1.0 15.0 396.0 4873.0 89.0 39.0
39 43 46 0.0 0.0 0.0 4.0 58.0 2.0 0.0
39 44 34 0.0 0.0 0.0 0.0 3.0 0.0 0.0
39 44 35 0.0 0.0 1.0 78.0 984.0 13.0 2.0
39 44 36 0.0 1.0 16.0 1169.0 12771.0 203.0 413.0
39 44 37 0.0 27.0 56.0 3419.0 35992.0 549.0 4961.0
39 44 38 0.0 42.0 116.0 5638.0 49240.0 628.0 17794.0
39 44 39 0.0 13.0 106.0 5336.0 51710.0 584.0 28902.0
39 44 40 0.0 21.0 129.0 5166.0 51738.0 518.0 33903.0
39 44 41 0.0 25.0 141.0 5090.0 51557.0 578.0 30338.0
39 44 42 0.0 11.0 91.0 5206.0 50128.0 615.0 19097.0
39 44 43 0.0 19.0 100.0 3467.0 39015.0 586.0 6511.0
39 44 44 0.0 1.0 33.0 1398.0 14022.0 208.0 487.0
39 44 45 0.0 1.0 2.0 113.0 872.0 17.0 2.0
39 44 46 0.0 0.0 0.0 0.0 5.0 0.0 0.0
39 45 35 0.0 0.0 0.0 6.0 22.0 0.0 0.0
39 45 36 0.0 0.0 6.0 69.0 895.0 20.0 0.0
39 45 37 0.0 1.0 9.0 426.0 4185.0 71.0 31.0
39 45 38 0.0 2.0 22.0 1063.0 10421.0 204.0 232.0
39 45 39 0.0 12.0 42.0 1975.0 17105.0 294.0 675.0
39 45 40 0.0 5.0 25.0 2058.0 20499.0 330.0 1016.0
39 45 41 0.0 3.0 44.0 1716.0 18057.0 298.0 692.0
39 45 42 0.0 3.0 35.0 1236.0 11270.0 168.0 283.0
39 45 43 0.0 3.0 4.0 480.0 4742.0 89.0 33.0
39 45 44 0.0 0.0 4.0 124.0 1057.0 19.0 0.0
39 45 45 0.0 0.0 0.0 3.0 46.0 2.0 0.0
39 46 36 0.0 0.0 0.0 0.0 6.0 0.0 0.0
39 46 37 0.0 0.0 0.0 9.0 26.0 2.0 0.0
39 46 38 0.0 0.0 0.0 10.0 88.0 1.0 0.0
39 46 39 0.0 0.0 0.0 30.0 270.0 7.0 0.0
39 46 40 0.0 0.0 0.0 42.0 339.0 5.0 0.0
39 46 41 0.0 0.0 2.0 28.0 279.0 6.0 0.0
39 46 42 0.0 0.0 0.0 24.0 117.0 1.0 0.0
39 46 43 0.0 0.0 1.0 2.0 35.0 0.0 0.0
39 46 44 0.0 0.0 0.0 0.0 6.0 1.0 0.0
40 34 36 0.0 0.0 0.0 1.0 4.0 0.0 0.0
40 34 37 0.0 0.0 0.0 10.0 65.0 3.0 0.0
40 34 38 0.0 0.0 0.0 32.0 193.0 10.0 0.0
40 34 39 0.0 1.0 1.0 51.0 385.0 8.0 0.0
40 34 40 0.0 1.0 2.0 61.0 469.0 8.0 0.0
40 34 41 0.0 1.0 1.0 54.0 357.0 7.0 1.0
40 34 42 0.0 0.0 1.0 26.0 203.0 6.0 0.0
40 34 43 0.0 0.0 0.0 6.0 72.0 0.0 0.0
40 34 44 0.0 0.0 0.0 1.0 7.0 0.0 0.0
40 35 35 0.0 0.0 0.0 12.0 86.0 1.0 0.0
40 35 36 0.0 2.0 2.0 152.0 1289.0 27.0 3.0
40 35 37 0.0 0.0 5.0 898.0 5923.0 139.0 83.0
40 35 38 0.0 6.0 16.0 2200.0 13845.0 214.0 472.0
40 35 39 0.0 8.0 31.0 2767.0 20930.0 349.0 1136.0
40 35 40 0.0 13.0 50.0 3532.0 23324.0 401.0 1592.0
40 35 41 0.0 11.0 47.0 3011.0 20571.0 320.0 1134.0
40 35 42 0.0 7.0 17.0 1899.0 13865.0 229.0 498.0
40 35 43 0.0 2.0 6.0 867.0 5542.0 100.0 78.0
40 35 44 0.0 0.0 0.0 152.0 1251.0 19.0 2.0
40 35 45 0.0 0.0 0.0 5.0 76.0 3.0 0.0
40 36 34 0.0 0.0 3.0 0.0 10.0 0.0 0.0
40 36 35 0.0 0.0 2.0 131.0 1346.0 29.0 2.0
40 36 36 0.0 6.0 22.0 1519.0 15497.0 274.0 626.0
40 36 37 0.0 38.0 58.0 5671.0 40592.0 573.0 8217.0
40 36 38 0.0 17.0 81.0 6994.0 49421.0 636.0 24074.0
40 36 39 0.0 27.0 93.0 7511.0 48975.0 526.0 36037.0
40 36 40 0.0 25.0 73.0 7211.0 47951.0 526.0 39010.0
40 36 41 0.0 44.0 86.0 7250.0 49345.0 552.0 34451.0
40 36 42 0.0 25.0 102.0 6975.0 49328.0 601.0 22700.0
40 36 43 0.0 19.0 109.0 5274.0 39500.0 545.0 7839.0
40 36 44 0.0 9.0 21.0 1589.0 15905.0 302.0 600.0
40 36 45 0.0 0.0 1.0 126.0 1250.0 19.0 1.0
40 36 46 0.0 0.0 0.0 0.0 3.0 0.0 0.0
40 37 34 0.0 0.0 0.0 6.0 64.0 1.0 0.0
40 37 35 0.0 1.0 17.0 508.0 6266.0 112.0 83.0
40 37 36 0.0 22.0 91.0 3912.0 42068.0 598.0 8191.0
40 37 37 0.0 27.0 95.0 4975.0 46562.0 457.0 47440.0
40 37 38 0.0 30.0 70.0 4819.0 34542.0 292.0 78660.0
40 37 39 0.0 22.0 61.0 4130.0 28758.0 224.0 92668.0
40 37 40 0.0 18.0 55.0 4139.0 27119.0 196.0 96363.0
40 37 41 0.0 25.0 84.0 4226.0 29276.0 227.0 91768.0
40 37 42 0.0 17.0 74.0 4692.0 35931.0 321.0 76501.0
40 37 43 0.0 28.0 131.0 5099.0 47153.0 469.0 46140.0
40 37 44 0.0 22.0 114.0 3755.0 41604.0 582.0 8002.0
40 37 45 0.0 0.0 10.0 588.0 5685.0 113.0 50.0
40 37 46 0.0 0.0 0.0 8.0 59.0 2.0 0.0
40 38 34 0.0 0.0 1.0 19.0 178.0 0.0 0.0
40 38 35 0.0 2.0 30.0 1302.0 14304.0 258.0 439.0
40 38 36 0.0 12.0 84.0 4701.0 52034.0 598.0 23189.0
40 38 37 0.0 29.0 82.0 3616.0 36933.0 268.0 77252.0
40 38 38 0.0 22.0 62.0 2424.0 20725.0 138.0 117276.0
40 38 39 0.0 16.0 48.0 1955.0 14851.0 78.0 131359.0
40 38 40 0.0 12.0 38.0 1890.0 13097.0 56.0 135419.0
40 38 41 0.0 7.0 48.0 2104.0 14922.0 80.0 130370.0
40 38 42 0.0 18.0 70.0 2528.0 20772.0 115.0 116794.0
40 38 43 0.0 23.0 81.0 3967.0 36849.0 297.0 76275.0
40 38 44 0.0 9.0 106.0 5049.0 51105.0 576.0 22528.0
40 38 45 0.0 9.0 26.0 1407.0 12986.0 240.0 399.0
40 38 46 0.0 0.0 0.0 9.0 130.0 1.0 0.0
40 39 34 0.0 0.0 0.0 35.0 369.0 7.0 0.0
40 39 35 0.0 2.0 27.0 1926.0 21563.0 333.0 1131.0
40 39 36 0.0 21.0 91.0 4618.0 52063.0 519.0 34602.0
40 39 37 0.0 13.0 77.0 2940.0 30365.0 203.0 92596.0
40 39 38 0.0 9.0 49.0 1524.0 15596.0 90.0 129943.0
40 39 39 0.0 8.0 26.0 987.0 8503.0 25.0 154565.0
40 39 40 0.0 5.0 26.0 894.0 7024.0 19.0 159687.0
40 39 41 0.0 3.0 28.0 1053.0 8692.0 35.0 153399.0
40 39 42 0.0 15.0 49.0 1765.0 15303.0 78.0 129965.0
40 39 43 0.0 8.0 80.0 3191.0 30763.0 267.0 91289.0
40 39 44 0.0 13.0 104.0 5065.0 51305.0 507.0 35008.0
40 39 45 0.0 0.0 59.0 2173.0 20305.0 349.0 996.0
40 39 46 0.0 0.0 0.0 36.0 318.0 5.0 0.0
40 40 34 0.0 0.0 0.0 30.0 452.0 8.0 0.0
40 40 35 0.0 8.0 34.0 2250.0 23932.0 371.0 1418.0
40 40 36 0.0 29.0 96.0 4926.0 50686.0 550.0 38312.0
40 40 37 0.0 17.0 92.0 2912.0 29052.0 216.0 95206.0
40 40 38 0.0 8.0 39.0 1436.0 13855.0 68.0 133695.0
40 40 39 0.0 3.0 24.0 839.0 7286.0 18.0 156996.0
40 40 40 0.0 8.0 21.0 532.0 4849.0 5.0 177772.0
40 40 41 0.0 4.0 23.0 838.0 7353.0 22.0 157893.0
40 40 42 0.0 8.0 67.0 1487.0 13809.0 64.0 134706.0
40 40 43 0.0 21.0 98.0 3067.0 29096.0 210.0 95078.0
40 40 44 0.0 56.0 129.0 5785.0 50304.0 502.0 37866.0
40 40 45 0.0 3.0 40.0 2391.0 23436.0 384.0 1393.0
40 40 46 0.0 0.0 0.0 34.0 487.0 13.0 0.0
40 41 34 0.0 0.0 0.0 28.0 405.0 3.0 0.0
40 41 35 0.0 6.0 63.0 1928.0 21006.0 315.0 1055.0
40 41 36 0.0 16.0 93.0 4813.0 51651.0 535.0 34107.0
40 41 37 0.0 18.0 80.0 2942.0 30764.0 220.0 91362.0
40 41 38 0.0 12.0 53.0 1643.0 15920.0 80.0 129934.0
40 41 39 0.0 11.0 22.0 953.0 8587.0 42.0 154319.0
40 41 40 0.0 2.0 29.0 761.0 7252.0 24.0 157172.0
40 41 41 0.0 2.0 24.0 890.0 8521.0 29.0 155508.0
40 41 42 0.0 9.0 58.0 1644.0 15353.0 93.0 130498.0
40 41 43 0.0 19.0 84.0 3278.0 30165.0 218.0 92319.0
40 41 44 0.0 20.0 140.0 5333.0 51672.0 549.0 34007.0
40 41 45 0.0 13.0 59.0 2223.0 20906.0 366.0 1024.0
40 41 46 0.0 0.0 1.0 45.0 388.0 8.0 1.0
40 42 34 0.0 0.0 0.0 26.0 175.0 2.0 0.0
40 42 35 0.0 4.0 15.0 1306.0 13310.0 231.0 391.0
40 42 36 0.0 38.0 78.0 4833.0 51336.0 584.0 21883.0
40 42 37 0.0 12.0 103.0 3527.0 37306.0 313.0 75670.0
40 42 38 0.0 4.0 54.0 2086.0 21917.0 128.0 115267.0
40 42 39 0.0 20.0 55.0 1644.0 15937.0 91.0 129777.0
40 42 40 0.0 6.0 62.0 1552.0 14088.0 71.0 134010.0
40 42 41 0.0 14.0 62.0 1532.0 15686.0 65.0 130652.0
40 42 42 0.0 18.0 86.0 2173.0 21133.0 118.0 116762.0
40 42 43 0.0 16.0 117.0 3679.0 36896.0 292.0 76925.0
40 42 44 0.0 33.0 152.0 5512.0 50485.0 590.0 22820.0
40 42 45 0.0 14.0 38.0 1432.0 13640.0 248.0 416.0
40 42 46 0.0 0.0 0.0 18.0 167.0 0.0 0.0
40 43 34 0.0 0.0 0.0 9.0 47.0 1.0 0.0
40 43 35 0.0 5.0 7.0 459.0 5738.0 114.0 64.0
40 43 36 0.0 5.0 127.0 3692.0 39991.0 545.0 7143.0
40 43 37 0.0 18.0 109.0 4366.0 48144.0 515.0 45735.0
40 43 38 0.0 23.0 113.0 3648.0 37723.0 310.0 74900.0
40 43 39 0.0 23.0 94.0 3291.0 30373.0 238.0 90969.0
40 43 40 0.0 18.0 94.0 3058.0 28998.0 232.0 94933.0
40 43 41 0.0 18.0 111.0 3196.0 30748.0 211.0 91390.0
40 43 42 0.0 20.0 126.0 3699.0 36607.0 280.0 76596.0
40 43 43 0.0 13.0 203.0 4441.0 47156.0 468.0 47622.0
40 43 44 0.0 17.0 195.0 3976.0 41164.0 552.0 7768.0
40 43 45 0.0 0.0 14.0 565.0 5914.0 113.0 71.0
40 43 46 0.0 0.0 0.0 5.0 54.0 2.0 0.0
40 44 34 0.0 0.0 0.0 1.0 2.0 0.0 0.0
40 44 35 0.0 0.0 4.0 107.0 1075.0 16.0 0.0
40 44 36 0.0 11.0 20.0 1358.0 14712.0 236.0 563.0
40 44 37 0.0 15.0 60.0 3653.0 39690.0 573.0 6888.0
40 44 38 0.0 22.0 93.0 5161.0 50891.0 589.0 21276.0
40 44 39 0.0 34.0 152.0 5490.0 50874.0 564.0 33452.0
40 44 40 0.0 21.0 145.0 5267.0 50438.0 523.0 37799.0
40 44 41 0.0 13.0 140.0 5174.0 51321.0 574.0 34621.0
40 44 42 0.0 6.0 98.0 5325.0 50873.0 590.0 22919.0
40 44 43 0.0 23.0 80.0 4058.0 41222.0 578.0 7950.0
40 44 44 0.0 1.0 59.0 1583.0 16532.0 286.0 687.0
40 44 45 0.0 0.0 4.0 77.0 1237.0 19.0 4.0
40 44 46 0.0 0.0 0.0 1.0 12.0 1.0 0.0
40 45 35 0.0 0.0 0.0 5.0 77.0 2.0 0.0
40 45 36 0.0 1.0 2.0 106.0 1163.0 19.0 2.0
40 45 37 0.0 0.0 13.0 590.0 5677.0 98.0 56.0
40 45 38 0.0 13.0 26.0 1443.0 12249.0 245.0 331.0
40 45 39 0.0 8.0 30.0 2146.0 20265.0 342.0 1074.0
40 45 40 0.0 8.0 56.0 2230.0 23350.0 394.0 1370.0
40 45 41 0.0 4.0 47.0 2091.0 20776.0 346.0 1052.0
40 45 42 0.0 3.0 27.0 1365.0 13715.0 244.0 410.0
40 45 43 0.0 3.0 2.0 534.0 5914.0 97.0 69.0
40 45 44 0.0 0.0 1.0 118.0 1262.0 21.0 2.0
40 45 45 0.0 0.0 4.0 7.0 67.0 1.0 0.0
40 45 46 0.0 0.0 0.0 0.0 1.0 0.0 0.0
40 46 35 0.0 0.0 0.0 0.0 1.0 0.0 0.0
40 46 36 0.0 0.0 0.0 0.0 10.0 1.0 0.0
40 46 37 0.0 0.0 0.0 9.0 37.0 1.0 0.0
40 46 38 0.0 0.0 0.0 24.0 157.0 6.0 1.0
40 46 39 0.0 0.0 0.0 35.0 341.0 2.0 0.0
40 46 40 0.0 0.0 0.0 58.0 466.0 3.0 0.0
40 46 41 0.0 0.0 1.0 30.0 370.0 9.0 0.0
40 46 42 0.0 0.0 0.0 23.0 181.0 3.0 0.0
40 46 43 0.0 0.0 0.0 5.0 44.0 2.0 0.0
40 46 44 0.0 0.0 0.0 1.0 11.0 0.0 0.0
41 34 36 0.0 0.0 0.0 1.0 5.0 0.0 0.0
41 34 37 0.0 0.0 0.0 6.0 52.0 1.0 0.0
41 34 38 0.0 0.0 0.0 20.0 142.0 1.0 0.0
41 34 39 0.0 0.0 0.0 52.0 303.0 6.0 0.0
41 34 40 0.0 0.0 0.0 57.0 357.0 11.0 0.0
41 34 41 0.0 0.0 0.0 43.0 259.0 3.0 0.0
41 34 42 0.0 0.0 0.0 16.0 164.0 3.0 0.0
41 34 43 0.0 0.0 0.0 8.0 46.0 2.0 0.0
41 34 44 0.0 0.0 0.0 0.0 3.0 0.0 0.0
41 35 35 0.0 0.0 0.0 8.0 71.0 2.0 0.0
41 35 36 0.0 0.0 4.0 95.0 1120.0 18.0 2.0
41 35 37 0.0 1.0 21.0 638.0 4780.0 101.0 47.0
41 35 38 0.0 12.0 12.0 1718.0 12269.0 235.0 359.0
41 35 39 0.0 10.0 51.0 2612.0 18001.0 333.0 780.0
41 35 40 0.0 28.0 26.0 3332.0 20331.0 376.0 1180.0
41 35 41 0.0 13.0 46.0 3100.0 17512.0 287.0 896.0
41 35 42 0.0 10.0 31.0 1746.0 11164.0 221.0 274.0
41 35 43 0.0 1.0 8.0 702.0 4708.0 91.0 60.0
41 35 44 0.0 2.0 1.0 141.0 938.0 15.0 2.0
41 35 45 0.0 0.0 0.0 1.0 61.0 1.0 0.0
41 36 34 0.0 0.0 0.0 0.0 7.0 0.0 0.0
41 36 35 0.0 0.0 0.0 117.0 1021.0 24.0 1.0
41 36 36 0.0 12.0 41.0 1854.0 14327.0 255.0 561.0
41 36 37 0.0 10.0 120.0 4500.0 38290.0 544.0 6483.0
41 36 38 0.0 29.0 62.0 6897.0 48984.0 613.0 20507.0
41 36 39 0.0 59.0 87.0 7921.0 49032.0 565.0 31602.0
41 36 40 0.0 39.0 106.0 7377.0 49043.0 519.0 35079.0
41 36 41 0.0 29.0 107.0 7924.0 48764.0 580.0 30964.0
41 36 42 0.0 44.0 150.0 6988.0 48248.0 578.0 19742.0
41 36 43 0.0 6.0 44.0 5037.0 36688.0 591.0 6100.0
41 36 44 0.0 11.0 24.0 1317.0 13768.0 277.0 510.0
41 36 45 0.0 3.0 2.0 69.0 1034.0 25.0 4.0
41 36 46 0.0 0.0 0.0 0.0 13.0 0.0 0.0
41 37 34 0.0 0.0 0.0 6.0 43.0 0.0 0.0
41 37 35 0.0 3.0 11.0 417.0 4931.0 95.0 38.0
41 37 36 0.0 7.0 84.0 3776.0 39060.0 558.0 6650.0
41 37 37 0.0 41.0 101.0 5629.0 47582.0 502.0 42988.0
41 37 38 0.0 25.0 119.0 4557.0 37505.0 302.0 72966.0
41 37 39 0.0 18.0 59.0 4270.0 30790.0 206.0 87951.0
41 37 40 0.0 35.0 54.0 4577.0 28707.0 220.0 92451.0
41 37 41 0.0 40.0 69.0 4709.0 30782.0 221.0 87255.0
41 37 42 0.0 44.0 96.0 5596.0 37413.0 316.0 71213.0
41 37 43 0.0 26.0 130.0 5249.0 48545.0 532.0 41303.0
41 37 44 0.0 7.0 91.0 3733.0 37309.0 571.0 5894.0
41 37 45 0.0 0.0 5.0 502.0 4941.0 84.0 44.0
41 37 46 0.0 0.0 0.0 6.0 49.0 0.0 0.0
41 38 34 0.0 0.0 0.0 9.0 133.0 1.0 0.0
41 38 35 0.0 4.0 23.0 1138.0 11695.0 193.0 300.0
41 38 36 0.0 37.0 64.0 4514.0 50728.0 599.0 19681.0
41 38 37 0.0 16.0 103.0 3895.0 38871.0 337.0 71857.0
41 38 38 0.0 16.0 75.0 2464.0 22955.0 130.0 111851.0
41 38 39 0.0 19.0 34.0 2138.0 16646.0 89.0 126838.0
41 38 40 0.0 13.0 41.0 2020.0 14946.0 78.0 130725.0
41 38 41 0.0 12.0 47.0 2322.0 16367.0 86.0 127073.0
41 38 42 0.0 11.0 47.0 2778.0 22637.0 135.0 112042.0
41 38 43 0.0 21.0 99.0 4153.0 38476.0 331.0 71429.0
41 38 44 0.0 43.0 84.0 5736.0 49775.0 584.0 19252.0
41 38 45 0.0 3.0 23.0 1230.0 11510.0 195.0 285.0
41 38 46 0.0 0.0 0.0 11.0 120.0 2.0 0.0
41 39 34 0.0 0.0 0.0 23.0 281.0 6.0 0.0
41 39 35 0.0 9.0 37.0 1622.0 18461.0 285.0 793.0
41 39 36 0.0 6.0 125.0 4375.0 52860.0 558.0 30378.0
41 39 37 0.0 19.0 72.0 2856.0 32603.0 226.0 88071.0
41 39 38 0.0 9.0 56.0 1716.0 17132.0 99.0 126345.0
41 39 39 0.0 17.0 36.0 1135.0 9851.0 31.0 151382.0
41 39 40 0.0 4.0 28.0 1078.0 8647.0 37.0 152797.0
41 39 41 0.0 7.0 37.0 1169.0 9689.0 39.0 151724.0
41 39 42 0.0 14.0 58.0 1967.0 17214.0 75.0 126912.0
41 39 43 0.0 8.0 86.0 3284.0 32354.0 236.0 87003.0
41 39 44 0.0 24.0 108.0 5350.0 51421.0 527.0 30709.0
41 39 45 0.0 6.0 55.0 2035.0 18416.0 288.0 793.0
41 39 46 0.0 0.0 0.0 30.0 278.0 2.0 0.0
41 40 34 0.0 0.0 0.0 24.0 411.0 7.0 0.0
41 40 35 0.0 2.0 20.0 1738.0 21695.0 357.0 1113.0
41 40 36 0.0 28.0 92.0 4947.0 51219.0 517.0 35149.0
41 40 37 0.0 21.0 83.0 2747.0 30879.0 215.0 91297.0
41 40 38 0.0 7.0 38.0 1468.0 15660.0 77.0 130843.0
41 40 39 0.0 8.0 25.0 823.0 8554.0 25.0 155793.0
41 40 40 0.0 5.0 24.0 749.0 7158.0 18.0 157494.0
41 40 41 0.0 8.0 32.0 894.0 8657.0 27.0 154478.0
41 40 42 0.0 12.0 61.0 1621.0 15825.0 90.0 130139.0
41 40 43 0.0 20.0 88.0 3213.0 30549.0 236.0 91378.0
41 40 44 0.0 32.0 133.0 5458.0 50603.0 523.0 34941.0
41 40 45 0.0 8.0 37.0 2287.0 20888.0 340.0 1180.0
41 40 46 0.0 0.0 3.0 35.0 393.0 5.0 0.0
41 41 34 0.0 1.0 0.0 27.0 325.0 9.0 0.0
41 41 35 0.0 9.0 24.0 1759.0 18115.0 292.0 780.0
41 41 36 0.0 6.0 114.0 4736.0 52590.0 598.0 29660.0
41 41 37 0.0 23.0 91.0 2881.0 32748.0 250.0 87394.0
41 41 38 0.0 15.0 47.0 1673.0 17651.0 73.0 125580.0
41 41 39 0.0 1.0 48.0 1028.0 9866.0 35.0 151155.0
41 41 40 0.0 8.0 40.0 865.0 8821.0 29.0 153835.0
41 41 41 0.0 3.0 37.0 958.0 9583.0 27.0 153027.0
41 41 42 0.0 10.0 66.0 1822.0 17220.0 82.0 126657.0
41 41 43 0.0 16.0 98.0 3463.0 32393.0 241.0 87136.0
41 41 44 0.0 23.0 131.0 5272.0 51139.0 566.0 30706.0
41 41 45 0.0 3.0 44.0 1882.0 18114.0 286.0 827.0
41 41 46 0.0 1.0 2.0 20.0 286.0 3.0 0.0
41 42 34 0.0 0.0 0.0 13.0 132.0 1.0 0.0
41 42 35 0.0 1.0 11.0 920.0 11697.0 204.0 242.0
41 42 36 0.0 17.0 110.0 4162.0 51322.0 611.0 19040.0
41 42 37 0.0 18.0 123.0 3492.0 38908.0 335.0 71572.0
41 42 38 0.0 14.0 59.0 2219.0 23314.0 148.0 111910.0
41 42 39 0.0 13.0 55.0 1611.0 17628.0 88.0 126263.0
41 42 40 0.0 10.0 61.0 1458.0 15816.0 77.0 130811.0
41 42 41 0.0 8.0 62.0 1779.0 17439.0 83.0 126483.0
41 42 42 0.0 14.0 98.0 2328.0 22771.0 139.0 112594.0
41 42 43 0.0 25.0 94.0 3871.0 38397.0 301.0 72491.0
41 42 44 0.0 12.0 100.0 4877.0 50476.0 582.0 19367.0
41 42 45 0.0 1.0 25.0 1098.0 11703.0 198.0 296.0
41 42 46 0.0 0.0 1.0 22.0 159.0 2.0 0.0
41 43 34 0.0 0.0 0.0 5.0 32.0 0.0 0.0
41 43 35 0.0 0.0 6.0 359.0 4689.0 83.0 34.0
41 43 36 0.0 10.0 80.0 3352.0 37725.0 556.0 5769.0
41 43 37 0.0 28.0 78.0 4652.0 48967.0 503.0 41327.0
41 43 38 0.0 22.0 113.0 3743.0 38971.0 343.0 71094.0
41 43 39 0.0 18.0 86.0 3221.0 32845.0 252.0 87020.0
41 43 40 0.0 20.0 132.0 3065.0 30730.0 221.0 90975.0
41 43 41 0.0 24.0 118.0 2986.0 32704.0 225.0 87129.0
41 43 42 0.0 6.0 119.0 3668.0 39674.0 353.0 71307.0
41 43 43 0.0 9.0 121.0 4383.0 48855.0 460.0 42487.0
41 43 44 0.0 32.0 157.0 3932.0 38212.0 542.0 6229.0
41 43 45 0.0 4.0 6.0 463.0 4866.0 74.0 43.0
41 43 46 0.0 0.0 0.0 5.0 43.0 0.0 0.0
41 44 34 0.0 0.0 0.0 1.0 2.0 0.0 0.0
41 44 35 0.0 0.0 2.0 74.0 864.0 15.0 0.0
41 44 36 0.0 3.0 9.0 1300.0 13369.0 233.0 440.0
41 44 37 0.0 11.0 80.0 3258.0 37622.0 570.0 5820.0
41 44 38 0.0 19.0 89.0 4861.0 50156.0 565.0 18190.0
41 44 39 0.0 23.0 98.0 4959.0 52190.0 554.0 28830.0
41 44 40 0.0 16.0 149.0 4907.0 51456.0 517.0 34037.0
41 44 41 0.0 9.0 179.0 5152.0 51585.0 544.0 30843.0
41 44 42 0.0 6.0 124.0 5463.0 50384.0 629.0 19827.0
41 44 43 0.0 9.0 96.0 3409.0 39184.0 569.0 6689.0
41 44 44 0.0 4.0 25.0 1149.0 14147.0 250.0 500.0
41 44 45 0.0 0.0 6.0 89.0 925.0 9.0 2.0
41 44 46 0.0 0.0 0.0 0.0 8.0 0.0 0.0
41 45 35 0.0 0.0 0.0 1.0 43.0 0.0 0.0
41 45 36 0.0 0.0 0.0 138.0 863.0 12.0 0.0
41 45 37 0.0 0.0 12.0 559.0 4279.0 85.0 33.0
41 45 38 0.0 1.0 19.0 1018.0 11326.0 198.0 268.0
41 45 39 0.0 11.0 27.0 1624.0 17827.0 300.0 680.0
41 45 40 0.0 4.0 53.0 2072.0 19909.0 328.0 982.0
41 45 41 0.0 5.0 38.0 1672.0 18057.0 306.0 757.0
41 45 42 0.0 4.0 46.0 1107.0 11759.0 222.0 307.0
41 45 43 0.0 1.0 10.0 509.0 4708.0 84.0 41.0
41 45 44 0.0 0.0 1.0 91.0 1065.0 12.0 1.0
41 45 45 0.0 0.0 0.0 3.0 55.0 1.0 0.0
41 46 36 0.0 0.0 0.0 0.0 1.0 0.0 0.0
41 46 37 0.0 0.0 0.0 5.0 38.0 2.0 0.0
41 46 38 0.0 0.0 0.0 23.0 138.0 3.0 0.0
41 46 39 0.0 0.0 0.0 21.0 295.0 6.0 0.0
41 46 40 0.0 1.0 0.0 48.0 330.0 9.0 0.0
41 46 41 0.0 0.0 2.0 36.0 296.0 4.0 0.0
41 46 42 0.0 0.0 1.0 12.0 128.0 3.0 0.0
41 46 43 0.0 0.0 0.0 2.0 33.0 0.0 0.0
41 46 44 0.0 0.0 0.0 0.0 2.0 0.0 0.0
41 46 45 0.0 0.0 0.0 0.0 1.0 0.0 0.0
42 33 41 0.0 0.0 0.0 0.0 1.0 0.0 0.0
42 34 35 0.0 0.0 0.0 0.0 1.0 0.0 0.0
42 34 36 0.0 0.0 0.0 0.0 4.0 0.0 0.0
42 34 37 0.0 0.0 0.0 7.0 28.0 1.0 0.0
42 34 38 0.0 0.0 0.0 10.0 58.0 0.0 0.0
42 34 39 0.0 0.0 0.0 20.0 152.0 2.0 0.0
42 34 40 0.0 0.0 0.0 26.0 133.0 3.0 0.0
42 34 41 0.0 0.0 0.0 21.0 162.0 2.0 1.0
42 34 42 0.0 0.0 0.0 10.0 68.0 3.0 0.0
42 34 43 0.0 0.0 0.0 1.0 10.0 0.0 0.0
42 34 44 0.0 0.0 0.0 0.0 1.0 0.0 0.0
42 35 35 0.0 0.0 0.0 3.0 34.0 1.0 0.0
42 35 36 0.0 0.0 0.0 86.0 552.0 5.0 0.0
42 35 37 0.0 2.0 5.0 375.0 2679.0 43.0 8.0
42 35 38 0.0 4.0 6.0 999.0 7257.0 130.0 101.0
42 35 39 0.0 3.0 13.0 1617.0 11783.0 209.0 341.0
42 35 40 0.0 16.0 21.0 2241.0 12977.0 230.0 426.0
42 35 41 0.0 3.0 20.0 1666.0 11413.0 215.0 273.0
42 35 42 0.0 1.0 15.0 1036.0 6728.0 111.0 104.0
42 35 43 0.0 0.0 6.0 383.0 2607.0 40.0 13.0
42 35 44 0.0 0.0 0.0 99.0 539.0 11.0 1.0
42 35 45 0.0 0.0 0.0 8.0 16.0 0.0 0.0
42 36 34 0.0 0.0 0.0 0.0 2.0 0.0 0.0
42 36 35 0.0 0.0 10.0 57.0 518.0 7.0 0.0
42 36 36 0.0 0.0 6.0 1053.0 8817.0 175.0 172.0
42 36 37 0.0 17.0 50.0 3318.0 28788.0 471.0 2811.0
42 36 38 0.0 34.0 60.0 5884.0 43849.0 596.0 10788.0
42 36 39 0.0 35.0 99.0 7032.0 48352.0 608.0 19652.0
42 36 40 0.0 40.0 109.0 7232.0 49493.0 604.0 22633.0
42 36 41 0.0 47.0 98.0 7953.0 47244.0 628.0 18753.0
42 36 42 0.0 14.0 88.0 6755.0 42542.0 583.0 10999.0
42 36 43 0.0 26.0 64.0 3768.0 27109.0 476.0 2696.0
42 36 44 0.0 18.0 15.0 931.0 8829.0 170.0 159.0
42 36 45 0.0 0.0 2.0 38.0 606.0 7.0 0.0
42 36 46 0.0 0.0 0.0 0.0 2.0 0.0 0.0
42 37 34 0.0 0.0 0.0 1.0 14.0 0.0 0.0
42 37 35 0.0 0.0 4.0 265.0 2934.0 57.0 12.0
42 37 36 0.0 16.0 29.0 2931.0 28377.0 428.0 2715.0
42 37 37 0.0 49.0 62.0 5277.0 50036.0 609.0 28307.0
42 37 38 0.0 37.0 68.0 5526.0 44165.0 387.0 54982.0
42 37 39 0.0 65.0 97.0 5304.0 37683.0 346.0 70753.0
42 37 40 0.0 33.0 82.0 5472.0 35568.0 299.0 76029.0
42 37 41 0.0 46.0 92.0 5775.0 37129.0 332.0 71937.0
42 37 42 0.0 30.0 136.0 5879.0 43387.0 395.0 55759.0
42 37 43 0.0 24.0 135.0 5749.0 49523.0 580.0 28430.0
42 37 44 0.0 6.0 48.0 3060.0 28201.0 446.0 2744.0
42 37 45 0.0 3.0 4.0 347.0 2599.0 42.0 16.0
42 37 46 0.0 0.0 0.0 4.0 20.0 0.0 0.0
42 38 34 0.0 0.0 0.0 8.0 89.0 0.0 0.0
42 38 35 0.0 7.0 7.0 552.0 7037.0 113.0 91.0
42 38 36 0.0 12.0 65.0 4030.0 45276.0 604.0 10667.0
42 38 37 0.0 30.0 70.0 4243.0 44695.0 407.0 56959.0
42 38 38 0.0 13.0 64.0 3194.0 28766.0 174.0 96563.0
42 38 39 0.0 24.0 74.0 2791.0 23052.0 164.0 110116.0
42 38 40 0.0 22.0 62.0 2691.0 21499.0 134.0 114546.0
42 38 41 0.0 15.0 75.0 2949.0 22646.0 128.0 111068.0
42 38 42 0.0 18.0 103.0 3360.0 29038.0 190.0 96007.0
42 38 43 0.0 23.0 94.0 4838.0 44415.0 412.0 55653.0
42 38 44 0.0 17.0 102.0 4415.0 44443.0 590.0 10294.0
42 38 45 0.0 1.0 11.0 762.0 6780.0 120.0 87.0
42 38 46 0.0 0.0 0.0 8.0 83.0 2.0 0.0
42 39 34 0.0 0.0 0.0 10.0 121.0 1.0 0.0
42 39 35 0.0 2.0 21.0 1043.0 11832.0 199.0 288.0
42 39 36 0.0 27.0 115.0 4249.0 51416.0 615.0 19111.0
42 39 37 0.0 10.0 121.0 3430.0 39375.0 290.0 71838.0
42 39 38 0.0 11.0 62.0 2264.0 22974.0 158.0 112363.0
42 39 39 0.0 20.0 64.0 1847.0 17337.0 78.0 126152.0
42 39 40 0.0 4.0 56.0 1654.0 15558.0 85.0 130500.0
42 39 41 0.0 9.0 58.0 1970.0 17082.0 95.0 125868.0
42 39 42 0.0 11.0 63.0 2506.0 23123.0 145.0 111550.0
42 39 43 0.0 19.0 97.0 3991.0 39255.0 354.0 71542.0
42 39 44 0.0 20.0 77.0 4642.0 50507.0 600.0 18700.0
42 39 45 0.0 2.0 20.0 1135.0 11619.0 198.0 295.0
42 39 46 0.0 0.0 0.0 16.0 108.0 3.0 0.0
42 40 34 0.0 0.0 0.0 20.0 179.0 5.0 0.0
42 40 35 0.0 2.0 21.0 1162.0 13629.0 238.0 404.0
42 40 36 0.0 17.0 177.0 4196.0 51995.0 606.0 22736.0
42 40 37 0.0 9.0 94.0 3213.0 37355.0 310.0 76446.0
42 40 38 0.0 4.0 54.0 1937.0 21540.0 124.0 116598.0
42 40 39 0.0 10.0 55.0 1449.0 15699.0 80.0 130068.0
42 40 40 0.0 6.0 47.0 1440.0 14086.0 68.0 134374.0
42 40 41 0.0 6.0 47.0 1598.0 15944.0 79.0 130417.0
42 40 42 0.0 11.0 66.0 2082.0 21356.0 127.0 116549.0
42 40 43 0.0 11.0 109.0 3750.0 37341.0 309.0 75593.0
42 40 44 0.0 10.0 122.0 5237.0 51770.0 605.0 22349.0
42 40 45 0.0 0.0 18.0 1218.0 13420.0 215.0 406.0
42 40 46 0.0 0.0 0.0 23.0 179.0 4.0 1.0
42 41 34 0.0 0.0 1.0 14.0 121.0 3.0 0.0
42 41 35 0.0 0.0 52.0 1078.0 11469.0 176.0 274.0
42 41 36 0.0 22.0 147.0 4429.0 50902.0 579.0 18698.0
42 41 37 0.0 7.0 101.0 3359.0 39756.0 351.0 71188.0
42 41 38 0.0 7.0 72.0 1885.0 23627.0 131.0 112022.0
42 41 39 0.0 5.0 83.0 1475.0 17435.0 90.0 127044.0
42 41 40 0.0 9.0 46.0 1467.0 15546.0 81.0 130460.0
42 41 41 0.0 11.0 62.0 1631.0 17136.0 89.0 127559.0
42 41 42 0.0 12.0 94.0 2252.0 23629.0 141.0 111500.0
42 41 43 0.0 15.0 104.0 3651.0 39267.0 333.0 71570.0
42 41 44 0.0 17.0 139.0 5151.0 50694.0 623.0 19026.0
42 41 45 0.0 8.0 16.0 1160.0 11810.0 200.0 287.0
42 41 46 0.0 0.0 0.0 19.0 124.0 6.0 0.0
42 42 34 0.0 0.0 0.0 4.0 89.0 4.0 0.0
42 42 35 0.0 7.0 7.0 591.0 6913.0 102.0 87.0
42 42 36 0.0 7.0 95.0 3671.0 45739.0 622.0 10484.0
42 42 37 0.0 22.0 109.0 4200.0 45391.0 395.0 54870.0
42 42 38 0.0 13.0 84.0 2743.0 29949.0 193.0 95183.0
42 42 39 0.0 13.0 86.0 2229.0 24191.0 143.0 110001.0
42 42 40 0.0 8.0 82.0 1997.0 21149.0 103.0 117416.0
42 42 41 0.0 7.0 94.0 2102.0 23433.0 121.0 111990.0
42 42 42 0.0 19.0 93.0 2524.0 28857.0 188.0 97652.0
42 42 43 0.0 15.0 98.0 3932.0 44691.0 386.0 56674.0
42 42 44 0.0 27.0 137.0 4083.0 45519.0 628.0 10870.0
42 42 45 0.0 5.0 21.0 747.0 7155.0 141.0 110.0
42 42 46 0.0 0.0 0.0 15.0 81.0 5.0 0.0
42 43 34 0.0 0.0 0.0 1.0 23.0 0.0 0.0
42 43 35 0.0 1.0 3.0 176.0 2639.0 42.0 13.0
42 43 36 0.0 11.0 54.0 2466.0 28435.0 451.0 2575.0
42 43 37 0.0 19.0 98.0 4938.0 50476.0 573.0 27095.0
42 43 38 0.0 11.0 107.0 4047.0 46228.0 448.0 54037.0
42 43 39 0.0 13.0 94.0 3499.0 39063.0 300.0 70941.0
42 43 40 0.0 15.0 127.0 3324.0 37498.0 279.0 76007.0
42 43 41 0.0 32.0 129.0 3564.0 38786.0 294.0 72591.0
42 43 42 0.0 16.0 90.0 3999.0 45505.0 388.0 56203.0
42 43 43 0.0 9.0 100.0 4635.0 51028.0 537.0 28680.0
42 43 44 0.0 13.0 101.0 2830.0 29855.0 460.0 2900.0
42 43 45 0.0 0.0 8.0 248.0 2846.0 58.0 12.0
42 43 46 0.0 0.0 0.0 3.0 15.0 0.0 0.0
42 44 34 0.0 0.0 0.0 0.0 1.0 0.0 0.0
42 44 35 0.0 0.0 1.0 53.0 503.0 3.0 0.0
42 44 36 0.0 1.0 20.0 763.0 8098.0 161.0 148.0
42 44 37 0.0 10.0 42.0 2460.0 27666.0 434.0 2358.0
42 44 38 0.0 4.0 93.0 4064.0 44568.0 602.0 9934.0
42 44 39 0.0 28.0 83.0 4562.0 50781.0 592.0 18630.0
42 44 40 0.0 11.0 117.0 4455.0 51743.0 581.0 22211.0
42 44 41 0.0 11.0 107.0 4649.0 50726.0 615.0 19042.0
42 44 42 0.0 9.0 119.0 4002.0 45781.0 606.0 11065.0
42 44 43 0.0 7.0 111.0 2417.0 28364.0 438.0 2635.0
42 44 44 0.0 4.0 8.0 770.0 8457.0 159.0 160.0
42 44 45 0.0 0.0 2.0 55.0 603.0 6.0 0.0
42 44 46 0.0 0.0 0.0 0.0 4.0 0.0 0.0
42 45 35 0.0 0.0 0.0 9.0 13.0 0.0 0.0
42 45 36 0.0 0.0 2.0 34.0 505.0 12.0 0.0
42 45 37 0.0 0.0 5.0 240.0 2380.0 40.0 7.0
42 45 38 0.0 1.0 11.0 649.0 6891.0 111.0 79.0
42 45 39 0.0 3.0 29.0 1333.0 11534.0 190.0 311.0
42 45 40 0.0 3.0 27.0 1295.0 13269.0 215.0 403.0
42 45 41 0.0 0.0 53.0 1075.0 11399.0 200.0 268.0
42 45 42 0.0 1.0 15.0 604.0 7344.0 117.0 105.0
42 45 43 0.0 0.0 3.0 223.0 2514.0 57.0 8.0
42 45 44 0.0 1.0 1.0 37.0 604.0 16.0 2.0
42 45 45 0.0 0.0 0.0 2.0 26.0 0.0 0.0
42 46 35 0.0 0.0 0.0 0.0 3.0 0.0 0.0
42 46 37 0.0 0.0 0.0 3.0 25.0 1.0 0.0
42 46 38 0.0 0.0 0.0 4.0 49.0 1.0 0.0
42 46 39 0.0 0.0 0.0 26.0 117.0 1.0 0.0
42 46 40 0.0 0.0 0.0 7.0 195.0 1.0 0.0
42 46 41 0.0 0.0 0.0 13.0 126.0 3.0 0.0
42 46 42 0.0 0.0 0.0 11.0 54.0 1.0 0.0
42 46 43 0.0 0.0 0.0 1.0 29.0 0.0 0.0
42 46 44 0.0 0.0 0.0 0.0 4.0 0.0 0.0
43 34 36 0.0 0.0 0.0 0.0 4.0 1.0 0.0
43 34 37 0.0 0.0 0.0 2.0 2.0 0.0 0.0
43 34 38 0.0 0.0 0.0 7.0 31.0 1.0 0.0
43 34 39 0.0 0.0 0.0 2.0 35.0 0.0 0.0
43 34 40 0.0 0.0 0.0 9.0 52.0 1.0 0.0
43 34 41 0.0 0.0 0.0 4.0 42.0 0.0 0.0
43 34 42 0.0 0.0 0.0 0.0 20.0 0.0 0.0
43 34 43 0.0 0.0 0.0 0.0 9.0 0.0 0.0
43 34 44 0.0 0.0 0.0 0.0 1.0 0.0 0.0
43 35 35 0.0 0.0 0.0 3.0 15.0 2.0 0.0
43 35 36 0.0 0.0 0.0 33.0 149.0 2.0 0.0
43 35 37 0.0 3.0 2.0 130.0 947.0 22.0 3.0
43 35 38 0.0 2.0 6.0 270.0 2729.0 42.0 15.0
43 35 39 0.0 2.0 11.0 629.0 4764.0 73.0 38.0
43 35 40 0.0 1.0 3.0 824.0 5236.0 86.0 46.0
43 35 41 0.0 7.0 2.0 748.0 4474.0 82.0 50.0
43 35 42 0.0 5.0 4.0 448.0 2630.0 49.0 10.0
43 35 43 0.0 0.0 1.0 121.0 997.0 19.0 2.0
43 35 44 0.0 0.0 0.0 18.0 200.0 3.0 0.0
43 35 45 0.0 0.0 0.0 1.0 2.0 0.0 0.0
43 36 35 0.0 0.0 0.0 31.0 177.0 7.0 0.0
43 36 36 0.0 1.0 8.0 306.0 3580.0 72.0 25.0
43 36 37 0.0 7.0 21.0 1763.0 13478.0 256.0 468.0
43 36 38 0.0 25.0 82.0 3727.0 26589.0 470.0 2498.0
43 36 39 0.0 34.0 50.0 4871.0 36473.0 531.0 5846.0
43 36 40 0.0 37.0 56.0 5522.0 39002.0 550.0 7553.0
43 36 41 0.0 20.0 86.0 4812.0 36044.0 528.0 5780.0
43 36 42 0.0 29.0 42.0 4188.0 26920.0 478.0 2741.0
43 36 43 0.0 19.0 24.0 1818.0 13535.0 247.0 535.0
43 36 44 0.0 2.0 10.0 384.0 3218.0 68.0 18.0
43 36 45 0.0 0.0 0.0 13.0 141.0 1.0 0.0
43 37 34 0.0 0.0 0.0 1.0 7.0 1.0 0.0
43 37 35 0.0 0.0 0.0 86.0 931.0 13.0 1.0
43 37 36 0.0 34.0 15.0 1281.0 14583.0 256.0 530.0
43 37 37 0.0 12.0 14.0 4304.0 42205.0 599.0 9172.0
43 37 38 0.0 46.0 89.0 5748.0 49719.0 559.0 26135.0
43 37 39 0.0 24.0 84.0 5691.0 48049.0 504.0 40224.0
43 37 40 0.0 40.0 123.0 5470.0 47036.0 458.0 44927.0
43 37 41 0.0 15.0 90.0 5762.0 47850.0 540.0 41018.0
43 37 42 0.0 26.0 80.0 5253.0 50103.0 540.0 27529.0
43 37 43 0.0 18.0 86.0 4116.0 42005.0 531.0 9317.0
43 37 44 0.0 21.0 26.0 1458.0 13648.0 242.0 493.0
43 37 45 0.0 0.0 4.0 128.0 915.0 18.0 2.0
43 37 46 0.0 0.0 0.0 2.0 2.0 0.0 0.0
43 38 34 0.0 0.0 0.0 2.0 23.0 1.0 0.0
43 38 35 0.0 0.0 3.0 279.0 2666.0 51.0 16.0
43 38 36 0.0 9.0 44.0 2377.0 29130.0 466.0 2695.0
43 38 37 0.0 61.0 77.0 4752.0 50314.0 548.0 29619.0
43 38 38 0.0 35.0 98.0 4311.0 44866.0 395.0 55302.0
43 38 39 0.0 28.0 82.0 4201.0 39131.0 338.0 69888.0
43 38 40 0.0 27.0 90.0 4215.0 37089.0 294.0 75086.0
43 38 41 0.0 17.0 92.0 4594.0 39006.0 330.0 69952.0
43 38 42 0.0 39.0 91.0 5016.0 44495.0 418.0 55238.0
43 38 43 0.0 23.0 117.0 5754.0 49927.0 557.0 26664.0
43 38 44 0.0 7.0 65.0 2866.0 28036.0 472.0 2539.0
43 38 45 0.0 0.0 3.0 305.0 2649.0 43.0 14.0
43 38 46 0.0 0.0 0.0 0.0 9.0 1.0 0.0
43 39 34 0.0 0.0 0.0 6.0 37.0 0.0 0.0
43 39 35 0.0 2.0 10.0 343.0 4610.0 96.0 32.0
43 39 36 0.0 9.0 97.0 3358.0 38008.0 530.0 6108.0
43 39 37 0.0 9.0 96.0 4031.0 48941.0 505.0 42882.0
43 39 38 0.0 21.0 104.0 3761.0 39345.0 324.0 71556.0
43 39 39 0.0 19.0 81.0 3340.0 32632.0 241.0 86894.0
43 39 40 0.0 16.0 105.0 3055.0 30903.0 205.0 91085.0
43 39 41 0.0 26.0 104.0 3340.0 32615.0 220.0 86867.0
43 39 42 0.0 20.0 115.0 4013.0 39341.0 323.0 70921.0
43 39 43 0.0 25.0 97.0 4701.0 48029.0 493.0 42821.0
43 39 44 0.0 16.0 46.0 4159.0 37968.0 579.0 6299.0
43 39 45 0.0 1.0 13.0 438.0 4837.0 91.0 42.0
43 39 46 0.0 0.0 0.0 2.0 53.0 1.0 0.0
43 40 34 0.0 0.0 0.0 5.0 49.0 2.0 0.0
43 40 35 0.0 2.0 6.0 518.0 5653.0 111.0 79.0
43 40 36 0.0 4.0 102.0 3120.0 42395.0 590.0 8029.0
43 40 37 0.0 7.0 201.0 3573.0 48466.0 471.0 46951.0
43 40 38 0.0 8.0 98.0 3224.0 37278.0 268.0 76684.0
43 40 39 0.0 18.0 90.0 2726.0 30848.0 223.0 91459.0
43 40 40 0.0 8.0 75.0 2740.0 29044.0 195.0 95283.0
43 40 41 0.0 11.0 103.0 2862.0 30810.0 212.0 91732.0
43 40 42 0.0 13.0 93.0 3578.0 37256.0 305.0 76476.0
43 40 43 0.0 13.0 97.0 4393.0 47203.0 509.0 47337.0
43 40 44 0.0 12.0 73.0 3835.0 41691.0 607.0 7890.0
43 40 45 0.0 1.0 16.0 533.0 5703.0 96.0 55.0
43 40 46 0.0 0.0 0.0 4.0 52.0 2.0 0.0
43 41 34 0.0 0.0 0.0 6.0 46.0 0.0 0.0
43 41 35 0.0 0.0 8.0 371.0 4956.0 109.0 40.0
43 41 36 0.0 3.0 67.0 2913.0 38014.0 570.0 5770.0
43 41 37 0.0 15.0 181.0 3621.0 49831.0 495.0 41959.0
43 41 38 0.0 3.0 120.0 3046.0 40189.0 318.0 71106.0
43 41 39 0.0 12.0 92.0 2814.0 32541.0 233.0 87528.0
43 41 40 0.0 8.0 93.0 2729.0 31080.0 230.0 91573.0
43 41 41 0.0 22.0 105.0 3002.0 32673.0 267.0 86840.0
43 41 42 0.0 16.0 113.0 3302.0 39439.0 312.0 72067.0
43 41 43 0.0 9.0 131.0 4237.0 48960.0 472.0 43644.0
43 41 44 0.0 5.0 61.0 3623.0 38634.0 521.0 6404.0
43 41 45 0.0 3.0 9.0 546.0 5068.0 84.0 56.0
43 41 46 0.0 0.0 0.0 7.0 34.0 0.0 0.0
43 42 34 0.0 0.0 0.0 1.0 12.0 0.0 0.0
43 42 35 0.0 0.0 5.0 252.0 2619.0 42.0 7.0
43 42 36 0.0 6.0 61.0 2424.0 27991.0 438.0 2603.0
43 42 37 0.0 13.0 146.0 3798.0 51356.0 601.0 27252.0
43 42 38 0.0 9.0 114.0 3772.0 45950.0 432.0 55014.0
43 42 39 0.0 23.0 126.0 3337.0 39501.0 318.0 71617.0
43 42 40 0.0 20.0 116.0 3161.0 37188.0 267.0 77070.0
43 42 41 0.0 16.0 111.0 3435.0 39046.0 337.0 72651.0
43 42 42 0.0 14.0 123.0 3575.0 45792.0 422.0 56823.0
43 42 43 0.0 107.0 118.0 5027.0 50628.0 555.0 29507.0
43 42 44 0.0 54.0 42.0 3008.0 29181.0 483.0 2774.0
43 42 45 0.0 2.0 7.0 383.0 2645.0 50.0 16.0
43 42 46 0.0 0.0 0.0 4.0 14.0 2.0 0.0
43 43 34 0.0 0.0 0.0 0.0 3.0 0.0 0.0
43 43 35 0.0 0.0 0.0 70.0 802.0 13.0 1.0
43 43 36 0.0 7.0 25.0 1023.0 13995.0 260.0 508.0
43 43 37 0.0 9.0 85.0 3574.0 41759.0 546.0 8916.0
43 43 38 0.0 33.0 76.0 4895.0 50572.0 608.0 26716.0
43 43 39 0.0 17.0 123.0 4229.0 49411.0 512.0 41460.0
43 43 40 0.0 11.0 125.0 3949.0 47518.0 447.0 47606.0
43 43 41 0.0 6.0 150.0 3999.0 48684.0 545.0 43216.0
43 43 42 0.0 17.0 112.0 3937.0 51491.0 581.0 29430.0
43 43 43 0.0 86.0 88.0 4135.0 43421.0 580.0 10413.0
43 43 44 0.0 6.0 56.0 1161.0 15304.0 254.0 591.0
43 43 45 0.0 1.0 0.0 131.0 1158.0 11.0 1.0
43 43 46 0.0 0.0 0.0 0.0 9.0 0.0 0.0
43 44 34 0.0 0.0 0.0 1.0 0.0 0.0 0.0
43 44 35 0.0 0.0 3.0 9.0 156.0 4.0 1.0
43 44 36 0.0 0.0 4.0 265.0 2969.0 44.0 16.0
43 44 37 0.0 3.0 27.0 1253.0 13084.0 229.0 423.0
43 44 38 0.0 7.0 61.0 2309.0 27324.0 447.0 2341.0
43 44 39 0.0 7.0 58.0 3942.0 37829.0 584.0 6041.0
43 44 40 0.0 13.0 118.0 3544.0 40397.0 556.0 7567.0
43 44 41 0.0 0.0 116.0 3086.0 38827.0 493.0 6147.0
43 44 42 0.0 3.0 71.0 2478.0 27976.0 465.0 2529.0
43 44 43 0.0 3.0 35.0 1377.0 14580.0 250.0 548.0
43 44 44 0.0 4.0 4.0 376.0 3272.0 66.0 26.0
43 44 45 0.0 0.0 0.0 11.0 179.0 3.0 0.0
43 44 46 0.0 0.0 0.0 0.0 2.0 0.0 0.0
43 45 35 0.0 0.0 0.0 5.0 3.0 0.0 0.0
43 45 36 0.0 0.0 2.0 3.0 153.0 1.0 0.0
43 45 37 0.0 0.0 1.0 47.0 767.0 16.0 0.0
43 45 38 0.0 0.0 18.0 217.0 2578.0 44.0 13.0
43 45 39 0.0 0.0 0.0 322.0 4630.0 88.0 38.0
43 45 40 0.0 1.0 10.0 459.0 5475.0 88.0 67.0
43 45 41 0.0 2.0 10.0 403.0 4956.0 94.0 45.0
43 45 42 0.0 0.0 10.0 256.0 2673.0 49.0 17.0
43 45 43 0.0 0.0 0.0 60.0 1001.0 15.0 2.0
43 45 44 0.0 0.0 0.0 8.0 186.0 4.0 0.0
43 45 45 0.0 0.0 0.0 0.0 4.0 0.0 0.0
43 46 37 0.0 0.0 0.0 3.0 4.0 0.0 0.0
43 46 38 0.0 0.0 0.0 1.0 16.0 0.0 0.0
43 46 39 0.0 0.0 0.0 3.0 23.0 1.0 0.0
43 46 40 0.0 0.0 0.0 5.0 48.0 0.0 0.0
43 46 41 0.0 0.0 1.0 3.0 29.0 2.0 0.0
43 46 42 0.0 0.0 0.0 0.0 24.0 0.0 0.0
43 46 43 0.0 0.0 0.0 0.0 9.0 0.0 0.0
44 34 38 0.0 0.0 0.0 0.0 1.0 0.0 0.0
44 34 39 0.0 0.0 0.0 0.0 5.0 0.0 0.0
44 34 40 0.0 0.0 0.0 3.0 2.0 0.0 0.0
44 34 41 0.0 0.0 0.0 0.0 2.0 0.0 0.0
44 34 42 0.0 0.0 0.0 0.0 2.0 0.0 0.0
44 34 43 0.0 0.0 0.0 0.0 1.0 0.0 0.0
44 35 35 0.0 0.0 0.0 0.0 3.0 0.0 0.0
44 35 36 0.0 0.0 0.0 4.0 49.0 0.0 0.0
44 35 37 0.0 0.0 2.0 10.0 131.0 2.0 0.0
44 35 38 0.0 1.0 1.0 42.0 380.0 3.0 1.0
44 35 39 0.0 0.0 1.0 125.0 853.0 11.0 5.0
44 35 40 0.0 2.0 0.0 162.0 1192.0 22.0 4.0
44 35 41 0.0 0.0 2.0 95.0 830.0 16.0 1.0
44 35 42 0.0 0.0 1.0 85.0 475.0 8.0 0.0
44 35 43 0.0 0.0 0.0 16.0 146.0 2.0 0.0
44 35 44 0.0 0.0 0.0 0.0 41.0 0.0 0.0
44 35 45 0.0 0.0 0.0 4.0 2.0 2.0 0.0
44 36 35 0.0 0.0 0.0 0.0 10.0 0.0 0.0
44 36 36 0.0 0.0 0.0 39.0 561.0 9.0 0.0
44 36 37 0.0 1.0 2.0 296.0 2963.0 53.0 7.0
44 36 38 0.0 3.0 11.0 785.0 7242.0 136.0 122.0
44 36 39 0.0 21.0 38.0 1325.0 12807.0 218.0 432.0
44 36 40 0.0 10.0 43.0 1754.0 15266.0 256.0 659.0
44 36 41 0.0 2.0 19.0 1524.0 12713.0 249.0 439.0
44 36 42 0.0 5.0 20.0 862.0 7471.0 133.0 114.0
44 36 43 0.0 0.0 6.0 270.0 3129.0 73.0 25.0
44 36 44 0.0 0.0 0.0 44.0 601.0 7.0 2.0
44 36 45 0.0 0.0 0.0 0.0 21.0 0.0 0.0
44 37 35 0.0 0.0 0.0 7.0 151.0 2.0 0.0
44 37 36 0.0 4.0 2.0 387.0 3438.0 71.0 21.0
44 37 37 0.0 16.0 9.0 1519.0 13499.0 233.0 499.0
44 37 38 0.0 14.0 66.0 2429.0 28299.0 440.0 2598.0
44 37 39 0.0 10.0 65.0 3457.0 36965.0 527.0 5335.0
44 37 40 0.0 11.0 107.0 3922.0 39573.0 584.0 6906.0
44 37 41 0.0 16.0 61.0 4074.0 37259.0 523.0 5936.0
44 37 42 0.0 15.0 82.0 2890.0 27215.0 437.0 2548.0
44 37 43 0.0 3.0 15.0 1293.0 13451.0 234.0 399.0
44 37 44 0.0 0.0 3.0 305.0 2871.0 44.0 14.0
44 37 45 0.0 0.0 0.0 7.0 112.0 3.0 0.0
44 37 46 0.0 0.0 0.0 3.0 0.0 1.0 0.0
44 38 34 0.0 0.0 0.0 0.0 2.0 0.0 0.0
44 38 35 0.0 0.0 0.0 38.0 428.0 10.0 0.0
44 38 36 0.0 6.0 32.0 597.0 9273.0 142.0 167.0
44 38 37 0.0 10.0 46.0 2359.0 29487.0 447.0 2746.0
44 38 38 0.0 12.0 89.0 4645.0 44929.0 636.0 10477.0
44 38 39 0.0 14.0 103.0 5005.0 50141.0 577.0 17855.0
44 38 40 0.0 9.0 182.0 5448.0 51099.0 644.0 21488.0
44 38 41 0.0 11.0 114.0 4907.0 50538.0 581.0 18565.0
44 38 42 0.0 14.0 119.0 4493.0 44194.0 587.0 10200.0
44 38 43 0.0 19.0 41.0 3010.0 27718.0 431.0 2578.0
44 38 44 0.0 7.0 27.0 959.0 8233.0 161.0 150.0
44 38 45 0.0 0.0 0.0 65.0 471.0 8.0 0.0
44 38 46 0.0 0.0 0.0 0.0 1.0 0.0 0.0
44 39 34 0.0 0.0 0.0 0.0 7.0 0.0 0.0
44 39 35 0.0 1.0 1.0 58.0 1063.0 20.0 2.0
44 39 36 0.0 10.0 21.0 1196.0 14337.0 272.0 484.0
44 39 37 0.0 4.0 135.0 3387.0 38788.0 564.0 6228.0
44 39 38 0.0 21.0 113.0 4370.0 50869.0 577.0 18811.0
44 39 39 0.0 36.0 159.0 5020.0 51791.0 551.0 30193.0
44 39 40 0.0 31.0 154.0 4520.0 51848.0 509.0 33765.0
44 39 41 0.0 19.0 139.0 5093.0 51703.0 527.0 29920.0
44 39 42 0.0 18.0 120.0 5308.0 50116.0 628.0 19625.0
44 39 43 0.0 8.0 71.0 3973.0 38379.0 533.0 6367.0
44 39 44 0.0 4.0 89.0 1278.0 14010.0 231.0 486.0
44 39 45 0.0 0.0 1.0 103.0 976.0 14.0 0.0
44 39 46 0.0 0.0 0.0 0.0 1.0 0.0 0.0
44 40 34 0.0 0.0 0.0 0.0 4.0 0.0 0.0
44 40 35 0.0 0.0 2.0 80.0 1262.0 22.0 1.0
44 40 36 0.0 0.0 30.0 1267.0 16824.0 274.0 743.0
44 40 37 0.0 17.0 68.0 3082.0 41798.0 533.0 7552.0
44 40 38 0.0 15.0 138.0 4357.0 52026.0 578.0 22291.0
44 40 39 0.0 14.0 134.0 4099.0 52590.0 557.0 34389.0
44 40 40 0.0 19.0 154.0 4254.0 51363.0 493.0 38958.0
44 40 41 0.0 7.0 168.0 4553.0 51912.0 563.0 34673.0
44 40 42 0.0 22.0 106.0 4544.0 51722.0 594.0 21913.0
44 40 43 0.0 17.0 138.0 4089.0 40628.0 581.0 7550.0
44 40 44 0.0 3.0 13.0 1383.0 16756.0 311.0 711.0
44 40 45 0.0 11.0 1.0 128.0 1185.0 27.0 4.0
44 40 46 0.0 0.0 0.0 0.0 9.0 0.0 0.0
44 41 34 0.0 0.0 0.0 0.0 5.0 0.0 0.0
44 41 35 0.0 0.0 6.0 60.0 1019.0 14.0 2.0
44 41 36 0.0 0.0 35.0 939.0 13970.0 222.0 481.0
44 41 37 0.0 9.0 88.0 3117.0 38935.0 581.0 6214.0
44 41 38 0.0 33.0 121.0 4170.0 50512.0 620.0 18742.0
44 41 39 0.0 11.0 135.0 4424.0 52518.0 561.0 29967.0
44 41 40 0.0 21.0 156.0 4538.0 52182.0 548.0 35235.0
44 41 41 0.0 23.0 144.0 4293.0 52180.0 537.0 30240.0
44 41 42 0.0 7.0 128.0 4828.0 50634.0 584.0 19791.0
44 41 43 0.0 28.0 87.0 2957.0 39085.0 539.0 6497.0
44 41 44 0.0 5.0 25.0 1256.0 14412.0 234.0 520.0
44 41 45 0.0 0.0 0.0 123.0 991.0 18.0 0.0
44 41 46 0.0 0.0 0.0 0.0 1.0 0.0 0.0
44 42 34 0.0 0.0 0.0 0.0 4.0 0.0 0.0
44 42 35 0.0 0.0 0.0 26.0 444.0 8.0 0.0
44 42 36 0.0 3.0 13.0 489.0 8348.0 149.0 135.0
44 42 37 0.0 9.0 34.0 2075.0 29177.0 436.0 2644.0
44 42 38 0.0 30.0 110.0 3791.0 45652.0 648.0 10448.0
44 42 39 0.0 9.0 126.0 3960.0 51102.0 642.0 18725.0
44 42 40 0.0 20.0 119.0 4676.0 51885.0 594.0 22672.0
44 42 41 0.0 6.0 108.0 4343.0 51202.0 593.0 19162.0
44 42 42 0.0 24.0 114.0 3588.0 45984.0 642.0 10725.0
44 42 43 0.0 18.0 74.0 2456.0 29679.0 478.0 2834.0
44 42 44 0.0 8.0 31.0 995.0 9433.0 188.0 238.0
44 42 45 0.0 0.0 0.0 51.0 537.0 11.0 0.0
44 42 46 0.0 0.0 0.0 0.0 5.0 0.0 0.0
44 43 35 0.0 0.0 0.0 21.0 158.0 1.0 0.0
44 43 36 0.0 0.0 4.0 242.0 3304.0 62.0 19.0
44 43 37 0.0 3.0 27.0 1226.0 13772.0 234.0 438.0
44 43 38 0.0 3.0 130.0 2372.0 29293.0 430.0 2778.0
44 43 39 0.0 3.0 91.0 3003.0 39439.0 550.0 6442.0
44 43 40 0.0 15.0 123.0 3302.0 42223.0 536.0 8009.0
44 43 41 0.0 3.0 101.0 3225.0 40130.0 559.0 6783.0
44 43 42 0.0 9.0 100.0 2401.0 30365.0 443.0 2994.0
44 43 43 0.0 3.0 41.0 969.0 15006.0 261.0 556.0
44 43 44 0.0 1.0 3.0 324.0 3636.0 54.0 31.0
44 43 45 0.0 0.0 0.0 14.0 170.0 2.0 0.0
44 44 35 0.0 0.0 0.0 4.0 27.0 0.0 0.0
44 44 36 0.0 0.0 2.0 44.0 545.0 8.0 0.0
44 44 37 0.0 0.0 3.0 345.0 2837.0 40.0 13.0
44 44 38 0.0 2.0 9.0 777.0 8464.0 148.0 140.0
44 44 39 0.0 2.0 26.0 1145.0 13655.0 236.0 453.0
44 44 40 0.0 1.0 49.0 1057.0 16295.0 244.0 674.0
44 44 41 0.0 5.0 18.0 1290.0 14653.0 260.0 530.0
44 44 42 0.0 2.0 18.0 671.0 9584.0 165.0 194.0
44 44 43 0.0 4.0 4.0 333.0 3175.0 49.0 21.0
44 44 44 0.0 6.0 0.0 81.0 599.0 10.0 0.0
44 44 45 0.0 0.0 0.0 6.0 23.0 0.0 0.0
44 45 35 0.0 0.0 0.0 1.0 1.0 0.0 0.0
44 45 36 0.0 0.0 0.0 5.0 36.0 1.0 0.0
44 45 37 0.0 0.0 0.0 17.0 157.0 3.0 0.0
44 45 38 0.0 0.0 2.0 33.0 485.0 7.0 1.0
44 45 39 0.0 0.0 0.0 98.0 910.0 13.0 1.0
44 45 40 0.0 0.0 2.0 89.0 1225.0 27.0 1.0
44 45 41 0.0 0.0 3.0 86.0 1132.0 19.0 2.0
44 45 42 0.0 0.0 1.0 39.0 458.0 9.0 0.0
44 45 43 0.0 0.0 0.0 8.0 163.0 3.0 0.0
44 45 44 0.0 0.0 0.0 3.0 17.0 1.0 0.0
44 45 45 0.0 0.0 0.0 0.0 2.0 0.0 0.0
44 46 38 0.0 0.0 0.0 0.0 4.0 0.0 0.0
44 46 39 0.0 0.0 0.0 0.0 3.0 0.0 0.0
44 46 40 0.0 0.0 0.0 0.0 5.0 0.0 0.0
44 46 41 0.0 0.0 0.0 0.0 4.0 0.0 0.0
45 35 37 0.0 0.0 0.0 0.0 4.0 0.0 0.0
45 35 38 0.0 0.0 0.0 1.0 16.0 1.0 0.0
45 35 39 0.0 0.0 0.0 13.0 74.0 1.0 0.0
45 35 40 0.0 0.0 0.0 13.0 67.0 0.0 0.0
45 35 41 0.0 0.0 0.0 1.0 46.0 2.0 0.0
45 35 42 0.0 0.0 0.0 4.0 34.0 1.0 0.0
45 35 43 0.0 0.0 0.0 0.0 5.0 0.0 0.0
45 36 35 0.0 0.0 0.0 0.0 1.0 0.0 0.0
45 36 36 0.0 0.0 0.0 0.0 25.0 0.0 0.0
45 36 37 0.0 1.0 0.0 21.0 203.0 6.0 0.0
45 36 38 0.0 0.0 0.0 70.0 443.0 8.0 0.0
45 36 39 0.0 0.0 2.0 72.0 877.0 19.0 0.0
45 36 40 0.0 0.0 6.0 131.0 1021.0 17.0 3.0
45 36 41 0.0 0.0 4.0 66.0 979.0 11.0 0.0
45 36 42 0.0 1.0 1.0 55.0 477.0 6.0 1.0
45 36 43 0.0 0.0 2.0 16.0 106.0 2.0 0.0
45 36 44 0.0 0.0 0.0 0.0 19.0 1.0 0.0
45 37 35 0.0 0.0 0.0 0.0 5.0 0.0 0.0
45 37 36 0.0 0.0 0.0 10.0 152.0 2.0 1.0
45 37 37 0.0 1.0 1.0 114.0 960.0 15.0 1.0
45 37 38 0.0 0.0 2.0 256.0 2655.0 54.0 10.0
45 37 39 0.0 0.0 16.0 419.0 4289.0 83.0 33.0
45 37 40 0.0 0.0 12.0 507.0 5193.0 108.0 44.0
45 37 41 0.0 1.0 11.0 441.0 4563.0 84.0 15.0
45 37 42 0.0 1.0 2.0 298.0 2579.0 39.0 11.0
45 37 43 0.0 0.0 3.0 86.0 957.0 15.0 0.0
45 37 44 0.0 0.0 0.0 19.0 158.0 3.0 0.0
45 37 45 0.0 0.0 0.0 1.0 3.0 0.0 0.0
45 38 35 0.0 0.0 0.0 8.0 35.0 0.0 0.0
45 38 36 0.0 0.0 0.0 50.0 578.0 12.0 0.0
45 38 37 0.0 0.0 0.0 212.0 2599.0 49.0 9.0
45 38 38 0.0 1.0 17.0 650.0 6699.0 116.0 96.0
45 38 39 0.0 5.0 39.0 1058.0 10697.0 188.0 208.0
45 38 40 0.0 1.0 40.0 1340.0 13408.0 256.0 404.0
45 38 41 0.0 2.0 30.0 1099.0 11867.0 189.0 273.0
45 38 42 0.0 3.0 9.0 684.0 6874.0 122.0 86.0
45 38 43 0.0 0.0 2.0 275.0 2586.0 52.0 11.0
45 38 44 0.0 0.0 0.0 59.0 513.0 13.0 2.0
45 38 45 0.0 0.0 1.0 1.0 18.0 0.0 0.0
45 39 34 0.0 0.0 0.0 0.0 1.0 0.0 0.0
45 39 35 0.0 0.0 0.0 2.0 54.0 0.0 0.0
45 39 36 0.0 0.0 3.0 63.0 919.0 8.0 1.0
45 39 37 0.0 0.0 14.0 436.0 4605.0 75.0 38.0
45 39 38 0.0 2.0 29.0 1100.0 11709.0 223.0 267.0
45 39 39 0.0 9.0 36.0 1567.0 18638.0 284.0 823.0
45 39 40 0.0 3.0 41.0 2070.0 20788.0 331.0 1064.0
45 39 41 0.0 2.0 53.0 1596.0 18391.0 292.0 771.0
45 39 42 0.0 1.0 23.0 1139.0 11642.0 190.0 266.0
45 39 43 0.0 7.0 8.0 487.0 4603.0 73.0 50.0
45 39 44 0.0 0.0 1.0 82.0 1062.0 17.0 4.0
45 39 45 0.0 0.0 0.0 5.0 61.0 0.0 0.0
45 39 46 0.0 0.0 0.0 0.0 1.0 0.0 0.0
45 40 34 0.0 0.0 0.0 0.0 1.0 0.0 0.0
45 40 35 0.0 0.0 0.0 6.0 74.0 1.0 0.0
45 40 36 0.0 0.0 0.0 123.0 1206.0 28.0 2.0
45 40 37 0.0 4.0 8.0 536.0 5576.0 109.0 54.0
45 40 38 0.0 4.0 26.0 1148.0 13887.0 248.0 421.0
45 40 39 0.0 5.0 30.0 1895.0 20639.0 331.0 1071.0
45 40 40 0.0 6.0 61.0 1923.0 23744.0 362.0 1445.0
45 40 41 0.0 9.0 50.0 1785.0 21311.0 378.0 1126.0
45 40 42 0.0 0.0 24.0 1185.0 13438.0 235.0 398.0
45 40 43 0.0 0.0 7.0 568.0 5854.0 119.0 70.0
45 40 44 0.0 0.0 7.0 106.0 1344.0 28.0 2.0
45 40 45 0.0 0.0 0.0 3.0 78.0 2.0 0.0
45 41 35 0.0 0.0 0.0 4.0 46.0 2.0 0.0
45 41 36 0.0 0.0 0.0 83.0 1072.0 13.0 0.0
45 41 37 0.0 1.0 16.0 422.0 4820.0 87.0 40.0
45 41 38 0.0 10.0 25.0 894.0 11656.0 239.0 251.0
45 41 39 0.0 6.0 15.0 1695.0 18391.0 314.0 723.0
45 41 40 0.0 35.0 36.0 1835.0 21734.0 356.0 1110.0
45 41 41 0.0 2.0 36.0 1542.0 18581.0 320.0 833.0
45 41 42 0.0 1.0 33.0 1085.0 11573.0 199.0 272.0
45 41 43 0.0 1.0 4.0 605.0 4967.0 79.0 38.0
45 41 44 0.0 0.0 0.0 110.0 1112.0 22.0 1.0
45 41 45 0.0 0.0 0.0 2.0 50.0 1.0 0.0
45 42 35 0.0 0.0 0.0 1.0 22.0 0.0 0.0
45 42 36 0.0 0.0 2.0 20.0 627.0 12.0 0.0
45 42 37 0.0 4.0 5.0 264.0 2592.0 40.0 9.0
45 42 38 0.0 1.0 6.0 535.0 6691.0 118.0 90.0
45 42 39 0.0 1.0 21.0 987.0 11407.0 212.0 241.0
45 42 40 0.0 1.0 23.0 1038.0 13639.0 212.0 379.0
45 42 41 0.0 8.0 18.0 1035.0 11741.0 212.0 246.0
45 42 42 0.0 4.0 10.0 513.0 7587.0 136.0 95.0
45 42 43 0.0 0.0 4.0 186.0 2600.0 52.0 16.0
45 42 44 0.0 0.0 1.0 56.0 590.0 21.0 2.0
45 42 45 0.0 0.0 0.0 5.0 40.0 1.0 0.0
45 43 35 0.0 0.0 0.0 0.0 8.0 0.0 0.0
45 43 36 0.0 0.0 0.0 14.0 143.0 0.0 0.0
45 43 37 0.0 0.0 3.0 77.0 969.0 20.0 1.0
45 43 38 0.0 0.0 1.0 203.0 2999.0 60.0 19.0
45 43 39 0.0 1.0 17.0 385.0 5213.0 97.0 43.0
45 43 40 0.0 0.0 6.0 589.0 6044.0 119.0 65.0
45 43 41 0.0 0.0 4.0 438.0 5009.0 76.0 38.0
45 43 42 0.0 0.0 13.0 315.0 2797.0 48.0 9.0
45 43 43 0.0 2.0 6.0 68.0 1060.0 19.0 1.0
45 43 44 0.0 0.0 0.0 5.0 167.0 4.0 0.0
45 43 45 0.0 0.0 0.0 0.0 8.0 0.0 0.0
45 44 36 0.0 0.0 0.0 1.0 19.0 0.0 0.0
45 44 37 0.0 0.0 0.0 11.0 145.0 1.0 0.0
45 44 38 0.0 0.0 0.0 51.0 529.0 14.0 2.0
45 44 39 0.0 0.0 3.0 70.0 953.0 17.0 1.0
45 44 40 0.0 0.0 5.0 136.0 1276.0 19.0 4.0
45 44 41 0.0 0.0 1.0 73.0 1104.0 21.0 1.0
45 44 42 0.0 0.0 2.0 53.0 630.0 13.0 0.0
45 44 43 0.0 0.0 0.0 4.0 172.0 4.0 0.0
45 44 44 0.0 0.0 0.0 0.0 22.0 0.0 0.0
45 44 45 0.0 0.0 0.0 0.0 2.0 0.0 0.0
45 45 37 0.0 0.0 0.0 1.0 3.0 0.0 0.0
45 45 38 0.0 0.0 0.0 1.0 43.0 1.0 0.0
45 45 39 0.0 0.0 0.0 2.0 69.0 2.0 0.0
45 45 40 0.0 0.0 0.0 8.0 67.0 0.0 0.0
45 45 41 0.0 0.0 0.0 3.0 65.0 2.0 0.0
45 45 42 0.0 0.0 0.0 11.0 35.0 1.0 0.0
45 45 43 0.0 0.0 0.0 0.0 26.0 2.0 0.0
45 45 44 0.0 0.0 0.0 0.0 5.0 0.0 0.0
46 36 38 0.0 0.0 0.0 0.0 1.0 0.0 0.0
46 36 39 0.0 0.0 0.0 0.0 4.0 0.0 0.0
46 36 40 0.0 0.0 0.0 1.0 6.0 0.0 0.0
46 36 41 0.0 0.0 0.0 0.0 4.0 0.0 0.0
46 36 42 0.0 0.0 0.0 0.0 4.0 0.0 0.0
46 37 37 0.0 0.0 0.0 2.0 3.0 0.0 0.0
46 37 38 0.0 0.0 0.0 9.0 8.0 0.0 0.0
46 37 39 0.0 0.0 0.0 5.0 49.0 3.0 0.0
46 37 40 0.0 0.0 0.0 3.0 58.0 2.0 0.0
46 37 41 0.0 0.0 0.0 9.0 23.0 0.0 0.0
46 37 42 0.0 0.0 0.0 0.0 24.0 0.0 0.0
46 37 43 0.0 0.0 0.0 0.0 3.0 0.0 0.0
46 38 36 0.0 0.0 0.0 0.0 2.0 0.0 0.0
46 38 37 0.0 0.0 0.0 0.0 18.0 0.0 0.0
46 38 38 0.0 0.0 1.0 3.0 55.0 0.0 0.0
46 38 39 0.0 0.0 2.0 11.0 168.0 5.0 1.0
46 38 40 0.0 0.0 0.0 10.0 170.0 2.0 0.0
46 38 41 0.0 0.0 0.0 11.0 205.0 3.0 0.0
46 38 42 0.0 0.0 0.0 10.0 62.0 1.0 0.0
46 38 43 0.0 0.0 0.0 2.0 13.0 0.0 0.0
46 38 44 0.0 0.0 0.0 1.0 0.0 0.0 0.0
46 39 36 0.0 0.0 0.0 0.0 1.0 0.0 0.0
46 39 37 0.0 0.0 0.0 2.0 35.0 0.0 0.0
46 39 38 0.0 0.0 0.0 14.0 138.0 3.0 0.0
46 39 39 0.0 0.0 2.0 32.0 275.0 8.0 1.0
46 39 40 0.0 0.0 1.0 22.0 339.0 8.0 0.0
46 39 41 0.0 0.0 1.0 32.0 284.0 4.0 0.0
46 39 42 0.0 0.0 0.0 13.0 141.0 4.0 0.0
46 39 43 0.0 0.0 0.0 0.0 45.0 0.0 0.0
46 39 44 0.0 0.0 0.0 0.0 5.0 0.0 0.0
46 40 36 0.0 0.0 0.0 0.0 3.0 0.0 0.0
46 40 37 0.0 0.0 1.0 4.0 52.0 0.0 0.0
46 40 38 0.0 0.0 0.0 30.0 161.0 4.0 0.0
46 40 39 0.0 0.0 0.0 42.0 346.0 6.0 0.0
46 40 40 0.0 1.0 0.0 39.0 514.0 8.0 0.0
46 40 41 0.0 0.0 0.0 51.0 345.0 6.0 0.0
46 40 42 0.0 0.0 0.0 16.0 181.0 0.0 0.0
46 40 43 0.0 0.0 0.0 8.0 54.0 1.0 0.0
46 40 44 0.0 0.0 0.0 1.0 8.0 0.0 0.0
46 41 35 0.0 0.0 0.0 0.0 1.0 0.0 0.0
46 41 36 0.0 0.0 0.0 0.0 6.0 0.0 0.0
46 41 37 0.0 1.0 0.0 0.0 46.0 2.0 0.0
46 41 38 0.0 0.0 0.0 3.0 134.0 1.0 0.0
46 41 39 0.0 0.0 0.0 22.0 302.0 7.0 0.0
46 41 40 0.0 0.0 1.0 36.0 331.0 5.0 0.0
46 41 41 0.0 0.0 0.0 39.0 268.0 6.0 0.0
46 41 42 0.0 0.0 0.0 13.0 119.0 0.0 0.0
46 41 43 0.0 0.0 0.0 7.0 44.0 0.0 0.0
46 41 44 0.0 0.0 0.0 0.0 9.0 1.0 0.0
46 42 35 0.0 0.0 0.0 0.0 2.0 0.0 0.0
46 42 36 0.0 0.0 0.0 0.0 7.0 0.0 0.0
46 42 37 0.0 0.0 0.0 3.0 22.0 0.0 0.0
46 42 38 0.0 0.0 0.0 2.0 52.0 1.0 0.0
46 42 39 0.0 0.0 0.0 13.0 156.0 4.0 0.0
46 42 40 0.0 0.0 0.0 16.0 199.0 4.0 0.0
46 42 41 0.0 0.0 0.0 14.0 136.0 1.0 0.0
46 42 42 0.0 0.0 0.0 6.0 77.0 2.0 0.0
46 42 43 0.0 0.0 0.0 1.0 22.0 1.0 0.0
46 42 44 0.0 0.0 0.0 0.0 7.0 0.0 0.0
46 42 45 0.0 0.0 0.0 0.0 1.0 0.0 0.0
46 43 37 0.0 0.0 0.0 0.0 1.0 0.0 0.0
46 43 38 0.0 0.0 0.0 6.0 21.0 1.0 0.0
46 43 39 0.0 0.0 0.0 1.0 29.0 1.0 0.0
46 43 40 0.0 0.0 0.0 2.0 54.0 0.0 0.0
46 43 41 0.0 0.0 0.0 5.0 44.0 1.0 0.0
46 43 42 0.0 0.0 1.0 6.0 14.0 0.0 0.0
46 43 43 0.0 0.0 0.0 1.0 6.0 0.0 0.0
46 44 37 0.0 0.0 0.0 0.0 4.0 0.0 0.0
46 44 38 0.0 0.0 0.0 0.0 2.0 0.0 0.0
46 44 39 0.0 0.0 0.0 2.0 2.0 0.0 0.0
46 44 40 0.0 0.0 0.0 0.0 4.0 0.0 0.0
46 44 41 0.0 0.0 0.0 0.0 2.0 0.0 0.0
46 44 42 0.0 0.0 0.0 2.0 2.0 0.0 0.0
47 40 41 0.0 0.0 0.0 0.0 3.0 0.0 0.0
