36 36 41 0.0 0.0 0.0 0.0 1.0 0.0 0.0
36 37 37 0.0 0.0 0.0 0.0 1.0 0.0 0.0
36 37 40 0.0 0.0 0.0 0.0 3.0 0.0 0.0
36 37 41 0.0 0.0 0.0 0.0 10.0 0.0 0.0
36 37 42 0.0 0.0 0.0 0.0 2.0 0.0 0.0
36 38 37 0.0 0.0 0.0 0.0 1.0 0.0 0.0
36 38 38 0.0 0.0 0.0 2.0 12.0 1.0 0.0
36 38 39 0.0 0.0 0.0 7.0 27.0 0.0 0.0
36 38 40 0.0 0.0 0.0 1.0 28.0 0.0 0.0
36 38 41 0.0 0.0 0.0 4.0 16.0 1.0 0.0
36 38 42 0.0 0.0 0.0 0.0 7.0 0.0 0.0
36 38 43 0.0 0.0 0.0 0.0 2.0 0.0 0.0
36 39 37 0.0 0.0 0.0 0.0 3.0 0.0 0.0
36 39 38 0.0 0.0 0.0 5.0 24.0 2.0 0.0
36 39 39 0.0 0.0 0.0 5.0 43.0 0.0 0.0
36 39 40 0.0 0.0 0.0 5.0 89.0 2.0 0.0
36 39 41 0.0 1.0 0.0 11.0 54.0 1.0 0.0
36 39 42 0.0 0.0 0.0 1.0 7.0 0.0 0.0
36 39 43 0.0 0.0 0.0 1.0 1.0 0.0 0.0
36 40 37 0.0 0.0 0.0 2.0 1.0 0.0 0.0
36 40 38 0.0 0.0 0.0 0.0 24.0 0.0 0.0
36 40 39 0.0 0.0 0.0 8.0 82.0 4.0 0.0
36 40 40 0.0 0.0 0.0 15.0 87.0 4.0 0.0
36 40 41 0.0 0.0 0.0 8.0 59.0 1.0 0.0
36 40 42 0.0 0.0 0.0 5.0 27.0 1.0 0.0
36 40 43 0.0 0.0 0.0 1.0 2.0 0.0 0.0
36 41 37 0.0 0.0 0.0 0.0 1.0 0.0 0.0
36 41 38 0.0 0.0 0.0 2.0 10.0 0.0 0.0
36 41 39 0.0 0.0 0.0 6.0 73.0 1.0 0.0
36 41 40 0.0 0.0 1.0 3.0 69.0 0.0 0.0
36 41 41 0.0 0.0 0.0 4.0 46.0 0.0 0.0
36 41 42 0.0 0.0 0.0 2.0 15.0 0.0 0.0
36 41 43 0.0 0.0 0.0 1.0 3.0 0.0 0.0
36 42 37 0.0 0.0 0.0 1.0 0.0 0.0 0.0
36 42 38 0.0 0.0 0.0 1.0 10.0 0.0 0.0
36 42 39 0.0 0.0 0.0 1.0 20.0 0.0 0.0
36 42 40 0.0 0.0 0.0 1.0 47.0 1.0 0.0
36 42 41 0.0 0.0 0.0 3.0 34.0 2.0 0.0
36 42 42 0.0 0.0 0.0 1.0 5.0 0.0 0.0
36 42 43 0.0 0.0 0.0 0.0 1.0 0.0 0.0
36 43 38 0.0 0.0 0.0 1.0 0.0 0.0 0.0
36 43 39 0.0 0.0 0.0 0.0 2.0 0.0 0.0
36 43 40 0.0 0.0 0.0 4.0 6.0 0.0 0.0
36 43 41 0.0 0.0 0.0 2.0 2.0 0.0 0.0
37 36 37 0.0 0.0 0.0 0.0 1.0 0.0 0.0
37 36 39 0.0 0.0 0.0 1.0 3.0 0.0 0.0
37 36 40 0.0 0.0 0.0 0.0 2.0 0.0 0.0
37 36 41 0.0 0.0 0.0 0.0 3.0 0.0 0.0
37 36 43 0.0 0.0 0.0 0.0 1.0 0.0 0.0
37 37 37 0.0 0.0 0.0 2.0 60.0 0.0 0.0
37 37 38 0.0 0.0 0.0 39.0 358.0 5.0 0.0
37 37 39 0.0 0.0 2.0 64.0 767.0 15.0 0.0
37 37 40 0.0 3.0 1.0 92.0 999.0 18.0 0.0
37 37 41 0.0 0.0 2.0 58.0 685.0 15.0 1.0
37 37 42 0.0 0.0 3.0 40.0 327.0 15.0 0.0
37 37 43 0.0 0.0 0.0 12.0 79.0 0.0 0.0
37 38 36 0.0 0.0 1.0 0.0 2.0 0.0 0.0
37 38 37 0.0 0.0 5.0 40.0 348.0 9.0 0.0
37 38 38 0.0 2.0 14.0 176.0 1816.0 29.0 7.0
37 38 39 0.0 3.0 14.0 415.0 3878.0 82.0 31.0
37 38 40 0.0 1.0 10.0 486.0 4435.0 74.0 35.0
37 38 41 0.0 5.0 20.0 353.0 3752.0 63.0 29.0
37 38 42 0.0 0.0 3.0 145.0 1301.0 23.0 1.0
37 38 43 0.0 1.0 1.0 34.0 306.0 5.0 0.0
37 38 44 0.0 0.0 0.0 1.0 1.0 0.0 0.0
37 39 36 0.0 0.0 0.0 0.0 1.0 0.0 0.0
37 39 37 0.0 0.0 4.0 84.0 819.0 12.0 0.0
37 39 38 0.0 2.0 11.0 380.0 3454.0 55.0 28.0
37 39 39 0.0 9.0 40.0 984.0 7965.0 144.0 121.0
37 39 40 0.0 15.0 70.0 1298.0 10511.0 164.0 258.0
37 39 41 0.0 8.0 79.0 802.0 8277.0 159.0 144.0
37 39 42 0.0 5.0 14.0 423.0 3759.0 69.0 36.0
37 39 43 0.0 0.0 3.0 60.0 694.0 12.0 1.0
37 40 36 0.0 0.0 0.0 0.0 3.0 0.0 0.0
37 40 37 0.0 1.0 9.0 129.0 880.0 18.0 1.0
37 40 38 0.0 17.0 27.0 615.0 4855.0 95.0 40.0
37 40 39 0.0 31.0 58.0 1282.0 9988.0 206.0 247.0
37 40 40 0.0 37.0 53.0 1567.0 12467.0 244.0 330.0
37 40 41 0.0 9.0 64.0 1171.0 10049.0 197.0 210.0
37 40 42 0.0 14.0 25.0 565.0 4650.0 77.0 46.0
37 40 43 0.0 1.0 3.0 107.0 955.0 20.0 1.0
37 40 44 0.0 0.0 0.0 0.0 1.0 0.0 0.0
37 41 36 0.0 0.0 0.0 0.0 9.0 0.0 0.0
37 41 37 0.0 4.0 6.0 112.0 631.0 12.0 1.0
37 41 38 0.0 6.0 14.0 503.0 3311.0 61.0 15.0
37 41 39 0.0 18.0 52.0 983.0 7416.0 148.0 114.0
37 41 40 0.0 18.0 71.0 1120.0 10378.0 209.0 203.0
37 41 41 0.0 12.0 71.0 1106.0 8392.0 174.0 145.0
37 41 42 0.0 5.0 36.0 394.0 3586.0 67.0 31.0
37 41 43 0.0 0.0 2.0 84.0 674.0 19.0 0.0
37 41 44 0.0 0.0 0.0 0.0 3.0 0.0 0.0
37 42 37 0.0 3.0 0.0 46.0 210.0 2.0 0.0
37 42 38 0.0 3.0 5.0 166.0 1364.0 33.0 1.0
37 42 39 0.0 6.0 38.0 419.0 3564.0 73.0 29.0
37 42 40 0.0 2.0 23.0 611.0 4568.0 77.0 47.0
37 42 41 0.0 1.0 17.0 530.0 3599.0 73.0 24.0
37 42 42 0.0 4.0 4.0 202.0 1503.0 18.0 6.0
37 42 43 0.0 0.0 4.0 13.0 258.0 6.0 0.0
37 43 37 0.0 0.0 0.0 5.0 45.0 0.0 0.0
37 43 38 0.0 0.0 1.0 29.0 268.0 6.0 0.0
37 43 39 0.0 1.0 4.0 59.0 606.0 14.0 1.0
37 43 40 0.0 0.0 9.0 80.0 868.0 11.0 0.0
37 43 41 0.0 1.0 7.0 98.0 761.0 8.0 0.0
37 43 42 0.0 0.0 0.0 37.0 369.0 8.0 0.0
37 43 43 0.0 0.0 1.0 7.0 45.0 4.0 0.0
37 44 38 0.0 0.0 0.0 0.0 3.0 0.0 0.0
37 44 39 0.0 0.0 0.0 0.0 1.0 0.0 0.0
37 44 40 0.0 0.0 0.0 0.0 8.0 1.0 0.0
37 44 41 0.0 0.0 0.0 0.0 1.0 0.0 0.0
38 36 37 0.0 0.0 0.0 0.0 2.0 0.0 0.0
38 36 38 0.0 0.0 0.0 1.0 11.0 1.0 0.0
38 36 39 0.0 0.0 0.0 6.0 23.0 1.0 0.0
38 36 40 0.0 0.0 0.0 9.0 36.0 2.0 0.0
38 36 41 0.0 0.0 0.0 2.0 18.0 0.0 0.0
38 36 42 0.0 0.0 0.0 1.0 10.0 0.0 0.0
38 37 36 0.0 0.0 0.0 0.0 4.0 0.0 0.0
38 37 37 0.0 0.0 2.0 37.0 372.0 4.0 2.0
38 37 38 0.0 12.0 18.0 286.0 1905.0 49.0 10.0
38 37 39 0.0 4.0 29.0 693.0 4419.0 77.0 39.0
38 37 40 0.0 21.0 32.0 883.0 5254.0 111.0 61.0
38 37 41 0.0 2.0 23.0 531.0 4047.0 77.0 37.0
38 37 42 0.0 2.0 5.0 171.0 1610.0 28.0 6.0
38 37 43 0.0 0.0 0.0 21.0 252.0 6.0 0.0
38 37 44 0.0 0.0 0.0 1.0 2.0 0.0 0.0
38 38 36 0.0 0.0 0.0 0.0 10.0 0.0 0.0
38 38 37 0.0 0.0 13.0 130.0 1724.0 37.0 6.0
38 38 38 0.0 14.0 113.0 1731.0 20414.0 322.0 1318.0
38 38 39 0.0 19.0 118.0 3705.0 33741.0 508.0 5025.0
38 38 40 0.0 28.0 222.0 3313.0 39380.0 577.0 7540.0
38 38 41 0.0 32.0 141.0 3132.0 33051.0 537.0 4712.0
38 38 42 0.0 5.0 48.0 1694.0 18371.0 318.0 1049.0
38 38 43 0.0 0.0 4.0 190.0 1635.0 34.0 10.0
38 38 44 0.0 0.0 0.0 0.0 12.0 0.0 0.0
38 39 36 0.0 0.0 0.0 0.0 12.0 0.0 0.0
38 39 37 0.0 16.0 24.0 439.0 3904.0 81.0 32.0
38 39 38 0.0 38.0 158.0 4268.0 32857.0 490.0 4848.0
38 39 39 0.0 88.0 278.0 6302.0 44444.0 585.0 14708.0
38 39 40 0.0 50.0 346.0 5672.0 48513.0 618.0 20261.0
38 39 41 0.0 59.0 313.0 4634.0 45867.0 552.0 13670.0
38 39 42 1.0 51.0 197.0 3797.0 31651.0 505.0 4286.0
38 39 43 0.0 4.0 16.0 365.0 3922.0 61.0 32.0
38 39 44 0.0 0.0 0.0 2.0 27.0 0.0 0.0
38 40 36 0.0 0.0 0.0 5.0 20.0 0.0 0.0
38 40 37 0.0 7.0 13.0 475.0 4284.0 77.0 36.0
38 40 38 0.0 74.0 216.0 5255.0 35597.0 585.0 6796.0
38 40 39 0.0 85.0 321.0 5960.0 47860.0 602.0 20335.0
38 40 40 0.0 76.0 337.0 6490.0 49186.0 569.0 27672.0
38 40 41 0.0 80.0 370.0 4960.0 49322.0 560.0 20181.0
38 40 42 0.0 34.0 286.0 3571.0 37960.0 553.0 6872.0
38 40 43 0.0 0.0 33.0 412.0 4542.0 60.0 48.0
38 40 44 0.0 0.0 0.0 5.0 25.0 1.0 0.0
38 41 36 0.0 0.0 3.0 0.0 24.0 1.0 0.0
38 41 37 0.0 2.0 37.0 445.0 3538.0 66.0 16.0
38 41 38 0.0 95.0 220.0 4495.0 29969.0 510.0 4035.0
38 41 39 0.0 90.0 186.0 5599.0 44796.0 625.0 13272.0
38 41 40 0.0 53.0 352.0 5852.0 48203.0 548.0 20913.0
38 41 41 0.0 226.0 355.0 7731.0 43164.0 618.0 14896.0
38 41 42 0.0 36.0 233.0 2953.0 31260.0 441.0 3988.0
38 41 43 0.0 3.0 32.0 449.0 3577.0 74.0 23.0
38 41 44 0.0 0.0 0.0 4.0 20.0 0.0 0.0
38 42 36 0.0 0.0 0.0 4.0 6.0 0.0 0.0
38 42 37 0.0 2.0 5.0 179.0 1428.0 25.0 4.0
38 42 38 0.0 10.0 105.0 1777.0 16728.0 275.0 868.0
38 42 39 0.0 48.0 251.0 3386.0 31590.0 477.0 4181.0
38 42 40 0.0 81.0 296.0 3660.0 37550.0 534.0 6630.0
38 42 41 0.0 27.0 199.0 3499.0 32756.0 470.0 4730.0
38 42 42 0.0 17.0 145.0 1722.0 19263.0 324.0 1202.0
38 42 43 0.0 0.0 14.0 166.0 1511.0 26.0 5.0
38 42 44 0.0 0.0 0.0 3.0 12.0 0.0 0.0
38 43 37 0.0 1.0 0.0 15.0 257.0 4.0 0.0
38 43 38 0.0 0.0 3.0 199.0 1349.0 21.0 3.0
38 43 39 0.0 14.0 6.0 486.0 3298.0 62.0 22.0
38 43 40 0.0 5.0 23.0 488.0 4426.0 69.0 33.0
38 43 41 0.0 10.0 16.0 414.0 3555.0 56.0 26.0
38 43 42 0.0 3.0 8.0 167.0 1715.0 32.0 8.0
38 43 43 0.0 0.0 2.0 41.0 345.0 6.0 0.0
38 43 44 0.0 0.0 0.0 0.0 4.0 1.0 0.0
38 44 37 0.0 0.0 0.0 0.0 1.0 0.0 0.0
38 44 38 0.0 0.0 0.0 0.0 3.0 0.0 0.0
38 44 39 0.0 0.0 0.0 1.0 22.0 0.0 0.0
38 44 40 0.0 0.0 0.0 3.0 17.0 0.0 0.0
38 44 41 0.0 0.0 0.0 2.0 14.0 0.0 0.0
38 44 42 0.0 0.0 0.0 2.0 6.0 0.0 0.0
39 36 37 0.0 0.0 0.0 0.0 3.0 0.0 0.0
39 36 38 0.0 0.0 0.0 10.0 31.0 2.0 0.0
39 36 39 0.0 0.0 1.0 8.0 78.0 0.0 0.0
39 36 40 0.0 0.0 1.0 15.0 83.0 2.0 0.0
39 36 41 0.0 0.0 0.0 12.0 47.0 0.0 0.0
39 36 42 0.0 0.0 0.0 1.0 9.0 0.0 0.0
39 36 43 0.0 0.0 0.0 0.0 1.0 0.0 0.0
39 37 36 0.0 0.0 0.0 1.0 9.0 0.0 0.0
39 37 37 0.0 0.0 2.0 58.0 783.0 17.0 0.0
39 37 38 0.0 13.0 20.0 643.0 4433.0 94.0 41.0
39 37 39 0.0 2.0 31.0 1426.0 8872.0 181.0 184.0
39 37 40 0.0 21.0 75.0 1754.0 10855.0 164.0 280.0
39 37 41 0.0 5.0 31.0 1343.0 8386.0 152.0 176.0
39 37 42 0.0 5.0 16.0 558.0 3426.0 60.0 24.0
39 37 43 0.0 0.0 4.0 62.0 759.0 18.0 2.0
39 37 44 0.0 0.0 0.0 0.0 3.0 0.0 0.0
39 38 36 0.0 0.0 0.0 1.0 26.0 1.0 0.0
39 38 37 0.0 2.0 14.0 370.0 3996.0 71.0 34.0
39 38 38 0.0 51.0 133.0 2909.0 33767.0 524.0 4867.0
39 38 39 0.0 136.0 290.0 8295.0 43710.0 577.0 18220.0
39 38 40 0.0 64.0 236.0 7675.0 46636.0 606.0 22909.0
39 38 41 0.0 118.0 222.0 7415.0 43893.0 626.0 15309.0
39 38 42 0.0 14.0 135.0 3448.0 31129.0 505.0 3931.0
39 38 43 0.0 4.0 32.0 487.0 3975.0 79.0 37.0
39 38 44 0.0 0.0 0.0 2.0 15.0 0.0 0.0
39 39 36 0.0 0.0 0.0 2.0 36.0 0.0 0.0
39 39 37 0.0 23.0 30.0 790.0 8398.0 152.0 148.0
39 39 38 0.0 62.0 299.0 5047.0 46796.0 635.0 15235.0
39 39 39 0.0 67.0 276.0 4130.0 34209.0 298.0 69266.0
39 39 40 0.0 78.0 290.0 4254.0 34874.0 309.0 73101.0
39 39 41 0.0 49.0 242.0 3973.0 35749.0 322.0 67107.0
39 39 42 0.0 52.0 257.0 5041.0 46336.0 573.0 14615.0
39 39 43 0.0 9.0 74.0 830.0 7746.0 164.0 105.0
39 39 44 0.0 0.0 0.0 7.0 58.0 1.0 0.0
39 40 36 0.0 0.0 3.0 4.0 71.0 1.0 0.0
39 40 37 0.0 10.0 55.0 1049.0 9839.0 172.0 226.0
39 40 38 0.0 78.0 238.0 5692.0 48410.0 608.0 20541.0
39 40 39 0.0 86.0 255.0 5430.0 34906.0 320.0 71554.0
39 40 40 0.0 76.0 268.0 4412.0 32556.0 278.0 82858.0
39 40 41 0.0 64.0 295.0 4371.0 36348.0 306.0 70453.0
39 40 42 0.0 74.0 384.0 5360.0 48577.0 626.0 19866.0
39 40 43 0.0 1.0 61.0 1147.0 9802.0 186.0 207.0
39 40 44 0.0 0.0 0.0 6.0 64.0 0.0 0.0
39 41 36 0.0 0.0 0.0 4.0 36.0 0.0 0.0
39 41 37 0.0 4.0 44.0 949.0 7969.0 156.0 131.0
39 41 38 0.0 43.0 284.0 5232.0 45172.0 568.0 13644.0
39 41 39 0.0 66.0 302.0 4289.0 37154.0 353.0 63849.0
39 41 40 0.0 47.0 296.0 3945.0 35677.0 330.0 72378.0
39 41 41 0.0 54.0 398.0 4039.0 36393.0 350.0 66022.0
39 41 42 0.0 48.0 280.0 5561.0 44975.0 624.0 14079.0
39 41 43 0.0 8.0 59.0 944.0 7944.0 130.0 138.0
39 41 44 0.0 0.0 0.0 4.0 53.0 2.0 0.0
39 42 36 0.0 0.0 0.0 1.0 21.0 1.0 0.0
39 42 37 0.0 1.0 24.0 390.0 3101.0 63.0 13.0
39 42 38 0.0 33.0 136.0 3550.0 31690.0 474.0 4222.0
39 42 39 0.0 88.0 332.0 5323.0 45097.0 610.0 13559.0
39 42 40 0.0 65.0 404.0 5284.0 48437.0 643.0 19897.0
39 42 41 0.0 110.0 369.0 5349.0 45794.0 622.0 14508.0
39 42 42 0.0 25.0 411.0 3733.0 34462.0 551.0 5150.0
39 42 43 0.0 0.0 29.0 322.0 3625.0 52.0 21.0
39 42 44 0.0 0.0 0.0 4.0 13.0 0.0 0.0
39 43 36 0.0 0.0 0.0 1.0 3.0 0.0 0.0
39 43 37 0.0 0.0 1.0 60.0 617.0 9.0 1.0
39 43 38 0.0 3.0 10.0 369.0 3195.0 53.0 21.0
39 43 39 0.0 11.0 56.0 952.0 7696.0 122.0 141.0
39 43 40 0.0 9.0 76.0 1181.0 9907.0 176.0 235.0
39 43 41 0.0 3.0 76.0 947.0 8181.0 149.0 132.0
39 43 42 0.0 7.0 34.0 417.0 3741.0 70.0 32.0
39 43 43 0.0 0.0 2.0 72.0 838.0 17.0 1.0
39 43 44 0.0 0.0 0.0 0.0 1.0 0.0 0.0
39 44 37 0.0 0.0 0.0 0.0 1.0 0.0 0.0
39 44 38 0.0 0.0 0.0 4.0 12.0 1.0 0.0
39 44 39 0.0 0.0 0.0 6.0 53.0 2.0 0.0
39 44 40 0.0 0.0 0.0 6.0 72.0 0.0 0.0
39 44 41 0.0 0.0 0.0 4.0 53.0 0.0 0.0
39 44 42 0.0 0.0 0.0 0.0 15.0 1.0 0.0
40 36 37 0.0 0.0 0.0 1.0 5.0 1.0 0.0
40 36 38 0.0 0.0 0.0 6.0 38.0 1.0 0.0
40 36 39 0.0 0.0 0.0 12.0 67.0 3.0 0.0
40 36 40 0.0 0.0 0.0 10.0 92.0 2.0 0.0
40 36 41 0.0 0.0 0.0 4.0 73.0 1.0 0.0
40 36 42 0.0 0.0 0.0 1.0 25.0 0.0 0.0
40 36 43 0.0 0.0 0.0 1.0 12.0 0.0 0.0
40 37 36 0.0 0.0 0.0 0.0 2.0 0.0 0.0
40 37 37 0.0 1.0 5.0 108.0 1061.0 15.0 1.0
40 37 38 0.0 8.0 28.0 1164.0 5406.0 101.0 68.0
40 37 39 0.0 17.0 35.0 1815.0 10863.0 203.0 292.0
40 37 40 0.0 9.0 86.0 2339.0 13938.0 268.0 449.0
40 37 41 0.0 26.0 78.0 1875.0 10072.0 179.0 259.0
40 37 42 0.0 5.0 27.0 676.0 4712.0 84.0 59.0
40 37 43 0.0 2.0 7.0 61.0 836.0 13.0 2.0
40 37 44 0.0 0.0 0.0 1.0 1.0 0.0 0.0
40 38 36 0.0 0.0 1.0 1.0 28.0 1.0 0.0
40 38 37 0.0 11.0 35.0 611.0 5131.0 103.0 53.0
40 38 38 0.0 48.0 191.0 3968.0 39311.0 625.0 8028.0
40 38 39 0.0 61.0 287.0 7767.0 46403.0 556.0 21466.0
40 38 40 0.0 55.0 290.0 8251.0 47053.0 572.0 29951.0
40 38 41 0.0 100.0 281.0 8366.0 45832.0 568.0 20955.0
40 38 42 0.0 30.0 375.0 3930.0 38412.0 551.0 7348.0
40 38 43 0.0 2.0 22.0 608.0 4725.0 85.0 54.0
40 38 44 0.0 0.0 2.0 3.0 35.0 1.0 0.0
40 39 36 0.0 0.0 1.0 9.0 81.0 4.0 0.0
40 39 37 0.0 2.0 65.0 913.0 11203.0 234.0 257.0
40 39 38 0.0 39.0 275.0 5060.0 49026.0 644.0 20870.0
40 39 39 0.0 62.0 258.0 4053.0 34857.0 285.0 74113.0
40 39 40 0.0 119.0 238.0 6201.0 28449.0 251.0 87733.0
40 39 41 0.0 38.0 321.0 4823.0 36328.0 315.0 70815.0
40 39 42 0.0 37.0 289.0 6253.0 47830.0 616.0 20214.0
40 39 43 0.0 9.0 54.0 1111.0 10385.0 169.0 206.0
40 39 44 0.0 0.0 0.0 3.0 93.0 0.0 0.0
40 40 36 0.0 0.0 1.0 8.0 104.0 0.0 0.0
40 40 37 0.0 11.0 58.0 1424.0 12981.0 231.0 377.0
40 40 38 0.0 69.0 323.0 5480.0 50216.0 614.0 27868.0
40 40 39 0.0 57.0 239.0 4152.0 33417.0 265.0 82193.0
40 40 40 0.0 42.0 186.0 2554.0 20224.0 115.0 122640.0
40 40 41 0.0 77.0 301.0 4490.0 32460.0 271.0 83376.0
40 40 42 0.0 50.0 423.0 5597.0 50036.0 594.0 27828.0
40 40 43 0.0 12.0 101.0 1548.0 12664.0 194.0 384.0
40 40 44 0.0 3.0 0.0 12.0 77.0 1.0 0.0
40 41 36 0.0 0.0 0.0 6.0 62.0 1.0 0.0
40 41 37 0.0 11.0 48.0 1024.0 10918.0 196.0 256.0
40 41 38 0.0 70.0 299.0 5665.0 48031.0 589.0 19843.0
40 41 39 0.0 57.0 336.0 3852.0 36090.0 282.0 72451.0
40 41 40 0.0 49.0 307.0 4044.0 33543.0 264.0 82470.0
40 41 41 0.0 41.0 354.0 4358.0 35062.0 284.0 73386.0
40 41 42 0.0 52.0 364.0 5097.0 49025.0 601.0 20226.0
40 41 43 0.0 42.0 110.0 1540.0 10988.0 210.0 283.0
40 41 44 0.0 0.0 1.0 8.0 54.0 2.0 0.0
40 42 36 0.0 0.0 0.0 2.0 28.0 0.0 0.0
40 42 37 0.0 1.0 35.0 455.0 4540.0 73.0 39.0
40 42 38 0.0 18.0 263.0 3037.0 38088.0 549.0 6811.0
40 42 39 0.0 50.0 322.0 5842.0 47929.0 641.0 19568.0
40 42 40 0.0 73.0 453.0 6127.0 50000.0 587.0 26540.0
40 42 41 0.0 53.0 380.0 5447.0 48949.0 636.0 19890.0
40 42 42 0.0 61.0 309.0 4137.0 38451.0 555.0 7505.0
40 42 43 0.0 4.0 61.0 529.0 4881.0 78.0 43.0
40 42 44 0.0 0.0 0.0 2.0 27.0 0.0 0.0
40 43 36 0.0 0.0 0.0 0.0 1.0 0.0 0.0
40 43 37 0.0 0.0 2.0 74.0 874.0 13.0 0.0
40 43 38 0.0 4.0 26.0 474.0 4253.0 82.0 52.0
40 43 39 0.0 23.0 56.0 1243.0 10256.0 173.0 230.0
40 43 40 0.0 17.0 120.0 1390.0 12350.0 207.0 347.0
40 43 41 0.0 14.0 42.0 1163.0 10258.0 188.0 239.0
40 43 42 0.0 12.0 26.0 551.0 4858.0 98.0 53.0
40 43 43 0.0 0.0 23.0 91.0 1008.0 12.0 1.0
40 43 44 0.0 0.0 0.0 0.0 6.0 0.0 0.0
40 44 37 0.0 0.0 0.0 1.0 1.0 0.0 0.0
40 44 38 0.0 0.0 0.0 3.0 17.0 0.0 0.0
40 44 39 0.0 0.0 0.0 6.0 48.0 0.0 0.0
40 44 40 0.0 0.0 0.0 5.0 88.0 2.0 0.0
40 44 41 0.0 0.0 0.0 5.0 89.0 1.0 1.0
40 44 42 0.0 0.0 0.0 6.0 17.0 0.0 0.0
40 44 43 0.0 0.0 0.0 1.0 3.0 0.0 0.0
41 36 37 0.0 0.0 0.0 0.0 4.0 0.0 0.0
41 36 38 0.0 0.0 0.0 6.0 21.0 0.0 0.0
41 36 39 0.0 0.0 0.0 12.0 56.0 2.0 0.0
41 36 40 0.0 0.0 2.0 13.0 84.0 2.0 0.0
41 36 41 0.0 0.0 0.0 10.0 57.0 1.0 0.0
41 36 42 0.0 0.0 0.0 1.0 25.0 0.0 0.0
41 36 43 0.0 0.0 0.0 0.0 1.0 0.0 0.0
41 37 36 0.0 0.0 0.0 0.0 5.0 0.0 0.0
41 37 37 0.0 1.0 0.0 123.0 752.0 20.0 1.0
41 37 38 0.0 4.0 22.0 496.0 3972.0 83.0 32.0
41 37 39 0.0 10.0 38.0 1327.0 8439.0 148.0 176.0
41 37 40 0.0 42.0 34.0 1931.0 9882.0 205.0 261.0
41 37 41 0.0 18.0 43.0 1553.0 8090.0 163.0 158.0
41 37 42 0.0 25.0 16.0 647.0 3242.0 64.0 21.0
41 37 43 0.0 0.0 4.0 52.0 737.0 15.0 0.0
41 37 44 0.0 0.0 0.0 0.0 3.0 0.0 0.0
41 38 36 0.0 0.0 0.0 0.0 16.0 1.0 0.0
41 38 37 0.0 1.0 17.0 380.0 3835.0 64.0 20.0
41 38 38 0.0 17.0 119.0 3103.0 32379.0 492.0 4352.0
41 38 39 0.0 128.0 190.0 8462.0 43068.0 616.0 15431.0
41 38 40 0.0 99.0 223.0 9010.0 45165.0 582.0 20926.0
41 38 41 0.0 186.0 238.0 9860.0 41205.0 599.0 15687.0
41 38 42 0.0 37.0 214.0 3615.0 32315.0 497.0 4318.0
41 38 43 0.0 3.0 40.0 381.0 3573.0 65.0 25.0
41 38 44 0.0 0.0 0.0 1.0 12.0 1.0 0.0
41 39 36 0.0 0.0 0.0 2.0 66.0 3.0 0.0
41 39 37 0.0 9.0 55.0 758.0 9142.0 158.0 151.0
41 39 38 0.0 36.0 311.0 4675.0 46862.0 631.0 15398.0
41 39 39 0.0 59.0 249.0 4385.0 35852.0 304.0 65888.0
41 39 40 0.0 76.0 271.0 4930.0 36195.0 333.0 70628.0
41 39 41 0.0 53.0 342.0 4642.0 35399.0 332.0 66454.0
41 39 42 0.0 78.0 269.0 5243.0 46168.0 607.0 14653.0
41 39 43 0.0 2.0 51.0 973.0 8327.0 158.0 141.0
41 39 44 0.0 0.0 2.0 11.0 63.0 1.0 0.0
41 40 36 0.0 1.0 0.0 16.0 53.0 1.0 0.0
41 40 37 0.0 10.0 62.0 1081.0 10303.0 198.0 225.0
41 40 38 0.0 42.0 332.0 4337.0 49658.0 666.0 21072.0
41 40 39 0.0 32.0 302.0 3342.0 35072.0 312.0 74842.0
41 40 40 0.0 59.0 314.0 4048.0 33481.0 285.0 82811.0
41 40 41 0.0 63.0 294.0 4553.0 35404.0 301.0 72575.0
41 40 42 0.0 53.0 354.0 5746.0 47510.0 611.0 20104.0
41 40 43 0.0 11.0 60.0 1206.0 10337.0 183.0 224.0
41 40 44 0.0 0.0 0.0 10.0 65.0 2.0 0.0
41 41 36 0.0 0.0 0.0 5.0 57.0 2.0 0.0
41 41 37 0.0 9.0 73.0 883.0 8291.0 145.0 143.0
41 41 38 0.0 37.0 308.0 4241.0 46517.0 592.0 14360.0
41 41 39 0.0 33.0 297.0 3723.0 37695.0 313.0 64354.0
41 41 40 0.0 40.0 374.0 4393.0 36157.0 334.0 71385.0
41 41 41 0.0 41.0 373.0 3599.0 35831.0 329.0 68002.0
41 41 42 0.0 42.0 498.0 5089.0 45972.0 589.0 14575.0
41 41 43 0.0 9.0 54.0 908.0 8247.0 130.0 121.0
41 41 44 0.0 0.0 1.0 4.0 60.0 1.0 0.0
41 42 36 0.0 0.0 0.0 2.0 29.0 1.0 0.0
41 42 37 0.0 0.0 27.0 312.0 3774.0 67.0 17.0
41 42 38 0.0 70.0 194.0 3554.0 32227.0 485.0 4438.0
41 42 39 0.0 33.0 372.0 4816.0 46186.0 615.0 13882.0
41 42 40 0.0 31.0 389.0 4894.0 49600.0 618.0 20722.0
41 42 41 0.0 80.0 350.0 5783.0 45198.0 612.0 14886.0
41 42 42 0.0 8.0 323.0 3363.0 33429.0 493.0 4639.0
41 42 43 0.0 4.0 18.0 474.0 3686.0 67.0 26.0
41 42 44 0.0 0.0 0.0 0.0 19.0 1.0 0.0
41 43 37 0.0 5.0 2.0 65.0 707.0 12.0 0.0
41 43 38 0.0 9.0 30.0 464.0 3697.0 74.0 20.0
41 43 39 0.0 17.0 48.0 795.0 8100.0 152.0 121.0
41 43 40 0.0 12.0 84.0 1106.0 10121.0 191.0 202.0
41 43 41 0.0 3.0 102.0 885.0 8372.0 143.0 133.0
41 43 42 0.0 0.0 15.0 399.0 3538.0 78.0 25.0
41 43 43 0.0 0.0 6.0 84.0 828.0 18.0 0.0
41 43 44 0.0 0.0 0.0 8.0 6.0 0.0 0.0
41 44 37 0.0 0.0 0.0 0.0 2.0 0.0 0.0
41 44 38 0.0 0.0 0.0 5.0 17.0 0.0 0.0
41 44 39 0.0 0.0 0.0 4.0 41.0 0.0 0.0
41 44 40 0.0 0.0 0.0 6.0 64.0 3.0 0.0
41 44 41 0.0 0.0 0.0 5.0 43.0 0.0 0.0
41 44 42 0.0 0.0 0.0 3.0 28.0 1.0 0.0
41 44 43 0.0 0.0 0.0 0.0 13.0 0.0 0.0
42 36 36 0.0 0.0 0.0 1.0 0.0 0.0 0.0
42 36 37 0.0 0.0 0.0 0.0 3.0 0.0 0.0
42 36 38 0.0 0.0 0.0 0.0 6.0 0.0 0.0
42 36 39 0.0 0.0 0.0 6.0 25.0 1.0 0.0
42 36 40 0.0 0.0 0.0 1.0 32.0 0.0 0.0
42 36 41 0.0 0.0 0.0 4.0 17.0 0.0 0.0
42 36 42 0.0 0.0 0.0 2.0 8.0 0.0 0.0
42 37 36 0.0 0.0 0.0 0.0 2.0 0.0 0.0
42 37 37 0.0 0.0 2.0 25.0 329.0 3.0 0.0
42 37 38 0.0 1.0 3.0 221.0 1404.0 28.0 3.0
42 37 39 0.0 8.0 21.0 570.0 3560.0 78.0 24.0
42 37 40 0.0 19.0 14.0 926.0 4457.0 103.0 42.0
42 37 41 0.0 4.0 31.0 723.0 3532.0 78.0 26.0
42 37 42 0.0 3.0 38.0 288.0 1557.0 26.0 4.0
42 37 43 0.0 0.0 2.0 23.0 335.0 7.0 0.0
42 38 36 0.0 0.0 0.0 2.0 4.0 0.0 0.0
42 38 37 0.0 1.0 7.0 156.0 1842.0 27.0 2.0
42 38 38 0.0 79.0 75.0 2305.0 18279.0 302.0 1184.0
42 38 39 0.0 74.0 152.0 4306.0 29710.0 476.0 3523.0
42 38 40 0.0 40.0 210.0 4797.0 35384.0 519.0 6137.0
42 38 41 0.0 40.0 159.0 4262.0 31172.0 483.0 4167.0
42 38 42 0.0 6.0 139.0 1877.0 18051.0 309.0 1059.0
42 38 43 0.0 4.0 11.0 185.0 1727.0 37.0 4.0
42 38 44 0.0 0.0 0.0 1.0 4.0 0.0 0.0
42 39 36 0.0 0.0 1.0 1.0 20.0 0.0 0.0
42 39 37 0.0 1.0 19.0 359.0 3834.0 76.0 28.0
42 39 38 0.0 66.0 160.0 3053.0 33969.0 539.0 4863.0
42 39 39 0.0 39.0 278.0 4594.0 45943.0 588.0 14890.0
42 39 40 0.0 55.0 417.0 5068.0 48985.0 552.0 20076.0
42 39 41 0.0 90.0 417.0 5751.0 44653.0 634.0 13692.0
42 39 42 0.0 47.0 138.0 4037.0 32272.0 557.0 4523.0
42 39 43 0.0 0.0 15.0 375.0 3870.0 62.0 30.0
42 39 44 0.0 0.0 0.0 0.0 22.0 0.0 0.0
42 40 36 0.0 0.0 2.0 1.0 34.0 1.0 0.0
42 40 37 0.0 1.0 34.0 456.0 4894.0 91.0 37.0
42 40 38 0.0 14.0 254.0 3234.0 38771.0 570.0 7480.0
42 40 39 0.0 44.0 338.0 5110.0 48498.0 574.0 19603.0
42 40 40 0.0 47.0 353.0 5002.0 50736.0 554.0 27964.0
42 40 41 1.0 51.0 378.0 5420.0 48744.0 602.0 20325.0
42 40 42 0.0 38.0 252.0 3957.0 38065.0 536.0 7007.0
42 40 43 0.0 1.0 20.0 478.0 4679.0 84.0 35.0
42 40 44 0.0 0.0 0.0 1.0 25.0 2.0 0.0
42 41 36 0.0 0.0 0.0 3.0 17.0 0.0 0.0
42 41 37 0.0 1.0 29.0 230.0 3745.0 67.0 25.0
42 41 38 0.0 11.0 393.0 2511.0 33731.0 512.0 4745.0
42 41 39 0.0 30.0 461.0 3940.0 47598.0 588.0 14775.0
42 41 40 0.0 50.0 433.0 4626.0 49386.0 562.0 20874.0
42 41 41 0.0 47.0 446.0 4226.0 47428.0 640.0 15620.0
42 41 42 0.0 46.0 195.0 3305.0 33256.0 478.0 4673.0
42 41 43 0.0 2.0 25.0 399.0 3796.0 64.0 30.0
42 41 44 0.0 0.0 0.0 2.0 20.0 0.0 0.0
42 42 36 0.0 0.0 0.0 0.0 9.0 0.0 0.0
42 42 37 0.0 0.0 10.0 167.0 1519.0 20.0 3.0
42 42 38 0.0 43.0 65.0 1858.0 17257.0 292.0 937.0
42 42 39 0.0 8.0 168.0 3157.0 30359.0 499.0 3528.0
42 42 40 0.0 8.0 315.0 3635.0 39629.0 592.0 7893.0
42 42 41 0.0 53.0 338.0 3266.0 33225.0 495.0 4647.0
42 42 42 0.0 5.0 114.0 1404.0 20655.0 365.0 1359.0
42 42 43 0.0 0.0 15.0 191.0 1791.0 26.0 7.0
42 42 44 0.0 0.0 1.0 0.0 11.0 0.0 0.0
42 43 37 0.0 0.0 0.0 38.0 296.0 5.0 0.0
42 43 38 0.0 2.0 3.0 125.0 1517.0 31.0 5.0
42 43 39 0.0 1.0 18.0 305.0 3608.0 70.0 28.0
42 43 40 0.0 3.0 27.0 421.0 4440.0 79.0 38.0
42 43 41 0.0 5.0 27.0 443.0 3772.0 72.0 34.0
42 43 42 0.0 5.0 8.0 148.0 1671.0 27.0 0.0
42 43 43 0.0 0.0 1.0 31.0 318.0 3.0 0.0
42 44 37 0.0 0.0 0.0 1.0 1.0 0.0 0.0
42 44 38 0.0 0.0 0.0 1.0 11.0 0.0 0.0
42 44 39 0.0 0.0 0.0 0.0 12.0 1.0 0.0
42 44 40 0.0 0.0 0.0 1.0 20.0 0.0 0.0
42 44 41 0.0 0.0 0.0 1.0 24.0 0.0 0.0
42 44 42 0.0 0.0 0.0 0.0 3.0 0.0 0.0
42 44 43 0.0 0.0 0.0 0.0 2.0 0.0 0.0
43 36 38 0.0 0.0 0.0 1.0 2.0 0.0 0.0
43 36 39 0.0 0.0 0.0 1.0 1.0 0.0 0.0
43 36 40 0.0 0.0 0.0 0.0 9.0 0.0 0.0
43 36 41 0.0 0.0 0.0 0.0 2.0 0.0 0.0
43 36 42 0.0 0.0 0.0 0.0 1.0 0.0 0.0
43 37 36 0.0 0.0 0.0 0.0 2.0 0.0 0.0
43 37 37 0.0 0.0 0.0 2.0 46.0 0.0 0.0
43 37 38 0.0 1.0 1.0 21.0 213.0 2.0 2.0
43 37 39 0.0 0.0 4.0 79.0 626.0 10.0 1.0
43 37 40 0.0 0.0 11.0 69.0 889.0 21.0 0.0
43 37 41 0.0 0.0 0.0 77.0 671.0 10.0 3.0
43 37 42 0.0 0.0 0.0 20.0 324.0 7.0 0.0
43 37 43 0.0 0.0 0.0 1.0 61.0 0.0 0.0
43 38 36 0.0 0.0 0.0 0.0 6.0 0.0 0.0
43 38 37 0.0 0.0 0.0 26.0 368.0 14.0 1.0
43 38 38 0.0 1.0 6.0 106.0 1681.0 34.0 5.0
43 38 39 0.0 0.0 21.0 297.0 3388.0 60.0 17.0
43 38 40 0.0 7.0 26.0 476.0 4438.0 64.0 43.0
43 38 41 0.0 0.0 22.0 398.0 3391.0 68.0 20.0
43 38 42 0.0 10.0 3.0 167.0 1545.0 27.0 8.0
43 38 43 0.0 0.0 2.0 28.0 262.0 5.0 0.0
43 39 36 0.0 0.0 0.0 0.0 3.0 0.0 0.0
43 39 37 0.0 0.0 6.0 50.0 887.0 13.0 2.0
43 39 38 0.0 2.0 12.0 379.0 3843.0 73.0 31.0
43 39 39 0.0 1.0 66.0 869.0 7994.0 154.0 137.0
43 39 40 0.0 7.0 62.0 1071.0 10183.0 207.0 215.0
43 39 41 0.0 9.0 69.0 890.0 7877.0 122.0 135.0
43 39 42 0.0 2.0 37.0 405.0 3631.0 63.0 20.0
43 39 43 0.0 1.0 7.0 60.0 807.0 10.0 4.0
43 39 44 0.0 0.0 0.0 0.0 5.0 0.0 0.0
43 40 36 0.0 0.0 0.0 1.0 1.0 0.0 0.0
43 40 37 0.0 0.0 14.0 71.0 940.0 17.0 1.0
43 40 38 0.0 8.0 34.0 580.0 4840.0 84.0 39.0
43 40 39 0.0 11.0 71.0 934.0 10692.0 221.0 233.0
43 40 40 0.0 10.0 104.0 1196.0 13281.0 219.0 401.0
43 40 41 0.0 5.0 116.0 997.0 10915.0 195.0 231.0
43 40 42 0.0 9.0 35.0 515.0 4724.0 97.0 44.0
43 40 43 0.0 1.0 7.0 98.0 1043.0 15.0 2.0
43 40 44 0.0 0.0 0.0 1.0 4.0 1.0 0.0
43 41 36 0.0 0.0 0.0 0.0 5.0 1.0 0.0
43 41 37 0.0 0.0 0.0 66.0 766.0 18.0 1.0
43 41 38 0.0 1.0 25.0 222.0 3661.0 63.0 30.0
43 41 39 0.0 3.0 86.0 854.0 8602.0 149.0 141.0
43 41 40 0.0 10.0 56.0 903.0 10199.0 192.0 218.0
43 41 41 0.0 10.0 55.0 740.0 8633.0 161.0 144.0
43 41 42 0.0 0.0 29.0 299.0 3821.0 78.0 23.0
43 41 43 0.0 0.0 3.0 70.0 969.0 22.0 2.0
43 41 44 0.0 0.0 0.0 0.0 1.0 0.0 0.0
43 42 36 0.0 0.0 0.0 0.0 1.0 0.0 0.0
43 42 37 0.0 0.0 3.0 15.0 275.0 8.0 0.0
43 42 38 0.0 0.0 18.0 127.0 1708.0 23.0 3.0
43 42 39 0.0 2.0 38.0 330.0 3659.0 84.0 26.0
43 42 40 0.0 3.0 25.0 404.0 4970.0 85.0 45.0
43 42 41 0.0 6.0 54.0 381.0 3791.0 66.0 27.0
43 42 42 0.0 1.0 13.0 91.0 1784.0 25.0 4.0
43 42 43 0.0 7.0 1.0 33.0 352.0 12.0 0.0
43 42 44 0.0 1.0 0.0 0.0 1.0 0.0 0.0
43 43 37 0.0 0.0 0.0 3.0 35.0 1.0 0.0
43 43 38 0.0 0.0 2.0 36.0 246.0 2.0 0.0
43 43 39 0.0 2.0 6.0 67.0 736.0 14.0 0.0
43 43 40 0.0 0.0 1.0 88.0 1072.0 15.0 2.0
43 43 41 0.0 0.0 13.0 61.0 795.0 16.0 2.0
43 43 42 0.0 0.0 1.0 24.0 340.0 6.0 0.0
43 43 43 0.0 3.0 0.0 6.0 47.0 2.0 0.0
43 44 38 0.0 0.0 0.0 0.0 1.0 0.0 0.0
43 44 39 0.0 0.0 0.0 0.0 7.0 0.0 0.0
43 44 40 0.0 0.0 0.0 1.0 5.0 1.0 0.0
43 44 41 0.0 0.0 0.0 0.0 3.0 0.0 0.0
44 37 38 0.0 0.0 0.0 0.0 2.0 0.0 0.0
44 37 39 0.0 0.0 0.0 0.0 1.0 0.0 0.0
44 37 40 0.0 0.0 0.0 0.0 3.0 0.0 0.0
44 37 41 0.0 0.0 0.0 0.0 1.0 0.0 0.0
44 38 37 0.0 0.0 0.0 0.0 1.0 0.0 0.0
44 38 38 0.0 0.0 0.0 0.0 17.0 0.0 0.0
44 38 39 0.0 0.0 1.0 1.0 25.0 0.0 0.0
44 38 40 0.0 0.0 2.0 2.0 23.0 0.0 0.0
44 38 41 0.0 0.0 0.0 1.0 29.0 0.0 0.0
44 38 42 0.0 0.0 0.0 1.0 13.0 0.0 0.0
44 39 37 0.0 0.0 0.0 0.0 1.0 0.0 0.0
44 39 38 0.0 0.0 0.0 0.0 13.0 0.0 0.0
44 39 39 0.0 0.0 0.0 10.0 42.0 0.0 0.0
44 39 40 0.0 0.0 1.0 6.0 80.0 2.0 0.0
44 39 41 0.0 0.0 0.0 7.0 46.0 1.0 0.0
44 39 42 0.0 0.0 0.0 2.0 24.0 0.0 0.0
44 39 43 0.0 0.0 0.0 4.0 7.0 0.0 0.0
44 40 37 0.0 0.0 0.0 0.0 2.0 0.0 0.0
44 40 38 0.0 0.0 0.0 2.0 32.0 2.0 0.0
44 40 39 0.0 0.0 0.0 7.0 69.0 1.0 0.0
44 40 40 0.0 0.0 0.0 4.0 88.0 2.0 0.0
44 40 41 0.0 0.0 1.0 8.0 68.0 0.0 0.0
44 40 42 0.0 0.0 0.0 2.0 14.0 0.0 0.0
44 41 37 0.0 0.0 0.0 0.0 5.0 0.0 0.0
44 41 38 0.0 0.0 0.0 2.0 16.0 0.0 0.0
44 41 39 0.0 0.0 0.0 3.0 38.0 0.0 0.0
44 41 40 0.0 0.0 1.0 9.0 102.0 1.0 0.0
44 41 41 0.0 0.0 0.0 6.0 48.0 0.0 0.0
44 41 42 0.0 0.0 0.0 3.0 24.0 1.0 0.0
44 41 43 0.0 0.0 0.0 0.0 9.0 0.0 0.0
44 42 38 0.0 0.0 0.0 0.0 8.0 0.0 0.0
44 42 39 0.0 0.0 1.0 2.0 18.0 1.0 0.0
44 42 40 0.0 0.0 0.0 2.0 14.0 0.0 0.0
44 42 41 0.0 0.0 0.0 1.0 20.0 2.0 0.0
44 42 42 0.0 0.0 0.0 0.0 10.0 0.0 0.0
44 43 37 0.0 0.0 0.0 0.0 1.0 0.0 0.0
44 43 39 0.0 0.0 0.0 0.0 2.0 0.0 0.0
44 43 40 0.0 0.0 0.0 1.0 2.0 0.0 0.0
44 43 41 0.0 0.0 0.0 0.0 3.0 0.0 0.0
44 43 42 0.0 0.0 0.0 0.0 1.0 0.0 0.0
44 44 38 0.0 0.0 0.0 0.0 1.0 0.0 0.0
44 44 39 0.0 0.0 0.0 0.0 1.0 0.0 0.0
