38 39 40 0.0 0.0 0.0 0.0 1.0 0.0 0.0
38 40 39 0.0 0.0 0.0 0.0 1.0 0.0 0.0
38 40 40 0.0 0.0 0.0 0.0 1.0 0.0 0.0
38 41 41 0.0 1.0 0.0 0.0 0.0 0.0 0.0
39 38 39 0.0 0.0 0.0 0.0 2.0 0.0 0.0
39 38 40 0.0 0.0 0.0 0.0 2.0 0.0 0.0
39 39 39 0.0 3.0 50.0 69.0 886.0 22.0 6.0
39 39 40 0.0 1.0 27.0 61.0 742.0 9.0 0.0
39 39 41 0.0 2.0 18.0 52.0 825.0 11.0 3.0
39 40 38 0.0 0.0 0.0 0.0 3.0 0.0 0.0
39 40 39 0.0 9.0 15.0 84.0 563.0 8.0 1.0
39 40 40 0.0 12.0 32.0 166.0 933.0 33.0 1.0
39 40 41 1.0 1.0 15.0 79.0 507.0 7.0 0.0
39 41 39 0.0 2.0 9.0 75.0 619.0 16.0 0.0
39 41 40 1.0 3.0 34.0 47.0 719.0 16.0 0.0
39 41 41 0.0 5.0 46.0 56.0 603.0 13.0 0.0
39 42 41 0.0 0.0 0.0 0.0 2.0 0.0 0.0
40 39 39 0.0 1.0 31.0 39.0 939.0 17.0 2.0
40 39 40 0.0 71.0 51.0 808.0 1062.0 28.0 11.0
40 39 41 0.0 2.0 14.0 110.0 608.0 12.0 2.0
40 39 42 0.0 0.0 0.0 0.0 1.0 0.0 0.0
40 40 38 0.0 0.0 0.0 0.0 1.0 0.0 0.0
40 40 39 1.0 12.0 34.0 99.0 918.0 20.0 0.0
40 40 40 5.0 227.0 1627.0 4044.0 33306.0 585.0 7412.0
40 40 41 0.0 13.0 48.0 163.0 929.0 20.0 1.0
40 40 42 0.0 0.0 0.0 0.0 1.0 0.0 0.0
40 41 39 0.0 2.0 40.0 73.0 674.0 17.0 1.0
40 41 40 0.0 14.0 18.0 81.0 846.0 18.0 1.0
40 41 41 0.0 2.0 43.0 136.0 646.0 12.0 1.0
40 42 39 0.0 0.0 1.0 0.0 0.0 0.0 0.0
41 39 39 0.0 0.0 20.0 51.0 604.0 12.0 1.0
41 39 40 0.0 0.0 16.0 92.0 531.0 9.0 0.0
41 39 41 0.0 1.0 35.0 65.0 698.0 16.0 2.0
41 40 39 0.0 1.0 62.0 62.0 991.0 23.0 1.0
41 40 40 0.0 6.0 52.0 78.0 859.0 17.0 4.0
41 40 41 0.0 0.0 23.0 82.0 703.0 19.0 0.0
41 41 39 0.0 0.0 20.0 63.0 556.0 10.0 1.0
41 41 40 0.0 6.0 16.0 72.0 613.0 19.0 1.0
41 41 41 0.0 6.0 58.0 69.0 755.0 17.0 0.0
41 42 38 0.0 0.0 0.0 0.0 1.0 0.0 0.0
41 42 39 0.0 0.0 0.0 0.0 1.0 0.0 0.0
41 42 40 0.0 0.0 0.0 0.0 9.0 0.0 0.0
42 41 42 0.0 0.0 0.0 0.0 1.0 0.0 0.0
