36 37 41 0.0 0.0 0.0 0.0 4.0 0.0 0.0
36 38 38 0.0 0.0 0.0 0.0 1.0 0.0 0.0
36 38 39 0.0 0.0 0.0 2.0 2.0 0.0 0.0
36 38 40 0.0 0.0 0.0 0.0 3.0 0.0 0.0
36 38 41 0.0 0.0 0.0 0.0 5.0 0.0 0.0
36 38 42 0.0 0.0 0.0 0.0 2.0 0.0 0.0
36 39 38 0.0 0.0 0.0 1.0 1.0 0.0 0.0
36 39 39 0.0 0.0 0.0 1.0 1.0 0.0 0.0
36 39 40 0.0 0.0 0.0 0.0 7.0 0.0 0.0
36 39 41 0.0 0.0 0.0 4.0 3.0 0.0 0.0
36 39 42 0.0 0.0 0.0 0.0 2.0 0.0 0.0
36 40 37 0.0 0.0 0.0 2.0 0.0 0.0 0.0
36 40 38 0.0 0.0 0.0 0.0 1.0 0.0 0.0
36 40 39 0.0 0.0 0.0 0.0 2.0 0.0 0.0
36 40 40 0.0 0.0 0.0 0.0 8.0 0.0 0.0
36 40 41 0.0 0.0 0.0 0.0 4.0 0.0 0.0
36 40 42 0.0 0.0 0.0 0.0 1.0 0.0 0.0
36 41 39 0.0 0.0 0.0 0.0 6.0 0.0 0.0
36 41 40 0.0 0.0 1.0 0.0 5.0 0.0 0.0
36 41 41 0.0 0.0 0.0 0.0 4.0 0.0 0.0
36 41 42 0.0 0.0 0.0 0.0 2.0 0.0 0.0
36 42 39 0.0 0.0 0.0 0.0 1.0 0.0 0.0
36 42 40 0.0 0.0 0.0 0.0 7.0 1.0 0.0
36 42 41 0.0 0.0 0.0 1.0 4.0 0.0 0.0
36 43 40 0.0 0.0 0.0 0.0 1.0 0.0 0.0
36 43 41 0.0 0.0 0.0 0.0 1.0 0.0 0.0
37 36 41 0.0 0.0 0.0 0.0 1.0 0.0 0.0
37 37 37 0.0 0.0 0.0 0.0 13.0 0.0 0.0
37 37 38 0.0 0.0 0.0 11.0 75.0 1.0 0.0
37 37 39 0.0 0.0 1.0 13.0 196.0 3.0 0.0
37 37 40 0.0 1.0 0.0 27.0 242.0 4.0 0.0
37 37 41 0.0 0.0 0.0 18.0 161.0 5.0 0.0
37 37 42 0.0 0.0 0.0 9.0 88.0 0.0 0.0
37 37 43 0.0 0.0 0.0 3.0 15.0 1.0 0.0
37 38 37 0.0 0.0 2.0 4.0 86.0 1.0 0.0
37 38 38 0.0 0.0 6.0 39.0 536.0 11.0 0.0
37 38 39 0.0 0.0 3.0 132.0 1272.0 26.0 3.0
37 38 40 0.0 0.0 4.0 138.0 1319.0 18.0 3.0
37 38 41 0.0 1.0 5.0 105.0 1213.0 23.0 1.0
37 38 42 0.0 0.0 0.0 41.0 357.0 7.0 0.0
37 38 43 0.0 0.0 1.0 4.0 49.0 0.0 0.0
37 39 37 0.0 0.0 1.0 24.0 238.0 4.0 0.0
37 39 38 0.0 0.0 5.0 124.0 1042.0 17.0 6.0
37 39 39 0.0 3.0 14.0 346.0 2697.0 52.0 15.0
37 39 40 0.0 10.0 41.0 509.0 3807.0 81.0 27.0
37 39 41 0.0 5.0 40.0 281.0 2832.0 59.0 18.0
37 39 42 0.0 2.0 7.0 137.0 1307.0 37.0 3.0
37 39 43 0.0 0.0 2.0 6.0 203.0 1.0 0.0
37 40 37 0.0 0.0 1.0 25.0 224.0 5.0 1.0
37 40 38 0.0 6.0 5.0 197.0 1620.0 26.0 1.0
37 40 39 0.0 10.0 25.0 430.0 3506.0 65.0 19.0
37 40 40 0.0 14.0 24.0 601.0 4536.0 80.0 35.0
37 40 41 0.0 1.0 28.0 442.0 3553.0 73.0 19.0
37 40 42 0.0 6.0 10.0 167.0 1474.0 23.0 3.0
37 40 43 0.0 1.0 1.0 31.0 263.0 8.0 0.0
37 41 36 0.0 0.0 0.0 0.0 3.0 0.0 0.0
37 41 37 0.0 0.0 2.0 34.0 151.0 1.0 0.0
37 41 38 0.0 3.0 4.0 157.0 994.0 18.0 2.0
37 41 39 0.0 7.0 25.0 362.0 2489.0 45.0 13.0
37 41 40 0.0 6.0 34.0 405.0 3686.0 73.0 20.0
37 41 41 0.0 6.0 29.0 393.0 2966.0 63.0 15.0
37 41 42 0.0 1.0 17.0 114.0 1138.0 18.0 2.0
37 41 43 0.0 0.0 0.0 10.0 163.0 4.0 0.0
37 42 37 0.0 0.0 0.0 8.0 37.0 1.0 0.0
37 42 38 0.0 2.0 3.0 50.0 394.0 10.0 0.0
37 42 39 0.0 3.0 16.0 124.0 1169.0 28.0 1.0
37 42 40 0.0 0.0 9.0 202.0 1503.0 33.0 3.0
37 42 41 0.0 1.0 10.0 166.0 1114.0 22.0 4.0
37 42 42 0.0 1.0 0.0 72.0 422.0 8.0 0.0
37 42 43 0.0 0.0 1.0 1.0 62.0 2.0 0.0
37 43 37 0.0 0.0 0.0 2.0 15.0 0.0 0.0
37 43 38 0.0 0.0 1.0 3.0 73.0 2.0 0.0
37 43 39 0.0 0.0 1.0 11.0 163.0 3.0 0.0
37 43 40 0.0 0.0 2.0 12.0 232.0 2.0 0.0
37 43 41 0.0 1.0 3.0 26.0 181.0 7.0 0.0
37 43 42 0.0 0.0 0.0 7.0 97.0 1.0 0.0
37 43 43 0.0 0.0 0.0 0.0 6.0 0.0 0.0
38 36 38 0.0 0.0 0.0 0.0 5.0 0.0 0.0
38 36 39 0.0 0.0 0.0 0.0 1.0 0.0 0.0
38 36 40 0.0 0.0 0.0 0.0 4.0 0.0 0.0
38 36 41 0.0 0.0 0.0 0.0 1.0 0.0 0.0
38 36 42 0.0 0.0 0.0 0.0 3.0 0.0 0.0
38 37 37 0.0 0.0 0.0 5.0 94.0 1.0 0.0
38 37 38 0.0 5.0 6.0 92.0 574.0 11.0 2.0
38 37 39 0.0 1.0 14.0 238.0 1466.0 24.0 4.0
38 37 40 0.0 7.0 13.0 300.0 1694.0 37.0 7.0
38 37 41 0.0 1.0 9.0 174.0 1351.0 27.0 0.0
38 37 42 0.0 0.0 0.0 55.0 442.0 9.0 0.0
38 37 43 0.0 0.0 0.0 2.0 47.0 1.0 0.0
38 38 36 0.0 0.0 0.0 0.0 2.0 1.0 0.0
38 38 37 0.0 0.0 3.0 27.0 530.0 12.0 0.0
38 38 38 0.0 12.0 82.0 863.0 10606.0 169.0 321.0
38 38 39 0.0 15.0 73.0 2286.0 20928.0 358.0 1482.0
38 38 40 0.0 28.0 155.0 2085.0 26522.0 396.0 2445.0
38 38 41 0.0 23.0 109.0 1866.0 20065.0 356.0 1379.0
38 38 42 0.0 1.0 22.0 855.0 9489.0 183.0 252.0
38 38 43 0.0 0.0 1.0 62.0 517.0 13.0 4.0
38 38 44 0.0 0.0 0.0 0.0 2.0 0.0 0.0
38 39 36 0.0 0.0 0.0 0.0 1.0 0.0 0.0
38 39 37 0.0 7.0 10.0 130.0 1227.0 26.0 1.0
38 39 38 0.0 27.0 112.0 2699.0 20221.0 341.0 1408.0
38 39 39 0.0 71.0 243.0 4982.0 34276.0 535.0 5690.0
38 39 40 0.0 38.0 329.0 4754.0 40588.0 559.0 8873.0
38 39 41 0.0 40.0 235.0 3470.0 34457.0 489.0 5177.0
38 39 42 1.0 33.0 140.0 2413.0 19122.0 301.0 1185.0
38 39 43 0.0 1.0 3.0 132.0 1286.0 26.0 2.0
38 39 44 0.0 0.0 0.0 1.0 2.0 0.0 0.0
38 40 36 0.0 0.0 0.0 0.0 2.0 0.0 0.0
38 40 37 0.0 1.0 3.0 148.0 1326.0 17.0 6.0
38 40 38 0.0 59.0 161.0 3506.0 23294.0 401.0 2061.0
38 40 39 0.0 80.0 300.0 5025.0 40609.0 573.0 8748.0
38 40 40 0.0 63.0 311.0 6060.0 45217.0 596.0 13590.0
38 40 41 0.0 75.0 331.0 4019.0 41408.0 598.0 8915.0
38 40 42 0.0 24.0 230.0 2356.0 25058.0 403.0 2132.0
38 40 43 0.0 0.0 12.0 113.0 1425.0 27.0 1.0
38 40 44 0.0 0.0 0.0 0.0 5.0 0.0 0.0
38 41 36 0.0 0.0 0.0 0.0 4.0 0.0 0.0
38 41 37 0.0 0.0 14.0 135.0 1107.0 25.0 1.0
38 41 38 0.0 78.0 153.0 2659.0 17686.0 334.0 1121.0
38 41 39 0.0 81.0 167.0 4124.0 33677.0 513.0 4902.0
38 41 40 0.0 61.0 343.0 5110.0 40838.0 571.0 9161.0
38 41 41 0.0 225.0 296.0 6146.0 33125.0 574.0 5767.0
38 41 42 0.0 26.0 160.0 1696.0 18328.0 292.0 1057.0
38 41 43 0.0 0.0 14.0 145.0 1111.0 14.0 4.0
38 41 44 0.0 0.0 0.0 0.0 2.0 0.0 0.0
38 42 36 0.0 0.0 0.0 1.0 1.0 0.0 0.0
38 42 37 0.0 0.0 0.0 51.0 399.0 6.0 0.0
38 42 38 0.0 5.0 74.0 891.0 8371.0 153.0 207.0
38 42 39 0.0 32.0 173.0 2047.0 19006.0 337.0 1172.0
38 42 40 0.0 64.0 228.0 2284.0 24631.0 423.0 2035.0
38 42 41 0.0 21.0 138.0 2169.0 20026.0 335.0 1366.0
38 42 42 0.0 4.0 93.0 860.0 9991.0 178.0 282.0
38 42 43 0.0 0.0 5.0 43.0 425.0 8.0 0.0
38 42 44 0.0 0.0 0.0 0.0 2.0 0.0 0.0
38 43 37 0.0 0.0 0.0 5.0 56.0 1.0 0.0
38 43 38 0.0 0.0 0.0 72.0 394.0 12.0 0.0
38 43 39 0.0 7.0 1.0 169.0 971.0 15.0 1.0
38 43 40 0.0 1.0 5.0 169.0 1339.0 23.0 4.0
38 43 41 0.0 5.0 5.0 134.0 1096.0 29.0 4.0
38 43 42 0.0 1.0 3.0 47.0 484.0 8.0 0.0
38 43 43 0.0 0.0 1.0 12.0 76.0 1.0 0.0
38 43 44 0.0 0.0 0.0 0.0 1.0 0.0 0.0
38 44 39 0.0 0.0 0.0 1.0 3.0 0.0 0.0
38 44 40 0.0 0.0 0.0 0.0 1.0 0.0 0.0
38 44 41 0.0 0.0 0.0 0.0 2.0 0.0 0.0
39 36 38 0.0 0.0 0.0 1.0 5.0 0.0 0.0
39 36 39 0.0 0.0 0.0 0.0 11.0 0.0 0.0
39 36 40 0.0 0.0 0.0 1.0 3.0 0.0 0.0
39 36 41 0.0 0.0 0.0 0.0 3.0 0.0 0.0
39 36 42 0.0 0.0 0.0 0.0 1.0 0.0 0.0
39 37 36 0.0 0.0 0.0 0.0 1.0 0.0 0.0
39 37 37 0.0 0.0 1.0 9.0 197.0 6.0 0.0
39 37 38 0.0 5.0 8.0 215.0 1459.0 31.0 2.0
39 37 39 0.0 1.0 15.0 532.0 3121.0 65.0 16.0
39 37 40 0.0 10.0 36.0 657.0 4020.0 77.0 25.0
39 37 41 0.0 3.0 8.0 497.0 2959.0 54.0 18.0
39 37 42 0.0 1.0 6.0 177.0 1069.0 28.0 2.0
39 37 43 0.0 0.0 1.0 10.0 164.0 2.0 1.0
39 38 36 0.0 0.0 0.0 0.0 3.0 0.0 0.0
39 38 37 0.0 2.0 6.0 102.0 1297.0 21.0 4.0
39 38 38 0.0 35.0 101.0 1708.0 20944.0 341.0 1379.0
39 38 39 0.0 133.0 268.0 7041.0 35721.0 538.0 7842.0
39 38 40 0.0 71.0 227.0 6866.0 40610.0 617.0 10528.0
39 38 41 0.0 108.0 213.0 5960.0 34162.0 524.0 6131.0
39 38 42 0.0 10.0 92.0 1972.0 18569.0 317.0 1085.0
39 38 43 0.0 1.0 15.0 186.0 1292.0 28.0 2.0
39 39 36 0.0 0.0 0.0 0.0 2.0 0.0 0.0
39 39 37 0.0 10.0 16.0 256.0 2859.0 45.0 16.0
39 39 38 0.0 59.0 268.0 3868.0 36419.0 527.0 5904.0
39 39 39 0.0 87.0 372.0 4532.0 38761.0 422.0 54271.0
39 39 40 0.0 86.0 375.0 4775.0 40457.0 363.0 57065.0
39 39 41 0.0 57.0 286.0 4387.0 40506.0 354.0 51807.0
39 39 42 0.0 45.0 207.0 3939.0 35638.0 521.0 5748.0
39 39 43 0.0 6.0 31.0 271.0 2538.0 42.0 9.0
39 39 44 0.0 0.0 0.0 0.0 9.0 1.0 0.0
39 40 36 0.0 0.0 0.0 0.0 5.0 0.0 0.0
39 40 37 0.0 6.0 17.0 367.0 3559.0 63.0 21.0
39 40 38 0.0 85.0 196.0 4758.0 40913.0 529.0 9023.0
39 40 39 0.0 146.0 356.0 6524.0 39694.0 415.0 55161.0
39 40 40 0.0 86.0 372.0 5355.0 38533.0 344.0 66223.0
39 40 41 0.0 75.0 402.0 5026.0 41500.0 445.0 54142.0
39 40 42 0.0 62.0 367.0 4527.0 40622.0 593.0 8631.0
39 40 43 0.0 0.0 28.0 435.0 3402.0 65.0 18.0
39 40 44 0.0 0.0 0.0 0.0 10.0 0.0 0.0
39 41 36 0.0 0.0 0.0 0.0 2.0 0.0 0.0
39 41 37 0.0 1.0 11.0 318.0 2745.0 49.0 16.0
39 41 38 0.0 37.0 242.0 3971.0 34331.0 516.0 5127.0
39 41 39 0.0 71.0 311.0 4802.0 41479.0 428.0 48261.0
39 41 40 0.0 62.0 391.0 4251.0 40714.0 412.0 56540.0
39 41 41 0.0 65.0 500.0 4478.0 40653.0 408.0 50782.0
39 41 42 0.0 37.0 243.0 4211.0 34547.0 537.0 5369.0
39 41 43 0.0 2.0 26.0 350.0 2752.0 56.0 14.0
39 41 44 0.0 0.0 0.0 0.0 3.0 0.0 0.0
39 42 36 0.0 0.0 0.0 0.0 2.0 0.0 0.0
39 42 37 0.0 0.0 9.0 136.0 890.0 20.0 0.0
39 42 38 0.0 18.0 94.0 2153.0 19271.0 331.0 1183.0
39 42 39 0.0 88.0 262.0 3985.0 34249.0 515.0 5070.0
39 42 40 0.0 50.0 375.0 4432.0 40723.0 613.0 8562.0
39 42 41 0.0 88.0 303.0 4038.0 34929.0 558.0 5583.0
39 42 42 0.0 18.0 321.0 2334.0 21295.0 352.0 1453.0
39 42 43 0.0 0.0 8.0 95.0 1125.0 29.0 1.0
39 42 44 0.0 0.0 0.0 0.0 1.0 0.0 0.0
39 43 37 0.0 0.0 0.0 13.0 135.0 3.0 0.0
39 43 38 0.0 0.0 3.0 119.0 1011.0 23.0 2.0
39 43 39 0.0 2.0 22.0 357.0 2558.0 56.0 14.0
39 43 40 0.0 5.0 25.0 464.0 3482.0 60.0 21.0
39 43 41 0.0 0.0 36.0 331.0 2822.0 49.0 17.0
39 43 42 0.0 6.0 13.0 111.0 1106.0 20.0 2.0
39 43 43 0.0 0.0 0.0 16.0 214.0 5.0 0.0
39 44 38 0.0 0.0 0.0 0.0 1.0 0.0 0.0
39 44 39 0.0 0.0 0.0 1.0 9.0 0.0 0.0
39 44 40 0.0 0.0 0.0 2.0 5.0 0.0 0.0
39 44 41 0.0 0.0 0.0 0.0 1.0 0.0 0.0
39 44 42 0.0 0.0 0.0 0.0 1.0 0.0 0.0
40 36 38 0.0 0.0 0.0 1.0 2.0 0.0 0.0
40 36 39 0.0 0.0 0.0 1.0 8.0 0.0 0.0
40 36 40 0.0 0.0 0.0 0.0 6.0 0.0 0.0
40 36 41 0.0 0.0 0.0 0.0 7.0 0.0 0.0
40 36 42 0.0 0.0 0.0 0.0 1.0 0.0 0.0
40 37 37 0.0 1.0 0.0 25.0 288.0 6.0 0.0
40 37 38 0.0 5.0 11.0 406.0 1864.0 32.0 12.0
40 37 39 0.0 8.0 11.0 687.0 3983.0 70.0 33.0
40 37 40 0.0 3.0 49.0 891.0 5358.0 92.0 37.0
40 37 41 0.0 6.0 34.0 705.0 3609.0 62.0 27.0
40 37 42 0.0 2.0 9.0 237.0 1573.0 23.0 4.0
40 37 43 0.0 0.0 1.0 9.0 219.0 5.0 1.0
40 38 36 0.0 0.0 0.0 0.0 2.0 0.0 0.0
40 38 37 0.0 5.0 8.0 213.0 1606.0 22.0 6.0
40 38 38 0.0 32.0 153.0 2610.0 26847.0 466.0 2647.0
40 38 39 0.0 67.0 278.0 6842.0 39594.0 637.0 9335.0
40 38 40 0.0 57.0 305.0 7940.0 44157.0 615.0 15259.0
40 38 41 0.0 87.0 274.0 7287.0 38570.0 593.0 9229.0
40 38 42 0.0 18.0 324.0 2509.0 25565.0 411.0 2287.0
40 38 43 0.0 0.0 9.0 249.0 1501.0 25.0 5.0
40 38 44 0.0 0.0 0.0 0.0 2.0 0.0 0.0
40 39 36 0.0 0.0 0.0 1.0 5.0 1.0 0.0
40 39 37 0.0 1.0 28.0 312.0 4160.0 86.0 28.0
40 39 38 0.0 28.0 252.0 4233.0 41887.0 586.0 9245.0
40 39 39 0.0 55.0 296.0 4348.0 40189.0 371.0 58170.0
40 39 40 0.0 169.0 281.0 8435.0 32378.0 298.0 72056.0
40 39 41 0.0 47.0 394.0 5450.0 41264.0 429.0 54289.0
40 39 42 0.0 46.0 282.0 5320.0 39876.0 536.0 8781.0
40 39 43 0.0 4.0 27.0 398.0 3789.0 63.0 23.0
40 39 44 0.0 0.0 0.0 0.0 11.0 0.0 0.0
40 40 36 0.0 0.0 0.0 0.0 6.0 0.0 0.0
40 40 37 0.0 3.0 28.0 518.0 4731.0 94.0 36.0
40 40 38 0.0 81.0 357.0 5063.0 46164.0 617.0 13596.0
40 40 39 0.0 92.0 298.0 4924.0 39226.0 332.0 65727.0
40 40 40 0.0 52.0 260.0 2939.0 22842.0 158.0 110547.0
40 40 41 0.0 97.0 380.0 5485.0 37819.0 351.0 67042.0
40 40 42 0.0 42.0 423.0 5123.0 46490.0 623.0 13503.0
40 40 43 0.0 4.0 46.0 594.0 4687.0 85.0 45.0
40 40 44 0.0 0.0 0.0 3.0 4.0 0.0 0.0
40 41 36 0.0 0.0 0.0 0.0 5.0 0.0 0.0
40 41 37 0.0 2.0 16.0 352.0 4042.0 70.0 27.0
40 41 38 0.0 73.0 278.0 4870.0 40191.0 608.0 8634.0
40 41 39 0.0 58.0 455.0 4282.0 41328.0 386.0 56263.0
40 41 40 0.0 80.0 374.0 4803.0 39025.0 333.0 65978.0
40 41 41 0.0 63.0 441.0 5098.0 40255.0 389.0 57316.0
40 41 42 0.0 51.0 351.0 4394.0 41102.0 566.0 8685.0
40 41 43 0.0 18.0 52.0 631.0 4048.0 88.0 38.0
40 41 44 0.0 0.0 0.0 1.0 6.0 0.0 0.0
40 42 36 0.0 0.0 0.0 0.0 2.0 0.0 0.0
40 42 37 0.0 1.0 9.0 151.0 1459.0 32.0 4.0
40 42 38 0.0 13.0 184.0 1935.0 24886.0 378.0 2130.0
40 42 39 0.0 45.0 315.0 4912.0 39797.0 576.0 8509.0
40 42 40 0.0 84.0 455.0 5576.0 45109.0 616.0 12810.0
40 42 41 0.0 57.0 350.0 4560.0 40924.0 571.0 8597.0
40 42 42 0.0 40.0 240.0 2789.0 25600.0 438.0 2409.0
40 42 43 0.0 1.0 23.0 185.0 1521.0 30.0 7.0
40 42 44 0.0 0.0 0.0 0.0 4.0 0.0 0.0
40 43 37 0.0 0.0 0.0 18.0 212.0 1.0 0.0
40 43 38 0.0 0.0 12.0 136.0 1369.0 23.0 1.0
40 43 39 0.0 17.0 20.0 477.0 3746.0 88.0 21.0
40 43 40 0.0 5.0 55.0 541.0 4398.0 93.0 28.0
40 43 41 0.0 3.0 10.0 410.0 3765.0 71.0 26.0
40 43 42 0.0 9.0 9.0 187.0 1513.0 33.0 3.0
40 43 43 0.0 0.0 9.0 23.0 269.0 5.0 0.0
40 43 44 0.0 0.0 0.0 0.0 1.0 0.0 0.0
40 44 38 0.0 0.0 0.0 0.0 2.0 0.0 0.0
40 44 39 0.0 0.0 0.0 0.0 3.0 0.0 0.0
40 44 40 0.0 0.0 0.0 0.0 7.0 0.0 0.0
40 44 41 0.0 0.0 0.0 1.0 7.0 0.0 0.0
40 44 42 0.0 0.0 0.0 0.0 1.0 0.0 0.0
41 36 38 0.0 0.0 0.0 1.0 0.0 0.0 0.0
41 36 39 0.0 0.0 0.0 1.0 6.0 0.0 0.0
41 36 40 0.0 0.0 1.0 1.0 7.0 0.0 0.0
41 36 41 0.0 0.0 0.0 0.0 3.0 0.0 0.0
41 36 42 0.0 0.0 0.0 0.0 2.0 0.0 0.0
41 37 37 0.0 0.0 0.0 42.0 204.0 5.0 0.0
41 37 38 0.0 2.0 12.0 160.0 1245.0 30.0 3.0
41 37 39 0.0 5.0 13.0 479.0 3039.0 55.0 17.0
41 37 40 0.0 19.0 9.0 751.0 3485.0 67.0 32.0
41 37 41 0.0 7.0 16.0 588.0 2841.0 65.0 19.0
41 37 42 0.0 10.0 4.0 212.0 980.0 15.0 1.0
41 37 43 0.0 0.0 1.0 9.0 195.0 2.0 0.0
41 37 44 0.0 0.0 0.0 0.0 1.0 0.0 0.0
41 38 37 0.0 0.0 5.0 118.0 1211.0 30.0 1.0
41 38 38 0.0 10.0 79.0 1834.0 19525.0 318.0 1258.0
41 38 39 0.0 128.0 162.0 6740.0 33458.0 555.0 6176.0
41 38 40 0.0 100.0 197.0 7903.0 38169.0 562.0 9253.0
41 38 41 0.0 200.0 199.0 8010.0 32457.0 542.0 6392.0
41 38 42 0.0 32.0 150.0 2160.0 19676.0 333.0 1176.0
41 38 43 0.0 0.0 16.0 120.0 1089.0 19.0 2.0
41 39 36 0.0 0.0 0.0 0.0 10.0 0.0 0.0
41 39 37 0.0 2.0 29.0 276.0 3223.0 66.0 14.0
41 39 38 0.0 27.0 287.0 3782.0 36458.0 539.0 6071.0
41 39 39 0.0 83.0 304.0 5026.0 40197.0 408.0 50637.0
41 39 40 1.0 81.0 351.0 5679.0 41359.0 407.0 53977.0
41 39 41 0.0 48.0 401.0 4855.0 40022.0 398.0 51111.0
41 39 42 0.0 68.0 269.0 4107.0 35439.0 519.0 5656.0
41 39 43 0.0 0.0 23.0 348.0 2823.0 44.0 13.0
41 39 44 0.0 0.0 0.0 2.0 8.0 1.0 0.0
41 40 36 0.0 1.0 0.0 3.0 7.0 0.0 0.0
41 40 37 0.0 6.0 25.0 382.0 3597.0 57.0 19.0
41 40 38 0.0 32.0 306.0 3615.0 42492.0 583.0 9208.0
41 40 39 0.0 41.0 387.0 3711.0 40004.0 361.0 59324.0
41 40 40 0.0 91.0 442.0 4782.0 39207.0 342.0 66258.0
41 40 41 0.0 76.0 378.0 5272.0 40341.0 395.0 56399.0
41 40 42 0.0 43.0 324.0 4866.0 39977.0 564.0 8853.0
41 40 43 0.0 3.0 30.0 451.0 3753.0 76.0 28.0
41 40 44 0.0 0.0 0.0 0.0 5.0 0.0 0.0
41 41 36 0.0 0.0 0.0 0.0 4.0 0.0 0.0
41 41 37 0.0 4.0 26.0 334.0 2861.0 56.0 12.0
41 41 38 0.0 27.0 266.0 3216.0 35804.0 542.0 5439.0
41 41 39 0.0 29.0 340.0 4099.0 42139.0 422.0 48948.0
41 41 40 0.0 51.0 470.0 5104.0 41032.0 412.0 55066.0
41 41 41 0.0 48.0 473.0 3948.0 40208.0 391.0 52953.0
41 41 42 0.0 37.0 430.0 4009.0 35196.0 521.0 5663.0
41 41 43 0.0 2.0 24.0 312.0 2832.0 66.0 12.0
41 41 44 0.0 0.0 0.0 0.0 6.0 0.0 0.0
41 42 37 0.0 0.0 10.0 108.0 1144.0 28.0 0.0
41 42 38 0.0 46.0 144.0 2193.0 19415.0 303.0 1327.0
41 42 39 0.0 19.0 338.0 3620.0 34939.0 501.0 5228.0
41 42 40 0.0 26.0 343.0 4114.0 41692.0 569.0 9045.0
41 42 41 0.0 63.0 294.0 4583.0 34935.0 508.0 5972.0
41 42 42 0.0 3.0 223.0 2083.0 20494.0 351.0 1331.0
41 42 43 0.0 4.0 7.0 161.0 1170.0 20.0 3.0
41 42 44 0.0 0.0 0.0 0.0 1.0 0.0 0.0
41 43 37 0.0 2.0 0.0 20.0 177.0 6.0 0.0
41 43 38 0.0 1.0 12.0 140.0 1174.0 23.0 2.0
41 43 39 0.0 9.0 13.0 288.0 2840.0 48.0 13.0
41 43 40 0.0 5.0 33.0 401.0 3563.0 68.0 11.0
41 43 41 0.0 0.0 49.0 310.0 2872.0 52.0 7.0
41 43 42 0.0 0.0 6.0 106.0 1075.0 20.0 1.0
41 43 43 0.0 0.0 1.0 18.0 238.0 2.0 0.0
41 43 44 0.0 0.0 0.0 3.0 0.0 0.0 0.0
41 44 38 0.0 0.0 0.0 0.0 1.0 0.0 0.0
41 44 39 0.0 0.0 0.0 1.0 1.0 0.0 0.0
41 44 40 0.0 0.0 0.0 0.0 8.0 0.0 0.0
41 44 41 0.0 0.0 0.0 1.0 5.0 0.0 0.0
41 44 42 0.0 0.0 0.0 1.0 3.0 0.0 0.0
41 44 43 0.0 0.0 0.0 0.0 2.0 0.0 0.0
42 36 39 0.0 0.0 0.0 0.0 4.0 0.0 0.0
42 36 40 0.0 0.0 0.0 0.0 2.0 0.0 0.0
42 36 41 0.0 0.0 0.0 0.0 2.0 0.0 0.0
42 37 37 0.0 0.0 1.0 3.0 83.0 1.0 0.0
42 37 38 0.0 0.0 0.0 62.0 411.0 9.0 0.0
42 37 39 0.0 3.0 6.0 199.0 1141.0 22.0 1.0
42 37 40 0.0 6.0 5.0 290.0 1373.0 35.0 3.0
42 37 41 0.0 3.0 14.0 256.0 1131.0 23.0 2.0
42 37 42 0.0 1.0 23.0 86.0 465.0 4.0 0.0
42 37 43 0.0 0.0 0.0 4.0 78.0 1.0 0.0
42 38 37 0.0 0.0 2.0 53.0 568.0 11.0 0.0
42 38 38 0.0 40.0 48.0 1173.0 9620.0 203.0 277.0
42 38 39 0.0 45.0 107.0 2479.0 17282.0 279.0 828.0
42 38 40 0.0 21.0 143.0 3110.0 22679.0 382.0 1832.0
42 38 41 0.0 27.0 93.0 2612.0 18792.0 331.0 1126.0
42 38 42 0.0 1.0 86.0 899.0 9392.0 159.0 229.0
42 38 43 0.0 3.0 6.0 54.0 522.0 9.0 0.0
42 39 36 0.0 0.0 0.0 0.0 1.0 0.0 0.0
42 39 37 0.0 0.0 5.0 131.0 1208.0 12.0 1.0
42 39 38 0.0 46.0 102.0 1868.0 20995.0 349.0 1425.0
42 39 39 0.0 32.0 267.0 3468.0 35857.0 515.0 5801.0
42 39 40 0.0 44.0 431.0 4142.0 41290.0 584.0 8554.0
42 39 41 0.0 83.0 369.0 4333.0 33569.0 532.0 5154.0
42 39 42 0.0 33.0 100.0 2514.0 19761.0 316.0 1242.0
42 39 43 0.0 0.0 3.0 116.0 1206.0 20.0 4.0
42 39 44 0.0 0.0 0.0 0.0 4.0 0.0 0.0
42 40 37 0.0 1.0 17.0 160.0 1626.0 39.0 4.0
42 40 38 0.0 11.0 226.0 2207.0 26204.0 437.0 2358.0
42 40 39 0.0 48.0 311.0 4386.0 40536.0 640.0 8382.0
42 40 40 0.0 38.0 395.0 4541.0 46986.0 607.0 13855.0
42 40 41 0.0 47.0 381.0 4510.0 40971.0 561.0 8762.0
42 40 42 0.0 25.0 187.0 2598.0 25100.0 415.0 2146.0
42 40 43 0.0 0.0 6.0 142.0 1455.0 31.0 7.0
42 40 44 0.0 0.0 0.0 0.0 2.0 0.0 0.0
42 41 36 0.0 0.0 0.0 0.0 2.0 0.0 0.0
42 41 37 0.0 0.0 13.0 75.0 1153.0 23.0 0.0
42 41 38 0.0 4.0 316.0 1520.0 20640.0 368.0 1333.0
42 41 39 0.0 19.0 422.0 2998.0 36749.0 583.0 5560.0
42 41 40 0.0 56.0 411.0 3923.0 42054.0 611.0 8989.0
42 41 41 0.0 39.0 392.0 3345.0 36867.0 557.0 6224.0
42 41 42 0.0 36.0 141.0 2040.0 20418.0 373.0 1381.0
42 41 43 0.0 3.0 9.0 146.0 1182.0 26.0 4.0
42 41 44 0.0 0.0 0.0 0.0 1.0 0.0 0.0
42 42 37 0.0 0.0 2.0 52.0 445.0 5.0 1.0
42 42 38 0.0 35.0 38.0 939.0 8749.0 153.0 197.0
42 42 39 0.0 8.0 109.0 1962.0 17550.0 310.0 963.0
42 42 40 0.0 6.0 249.0 2424.0 26908.0 421.0 2560.0
42 42 41 0.0 40.0 252.0 1983.0 20203.0 349.0 1318.0
42 42 42 0.0 3.0 54.0 718.0 10998.0 182.0 348.0
42 42 43 0.0 0.0 2.0 51.0 533.0 10.0 0.0
42 43 37 0.0 0.0 0.0 9.0 65.0 2.0 0.0
42 43 38 0.0 0.0 1.0 35.0 475.0 9.0 1.0
42 43 39 0.0 0.0 6.0 102.0 1110.0 13.0 3.0
42 43 40 0.0 0.0 9.0 145.0 1342.0 28.0 3.0
42 43 41 0.0 2.0 6.0 130.0 1212.0 22.0 2.0
42 43 42 0.0 2.0 2.0 33.0 466.0 11.0 0.0
42 43 43 0.0 0.0 1.0 6.0 63.0 0.0 0.0
42 44 38 0.0 0.0 0.0 0.0 1.0 0.0 0.0
42 44 40 0.0 0.0 0.0 0.0 2.0 0.0 0.0
43 36 40 0.0 0.0 0.0 0.0 2.0 0.0 0.0
43 37 37 0.0 0.0 0.0 0.0 10.0 0.0 0.0
43 37 38 0.0 1.0 0.0 10.0 56.0 2.0 0.0
43 37 39 0.0 0.0 0.0 15.0 153.0 1.0 0.0
43 37 40 0.0 0.0 8.0 16.0 220.0 1.0 0.0
43 37 41 0.0 0.0 0.0 13.0 192.0 5.0 0.0
43 37 42 0.0 0.0 0.0 6.0 70.0 0.0 0.0
43 37 43 0.0 0.0 0.0 0.0 13.0 0.0 0.0
43 38 37 0.0 0.0 0.0 7.0 98.0 1.0 0.0
43 38 38 0.0 0.0 0.0 31.0 473.0 8.0 0.0
43 38 39 0.0 0.0 6.0 87.0 991.0 15.0 0.0
43 38 40 0.0 2.0 7.0 146.0 1455.0 37.0 1.0
43 38 41 0.0 0.0 8.0 108.0 1030.0 20.0 1.0
43 38 42 0.0 5.0 0.0 44.0 464.0 11.0 0.0
43 38 43 0.0 0.0 1.0 3.0 48.0 1.0 0.0
43 39 37 0.0 0.0 2.0 11.0 244.0 6.0 0.0
43 39 38 0.0 0.0 3.0 130.0 1160.0 24.0 4.0
43 39 39 0.0 0.0 27.0 304.0 2734.0 50.0 16.0
43 39 40 0.0 2.0 32.0 396.0 3666.0 78.0 28.0
43 39 41 0.0 1.0 24.0 292.0 2824.0 58.0 14.0
43 39 42 0.0 1.0 16.0 99.0 1142.0 22.0 2.0
43 39 43 0.0 0.0 1.0 20.0 205.0 6.0 0.0
43 39 44 0.0 0.0 0.0 0.0 1.0 0.0 0.0
43 40 37 0.0 0.0 4.0 16.0 210.0 4.0 0.0
43 40 38 0.0 4.0 11.0 184.0 1521.0 38.0 4.0
43 40 39 0.0 4.0 24.0 300.0 3745.0 68.0 23.0
43 40 40 0.0 3.0 38.0 470.0 4951.0 98.0 43.0
43 40 41 0.0 3.0 65.0 337.0 3887.0 72.0 20.0
43 40 42 0.0 2.0 10.0 169.0 1463.0 27.0 1.0
43 40 43 0.0 0.0 0.0 22.0 295.0 4.0 0.0
43 40 44 0.0 0.0 0.0 0.0 1.0 0.0 0.0
43 41 36 0.0 0.0 0.0 0.0 2.0 1.0 0.0
43 41 37 0.0 0.0 0.0 23.0 195.0 7.0 0.0
43 41 38 0.0 1.0 5.0 60.0 1136.0 24.0 3.0
43 41 39 0.0 3.0 41.0 325.0 3037.0 75.0 6.0
43 41 40 0.0 3.0 21.0 319.0 3672.0 71.0 22.0
43 41 41 0.0 4.0 15.0 249.0 3004.0 54.0 13.0
43 41 42 0.0 0.0 10.0 103.0 1186.0 28.0 3.0
43 41 43 0.0 0.0 0.0 15.0 291.0 5.0 0.0
43 41 44 0.0 0.0 0.0 0.0 1.0 0.0 0.0
43 42 37 0.0 0.0 1.0 1.0 63.0 2.0 0.0
43 42 38 0.0 0.0 10.0 37.0 542.0 11.0 0.0
43 42 39 0.0 0.0 17.0 107.0 1150.0 22.0 0.0
43 42 40 0.0 2.0 5.0 112.0 1616.0 26.0 5.0
43 42 41 0.0 2.0 24.0 129.0 1212.0 19.0 0.0
43 42 42 0.0 0.0 4.0 24.0 526.0 10.0 1.0
43 42 43 0.0 4.0 0.0 9.0 77.0 2.0 0.0
43 43 37 0.0 0.0 0.0 0.0 10.0 0.0 0.0
43 43 38 0.0 0.0 1.0 8.0 63.0 0.0 0.0
43 43 39 0.0 0.0 0.0 22.0 170.0 4.0 0.0
43 43 40 0.0 0.0 0.0 24.0 281.0 4.0 0.0
43 43 41 0.0 0.0 3.0 7.0 203.0 3.0 0.0
43 43 42 0.0 0.0 0.0 4.0 78.0 2.0 0.0
43 43 43 0.0 1.0 0.0 2.0 14.0 0.0 0.0
43 44 40 0.0 0.0 0.0 0.0 1.0 0.0 0.0
44 38 38 0.0 0.0 0.0 0.0 2.0 0.0 0.0
44 38 39 0.0 0.0 0.0 0.0 1.0 0.0 0.0
44 38 40 0.0 0.0 0.0 0.0 2.0 0.0 0.0
44 38 41 0.0 0.0 0.0 0.0 1.0 0.0 0.0
44 39 39 0.0 0.0 0.0 1.0 11.0 0.0 0.0
44 39 40 0.0 0.0 0.0 1.0 6.0 0.0 0.0
44 39 41 0.0 0.0 0.0 0.0 4.0 0.0 0.0
44 39 42 0.0 0.0 0.0 0.0 1.0 0.0 0.0
44 40 37 0.0 0.0 0.0 0.0 1.0 0.0 0.0
44 40 38 0.0 0.0 0.0 0.0 2.0 0.0 0.0
44 40 39 0.0 0.0 0.0 1.0 7.0 0.0 0.0
44 40 40 0.0 0.0 0.0 1.0 9.0 0.0 0.0
44 40 41 0.0 0.0 0.0 1.0 4.0 0.0 0.0
44 41 39 0.0 0.0 0.0 0.0 5.0 0.0 0.0
44 41 40 0.0 0.0 1.0 1.0 8.0 0.0 0.0
44 41 41 0.0 0.0 0.0 3.0 5.0 0.0 0.0
44 42 39 0.0 0.0 1.0 0.0 0.0 0.0 0.0
44 42 41 0.0 0.0 0.0 0.0 1.0 0.0 0.0
44 42 42 0.0 0.0 0.0 0.0 3.0 0.0 0.0
44 43 40 0.0 0.0 0.0 1.0 0.0 0.0 0.0
