35 36 40 0.0 0.0 0.0 0.0 1.0 0.0 0.0
35 37 38 0.0 0.0 0.0 0.0 7.0 1.0 0.0
35 37 39 0.0 0.0 0.0 2.0 3.0 0.0 0.0
35 37 40 0.0 0.0 0.0 0.0 8.0 0.0 0.0
35 37 41 0.0 0.0 0.0 0.0 6.0 0.0 0.0
35 37 42 0.0 0.0 0.0 0.0 2.0 0.0 0.0
35 38 37 0.0 0.0 0.0 1.0 3.0 0.0 0.0
35 38 38 0.0 0.0 0.0 5.0 19.0 0.0 0.0
35 38 39 0.0 0.0 2.0 2.0 41.0 2.0 0.0
35 38 40 0.0 0.0 0.0 0.0 32.0 0.0 0.0
35 38 41 0.0 0.0 0.0 1.0 36.0 0.0 0.0
35 38 42 0.0 0.0 0.0 1.0 4.0 0.0 0.0
35 38 43 0.0 0.0 0.0 2.0 1.0 0.0 0.0
35 39 37 0.0 0.0 0.0 3.0 3.0 0.0 0.0
35 39 38 0.0 0.0 0.0 2.0 15.0 0.0 0.0
35 39 39 0.0 0.0 0.0 15.0 53.0 0.0 0.0
35 39 40 0.0 0.0 0.0 4.0 64.0 1.0 0.0
35 39 41 0.0 0.0 0.0 5.0 66.0 1.0 0.0
35 39 42 0.0 0.0 0.0 1.0 26.0 0.0 0.0
35 39 43 0.0 0.0 0.0 0.0 8.0 0.0 0.0
35 40 37 0.0 0.0 0.0 0.0 6.0 0.0 0.0
35 40 38 0.0 0.0 0.0 11.0 30.0 2.0 0.0
35 40 39 0.0 2.0 0.0 13.0 86.0 1.0 0.0
35 40 40 0.0 0.0 0.0 7.0 114.0 1.0 0.0
35 40 41 0.0 1.0 0.0 16.0 81.0 1.0 0.0
35 40 42 0.0 0.0 1.0 1.0 27.0 0.0 0.0
35 40 43 0.0 0.0 0.0 1.0 17.0 1.0 0.0
35 41 37 0.0 0.0 0.0 0.0 6.0 0.0 0.0
35 41 38 0.0 0.0 0.0 3.0 26.0 0.0 0.0
35 41 39 0.0 0.0 0.0 3.0 57.0 3.0 0.0
35 41 40 0.0 0.0 0.0 6.0 79.0 0.0 0.0
35 41 41 0.0 0.0 0.0 10.0 73.0 3.0 0.0
35 41 42 0.0 0.0 0.0 3.0 28.0 0.0 0.0
35 41 43 0.0 0.0 0.0 2.0 7.0 0.0 0.0
35 41 44 0.0 0.0 0.0 0.0 1.0 0.0 0.0
35 42 37 0.0 0.0 0.0 1.0 1.0 0.0 0.0
35 42 38 0.0 0.0 0.0 1.0 11.0 0.0 0.0
35 42 39 0.0 0.0 0.0 1.0 23.0 0.0 0.0
35 42 40 0.0 0.0 0.0 3.0 25.0 0.0 0.0
35 42 41 0.0 0.0 0.0 0.0 17.0 0.0 0.0
35 42 42 0.0 0.0 0.0 0.0 12.0 1.0 0.0
35 42 43 0.0 0.0 0.0 1.0 2.0 0.0 0.0
35 43 38 0.0 0.0 0.0 1.0 0.0 0.0 0.0
35 43 39 0.0 0.0 0.0 1.0 9.0 1.0 0.0
35 43 40 0.0 0.0 0.0 1.0 4.0 0.0 0.0
35 43 41 0.0 0.0 0.0 0.0 5.0 1.0 0.0
35 43 42 0.0 0.0 0.0 0.0 2.0 0.0 0.0
35 44 38 0.0 0.0 0.0 0.0 1.0 0.0 0.0
36 35 39 0.0 0.0 0.0 0.0 1.0 0.0 0.0
36 35 40 0.0 0.0 0.0 0.0 1.0 0.0 0.0
36 35 41 0.0 0.0 0.0 0.0 3.0 0.0 0.0
36 36 37 0.0 0.0 0.0 0.0 21.0 0.0 0.0
36 36 38 0.0 2.0 0.0 13.0 94.0 2.0 0.0
36 36 39 0.0 0.0 0.0 24.0 144.0 3.0 0.0
36 36 40 0.0 0.0 2.0 22.0 167.0 5.0 0.0
36 36 41 0.0 0.0 0.0 12.0 143.0 2.0 0.0
36 36 42 0.0 0.0 0.0 2.0 41.0 1.0 0.0
36 36 43 0.0 0.0 0.0 0.0 12.0 1.0 0.0
36 36 44 0.0 0.0 0.0 1.0 1.0 0.0 0.0
36 37 36 0.0 0.0 0.0 0.0 12.0 0.0 0.0
36 37 37 0.0 2.0 3.0 22.0 202.0 6.0 0.0
36 37 38 0.0 0.0 1.0 60.0 750.0 16.0 3.0
36 37 39 0.0 0.0 2.0 182.0 1371.0 29.0 3.0
36 37 40 0.0 0.0 14.0 199.0 1802.0 34.0 8.0
36 37 41 0.0 0.0 6.0 203.0 1414.0 20.0 4.0
36 37 42 0.0 0.0 1.0 48.0 762.0 14.0 0.0
36 37 43 0.0 0.0 1.0 20.0 130.0 1.0 0.0
36 37 44 0.0 0.0 0.0 0.0 9.0 0.0 0.0
36 38 36 0.0 0.0 1.0 7.0 87.0 2.0 0.0
36 38 37 0.0 0.0 3.0 73.0 761.0 11.0 0.0
36 38 38 0.0 1.0 15.0 319.0 2604.0 58.0 13.0
36 38 39 0.0 5.0 15.0 629.0 5042.0 75.0 46.0
36 38 40 0.0 4.0 14.0 682.0 6286.0 132.0 77.0
36 38 41 0.0 3.0 36.0 574.0 5037.0 83.0 52.0
36 38 42 0.0 5.0 6.0 283.0 2592.0 56.0 12.0
36 38 43 0.0 0.0 0.0 66.0 615.0 9.0 1.0
36 38 44 0.0 0.0 0.0 8.0 70.0 2.0 0.0
36 39 35 0.0 0.0 0.0 0.0 1.0 0.0 0.0
36 39 36 0.0 0.0 0.0 11.0 138.0 2.0 0.0
36 39 37 0.0 0.0 1.0 158.0 1276.0 24.0 4.0
36 39 38 0.0 7.0 14.0 530.0 4961.0 101.0 45.0
36 39 39 0.0 4.0 21.0 1120.0 9290.0 173.0 176.0
36 39 40 0.0 6.0 27.0 1207.0 11676.0 205.0 287.0
36 39 41 0.0 24.0 36.0 1180.0 9801.0 158.0 192.0
36 39 42 0.0 5.0 27.0 548.0 5117.0 76.0 30.0
36 39 43 0.0 0.0 7.0 157.0 1364.0 30.0 4.0
36 39 44 0.0 0.0 0.0 12.0 124.0 2.0 0.0
36 40 35 0.0 0.0 0.0 0.0 1.0 0.0 0.0
36 40 36 0.0 0.0 0.0 16.0 158.0 3.0 0.0
36 40 37 0.0 1.0 2.0 232.0 1794.0 41.0 6.0
36 40 38 0.0 4.0 27.0 764.0 6049.0 134.0 51.0
36 40 39 0.0 6.0 38.0 1439.0 11323.0 190.0 280.0
36 40 40 0.0 16.0 44.0 1621.0 13797.0 251.0 395.0
36 40 41 0.0 10.0 44.0 1414.0 11266.0 212.0 273.0
36 40 42 0.0 6.0 7.0 658.0 5967.0 103.0 76.0
36 40 43 0.0 1.0 2.0 209.0 1838.0 38.0 7.0
36 40 44 0.0 0.0 0.0 18.0 190.0 3.0 0.0
36 41 36 0.0 0.0 0.0 26.0 133.0 3.0 0.0
36 41 37 0.0 0.0 1.0 144.0 1431.0 20.0 2.0
36 41 38 0.0 3.0 17.0 641.0 4745.0 99.0 48.0
36 41 39 0.0 9.0 25.0 1006.0 9566.0 158.0 161.0
36 41 40 0.0 4.0 61.0 1368.0 11566.0 192.0 280.0
36 41 41 0.0 8.0 24.0 1027.0 9871.0 173.0 193.0
36 41 42 0.0 6.0 23.0 577.0 4958.0 114.0 44.0
36 41 43 0.0 0.0 4.0 207.0 1343.0 34.0 1.0
36 41 44 0.0 0.0 0.0 14.0 127.0 3.0 0.0
36 42 36 0.0 0.0 0.0 16.0 48.0 0.0 0.0
36 42 37 0.0 7.0 0.0 127.0 575.0 13.0 1.0
36 42 38 0.0 0.0 10.0 324.0 2408.0 44.0 14.0
36 42 39 0.0 1.0 5.0 588.0 4795.0 105.0 46.0
36 42 40 0.0 11.0 27.0 718.0 6271.0 115.0 78.0
36 42 41 0.0 2.0 14.0 543.0 5427.0 100.0 49.0
36 42 42 0.0 0.0 10.0 335.0 2530.0 52.0 6.0
36 42 43 0.0 0.0 0.0 73.0 741.0 15.0 1.0
36 42 44 0.0 0.0 1.0 2.0 43.0 0.0 0.0
36 43 36 0.0 0.0 0.0 1.0 11.0 0.0 0.0
36 43 37 0.0 0.0 0.0 12.0 134.0 1.0 0.0
36 43 38 0.0 0.0 0.0 47.0 631.0 14.0 1.0
36 43 39 0.0 0.0 1.0 149.0 1388.0 26.0 1.0
36 43 40 0.0 2.0 5.0 263.0 1789.0 42.0 5.0
36 43 41 0.0 1.0 4.0 190.0 1410.0 27.0 2.0
36 43 42 0.0 0.0 5.0 81.0 724.0 12.0 1.0
36 43 43 0.0 0.0 0.0 20.0 153.0 4.0 0.0
36 43 44 0.0 0.0 0.0 0.0 11.0 0.0 0.0
36 44 36 0.0 0.0 0.0 0.0 10.0 0.0 0.0
36 44 37 0.0 0.0 1.0 0.0 11.0 1.0 0.0
36 44 38 0.0 0.0 0.0 3.0 32.0 2.0 0.0
36 44 39 0.0 0.0 1.0 12.0 106.0 3.0 0.0
36 44 40 0.0 0.0 0.0 12.0 168.0 4.0 0.0
36 44 41 0.0 0.0 2.0 13.0 119.0 2.0 0.0
36 44 42 0.0 0.0 0.0 8.0 58.0 3.0 0.0
36 44 43 0.0 0.0 0.0 0.0 11.0 0.0 0.0
36 45 40 0.0 0.0 0.0 0.0 5.0 0.0 0.0
37 35 38 0.0 0.0 1.0 0.0 1.0 0.0 0.0
37 35 39 0.0 0.0 0.0 0.0 6.0 0.0 0.0
37 35 40 0.0 0.0 0.0 2.0 9.0 0.0 0.0
37 35 41 0.0 0.0 0.0 1.0 7.0 0.0 0.0
37 36 35 0.0 0.0 0.0 0.0 1.0 0.0 0.0
37 36 36 0.0 0.0 0.0 0.0 10.0 0.0 0.0
37 36 37 0.0 0.0 0.0 32.0 251.0 5.0 0.0
37 36 38 0.0 2.0 2.0 127.0 889.0 23.0 2.0
37 36 39 0.0 2.0 9.0 252.0 1628.0 30.0 5.0
37 36 40 0.0 0.0 6.0 261.0 2135.0 45.0 7.0
37 36 41 0.0 0.0 4.0 223.0 1620.0 31.0 8.0
37 36 42 0.0 0.0 2.0 118.0 718.0 16.0 1.0
37 36 43 0.0 0.0 0.0 13.0 256.0 5.0 1.0
37 36 44 0.0 0.0 0.0 0.0 18.0 0.0 0.0
37 37 35 0.0 0.0 0.0 0.0 2.0 0.0 0.0
37 37 36 0.0 0.0 0.0 11.0 209.0 4.0 0.0
37 37 37 0.0 3.0 10.0 294.0 3865.0 61.0 32.0
37 37 38 0.0 3.0 5.0 1094.0 11741.0 235.0 330.0
37 37 39 0.0 15.0 46.0 2059.0 20265.0 337.0 1195.0
37 37 40 0.0 8.0 50.0 2301.0 22722.0 379.0 1648.0
37 37 41 0.0 2.0 34.0 1610.0 19262.0 332.0 1013.0
37 37 42 0.0 2.0 22.0 1176.0 10977.0 178.0 341.0
37 37 43 0.0 0.0 8.0 451.0 3505.0 55.0 34.0
37 37 44 0.0 0.0 0.0 6.0 136.0 3.0 0.0
37 37 45 0.0 0.0 0.0 0.0 4.0 0.0 0.0
37 38 35 0.0 0.0 0.0 2.0 3.0 0.0 0.0
37 38 36 0.0 0.0 10.0 75.0 845.0 14.0 3.0
37 38 37 0.0 8.0 49.0 1405.0 11763.0 215.0 380.0
37 38 38 0.0 47.0 110.0 3159.0 29425.0 447.0 3166.0
37 38 39 0.0 28.0 129.0 4556.0 41026.0 558.0 8684.0
37 38 40 0.0 35.0 113.0 4834.0 43675.0 582.0 10311.0
37 38 41 0.0 19.0 138.0 4310.0 40677.0 590.0 8125.0
37 38 42 0.0 8.0 63.0 2811.0 27748.0 456.0 2572.0
37 38 43 0.0 0.0 28.0 1277.0 11243.0 188.0 332.0
37 38 44 0.0 0.0 3.0 73.0 649.0 13.0 1.0
37 39 35 0.0 0.0 1.0 0.0 5.0 0.0 0.0
37 39 36 0.0 0.0 7.0 200.0 1576.0 25.0 5.0
37 39 37 0.0 18.0 58.0 2250.0 20000.0 360.0 1187.0
37 39 38 0.0 17.0 133.0 4770.0 40237.0 588.0 7678.0
37 39 39 0.0 46.0 168.0 5636.0 49194.0 607.0 18521.0
37 39 40 0.0 58.0 203.0 6136.0 50073.0 560.0 23220.0
37 39 41 0.0 44.0 289.0 4990.0 49673.0 580.0 18714.0
37 39 42 1.0 31.0 119.0 4085.0 41464.0 593.0 8107.0
37 39 43 0.0 15.0 55.0 1640.0 18357.0 306.0 954.0
37 39 44 0.0 0.0 5.0 154.0 1428.0 26.0 7.0
37 39 45 0.0 0.0 0.0 0.0 4.0 0.0 0.0
37 40 35 0.0 0.0 0.0 1.0 7.0 0.0 0.0
37 40 36 0.0 1.0 6.0 206.0 1737.0 41.0 4.0
37 40 37 0.0 38.0 77.0 2720.0 21232.0 385.0 1456.0
37 40 38 0.0 72.0 168.0 5372.0 43138.0 653.0 10795.0
37 40 39 0.0 92.0 163.0 6037.0 49841.0 605.0 22493.0
37 40 40 0.0 84.0 179.0 6109.0 50746.0 598.0 26768.0
37 40 41 0.0 46.0 164.0 5863.0 50439.0 550.0 22351.0
37 40 42 0.0 64.0 164.0 4847.0 43996.0 607.0 10651.0
37 40 43 0.0 17.0 76.0 2185.0 21919.0 382.0 1517.0
37 40 44 0.0 0.0 12.0 193.0 1735.0 32.0 7.0
37 40 45 0.0 0.0 0.0 2.0 7.0 0.0 0.0
37 41 35 0.0 0.0 0.0 0.0 4.0 0.0 0.0
37 41 36 0.0 1.0 3.0 192.0 1381.0 28.0 7.0
37 41 37 0.0 28.0 56.0 2616.0 17470.0 325.0 908.0
37 41 38 0.0 72.0 140.0 5303.0 39149.0 586.0 7456.0
37 41 39 0.0 49.0 169.0 5926.0 48599.0 566.0 17431.0
37 41 40 0.0 54.0 181.0 5683.0 50474.0 589.0 22485.0
37 41 41 0.0 51.0 269.0 5907.0 49566.0 626.0 18869.0
37 41 42 0.0 65.0 193.0 4446.0 40073.0 570.0 7820.0
37 41 43 0.0 5.0 70.0 1928.0 18373.0 312.0 980.0
37 41 44 0.0 0.0 4.0 123.0 1289.0 29.0 0.0
37 41 45 0.0 0.0 0.0 1.0 6.0 1.0 0.0
37 42 35 0.0 0.0 0.0 0.0 1.0 0.0 0.0
37 42 36 0.0 0.0 3.0 82.0 610.0 9.0 1.0
37 42 37 0.0 27.0 33.0 1521.0 9019.0 173.0 226.0
37 42 38 0.0 45.0 64.0 3069.0 27314.0 458.0 2608.0
37 42 39 0.0 23.0 194.0 4684.0 39924.0 545.0 7884.0
37 42 40 0.0 25.0 146.0 5114.0 43513.0 579.0 10356.0
37 42 41 0.0 44.0 117.0 4960.0 39994.0 617.0 8199.0
37 42 42 0.0 27.0 83.0 3357.0 28279.0 431.0 2850.0
37 42 43 0.0 14.0 60.0 1145.0 9947.0 185.0 241.0
37 42 44 0.0 0.0 0.0 70.0 595.0 10.0 1.0
37 42 45 0.0 0.0 0.0 0.0 1.0 0.0 0.0
37 43 36 0.0 0.0 0.0 18.0 157.0 2.0 0.0
37 43 37 0.0 0.0 12.0 310.0 2855.0 52.0 10.0
37 43 38 0.0 14.0 22.0 1089.0 9691.0 170.0 240.0
37 43 39 0.0 13.0 71.0 1752.0 17463.0 292.0 822.0
37 43 40 0.0 11.0 141.0 2000.0 21378.0 326.0 1413.0
37 43 41 0.0 13.0 102.0 2031.0 19241.0 314.0 1088.0
37 43 42 0.0 7.0 59.0 1115.0 11915.0 219.0 368.0
37 43 43 0.0 0.0 19.0 303.0 3399.0 66.0 22.0
37 43 44 0.0 0.0 0.0 17.0 233.0 3.0 0.0
37 43 45 0.0 0.0 0.0 0.0 2.0 0.0 0.0
37 44 36 0.0 0.0 0.0 1.0 18.0 0.0 0.0
37 44 37 0.0 0.0 1.0 10.0 115.0 4.0 0.0
37 44 38 0.0 0.0 0.0 54.0 618.0 11.0 0.0
37 44 39 0.0 1.0 6.0 169.0 1269.0 29.0 3.0
37 44 40 0.0 0.0 0.0 128.0 1780.0 22.0 2.0
37 44 41 0.0 2.0 3.0 142.0 1453.0 24.0 1.0
37 44 42 0.0 0.0 2.0 81.0 703.0 12.0 1.0
37 44 43 0.0 0.0 0.0 17.0 183.0 2.0 0.0
37 44 44 0.0 0.0 0.0 2.0 29.0 1.0 0.0
37 44 45 0.0 0.0 0.0 0.0 1.0 0.0 0.0
37 45 38 0.0 0.0 0.0 0.0 2.0 0.0 0.0
37 45 39 0.0 0.0 0.0 0.0 1.0 0.0 0.0
37 45 40 0.0 0.0 0.0 0.0 7.0 0.0 0.0
37 45 41 0.0 0.0 0.0 0.0 1.0 0.0 0.0
37 45 42 0.0 0.0 0.0 0.0 5.0 0.0 0.0
38 35 37 0.0 0.0 0.0 0.0 3.0 0.0 0.0
38 35 38 0.0 0.0 0.0 4.0 23.0 0.0 0.0
38 35 39 0.0 0.0 0.0 6.0 38.0 0.0 0.0
38 35 40 0.0 0.0 0.0 5.0 40.0 0.0 0.0
38 35 41 0.0 0.0 0.0 2.0 52.0 3.0 0.0
38 35 42 0.0 0.0 0.0 1.0 12.0 0.0 0.0
38 35 43 0.0 0.0 1.0 0.0 1.0 0.0 0.0
38 36 36 0.0 0.0 0.0 9.0 77.0 0.0 0.0
38 36 37 0.0 0.0 2.0 120.0 950.0 14.0 1.0
38 36 38 0.0 3.0 11.0 386.0 2888.0 67.0 17.0
38 36 39 0.0 6.0 34.0 849.0 5867.0 113.0 80.0
38 36 40 0.0 0.0 38.0 925.0 6582.0 116.0 90.0
38 36 41 0.0 4.0 22.0 734.0 5310.0 98.0 50.0
38 36 42 0.0 0.0 2.0 407.0 2594.0 44.0 12.0
38 36 43 0.0 2.0 0.0 88.0 717.0 13.0 0.0
38 36 44 0.0 0.0 0.0 8.0 50.0 1.0 0.0
38 37 35 0.0 0.0 0.0 0.0 3.0 0.0 0.0
38 37 36 0.0 0.0 1.0 70.0 803.0 21.0 0.0
38 37 37 0.0 0.0 43.0 977.0 12526.0 235.0 381.0
38 37 38 0.0 52.0 179.0 4253.0 30320.0 527.0 3709.0
38 37 39 0.0 42.0 127.0 5724.0 41723.0 603.0 9876.0
38 37 40 0.0 62.0 171.0 6199.0 43783.0 601.0 12028.0
38 37 41 0.0 21.0 149.0 5147.0 40999.0 619.0 8854.0
38 37 42 0.0 27.0 90.0 3407.0 28461.0 470.0 3009.0
38 37 43 0.0 1.0 12.0 1023.0 10262.0 191.0 235.0
38 37 44 0.0 0.0 2.0 73.0 772.0 13.0 0.0
38 37 45 0.0 0.0 0.0 0.0 7.0 0.0 0.0
38 38 35 0.0 0.0 0.0 1.0 18.0 0.0 0.0
38 38 36 0.0 2.0 8.0 262.0 2829.0 45.0 9.0
38 38 37 0.0 9.0 72.0 2689.0 30038.0 452.0 3196.0
38 38 38 0.0 36.0 192.0 4692.0 48639.0 515.0 32163.0
38 38 39 0.0 30.0 93.0 5160.0 44294.0 412.0 51255.0
38 38 40 0.0 34.0 181.0 4384.0 42316.0 392.0 58022.0
38 38 41 0.0 44.0 137.0 4751.0 45116.0 474.0 50026.0
38 38 42 0.0 17.0 120.0 4771.0 48788.0 541.0 29636.0
38 38 43 0.0 11.0 95.0 3233.0 28384.0 416.0 2944.0
38 38 44 0.0 0.0 6.0 254.0 2519.0 57.0 18.0
38 38 45 0.0 0.0 0.0 0.0 10.0 0.0 0.0
38 39 35 0.0 0.0 0.0 1.0 32.0 0.0 0.0
38 39 36 0.0 5.0 25.0 567.0 5134.0 96.0 50.0
38 39 37 0.0 81.0 152.0 4716.0 41312.0 568.0 8735.0
38 39 38 0.0 47.0 168.0 5377.0 43930.0 413.0 51031.0
38 39 39 0.0 44.0 136.0 4719.0 37270.0 289.0 73122.0
38 39 40 0.0 37.0 169.0 4017.0 34773.0 313.0 79957.0
38 39 41 0.0 41.0 159.0 4141.0 38405.0 336.0 71907.0
38 39 42 0.0 43.0 235.0 5052.0 44956.0 447.0 49184.0
38 39 43 0.0 36.0 122.0 4144.0 40976.0 597.0 8143.0
38 39 44 0.0 7.0 13.0 522.0 5085.0 87.0 48.0
38 39 45 0.0 0.0 0.0 2.0 21.0 0.0 0.0
38 40 35 0.0 0.0 0.0 1.0 29.0 1.0 0.0
38 40 36 0.0 4.0 36.0 701.0 6191.0 124.0 58.0
38 40 37 0.0 46.0 148.0 5042.0 43269.0 630.0 10046.0
38 40 38 0.0 59.0 179.0 5576.0 42296.0 406.0 56063.0
38 40 39 0.0 54.0 176.0 4298.0 34628.0 273.0 79475.0
38 40 40 0.0 48.0 151.0 3903.0 31086.0 229.0 87901.0
38 40 41 0.0 41.0 177.0 3823.0 35000.0 254.0 80092.0
38 40 42 0.0 41.0 207.0 4315.0 42552.0 385.0 56745.0
38 40 43 0.0 19.0 195.0 4179.0 44157.0 596.0 10080.0
38 40 44 0.0 2.0 28.0 656.0 6024.0 119.0 82.0
38 40 45 0.0 0.0 1.0 6.0 32.0 0.0 0.0
38 41 35 0.0 0.0 0.0 12.0 23.0 0.0 0.0
38 41 36 0.0 4.0 48.0 572.0 5001.0 95.0 60.0
38 41 37 0.0 30.0 174.0 4711.0 39353.0 550.0 7716.0
38 41 38 0.0 80.0 185.0 6091.0 44390.0 445.0 47882.0
38 41 39 0.0 54.0 126.0 4534.0 38064.0 337.0 71099.0
38 41 40 0.0 41.0 155.0 4111.0 34559.0 269.0 80624.0
38 41 41 0.0 69.0 199.0 5177.0 36674.0 276.0 73526.0
38 41 42 0.0 35.0 206.0 4558.0 45901.0 425.0 48299.0
38 41 43 0.0 22.0 148.0 4435.0 40827.0 597.0 8141.0
38 41 44 0.0 0.0 25.0 479.0 4907.0 76.0 31.0
38 41 45 0.0 0.0 0.0 4.0 30.0 1.0 0.0
38 42 35 0.0 0.0 0.0 3.0 6.0 0.0 0.0
38 42 36 0.0 1.0 3.0 303.0 2237.0 35.0 7.0
38 42 37 0.0 18.0 53.0 3049.0 27506.0 428.0 2677.0
38 42 38 0.0 36.0 217.0 4823.0 48762.0 555.0 27873.0
38 42 39 0.0 41.0 228.0 4902.0 45264.0 477.0 48551.0
38 42 40 0.0 39.0 216.0 4586.0 43023.0 417.0 56237.0
38 42 41 0.0 47.0 201.0 4737.0 44641.0 428.0 50016.0
38 42 42 0.0 31.0 240.0 4616.0 48724.0 557.0 31272.0
38 42 43 0.0 10.0 136.0 3075.0 28139.0 444.0 2827.0
38 42 44 0.0 0.0 3.0 329.0 2582.0 50.0 11.0
38 42 45 0.0 0.0 0.0 1.0 11.0 0.0 0.0
38 43 35 0.0 0.0 0.0 0.0 6.0 0.0 0.0
38 43 36 0.0 0.0 1.0 66.0 654.0 13.0 0.0
38 43 37 0.0 4.0 44.0 945.0 9664.0 189.0 244.0
38 43 38 0.0 15.0 130.0 2944.0 26887.0 446.0 2527.0
38 43 39 0.0 49.0 115.0 4985.0 39663.0 555.0 7664.0
38 43 40 0.0 41.0 171.0 4749.0 43811.0 582.0 10221.0
38 43 41 0.0 54.0 131.0 4528.0 40374.0 563.0 7987.0
38 43 42 0.0 31.0 98.0 2892.0 28817.0 485.0 3001.0
38 43 43 0.0 13.0 47.0 1245.0 11586.0 197.0 325.0
38 43 44 0.0 0.0 0.0 51.0 676.0 6.0 0.0
38 43 45 0.0 0.0 0.0 0.0 4.0 0.0 0.0
38 44 36 0.0 0.0 0.0 1.0 47.0 1.0 0.0
38 44 37 0.0 0.0 2.0 81.0 557.0 7.0 0.0
38 44 38 0.0 0.0 8.0 267.0 2207.0 39.0 4.0
38 44 39 0.0 2.0 27.0 582.0 4785.0 105.0 36.0
38 44 40 0.0 3.0 31.0 646.0 6003.0 107.0 60.0
38 44 41 0.0 0.0 14.0 380.0 4821.0 85.0 48.0
38 44 42 0.0 1.0 12.0 260.0 2559.0 47.0 8.0
38 44 43 0.0 0.0 4.0 102.0 699.0 17.0 0.0
38 44 44 0.0 0.0 1.0 5.0 75.0 3.0 0.0
38 44 45 0.0 0.0 0.0 0.0 1.0 0.0 0.0
38 45 37 0.0 0.0 0.0 0.0 4.0 0.0 0.0
38 45 38 0.0 0.0 0.0 4.0 33.0 2.0 0.0
38 45 39 0.0 0.0 0.0 4.0 33.0 0.0 0.0
38 45 40 0.0 0.0 0.0 2.0 39.0 1.0 0.0
38 45 41 0.0 0.0 0.0 1.0 16.0 0.0 0.0
38 45 42 0.0 0.0 0.0 1.0 7.0 0.0 0.0
38 45 43 0.0 0.0 0.0 0.0 7.0 0.0 0.0
39 35 37 0.0 0.0 0.0 0.0 3.0 0.0 0.0
39 35 38 0.0 0.0 0.0 3.0 35.0 1.0 0.0
39 35 39 0.0 0.0 2.0 10.0 99.0 2.0 0.0
39 35 40 0.0 0.0 0.0 10.0 107.0 3.0 0.0
39 35 41 0.0 0.0 0.0 5.0 78.0 1.0 0.0
39 35 42 0.0 3.0 0.0 9.0 44.0 3.0 0.0
39 35 43 0.0 0.0 0.0 0.0 17.0 0.0 0.0
39 36 36 0.0 0.0 0.0 9.0 137.0 2.0 0.0
39 36 37 0.0 3.0 9.0 311.0 1864.0 38.0 6.0
39 36 38 0.0 5.0 25.0 795.0 5659.0 108.0 77.0
39 36 39 0.0 11.0 21.0 1539.0 10702.0 208.0 261.0
39 36 40 0.0 6.0 33.0 1634.0 12378.0 214.0 337.0
39 36 41 0.0 8.0 34.0 1599.0 9664.0 161.0 212.0
39 36 42 0.0 3.0 14.0 659.0 5041.0 89.0 41.0
39 36 43 0.0 0.0 1.0 200.0 1409.0 28.0 8.0
39 36 44 0.0 0.0 1.0 19.0 139.0 1.0 0.0
39 37 35 0.0 0.0 0.0 0.0 5.0 0.0 0.0
39 37 36 0.0 1.0 1.0 162.0 1610.0 29.0 4.0
39 37 37 0.0 16.0 52.0 1867.0 20305.0 338.0 1199.0
39 37 38 0.0 52.0 110.0 5523.0 41968.0 594.0 9930.0
39 37 39 0.0 18.0 120.0 6882.0 48443.0 595.0 20208.0
39 37 40 0.0 35.0 173.0 7140.0 49361.0 548.0 24134.0
39 37 41 0.0 48.0 139.0 7046.0 47715.0 586.0 19463.0
39 37 42 0.0 33.0 140.0 5707.0 39333.0 550.0 7873.0
39 37 43 0.0 5.0 55.0 1917.0 19863.0 310.0 1088.0
39 37 44 0.0 2.0 2.0 169.0 1525.0 37.0 4.0
39 37 45 0.0 0.0 0.0 0.0 6.0 0.0 0.0
39 38 35 0.0 0.0 0.0 2.0 36.0 0.0 0.0
39 38 36 0.0 1.0 11.0 382.0 5624.0 109.0 54.0
39 38 37 0.0 26.0 97.0 4038.0 42324.0 576.0 8663.0
39 38 38 0.0 52.0 136.0 4610.0 45334.0 411.0 50397.0
39 38 39 0.0 59.0 165.0 5376.0 34600.0 307.0 75745.0
39 38 40 0.0 36.0 166.0 4743.0 32411.0 251.0 82523.0
39 38 41 0.0 53.0 137.0 5274.0 36322.0 295.0 73369.0
39 38 42 0.0 21.0 155.0 5328.0 45015.0 456.0 48180.0
39 38 43 0.0 18.0 165.0 4626.0 41452.0 559.0 8853.0
39 38 44 0.0 2.0 26.0 418.0 4923.0 85.0 47.0
39 38 45 0.0 0.0 0.0 5.0 31.0 2.0 0.0
39 39 35 0.0 0.0 0.0 5.0 79.0 0.0 0.0
39 39 36 0.0 2.0 41.0 843.0 10088.0 164.0 204.0
39 39 37 0.0 85.0 157.0 5211.0 49958.0 585.0 18871.0
39 39 38 0.0 34.0 174.0 4208.0 37388.0 335.0 73491.0
39 39 39 0.0 33.0 101.0 2779.0 21255.0 107.0 117526.0
39 39 40 0.0 31.0 100.0 2577.0 19832.0 116.0 121105.0
39 39 41 0.0 15.0 114.0 2570.0 21750.0 149.0 115942.0
39 39 42 0.0 28.0 160.0 4225.0 37642.0 317.0 72593.0
39 39 43 0.0 33.0 233.0 5067.0 49821.0 605.0 17964.0
39 39 44 0.0 2.0 15.0 944.0 9352.0 142.0 178.0
39 39 45 0.0 0.0 0.0 1.0 54.0 2.0 0.0
39 40 35 0.0 0.0 0.0 7.0 79.0 1.0 0.0
39 40 36 0.0 3.0 41.0 1044.0 11787.0 240.0 278.0
39 40 37 0.0 49.0 197.0 5427.0 50629.0 614.0 21991.0
39 40 38 0.0 32.0 134.0 3908.0 34723.0 303.0 80134.0
39 40 39 0.0 27.0 85.0 2568.0 20212.0 116.0 120277.0
39 40 40 0.0 23.0 101.0 2146.0 17683.0 97.0 128068.0
39 40 41 0.0 16.0 104.0 2357.0 20665.0 113.0 119634.0
39 40 42 0.0 35.0 172.0 3874.0 35280.0 277.0 79430.0
39 40 43 0.0 17.0 227.0 5574.0 50464.0 610.0 22303.0
39 40 44 0.0 6.0 32.0 1288.0 11511.0 222.0 274.0
39 40 45 0.0 1.0 1.0 4.0 102.0 3.0 0.0
39 41 35 0.0 0.0 0.0 13.0 41.0 1.0 0.0
39 41 36 0.0 1.0 34.0 1013.0 9365.0 168.0 177.0
39 41 37 0.0 33.0 212.0 5190.0 49300.0 610.0 17946.0
39 41 38 0.0 30.0 175.0 4322.0 38232.0 324.0 71242.0
39 41 39 0.0 22.0 117.0 2570.0 22408.0 120.0 113973.0
39 41 40 0.0 29.0 126.0 2306.0 20268.0 109.0 121243.0
39 41 41 0.0 34.0 131.0 2531.0 22362.0 125.0 115258.0
39 41 42 0.0 23.0 216.0 4339.0 37684.0 324.0 72057.0
39 41 43 0.0 33.0 206.0 5372.0 49685.0 655.0 18107.0
39 41 44 0.0 0.0 30.0 1066.0 9505.0 177.0 188.0
39 41 45 0.0 1.0 0.0 7.0 68.0 2.0 0.0
39 42 35 0.0 0.0 0.0 0.0 37.0 0.0 0.0
39 42 36 0.0 8.0 9.0 423.0 4755.0 99.0 37.0
39 42 37 0.0 30.0 175.0 4324.0 39697.0 621.0 7068.0
39 42 38 0.0 34.0 155.0 4952.0 44990.0 425.0 48679.0
39 42 39 0.0 43.0 193.0 4463.0 38359.0 325.0 71512.0
39 42 40 0.0 26.0 190.0 3754.0 34982.0 282.0 79668.0
39 42 41 0.0 52.0 217.0 4233.0 37761.0 310.0 72825.0
39 42 42 0.0 27.0 271.0 4650.0 43841.0 404.0 52640.0
39 42 43 0.0 16.0 221.0 3988.0 41707.0 588.0 8292.0
39 42 44 0.0 4.0 26.0 602.0 5323.0 74.0 63.0
39 42 45 0.0 0.0 0.0 2.0 23.0 0.0 0.0
39 43 35 0.0 0.0 0.0 0.0 6.0 0.0 0.0
39 43 36 0.0 0.0 5.0 180.0 1383.0 28.0 1.0
39 43 37 0.0 4.0 44.0 1555.0 17600.0 318.0 853.0
39 43 38 0.0 14.0 97.0 4234.0 39318.0 576.0 7057.0
39 43 39 0.0 49.0 222.0 5445.0 49092.0 637.0 17711.0
39 43 40 0.0 31.0 240.0 5399.0 50436.0 593.0 22132.0
39 43 41 0.0 34.0 233.0 5269.0 49527.0 612.0 18530.0
39 43 42 0.0 34.0 221.0 4378.0 41220.0 567.0 8524.0
39 43 43 0.0 13.0 98.0 1922.0 19901.0 367.0 1173.0
39 43 44 0.0 0.0 10.0 139.0 1452.0 23.0 4.0
39 43 45 0.0 0.0 0.0 0.0 4.0 0.0 0.0
39 44 35 0.0 0.0 0.0 0.0 1.0 0.0 0.0
39 44 36 0.0 0.0 1.0 6.0 133.0 4.0 0.0
39 44 37 0.0 6.0 2.0 131.0 1191.0 20.0 3.0
39 44 38 0.0 13.0 14.0 602.0 4481.0 104.0 44.0
39 44 39 0.0 5.0 14.0 1065.0 9092.0 181.0 182.0
39 44 40 0.0 5.0 37.0 1092.0 11455.0 219.0 254.0
39 44 41 0.0 4.0 44.0 1009.0 9712.0 170.0 153.0
39 44 42 0.0 0.0 12.0 523.0 5295.0 90.0 57.0
39 44 43 0.0 1.0 3.0 137.0 1541.0 32.0 3.0
39 44 44 0.0 0.0 2.0 20.0 166.0 3.0 0.0
39 45 37 0.0 0.0 0.0 1.0 1.0 0.0 0.0
39 45 38 0.0 0.0 1.0 0.0 19.0 0.0 0.0
39 45 39 0.0 0.0 0.0 10.0 46.0 2.0 0.0
39 45 40 0.0 0.0 0.0 10.0 77.0 1.0 0.0
39 45 41 0.0 0.0 0.0 13.0 39.0 0.0 0.0
39 45 42 0.0 0.0 0.0 6.0 21.0 0.0 0.0
39 45 43 0.0 0.0 0.0 0.0 6.0 0.0 0.0
40 35 36 0.0 0.0 0.0 0.0 1.0 0.0 0.0
40 35 37 0.0 0.0 0.0 4.0 6.0 0.0 0.0
40 35 38 0.0 0.0 0.0 10.0 26.0 0.0 0.0
40 35 39 0.0 0.0 0.0 6.0 86.0 2.0 0.0
40 35 40 0.0 0.0 0.0 19.0 150.0 3.0 0.0
40 35 41 0.0 0.0 0.0 14.0 97.0 2.0 0.0
40 35 42 0.0 0.0 0.0 2.0 51.0 0.0 0.0
40 35 43 0.0 0.0 0.0 0.0 10.0 0.0 0.0
40 36 35 0.0 0.0 0.0 1.0 1.0 0.0 0.0
40 36 36 0.0 0.0 0.0 17.0 156.0 2.0 0.0
40 36 37 0.0 3.0 3.0 358.0 1892.0 34.0 5.0
40 36 38 0.0 2.0 18.0 1100.0 7005.0 123.0 85.0
40 36 39 0.0 6.0 32.0 2034.0 11949.0 218.0 325.0
40 36 40 0.0 6.0 45.0 2283.0 13947.0 242.0 480.0
40 36 41 0.0 14.0 34.0 1863.0 11645.0 225.0 318.0
40 36 42 0.0 6.0 27.0 977.0 6320.0 127.0 83.0
40 36 43 0.0 5.0 10.0 290.0 1889.0 39.0 10.0
40 36 44 0.0 0.0 1.0 14.0 201.0 6.0 0.0
40 37 35 0.0 0.0 0.0 1.0 9.0 0.0 0.0
40 37 36 0.0 1.0 7.0 173.0 1965.0 38.0 12.0
40 37 37 0.0 18.0 48.0 2322.0 23245.0 378.0 1758.0
40 37 38 0.0 65.0 134.0 7559.0 43018.0 585.0 12467.0
40 37 39 0.0 56.0 136.0 7539.0 48826.0 604.0 24364.0
40 37 40 0.0 52.0 167.0 8055.0 48342.0 562.0 29639.0
40 37 41 0.0 62.0 204.0 8005.0 47969.0 610.0 23407.0
40 37 42 0.0 45.0 142.0 5907.0 43233.0 567.0 10684.0
40 37 43 0.0 20.0 105.0 2174.0 21884.0 358.0 1438.0
40 37 44 0.0 0.0 9.0 155.0 2011.0 45.0 3.0
40 37 45 0.0 0.0 0.0 1.0 9.0 0.0 0.0
40 38 35 0.0 0.0 0.0 2.0 37.0 1.0 0.0
40 38 36 0.0 3.0 19.0 608.0 6802.0 121.0 73.0
40 38 37 0.0 20.0 126.0 4777.0 44357.0 607.0 11587.0
40 38 38 0.0 30.0 118.0 4557.0 41735.0 414.0 58811.0
40 38 39 0.0 27.0 132.0 4860.0 33330.0 277.0 80933.0
40 38 40 0.0 35.0 161.0 4634.0 29795.0 231.0 89280.0
40 38 41 0.0 34.0 146.0 5394.0 33037.0 322.0 80232.0
40 38 42 0.0 34.0 241.0 4855.0 41977.0 433.0 57609.0
40 38 43 0.0 14.0 142.0 4753.0 43720.0 600.0 10799.0
40 38 44 0.0 0.0 20.0 636.0 6452.0 122.0 80.0
40 38 45 0.0 0.0 0.0 18.0 30.0 3.0 0.0
40 39 35 0.0 0.0 0.0 7.0 103.0 4.0 0.0
40 39 36 0.0 10.0 25.0 1088.0 11928.0 230.0 288.0
40 39 37 0.0 14.0 194.0 4488.0 52235.0 599.0 23160.0
40 39 38 0.0 43.0 136.0 3758.0 35015.0 269.0 79954.0
40 39 39 0.0 27.0 90.0 2325.0 19548.0 99.0 122266.0
40 39 40 0.0 18.0 77.0 2415.0 16124.0 84.0 131893.0
40 39 41 0.0 25.0 96.0 2670.0 20123.0 108.0 120124.0
40 39 42 0.0 31.0 192.0 4329.0 34541.0 271.0 79687.0
40 39 43 0.0 29.0 217.0 5287.0 50778.0 608.0 22738.0
40 39 44 0.0 2.0 39.0 1265.0 12319.0 202.0 310.0
40 39 45 0.0 0.0 0.0 11.0 90.0 2.0 0.0
40 40 35 0.0 0.0 0.0 11.0 95.0 1.0 0.0
40 40 36 0.0 12.0 53.0 1421.0 14492.0 239.0 429.0
40 40 37 0.0 32.0 177.0 5286.0 51471.0 608.0 27142.0
40 40 38 0.0 40.0 130.0 3458.0 31540.0 241.0 87743.0
40 40 39 0.0 20.0 113.0 2006.0 17286.0 66.0 128141.0
40 40 40 0.0 14.0 67.0 1371.0 11097.0 36.0 156555.0
40 40 41 0.0 14.0 88.0 2120.0 17153.0 93.0 129115.0
40 40 42 0.0 31.0 147.0 3641.0 31330.0 229.0 88048.0
40 40 43 0.0 25.0 221.0 5906.0 50767.0 556.0 26816.0
40 40 44 0.0 32.0 55.0 1688.0 13520.0 246.0 387.0
40 40 45 0.0 0.0 1.0 10.0 86.0 2.0 0.0
40 41 35 0.0 0.0 2.0 9.0 96.0 6.0 0.0
40 41 36 0.0 2.0 34.0 1136.0 11849.0 193.0 270.0
40 41 37 0.0 46.0 194.0 4935.0 51241.0 600.0 23182.0
40 41 38 0.0 25.0 166.0 3862.0 35303.0 246.0 79316.0
40 41 39 0.0 25.0 142.0 2211.0 20326.0 109.0 121152.0
40 41 40 0.0 14.0 105.0 2095.0 17434.0 87.0 128477.0
40 41 41 0.0 18.0 112.0 2340.0 20208.0 114.0 121989.0
40 41 42 0.0 30.0 194.0 3934.0 34857.0 285.0 79958.0
40 41 43 0.0 85.0 273.0 6259.0 49699.0 587.0 23680.0
40 41 44 0.0 6.0 53.0 1251.0 11445.0 201.0 298.0
40 41 45 0.0 1.0 0.0 8.0 98.0 1.0 0.0
40 42 35 0.0 0.0 0.0 2.0 34.0 0.0 0.0
40 42 36 0.0 2.0 9.0 557.0 6228.0 114.0 56.0
40 42 37 0.0 17.0 203.0 4273.0 43830.0 602.0 10281.0
40 42 38 0.0 35.0 181.0 3993.0 43385.0 412.0 56222.0
40 42 39 0.0 19.0 181.0 3829.0 35005.0 318.0 79315.0
40 42 40 0.0 28.0 172.0 3590.0 31774.0 229.0 87212.0
40 42 41 0.0 22.0 184.0 3810.0 35246.0 277.0 79962.0
40 42 42 0.0 42.0 234.0 4518.0 41774.0 374.0 58163.0
40 42 43 0.0 31.0 270.0 4571.0 44435.0 576.0 10953.0
40 42 44 0.0 5.0 16.0 741.0 6380.0 120.0 84.0
40 42 45 0.0 0.0 3.0 2.0 48.0 1.0 0.0
40 43 35 0.0 0.0 0.0 0.0 6.0 0.0 0.0
40 43 36 0.0 0.0 10.0 167.0 1718.0 32.0 8.0
40 43 37 0.0 20.0 72.0 1963.0 21925.0 351.0 1387.0
40 43 38 0.0 27.0 183.0 4327.0 43359.0 585.0 9700.0
40 43 39 0.0 44.0 171.0 5623.0 50322.0 597.0 22676.0
40 43 40 0.0 50.0 297.0 5697.0 50797.0 630.0 26743.0
40 43 41 0.0 44.0 216.0 5514.0 50576.0 581.0 22564.0
40 43 42 0.0 47.0 212.0 4647.0 44141.0 569.0 11155.0
40 43 43 0.0 9.0 165.0 2187.0 23155.0 392.0 1736.0
40 43 44 0.0 2.0 36.0 165.0 1878.0 31.0 9.0
40 43 45 0.0 0.0 0.0 0.0 7.0 0.0 0.0
40 44 36 0.0 0.0 0.0 10.0 149.0 4.0 0.0
40 44 37 0.0 0.0 3.0 138.0 1468.0 26.0 2.0
40 44 38 0.0 3.0 16.0 666.0 6024.0 105.0 65.0
40 44 39 0.0 15.0 47.0 1228.0 11248.0 200.0 250.0
40 44 40 0.0 6.0 60.0 1571.0 13953.0 257.0 430.0
40 44 41 0.0 6.0 53.0 1132.0 11927.0 215.0 288.0
40 44 42 0.0 1.0 12.0 707.0 6217.0 114.0 75.0
40 44 43 0.0 2.0 16.0 180.0 1892.0 34.0 9.0
40 44 44 0.0 0.0 2.0 15.0 184.0 1.0 0.0
40 45 37 0.0 0.0 0.0 2.0 14.0 0.0 0.0
40 45 38 0.0 0.0 0.0 4.0 31.0 0.0 0.0
40 45 39 0.0 0.0 0.0 5.0 86.0 2.0 0.0
40 45 40 0.0 0.0 1.0 2.0 104.0 1.0 0.0
40 45 41 0.0 0.0 1.0 9.0 104.0 0.0 0.0
40 45 42 0.0 0.0 0.0 4.0 27.0 0.0 0.0
40 45 43 0.0 0.0 0.0 2.0 18.0 0.0 0.0
41 35 37 0.0 0.0 0.0 0.0 5.0 0.0 0.0
41 35 38 0.0 0.0 0.0 2.0 44.0 0.0 0.0
41 35 39 0.0 0.0 0.0 9.0 65.0 2.0 0.0
41 35 40 0.0 0.0 1.0 12.0 79.0 1.0 0.0
41 35 41 0.0 0.0 1.0 16.0 76.0 1.0 0.0
41 35 42 0.0 0.0 0.0 2.0 21.0 0.0 0.0
41 35 43 0.0 0.0 0.0 1.0 11.0 0.0 0.0
41 36 36 0.0 0.0 1.0 21.0 146.0 0.0 0.0
41 36 37 0.0 0.0 11.0 177.0 1483.0 28.0 3.0
41 36 38 0.0 4.0 9.0 857.0 5489.0 102.0 63.0
41 36 39 0.0 26.0 37.0 1801.0 9766.0 194.0 225.0
41 36 40 0.0 11.0 40.0 1925.0 11691.0 194.0 323.0
41 36 41 0.0 4.0 35.0 1646.0 9192.0 181.0 196.0
41 36 42 0.0 4.0 26.0 805.0 5209.0 102.0 63.0
41 36 43 0.0 1.0 4.0 208.0 1380.0 24.0 3.0
41 36 44 0.0 0.0 0.0 6.0 166.0 1.0 0.0
41 36 45 0.0 0.0 0.0 0.0 1.0 0.0 0.0
41 37 35 0.0 0.0 0.0 1.0 5.0 0.0 0.0
41 37 36 0.0 1.0 4.0 144.0 1592.0 26.0 2.0
41 37 37 0.0 24.0 50.0 2553.0 19260.0 325.0 1169.0
41 37 38 0.0 22.0 146.0 5091.0 41124.0 599.0 8736.0
41 37 39 0.0 46.0 151.0 7249.0 47778.0 584.0 19610.0
41 37 40 0.0 108.0 145.0 8440.0 47904.0 569.0 23382.0
41 37 41 0.0 84.0 192.0 7987.0 46784.0 602.0 19099.0
41 37 42 0.0 122.0 141.0 6582.0 38210.0 577.0 7855.0
41 37 43 0.0 5.0 70.0 2073.0 18690.0 316.0 990.0
41 37 44 0.0 1.0 7.0 161.0 1416.0 21.0 4.0
41 37 45 0.0 0.0 0.0 0.0 10.0 1.0 0.0
41 38 35 0.0 0.0 0.0 5.0 30.0 1.0 0.0
41 38 36 0.0 9.0 17.0 475.0 5476.0 82.0 58.0
41 38 37 0.0 23.0 127.0 4203.0 41526.0 544.0 8223.0
41 38 38 0.0 25.0 152.0 4752.0 45669.0 411.0 49095.0
41 38 39 0.0 47.0 120.0 5529.0 36021.0 282.0 73305.0
41 38 40 0.0 45.0 133.0 5515.0 32954.0 286.0 80791.0
41 38 41 0.0 64.0 179.0 6391.0 34984.0 304.0 73733.0
41 38 42 0.0 34.0 159.0 5064.0 44806.0 422.0 50137.0
41 38 43 0.0 36.0 226.0 4281.0 40461.0 547.0 7969.0
41 38 44 0.0 16.0 10.0 687.0 4877.0 81.0 44.0
41 38 45 0.0 0.0 0.0 2.0 37.0 0.0 0.0
41 39 35 0.0 0.0 0.0 6.0 44.0 1.0 0.0
41 39 36 0.0 2.0 31.0 803.0 9964.0 176.0 227.0
41 39 37 0.0 37.0 200.0 4379.0 50701.0 582.0 19441.0
41 39 38 0.0 29.0 175.0 3891.0 37561.0 336.0 73638.0
41 39 39 0.0 17.0 113.0 2601.0 22091.0 136.0 114991.0
41 39 40 0.0 21.0 115.0 2716.0 20076.0 109.0 119871.0
41 39 41 0.0 28.0 101.0 2889.0 21547.0 113.0 115278.0
41 39 42 0.0 51.0 194.0 4471.0 37694.0 289.0 72872.0
41 39 43 0.0 18.0 197.0 5588.0 49479.0 590.0 18710.0
41 39 44 0.0 8.0 46.0 1026.0 9703.0 171.0 177.0
41 39 45 0.0 0.0 1.0 7.0 73.0 3.0 1.0
41 40 35 0.0 0.0 0.0 10.0 114.0 1.0 0.0
41 40 36 0.0 11.0 35.0 1299.0 12172.0 205.0 301.0
41 40 37 0.0 36.0 208.0 4903.0 51262.0 625.0 22848.0
41 40 38 0.0 18.0 169.0 3237.0 34670.0 287.0 80615.0
41 40 39 0.0 25.0 136.0 2068.0 20206.0 114.0 122782.0
41 40 40 0.0 23.0 107.0 2006.0 17557.0 108.0 128632.0
41 40 41 0.0 19.0 119.0 2291.0 20228.0 107.0 121335.0
41 40 42 0.0 31.0 227.0 3902.0 35003.0 302.0 79511.0
41 40 43 0.0 28.0 215.0 5698.0 50807.0 620.0 22819.0
41 40 44 0.0 4.0 76.0 1387.0 11896.0 201.0 297.0
41 40 45 0.0 2.0 0.0 6.0 65.0 0.0 0.0
41 41 35 0.0 0.0 0.0 4.0 65.0 0.0 0.0
41 41 36 0.0 0.0 39.0 970.0 9453.0 159.0 167.0
41 41 37 0.0 48.0 233.0 4709.0 50214.0 600.0 18716.0
41 41 38 0.0 25.0 180.0 3644.0 38247.0 319.0 72081.0
41 41 39 0.0 16.0 121.0 2329.0 22855.0 137.0 114563.0
41 41 40 0.0 14.0 121.0 2181.0 20429.0 112.0 120790.0
41 41 41 0.0 21.0 135.0 2326.0 21965.0 130.0 116716.0
41 41 42 0.0 31.0 217.0 4053.0 37686.0 316.0 72823.0
41 41 43 0.0 32.0 184.0 5255.0 49762.0 604.0 18469.0
41 41 44 0.0 6.0 34.0 1112.0 9847.0 190.0 190.0
41 41 45 0.0 0.0 0.0 8.0 53.0 2.0 0.0
41 42 35 0.0 0.0 0.0 3.0 32.0 3.0 0.0
41 42 36 0.0 0.0 23.0 441.0 5217.0 97.0 40.0
41 42 37 0.0 26.0 198.0 3400.0 41438.0 586.0 8095.0
41 42 38 0.0 55.0 189.0 4844.0 45003.0 428.0 49967.0
41 42 39 0.0 28.0 194.0 3855.0 38369.0 327.0 72146.0
41 42 40 0.0 28.0 204.0 3493.0 34908.0 279.0 80657.0
41 42 41 0.0 40.0 211.0 4349.0 37682.0 288.0 72685.0
41 42 42 0.0 27.0 284.0 4468.0 44869.0 426.0 50659.0
41 42 43 0.0 31.0 151.0 4567.0 41030.0 560.0 8327.0
41 42 44 0.0 0.0 12.0 507.0 5313.0 88.0 56.0
41 42 45 0.0 0.0 0.0 0.0 23.0 1.0 0.0
41 43 35 0.0 0.0 0.0 1.0 10.0 0.0 0.0
41 43 36 0.0 0.0 5.0 147.0 1419.0 32.0 2.0
41 43 37 0.0 28.0 39.0 1843.0 18597.0 340.0 961.0
41 43 38 0.0 34.0 182.0 4405.0 40529.0 589.0 8146.0
41 43 39 0.0 56.0 218.0 4825.0 49795.0 651.0 18179.0
41 43 40 0.0 50.0 267.0 5419.0 50790.0 586.0 22400.0
41 43 41 0.0 21.0 292.0 5007.0 49608.0 576.0 18825.0
41 43 42 0.0 4.0 150.0 4026.0 41302.0 590.0 7958.0
41 43 43 0.0 0.0 70.0 1643.0 19990.0 355.0 1196.0
41 43 44 0.0 4.0 14.0 227.0 1482.0 32.0 4.0
41 43 45 0.0 0.0 0.0 0.0 3.0 0.0 0.0
41 44 36 0.0 0.0 1.0 17.0 123.0 5.0 0.0
41 44 37 0.0 0.0 3.0 103.0 1416.0 29.0 5.0
41 44 38 0.0 1.0 14.0 534.0 4716.0 78.0 54.0
41 44 39 0.0 9.0 34.0 912.0 8763.0 138.0 164.0
41 44 40 0.0 6.0 66.0 1147.0 11609.0 214.0 300.0
41 44 41 0.0 3.0 61.0 1038.0 9694.0 167.0 169.0
41 44 42 0.0 2.0 30.0 698.0 5210.0 85.0 53.0
41 44 43 0.0 0.0 5.0 151.0 1704.0 32.0 4.0
41 44 44 0.0 0.0 0.0 8.0 156.0 4.0 0.0
41 44 45 0.0 0.0 0.0 0.0 1.0 0.0 0.0
41 45 37 0.0 0.0 0.0 0.0 1.0 0.0 0.0
41 45 38 0.0 0.0 0.0 1.0 34.0 0.0 0.0
41 45 39 0.0 0.0 0.0 7.0 57.0 2.0 0.0
41 45 40 0.0 0.0 1.0 4.0 71.0 2.0 0.0
41 45 41 0.0 0.0 0.0 3.0 68.0 1.0 0.0
41 45 42 0.0 0.0 2.0 1.0 34.0 0.0 0.0
41 45 43 0.0 0.0 0.0 1.0 6.0 1.0 0.0
41 45 44 0.0 0.0 0.0 0.0 2.0 0.0 0.0
42 35 37 0.0 0.0 0.0 0.0 4.0 0.0 0.0
42 35 38 0.0 0.0 0.0 1.0 24.0 0.0 0.0
42 35 39 0.0 0.0 0.0 5.0 32.0 0.0 0.0
42 35 40 0.0 1.0 0.0 7.0 42.0 0.0 0.0
42 35 41 0.0 0.0 0.0 4.0 35.0 1.0 0.0
42 35 42 0.0 0.0 0.0 2.0 18.0 0.0 0.0
42 35 43 0.0 0.0 0.0 0.0 3.0 0.0 0.0
42 35 44 0.0 0.0 0.0 0.0 2.0 0.0 0.0
42 36 36 0.0 0.0 0.0 14.0 70.0 0.0 0.0
42 36 37 0.0 1.0 4.0 85.0 811.0 16.0 0.0
42 36 38 0.0 1.0 2.0 386.0 2704.0 43.0 15.0
42 36 39 0.0 6.0 17.0 833.0 5164.0 102.0 45.0
42 36 40 0.0 6.0 24.0 974.0 6131.0 122.0 79.0
42 36 41 0.0 14.0 8.0 908.0 4621.0 80.0 42.0
42 36 42 0.0 0.0 8.0 463.0 2514.0 43.0 12.0
42 36 43 0.0 2.0 1.0 98.0 618.0 13.0 1.0
42 36 44 0.0 1.0 1.0 3.0 83.0 3.0 0.0
42 37 35 0.0 0.0 0.0 2.0 7.0 0.0 0.0
42 37 36 0.0 0.0 1.0 69.0 735.0 11.0 1.0
42 37 37 0.0 16.0 29.0 1058.0 11383.0 206.0 295.0
42 37 38 0.0 36.0 34.0 3804.0 27597.0 409.0 2789.0
42 37 39 0.0 100.0 152.0 5890.0 38815.0 571.0 8038.0
42 37 40 0.0 82.0 138.0 7621.0 40666.0 560.0 10951.0
42 37 41 0.0 50.0 140.0 6546.0 38916.0 583.0 8356.0
42 37 42 0.0 39.0 165.0 4384.0 28250.0 495.0 3253.0
42 37 43 0.0 7.0 63.0 1263.0 11008.0 196.0 308.0
42 37 44 0.0 0.0 3.0 81.0 710.0 13.0 3.0
42 37 45 0.0 0.0 0.0 0.0 5.0 0.0 0.0
42 38 35 0.0 0.0 0.0 2.0 11.0 0.0 0.0
42 38 36 0.0 0.0 4.0 237.0 2622.0 64.0 14.0
42 38 37 0.0 20.0 77.0 2720.0 30473.0 502.0 3196.0
42 38 38 0.0 97.0 129.0 6039.0 47274.0 523.0 30704.0
42 38 39 0.0 86.0 179.0 6190.0 44862.0 480.0 47282.0
42 38 40 0.0 43.0 133.0 5594.0 42455.0 423.0 54746.0
42 38 41 0.0 34.0 148.0 5952.0 44036.0 442.0 48931.0
42 38 42 0.0 26.0 230.0 5325.0 48297.0 559.0 29611.0
42 38 43 0.0 17.0 121.0 3090.0 29002.0 475.0 3025.0
42 38 44 0.0 0.0 10.0 273.0 2539.0 42.0 11.0
42 38 45 0.0 0.0 0.0 1.0 7.0 0.0 0.0
42 39 35 0.0 0.0 0.0 1.0 40.0 0.0 0.0
42 39 36 0.0 9.0 15.0 407.0 5264.0 85.0 47.0
42 39 37 0.0 20.0 104.0 3820.0 41574.0 584.0 8229.0
42 39 38 0.0 57.0 160.0 4372.0 44785.0 421.0 50814.0
42 39 39 0.0 34.0 138.0 3990.0 38047.0 312.0 72362.0
42 39 40 0.0 26.0 183.0 3922.0 34789.0 264.0 79904.0
42 39 41 0.0 42.0 214.0 4748.0 37394.0 315.0 71777.0
42 39 42 0.0 50.0 134.0 5412.0 44180.0 432.0 49909.0
42 39 43 0.0 27.0 149.0 3941.0 41113.0 542.0 8287.0
42 39 44 0.0 1.0 15.0 435.0 5210.0 93.0 37.0
42 39 45 0.0 0.0 0.0 3.0 39.0 2.0 0.0
42 40 35 0.0 0.0 0.0 5.0 15.0 0.0 0.0
42 40 36 0.0 2.0 38.0 563.0 6555.0 117.0 77.0
42 40 37 0.0 16.0 168.0 3848.0 44926.0 628.0 11051.0
42 40 38 0.0 12.0 200.0 3802.0 43020.0 399.0 57436.0
42 40 39 0.0 27.0 201.0 3477.0 35677.0 296.0 79498.0
42 40 40 0.0 19.0 195.0 3159.0 31852.0 256.0 87951.0
42 40 41 0.0 15.0 209.0 3831.0 34683.0 273.0 80001.0
42 40 42 0.0 35.0 199.0 4376.0 42557.0 424.0 57373.0
42 40 43 0.0 28.0 166.0 4804.0 43432.0 599.0 10398.0
42 40 44 0.0 1.0 25.0 655.0 6280.0 113.0 66.0
42 40 45 0.0 0.0 0.0 1.0 43.0 2.0 0.0
42 41 35 0.0 0.0 0.0 2.0 17.0 0.0 0.0
42 41 36 0.0 5.0 19.0 473.0 5059.0 85.0 40.0
42 41 37 0.0 23.0 172.0 3108.0 41694.0 582.0 7666.0
42 41 38 0.0 18.0 286.0 3600.0 46178.0 476.0 50167.0
42 41 39 0.0 30.0 235.0 3391.0 38288.0 313.0 73398.0
42 41 40 0.0 36.0 205.0 3294.0 34758.0 275.0 80603.0
42 41 41 0.0 19.0 214.0 3587.0 37920.0 284.0 74021.0
42 41 42 0.0 28.0 174.0 4335.0 44887.0 432.0 50340.0
42 41 43 0.0 14.0 130.0 3795.0 41045.0 570.0 8200.0
42 41 44 0.0 1.0 24.0 588.0 5097.0 116.0 53.0
42 41 45 0.0 0.0 0.0 0.0 24.0 0.0 0.0
42 42 35 0.0 0.0 0.0 3.0 19.0 0.0 0.0
42 42 36 0.0 0.0 11.0 235.0 2648.0 39.0 10.0
42 42 37 0.0 13.0 95.0 2687.0 28432.0 448.0 2923.0
42 42 38 0.0 47.0 176.0 4812.0 49111.0 526.0 28799.0
42 42 39 0.0 23.0 214.0 4458.0 46642.0 447.0 46968.0
42 42 40 0.0 14.0 243.0 4049.0 42276.0 410.0 58645.0
42 42 41 0.0 36.0 297.0 4400.0 44922.0 425.0 50385.0
42 42 42 0.0 21.0 163.0 3707.0 49511.0 514.0 32245.0
42 42 43 0.0 7.0 104.0 2652.0 30391.0 452.0 3302.0
42 42 44 0.0 2.0 17.0 243.0 2752.0 53.0 20.0
42 42 45 0.0 0.0 0.0 2.0 11.0 0.0 0.0
42 43 35 0.0 0.0 0.0 0.0 2.0 0.0 0.0
42 43 36 0.0 0.0 3.0 64.0 773.0 17.0 1.0
42 43 37 0.0 6.0 47.0 1159.0 10473.0 153.0 296.0
42 43 38 0.0 15.0 67.0 2435.0 28084.0 416.0 2566.0
42 43 39 0.0 16.0 122.0 3704.0 41109.0 611.0 7703.0
42 43 40 0.0 14.0 227.0 4046.0 44156.0 607.0 10039.0
42 43 41 0.0 27.0 159.0 4181.0 42127.0 603.0 8624.0
42 43 42 0.0 23.0 131.0 2688.0 29004.0 432.0 3053.0
42 43 43 0.0 1.0 47.0 1010.0 11202.0 193.0 310.0
42 43 44 0.0 1.0 1.0 79.0 716.0 17.0 0.0
42 44 36 0.0 0.0 0.0 3.0 49.0 0.0 0.0
42 44 37 0.0 1.0 2.0 53.0 557.0 8.0 0.0
42 44 38 0.0 1.0 12.0 237.0 2553.0 50.0 11.0
42 44 39 0.0 4.0 16.0 468.0 5155.0 91.0 40.0
42 44 40 0.0 0.0 22.0 544.0 6420.0 110.0 65.0
42 44 41 0.0 0.0 15.0 449.0 5096.0 87.0 41.0
42 44 42 0.0 0.0 10.0 233.0 2722.0 44.0 9.0
42 44 43 0.0 0.0 3.0 58.0 682.0 15.0 1.0
42 44 44 0.0 0.0 0.0 7.0 71.0 1.0 0.0
42 44 45 0.0 0.0 0.0 0.0 4.0 1.0 0.0
42 45 38 0.0 0.0 0.0 8.0 11.0 0.0 0.0
42 45 39 0.0 0.0 0.0 0.0 36.0 0.0 0.0
42 45 40 0.0 0.0 0.0 6.0 30.0 0.0 0.0
42 45 41 0.0 0.0 0.0 3.0 34.0 1.0 0.0
42 45 42 0.0 0.0 0.0 0.0 15.0 0.0 0.0
43 35 38 0.0 0.0 0.0 0.0 2.0 0.0 0.0
43 35 39 0.0 0.0 0.0 0.0 6.0 0.0 0.0
43 35 40 0.0 0.0 0.0 5.0 7.0 0.0 0.0
43 35 41 0.0 0.0 0.0 1.0 5.0 0.0 0.0
43 35 42 0.0 0.0 0.0 0.0 3.0 0.0 0.0
43 36 36 0.0 0.0 0.0 0.0 14.0 1.0 0.0
43 36 37 0.0 0.0 3.0 28.0 169.0 2.0 0.0
43 36 38 0.0 4.0 5.0 120.0 587.0 12.0 2.0
43 36 39 0.0 3.0 3.0 209.0 1432.0 21.0 4.0
43 36 40 0.0 2.0 5.0 275.0 1748.0 37.0 4.0
43 36 41 0.0 1.0 7.0 192.0 1347.0 28.0 1.0
43 36 42 0.0 0.0 6.0 145.0 740.0 17.0 0.0
43 36 43 0.0 0.0 0.0 35.0 177.0 4.0 1.0
43 36 44 0.0 0.0 0.0 1.0 30.0 0.0 0.0
43 37 36 0.0 0.0 0.0 20.0 195.0 3.0 0.0
43 37 37 0.0 0.0 0.0 339.0 3165.0 59.0 18.0
43 37 38 0.0 19.0 40.0 1194.0 9473.0 184.0 215.0
43 37 39 0.0 15.0 57.0 2111.0 17931.0 289.0 988.0
43 37 40 0.0 16.0 70.0 2189.0 21204.0 336.0 1365.0
43 37 41 0.0 4.0 55.0 2310.0 18134.0 312.0 962.0
43 37 42 0.0 1.0 21.0 982.0 10595.0 194.0 276.0
43 37 43 0.0 1.0 8.0 286.0 3243.0 66.0 30.0
43 37 44 0.0 0.0 0.0 15.0 184.0 6.0 0.0
43 38 35 0.0 0.0 0.0 1.0 6.0 0.0 0.0
43 38 36 0.0 0.0 4.0 70.0 737.0 19.0 1.0
43 38 37 0.0 26.0 34.0 1086.0 11828.0 201.0 341.0
43 38 38 0.0 24.0 79.0 2674.0 29429.0 442.0 2995.0
43 38 39 0.0 44.0 130.0 3985.0 39978.0 577.0 7263.0
43 38 40 0.0 39.0 148.0 4542.0 43479.0 634.0 10003.0
43 38 41 0.0 27.0 142.0 4715.0 39644.0 520.0 7458.0
43 38 42 0.0 55.0 79.0 3266.0 28264.0 481.0 2783.0
43 38 43 0.0 11.0 43.0 1209.0 10177.0 182.0 257.0
43 38 44 0.0 0.0 5.0 80.0 683.0 11.0 0.0
43 38 45 0.0 0.0 0.0 1.0 5.0 0.0 0.0
43 39 35 0.0 0.0 0.0 0.0 3.0 0.0 0.0
43 39 36 0.0 0.0 6.0 149.0 1434.0 37.0 3.0
43 39 37 0.0 4.0 65.0 1609.0 20592.0 346.0 1235.0
43 39 38 0.0 24.0 100.0 4045.0 41499.0 575.0 8037.0
43 39 39 0.0 38.0 214.0 4967.0 49270.0 613.0 18373.0
43 39 40 0.0 35.0 193.0 5056.0 51158.0 643.0 22183.0
43 39 41 0.0 40.0 236.0 5168.0 49260.0 586.0 18049.0
43 39 42 0.0 16.0 162.0 4590.0 40360.0 568.0 7805.0
43 39 43 0.0 6.0 69.0 1932.0 19803.0 334.0 1173.0
43 39 44 0.0 1.0 2.0 234.0 1471.0 26.0 4.0
43 39 45 0.0 0.0 0.0 0.0 5.0 0.0 0.0
43 40 35 0.0 0.0 0.0 2.0 12.0 0.0 0.0
43 40 36 0.0 0.0 15.0 161.0 1962.0 39.0 3.0
43 40 37 0.0 1.0 150.0 1669.0 23561.0 363.0 1585.0
43 40 38 0.0 15.0 156.0 4274.0 44365.0 572.0 11061.0
43 40 39 0.0 25.0 215.0 4726.0 51606.0 575.0 22982.0
43 40 40 0.0 12.0 258.0 4609.0 52053.0 559.0 27575.0
43 40 41 0.0 9.0 272.0 4866.0 50913.0 561.0 23188.0
43 40 42 0.0 39.0 165.0 4596.0 44162.0 590.0 10736.0
43 40 43 0.0 23.0 97.0 2307.0 23337.0 391.0 1671.0
43 40 44 0.0 0.0 1.0 175.0 1902.0 47.0 5.0
43 40 45 0.0 0.0 0.0 0.0 5.0 0.0 0.0
43 41 35 0.0 0.0 0.0 0.0 7.0 0.0 0.0
43 41 36 0.0 0.0 0.0 110.0 1359.0 28.0 3.0
43 41 37 0.0 8.0 116.0 1497.0 19505.0 337.0 1066.0
43 41 38 0.0 8.0 194.0 2998.0 41917.0 601.0 7801.0
43 41 39 0.0 15.0 276.0 4636.0 50475.0 596.0 18827.0
43 41 40 0.0 24.0 231.0 4388.0 51572.0 594.0 22242.0
43 41 41 0.0 46.0 215.0 4612.0 49915.0 613.0 18908.0
43 41 42 0.0 20.0 177.0 3425.0 42027.0 587.0 8183.0
43 41 43 0.0 1.0 61.0 1748.0 20837.0 342.0 1225.0
43 41 44 0.0 0.0 6.0 152.0 1500.0 34.0 2.0
43 41 45 0.0 0.0 0.0 0.0 9.0 0.0 0.0
43 42 35 0.0 0.0 0.0 0.0 2.0 0.0 0.0
43 42 36 0.0 0.0 1.0 68.0 672.0 6.0 2.0
43 42 37 0.0 3.0 56.0 790.0 10937.0 195.0 286.0
43 42 38 0.0 9.0 137.0 2407.0 29231.0 448.0 2866.0
43 42 39 0.0 20.0 216.0 3708.0 41301.0 547.0 8190.0
43 42 40 0.0 19.0 194.0 3700.0 45019.0 606.0 11026.0
43 42 41 0.0 43.0 268.0 3983.0 41854.0 585.0 8431.0
43 42 42 0.0 7.0 157.0 2393.0 30804.0 472.0 3279.0
43 42 43 0.0 72.0 41.0 1128.0 11695.0 216.0 356.0
43 42 44 0.0 8.0 1.0 88.0 742.0 14.0 0.0
43 42 45 0.0 0.0 0.0 5.0 6.0 1.0 0.0
43 43 36 0.0 0.0 0.0 10.0 187.0 2.0 0.0
43 43 37 0.0 0.0 8.0 316.0 2944.0 70.0 20.0
43 43 38 0.0 6.0 21.0 1017.0 9897.0 172.0 235.0
43 43 39 0.0 16.0 89.0 1683.0 19148.0 314.0 1050.0
43 43 40 0.0 3.0 96.0 1949.0 23520.0 372.0 1646.0
43 43 41 0.0 2.0 110.0 1667.0 20487.0 328.0 1228.0
43 43 42 0.0 5.0 44.0 919.0 11599.0 171.0 340.0
43 43 43 0.0 25.0 10.0 338.0 3442.0 62.0 27.0
43 43 44 0.0 0.0 5.0 15.0 214.0 6.0 0.0
43 44 36 0.0 0.0 0.0 1.0 9.0 0.0 0.0
43 44 37 0.0 0.0 0.0 17.0 153.0 4.0 0.0
43 44 38 0.0 0.0 1.0 46.0 629.0 10.0 0.0
43 44 39 0.0 0.0 10.0 209.0 1400.0 28.0 6.0
43 44 40 0.0 0.0 12.0 157.0 1816.0 47.0 5.0
43 44 41 0.0 0.0 11.0 123.0 1511.0 27.0 2.0
43 44 42 0.0 0.0 3.0 80.0 668.0 17.0 2.0
43 44 43 0.0 0.0 2.0 23.0 176.0 2.0 0.0
43 44 44 0.0 0.0 0.0 4.0 8.0 0.0 0.0
43 45 38 0.0 0.0 0.0 0.0 5.0 0.0 0.0
43 45 39 0.0 0.0 0.0 0.0 9.0 0.0 0.0
43 45 40 0.0 0.0 0.0 1.0 3.0 0.0 0.0
43 45 41 0.0 0.0 0.0 4.0 5.0 1.0 0.0
43 45 42 0.0 0.0 0.0 0.0 2.0 0.0 0.0
43 45 43 0.0 0.0 0.0 0.0 2.0 0.0 0.0
44 36 36 0.0 0.0 0.0 0.0 1.0 0.0 0.0
44 36 37 0.0 0.0 0.0 1.0 7.0 0.0 0.0
44 36 38 0.0 0.0 0.0 2.0 31.0 2.0 0.0
44 36 39 0.0 0.0 2.0 12.0 116.0 0.0 0.0
44 36 40 0.0 0.0 1.0 14.0 174.0 3.0 0.0
44 36 41 0.0 0.0 0.0 16.0 131.0 1.0 0.0
44 36 42 0.0 0.0 0.0 3.0 44.0 0.0 0.0
44 36 43 0.0 0.0 0.0 2.0 15.0 0.0 0.0
44 36 44 0.0 0.0 0.0 0.0 1.0 0.0 0.0
44 37 36 0.0 0.0 0.0 1.0 14.0 0.0 0.0
44 37 37 0.0 0.0 0.0 25.0 159.0 7.0 1.0
44 37 38 0.0 0.0 3.0 46.0 710.0 16.0 0.0
44 37 39 0.0 0.0 2.0 106.0 1334.0 24.0 3.0
44 37 40 0.0 0.0 17.0 164.0 1692.0 13.0 8.0
44 37 41 0.0 1.0 4.0 153.0 1499.0 29.0 4.0
44 37 42 0.0 1.0 7.0 73.0 672.0 16.0 1.0
44 37 43 0.0 0.0 0.0 16.0 161.0 2.0 0.0
44 37 44 0.0 0.0 0.0 1.0 8.0 0.0 0.0
44 38 36 0.0 0.0 0.0 6.0 80.0 0.0 0.0
44 38 37 0.0 0.0 3.0 37.0 793.0 17.0 1.0
44 38 38 0.0 1.0 7.0 269.0 2526.0 50.0 8.0
44 38 39 0.0 1.0 18.0 459.0 4752.0 88.0 33.0
44 38 40 0.0 2.0 64.0 664.0 6100.0 108.0 73.0
44 38 41 0.0 0.0 15.0 455.0 4998.0 90.0 55.0
44 38 42 0.0 0.0 14.0 257.0 2504.0 45.0 8.0
44 38 43 0.0 1.0 0.0 81.0 668.0 9.0 3.0
44 38 44 0.0 0.0 0.0 9.0 44.0 1.0 0.0
44 39 35 0.0 0.0 0.0 0.0 2.0 0.0 0.0
44 39 36 0.0 0.0 0.0 16.0 142.0 2.0 0.0
44 39 37 0.0 0.0 8.0 132.0 1499.0 35.0 3.0
44 39 38 0.0 0.0 16.0 440.0 5133.0 98.0 41.0
44 39 39 0.0 8.0 40.0 1025.0 9507.0 153.0 188.0
44 39 40 0.0 6.0 61.0 1014.0 11660.0 193.0 276.0
44 39 41 0.0 1.0 26.0 940.0 9397.0 175.0 163.0
44 39 42 0.0 7.0 19.0 583.0 5354.0 108.0 58.0
44 39 43 0.0 0.0 9.0 220.0 1658.0 33.0 3.0
44 39 44 0.0 0.0 6.0 11.0 137.0 3.0 0.0
44 39 45 0.0 0.0 0.0 0.0 1.0 0.0 0.0
44 40 36 0.0 0.0 0.0 17.0 239.0 1.0 0.0
44 40 37 0.0 0.0 3.0 135.0 1877.0 43.0 5.0
44 40 38 0.0 3.0 39.0 510.0 6462.0 111.0 60.0
44 40 39 0.0 2.0 49.0 973.0 12133.0 215.0 268.0
44 40 40 0.0 8.0 61.0 1241.0 14727.0 260.0 475.0
44 40 41 0.0 1.0 68.0 1049.0 11988.0 209.0 280.0
44 40 42 0.0 7.0 18.0 576.0 5983.0 98.0 74.0
44 40 43 0.0 1.0 10.0 154.0 1773.0 32.0 6.0
44 40 44 0.0 0.0 0.0 24.0 194.0 10.0 0.0
44 41 35 0.0 0.0 0.0 0.0 1.0 0.0 0.0
44 41 36 0.0 0.0 0.0 8.0 147.0 3.0 0.0
44 41 37 0.0 0.0 2.0 153.0 1551.0 29.0 4.0
44 41 38 0.0 7.0 12.0 433.0 5092.0 82.0 34.0
44 41 39 0.0 0.0 36.0 865.0 9833.0 180.0 167.0
44 41 40 0.0 6.0 45.0 1094.0 12493.0 222.0 290.0
44 41 41 0.0 11.0 41.0 780.0 9941.0 190.0 198.0
44 41 42 0.0 0.0 28.0 619.0 5402.0 101.0 71.0
44 41 43 0.0 1.0 5.0 117.0 1526.0 32.0 4.0
44 41 44 0.0 0.0 0.0 15.0 152.0 3.0 0.0
44 42 36 0.0 0.0 0.0 0.0 56.0 0.0 0.0
44 42 37 0.0 0.0 0.0 60.0 756.0 13.0 1.0
44 42 38 0.0 6.0 14.0 239.0 2650.0 60.0 14.0
44 42 39 0.0 0.0 29.0 361.0 5214.0 82.0 39.0
44 42 40 0.0 1.0 19.0 635.0 6548.0 114.0 68.0
44 42 41 0.0 0.0 17.0 434.0 5234.0 88.0 60.0
44 42 42 0.0 1.0 13.0 185.0 2688.0 55.0 10.0
44 42 43 0.0 0.0 3.0 65.0 770.0 7.0 1.0
44 42 44 0.0 0.0 2.0 19.0 78.0 1.0 0.0
44 43 36 0.0 0.0 0.0 0.0 10.0 0.0 0.0
44 43 37 0.0 0.0 1.0 30.0 193.0 7.0 0.0
44 43 38 0.0 0.0 16.0 44.0 733.0 7.0 0.0
44 43 39 0.0 0.0 13.0 120.0 1730.0 38.0 1.0
44 43 40 0.0 0.0 8.0 154.0 2003.0 36.0 5.0
44 43 41 0.0 0.0 5.0 157.0 1658.0 33.0 8.0
44 43 42 0.0 0.0 7.0 80.0 800.0 14.0 1.0
44 43 43 0.0 0.0 5.0 9.0 210.0 3.0 0.0
44 43 44 0.0 0.0 0.0 1.0 18.0 1.0 0.0
44 44 37 0.0 0.0 0.0 0.0 6.0 0.0 0.0
44 44 38 0.0 0.0 0.0 11.0 57.0 1.0 0.0
44 44 39 0.0 0.0 0.0 15.0 122.0 1.0 0.0
44 44 40 0.0 0.0 3.0 4.0 212.0 7.0 1.0
44 44 41 0.0 0.0 0.0 21.0 159.0 5.0 0.0
44 44 42 0.0 0.0 1.0 4.0 115.0 4.0 0.0
44 44 43 0.0 0.0 0.0 5.0 14.0 0.0 0.0
44 44 44 0.0 0.0 0.0 0.0 2.0 0.0 0.0
44 45 41 0.0 0.0 0.0 0.0 1.0 0.0 0.0
45 36 41 0.0 0.0 0.0 0.0 1.0 0.0 0.0
45 37 37 0.0 0.0 0.0 0.0 5.0 0.0 0.0
45 37 38 0.0 0.0 0.0 2.0 3.0 0.0 0.0
45 37 39 0.0 0.0 0.0 0.0 3.0 0.0 0.0
45 37 40 0.0 0.0 0.0 0.0 5.0 1.0 0.0
45 37 41 0.0 0.0 0.0 0.0 7.0 0.0 0.0
45 37 42 0.0 0.0 0.0 0.0 3.0 0.0 0.0
45 38 37 0.0 0.0 0.0 0.0 3.0 0.0 0.0
45 38 38 0.0 0.0 0.0 1.0 19.0 0.0 0.0
45 38 39 0.0 0.0 0.0 1.0 20.0 0.0 0.0
45 38 40 0.0 0.0 0.0 4.0 29.0 0.0 0.0
45 38 41 0.0 0.0 0.0 3.0 33.0 0.0 0.0
45 38 42 0.0 0.0 0.0 1.0 13.0 1.0 0.0
45 38 43 0.0 0.0 0.0 0.0 1.0 0.0 0.0
45 39 37 0.0 0.0 0.0 1.0 2.0 0.0 0.0
45 39 38 0.0 0.0 0.0 6.0 38.0 0.0 0.0
45 39 39 0.0 0.0 0.0 10.0 72.0 0.0 0.0
45 39 40 0.0 0.0 1.0 15.0 72.0 2.0 0.0
45 39 41 0.0 0.0 0.0 4.0 60.0 0.0 0.0
45 39 42 0.0 0.0 0.0 0.0 16.0 0.0 0.0
45 39 43 0.0 0.0 0.0 0.0 3.0 0.0 0.0
45 40 37 0.0 0.0 0.0 4.0 7.0 0.0 0.0
45 40 38 0.0 0.0 0.0 2.0 37.0 0.0 0.0
45 40 39 0.0 0.0 0.0 4.0 90.0 1.0 0.0
45 40 40 0.0 0.0 2.0 11.0 109.0 0.0 0.0
45 40 41 0.0 0.0 1.0 6.0 101.0 3.0 0.0
45 40 42 0.0 0.0 0.0 1.0 34.0 0.0 0.0
45 40 43 0.0 0.0 0.0 0.0 8.0 0.0 0.0
45 40 44 0.0 0.0 1.0 0.0 0.0 0.0 0.0
45 41 36 0.0 0.0 0.0 0.0 1.0 0.0 0.0
45 41 37 0.0 0.0 0.0 0.0 5.0 0.0 0.0
45 41 38 0.0 0.0 0.0 2.0 21.0 0.0 0.0
45 41 39 0.0 0.0 0.0 4.0 72.0 3.0 0.0
45 41 40 0.0 2.0 1.0 9.0 99.0 1.0 0.0
45 41 41 0.0 0.0 0.0 12.0 77.0 2.0 0.0
45 41 42 0.0 0.0 0.0 6.0 27.0 1.0 0.0
45 41 43 0.0 0.0 0.0 1.0 11.0 0.0 0.0
45 42 36 0.0 0.0 0.0 0.0 1.0 0.0 0.0
45 42 37 0.0 0.0 0.0 0.0 1.0 0.0 0.0
45 42 38 0.0 0.0 0.0 0.0 12.0 1.0 0.0
45 42 39 0.0 0.0 0.0 3.0 22.0 0.0 0.0
45 42 40 0.0 0.0 0.0 1.0 27.0 0.0 0.0
45 42 41 0.0 0.0 0.0 1.0 17.0 0.0 0.0
45 42 42 0.0 0.0 0.0 1.0 13.0 0.0 0.0
45 43 38 0.0 0.0 0.0 0.0 3.0 0.0 0.0
45 43 39 0.0 0.0 0.0 0.0 10.0 0.0 0.0
45 43 40 0.0 0.0 0.0 3.0 17.0 0.0 0.0
45 43 41 0.0 0.0 0.0 0.0 12.0 0.0 0.0
