35 41 39 0.0 0.0 0.0 0.0 1.0 0.0 0.0
35 42 39 0.0 0.0 0.0 0.0 1.0 0.0 0.0
36 36 38 0.0 0.0 0.0 1.0 0.0 0.0 0.0
36 36 40 0.0 0.0 0.0 0.0 2.0 0.0 0.0
36 36 41 0.0 0.0 0.0 0.0 3.0 0.0 0.0
36 37 37 0.0 0.0 0.0 0.0 3.0 0.0 0.0
36 37 38 0.0 0.0 0.0 1.0 14.0 0.0 0.0
36 37 39 0.0 0.0 0.0 3.0 25.0 0.0 0.0
36 37 40 0.0 0.0 1.0 0.0 39.0 0.0 0.0
36 37 41 0.0 0.0 0.0 10.0 29.0 1.0 0.0
36 37 42 0.0 0.0 0.0 0.0 22.0 2.0 0.0
36 37 43 0.0 0.0 0.0 0.0 1.0 0.0 0.0
36 38 37 0.0 0.0 0.0 2.0 8.0 0.0 0.0
36 38 38 0.0 0.0 0.0 8.0 66.0 1.0 0.0
36 38 39 0.0 0.0 0.0 15.0 157.0 4.0 1.0
36 38 40 0.0 0.0 0.0 26.0 214.0 2.0 0.0
36 38 41 0.0 0.0 1.0 15.0 118.0 3.0 0.0
36 38 42 0.0 0.0 0.0 7.0 54.0 0.0 0.0
36 38 43 0.0 0.0 0.0 0.0 7.0 0.0 0.0
36 39 37 0.0 0.0 0.0 3.0 29.0 2.0 0.0
36 39 38 0.0 0.0 0.0 8.0 143.0 8.0 0.0
36 39 39 0.0 0.0 0.0 51.0 325.0 6.0 0.0
36 39 40 0.0 0.0 5.0 53.0 500.0 10.0 1.0
36 39 41 0.0 2.0 2.0 56.0 361.0 5.0 1.0
36 39 42 0.0 0.0 0.0 18.0 124.0 2.0 0.0
36 39 43 0.0 0.0 0.0 5.0 20.0 0.0 0.0
36 39 44 0.0 0.0 0.0 0.0 1.0 0.0 0.0
36 40 37 0.0 0.0 1.0 6.0 26.0 0.0 0.0
36 40 38 0.0 0.0 2.0 17.0 187.0 1.0 0.0
36 40 39 0.0 1.0 3.0 60.0 442.0 10.0 1.0
36 40 40 0.0 0.0 0.0 89.0 522.0 8.0 0.0
36 40 41 0.0 0.0 4.0 56.0 405.0 9.0 0.0
36 40 42 0.0 0.0 0.0 20.0 193.0 3.0 0.0
36 40 43 0.0 0.0 0.0 2.0 34.0 0.0 0.0
36 40 44 0.0 0.0 0.0 0.0 1.0 0.0 0.0
36 41 37 0.0 0.0 0.0 3.0 26.0 0.0 0.0
36 41 38 0.0 0.0 1.0 22.0 116.0 0.0 0.0
36 41 39 0.0 0.0 0.0 31.0 380.0 5.0 0.0
36 41 40 0.0 0.0 5.0 46.0 460.0 6.0 0.0
36 41 41 0.0 0.0 0.0 27.0 389.0 6.0 0.0
36 41 42 0.0 0.0 1.0 14.0 146.0 0.0 0.0
36 41 43 0.0 0.0 0.0 7.0 11.0 0.0 0.0
36 41 44 0.0 0.0 0.0 0.0 2.0 0.0 0.0
36 42 36 0.0 0.0 0.0 1.0 0.0 0.0 0.0
36 42 37 0.0 0.0 0.0 5.0 2.0 0.0 0.0
36 42 38 0.0 0.0 1.0 9.0 52.0 0.0 0.0
36 42 39 0.0 1.0 0.0 13.0 136.0 0.0 0.0
36 42 40 0.0 2.0 0.0 16.0 231.0 6.0 0.0
36 42 41 0.0 1.0 2.0 21.0 171.0 5.0 0.0
36 42 42 0.0 0.0 1.0 8.0 45.0 2.0 0.0
36 42 43 0.0 0.0 0.0 0.0 15.0 0.0 0.0
36 43 38 0.0 0.0 0.0 1.0 8.0 0.0 0.0
36 43 39 0.0 0.0 0.0 0.0 23.0 0.0 0.0
36 43 40 0.0 0.0 0.0 5.0 34.0 0.0 0.0
36 43 41 0.0 0.0 0.0 11.0 21.0 0.0 0.0
36 43 42 0.0 0.0 0.0 1.0 5.0 0.0 0.0
36 43 43 0.0 0.0 0.0 1.0 1.0 0.0 0.0
36 44 40 0.0 0.0 0.0 0.0 1.0 0.0 0.0
36 44 41 0.0 0.0 0.0 0.0 3.0 0.0 0.0
37 36 37 0.0 0.0 0.0 0.0 5.0 0.0 0.0
37 36 38 0.0 0.0 0.0 3.0 13.0 0.0 0.0
37 36 39 0.0 0.0 0.0 4.0 29.0 0.0 0.0
37 36 40 0.0 0.0 0.0 5.0 29.0 0.0 0.0
37 36 41 0.0 0.0 0.0 5.0 33.0 1.0 0.0
37 36 42 0.0 0.0 0.0 6.0 10.0 0.0 0.0
37 36 43 0.0 0.0 0.0 0.0 12.0 2.0 0.0
37 37 36 0.0 0.0 0.0 0.0 1.0 0.0 0.0
37 37 37 0.0 0.0 1.0 15.0 272.0 3.0 1.0
37 37 38 0.0 0.0 0.0 96.0 1198.0 17.0 2.0
37 37 39 0.0 2.0 5.0 235.0 2520.0 38.0 12.0
37 37 40 0.0 4.0 6.0 315.0 3090.0 47.0 13.0
37 37 41 0.0 0.0 4.0 188.0 2261.0 30.0 9.0
37 37 42 0.0 0.0 3.0 127.0 1040.0 18.0 0.0
37 37 43 0.0 0.0 0.0 43.0 286.0 5.0 0.0
37 38 36 0.0 0.0 2.0 0.0 24.0 0.0 0.0
37 38 37 0.0 0.0 10.0 154.0 1145.0 15.0 1.0
37 38 38 0.0 4.0 26.0 512.0 4858.0 98.0 54.0
37 38 39 0.0 8.0 33.0 1117.0 9943.0 175.0 229.0
37 38 40 0.0 5.0 35.0 1279.0 11435.0 204.0 309.0
37 38 41 0.0 10.0 45.0 987.0 9551.0 161.0 238.0
37 38 42 0.0 1.0 10.0 421.0 3974.0 72.0 27.0
37 38 43 0.0 1.0 1.0 147.0 1111.0 25.0 3.0
37 38 44 0.0 0.0 0.0 1.0 10.0 0.0 0.0
37 39 36 0.0 0.0 0.0 4.0 28.0 0.0 0.0
37 39 37 0.0 2.0 13.0 280.0 2461.0 43.0 11.0
37 39 38 0.0 7.0 31.0 1048.0 8986.0 154.0 171.0
37 39 39 0.0 18.0 88.0 2177.0 18201.0 321.0 852.0
37 39 40 0.0 37.0 125.0 2784.0 22527.0 411.0 1492.0
37 39 41 0.0 23.0 143.0 1876.0 18829.0 359.0 909.0
37 39 42 0.0 10.0 42.0 994.0 9782.0 183.0 237.0
37 39 43 0.0 0.0 8.0 196.0 2220.0 36.0 11.0
37 39 44 0.0 0.0 0.0 3.0 25.0 2.0 0.0
37 40 36 0.0 0.0 0.0 1.0 38.0 0.0 0.0
37 40 37 0.0 10.0 21.0 371.0 2742.0 48.0 18.0
37 40 38 0.0 33.0 65.0 1465.0 11946.0 228.0 345.0
37 40 39 0.0 55.0 90.0 2715.0 21756.0 358.0 1417.0
37 40 40 0.0 57.0 111.0 3185.0 25782.0 434.0 2062.0
37 40 41 0.0 25.0 115.0 2541.0 21891.0 407.0 1311.0
37 40 42 0.0 27.0 50.0 1405.0 11804.0 213.0 323.0
37 40 43 0.0 2.0 10.0 289.0 2912.0 53.0 21.0
37 40 44 0.0 0.0 1.0 3.0 34.0 2.0 0.0
37 41 36 0.0 0.0 1.0 9.0 26.0 1.0 0.0
37 41 37 0.0 9.0 11.0 336.0 2049.0 52.0 8.0
37 41 38 0.0 20.0 35.0 1226.0 8698.0 167.0 166.0
37 41 39 0.0 27.0 94.0 2177.0 17379.0 312.0 827.0
37 41 40 0.0 37.0 121.0 2563.0 22178.0 407.0 1367.0
37 41 41 0.0 19.0 150.0 2419.0 18779.0 307.0 972.0
37 41 42 0.0 15.0 64.0 1041.0 9068.0 173.0 213.0
37 41 43 0.0 0.0 14.0 220.0 2155.0 36.0 10.0
37 41 44 0.0 0.0 0.0 1.0 19.0 0.0 0.0
37 42 36 0.0 0.0 0.0 0.0 14.0 0.0 0.0
37 42 37 0.0 5.0 2.0 155.0 793.0 20.0 3.0
37 42 38 0.0 5.0 14.0 476.0 3961.0 77.0 32.0
37 42 39 0.0 9.0 72.0 1071.0 9263.0 173.0 209.0
37 42 40 0.0 4.0 52.0 1486.0 11550.0 219.0 314.0
37 42 41 0.0 10.0 32.0 1253.0 9258.0 148.0 210.0
37 42 42 0.0 7.0 12.0 576.0 4387.0 73.0 45.0
37 42 43 0.0 1.0 6.0 93.0 893.0 18.0 1.0
37 42 44 0.0 0.0 0.0 0.0 7.0 1.0 0.0
37 43 36 0.0 0.0 0.0 0.0 2.0 0.0 0.0
37 43 37 0.0 0.0 0.0 18.0 170.0 5.0 0.0
37 43 38 0.0 5.0 1.0 124.0 905.0 17.0 1.0
37 43 39 0.0 1.0 7.0 189.0 1935.0 23.0 10.0
37 43 40 0.0 0.0 25.0 269.0 2744.0 56.0 7.0
37 43 41 0.0 2.0 22.0 278.0 2335.0 42.0 18.0
37 43 42 0.0 0.0 1.0 113.0 1176.0 17.0 4.0
37 43 43 0.0 0.0 4.0 24.0 200.0 7.0 0.0
37 43 44 0.0 0.0 0.0 0.0 5.0 0.0 0.0
37 44 38 0.0 0.0 0.0 0.0 6.0 0.0 0.0
37 44 39 0.0 0.0 0.0 4.0 9.0 0.0 0.0
37 44 40 0.0 0.0 0.0 0.0 34.0 0.0 0.0
37 44 41 0.0 0.0 0.0 1.0 24.0 0.0 0.0
37 44 42 0.0 0.0 0.0 4.0 9.0 0.0 0.0
38 36 37 0.0 0.0 0.0 1.0 15.0 0.0 0.0
38 36 38 0.0 0.0 0.0 15.0 62.0 0.0 0.0
38 36 39 0.0 0.0 0.0 35.0 197.0 8.0 0.0
38 36 40 0.0 0.0 3.0 47.0 229.0 7.0 0.0
38 36 41 0.0 0.0 2.0 25.0 130.0 1.0 0.0
38 36 42 0.0 0.0 0.0 12.0 62.0 3.0 0.0
38 36 43 0.0 0.0 0.0 1.0 18.0 0.0 0.0
38 37 36 0.0 0.0 0.0 1.0 13.0 0.0 0.0
38 37 37 0.0 0.0 7.0 105.0 1245.0 22.0 4.0
38 37 38 0.0 22.0 55.0 813.0 5222.0 96.0 71.0
38 37 39 0.0 16.0 58.0 1662.0 10953.0 220.0 316.0
38 37 40 0.0 30.0 65.0 1999.0 12646.0 220.0 442.0
38 37 41 0.0 5.0 50.0 1326.0 10066.0 162.0 242.0
38 37 42 0.0 5.0 19.0 547.0 4502.0 69.0 49.0
38 37 43 0.0 0.0 1.0 77.0 898.0 18.0 2.0
38 37 44 0.0 0.0 0.0 3.0 20.0 1.0 0.0
38 38 36 0.0 0.0 0.0 8.0 52.0 0.0 0.0
38 38 37 0.0 1.0 23.0 369.0 4939.0 100.0 51.0
38 38 38 0.0 27.0 174.0 3005.0 33097.0 540.0 4569.0
38 38 39 0.0 30.0 140.0 4891.0 44244.0 581.0 13265.0
38 38 40 0.0 42.0 226.0 4312.0 47694.0 599.0 17570.0
38 38 41 0.0 43.0 189.0 4381.0 44216.0 586.0 12488.0
38 38 42 0.0 10.0 85.0 2933.0 30879.0 473.0 3805.0
38 38 43 0.0 1.0 11.0 523.0 4481.0 79.0 58.0
38 38 44 0.0 0.0 1.0 3.0 75.0 0.0 0.0
38 39 36 0.0 0.0 0.0 14.0 136.0 6.0 0.0
38 39 37 0.0 33.0 60.0 1167.0 9844.0 184.0 242.0
38 39 38 0.0 51.0 206.0 5602.0 43705.0 600.0 12928.0
38 39 39 0.0 95.0 274.0 6605.0 48110.0 558.0 28967.0
38 39 40 0.0 32.0 318.0 5605.0 48537.0 529.0 36427.0
38 39 41 0.0 61.0 312.0 5203.0 50243.0 590.0 27620.0
38 39 42 1.0 61.0 235.0 5076.0 43491.0 619.0 11678.0
38 39 43 0.0 8.0 36.0 1016.0 9639.0 166.0 199.0
38 39 44 0.0 0.0 0.0 12.0 155.0 4.0 0.0
38 40 36 0.0 0.0 0.0 36.0 170.0 2.0 0.0
38 40 37 0.0 16.0 46.0 1226.0 10912.0 192.0 256.0
38 40 38 0.0 83.0 257.0 6399.0 44673.0 606.0 16211.0
38 40 39 0.0 82.0 286.0 6064.0 48120.0 523.0 36258.0
38 40 40 0.0 72.0 272.0 6039.0 46707.0 468.0 44975.0
38 40 41 0.0 71.0 327.0 5030.0 49226.0 535.0 36433.0
38 40 42 0.0 40.0 306.0 4457.0 46960.0 616.0 16758.0
38 40 43 0.0 1.0 73.0 1046.0 11402.0 194.0 302.0
38 40 44 0.0 0.0 0.0 34.0 181.0 0.0 0.0
38 41 36 0.0 0.0 7.0 17.0 150.0 6.0 0.0
38 41 37 0.0 4.0 68.0 1127.0 9132.0 175.0 207.0
38 41 38 0.0 110.0 245.0 6124.0 41388.0 592.0 11112.0
38 41 39 0.0 81.0 232.0 6115.0 48885.0 574.0 27241.0
38 41 40 0.0 51.0 345.0 5846.0 48063.0 536.0 37035.0
38 41 41 0.0 185.0 325.0 7943.0 47223.0 569.0 29234.0
38 41 42 0.0 43.0 283.0 4133.0 43018.0 561.0 11140.0
38 41 43 0.0 10.0 60.0 1066.0 9578.0 170.0 171.0
38 41 44 0.0 0.0 1.0 16.0 138.0 1.0 0.0
38 42 36 0.0 0.0 0.0 15.0 44.0 2.0 0.0
38 42 37 0.0 1.0 10.0 517.0 4224.0 76.0 43.0
38 42 38 0.0 17.0 163.0 2968.0 28714.0 466.0 3282.0
38 42 39 0.0 60.0 297.0 4594.0 43038.0 566.0 11415.0
38 42 40 0.0 81.0 295.0 4675.0 46926.0 613.0 16243.0
38 42 41 0.0 35.0 245.0 4623.0 44028.0 597.0 12326.0
38 42 42 0.0 35.0 209.0 2876.0 31749.0 502.0 4262.0
38 42 43 0.0 1.0 32.0 506.0 4445.0 82.0 47.0
38 42 44 0.0 0.0 0.0 11.0 73.0 2.0 0.0
38 43 36 0.0 0.0 0.0 0.0 12.0 0.0 0.0
38 43 37 0.0 1.0 5.0 68.0 909.0 11.0 0.0
38 43 38 0.0 3.0 14.0 465.0 4059.0 80.0 27.0
38 43 39 0.0 18.0 27.0 1197.0 8933.0 154.0 176.0
38 43 40 0.0 10.0 59.0 1202.0 11171.0 188.0 309.0
38 43 41 0.0 23.0 40.0 1087.0 9232.0 152.0 199.0
38 43 42 0.0 4.0 25.0 476.0 4684.0 84.0 42.0
38 43 43 0.0 1.0 6.0 150.0 1159.0 26.0 0.0
38 43 44 0.0 0.0 0.0 0.0 16.0 1.0 0.0
38 44 36 0.0 0.0 0.0 0.0 1.0 0.0 0.0
38 44 37 0.0 0.0 0.0 1.0 7.0 0.0 0.0
38 44 38 0.0 0.0 0.0 4.0 41.0 2.0 0.0
38 44 39 0.0 0.0 0.0 15.0 151.0 4.0 0.0
38 44 40 0.0 0.0 1.0 16.0 174.0 2.0 0.0
38 44 41 0.0 0.0 0.0 6.0 129.0 2.0 0.0
38 44 42 0.0 0.0 0.0 10.0 53.0 2.0 0.0
38 44 43 0.0 0.0 0.0 0.0 5.0 0.0 0.0
39 35 39 0.0 0.0 0.0 0.0 1.0 0.0 0.0
39 35 40 0.0 0.0 0.0 0.0 1.0 0.0 0.0
39 36 36 0.0 0.0 0.0 0.0 1.0 0.0 0.0
39 36 37 0.0 0.0 0.0 5.0 44.0 1.0 0.0
39 36 38 0.0 0.0 2.0 38.0 181.0 2.0 0.0
39 36 39 0.0 0.0 2.0 62.0 455.0 8.0 0.0
39 36 40 0.0 0.0 4.0 73.0 575.0 14.0 0.0
39 36 41 0.0 1.0 3.0 73.0 347.0 6.0 1.0
39 36 42 0.0 0.0 1.0 13.0 125.0 3.0 0.0
39 36 43 0.0 0.0 0.0 1.0 15.0 0.0 0.0
39 36 44 0.0 0.0 0.0 0.0 4.0 0.0 0.0
39 37 36 0.0 0.0 0.0 6.0 37.0 1.0 0.0
39 37 37 0.0 1.0 7.0 214.0 2487.0 41.0 9.0
39 37 38 0.0 25.0 50.0 1519.0 10875.0 199.0 305.0
39 37 39 0.0 6.0 66.0 2947.0 19361.0 342.0 1155.0
39 37 40 0.0 32.0 122.0 3530.0 23073.0 442.0 1603.0
39 37 41 0.0 28.0 56.0 2903.0 18740.0 312.0 1007.0
39 37 42 0.0 9.0 44.0 1420.0 9047.0 166.0 205.0
39 37 43 0.0 0.0 11.0 210.0 2440.0 46.0 8.0
39 37 44 0.0 0.0 0.0 2.0 22.0 0.0 0.0
39 38 36 0.0 0.0 0.0 5.0 175.0 2.0 0.0
39 38 37 0.0 5.0 27.0 968.0 10168.0 197.0 255.0
39 38 38 0.0 62.0 151.0 4082.0 45028.0 526.0 12561.0
39 38 39 0.0 131.0 273.0 8207.0 45622.0 547.0 33018.0
39 38 40 0.0 58.0 230.0 7426.0 46215.0 523.0 39349.0
39 38 41 0.0 93.0 238.0 7635.0 47062.0 583.0 29769.0
39 38 42 0.0 23.0 171.0 4797.0 42777.0 556.0 10990.0
39 38 43 0.0 7.0 73.0 1148.0 10259.0 170.0 234.0
39 38 44 0.0 0.0 0.0 7.0 135.0 4.0 0.0
39 39 35 0.0 0.0 0.0 0.0 1.0 0.0 0.0
39 39 36 0.0 0.0 0.0 22.0 382.0 7.0 1.0
39 39 37 0.0 36.0 69.0 1898.0 19179.0 342.0 994.0
39 39 38 0.0 66.0 285.0 5344.0 49500.0 586.0 29783.0
39 39 39 0.0 62.0 206.0 3902.0 30560.0 244.0 83749.0
39 39 40 0.0 47.0 215.0 3838.0 30068.0 222.0 88340.0
39 39 41 0.0 40.0 202.0 3668.0 31580.0 282.0 82003.0
39 39 42 0.0 50.0 249.0 5380.0 49756.0 559.0 28952.0
39 39 43 0.0 19.0 137.0 1931.0 17860.0 306.0 804.0
39 39 44 0.0 0.0 0.0 44.0 379.0 8.0 0.0
39 40 36 0.0 0.0 6.0 27.0 493.0 10.0 0.0
39 40 37 0.0 21.0 103.0 2343.0 21647.0 362.0 1292.0
39 40 38 0.0 75.0 216.0 5708.0 48848.0 467.0 36470.0
39 40 39 0.0 77.0 208.0 4341.0 30146.0 254.0 87160.0
39 40 40 0.0 47.0 197.0 3739.0 27780.0 196.0 97691.0
39 40 41 0.0 38.0 236.0 3780.0 31450.0 240.0 85829.0
39 40 42 0.0 78.0 342.0 5492.0 48805.0 501.0 35952.0
39 40 43 0.0 5.0 102.0 2520.0 21511.0 345.0 1315.0
39 40 44 0.0 0.0 0.0 61.0 470.0 10.0 0.0
39 41 36 0.0 0.0 0.0 42.0 322.0 9.0 0.0
39 41 37 0.0 9.0 88.0 2042.0 18107.0 318.0 904.0
39 41 38 0.0 38.0 291.0 5693.0 49486.0 560.0 27481.0
39 41 39 0.0 46.0 233.0 3944.0 33019.0 265.0 79232.0
39 41 40 0.0 59.0 266.0 3555.0 30866.0 219.0 87682.0
39 41 41 0.0 50.0 309.0 3597.0 32363.0 270.0 80930.0
39 41 42 0.0 43.0 298.0 6016.0 48766.0 538.0 28064.0
39 41 43 0.0 14.0 108.0 2123.0 18290.0 301.0 828.0
39 41 44 0.0 0.0 1.0 31.0 321.0 3.0 0.0
39 42 36 0.0 0.0 0.0 5.0 150.0 0.0 0.0
39 42 37 0.0 6.0 52.0 1037.0 8402.0 163.0 177.0
39 42 38 0.0 41.0 188.0 4897.0 43038.0 605.0 11602.0
39 42 39 0.0 81.0 331.0 5746.0 49272.0 576.0 27533.0
39 42 40 0.0 56.0 370.0 5443.0 48967.0 551.0 35880.0
39 42 41 0.0 96.0 365.0 5694.0 49401.0 543.0 28660.0
39 42 42 0.0 32.0 423.0 4871.0 44907.0 622.0 13808.0
39 42 43 0.0 0.0 68.0 902.0 9716.0 158.0 182.0
39 42 44 0.0 0.0 3.0 21.0 134.0 0.0 0.0
39 43 36 0.0 0.0 0.0 9.0 19.0 0.0 0.0
39 43 37 0.0 0.0 4.0 198.0 2004.0 34.0 10.0
39 43 38 0.0 5.0 36.0 970.0 8442.0 123.0 173.0
39 43 39 0.0 22.0 104.0 2087.0 17817.0 330.0 880.0
39 43 40 0.0 18.0 128.0 2477.0 21922.0 368.0 1302.0
39 43 41 0.0 14.0 140.0 2131.0 18574.0 305.0 900.0
39 43 42 0.0 10.0 71.0 1089.0 9849.0 147.0 213.0
39 43 43 0.0 1.0 15.0 252.0 2512.0 45.0 16.0
39 43 44 0.0 0.0 0.0 3.0 21.0 0.0 0.0
39 44 36 0.0 0.0 0.0 0.0 1.0 0.0 0.0
39 44 37 0.0 0.0 0.0 0.0 19.0 0.0 0.0
39 44 38 0.0 0.0 0.0 20.0 125.0 2.0 0.0
39 44 39 0.0 0.0 1.0 32.0 322.0 2.0 0.0
39 44 40 0.0 0.0 1.0 46.0 433.0 5.0 1.0
39 44 41 0.0 0.0 0.0 34.0 361.0 6.0 1.0
39 44 42 0.0 0.0 0.0 7.0 152.0 5.0 0.0
39 44 43 0.0 0.0 0.0 3.0 17.0 0.0 0.0
39 44 44 0.0 0.0 0.0 0.0 4.0 1.0 0.0
40 36 37 0.0 0.0 0.0 7.0 44.0 0.0 0.0
40 36 38 0.0 0.0 0.0 58.0 248.0 8.0 0.0
40 36 39 0.0 1.0 3.0 73.0 487.0 9.0 0.0
40 36 40 0.0 0.0 3.0 102.0 621.0 14.0 0.0
40 36 41 0.0 0.0 0.0 76.0 472.0 13.0 0.0
40 36 42 0.0 0.0 1.0 28.0 190.0 4.0 0.0
40 36 43 0.0 0.0 0.0 5.0 56.0 1.0 0.0
40 36 44 0.0 0.0 0.0 2.0 1.0 0.0 0.0
40 37 36 0.0 0.0 2.0 2.0 40.0 0.0 0.0
40 37 37 0.0 6.0 8.0 307.0 3225.0 56.0 14.0
40 37 38 0.0 21.0 53.0 2535.0 12954.0 265.0 477.0
40 37 39 0.0 31.0 54.0 3715.0 22924.0 395.0 1690.0
40 37 40 0.0 19.0 132.0 4600.0 27170.0 444.0 2668.0
40 37 41 0.0 41.0 130.0 3875.0 21676.0 356.0 1535.0
40 37 42 0.0 11.0 73.0 1645.0 11799.0 211.0 369.0
40 37 43 0.0 7.0 26.0 239.0 2720.0 52.0 13.0
40 37 44 0.0 0.0 0.0 2.0 47.0 0.0 0.0
40 38 36 0.0 1.0 2.0 10.0 213.0 3.0 0.0
40 38 37 0.0 16.0 55.0 1404.0 12778.0 209.0 397.0
40 38 38 0.0 52.0 186.0 4894.0 47276.0 600.0 18440.0
40 38 39 0.0 57.0 283.0 7300.0 46486.0 519.0 37451.0
40 38 40 0.0 56.0 277.0 7550.0 44040.0 478.0 47306.0
40 38 41 0.0 77.0 254.0 8047.0 45875.0 529.0 36927.0
40 38 42 0.0 39.0 331.0 5008.0 47032.0 605.0 17405.0
40 38 43 0.0 3.0 42.0 1405.0 11698.0 206.0 339.0
40 38 44 0.0 0.0 3.0 19.0 225.0 3.0 0.0
40 39 36 0.0 0.0 2.0 43.0 466.0 8.0 0.0
40 39 37 0.0 9.0 132.0 1989.0 23510.0 383.0 1519.0
40 39 38 0.0 29.0 263.0 5142.0 48568.0 508.0 36824.0
40 39 39 0.0 40.0 212.0 3664.0 30093.0 231.0 89277.0
40 39 40 0.0 86.0 172.0 4734.0 24726.0 183.0 102124.0
40 39 41 0.0 43.0 232.0 4133.0 30940.0 233.0 86910.0
40 39 42 0.0 42.0 290.0 6396.0 48154.0 527.0 36111.0
40 39 43 0.0 21.0 106.0 2386.0 22625.0 358.0 1413.0
40 39 44 0.0 0.0 2.0 43.0 502.0 8.0 0.0
40 40 35 0.0 0.0 0.0 0.0 1.0 0.0 0.0
40 40 36 0.0 0.0 4.0 70.0 697.0 10.0 0.0
40 40 37 0.0 17.0 113.0 2794.0 26282.0 428.0 2150.0
40 40 38 0.0 71.0 274.0 5169.0 47147.0 433.0 45514.0
40 40 39 0.0 37.0 191.0 3359.0 28125.0 192.0 97244.0
40 40 40 0.0 24.0 132.0 2051.0 17259.0 85.0 133931.0
40 40 41 0.0 38.0 252.0 3696.0 27478.0 218.0 98403.0
40 40 42 0.0 48.0 357.0 5254.0 47328.0 474.0 45314.0
40 40 43 0.0 23.0 170.0 3064.0 26019.0 410.0 2131.0
40 40 44 0.0 3.0 4.0 83.0 583.0 11.0 0.0
40 41 36 0.0 0.0 2.0 53.0 491.0 8.0 1.0
40 41 37 0.0 21.0 87.0 2238.0 23192.0 436.0 1481.0
40 41 38 0.0 60.0 257.0 5651.0 48441.0 563.0 35683.0
40 41 39 0.0 45.0 266.0 3361.0 31422.0 255.0 87698.0
40 41 40 0.0 30.0 214.0 3300.0 28319.0 213.0 97634.0
40 41 41 0.0 34.0 273.0 3569.0 30448.0 218.0 88778.0
40 41 42 0.0 41.0 349.0 5284.0 49370.0 543.0 36171.0
40 41 43 0.0 55.0 183.0 3078.0 22829.0 384.0 1667.0
40 41 44 0.0 1.0 3.0 54.0 427.0 7.0 0.0
40 42 36 0.0 0.0 0.0 18.0 181.0 4.0 0.0
40 42 37 0.0 2.0 74.0 1162.0 11599.0 210.0 288.0
40 42 38 0.0 35.0 272.0 3846.0 47150.0 595.0 16468.0
40 42 39 0.0 43.0 302.0 5824.0 48814.0 529.0 35521.0
40 42 40 0.0 55.0 383.0 5643.0 47402.0 466.0 44360.0
40 42 41 0.0 53.0 352.0 5388.0 49315.0 518.0 36101.0
40 42 42 0.0 60.0 339.0 4982.0 46965.0 569.0 17697.0
40 42 43 0.0 9.0 127.0 1279.0 12232.0 209.0 352.0
40 42 44 0.0 0.0 4.0 19.0 191.0 4.0 0.0
40 43 36 0.0 0.0 0.0 3.0 38.0 1.0 0.0
40 43 37 0.0 3.0 5.0 251.0 2819.0 45.0 13.0
40 43 38 0.0 7.0 56.0 1122.0 10798.0 165.0 285.0
40 43 39 0.0 37.0 100.0 2640.0 22009.0 393.0 1327.0
40 43 40 0.0 32.0 194.0 2910.0 25692.0 392.0 2001.0
40 43 41 0.0 24.0 95.0 2451.0 22214.0 372.0 1429.0
40 43 42 0.0 18.0 70.0 1344.0 12426.0 194.0 360.0
40 43 43 0.0 0.0 46.0 290.0 3061.0 47.0 11.0
40 43 44 0.0 0.0 1.0 3.0 36.0 1.0 0.0
40 44 37 0.0 0.0 0.0 7.0 13.0 0.0 0.0
40 44 38 0.0 0.0 0.0 15.0 172.0 3.0 0.0
40 44 39 0.0 0.0 0.0 48.0 380.0 6.0 1.0
40 44 40 0.0 1.0 6.0 69.0 569.0 8.0 0.0
40 44 41 0.0 0.0 1.0 39.0 471.0 6.0 1.0
40 44 42 0.0 0.0 0.0 28.0 175.0 5.0 0.0
40 44 43 0.0 0.0 0.0 5.0 36.0 2.0 0.0
40 44 44 0.0 0.0 0.0 0.0 1.0 0.0 0.0
41 36 36 0.0 0.0 0.0 0.0 2.0 0.0 0.0
41 36 37 0.0 0.0 0.0 6.0 35.0 0.0 0.0
41 36 38 0.0 0.0 1.0 27.0 148.0 0.0 0.0
41 36 39 0.0 2.0 5.0 77.0 353.0 8.0 0.0
41 36 40 0.0 0.0 3.0 86.0 525.0 10.0 1.0
41 36 41 0.0 1.0 0.0 86.0 380.0 10.0 2.0
41 36 42 0.0 0.0 1.0 27.0 177.0 7.0 0.0
41 36 43 0.0 0.0 0.0 4.0 26.0 0.0 0.0
41 37 36 0.0 0.0 0.0 6.0 36.0 0.0 0.0
41 37 37 0.0 3.0 2.0 327.0 2347.0 41.0 9.0
41 37 38 0.0 8.0 46.0 1253.0 10040.0 191.0 262.0
41 37 39 0.0 18.0 61.0 2971.0 18792.0 339.0 1043.0
41 37 40 0.0 83.0 78.0 4008.0 21177.0 369.0 1460.0
41 37 41 0.0 45.0 84.0 3260.0 18078.0 313.0 1036.0
41 37 42 0.0 46.0 44.0 1618.0 8640.0 156.0 202.0
41 37 43 0.0 1.0 11.0 204.0 2314.0 52.0 14.0
41 37 44 0.0 0.0 0.0 1.0 35.0 0.0 0.0
41 38 36 0.0 0.0 1.0 13.0 164.0 2.0 0.0
41 38 37 0.0 6.0 30.0 983.0 9892.0 177.0 190.0
41 38 38 0.0 22.0 153.0 4293.0 43884.0 566.0 11669.0
41 38 39 0.0 122.0 192.0 8525.0 46587.0 571.0 29718.0
41 38 40 0.0 87.0 235.0 8571.0 45530.0 544.0 37117.0
41 38 41 0.0 163.0 257.0 10034.0 44418.0 542.0 30217.0
41 38 42 0.0 51.0 263.0 4876.0 43923.0 618.0 11968.0
41 38 43 0.0 7.0 78.0 982.0 9346.0 179.0 201.0
41 38 44 0.0 4.0 0.0 21.0 120.0 5.0 0.0
41 39 36 0.0 0.0 3.0 21.0 373.0 8.0 0.0
41 39 37 0.0 13.0 108.0 1662.0 20245.0 353.0 1070.0
41 39 38 0.0 32.0 280.0 5003.0 49445.0 527.0 30042.0
41 39 39 0.0 44.0 190.0 3914.0 31612.0 223.0 81027.0
41 39 40 0.0 49.0 172.0 4236.0 30992.0 237.0 86329.0
41 39 41 0.0 51.0 244.0 4114.0 31126.0 263.0 81491.0
41 39 42 0.0 81.0 286.0 5683.0 49205.0 595.0 29091.0
41 39 43 0.0 6.0 107.0 2202.0 18731.0 332.0 949.0
41 39 44 0.0 0.0 4.0 41.0 397.0 9.0 0.0
41 40 36 0.0 2.0 1.0 68.0 438.0 11.0 0.0
41 40 37 0.0 23.0 123.0 2256.0 22555.0 370.0 1361.0
41 40 38 0.0 35.0 291.0 4499.0 49882.0 538.0 37084.0
41 40 39 0.0 24.0 228.0 2962.0 30825.0 234.0 89866.0
41 40 40 0.0 54.0 250.0 3385.0 27962.0 205.0 97984.0
41 40 41 0.0 45.0 231.0 3876.0 30829.0 223.0 87828.0
41 40 42 0.0 44.0 368.0 5706.0 48336.0 504.0 35847.0
41 40 43 0.0 17.0 109.0 2569.0 22614.0 427.0 1421.0
41 40 44 0.0 0.0 9.0 65.0 469.0 12.0 0.0
41 41 36 0.0 0.0 2.0 32.0 329.0 3.0 0.0
41 41 37 0.0 19.0 135.0 1914.0 18988.0 325.0 955.0
41 41 38 0.0 38.0 299.0 4620.0 50419.0 585.0 28544.0
41 41 39 0.0 33.0 238.0 3414.0 33505.0 277.0 79661.0
41 41 40 0.0 30.0 260.0 3696.0 31530.0 225.0 86902.0
41 41 41 0.0 35.0 261.0 3252.0 31988.0 242.0 82803.0
41 41 42 0.0 42.0 463.0 5481.0 49669.0 551.0 29009.0
41 41 43 0.0 18.0 95.0 2009.0 18831.0 302.0 966.0
41 41 44 0.0 0.0 1.0 39.0 381.0 11.0 0.0
41 42 36 0.0 0.0 0.0 13.0 153.0 2.0 0.0
41 42 37 0.0 1.0 57.0 797.0 9726.0 187.0 201.0
41 42 38 0.0 82.0 209.0 4888.0 43708.0 617.0 12056.0
41 42 39 0.0 37.0 346.0 5220.0 50143.0 574.0 28015.0
41 42 40 0.0 34.0 341.0 4952.0 49392.0 507.0 37002.0
41 42 41 0.0 86.0 345.0 6079.0 48715.0 573.0 28989.0
41 42 42 0.0 9.0 405.0 4573.0 44542.0 627.0 12440.0
41 42 43 0.0 17.0 44.0 1147.0 9695.0 197.0 212.0
41 42 44 0.0 0.0 0.0 3.0 133.0 2.0 0.0
41 43 36 0.0 0.0 0.0 1.0 10.0 0.0 0.0
41 43 37 0.0 10.0 5.0 230.0 2215.0 44.0 11.0
41 43 38 0.0 15.0 62.0 1110.0 9602.0 165.0 207.0
41 43 39 0.0 22.0 108.0 1875.0 18444.0 336.0 857.0
41 43 40 0.0 29.0 147.0 2403.0 22044.0 350.0 1330.0
41 43 41 0.0 11.0 167.0 1953.0 19149.0 308.0 977.0
41 43 42 0.0 0.0 50.0 1003.0 9351.0 161.0 192.0
41 43 43 0.0 0.0 15.0 205.0 2520.0 48.0 9.0
41 43 44 0.0 0.0 0.0 20.0 35.0 1.0 0.0
41 44 36 0.0 0.0 0.0 0.0 1.0 0.0 0.0
41 44 37 0.0 0.0 0.0 0.0 18.0 0.0 0.0
41 44 38 0.0 0.0 0.0 31.0 137.0 3.0 0.0
41 44 39 0.0 0.0 1.0 40.0 314.0 5.0 0.0
41 44 40 0.0 1.0 3.0 47.0 445.0 6.0 0.0
41 44 41 0.0 0.0 4.0 44.0 372.0 7.0 0.0
41 44 42 0.0 0.0 0.0 27.0 175.0 2.0 1.0
41 44 43 0.0 0.0 0.0 1.0 62.0 1.0 0.0
42 36 36 0.0 0.0 0.0 2.0 1.0 0.0 0.0
42 36 37 0.0 0.0 0.0 1.0 12.0 1.0 0.0
42 36 38 0.0 0.0 0.0 2.0 71.0 1.0 0.0
42 36 39 0.0 0.0 0.0 37.0 175.0 1.0 0.0
42 36 40 0.0 0.0 1.0 33.0 198.0 3.0 0.0
42 36 41 0.0 0.0 2.0 36.0 146.0 3.0 0.0
42 36 42 0.0 0.0 0.0 10.0 57.0 1.0 0.0
42 36 43 0.0 0.0 0.0 1.0 2.0 0.0 0.0
42 36 44 0.0 0.0 0.0 0.0 2.0 0.0 0.0
42 37 36 0.0 0.0 0.0 1.0 13.0 0.0 0.0
42 37 37 0.0 0.0 3.0 76.0 1142.0 24.0 0.0
42 37 38 0.0 7.0 9.0 657.0 4170.0 76.0 40.0
42 37 39 0.0 22.0 39.0 1464.0 9078.0 155.0 184.0
42 37 40 0.0 32.0 38.0 2295.0 11233.0 218.0 318.0
42 37 41 0.0 12.0 58.0 1726.0 9080.0 190.0 241.0
42 37 42 0.0 7.0 65.0 792.0 4620.0 98.0 43.0
42 37 43 0.0 0.0 7.0 92.0 1076.0 16.0 1.0
42 37 44 0.0 0.0 0.0 0.0 9.0 1.0 0.0
42 38 36 0.0 0.0 1.0 7.0 65.0 1.0 0.0
42 38 37 0.0 5.0 25.0 421.0 5046.0 116.0 48.0
42 38 38 0.0 111.0 114.0 3900.0 30448.0 466.0 4101.0
42 38 39 0.0 104.0 198.0 5949.0 41490.0 611.0 10338.0
42 38 40 0.0 48.0 214.0 6043.0 45302.0 583.0 15310.0
42 38 41 0.0 50.0 175.0 5699.0 42087.0 586.0 11690.0
42 38 42 0.0 7.0 178.0 3208.0 30311.0 449.0 3806.0
42 38 43 0.0 7.0 29.0 529.0 4820.0 88.0 45.0
42 38 44 0.0 0.0 0.0 12.0 68.0 1.0 0.0
42 39 36 0.0 0.0 1.0 5.0 169.0 2.0 0.0
42 39 37 0.0 4.0 37.0 918.0 10019.0 177.0 220.0
42 39 38 0.0 78.0 195.0 4196.0 44878.0 591.0 12919.0
42 39 39 0.0 40.0 282.0 4989.0 49400.0 556.0 28949.0
42 39 40 0.0 54.0 353.0 5248.0 49019.0 537.0 36185.0
42 39 41 0.0 85.0 377.0 6328.0 48792.0 636.0 27591.0
42 39 42 0.0 70.0 164.0 5436.0 43238.0 609.0 12236.0
42 39 43 0.0 3.0 39.0 968.0 9857.0 167.0 260.0
42 39 44 0.0 0.0 2.0 9.0 151.0 3.0 0.0
42 40 36 0.0 0.0 4.0 14.0 186.0 3.0 0.0
42 40 37 0.0 4.0 71.0 1117.0 12306.0 198.0 334.0
42 40 38 0.0 18.0 276.0 4057.0 47617.0 605.0 17349.0
42 40 39 0.0 37.0 341.0 5156.0 49489.0 559.0 35385.0
42 40 40 0.0 37.0 323.0 4760.0 47433.0 508.0 45605.0
42 40 41 1.0 46.0 359.0 5405.0 48954.0 519.0 36222.0
42 40 42 0.0 58.0 264.0 4881.0 46891.0 609.0 17026.0
42 40 43 0.0 5.0 45.0 1258.0 11594.0 217.0 309.0
42 40 44 0.0 0.0 0.0 22.0 195.0 4.0 0.0
42 41 36 0.0 0.0 0.0 22.0 132.0 1.0 0.0
42 41 37 0.0 2.0 64.0 658.0 9601.0 147.0 177.0
42 41 38 0.0 11.0 439.0 3358.0 44699.0 582.0 12492.0
42 41 39 0.0 24.0 423.0 4322.0 50767.0 589.0 29317.0
42 41 40 0.0 54.0 385.0 4622.0 49520.0 497.0 37039.0
42 41 41 0.0 39.0 401.0 4441.0 50405.0 527.0 30192.0
42 41 42 0.0 54.0 214.0 4333.0 44393.0 563.0 12640.0
42 41 43 0.0 6.0 39.0 953.0 9490.0 179.0 209.0
42 41 44 0.0 0.0 2.0 23.0 144.0 5.0 0.0
42 42 36 0.0 0.0 0.0 6.0 72.0 1.0 0.0
42 42 37 0.0 1.0 20.0 457.0 4481.0 88.0 35.0
42 42 38 0.0 54.0 113.0 3091.0 29325.0 480.0 3558.0
42 42 39 0.0 8.0 205.0 4354.0 42722.0 608.0 10251.0
42 42 40 0.0 12.0 351.0 4379.0 47778.0 583.0 18409.0
42 42 41 0.0 52.0 399.0 4294.0 44290.0 540.0 12566.0
42 42 42 0.0 10.0 149.0 2358.0 33627.0 485.0 4600.0
42 42 43 0.0 1.0 29.0 474.0 5018.0 92.0 51.0
42 42 44 0.0 0.0 1.0 7.0 56.0 1.0 0.0
42 43 36 0.0 0.0 0.0 2.0 14.0 0.0 0.0
42 43 37 0.0 0.0 9.0 127.0 938.0 18.0 0.0
42 43 38 0.0 2.0 12.0 393.0 4287.0 80.0 32.0
42 43 39 0.0 3.0 33.0 801.0 9465.0 196.0 188.0
42 43 40 0.0 4.0 78.0 1055.0 11481.0 198.0 274.0
42 43 41 0.0 7.0 67.0 1092.0 9913.0 194.0 202.0
42 43 42 0.0 5.0 21.0 427.0 4732.0 100.0 39.0
42 43 43 0.0 0.0 4.0 100.0 1104.0 14.0 1.0
42 43 44 0.0 0.0 0.0 1.0 6.0 0.0 0.0
42 44 36 0.0 0.0 0.0 0.0 1.0 0.0 0.0
42 44 37 0.0 0.0 0.0 2.0 5.0 0.0 0.0
42 44 38 0.0 0.0 0.0 4.0 62.0 2.0 0.0
42 44 39 0.0 0.0 1.0 7.0 129.0 1.0 0.0
42 44 40 0.0 0.0 0.0 16.0 194.0 0.0 0.0
42 44 41 0.0 0.0 0.0 6.0 138.0 2.0 0.0
42 44 42 0.0 0.0 2.0 2.0 57.0 1.0 0.0
42 44 43 0.0 0.0 0.0 1.0 14.0 0.0 0.0
43 36 37 0.0 0.0 0.0 0.0 2.0 0.0 0.0
43 36 38 0.0 2.0 1.0 2.0 18.0 0.0 0.0
43 36 39 0.0 0.0 0.0 4.0 35.0 1.0 0.0
43 36 40 0.0 0.0 0.0 3.0 43.0 0.0 0.0
43 36 41 0.0 0.0 0.0 2.0 19.0 0.0 0.0
43 36 42 0.0 0.0 0.0 5.0 15.0 2.0 0.0
43 37 36 0.0 0.0 0.0 0.0 6.0 0.0 0.0
43 37 37 0.0 0.0 0.0 13.0 203.0 1.0 0.0
43 37 38 0.0 1.0 5.0 78.0 773.0 12.0 2.0
43 37 39 0.0 1.0 9.0 240.0 2022.0 46.0 7.0
43 37 40 0.0 1.0 19.0 245.0 2747.0 55.0 17.0
43 37 41 0.0 0.0 6.0 275.0 2128.0 27.0 9.0
43 37 42 0.0 1.0 1.0 82.0 1012.0 16.0 3.0
43 37 43 0.0 0.0 1.0 17.0 243.0 3.0 0.0
43 37 44 0.0 0.0 0.0 0.0 3.0 0.0 0.0
43 38 36 0.0 0.0 0.0 0.0 19.0 0.0 0.0
43 38 37 0.0 1.0 8.0 82.0 1207.0 26.0 2.0
43 38 38 0.0 6.0 12.0 354.0 4699.0 88.0 46.0
43 38 39 0.0 4.0 38.0 823.0 8852.0 151.0 153.0
43 38 40 0.0 16.0 52.0 1219.0 11243.0 194.0 342.0
43 38 41 0.0 5.0 51.0 1038.0 8869.0 172.0 181.0
43 38 42 0.0 21.0 13.0 500.0 4309.0 64.0 52.0
43 38 43 0.0 0.0 5.0 95.0 951.0 17.0 1.0
43 38 44 0.0 0.0 0.0 1.0 10.0 0.0 0.0
43 39 36 0.0 0.0 0.0 2.0 20.0 1.0 0.0
43 39 37 0.0 0.0 10.0 170.0 2648.0 42.0 8.0
43 39 38 0.0 5.0 29.0 905.0 9645.0 145.0 221.0
43 39 39 0.0 7.0 127.0 1926.0 18366.0 326.0 888.0
43 39 40 0.0 14.0 121.0 2275.0 22087.0 363.0 1336.0
43 39 41 0.0 17.0 124.0 1986.0 18041.0 346.0 899.0
43 39 42 0.0 4.0 65.0 1093.0 9243.0 189.0 182.0
43 39 43 0.0 1.0 15.0 241.0 2440.0 44.0 19.0
43 39 44 0.0 0.0 0.0 2.0 24.0 1.0 0.0
43 40 36 0.0 0.0 1.0 8.0 25.0 0.0 0.0
43 40 37 0.0 1.0 28.0 219.0 2999.0 48.0 12.0
43 40 38 0.0 13.0 59.0 1303.0 12120.0 215.0 372.0
43 40 39 0.0 19.0 144.0 2142.0 23053.0 398.0 1437.0
43 40 40 0.0 13.0 171.0 2576.0 26971.0 403.0 2167.0
43 40 41 0.0 4.0 206.0 2192.0 23259.0 394.0 1505.0
43 40 42 0.0 20.0 65.0 1232.0 11991.0 210.0 337.0
43 40 43 0.0 5.0 27.0 292.0 3170.0 58.0 19.0
43 40 44 0.0 0.0 0.0 1.0 34.0 1.0 0.0
43 41 36 0.0 0.0 0.0 3.0 25.0 0.0 0.0
43 41 37 0.0 1.0 15.0 205.0 2415.0 47.0 13.0
43 41 38 0.0 3.0 51.0 627.0 9648.0 184.0 204.0
43 41 39 0.0 5.0 160.0 1748.0 19082.0 333.0 960.0
43 41 40 0.0 12.0 106.0 1970.0 22522.0 361.0 1366.0
43 41 41 0.0 16.0 110.0 1656.0 19310.0 323.0 932.0
43 41 42 0.0 4.0 69.0 790.0 9979.0 175.0 192.0
43 41 43 0.0 0.0 10.0 207.0 2710.0 41.0 20.0
43 41 44 0.0 0.0 0.0 2.0 22.0 1.0 0.0
43 42 36 0.0 0.0 0.0 0.0 10.0 0.0 0.0
43 42 37 0.0 0.0 9.0 69.0 968.0 18.0 0.0
43 42 38 0.0 1.0 34.0 368.0 4733.0 67.0 38.0
43 42 39 0.0 4.0 91.0 903.0 9642.0 181.0 203.0
43 42 40 0.0 7.0 65.0 999.0 12525.0 204.0 331.0
43 42 41 0.0 14.0 111.0 926.0 9942.0 176.0 204.0
43 42 42 0.0 3.0 44.0 340.0 5099.0 118.0 47.0
43 42 43 0.0 16.0 6.0 96.0 1206.0 26.0 1.0
43 42 44 0.0 2.0 0.0 0.0 9.0 0.0 0.0
43 43 37 0.0 0.0 0.0 17.0 152.0 6.0 0.0
43 43 38 0.0 0.0 5.0 117.0 868.0 17.0 2.0
43 43 39 0.0 2.0 19.0 199.0 2325.0 41.0 3.0
43 43 40 0.0 0.0 13.0 273.0 3153.0 55.0 24.0
43 43 41 0.0 0.0 28.0 193.0 2546.0 55.0 16.0
43 43 42 0.0 0.0 8.0 82.0 1144.0 19.0 0.0
43 43 43 0.0 6.0 1.0 25.0 213.0 5.0 0.0
43 44 38 0.0 0.0 0.0 0.0 4.0 0.0 0.0
43 44 39 0.0 0.0 0.0 5.0 32.0 3.0 0.0
43 44 40 0.0 0.0 0.0 1.0 43.0 0.0 0.0
43 44 41 0.0 0.0 0.0 2.0 25.0 0.0 0.0
43 44 42 0.0 0.0 0.0 1.0 4.0 0.0 0.0
43 44 43 0.0 0.0 0.0 0.0 2.0 0.0 0.0
44 36 40 0.0 0.0 0.0 0.0 1.0 0.0 0.0
44 36 41 0.0 0.0 0.0 0.0 1.0 0.0 0.0
44 37 37 0.0 0.0 0.0 1.0 0.0 0.0 0.0
44 37 38 0.0 0.0 0.0 0.0 13.0 1.0 0.0
44 37 39 0.0 0.0 0.0 0.0 19.0 0.0 0.0
44 37 40 0.0 0.0 3.0 2.0 34.0 0.0 0.0
44 37 41 0.0 0.0 0.0 1.0 25.0 0.0 0.0
44 37 42 0.0 0.0 2.0 0.0 7.0 0.0 0.0
44 37 43 0.0 0.0 0.0 0.0 5.0 0.0 0.0
44 38 37 0.0 0.0 0.0 0.0 12.0 0.0 0.0
44 38 38 0.0 0.0 0.0 8.0 77.0 0.0 0.0
44 38 39 0.0 0.0 2.0 11.0 121.0 3.0 0.0
44 38 40 0.0 0.0 5.0 18.0 168.0 4.0 0.0
44 38 41 0.0 0.0 3.0 15.0 180.0 5.0 0.0
44 38 42 0.0 0.0 0.0 6.0 64.0 1.0 0.0
44 38 43 0.0 0.0 0.0 2.0 9.0 0.0 0.0
44 39 37 0.0 0.0 0.0 2.0 16.0 0.0 0.0
44 39 38 0.0 0.0 0.0 5.0 124.0 2.0 0.0
44 39 39 0.0 0.0 1.0 40.0 306.0 5.0 0.0
44 39 40 0.0 0.0 2.0 33.0 524.0 6.0 0.0
44 39 41 0.0 0.0 0.0 30.0 300.0 1.0 0.0
44 39 42 0.0 0.0 1.0 25.0 191.0 5.0 0.0
44 39 43 0.0 0.0 0.0 11.0 51.0 1.0 0.0
44 39 44 0.0 0.0 0.0 0.0 3.0 0.0 0.0
44 40 36 0.0 0.0 0.0 0.0 5.0 0.0 0.0
44 40 37 0.0 0.0 0.0 2.0 29.0 0.0 0.0
44 40 38 0.0 0.0 0.0 19.0 202.0 2.0 1.0
44 40 39 0.0 0.0 8.0 48.0 499.0 11.0 0.0
44 40 40 0.0 0.0 3.0 55.0 648.0 12.0 1.0
44 40 41 0.0 0.0 7.0 48.0 459.0 12.0 0.0
44 40 42 0.0 0.0 0.0 23.0 177.0 0.0 0.0
44 40 43 0.0 0.0 0.0 1.0 16.0 1.0 0.0
44 40 44 0.0 0.0 0.0 0.0 2.0 0.0 0.0
44 41 37 0.0 0.0 0.0 0.0 27.0 0.0 0.0
44 41 38 0.0 0.0 0.0 12.0 136.0 3.0 0.0
44 41 39 0.0 0.0 2.0 35.0 353.0 6.0 0.0
44 41 40 0.0 0.0 5.0 55.0 538.0 13.0 1.0
44 41 41 0.0 0.0 2.0 34.0 368.0 8.0 0.0
44 41 42 0.0 0.0 0.0 25.0 154.0 2.0 0.0
44 41 43 0.0 0.0 0.0 1.0 44.0 1.0 0.0
44 41 44 0.0 0.0 0.0 0.0 2.0 0.0 0.0
44 42 37 0.0 0.0 0.0 0.0 6.0 0.0 0.0
44 42 38 0.0 0.0 1.0 2.0 53.0 0.0 0.0
44 42 39 0.0 0.0 3.0 8.0 160.0 2.0 0.0
44 42 40 0.0 0.0 0.0 27.0 183.0 4.0 0.0
44 42 41 0.0 0.0 1.0 12.0 151.0 2.0 0.0
44 42 42 0.0 0.0 0.0 3.0 63.0 0.0 0.0
44 42 43 0.0 0.0 0.0 2.0 10.0 0.0 0.0
44 43 37 0.0 0.0 0.0 0.0 1.0 0.0 0.0
44 43 38 0.0 0.0 0.0 0.0 4.0 0.0 0.0
44 43 39 0.0 0.0 0.0 0.0 38.0 1.0 0.0
44 43 40 0.0 0.0 0.0 2.0 29.0 0.0 0.0
44 43 41 0.0 0.0 0.0 0.0 30.0 0.0 0.0
44 43 42 0.0 0.0 0.0 1.0 15.0 0.0 0.0
44 44 38 0.0 0.0 0.0 0.0 1.0 0.0 0.0
44 44 39 0.0 0.0 0.0 0.0 2.0 0.0 0.0
44 44 40 0.0 0.0 0.0 1.0 3.0 0.0 0.0
44 44 41 0.0 0.0 0.0 2.0 2.0 0.0 0.0
