34 38 38 0.0 0.0 0.0 0.0 2.0 0.0 0.0
34 40 39 0.0 0.0 0.0 0.0 6.0 0.0 0.0
34 42 39 0.0 0.0 0.0 0.0 1.0 0.0 0.0
35 35 40 0.0 0.0 0.0 0.0 1.0 0.0 0.0
35 36 38 0.0 0.0 0.0 1.0 8.0 0.0 0.0
35 36 39 0.0 0.0 0.0 5.0 13.0 0.0 0.0
35 36 40 0.0 0.0 0.0 0.0 17.0 1.0 0.0
35 36 41 0.0 0.0 0.0 0.0 19.0 0.0 0.0
35 36 42 0.0 0.0 0.0 0.0 2.0 0.0 0.0
35 36 43 0.0 0.0 0.0 0.0 2.0 0.0 0.0
35 37 36 0.0 0.0 0.0 0.0 4.0 0.0 0.0
35 37 37 0.0 0.0 0.0 1.0 14.0 0.0 0.0
35 37 38 0.0 0.0 0.0 4.0 83.0 1.0 0.0
35 37 39 0.0 0.0 0.0 18.0 146.0 3.0 0.0
35 37 40 0.0 0.0 0.0 18.0 167.0 2.0 0.0
35 37 41 0.0 3.0 0.0 16.0 132.0 2.0 0.0
35 37 42 0.0 0.0 0.0 10.0 80.0 1.0 0.0
35 37 43 0.0 0.0 0.0 1.0 10.0 0.0 0.0
35 37 44 0.0 0.0 0.0 0.0 1.0 0.0 0.0
35 38 36 0.0 0.0 0.0 0.0 5.0 0.0 0.0
35 38 37 0.0 0.0 0.0 8.0 64.0 1.0 0.0
35 38 38 0.0 0.0 0.0 26.0 267.0 8.0 0.0
35 38 39 0.0 0.0 6.0 63.0 603.0 12.0 0.0
35 38 40 0.0 0.0 0.0 62.0 592.0 11.0 0.0
35 38 41 0.0 2.0 6.0 56.0 496.0 10.0 0.0
35 38 42 0.0 0.0 0.0 22.0 227.0 2.0 0.0
35 38 43 0.0 0.0 0.0 10.0 56.0 0.0 0.0
35 38 44 0.0 0.0 0.0 0.0 4.0 0.0 0.0
35 39 36 0.0 0.0 0.0 3.0 19.0 0.0 0.0
35 39 37 0.0 0.0 0.0 27.0 107.0 5.0 0.0
35 39 38 0.0 3.0 9.0 68.0 506.0 11.0 1.0
35 39 39 0.0 0.0 5.0 158.0 970.0 20.0 0.0
35 39 40 0.0 0.0 3.0 128.0 1269.0 28.0 0.0
35 39 41 0.0 1.0 2.0 131.0 1093.0 21.0 1.0
35 39 42 0.0 0.0 2.0 70.0 569.0 11.0 0.0
35 39 43 0.0 0.0 2.0 13.0 106.0 1.0 0.0
35 39 44 0.0 0.0 0.0 0.0 17.0 0.0 0.0
35 40 36 0.0 0.0 0.0 0.0 8.0 0.0 0.0
35 40 37 0.0 0.0 0.0 14.0 135.0 3.0 0.0
35 40 38 0.0 0.0 1.0 119.0 696.0 15.0 4.0
35 40 39 0.0 10.0 6.0 188.0 1371.0 19.0 3.0
35 40 40 0.0 1.0 0.0 196.0 1605.0 38.0 2.0
35 40 41 0.0 3.0 5.0 160.0 1324.0 34.0 1.0
35 40 42 0.0 0.0 5.0 55.0 616.0 11.0 0.0
35 40 43 0.0 0.0 0.0 20.0 188.0 1.0 0.0
35 40 44 0.0 0.0 0.0 4.0 16.0 1.0 0.0
35 41 35 0.0 0.0 0.0 2.0 0.0 0.0 0.0
35 41 36 0.0 0.0 0.0 1.0 5.0 0.0 0.0
35 41 37 0.0 0.0 0.0 17.0 109.0 0.0 0.0
35 41 38 0.0 0.0 0.0 63.0 462.0 6.0 0.0
35 41 39 0.0 0.0 2.0 114.0 1000.0 23.0 0.0
35 41 40 0.0 0.0 5.0 137.0 1372.0 35.0 3.0
35 41 41 0.0 0.0 0.0 128.0 1200.0 23.0 2.0
35 41 42 0.0 0.0 1.0 72.0 513.0 12.0 0.0
35 41 43 0.0 0.0 0.0 34.0 121.0 3.0 0.0
35 41 44 0.0 0.0 0.0 0.0 11.0 0.0 0.0
35 42 36 0.0 0.0 0.0 0.0 4.0 0.0 0.0
35 42 37 0.0 0.0 0.0 3.0 46.0 1.0 0.0
35 42 38 0.0 0.0 0.0 24.0 223.0 5.0 0.0
35 42 39 0.0 0.0 0.0 48.0 565.0 12.0 0.0
35 42 40 0.0 0.0 3.0 70.0 655.0 8.0 0.0
35 42 41 0.0 0.0 0.0 42.0 554.0 12.0 0.0
35 42 42 0.0 1.0 0.0 28.0 231.0 8.0 0.0
35 42 43 0.0 0.0 0.0 4.0 48.0 0.0 0.0
35 42 44 0.0 0.0 0.0 0.0 7.0 0.0 0.0
35 43 36 0.0 0.0 0.0 0.0 1.0 0.0 0.0
35 43 37 0.0 0.0 0.0 0.0 12.0 1.0 0.0
35 43 38 0.0 0.0 0.0 12.0 41.0 0.0 0.0
35 43 39 0.0 0.0 0.0 11.0 133.0 5.0 0.0
35 43 40 0.0 0.0 0.0 12.0 162.0 2.0 1.0
35 43 41 0.0 0.0 1.0 12.0 151.0 3.0 0.0
35 43 42 0.0 0.0 1.0 14.0 37.0 0.0 0.0
35 43 43 0.0 0.0 0.0 1.0 11.0 0.0 0.0
35 44 38 0.0 0.0 0.0 0.0 8.0 0.0 0.0
35 44 39 0.0 0.0 0.0 3.0 13.0 0.0 0.0
35 44 40 0.0 0.0 0.0 2.0 8.0 0.0 0.0
35 44 41 0.0 0.0 0.0 2.0 16.0 0.0 0.0
35 44 42 0.0 0.0 0.0 0.0 4.0 0.0 0.0
35 44 43 0.0 0.0 0.0 0.0 2.0 0.0 0.0
36 35 37 0.0 0.0 0.0 0.0 1.0 0.0 0.0
36 35 38 0.0 0.0 0.0 0.0 7.0 0.0 0.0
36 35 39 0.0 0.0 0.0 3.0 22.0 0.0 0.0
36 35 40 0.0 0.0 0.0 3.0 10.0 0.0 0.0
36 35 41 0.0 0.0 0.0 2.0 29.0 0.0 0.0
36 35 42 0.0 0.0 0.0 1.0 6.0 0.0 0.0
36 35 43 0.0 0.0 0.0 0.0 2.0 0.0 0.0
36 36 36 0.0 0.0 1.0 2.0 14.0 1.0 0.0
36 36 37 0.0 0.0 0.0 15.0 216.0 5.0 0.0
36 36 38 0.0 10.0 1.0 106.0 709.0 17.0 0.0
36 36 39 0.0 0.0 0.0 130.0 1102.0 13.0 0.0
36 36 40 0.0 1.0 5.0 141.0 1524.0 27.0 2.0
36 36 41 0.0 1.0 2.0 109.0 1144.0 19.0 2.0
36 36 42 0.0 0.0 0.0 50.0 586.0 12.0 0.0
36 36 43 0.0 0.0 0.0 14.0 144.0 2.0 0.0
36 36 44 0.0 0.0 0.0 7.0 24.0 0.0 0.0
36 37 35 0.0 0.0 0.0 0.0 1.0 0.0 0.0
36 37 36 0.0 0.0 0.0 20.0 181.0 3.0 0.0
36 37 37 0.0 2.0 10.0 153.0 1390.0 18.0 3.0
36 37 38 0.0 1.0 3.0 350.0 4205.0 83.0 34.0
36 37 39 0.0 6.0 13.0 848.0 7180.0 132.0 97.0
36 37 40 0.0 1.0 38.0 967.0 8713.0 161.0 161.0
36 37 41 0.0 0.0 19.0 843.0 7161.0 122.0 94.0
36 37 42 0.0 1.0 9.0 340.0 4146.0 89.0 29.0
36 37 43 0.0 0.0 5.0 143.0 1138.0 17.0 1.0
36 37 44 0.0 0.0 0.0 16.0 200.0 5.0 0.0
36 38 35 0.0 0.0 0.0 1.0 8.0 0.0 0.0
36 38 36 0.0 1.0 3.0 58.0 767.0 12.0 1.0
36 38 37 0.0 6.0 8.0 461.0 4189.0 81.0 26.0
36 38 38 0.0 7.0 54.0 1285.0 11602.0 208.0 284.0
36 38 39 0.0 23.0 36.0 2285.0 18560.0 343.0 935.0
36 38 40 0.0 11.0 39.0 2312.0 22198.0 395.0 1384.0
36 38 41 0.0 17.0 80.0 2013.0 19011.0 297.0 939.0
36 38 42 0.0 5.0 28.0 1197.0 11100.0 189.0 280.0
36 38 43 0.0 1.0 3.0 366.0 3713.0 50.0 28.0
36 38 44 0.0 0.0 0.0 46.0 629.0 13.0 0.0
36 38 45 0.0 0.0 0.0 0.0 6.0 0.0 0.0
36 39 35 0.0 0.0 0.0 2.0 12.0 1.0 0.0
36 39 36 0.0 0.0 3.0 151.0 1185.0 20.0 3.0
36 39 37 0.0 5.0 9.0 841.0 7131.0 103.0 135.0
36 39 38 0.0 22.0 55.0 1986.0 18857.0 347.0 882.0
36 39 39 0.0 9.0 62.0 3313.0 28508.0 451.0 2677.0
36 39 40 0.0 20.0 69.0 3253.0 32961.0 506.0 3619.0
36 39 41 0.0 37.0 107.0 3295.0 29314.0 469.0 2764.0
36 39 42 0.0 12.0 78.0 1984.0 18922.0 310.0 940.0
36 39 43 0.0 1.0 22.0 776.0 7152.0 131.0 99.0
36 39 44 0.0 0.0 1.0 104.0 1090.0 26.0 0.0
36 39 45 0.0 0.0 0.0 2.0 7.0 0.0 0.0
36 40 35 0.0 0.0 0.0 1.0 21.0 0.0 0.0
36 40 36 0.0 1.0 0.0 179.0 1349.0 24.0 0.0
36 40 37 0.0 6.0 26.0 1052.0 8893.0 174.0 176.0
36 40 38 0.0 22.0 78.0 2587.0 21375.0 339.0 1248.0
36 40 39 0.0 29.0 67.0 4022.0 31897.0 501.0 3597.0
36 40 40 0.0 27.0 80.0 4005.0 35426.0 518.0 4877.0
36 40 41 0.0 26.0 81.0 3761.0 31999.0 470.0 3604.0
36 40 42 0.0 27.0 57.0 2293.0 21507.0 345.0 1257.0
36 40 43 0.0 5.0 11.0 942.0 8683.0 134.0 171.0
36 40 44 0.0 1.0 4.0 146.0 1409.0 22.0 2.0
36 40 45 0.0 0.0 0.0 0.0 19.0 0.0 0.0
36 41 35 0.0 0.0 0.0 1.0 6.0 0.0 0.0
36 41 36 0.0 1.0 1.0 187.0 1059.0 21.0 0.0
36 41 37 0.0 5.0 8.0 726.0 6960.0 132.0 118.0
36 41 38 0.0 18.0 72.0 2309.0 17810.0 299.0 881.0
36 41 39 0.0 21.0 70.0 3104.0 28759.0 445.0 2658.0
36 41 40 0.0 10.0 129.0 3606.0 32652.0 493.0 3688.0
36 41 41 0.0 22.0 77.0 3247.0 29588.0 451.0 2855.0
36 41 42 0.0 26.0 76.0 2057.0 18827.0 344.0 958.0
36 41 43 0.0 1.0 23.0 889.0 6870.0 121.0 105.0
36 41 44 0.0 2.0 1.0 133.0 1157.0 22.0 1.0
36 41 45 0.0 0.0 0.0 0.0 9.0 0.0 0.0
36 42 35 0.0 0.0 0.0 0.0 4.0 0.0 0.0
36 42 36 0.0 0.0 3.0 78.0 473.0 9.0 0.0
36 42 37 0.0 25.0 10.0 601.0 3552.0 71.0 33.0
36 42 38 0.0 3.0 42.0 1335.0 10775.0 203.0 299.0
36 42 39 0.0 12.0 24.0 2048.0 18271.0 306.0 860.0
36 42 40 0.0 19.0 61.0 2392.0 21801.0 362.0 1394.0
36 42 41 0.0 1.0 39.0 2054.0 19784.0 316.0 999.0
36 42 42 0.0 3.0 43.0 1328.0 11385.0 195.0 284.0
36 42 43 0.0 1.0 8.0 388.0 4172.0 80.0 35.0
36 42 44 0.0 0.0 2.0 25.0 492.0 6.0 1.0
36 42 45 0.0 0.0 0.0 1.0 3.0 0.0 0.0
36 43 35 0.0 0.0 0.0 0.0 1.0 0.0 0.0
36 43 36 0.0 0.0 0.0 19.0 145.0 7.0 0.0
36 43 37 0.0 0.0 0.0 136.0 1102.0 18.0 0.0
36 43 38 0.0 3.0 5.0 333.0 3794.0 57.0 28.0
36 43 39 0.0 2.0 10.0 712.0 6983.0 131.0 93.0
36 43 40 0.0 5.0 15.0 1147.0 8668.0 156.0 170.0
36 43 41 0.0 6.0 13.0 860.0 7086.0 134.0 105.0
36 43 42 0.0 1.0 9.0 445.0 4010.0 66.0 28.0
36 43 43 0.0 0.0 0.0 134.0 1231.0 19.0 3.0
36 43 44 0.0 0.0 0.0 9.0 110.0 2.0 0.0
36 44 36 0.0 0.0 0.0 1.0 49.0 2.0 0.0
36 44 37 0.0 0.0 2.0 14.0 134.0 0.0 0.0
36 44 38 0.0 0.0 2.0 39.0 480.0 15.0 0.0
36 44 39 0.0 0.0 6.0 90.0 972.0 18.0 1.0
36 44 40 0.0 0.0 4.0 136.0 1279.0 20.0 4.0
36 44 41 0.0 2.0 11.0 117.0 1107.0 18.0 2.0
36 44 42 0.0 0.0 0.0 70.0 626.0 12.0 0.0
36 44 43 0.0 0.0 0.0 11.0 199.0 5.0 0.0
36 44 44 0.0 0.0 0.0 0.0 17.0 0.0 0.0
36 45 37 0.0 0.0 0.0 0.0 1.0 0.0 0.0
36 45 38 0.0 0.0 0.0 1.0 7.0 0.0 0.0
36 45 39 0.0 0.0 0.0 1.0 3.0 0.0 0.0
36 45 40 0.0 0.0 0.0 2.0 35.0 0.0 0.0
36 45 41 0.0 0.0 0.0 0.0 8.0 0.0 0.0
36 45 42 0.0 0.0 0.0 3.0 3.0 0.0 0.0
36 45 43 0.0 0.0 0.0 0.0 1.0 0.0 0.0
37 35 36 0.0 0.0 0.0 1.0 1.0 0.0 0.0
37 35 37 0.0 0.0 0.0 1.0 30.0 0.0 0.0
37 35 38 0.0 0.0 2.0 4.0 104.0 1.0 0.0
37 35 39 0.0 0.0 1.0 20.0 163.0 2.0 0.0
37 35 40 0.0 0.0 0.0 31.0 241.0 6.0 0.0
37 35 41 0.0 0.0 1.0 21.0 157.0 2.0 0.0
37 35 42 0.0 0.0 0.0 4.0 64.0 0.0 0.0
37 35 43 0.0 0.0 0.0 2.0 10.0 0.0 0.0
37 35 44 0.0 0.0 0.0 0.0 2.0 0.0 0.0
37 36 35 0.0 0.0 0.0 1.0 1.0 0.0 0.0
37 36 36 0.0 1.0 0.0 11.0 148.0 3.0 0.0
37 36 37 0.0 0.0 2.0 224.0 1547.0 17.0 1.0
37 36 38 0.0 4.0 8.0 638.0 4638.0 100.0 58.0
37 36 39 0.0 6.0 23.0 1098.0 7765.0 137.0 118.0
37 36 40 0.0 1.0 26.0 1090.0 9573.0 151.0 221.0
37 36 41 0.0 1.0 13.0 888.0 7706.0 154.0 143.0
37 36 42 0.0 0.0 6.0 496.0 3889.0 53.0 29.0
37 36 43 0.0 0.0 1.0 129.0 1460.0 31.0 11.0
37 36 44 0.0 0.0 0.0 24.0 181.0 4.0 0.0
37 36 45 0.0 0.0 0.0 0.0 4.0 0.0 0.0
37 37 35 0.0 0.0 0.0 3.0 28.0 1.0 0.0
37 37 36 0.0 1.0 0.0 109.0 1407.0 21.0 5.0
37 37 37 0.0 7.0 34.0 1119.0 13045.0 203.0 457.0
37 37 38 0.0 7.0 35.0 2867.0 29495.0 465.0 3140.0
37 37 39 0.0 23.0 75.0 4032.0 40788.0 579.0 7890.0
37 37 40 0.0 23.0 84.0 4438.0 42613.0 579.0 9850.0
37 37 41 0.0 14.0 59.0 3470.0 39822.0 554.0 7300.0
37 37 42 0.0 5.0 49.0 2944.0 28343.0 452.0 2986.0
37 37 43 0.0 1.0 17.0 1553.0 12061.0 210.0 399.0
37 37 44 0.0 0.0 2.0 91.0 1104.0 25.0 0.0
37 37 45 0.0 0.0 0.0 0.0 25.0 1.0 0.0
37 38 35 0.0 0.0 1.0 11.0 82.0 3.0 0.0
37 38 36 0.0 2.0 33.0 406.0 4679.0 76.0 31.0
37 38 37 0.0 20.0 90.0 3480.0 29560.0 459.0 3282.0
37 38 38 0.0 51.0 121.0 5038.0 46942.0 613.0 15011.0
37 38 39 0.0 38.0 121.0 5621.0 50197.0 554.0 28033.0
37 38 40 0.0 53.0 133.0 5673.0 50497.0 552.0 31266.0
37 38 41 0.0 28.0 139.0 5295.0 50666.0 540.0 27223.0
37 38 42 0.0 11.0 103.0 4576.0 46514.0 578.0 13473.0
37 38 43 0.0 1.0 66.0 3097.0 28886.0 475.0 3021.0
37 38 44 0.0 0.0 8.0 429.0 3860.0 59.0 29.0
37 38 45 0.0 0.0 0.0 5.0 47.0 0.0 0.0
37 39 35 0.0 0.0 1.0 13.0 165.0 1.0 0.0
37 39 36 0.0 1.0 32.0 919.0 7933.0 151.0 118.0
37 39 37 0.0 20.0 88.0 4380.0 40222.0 542.0 7883.0
37 39 38 0.0 21.0 151.0 5902.0 49930.0 575.0 26579.0
37 39 39 0.0 42.0 143.0 5426.0 48502.0 512.0 43771.0
37 39 40 0.0 50.0 164.0 5435.0 46219.0 452.0 49661.0
37 39 41 0.0 38.0 178.0 5152.0 48483.0 447.0 43870.0
37 39 42 1.0 23.0 132.0 5276.0 50888.0 551.0 27134.0
37 39 43 0.0 21.0 110.0 3633.0 39036.0 538.0 6776.0
37 39 44 0.0 4.0 28.0 762.0 7066.0 129.0 106.0
37 39 45 0.0 0.0 0.0 7.0 135.0 0.0 0.0
37 40 35 0.0 2.0 1.0 13.0 166.0 4.0 0.0
37 40 36 0.0 3.0 22.0 988.0 8492.0 157.0 168.0
37 40 37 0.0 51.0 126.0 5094.0 40731.0 547.0 9207.0
37 40 38 0.0 65.0 154.0 6067.0 49094.0 555.0 31696.0
37 40 39 0.0 73.0 156.0 5674.0 46539.0 434.0 48661.0
37 40 40 0.0 60.0 115.0 5292.0 45311.0 422.0 53785.0
37 40 41 0.0 40.0 158.0 5224.0 46675.0 446.0 48893.0
37 40 42 0.0 60.0 149.0 5546.0 50143.0 565.0 32035.0
37 40 43 0.0 32.0 98.0 4215.0 42416.0 604.0 9093.0
37 40 44 0.0 1.0 33.0 904.0 8411.0 157.0 144.0
37 40 45 0.0 0.0 0.0 25.0 180.0 4.0 0.0
37 41 35 0.0 0.0 8.0 5.0 142.0 4.0 0.0
37 41 36 0.0 5.0 11.0 859.0 6998.0 131.0 98.0
37 41 37 0.0 55.0 86.0 5357.0 37200.0 571.0 6687.0
37 41 38 0.0 59.0 173.0 6450.0 49274.0 591.0 26125.0
37 41 39 0.0 50.0 131.0 5719.0 48421.0 514.0 42422.0
37 41 40 0.0 53.0 153.0 5295.0 47126.0 438.0 48902.0
37 41 41 0.0 32.0 188.0 5515.0 48099.0 475.0 44295.0
37 41 42 0.0 54.0 185.0 5486.0 50191.0 574.0 26413.0
37 41 43 0.0 4.0 95.0 4058.0 38577.0 552.0 6966.0
37 41 44 0.0 2.0 15.0 650.0 7041.0 140.0 95.0
37 41 45 0.0 0.0 0.0 12.0 149.0 1.0 0.0
37 42 35 0.0 0.0 0.0 7.0 42.0 1.0 0.0
37 42 36 0.0 2.0 11.0 437.0 3720.0 68.0 22.0
37 42 37 0.0 53.0 72.0 3859.0 24806.0 383.0 2303.0
37 42 38 0.0 67.0 112.0 5135.0 45451.0 591.0 13197.0
37 42 39 0.0 23.0 225.0 5693.0 50106.0 558.0 26481.0
37 42 40 0.0 35.0 166.0 5904.0 49939.0 559.0 31188.0
37 42 41 0.0 46.0 125.0 5952.0 49585.0 547.0 26941.0
37 42 42 0.0 36.0 99.0 5454.0 46302.0 596.0 14068.0
37 42 43 0.0 24.0 103.0 3019.0 27251.0 463.0 2503.0
37 42 44 0.0 0.0 14.0 406.0 3755.0 75.0 27.0
37 42 45 0.0 0.0 1.0 3.0 66.0 3.0 0.0
37 43 35 0.0 0.0 0.0 4.0 13.0 1.0 0.0
37 43 36 0.0 0.0 1.0 96.0 1068.0 15.0 2.0
37 43 37 0.0 2.0 43.0 1116.0 10632.0 180.0 290.0
37 43 38 0.0 29.0 69.0 2961.0 26048.0 413.0 2303.0
37 43 39 0.0 20.0 122.0 3776.0 37810.0 570.0 6233.0
37 43 40 0.0 15.0 237.0 3884.0 41851.0 574.0 8856.0
37 43 41 0.0 21.0 153.0 4090.0 39109.0 583.0 7289.0
37 43 42 0.0 11.0 117.0 2891.0 29942.0 431.0 3185.0
37 43 43 0.0 4.0 47.0 1131.0 12006.0 216.0 406.0
37 43 44 0.0 0.0 2.0 134.0 1466.0 34.0 2.0
37 43 45 0.0 0.0 0.0 1.0 12.0 0.0 0.0
37 44 35 0.0 0.0 0.0 0.0 2.0 0.0 0.0
37 44 36 0.0 0.0 0.0 15.0 139.0 2.0 0.0
37 44 37 0.0 0.0 3.0 104.0 1038.0 28.0 0.0
37 44 38 0.0 0.0 4.0 331.0 3660.0 57.0 20.0
37 44 39 0.0 1.0 28.0 809.0 6710.0 105.0 112.0
37 44 40 0.0 3.0 10.0 769.0 8571.0 152.0 149.0
37 44 41 0.0 7.0 20.0 779.0 7460.0 132.0 109.0
37 44 42 0.0 1.0 5.0 396.0 3910.0 71.0 34.0
37 44 43 0.0 0.0 1.0 128.0 1269.0 20.0 3.0
37 44 44 0.0 0.0 0.0 24.0 215.0 2.0 0.0
37 44 45 0.0 0.0 0.0 0.0 4.0 0.0 0.0
37 45 36 0.0 0.0 0.0 0.0 1.0 0.0 0.0
37 45 37 0.0 0.0 0.0 0.0 3.0 0.0 0.0
37 45 38 0.0 0.0 1.0 4.0 52.0 0.0 0.0
37 45 39 0.0 0.0 0.0 10.0 97.0 1.0 0.0
37 45 40 0.0 0.0 0.0 7.0 163.0 2.0 1.0
37 45 41 0.0 0.0 0.0 10.0 101.0 0.0 0.0
37 45 42 0.0 0.0 0.0 2.0 54.0 0.0 0.0
37 45 43 0.0 0.0 0.0 1.0 9.0 0.0 0.0
38 35 36 0.0 0.0 0.0 2.0 9.0 0.0 0.0
38 35 37 0.0 0.0 0.0 10.0 91.0 1.0 0.0
38 35 38 0.0 2.0 3.0 57.0 321.0 10.0 0.0
38 35 39 0.0 0.0 1.0 90.0 667.0 15.0 0.0
38 35 40 0.0 0.0 2.0 92.0 693.0 15.0 0.0
38 35 41 0.0 0.0 2.0 77.0 644.0 11.0 0.0
38 35 42 0.0 0.0 0.0 46.0 240.0 8.0 0.0
38 35 43 0.0 0.0 1.0 4.0 47.0 1.0 0.0
38 35 44 0.0 0.0 0.0 0.0 7.0 0.0 0.0
38 36 35 0.0 0.0 0.0 0.0 5.0 1.0 0.0
38 36 36 0.0 0.0 0.0 89.0 640.0 9.0 1.0
38 36 37 0.0 1.0 6.0 612.0 4768.0 84.0 50.0
38 36 38 0.0 12.0 38.0 1556.0 12317.0 187.0 351.0
38 36 39 0.0 9.0 84.0 2842.0 20712.0 367.0 1339.0
38 36 40 0.0 4.0 74.0 2986.0 22771.0 395.0 1581.0
38 36 41 0.0 16.0 55.0 2585.0 19331.0 346.0 1027.0
38 36 42 0.0 3.0 20.0 1538.0 11109.0 204.0 337.0
38 36 43 0.0 4.0 5.0 505.0 4006.0 81.0 34.0
38 36 44 0.0 0.0 0.0 62.0 550.0 7.0 0.0
38 36 45 0.0 0.0 0.0 0.0 4.0 0.0 0.0
38 37 35 0.0 0.0 0.0 4.0 69.0 2.0 0.0
38 37 36 0.0 1.0 2.0 440.0 4319.0 85.0 33.0
38 37 37 0.0 7.0 87.0 2575.0 31243.0 461.0 3429.0
38 37 38 0.0 53.0 182.0 6233.0 46429.0 572.0 16584.0
38 37 39 0.0 46.0 133.0 6525.0 48879.0 505.0 30179.0
38 37 40 0.0 44.0 150.0 6653.0 48709.0 525.0 33907.0
38 37 41 0.0 26.0 155.0 6026.0 49471.0 559.0 28335.0
38 37 42 0.0 31.0 112.0 5375.0 46586.0 609.0 14749.0
38 37 43 0.0 1.0 36.0 2633.0 27537.0 469.0 2502.0
38 37 44 0.0 0.0 10.0 378.0 4104.0 78.0 34.0
38 37 45 0.0 0.0 2.0 8.0 66.0 3.0 0.0
38 38 35 0.0 0.0 1.0 34.0 297.0 3.0 0.0
38 38 36 0.0 7.0 26.0 1176.0 12317.0 223.0 338.0
38 38 37 0.0 28.0 101.0 4485.0 47872.0 575.0 14916.0
38 38 38 0.0 28.0 138.0 4381.0 42841.0 397.0 57668.0
38 38 39 0.0 33.0 95.0 4145.0 36159.0 304.0 76490.0
38 38 40 0.0 19.0 129.0 3757.0 33773.0 264.0 82856.0
38 38 41 0.0 23.0 100.0 3915.0 36284.0 309.0 75875.0
38 38 42 0.0 23.0 112.0 4480.0 43740.0 400.0 54912.0
38 38 43 0.0 9.0 111.0 5196.0 46116.0 596.0 14391.0
38 38 44 0.0 2.0 29.0 1148.0 11113.0 167.0 325.0
38 38 45 0.0 0.0 2.0 20.0 227.0 6.0 0.0
38 39 35 0.0 0.0 1.0 43.0 598.0 12.0 1.0
38 39 36 0.0 27.0 72.0 2055.0 19038.0 311.0 956.0
38 39 37 0.0 76.0 130.0 5566.0 50076.0 554.0 27981.0
38 39 38 0.0 38.0 126.0 4249.0 35361.0 316.0 76566.0
38 39 39 0.0 32.0 92.0 3511.0 28277.0 187.0 96736.0
38 39 40 0.0 31.0 108.0 3077.0 26304.0 212.0 102286.0
38 39 41 0.0 21.0 110.0 3118.0 28969.0 206.0 95798.0
38 39 42 0.0 38.0 145.0 3994.0 36775.0 319.0 74717.0
38 39 43 0.0 30.0 129.0 5075.0 50814.0 571.0 26798.0
38 39 44 0.0 12.0 37.0 1912.0 18961.0 329.0 911.0
38 39 45 0.0 0.0 0.0 58.0 503.0 10.0 0.0
38 40 35 0.0 0.0 1.0 43.0 666.0 6.0 0.0
38 40 36 0.0 13.0 92.0 2431.0 22079.0 379.0 1325.0
38 40 37 0.0 44.0 146.0 5763.0 50053.0 545.0 31043.0
38 40 38 0.0 37.0 126.0 4305.0 33508.0 262.0 81317.0
38 40 39 0.0 38.0 100.0 3194.0 26392.0 189.0 101782.0
38 40 40 0.0 33.0 105.0 2871.0 23767.0 150.0 108737.0
38 40 41 0.0 20.0 112.0 2980.0 26348.0 184.0 102626.0
38 40 42 0.0 38.0 149.0 3488.0 33938.0 265.0 81714.0
38 40 43 0.0 20.0 208.0 4947.0 51212.0 552.0 31082.0
38 40 44 0.0 7.0 87.0 2222.0 21532.0 349.0 1325.0
38 40 45 0.0 0.0 3.0 79.0 644.0 11.0 2.0
38 41 35 0.0 0.0 3.0 78.0 528.0 12.0 0.0
38 41 36 0.0 14.0 100.0 2105.0 18692.0 323.0 946.0
38 41 37 0.0 33.0 176.0 5860.0 49930.0 584.0 26180.0
38 41 38 0.0 45.0 127.0 4742.0 36342.0 305.0 73819.0
38 41 39 0.0 49.0 85.0 3518.0 28751.0 214.0 95165.0
38 41 40 0.0 37.0 109.0 3044.0 26117.0 178.0 103022.0
38 41 41 0.0 38.0 141.0 3592.0 28205.0 179.0 97101.0
38 41 42 0.0 21.0 161.0 3783.0 37026.0 318.0 74189.0
38 41 43 0.0 31.0 159.0 5458.0 50326.0 548.0 27091.0
38 41 44 0.0 1.0 77.0 1799.0 18876.0 315.0 870.0
38 41 45 0.0 0.0 0.0 68.0 460.0 4.0 1.0
38 42 35 0.0 0.0 0.0 32.0 226.0 5.0 0.0
38 42 36 0.0 5.0 12.0 1292.0 10212.0 159.0 228.0
38 42 37 0.0 23.0 98.0 4917.0 45756.0 571.0 13620.0
38 42 38 0.0 40.0 152.0 4514.0 44253.0 427.0 52967.0
38 42 39 0.0 35.0 150.0 4075.0 36789.0 306.0 74266.0
38 42 40 0.0 29.0 145.0 3728.0 34041.0 252.0 81237.0
38 42 41 0.0 31.0 140.0 3815.0 36621.0 290.0 75474.0
38 42 42 0.0 18.0 173.0 4238.0 42982.0 407.0 56890.0
38 42 43 0.0 12.0 173.0 4980.0 46411.0 614.0 14219.0
38 42 44 0.0 1.0 18.0 1330.0 11463.0 220.0 293.0
38 42 45 0.0 0.0 0.0 26.0 257.0 6.0 0.0
38 43 35 0.0 0.0 0.0 5.0 56.0 1.0 0.0
38 43 36 0.0 0.0 2.0 377.0 3652.0 58.0 24.0
38 43 37 0.0 11.0 100.0 2562.0 26081.0 385.0 2303.0
38 43 38 0.0 22.0 167.0 4902.0 45340.0 601.0 12849.0
38 43 39 0.0 49.0 139.0 6000.0 49730.0 555.0 26271.0
38 43 40 0.0 30.0 133.0 5409.0 50463.0 521.0 30855.0
38 43 41 0.0 48.0 149.0 5490.0 50657.0 567.0 26858.0
38 43 42 0.0 46.0 102.0 4704.0 47020.0 609.0 14446.0
38 43 43 0.0 19.0 93.0 3043.0 29301.0 484.0 3194.0
38 43 44 0.0 0.0 12.0 339.0 3998.0 72.0 32.0
38 43 45 0.0 0.0 0.0 4.0 80.0 1.0 0.0
38 44 35 0.0 0.0 0.0 1.0 10.0 0.0 0.0
38 44 36 0.0 0.0 0.0 34.0 489.0 11.0 1.0
38 44 37 0.0 1.0 14.0 491.0 3457.0 73.0 27.0
38 44 38 0.0 12.0 34.0 1194.0 10141.0 194.0 234.0
38 44 39 0.0 11.0 80.0 1995.0 18202.0 321.0 873.0
38 44 40 0.0 4.0 81.0 2273.0 21352.0 367.0 1232.0
38 44 41 0.0 7.0 57.0 1627.0 18329.0 297.0 883.0
38 44 42 0.0 7.0 39.0 1142.0 11507.0 216.0 298.0
38 44 43 0.0 3.0 19.0 476.0 3926.0 78.0 41.0
38 44 44 0.0 0.0 2.0 64.0 685.0 12.0 0.0
38 44 45 0.0 0.0 0.0 0.0 6.0 0.0 0.0
38 45 36 0.0 0.0 0.0 0.0 5.0 0.0 0.0
38 45 37 0.0 0.0 0.0 7.0 42.0 1.0 0.0
38 45 38 0.0 0.0 0.0 39.0 276.0 3.0 1.0
38 45 39 0.0 0.0 1.0 68.0 481.0 8.0 0.0
38 45 40 0.0 0.0 6.0 57.0 657.0 17.0 1.0
38 45 41 0.0 0.0 1.0 42.0 448.0 6.0 0.0
38 45 42 0.0 0.0 0.0 24.0 219.0 7.0 0.0
38 45 43 0.0 0.0 0.0 4.0 79.0 1.0 0.0
38 45 44 0.0 0.0 0.0 1.0 6.0 0.0 0.0
38 46 39 0.0 0.0 0.0 0.0 1.0 0.0 0.0
39 34 40 0.0 0.0 0.0 0.0 2.0 0.0 0.0
39 34 41 0.0 0.0 0.0 0.0 2.0 0.0 0.0
39 35 36 0.0 0.0 0.0 2.0 18.0 0.0 0.0
39 35 37 0.0 0.0 0.0 24.0 120.0 3.0 0.0
39 35 38 0.0 0.0 0.0 84.0 618.0 13.0 1.0
39 35 39 0.0 1.0 3.0 158.0 1307.0 32.0 4.0
39 35 40 0.0 5.0 4.0 217.0 1495.0 39.0 2.0
39 35 41 0.0 1.0 1.0 138.0 1184.0 25.0 2.0
39 35 42 0.0 3.0 0.0 102.0 580.0 12.0 2.0
39 35 43 0.0 0.0 0.0 17.0 187.0 4.0 0.0
39 35 44 0.0 0.0 0.0 1.0 8.0 0.0 0.0
39 36 35 0.0 0.0 0.0 2.0 13.0 0.0 0.0
39 36 36 0.0 0.0 2.0 121.0 1254.0 30.0 1.0
39 36 37 0.0 9.0 25.0 1238.0 8576.0 166.0 196.0
39 36 38 0.0 16.0 77.0 2708.0 19887.0 332.0 1150.0
39 36 39 0.0 24.0 54.0 4369.0 30391.0 499.0 3289.0
39 36 40 0.0 16.0 79.0 4373.0 33340.0 553.0 4068.0
39 36 41 0.0 21.0 75.0 4422.0 28568.0 427.0 2998.0
39 36 42 0.0 15.0 44.0 2451.0 18565.0 299.0 970.0
39 36 43 0.0 0.0 10.0 885.0 7170.0 112.0 122.0
39 36 44 0.0 0.0 2.0 126.0 1097.0 12.0 2.0
39 36 45 0.0 0.0 0.0 3.0 18.0 0.0 0.0
39 37 35 0.0 0.0 0.0 9.0 141.0 4.0 0.0
39 37 36 0.0 4.0 3.0 768.0 7871.0 139.0 137.0
39 37 37 0.0 35.0 84.0 3920.0 40662.0 602.0 7715.0
39 37 38 0.0 39.0 115.0 6297.0 49329.0 578.0 30318.0
39 37 39 0.0 17.0 89.0 6369.0 46978.0 484.0 45720.0
39 37 40 0.0 38.0 136.0 6322.0 45358.0 425.0 50724.0
39 37 41 0.0 55.0 107.0 6634.0 46253.0 459.0 44699.0
39 37 42 0.0 41.0 147.0 6742.0 49529.0 586.0 26633.0
39 37 43 0.0 18.0 106.0 4061.0 40077.0 586.0 7488.0
39 37 44 0.0 3.0 7.0 814.0 7482.0 141.0 117.0
39 37 45 0.0 0.0 1.0 16.0 105.0 2.0 0.0
39 38 34 0.0 0.0 0.0 0.0 1.0 0.0 0.0
39 38 35 0.0 0.0 0.0 31.0 590.0 15.0 0.0
39 38 36 0.0 6.0 68.0 1576.0 20677.0 334.0 1064.0
39 38 37 0.0 36.0 98.0 4977.0 51147.0 568.0 28334.0
39 38 38 0.0 35.0 102.0 3833.0 36071.0 301.0 76177.0
39 38 39 0.0 34.0 85.0 3798.0 26828.0 216.0 98494.0
39 38 40 0.0 22.0 106.0 3531.0 24970.0 155.0 104124.0
39 38 41 0.0 40.0 100.0 3788.0 27684.0 185.0 97037.0
39 38 42 0.0 17.0 110.0 4403.0 36862.0 302.0 74158.0
39 38 43 0.0 17.0 177.0 5501.0 50475.0 533.0 27916.0
39 38 44 0.0 4.0 63.0 1641.0 18747.0 306.0 878.0
39 38 45 0.0 0.0 2.0 45.0 608.0 12.0 0.0
39 39 35 0.0 0.0 4.0 76.0 1100.0 19.0 2.0
39 39 36 0.0 16.0 87.0 2589.0 30433.0 465.0 2763.0
39 39 37 0.0 48.0 141.0 5184.0 48695.0 490.0 44444.0
39 39 38 0.0 23.0 106.0 3212.0 28524.0 194.0 96969.0
39 39 39 0.0 14.0 64.0 1961.0 16069.0 78.0 133611.0
39 39 40 0.0 19.0 61.0 1951.0 14670.0 65.0 136267.0
39 39 41 0.0 13.0 69.0 1955.0 16357.0 73.0 132302.0
39 39 42 0.0 19.0 108.0 3208.0 28843.0 227.0 96074.0
39 39 43 0.0 23.0 169.0 4825.0 48715.0 482.0 43471.0
39 39 44 0.0 10.0 57.0 2959.0 28796.0 452.0 2594.0
39 39 45 0.0 0.0 2.0 98.0 1084.0 18.0 1.0
39 40 35 0.0 1.0 9.0 121.0 1300.0 19.0 1.0
39 40 36 0.0 7.0 85.0 2938.0 33260.0 524.0 3505.0
39 40 37 0.0 31.0 160.0 5075.0 47493.0 423.0 48379.0
39 40 38 0.0 17.0 100.0 2931.0 26503.0 182.0 102361.0
39 40 39 0.0 16.0 62.0 1834.0 14841.0 66.0 135758.0
39 40 40 0.0 16.0 48.0 1515.0 12672.0 71.0 141632.0
39 40 41 0.0 8.0 62.0 1692.0 15155.0 71.0 135264.0
39 40 42 0.0 25.0 109.0 2938.0 26687.0 183.0 102308.0
39 40 43 0.0 23.0 166.0 5070.0 46763.0 423.0 48492.0
39 40 44 0.0 11.0 77.0 3569.0 32510.0 475.0 3639.0
39 40 45 0.0 1.0 1.0 142.0 1308.0 28.0 2.0
39 41 35 0.0 0.0 4.0 99.0 964.0 21.0 0.0
39 41 36 0.0 7.0 86.0 2819.0 28774.0 423.0 2554.0
39 41 37 0.0 30.0 185.0 5177.0 48409.0 456.0 43079.0
39 41 38 0.0 29.0 115.0 3244.0 29540.0 207.0 94867.0
39 41 39 0.0 11.0 73.0 1877.0 16977.0 79.0 130626.0
39 41 40 0.0 18.0 92.0 1637.0 14822.0 74.0 136679.0
39 41 41 0.0 15.0 77.0 1898.0 16719.0 69.0 131854.0
39 41 42 0.0 24.0 168.0 3192.0 29354.0 212.0 95700.0
39 41 43 0.0 32.0 198.0 5206.0 48653.0 498.0 43466.0
39 41 44 0.0 1.0 83.0 3325.0 28676.0 451.0 2707.0
39 41 45 0.0 1.0 1.0 95.0 1007.0 19.0 3.0
39 42 35 0.0 0.0 4.0 52.0 499.0 8.0 0.0
39 42 36 0.0 24.0 36.0 1641.0 18082.0 293.0 860.0
39 42 37 0.0 47.0 183.0 5414.0 50535.0 579.0 25231.0
39 42 38 0.0 19.0 123.0 4060.0 36645.0 283.0 74259.0
39 42 39 0.0 30.0 104.0 3301.0 29244.0 231.0 95597.0
39 42 40 0.0 21.0 115.0 2866.0 26742.0 183.0 102021.0
39 42 41 0.0 29.0 160.0 3127.0 28894.0 189.0 96629.0
39 42 42 0.0 19.0 185.0 3812.0 35374.0 252.0 77791.0
39 42 43 0.0 13.0 218.0 4852.0 51241.0 557.0 27548.0
39 42 44 0.0 7.0 63.0 2112.0 19393.0 340.0 1043.0
39 42 45 0.0 0.0 1.0 34.0 577.0 6.0 0.0
39 43 35 0.0 0.0 0.0 11.0 124.0 3.0 0.0
39 43 36 0.0 3.0 19.0 792.0 7164.0 148.0 93.0
39 43 37 0.0 13.0 84.0 3435.0 37627.0 563.0 6378.0
39 43 38 0.0 12.0 114.0 5391.0 50236.0 586.0 25000.0
39 43 39 0.0 41.0 192.0 5468.0 48872.0 479.0 42654.0
39 43 40 0.0 22.0 184.0 4936.0 47450.0 478.0 48099.0
39 43 41 0.0 36.0 200.0 5173.0 47998.0 490.0 43723.0
39 43 42 0.0 34.0 226.0 5287.0 50375.0 557.0 27853.0
39 43 43 0.0 31.0 141.0 3966.0 39906.0 553.0 7780.0
39 43 44 0.0 1.0 38.0 717.0 7315.0 144.0 100.0
39 43 45 0.0 0.0 0.0 13.0 154.0 0.0 0.0
39 44 35 0.0 0.0 0.0 1.0 15.0 1.0 0.0
39 44 36 0.0 0.0 4.0 85.0 1060.0 21.0 1.0
39 44 37 0.0 15.0 15.0 622.0 6462.0 111.0 85.0
39 44 38 0.0 31.0 54.0 2237.0 17500.0 307.0 844.0
39 44 39 0.0 5.0 68.0 3126.0 27989.0 441.0 2541.0
39 44 40 0.0 9.0 113.0 3258.0 32315.0 477.0 3539.0
39 44 41 0.0 9.0 107.0 3101.0 29467.0 437.0 2771.0
39 44 42 0.0 2.0 40.0 1984.0 19146.0 329.0 1000.0
39 44 43 0.0 6.0 26.0 705.0 7995.0 165.0 127.0
39 44 44 0.0 0.0 6.0 121.0 1272.0 25.0 2.0
39 44 45 0.0 0.0 0.0 5.0 10.0 0.0 0.0
39 45 36 0.0 0.0 0.0 1.0 8.0 0.0 0.0
39 45 37 0.0 0.0 0.0 12.0 119.0 2.0 0.0
39 45 38 0.0 0.0 5.0 39.0 440.0 7.0 0.0
39 45 39 0.0 1.0 4.0 124.0 951.0 17.0 3.0
39 45 40 0.0 0.0 1.0 144.0 1300.0 24.0 4.0
39 45 41 0.0 0.0 2.0 127.0 1011.0 25.0 3.0
39 45 42 0.0 0.0 0.0 75.0 476.0 8.0 0.0
39 45 43 0.0 1.0 0.0 10.0 140.0 1.0 0.0
39 45 44 0.0 0.0 0.0 1.0 17.0 0.0 0.0
40 34 41 0.0 0.0 0.0 0.0 1.0 0.0 0.0
40 34 43 0.0 0.0 0.0 0.0 1.0 0.0 0.0
40 35 35 0.0 0.0 0.0 0.0 1.0 0.0 0.0
40 35 36 0.0 0.0 0.0 2.0 14.0 0.0 0.0
40 35 37 0.0 0.0 0.0 34.0 187.0 1.0 0.0
40 35 38 0.0 0.0 0.0 115.0 719.0 15.0 0.0
40 35 39 0.0 1.0 4.0 176.0 1335.0 22.0 4.0
40 35 40 0.0 3.0 1.0 285.0 1797.0 28.0 4.0
40 35 41 0.0 0.0 3.0 196.0 1430.0 32.0 2.0
40 35 42 0.0 0.0 2.0 92.0 738.0 18.0 1.0
40 35 43 0.0 0.0 0.0 25.0 182.0 3.0 0.0
40 35 44 0.0 0.0 0.0 4.0 17.0 0.0 0.0
40 36 35 0.0 0.0 0.0 1.0 19.0 0.0 0.0
40 36 36 0.0 0.0 1.0 108.0 1405.0 24.0 5.0
40 36 37 0.0 15.0 17.0 1499.0 9017.0 162.0 212.0
40 36 38 0.0 6.0 49.0 3374.0 23044.0 392.0 1654.0
40 36 39 0.0 19.0 81.0 5220.0 32378.0 492.0 4021.0
40 36 40 0.0 14.0 80.0 5547.0 35354.0 546.0 5245.0
40 36 41 0.0 35.0 64.0 4988.0 31746.0 490.0 3823.0
40 36 42 0.0 19.0 69.0 3291.0 21554.0 356.0 1436.0
40 36 43 0.0 10.0 20.0 1290.0 8832.0 161.0 179.0
40 36 44 0.0 1.0 2.0 146.0 1512.0 22.0 5.0
40 36 45 0.0 0.0 0.0 4.0 19.0 0.0 0.0
40 37 35 0.0 0.0 2.0 24.0 210.0 1.0 0.0
40 37 36 0.0 7.0 27.0 883.0 9440.0 170.0 181.0
40 37 37 0.0 34.0 77.0 4474.0 42740.0 579.0 10072.0
40 37 38 0.0 54.0 144.0 7759.0 47577.0 583.0 34553.0
40 37 39 0.0 46.0 108.0 6701.0 44366.0 458.0 50893.0
40 37 40 0.0 35.0 94.0 6952.0 41613.0 391.0 56612.0
40 37 41 0.0 38.0 157.0 6905.0 44564.0 442.0 49568.0
40 37 42 0.0 43.0 122.0 6644.0 49149.0 568.0 31960.0
40 37 43 0.0 37.0 174.0 4376.0 42152.0 606.0 8931.0
40 37 44 0.0 2.0 33.0 811.0 9397.0 186.0 180.0
40 37 45 0.0 0.0 0.0 16.0 173.0 2.0 0.0
40 38 35 0.0 0.0 3.0 66.0 773.0 12.0 1.0
40 38 36 0.0 6.0 49.0 2064.0 23262.0 373.0 1526.0
40 38 37 0.0 21.0 123.0 5248.0 50399.0 570.0 32945.0
40 38 38 0.0 25.0 88.0 3737.0 33083.0 267.0 83423.0
40 38 39 0.0 25.0 93.0 3559.0 25606.0 159.0 103135.0
40 38 40 0.0 23.0 100.0 3365.0 22388.0 152.0 110132.0
40 38 41 0.0 27.0 102.0 3887.0 25217.0 175.0 102415.0
40 38 42 0.0 33.0 153.0 3933.0 33454.0 265.0 82418.0
40 38 43 0.0 24.0 146.0 5393.0 50467.0 548.0 31639.0
40 38 44 0.0 2.0 60.0 2245.0 22157.0 326.0 1354.0
40 38 45 0.0 2.0 1.0 99.0 660.0 15.0 1.0
40 39 34 0.0 0.0 0.0 0.0 1.0 0.0 0.0
40 39 35 0.0 0.0 5.0 127.0 1499.0 27.0 2.0
40 39 36 0.0 16.0 69.0 2989.0 33273.0 490.0 3679.0
40 39 37 0.0 14.0 158.0 4249.0 47712.0 458.0 50099.0
40 39 38 0.0 29.0 75.0 2729.0 26610.0 187.0 102174.0
40 39 39 0.0 15.0 55.0 1704.0 14269.0 57.0 137290.0
40 39 40 0.0 9.0 48.0 1652.0 11907.0 55.0 144720.0
40 39 41 0.0 13.0 59.0 1800.0 15170.0 69.0 135237.0
40 39 42 0.0 26.0 110.0 3218.0 26028.0 180.0 102090.0
40 39 43 0.0 25.0 161.0 4958.0 46985.0 426.0 49156.0
40 39 44 0.0 9.0 90.0 3422.0 33461.0 532.0 3890.0
40 39 45 0.0 0.0 7.0 149.0 1332.0 22.0 1.0
40 39 46 0.0 0.0 0.0 0.0 1.0 0.0 0.0
40 40 35 0.0 1.0 2.0 176.0 1694.0 28.0 0.0
40 40 36 0.0 28.0 114.0 3578.0 36628.0 534.0 4944.0
40 40 37 0.0 26.0 132.0 4502.0 45670.0 434.0 54046.0
40 40 38 0.0 17.0 81.0 2583.0 23598.0 157.0 108559.0
40 40 39 0.0 9.0 65.0 1511.0 12824.0 62.0 141578.0
40 40 40 0.0 3.0 52.0 987.0 8214.0 21.0 166437.0
40 40 41 0.0 10.0 67.0 1563.0 12702.0 58.0 142405.0
40 40 42 0.0 16.0 100.0 2656.0 23780.0 127.0 108730.0
40 40 43 0.0 19.0 197.0 5153.0 45442.0 392.0 53723.0
40 40 44 0.0 54.0 144.0 4380.0 35095.0 531.0 4652.0
40 40 45 0.0 2.0 2.0 167.0 1611.0 33.0 4.0
40 41 34 0.0 0.0 0.0 0.0 3.0 0.0 0.0
40 41 35 0.0 3.0 13.0 119.0 1381.0 24.0 1.0
40 41 36 0.0 9.0 74.0 3082.0 33162.0 508.0 3827.0
40 41 37 0.0 34.0 149.0 4524.0 46938.0 446.0 49294.0
40 41 38 0.0 18.0 103.0 2893.0 26565.0 167.0 101659.0
40 41 39 0.0 13.0 80.0 1628.0 14919.0 76.0 136434.0
40 41 40 0.0 14.0 69.0 1448.0 12860.0 59.0 141819.0
40 41 41 0.0 8.0 68.0 1705.0 14889.0 82.0 137413.0
40 41 42 0.0 19.0 143.0 3040.0 26326.0 172.0 102416.0
40 41 43 0.0 44.0 201.0 5512.0 46027.0 416.0 49999.0
40 41 44 0.0 22.0 115.0 3467.0 32551.0 518.0 3483.0
40 41 45 0.0 1.0 5.0 161.0 1334.0 22.0 1.0
40 41 46 0.0 0.0 0.0 0.0 2.0 0.0 0.0
40 42 35 0.0 0.0 4.0 72.0 634.0 13.0 2.0
40 42 36 0.0 17.0 33.0 1946.0 22083.0 356.0 1276.0
40 42 37 0.0 28.0 196.0 4885.0 50761.0 520.0 31087.0
40 42 38 0.0 23.0 113.0 3188.0 34234.0 298.0 80941.0
40 42 39 0.0 19.0 84.0 2791.0 26766.0 182.0 101484.0
40 42 40 0.0 21.0 124.0 2629.0 24037.0 147.0 108070.0
40 42 41 0.0 22.0 122.0 2717.0 26576.0 184.0 102508.0
40 42 42 0.0 20.0 161.0 3528.0 33645.0 290.0 82807.0
40 42 43 0.0 46.0 248.0 5130.0 50898.0 539.0 32300.0
40 42 44 0.0 23.0 75.0 2536.0 21949.0 339.0 1429.0
40 42 45 0.0 0.0 8.0 83.0 667.0 8.0 0.0
40 43 35 0.0 0.0 0.0 15.0 184.0 4.0 0.0
40 43 36 0.0 0.0 42.0 782.0 8532.0 149.0 156.0
40 43 37 0.0 25.0 130.0 3867.0 42331.0 572.0 8895.0
40 43 38 0.0 34.0 198.0 5088.0 50988.0 562.0 30143.0
40 43 39 0.0 41.0 146.0 5105.0 47010.0 469.0 48812.0
40 43 40 0.0 35.0 191.0 4952.0 45022.0 414.0 53552.0
40 43 41 0.0 42.0 185.0 5112.0 46981.0 465.0 48732.0
40 43 42 0.0 34.0 239.0 5252.0 49994.0 519.0 32537.0
40 43 43 0.0 14.0 235.0 4065.0 43547.0 612.0 10010.0
40 43 44 0.0 8.0 104.0 833.0 8991.0 151.0 185.0
40 43 45 0.0 0.0 0.0 17.0 180.0 2.0 0.0
40 44 35 0.0 0.0 0.0 1.0 17.0 0.0 0.0
40 44 36 0.0 0.0 2.0 110.0 1344.0 22.0 1.0
40 44 37 0.0 2.0 15.0 805.0 8032.0 134.0 147.0
40 44 38 0.0 8.0 51.0 2334.0 21207.0 347.0 1261.0
40 44 39 0.0 33.0 122.0 3478.0 31827.0 491.0 3554.0
40 44 40 0.0 16.0 132.0 3883.0 35508.0 516.0 4958.0
40 44 41 0.0 15.0 116.0 3325.0 33128.0 501.0 3787.0
40 44 42 0.0 3.0 40.0 2405.0 22248.0 400.0 1379.0
40 44 43 0.0 10.0 36.0 878.0 9348.0 172.0 183.0
40 44 44 0.0 0.0 12.0 121.0 1618.0 29.0 6.0
40 44 45 0.0 0.0 0.0 0.0 18.0 0.0 0.0
40 45 36 0.0 0.0 0.0 1.0 10.0 0.0 0.0
40 45 37 0.0 0.0 1.0 22.0 211.0 3.0 0.0
40 45 38 0.0 1.0 2.0 78.0 564.0 15.0 1.0
40 45 39 0.0 0.0 1.0 139.0 1328.0 25.0 5.0
40 45 40 0.0 2.0 6.0 151.0 1678.0 25.0 5.0
40 45 41 0.0 0.0 5.0 141.0 1366.0 25.0 6.0
40 45 42 0.0 0.0 2.0 96.0 664.0 11.0 1.0
40 45 43 0.0 0.0 0.0 23.0 208.0 1.0 0.0
40 45 44 0.0 0.0 0.0 3.0 21.0 0.0 0.0
40 45 45 0.0 0.0 0.0 0.0 1.0 0.0 0.0
41 35 36 0.0 0.0 1.0 1.0 25.0 0.0 0.0
41 35 37 0.0 0.0 1.0 21.0 160.0 4.0 0.0
41 35 38 0.0 1.0 1.0 62.0 633.0 15.0 1.0
41 35 39 0.0 2.0 3.0 163.0 1062.0 22.0 4.0
41 35 40 0.0 3.0 3.0 261.0 1360.0 28.0 2.0
41 35 41 0.0 0.0 6.0 207.0 1037.0 16.0 2.0
41 35 42 0.0 0.0 1.0 60.0 518.0 11.0 0.0
41 35 43 0.0 0.0 0.0 33.0 145.0 3.0 0.0
41 35 44 0.0 0.0 0.0 1.0 9.0 1.0 0.0
41 35 45 0.0 0.0 0.0 0.0 1.0 0.0 0.0
41 36 35 0.0 0.0 0.0 0.0 7.0 0.0 0.0
41 36 36 0.0 1.0 7.0 166.0 1322.0 37.0 1.0
41 36 37 0.0 1.0 50.0 923.0 7566.0 133.0 119.0
41 36 38 0.0 14.0 25.0 2949.0 19507.0 335.0 1133.0
41 36 39 0.0 60.0 73.0 4832.0 28552.0 455.0 3039.0
41 36 40 0.0 21.0 105.0 5069.0 32173.0 493.0 3906.0
41 36 41 0.0 15.0 97.0 4825.0 27825.0 439.0 2741.0
41 36 42 0.0 16.0 85.0 2738.0 18908.0 324.0 1039.0
41 36 43 0.0 2.0 10.0 1084.0 7134.0 143.0 113.0
41 36 44 0.0 1.0 0.0 85.0 1258.0 21.0 1.0
41 36 45 0.0 0.0 0.0 0.0 14.0 0.0 0.0
41 37 35 0.0 0.0 0.0 16.0 148.0 6.0 0.0
41 37 36 0.0 2.0 20.0 785.0 7887.0 143.0 116.0
41 37 37 0.0 39.0 79.0 4850.0 39351.0 570.0 7733.0
41 37 38 0.0 29.0 170.0 6065.0 49765.0 550.0 28176.0
41 37 39 0.0 34.0 122.0 6792.0 46347.0 516.0 45091.0
41 37 40 0.0 73.0 144.0 7580.0 44485.0 460.0 49975.0
41 37 41 0.0 73.0 135.0 7577.0 45813.0 529.0 44381.0
41 37 42 0.0 103.0 148.0 7749.0 48019.0 574.0 26802.0
41 37 43 0.0 14.0 134.0 4258.0 38777.0 566.0 7120.0
41 37 44 0.0 2.0 32.0 753.0 7210.0 151.0 118.0
41 37 45 0.0 0.0 0.0 10.0 186.0 4.0 0.0
41 38 35 0.0 0.0 2.0 72.0 468.0 12.0 0.0
41 38 36 0.0 22.0 42.0 1789.0 19742.0 349.0 961.0
41 38 37 0.0 26.0 167.0 5196.0 50929.0 549.0 27299.0
41 38 38 0.0 38.0 125.0 4054.0 36768.0 298.0 75127.0
41 38 39 0.0 43.0 84.0 3934.0 27968.0 212.0 96875.0
41 38 40 0.0 30.0 98.0 3937.0 24994.0 178.0 102977.0
41 38 41 0.0 35.0 121.0 4401.0 27238.0 187.0 97183.0
41 38 42 0.0 24.0 107.0 4224.0 36130.0 278.0 75892.0
41 38 43 0.0 38.0 201.0 5397.0 50585.0 570.0 26823.0
41 38 44 0.0 34.0 44.0 2330.0 18759.0 312.0 921.0
41 38 45 0.0 0.0 1.0 49.0 520.0 9.0 0.0
41 39 34 0.0 0.0 0.0 0.0 1.0 0.0 0.0
41 39 35 0.0 1.0 1.0 104.0 1052.0 22.0 0.0
41 39 36 0.0 3.0 87.0 2491.0 29928.0 419.0 2829.0
41 39 37 0.0 30.0 152.0 4451.0 48730.0 461.0 44750.0
41 39 38 0.0 12.0 94.0 2970.0 28402.0 192.0 96785.0
41 39 39 0.0 20.0 59.0 1918.0 16438.0 57.0 131655.0
41 39 40 0.0 13.0 78.0 1893.0 14866.0 67.0 135011.0
41 39 41 0.0 11.0 66.0 2115.0 16515.0 90.0 131830.0
41 39 42 0.0 29.0 125.0 3346.0 28681.0 199.0 96860.0
41 39 43 0.0 15.0 164.0 5311.0 48351.0 530.0 43979.0
41 39 44 0.0 13.0 93.0 3131.0 29345.0 476.0 2762.0
41 39 45 0.0 0.0 6.0 114.0 1124.0 19.0 3.0
41 39 46 0.0 0.0 0.0 0.0 1.0 0.0 0.0
41 40 35 0.0 0.0 5.0 111.0 1495.0 28.0 3.0
41 40 36 0.0 14.0 73.0 3394.0 33453.0 515.0 3992.0
41 40 37 0.0 26.0 144.0 4448.0 47528.0 471.0 49150.0
41 40 38 0.0 18.0 105.0 2481.0 26704.0 174.0 102822.0
41 40 39 0.0 12.0 66.0 1511.0 14747.0 68.0 138032.0
41 40 40 0.0 4.0 70.0 1445.0 12576.0 58.0 142189.0
41 40 41 0.0 12.0 76.0 1630.0 14921.0 69.0 136414.0
41 40 42 0.0 24.0 151.0 2896.0 26403.0 201.0 102142.0
41 40 43 0.0 24.0 165.0 5078.0 46728.0 452.0 49306.0
41 40 44 0.0 19.0 127.0 3710.0 33161.0 517.0 3775.0
41 40 45 0.0 2.0 1.0 161.0 1363.0 35.0 4.0
41 40 46 0.0 0.0 0.0 0.0 2.0 0.0 0.0
41 41 34 0.0 0.0 0.0 0.0 1.0 0.0 0.0
41 41 35 0.0 0.0 4.0 112.0 1078.0 21.0 2.0
41 41 36 0.0 5.0 90.0 2889.0 29035.0 485.0 2569.0
41 41 37 0.0 42.0 173.0 4544.0 49197.0 457.0 43867.0
41 41 38 0.0 23.0 112.0 2805.0 29216.0 199.0 95737.0
41 41 39 0.0 12.0 76.0 1681.0 17177.0 82.0 131330.0
41 41 40 0.0 12.0 88.0 1505.0 15024.0 88.0 136029.0
41 41 41 0.0 9.0 77.0 1730.0 16645.0 81.0 132971.0
41 41 42 0.0 25.0 154.0 3028.0 28850.0 191.0 96289.0
41 41 43 0.0 42.0 162.0 5159.0 48586.0 472.0 43946.0
41 41 44 0.0 18.0 89.0 3105.0 29325.0 465.0 2846.0
41 41 45 0.0 0.0 3.0 108.0 1051.0 18.0 1.0
41 42 35 0.0 0.0 0.0 42.0 533.0 9.0 0.0
41 42 36 0.0 6.0 67.0 1600.0 19443.0 347.0 958.0
41 42 37 0.0 27.0 209.0 4290.0 51103.0 596.0 27010.0
41 42 38 0.0 36.0 131.0 3801.0 36889.0 354.0 75674.0
41 42 39 0.0 18.0 137.0 2996.0 29339.0 194.0 95813.0
41 42 40 0.0 21.0 122.0 2633.0 26382.0 193.0 102768.0
41 42 41 0.0 18.0 151.0 3173.0 28912.0 212.0 96188.0
41 42 42 0.0 13.0 207.0 3682.0 36622.0 330.0 76161.0
41 42 43 0.0 32.0 158.0 5572.0 50504.0 585.0 27766.0
41 42 44 0.0 2.0 45.0 1811.0 19514.0 297.0 990.0
41 42 45 0.0 0.0 1.0 42.0 561.0 10.0 0.0
41 43 35 0.0 0.0 0.0 7.0 137.0 2.0 1.0
41 43 36 0.0 0.0 19.0 706.0 7099.0 112.0 106.0
41 43 37 0.0 35.0 68.0 3773.0 38810.0 529.0 6849.0
41 43 38 0.0 43.0 190.0 5296.0 50047.0 609.0 27115.0
41 43 39 0.0 34.0 180.0 4725.0 49014.0 435.0 43508.0
41 43 40 0.0 35.0 212.0 4940.0 47182.0 461.0 48622.0
41 43 41 0.0 17.0 237.0 4707.0 48281.0 469.0 44382.0
41 43 42 0.0 8.0 175.0 4709.0 50991.0 532.0 26906.0
41 43 43 0.0 1.0 136.0 3548.0 40276.0 593.0 7562.0
41 43 44 0.0 5.0 49.0 897.0 7607.0 139.0 119.0
41 43 45 0.0 0.0 0.0 12.0 126.0 1.0 0.0
41 44 35 0.0 0.0 0.0 0.0 11.0 0.0 0.0
41 44 36 0.0 0.0 1.0 100.0 1115.0 22.0 2.0
41 44 37 0.0 2.0 13.0 606.0 7189.0 134.0 98.0
41 44 38 0.0 6.0 48.0 1871.0 18338.0 296.0 855.0
41 44 39 0.0 14.0 92.0 2820.0 27977.0 469.0 2352.0
41 44 40 0.0 16.0 123.0 3165.0 32667.0 500.0 3758.0
41 44 41 0.0 8.0 156.0 3131.0 29387.0 486.0 2846.0
41 44 42 0.0 6.0 78.0 2421.0 19512.0 325.0 1054.0
41 44 43 0.0 2.0 20.0 688.0 7931.0 124.0 143.0
41 44 44 0.0 0.0 1.0 92.0 1229.0 26.0 1.0
41 44 45 0.0 0.0 0.0 1.0 14.0 1.0 0.0
41 45 36 0.0 0.0 0.0 3.0 14.0 0.0 0.0
41 45 37 0.0 0.0 1.0 21.0 113.0 3.0 0.0
41 45 38 0.0 0.0 0.0 50.0 487.0 8.0 0.0
41 45 39 0.0 1.0 2.0 108.0 1079.0 16.0 0.0
41 45 40 0.0 0.0 6.0 141.0 1240.0 20.0 1.0
41 45 41 0.0 0.0 4.0 90.0 1098.0 24.0 3.0
41 45 42 0.0 0.0 6.0 38.0 629.0 6.0 0.0
41 45 43 0.0 0.0 0.0 24.0 145.0 1.0 0.0
41 45 44 0.0 0.0 0.0 2.0 13.0 1.0 0.0
41 45 45 0.0 0.0 0.0 0.0 1.0 0.0 0.0
41 46 39 0.0 0.0 0.0 0.0 2.0 0.0 0.0
42 35 36 0.0 0.0 0.0 3.0 5.0 0.0 0.0
42 35 37 0.0 0.0 0.0 10.0 52.0 0.0 0.0
42 35 38 0.0 0.0 0.0 38.0 315.0 6.0 0.0
42 35 39 0.0 0.0 0.0 79.0 574.0 12.0 0.0
42 35 40 0.0 1.0 2.0 123.0 645.0 14.0 0.0
42 35 41 0.0 0.0 2.0 72.0 549.0 7.0 0.0
42 35 42 0.0 0.0 0.0 40.0 237.0 7.0 0.0
42 35 43 0.0 0.0 0.0 5.0 57.0 2.0 0.0
42 35 44 0.0 0.0 0.0 6.0 5.0 0.0 0.0
42 36 35 0.0 0.0 0.0 1.0 7.0 0.0 0.0
42 36 36 0.0 0.0 0.0 105.0 658.0 13.0 0.0
42 36 37 0.0 5.0 14.0 490.0 4227.0 63.0 29.0
42 36 38 0.0 13.0 11.0 1603.0 11604.0 226.0 310.0
42 36 39 0.0 21.0 51.0 2825.0 18845.0 356.0 1006.0
42 36 40 0.0 23.0 63.0 3250.0 21562.0 336.0 1380.0
42 36 41 0.0 26.0 32.0 3310.0 17519.0 319.0 945.0
42 36 42 0.0 6.0 30.0 1968.0 11135.0 208.0 341.0
42 36 43 0.0 10.0 15.0 581.0 3832.0 73.0 37.0
42 36 44 0.0 5.0 2.0 56.0 601.0 6.0 1.0
42 36 45 0.0 0.0 0.0 0.0 16.0 0.0 0.0
42 37 35 0.0 0.0 1.0 11.0 91.0 3.0 0.0
42 37 36 0.0 3.0 8.0 437.0 4045.0 61.0 38.0
42 37 37 0.0 26.0 54.0 2881.0 28748.0 397.0 2916.0
42 37 38 0.0 47.0 59.0 5979.0 45613.0 570.0 13993.0
42 37 39 0.0 114.0 154.0 7171.0 48390.0 573.0 26875.0
42 37 40 0.0 86.0 130.0 8416.0 47033.0 502.0 32005.0
42 37 41 0.0 66.0 154.0 7854.0 48160.0 598.0 27462.0
42 37 42 0.0 47.0 185.0 6493.0 45182.0 626.0 15117.0
42 37 43 0.0 11.0 123.0 3302.0 28278.0 480.0 2958.0
42 37 44 0.0 1.0 6.0 454.0 4070.0 79.0 33.0
42 37 45 0.0 0.0 0.0 8.0 48.0 0.0 0.0
42 38 35 0.0 0.0 0.0 19.0 247.0 5.0 0.0
42 38 36 0.0 1.0 14.0 1036.0 11659.0 185.0 294.0
42 38 37 0.0 27.0 86.0 4412.0 47768.0 618.0 15373.0
42 38 38 0.0 56.0 103.0 5122.0 42402.0 424.0 56077.0
42 38 39 0.0 56.0 135.0 4750.0 36440.0 277.0 73309.0
42 38 40 0.0 38.0 115.0 4508.0 34109.0 275.0 79991.0
42 38 41 0.0 25.0 116.0 4687.0 36109.0 304.0 74493.0
42 38 42 0.0 22.0 176.0 4922.0 43200.0 448.0 54881.0
42 38 43 0.0 26.0 161.0 4960.0 46700.0 615.0 14710.0
42 38 44 0.0 0.0 39.0 1104.0 11285.0 202.0 282.0
42 38 45 0.0 0.0 0.0 29.0 211.0 6.0 0.0
42 39 35 0.0 0.0 2.0 56.0 563.0 10.0 2.0
42 39 36 0.0 22.0 62.0 1594.0 19540.0 312.0 1012.0
42 39 37 0.0 17.0 130.0 4684.0 50988.0 633.0 27313.0
42 39 38 0.0 31.0 128.0 3665.0 36141.0 281.0 76286.0
42 39 39 0.0 37.0 92.0 3160.0 29001.0 212.0 95917.0
42 39 40 0.0 25.0 109.0 3003.0 26341.0 185.0 102200.0
42 39 41 0.0 31.0 112.0 3441.0 28983.0 199.0 95332.0
42 39 42 0.0 37.0 128.0 4234.0 36021.0 305.0 75261.0
42 39 43 0.0 35.0 156.0 4976.0 50660.0 592.0 27062.0
42 39 44 0.0 5.0 39.0 1760.0 19166.0 316.0 914.0
42 39 45 0.0 0.0 2.0 42.0 539.0 12.0 0.0
42 40 35 0.0 0.0 0.0 54.0 652.0 11.0 1.0
42 40 36 0.0 11.0 96.0 1934.0 22924.0 370.0 1391.0
42 40 37 0.0 13.0 143.0 4418.0 51093.0 564.0 32182.0
42 40 38 0.0 13.0 148.0 3072.0 34194.0 236.0 82445.0
42 40 39 0.0 11.0 122.0 2618.0 26653.0 188.0 102189.0
42 40 40 0.0 8.0 138.0 2402.0 24082.0 162.0 108749.0
42 40 41 0.0 14.0 117.0 2846.0 26420.0 159.0 102260.0
42 40 42 0.0 33.0 146.0 3431.0 33953.0 295.0 82282.0
42 40 43 0.0 32.0 168.0 5279.0 50467.0 584.0 31163.0
42 40 44 0.0 6.0 65.0 2337.0 22275.0 377.0 1338.0
42 40 45 0.0 0.0 1.0 52.0 655.0 6.0 1.0
42 41 35 0.0 0.0 5.0 46.0 472.0 10.0 0.0
42 41 36 0.0 17.0 60.0 1758.0 18895.0 327.0 925.0
42 41 37 0.0 20.0 204.0 3950.0 52223.0 596.0 26549.0
42 41 38 0.0 10.0 171.0 2967.0 37100.0 268.0 75874.0
42 41 39 0.0 22.0 135.0 2535.0 29019.0 185.0 97116.0
42 41 40 0.0 19.0 127.0 2510.0 26321.0 169.0 102783.0
42 41 41 0.0 18.0 133.0 2783.0 28940.0 210.0 97660.0
42 41 42 0.0 18.0 148.0 3448.0 36765.0 293.0 75392.0
42 41 43 0.0 28.0 157.0 4633.0 51165.0 632.0 27225.0
42 41 44 0.0 5.0 66.0 2087.0 19011.0 335.0 961.0
42 41 45 0.0 2.0 0.0 50.0 500.0 7.0 0.0
42 42 35 0.0 0.0 0.0 20.0 236.0 8.0 0.0
42 42 36 0.0 4.0 38.0 983.0 11613.0 210.0 271.0
42 42 37 0.0 21.0 117.0 4507.0 46701.0 562.0 14052.0
42 42 38 0.0 33.0 160.0 4180.0 44057.0 435.0 54466.0
42 42 39 0.0 17.0 159.0 3496.0 38263.0 315.0 73005.0
42 42 40 0.0 9.0 166.0 3129.0 33856.0 273.0 83155.0
42 42 41 0.0 29.0 178.0 3394.0 36727.0 282.0 75891.0
42 42 42 0.0 18.0 152.0 3529.0 43236.0 382.0 57441.0
42 42 43 0.0 14.0 130.0 4107.0 47896.0 573.0 15379.0
42 42 44 0.0 5.0 53.0 1073.0 11871.0 206.0 314.0
42 42 45 0.0 0.0 0.0 19.0 258.0 5.0 1.0
42 43 35 0.0 0.0 1.0 2.0 65.0 1.0 0.0
42 43 36 0.0 2.0 12.0 344.0 4162.0 74.0 34.0
42 43 37 0.0 16.0 80.0 2944.0 27468.0 480.0 2676.0
42 43 38 0.0 25.0 129.0 4067.0 46885.0 568.0 13390.0
42 43 39 0.0 22.0 130.0 4585.0 51134.0 529.0 26570.0
42 43 40 0.0 16.0 191.0 4724.0 51276.0 577.0 31050.0
42 43 41 0.0 39.0 171.0 5002.0 50891.0 579.0 28124.0
42 43 42 0.0 22.0 156.0 4342.0 47453.0 616.0 14540.0
42 43 43 0.0 5.0 74.0 2706.0 29035.0 455.0 2962.0
42 43 44 0.0 4.0 17.0 449.0 4408.0 84.0 32.0
42 43 45 0.0 0.0 0.0 5.0 80.0 1.0 0.0
42 44 35 0.0 0.0 0.0 0.0 3.0 0.0 0.0
42 44 36 0.0 0.0 2.0 34.0 572.0 8.0 0.0
42 44 37 0.0 3.0 9.0 351.0 3708.0 71.0 22.0
42 44 38 0.0 2.0 37.0 1072.0 11123.0 181.0 266.0
42 44 39 0.0 19.0 52.0 1665.0 19244.0 306.0 923.0
42 44 40 0.0 7.0 66.0 1870.0 22460.0 388.0 1332.0
42 44 41 0.0 2.0 48.0 1701.0 19389.0 325.0 922.0
42 44 42 0.0 0.0 33.0 1092.0 11950.0 186.0 280.0
42 44 43 0.0 0.0 17.0 329.0 3957.0 85.0 28.0
42 44 44 0.0 2.0 0.0 66.0 587.0 11.0 1.0
42 44 45 0.0 0.0 0.0 2.0 10.0 0.0 0.0
42 45 36 0.0 0.0 0.0 0.0 6.0 0.0 0.0
42 45 37 0.0 0.0 0.0 6.0 44.0 1.0 0.0
42 45 38 0.0 0.0 0.0 34.0 235.0 5.0 0.0
42 45 39 0.0 0.0 0.0 63.0 531.0 14.0 0.0
42 45 40 0.0 0.0 1.0 70.0 608.0 10.0 2.0
42 45 41 0.0 0.0 3.0 58.0 520.0 9.0 0.0
42 45 42 0.0 0.0 0.0 19.0 268.0 1.0 0.0
42 45 43 0.0 0.0 0.0 7.0 50.0 2.0 0.0
42 45 44 0.0 0.0 0.0 0.0 2.0 0.0 0.0
42 46 39 0.0 0.0 0.0 2.0 0.0 0.0 0.0
43 35 37 0.0 0.0 0.0 2.0 14.0 0.0 0.0
43 35 38 0.0 0.0 0.0 1.0 74.0 0.0 0.0
43 35 39 0.0 0.0 0.0 15.0 157.0 2.0 0.0
43 35 40 0.0 0.0 0.0 31.0 161.0 0.0 0.0
43 35 41 0.0 1.0 0.0 24.0 132.0 5.0 0.0
43 35 42 0.0 0.0 0.0 12.0 73.0 3.0 0.0
43 35 43 0.0 0.0 0.0 1.0 16.0 0.0 0.0
43 36 36 0.0 0.0 0.0 14.0 176.0 6.0 0.0
43 36 37 0.0 0.0 4.0 170.0 1219.0 20.0 2.0
43 36 38 0.0 10.0 21.0 613.0 3542.0 50.0 30.0
43 36 39 0.0 15.0 14.0 1000.0 7133.0 135.0 115.0
43 36 40 0.0 15.0 14.0 1282.0 8365.0 140.0 168.0
43 36 41 0.0 3.0 17.0 944.0 6863.0 136.0 94.0
43 36 42 0.0 2.0 16.0 689.0 3858.0 79.0 30.0
43 36 43 0.0 2.0 1.0 201.0 1283.0 31.0 2.0
43 36 44 0.0 0.0 0.0 22.0 190.0 5.0 1.0
43 36 45 0.0 0.0 0.0 0.0 1.0 0.0 0.0
43 37 35 0.0 0.0 0.0 0.0 12.0 0.0 0.0
43 37 36 0.0 3.0 1.0 113.0 1435.0 29.0 2.0
43 37 37 0.0 1.0 4.0 1153.0 11345.0 193.0 309.0
43 37 38 0.0 37.0 69.0 3227.0 25756.0 410.0 2335.0
43 37 39 0.0 17.0 93.0 4428.0 37959.0 571.0 6621.0
43 37 40 0.0 39.0 130.0 4537.0 40843.0 534.0 8716.0
43 37 41 0.0 13.0 99.0 4619.0 37974.0 567.0 6840.0
43 37 42 0.0 13.0 42.0 2772.0 27543.0 468.0 2807.0
43 37 43 0.0 6.0 26.0 1068.0 11315.0 218.0 341.0
43 37 44 0.0 1.0 2.0 140.0 1266.0 20.0 4.0
43 37 45 0.0 0.0 0.0 5.0 24.0 2.0 0.0
43 38 35 0.0 0.0 0.0 12.0 86.0 3.0 0.0
43 38 36 0.0 2.0 12.0 341.0 4170.0 81.0 37.0
43 38 37 0.0 48.0 58.0 2850.0 29721.0 459.0 3241.0
43 38 38 0.0 36.0 123.0 4430.0 46933.0 620.0 14484.0
43 38 39 0.0 40.0 142.0 5258.0 50655.0 582.0 25298.0
43 38 40 0.0 51.0 133.0 5397.0 50330.0 557.0 30622.0
43 38 41 0.0 29.0 160.0 5855.0 50055.0 525.0 25748.0
43 38 42 0.0 75.0 110.0 5174.0 46294.0 630.0 14265.0
43 38 43 0.0 20.0 85.0 3157.0 26799.0 433.0 2540.0
43 38 44 0.0 0.0 14.0 439.0 3979.0 79.0 38.0
43 38 45 0.0 0.0 0.0 16.0 72.0 1.0 0.0
43 39 35 0.0 0.0 0.0 10.0 120.0 1.0 0.0
43 39 36 0.0 1.0 29.0 660.0 7451.0 141.0 115.0
43 39 37 0.0 13.0 126.0 3349.0 41031.0 550.0 7902.0
43 39 38 0.0 28.0 137.0 5021.0 51001.0 575.0 27185.0
43 39 39 0.0 37.0 184.0 4891.0 48456.0 469.0 43436.0
43 39 40 0.0 28.0 161.0 4739.0 47944.0 449.0 48636.0
43 39 41 0.0 43.0 170.0 5116.0 49011.0 469.0 43006.0
43 39 42 0.0 27.0 185.0 5483.0 50187.0 581.0 26718.0
43 39 43 0.0 17.0 117.0 3986.0 40180.0 599.0 7734.0
43 39 44 0.0 2.0 11.0 935.0 7339.0 123.0 130.0
43 39 45 0.0 0.0 1.0 12.0 137.0 1.0 1.0
43 40 35 0.0 0.0 0.0 28.0 192.0 4.0 0.0
43 40 36 0.0 3.0 44.0 701.0 9367.0 171.0 164.0
43 40 37 0.0 2.0 220.0 3094.0 43980.0 574.0 9799.0
43 40 38 0.0 13.0 169.0 4656.0 51061.0 543.0 32291.0
43 40 39 0.0 22.0 180.0 4296.0 47553.0 472.0 49320.0
43 40 40 0.0 18.0 178.0 4082.0 45619.0 423.0 54250.0
43 40 41 0.0 9.0 211.0 4394.0 47469.0 466.0 49409.0
43 40 42 0.0 49.0 179.0 5102.0 50266.0 540.0 32031.0
43 40 43 0.0 30.0 123.0 4201.0 43084.0 558.0 9972.0
43 40 44 0.0 3.0 26.0 885.0 9212.0 153.0 181.0
43 40 45 0.0 0.0 0.0 9.0 191.0 2.0 0.0
43 41 35 0.0 0.0 0.0 5.0 148.0 3.0 0.0
43 41 36 0.0 0.0 11.0 595.0 7172.0 123.0 80.0
43 41 37 0.0 15.0 189.0 2913.0 40400.0 527.0 7327.0
43 41 38 0.0 8.0 220.0 3975.0 52036.0 580.0 26662.0
43 41 39 0.0 13.0 189.0 4260.0 49030.0 526.0 44353.0
43 41 40 0.0 22.0 187.0 4150.0 48136.0 443.0 48721.0
43 41 41 0.0 46.0 198.0 4574.0 48791.0 496.0 43868.0
43 41 42 0.0 22.0 177.0 4238.0 51507.0 605.0 27480.0
43 41 43 0.0 1.0 115.0 3515.0 41042.0 603.0 7902.0
43 41 44 0.0 0.0 19.0 761.0 7804.0 143.0 111.0
43 41 45 0.0 0.0 0.0 12.0 192.0 1.0 0.0
43 42 35 0.0 0.0 0.0 9.0 58.0 5.0 0.0
43 42 36 0.0 1.0 4.0 349.0 3910.0 64.0 29.0
43 42 37 0.0 8.0 119.0 2070.0 28532.0 422.0 2773.0
43 42 38 0.0 9.0 173.0 3891.0 47632.0 618.0 14114.0
43 42 39 0.0 21.0 206.0 4434.0 51660.0 560.0 27198.0
43 42 40 0.0 31.0 210.0 4299.0 50719.0 555.0 32318.0
43 42 41 0.0 53.0 255.0 4786.0 51098.0 601.0 28013.0
43 42 42 0.0 13.0 203.0 3712.0 48360.0 598.0 15543.0
43 42 43 0.0 110.0 93.0 2824.0 29529.0 440.0 3188.0
43 42 44 0.0 19.0 8.0 450.0 4225.0 88.0 26.0
43 42 45 0.0 0.0 0.0 24.0 61.0 1.0 0.0
43 43 35 0.0 0.0 0.0 0.0 8.0 0.0 0.0
43 43 36 0.0 0.0 4.0 84.0 1358.0 16.0 2.0
43 43 37 0.0 2.0 33.0 1024.0 10867.0 196.0 315.0
43 43 38 0.0 16.0 49.0 2656.0 26989.0 442.0 2452.0
43 43 39 0.0 21.0 135.0 3538.0 39258.0 584.0 7179.0
43 43 40 0.0 7.0 158.0 3663.0 43697.0 600.0 10038.0
43 43 41 0.0 6.0 156.0 3352.0 40877.0 540.0 7961.0
43 43 42 0.0 16.0 87.0 2372.0 30059.0 464.0 3117.0
43 43 43 0.0 55.0 25.0 1209.0 12250.0 202.0 433.0
43 43 44 0.0 1.0 13.0 115.0 1503.0 29.0 2.0
43 43 45 0.0 0.0 0.0 4.0 30.0 0.0 0.0
43 44 35 0.0 0.0 0.0 1.0 1.0 0.0 0.0
43 44 36 0.0 0.0 0.0 6.0 127.0 3.0 0.0
43 44 37 0.0 0.0 1.0 117.0 1196.0 24.0 3.0
43 44 38 0.0 1.0 11.0 306.0 3730.0 60.0 24.0
43 44 39 0.0 3.0 18.0 877.0 7055.0 136.0 121.0
43 44 40 0.0 1.0 38.0 765.0 8909.0 156.0 166.0
43 44 41 0.0 0.0 34.0 571.0 7513.0 121.0 112.0
43 44 42 0.0 0.0 15.0 354.0 3932.0 63.0 33.0
43 44 43 0.0 0.0 11.0 143.0 1298.0 28.0 5.0
43 44 44 0.0 1.0 0.0 24.0 146.0 3.0 0.0
43 44 45 0.0 0.0 0.0 0.0 1.0 0.0 0.0
43 45 36 0.0 0.0 0.0 0.0 1.0 0.0 0.0
43 45 37 0.0 0.0 0.0 0.0 5.0 0.0 0.0
43 45 38 0.0 0.0 0.0 7.0 57.0 1.0 0.0
43 45 39 0.0 0.0 0.0 10.0 144.0 4.0 0.0
43 45 40 0.0 0.0 0.0 9.0 144.0 2.0 0.0
43 45 41 0.0 0.0 1.0 16.0 128.0 6.0 0.0
43 45 42 0.0 0.0 0.0 9.0 65.0 1.0 0.0
43 45 43 0.0 0.0 0.0 0.0 18.0 1.0 0.0
44 35 38 0.0 0.0 0.0 0.0 1.0 0.0 0.0
44 35 39 0.0 0.0 0.0 1.0 8.0 0.0 0.0
44 35 40 0.0 0.0 0.0 1.0 16.0 0.0 0.0
44 35 41 0.0 0.0 0.0 1.0 12.0 0.0 0.0
44 35 42 0.0 0.0 0.0 0.0 1.0 0.0 0.0
44 36 36 0.0 0.0 0.0 0.0 11.0 0.0 0.0
44 36 37 0.0 0.0 0.0 13.0 110.0 2.0 0.0
44 36 38 0.0 0.0 1.0 44.0 428.0 10.0 2.0
44 36 39 0.0 2.0 6.0 101.0 1053.0 15.0 1.0
44 36 40 0.0 0.0 8.0 149.0 1439.0 28.0 4.0
44 36 41 0.0 0.0 2.0 136.0 1130.0 26.0 3.0
44 36 42 0.0 0.0 2.0 48.0 441.0 9.0 0.0
44 36 43 0.0 0.0 0.0 15.0 141.0 2.0 0.0
44 36 44 0.0 0.0 0.0 0.0 14.0 0.0 0.0
44 37 35 0.0 0.0 0.0 0.0 2.0 0.0 0.0
44 37 36 0.0 1.0 0.0 18.0 173.0 4.0 0.0
44 37 37 0.0 1.0 0.0 126.0 1258.0 24.0 3.0
44 37 38 0.0 2.0 10.0 312.0 4011.0 79.0 26.0
44 37 39 0.0 0.0 12.0 629.0 6952.0 122.0 71.0
44 37 40 0.0 1.0 37.0 839.0 8220.0 149.0 139.0
44 37 41 0.0 3.0 25.0 781.0 7300.0 122.0 100.0
44 37 42 0.0 2.0 24.0 370.0 3794.0 55.0 32.0
44 37 43 0.0 1.0 1.0 102.0 1230.0 21.0 1.0
44 37 44 0.0 0.0 0.0 13.0 137.0 1.0 0.0
44 38 35 0.0 0.0 0.0 2.0 1.0 0.0 0.0
44 38 36 0.0 1.0 1.0 55.0 652.0 15.0 2.0
44 38 37 0.0 0.0 18.0 329.0 4340.0 87.0 28.0
44 38 38 0.0 5.0 36.0 1166.0 11475.0 190.0 278.0
44 38 39 0.0 14.0 44.0 1833.0 17972.0 285.0 783.0
44 38 40 0.0 3.0 133.0 2309.0 21062.0 358.0 1276.0
44 38 41 0.0 1.0 52.0 1798.0 18675.0 324.0 894.0
44 38 42 0.0 1.0 44.0 1182.0 11084.0 219.0 286.0
44 38 43 0.0 5.0 6.0 429.0 3826.0 64.0 39.0
44 38 44 0.0 0.0 4.0 63.0 518.0 10.0 0.0
44 38 45 0.0 0.0 0.0 0.0 10.0 0.0 0.0
44 39 35 0.0 0.0 0.0 0.0 14.0 0.0 0.0
44 39 36 0.0 2.0 6.0 121.0 1193.0 25.0 3.0
44 39 37 0.0 0.0 42.0 674.0 7681.0 138.0 128.0
44 39 38 0.0 9.0 42.0 1595.0 19248.0 322.0 937.0
44 39 39 0.0 25.0 125.0 3114.0 28981.0 471.0 2690.0
44 39 40 0.0 7.0 132.0 2881.0 32917.0 518.0 3576.0
44 39 41 0.0 10.0 74.0 2816.0 28675.0 445.0 2606.0
44 39 42 0.0 10.0 77.0 2135.0 19650.0 317.0 1026.0
44 39 43 0.0 1.0 22.0 886.0 7822.0 142.0 142.0
44 39 44 0.0 0.0 16.0 119.0 1197.0 22.0 0.0
44 39 45 0.0 0.0 0.0 0.0 17.0 0.0 0.0
44 40 35 0.0 0.0 0.0 1.0 20.0 1.0 0.0
44 40 36 0.0 0.0 3.0 121.0 1636.0 18.0 3.0
44 40 37 0.0 2.0 18.0 669.0 9037.0 147.0 179.0
44 40 38 0.0 5.0 87.0 1814.0 22454.0 365.0 1309.0
44 40 39 0.0 10.0 119.0 2692.0 33504.0 504.0 3687.0
44 40 40 0.0 15.0 114.0 3105.0 37409.0 506.0 5176.0
44 40 41 0.0 8.0 171.0 2969.0 33523.0 477.0 3738.0
44 40 42 0.0 11.0 66.0 1960.0 21862.0 388.0 1232.0
44 40 43 0.0 4.0 38.0 870.0 8714.0 148.0 141.0
44 40 44 0.0 0.0 3.0 128.0 1625.0 23.0 5.0
44 40 45 0.0 0.0 0.0 0.0 16.0 0.0 0.0
44 41 35 0.0 0.0 0.0 0.0 15.0 0.0 0.0
44 41 36 0.0 0.0 0.0 79.0 1211.0 21.0 1.0
44 41 37 0.0 3.0 23.0 665.0 7632.0 150.0 94.0
44 41 38 0.0 16.0 47.0 1672.0 19127.0 325.0 923.0
44 41 39 0.0 0.0 90.0 2547.0 29754.0 459.0 2728.0
44 41 40 0.0 13.0 124.0 3019.0 34099.0 547.0 3850.0
44 41 41 0.0 24.0 93.0 2427.0 29890.0 428.0 2763.0
44 41 42 0.0 2.0 76.0 2006.0 19857.0 329.0 1058.0
44 41 43 0.0 6.0 29.0 605.0 7833.0 135.0 105.0
44 41 44 0.0 0.0 0.0 121.0 1267.0 20.0 0.0
44 41 45 0.0 0.0 0.0 0.0 20.0 0.0 0.0
44 42 35 0.0 0.0 0.0 0.0 3.0 0.0 0.0
44 42 36 0.0 0.0 0.0 18.0 600.0 9.0 1.0
44 42 37 0.0 2.0 3.0 319.0 4295.0 94.0 37.0
44 42 38 0.0 13.0 33.0 1061.0 11619.0 219.0 290.0
44 42 39 0.0 2.0 96.0 1430.0 19362.0 334.0 904.0
44 42 40 0.0 9.0 68.0 2146.0 22685.0 379.0 1380.0
44 42 41 0.0 5.0 59.0 1698.0 19553.0 322.0 965.0
44 42 42 0.0 7.0 49.0 919.0 12118.0 216.0 295.0
44 42 43 0.0 2.0 14.0 361.0 4321.0 86.0 33.0
44 42 44 0.0 1.0 6.0 94.0 681.0 12.0 0.0
44 42 45 0.0 0.0 0.0 2.0 6.0 0.0 0.0
44 43 35 0.0 0.0 0.0 1.0 1.0 0.0 0.0
44 43 36 0.0 0.0 0.0 6.0 143.0 3.0 0.0
44 43 37 0.0 0.0 2.0 119.0 1270.0 15.0 7.0
44 43 38 0.0 0.0 39.0 316.0 4235.0 72.0 26.0
44 43 39 0.0 1.0 25.0 593.0 8121.0 152.0 113.0
44 43 40 0.0 0.0 44.0 735.0 9449.0 160.0 189.0
44 43 41 0.0 1.0 21.0 671.0 8239.0 146.0 123.0
44 43 42 0.0 1.0 21.0 359.0 4451.0 80.0 37.0
44 43 43 0.0 1.0 12.0 92.0 1440.0 37.0 5.0
44 43 44 0.0 0.0 0.0 20.0 177.0 5.0 0.0
44 44 36 0.0 0.0 0.0 2.0 4.0 0.0 0.0
44 44 37 0.0 0.0 0.0 37.0 112.0 3.0 0.0
44 44 38 0.0 0.0 0.0 65.0 560.0 7.0 0.0
44 44 39 0.0 0.0 3.0 94.0 1146.0 19.0 2.0
44 44 40 0.0 0.0 6.0 58.0 1606.0 32.0 4.0
44 44 41 0.0 0.0 2.0 123.0 1346.0 28.0 0.0
44 44 42 0.0 0.0 4.0 47.0 766.0 19.0 4.0
44 44 43 0.0 0.0 1.0 14.0 146.0 3.0 0.0
44 44 44 0.0 0.0 0.0 2.0 11.0 0.0 0.0
44 45 37 0.0 0.0 0.0 1.0 0.0 0.0 0.0
44 45 38 0.0 0.0 0.0 0.0 5.0 0.0 0.0
44 45 39 0.0 0.0 0.0 2.0 18.0 0.0 0.0
44 45 40 0.0 0.0 0.0 2.0 12.0 0.0 0.0
44 45 41 0.0 0.0 0.0 0.0 18.0 1.0 0.0
44 45 42 0.0 0.0 0.0 0.0 2.0 0.0 0.0
45 35 39 0.0 0.0 0.0 2.0 0.0 0.0 0.0
45 36 37 0.0 0.0 0.0 0.0 8.0 1.0 0.0
45 36 38 0.0 0.0 0.0 0.0 2.0 0.0 0.0
45 36 39 0.0 0.0 0.0 0.0 10.0 1.0 0.0
45 36 40 0.0 0.0 0.0 0.0 12.0 0.0 0.0
45 36 41 0.0 0.0 0.0 2.0 15.0 0.0 0.0
45 36 42 0.0 0.0 0.0 0.0 1.0 0.0 0.0
45 37 37 0.0 0.0 0.0 2.0 29.0 0.0 0.0
45 37 38 0.0 0.0 0.0 5.0 55.0 2.0 0.0
45 37 39 0.0 0.0 0.0 6.0 130.0 2.0 0.0
45 37 40 0.0 0.0 0.0 11.0 128.0 3.0 0.0
45 37 41 0.0 0.0 0.0 9.0 156.0 3.0 0.0
45 37 42 0.0 0.0 0.0 9.0 69.0 1.0 0.0
45 37 43 0.0 0.0 0.0 1.0 18.0 0.0 0.0
45 37 44 0.0 0.0 0.0 1.0 2.0 0.0 0.0
45 38 35 0.0 0.0 0.0 1.0 0.0 0.0 0.0
45 38 36 0.0 0.0 0.0 0.0 5.0 0.0 0.0
45 38 37 0.0 0.0 0.0 3.0 43.0 0.0 0.0
45 38 38 0.0 0.0 1.0 23.0 251.0 4.0 0.0
45 38 39 0.0 0.0 0.0 47.0 443.0 9.0 0.0
45 38 40 0.0 0.0 3.0 78.0 700.0 14.0 2.0
45 38 41 0.0 0.0 1.0 52.0 581.0 7.0 1.0
45 38 42 0.0 0.0 0.0 16.0 278.0 4.0 0.0
45 38 43 0.0 0.0 0.0 6.0 51.0 1.0 0.0
45 38 44 0.0 0.0 0.0 0.0 6.0 0.0 0.0
45 39 36 0.0 0.0 0.0 1.0 8.0 0.0 0.0
45 39 37 0.0 0.0 0.0 12.0 116.0 2.0 0.0
45 39 38 0.0 0.0 1.0 64.0 516.0 10.0 0.0
45 39 39 0.0 1.0 4.0 81.0 1201.0 24.0 1.0
45 39 40 0.0 0.0 5.0 161.0 1412.0 24.0 2.0
45 39 41 0.0 0.0 7.0 104.0 1079.0 23.0 2.0
45 39 42 0.0 0.0 1.0 51.0 494.0 12.0 2.0
45 39 43 0.0 0.0 1.0 11.0 128.0 4.0 0.0
45 39 44 0.0 0.0 0.0 0.0 15.0 0.0 0.0
45 40 36 0.0 0.0 0.0 0.0 17.0 0.0 0.0
45 40 37 0.0 0.0 0.0 20.0 150.0 0.0 0.0
45 40 38 0.0 0.0 1.0 36.0 669.0 13.0 0.0
45 40 39 0.0 2.0 3.0 139.0 1312.0 24.0 2.0
45 40 40 0.0 0.0 6.0 145.0 1686.0 28.0 2.0
45 40 41 0.0 0.0 4.0 138.0 1440.0 24.0 2.0
45 40 42 0.0 0.0 2.0 45.0 663.0 12.0 0.0
45 40 43 0.0 0.0 0.0 29.0 162.0 4.0 0.0
45 40 44 0.0 0.0 2.0 1.0 42.0 2.0 0.0
45 41 36 0.0 0.0 0.0 0.0 13.0 1.0 0.0
45 41 37 0.0 0.0 1.0 11.0 119.0 2.0 0.0
45 41 38 0.0 0.0 2.0 30.0 547.0 12.0 0.0
45 41 39 0.0 0.0 2.0 116.0 1076.0 25.0 5.0
45 41 40 0.0 5.0 5.0 116.0 1464.0 27.0 3.0
45 41 41 0.0 0.0 0.0 102.0 1139.0 19.0 2.0
45 41 42 0.0 0.0 5.0 48.0 540.0 8.0 1.0
45 41 43 0.0 0.0 0.0 29.0 164.0 5.0 0.0
45 41 44 0.0 0.0 0.0 0.0 24.0 0.0 0.0
45 42 36 0.0 0.0 0.0 0.0 22.0 0.0 0.0
45 42 37 0.0 0.0 0.0 9.0 54.0 1.0 0.0
45 42 38 0.0 0.0 0.0 7.0 216.0 2.0 0.0
45 42 39 0.0 0.0 1.0 49.0 483.0 6.0 1.0
45 42 40 0.0 0.0 0.0 48.0 616.0 4.0 0.0
45 42 41 0.0 0.0 1.0 41.0 493.0 6.0 0.0
45 42 42 0.0 0.0 0.0 15.0 300.0 10.0 0.0
45 42 43 0.0 0.0 0.0 4.0 59.0 2.0 0.0
45 42 44 0.0 0.0 0.0 1.0 9.0 0.0 0.0
45 43 37 0.0 0.0 0.0 0.0 12.0 0.0 0.0
45 43 38 0.0 0.0 0.0 8.0 76.0 1.0 0.0
45 43 39 0.0 0.0 1.0 16.0 114.0 1.0 0.0
45 43 40 0.0 0.0 0.0 28.0 204.0 2.0 0.0
45 43 41 0.0 0.0 0.0 7.0 145.0 2.0 0.0
45 43 42 0.0 0.0 0.0 13.0 66.0 2.0 0.0
45 43 43 0.0 0.0 0.0 0.0 18.0 1.0 0.0
45 44 37 0.0 0.0 0.0 0.0 1.0 0.0 0.0
45 44 38 0.0 0.0 0.0 0.0 9.0 0.0 0.0
45 44 39 0.0 0.0 0.0 0.0 8.0 0.0 0.0
45 44 40 0.0 0.0 0.0 1.0 14.0 1.0 0.0
45 44 41 0.0 0.0 0.0 0.0 10.0 0.0 0.0
45 44 42 0.0 0.0 0.0 3.0 4.0 0.0 0.0
45 44 43 0.0 0.0 0.0 0.0 2.0 0.0 0.0
45 45 40 0.0 0.0 0.0 0.0 1.0 0.0 0.0
46 37 38 0.0 0.0 0.0 2.0 0.0 0.0 0.0
46 39 39 0.0 0.0 0.0 1.0 1.0 0.0 0.0
46 39 40 0.0 0.0 0.0 0.0 1.0 0.0 0.0
46 40 40 0.0 0.0 0.0 0.0 2.0 0.0 0.0
46 40 41 0.0 0.0 0.0 1.0 0.0 0.0 0.0
46 40 42 0.0 0.0 0.0 0.0 1.0 0.0 0.0
46 41 39 0.0 0.0 0.0 0.0 2.0 0.0 0.0
46 41 40 0.0 0.0 0.0 0.0 2.0 0.0 0.0
46 41 44 0.0 0.0 0.0 0.0 1.0 0.0 0.0
