38 39 40 0.0 0.0 0.0 0.0 1.0 0.0 0.0
38 39 41 0.0 0.0 0.0 0.0 1.0 0.0 0.0
38 40 39 0.0 0.0 0.0 0.0 1.0 0.0 0.0
38 40 40 0.0 0.0 0.0 0.0 4.0 0.0 0.0
38 40 41 0.0 0.0 0.0 0.0 1.0 0.0 0.0
38 40 42 0.0 0.0 0.0 0.0 1.0 0.0 0.0
38 41 39 0.0 0.0 0.0 0.0 1.0 0.0 0.0
38 41 41 0.0 2.0 0.0 0.0 1.0 0.0 0.0
38 42 40 0.0 0.0 0.0 0.0 2.0 0.0 0.0
39 38 39 0.0 0.0 0.0 0.0 4.0 0.0 0.0
39 38 40 0.0 0.0 0.0 0.0 5.0 1.0 0.0
39 38 41 0.0 0.0 0.0 0.0 1.0 0.0 0.0
39 39 38 0.0 0.0 0.0 0.0 3.0 0.0 0.0
39 39 39 0.0 4.0 67.0 135.0 1415.0 33.0 7.0
39 39 40 0.0 1.0 35.0 99.0 1233.0 31.0 1.0
39 39 41 1.0 3.0 26.0 92.0 1288.0 19.0 4.0
39 39 42 0.0 0.0 0.0 0.0 1.0 0.0 0.0
39 40 38 0.0 0.0 0.0 0.0 6.0 1.0 0.0
39 40 39 0.0 16.0 25.0 151.0 949.0 12.0 3.0
39 40 40 0.0 14.0 51.0 252.0 1520.0 35.0 3.0
39 40 41 1.0 3.0 28.0 131.0 869.0 20.0 1.0
39 41 39 0.0 3.0 16.0 125.0 974.0 23.0 4.0
39 41 40 1.0 3.0 40.0 82.0 1170.0 29.0 1.0
39 41 41 0.0 8.0 74.0 103.0 952.0 20.0 1.0
39 42 39 0.0 0.0 0.0 0.0 1.0 0.0 0.0
39 42 40 0.0 0.0 0.0 0.0 2.0 0.0 0.0
39 42 41 0.0 0.0 0.0 0.0 4.0 0.0 0.0
39 42 42 0.0 0.0 0.0 0.0 1.0 0.0 0.0
40 38 39 0.0 0.0 0.0 0.0 1.0 0.0 0.0
40 38 40 0.0 0.0 0.0 1.0 0.0 0.0 0.0
40 38 41 0.0 0.0 0.0 0.0 1.0 0.0 0.0
40 38 42 0.0 0.0 1.0 0.0 0.0 0.0 0.0
40 39 39 0.0 2.0 44.0 75.0 1464.0 21.0 9.0
40 39 40 0.0 88.0 64.0 1247.0 1741.0 58.0 24.0
40 39 41 0.0 4.0 35.0 166.0 1003.0 23.0 3.0
40 39 42 0.0 0.0 0.0 0.0 2.0 0.0 0.0
40 40 38 0.0 0.0 0.0 0.0 3.0 0.0 0.0
40 40 39 1.0 15.0 56.0 180.0 1477.0 27.0 4.0
40 40 40 4.0 229.0 1630.0 4468.0 36999.0 590.0 11063.0
40 40 41 0.0 18.0 70.0 259.0 1513.0 33.0 4.0
40 40 42 0.0 0.0 0.0 1.0 1.0 0.0 0.0
40 41 38 0.0 0.0 0.0 0.0 1.0 0.0 0.0
40 41 39 0.0 5.0 59.0 139.0 1114.0 20.0 3.0
40 41 40 0.0 19.0 42.0 122.0 1427.0 23.0 7.0
40 41 41 0.0 2.0 53.0 206.0 1143.0 30.0 2.0
40 41 42 0.0 0.0 0.0 0.0 1.0 0.0 0.0
40 42 39 0.0 0.0 2.0 0.0 1.0 0.0 0.0
40 42 40 0.0 0.0 0.0 1.0 0.0 0.0 0.0
41 38 38 0.0 0.0 0.0 0.0 1.0 0.0 0.0
41 38 39 0.0 0.0 0.0 0.0 1.0 0.0 0.0
41 39 38 0.0 0.0 0.0 0.0 1.0 0.0 0.0
41 39 39 0.0 2.0 31.0 92.0 979.0 16.0 3.0
41 39 40 0.0 1.0 24.0 142.0 884.0 12.0 0.0
41 39 41 0.0 4.0 47.0 101.0 1145.0 25.0 5.0
41 40 38 0.0 0.0 0.0 0.0 1.0 0.0 0.0
41 40 39 0.0 2.0 77.0 120.0 1596.0 30.0 4.0
41 40 40 0.0 9.0 78.0 146.0 1426.0 42.0 7.0
41 40 41 0.0 2.0 39.0 150.0 1177.0 16.0 1.0
41 41 39 0.0 0.0 32.0 104.0 940.0 12.0 2.0
41 41 40 0.0 9.0 35.0 122.0 988.0 21.0 4.0
41 41 41 0.0 6.0 83.0 117.0 1203.0 21.0 0.0
41 42 38 0.0 0.0 0.0 0.0 1.0 0.0 0.0
41 42 39 0.0 0.0 0.0 0.0 3.0 0.0 0.0
41 42 40 0.0 0.0 0.0 0.0 12.0 0.0 0.0
42 40 38 0.0 0.0 0.0 0.0 1.0 0.0 0.0
42 40 40 0.0 0.0 1.0 0.0 0.0 0.0 0.0
42 40 41 0.0 0.0 0.0 0.0 1.0 0.0 0.0
42 41 39 0.0 0.0 1.0 0.0 2.0 1.0 0.0
42 41 42 0.0 0.0 0.0 0.0 1.0 0.0 0.0
42 42 40 0.0 0.0 1.0 0.0 0.0 0.0 0.0
