37 37 37 0.0 0.0 0.0 0.0 1.0 0.0 0.0
37 37 38 0.0 0.0 0.0 0.0 1.0 0.0 0.0
37 37 39 0.0 0.0 0.0 0.0 7.0 0.0 0.0
37 37 40 0.0 0.0 0.0 1.0 18.0 0.0 0.0
37 37 41 0.0 0.0 0.0 0.0 3.0 0.0 0.0
37 37 42 0.0 0.0 0.0 0.0 3.0 0.0 0.0
37 37 43 0.0 0.0 0.0 0.0 5.0 0.0 0.0
37 38 38 0.0 0.0 0.0 1.0 19.0 0.0 0.0
37 38 39 0.0 0.0 0.0 4.0 48.0 1.0 0.0
37 38 40 0.0 0.0 0.0 9.0 56.0 1.0 0.0
37 38 41 0.0 0.0 1.0 2.0 55.0 1.0 0.0
37 38 42 0.0 0.0 0.0 1.0 10.0 0.0 0.0
37 39 37 0.0 0.0 0.0 1.0 6.0 0.0 0.0
37 39 38 0.0 0.0 0.0 4.0 39.0 0.0 0.0
37 39 39 0.0 1.0 0.0 21.0 152.0 6.0 0.0
37 39 40 0.0 2.0 3.0 26.0 231.0 5.0 0.0
37 39 41 0.0 0.0 9.0 14.0 185.0 3.0 0.0
37 39 42 0.0 0.0 0.0 10.0 63.0 1.0 0.0
37 39 43 0.0 0.0 0.0 0.0 7.0 0.0 0.0
37 40 37 0.0 0.0 0.0 0.0 11.0 0.0 0.0
37 40 38 0.0 0.0 1.0 7.0 94.0 2.0 0.0
37 40 39 0.0 0.0 1.0 27.0 188.0 5.0 0.0
37 40 40 0.0 1.0 2.0 37.0 228.0 3.0 0.0
37 40 41 0.0 0.0 2.0 15.0 194.0 4.0 0.0
37 40 42 0.0 1.0 1.0 3.0 82.0 2.0 0.0
37 40 43 0.0 0.0 0.0 4.0 10.0 1.0 0.0
37 41 37 0.0 0.0 0.0 1.0 3.0 0.0 0.0
37 41 38 0.0 1.0 0.0 14.0 35.0 0.0 0.0
37 41 39 0.0 0.0 2.0 19.0 132.0 4.0 0.0
37 41 40 0.0 1.0 1.0 26.0 209.0 1.0 1.0
37 41 41 0.0 0.0 0.0 22.0 144.0 3.0 0.0
37 41 42 0.0 0.0 0.0 6.0 70.0 2.0 0.0
37 41 43 0.0 0.0 0.0 0.0 7.0 1.0 0.0
37 42 38 0.0 0.0 0.0 5.0 10.0 0.0 0.0
37 42 39 0.0 0.0 1.0 0.0 41.0 1.0 0.0
37 42 40 0.0 0.0 2.0 7.0 86.0 1.0 0.0
37 42 41 0.0 0.0 0.0 15.0 53.0 0.0 0.0
37 42 42 0.0 0.0 0.0 3.0 13.0 2.0 0.0
37 42 43 0.0 0.0 0.0 0.0 6.0 0.0 0.0
37 43 38 0.0 0.0 0.0 0.0 1.0 0.0 0.0
37 43 39 0.0 0.0 0.0 1.0 1.0 0.0 0.0
37 43 40 0.0 0.0 0.0 0.0 2.0 0.0 0.0
37 43 41 0.0 0.0 0.0 0.0 3.0 0.0 0.0
37 43 42 0.0 0.0 0.0 0.0 8.0 1.0 0.0
38 37 37 0.0 0.0 0.0 1.0 3.0 0.0 0.0
38 37 38 0.0 0.0 1.0 3.0 29.0 0.0 0.0
38 37 39 0.0 0.0 2.0 8.0 82.0 6.0 0.0
38 37 40 0.0 1.0 0.0 16.0 68.0 0.0 0.0
38 37 41 0.0 0.0 1.0 8.0 82.0 1.0 0.0
38 37 42 0.0 0.0 0.0 2.0 11.0 0.0 0.0
38 37 43 0.0 0.0 0.0 0.0 1.0 0.0 0.0
38 38 37 0.0 0.0 0.0 0.0 26.0 1.0 0.0
38 38 38 0.0 3.0 31.0 147.0 2285.0 56.0 7.0
38 38 39 0.0 4.0 19.0 527.0 5074.0 105.0 61.0
38 38 40 0.0 9.0 67.0 421.0 7097.0 120.0 101.0
38 38 41 0.0 12.0 41.0 385.0 4839.0 77.0 46.0
38 38 42 0.0 0.0 0.0 170.0 1879.0 30.0 13.0
38 38 43 0.0 0.0 0.0 4.0 26.0 1.0 0.0
38 39 37 0.0 0.0 0.0 4.0 55.0 1.0 0.0
38 39 38 0.0 10.0 31.0 688.0 4901.0 97.0 60.0
38 39 39 0.0 38.0 102.0 1582.0 11163.0 202.0 367.0
38 39 40 0.0 20.0 188.0 1737.0 15013.0 248.0 657.0
38 39 41 0.0 9.0 97.0 1097.0 10504.0 184.0 328.0
38 39 42 1.0 11.0 53.0 565.0 4392.0 75.0 39.0
38 39 43 0.0 0.0 0.0 12.0 48.0 1.0 0.0
38 40 37 0.0 0.0 0.0 4.0 49.0 0.0 0.0
38 40 38 0.0 13.0 57.0 952.0 5792.0 106.0 90.0
38 40 39 0.0 44.0 146.0 1885.0 14716.0 251.0 570.0
38 40 40 0.0 36.0 189.0 2882.0 19714.0 343.0 1234.0
38 40 41 0.0 39.0 159.0 1386.0 15553.0 272.0 615.0
38 40 42 0.0 9.0 79.0 567.0 6385.0 117.0 95.0
38 40 43 0.0 0.0 0.0 2.0 60.0 2.0 0.0
38 41 37 0.0 0.0 1.0 3.0 37.0 1.0 0.0
38 41 38 0.0 32.0 38.0 579.0 3918.0 89.0 41.0
38 41 39 0.0 39.0 68.0 1273.0 10392.0 200.0 281.0
38 41 40 0.0 27.0 217.0 1958.0 15326.0 283.0 645.0
38 41 41 0.0 110.0 102.0 2251.0 10565.0 233.0 354.0
38 41 42 0.0 5.0 36.0 357.0 4126.0 69.0 39.0
38 41 43 0.0 0.0 0.0 7.0 42.0 0.0 0.0
38 42 37 0.0 0.0 0.0 1.0 19.0 0.0 0.0
38 42 38 0.0 0.0 20.0 179.0 1570.0 24.0 4.0
38 42 39 0.0 2.0 58.0 444.0 4309.0 83.0 38.0
38 42 40 0.0 19.0 78.0 566.0 6224.0 111.0 81.0
38 42 41 0.0 9.0 62.0 536.0 4745.0 102.0 50.0
38 42 42 0.0 1.0 30.0 176.0 2015.0 45.0 13.0
38 42 43 0.0 0.0 0.0 0.0 15.0 0.0 0.0
38 43 38 0.0 0.0 0.0 1.0 11.0 0.0 0.0
38 43 39 0.0 2.0 0.0 10.0 50.0 0.0 0.0
38 43 40 0.0 0.0 0.0 6.0 64.0 1.0 0.0
38 43 41 0.0 0.0 0.0 5.0 39.0 1.0 0.0
38 43 42 0.0 0.0 0.0 2.0 10.0 0.0 0.0
38 43 43 0.0 0.0 0.0 0.0 3.0 0.0 0.0
39 37 37 0.0 0.0 0.0 0.0 11.0 0.0 0.0
39 37 38 0.0 1.0 0.0 12.0 74.0 0.0 0.0
39 37 39 0.0 0.0 0.0 36.0 204.0 4.0 0.0
39 37 40 0.0 0.0 2.0 39.0 249.0 4.0 0.0
39 37 41 0.0 0.0 0.0 22.0 138.0 2.0 0.0
39 37 42 0.0 0.0 0.0 9.0 60.0 2.0 0.0
39 37 43 0.0 0.0 0.0 0.0 4.0 0.0 0.0
39 38 37 0.0 0.0 0.0 4.0 71.0 1.0 0.0
39 38 38 0.0 10.0 32.0 364.0 5001.0 86.0 53.0
39 38 39 0.0 75.0 144.0 2909.0 13294.0 285.0 551.0
39 38 40 0.0 43.0 113.0 2939.0 16615.0 300.0 850.0
39 38 41 0.0 42.0 85.0 2061.0 11353.0 226.0 433.0
39 38 42 0.0 3.0 30.0 453.0 4334.0 87.0 45.0
39 38 43 0.0 0.0 0.0 15.0 59.0 4.0 0.0
39 39 37 0.0 1.0 2.0 7.0 144.0 1.0 0.0
39 39 38 0.0 18.0 104.0 1186.0 11922.0 210.0 358.0
39 39 39 0.0 123.0 571.0 4873.0 44789.0 542.0 24850.0
39 39 40 0.0 97.0 569.0 4964.0 46655.0 572.0 25445.0
39 39 41 0.0 80.0 331.0 4419.0 45546.0 549.0 22775.0
39 39 42 0.0 11.0 82.0 1298.0 11704.0 204.0 333.0
39 39 43 0.0 0.0 2.0 12.0 137.0 6.0 0.0
39 40 37 0.0 1.0 3.0 20.0 181.0 1.0 0.0
39 40 38 0.0 39.0 89.0 1711.0 15343.0 313.0 679.0
39 40 39 0.0 239.0 439.0 7838.0 43934.0 603.0 23543.0
39 40 40 0.0 148.0 522.0 7071.0 46187.0 567.0 31972.0
39 40 41 0.0 86.0 558.0 5384.0 46812.0 592.0 22255.0
39 40 42 0.0 37.0 193.0 1711.0 14706.0 252.0 582.0
39 40 43 0.0 0.0 3.0 29.0 155.0 2.0 0.0
39 41 37 0.0 0.0 0.0 19.0 165.0 1.0 0.0
39 41 38 0.0 12.0 99.0 1301.0 10749.0 224.0 274.0
39 41 39 0.0 65.0 422.0 5054.0 44640.0 576.0 19477.0
39 41 40 1.0 86.0 506.0 4593.0 47113.0 576.0 24675.0
39 41 41 0.0 74.0 763.0 4749.0 44951.0 586.0 21677.0
39 41 42 0.0 21.0 102.0 1384.0 10822.0 210.0 275.0
39 41 43 0.0 0.0 1.0 21.0 168.0 6.0 0.0
39 42 37 0.0 0.0 0.0 4.0 32.0 0.0 0.0
39 42 38 0.0 6.0 38.0 534.0 4452.0 79.0 41.0
39 42 39 0.0 37.0 104.0 1221.0 10399.0 208.0 277.0
39 42 40 0.0 37.0 182.0 1577.0 14697.0 259.0 606.0
39 42 41 0.0 27.0 137.0 1247.0 11192.0 192.0 329.0
39 42 42 0.0 8.0 117.0 559.0 5002.0 79.0 55.0
39 42 43 0.0 0.0 0.0 5.0 40.0 1.0 1.0
39 43 37 0.0 0.0 0.0 1.0 2.0 0.0 0.0
39 43 38 0.0 0.0 0.0 5.0 50.0 1.0 0.0
39 43 39 0.0 1.0 6.0 20.0 119.0 4.0 0.0
39 43 40 0.0 0.0 4.0 32.0 161.0 5.0 0.0
39 43 41 0.0 0.0 1.0 18.0 135.0 1.0 0.0
39 43 42 0.0 0.0 1.0 8.0 38.0 2.0 0.0
39 43 43 0.0 0.0 0.0 0.0 8.0 1.0 0.0
40 37 37 0.0 0.0 0.0 1.0 11.0 0.0 0.0
40 37 38 0.0 1.0 1.0 27.0 136.0 5.0 0.0
40 37 39 0.0 0.0 0.0 37.0 237.0 4.0 0.0
40 37 40 0.0 0.0 3.0 74.0 324.0 3.0 0.0
40 37 41 0.0 0.0 2.0 53.0 177.0 3.0 0.0
40 37 42 0.0 0.0 0.0 7.0 79.0 0.0 0.0
40 37 43 0.0 0.0 0.0 1.0 6.0 0.0 0.0
40 38 37 0.0 0.0 1.0 14.0 85.0 2.0 0.0
40 38 38 0.0 6.0 47.0 637.0 7226.0 126.0 153.0
40 38 39 0.0 45.0 127.0 2719.0 15261.0 268.0 737.0
40 38 40 0.0 31.0 214.0 4074.0 20746.0 347.0 1404.0
40 38 41 0.0 38.0 121.0 3001.0 14448.0 287.0 683.0
40 38 42 0.0 4.0 127.0 627.0 6492.0 117.0 92.0
40 38 43 0.0 0.0 0.0 13.0 58.0 1.0 0.0
40 39 37 0.0 0.0 0.0 17.0 289.0 4.0 0.0
40 39 38 0.0 9.0 121.0 1649.0 15961.0 291.0 637.0
40 39 39 0.0 82.0 412.0 4314.0 47343.0 549.0 26652.0
40 39 40 0.0 339.0 371.0 13881.0 36910.0 472.0 39005.0
40 39 41 0.0 55.0 511.0 5987.0 45693.0 535.0 22930.0
40 39 42 0.0 22.0 143.0 2176.0 14652.0 268.0 650.0
40 39 43 0.0 0.0 1.0 19.0 220.0 5.0 0.0
40 40 37 0.0 0.0 1.0 19.0 276.0 3.0 0.0
40 40 38 0.0 37.0 216.0 2183.0 20418.0 347.0 1177.0
40 40 39 1.0 116.0 480.0 6076.0 47703.0 580.0 31023.0
40 40 40 0.0 57.0 378.0 3192.0 24636.0 241.0 86465.0
40 40 41 0.0 171.0 618.0 6927.0 46160.0 512.0 32805.0
40 40 42 0.0 14.0 249.0 2312.0 20366.0 365.0 1168.0
40 40 43 0.0 1.0 5.0 47.0 274.0 5.0 0.0
40 41 37 0.0 0.0 2.0 13.0 255.0 5.0 0.0
40 41 38 0.0 38.0 119.0 1826.0 14740.0 229.0 560.0
40 41 39 0.0 74.0 678.0 4726.0 47091.0 564.0 24654.0
40 41 40 0.0 152.0 540.0 5958.0 47203.0 540.0 31355.0
40 41 41 0.0 68.0 573.0 5935.0 45991.0 588.0 25506.0
40 41 42 0.0 27.0 166.0 1622.0 15177.0 262.0 616.0
40 41 43 0.0 7.0 2.0 34.0 240.0 4.0 0.0
40 42 37 0.0 0.0 0.0 8.0 56.0 1.0 0.0
40 42 38 0.0 4.0 62.0 424.0 6298.0 121.0 74.0
40 42 39 0.0 27.0 173.0 1927.0 14523.0 271.0 603.0
40 42 40 0.0 58.0 250.0 2463.0 19010.0 356.0 1072.0
40 42 41 0.0 24.0 170.0 1694.0 14825.0 283.0 607.0
40 42 42 0.0 13.0 104.0 725.0 6814.0 124.0 124.0
40 42 43 0.0 0.0 3.0 10.0 72.0 3.0 0.0
40 43 37 0.0 0.0 0.0 1.0 3.0 0.0 0.0
40 43 38 0.0 0.0 1.0 6.0 62.0 1.0 0.0
40 43 39 0.0 3.0 0.0 25.0 200.0 6.0 0.0
40 43 40 0.0 0.0 4.0 36.0 236.0 5.0 0.0
40 43 41 0.0 0.0 0.0 25.0 226.0 4.0 1.0
40 43 42 0.0 2.0 0.0 11.0 63.0 0.0 0.0
40 43 43 0.0 0.0 0.0 1.0 3.0 0.0 0.0
41 37 37 0.0 0.0 0.0 6.0 7.0 0.0 0.0
41 37 38 0.0 0.0 0.0 8.0 76.0 2.0 0.0
41 37 39 0.0 0.0 0.0 13.0 186.0 0.0 0.0
41 37 40 0.0 5.0 0.0 56.0 198.0 4.0 0.0
41 37 41 0.0 3.0 0.0 32.0 158.0 1.0 0.0
41 37 42 0.0 0.0 0.0 9.0 38.0 0.0 0.0
41 37 43 0.0 0.0 0.0 0.0 4.0 0.0 0.0
41 38 37 0.0 0.0 1.0 9.0 58.0 3.0 0.0
41 38 38 0.0 3.0 20.0 387.0 4599.0 76.0 50.0
41 38 39 0.0 72.0 64.0 2436.0 10889.0 225.0 395.0
41 38 40 0.0 53.0 88.0 3316.0 14454.0 292.0 646.0
41 38 41 0.0 101.0 100.0 2952.0 10823.0 204.0 417.0
41 38 42 0.0 6.0 43.0 472.0 4542.0 99.0 62.0
41 38 43 0.0 0.0 0.0 6.0 50.0 2.0 0.0
41 39 37 0.0 0.0 4.0 22.0 144.0 2.0 0.0
41 39 38 0.0 12.0 120.0 1200.0 12142.0 218.0 401.0
41 39 39 0.0 115.0 393.0 5510.0 44575.0 580.0 21139.0
41 39 40 1.0 76.0 466.0 6477.0 45619.0 593.0 21882.0
41 39 41 0.0 57.0 531.0 5321.0 44413.0 548.0 22008.0
41 39 42 0.0 33.0 106.0 1279.0 11119.0 194.0 306.0
41 39 43 0.0 0.0 1.0 17.0 155.0 4.0 1.0
41 40 37 0.0 0.0 4.0 20.0 163.0 4.0 0.0
41 40 38 0.0 10.0 152.0 1270.0 16127.0 274.0 626.0
41 40 39 0.0 53.0 602.0 4118.0 46930.0 535.0 28017.0
41 40 40 0.0 126.0 670.0 5375.0 47950.0 501.0 31761.0
41 40 41 0.0 125.0 533.0 5963.0 45936.0 567.0 24695.0
41 40 42 0.0 20.0 153.0 1803.0 14906.0 275.0 583.0
41 40 43 0.0 0.0 6.0 21.0 212.0 4.0 0.0
41 41 37 0.0 1.0 0.0 21.0 171.0 1.0 0.0
41 41 38 0.0 4.0 102.0 1005.0 11285.0 188.0 329.0
41 41 39 0.0 36.0 434.0 4246.0 45496.0 551.0 20123.0
41 41 40 0.0 85.0 624.0 5883.0 45753.0 561.0 23319.0
41 41 41 0.0 45.0 689.0 4173.0 45756.0 587.0 23419.0
41 41 42 0.0 26.0 189.0 1266.0 11173.0 222.0 306.0
41 41 43 0.0 0.0 1.0 19.0 139.0 5.0 0.0
41 42 37 0.0 0.0 1.0 4.0 65.0 0.0 0.0
41 42 38 0.0 25.0 46.0 526.0 4630.0 97.0 58.0
41 42 39 0.0 5.0 132.0 1151.0 10918.0 191.0 288.0
41 42 40 0.0 18.0 187.0 1551.0 15756.0 249.0 673.0
41 42 41 0.0 21.0 130.0 1571.0 11491.0 223.0 377.0
41 42 42 0.0 0.0 90.0 490.0 4694.0 92.0 44.0
41 42 43 0.0 2.0 0.0 2.0 53.0 0.0 0.0
41 43 37 0.0 0.0 0.0 0.0 5.0 0.0 0.0
41 43 38 0.0 0.0 3.0 9.0 46.0 2.0 0.0
41 43 39 0.0 0.0 1.0 10.0 138.0 1.0 0.0
41 43 40 0.0 1.0 1.0 18.0 196.0 4.0 0.0
41 43 41 0.0 0.0 6.0 14.0 145.0 5.0 0.0
41 43 42 0.0 0.0 0.0 5.0 37.0 0.0 0.0
41 43 43 0.0 0.0 0.0 0.0 9.0 0.0 0.0
42 37 37 0.0 0.0 0.0 0.0 2.0 0.0 0.0
42 37 38 0.0 0.0 0.0 4.0 14.0 0.0 0.0
42 37 39 0.0 0.0 0.0 10.0 67.0 1.0 0.0
42 37 40 0.0 0.0 0.0 13.0 67.0 1.0 0.0
42 37 41 0.0 0.0 3.0 21.0 63.0 2.0 0.0
42 37 42 0.0 0.0 3.0 5.0 32.0 2.0 0.0
42 37 43 0.0 0.0 0.0 0.0 9.0 0.0 0.0
42 38 37 0.0 0.0 0.0 7.0 33.0 3.0 0.0
42 38 38 0.0 9.0 12.0 229.0 1994.0 48.0 7.0
42 38 39 0.0 17.0 31.0 530.0 3686.0 62.0 33.0
42 38 40 0.0 4.0 48.0 726.0 5619.0 95.0 76.0
42 38 41 0.0 10.0 26.0 633.0 4336.0 81.0 49.0
42 38 42 0.0 1.0 17.0 174.0 1819.0 34.0 8.0
42 38 43 0.0 0.0 0.0 1.0 18.0 0.0 0.0
42 39 37 0.0 0.0 1.0 3.0 67.0 2.0 0.0
42 39 38 0.0 17.0 38.0 413.0 5164.0 95.0 79.0
42 39 39 0.0 7.0 102.0 1036.0 11670.0 196.0 348.0
42 39 40 0.0 21.0 201.0 1455.0 14811.0 270.0 596.0
42 39 41 0.0 33.0 142.0 1439.0 10313.0 214.0 308.0
42 39 42 0.0 3.0 38.0 633.0 4588.0 98.0 55.0
42 39 43 0.0 0.0 0.0 3.0 49.0 0.0 0.0
42 40 37 0.0 0.0 0.0 6.0 69.0 2.0 0.0
42 40 38 0.0 3.0 106.0 557.0 6917.0 121.0 122.0
42 40 39 0.0 26.0 144.0 1596.0 14531.0 237.0 552.0
42 40 40 0.0 15.0 234.0 1990.0 20861.0 354.0 1182.0
42 40 41 0.0 26.0 189.0 1713.0 14998.0 263.0 568.0
42 40 42 0.0 10.0 70.0 687.0 6388.0 133.0 99.0
42 40 43 0.0 0.0 0.0 8.0 78.0 5.0 0.0
42 41 37 0.0 0.0 1.0 4.0 52.0 1.0 0.0
42 41 38 0.0 0.0 133.0 367.0 4705.0 78.0 48.0
42 41 39 0.0 8.0 210.0 909.0 11824.0 220.0 350.0
42 41 40 0.0 26.0 196.0 1375.0 15458.0 259.0 632.0
42 41 41 0.0 14.0 169.0 1107.0 12374.0 251.0 380.0
42 41 42 0.0 10.0 42.0 448.0 4978.0 88.0 64.0
42 41 43 0.0 0.0 0.0 5.0 69.0 1.0 0.0
42 42 37 0.0 0.0 0.0 0.0 8.0 0.0 0.0
42 42 38 0.0 12.0 8.0 173.0 1647.0 31.0 5.0
42 42 39 0.0 4.0 30.0 459.0 3866.0 73.0 38.0
42 42 40 0.0 4.0 109.0 623.0 7102.0 126.0 126.0
42 42 41 0.0 9.0 101.0 495.0 4703.0 87.0 61.0
42 42 42 0.0 1.0 18.0 132.0 2399.0 43.0 15.0
42 42 43 0.0 0.0 0.0 1.0 33.0 1.0 0.0
42 43 38 0.0 0.0 0.0 0.0 18.0 1.0 0.0
42 43 39 0.0 0.0 0.0 5.0 55.0 0.0 0.0
42 43 40 0.0 0.0 0.0 9.0 67.0 3.0 0.0
42 43 41 0.0 0.0 0.0 5.0 34.0 0.0 0.0
42 43 42 0.0 1.0 0.0 2.0 24.0 2.0 0.0
43 37 38 0.0 0.0 0.0 0.0 1.0 0.0 0.0
43 37 39 0.0 0.0 0.0 0.0 1.0 0.0 0.0
43 37 40 0.0 0.0 0.0 0.0 4.0 0.0 0.0
43 37 41 0.0 0.0 0.0 1.0 4.0 0.0 0.0
43 37 42 0.0 0.0 0.0 0.0 3.0 0.0 0.0
43 37 43 0.0 0.0 0.0 0.0 1.0 0.0 0.0
43 38 37 0.0 0.0 0.0 0.0 10.0 0.0 0.0
43 38 38 0.0 0.0 0.0 3.0 8.0 0.0 0.0
43 38 39 0.0 0.0 0.0 2.0 22.0 0.0 0.0
43 38 40 0.0 0.0 1.0 5.0 67.0 3.0 0.0
43 38 41 0.0 0.0 0.0 3.0 34.0 0.0 0.0
43 38 42 0.0 0.0 0.0 0.0 23.0 1.0 0.0
43 38 43 0.0 0.0 0.0 0.0 1.0 0.0 0.0
43 39 37 0.0 0.0 0.0 0.0 4.0 0.0 0.0
43 39 38 0.0 0.0 0.0 4.0 45.0 1.0 0.0
43 39 39 0.0 0.0 1.0 15.0 119.0 4.0 0.0
43 39 40 0.0 0.0 5.0 27.0 189.0 2.0 0.0
43 39 41 0.0 0.0 0.0 8.0 181.0 5.0 0.0
43 39 42 0.0 0.0 0.0 1.0 51.0 0.0 0.0
43 39 43 0.0 0.0 0.0 0.0 3.0 0.0 0.0
43 40 37 0.0 0.0 0.0 1.0 3.0 0.0 0.0
43 40 38 0.0 2.0 0.0 8.0 65.0 0.0 0.0
43 40 39 0.0 0.0 1.0 11.0 192.0 4.0 0.0
43 40 40 0.0 1.0 0.0 26.0 291.0 4.0 0.0
43 40 41 0.0 0.0 8.0 20.0 204.0 2.0 0.0
43 40 42 0.0 0.0 0.0 13.0 76.0 4.0 0.0
43 40 43 0.0 0.0 0.0 0.0 13.0 0.0 0.0
43 41 37 0.0 0.0 0.0 1.0 2.0 0.0 0.0
43 41 38 0.0 0.0 1.0 4.0 55.0 2.0 0.0
43 41 39 0.0 0.0 3.0 23.0 144.0 3.0 0.0
43 41 40 0.0 0.0 5.0 8.0 191.0 3.0 0.0
43 41 41 0.0 0.0 0.0 16.0 126.0 4.0 0.0
43 41 42 0.0 0.0 2.0 2.0 53.0 1.0 0.0
43 41 43 0.0 0.0 0.0 0.0 21.0 0.0 0.0
43 42 38 0.0 0.0 0.0 1.0 33.0 0.0 0.0
43 42 39 0.0 0.0 3.0 12.0 34.0 0.0 0.0
43 42 40 0.0 0.0 0.0 6.0 65.0 0.0 0.0
43 42 41 0.0 0.0 3.0 10.0 41.0 2.0 0.0
43 42 42 0.0 0.0 0.0 0.0 20.0 0.0 0.0
43 43 38 0.0 0.0 0.0 0.0 2.0 0.0 0.0
43 43 39 0.0 0.0 0.0 0.0 3.0 0.0 0.0
43 43 40 0.0 0.0 0.0 1.0 8.0 0.0 0.0
43 43 41 0.0 0.0 0.0 2.0 5.0 0.0 0.0
43 43 42 0.0 0.0 0.0 0.0 3.0 0.0 0.0
