34 37 42 0.0 0.0 0.0 0.0 1.0 0.0 0.0
34 38 37 0.0 0.0 0.0 0.0 1.0 0.0 0.0
34 38 38 0.0 0.0 0.0 0.0 2.0 0.0 0.0
34 38 40 0.0 0.0 0.0 0.0 3.0 0.0 0.0
34 38 41 0.0 0.0 0.0 0.0 3.0 0.0 0.0
34 39 39 0.0 0.0 0.0 1.0 5.0 0.0 0.0
34 39 40 0.0 0.0 0.0 2.0 2.0 0.0 0.0
34 39 41 0.0 0.0 0.0 0.0 2.0 0.0 0.0
34 39 42 0.0 0.0 0.0 0.0 1.0 0.0 0.0
34 40 38 0.0 0.0 0.0 0.0 1.0 0.0 0.0
34 40 39 0.0 0.0 0.0 2.0 12.0 0.0 0.0
34 40 40 0.0 0.0 0.0 2.0 4.0 0.0 0.0
34 41 38 0.0 0.0 0.0 2.0 0.0 0.0 0.0
34 41 39 0.0 0.0 0.0 0.0 3.0 0.0 0.0
34 41 40 0.0 0.0 0.0 0.0 6.0 0.0 0.0
34 42 39 0.0 0.0 0.0 0.0 3.0 0.0 0.0
34 42 40 0.0 0.0 0.0 1.0 1.0 0.0 0.0
34 42 41 0.0 0.0 0.0 0.0 2.0 0.0 0.0
35 35 40 0.0 0.0 0.0 0.0 5.0 0.0 0.0
35 35 41 0.0 0.0 0.0 0.0 1.0 0.0 0.0
35 36 38 0.0 0.0 0.0 1.0 18.0 1.0 0.0
35 36 39 0.0 0.0 0.0 10.0 47.0 1.0 0.0
35 36 40 0.0 0.0 0.0 1.0 51.0 1.0 0.0
35 36 41 0.0 0.0 0.0 2.0 33.0 0.0 0.0
35 36 42 0.0 0.0 0.0 1.0 15.0 0.0 0.0
35 36 43 0.0 0.0 0.0 0.0 5.0 0.0 0.0
35 37 35 0.0 0.0 0.0 0.0 1.0 0.0 0.0
35 37 36 0.0 0.0 0.0 0.0 7.0 0.0 0.0
35 37 37 0.0 0.0 0.0 3.0 47.0 1.0 0.0
35 37 38 0.0 0.0 0.0 11.0 198.0 1.0 0.0
35 37 39 0.0 0.0 0.0 28.0 312.0 5.0 0.0
35 37 40 0.0 0.0 0.0 40.0 382.0 6.0 1.0
35 37 41 0.0 4.0 0.0 42.0 314.0 7.0 0.0
35 37 42 0.0 0.0 1.0 21.0 188.0 3.0 0.0
35 37 43 0.0 0.0 0.0 3.0 34.0 0.0 0.0
35 37 44 0.0 0.0 0.0 0.0 2.0 0.0 0.0
35 38 35 0.0 0.0 0.0 0.0 1.0 0.0 0.0
35 38 36 0.0 0.0 0.0 1.0 25.0 1.0 0.0
35 38 37 0.0 0.0 0.0 18.0 142.0 1.0 0.0
35 38 38 0.0 0.0 1.0 52.0 577.0 15.0 1.0
35 38 39 0.0 0.0 10.0 134.0 1267.0 27.0 0.0
35 38 40 0.0 0.0 0.0 150.0 1299.0 28.0 4.0
35 38 41 0.0 2.0 10.0 114.0 1100.0 12.0 1.0
35 38 42 0.0 0.0 0.0 52.0 509.0 4.0 0.0
35 38 43 0.0 0.0 0.0 25.0 144.0 2.0 0.0
35 38 44 0.0 0.0 0.0 0.0 10.0 0.0 0.0
35 39 36 0.0 0.0 0.0 7.0 47.0 1.0 0.0
35 39 37 0.0 1.0 0.0 64.0 295.0 7.0 0.0
35 39 38 0.0 4.0 14.0 161.0 1130.0 13.0 2.0
35 39 39 0.0 1.0 8.0 280.0 2048.0 34.0 2.0
35 39 40 0.0 1.0 6.0 260.0 2564.0 42.0 8.0
35 39 41 0.0 1.0 5.0 267.0 2232.0 44.0 5.0
35 39 42 0.0 0.0 3.0 136.0 1195.0 16.0 4.0
35 39 43 0.0 1.0 4.0 32.0 283.0 6.0 0.0
35 39 44 0.0 0.0 0.0 1.0 39.0 1.0 0.0
35 40 36 0.0 0.0 0.0 5.0 26.0 0.0 0.0
35 40 37 0.0 2.0 0.0 36.0 343.0 10.0 0.0
35 40 38 0.0 0.0 3.0 224.0 1415.0 33.0 6.0
35 40 39 0.0 13.0 9.0 347.0 2778.0 47.0 10.0
35 40 40 0.0 2.0 1.0 353.0 3224.0 49.0 16.0
35 40 41 0.0 7.0 12.0 310.0 2736.0 52.0 9.0
35 40 42 0.0 0.0 11.0 150.0 1349.0 13.0 1.0
35 40 43 0.0 0.0 0.0 40.0 377.0 8.0 1.0
35 40 44 0.0 0.0 0.0 9.0 47.0 1.0 0.0
35 41 35 0.0 0.0 0.0 3.0 0.0 1.0 0.0
35 41 36 0.0 0.0 0.0 3.0 21.0 0.0 0.0
35 41 37 0.0 0.0 0.0 44.0 259.0 3.0 1.0
35 41 38 0.0 0.0 0.0 124.0 1079.0 20.0 1.0
35 41 39 0.0 0.0 6.0 209.0 2100.0 35.0 7.0
35 41 40 0.0 0.0 9.0 279.0 2764.0 57.0 14.0
35 41 41 0.0 0.0 2.0 276.0 2337.0 41.0 12.0
35 41 42 0.0 0.0 3.0 144.0 1143.0 27.0 2.0
35 41 43 0.0 1.0 1.0 70.0 306.0 7.0 0.0
35 41 44 0.0 0.0 0.0 3.0 37.0 2.0 0.0
35 42 36 0.0 0.0 0.0 1.0 6.0 0.0 0.0
35 42 37 0.0 0.0 0.0 8.0 139.0 4.0 0.0
35 42 38 0.0 1.0 0.0 58.0 501.0 7.0 0.0
35 42 39 0.0 0.0 0.0 111.0 1217.0 22.0 1.0
35 42 40 0.0 1.0 6.0 136.0 1389.0 21.0 4.0
35 42 41 0.0 0.0 1.0 114.0 1182.0 26.0 1.0
35 42 42 0.0 2.0 1.0 64.0 521.0 12.0 0.0
35 42 43 0.0 0.0 1.0 15.0 140.0 2.0 0.0
35 42 44 0.0 0.0 0.0 1.0 30.0 0.0 0.0
35 42 45 0.0 0.0 0.0 0.0 1.0 0.0 0.0
35 43 36 0.0 0.0 0.0 0.0 3.0 0.0 0.0
35 43 37 0.0 0.0 0.0 1.0 27.0 0.0 0.0
35 43 38 0.0 0.0 0.0 24.0 130.0 1.0 0.0
35 43 39 0.0 0.0 0.0 31.0 324.0 7.0 0.0
35 43 40 0.0 0.0 0.0 31.0 369.0 10.0 1.0
35 43 41 0.0 0.0 1.0 22.0 380.0 8.0 0.0
35 43 42 0.0 0.0 2.0 24.0 120.0 3.0 0.0
35 43 43 0.0 0.0 0.0 4.0 37.0 2.0 0.0
35 43 44 0.0 0.0 0.0 0.0 1.0 0.0 0.0
35 44 37 0.0 0.0 0.0 0.0 2.0 0.0 0.0
35 44 38 0.0 0.0 0.0 1.0 19.0 0.0 0.0
35 44 39 0.0 0.0 0.0 5.0 39.0 0.0 0.0
35 44 40 0.0 0.0 0.0 4.0 32.0 1.0 0.0
35 44 41 0.0 0.0 0.0 7.0 51.0 1.0 0.0
35 44 42 0.0 0.0 0.0 1.0 14.0 0.0 0.0
35 44 43 0.0 0.0 0.0 0.0 5.0 0.0 0.0
35 45 39 0.0 0.0 0.0 0.0 1.0 0.0 0.0
35 45 40 0.0 0.0 1.0 0.0 0.0 0.0 0.0
36 35 37 0.0 0.0 0.0 0.0 8.0 0.0 0.0
36 35 38 0.0 0.0 0.0 1.0 31.0 1.0 0.0
36 35 39 0.0 0.0 0.0 7.0 51.0 2.0 0.0
36 35 40 0.0 0.0 0.0 8.0 36.0 1.0 0.0
36 35 41 0.0 0.0 0.0 2.0 57.0 1.0 0.0
36 35 42 0.0 0.0 0.0 4.0 22.0 1.0 0.0
36 35 43 0.0 0.0 0.0 0.0 4.0 0.0 0.0
36 36 35 0.0 0.0 0.0 0.0 1.0 0.0 0.0
36 36 36 0.0 0.0 2.0 4.0 38.0 0.0 0.0
36 36 37 0.0 0.0 0.0 35.0 425.0 6.0 0.0
36 36 38 0.0 13.0 1.0 178.0 1278.0 19.0 1.0
36 36 39 0.0 0.0 2.0 227.0 2001.0 39.0 7.0
36 36 40 0.0 1.0 6.0 269.0 2683.0 37.0 14.0
36 36 41 0.0 1.0 4.0 201.0 2034.0 39.0 6.0
36 36 42 0.0 0.0 0.0 91.0 1080.0 18.0 2.0
36 36 43 0.0 0.0 0.0 40.0 306.0 8.0 0.0
36 36 44 0.0 0.0 0.0 12.0 42.0 1.0 0.0
36 37 35 0.0 0.0 0.0 0.0 4.0 0.0 0.0
36 37 36 0.0 0.0 0.0 36.0 383.0 2.0 0.0
36 37 37 0.0 3.0 12.0 277.0 2378.0 43.0 10.0
36 37 38 0.0 3.0 6.0 614.0 6729.0 120.0 105.0
36 37 39 0.0 10.0 17.0 1267.0 11165.0 193.0 278.0
36 37 40 0.0 3.0 49.0 1413.0 13349.0 223.0 407.0
36 37 41 0.0 0.0 23.0 1293.0 11144.0 200.0 291.0
36 37 42 0.0 3.0 12.0 581.0 6741.0 128.0 89.0
36 37 43 0.0 0.0 5.0 223.0 2006.0 39.0 8.0
36 37 44 0.0 0.0 0.0 34.0 371.0 8.0 0.0
36 37 45 0.0 0.0 0.0 0.0 5.0 0.0 0.0
36 38 35 0.0 0.0 0.0 2.0 19.0 0.0 0.0
36 38 36 0.0 1.0 3.0 120.0 1361.0 20.0 3.0
36 38 37 0.0 7.0 14.0 760.0 6817.0 112.0 96.0
36 38 38 0.0 10.0 70.0 1887.0 17229.0 298.0 705.0
36 38 39 0.0 21.0 50.0 3030.0 25709.0 437.0 2079.0
36 38 40 0.0 17.0 54.0 3037.0 29896.0 473.0 2971.0
36 38 41 0.0 22.0 98.0 2730.0 26226.0 443.0 2061.0
36 38 42 0.0 7.0 36.0 1761.0 16473.0 294.0 681.0
36 38 43 0.0 1.0 7.0 597.0 6131.0 108.0 79.0
36 38 44 0.0 0.0 0.0 93.0 1145.0 15.0 2.0
36 38 45 0.0 0.0 0.0 2.0 18.0 0.0 0.0
36 39 35 0.0 0.0 0.0 7.0 35.0 0.0 0.0
36 39 36 0.0 0.0 5.0 263.0 2062.0 45.0 8.0
36 39 37 0.0 8.0 16.0 1328.0 11119.0 204.0 347.0
36 39 38 0.0 23.0 70.0 2693.0 25809.0 406.0 1986.0
36 39 39 0.0 10.0 84.0 4219.0 36065.0 554.0 5184.0
36 39 40 0.0 28.0 82.0 3995.0 40317.0 612.0 6814.0
36 39 41 0.0 42.0 117.0 4042.0 36796.0 534.0 5430.0
36 39 42 0.0 14.0 107.0 2697.0 26052.0 395.0 2120.0
36 39 43 0.0 2.0 27.0 1210.0 11153.0 198.0 305.0
36 39 44 0.0 0.0 2.0 201.0 1985.0 39.0 10.0
36 39 45 0.0 0.0 0.0 5.0 24.0 1.0 0.0
36 40 35 0.0 0.0 0.0 7.0 63.0 2.0 0.0
36 40 36 0.0 2.0 2.0 323.0 2391.0 42.0 10.0
36 40 37 0.0 10.0 32.0 1546.0 13436.0 235.0 434.0
36 40 38 0.0 31.0 99.0 3385.0 28746.0 462.0 2667.0
36 40 39 0.0 30.0 67.0 4910.0 39033.0 539.0 6700.0
36 40 40 0.0 31.0 88.0 4829.0 42347.0 630.0 8640.0
36 40 41 0.0 33.0 103.0 4704.0 39399.0 581.0 6818.0
36 40 42 0.0 30.0 71.0 3086.0 29095.0 456.0 2679.0
36 40 43 0.0 12.0 17.0 1429.0 13224.0 238.0 409.0
36 40 44 0.0 1.0 5.0 234.0 2529.0 36.0 9.0
36 40 45 0.0 0.0 0.0 4.0 39.0 0.0 0.0
36 41 35 0.0 0.0 0.0 2.0 24.0 3.0 0.0
36 41 36 0.0 1.0 3.0 311.0 1906.0 32.0 5.0
36 41 37 0.0 9.0 12.0 1143.0 10905.0 196.0 283.0
36 41 38 0.0 20.0 84.0 3140.0 24940.0 405.0 1905.0
36 41 39 0.0 25.0 86.0 3987.0 36294.0 535.0 5087.0
36 41 40 0.0 14.0 144.0 4448.0 40020.0 594.0 6896.0
36 41 41 0.0 31.0 92.0 4051.0 37075.0 541.0 5623.0
36 41 42 0.0 30.0 86.0 2824.0 25864.0 392.0 2100.0
36 41 43 0.0 0.0 32.0 1335.0 10744.0 182.0 290.0
36 41 44 0.0 2.0 3.0 224.0 2130.0 40.0 4.0
36 41 45 0.0 0.0 0.0 3.0 31.0 0.0 0.0
36 42 35 0.0 0.0 0.0 1.0 13.0 0.0 0.0
36 42 36 0.0 1.0 3.0 146.0 894.0 18.0 5.0
36 42 37 0.0 29.0 15.0 967.0 5890.0 99.0 77.0
36 42 38 0.0 5.0 59.0 2003.0 15988.0 278.0 684.0
36 42 39 0.0 13.0 46.0 2801.0 25332.0 420.0 1896.0
36 42 40 0.0 21.0 69.0 3214.0 29168.0 426.0 2910.0
36 42 41 0.0 0.0 52.0 2771.0 26995.0 421.0 2230.0
36 42 42 0.0 6.0 59.0 1892.0 16941.0 303.0 710.0
36 42 43 0.0 1.0 9.0 640.0 6709.0 104.0 101.0
36 42 44 0.0 0.0 3.0 64.0 913.0 12.0 1.0
36 42 45 0.0 0.0 0.0 3.0 9.0 0.0 0.0
36 43 35 0.0 0.0 0.0 0.0 4.0 0.0 0.0
36 43 36 0.0 2.0 1.0 42.0 280.0 4.0 0.0
36 43 37 0.0 0.0 0.0 223.0 1939.0 41.0 5.0
36 43 38 0.0 4.0 9.0 567.0 6141.0 113.0 88.0
36 43 39 0.0 5.0 18.0 1115.0 10782.0 185.0 266.0
36 43 40 0.0 10.0 23.0 1711.0 13173.0 248.0 460.0
36 43 41 0.0 10.0 20.0 1290.0 11097.0 179.0 300.0
36 43 42 0.0 2.0 19.0 723.0 6574.0 122.0 85.0
36 43 43 0.0 0.0 0.0 231.0 2146.0 49.0 7.0
36 43 44 0.0 0.0 0.0 17.0 242.0 6.0 0.0
36 43 45 0.0 0.0 0.0 0.0 4.0 0.0 0.0
36 44 36 0.0 0.0 0.0 6.0 77.0 1.0 0.0
36 44 37 0.0 0.0 2.0 26.0 257.0 2.0 0.0
36 44 38 0.0 1.0 2.0 83.0 908.0 15.0 1.0
36 44 39 0.0 0.0 12.0 175.0 1781.0 30.0 6.0
36 44 40 0.0 0.0 6.0 229.0 2333.0 44.0 14.0
36 44 41 0.0 2.0 15.0 219.0 2068.0 34.0 6.0
36 44 42 0.0 0.0 1.0 115.0 1116.0 18.0 2.0
36 44 43 0.0 0.0 0.0 25.0 379.0 12.0 0.0
36 44 44 0.0 0.0 0.0 3.0 40.0 0.0 0.0
36 45 37 0.0 0.0 0.0 1.0 2.0 0.0 0.0
36 45 38 0.0 0.0 0.0 1.0 20.0 0.0 0.0
36 45 39 0.0 0.0 0.0 2.0 16.0 0.0 0.0
36 45 40 0.0 0.0 0.0 5.0 76.0 1.0 0.0
36 45 41 0.0 0.0 0.0 3.0 45.0 1.0 0.0
36 45 42 0.0 0.0 0.0 7.0 11.0 1.0 0.0
36 45 43 0.0 0.0 0.0 0.0 5.0 0.0 0.0
37 34 40 0.0 0.0 0.0 0.0 1.0 0.0 0.0
37 35 36 0.0 0.0 0.0 2.0 4.0 0.0 0.0
37 35 37 0.0 0.0 0.0 4.0 65.0 3.0 0.0
37 35 38 0.0 0.0 3.0 13.0 237.0 2.0 0.0
37 35 39 0.0 1.0 1.0 51.0 382.0 7.0 0.0
37 35 40 0.0 0.0 0.0 79.0 493.0 12.0 1.0
37 35 41 0.0 0.0 1.0 51.0 337.0 8.0 0.0
37 35 42 0.0 0.0 0.0 15.0 137.0 1.0 0.0
37 35 43 0.0 0.0 0.0 2.0 38.0 1.0 0.0
37 35 44 0.0 0.0 0.0 0.0 3.0 0.0 0.0
37 36 35 0.0 0.0 0.0 1.0 4.0 0.0 0.0
37 36 36 0.0 3.0 0.0 30.0 323.0 5.0 0.0
37 36 37 0.0 1.0 2.0 361.0 2651.0 60.0 12.0
37 36 38 0.0 8.0 11.0 1017.0 7389.0 131.0 149.0
37 36 39 0.0 6.0 30.0 1578.0 11833.0 224.0 356.0
37 36 40 0.0 1.0 34.0 1600.0 14391.0 231.0 519.0
37 36 41 0.0 3.0 18.0 1382.0 11743.0 199.0 365.0
37 36 42 0.0 1.0 9.0 815.0 6306.0 111.0 83.0
37 36 43 0.0 0.0 2.0 220.0 2487.0 37.0 18.0
37 36 44 0.0 0.0 1.0 44.0 321.0 4.0 0.0
37 36 45 0.0 0.0 0.0 0.0 10.0 0.0 0.0
37 37 35 0.0 0.0 0.0 6.0 60.0 3.0 0.0
37 37 36 0.0 1.0 0.0 203.0 2475.0 52.0 14.0
37 37 37 0.0 9.0 46.0 1604.0 18313.0 336.0 977.0
37 37 38 0.0 12.0 44.0 3615.0 36377.0 573.0 5689.0
37 37 39 0.0 23.0 79.0 4606.0 46068.0 584.0 12717.0
37 37 40 0.0 26.0 90.0 4918.0 47181.0 620.0 15266.0
37 37 41 0.0 15.0 66.0 3959.0 45240.0 621.0 11891.0
37 37 42 0.0 11.0 58.0 3568.0 35303.0 542.0 5359.0
37 37 43 0.0 1.0 24.0 2187.0 17146.0 317.0 868.0
37 37 44 0.0 0.0 5.0 181.0 2023.0 26.0 8.0
37 37 45 0.0 0.0 0.0 0.0 59.0 1.0 0.0
37 38 35 0.0 0.0 1.0 23.0 195.0 5.0 0.0
37 38 36 0.0 2.0 48.0 603.0 7474.0 116.0 103.0
37 38 37 0.0 24.0 103.0 4235.0 36245.0 571.0 5991.0
37 38 38 0.0 52.0 115.0 5410.0 49735.0 611.0 21621.0
37 38 39 0.0 39.0 112.0 5483.0 49423.0 541.0 36410.0
37 38 40 0.0 47.0 120.0 5485.0 49136.0 496.0 40108.0
37 38 41 0.0 27.0 136.0 5231.0 49732.0 513.0 35796.0
37 38 42 0.0 13.0 108.0 4897.0 49631.0 608.0 19943.0
37 38 43 0.0 2.0 74.0 3749.0 35682.0 517.0 5503.0
37 38 44 0.0 1.0 19.0 666.0 6327.0 124.0 88.0
37 38 45 0.0 0.0 0.0 12.0 145.0 6.0 0.0
37 38 46 0.0 0.0 0.0 0.0 1.0 0.0 0.0
37 39 35 0.0 0.0 2.0 31.0 371.0 10.0 1.0
37 39 36 0.0 3.0 42.0 1383.0 12044.0 227.0 335.0
37 39 37 0.0 24.0 93.0 4875.0 45359.0 600.0 12699.0
37 39 38 0.0 24.0 144.0 5767.0 49454.0 505.0 35044.0
37 39 39 0.0 35.0 122.0 5114.0 45291.0 459.0 53051.0
37 39 40 0.0 52.0 157.0 5120.0 42905.0 357.0 58806.0
37 39 41 0.0 38.0 150.0 4788.0 45487.0 434.0 53116.0
37 39 42 1.0 29.0 112.0 5050.0 50214.0 558.0 35711.0
37 39 43 0.0 20.0 113.0 4177.0 44710.0 609.0 11163.0
37 39 44 0.0 5.0 35.0 1123.0 10873.0 185.0 285.0
37 39 45 0.0 0.0 0.0 21.0 313.0 7.0 0.0
37 40 35 0.0 2.0 1.0 36.0 415.0 6.0 0.0
37 40 36 0.0 5.0 37.0 1523.0 12895.0 217.0 435.0
37 40 37 0.0 57.0 121.0 5609.0 45336.0 546.0 14287.0
37 40 38 0.0 57.0 150.0 5833.0 48273.0 485.0 40349.0
37 40 39 0.0 70.0 142.0 5201.0 43482.0 441.0 57683.0
37 40 40 0.0 54.0 92.0 4876.0 41747.0 381.0 62967.0
37 40 41 0.0 36.0 149.0 4851.0 43242.0 427.0 58162.0
37 40 42 0.0 49.0 143.0 5419.0 48564.0 454.0 40884.0
37 40 43 0.0 35.0 109.0 4699.0 47225.0 588.0 14399.0
37 40 44 0.0 3.0 47.0 1349.0 13027.0 241.0 391.0
37 40 45 0.0 0.0 1.0 52.0 412.0 8.0 0.0
37 41 35 0.0 0.0 13.0 20.0 337.0 2.0 0.0
37 41 36 0.0 7.0 13.0 1287.0 10865.0 189.0 284.0
37 41 37 0.0 58.0 110.0 5994.0 42945.0 586.0 11045.0
37 41 38 0.0 48.0 164.0 6376.0 48835.0 500.0 34418.0
37 41 39 0.0 42.0 117.0 5378.0 45814.0 454.0 51560.0
37 41 40 0.0 43.0 133.0 4807.0 43768.0 390.0 58297.0
37 41 41 0.0 33.0 163.0 5219.0 45138.0 426.0 53499.0
37 41 42 0.0 43.0 179.0 5375.0 49766.0 527.0 34868.0
37 41 43 0.0 3.0 126.0 4601.0 44413.0 631.0 11372.0
37 41 44 0.0 2.0 20.0 1049.0 11045.0 203.0 239.0
37 41 45 0.0 0.0 0.0 24.0 325.0 5.0 0.0
37 42 35 0.0 0.0 0.0 13.0 113.0 1.0 0.0
37 42 36 0.0 4.0 20.0 718.0 6006.0 98.0 72.0
37 42 37 0.0 57.0 92.0 4742.0 31896.0 536.0 4379.0
37 42 38 0.0 65.0 113.0 5467.0 48493.0 621.0 19588.0
37 42 39 0.0 21.0 234.0 5638.0 49845.0 503.0 34870.0
37 42 40 0.0 38.0 164.0 5788.0 48522.0 518.0 39891.0
37 42 41 0.0 52.0 126.0 5880.0 49368.0 579.0 35386.0
37 42 42 0.0 29.0 107.0 5676.0 49178.0 597.0 20709.0
37 42 43 0.0 25.0 110.0 3741.0 34220.0 481.0 4751.0
37 42 44 0.0 0.0 21.0 665.0 6209.0 124.0 63.0
37 42 45 0.0 0.0 1.0 9.0 157.0 5.0 0.0
37 43 35 0.0 0.0 0.0 9.0 29.0 1.0 0.0
37 43 36 0.0 0.0 1.0 169.0 1876.0 40.0 8.0
37 43 37 0.0 4.0 55.0 1575.0 15330.0 291.0 666.0
37 43 38 0.0 36.0 74.0 3796.0 32998.0 499.0 4336.0
37 43 39 0.0 29.0 138.0 4327.0 43676.0 619.0 10495.0
37 43 40 0.0 14.0 240.0 4389.0 46711.0 629.0 13894.0
37 43 41 0.0 28.0 166.0 4591.0 44781.0 583.0 11792.0
37 43 42 0.0 14.0 117.0 3611.0 36865.0 499.0 5808.0
37 43 43 0.0 5.0 59.0 1581.0 16867.0 303.0 892.0
37 43 44 0.0 0.0 6.0 218.0 2489.0 35.0 13.0
37 43 45 0.0 0.0 0.0 1.0 31.0 0.0 0.0
37 44 35 0.0 0.0 0.0 0.0 8.0 0.0 0.0
37 44 36 0.0 0.0 0.0 29.0 271.0 3.0 0.0
37 44 37 0.0 0.0 3.0 171.0 1904.0 23.0 5.0
37 44 38 0.0 0.0 6.0 551.0 5929.0 114.0 75.0
37 44 39 0.0 3.0 40.0 1252.0 10543.0 209.0 285.0
37 44 40 0.0 3.0 21.0 1179.0 12906.0 259.0 401.0
37 44 41 0.0 10.0 34.0 1200.0 11605.0 201.0 302.0
37 44 42 0.0 2.0 6.0 628.0 6349.0 106.0 97.0
37 44 43 0.0 0.0 4.0 209.0 2270.0 44.0 6.0
37 44 44 0.0 0.0 0.0 49.0 405.0 7.0 0.0
37 44 45 0.0 0.0 0.0 0.0 9.0 1.0 0.0
37 45 36 0.0 0.0 0.0 0.0 3.0 0.0 0.0
37 45 37 0.0 0.0 0.0 2.0 13.0 0.0 0.0
37 45 38 0.0 0.0 2.0 16.0 130.0 1.0 0.0
37 45 39 0.0 0.0 0.0 38.0 238.0 5.0 0.0
37 45 40 0.0 0.0 0.0 25.0 387.0 4.0 1.0
37 45 41 0.0 1.0 1.0 18.0 248.0 7.0 0.0
37 45 42 0.0 0.0 0.0 12.0 143.0 0.0 0.0
37 45 43 0.0 0.0 0.0 5.0 26.0 2.0 0.0
37 45 44 0.0 0.0 0.0 1.0 1.0 0.0 0.0
38 34 37 0.0 0.0 0.0 0.0 1.0 0.0 0.0
38 34 39 0.0 0.0 0.0 0.0 2.0 0.0 0.0
38 34 40 0.0 0.0 0.0 1.0 0.0 0.0 0.0
38 34 41 0.0 0.0 0.0 0.0 1.0 0.0 0.0
38 34 42 0.0 0.0 0.0 0.0 1.0 0.0 0.0
38 35 36 0.0 0.0 0.0 5.0 36.0 0.0 0.0
38 35 37 0.0 0.0 0.0 26.0 204.0 7.0 0.0
38 35 38 0.0 3.0 3.0 117.0 692.0 11.0 0.0
38 35 39 0.0 0.0 1.0 171.0 1354.0 24.0 1.0
38 35 40 0.0 0.0 5.0 188.0 1532.0 37.0 5.0
38 35 41 0.0 0.0 3.0 149.0 1343.0 24.0 1.0
38 35 42 0.0 0.0 0.0 99.0 560.0 9.0 1.0
38 35 43 0.0 0.0 1.0 15.0 147.0 2.0 0.0
38 35 44 0.0 0.0 0.0 1.0 19.0 0.0 0.0
38 36 35 0.0 0.0 0.0 3.0 19.0 1.0 0.0
38 36 36 0.0 0.0 0.0 147.0 1158.0 25.0 2.0
38 36 37 0.0 2.0 12.0 926.0 7536.0 151.0 131.0
38 36 38 0.0 15.0 55.0 2193.0 18047.0 316.0 865.0
38 36 39 0.0 15.0 108.0 3754.0 27845.0 420.0 2809.0
38 36 40 0.0 6.0 98.0 3863.0 30222.0 450.0 3258.0
38 36 41 0.0 22.0 73.0 3477.0 26485.0 417.0 2243.0
38 36 42 0.0 6.0 29.0 2227.0 16578.0 300.0 762.0
38 36 43 0.0 7.0 9.0 816.0 6537.0 117.0 103.0
38 36 44 0.0 0.0 1.0 110.0 1047.0 16.0 1.0
38 36 45 0.0 0.0 0.0 2.0 16.0 0.0 0.0
38 37 35 0.0 0.0 1.0 11.0 190.0 4.0 0.0
38 37 36 0.0 2.0 6.0 726.0 6873.0 105.0 98.0
38 37 37 0.0 9.0 105.0 3130.0 38177.0 541.0 6308.0
38 37 38 0.0 44.0 180.0 6430.0 48744.0 594.0 23605.0
38 37 39 0.0 48.0 126.0 6382.0 47969.0 475.0 38757.0
38 37 40 0.0 44.0 130.0 6461.0 47054.0 462.0 42796.0
38 37 41 0.0 23.0 150.0 5874.0 48795.0 528.0 36826.0
38 37 42 0.0 27.0 98.0 5654.0 49222.0 592.0 21458.0
38 37 43 0.0 2.0 47.0 3343.0 34529.0 509.0 4706.0
38 37 44 0.0 0.0 13.0 638.0 6690.0 110.0 97.0
38 37 45 0.0 0.0 3.0 16.0 152.0 1.0 0.0
38 38 35 0.0 0.0 1.0 66.0 678.0 18.0 0.0
38 38 36 0.0 10.0 37.0 1711.0 18055.0 291.0 817.0
38 38 37 0.0 36.0 98.0 4701.0 50321.0 579.0 21756.0
38 38 38 0.0 29.0 118.0 4073.0 39821.0 346.0 66263.0
38 38 39 0.0 26.0 92.0 3792.0 33153.0 236.0 84732.0
38 38 40 0.0 16.0 112.0 3458.0 31016.0 252.0 90593.0
38 38 41 0.0 24.0 96.0 3537.0 33294.0 252.0 83786.0
38 38 42 0.0 18.0 104.0 4321.0 41015.0 377.0 63702.0
38 38 43 0.0 9.0 103.0 5532.0 48983.0 616.0 20994.0
38 38 44 0.0 3.0 32.0 1635.0 16516.0 280.0 734.0
38 38 45 0.0 0.0 3.0 51.0 512.0 11.0 0.0
38 39 34 0.0 0.0 0.0 0.0 1.0 0.0 0.0
38 39 35 0.0 0.0 2.0 92.0 1210.0 18.0 2.0
38 39 36 0.0 34.0 91.0 2755.0 26249.0 425.0 2103.0
38 39 37 0.0 70.0 128.0 5525.0 49279.0 536.0 36628.0
38 39 38 0.0 32.0 100.0 3832.0 32727.0 217.0 84496.0
38 39 39 0.0 32.0 73.0 3231.0 25671.0 180.0 103762.0
38 39 40 0.0 30.0 85.0 2842.0 23620.0 149.0 108842.0
38 39 41 0.0 19.0 102.0 2998.0 26205.0 152.0 102812.0
38 39 42 0.0 38.0 103.0 3646.0 33756.0 283.0 82840.0
38 39 43 0.0 24.0 139.0 4901.0 50113.0 501.0 35339.0
38 39 44 0.0 14.0 62.0 2697.0 26113.0 419.0 2012.0
38 39 45 0.0 1.0 0.0 122.0 1079.0 27.0 0.0
38 40 35 0.0 1.0 1.0 89.0 1447.0 27.0 2.0
38 40 36 0.0 17.0 121.0 3218.0 29725.0 490.0 2836.0
38 40 37 0.0 47.0 137.0 5620.0 48588.0 480.0 39806.0
38 40 38 0.0 31.0 102.0 3968.0 30619.0 244.0 89161.0
38 40 39 0.0 27.0 80.0 2931.0 23809.0 132.0 108405.0
38 40 40 0.0 23.0 82.0 2529.0 21179.0 113.0 114931.0
38 40 41 0.0 20.0 107.0 2673.0 23928.0 174.0 109211.0
38 40 42 0.0 30.0 121.0 3208.0 31590.0 261.0 89315.0
38 40 43 0.0 20.0 186.0 4858.0 49777.0 529.0 40042.0
38 40 44 0.0 9.0 106.0 2933.0 29147.0 434.0 2761.0
38 40 45 0.0 0.0 4.0 163.0 1372.0 29.0 2.0
38 40 46 0.0 0.0 0.0 0.0 8.0 0.0 0.0
38 41 35 0.0 0.0 6.0 139.0 1107.0 22.0 2.0
38 41 36 0.0 20.0 122.0 2924.0 25593.0 430.0 2119.0
38 41 37 0.0 28.0 164.0 5782.0 49570.0 528.0 34578.0
38 41 38 0.0 39.0 108.0 4321.0 33189.0 259.0 82038.0
38 41 39 0.0 42.0 84.0 3236.0 26224.0 158.0 102269.0
38 41 40 0.0 27.0 100.0 2732.0 23624.0 136.0 109619.0
38 41 41 0.0 36.0 117.0 3141.0 25756.0 168.0 104035.0
38 41 42 0.0 22.0 134.0 3533.0 34041.0 264.0 82322.0
38 41 43 0.0 29.0 134.0 5325.0 49673.0 523.0 35483.0
38 41 44 0.0 2.0 88.0 2415.0 26136.0 428.0 1921.0
38 41 45 0.0 0.0 1.0 143.0 1062.0 27.0 3.0
38 41 46 0.0 0.0 0.0 2.0 0.0 0.0 0.0
38 42 35 0.0 0.0 1.0 60.0 532.0 14.0 1.0
38 42 36 0.0 5.0 24.0 1881.0 15275.0 268.0 617.0
38 42 37 0.0 22.0 107.0 5267.0 48940.0 600.0 20037.0
38 42 38 0.0 32.0 127.0 4295.0 41395.0 380.0 61666.0
38 42 39 0.0 31.0 130.0 3601.0 33942.0 251.0 82465.0
38 42 40 0.0 25.0 141.0 3459.0 31483.0 235.0 88856.0
38 42 41 0.0 26.0 120.0 3521.0 33764.0 265.0 83391.0
38 42 42 0.0 16.0 149.0 4025.0 40138.0 351.0 65379.0
38 42 43 0.0 14.0 157.0 5237.0 49500.0 625.0 20808.0
38 42 44 0.0 2.0 45.0 1879.0 16807.0 293.0 718.0
38 42 45 0.0 0.0 1.0 75.0 592.0 9.0 0.0
38 43 35 0.0 0.0 0.0 12.0 139.0 3.0 0.0
38 43 36 0.0 1.0 3.0 601.0 5904.0 101.0 77.0
38 43 37 0.0 14.0 138.0 3241.0 33285.0 552.0 4365.0
38 43 38 0.0 19.0 166.0 5267.0 48845.0 553.0 19070.0
38 43 39 0.0 47.0 131.0 5866.0 49619.0 535.0 34524.0
38 43 40 0.0 26.0 135.0 5297.0 49208.0 518.0 39544.0
38 43 41 0.0 44.0 137.0 5467.0 49962.0 555.0 35361.0
38 43 42 0.0 40.0 114.0 4960.0 49802.0 570.0 21064.0
38 43 43 0.0 22.0 100.0 3684.0 36165.0 536.0 5628.0
38 43 44 0.0 0.0 21.0 549.0 6508.0 132.0 92.0
38 43 45 0.0 0.0 0.0 15.0 181.0 2.0 0.0
38 44 35 0.0 0.0 0.0 1.0 25.0 1.0 0.0
38 44 36 0.0 0.0 0.0 74.0 935.0 16.0 1.0
38 44 37 0.0 3.0 30.0 734.0 5666.0 91.0 77.0
38 44 38 0.0 17.0 40.0 1747.0 15285.0 252.0 577.0
38 44 39 0.0 16.0 103.0 2751.0 25332.0 410.0 1877.0
38 44 40 0.0 5.0 106.0 2999.0 28741.0 452.0 2674.0
38 44 41 0.0 12.0 75.0 2297.0 25381.0 414.0 1951.0
38 44 42 0.0 12.0 56.0 1694.0 16988.0 316.0 779.0
38 44 43 0.0 4.0 24.0 774.0 6402.0 116.0 102.0
38 44 44 0.0 1.0 2.0 100.0 1230.0 24.0 3.0
38 44 45 0.0 0.0 0.0 0.0 21.0 1.0 0.0
38 45 35 0.0 0.0 0.0 0.0 1.0 0.0 0.0
38 45 36 0.0 0.0 0.0 0.0 6.0 0.0 0.0
38 45 37 0.0 0.0 0.0 9.0 110.0 4.0 0.0
38 45 38 0.0 0.0 0.0 74.0 588.0 9.0 1.0
38 45 39 0.0 0.0 3.0 127.0 1030.0 19.0 2.0
38 45 40 0.0 0.0 9.0 123.0 1405.0 17.0 2.0
38 45 41 0.0 0.0 5.0 80.0 1036.0 19.0 0.0
38 45 42 0.0 0.0 0.0 56.0 522.0 10.0 0.0
38 45 43 0.0 0.0 0.0 6.0 182.0 1.0 0.0
38 45 44 0.0 0.0 0.0 5.0 23.0 0.0 0.0
38 46 39 0.0 0.0 0.0 0.0 1.0 0.0 0.0
38 46 40 0.0 0.0 0.0 0.0 1.0 0.0 0.0
38 46 41 0.0 0.0 0.0 2.0 2.0 0.0 0.0
39 34 40 0.0 0.0 0.0 1.0 5.0 0.0 0.0
39 34 41 0.0 0.0 0.0 0.0 8.0 0.0 0.0
39 34 42 0.0 0.0 0.0 0.0 1.0 0.0 0.0
39 35 36 0.0 0.0 0.0 10.0 50.0 0.0 0.0
39 35 37 0.0 0.0 1.0 47.0 330.0 2.0 0.0
39 35 38 0.0 0.0 1.0 188.0 1377.0 26.0 6.0
39 35 39 0.0 2.0 6.0 345.0 2564.0 38.0 19.0
39 35 40 0.0 5.0 5.0 460.0 3040.0 63.0 9.0
39 35 41 0.0 1.0 1.0 309.0 2424.0 50.0 12.0
39 35 42 0.0 3.0 1.0 193.0 1212.0 19.0 4.0
39 35 43 0.0 0.0 0.0 30.0 393.0 6.0 0.0
39 35 44 0.0 0.0 0.0 4.0 30.0 2.0 0.0
39 36 35 0.0 0.0 0.0 4.0 34.0 0.0 0.0
39 36 36 0.0 0.0 4.0 218.0 2271.0 39.0 8.0
39 36 37 0.0 15.0 32.0 1768.0 12933.0 229.0 452.0
39 36 38 0.0 30.0 84.0 3580.0 27276.0 446.0 2516.0
39 36 39 0.0 35.0 71.0 5396.0 37692.0 550.0 6210.0
39 36 40 0.0 20.0 91.0 5243.0 40514.0 596.0 7508.0
39 36 41 0.0 25.0 82.0 5395.0 36015.0 529.0 5695.0
39 36 42 0.0 19.0 64.0 3270.0 25506.0 472.0 2108.0
39 36 43 0.0 2.0 17.0 1328.0 11062.0 188.0 302.0
39 36 44 0.0 1.0 8.0 208.0 1921.0 36.0 11.0
39 36 45 0.0 1.0 0.0 6.0 49.0 0.0 0.0
39 37 35 0.0 0.0 3.0 22.0 335.0 6.0 0.0
39 37 36 0.0 7.0 8.0 1193.0 12117.0 164.0 342.0
39 37 37 0.0 39.0 104.0 4453.0 45871.0 591.0 12452.0
39 37 38 0.0 30.0 106.0 6159.0 48123.0 489.0 38993.0
39 37 39 0.0 13.0 87.0 5957.0 43807.0 425.0 55056.0
39 37 40 0.0 27.0 139.0 5841.0 41947.0 343.0 59840.0
39 37 41 0.0 48.0 97.0 6221.0 43852.0 424.0 53610.0
39 37 42 0.0 44.0 133.0 6576.0 49030.0 496.0 35133.0
39 37 43 0.0 15.0 113.0 4678.0 45479.0 620.0 12130.0
39 37 44 0.0 3.0 9.0 1268.0 11332.0 212.0 327.0
39 37 45 0.0 0.0 2.0 26.0 311.0 9.0 0.0
39 38 34 0.0 0.0 0.0 0.0 3.0 0.0 0.0
39 38 35 0.0 0.0 0.0 86.0 1319.0 26.0 3.0
39 38 36 0.0 10.0 83.0 2235.0 28003.0 463.0 2335.0
39 38 37 0.0 38.0 95.0 4900.0 50090.0 502.0 36933.0
39 38 38 0.0 33.0 90.0 3594.0 33283.0 259.0 84153.0
39 38 39 0.0 35.0 79.0 3375.0 24469.0 156.0 105342.0
39 38 40 0.0 15.0 77.0 3116.0 22632.0 168.0 110393.0
39 38 41 0.0 27.0 90.0 3337.0 25456.0 161.0 103811.0
39 38 42 0.0 15.0 104.0 4036.0 33554.0 259.0 82442.0
39 38 43 0.0 17.0 176.0 5396.0 49753.0 545.0 36517.0
39 38 44 0.0 5.0 80.0 2383.0 25966.0 423.0 1967.0
39 38 45 0.0 0.0 2.0 109.0 1250.0 22.0 1.0
39 38 46 0.0 0.0 0.0 0.0 1.0 0.0 0.0
39 39 34 0.0 0.0 0.0 0.0 1.0 0.0 0.0
39 39 35 0.0 0.0 6.0 179.0 2302.0 43.0 11.0
39 39 36 0.0 18.0 101.0 3312.0 38134.0 573.0 5359.0
39 39 37 0.0 41.0 128.0 4798.0 45607.0 396.0 53916.0
39 39 38 0.0 19.0 98.0 2904.0 25971.0 178.0 103956.0
39 39 39 0.0 13.0 54.0 1756.0 14647.0 73.0 138263.0
39 39 40 0.0 19.0 47.0 1716.0 13221.0 54.0 140515.0
39 39 41 0.0 11.0 54.0 1832.0 14662.0 60.0 136971.0
39 39 42 0.0 16.0 90.0 2919.0 26076.0 158.0 103089.0
39 39 43 0.0 18.0 153.0 4544.0 45628.0 393.0 52637.0
39 39 44 0.0 12.0 80.0 3806.0 36382.0 553.0 5055.0
39 39 45 0.0 1.0 4.0 202.0 2268.0 33.0 5.0
39 39 46 0.0 0.0 0.0 0.0 3.0 0.0 0.0
39 40 34 0.0 0.0 0.0 0.0 1.0 0.0 0.0
39 40 35 0.0 1.0 13.0 244.0 2670.0 51.0 10.0
39 40 36 0.0 9.0 101.0 3631.0 40644.0 571.0 6682.0
39 40 37 0.0 29.0 148.0 4683.0 44230.0 395.0 57526.0
39 40 38 0.0 20.0 86.0 2640.0 24040.0 169.0 109060.0
39 40 39 0.0 13.0 57.0 1615.0 13434.0 65.0 140056.0
39 40 40 0.0 11.0 38.0 1372.0 11295.0 65.0 145388.0
39 40 41 0.0 10.0 55.0 1491.0 13742.0 68.0 139561.0
39 40 42 0.0 30.0 96.0 2636.0 24035.0 176.0 108876.0
39 40 43 0.0 24.0 150.0 4711.0 43836.0 410.0 57485.0
39 40 44 0.0 11.0 103.0 4323.0 39964.0 534.0 6828.0
39 40 45 0.0 2.0 2.0 291.0 2694.0 40.0 9.0
39 41 35 0.0 0.0 7.0 201.0 2109.0 41.0 7.0
39 41 36 0.0 9.0 104.0 3569.0 36486.0 555.0 5038.0
39 41 37 0.0 31.0 160.0 4806.0 45999.0 411.0 52152.0
39 41 38 0.0 18.0 108.0 2883.0 26683.0 170.0 101934.0
39 41 39 0.0 8.0 59.0 1693.0 15286.0 53.0 135435.0
39 41 40 0.0 16.0 82.0 1457.0 13398.0 39.0 140851.0
39 41 41 0.0 13.0 65.0 1714.0 15124.0 48.0 136604.0
39 41 42 0.0 15.0 140.0 2944.0 26595.0 166.0 102684.0
39 41 43 0.0 30.0 180.0 4893.0 45732.0 425.0 52763.0
39 41 44 0.0 4.0 104.0 4166.0 36200.0 523.0 5180.0
39 41 45 0.0 1.0 5.0 196.0 2118.0 39.0 6.0
39 41 46 0.0 0.0 0.0 0.0 2.0 0.0 0.0
39 42 35 0.0 0.0 9.0 114.0 1107.0 23.0 1.0
39 42 36 0.0 28.0 41.0 2318.0 24968.0 410.0 1908.0
39 42 37 0.0 45.0 168.0 5418.0 50281.0 542.0 33685.0
39 42 38 0.0 25.0 98.0 3692.0 33766.0 256.0 82272.0
39 42 39 0.0 24.0 96.0 2959.0 26526.0 179.0 102709.0
39 42 40 0.0 12.0 93.0 2616.0 24283.0 157.0 108667.0
39 42 41 0.0 22.0 130.0 2821.0 26160.0 151.0 103651.0
39 42 42 0.0 18.0 163.0 3461.0 32717.0 258.0 85591.0
39 42 43 0.0 12.0 210.0 4801.0 50228.0 521.0 36084.0
39 42 44 0.0 9.0 83.0 2917.0 26325.0 414.0 2218.0
39 42 45 0.0 0.0 1.0 91.0 1152.0 16.0 2.0
39 42 46 0.0 0.0 0.0 0.0 1.0 0.0 0.0
39 43 35 0.0 0.0 0.0 35.0 292.0 7.0 0.0
39 43 36 0.0 3.0 28.0 1211.0 11037.0 196.0 274.0
39 43 37 0.0 13.0 95.0 3979.0 43578.0 571.0 10534.0
39 43 38 0.0 13.0 104.0 5307.0 50187.0 517.0 33246.0
39 43 39 0.0 37.0 164.0 5078.0 45814.0 451.0 51839.0
39 43 40 0.0 16.0 171.0 4485.0 44152.0 401.0 57403.0
39 43 41 0.0 36.0 190.0 4813.0 45395.0 444.0 52614.0
39 43 42 0.0 34.0 214.0 5189.0 49392.0 524.0 36437.0
39 43 43 0.0 30.0 147.0 4504.0 45110.0 555.0 12556.0
39 43 44 0.0 1.0 58.0 1082.0 11398.0 164.0 274.0
39 43 45 0.0 0.0 0.0 31.0 333.0 9.0 0.0
39 43 46 0.0 0.0 0.0 0.0 3.0 0.0 0.0
39 44 35 0.0 0.0 0.0 4.0 50.0 0.0 0.0
39 44 36 0.0 0.0 6.0 160.0 1952.0 29.0 5.0
39 44 37 0.0 19.0 19.0 994.0 10032.0 172.0 227.0
39 44 38 0.0 30.0 71.0 3044.0 24443.0 377.0 1837.0
39 44 39 0.0 5.0 84.0 3866.0 35600.0 513.0 4913.0
39 44 40 0.0 13.0 119.0 4070.0 39957.0 533.0 6621.0
39 44 41 0.0 13.0 122.0 3824.0 37105.0 547.0 5449.0
39 44 42 0.0 6.0 57.0 2700.0 26359.0 433.0 2121.0
39 44 43 0.0 6.0 42.0 1108.0 12207.0 190.0 355.0
39 44 44 0.0 0.0 7.0 231.0 2261.0 38.0 7.0
39 44 45 0.0 0.0 0.0 8.0 31.0 2.0 0.0
39 45 36 0.0 0.0 0.0 1.0 36.0 1.0 0.0
39 45 37 0.0 0.0 0.0 35.0 279.0 3.0 0.0
39 45 38 0.0 0.0 5.0 93.0 941.0 17.0 2.0
39 45 39 0.0 3.0 7.0 255.0 2023.0 41.0 7.0
39 45 40 0.0 1.0 2.0 291.0 2681.0 38.0 10.0
39 45 41 0.0 0.0 8.0 246.0 2145.0 47.0 8.0
39 45 42 0.0 0.0 1.0 140.0 1099.0 20.0 2.0
39 45 43 0.0 1.0 0.0 33.0 319.0 8.0 0.0
39 45 44 0.0 0.0 0.0 4.0 45.0 0.0 0.0
39 45 45 0.0 0.0 0.0 0.0 1.0 0.0 0.0
39 46 39 0.0 0.0 0.0 0.0 1.0 0.0 0.0
39 46 41 0.0 0.0 0.0 3.0 2.0 0.0 0.0
40 34 39 0.0 0.0 0.0 0.0 2.0 0.0 0.0
40 34 40 0.0 0.0 0.0 0.0 2.0 0.0 0.0
40 34 41 0.0 0.0 0.0 0.0 4.0 0.0 0.0
40 34 42 0.0 0.0 0.0 0.0 1.0 0.0 0.0
40 34 43 0.0 0.0 0.0 0.0 4.0 0.0 0.0
40 35 35 0.0 0.0 0.0 0.0 3.0 0.0 0.0
40 35 36 0.0 0.0 0.0 5.0 39.0 0.0 0.0
40 35 37 0.0 0.0 0.0 76.0 449.0 12.0 0.0
40 35 38 0.0 0.0 4.0 252.0 1578.0 35.0 3.0
40 35 39 0.0 2.0 7.0 371.0 2741.0 55.0 16.0
40 35 40 0.0 7.0 3.0 560.0 3533.0 70.0 17.0
40 35 41 0.0 1.0 5.0 396.0 2868.0 52.0 11.0
40 35 42 0.0 1.0 2.0 213.0 1535.0 27.0 5.0
40 35 43 0.0 0.0 0.0 58.0 447.0 7.0 1.0
40 35 44 0.0 0.0 0.0 9.0 47.0 4.0 0.0
40 36 35 0.0 0.0 0.0 3.0 58.0 2.0 0.0
40 36 36 0.0 3.0 3.0 220.0 2558.0 45.0 11.0
40 36 37 0.0 21.0 26.0 2169.0 13658.0 249.0 507.0
40 36 38 0.0 8.0 62.0 4411.0 30295.0 481.0 3406.0
40 36 39 0.0 23.0 87.0 6237.0 39427.0 576.0 7493.0
40 36 40 0.0 18.0 95.0 6433.0 41792.0 618.0 9365.0
40 36 41 0.0 49.0 82.0 6138.0 38816.0 588.0 6983.0
40 36 42 0.0 23.0 79.0 4325.0 28592.0 447.0 3053.0
40 36 43 0.0 13.0 35.0 1876.0 13275.0 210.0 459.0
40 36 44 0.0 2.0 2.0 252.0 2739.0 44.0 18.0
40 36 45 0.0 0.0 0.0 4.0 56.0 2.0 0.0
40 37 35 0.0 0.0 5.0 43.0 466.0 12.0 0.0
40 37 36 0.0 6.0 41.0 1316.0 14332.0 242.0 462.0
40 37 37 0.0 36.0 86.0 4932.0 47005.0 592.0 15547.0
40 37 38 0.0 48.0 134.0 7306.0 46031.0 426.0 43407.0
40 37 39 0.0 38.0 92.0 6130.0 41176.0 336.0 59899.0
40 37 40 0.0 32.0 69.0 6301.0 38454.0 360.0 65326.0
40 37 41 0.0 38.0 129.0 6365.0 41706.0 381.0 58589.0
40 37 42 0.0 47.0 110.0 6411.0 47611.0 490.0 40728.0
40 37 43 0.0 33.0 179.0 4906.0 46868.0 609.0 14234.0
40 37 44 0.0 8.0 47.0 1222.0 14103.0 245.0 445.0
40 37 45 0.0 0.0 0.0 40.0 433.0 9.0 0.0
40 38 34 0.0 0.0 0.0 2.0 3.0 0.0 0.0
40 38 35 0.0 0.0 3.0 140.0 1563.0 15.0 2.0
40 38 36 0.0 9.0 67.0 2792.0 30872.0 499.0 3175.0
40 38 37 0.0 25.0 118.0 5090.0 48750.0 484.0 41738.0
40 38 38 0.0 26.0 83.0 3520.0 30417.0 254.0 90982.0
40 38 39 0.0 28.0 87.0 3123.0 23146.0 144.0 109691.0
40 38 40 0.0 19.0 93.0 2972.0 20279.0 133.0 116132.0
40 38 41 0.0 16.0 91.0 3411.0 22779.0 142.0 109048.0
40 38 42 0.0 29.0 123.0 3641.0 30868.0 207.0 90109.0
40 38 43 0.0 21.0 134.0 5236.0 48924.0 524.0 40620.0
40 38 44 0.0 5.0 76.0 2909.0 29677.0 435.0 2848.0
40 38 45 0.0 4.0 4.0 194.0 1370.0 30.0 1.0
40 39 34 0.0 0.0 0.0 0.0 2.0 0.0 0.0
40 39 35 0.0 0.0 10.0 264.0 3011.0 51.0 9.0
40 39 36 0.0 16.0 79.0 3686.0 40917.0 554.0 6824.0
40 39 37 0.0 14.0 143.0 3953.0 44263.0 375.0 59264.0
40 39 38 0.0 22.0 75.0 2509.0 24148.0 144.0 108695.0
40 39 39 0.0 13.0 49.0 1581.0 12868.0 56.0 141388.0
40 39 40 0.0 11.0 45.0 1462.0 10700.0 38.0 148308.0
40 39 41 0.0 13.0 59.0 1594.0 13572.0 54.0 139727.0
40 39 42 0.0 24.0 103.0 2870.0 23554.0 143.0 108787.0
40 39 43 0.0 15.0 137.0 4584.0 43776.0 415.0 58284.0
40 39 44 0.0 7.0 105.0 4123.0 40714.0 517.0 7302.0
40 39 45 0.0 0.0 10.0 302.0 2737.0 46.0 7.0
40 39 46 0.0 0.0 0.0 0.0 3.0 0.0 0.0
40 40 34 0.0 0.0 0.0 0.0 3.0 0.0 0.0
40 40 35 0.0 1.0 7.0 346.0 3410.0 45.0 13.0
40 40 36 0.0 32.0 118.0 4198.0 43641.0 559.0 8872.0
40 40 37 0.0 26.0 118.0 4062.0 41926.0 359.0 63227.0
40 40 38 0.0 15.0 82.0 2352.0 21324.0 145.0 114507.0
40 40 39 0.0 8.0 48.0 1304.0 11451.0 47.0 145309.0
40 40 40 0.0 9.0 38.0 859.0 7431.0 25.0 169195.0
40 40 41 0.0 8.0 55.0 1339.0 11412.0 39.0 146145.0
40 40 42 0.0 16.0 90.0 2351.0 21690.0 113.0 114705.0
40 40 43 0.0 23.0 162.0 4667.0 41961.0 349.0 62766.0
40 40 44 0.0 57.0 168.0 5137.0 42032.0 598.0 8502.0
40 40 45 0.0 3.0 8.0 332.0 3262.0 54.0 21.0
40 41 34 0.0 0.0 0.0 0.0 8.0 0.0 0.0
40 41 35 0.0 3.0 17.0 252.0 2840.0 58.0 8.0
40 41 36 0.0 17.0 77.0 3853.0 40665.0 598.0 7042.0
40 41 37 0.0 36.0 137.0 4205.0 43511.0 394.0 58416.0
40 41 38 0.0 10.0 83.0 2629.0 24173.0 153.0 108337.0
40 41 39 0.0 12.0 58.0 1487.0 13332.0 55.0 140734.0
40 41 40 0.0 13.0 48.0 1294.0 11292.0 31.0 145623.0
40 41 41 0.0 3.0 70.0 1571.0 13449.0 58.0 141761.0
40 41 42 0.0 21.0 104.0 2649.0 23889.0 135.0 108975.0
40 41 43 0.0 34.0 174.0 5046.0 42959.0 401.0 59148.0
40 41 44 0.0 30.0 142.0 4294.0 39993.0 599.0 6572.0
40 41 45 0.0 2.0 9.0 324.0 2792.0 51.0 10.0
40 41 46 0.0 0.0 0.0 0.0 5.0 0.0 0.0
40 42 34 0.0 0.0 0.0 0.0 1.0 0.0 0.0
40 42 35 0.0 0.0 4.0 141.0 1352.0 24.0 3.0
40 42 36 0.0 23.0 45.0 2668.0 29534.0 473.0 2732.0
40 42 37 0.0 29.0 176.0 4766.0 49684.0 513.0 39807.0
40 42 38 0.0 18.0 100.0 2962.0 31773.0 228.0 88435.0
40 42 39 0.0 22.0 85.0 2534.0 24330.0 164.0 107919.0
40 42 40 0.0 14.0 112.0 2323.0 21933.0 119.0 114143.0
40 42 41 0.0 19.0 101.0 2494.0 24003.0 114.0 109084.0
40 42 42 0.0 20.0 143.0 3229.0 30792.0 207.0 90544.0
40 42 43 0.0 46.0 205.0 4914.0 49230.0 488.0 41234.0
40 42 44 0.0 28.0 97.0 3348.0 29459.0 456.0 2986.0
40 42 45 0.0 1.0 9.0 166.0 1448.0 17.0 8.0
40 42 46 0.0 0.0 0.0 0.0 1.0 0.0 0.0
40 43 34 0.0 0.0 0.0 0.0 1.0 0.0 0.0
40 43 35 0.0 1.0 0.0 24.0 409.0 5.0 0.0
40 43 36 0.0 0.0 62.0 1207.0 13039.0 211.0 391.0
40 43 37 0.0 23.0 126.0 4299.0 47363.0 621.0 14013.0
40 43 38 0.0 27.0 182.0 4900.0 49674.0 514.0 39029.0
40 43 39 0.0 40.0 133.0 4699.0 43575.0 356.0 58029.0
40 43 40 0.0 36.0 173.0 4584.0 41910.0 373.0 62481.0
40 43 41 0.0 36.0 163.0 4617.0 43916.0 392.0 57935.0
40 43 42 0.0 36.0 233.0 5119.0 48596.0 496.0 41272.0
40 43 43 0.0 18.0 250.0 4456.0 47940.0 626.0 15419.0
40 43 44 0.0 8.0 133.0 1279.0 13617.0 284.0 442.0
40 43 45 0.0 0.0 3.0 37.0 451.0 16.0 0.0
40 43 46 0.0 0.0 0.0 0.0 1.0 0.0 0.0
40 44 35 0.0 0.0 0.0 2.0 45.0 0.0 0.0
40 44 36 0.0 2.0 3.0 198.0 2390.0 50.0 5.0
40 44 37 0.0 5.0 22.0 1231.0 12297.0 210.0 359.0
40 44 38 0.0 14.0 63.0 3068.0 28468.0 428.0 2785.0
40 44 39 0.0 39.0 143.0 4293.0 39497.0 579.0 6585.0
40 44 40 0.0 19.0 144.0 4578.0 42533.0 580.0 8642.0
40 44 41 0.0 17.0 136.0 4062.0 40501.0 554.0 6975.0
40 44 42 0.0 5.0 59.0 3184.0 30044.0 488.0 2936.0
40 44 43 0.0 10.0 43.0 1313.0 14054.0 236.0 484.0
40 44 44 0.0 0.0 17.0 225.0 2750.0 49.0 14.0
40 44 45 0.0 0.0 0.0 0.0 48.0 1.0 0.0
40 45 36 0.0 0.0 0.0 4.0 32.0 0.0 0.0
40 45 37 0.0 0.0 1.0 43.0 468.0 8.0 1.0
40 45 38 0.0 3.0 2.0 176.0 1296.0 23.0 2.0
40 45 39 0.0 2.0 3.0 309.0 2687.0 56.0 11.0
40 45 40 0.0 2.0 10.0 323.0 3375.0 56.0 20.0
40 45 41 0.0 0.0 10.0 292.0 2739.0 40.0 9.0
40 45 42 0.0 0.0 5.0 173.0 1390.0 35.0 2.0
40 45 43 0.0 0.0 0.0 44.0 474.0 14.0 0.0
40 45 44 0.0 0.0 0.0 7.0 48.0 1.0 0.0
40 45 45 0.0 0.0 0.0 0.0 1.0 0.0 0.0
40 46 39 0.0 0.0 0.0 0.0 4.0 0.0 0.0
40 46 40 0.0 0.0 0.0 0.0 2.0 0.0 0.0
40 46 41 0.0 0.0 0.0 0.0 2.0 0.0 0.0
41 34 38 0.0 0.0 0.0 0.0 2.0 0.0 0.0
41 34 39 0.0 0.0 0.0 0.0 1.0 0.0 0.0
41 34 40 0.0 0.0 0.0 0.0 1.0 0.0 0.0
41 34 41 0.0 0.0 0.0 0.0 1.0 0.0 0.0
41 34 42 0.0 0.0 0.0 1.0 0.0 0.0 0.0
41 35 36 0.0 0.0 1.0 2.0 58.0 0.0 0.0
41 35 37 0.0 0.0 2.0 44.0 346.0 1.0 0.0
41 35 38 0.0 2.0 1.0 146.0 1348.0 21.0 2.0
41 35 39 0.0 2.0 7.0 330.0 2189.0 40.0 10.0
41 35 40 0.0 5.0 3.0 485.0 2768.0 45.0 11.0
41 35 41 0.0 1.0 11.0 415.0 2128.0 45.0 6.0
41 35 42 0.0 1.0 1.0 156.0 1093.0 20.0 2.0
41 35 43 0.0 0.0 1.0 70.0 346.0 8.0 1.0
41 35 44 0.0 0.0 0.0 1.0 33.0 1.0 0.0
41 35 45 0.0 0.0 0.0 0.0 4.0 0.0 0.0
41 36 35 0.0 0.0 0.0 8.0 28.0 0.0 0.0
41 36 36 0.0 4.0 9.0 310.0 2342.0 48.0 10.0
41 36 37 0.0 4.0 64.0 1389.0 11625.0 228.0 342.0
41 36 38 0.0 21.0 32.0 3954.0 26501.0 409.0 2428.0
41 36 39 0.0 67.0 73.0 5933.0 35916.0 577.0 5863.0
41 36 40 0.0 29.0 111.0 6116.0 39032.0 566.0 7361.0
41 36 41 0.0 19.0 116.0 5980.0 35001.0 580.0 5443.0
41 36 42 0.0 22.0 102.0 3730.0 25734.0 418.0 2297.0
41 36 43 0.0 2.0 14.0 1618.0 11021.0 212.0 325.0
41 36 44 0.0 2.0 4.0 178.0 2215.0 51.0 5.0
41 36 45 0.0 0.0 0.0 1.0 44.0 0.0 0.0
41 37 35 0.0 0.0 1.0 29.0 350.0 10.0 0.0
41 37 36 0.0 2.0 26.0 1228.0 12269.0 215.0 312.0
41 37 37 0.0 40.0 96.0 5413.0 44486.0 596.0 12545.0
41 37 38 0.0 33.0 150.0 5945.0 49161.0 543.0 36749.0
41 37 39 0.0 30.0 118.0 6301.0 43261.0 399.0 54436.0
41 37 40 0.0 57.0 124.0 6924.0 41361.0 419.0 59323.0
41 37 41 0.0 59.0 133.0 7025.0 43139.0 427.0 53429.0
41 37 42 0.0 96.0 146.0 7542.0 47270.0 564.0 35201.0
41 37 43 0.0 11.0 139.0 4810.0 43987.0 574.0 11693.0
41 37 44 0.0 2.0 38.0 1186.0 11244.0 201.0 286.0
41 37 45 0.0 0.0 0.0 23.0 372.0 1.0 1.0
41 37 46 0.0 0.0 0.0 0.0 1.0 0.0 0.0
41 38 35 0.0 1.0 4.0 132.0 1119.0 33.0 1.0
41 38 36 0.0 25.0 52.0 2443.0 27027.0 440.0 2180.0
41 38 37 0.0 30.0 149.0 5188.0 50262.0 537.0 35742.0
41 38 38 0.0 32.0 105.0 3677.0 34037.0 257.0 83187.0
41 38 39 0.0 35.0 83.0 3561.0 25359.0 182.0 103792.0
41 38 40 0.0 30.0 87.0 3540.0 22588.0 152.0 109447.0
41 38 41 0.0 29.0 91.0 3915.0 24821.0 197.0 104206.0
41 38 42 0.0 25.0 95.0 3955.0 33073.0 251.0 83901.0
41 38 43 0.0 37.0 191.0 5466.0 50121.0 565.0 35308.0
41 38 44 0.0 44.0 61.0 3188.0 25978.0 484.0 2083.0
41 38 45 0.0 1.0 4.0 119.0 1150.0 19.0 2.0
41 39 34 0.0 0.0 0.0 0.0 5.0 0.0 0.0
41 39 35 0.0 2.0 1.0 213.0 2215.0 37.0 8.0
41 39 36 0.0 4.0 95.0 3169.0 37785.0 517.0 5389.0
41 39 37 0.0 25.0 140.0 4204.0 45762.0 412.0 54023.0
41 39 38 0.0 13.0 96.0 2699.0 25996.0 167.0 103529.0
41 39 39 0.0 19.0 61.0 1796.0 14998.0 83.0 136232.0
41 39 40 0.0 13.0 77.0 1718.0 13398.0 66.0 139276.0
41 39 41 0.0 8.0 50.0 1867.0 14929.0 69.0 136521.0
41 39 42 0.0 25.0 101.0 2991.0 25937.0 160.0 103878.0
41 39 43 0.0 19.0 131.0 4973.0 45165.0 463.0 53099.0
41 39 44 0.0 11.0 118.0 3955.0 37013.0 529.0 5403.0
41 39 45 0.0 1.0 10.0 235.0 2283.0 42.0 10.0
41 39 46 0.0 0.0 0.0 0.0 4.0 0.0 0.0
41 40 34 0.0 0.0 0.0 0.0 3.0 0.0 0.0
41 40 35 0.0 0.0 5.0 234.0 2925.0 43.0 12.0
41 40 36 0.0 18.0 82.0 4157.0 40887.0 596.0 7267.0
41 40 37 0.0 20.0 137.0 4122.0 44099.0 374.0 58317.0
41 40 38 0.0 18.0 78.0 2227.0 24250.0 158.0 109218.0
41 40 39 0.0 12.0 53.0 1333.0 13336.0 63.0 142295.0
41 40 40 0.0 6.0 67.0 1308.0 11329.0 36.0 145798.0
41 40 41 0.0 11.0 72.0 1453.0 13457.0 54.0 140664.0
41 40 42 0.0 24.0 134.0 2610.0 23868.0 141.0 108683.0
41 40 43 0.0 25.0 143.0 4653.0 43623.0 368.0 58378.0
41 40 44 0.0 22.0 147.0 4530.0 40511.0 567.0 7033.0
41 40 45 0.0 3.0 4.0 336.0 2824.0 50.0 11.0
41 40 46 0.0 0.0 0.0 0.0 6.0 0.0 0.0
41 41 34 0.0 0.0 0.0 0.0 1.0 0.0 0.0
41 41 35 0.0 1.0 7.0 215.0 2237.0 30.0 4.0
41 41 36 0.0 8.0 106.0 3598.0 36858.0 550.0 5109.0
41 41 37 0.0 29.0 173.0 4168.0 46174.0 424.0 53075.0
41 41 38 0.0 23.0 86.0 2470.0 26359.0 179.0 102664.0
41 41 39 0.0 10.0 78.0 1575.0 15488.0 69.0 136031.0
41 41 40 0.0 14.0 76.0 1338.0 13500.0 63.0 140357.0
41 41 41 0.0 8.0 70.0 1595.0 14752.0 54.0 137825.0
41 41 42 0.0 18.0 131.0 2750.0 26312.0 187.0 103298.0
41 41 43 0.0 40.0 157.0 4883.0 45597.0 438.0 53325.0
41 41 44 0.0 21.0 110.0 3852.0 36803.0 530.0 5467.0
41 41 45 0.0 0.0 10.0 214.0 2192.0 46.0 9.0
41 41 46 0.0 0.0 0.0 0.0 2.0 0.0 0.0
41 42 35 0.0 0.0 2.0 89.0 1141.0 19.0 0.0
41 42 36 0.0 6.0 83.0 2207.0 26759.0 423.0 2126.0
41 42 37 0.0 24.0 185.0 4295.0 50950.0 538.0 35333.0
41 42 38 0.0 29.0 114.0 3391.0 33824.0 276.0 83821.0
41 42 39 0.0 19.0 129.0 2656.0 26586.0 188.0 102856.0
41 42 40 0.0 26.0 115.0 2323.0 24039.0 135.0 109203.0
41 42 41 0.0 12.0 119.0 2799.0 26224.0 180.0 103151.0
41 42 42 0.0 10.0 162.0 3354.0 33589.0 250.0 84229.0
41 42 43 0.0 29.0 140.0 5354.0 49614.0 503.0 36478.0
41 42 44 0.0 4.0 62.0 2534.0 26907.0 406.0 2089.0
41 42 45 0.0 0.0 1.0 104.0 1187.0 15.0 0.0
41 43 35 0.0 0.0 1.0 19.0 304.0 6.0 1.0
41 43 36 0.0 0.0 27.0 1065.0 10955.0 200.0 288.0
41 43 37 0.0 38.0 83.0 4307.0 44730.0 596.0 11280.0
41 43 38 0.0 40.0 174.0 5220.0 49740.0 526.0 35599.0
41 43 39 0.0 24.0 171.0 4459.0 45944.0 389.0 52817.0
41 43 40 0.0 29.0 187.0 4609.0 44099.0 420.0 57697.0
41 43 41 0.0 19.0 227.0 4353.0 45238.0 398.0 53504.0
41 43 42 0.0 9.0 156.0 4714.0 50437.0 504.0 35478.0
41 43 43 0.0 0.0 156.0 4081.0 45760.0 586.0 12179.0
41 43 44 0.0 8.0 62.0 1333.0 11644.0 203.0 319.0
41 43 45 0.0 0.0 0.0 37.0 301.0 2.0 0.0
41 44 35 0.0 0.0 0.0 2.0 30.0 2.0 0.0
41 44 36 0.0 0.0 1.0 185.0 1959.0 33.0 7.0
41 44 37 0.0 2.0 27.0 957.0 11173.0 193.0 264.0
41 44 38 0.0 10.0 70.0 2574.0 25356.0 369.0 1927.0
41 44 39 0.0 19.0 108.0 3559.0 35665.0 504.0 4752.0
41 44 40 0.0 16.0 135.0 3916.0 40032.0 568.0 6931.0
41 44 41 0.0 10.0 174.0 3879.0 37264.0 554.0 5448.0
41 44 42 0.0 6.0 90.0 3187.0 26715.0 445.0 2294.0
41 44 43 0.0 3.0 34.0 1060.0 12146.0 209.0 363.0
41 44 44 0.0 0.0 4.0 172.0 2147.0 33.0 9.0
41 44 45 0.0 0.0 0.0 4.0 39.0 0.0 0.0
41 45 36 0.0 0.0 0.0 11.0 39.0 2.0 0.0
41 45 37 0.0 0.0 1.0 51.0 281.0 8.0 0.0
41 45 38 0.0 0.0 0.0 115.0 1061.0 13.0 2.0
41 45 39 0.0 1.0 2.0 198.0 2161.0 28.0 7.0
41 45 40 0.0 1.0 9.0 287.0 2593.0 50.0 7.0
41 45 41 0.0 0.0 8.0 189.0 2189.0 40.0 14.0
41 45 42 0.0 0.0 9.0 102.0 1270.0 20.0 5.0
41 45 43 0.0 0.0 1.0 45.0 337.0 8.0 0.0
41 45 44 0.0 0.0 0.0 4.0 44.0 3.0 0.0
41 45 45 0.0 0.0 0.0 0.0 1.0 0.0 0.0
41 46 39 0.0 0.0 0.0 0.0 3.0 0.0 0.0
41 46 40 0.0 0.0 0.0 0.0 2.0 0.0 0.0
41 46 41 0.0 0.0 0.0 0.0 1.0 0.0 0.0
41 46 42 0.0 0.0 0.0 0.0 2.0 0.0 0.0
41 46 43 0.0 0.0 0.0 0.0 1.0 0.0 0.0
42 34 39 0.0 0.0 0.0 1.0 1.0 0.0 0.0
42 34 41 0.0 0.0 0.0 0.0 1.0 0.0 0.0
42 34 42 0.0 0.0 0.0 0.0 3.0 0.0 0.0
42 35 36 0.0 0.0 0.0 7.0 22.0 0.0 0.0
42 35 37 0.0 0.0 0.0 22.0 165.0 5.0 0.0
42 35 38 0.0 0.0 0.0 85.0 671.0 19.0 1.0
42 35 39 0.0 0.0 0.0 178.0 1262.0 30.0 2.0
42 35 40 0.0 4.0 3.0 255.0 1344.0 29.0 3.0
42 35 41 0.0 0.0 5.0 173.0 1153.0 23.0 0.0
42 35 42 0.0 0.0 2.0 80.0 509.0 9.0 0.0
42 35 43 0.0 0.0 0.0 20.0 155.0 5.0 0.0
42 35 44 0.0 0.0 0.0 11.0 25.0 0.0 0.0
42 36 35 0.0 0.0 0.0 1.0 15.0 0.0 0.0
42 36 36 0.0 0.0 0.0 173.0 1193.0 28.0 3.0
42 36 37 0.0 6.0 20.0 794.0 6824.0 143.0 82.0
42 36 38 0.0 20.0 23.0 2321.0 17003.0 303.0 806.0
42 36 39 0.0 29.0 73.0 3823.0 25729.0 420.0 2233.0
42 36 40 0.0 27.0 74.0 4352.0 28850.0 492.0 2977.0
42 36 41 0.0 35.0 52.0 4421.0 24220.0 385.0 2108.0
42 36 42 0.0 5.0 37.0 2826.0 16530.0 272.0 781.0
42 36 43 0.0 10.0 27.0 956.0 6205.0 113.0 81.0
42 36 44 0.0 9.0 2.0 113.0 1144.0 18.0 3.0
42 36 45 0.0 0.0 0.0 0.0 25.0 0.0 0.0
42 37 35 0.0 0.0 2.0 22.0 184.0 3.0 0.0
42 37 36 0.0 3.0 9.0 703.0 6661.0 115.0 92.0
42 37 37 0.0 30.0 64.0 3601.0 35642.0 563.0 5380.0
42 37 38 0.0 52.0 73.0 6364.0 48367.0 572.0 20524.0
42 37 39 0.0 92.0 151.0 6976.0 47993.0 505.0 35336.0
42 37 40 0.0 69.0 133.0 8013.0 45742.0 487.0 40809.0
42 37 41 0.0 70.0 135.0 7673.0 47525.0 501.0 36017.0
42 37 42 0.0 48.0 171.0 6760.0 47813.0 634.0 21680.0
42 37 43 0.0 15.0 137.0 4071.0 35152.0 548.0 5378.0
42 37 44 0.0 1.0 13.0 735.0 6586.0 122.0 98.0
42 37 45 0.0 0.0 0.0 23.0 151.0 1.0 0.0
42 38 35 0.0 0.0 0.0 47.0 579.0 4.0 0.0
42 38 36 0.0 4.0 19.0 1508.0 17244.0 249.0 719.0
42 38 37 0.0 31.0 90.0 4681.0 50002.0 576.0 22303.0
42 38 38 0.0 43.0 90.0 4659.0 39912.0 371.0 64742.0
42 38 39 0.0 47.0 113.0 4365.0 33626.0 257.0 81497.0
42 38 40 0.0 34.0 99.0 4131.0 31037.0 231.0 87912.0
42 38 41 0.0 18.0 121.0 4328.0 33216.0 263.0 82647.0
42 38 42 0.0 26.0 159.0 4685.0 40770.0 370.0 63543.0
42 38 43 0.0 33.0 166.0 5255.0 49735.0 568.0 21328.0
42 38 44 0.0 1.0 50.0 1669.0 16668.0 267.0 715.0
42 38 45 0.0 0.0 1.0 59.0 508.0 5.0 0.0
42 39 35 0.0 0.0 4.0 107.0 1226.0 26.0 4.0
42 39 36 0.0 24.0 78.0 2208.0 26823.0 429.0 2193.0
42 39 37 0.0 15.0 142.0 4586.0 50608.0 507.0 35760.0
42 39 38 0.0 30.0 102.0 3326.0 33648.0 257.0 84171.0
42 39 39 0.0 35.0 91.0 2830.0 26263.0 173.0 102989.0
42 39 40 0.0 19.0 88.0 2698.0 24015.0 142.0 108821.0
42 39 41 0.0 32.0 94.0 3135.0 26316.0 174.0 102347.0
42 39 42 0.0 32.0 108.0 3937.0 33387.0 281.0 83291.0
42 39 43 0.0 35.0 157.0 4992.0 50292.0 532.0 35448.0
42 39 44 0.0 6.0 41.0 2423.0 26400.0 407.0 2055.0
42 39 45 0.0 0.0 3.0 100.0 1130.0 17.0 1.0
42 40 34 0.0 0.0 0.0 0.0 2.0 0.0 0.0
42 40 35 0.0 0.0 1.0 119.0 1382.0 22.0 2.0
42 40 36 0.0 12.0 125.0 2520.0 30658.0 514.0 2959.0
42 40 37 0.0 9.0 144.0 4231.0 49249.0 469.0 41063.0
42 40 38 0.0 10.0 132.0 2762.0 31359.0 234.0 90100.0
42 40 39 0.0 8.0 99.0 2343.0 24197.0 134.0 108661.0
42 40 40 0.0 6.0 122.0 2132.0 21606.0 131.0 114838.0
42 40 41 0.0 14.0 97.0 2504.0 23929.0 141.0 108869.0
42 40 42 0.0 22.0 114.0 3151.0 31054.0 205.0 89975.0
42 40 43 0.0 30.0 145.0 5115.0 49422.0 518.0 39925.0
42 40 44 0.0 5.0 81.0 3098.0 29757.0 488.0 2841.0
42 40 45 0.0 0.0 1.0 120.0 1328.0 25.0 4.0
42 40 46 0.0 0.0 0.0 0.0 4.0 0.0 0.0
42 41 34 0.0 0.0 0.0 0.0 2.0 0.0 0.0
42 41 35 0.0 0.0 10.0 112.0 1054.0 22.0 1.0
42 41 36 0.0 18.0 77.0 2392.0 25958.0 398.0 2068.0
42 41 37 0.0 21.0 185.0 3980.0 51461.0 533.0 35196.0
42 41 38 0.0 8.0 143.0 2768.0 34179.0 237.0 83951.0
42 41 39 0.0 21.0 108.0 2303.0 26329.0 173.0 104055.0
42 41 40 0.0 23.0 119.0 2283.0 23932.0 152.0 109155.0
42 41 41 0.0 19.0 109.0 2541.0 26208.0 186.0 104536.0
42 41 42 0.0 16.0 128.0 3225.0 34027.0 235.0 83305.0
42 41 43 0.0 31.0 165.0 4543.0 50861.0 519.0 35498.0
42 41 44 0.0 10.0 85.0 2822.0 26219.0 471.0 2140.0
42 41 45 0.0 2.0 0.0 111.0 1040.0 12.0 1.0
42 41 46 0.0 0.0 0.0 0.0 1.0 0.0 0.0
42 42 35 0.0 0.0 0.0 45.0 528.0 8.0 0.0
42 42 36 0.0 4.0 48.0 1430.0 17179.0 327.0 739.0
42 42 37 0.0 17.0 117.0 4799.0 49791.0 605.0 20585.0
42 42 38 0.0 29.0 143.0 3835.0 41211.0 344.0 63123.0
42 42 39 0.0 9.0 138.0 3232.0 35017.0 263.0 81298.0
42 42 40 0.0 11.0 139.0 2865.0 31160.0 213.0 90739.0
42 42 41 0.0 29.0 164.0 3050.0 33822.0 244.0 83884.0
42 42 42 0.0 15.0 140.0 3317.0 40457.0 346.0 66028.0
42 42 43 0.0 19.0 129.0 4366.0 50408.0 597.0 22163.0
42 42 44 0.0 7.0 66.0 1559.0 17511.0 301.0 790.0
42 42 45 0.0 1.0 0.0 52.0 594.0 11.0 2.0
42 43 35 0.0 0.0 1.0 6.0 154.0 5.0 0.0
42 43 36 0.0 3.0 20.0 568.0 6773.0 132.0 81.0
42 43 37 0.0 21.0 84.0 3603.0 34245.0 498.0 4935.0
42 43 38 0.0 23.0 131.0 4255.0 50405.0 642.0 19743.0
42 43 39 0.0 23.0 122.0 4509.0 50579.0 535.0 35002.0
42 43 40 0.0 14.0 168.0 4609.0 50004.0 499.0 40073.0
42 43 41 0.0 34.0 160.0 4818.0 50212.0 517.0 36760.0
42 43 42 0.0 19.0 141.0 4682.0 50358.0 585.0 21207.0
42 43 43 0.0 7.0 85.0 3336.0 36066.0 524.0 5372.0
42 43 44 0.0 7.0 29.0 717.0 7094.0 133.0 93.0
42 43 45 0.0 0.0 0.0 13.0 175.0 1.0 0.0
42 44 35 0.0 0.0 0.0 1.0 13.0 0.0 0.0
42 44 36 0.0 0.0 4.0 75.0 1062.0 12.0 0.0
42 44 37 0.0 3.0 11.0 574.0 6055.0 125.0 62.0
42 44 38 0.0 2.0 48.0 1531.0 16412.0 278.0 683.0
42 44 39 0.0 20.0 59.0 2341.0 26423.0 428.0 2082.0
42 44 40 0.0 6.0 92.0 2515.0 29903.0 466.0 2839.0
42 44 41 0.0 4.0 64.0 2372.0 26576.0 422.0 2048.0
42 44 42 0.0 2.0 50.0 1569.0 17578.0 309.0 777.0
42 44 43 0.0 1.0 29.0 553.0 6417.0 106.0 71.0
42 44 44 0.0 2.0 1.0 105.0 1129.0 14.0 2.0
42 44 45 0.0 0.0 0.0 3.0 20.0 0.0 0.0
42 45 36 0.0 0.0 0.0 0.0 13.0 0.0 0.0
42 45 37 0.0 0.0 0.0 20.0 122.0 1.0 0.0
42 45 38 0.0 0.0 1.0 58.0 524.0 10.0 1.0
42 45 39 0.0 1.0 1.0 156.0 1135.0 20.0 1.0
42 45 40 0.0 0.0 1.0 143.0 1369.0 28.0 3.0
42 45 41 0.0 0.0 6.0 116.0 1111.0 15.0 1.0
42 45 42 0.0 0.0 1.0 49.0 617.0 14.0 2.0
42 45 43 0.0 0.0 1.0 14.0 137.0 3.0 0.0
42 45 44 0.0 0.0 0.0 2.0 12.0 0.0 0.0
42 46 39 0.0 0.0 0.0 2.0 1.0 0.0 0.0
42 46 40 0.0 0.0 0.0 0.0 2.0 0.0 0.0
43 34 40 0.0 0.0 0.0 1.0 0.0 0.0 0.0
43 35 36 0.0 0.0 0.0 0.0 3.0 0.0 0.0
43 35 37 0.0 0.0 0.0 5.0 57.0 3.0 0.0
43 35 38 0.0 0.0 0.0 11.0 150.0 1.0 0.0
43 35 39 0.0 0.0 0.0 36.0 369.0 8.0 0.0
43 35 40 0.0 0.0 0.0 64.0 361.0 8.0 0.0
43 35 41 0.0 2.0 0.0 62.0 328.0 8.0 1.0
43 35 42 0.0 0.0 0.0 32.0 160.0 2.0 0.0
43 35 43 0.0 0.0 0.0 2.0 43.0 2.0 0.0
43 35 44 0.0 0.0 0.0 0.0 2.0 0.0 0.0
43 36 35 0.0 0.0 0.0 0.0 4.0 0.0 0.0
43 36 36 0.0 0.0 0.0 33.0 377.0 9.0 0.0
43 36 37 0.0 0.0 5.0 310.0 2118.0 43.0 9.0
43 36 38 0.0 14.0 32.0 978.0 5782.0 101.0 73.0
43 36 39 0.0 18.0 23.0 1536.0 11012.0 204.0 272.0
43 36 40 0.0 21.0 24.0 1936.0 12700.0 230.0 420.0
43 36 41 0.0 6.0 29.0 1459.0 10731.0 215.0 273.0
43 36 42 0.0 7.0 18.0 1083.0 6229.0 126.0 84.0
43 36 43 0.0 5.0 1.0 329.0 2264.0 38.0 9.0
43 36 44 0.0 0.0 1.0 43.0 342.0 4.0 1.0
43 36 45 0.0 0.0 0.0 0.0 3.0 0.0 0.0
43 37 35 0.0 0.0 0.0 2.0 31.0 0.0 0.0
43 37 36 0.0 4.0 2.0 199.0 2510.0 37.0 6.0
43 37 37 0.0 2.0 6.0 1616.0 16337.0 291.0 696.0
43 37 38 0.0 42.0 75.0 4009.0 32905.0 497.0 4367.0
43 37 39 0.0 19.0 100.0 5118.0 43509.0 604.0 11041.0
43 37 40 0.0 38.0 136.0 5127.0 45662.0 645.0 13746.0
43 37 41 0.0 14.0 104.0 5296.0 43519.0 529.0 11216.0
43 37 42 0.0 11.0 56.0 3540.0 34357.0 535.0 5116.0
43 37 43 0.0 5.0 42.0 1528.0 16182.0 260.0 732.0
43 37 44 0.0 4.0 4.0 258.0 2190.0 33.0 11.0
43 37 45 0.0 0.0 0.0 9.0 57.0 0.0 0.0
43 38 35 0.0 0.0 1.0 19.0 178.0 3.0 0.0
43 38 36 0.0 4.0 14.0 543.0 6757.0 125.0 105.0
43 38 37 0.0 47.0 65.0 3524.0 36758.0 523.0 5819.0
43 38 38 0.0 34.0 122.0 4704.0 49786.0 556.0 21105.0
43 38 39 0.0 48.0 131.0 5279.0 50683.0 585.0 33551.0
43 38 40 0.0 46.0 116.0 5219.0 49116.0 473.0 39306.0
43 38 41 0.0 35.0 151.0 5874.0 49919.0 534.0 34001.0
43 38 42 0.0 60.0 112.0 5469.0 49169.0 596.0 20848.0
43 38 43 0.0 29.0 92.0 3880.0 33728.0 527.0 4753.0
43 38 44 0.0 2.0 19.0 697.0 6410.0 108.0 92.0
43 38 45 0.0 0.0 0.0 28.0 182.0 5.0 0.0
43 39 35 0.0 0.0 0.0 24.0 292.0 6.0 1.0
43 39 36 0.0 2.0 36.0 1047.0 11491.0 205.0 286.0
43 39 37 0.0 15.0 128.0 3707.0 46178.0 631.0 12731.0
43 39 38 0.0 32.0 133.0 4980.0 50275.0 517.0 35539.0
43 39 39 0.0 29.0 156.0 4701.0 45865.0 406.0 52578.0
43 39 40 0.0 23.0 145.0 4422.0 44448.0 415.0 57881.0
43 39 41 0.0 38.0 162.0 4886.0 46271.0 459.0 52247.0
43 39 42 0.0 26.0 168.0 5408.0 49338.0 510.0 35200.0
43 39 43 0.0 19.0 133.0 4397.0 45351.0 595.0 12540.0
43 39 44 0.0 3.0 14.0 1373.0 11347.0 215.0 318.0
43 39 45 0.0 0.0 2.0 23.0 317.0 5.0 1.0
43 40 35 0.0 0.0 0.0 46.0 424.0 10.0 1.0
43 40 36 0.0 2.0 58.0 1050.0 14214.0 251.0 479.0
43 40 37 0.0 3.0 228.0 3430.0 48430.0 636.0 15212.0
43 40 38 0.0 15.0 153.0 4553.0 49273.0 512.0 41260.0
43 40 39 0.0 17.0 163.0 4037.0 44124.0 390.0 58555.0
43 40 40 0.0 19.0 157.0 3793.0 41899.0 381.0 63368.0
43 40 41 0.0 12.0 206.0 4051.0 44258.0 383.0 58498.0
43 40 42 0.0 48.0 169.0 4868.0 48955.0 493.0 40817.0
43 40 43 0.0 30.0 121.0 4555.0 47530.0 574.0 15423.0
43 40 44 0.0 4.0 36.0 1351.0 13793.0 230.0 462.0
43 40 45 0.0 0.0 0.0 34.0 417.0 6.0 0.0
43 41 35 0.0 0.0 1.0 18.0 352.0 10.0 0.0
43 41 36 0.0 0.0 15.0 926.0 11174.0 191.0 277.0
43 41 37 0.0 14.0 205.0 3286.0 45924.0 585.0 11880.0
43 41 38 0.0 7.0 199.0 3871.0 51829.0 567.0 35051.0
43 41 39 0.0 14.0 169.0 3961.0 45886.0 422.0 53451.0
43 41 40 0.0 16.0 176.0 3883.0 44732.0 423.0 57978.0
43 41 41 0.0 40.0 185.0 4284.0 46006.0 422.0 53058.0
43 41 42 0.0 20.0 154.0 4113.0 50768.0 529.0 36027.0
43 41 43 0.0 4.0 122.0 3943.0 46546.0 594.0 12686.0
43 41 44 0.0 0.0 34.0 1149.0 11921.0 219.0 325.0
43 41 45 0.0 0.0 1.0 32.0 376.0 7.0 0.0
43 41 46 0.0 0.0 0.0 1.0 0.0 0.0 0.0
43 42 35 0.0 0.0 1.0 17.0 130.0 4.0 0.0
43 42 36 0.0 3.0 8.0 572.0 6490.0 117.0 83.0
43 42 37 0.0 10.0 140.0 2574.0 35473.0 482.0 5163.0
43 42 38 0.0 8.0 173.0 4078.0 50393.0 605.0 20785.0
43 42 39 0.0 19.0 191.0 4344.0 50866.0 564.0 35872.0
43 42 40 0.0 28.0 183.0 4230.0 49710.0 531.0 40971.0
43 42 41 0.0 49.0 203.0 4664.0 50297.0 510.0 36649.0
43 42 42 0.0 12.0 205.0 3958.0 50937.0 561.0 22333.0
43 42 43 0.0 120.0 103.0 3518.0 36519.0 537.0 5770.0
43 42 44 0.0 27.0 14.0 708.0 6797.0 137.0 82.0
43 42 45 0.0 0.0 0.0 34.0 144.0 1.0 0.0
43 43 35 0.0 0.0 0.0 3.0 31.0 1.0 0.0
43 43 36 0.0 0.0 9.0 156.0 2311.0 41.0 8.0
43 43 37 0.0 4.0 41.0 1492.0 15738.0 289.0 668.0
43 43 38 0.0 25.0 64.0 3300.0 34350.0 510.0 4599.0
43 43 39 0.0 23.0 146.0 4002.0 45021.0 618.0 11526.0
43 43 40 0.0 11.0 160.0 3956.0 48134.0 609.0 15513.0
43 43 41 0.0 7.0 174.0 3745.0 46277.0 594.0 12651.0
43 43 42 0.0 17.0 105.0 2878.0 37178.0 539.0 5656.0
43 43 43 0.0 65.0 35.0 1739.0 17402.0 283.0 889.0
43 43 44 0.0 2.0 21.0 196.0 2586.0 42.0 15.0
43 43 45 0.0 0.0 0.0 9.0 68.0 2.0 0.0
43 44 35 0.0 0.0 0.0 1.0 2.0 0.0 0.0
43 44 36 0.0 0.0 0.0 22.0 256.0 1.0 0.0
43 44 37 0.0 0.0 2.0 211.0 2085.0 27.0 6.0
43 44 38 0.0 1.0 16.0 520.0 6002.0 92.0 75.0
43 44 39 0.0 6.0 22.0 1316.0 11017.0 180.0 274.0
43 44 40 0.0 3.0 56.0 1143.0 13479.0 231.0 433.0
43 44 41 0.0 0.0 55.0 901.0 11583.0 199.0 303.0
43 44 42 0.0 0.0 18.0 560.0 6340.0 105.0 91.0
43 44 43 0.0 0.0 13.0 250.0 2280.0 50.0 9.0
43 44 44 0.0 1.0 0.0 43.0 320.0 7.0 0.0
43 44 45 0.0 0.0 0.0 0.0 6.0 0.0 0.0
43 45 35 0.0 0.0 0.0 1.0 0.0 0.0 0.0
43 45 36 0.0 0.0 0.0 0.0 3.0 0.0 0.0
43 45 37 0.0 0.0 0.0 1.0 27.0 0.0 0.0
43 45 38 0.0 0.0 2.0 12.0 145.0 2.0 0.0
43 45 39 0.0 0.0 0.0 21.0 302.0 2.0 1.0
43 45 40 0.0 0.0 1.0 34.0 343.0 5.0 1.0
43 45 41 0.0 0.0 1.0 40.0 327.0 5.0 0.0
43 45 42 0.0 0.0 1.0 19.0 155.0 4.0 0.0
43 45 43 0.0 0.0 0.0 4.0 44.0 0.0 0.0
43 45 44 0.0 0.0 0.0 0.0 6.0 0.0 0.0
44 35 36 0.0 0.0 0.0 0.0 1.0 0.0 0.0
44 35 38 0.0 0.0 0.0 0.0 10.0 1.0 0.0
44 35 39 0.0 0.0 0.0 4.0 36.0 1.0 0.0
44 35 40 0.0 0.0 0.0 2.0 48.0 2.0 0.0
44 35 41 0.0 0.0 0.0 2.0 33.0 1.0 0.0
44 35 42 0.0 0.0 0.0 3.0 12.0 1.0 0.0
44 35 43 0.0 0.0 0.0 0.0 1.0 0.0 0.0
44 35 44 0.0 0.0 0.0 0.0 2.0 0.0 0.0
44 36 36 0.0 0.0 0.0 1.0 38.0 0.0 0.0
44 36 37 0.0 0.0 0.0 32.0 239.0 5.0 0.0
44 36 38 0.0 0.0 2.0 99.0 839.0 20.0 2.0
44 36 39 0.0 5.0 8.0 188.0 1946.0 37.0 8.0
44 36 40 0.0 1.0 10.0 292.0 2534.0 52.0 16.0
44 36 41 0.0 0.0 4.0 238.0 1954.0 34.0 7.0
44 36 42 0.0 0.0 5.0 114.0 873.0 20.0 4.0
44 36 43 0.0 0.0 0.0 21.0 279.0 7.0 0.0
44 36 44 0.0 0.0 0.0 1.0 35.0 2.0 0.0
44 37 35 0.0 0.0 0.0 0.0 4.0 0.0 0.0
44 37 36 0.0 2.0 0.0 45.0 363.0 7.0 0.0
44 37 37 0.0 2.0 0.0 245.0 2196.0 46.0 19.0
44 37 38 0.0 5.0 13.0 516.0 6490.0 96.0 71.0
44 37 39 0.0 2.0 16.0 977.0 10766.0 194.0 251.0
44 37 40 0.0 4.0 54.0 1278.0 12496.0 203.0 362.0
44 37 41 0.0 4.0 28.0 1190.0 11172.0 203.0 314.0
44 37 42 0.0 4.0 37.0 628.0 6164.0 132.0 89.0
44 37 43 0.0 1.0 1.0 197.0 2161.0 44.0 5.0
44 37 44 0.0 0.0 0.0 28.0 265.0 4.0 0.0
44 37 45 0.0 0.0 0.0 0.0 1.0 0.0 0.0
44 38 35 0.0 0.0 0.0 2.0 6.0 0.0 0.0
44 38 36 0.0 1.0 2.0 91.0 1252.0 18.0 5.0
44 38 37 0.0 1.0 20.0 538.0 7016.0 113.0 98.0
44 38 38 0.0 5.0 46.0 1753.0 16963.0 292.0 671.0
44 38 39 0.0 17.0 64.0 2593.0 25039.0 401.0 1783.0
44 38 40 0.0 4.0 156.0 3071.0 28691.0 433.0 2639.0
44 38 41 0.0 2.0 75.0 2488.0 25963.0 433.0 1950.0
44 38 42 0.0 3.0 60.0 1715.0 16359.0 255.0 702.0
44 38 43 0.0 7.0 10.0 681.0 6293.0 109.0 102.0
44 38 44 0.0 1.0 6.0 114.0 1023.0 20.0 3.0
44 38 45 0.0 0.0 0.0 1.0 21.0 0.0 0.0
44 39 35 0.0 0.0 0.0 2.0 44.0 0.0 0.0
44 39 36 0.0 3.0 8.0 192.0 2214.0 42.0 7.0
44 39 37 0.0 0.0 56.0 1027.0 11844.0 201.0 315.0
44 39 38 0.0 14.0 67.0 2223.0 26522.0 449.0 2117.0
44 39 39 0.0 31.0 146.0 3865.0 36764.0 537.0 5344.0
44 39 40 0.0 14.0 152.0 3551.0 40470.0 577.0 6711.0
44 39 41 0.0 15.0 90.0 3573.0 36431.0 545.0 5131.0
44 39 42 0.0 10.0 89.0 2917.0 26873.0 457.0 2251.0
44 39 43 0.0 1.0 29.0 1319.0 11995.0 204.0 359.0
44 39 44 0.0 0.0 24.0 221.0 2181.0 40.0 5.0
44 39 45 0.0 0.0 0.0 2.0 43.0 0.0 0.0
44 40 35 0.0 0.0 0.0 5.0 50.0 1.0 0.0
44 40 36 0.0 0.0 7.0 209.0 2845.0 51.0 15.0
44 40 37 0.0 3.0 30.0 1004.0 13769.0 216.0 454.0
44 40 38 0.0 6.0 101.0 2457.0 30187.0 469.0 2887.0
44 40 39 0.0 12.0 132.0 3275.0 40978.0 567.0 6866.0
44 40 40 0.0 17.0 147.0 3654.0 44304.0 598.0 9260.0
44 40 41 0.0 8.0 187.0 3653.0 41107.0 623.0 7032.0
44 40 42 0.0 14.0 81.0 2682.0 29484.0 482.0 2633.0
44 40 43 0.0 8.0 61.0 1340.0 13351.0 231.0 389.0
44 40 44 0.0 0.0 5.0 230.0 2826.0 41.0 17.0
44 40 45 0.0 1.0 0.0 2.0 46.0 0.0 0.0
44 41 35 0.0 0.0 0.0 0.0 43.0 0.0 0.0
44 41 36 0.0 0.0 1.0 157.0 2183.0 35.0 5.0
44 41 37 0.0 5.0 32.0 1019.0 11847.0 212.0 284.0
44 41 38 0.0 21.0 70.0 2275.0 26287.0 418.0 1999.0
44 41 39 0.0 0.0 107.0 3235.0 37624.0 539.0 5334.0
44 41 40 0.0 15.0 144.0 3694.0 41627.0 586.0 7084.0
44 41 41 0.0 27.0 123.0 3074.0 37717.0 541.0 5330.0
44 41 42 0.0 6.0 94.0 2699.0 27036.0 429.0 2312.0
44 41 43 0.0 7.0 40.0 902.0 12103.0 192.0 290.0
44 41 44 0.0 0.0 2.0 220.0 2272.0 49.0 3.0
44 41 45 0.0 0.0 0.0 4.0 42.0 0.0 0.0
44 42 35 0.0 0.0 0.0 0.0 9.0 0.0 0.0
44 42 36 0.0 0.0 1.0 42.0 1134.0 26.0 2.0
44 42 37 0.0 2.0 4.0 547.0 6893.0 121.0 107.0
44 42 38 0.0 16.0 49.0 1533.0 17204.0 297.0 703.0
44 42 39 0.0 2.0 113.0 2036.0 26625.0 434.0 1998.0
44 42 40 0.0 13.0 86.0 2805.0 30127.0 471.0 2914.0
44 42 41 0.0 6.0 69.0 2321.0 26984.0 439.0 2110.0
44 42 42 0.0 10.0 61.0 1337.0 17675.0 276.0 776.0
44 42 43 0.0 4.0 27.0 601.0 6985.0 140.0 84.0
44 42 44 0.0 2.0 9.0 159.0 1272.0 18.0 2.0
44 42 45 0.0 0.0 0.0 2.0 15.0 0.0 0.0
44 43 35 0.0 0.0 0.0 2.0 5.0 0.0 0.0
44 43 36 0.0 0.0 0.0 20.0 295.0 3.0 0.0
44 43 37 0.0 0.0 4.0 206.0 2194.0 37.0 13.0
44 43 38 0.0 0.0 59.0 533.0 6884.0 118.0 84.0
44 43 39 0.0 1.0 32.0 908.0 12372.0 221.0 315.0
44 43 40 0.0 2.0 55.0 1161.0 14286.0 250.0 459.0
44 43 41 0.0 1.0 38.0 1040.0 12683.0 219.0 329.0
44 43 42 0.0 1.0 32.0 596.0 7149.0 123.0 106.0
44 43 43 0.0 1.0 16.0 155.0 2473.0 43.0 8.0
44 43 44 0.0 0.0 0.0 41.0 378.0 8.0 0.0
44 43 45 0.0 0.0 0.0 0.0 2.0 0.0 0.0
44 44 36 0.0 0.0 0.0 3.0 19.0 1.0 0.0
44 44 37 0.0 0.0 0.0 57.0 237.0 6.0 0.0
44 44 38 0.0 0.0 1.0 106.0 1070.0 16.0 3.0
44 44 39 0.0 0.0 7.0 182.0 1995.0 40.0 9.0
44 44 40 0.0 0.0 13.0 137.0 2836.0 51.0 19.0
44 44 41 0.0 0.0 2.0 210.0 2445.0 54.0 10.0
44 44 42 0.0 0.0 5.0 87.0 1381.0 20.0 6.0
44 44 43 0.0 0.0 1.0 35.0 302.0 6.0 0.0
44 44 44 0.0 1.0 0.0 4.0 25.0 0.0 0.0
44 45 37 0.0 0.0 0.0 1.0 4.0 0.0 0.0
44 45 38 0.0 0.0 0.0 0.0 17.0 1.0 0.0
44 45 39 0.0 0.0 0.0 5.0 40.0 0.0 0.0
44 45 40 0.0 0.0 0.0 6.0 40.0 1.0 0.0
44 45 41 0.0 0.0 0.0 1.0 53.0 1.0 0.0
44 45 42 0.0 0.0 0.0 0.0 6.0 0.0 0.0
44 45 43 0.0 0.0 0.0 0.0 6.0 0.0 0.0
45 35 39 0.0 0.0 0.0 2.0 0.0 0.0 0.0
45 35 40 0.0 0.0 0.0 0.0 1.0 0.0 0.0
45 35 41 0.0 0.0 0.0 0.0 1.0 0.0 0.0
45 36 37 0.0 0.0 0.0 0.0 13.0 0.0 0.0
45 36 38 0.0 0.0 0.0 0.0 7.0 0.0 0.0
45 36 39 0.0 0.0 0.0 4.0 27.0 1.0 0.0
45 36 40 0.0 0.0 0.0 2.0 37.0 0.0 0.0
45 36 41 0.0 0.0 0.0 5.0 45.0 3.0 0.0
45 36 42 0.0 0.0 0.0 0.0 7.0 0.0 0.0
45 36 43 0.0 0.0 0.0 0.0 2.0 0.0 0.0
45 37 37 0.0 0.0 0.0 2.0 46.0 0.0 0.0
45 37 38 0.0 0.0 1.0 13.0 151.0 2.0 0.0
45 37 39 0.0 0.0 1.0 19.0 286.0 3.0 0.0
45 37 40 0.0 0.0 0.0 36.0 332.0 7.0 0.0
45 37 41 0.0 0.0 2.0 25.0 337.0 3.0 1.0
45 37 42 0.0 0.0 0.0 19.0 171.0 3.0 0.0
45 37 43 0.0 0.0 0.0 1.0 46.0 1.0 0.0
45 37 44 0.0 0.0 0.0 2.0 3.0 0.0 0.0
45 38 35 0.0 0.0 0.0 2.0 0.0 0.0 0.0
45 38 36 0.0 0.0 0.0 1.0 18.0 0.0 0.0
45 38 37 0.0 0.0 0.0 11.0 118.0 2.0 0.0
45 38 38 0.0 0.0 2.0 64.0 532.0 13.0 2.0
45 38 39 0.0 0.0 1.0 97.0 951.0 20.0 1.0
45 38 40 0.0 0.0 8.0 153.0 1471.0 29.0 4.0
45 38 41 0.0 0.0 3.0 108.0 1187.0 21.0 3.0
45 38 42 0.0 0.0 0.0 42.0 598.0 8.0 0.0
45 38 43 0.0 0.0 0.0 21.0 131.0 3.0 0.0
45 38 44 0.0 0.0 0.0 0.0 15.0 0.0 0.0
45 39 35 0.0 0.0 0.0 0.0 1.0 0.0 0.0
45 39 36 0.0 0.0 0.0 3.0 28.0 2.0 0.0
45 39 37 0.0 0.0 0.0 32.0 299.0 4.0 0.0
45 39 38 0.0 0.0 2.0 138.0 1156.0 24.0 1.0
45 39 39 0.0 2.0 4.0 196.0 2387.0 42.0 10.0
45 39 40 0.0 0.0 8.0 298.0 2871.0 54.0 15.0
45 39 41 0.0 1.0 12.0 211.0 2278.0 40.0 6.0
45 39 42 0.0 1.0 3.0 119.0 1070.0 20.0 3.0
45 39 43 0.0 0.0 1.0 22.0 326.0 3.0 0.0
45 39 44 0.0 0.0 0.0 3.0 35.0 0.0 0.0
45 39 45 0.0 0.0 0.0 0.0 2.0 0.0 0.0
45 40 35 0.0 0.0 0.0 0.0 1.0 0.0 0.0
45 40 36 0.0 0.0 0.0 4.0 47.0 3.0 0.0
45 40 37 0.0 0.0 1.0 43.0 376.0 6.0 0.0
45 40 38 0.0 0.0 3.0 100.0 1474.0 30.0 2.0
45 40 39 0.0 2.0 4.0 263.0 2697.0 51.0 11.0
45 40 40 0.0 1.0 10.0 285.0 3378.0 64.0 24.0
45 40 41 0.0 0.0 6.0 259.0 2866.0 46.0 11.0
45 40 42 0.0 0.0 4.0 115.0 1424.0 29.0 6.0
45 40 43 0.0 0.0 0.0 60.0 396.0 8.0 0.0
45 40 44 0.0 0.0 2.0 1.0 84.0 0.0 0.0
45 41 36 0.0 0.0 0.0 2.0 40.0 0.0 0.0
45 41 37 0.0 0.0 2.0 28.0 311.0 8.0 0.0
45 41 38 0.0 0.0 5.0 65.0 1110.0 26.0 0.0
45 41 39 0.0 0.0 4.0 243.0 2323.0 34.0 9.0
45 41 40 0.0 6.0 6.0 230.0 2971.0 47.0 10.0
45 41 41 0.0 0.0 3.0 194.0 2312.0 40.0 4.0
45 41 42 0.0 0.0 5.0 108.0 1136.0 26.0 2.0
45 41 43 0.0 0.0 0.0 54.0 376.0 3.0 0.0
45 41 44 0.0 0.0 0.0 1.0 48.0 0.0 0.0
45 42 36 0.0 0.0 0.0 0.0 44.0 1.0 0.0
45 42 37 0.0 0.0 0.0 16.0 140.0 2.0 0.0
45 42 38 0.0 0.0 0.0 30.0 524.0 11.0 1.0
45 42 39 0.0 0.0 1.0 99.0 1077.0 15.0 3.0
45 42 40 0.0 0.0 3.0 105.0 1381.0 21.0 1.0
45 42 41 0.0 0.0 1.0 106.0 1107.0 17.0 1.0
45 42 42 0.0 1.0 0.0 37.0 647.0 16.0 2.0
45 42 43 0.0 0.0 0.0 9.0 154.0 0.0 0.0
45 42 44 0.0 0.0 0.0 3.0 28.0 1.0 0.0
45 43 36 0.0 0.0 0.0 0.0 1.0 0.0 0.0
45 43 37 0.0 0.0 1.0 1.0 45.0 0.0 0.0
45 43 38 0.0 0.0 0.0 13.0 182.0 2.0 0.0
45 43 39 0.0 0.0 1.0 32.0 320.0 6.0 0.0
45 43 40 0.0 0.0 0.0 56.0 466.0 11.0 2.0
45 43 41 0.0 0.0 0.0 29.0 331.0 4.0 0.0
45 43 42 0.0 0.0 1.0 29.0 149.0 1.0 0.0
45 43 43 0.0 0.0 1.0 2.0 50.0 0.0 0.0
45 43 44 0.0 0.0 0.0 0.0 4.0 0.0 0.0
45 44 37 0.0 0.0 0.0 0.0 6.0 0.0 0.0
45 44 38 0.0 0.0 0.0 0.0 19.0 0.0 0.0
45 44 39 0.0 0.0 0.0 0.0 40.0 2.0 0.0
45 44 40 0.0 0.0 1.0 4.0 50.0 0.0 0.0
45 44 41 0.0 0.0 0.0 0.0 31.0 1.0 0.0
45 44 42 0.0 0.0 0.0 5.0 21.0 0.0 0.0
45 44 43 0.0 0.0 0.0 0.0 8.0 0.0 0.0
45 45 38 0.0 0.0 0.0 0.0 1.0 0.0 0.0
45 45 40 0.0 0.0 0.0 0.0 1.0 0.0 0.0
45 45 41 0.0 0.0 0.0 0.0 1.0 0.0 0.0
45 45 42 0.0 0.0 0.0 0.0 2.0 0.0 0.0
46 37 38 0.0 0.0 0.0 2.0 0.0 0.0 0.0
46 38 38 0.0 0.0 0.0 0.0 1.0 0.0 0.0
46 38 40 0.0 0.0 0.0 0.0 1.0 0.0 0.0
46 38 41 0.0 0.0 0.0 0.0 3.0 0.0 0.0
46 39 39 0.0 0.0 0.0 2.0 2.0 0.0 0.0
46 39 40 0.0 0.0 0.0 0.0 2.0 0.0 0.0
46 39 41 0.0 0.0 0.0 0.0 2.0 0.0 0.0
46 40 38 0.0 0.0 0.0 3.0 1.0 1.0 0.0
46 40 39 0.0 0.0 0.0 0.0 1.0 0.0 0.0
46 40 40 0.0 0.0 0.0 0.0 7.0 0.0 0.0
46 40 41 0.0 0.0 0.0 1.0 1.0 0.0 0.0
46 40 42 0.0 0.0 0.0 0.0 1.0 0.0 0.0
46 41 38 0.0 0.0 0.0 0.0 1.0 0.0 0.0
46 41 39 0.0 0.0 0.0 1.0 5.0 1.0 0.0
46 41 40 0.0 0.0 0.0 0.0 4.0 0.0 0.0
46 41 41 0.0 0.0 0.0 1.0 1.0 0.0 0.0
46 41 44 0.0 0.0 0.0 0.0 1.0 0.0 0.0
46 42 40 0.0 0.0 0.0 0.0 1.0 0.0 0.0
46 43 38 0.0 0.0 0.0 1.0 0.0 0.0 0.0
