33 39 39 0.0 0.0 0.0 0.0 1.0 0.0 0.0
33 39 41 0.0 0.0 0.0 1.0 1.0 0.0 0.0
33 40 37 0.0 0.0 0.0 0.0 1.0 0.0 0.0
33 40 38 0.0 0.0 0.0 0.0 1.0 0.0 0.0
33 40 40 0.0 0.0 0.0 0.0 2.0 0.0 0.0
33 40 41 0.0 0.0 0.0 0.0 1.0 0.0 0.0
33 40 42 0.0 0.0 0.0 0.0 2.0 0.0 0.0
33 41 38 0.0 0.0 0.0 0.0 1.0 0.0 0.0
33 41 39 0.0 0.0 0.0 0.0 2.0 0.0 0.0
33 41 40 0.0 0.0 0.0 2.0 0.0 0.0 0.0
33 42 39 0.0 0.0 0.0 0.0 1.0 0.0 0.0
33 42 41 0.0 0.0 0.0 0.0 2.0 0.0 0.0
33 42 42 0.0 0.0 0.0 0.0 1.0 0.0 0.0
34 35 39 0.0 0.0 0.0 0.0 1.0 0.0 0.0
34 35 40 0.0 0.0 0.0 0.0 2.0 0.0 0.0
34 36 37 0.0 0.0 0.0 1.0 15.0 0.0 0.0
34 36 38 0.0 0.0 0.0 6.0 18.0 1.0 0.0
34 36 39 0.0 0.0 0.0 7.0 48.0 2.0 0.0
34 36 40 0.0 0.0 0.0 3.0 43.0 1.0 0.0
34 36 41 0.0 0.0 0.0 3.0 44.0 0.0 0.0
34 36 42 0.0 0.0 0.0 1.0 19.0 0.0 0.0
34 36 43 0.0 0.0 0.0 0.0 4.0 0.0 0.0
34 36 44 0.0 0.0 0.0 0.0 1.0 0.0 0.0
34 37 36 0.0 0.0 0.0 0.0 5.0 0.0 0.0
34 37 37 0.0 0.0 1.0 3.0 46.0 2.0 0.0
34 37 38 0.0 0.0 0.0 13.0 134.0 2.0 0.0
34 37 39 0.0 0.0 0.0 19.0 260.0 9.0 0.0
34 37 40 0.0 0.0 0.0 30.0 373.0 7.0 0.0
34 37 41 0.0 0.0 0.0 26.0 283.0 2.0 0.0
34 37 42 0.0 0.0 0.0 21.0 157.0 4.0 0.0
34 37 43 0.0 0.0 0.0 4.0 47.0 2.0 0.0
34 37 44 0.0 0.0 0.0 0.0 10.0 0.0 0.0
34 38 35 0.0 0.0 0.0 0.0 3.0 0.0 0.0
34 38 36 0.0 0.0 0.0 2.0 29.0 1.0 0.0
34 38 37 0.0 0.0 0.0 14.0 169.0 5.0 0.0
34 38 38 0.0 0.0 3.0 38.0 446.0 8.0 0.0
34 38 39 0.0 0.0 1.0 110.0 834.0 14.0 0.0
34 38 40 0.0 0.0 0.0 78.0 941.0 15.0 1.0
34 38 41 0.0 0.0 1.0 78.0 798.0 16.0 1.0
34 38 42 0.0 0.0 0.0 36.0 456.0 6.0 0.0
34 38 43 0.0 0.0 1.0 25.0 137.0 2.0 0.0
34 38 44 0.0 0.0 0.0 0.0 7.0 0.0 0.0
34 39 35 0.0 0.0 0.0 0.0 1.0 0.0 0.0
34 39 36 0.0 0.0 0.0 2.0 36.0 2.0 0.0
34 39 37 0.0 0.0 0.0 27.0 295.0 6.0 0.0
34 39 38 0.0 0.0 1.0 90.0 791.0 12.0 1.0
34 39 39 0.0 0.0 0.0 179.0 1570.0 23.0 3.0
34 39 40 0.0 0.0 6.0 283.0 1893.0 44.0 3.0
34 39 41 0.0 0.0 7.0 174.0 1391.0 24.0 1.0
34 39 42 0.0 0.0 0.0 60.0 801.0 15.0 1.0
34 39 43 0.0 0.0 0.0 23.0 270.0 3.0 0.0
34 39 44 0.0 0.0 0.0 2.0 30.0 0.0 0.0
34 40 36 0.0 0.0 0.0 3.0 37.0 0.0 0.0
34 40 37 0.0 0.0 0.0 42.0 313.0 7.0 0.0
34 40 38 0.0 0.0 1.0 118.0 957.0 17.0 2.0
34 40 39 0.0 0.0 2.0 212.0 1819.0 37.0 4.0
34 40 40 0.0 3.0 1.0 234.0 2108.0 39.0 2.0
34 40 41 0.0 0.0 0.0 195.0 2046.0 37.0 10.0
34 40 42 0.0 1.0 1.0 88.0 920.0 25.0 1.0
34 40 43 0.0 0.0 1.0 22.0 357.0 6.0 0.0
34 40 44 0.0 0.0 0.0 6.0 49.0 2.0 0.0
34 40 45 0.0 0.0 0.0 4.0 0.0 1.0 0.0
34 41 35 0.0 0.0 0.0 1.0 4.0 0.0 0.0
34 41 36 0.0 0.0 0.0 1.0 37.0 1.0 0.0
34 41 37 0.0 0.0 0.0 29.0 295.0 7.0 0.0
34 41 38 0.0 0.0 2.0 92.0 743.0 9.0 1.0
34 41 39 0.0 0.0 1.0 132.0 1569.0 29.0 3.0
34 41 40 0.0 0.0 1.0 220.0 1890.0 36.0 9.0
34 41 41 0.0 0.0 1.0 158.0 1420.0 27.0 5.0
34 41 42 0.0 0.0 3.0 92.0 882.0 18.0 0.0
34 41 43 0.0 0.0 0.0 28.0 231.0 2.0 0.0
34 41 44 0.0 0.0 0.0 4.0 41.0 1.0 0.0
34 41 45 0.0 0.0 0.0 2.0 2.0 0.0 0.0
34 42 35 0.0 0.0 0.0 0.0 2.0 0.0 0.0
34 42 36 0.0 0.0 0.0 0.0 32.0 0.0 0.0
34 42 37 0.0 0.0 0.0 21.0 111.0 2.0 0.0
34 42 38 0.0 0.0 0.0 75.0 359.0 7.0 1.0
34 42 39 0.0 1.0 0.0 86.0 914.0 17.0 0.0
34 42 40 0.0 1.0 0.0 85.0 1027.0 24.0 1.0
34 42 41 0.0 0.0 1.0 81.0 883.0 19.0 0.0
34 42 42 0.0 0.0 0.0 66.0 430.0 10.0 0.0
34 42 43 0.0 0.0 0.0 17.0 122.0 2.0 0.0
34 42 44 0.0 0.0 0.0 2.0 16.0 0.0 0.0
34 43 36 0.0 0.0 0.0 0.0 2.0 0.0 0.0
34 43 37 0.0 0.0 0.0 3.0 34.0 0.0 0.0
34 43 38 0.0 0.0 0.0 14.0 100.0 1.0 0.0
34 43 39 0.0 0.0 1.0 29.0 273.0 7.0 0.0
34 43 40 0.0 0.0 0.0 33.0 328.0 5.0 1.0
34 43 41 0.0 0.0 2.0 31.0 256.0 5.0 0.0
34 43 42 0.0 1.0 0.0 16.0 137.0 0.0 0.0
34 43 43 0.0 0.0 0.0 13.0 43.0 1.0 0.0
34 43 44 0.0 0.0 0.0 1.0 13.0 0.0 0.0
34 44 35 0.0 0.0 0.0 1.0 0.0 0.0 0.0
34 44 37 0.0 0.0 0.0 0.0 6.0 0.0 0.0
34 44 38 0.0 0.0 0.0 2.0 23.0 1.0 0.0
34 44 39 0.0 0.0 0.0 4.0 32.0 0.0 0.0
34 44 40 0.0 0.0 0.0 1.0 48.0 1.0 0.0
34 44 41 0.0 0.0 0.0 3.0 50.0 0.0 0.0
34 44 42 0.0 0.0 0.0 4.0 13.0 0.0 0.0
34 44 43 0.0 0.0 0.0 0.0 3.0 0.0 0.0
34 45 37 0.0 0.0 0.0 0.0 1.0 0.0 0.0
34 45 39 0.0 0.0 0.0 0.0 2.0 0.0 0.0
34 45 41 0.0 0.0 0.0 0.0 5.0 0.0 0.0
35 34 37 0.0 0.0 0.0 0.0 1.0 0.0 0.0
35 34 39 0.0 0.0 0.0 0.0 2.0 0.0 0.0
35 34 41 0.0 0.0 0.0 0.0 1.0 0.0 0.0
35 34 42 0.0 0.0 0.0 0.0 1.0 0.0 0.0
35 35 36 0.0 0.0 0.0 0.0 6.0 0.0 0.0
35 35 37 0.0 1.0 1.0 10.0 58.0 1.0 0.0
35 35 38 0.0 0.0 1.0 28.0 194.0 2.0 0.0
35 35 39 0.0 0.0 0.0 26.0 331.0 4.0 0.0
35 35 40 0.0 0.0 0.0 40.0 445.0 10.0 0.0
35 35 41 0.0 0.0 0.0 27.0 261.0 5.0 0.0
35 35 42 0.0 0.0 0.0 15.0 143.0 1.0 0.0
35 35 43 0.0 0.0 0.0 7.0 43.0 2.0 0.0
35 35 44 0.0 0.0 0.0 3.0 4.0 1.0 0.0
35 36 35 0.0 0.0 0.0 3.0 9.0 0.0 0.0
35 36 36 0.0 0.0 0.0 11.0 173.0 6.0 0.0
35 36 37 0.0 0.0 0.0 80.0 648.0 11.0 1.0
35 36 38 0.0 1.0 1.0 199.0 2004.0 29.0 8.0
35 36 39 0.0 1.0 3.0 413.0 3593.0 46.0 21.0
35 36 40 0.0 0.0 2.0 446.0 3838.0 78.0 32.0
35 36 41 0.0 0.0 14.0 387.0 3295.0 51.0 14.0
35 36 42 0.0 0.0 1.0 189.0 1815.0 30.0 7.0
35 36 43 0.0 0.0 0.0 129.0 687.0 8.0 1.0
35 36 44 0.0 0.0 0.0 7.0 106.0 2.0 0.0
35 36 45 0.0 0.0 0.0 0.0 1.0 0.0 0.0
35 37 35 0.0 0.0 0.0 2.0 45.0 2.0 0.0
35 37 36 0.0 0.0 0.0 46.0 723.0 19.0 0.0
35 37 37 0.0 1.0 6.0 361.0 3343.0 75.0 16.0
35 37 38 0.0 4.0 7.0 798.0 7953.0 109.0 145.0
35 37 39 0.0 0.0 5.0 1272.0 12205.0 211.0 312.0
35 37 40 0.0 3.0 16.0 1394.0 13934.0 241.0 480.0
35 37 41 0.0 20.0 14.0 1445.0 12091.0 240.0 345.0
35 37 42 0.0 0.0 5.0 876.0 7672.0 137.0 146.0
35 37 43 0.0 3.0 0.0 293.0 3107.0 48.0 15.0
35 37 44 0.0 0.0 1.0 48.0 677.0 9.0 1.0
35 37 45 0.0 0.0 0.0 5.0 32.0 1.0 0.0
35 38 35 0.0 0.0 0.0 13.0 160.0 3.0 0.0
35 38 36 0.0 5.0 0.0 209.0 1980.0 40.0 9.0
35 38 37 0.0 1.0 9.0 819.0 7724.0 147.0 116.0
35 38 38 0.0 10.0 26.0 1868.0 16536.0 277.0 702.0
35 38 39 0.0 7.0 46.0 2690.0 24879.0 383.0 1835.0
35 38 40 0.0 7.0 55.0 2851.0 26654.0 445.0 2095.0
35 38 41 0.0 7.0 79.0 2528.0 24550.0 385.0 1676.0
35 38 42 0.0 2.0 14.0 1521.0 16352.0 274.0 633.0
35 38 43 0.0 5.0 17.0 836.0 7471.0 144.0 118.0
35 38 44 0.0 1.0 1.0 173.0 1674.0 27.0 5.0
35 38 45 0.0 0.0 0.0 17.0 137.0 2.0 0.0
35 38 46 0.0 0.0 0.0 0.0 2.0 0.0 0.0
35 39 34 0.0 0.0 0.0 0.0 1.0 0.0 0.0
35 39 35 0.0 0.0 0.0 28.0 272.0 9.0 0.0
35 39 36 0.0 1.0 4.0 410.0 3246.0 56.0 24.0
35 39 37 0.0 6.0 9.0 1490.0 11872.0 237.0 336.0
35 39 38 0.0 12.0 76.0 2875.0 24308.0 429.0 1810.0
35 39 39 0.0 9.0 63.0 3897.0 32026.0 497.0 3583.0
35 39 40 0.0 10.0 61.0 3711.0 35413.0 543.0 4649.0
35 39 41 0.0 14.0 45.0 3565.0 33228.0 535.0 3821.0
35 39 42 0.0 17.0 35.0 2590.0 24768.0 408.0 1648.0
35 39 43 0.0 9.0 33.0 1207.0 11927.0 204.0 320.0
35 39 44 0.0 0.0 5.0 262.0 3190.0 51.0 19.0
35 39 45 0.0 0.0 0.0 25.0 283.0 0.0 0.0
35 39 46 0.0 0.0 0.0 0.0 1.0 0.0 0.0
35 40 34 0.0 0.0 0.0 1.0 3.0 0.0 0.0
35 40 35 0.0 0.0 0.0 27.0 376.0 4.0 0.0
35 40 36 0.0 2.0 8.0 399.0 3692.0 56.0 24.0
35 40 37 0.0 9.0 13.0 1466.0 13480.0 248.0 427.0
35 40 38 0.0 11.0 37.0 3146.0 26694.0 399.0 2170.0
35 40 39 0.0 39.0 66.0 4270.0 35670.0 556.0 4774.0
35 40 40 0.0 10.0 42.0 4154.0 38827.0 554.0 5907.0
35 40 41 0.0 55.0 75.0 3935.0 36017.0 547.0 4834.0
35 40 42 0.0 6.0 69.0 2716.0 26991.0 436.0 2231.0
35 40 43 0.0 1.0 23.0 1447.0 13906.0 224.0 449.0
35 40 44 0.0 6.0 4.0 391.0 3724.0 56.0 31.0
35 40 45 0.0 0.0 0.0 26.0 366.0 3.0 0.0
35 40 46 0.0 0.0 0.0 0.0 5.0 0.0 0.0
35 41 35 0.0 0.0 0.0 67.0 313.0 8.0 0.0
35 41 36 0.0 5.0 6.0 396.0 2865.0 54.0 11.0
35 41 37 0.0 7.0 12.0 1385.0 11269.0 203.0 275.0
35 41 38 0.0 9.0 25.0 2551.0 24262.0 401.0 1639.0
35 41 39 0.0 2.0 71.0 3611.0 32839.0 501.0 3520.0
35 41 40 0.0 9.0 47.0 3798.0 36419.0 543.0 4873.0
35 41 41 0.0 14.0 37.0 3703.0 33563.0 476.0 4086.0
35 41 42 0.0 9.0 30.0 2644.0 24241.0 396.0 1682.0
35 41 43 0.0 14.0 20.0 1571.0 12196.0 216.0 351.0
35 41 44 0.0 1.0 5.0 299.0 3030.0 56.0 16.0
35 41 45 0.0 0.0 0.0 23.0 327.0 9.0 0.0
35 41 46 0.0 0.0 0.0 2.0 1.0 0.0 0.0
35 42 34 0.0 0.0 0.0 0.0 1.0 0.0 0.0
35 42 35 0.0 0.0 0.0 10.0 155.0 4.0 0.0
35 42 36 0.0 1.0 4.0 198.0 1638.0 25.0 4.0
35 42 37 0.0 2.0 5.0 811.0 7012.0 142.0 93.0
35 42 38 0.0 3.0 22.0 1968.0 15951.0 267.0 647.0
35 42 39 0.0 3.0 23.0 2616.0 24223.0 373.0 1756.0
35 42 40 0.0 18.0 55.0 2759.0 27089.0 418.0 2239.0
35 42 41 0.0 8.0 23.0 2509.0 24854.0 399.0 1784.0
35 42 42 0.0 9.0 17.0 1879.0 16454.0 277.0 699.0
35 42 43 0.0 7.0 14.0 818.0 7145.0 126.0 99.0
35 42 44 0.0 0.0 5.0 148.0 2055.0 39.0 8.0
35 42 45 0.0 0.0 0.0 29.0 120.0 2.0 0.0
35 43 34 0.0 0.0 0.0 0.0 1.0 0.0 0.0
35 43 35 0.0 0.0 0.0 1.0 39.0 0.0 0.0
35 43 36 0.0 6.0 0.0 81.0 590.0 12.0 0.0
35 43 37 0.0 5.0 7.0 294.0 2889.0 46.0 22.0
35 43 38 0.0 5.0 12.0 857.0 6860.0 126.0 95.0
35 43 39 0.0 1.0 15.0 1164.0 11942.0 183.0 323.0
35 43 40 0.0 0.0 16.0 1525.0 14059.0 250.0 444.0
35 43 41 0.0 1.0 9.0 1228.0 12563.0 195.0 357.0
35 43 42 0.0 0.0 12.0 811.0 7570.0 122.0 118.0
35 43 43 0.0 0.0 0.0 306.0 3205.0 64.0 13.0
35 43 44 0.0 0.0 0.0 69.0 576.0 8.0 1.0
35 43 45 0.0 0.0 0.0 1.0 45.0 0.0 0.0
35 44 35 0.0 0.0 0.0 4.0 4.0 0.0 0.0
35 44 36 0.0 0.0 0.0 3.0 69.0 3.0 0.0
35 44 37 0.0 0.0 1.0 69.0 594.0 7.0 1.0
35 44 38 0.0 2.0 0.0 143.0 1609.0 35.0 6.0
35 44 39 0.0 0.0 3.0 326.0 2997.0 38.0 9.0
35 44 40 0.0 0.0 9.0 446.0 3570.0 72.0 22.0
35 44 41 0.0 3.0 0.0 341.0 3475.0 64.0 20.0
35 44 42 0.0 1.0 6.0 189.0 1857.0 36.0 2.0
35 44 43 0.0 0.0 1.0 67.0 730.0 17.0 0.0
35 44 44 0.0 0.0 0.0 8.0 133.0 5.0 0.0
35 44 45 0.0 0.0 0.0 0.0 5.0 0.0 0.0
35 45 35 0.0 0.0 0.0 0.0 12.0 0.0 0.0
35 45 36 0.0 0.0 0.0 2.0 3.0 0.0 0.0
35 45 37 0.0 0.0 0.0 3.0 32.0 1.0 0.0
35 45 38 0.0 0.0 0.0 18.0 136.0 1.0 0.0
35 45 39 0.0 0.0 1.0 16.0 288.0 6.0 0.0
35 45 40 0.0 0.0 2.0 39.0 297.0 5.0 0.0
35 45 41 0.0 0.0 0.0 49.0 315.0 5.0 0.0
35 45 42 0.0 0.0 2.0 8.0 157.0 2.0 0.0
35 45 43 0.0 0.0 0.0 8.0 50.0 2.0 0.0
35 45 44 0.0 0.0 0.0 0.0 13.0 0.0 0.0
35 46 38 0.0 0.0 0.0 0.0 2.0 0.0 0.0
35 46 39 0.0 0.0 0.0 0.0 1.0 0.0 0.0
35 46 40 0.0 0.0 0.0 0.0 1.0 0.0 0.0
35 46 41 0.0 0.0 0.0 0.0 2.0 0.0 0.0
35 46 42 0.0 0.0 0.0 1.0 0.0 0.0 0.0
36 34 36 0.0 0.0 0.0 0.0 1.0 0.0 0.0
36 34 37 0.0 0.0 0.0 0.0 8.0 0.0 0.0
36 34 38 0.0 0.0 0.0 1.0 29.0 0.0 0.0
36 34 39 0.0 0.0 0.0 1.0 86.0 3.0 0.0
36 34 40 0.0 0.0 0.0 14.0 71.0 5.0 0.0
36 34 41 0.0 0.0 1.0 4.0 33.0 0.0 0.0
36 34 42 0.0 0.0 2.0 5.0 44.0 1.0 0.0
36 34 43 0.0 0.0 0.0 0.0 5.0 0.0 0.0
36 35 35 0.0 0.0 0.0 1.0 3.0 0.0 0.0
36 35 36 0.0 0.0 0.0 8.0 162.0 2.0 0.0
36 35 37 0.0 0.0 1.0 98.0 795.0 18.0 2.0
36 35 38 0.0 1.0 1.0 288.0 2156.0 42.0 10.0
36 35 39 0.0 2.0 3.0 408.0 3740.0 66.0 19.0
36 35 40 0.0 0.0 7.0 458.0 3800.0 75.0 24.0
36 35 41 0.0 0.0 9.0 337.0 3286.0 63.0 20.0
36 35 42 0.0 0.0 4.0 201.0 1829.0 41.0 8.0
36 35 43 0.0 3.0 7.0 78.0 639.0 14.0 2.0
36 35 44 0.0 0.0 0.0 21.0 147.0 4.0 0.0
36 35 45 0.0 0.0 0.0 1.0 6.0 0.0 0.0
36 36 35 0.0 0.0 0.0 27.0 146.0 3.0 0.0
36 36 36 0.0 0.0 8.0 197.0 2223.0 39.0 6.0
36 36 37 0.0 0.0 6.0 822.0 9573.0 178.0 203.0
36 36 38 0.0 62.0 15.0 2318.0 19365.0 334.0 1139.0
36 36 39 0.0 5.0 24.0 2834.0 25746.0 449.0 2215.0
36 36 40 0.0 3.0 28.0 2951.0 29439.0 472.0 3013.0
36 36 41 0.0 7.0 19.0 2385.0 26274.0 424.0 2142.0
36 36 42 0.0 2.0 13.0 1677.0 18307.0 309.0 853.0
36 36 43 0.0 0.0 2.0 1042.0 7769.0 141.0 160.0
36 36 44 0.0 0.0 1.0 247.0 1865.0 31.0 7.0
36 36 45 0.0 0.0 0.0 34.0 118.0 3.0 0.0
36 36 46 0.0 0.0 0.0 0.0 1.0 0.0 0.0
36 37 34 0.0 0.0 0.0 2.0 7.0 0.0 0.0
36 37 35 0.0 1.0 1.0 67.0 806.0 12.0 1.0
36 37 36 0.0 15.0 5.0 1029.0 8947.0 157.0 175.0
36 37 37 0.0 9.0 38.0 2935.0 27359.0 424.0 2586.0
36 37 38 0.0 11.0 39.0 4074.0 42668.0 612.0 9207.0
36 37 39 0.0 30.0 56.0 5187.0 48217.0 614.0 15931.0
36 37 40 0.0 13.0 119.0 4950.0 49622.0 614.0 18621.0
36 37 41 0.0 7.0 73.0 5172.0 47998.0 573.0 15558.0
36 37 42 0.0 9.0 47.0 3965.0 42319.0 559.0 8927.0
36 37 43 0.0 7.0 61.0 2579.0 25734.0 443.0 2057.0
36 37 44 0.0 3.0 6.0 732.0 8765.0 147.0 192.0
36 37 45 0.0 0.0 0.0 46.0 600.0 11.0 0.0
36 37 46 0.0 0.0 0.0 0.0 3.0 0.0 0.0
36 38 34 0.0 0.0 0.0 4.0 21.0 0.0 0.0
36 38 35 0.0 0.0 0.0 159.0 2017.0 41.0 7.0
36 38 36 0.0 5.0 35.0 1856.0 19740.0 319.0 1126.0
36 38 37 0.0 31.0 62.0 4620.0 42552.0 597.0 9160.0
36 38 38 0.0 21.0 128.0 5171.0 51271.0 599.0 23964.0
36 38 39 0.0 42.0 103.0 5683.0 50478.0 563.0 35035.0
36 38 40 0.0 15.0 85.0 4975.0 50420.0 513.0 39754.0
36 38 41 0.0 42.0 109.0 5092.0 51221.0 509.0 35410.0
36 38 42 0.0 14.0 81.0 5331.0 51218.0 638.0 23336.0
36 38 43 0.0 9.0 36.0 4038.0 41618.0 571.0 7987.0
36 38 44 0.0 4.0 13.0 1670.0 18144.0 295.0 897.0
36 38 45 0.0 0.0 6.0 165.0 1853.0 35.0 2.0
36 38 46 0.0 0.0 0.0 0.0 17.0 0.0 0.0
36 39 34 0.0 0.0 0.0 2.0 35.0 0.0 0.0
36 39 35 0.0 0.0 7.0 338.0 3470.0 48.0 19.0
36 39 36 0.0 7.0 35.0 2945.0 26069.0 411.0 2204.0
36 39 37 0.0 22.0 72.0 5653.0 47955.0 613.0 15543.0
36 39 38 0.0 28.0 80.0 5250.0 51268.0 556.0 35024.0
36 39 39 0.0 21.0 90.0 5353.0 47325.0 496.0 47989.0
36 39 40 0.0 29.0 65.0 4588.0 46374.0 442.0 52619.0
36 39 41 0.0 31.0 109.0 5101.0 47564.0 479.0 48684.0
36 39 42 0.0 20.0 125.0 5178.0 50755.0 544.0 35182.0
36 39 43 0.0 7.0 71.0 5062.0 47530.0 581.0 15738.0
36 39 44 0.0 1.0 28.0 2411.0 25451.0 390.0 2000.0
36 39 45 0.0 0.0 5.0 382.0 3015.0 55.0 13.0
36 39 46 0.0 0.0 0.0 6.0 63.0 2.0 0.0
36 40 34 0.0 0.0 2.0 3.0 59.0 1.0 0.0
36 40 35 0.0 0.0 11.0 468.0 3981.0 66.0 20.0
36 40 36 0.0 10.0 40.0 3534.0 28067.0 446.0 2720.0
36 40 37 0.0 25.0 85.0 5502.0 49406.0 570.0 19115.0
36 40 38 0.0 38.0 105.0 5580.0 49662.0 537.0 39053.0
36 40 39 0.0 27.0 83.0 5308.0 45789.0 469.0 52044.0
36 40 40 0.0 17.0 90.0 4810.0 44517.0 384.0 56553.0
36 40 41 0.0 33.0 98.0 5197.0 45942.0 438.0 53037.0
36 40 42 0.0 24.0 92.0 5170.0 50532.0 521.0 38500.0
36 40 43 0.0 22.0 86.0 5165.0 49444.0 598.0 18161.0
36 40 44 0.0 3.0 43.0 2789.0 28587.0 454.0 2806.0
36 40 45 0.0 1.0 12.0 338.0 3896.0 69.0 25.0
36 40 46 0.0 0.0 0.0 1.0 58.0 2.0 0.0
36 41 34 0.0 0.0 1.0 2.0 34.0 0.0 0.0
36 41 35 0.0 1.0 3.0 321.0 3171.0 64.0 15.0
36 41 36 0.0 20.0 23.0 3414.0 25113.0 406.0 2135.0
36 41 37 0.0 30.0 65.0 5116.0 47822.0 615.0 15310.0
36 41 38 0.0 46.0 121.0 6044.0 50026.0 551.0 34695.0
36 41 39 0.0 24.0 104.0 5222.0 47473.0 472.0 48068.0
36 41 40 0.0 15.0 118.0 5175.0 46187.0 420.0 52619.0
36 41 41 0.0 26.0 71.0 5207.0 47247.0 480.0 48840.0
36 41 42 0.0 40.0 85.0 5321.0 50555.0 506.0 35510.0
36 41 43 0.0 6.0 77.0 5279.0 47734.0 622.0 15262.0
36 41 44 0.0 18.0 19.0 2655.0 25796.0 429.0 2190.0
36 41 45 0.0 1.0 5.0 297.0 2993.0 56.0 20.0
36 41 46 0.0 0.0 0.0 1.0 33.0 0.0 0.0
36 42 34 0.0 0.0 0.0 5.0 18.0 1.0 0.0
36 42 35 0.0 2.0 2.0 168.0 1801.0 37.0 10.0
36 42 36 0.0 9.0 31.0 2082.0 16927.0 292.0 813.0
36 42 37 0.0 104.0 78.0 6050.0 39113.0 566.0 8400.0
36 42 38 0.0 27.0 135.0 5910.0 50630.0 635.0 22923.0
36 42 39 0.0 10.0 85.0 5290.0 50966.0 530.0 34442.0
36 42 40 0.0 24.0 89.0 5326.0 49585.0 496.0 39426.0
36 42 41 0.0 12.0 89.0 5217.0 50569.0 558.0 36282.0
36 42 42 0.0 17.0 80.0 5343.0 50860.0 640.0 24037.0
36 42 43 0.0 0.0 90.0 4155.0 43043.0 589.0 8874.0
36 42 44 0.0 1.0 26.0 1391.0 17185.0 289.0 779.0
36 42 45 0.0 0.0 3.0 161.0 1754.0 39.0 3.0
36 42 46 0.0 0.0 0.0 1.0 13.0 1.0 0.0
36 43 34 0.0 0.0 0.0 2.0 3.0 0.0 0.0
36 43 35 0.0 0.0 0.0 63.0 487.0 14.0 0.0
36 43 36 0.0 11.0 8.0 959.0 7284.0 144.0 124.0
36 43 37 0.0 9.0 13.0 2920.0 24857.0 413.0 1947.0
36 43 38 0.0 18.0 52.0 4083.0 41282.0 551.0 7908.0
36 43 39 0.0 20.0 64.0 4882.0 47928.0 606.0 15248.0
36 43 40 0.0 22.0 94.0 5671.0 48808.0 591.0 18664.0
36 43 41 0.0 37.0 40.0 5225.0 48100.0 622.0 15720.0
36 43 42 0.0 11.0 74.0 4402.0 42309.0 568.0 8694.0
36 43 43 0.0 1.0 31.0 2621.0 26451.0 453.0 2170.0
36 43 44 0.0 2.0 9.0 639.0 7855.0 136.0 145.0
36 43 45 0.0 0.0 0.0 43.0 631.0 11.0 0.0
36 43 46 0.0 0.0 0.0 0.0 7.0 0.0 0.0
36 44 35 0.0 0.0 0.0 11.0 95.0 3.0 0.0
36 44 36 0.0 0.0 0.0 114.0 2009.0 48.0 9.0
36 44 37 0.0 0.0 14.0 676.0 7400.0 141.0 115.0
36 44 38 0.0 4.0 23.0 1468.0 16633.0 308.0 704.0
36 44 39 0.0 0.0 85.0 2449.0 24768.0 401.0 1854.0
36 44 40 0.0 8.0 82.0 2857.0 28294.0 453.0 2652.0
36 44 41 0.0 12.0 76.0 2543.0 26080.0 409.0 2203.0
36 44 42 0.0 16.0 34.0 1747.0 18694.0 324.0 972.0
36 44 43 0.0 7.0 25.0 649.0 9004.0 160.0 177.0
36 44 44 0.0 0.0 1.0 181.0 2071.0 33.0 7.0
36 44 45 0.0 0.0 0.0 12.0 123.0 1.0 0.0
36 45 35 0.0 0.0 0.0 0.0 5.0 0.0 0.0
36 45 36 0.0 0.0 0.0 7.0 83.0 1.0 0.0
36 45 37 0.0 0.0 1.0 45.0 548.0 9.0 1.0
36 45 38 0.0 1.0 2.0 177.0 1865.0 33.0 5.0
36 45 39 0.0 0.0 5.0 347.0 2877.0 53.0 12.0
36 45 40 0.0 3.0 7.0 366.0 3759.0 67.0 25.0
36 45 41 0.0 7.0 4.0 311.0 3140.0 52.0 18.0
36 45 42 0.0 0.0 2.0 194.0 1921.0 24.0 5.0
36 45 43 0.0 0.0 0.0 84.0 666.0 12.0 2.0
36 45 44 0.0 0.0 2.0 8.0 140.0 3.0 0.0
36 45 45 0.0 0.0 0.0 0.0 5.0 0.0 0.0
36 46 37 0.0 0.0 0.0 0.0 4.0 0.0 0.0
36 46 38 0.0 0.0 0.0 2.0 26.0 0.0 0.0
36 46 39 0.0 0.0 0.0 6.0 38.0 0.0 0.0
36 46 40 0.0 0.0 0.0 0.0 57.0 4.0 0.0
36 46 41 0.0 0.0 0.0 1.0 32.0 0.0 0.0
36 46 42 0.0 0.0 0.0 2.0 18.0 0.0 0.0
36 46 43 0.0 0.0 0.0 0.0 4.0 1.0 0.0
37 34 36 0.0 0.0 0.0 0.0 5.0 1.0 0.0
37 34 37 0.0 0.0 0.0 1.0 60.0 0.0 0.0
37 34 38 0.0 2.0 0.0 32.0 148.0 2.0 0.0
37 34 39 0.0 0.0 0.0 27.0 302.0 5.0 0.0
37 34 40 0.0 0.0 3.0 56.0 417.0 8.0 0.0
37 34 41 0.0 0.0 0.0 30.0 290.0 7.0 1.0
37 34 42 0.0 0.0 0.0 19.0 155.0 1.0 0.0
37 34 43 0.0 0.0 0.0 5.0 36.0 2.0 0.0
37 34 44 0.0 0.0 0.0 0.0 4.0 0.0 0.0
37 35 35 0.0 0.0 0.0 0.0 53.0 0.0 0.0
37 35 36 0.0 11.0 3.0 142.0 714.0 19.0 1.0
37 35 37 0.0 0.0 0.0 435.0 3688.0 75.0 25.0
37 35 38 0.0 5.0 27.0 884.0 9220.0 197.0 164.0
37 35 39 0.0 6.0 18.0 1544.0 12918.0 249.0 440.0
37 35 40 0.0 0.0 29.0 1781.0 15064.0 293.0 569.0
37 35 41 0.0 1.0 31.0 1575.0 12388.0 216.0 334.0
37 35 42 0.0 5.0 11.0 871.0 7609.0 134.0 123.0
37 35 43 0.0 1.0 0.0 283.0 3264.0 56.0 21.0
37 35 44 0.0 0.0 1.0 77.0 696.0 12.0 0.0
37 35 45 0.0 0.0 0.0 4.0 41.0 1.0 0.0
37 35 46 0.0 0.0 0.0 0.0 4.0 1.0 0.0
37 36 34 0.0 0.0 0.0 0.0 6.0 0.0 0.0
37 36 35 0.0 0.0 1.0 92.0 836.0 19.0 1.0
37 36 36 0.0 24.0 7.0 803.0 9200.0 162.0 192.0
37 36 37 0.0 7.0 31.0 3134.0 28242.0 401.0 2776.0
37 36 38 0.0 24.0 47.0 4989.0 43225.0 571.0 10216.0
37 36 39 0.0 21.0 104.0 6028.0 47899.0 604.0 17227.0
37 36 40 0.0 10.0 77.0 5427.0 49766.0 561.0 20253.0
37 36 41 0.0 15.0 57.0 5212.0 48564.0 550.0 16369.0
37 36 42 0.0 7.0 55.0 4829.0 41838.0 559.0 8653.0
37 36 43 0.0 4.0 42.0 2530.0 27480.0 416.0 2497.0
37 36 44 0.0 1.0 5.0 971.0 8322.0 152.0 145.0
37 36 45 0.0 0.0 0.0 54.0 680.0 15.0 0.0
37 36 46 0.0 0.0 0.0 0.0 5.0 0.0 0.0
37 37 34 0.0 0.0 0.0 12.0 29.0 1.0 0.0
37 37 35 0.0 0.0 6.0 391.0 3518.0 67.0 35.0
37 37 36 0.0 9.0 41.0 2584.0 27710.0 474.0 2471.0
37 37 37 0.0 22.0 69.0 4608.0 50128.0 590.0 23880.0
37 37 38 0.0 9.0 59.0 4822.0 47648.0 468.0 46819.0
37 37 39 0.0 19.0 71.0 4437.0 42255.0 377.0 61267.0
37 37 40 0.0 14.0 74.0 4589.0 40788.0 350.0 64790.0
37 37 41 0.0 4.0 61.0 3996.0 43334.0 362.0 59841.0
37 37 42 0.0 12.0 61.0 4647.0 47602.0 458.0 45421.0
37 37 43 0.0 4.0 58.0 5614.0 49324.0 568.0 22277.0
37 37 44 0.0 0.0 41.0 2397.0 25771.0 427.0 2032.0
37 37 45 0.0 0.0 4.0 241.0 3324.0 52.0 19.0
37 37 46 0.0 0.0 0.0 5.0 37.0 0.0 0.0
37 38 34 0.0 0.0 0.0 18.0 155.0 4.0 0.0
37 38 35 0.0 0.0 16.0 736.0 8026.0 135.0 131.0
37 38 36 0.0 7.0 143.0 3713.0 43723.0 569.0 10041.0
37 38 37 0.0 21.0 97.0 5052.0 46741.0 438.0 46898.0
37 38 38 0.0 37.0 75.0 4070.0 37802.0 291.0 73770.0
37 38 39 0.0 10.0 66.0 3505.0 32206.0 267.0 88257.0
37 38 40 0.0 23.0 62.0 3456.0 30634.0 255.0 91555.0
37 38 41 0.0 17.0 85.0 3283.0 32498.0 242.0 88252.0
37 38 42 0.0 21.0 72.0 3814.0 38975.0 313.0 72427.0
37 38 43 0.0 6.0 68.0 4822.0 47680.0 453.0 45866.0
37 38 44 0.0 19.0 47.0 4043.0 42081.0 599.0 8427.0
37 38 45 0.0 0.0 7.0 624.0 7459.0 139.0 120.0
37 38 46 0.0 0.0 1.0 16.0 138.0 2.0 0.0
37 38 47 0.0 0.0 0.0 0.0 1.0 0.0 0.0
37 39 34 0.0 0.0 1.0 21.0 277.0 2.0 0.0
37 39 35 0.0 7.0 29.0 1318.0 12595.0 242.0 359.0
37 39 36 0.0 14.0 113.0 5020.0 48818.0 619.0 16533.0
37 39 37 0.0 24.0 88.0 4603.0 42357.0 374.0 61272.0
37 39 38 0.0 13.0 70.0 3793.0 32193.0 216.0 86897.0
37 39 39 0.0 22.0 61.0 3057.0 26113.0 204.0 101554.0
37 39 40 0.0 18.0 59.0 2743.0 24597.0 151.0 106023.0
37 39 41 0.0 13.0 60.0 2811.0 26500.0 169.0 101415.0
37 39 42 1.0 21.0 77.0 3337.0 32060.0 228.0 88046.0
37 39 43 0.0 15.0 80.0 4198.0 43753.0 361.0 58592.0
37 39 44 0.0 5.0 89.0 4571.0 48903.0 638.0 15352.0
37 39 45 0.0 1.0 22.0 1213.0 12092.0 244.0 326.0
37 39 46 0.0 0.0 0.0 37.0 248.0 3.0 0.0
37 40 34 0.0 0.0 4.0 14.0 349.0 6.0 0.0
37 40 35 0.0 14.0 16.0 1363.0 14241.0 231.0 524.0
37 40 36 0.0 12.0 87.0 5592.0 49185.0 595.0 18198.0
37 40 37 0.0 39.0 88.0 4879.0 40986.0 313.0 63694.0
37 40 38 0.0 19.0 51.0 3485.0 30456.0 202.0 91833.0
37 40 39 0.0 15.0 66.0 2904.0 24629.0 149.0 105141.0
37 40 40 0.0 21.0 40.0 2578.0 23351.0 157.0 108398.0
37 40 41 0.0 18.0 60.0 2786.0 24977.0 171.0 105036.0
37 40 42 0.0 20.0 86.0 3286.0 30633.0 241.0 92077.0
37 40 43 0.0 18.0 84.0 3927.0 41636.0 342.0 64582.0
37 40 44 0.0 14.0 102.0 4906.0 49588.0 626.0 18304.0
37 40 45 0.0 5.0 27.0 1520.0 13775.0 231.0 466.0
37 40 46 0.0 0.0 0.0 47.0 303.0 5.0 0.0
37 41 34 0.0 0.0 0.0 24.0 242.0 4.0 0.0
37 41 35 0.0 9.0 80.0 1193.0 11760.0 237.0 299.0
37 41 36 0.0 24.0 67.0 5232.0 47859.0 564.0 15810.0
37 41 37 0.0 50.0 86.0 5324.0 42290.0 393.0 59214.0
37 41 38 0.0 31.0 70.0 3958.0 32556.0 268.0 86818.0
37 41 39 0.0 21.0 54.0 3014.0 26840.0 161.0 100599.0
37 41 40 0.0 9.0 56.0 2826.0 24997.0 161.0 105307.0
37 41 41 0.0 14.0 61.0 2823.0 26568.0 166.0 101669.0
37 41 42 0.0 13.0 80.0 3383.0 32549.0 245.0 87326.0
37 41 43 0.0 7.0 101.0 4347.0 43655.0 376.0 58845.0
37 41 44 0.0 6.0 71.0 4651.0 48056.0 614.0 15363.0
37 41 45 0.0 0.0 25.0 1061.0 11800.0 189.0 282.0
37 41 46 0.0 0.0 0.0 23.0 288.0 8.0 1.0
37 41 47 0.0 0.0 0.0 0.0 1.0 0.0 0.0
37 42 34 0.0 0.0 0.0 12.0 103.0 0.0 0.0
37 42 35 0.0 0.0 8.0 760.0 7320.0 120.0 102.0
37 42 36 0.0 7.0 78.0 4466.0 41154.0 631.0 8102.0
37 42 37 0.0 62.0 85.0 6391.0 47338.0 480.0 43123.0
37 42 38 0.0 47.0 92.0 4450.0 39257.0 337.0 71284.0
37 42 39 0.0 15.0 90.0 3573.0 32298.0 237.0 87635.0
37 42 40 0.0 13.0 64.0 3389.0 30405.0 233.0 91634.0
37 42 41 0.0 26.0 53.0 3739.0 32365.0 228.0 87941.0
37 42 42 0.0 16.0 79.0 4107.0 38346.0 291.0 73221.0
37 42 43 0.0 19.0 99.0 5064.0 48073.0 455.0 44543.0
37 42 44 0.0 2.0 82.0 4116.0 42149.0 604.0 8400.0
37 42 45 0.0 0.0 14.0 687.0 7791.0 133.0 128.0
37 42 46 0.0 0.0 0.0 11.0 146.0 3.0 0.0
37 43 34 0.0 0.0 0.0 4.0 31.0 0.0 0.0
37 43 35 0.0 0.0 4.0 262.0 2744.0 59.0 9.0
37 43 36 0.0 19.0 34.0 2305.0 24183.0 368.0 1723.0
37 43 37 0.0 14.0 114.0 4754.0 49340.0 574.0 20107.0
37 43 38 0.0 30.0 91.0 5243.0 48400.0 467.0 42965.0
37 43 39 0.0 23.0 117.0 4635.0 44436.0 410.0 57682.0
37 43 40 0.0 20.0 108.0 3971.0 42032.0 361.0 63273.0
37 43 41 0.0 18.0 109.0 4514.0 43094.0 370.0 59979.0
37 43 42 0.0 9.0 100.0 4519.0 46970.0 454.0 46951.0
37 43 43 0.0 5.0 123.0 4853.0 49951.0 576.0 21888.0
37 43 44 0.0 1.0 69.0 2391.0 27429.0 453.0 2445.0
37 43 45 0.0 0.0 0.0 278.0 2968.0 53.0 29.0
37 43 46 0.0 0.0 0.0 2.0 47.0 1.0 0.0
37 44 34 0.0 0.0 0.0 1.0 14.0 0.0 0.0
37 44 35 0.0 0.0 0.0 39.0 507.0 7.0 0.0
37 44 36 0.0 3.0 9.0 745.0 7627.0 134.0 132.0
37 44 37 0.0 14.0 47.0 2332.0 24884.0 432.0 1884.0
37 44 38 0.0 15.0 42.0 4022.0 41160.0 563.0 8035.0
37 44 39 0.0 14.0 122.0 5082.0 47831.0 577.0 15323.0
37 44 40 0.0 22.0 82.0 4885.0 49799.0 589.0 17801.0
37 44 41 0.0 9.0 92.0 4835.0 48622.0 616.0 16036.0
37 44 42 0.0 20.0 43.0 4139.0 41990.0 556.0 8427.0
37 44 43 0.0 1.0 34.0 2427.0 27439.0 442.0 2448.0
37 44 44 0.0 3.0 9.0 872.0 9214.0 173.0 210.0
37 44 45 0.0 0.0 6.0 85.0 744.0 12.0 0.0
37 44 46 0.0 0.0 0.0 0.0 8.0 0.0 0.0
37 45 35 0.0 0.0 2.0 3.0 50.0 1.0 0.0
37 45 36 0.0 0.0 0.0 45.0 610.0 12.0 1.0
37 45 37 0.0 0.0 1.0 269.0 2581.0 36.0 17.0
37 45 38 0.0 1.0 20.0 748.0 6761.0 123.0 99.0
37 45 39 0.0 1.0 27.0 1141.0 11242.0 188.0 245.0
37 45 40 0.0 0.0 24.0 1138.0 13147.0 200.0 399.0
37 45 41 0.0 11.0 38.0 996.0 11713.0 216.0 268.0
37 45 42 0.0 0.0 18.0 672.0 7556.0 113.0 114.0
37 45 43 0.0 0.0 4.0 358.0 2944.0 60.0 22.0
37 45 44 0.0 0.0 1.0 75.0 686.0 10.0 0.0
37 45 45 0.0 0.0 0.0 3.0 49.0 1.0 0.0
37 46 36 0.0 0.0 0.0 0.0 9.0 1.0 0.0
37 46 37 0.0 0.0 0.0 4.0 33.0 1.0 0.0
37 46 38 0.0 0.0 0.0 12.0 94.0 1.0 0.0
37 46 39 0.0 0.0 0.0 16.0 264.0 6.0 0.0
37 46 40 0.0 0.0 0.0 18.0 256.0 5.0 0.0
37 46 41 0.0 0.0 0.0 26.0 320.0 3.0 0.0
37 46 42 0.0 0.0 0.0 13.0 106.0 1.0 0.0
37 46 43 0.0 0.0 0.0 6.0 35.0 0.0 0.0
37 46 44 0.0 0.0 0.0 0.0 2.0 0.0 0.0
37 47 40 0.0 0.0 0.0 1.0 0.0 0.0 0.0
38 34 36 0.0 0.0 0.0 10.0 27.0 1.0 0.0
38 34 37 0.0 0.0 0.0 26.0 140.0 3.0 0.0
38 34 38 0.0 0.0 0.0 118.0 458.0 8.0 0.0
38 34 39 0.0 0.0 2.0 137.0 980.0 16.0 1.0
38 34 40 0.0 0.0 0.0 164.0 1165.0 20.0 1.0
38 34 41 0.0 0.0 1.0 133.0 847.0 16.0 1.0
38 34 42 0.0 0.0 0.0 66.0 443.0 9.0 0.0
38 34 43 0.0 0.0 0.0 16.0 152.0 3.0 1.0
38 34 44 0.0 0.0 0.0 3.0 38.0 0.0 0.0
38 34 45 0.0 0.0 0.0 1.0 0.0 0.0 0.0
38 35 34 0.0 0.0 0.0 0.0 1.0 0.0 0.0
38 35 35 0.0 0.0 0.0 34.0 228.0 6.0 0.0
38 35 36 0.0 1.0 11.0 252.0 2392.0 39.0 8.0
38 35 37 0.0 3.0 7.0 1114.0 8405.0 152.0 152.0
38 35 38 0.0 11.0 53.0 2322.0 18132.0 324.0 903.0
38 35 39 0.0 3.0 23.0 3175.0 25780.0 410.0 2073.0
38 35 40 0.0 8.0 56.0 3310.0 27567.0 420.0 2466.0
38 35 41 0.0 2.0 35.0 3084.0 24874.0 397.0 1830.0
38 35 42 0.0 5.0 15.0 2294.0 16048.0 291.0 680.0
38 35 43 0.0 0.0 15.0 844.0 7486.0 131.0 99.0
38 35 44 0.0 0.0 1.0 180.0 2132.0 38.0 5.0
38 35 45 0.0 0.0 0.0 20.0 149.0 3.0 0.0
38 36 34 0.0 0.0 0.0 2.0 19.0 0.0 0.0
38 36 35 0.0 2.0 2.0 148.0 1999.0 31.0 3.0
38 36 36 0.0 4.0 6.0 2064.0 19277.0 340.0 1007.0
38 36 37 0.0 11.0 75.0 4869.0 43733.0 621.0 10122.0
38 36 38 0.0 30.0 96.0 5803.0 50735.0 582.0 25768.0
38 36 39 0.0 24.0 124.0 6367.0 49195.0 518.0 38446.0
38 36 40 0.0 14.0 87.0 6094.0 48934.0 486.0 41061.0
38 36 41 0.0 20.0 87.0 6261.0 49783.0 544.0 36566.0
38 36 42 0.0 19.0 67.0 6143.0 50337.0 596.0 23929.0
38 36 43 0.0 25.0 45.0 4585.0 41887.0 574.0 9116.0
38 36 44 0.0 3.0 17.0 1750.0 18072.0 310.0 857.0
38 36 45 0.0 1.0 0.0 218.0 1862.0 40.0 9.0
38 36 46 0.0 0.0 0.0 4.0 26.0 0.0 0.0
38 37 34 0.0 0.0 0.0 15.0 142.0 2.0 0.0
38 37 35 0.0 2.0 15.0 619.0 8440.0 140.0 155.0
38 37 36 0.0 13.0 42.0 4234.0 43196.0 578.0 9367.0
38 37 37 0.0 16.0 70.0 4213.0 47576.0 415.0 48299.0
38 37 38 0.0 12.0 78.0 4406.0 36724.0 311.0 76146.0
38 37 39 0.0 12.0 61.0 3800.0 30631.0 230.0 90541.0
38 37 40 0.0 19.0 65.0 3653.0 29079.0 210.0 93649.0
38 37 41 0.0 6.0 69.0 3643.0 31611.0 231.0 88435.0
38 37 42 0.0 11.0 48.0 4265.0 37796.0 274.0 74005.0
38 37 43 0.0 6.0 55.0 4885.0 48538.0 471.0 44040.0
38 37 44 0.0 8.0 41.0 3973.0 42870.0 626.0 8956.0
38 37 45 0.0 0.0 18.0 719.0 7259.0 127.0 112.0
38 37 46 0.0 0.0 0.0 14.0 153.0 1.0 0.0
38 38 34 0.0 0.0 0.0 43.0 480.0 12.0 0.0
38 38 35 0.0 4.0 32.0 1564.0 18205.0 308.0 791.0
38 38 36 0.0 14.0 79.0 4773.0 51610.0 569.0 25049.0
38 38 37 0.0 29.0 62.0 3587.0 38119.0 293.0 74148.0
38 38 38 0.0 13.0 54.0 2399.0 23375.0 146.0 111118.0
38 38 39 0.0 4.0 41.0 2101.0 18228.0 94.0 123962.0
38 38 40 0.0 8.0 40.0 1924.0 16619.0 87.0 127671.0
38 38 41 0.0 13.0 37.0 2078.0 18635.0 104.0 123172.0
38 38 42 0.0 10.0 39.0 2475.0 24008.0 168.0 109572.0
38 38 43 0.0 12.0 62.0 4074.0 38351.0 299.0 72992.0
38 38 44 0.0 4.0 74.0 4802.0 51225.0 592.0 23036.0
38 38 45 0.0 1.0 35.0 1558.0 15956.0 282.0 589.0
38 38 46 0.0 0.0 3.0 40.0 500.0 4.0 0.0
38 39 34 0.0 0.0 3.0 99.0 822.0 14.0 1.0
38 39 35 0.0 18.0 36.0 2220.0 25175.0 414.0 1790.0
38 39 36 0.0 42.0 98.0 5198.0 51022.0 508.0 35082.0
38 39 37 0.0 36.0 65.0 3423.0 32344.0 256.0 88517.0
38 39 38 0.0 12.0 29.0 2064.0 18270.0 100.0 123830.0
38 39 39 0.0 17.0 23.0 1672.0 13374.0 60.0 135791.0
38 39 40 0.0 7.0 31.0 1383.0 12533.0 65.0 138302.0
38 39 41 0.0 7.0 39.0 1510.0 13823.0 60.0 134854.0
38 39 42 0.0 15.0 58.0 1860.0 19038.0 89.0 122278.0
38 39 43 0.0 15.0 65.0 3274.0 32579.0 239.0 87546.0
38 39 44 0.0 15.0 89.0 4955.0 51125.0 513.0 35071.0
38 39 45 0.0 5.0 19.0 2495.0 23834.0 365.0 1654.0
38 39 46 0.0 0.0 0.0 55.0 751.0 14.0 0.0
38 39 47 0.0 0.0 0.0 0.0 1.0 0.0 0.0
38 40 34 0.0 0.0 0.0 81.0 938.0 18.0 0.0
38 40 35 0.0 5.0 47.0 2339.0 27506.0 476.0 2146.0
38 40 36 0.0 16.0 111.0 5195.0 49848.0 525.0 39876.0
38 40 37 0.0 28.0 70.0 3361.0 30647.0 240.0 91540.0
38 40 38 0.0 11.0 44.0 2002.0 17101.0 85.0 126799.0
38 40 39 0.0 13.0 39.0 1503.0 12339.0 77.0 138282.0
38 40 40 0.0 3.0 29.0 1256.0 10997.0 46.0 141792.0
38 40 41 0.0 5.0 30.0 1352.0 12155.0 55.0 138738.0
38 40 42 0.0 8.0 42.0 1741.0 17032.0 90.0 126921.0
38 40 43 0.0 9.0 80.0 3044.0 31134.0 208.0 91647.0
38 40 44 0.0 10.0 102.0 4822.0 50525.0 516.0 39484.0
38 40 45 0.0 2.0 48.0 2715.0 26185.0 403.0 2085.0
38 40 46 0.0 0.0 2.0 88.0 1134.0 29.0 3.0
38 40 47 0.0 0.0 0.0 0.0 1.0 0.0 0.0
38 41 33 0.0 0.0 0.0 1.0 0.0 0.0 0.0
38 41 34 0.0 0.0 2.0 94.0 790.0 15.0 2.0
38 41 35 0.0 5.0 37.0 2336.0 23430.0 369.0 1510.0
38 41 36 0.0 21.0 133.0 5530.0 50621.0 523.0 35058.0
38 41 37 0.0 19.0 83.0 3742.0 32337.0 260.0 86924.0
38 41 38 0.0 13.0 43.0 2279.0 19016.0 99.0 121984.0
38 41 39 0.0 17.0 33.0 1666.0 13818.0 75.0 134840.0
38 41 40 0.0 9.0 46.0 1454.0 12268.0 56.0 139221.0
38 41 41 0.0 11.0 25.0 1482.0 13719.0 55.0 136169.0
38 41 42 0.0 12.0 51.0 1987.0 18914.0 101.0 122276.0
38 41 43 0.0 8.0 72.0 3434.0 32436.0 235.0 87569.0
38 41 44 0.0 14.0 104.0 4637.0 51133.0 503.0 35393.0
38 41 45 0.0 1.0 31.0 2592.0 24337.0 408.0 1625.0
38 41 46 0.0 0.0 2.0 93.0 877.0 18.0 0.0
38 42 34 0.0 0.0 0.0 45.0 477.0 8.0 0.0
38 42 35 0.0 1.0 41.0 1604.0 16189.0 288.0 685.0
38 42 36 0.0 10.0 50.0 5740.0 50534.0 606.0 21890.0
38 42 37 0.0 19.0 80.0 4122.0 39108.0 307.0 71652.0
38 42 38 0.0 8.0 59.0 2632.0 24983.0 138.0 107812.0
38 42 39 0.0 10.0 61.0 2021.0 19130.0 99.0 122424.0
38 42 40 0.0 11.0 57.0 1824.0 17194.0 78.0 126598.0
38 42 41 0.0 4.0 57.0 2029.0 18790.0 85.0 122961.0
38 42 42 0.0 15.0 53.0 2431.0 23874.0 161.0 110650.0
38 42 43 0.0 13.0 77.0 3895.0 38396.0 329.0 73121.0
38 42 44 0.0 8.0 77.0 5316.0 50873.0 593.0 23867.0
38 42 45 0.0 3.0 43.0 1710.0 16823.0 278.0 683.0
38 42 46 0.0 0.0 0.0 30.0 446.0 7.0 0.0
38 43 34 0.0 0.0 0.0 14.0 124.0 2.0 0.0
38 43 35 0.0 1.0 15.0 667.0 6972.0 131.0 99.0
38 43 36 0.0 6.0 48.0 4144.0 40927.0 545.0 7745.0
38 43 37 0.0 19.0 97.0 4577.0 49272.0 498.0 42509.0
38 43 38 0.0 18.0 111.0 4145.0 38987.0 351.0 70891.0
38 43 39 0.0 16.0 74.0 3599.0 32965.0 246.0 86644.0
38 43 40 0.0 18.0 76.0 3185.0 31093.0 233.0 91200.0
38 43 41 0.0 15.0 72.0 3422.0 32378.0 235.0 87514.0
38 43 42 0.0 23.0 83.0 3818.0 38800.0 319.0 73243.0
38 43 43 0.0 14.0 82.0 4667.0 47657.0 445.0 46407.0
38 43 44 0.0 6.0 103.0 3647.0 42739.0 609.0 8815.0
38 43 45 0.0 2.0 12.0 795.0 7815.0 140.0 125.0
38 43 46 0.0 0.0 1.0 17.0 142.0 3.0 0.0
38 43 47 0.0 0.0 0.0 0.0 1.0 0.0 0.0
38 44 34 0.0 0.0 0.0 3.0 15.0 0.0 0.0
38 44 35 0.0 0.0 0.0 185.0 1854.0 30.0 4.0
38 44 36 0.0 12.0 18.0 1434.0 16888.0 263.0 712.0
38 44 37 0.0 10.0 95.0 4636.0 40435.0 579.0 7892.0
38 44 38 0.0 30.0 111.0 5339.0 50954.0 598.0 21373.0
38 44 39 0.0 28.0 157.0 5206.0 50665.0 516.0 34548.0
38 44 40 0.0 6.0 119.0 5076.0 50670.0 486.0 38642.0
38 44 41 0.0 17.0 111.0 4927.0 51098.0 542.0 34217.0
38 44 42 0.0 24.0 103.0 4925.0 51263.0 599.0 23503.0
38 44 43 0.0 16.0 119.0 4461.0 42173.0 561.0 8498.0
38 44 44 0.0 4.0 30.0 1600.0 19369.0 322.0 1035.0
38 44 45 0.0 0.0 7.0 200.0 2230.0 50.0 5.0
38 44 46 0.0 0.0 0.0 1.0 13.0 0.0 0.0
38 45 35 0.0 0.0 0.0 7.0 155.0 6.0 0.0
38 45 36 0.0 1.0 3.0 133.0 1518.0 28.0 3.0
38 45 37 0.0 5.0 10.0 758.0 6692.0 120.0 95.0
38 45 38 0.0 1.0 38.0 1696.0 15967.0 259.0 576.0
38 45 39 0.0 12.0 60.0 2335.0 23339.0 362.0 1549.0
38 45 40 0.0 8.0 65.0 2383.0 27377.0 449.0 2133.0
38 45 41 0.0 1.0 49.0 2119.0 23903.0 340.0 1565.0
38 45 42 0.0 8.0 19.0 1534.0 16501.0 266.0 674.0
38 45 43 0.0 1.0 18.0 623.0 8146.0 142.0 132.0
38 45 44 0.0 3.0 4.0 218.0 2127.0 45.0 6.0
38 45 45 0.0 0.0 1.0 9.0 182.0 3.0 0.0
38 45 46 0.0 0.0 0.0 0.0 2.0 0.0 0.0
38 46 35 0.0 0.0 0.0 2.0 0.0 0.0 0.0
38 46 36 0.0 0.0 0.0 0.0 7.0 0.0 0.0
38 46 37 0.0 0.0 0.0 16.0 118.0 3.0 0.0
38 46 38 0.0 0.0 0.0 28.0 382.0 4.0 0.0
38 46 39 0.0 0.0 0.0 114.0 662.0 9.0 0.0
38 46 40 0.0 0.0 3.0 65.0 895.0 13.0 2.0
38 46 41 0.0 0.0 1.0 97.0 829.0 15.0 2.0
38 46 42 0.0 0.0 2.0 55.0 429.0 5.0 0.0
38 46 43 0.0 0.0 0.0 12.0 131.0 1.0 0.0
38 46 44 0.0 0.0 0.0 0.0 27.0 0.0 0.0
38 46 45 0.0 0.0 0.0 0.0 1.0 0.0 0.0
38 47 41 0.0 0.0 0.0 0.0 2.0 0.0 0.0
38 47 42 0.0 0.0 0.0 0.0 1.0 0.0 0.0
39 33 39 0.0 0.0 0.0 0.0 3.0 0.0 0.0
39 33 40 0.0 0.0 0.0 0.0 2.0 0.0 0.0
39 34 35 0.0 0.0 0.0 0.0 7.0 0.0 0.0
39 34 36 0.0 0.0 0.0 2.0 51.0 1.0 0.0
39 34 37 0.0 0.0 0.0 43.0 303.0 10.0 0.0
39 34 38 0.0 0.0 1.0 121.0 897.0 15.0 1.0
39 34 39 0.0 0.0 1.0 239.0 1648.0 43.0 1.0
39 34 40 0.0 1.0 4.0 272.0 2051.0 33.0 3.0
39 34 41 0.0 0.0 1.0 197.0 1654.0 28.0 2.0
39 34 42 0.0 0.0 0.0 148.0 731.0 15.0 0.0
39 34 43 0.0 0.0 0.0 35.0 325.0 6.0 0.0
39 34 44 0.0 0.0 0.0 5.0 35.0 0.0 0.0
39 34 45 0.0 0.0 0.0 0.0 1.0 0.0 0.0
39 35 34 0.0 0.0 0.0 0.0 4.0 0.0 0.0
39 35 35 0.0 0.0 1.0 18.0 318.0 3.0 0.0
39 35 36 0.0 0.0 4.0 433.0 3718.0 68.0 20.0
39 35 37 0.0 4.0 13.0 1584.0 12663.0 207.0 372.0
39 35 38 0.0 8.0 28.0 3227.0 25957.0 435.0 2124.0
39 35 39 0.0 21.0 56.0 4443.0 33761.0 549.0 4232.0
39 35 40 0.0 8.0 45.0 5065.0 36165.0 602.0 5393.0
39 35 41 0.0 13.0 56.0 4277.0 33572.0 560.0 4130.0
39 35 42 0.0 21.0 43.0 3574.0 24374.0 374.0 1833.0
39 35 43 0.0 1.0 25.0 1449.0 12292.0 210.0 358.0
39 35 44 0.0 2.0 2.0 424.0 3127.0 63.0 22.0
39 35 45 0.0 0.0 0.0 30.0 296.0 4.0 1.0
39 35 46 0.0 0.0 0.0 0.0 2.0 0.0 0.0
39 36 34 0.0 0.0 1.0 2.0 54.0 2.0 0.0
39 36 35 0.0 0.0 6.0 334.0 3380.0 61.0 21.0
39 36 36 0.0 5.0 36.0 2516.0 27603.0 419.0 2504.0
39 36 37 0.0 27.0 108.0 6101.0 48411.0 622.0 18151.0
39 36 38 0.0 29.0 99.0 6312.0 49537.0 543.0 37744.0
39 36 39 0.0 27.0 68.0 6244.0 45318.0 411.0 51203.0
39 36 40 0.0 14.0 74.0 5887.0 44149.0 440.0 54372.0
39 36 41 0.0 21.0 82.0 6344.0 45823.0 466.0 48680.0
39 36 42 0.0 23.0 80.0 6147.0 50053.0 529.0 35217.0
39 36 43 0.0 12.0 53.0 5729.0 48048.0 602.0 15648.0
39 36 44 0.0 8.0 37.0 2631.0 25778.0 418.0 2071.0
39 36 45 0.0 5.0 6.0 325.0 3376.0 58.0 23.0
39 36 46 0.0 0.0 0.0 4.0 41.0 0.0 0.0
39 36 47 0.0 0.0 0.0 0.0 1.0 0.0 0.0
39 37 33 0.0 0.0 0.0 1.0 0.0 0.0 0.0
39 37 34 0.0 2.0 2.0 17.0 266.0 4.0 0.0
39 37 35 0.0 0.0 33.0 987.0 12903.0 209.0 358.0
39 37 36 0.0 14.0 47.0 4618.0 49206.0 610.0 17068.0
39 37 37 0.0 31.0 76.0 4365.0 42682.0 365.0 61191.0
39 37 38 0.0 17.0 72.0 3746.0 30714.0 240.0 90451.0
39 37 39 0.0 12.0 39.0 3344.0 25305.0 155.0 102931.0
39 37 40 0.0 14.0 53.0 3143.0 23852.0 154.0 106555.0
39 37 41 0.0 16.0 60.0 3372.0 25705.0 176.0 102300.0
39 37 42 0.0 17.0 88.0 4004.0 31716.0 227.0 87946.0
39 37 43 0.0 12.0 77.0 4495.0 43009.0 397.0 60318.0
39 37 44 0.0 16.0 69.0 5010.0 48263.0 614.0 16155.0
39 37 45 0.0 1.0 32.0 1150.0 11867.0 226.0 297.0
39 37 46 0.0 0.0 0.0 27.0 308.0 3.0 0.0
39 38 34 0.0 0.0 2.0 76.0 888.0 17.0 2.0
39 38 35 0.0 3.0 37.0 2112.0 25904.0 417.0 1957.0
39 38 36 0.0 23.0 101.0 4328.0 51275.0 541.0 36851.0
39 38 37 0.0 15.0 53.0 3188.0 32147.0 214.0 89206.0
39 38 38 0.0 7.0 43.0 2050.0 18577.0 96.0 123445.0
39 38 39 0.0 7.0 29.0 1702.0 12913.0 64.0 136468.0
39 38 40 0.0 8.0 39.0 1505.0 11780.0 53.0 139421.0
39 38 41 0.0 6.0 41.0 1721.0 13277.0 84.0 135459.0
39 38 42 0.0 16.0 31.0 2064.0 18837.0 97.0 122154.0
39 38 43 0.0 13.0 84.0 3376.0 31993.0 221.0 88679.0
39 38 44 0.0 10.0 116.0 4979.0 51181.0 584.0 35073.0
39 38 45 0.0 2.0 46.0 2260.0 25473.0 411.0 1797.0
39 38 46 0.0 0.0 6.0 59.0 820.0 17.0 0.0
39 39 34 0.0 1.0 1.0 138.0 1464.0 23.0 4.0
39 39 35 0.0 5.0 72.0 3009.0 33379.0 481.0 3826.0
39 39 36 0.0 15.0 97.0 4325.0 47911.0 436.0 49593.0
39 39 37 0.0 11.0 52.0 2695.0 26474.0 200.0 102144.0
39 39 38 0.0 11.0 37.0 1527.0 13812.0 57.0 135844.0
39 39 39 0.0 5.0 22.0 874.0 7598.0 22.0 158783.0
39 39 40 0.0 8.0 22.0 782.0 6636.0 27.0 159188.0
39 39 41 0.0 6.0 23.0 883.0 7577.0 22.0 157589.0
39 39 42 0.0 12.0 43.0 1461.0 13854.0 57.0 135115.0
39 39 43 0.0 10.0 63.0 2650.0 27047.0 193.0 100868.0
39 39 44 0.0 13.0 92.0 4736.0 47948.0 452.0 47763.0
39 39 45 0.0 10.0 60.0 3207.0 33331.0 505.0 3856.0
39 39 46 0.0 0.0 1.0 172.0 1554.0 36.0 3.0
39 39 47 0.0 0.0 0.0 0.0 3.0 1.0 0.0
39 40 33 0.0 0.0 0.0 0.0 1.0 0.0 0.0
39 40 34 0.0 0.0 8.0 193.0 1854.0 46.0 4.0
39 40 35 0.0 5.0 91.0 3555.0 36353.0 554.0 4710.0
39 40 36 0.0 25.0 96.0 4239.0 46863.0 423.0 52293.0
39 40 37 0.0 9.0 59.0 2653.0 25175.0 162.0 105141.0
39 40 38 0.0 7.0 40.0 1318.0 12106.0 60.0 138676.0
39 40 39 0.0 5.0 24.0 712.0 6857.0 26.0 158708.0
39 40 40 0.0 5.0 22.0 656.0 5710.0 18.0 161166.0
39 40 41 0.0 2.0 17.0 749.0 6951.0 27.0 158413.0
39 40 42 0.0 7.0 39.0 1300.0 12429.0 59.0 138448.0
39 40 43 0.0 17.0 57.0 2653.0 25258.0 169.0 104349.0
39 40 44 0.0 12.0 79.0 4769.0 45889.0 408.0 52372.0
39 40 45 0.0 4.0 53.0 3613.0 35680.0 530.0 4668.0
39 40 46 0.0 0.0 7.0 180.0 1730.0 18.0 5.0
39 40 47 0.0 0.0 0.0 0.0 3.0 0.0 0.0
39 41 34 0.0 0.0 5.0 139.0 1489.0 36.0 3.0
39 41 35 0.0 9.0 83.0 3021.0 32728.0 502.0 3548.0
39 41 36 0.0 11.0 78.0 4597.0 48432.0 458.0 47701.0
39 41 37 0.0 14.0 61.0 2634.0 26513.0 151.0 100999.0
39 41 38 0.0 10.0 26.0 1567.0 14009.0 82.0 134346.0
39 41 39 0.0 3.0 18.0 849.0 7959.0 21.0 156405.0
39 41 40 0.0 7.0 18.0 725.0 6936.0 19.0 159476.0
39 41 41 0.0 7.0 26.0 820.0 7988.0 25.0 157551.0
39 41 42 0.0 7.0 43.0 1482.0 13863.0 61.0 135128.0
39 41 43 0.0 11.0 64.0 2707.0 26527.0 169.0 101544.0
39 41 44 0.0 15.0 116.0 4993.0 47547.0 430.0 48010.0
39 41 45 0.0 9.0 68.0 3413.0 32808.0 545.0 3622.0
39 41 46 0.0 1.0 7.0 177.0 1472.0 24.0 1.0
39 42 33 0.0 0.0 0.0 0.0 1.0 0.0 0.0
39 42 34 0.0 0.0 1.0 70.0 876.0 13.0 1.0
39 42 35 0.0 2.0 61.0 2267.0 23819.0 359.0 1494.0
39 42 36 0.0 46.0 71.0 4892.0 51299.0 529.0 33721.0
39 42 37 0.0 16.0 86.0 3313.0 33235.0 242.0 85953.0
39 42 38 0.0 12.0 46.0 2019.0 19032.0 101.0 122162.0
39 42 39 0.0 10.0 40.0 1480.0 13828.0 65.0 135067.0
39 42 40 0.0 8.0 35.0 1380.0 12490.0 56.0 138425.0
39 42 41 0.0 12.0 42.0 1388.0 13682.0 54.0 135798.0
39 42 42 0.0 6.0 67.0 1925.0 18527.0 112.0 124598.0
39 42 43 0.0 8.0 105.0 3174.0 32337.0 236.0 88381.0
39 42 44 0.0 8.0 105.0 5298.0 50631.0 529.0 35671.0
39 42 45 0.0 3.0 51.0 2403.0 24585.0 408.0 1682.0
39 42 46 0.0 0.0 8.0 80.0 905.0 13.0 0.0
39 43 34 0.0 0.0 0.0 14.0 251.0 4.0 0.0
39 43 35 0.0 7.0 5.0 1177.0 11520.0 202.0 273.0
39 43 36 0.0 14.0 79.0 4723.0 48086.0 581.0 15253.0
39 43 37 0.0 3.0 54.0 4099.0 44625.0 388.0 57648.0
39 43 38 0.0 14.0 72.0 3425.0 33129.0 253.0 85656.0
39 43 39 0.0 11.0 60.0 2681.0 26505.0 173.0 100934.0
39 43 40 0.0 11.0 89.0 2654.0 25218.0 171.0 104767.0
39 43 41 0.0 8.0 90.0 2709.0 26863.0 162.0 101214.0
39 43 42 0.0 12.0 87.0 3240.0 32279.0 241.0 88615.0
39 43 43 0.0 13.0 132.0 4154.0 42625.0 371.0 60640.0
39 43 44 0.0 11.0 163.0 4497.0 49280.0 614.0 16171.0
39 43 45 0.0 2.0 37.0 1115.0 12538.0 223.0 370.0
39 43 46 0.0 0.0 0.0 22.0 291.0 4.0 0.0
39 44 34 0.0 0.0 0.0 3.0 40.0 2.0 0.0
39 44 35 0.0 0.0 4.0 279.0 3208.0 55.0 20.0
39 44 36 0.0 4.0 27.0 2221.0 25205.0 417.0 1959.0
39 44 37 0.0 29.0 58.0 4484.0 47918.0 647.0 14015.0
39 44 38 0.0 34.0 111.0 5738.0 50225.0 501.0 34083.0
39 44 39 0.0 18.0 83.0 4871.0 48137.0 437.0 46765.0
39 44 40 0.0 15.0 102.0 4615.0 46564.0 460.0 52401.0
39 44 41 0.0 15.0 113.0 4678.0 47780.0 413.0 48209.0
39 44 42 0.0 12.0 96.0 5203.0 50949.0 518.0 35577.0
39 44 43 0.0 18.0 119.0 4428.0 49289.0 636.0 16735.0
39 44 44 0.0 4.0 58.0 2593.0 27018.0 431.0 2276.0
39 44 45 0.0 4.0 4.0 360.0 3256.0 67.0 18.0
39 44 46 0.0 0.0 0.0 2.0 53.0 1.0 0.0
39 45 34 0.0 0.0 0.0 0.0 2.0 0.0 0.0
39 45 35 0.0 0.0 0.0 31.0 193.0 6.0 0.0
39 45 36 0.0 0.0 12.0 268.0 3095.0 70.0 5.0
39 45 37 0.0 3.0 17.0 1099.0 11026.0 210.0 276.0
39 45 38 0.0 10.0 42.0 2205.0 23067.0 375.0 1425.0
39 45 39 0.0 15.0 62.0 3627.0 32073.0 474.0 3493.0
39 45 40 0.0 12.0 48.0 3623.0 35963.0 522.0 4752.0
39 45 41 0.0 7.0 59.0 3155.0 33544.0 499.0 3623.0
39 45 42 0.0 8.0 71.0 2554.0 24083.0 418.0 1672.0
39 45 43 0.0 4.0 14.0 1161.0 12357.0 210.0 321.0
39 45 44 0.0 0.0 11.0 383.0 3440.0 63.0 11.0
39 45 45 0.0 0.0 0.0 25.0 312.0 6.0 0.0
39 45 46 0.0 0.0 0.0 0.0 4.0 0.0 0.0
39 46 35 0.0 0.0 0.0 0.0 4.0 1.0 0.0
39 46 36 0.0 0.0 0.0 7.0 27.0 1.0 0.0
39 46 37 0.0 0.0 0.0 44.0 202.0 4.0 0.0
39 46 38 0.0 0.0 2.0 87.0 692.0 13.0 1.0
39 46 39 0.0 1.0 0.0 175.0 1375.0 26.0 2.0
39 46 40 0.0 2.0 2.0 210.0 1851.0 34.0 5.0
39 46 41 0.0 0.0 3.0 141.0 1558.0 31.0 1.0
39 46 42 0.0 1.0 0.0 107.0 783.0 19.0 0.0
39 46 43 0.0 0.0 1.0 28.0 267.0 2.0 0.0
39 46 44 0.0 0.0 0.0 2.0 71.0 1.0 0.0
39 47 38 0.0 0.0 0.0 0.0 1.0 0.0 0.0
39 47 40 0.0 0.0 0.0 0.0 1.0 0.0 0.0
40 33 38 0.0 0.0 0.0 0.0 4.0 0.0 0.0
40 33 39 0.0 0.0 0.0 0.0 2.0 0.0 0.0
40 33 40 0.0 0.0 0.0 0.0 1.0 0.0 0.0
40 34 35 0.0 0.0 0.0 0.0 6.0 0.0 0.0
40 34 36 0.0 0.0 0.0 19.0 54.0 1.0 0.0
40 34 37 0.0 0.0 1.0 52.0 397.0 10.0 1.0
40 34 38 0.0 0.0 0.0 179.0 1203.0 27.0 2.0
40 34 39 0.0 2.0 6.0 268.0 2078.0 39.0 7.0
40 34 40 0.0 2.0 10.0 319.0 2418.0 35.0 8.0
40 34 41 0.0 3.0 1.0 314.0 1839.0 40.0 8.0
40 34 42 0.0 0.0 3.0 130.0 1076.0 22.0 0.0
40 34 43 0.0 0.0 1.0 44.0 387.0 7.0 2.0
40 34 44 0.0 0.0 0.0 10.0 66.0 2.0 0.0
40 35 35 0.0 0.0 0.0 51.0 447.0 12.0 0.0
40 35 36 0.0 3.0 6.0 547.0 4110.0 79.0 37.0
40 35 37 0.0 4.0 14.0 2099.0 14432.0 255.0 509.0
40 35 38 0.0 15.0 32.0 4265.0 27340.0 427.0 2581.0
40 35 39 0.0 21.0 56.0 4756.0 36007.0 559.0 5112.0
40 35 40 0.0 11.0 73.0 5731.0 38292.0 526.0 6601.0
40 35 41 0.0 14.0 69.0 5080.0 35580.0 548.0 5032.0
40 35 42 0.0 12.0 38.0 3736.0 27153.0 462.0 2509.0
40 35 43 0.0 4.0 16.0 2057.0 13855.0 235.0 504.0
40 35 44 0.0 2.0 1.0 487.0 4008.0 75.0 26.0
40 35 45 0.0 0.0 1.0 23.0 407.0 7.0 0.0
40 35 46 0.0 0.0 0.0 0.0 2.0 0.0 0.0
40 36 34 0.0 0.0 6.0 4.0 62.0 3.0 0.0
40 36 35 0.0 0.0 11.0 419.0 4394.0 87.0 24.0
40 36 36 0.0 6.0 27.0 2922.0 29002.0 442.0 2943.0
40 36 37 0.0 43.0 61.0 6506.0 48999.0 594.0 19762.0
40 36 38 0.0 17.0 79.0 6626.0 47925.0 518.0 41253.0
40 36 39 0.0 17.0 75.0 6554.0 43342.0 379.0 54713.0
40 36 40 0.0 31.0 62.0 6265.0 42362.0 380.0 57588.0
40 36 41 0.0 43.0 65.0 6387.0 44593.0 438.0 52790.0
40 36 42 0.0 26.0 89.0 6534.0 48177.0 478.0 39915.0
40 36 43 0.0 21.0 118.0 6223.0 48586.0 583.0 19083.0
40 36 44 0.0 12.0 38.0 2936.0 29195.0 421.0 2905.0
40 36 45 0.0 0.0 3.0 398.0 3854.0 62.0 23.0
40 36 46 0.0 0.0 0.0 3.0 62.0 1.0 0.0
40 37 34 0.0 0.0 0.0 32.0 358.0 10.0 0.0
40 37 35 0.0 3.0 32.0 1236.0 15546.0 268.0 571.0
40 37 36 0.0 21.0 106.0 4693.0 50554.0 582.0 19978.0
40 37 37 0.0 20.0 76.0 4317.0 40945.0 368.0 65295.0
40 37 38 0.0 18.0 51.0 3753.0 28923.0 182.0 94083.0
40 37 39 0.0 18.0 53.0 3373.0 23629.0 160.0 106384.0
40 37 40 0.0 19.0 44.0 3265.0 22387.0 135.0 109401.0
40 37 41 0.0 18.0 52.0 3344.0 23930.0 159.0 105435.0
40 37 42 0.0 13.0 49.0 3878.0 30098.0 207.0 92205.0
40 37 43 0.0 21.0 105.0 4503.0 41479.0 376.0 64158.0
40 37 44 0.0 24.0 120.0 4661.0 50310.0 607.0 19504.0
40 37 45 0.0 1.0 25.0 1436.0 14024.0 227.0 474.0
40 37 46 0.0 0.0 0.0 29.0 412.0 7.0 0.0
40 38 34 0.0 0.0 2.0 90.0 1115.0 27.0 3.0
40 38 35 0.0 4.0 49.0 2597.0 28748.0 449.0 2423.0
40 38 36 0.0 10.0 73.0 4689.0 50313.0 475.0 40589.0
40 38 37 0.0 19.0 73.0 3073.0 30604.0 232.0 92820.0
40 38 38 0.0 12.0 42.0 1963.0 16776.0 86.0 127817.0
40 38 39 0.0 10.0 47.0 1591.0 11981.0 58.0 139285.0
40 38 40 0.0 13.0 25.0 1411.0 10318.0 43.0 142570.0
40 38 41 0.0 6.0 31.0 1609.0 11987.0 52.0 138367.0
40 38 42 0.0 19.0 50.0 2052.0 16887.0 98.0 127278.0
40 38 43 0.0 16.0 68.0 3406.0 30316.0 223.0 92147.0
40 38 44 0.0 17.0 97.0 4937.0 50388.0 507.0 39611.0
40 38 45 0.0 18.0 39.0 2850.0 26902.0 448.0 2152.0
40 38 46 0.0 0.0 1.0 99.0 915.0 12.0 0.0
40 38 47 0.0 0.0 0.0 0.0 1.0 0.0 0.0
40 39 33 0.0 0.0 0.0 0.0 1.0 0.0 0.0
40 39 34 0.0 1.0 0.0 172.0 2014.0 39.0 3.0
40 39 35 0.0 3.0 46.0 3283.0 37437.0 556.0 5089.0
40 39 36 0.0 18.0 81.0 4121.0 46908.0 418.0 52769.0
40 39 37 0.0 9.0 64.0 2346.0 24623.0 158.0 106290.0
40 39 38 0.0 5.0 31.0 1246.0 12538.0 68.0 137915.0
40 39 39 0.0 11.0 16.0 741.0 6776.0 14.0 159482.0
40 39 40 0.0 3.0 17.0 706.0 5548.0 15.0 163921.0
40 39 41 0.0 3.0 25.0 814.0 6856.0 30.0 158415.0
40 39 42 0.0 8.0 36.0 1357.0 12501.0 58.0 137975.0
40 39 43 0.0 11.0 73.0 2679.0 25194.0 170.0 105216.0
40 39 44 0.0 11.0 102.0 4587.0 45960.0 450.0 53383.0
40 39 45 0.0 4.0 91.0 3781.0 35840.0 519.0 4806.0
40 39 46 0.0 1.0 2.0 174.0 1808.0 27.0 4.0
40 40 33 0.0 0.0 0.0 0.0 3.0 0.0 0.0
40 40 34 0.0 0.0 3.0 179.0 2256.0 35.0 5.0
40 40 35 0.0 10.0 54.0 3800.0 39613.0 554.0 6118.0
40 40 36 0.0 19.0 76.0 4254.0 44830.0 410.0 56855.0
40 40 37 0.0 12.0 64.0 2358.0 23968.0 150.0 108672.0
40 40 38 0.0 4.0 37.0 1206.0 10944.0 39.0 140952.0
40 40 39 0.0 2.0 14.0 646.0 5833.0 22.0 161213.0
40 40 40 0.0 4.0 17.0 448.0 3938.0 7.0 180895.0
40 40 41 0.0 3.0 25.0 649.0 5696.0 19.0 162165.0
40 40 42 0.0 5.0 42.0 1208.0 10989.0 59.0 141980.0
40 40 43 0.0 11.0 68.0 2471.0 23759.0 138.0 108435.0
40 40 44 0.0 39.0 93.0 4950.0 44487.0 420.0 56737.0
40 40 45 0.0 3.0 66.0 3896.0 39020.0 563.0 5920.0
40 40 46 0.0 0.0 2.0 218.0 2326.0 44.0 9.0
40 41 34 0.0 0.0 1.0 159.0 1880.0 28.0 1.0
40 41 35 0.0 7.0 84.0 3346.0 37002.0 562.0 4796.0
40 41 36 0.0 16.0 79.0 4223.0 46608.0 435.0 52593.0
40 41 37 0.0 10.0 47.0 2485.0 25196.0 158.0 105216.0
40 41 38 0.0 6.0 40.0 1263.0 12738.0 54.0 138074.0
40 41 39 0.0 5.0 25.0 749.0 6968.0 16.0 159142.0
40 41 40 0.0 2.0 16.0 604.0 5862.0 26.0 161314.0
40 41 41 0.0 3.0 21.0 722.0 6913.0 18.0 160324.0
40 41 42 0.0 8.0 47.0 1391.0 12235.0 62.0 138547.0
40 41 43 0.0 7.0 71.0 2563.0 24486.0 155.0 106184.0
40 41 44 0.0 19.0 122.0 4860.0 46270.0 438.0 52705.0
40 41 45 0.0 17.0 77.0 3905.0 36582.0 574.0 4915.0
40 41 46 0.0 0.0 2.0 185.0 1960.0 35.0 3.0
40 42 34 0.0 1.0 0.0 131.0 1072.0 15.0 1.0
40 42 35 0.0 5.0 27.0 2646.0 27088.0 422.0 2208.0
40 42 36 0.0 32.0 80.0 4658.0 50558.0 547.0 38812.0
40 42 37 0.0 5.0 69.0 2908.0 31256.0 225.0 91478.0
40 42 38 0.0 5.0 50.0 1692.0 17706.0 95.0 125982.0
40 42 39 0.0 9.0 37.0 1231.0 12693.0 65.0 138038.0
40 42 40 0.0 3.0 39.0 1195.0 11098.0 50.0 141636.0
40 42 41 0.0 5.0 46.0 1216.0 12440.0 75.0 138669.0
40 42 42 0.0 9.0 53.0 1763.0 17038.0 102.0 127347.0
40 42 43 0.0 8.0 93.0 3093.0 30398.0 227.0 92844.0
40 42 44 0.0 22.0 129.0 5406.0 49709.0 519.0 40175.0
40 42 45 0.0 19.0 63.0 2883.0 27790.0 443.0 2291.0
40 42 46 0.0 0.0 1.0 99.0 1045.0 21.0 1.0
40 43 34 0.0 0.0 0.0 27.0 306.0 3.0 0.0
40 43 35 0.0 10.0 12.0 1231.0 14149.0 260.0 471.0
40 43 36 0.0 8.0 121.0 4463.0 50066.0 599.0 17808.0
40 43 37 0.0 17.0 77.0 3799.0 42459.0 374.0 63682.0
40 43 38 0.0 11.0 99.0 3025.0 31088.0 227.0 90852.0
40 43 39 0.0 14.0 75.0 2634.0 25118.0 173.0 104877.0
40 43 40 0.0 20.0 66.0 2483.0 23727.0 133.0 108246.0
40 43 41 0.0 13.0 84.0 2640.0 25009.0 153.0 105422.0
40 43 42 0.0 10.0 89.0 3082.0 30573.0 190.0 92289.0
40 43 43 0.0 16.0 151.0 3909.0 41674.0 389.0 65280.0
40 43 44 0.0 11.0 198.0 4828.0 50382.0 607.0 19160.0
40 43 45 0.0 0.0 30.0 1392.0 14502.0 275.0 505.0
40 43 46 0.0 0.0 0.0 22.0 364.0 5.0 0.0
40 44 34 0.0 0.0 0.0 7.0 49.0 0.0 0.0
40 44 35 0.0 0.0 14.0 314.0 3608.0 61.0 9.0
40 44 36 0.0 14.0 38.0 2586.0 27822.0 403.0 2481.0
40 44 37 0.0 18.0 76.0 4561.0 49477.0 624.0 17508.0
40 44 38 0.0 23.0 87.0 5001.0 50345.0 505.0 38226.0
40 44 39 0.0 22.0 142.0 4945.0 46437.0 458.0 51759.0
40 44 40 0.0 22.0 110.0 4543.0 44879.0 416.0 56208.0
40 44 41 0.0 8.0 113.0 4685.0 46221.0 416.0 53195.0
40 44 42 0.0 11.0 89.0 5118.0 49989.0 514.0 40151.0
40 44 43 0.0 35.0 76.0 4900.0 50208.0 588.0 19237.0
40 44 44 0.0 1.0 81.0 2840.0 30278.0 490.0 3148.0
40 44 45 0.0 1.0 16.0 310.0 4150.0 77.0 27.0
40 44 46 0.0 0.0 0.0 5.0 72.0 1.0 0.0
40 45 35 0.0 0.0 0.0 31.0 356.0 8.0 0.0
40 45 36 0.0 3.0 7.0 328.0 3938.0 75.0 21.0
40 45 37 0.0 4.0 14.0 1396.0 14179.0 236.0 450.0
40 45 38 0.0 23.0 50.0 2888.0 25845.0 404.0 1945.0
40 45 39 0.0 15.0 53.0 3842.0 35704.0 540.0 4789.0
40 45 40 0.0 11.0 73.0 3616.0 38919.0 590.0 5943.0
40 45 41 0.0 6.0 68.0 3598.0 36402.0 517.0 4821.0
40 45 42 0.0 2.0 46.0 2738.0 27782.0 420.0 2306.0
40 45 43 0.0 3.0 14.0 1406.0 14721.0 253.0 470.0
40 45 44 0.0 0.0 3.0 376.0 4149.0 92.0 27.0
40 45 45 0.0 0.0 11.0 30.0 415.0 7.0 0.0
40 45 46 0.0 0.0 0.0 0.0 5.0 0.0 0.0
40 46 35 0.0 0.0 0.0 0.0 3.0 0.0 0.0
40 46 36 0.0 0.0 0.0 3.0 50.0 3.0 0.0
40 46 37 0.0 0.0 0.0 30.0 264.0 7.0 0.0
40 46 38 0.0 0.0 2.0 104.0 977.0 18.0 2.0
40 46 39 0.0 0.0 0.0 159.0 1682.0 25.0 3.0
40 46 40 0.0 0.0 1.0 283.0 2284.0 28.0 9.0
40 46 41 0.0 0.0 3.0 162.0 1859.0 32.0 4.0
40 46 42 0.0 0.0 0.0 105.0 1032.0 23.0 1.0
40 46 43 0.0 0.0 0.0 33.0 302.0 5.0 0.0
40 46 44 0.0 0.0 0.0 3.0 65.0 1.0 0.0
40 46 45 0.0 0.0 0.0 0.0 1.0 0.0 0.0
40 47 38 0.0 0.0 0.0 0.0 1.0 0.0 0.0
40 47 39 0.0 0.0 0.0 0.0 1.0 0.0 0.0
40 47 40 0.0 0.0 0.0 0.0 2.0 0.0 0.0
40 47 42 0.0 0.0 0.0 0.0 1.0 0.0 0.0
40 47 43 0.0 0.0 0.0 0.0 1.0 0.0 0.0
41 33 38 0.0 0.0 0.0 0.0 1.0 0.0 0.0
41 33 39 0.0 0.0 0.0 0.0 1.0 0.0 0.0
41 34 36 0.0 0.0 0.0 9.0 52.0 0.0 0.0
41 34 37 0.0 1.0 1.0 47.0 295.0 7.0 0.0
41 34 38 0.0 0.0 0.0 130.0 946.0 19.0 1.0
41 34 39 0.0 0.0 0.0 243.0 1633.0 28.0 6.0
41 34 40 0.0 1.0 4.0 291.0 1908.0 39.0 7.0
41 34 41 0.0 1.0 1.0 239.0 1415.0 24.0 6.0
41 34 42 0.0 0.0 0.0 116.0 897.0 19.0 2.0
41 34 43 0.0 0.0 1.0 57.0 267.0 4.0 1.0
41 34 44 0.0 0.0 1.0 6.0 39.0 1.0 0.0
41 34 45 0.0 0.0 0.0 0.0 1.0 0.0 0.0
41 35 34 0.0 0.0 0.0 1.0 1.0 0.0 0.0
41 35 35 0.0 0.0 1.0 40.0 348.0 8.0 0.0
41 35 36 0.0 1.0 9.0 319.0 3588.0 74.0 29.0
41 35 37 0.0 2.0 30.0 1661.0 12418.0 231.0 385.0
41 35 38 0.0 20.0 34.0 3327.0 25439.0 416.0 1988.0
41 35 39 0.0 17.0 66.0 4688.0 32966.0 536.0 3983.0
41 35 40 0.0 31.0 44.0 5570.0 35413.0 556.0 5195.0
41 35 41 0.0 19.0 67.0 5286.0 32023.0 481.0 4145.0
41 35 42 0.0 16.0 56.0 3456.0 23713.0 407.0 1716.0
41 35 43 0.0 4.0 15.0 1738.0 12051.0 221.0 366.0
41 35 44 0.0 4.0 5.0 466.0 3245.0 62.0 21.0
41 35 45 0.0 0.0 0.0 26.0 321.0 8.0 0.0
41 35 46 0.0 0.0 0.0 1.0 3.0 0.0 0.0
41 36 34 0.0 0.0 0.0 2.0 56.0 0.0 0.0
41 36 35 0.0 0.0 2.0 362.0 3399.0 55.0 21.0
41 36 36 0.0 11.0 72.0 3305.0 27081.0 437.0 2579.0
41 36 37 0.0 14.0 119.0 5662.0 48432.0 603.0 16710.0
41 36 38 0.0 20.0 59.0 6856.0 48897.0 516.0 37151.0
41 36 39 0.0 39.0 79.0 7023.0 44986.0 480.0 50059.0
41 36 40 0.0 34.0 68.0 6424.0 43859.0 378.0 53704.0
41 36 41 0.0 17.0 71.0 7253.0 45089.0 458.0 49097.0
41 36 42 0.0 38.0 127.0 6925.0 48818.0 567.0 36212.0
41 36 43 0.0 8.0 47.0 6308.0 47070.0 573.0 16014.0
41 36 44 0.0 16.0 41.0 2575.0 26320.0 407.0 2229.0
41 36 45 0.0 6.0 8.0 286.0 3443.0 63.0 27.0
41 36 46 0.0 0.0 0.0 0.0 58.0 2.0 0.0
41 37 34 0.0 0.0 0.0 37.0 287.0 7.0 0.0
41 37 35 0.0 7.0 20.0 1115.0 12828.0 232.0 342.0
41 37 36 0.0 10.0 83.0 4765.0 48911.0 587.0 17046.0
41 37 37 0.0 31.0 86.0 4873.0 42238.0 396.0 61020.0
41 37 38 0.0 24.0 79.0 3757.0 31091.0 228.0 89357.0
41 37 39 0.0 16.0 54.0 3532.0 25205.0 154.0 101992.0
41 37 40 0.0 23.0 47.0 3768.0 23649.0 167.0 106130.0
41 37 41 0.0 21.0 54.0 3856.0 25504.0 189.0 101574.0
41 37 42 0.0 33.0 72.0 4513.0 31657.0 243.0 87583.0
41 37 43 0.0 18.0 99.0 4731.0 43211.0 396.0 59329.0
41 37 44 0.0 10.0 109.0 4855.0 48341.0 590.0 15539.0
41 37 45 0.0 0.0 13.0 1265.0 12823.0 235.0 372.0
41 37 46 0.0 0.0 0.0 30.0 271.0 3.0 0.0
41 38 34 0.0 0.0 0.0 75.0 828.0 20.0 0.0
41 38 35 0.0 8.0 36.0 2289.0 24940.0 371.0 1756.0
41 38 36 0.0 27.0 64.0 4609.0 51350.0 514.0 36115.0
41 38 37 0.0 20.0 78.0 3193.0 32340.0 224.0 88317.0
41 38 38 0.0 13.0 45.0 2007.0 18535.0 101.0 123116.0
41 38 39 0.0 13.0 26.0 1727.0 13236.0 70.0 135642.0
41 38 40 0.0 13.0 28.0 1646.0 11809.0 60.0 138833.0
41 38 41 0.0 8.0 44.0 1754.0 13197.0 65.0 135736.0
41 38 42 0.0 11.0 39.0 2191.0 18774.0 91.0 123423.0
41 38 43 0.0 16.0 76.0 3464.0 32598.0 264.0 87579.0
41 38 44 0.0 30.0 91.0 5675.0 50331.0 544.0 35858.0
41 38 45 0.0 8.0 39.0 2529.0 24427.0 404.0 1746.0
41 38 46 0.0 0.0 1.0 79.0 749.0 6.0 0.0
41 39 33 0.0 0.0 0.0 0.0 2.0 0.0 0.0
41 39 34 0.0 0.0 2.0 134.0 1467.0 25.0 3.0
41 39 35 0.0 15.0 71.0 2862.0 34104.0 537.0 3817.0
41 39 36 0.0 6.0 105.0 4101.0 48267.0 439.0 48826.0
41 39 37 0.0 8.0 59.0 2432.0 26513.0 164.0 102429.0
41 39 38 0.0 3.0 37.0 1397.0 13626.0 85.0 135251.0
41 39 39 0.0 9.0 26.0 883.0 7695.0 35.0 156950.0
41 39 40 0.0 4.0 18.0 840.0 6919.0 15.0 157763.0
41 39 41 0.0 8.0 29.0 905.0 7808.0 23.0 157277.0
41 39 42 0.0 13.0 40.0 1561.0 13893.0 49.0 135776.0
41 39 43 0.0 11.0 62.0 2750.0 26630.0 176.0 101183.0
41 39 44 0.0 27.0 102.0 4816.0 47268.0 451.0 48960.0
41 39 45 0.0 12.0 77.0 3785.0 33354.0 506.0 3974.0
41 39 46 0.0 0.0 3.0 159.0 1556.0 30.0 3.0
41 39 47 0.0 0.0 0.0 0.0 5.0 0.0 0.0
41 40 34 0.0 0.0 1.0 165.0 2027.0 36.0 4.0
41 40 35 0.0 5.0 39.0 2897.0 37599.0 550.0 5002.0
41 40 36 0.0 12.0 78.0 4416.0 45983.0 416.0 53582.0
41 40 37 0.0 20.0 59.0 2291.0 24904.0 150.0 105329.0
41 40 38 0.0 4.0 25.0 1214.0 12529.0 56.0 138933.0
41 40 39 0.0 4.0 17.0 654.0 6698.0 18.0 160715.0
41 40 40 0.0 1.0 17.0 563.0 5811.0 15.0 161658.0
41 40 41 0.0 4.0 20.0 746.0 6907.0 16.0 159517.0
41 40 42 0.0 6.0 59.0 1231.0 12530.0 57.0 138404.0
41 40 43 0.0 14.0 71.0 2629.0 25196.0 181.0 105163.0
41 40 44 0.0 35.0 117.0 4963.0 45953.0 453.0 53350.0
41 40 45 0.0 13.0 66.0 3903.0 36224.0 539.0 5074.0
41 40 46 0.0 0.0 6.0 190.0 1962.0 42.0 5.0
41 40 47 0.0 0.0 0.0 0.0 2.0 0.0 0.0
41 41 33 0.0 0.0 0.0 0.0 1.0 0.0 0.0
41 41 34 0.0 1.0 1.0 144.0 1612.0 30.0 5.0
41 41 35 0.0 15.0 37.0 3284.0 33390.0 490.0 3792.0
41 41 36 0.0 9.0 106.0 4381.0 48595.0 485.0 47684.0
41 41 37 0.0 14.0 49.0 2464.0 26870.0 177.0 101897.0
41 41 38 0.0 8.0 36.0 1327.0 14003.0 75.0 134502.0
41 41 39 0.0 3.0 30.0 768.0 8053.0 19.0 156746.0
41 41 40 0.0 7.0 23.0 716.0 6858.0 30.0 158864.0
41 41 41 0.0 4.0 24.0 778.0 7657.0 33.0 158726.0
41 41 42 0.0 6.0 48.0 1405.0 13745.0 59.0 135452.0
41 41 43 0.0 17.0 91.0 2777.0 26792.0 172.0 101615.0
41 41 44 0.0 28.0 122.0 4815.0 47121.0 425.0 48802.0
41 41 45 0.0 4.0 71.0 3428.0 33404.0 521.0 3881.0
41 41 46 0.0 2.0 7.0 141.0 1565.0 30.0 2.0
41 41 47 0.0 0.0 0.0 0.0 1.0 0.0 0.0
41 42 34 0.0 0.0 1.0 63.0 728.0 10.0 0.0
41 42 35 0.0 4.0 25.0 1950.0 24870.0 392.0 1583.0
41 42 36 0.0 21.0 96.0 4273.0 52319.0 561.0 35385.0
41 42 37 0.0 13.0 97.0 2888.0 32617.0 255.0 87949.0
41 42 38 0.0 17.0 53.0 1802.0 18863.0 86.0 123308.0
41 42 39 0.0 10.0 40.0 1268.0 14142.0 60.0 135133.0
41 42 40 0.0 8.0 35.0 1203.0 12292.0 53.0 138978.0
41 42 41 0.0 7.0 46.0 1350.0 13897.0 57.0 135562.0
41 42 42 0.0 7.0 48.0 1873.0 18523.0 110.0 123710.0
41 42 43 0.0 21.0 76.0 3116.0 32460.0 231.0 88597.0
41 42 44 0.0 17.0 112.0 4955.0 50746.0 555.0 35980.0
41 42 45 0.0 7.0 54.0 2352.0 24787.0 380.0 1727.0
41 42 46 0.0 0.0 1.0 95.0 904.0 19.0 2.0
41 43 34 0.0 0.0 0.0 16.0 259.0 6.0 0.0
41 43 35 0.0 0.0 17.0 922.0 12235.0 216.0 323.0
41 43 36 0.0 14.0 82.0 4127.0 48648.0 559.0 15355.0
41 43 37 0.0 21.0 75.0 4027.0 43793.0 386.0 59475.0
41 43 38 0.0 22.0 82.0 3097.0 32830.0 231.0 87554.0
41 43 39 0.0 13.0 65.0 2616.0 26794.0 195.0 101522.0
41 43 40 0.0 10.0 89.0 2420.0 25536.0 170.0 104772.0
41 43 41 0.0 15.0 92.0 2369.0 26939.0 182.0 101670.0
41 43 42 0.0 5.0 96.0 3070.0 32852.0 227.0 87686.0
41 43 43 0.0 7.0 108.0 3964.0 43826.0 399.0 60287.0
41 43 44 0.0 35.0 162.0 4929.0 49013.0 604.0 16367.0
41 43 45 0.0 8.0 21.0 1226.0 12519.0 221.0 316.0
41 43 46 0.0 0.0 1.0 38.0 253.0 5.0 0.0
41 44 34 0.0 0.0 0.0 1.0 33.0 0.0 0.0
41 44 35 0.0 0.0 9.0 246.0 2954.0 45.0 13.0
41 44 36 0.0 6.0 20.0 2502.0 25864.0 386.0 2112.0
41 44 37 0.0 10.0 67.0 4294.0 48729.0 621.0 15371.0
41 44 38 0.0 15.0 80.0 4945.0 51375.0 496.0 34522.0
41 44 39 0.0 17.0 96.0 4603.0 48488.0 430.0 47112.0
41 44 40 0.0 16.0 131.0 4434.0 46139.0 412.0 52495.0
41 44 41 0.0 13.0 134.0 4546.0 47527.0 443.0 49390.0
41 44 42 0.0 8.0 111.0 5248.0 50642.0 502.0 36409.0
41 44 43 0.0 12.0 124.0 4273.0 49358.0 570.0 17097.0
41 44 44 0.0 12.0 55.0 2262.0 27133.0 414.0 2297.0
41 44 45 0.0 1.0 13.0 333.0 3173.0 52.0 21.0
41 44 46 0.0 0.0 0.0 3.0 49.0 0.0 0.0
41 45 34 0.0 0.0 0.0 0.0 3.0 0.0 0.0
41 45 35 0.0 0.0 0.0 16.0 260.0 4.0 0.0
41 45 36 0.0 0.0 0.0 375.0 3043.0 60.0 10.0
41 45 37 0.0 3.0 17.0 1300.0 11313.0 209.0 268.0
41 45 38 0.0 2.0 37.0 2193.0 24435.0 406.0 1635.0
41 45 39 0.0 12.0 53.0 3029.0 33034.0 460.0 3660.0
41 45 40 0.0 7.0 87.0 3569.0 35572.0 525.0 4455.0
41 45 41 0.0 9.0 66.0 3101.0 33666.0 501.0 3579.0
41 45 42 0.0 7.0 82.0 2369.0 24845.0 416.0 1759.0
41 45 43 0.0 1.0 24.0 1270.0 12190.0 186.0 343.0
41 45 44 0.0 0.0 2.0 285.0 3552.0 64.0 26.0
41 45 45 0.0 0.0 0.0 21.0 286.0 6.0 0.0
41 45 46 0.0 0.0 0.0 0.0 2.0 0.0 0.0
41 46 36 0.0 0.0 1.0 0.0 43.0 0.0 0.0
41 46 37 0.0 0.0 2.0 20.0 240.0 9.0 0.0
41 46 38 0.0 1.0 0.0 100.0 773.0 18.0 0.0
41 46 39 0.0 0.0 1.0 113.0 1529.0 35.0 3.0
41 46 40 0.0 1.0 1.0 201.0 1797.0 36.0 2.0
41 46 41 0.0 0.0 7.0 141.0 1585.0 30.0 4.0
41 46 42 0.0 0.0 2.0 70.0 834.0 19.0 1.0
41 46 43 0.0 0.0 0.0 15.0 296.0 3.0 0.0
41 46 44 0.0 0.0 0.0 4.0 29.0 1.0 0.0
41 46 45 0.0 0.0 0.0 0.0 6.0 1.0 0.0
41 47 40 0.0 0.0 0.0 0.0 6.0 0.0 0.0
41 47 41 0.0 0.0 0.0 0.0 1.0 0.0 0.0
42 33 41 0.0 0.0 0.0 0.0 3.0 0.0 0.0
42 34 35 0.0 0.0 0.0 0.0 1.0 0.0 0.0
42 34 36 0.0 0.0 0.0 3.0 25.0 1.0 0.0
42 34 37 0.0 0.0 0.0 24.0 168.0 2.0 0.0
42 34 38 0.0 0.0 1.0 58.0 449.0 10.0 0.0
42 34 39 0.0 0.0 0.0 128.0 801.0 17.0 1.0
42 34 40 0.0 0.0 1.0 134.0 931.0 10.0 2.0
42 34 41 0.0 1.0 2.0 123.0 814.0 12.0 3.0
42 34 42 0.0 0.0 0.0 69.0 459.0 14.0 0.0
42 34 43 0.0 0.0 0.0 17.0 114.0 1.0 0.0
42 34 44 0.0 0.0 1.0 0.0 18.0 0.0 0.0
42 35 34 0.0 0.0 0.0 0.0 2.0 0.0 0.0
42 35 35 0.0 0.0 0.0 21.0 195.0 2.0 1.0
42 35 36 0.0 0.0 0.0 278.0 2028.0 28.0 8.0
42 35 37 0.0 5.0 14.0 986.0 7708.0 146.0 115.0
42 35 38 0.0 10.0 23.0 2321.0 17101.0 286.0 803.0
42 35 39 0.0 10.0 24.0 3399.0 24709.0 394.0 1807.0
42 35 40 0.0 28.0 39.0 4376.0 26006.0 452.0 2382.0
42 35 41 0.0 8.0 33.0 3443.0 24074.0 409.0 1737.0
42 35 42 0.0 2.0 21.0 2439.0 16336.0 293.0 676.0
42 35 43 0.0 3.0 17.0 1046.0 7336.0 105.0 118.0
42 35 44 0.0 0.0 1.0 320.0 1814.0 43.0 3.0
42 35 45 0.0 0.0 0.0 41.0 176.0 4.0 0.0
42 36 34 0.0 0.0 0.0 0.0 31.0 0.0 0.0
42 36 35 0.0 1.0 17.0 207.0 1969.0 47.0 5.0
42 36 36 0.0 0.0 14.0 2099.0 18729.0 341.0 1039.0
42 36 37 0.0 20.0 66.0 4779.0 42417.0 565.0 9156.0
42 36 38 0.0 34.0 58.0 6582.0 49495.0 587.0 24429.0
42 36 39 0.0 39.0 89.0 6964.0 48944.0 503.0 36218.0
42 36 40 0.0 36.0 91.0 7004.0 48355.0 488.0 40172.0
42 36 41 0.0 39.0 91.0 7686.0 48262.0 522.0 35085.0
42 36 42 0.0 17.0 92.0 7444.0 48475.0 572.0 24309.0
42 36 43 0.0 30.0 80.0 5579.0 40762.0 583.0 8645.0
42 36 44 0.0 34.0 33.0 2040.0 18489.0 328.0 1015.0
42 36 45 0.0 1.0 2.0 161.0 1958.0 32.0 5.0
42 36 46 0.0 0.0 0.0 2.0 25.0 0.0 0.0
42 37 34 0.0 0.0 0.0 16.0 135.0 3.0 0.0
42 37 35 0.0 2.0 10.0 714.0 8217.0 127.0 134.0
42 37 36 0.0 21.0 43.0 4252.0 42369.0 559.0 8895.0
42 37 37 0.0 26.0 66.0 4955.0 47469.0 471.0 45724.0
42 37 38 0.0 35.0 64.0 4662.0 38052.0 342.0 72776.0
42 37 39 0.0 41.0 71.0 4275.0 31596.0 242.0 87261.0
42 37 40 0.0 28.0 64.0 4253.0 29501.0 216.0 91901.0
42 37 41 0.0 38.0 68.0 4651.0 30819.0 246.0 88541.0
42 37 42 0.0 16.0 86.0 4917.0 37419.0 316.0 73516.0
42 37 43 0.0 19.0 113.0 5397.0 46864.0 448.0 45816.0
42 37 44 0.0 13.0 61.0 4520.0 42038.0 582.0 8738.0
42 37 45 0.0 5.0 9.0 894.0 7559.0 155.0 134.0
42 37 46 0.0 0.0 2.0 22.0 134.0 2.0 0.0
42 38 34 0.0 0.0 0.0 46.0 513.0 12.0 0.0
42 38 35 0.0 9.0 24.0 1356.0 16877.0 274.0 679.0
42 38 36 0.0 13.0 70.0 4538.0 51626.0 549.0 24032.0
42 38 37 0.0 22.0 56.0 3660.0 38088.0 272.0 74681.0
42 38 38 0.0 11.0 47.0 2704.0 23745.0 132.0 110146.0
42 38 39 0.0 15.0 45.0 2270.0 18914.0 119.0 121512.0
42 38 40 0.0 16.0 43.0 2218.0 17356.0 105.0 125395.0
42 38 41 0.0 8.0 54.0 2343.0 18415.0 109.0 122242.0
42 38 42 0.0 15.0 65.0 2759.0 23781.0 141.0 109804.0
42 38 43 0.0 16.0 65.0 4102.0 38296.0 315.0 73360.0
42 38 44 0.0 14.0 90.0 5223.0 51412.0 577.0 23345.0
42 38 45 0.0 3.0 33.0 1667.0 16509.0 266.0 639.0
42 38 46 0.0 0.0 0.0 31.0 481.0 9.0 0.0
42 38 47 0.0 0.0 0.0 1.0 0.0 0.0 0.0
42 39 33 0.0 0.0 0.0 1.0 0.0 0.0 0.0
42 39 34 0.0 0.0 0.0 88.0 780.0 18.0 0.0
42 39 35 0.0 5.0 32.0 2155.0 25203.0 431.0 1731.0
42 39 36 0.0 25.0 115.0 4229.0 51893.0 535.0 35555.0
42 39 37 0.0 17.0 82.0 2962.0 32807.0 253.0 88176.0
42 39 38 0.0 10.0 61.0 1892.0 18691.0 103.0 123684.0
42 39 39 0.0 11.0 55.0 1462.0 13932.0 56.0 135027.0
42 39 40 0.0 5.0 40.0 1355.0 12317.0 55.0 138703.0
42 39 41 0.0 7.0 48.0 1528.0 13743.0 58.0 134767.0
42 39 42 0.0 10.0 51.0 2007.0 18738.0 102.0 123014.0
42 39 43 0.0 12.0 74.0 3370.0 32494.0 249.0 88051.0
42 39 44 0.0 22.0 82.0 4783.0 51540.0 472.0 34858.0
42 39 45 0.0 6.0 52.0 2396.0 24396.0 409.0 1707.0
42 39 46 0.0 0.0 2.0 94.0 753.0 11.0 2.0
42 40 34 0.0 0.0 0.0 96.0 1026.0 21.0 0.0
42 40 35 0.0 5.0 32.0 2334.0 27636.0 424.0 2220.0
42 40 36 0.0 14.0 145.0 4049.0 51065.0 523.0 39702.0
42 40 37 0.0 18.0 77.0 2635.0 30958.0 200.0 92097.0
42 40 38 0.0 3.0 44.0 1566.0 17411.0 99.0 127314.0
42 40 39 0.0 9.0 42.0 1127.0 12565.0 74.0 138249.0
42 40 40 0.0 2.0 41.0 1156.0 11027.0 54.0 141890.0
42 40 41 0.0 7.0 46.0 1248.0 12530.0 51.0 138678.0
42 40 42 0.0 7.0 45.0 1656.0 17084.0 80.0 127125.0
42 40 43 0.0 6.0 78.0 3119.0 30760.0 212.0 91564.0
42 40 44 0.0 8.0 116.0 5069.0 50735.0 517.0 39939.0
42 40 45 0.0 2.0 46.0 2471.0 27614.0 438.0 2207.0
42 40 46 0.0 0.0 0.0 89.0 1049.0 14.0 3.0
42 41 33 0.0 0.0 0.0 0.0 1.0 0.0 0.0
42 41 34 0.0 0.0 5.0 74.0 769.0 8.0 0.0
42 41 35 0.0 3.0 72.0 2201.0 24308.0 362.0 1684.0
42 41 36 0.0 26.0 130.0 4323.0 51761.0 513.0 35058.0
42 41 37 0.0 9.0 74.0 2718.0 33116.0 234.0 87722.0
42 41 38 0.0 7.0 52.0 1541.0 19221.0 113.0 123323.0
42 41 39 0.0 5.0 47.0 1181.0 14053.0 80.0 135731.0
42 41 40 0.0 9.0 58.0 1143.0 12421.0 55.0 138505.0
42 41 41 0.0 5.0 39.0 1297.0 13624.0 43.0 136484.0
42 41 42 0.0 11.0 74.0 1708.0 18951.0 98.0 123076.0
42 41 43 0.0 8.0 77.0 3059.0 32731.0 249.0 88061.0
42 41 44 0.0 13.0 110.0 5115.0 51092.0 485.0 35830.0
42 41 45 0.0 16.0 27.0 2517.0 24660.0 395.0 1731.0
42 41 46 0.0 0.0 1.0 96.0 795.0 15.0 1.0
42 42 34 0.0 0.0 0.0 32.0 490.0 13.0 0.0
42 42 35 0.0 6.0 24.0 1410.0 16549.0 280.0 686.0
42 42 36 0.0 10.0 94.0 4253.0 52144.0 583.0 23799.0
42 42 37 0.0 14.0 79.0 3519.0 39130.0 314.0 72516.0
42 42 38 0.0 10.0 56.0 2098.0 24652.0 157.0 108851.0
42 42 39 0.0 12.0 51.0 1820.0 19365.0 121.0 121692.0
42 42 40 0.0 11.0 70.0 1598.0 17209.0 86.0 127697.0
42 42 41 0.0 5.0 59.0 1677.0 18882.0 88.0 123461.0
42 42 42 0.0 12.0 73.0 2178.0 23790.0 125.0 111080.0
42 42 43 0.0 17.0 90.0 3371.0 37970.0 289.0 74148.0
42 42 44 0.0 32.0 107.0 4436.0 51509.0 591.0 24342.0
42 42 45 0.0 14.0 44.0 1686.0 17145.0 290.0 725.0
42 42 46 0.0 2.0 0.0 61.0 489.0 9.0 2.0
42 43 34 0.0 0.0 0.0 12.0 146.0 3.0 0.0
42 43 35 0.0 2.0 13.0 561.0 7601.0 121.0 122.0
42 43 36 0.0 12.0 60.0 3614.0 42495.0 598.0 8479.0
42 43 37 0.0 16.0 90.0 4661.0 48603.0 472.0 44226.0
42 43 38 0.0 10.0 82.0 3478.0 39722.0 317.0 71983.0
42 43 39 0.0 9.0 83.0 2915.0 32811.0 232.0 87084.0
42 43 40 0.0 20.0 88.0 2773.0 30923.0 192.0 91848.0
42 43 41 0.0 20.0 92.0 2970.0 32451.0 254.0 88922.0
42 43 42 0.0 10.0 71.0 3506.0 38910.0 330.0 73712.0
42 43 43 0.0 7.0 99.0 4303.0 48432.0 478.0 46109.0
42 43 44 0.0 13.0 145.0 4000.0 43720.0 607.0 9524.0
42 43 45 0.0 0.0 19.0 659.0 7918.0 130.0 123.0
42 43 46 0.0 0.0 0.0 15.0 151.0 3.0 0.0
42 44 34 0.0 0.0 0.0 4.0 17.0 0.0 0.0
42 44 35 0.0 0.0 6.0 183.0 1767.0 35.0 7.0
42 44 36 0.0 3.0 35.0 1629.0 17584.0 289.0 810.0
42 44 37 0.0 15.0 54.0 3721.0 41954.0 571.0 8042.0
42 44 38 0.0 10.0 76.0 4632.0 51848.0 614.0 22934.0
42 44 39 0.0 20.0 90.0 4505.0 51603.0 546.0 35075.0
42 44 40 0.0 14.0 84.0 4399.0 50856.0 506.0 39265.0
42 44 41 0.0 11.0 109.0 4708.0 51433.0 552.0 35589.0
42 44 42 0.0 13.0 112.0 4485.0 52090.0 585.0 24440.0
42 44 43 0.0 12.0 132.0 3680.0 42662.0 593.0 8639.0
42 44 44 0.0 14.0 16.0 1590.0 18387.0 314.0 932.0
42 44 45 0.0 0.0 4.0 164.0 2154.0 39.0 11.0
42 44 46 0.0 0.0 0.0 2.0 35.0 1.0 0.0
42 45 35 0.0 0.0 0.0 32.0 110.0 2.0 0.0
42 45 36 0.0 0.0 9.0 133.0 1777.0 30.0 7.0
42 45 37 0.0 1.0 9.0 713.0 7036.0 129.0 95.0
42 45 38 0.0 1.0 27.0 1579.0 16271.0 258.0 601.0
42 45 39 0.0 5.0 54.0 2614.0 24159.0 386.0 1668.0
42 45 40 0.0 8.0 50.0 2531.0 27187.0 440.0 2150.0
42 45 41 0.0 0.0 82.0 2302.0 24458.0 393.0 1678.0
42 45 42 0.0 2.0 22.0 1463.0 17619.0 290.0 685.0
42 45 43 0.0 0.0 15.0 624.0 7481.0 124.0 101.0
42 45 44 0.0 2.0 1.0 162.0 2068.0 33.0 7.0
42 45 45 0.0 0.0 0.0 16.0 170.0 5.0 0.0
42 45 46 0.0 0.0 0.0 1.0 1.0 0.0 0.0
42 46 35 0.0 0.0 0.0 0.0 9.0 0.0 0.0
42 46 36 0.0 0.0 0.0 2.0 11.0 0.0 0.0
42 46 37 0.0 0.0 0.0 21.0 135.0 1.0 0.0
42 46 38 0.0 0.0 0.0 34.0 365.0 5.0 0.0
42 46 39 0.0 0.0 2.0 94.0 749.0 12.0 0.0
42 46 40 0.0 0.0 0.0 99.0 1007.0 17.0 1.0
42 46 41 0.0 0.0 2.0 63.0 860.0 15.0 0.0
42 46 42 0.0 0.0 1.0 50.0 421.0 6.0 0.0
42 46 43 0.0 0.0 1.0 12.0 166.0 3.0 0.0
42 46 44 0.0 0.0 1.0 1.0 29.0 1.0 0.0
42 46 45 0.0 0.0 0.0 0.0 4.0 0.0 0.0
42 47 40 0.0 0.0 0.0 0.0 1.0 0.0 0.0
43 33 40 0.0 0.0 0.0 1.0 0.0 0.0 0.0
43 33 41 0.0 0.0 0.0 0.0 1.0 0.0 0.0
43 34 36 0.0 0.0 0.0 5.0 12.0 0.0 0.0
43 34 37 0.0 0.0 0.0 10.0 44.0 2.0 0.0
43 34 38 0.0 0.0 1.0 30.0 172.0 4.0 1.0
43 34 39 0.0 0.0 0.0 34.0 231.0 2.0 0.0
43 34 40 0.0 0.0 1.0 54.0 329.0 5.0 1.0
43 34 41 0.0 0.0 0.0 39.0 263.0 5.0 0.0
43 34 42 0.0 0.0 1.0 7.0 130.0 1.0 0.0
43 34 43 0.0 0.0 0.0 10.0 55.0 1.0 0.0
43 34 44 0.0 0.0 0.0 0.0 7.0 0.0 0.0
43 35 34 0.0 0.0 0.0 0.0 1.0 0.0 0.0
43 35 35 0.0 0.0 0.0 23.0 69.0 2.0 0.0
43 35 36 0.0 0.0 1.0 111.0 693.0 13.0 0.0
43 35 37 0.0 5.0 3.0 445.0 3009.0 55.0 16.0
43 35 38 0.0 3.0 10.0 844.0 7656.0 126.0 132.0
43 35 39 0.0 4.0 19.0 1579.0 12130.0 200.0 327.0
43 35 40 0.0 2.0 10.0 1939.0 13251.0 210.0 433.0
43 35 41 0.0 16.0 4.0 1918.0 11324.0 198.0 323.0
43 35 42 0.0 10.0 12.0 1205.0 7316.0 136.0 131.0
43 35 43 0.0 1.0 8.0 397.0 3243.0 52.0 13.0
43 35 44 0.0 0.0 1.0 93.0 728.0 7.0 0.0
43 35 45 0.0 0.0 0.0 7.0 40.0 0.0 0.0
43 36 34 0.0 0.0 0.0 0.0 10.0 1.0 0.0
43 36 35 0.0 0.0 1.0 97.0 732.0 14.0 0.0
43 36 36 0.0 3.0 11.0 774.0 8702.0 137.0 163.0
43 36 37 0.0 10.0 39.0 3197.0 25808.0 424.0 2289.0
43 36 38 0.0 34.0 108.0 5376.0 40192.0 584.0 8493.0
43 36 39 0.0 38.0 56.0 6244.0 46930.0 598.0 15659.0
43 36 40 0.0 33.0 74.0 6662.0 47882.0 579.0 18673.0
43 36 41 0.0 29.0 106.0 6098.0 46903.0 546.0 15355.0
43 36 42 0.0 39.0 70.0 5996.0 40280.0 564.0 8700.0
43 36 43 0.0 27.0 40.0 3405.0 25803.0 409.0 2357.0
43 36 44 0.0 2.0 19.0 974.0 8263.0 148.0 146.0
43 36 45 0.0 0.0 1.0 52.0 620.0 14.0 0.0
43 36 46 0.0 0.0 0.0 0.0 3.0 0.0 0.0
43 37 34 0.0 0.0 0.0 12.0 42.0 1.0 0.0
43 37 35 0.0 0.0 4.0 259.0 3085.0 45.0 13.0
43 37 36 0.0 44.0 26.0 2470.0 27567.0 420.0 2479.0
43 37 37 0.0 14.0 25.0 5196.0 49365.0 545.0 21040.0
43 37 38 0.0 33.0 78.0 5505.0 47805.0 520.0 43473.0
43 37 39 0.0 19.0 63.0 5107.0 42963.0 389.0 58235.0
43 37 40 0.0 28.0 89.0 4863.0 41572.0 359.0 63005.0
43 37 41 0.0 11.0 64.0 5065.0 42665.0 394.0 59009.0
43 37 42 0.0 25.0 76.0 5077.0 47508.0 475.0 44780.0
43 37 43 0.0 18.0 99.0 4969.0 49195.0 549.0 20968.0
43 37 44 0.0 44.0 44.0 2849.0 25938.0 419.0 2214.0
43 37 45 0.0 0.0 6.0 386.0 3175.0 59.0 18.0
43 37 46 0.0 0.0 0.0 9.0 27.0 0.0 0.0
43 38 34 0.0 0.0 0.0 13.0 144.0 3.0 0.0
43 38 35 0.0 4.0 8.0 746.0 7775.0 146.0 134.0
43 38 36 0.0 13.0 58.0 3509.0 43465.0 640.0 8968.0
43 38 37 0.0 48.0 77.0 4401.0 47593.0 521.0 46840.0
43 38 38 0.0 26.0 77.0 3749.0 38737.0 323.0 73070.0
43 38 39 0.0 28.0 63.0 3554.0 32622.0 266.0 86203.0
43 38 40 0.0 20.0 61.0 3403.0 30740.0 234.0 91132.0
43 38 41 0.0 20.0 73.0 3704.0 32615.0 242.0 86492.0
43 38 42 0.0 27.0 78.0 4188.0 38326.0 304.0 72880.0
43 38 43 0.0 25.0 99.0 5257.0 47928.0 478.0 43888.0
43 38 44 0.0 17.0 74.0 4336.0 42101.0 598.0 8556.0
43 38 45 0.0 3.0 18.0 805.0 7515.0 134.0 126.0
43 38 46 0.0 0.0 0.0 14.0 132.0 3.0 0.0
43 39 34 0.0 0.0 0.0 22.0 262.0 8.0 0.0
43 39 35 0.0 9.0 17.0 960.0 12011.0 192.0 260.0
43 39 36 0.0 9.0 115.0 4178.0 48988.0 583.0 15922.0
43 39 37 0.0 4.0 85.0 3566.0 43583.0 366.0 60697.0
43 39 38 0.0 11.0 61.0 3092.0 32668.0 225.0 88212.0
43 39 39 0.0 11.0 70.0 2703.0 26962.0 176.0 101392.0
43 39 40 0.0 20.0 69.0 2529.0 25024.0 173.0 104968.0
43 39 41 0.0 17.0 76.0 2735.0 26676.0 160.0 101348.0
43 39 42 0.0 13.0 83.0 3258.0 32994.0 262.0 87429.0
43 39 43 0.0 14.0 80.0 4103.0 42940.0 421.0 60692.0
43 39 44 0.0 15.0 69.0 5170.0 48887.0 639.0 16415.0
43 39 45 0.0 1.0 24.0 1131.0 12373.0 208.0 344.0
43 39 46 0.0 0.0 0.0 18.0 305.0 6.0 0.0
43 40 34 0.0 0.0 1.0 22.0 285.0 4.0 0.0
43 40 35 0.0 4.0 15.0 1199.0 14235.0 236.0 468.0
43 40 36 0.0 4.0 124.0 3954.0 51404.0 602.0 19474.0
43 40 37 0.0 6.0 150.0 3235.0 42605.0 351.0 64907.0
43 40 38 0.0 5.0 76.0 2600.0 31111.0 220.0 92530.0
43 40 39 0.0 13.0 68.0 2294.0 25235.0 159.0 105271.0
43 40 40 0.0 9.0 70.0 2235.0 23586.0 159.0 108591.0
43 40 41 0.0 17.0 69.0 2380.0 25162.0 152.0 105651.0
43 40 42 0.0 7.0 68.0 2910.0 30794.0 209.0 92278.0
43 40 43 0.0 9.0 73.0 3830.0 41401.0 351.0 65141.0
43 40 44 0.0 15.0 75.0 4618.0 50543.0 578.0 19364.0
43 40 45 0.0 3.0 39.0 1343.0 14226.0 252.0 459.0
43 40 46 0.0 0.0 0.0 32.0 333.0 9.0 0.0
43 40 47 0.0 0.0 0.0 0.0 1.0 0.0 0.0
43 41 34 0.0 0.0 0.0 23.0 275.0 6.0 0.0
43 41 35 0.0 0.0 21.0 949.0 12693.0 209.0 383.0
43 41 36 0.0 3.0 90.0 3767.0 49622.0 610.0 15543.0
43 41 37 0.0 14.0 131.0 3218.0 44401.0 335.0 60083.0
43 41 38 0.0 8.0 95.0 2574.0 33273.0 216.0 87839.0
43 41 39 0.0 5.0 66.0 2264.0 26909.0 191.0 101886.0
43 41 40 0.0 15.0 85.0 2245.0 25359.0 154.0 105399.0
43 41 41 0.0 14.0 81.0 2387.0 27001.0 158.0 101233.0
43 41 42 0.0 12.0 86.0 2785.0 32899.0 228.0 88395.0
43 41 43 0.0 11.0 113.0 3759.0 43384.0 365.0 61780.0
43 41 44 0.0 5.0 78.0 4535.0 49189.0 606.0 16564.0
43 41 45 0.0 3.0 30.0 1323.0 12892.0 235.0 383.0
43 41 46 0.0 0.0 0.0 28.0 273.0 6.0 0.0
43 42 34 0.0 0.0 0.0 10.0 146.0 0.0 0.0
43 42 35 0.0 0.0 12.0 714.0 7534.0 147.0 102.0
43 42 36 0.0 8.0 84.0 3580.0 42131.0 557.0 8531.0
43 42 37 0.0 19.0 118.0 3702.0 48860.0 453.0 44365.0
43 42 38 0.0 4.0 104.0 3289.0 39488.0 312.0 72465.0
43 42 39 0.0 8.0 89.0 2758.0 33042.0 236.0 88067.0
43 42 40 0.0 15.0 67.0 2566.0 31012.0 238.0 92851.0
43 42 41 0.0 14.0 92.0 2812.0 32571.0 209.0 88967.0
43 42 42 0.0 11.0 92.0 3042.0 39000.0 314.0 74787.0
43 42 43 0.0 78.0 103.0 4716.0 47722.0 490.0 47131.0
43 42 44 0.0 62.0 64.0 4336.0 42946.0 595.0 9150.0
43 42 45 0.0 5.0 20.0 1032.0 7714.0 134.0 145.0
43 42 46 0.0 0.0 0.0 24.0 128.0 5.0 0.0
43 43 34 0.0 0.0 0.0 2.0 46.0 1.0 0.0
43 43 35 0.0 4.0 5.0 287.0 2844.0 56.0 14.0
43 43 36 0.0 10.0 48.0 1984.0 26738.0 427.0 2301.0
43 43 37 0.0 14.0 98.0 4224.0 50146.0 587.0 20277.0
43 43 38 0.0 23.0 77.0 4480.0 48714.0 460.0 43935.0
43 43 39 0.0 15.0 124.0 3660.0 44137.0 370.0 59507.0
43 43 40 0.0 5.0 102.0 3516.0 41658.0 366.0 65236.0
43 43 41 0.0 5.0 138.0 3430.0 43235.0 363.0 61072.0
43 43 42 0.0 23.0 103.0 3598.0 48553.0 467.0 46956.0
43 43 43 0.0 72.0 103.0 4839.0 50363.0 591.0 22704.0
43 43 44 0.0 14.0 88.0 2213.0 28386.0 412.0 2668.0
43 43 45 0.0 3.0 5.0 405.0 3560.0 56.0 18.0
43 43 46 0.0 0.0 0.0 3.0 51.0 1.0 0.0
43 44 34 0.0 0.0 0.0 1.0 5.0 0.0 0.0
43 44 35 0.0 0.0 5.0 56.0 605.0 7.0 1.0
43 44 36 0.0 0.0 12.0 695.0 7585.0 140.0 112.0
43 44 37 0.0 5.0 42.0 2383.0 25357.0 416.0 2056.0
43 44 38 0.0 7.0 93.0 3578.0 41751.0 563.0 7935.0
43 44 39 0.0 9.0 72.0 4787.0 48635.0 621.0 15922.0
43 44 40 0.0 14.0 143.0 4319.0 50159.0 556.0 18613.0
43 44 41 0.0 0.0 128.0 3908.0 49709.0 654.0 16230.0
43 44 42 0.0 7.0 102.0 3559.0 42457.0 598.0 8324.0
43 44 43 0.0 3.0 55.0 2552.0 27363.0 451.0 2455.0
43 44 44 0.0 10.0 12.0 910.0 8236.0 146.0 187.0
43 44 45 0.0 0.0 0.0 54.0 761.0 15.0 0.0
43 44 46 0.0 0.0 0.0 0.0 4.0 0.0 0.0
43 45 35 0.0 0.0 0.0 15.0 61.0 3.0 0.0
43 45 36 0.0 0.0 3.0 40.0 603.0 13.0 0.0
43 45 37 0.0 0.0 4.0 209.0 2660.0 45.0 9.0
43 45 38 0.0 1.0 33.0 680.0 7618.0 136.0 112.0
43 45 39 0.0 0.0 8.0 910.0 12049.0 191.0 317.0
43 45 40 0.0 9.0 26.0 1135.0 13944.0 240.0 464.0
43 45 41 0.0 3.0 34.0 1010.0 12636.0 218.0 304.0
43 45 42 0.0 1.0 21.0 711.0 7713.0 158.0 119.0
43 45 43 0.0 0.0 3.0 242.0 3215.0 55.0 21.0
43 45 44 0.0 0.0 0.0 46.0 758.0 15.0 0.0
43 45 45 0.0 0.0 0.0 3.0 48.0 1.0 0.0
43 46 35 0.0 0.0 0.0 0.0 3.0 0.0 0.0
43 46 36 0.0 0.0 0.0 0.0 2.0 0.0 0.0
43 46 37 0.0 0.0 0.0 6.0 46.0 1.0 0.0
43 46 38 0.0 0.0 0.0 14.0 125.0 1.0 0.0
43 46 39 0.0 0.0 1.0 22.0 245.0 3.0 1.0
43 46 40 0.0 0.0 1.0 35.0 338.0 3.0 0.0
43 46 41 0.0 0.0 3.0 15.0 216.0 6.0 0.0
43 46 42 0.0 0.0 0.0 5.0 136.0 1.0 0.0
43 46 43 0.0 0.0 0.0 3.0 49.0 1.0 0.0
43 46 44 0.0 0.0 0.0 1.0 1.0 0.0 0.0
44 34 37 0.0 0.0 0.0 0.0 4.0 1.0 0.0
44 34 38 0.0 0.0 0.0 4.0 28.0 1.0 0.0
44 34 39 0.0 0.0 0.0 4.0 49.0 0.0 0.0
44 34 40 0.0 0.0 0.0 16.0 58.0 4.0 0.0
44 34 41 0.0 0.0 0.0 4.0 35.0 1.0 0.0
44 34 42 0.0 0.0 0.0 6.0 30.0 0.0 0.0
44 34 43 0.0 0.0 0.0 0.0 9.0 0.0 0.0
44 35 35 0.0 0.0 0.0 2.0 10.0 0.0 0.0
44 35 36 0.0 0.0 0.0 21.0 180.0 4.0 0.0
44 35 37 0.0 0.0 5.0 79.0 608.0 17.0 0.0
44 35 38 0.0 3.0 4.0 199.0 1565.0 38.0 5.0
44 35 39 0.0 0.0 4.0 388.0 2960.0 56.0 21.0
44 35 40 0.0 4.0 3.0 473.0 3772.0 86.0 23.0
44 35 41 0.0 0.0 2.0 375.0 3020.0 56.0 18.0
44 35 42 0.0 0.0 3.0 292.0 1838.0 38.0 2.0
44 35 43 0.0 0.0 4.0 80.0 670.0 15.0 2.0
44 35 44 0.0 0.0 0.0 4.0 152.0 1.0 0.0
44 35 45 0.0 0.0 0.0 5.0 10.0 1.0 0.0
44 36 35 0.0 1.0 0.0 11.0 90.0 0.0 0.0
44 36 36 0.0 0.0 2.0 136.0 1777.0 30.0 8.0
44 36 37 0.0 7.0 7.0 714.0 7670.0 126.0 111.0
44 36 38 0.0 11.0 23.0 1749.0 16394.0 270.0 685.0
44 36 39 0.0 36.0 57.0 2546.0 25170.0 410.0 1959.0
44 36 40 0.0 17.0 73.0 3186.0 28513.0 443.0 2844.0
44 36 41 0.0 4.0 36.0 2929.0 25002.0 403.0 2007.0
44 36 42 0.0 9.0 47.0 1866.0 16595.0 287.0 774.0
44 36 43 0.0 1.0 18.0 718.0 7809.0 147.0 155.0
44 36 44 0.0 0.0 0.0 185.0 1907.0 23.0 10.0
44 36 45 0.0 0.0 1.0 5.0 128.0 2.0 0.0
44 36 46 0.0 0.0 0.0 0.0 1.0 0.0 0.0
44 37 34 0.0 0.0 0.0 2.0 5.0 0.0 0.0
44 37 35 0.0 0.0 0.0 45.0 693.0 15.0 0.0
44 37 36 0.0 11.0 9.0 956.0 8617.0 182.0 165.0
44 37 37 0.0 17.0 15.0 2872.0 25711.0 422.0 2265.0
44 37 38 0.0 17.0 78.0 3720.0 42312.0 558.0 8618.0
44 37 39 0.0 10.0 97.0 4595.0 48187.0 628.0 14624.0
44 37 40 0.0 6.0 114.0 5052.0 49473.0 548.0 17761.0
44 37 41 0.0 14.0 90.0 5261.0 48261.0 644.0 15590.0
44 37 42 0.0 14.0 111.0 4448.0 41204.0 573.0 8222.0
44 37 43 0.0 9.0 21.0 2488.0 25878.0 401.0 2101.0
44 37 44 0.0 1.0 5.0 788.0 7406.0 128.0 116.0
44 37 45 0.0 0.0 0.0 48.0 560.0 13.0 0.0
44 37 46 0.0 0.0 0.0 3.0 5.0 0.0 0.0
44 38 34 0.0 0.0 0.0 1.0 16.0 0.0 0.0
44 38 35 0.0 2.0 1.0 157.0 1747.0 29.0 2.0
44 38 36 0.0 12.0 51.0 1406.0 19564.0 312.0 1020.0
44 38 37 0.0 14.0 77.0 3497.0 43585.0 600.0 9039.0
44 38 38 0.0 18.0 100.0 5127.0 51396.0 589.0 23772.0
44 38 39 0.0 17.0 102.0 5207.0 51301.0 535.0 33926.0
44 38 40 0.0 14.0 154.0 5379.0 50295.0 509.0 38463.0
44 38 41 0.0 13.0 120.0 4970.0 51417.0 512.0 34917.0
44 38 42 0.0 19.0 106.0 5198.0 51250.0 627.0 23116.0
44 38 43 0.0 26.0 56.0 4434.0 41776.0 632.0 8469.0
44 38 44 0.0 14.0 56.0 1959.0 17962.0 326.0 920.0
44 38 45 0.0 0.0 1.0 201.0 1804.0 23.0 3.0
44 38 46 0.0 0.0 0.0 1.0 13.0 1.0 0.0
44 39 34 0.0 0.0 0.0 1.0 49.0 1.0 0.0
44 39 35 0.0 3.0 4.0 247.0 3453.0 61.0 26.0
44 39 36 0.0 16.0 38.0 2290.0 27594.0 422.0 2327.0
44 39 37 0.0 9.0 139.0 4264.0 49606.0 599.0 16326.0
44 39 38 0.0 28.0 99.0 4536.0 51728.0 537.0 35145.0
44 39 39 0.0 21.0 126.0 4422.0 47858.0 429.0 48527.0
44 39 40 0.0 24.0 128.0 4087.0 47065.0 417.0 52118.0
44 39 41 0.0 16.0 127.0 4662.0 48159.0 492.0 47822.0
44 39 42 0.0 10.0 107.0 5247.0 50658.0 543.0 35944.0
44 39 43 0.0 10.0 78.0 5002.0 48677.0 608.0 16305.0
44 39 44 0.0 3.0 132.0 2391.0 27247.0 462.0 2269.0
44 39 45 0.0 0.0 5.0 322.0 3361.0 53.0 18.0
44 39 46 0.0 0.0 0.0 1.0 38.0 0.0 0.0
44 40 34 0.0 0.0 0.0 5.0 40.0 1.0 0.0
44 40 35 0.0 0.0 3.0 292.0 4102.0 65.0 28.0
44 40 36 0.0 3.0 43.0 2199.0 30468.0 442.0 3146.0
44 40 37 0.0 24.0 70.0 3758.0 51390.0 652.0 18693.0
44 40 38 0.0 15.0 115.0 4191.0 51181.0 510.0 39627.0
44 40 39 0.0 13.0 109.0 3764.0 47546.0 449.0 52898.0
44 40 40 0.0 21.0 132.0 3795.0 45324.0 408.0 57381.0
44 40 41 0.0 5.0 121.0 4134.0 46586.0 449.0 53373.0
44 40 42 0.0 13.0 93.0 4464.0 51094.0 497.0 39076.0
44 40 43 0.0 19.0 127.0 4951.0 50421.0 611.0 18619.0
44 40 44 0.0 6.0 21.0 2534.0 30368.0 446.0 3108.0
44 40 45 0.0 22.0 3.0 415.0 3953.0 78.0 22.0
44 40 46 0.0 0.0 0.0 0.0 67.0 1.0 0.0
44 41 34 0.0 0.0 0.0 2.0 45.0 0.0 0.0
44 41 35 0.0 0.0 8.0 183.0 3388.0 72.0 20.0
44 41 36 0.0 0.0 46.0 1873.0 26839.0 424.0 2187.0
44 41 37 0.0 6.0 81.0 3875.0 49849.0 603.0 16228.0
44 41 38 0.0 24.0 114.0 4178.0 51773.0 548.0 35003.0
44 41 39 0.0 13.0 110.0 4066.0 48610.0 444.0 48026.0
44 41 40 0.0 12.0 136.0 3971.0 46749.0 427.0 53725.0
44 41 41 0.0 16.0 124.0 4101.0 48764.0 489.0 47979.0
44 41 42 0.0 9.0 111.0 4825.0 51111.0 559.0 36389.0
44 41 43 0.0 30.0 95.0 3901.0 49667.0 620.0 16602.0
44 41 44 0.0 9.0 42.0 2314.0 27532.0 415.0 2421.0
44 41 45 0.0 2.0 0.0 365.0 3388.0 59.0 25.0
44 41 46 0.0 0.0 0.0 0.0 30.0 0.0 0.0
44 42 34 0.0 0.0 0.0 0.0 28.0 0.0 0.0
44 42 35 0.0 0.0 3.0 106.0 1750.0 25.0 9.0
44 42 36 0.0 5.0 30.0 1073.0 18154.0 318.0 754.0
44 42 37 0.0 14.0 60.0 3267.0 43643.0 591.0 8843.0
44 42 38 0.0 25.0 98.0 4343.0 52297.0 579.0 23810.0
44 42 39 0.0 7.0 109.0 4087.0 52047.0 528.0 35013.0
44 42 40 0.0 14.0 100.0 4465.0 50662.0 546.0 40146.0
44 42 41 0.0 12.0 93.0 4399.0 51740.0 517.0 35571.0
44 42 42 0.0 29.0 118.0 4091.0 52619.0 571.0 24292.0
44 42 43 0.0 29.0 104.0 3550.0 43647.0 606.0 9166.0
44 42 44 0.0 16.0 51.0 1998.0 20008.0 350.0 1140.0
44 42 45 0.0 3.0 1.0 204.0 1979.0 37.0 7.0
44 42 46 0.0 0.0 0.0 0.0 30.0 0.0 0.0
44 43 34 0.0 0.0 0.0 0.0 9.0 0.0 0.0
44 43 35 0.0 0.0 0.0 64.0 691.0 12.0 0.0
44 43 36 0.0 1.0 5.0 567.0 8353.0 132.0 147.0
44 43 37 0.0 2.0 47.0 2362.0 26404.0 401.0 2292.0
44 43 38 0.0 3.0 166.0 3322.0 43376.0 587.0 9117.0
44 43 39 0.0 5.0 95.0 3767.0 49747.0 605.0 16711.0
44 43 40 0.0 19.0 127.0 4091.0 51096.0 641.0 19420.0
44 43 41 0.0 8.0 107.0 4098.0 50029.0 607.0 17380.0
44 43 42 0.0 12.0 121.0 3477.0 44106.0 565.0 9638.0
44 43 43 0.0 4.0 67.0 1922.0 28609.0 440.0 2565.0
44 43 44 0.0 2.0 8.0 741.0 9031.0 177.0 188.0
44 43 45 0.0 0.0 2.0 54.0 734.0 15.0 3.0
44 43 46 0.0 0.0 0.0 0.0 4.0 0.0 0.0
44 44 35 0.0 0.0 0.0 14.0 131.0 2.0 0.0
44 44 36 0.0 0.0 6.0 128.0 1815.0 26.0 5.0
44 44 37 0.0 1.0 5.0 814.0 7437.0 118.0 129.0
44 44 38 0.0 2.0 17.0 1668.0 18165.0 306.0 881.0
44 44 39 0.0 4.0 52.0 2082.0 26562.0 444.0 2146.0
44 44 40 0.0 0.0 65.0 2092.0 30175.0 492.0 2939.0
44 44 41 0.0 6.0 42.0 2377.0 28043.0 413.0 2417.0
44 44 42 0.0 2.0 33.0 1399.0 20142.0 325.0 1015.0
44 44 43 0.0 13.0 10.0 795.0 8197.0 147.0 162.0
44 44 44 0.0 11.0 6.0 262.0 1980.0 40.0 11.0
44 44 45 0.0 0.0 0.0 13.0 161.0 1.0 0.0
44 44 46 0.0 0.0 0.0 2.0 2.0 0.0 0.0
44 45 35 0.0 0.0 0.0 3.0 4.0 0.0 0.0
44 45 36 0.0 0.0 0.0 15.0 163.0 6.0 0.0
44 45 37 0.0 0.0 0.0 62.0 661.0 18.0 0.0
44 45 38 0.0 0.0 3.0 141.0 1808.0 34.0 8.0
44 45 39 0.0 0.0 4.0 292.0 3266.0 68.0 18.0
44 45 40 0.0 0.0 4.0 311.0 4037.0 85.0 23.0
44 45 41 0.0 0.0 11.0 281.0 3688.0 72.0 27.0
44 45 42 0.0 0.0 6.0 138.0 1860.0 37.0 5.0
44 45 43 0.0 0.0 0.0 65.0 692.0 7.0 0.0
44 45 44 0.0 0.0 0.0 9.0 117.0 2.0 0.0
44 45 45 0.0 0.0 0.0 0.0 7.0 0.0 0.0
44 46 36 0.0 0.0 0.0 0.0 1.0 0.0 0.0
44 46 37 0.0 0.0 0.0 2.0 2.0 0.0 0.0
44 46 38 0.0 0.0 1.0 0.0 16.0 0.0 0.0
44 46 39 0.0 0.0 0.0 1.0 42.0 1.0 0.0
44 46 40 0.0 0.0 0.0 8.0 28.0 0.0 0.0
44 46 41 0.0 0.0 0.0 3.0 57.0 3.0 0.0
44 46 42 0.0 0.0 0.0 3.0 24.0 0.0 0.0
44 46 43 0.0 0.0 0.0 1.0 0.0 0.0 0.0
45 34 38 0.0 0.0 0.0 0.0 1.0 0.0 0.0
45 34 39 0.0 0.0 0.0 0.0 2.0 0.0 0.0
45 34 40 0.0 0.0 0.0 0.0 2.0 0.0 0.0
45 34 41 0.0 0.0 0.0 0.0 2.0 0.0 0.0
45 34 42 0.0 0.0 0.0 0.0 1.0 0.0 0.0
45 35 36 0.0 0.0 0.0 2.0 3.0 0.0 0.0
45 35 37 0.0 0.0 0.0 3.0 50.0 1.0 0.0
45 35 38 0.0 0.0 0.0 12.0 116.0 2.0 0.0
45 35 39 0.0 0.0 0.0 57.0 297.0 3.0 1.0
45 35 40 0.0 0.0 0.0 44.0 312.0 3.0 0.0
45 35 41 0.0 0.0 0.0 24.0 248.0 4.0 0.0
45 35 42 0.0 0.0 0.0 14.0 155.0 3.0 0.0
45 35 43 0.0 0.0 0.0 3.0 33.0 0.0 0.0
45 35 44 0.0 0.0 0.0 0.0 6.0 0.0 0.0
45 36 35 0.0 0.0 0.0 0.0 12.0 0.0 0.0
45 36 36 0.0 0.0 0.0 9.0 119.0 4.0 0.0
45 36 37 0.0 1.0 0.0 96.0 740.0 13.0 2.0
45 36 38 0.0 0.0 3.0 249.0 1599.0 33.0 5.0
45 36 39 0.0 0.0 11.0 281.0 3053.0 52.0 19.0
45 36 40 0.0 0.0 15.0 412.0 3533.0 60.0 19.0
45 36 41 0.0 1.0 11.0 253.0 3141.0 58.0 14.0
45 36 42 0.0 3.0 3.0 188.0 1801.0 41.0 5.0
45 36 43 0.0 0.0 5.0 68.0 520.0 5.0 0.0
45 36 44 0.0 0.0 0.0 5.0 117.0 2.0 0.0
45 36 45 0.0 0.0 0.0 0.0 4.0 0.0 0.0
45 36 46 0.0 0.0 0.0 0.0 2.0 0.0 0.0
45 37 35 0.0 0.0 0.0 1.0 41.0 0.0 0.0
45 37 36 0.0 0.0 0.0 41.0 703.0 18.0 3.0
45 37 37 0.0 1.0 3.0 373.0 3220.0 53.0 17.0
45 37 38 0.0 1.0 4.0 724.0 7517.0 142.0 102.0
45 37 39 0.0 0.0 36.0 1072.0 11518.0 177.0 280.0
45 37 40 0.0 1.0 32.0 1299.0 13307.0 224.0 411.0
45 37 41 0.0 0.0 20.0 1136.0 11817.0 219.0 278.0
45 37 42 0.0 2.0 7.0 801.0 7319.0 156.0 84.0
45 37 43 0.0 0.0 11.0 296.0 3117.0 56.0 16.0
45 37 44 0.0 0.0 2.0 71.0 732.0 22.0 2.0
45 37 45 0.0 0.0 0.0 2.0 31.0 0.0 0.0
45 38 35 0.0 0.0 0.0 28.0 153.0 1.0 0.0
45 38 36 0.0 0.0 3.0 155.0 2035.0 40.0 7.0
45 38 37 0.0 0.0 2.0 626.0 7610.0 125.0 94.0
45 38 38 0.0 6.0 25.0 1525.0 16450.0 266.0 650.0
45 38 39 0.0 6.0 65.0 2365.0 23500.0 376.0 1427.0
45 38 40 0.0 3.0 68.0 2658.0 27258.0 444.0 2271.0
45 38 41 0.0 2.0 53.0 2254.0 24971.0 389.0 1741.0
45 38 42 0.0 4.0 16.0 1657.0 16550.0 279.0 650.0
45 38 43 0.0 0.0 8.0 798.0 7555.0 149.0 115.0
45 38 44 0.0 0.0 3.0 230.0 1918.0 42.0 7.0
45 38 45 0.0 0.0 1.0 12.0 128.0 3.0 0.0
45 39 34 0.0 0.0 0.0 0.0 4.0 0.0 0.0
45 39 35 0.0 0.0 0.0 17.0 318.0 3.0 0.0
45 39 36 0.0 1.0 9.0 233.0 3229.0 66.0 22.0
45 39 37 0.0 0.0 26.0 1111.0 12116.0 207.0 351.0
45 39 38 0.0 3.0 54.0 2305.0 24644.0 419.0 1652.0
45 39 39 0.0 16.0 67.0 2849.0 34473.0 526.0 3950.0
45 39 40 0.0 4.0 74.0 3465.0 36481.0 539.0 4781.0
45 39 41 0.0 8.0 71.0 2943.0 33536.0 458.0 3837.0
45 39 42 0.0 3.0 38.0 2373.0 24653.0 387.0 1652.0
45 39 43 0.0 10.0 12.0 1263.0 12096.0 230.0 324.0
45 39 44 0.0 1.0 2.0 304.0 3504.0 51.0 17.0
45 39 45 0.0 0.0 0.0 28.0 380.0 2.0 1.0
45 39 46 0.0 0.0 0.0 0.0 2.0 0.0 0.0
45 40 34 0.0 0.0 0.0 2.0 3.0 0.0 0.0
45 40 35 0.0 0.0 0.0 21.0 395.0 9.0 1.0
45 40 36 0.0 1.0 3.0 359.0 4070.0 69.0 20.0
45 40 37 0.0 2.0 19.0 1279.0 14069.0 241.0 433.0
45 40 38 0.0 7.0 54.0 2297.0 28222.0 447.0 2307.0
45 40 39 0.0 9.0 42.0 3311.0 36275.0 537.0 4699.0
45 40 40 0.0 8.0 91.0 3206.0 39621.0 565.0 5992.0
45 40 41 0.0 10.0 84.0 3211.0 37264.0 545.0 5045.0
45 40 42 0.0 1.0 51.0 2361.0 27302.0 442.0 2110.0
45 40 43 0.0 0.0 24.0 1382.0 14628.0 258.0 486.0
45 40 44 0.0 1.0 19.0 347.0 4208.0 82.0 27.0
45 40 45 0.0 0.0 0.0 27.0 411.0 9.0 0.0
45 40 46 0.0 0.0 0.0 0.0 8.0 0.0 0.0
45 41 35 0.0 0.0 0.0 35.0 286.0 7.0 0.0
45 41 36 0.0 2.0 2.0 264.0 3543.0 64.0 23.0
45 41 37 0.0 6.0 28.0 1099.0 12481.0 224.0 341.0
45 41 38 0.0 11.0 57.0 1839.0 25016.0 392.0 1640.0
45 41 39 0.0 10.0 47.0 2987.0 34004.0 525.0 3726.0
45 41 40 0.0 52.0 54.0 3146.0 37263.0 571.0 5151.0
45 41 41 0.0 5.0 58.0 2790.0 33779.0 472.0 3855.0
45 41 42 0.0 1.0 57.0 2165.0 24526.0 405.0 1728.0
45 41 43 0.0 3.0 13.0 1346.0 12671.0 205.0 395.0
45 41 44 0.0 0.0 0.0 336.0 3702.0 75.0 15.0
45 41 45 0.0 0.0 1.0 21.0 332.0 7.0 0.0
45 42 35 0.0 0.0 0.0 7.0 127.0 1.0 0.0
45 42 36 0.0 0.0 4.0 131.0 2155.0 45.0 7.0
45 42 37 0.0 5.0 16.0 707.0 7375.0 125.0 91.0
45 42 38 0.0 5.0 11.0 1295.0 16323.0 273.0 594.0
45 42 39 0.0 2.0 49.0 2064.0 24411.0 370.0 1575.0
45 42 40 0.0 2.0 47.0 2064.0 27646.0 420.0 2192.0
45 42 41 0.0 17.0 39.0 2182.0 25248.0 408.0 1656.0
45 42 42 0.0 5.0 19.0 1266.0 17624.0 294.0 767.0
45 42 43 0.0 1.0 9.0 521.0 7565.0 128.0 115.0
45 42 44 0.0 0.0 4.0 168.0 2081.0 30.0 8.0
45 42 45 0.0 0.0 0.0 22.0 194.0 2.0 0.0
45 43 35 0.0 0.0 0.0 1.0 53.0 1.0 0.0
45 43 36 0.0 0.0 0.0 56.0 647.0 12.0 0.0
45 43 37 0.0 2.0 7.0 255.0 3257.0 54.0 17.0
45 43 38 0.0 0.0 18.0 557.0 8320.0 158.0 135.0
45 43 39 0.0 2.0 38.0 939.0 13122.0 195.0 348.0
45 43 40 0.0 4.0 13.0 1362.0 14849.0 257.0 490.0
45 43 41 0.0 3.0 12.0 1066.0 12869.0 202.0 345.0
45 43 42 0.0 0.0 23.0 786.0 8188.0 131.0 130.0
45 43 43 0.0 2.0 15.0 244.0 3472.0 73.0 25.0
45 43 44 0.0 0.0 1.0 39.0 717.0 11.0 0.0
45 43 45 0.0 0.0 0.0 2.0 82.0 2.0 0.0
45 43 46 0.0 0.0 0.0 0.0 1.0 0.0 0.0
45 44 35 0.0 0.0 0.0 0.0 2.0 0.0 0.0
45 44 36 0.0 0.0 0.0 15.0 109.0 1.0 0.0
45 44 37 0.0 0.0 2.0 56.0 678.0 7.0 3.0
45 44 38 0.0 0.0 2.0 200.0 1910.0 40.0 8.0
45 44 39 0.0 0.0 4.0 253.0 3366.0 61.0 19.0
45 44 40 0.0 0.0 11.0 388.0 4229.0 91.0 35.0
45 44 41 0.0 0.0 6.0 261.0 3696.0 59.0 17.0
45 44 42 0.0 0.0 3.0 184.0 2184.0 45.0 6.0
45 44 43 0.0 0.0 1.0 47.0 753.0 6.0 1.0
45 44 44 0.0 0.0 0.0 5.0 122.0 3.0 0.0
45 44 45 0.0 0.0 0.0 0.0 7.0 0.0 0.0
45 44 46 0.0 0.0 0.0 0.0 2.0 0.0 0.0
45 45 36 0.0 0.0 0.0 1.0 5.0 0.0 0.0
45 45 37 0.0 0.0 0.0 8.0 36.0 1.0 0.0
45 45 38 0.0 0.0 0.0 7.0 192.0 3.0 0.0
45 45 39 0.0 0.0 0.0 13.0 319.0 2.0 0.0
45 45 40 0.0 0.0 2.0 37.0 396.0 3.0 0.0
45 45 41 0.0 0.0 0.0 22.0 328.0 3.0 0.0
45 45 42 0.0 0.0 0.0 30.0 175.0 1.0 0.0
45 45 43 0.0 0.0 2.0 1.0 101.0 4.0 0.0
45 45 44 0.0 1.0 0.0 4.0 19.0 1.0 0.0
45 45 45 0.0 0.0 0.0 0.0 1.0 0.0 0.0
45 46 38 0.0 0.0 0.0 0.0 1.0 0.0 0.0
45 46 39 0.0 0.0 0.0 0.0 1.0 0.0 0.0
45 46 40 0.0 0.0 0.0 0.0 4.0 0.0 0.0
45 46 41 0.0 0.0 0.0 0.0 1.0 0.0 0.0
45 46 42 0.0 0.0 0.0 0.0 1.0 0.0 0.0
46 35 38 0.0 0.0 0.0 0.0 5.0 0.0 0.0
46 35 43 0.0 0.0 0.0 1.0 0.0 0.0 0.0
46 36 37 0.0 0.0 0.0 1.0 4.0 0.0 0.0
46 36 38 0.0 0.0 0.0 3.0 26.0 2.0 0.0
46 36 39 0.0 0.0 0.0 2.0 42.0 0.0 0.0
46 36 40 0.0 0.0 0.0 7.0 50.0 0.0 0.0
46 36 41 0.0 0.0 0.0 5.0 39.0 0.0 0.0
46 36 42 0.0 0.0 0.0 0.0 18.0 0.0 0.0
46 36 43 0.0 0.0 0.0 3.0 7.0 0.0 0.0
46 37 36 0.0 0.0 0.0 1.0 0.0 0.0 0.0
46 37 37 0.0 0.0 0.0 6.0 29.0 0.0 0.0
46 37 38 0.0 0.0 2.0 33.0 96.0 1.0 0.0
46 37 39 0.0 0.0 0.0 27.0 275.0 5.0 0.0
46 37 40 0.0 0.0 0.0 27.0 320.0 6.0 0.0
46 37 41 0.0 0.0 1.0 41.0 226.0 5.0 0.0
46 37 42 0.0 0.0 0.0 5.0 168.0 4.0 0.0
46 37 43 0.0 0.0 0.0 4.0 38.0 1.0 0.0
46 37 44 0.0 0.0 0.0 1.0 5.0 1.0 0.0
46 38 36 0.0 0.0 0.0 0.0 24.0 1.0 0.0
46 38 37 0.0 0.0 0.0 13.0 127.0 0.0 0.0
46 38 38 0.0 0.0 3.0 26.0 400.0 9.0 0.0
46 38 39 0.0 0.0 2.0 82.0 849.0 10.0 2.0
46 38 40 0.0 0.0 1.0 95.0 1008.0 16.0 1.0
46 38 41 0.0 0.0 1.0 58.0 959.0 16.0 2.0
46 38 42 0.0 0.0 0.0 42.0 483.0 8.0 0.0
46 38 43 0.0 0.0 0.0 11.0 97.0 0.0 0.0
46 38 44 0.0 0.0 0.0 4.0 16.0 0.0 0.0
46 38 45 0.0 0.0 0.0 0.0 1.0 0.0 0.0
46 39 35 0.0 0.0 0.0 0.0 1.0 0.0 0.0
46 39 36 0.0 0.0 0.0 1.0 35.0 0.0 0.0
46 39 37 0.0 0.0 0.0 15.0 272.0 3.0 0.0
46 39 38 0.0 0.0 2.0 58.0 847.0 18.0 1.0
46 39 39 0.0 0.0 4.0 133.0 1470.0 25.0 4.0
46 39 40 0.0 0.0 1.0 159.0 1838.0 29.0 4.0
46 39 41 0.0 0.0 2.0 144.0 1564.0 19.0 1.0
46 39 42 0.0 0.0 4.0 93.0 824.0 16.0 1.0
46 39 43 0.0 0.0 0.0 15.0 299.0 7.0 0.0
46 39 44 0.0 0.0 0.0 2.0 35.0 0.0 0.0
46 39 45 0.0 0.0 0.0 0.0 3.0 0.0 0.0
46 40 35 0.0 0.0 0.0 1.0 2.0 0.0 0.0
46 40 36 0.0 0.0 0.0 2.0 45.0 2.0 0.0
46 40 37 0.0 0.0 2.0 29.0 350.0 9.0 0.0
46 40 38 0.0 0.0 0.0 137.0 976.0 18.0 5.0
46 40 39 0.0 1.0 6.0 146.0 1742.0 26.0 3.0
46 40 40 0.0 5.0 3.0 219.0 2502.0 51.0 9.0
46 40 41 0.0 0.0 1.0 216.0 1844.0 32.0 4.0
46 40 42 0.0 0.0 1.0 100.0 1077.0 25.0 1.0
46 40 43 0.0 0.0 0.0 35.0 361.0 7.0 0.0
46 40 44 0.0 0.0 0.0 4.0 46.0 0.0 0.0
46 40 45 0.0 0.0 0.0 0.0 9.0 0.0 0.0
46 41 35 0.0 0.0 0.0 0.0 5.0 0.0 0.0
46 41 36 0.0 0.0 0.0 3.0 63.0 3.0 0.0
46 41 37 0.0 1.0 0.0 13.0 267.0 1.0 0.0
46 41 38 0.0 0.0 4.0 69.0 809.0 17.0 1.0
46 41 39 0.0 0.0 0.0 130.0 1572.0 33.0 2.0
46 41 40 0.0 0.0 14.0 206.0 1990.0 48.0 5.0
46 41 41 0.0 0.0 1.0 163.0 1559.0 26.0 5.0
46 41 42 0.0 0.0 2.0 70.0 767.0 8.0 1.0
46 41 43 0.0 0.0 0.0 30.0 294.0 8.0 0.0
46 41 44 0.0 0.0 0.0 3.0 56.0 1.0 0.0
46 41 45 0.0 0.0 0.0 0.0 5.0 0.0 0.0
46 42 35 0.0 0.0 0.0 0.0 4.0 0.0 0.0
46 42 36 0.0 0.0 0.0 0.0 33.0 1.0 0.0
46 42 37 0.0 0.0 0.0 17.0 141.0 3.0 0.0
46 42 38 0.0 0.0 0.0 20.0 409.0 4.0 0.0
46 42 39 0.0 0.0 0.0 70.0 863.0 17.0 2.0
46 42 40 0.0 0.0 0.0 106.0 1075.0 27.0 0.0
46 42 41 0.0 0.0 0.0 76.0 878.0 14.0 2.0
46 42 42 0.0 0.0 0.0 31.0 459.0 8.0 0.0
46 42 43 0.0 0.0 0.0 13.0 168.0 6.0 0.0
46 42 44 0.0 0.0 0.0 2.0 28.0 0.0 0.0
46 42 45 0.0 0.0 0.0 0.0 3.0 0.0 0.0
46 43 36 0.0 0.0 0.0 4.0 3.0 0.0 0.0
46 43 37 0.0 0.0 0.0 1.0 33.0 1.0 0.0
46 43 38 0.0 0.0 0.0 22.0 166.0 1.0 0.0
46 43 39 0.0 0.0 1.0 17.0 253.0 4.0 0.0
46 43 40 0.0 0.0 0.0 20.0 398.0 4.0 0.0
46 43 41 0.0 0.0 0.0 25.0 286.0 6.0 0.0
46 43 42 0.0 0.0 2.0 26.0 136.0 2.0 0.0
46 43 43 0.0 0.0 0.0 5.0 37.0 1.0 1.0
46 43 44 0.0 0.0 0.0 0.0 4.0 0.0 0.0
46 43 45 0.0 0.0 0.0 0.0 1.0 0.0 0.0
46 44 36 0.0 0.0 0.0 0.0 1.0 0.0 0.0
46 44 37 0.0 0.0 0.0 0.0 20.0 1.0 0.0
46 44 38 0.0 0.0 0.0 2.0 27.0 2.0 0.0
46 44 39 0.0 0.0 0.0 10.0 59.0 0.0 0.0
46 44 40 0.0 0.0 0.0 2.0 49.0 1.0 0.0
46 44 41 0.0 0.0 0.0 3.0 39.0 1.0 0.0
46 44 42 0.0 0.0 0.0 8.0 23.0 0.0 0.0
46 44 43 0.0 0.0 0.0 0.0 9.0 0.0 0.0
46 44 44 0.0 0.0 0.0 0.0 1.0 0.0 0.0
46 45 38 0.0 0.0 0.0 0.0 2.0 0.0 0.0
46 45 39 0.0 0.0 0.0 0.0 3.0 0.0 0.0
46 45 40 0.0 0.0 0.0 1.0 1.0 0.0 0.0
46 45 41 0.0 0.0 0.0 0.0 7.0 1.0 0.0
46 45 42 0.0 0.0 0.0 0.0 1.0 0.0 0.0
46 45 43 0.0 0.0 0.0 2.0 0.0 0.0 0.0
47 38 39 0.0 0.0 0.0 0.0 1.0 0.0 0.0
47 38 40 0.0 0.0 0.0 0.0 1.0 0.0 0.0
47 39 38 0.0 0.0 0.0 0.0 1.0 0.0 0.0
47 39 39 0.0 0.0 0.0 0.0 1.0 0.0 0.0
47 39 40 0.0 0.0 0.0 1.0 2.0 0.0 0.0
47 39 41 0.0 0.0 0.0 1.0 0.0 0.0 0.0
47 40 40 0.0 0.0 0.0 0.0 1.0 0.0 0.0
47 40 41 0.0 0.0 0.0 0.0 10.0 0.0 0.0
47 40 42 0.0 0.0 0.0 0.0 2.0 0.0 0.0
47 41 40 0.0 0.0 0.0 0.0 1.0 0.0 0.0
47 41 41 0.0 0.0 0.0 1.0 1.0 0.0 0.0
