36 37 40 0.0 0.0 0.0 0.0 1.0 0.0 0.0
36 37 41 0.0 0.0 0.0 0.0 6.0 0.0 0.0
36 37 42 0.0 0.0 0.0 0.0 2.0 0.0 0.0
36 38 38 0.0 0.0 0.0 0.0 4.0 0.0 0.0
36 38 39 0.0 0.0 0.0 3.0 12.0 0.0 0.0
36 38 40 0.0 0.0 0.0 0.0 9.0 0.0 0.0
36 38 41 0.0 0.0 0.0 1.0 8.0 1.0 0.0
36 38 42 0.0 0.0 0.0 0.0 3.0 0.0 0.0
36 39 38 0.0 0.0 0.0 2.0 10.0 0.0 0.0
36 39 39 0.0 0.0 0.0 2.0 10.0 1.0 0.0
36 39 40 0.0 0.0 0.0 0.0 22.0 1.0 0.0
36 39 41 0.0 0.0 0.0 6.0 10.0 0.0 0.0
36 39 42 0.0 0.0 0.0 0.0 2.0 0.0 0.0
36 40 37 0.0 0.0 0.0 2.0 0.0 0.0 0.0
36 40 38 0.0 0.0 0.0 0.0 8.0 0.0 0.0
36 40 39 0.0 0.0 0.0 2.0 22.0 2.0 0.0
36 40 40 0.0 0.0 0.0 2.0 24.0 0.0 0.0
36 40 41 0.0 0.0 0.0 1.0 19.0 0.0 0.0
36 40 42 0.0 0.0 0.0 1.0 10.0 0.0 0.0
36 41 38 0.0 0.0 0.0 0.0 1.0 0.0 0.0
36 41 39 0.0 0.0 0.0 2.0 26.0 0.0 0.0
36 41 40 0.0 0.0 1.0 1.0 24.0 0.0 0.0
36 41 41 0.0 0.0 0.0 3.0 14.0 0.0 0.0
36 41 42 0.0 0.0 0.0 2.0 5.0 0.0 0.0
36 42 37 0.0 0.0 0.0 1.0 0.0 0.0 0.0
36 42 38 0.0 0.0 0.0 0.0 1.0 0.0 0.0
36 42 39 0.0 0.0 0.0 0.0 5.0 0.0 0.0
36 42 40 0.0 0.0 0.0 1.0 20.0 1.0 0.0
36 42 41 0.0 0.0 0.0 1.0 11.0 0.0 0.0
36 42 42 0.0 0.0 0.0 0.0 1.0 0.0 0.0
36 42 43 0.0 0.0 0.0 0.0 1.0 0.0 0.0
36 43 38 0.0 0.0 0.0 1.0 0.0 0.0 0.0
36 43 40 0.0 0.0 0.0 1.0 2.0 0.0 0.0
36 43 41 0.0 0.0 0.0 0.0 1.0 0.0 0.0
37 36 40 0.0 0.0 0.0 0.0 1.0 0.0 0.0
37 36 41 0.0 0.0 0.0 0.0 1.0 0.0 0.0
37 36 43 0.0 0.0 0.0 0.0 1.0 0.0 0.0
37 37 37 0.0 0.0 0.0 0.0 31.0 1.0 0.0
37 37 38 0.0 0.0 0.0 20.0 163.0 2.0 0.0
37 37 39 0.0 0.0 1.0 30.0 409.0 13.0 0.0
37 37 40 0.0 1.0 0.0 46.0 509.0 9.0 0.0
37 37 41 0.0 0.0 2.0 34.0 341.0 5.0 0.0
37 37 42 0.0 0.0 0.0 16.0 159.0 4.0 0.0
37 37 43 0.0 0.0 0.0 6.0 39.0 1.0 0.0
37 38 37 0.0 0.0 3.0 15.0 180.0 5.0 0.0
37 38 38 0.0 2.0 9.0 89.0 1021.0 22.0 0.0
37 38 39 0.0 1.0 6.0 238.0 2253.0 47.0 10.0
37 38 40 0.0 1.0 4.0 282.0 2489.0 52.0 9.0
37 38 41 0.0 2.0 13.0 206.0 2170.0 40.0 9.0
37 38 42 0.0 0.0 0.0 83.0 681.0 11.0 1.0
37 38 43 0.0 1.0 1.0 13.0 128.0 5.0 0.0
37 39 37 0.0 0.0 2.0 48.0 462.0 9.0 0.0
37 39 38 0.0 1.0 7.0 220.0 1929.0 35.0 12.0
37 39 39 0.0 4.0 23.0 617.0 4779.0 85.0 38.0
37 39 40 0.0 12.0 50.0 823.0 6590.0 120.0 86.0
37 39 41 0.0 6.0 57.0 467.0 5035.0 79.0 59.0
37 39 42 0.0 2.0 13.0 259.0 2275.0 48.0 11.0
37 39 43 0.0 0.0 2.0 27.0 379.0 7.0 1.0
37 40 37 0.0 1.0 2.0 62.0 475.0 9.0 1.0
37 40 38 0.0 8.0 13.0 353.0 2923.0 62.0 13.0
37 40 39 0.0 17.0 37.0 789.0 6179.0 98.0 84.0
37 40 40 0.0 23.0 37.0 996.0 7810.0 134.0 125.0
37 40 41 0.0 5.0 43.0 736.0 6196.0 122.0 64.0
37 40 42 0.0 12.0 15.0 336.0 2706.0 56.0 15.0
37 40 43 0.0 1.0 2.0 57.0 512.0 9.0 0.0
37 40 44 0.0 0.0 0.0 0.0 1.0 0.0 0.0
37 41 36 0.0 0.0 0.0 0.0 5.0 0.0 0.0
37 41 37 0.0 1.0 3.0 57.0 317.0 6.0 0.0
37 41 38 0.0 4.0 8.0 301.0 1881.0 43.0 5.0
37 41 39 0.0 11.0 32.0 590.0 4445.0 91.0 35.0
37 41 40 0.0 9.0 48.0 677.0 6418.0 120.0 59.0
37 41 41 0.0 10.0 50.0 672.0 5120.0 106.0 49.0
37 41 42 0.0 1.0 24.0 214.0 2073.0 31.0 9.0
37 41 43 0.0 0.0 1.0 37.0 340.0 8.0 0.0
37 41 44 0.0 0.0 0.0 0.0 1.0 0.0 0.0
37 42 37 0.0 1.0 0.0 25.0 94.0 4.0 0.0
37 42 38 0.0 3.0 3.0 95.0 743.0 13.0 1.0
37 42 39 0.0 4.0 28.0 245.0 2094.0 39.0 7.0
37 42 40 0.0 0.0 14.0 381.0 2696.0 50.0 14.0
37 42 41 0.0 1.0 12.0 299.0 2095.0 34.0 10.0
37 42 42 0.0 3.0 3.0 112.0 820.0 16.0 2.0
37 42 43 0.0 0.0 2.0 6.0 127.0 0.0 0.0
37 43 37 0.0 0.0 0.0 2.0 24.0 0.0 0.0
37 43 38 0.0 0.0 1.0 9.0 138.0 2.0 0.0
37 43 39 0.0 0.0 2.0 33.0 322.0 8.0 0.0
37 43 40 0.0 0.0 6.0 40.0 482.0 13.0 0.0
37 43 41 0.0 1.0 3.0 50.0 394.0 9.0 0.0
37 43 42 0.0 0.0 0.0 16.0 196.0 1.0 0.0
37 43 43 0.0 0.0 0.0 2.0 24.0 1.0 0.0
37 44 38 0.0 0.0 0.0 0.0 2.0 0.0 0.0
37 44 40 0.0 0.0 0.0 0.0 1.0 0.0 0.0
37 44 41 0.0 0.0 0.0 0.0 1.0 0.0 0.0
38 36 38 0.0 0.0 0.0 0.0 6.0 0.0 0.0
38 36 39 0.0 0.0 0.0 2.0 3.0 0.0 0.0
38 36 40 0.0 0.0 0.0 1.0 9.0 0.0 0.0
38 36 41 0.0 0.0 0.0 1.0 7.0 0.0 0.0
38 36 42 0.0 0.0 0.0 0.0 7.0 0.0 0.0
38 37 36 0.0 0.0 0.0 0.0 1.0 0.0 0.0
38 37 37 0.0 0.0 0.0 12.0 194.0 7.0 0.0
38 37 38 0.0 8.0 11.0 171.0 1055.0 25.0 4.0
38 37 39 0.0 2.0 19.0 424.0 2616.0 54.0 16.0
38 37 40 0.0 12.0 22.0 523.0 3114.0 69.0 16.0
38 37 41 0.0 2.0 15.0 322.0 2461.0 55.0 11.0
38 37 42 0.0 0.0 1.0 101.0 861.0 18.0 0.0
38 37 43 0.0 0.0 0.0 10.0 120.0 3.0 0.0
38 37 44 0.0 0.0 0.0 0.0 1.0 0.0 0.0
38 38 36 0.0 0.0 0.0 0.0 4.0 0.0 0.0
38 38 37 0.0 0.0 10.0 61.0 984.0 13.0 0.0
38 38 38 0.0 15.0 97.0 1227.0 14971.0 242.0 653.0
38 38 39 0.0 19.0 96.0 2981.0 27212.0 432.0 2809.0
38 38 40 0.0 30.0 179.0 2698.0 33175.0 497.0 4399.0
38 38 41 0.0 27.0 131.0 2509.0 26252.0 461.0 2659.0
38 38 42 0.0 1.0 31.0 1221.0 13405.0 251.0 528.0
38 38 43 0.0 0.0 1.0 115.0 950.0 21.0 6.0
38 38 44 0.0 0.0 0.0 0.0 2.0 0.0 0.0
38 39 36 0.0 0.0 0.0 0.0 2.0 0.0 0.0
38 39 37 0.0 10.0 17.0 245.0 2250.0 48.0 9.0
38 39 38 0.0 38.0 133.0 3459.0 26480.0 436.0 2710.0
38 39 39 0.0 83.0 278.0 5756.0 40036.0 569.0 9490.0
38 39 40 0.0 49.0 342.0 5305.0 45411.0 575.0 13779.0
38 39 41 0.0 50.0 280.0 4140.0 40929.0 555.0 8671.0
38 39 42 1.0 36.0 159.0 3047.0 25178.0 411.0 2364.0
38 39 43 0.0 1.0 11.0 223.0 2319.0 35.0 11.0
38 39 44 0.0 0.0 0.0 1.0 13.0 0.0 0.0
38 40 36 0.0 0.0 0.0 2.0 7.0 0.0 0.0
38 40 37 0.0 3.0 8.0 260.0 2456.0 46.0 16.0
38 40 38 0.0 64.0 184.0 4445.0 29679.0 503.0 3916.0
38 40 39 0.0 89.0 302.0 5587.0 45266.0 557.0 13808.0
38 40 40 0.0 78.0 324.0 6477.0 48229.0 626.0 20075.0
38 40 41 0.0 72.0 363.0 4605.0 46213.0 619.0 13874.0
38 40 42 0.0 34.0 272.0 2983.0 31624.0 487.0 3899.0
38 40 43 0.0 0.0 21.0 223.0 2661.0 59.0 11.0
38 40 44 0.0 0.0 0.0 1.0 8.0 0.0 0.0
38 41 36 0.0 0.0 0.0 0.0 6.0 0.0 0.0
38 41 37 0.0 1.0 24.0 257.0 2018.0 46.0 4.0
38 41 38 0.0 91.0 195.0 3605.0 23561.0 421.0 2148.0
38 41 39 0.0 99.0 172.0 4918.0 39937.0 599.0 8387.0
38 41 40 0.0 63.0 358.0 5628.0 45338.0 574.0 14369.0
38 41 41 0.0 229.0 335.0 7106.0 38689.0 587.0 9654.0
38 41 42 0.0 27.0 197.0 2305.0 24446.0 381.0 2116.0
38 41 43 0.0 1.0 19.0 264.0 2058.0 47.0 9.0
38 41 44 0.0 0.0 0.0 2.0 5.0 0.0 0.0
38 42 36 0.0 0.0 0.0 2.0 4.0 0.0 0.0
38 42 37 0.0 1.0 2.0 99.0 788.0 13.0 0.0
38 42 38 0.0 11.0 84.0 1285.0 12032.0 224.0 441.0
38 42 39 0.0 42.0 217.0 2698.0 24932.0 413.0 2322.0
38 42 40 0.0 76.0 262.0 2968.0 31202.0 494.0 3800.0
38 42 41 0.0 22.0 173.0 2806.0 26196.0 419.0 2617.0
38 42 42 0.0 13.0 119.0 1249.0 13985.0 272.0 591.0
38 42 43 0.0 0.0 10.0 90.0 818.0 13.0 2.0
38 42 44 0.0 0.0 0.0 1.0 4.0 0.0 0.0
38 43 37 0.0 0.0 0.0 12.0 143.0 1.0 0.0
38 43 38 0.0 0.0 2.0 120.0 712.0 18.0 2.0
38 43 39 0.0 11.0 1.0 289.0 1858.0 34.0 4.0
38 43 40 0.0 1.0 12.0 300.0 2574.0 49.0 11.0
38 43 41 0.0 9.0 10.0 243.0 2058.0 36.0 9.0
38 43 42 0.0 2.0 5.0 92.0 936.0 17.0 3.0
38 43 43 0.0 0.0 1.0 21.0 156.0 5.0 0.0
38 43 44 0.0 0.0 0.0 0.0 2.0 0.0 0.0
38 44 37 0.0 0.0 0.0 0.0 1.0 0.0 0.0
38 44 38 0.0 0.0 0.0 0.0 2.0 0.0 0.0
38 44 39 0.0 0.0 0.0 1.0 10.0 1.0 0.0
38 44 40 0.0 0.0 0.0 1.0 8.0 0.0 0.0
38 44 41 0.0 0.0 0.0 1.0 5.0 0.0 0.0
38 44 42 0.0 0.0 0.0 0.0 3.0 0.0 0.0
39 36 38 0.0 0.0 0.0 4.0 12.0 1.0 0.0
39 36 39 0.0 0.0 1.0 3.0 28.0 0.0 0.0
39 36 40 0.0 0.0 0.0 7.0 27.0 0.0 0.0
39 36 41 0.0 0.0 0.0 2.0 11.0 0.0 0.0
39 36 42 0.0 0.0 0.0 0.0 2.0 0.0 0.0
39 37 36 0.0 0.0 0.0 0.0 3.0 0.0 0.0
39 37 37 0.0 0.0 1.0 26.0 399.0 5.0 0.0
39 37 38 0.0 9.0 15.0 377.0 2600.0 44.0 13.0
39 37 39 0.0 1.0 23.0 885.0 5443.0 99.0 49.0
39 37 40 0.0 15.0 55.0 1131.0 6818.0 134.0 94.0
39 37 41 0.0 3.0 17.0 840.0 5135.0 117.0 57.0
39 37 42 0.0 2.0 9.0 339.0 1944.0 38.0 6.0
39 37 43 0.0 0.0 1.0 30.0 370.0 10.0 2.0
39 38 36 0.0 0.0 0.0 0.0 15.0 0.0 0.0
39 38 37 0.0 2.0 10.0 205.0 2358.0 42.0 15.0
39 38 38 0.0 42.0 128.0 2289.0 27287.0 434.0 2645.0
39 38 39 0.0 136.0 281.0 7769.0 40352.0 584.0 12427.0
39 38 40 0.0 76.0 232.0 7467.0 44389.0 619.0 16040.0
39 38 41 0.0 117.0 216.0 6827.0 39678.0 608.0 10023.0
39 38 42 0.0 14.0 120.0 2663.0 24554.0 380.0 2135.0
39 38 43 0.0 4.0 25.0 311.0 2259.0 49.0 11.0
39 38 44 0.0 0.0 0.0 0.0 2.0 0.0 0.0
39 39 36 0.0 0.0 0.0 2.0 7.0 0.0 0.0
39 39 37 0.0 12.0 25.0 473.0 5120.0 98.0 50.0
39 39 38 0.0 59.0 283.0 4582.0 42282.0 580.0 9820.0
39 39 39 0.0 79.0 312.0 4383.0 36446.0 342.0 61727.0
39 39 40 0.0 78.0 315.0 4570.0 37746.0 338.0 65156.0
39 39 41 0.0 50.0 256.0 4147.0 38106.0 384.0 59502.0
39 39 42 0.0 49.0 244.0 4553.0 41562.0 567.0 9484.0
39 39 43 0.0 8.0 52.0 486.0 4511.0 85.0 39.0
39 39 44 0.0 0.0 0.0 4.0 22.0 0.0 0.0
39 40 36 0.0 0.0 3.0 0.0 19.0 0.0 0.0
39 40 37 0.0 8.0 36.0 634.0 6091.0 99.0 82.0
39 40 38 0.0 79.0 227.0 5369.0 45643.0 592.0 14076.0
39 40 39 0.0 118.0 304.0 5999.0 37067.0 343.0 63500.0
39 40 40 0.0 73.0 323.0 4876.0 35333.0 304.0 74785.0
39 40 41 0.0 65.0 352.0 4723.0 38971.0 368.0 62323.0
39 40 42 0.0 67.0 375.0 5001.0 45631.0 603.0 13521.0
39 40 43 0.0 0.0 40.0 708.0 5976.0 109.0 72.0
39 40 44 0.0 0.0 0.0 1.0 26.0 0.0 0.0
39 41 36 0.0 0.0 0.0 0.0 9.0 0.0 0.0
39 41 37 0.0 3.0 24.0 574.0 4784.0 87.0 45.0
39 41 38 0.0 36.0 277.0 4651.0 40316.0 572.0 8708.0
39 41 39 0.0 70.0 312.0 4576.0 39329.0 406.0 56114.0
39 41 40 0.0 55.0 354.0 4173.0 38165.0 360.0 64489.0
39 41 41 0.0 63.0 444.0 4270.0 38528.0 359.0 58411.0
39 41 42 0.0 43.0 263.0 4955.0 40498.0 583.0 9012.0
39 41 43 0.0 4.0 41.0 566.0 4879.0 98.0 50.0
39 41 44 0.0 0.0 0.0 1.0 12.0 0.0 0.0
39 42 36 0.0 0.0 0.0 0.0 6.0 0.0 0.0
39 42 37 0.0 1.0 14.0 240.0 1748.0 38.0 3.0
39 42 38 0.0 26.0 112.0 2850.0 25231.0 401.0 2274.0
39 42 39 0.0 88.0 302.0 4715.0 40234.0 552.0 8622.0
39 42 40 0.0 59.0 412.0 5033.0 45496.0 589.0 13499.0
39 42 41 0.0 95.0 344.0 4787.0 40948.0 592.0 9398.0
39 42 42 0.0 20.0 390.0 3025.0 27671.0 437.0 2817.0
39 42 43 0.0 0.0 16.0 176.0 2081.0 39.0 7.0
39 42 44 0.0 0.0 0.0 1.0 6.0 0.0 0.0
39 43 37 0.0 0.0 0.0 27.0 288.0 2.0 0.0
39 43 38 0.0 0.0 5.0 214.0 1868.0 21.0 7.0
39 43 39 0.0 5.0 40.0 592.0 4679.0 82.0 53.0
39 43 40 0.0 7.0 47.0 739.0 6059.0 108.0 74.0
39 43 41 0.0 3.0 55.0 581.0 4902.0 96.0 49.0
39 43 42 0.0 6.0 20.0 234.0 2156.0 45.0 12.0
39 43 43 0.0 0.0 0.0 36.0 450.0 4.0 0.0
39 44 37 0.0 0.0 0.0 0.0 1.0 0.0 0.0
39 44 38 0.0 0.0 0.0 0.0 3.0 0.0 0.0
39 44 39 0.0 0.0 0.0 3.0 17.0 0.0 0.0
39 44 40 0.0 0.0 0.0 3.0 25.0 0.0 0.0
39 44 41 0.0 0.0 0.0 1.0 16.0 0.0 0.0
39 44 42 0.0 0.0 0.0 0.0 4.0 0.0 0.0
40 36 38 0.0 0.0 0.0 2.0 11.0 0.0 0.0
40 36 39 0.0 0.0 0.0 5.0 31.0 1.0 0.0
40 36 40 0.0 0.0 0.0 2.0 31.0 0.0 0.0
40 36 41 0.0 0.0 0.0 1.0 24.0 1.0 0.0
40 36 42 0.0 0.0 0.0 0.0 9.0 0.0 0.0
40 36 43 0.0 0.0 0.0 0.0 3.0 0.0 0.0
40 37 36 0.0 0.0 0.0 0.0 1.0 0.0 0.0
40 37 37 0.0 1.0 1.0 45.0 565.0 19.0 0.0
40 37 38 0.0 7.0 20.0 718.0 3229.0 46.0 26.0
40 37 39 0.0 11.0 21.0 1199.0 6814.0 130.0 100.0
40 37 40 0.0 4.0 64.0 1516.0 8984.0 169.0 149.0
40 37 41 0.0 12.0 48.0 1168.0 6303.0 130.0 94.0
40 37 42 0.0 2.0 17.0 417.0 2814.0 54.0 14.0
40 37 43 0.0 0.0 2.0 32.0 443.0 8.0 1.0
40 38 36 0.0 0.0 0.0 0.0 9.0 0.0 0.0
40 38 37 0.0 8.0 19.0 357.0 2912.0 47.0 15.0
40 38 38 0.0 43.0 180.0 3301.0 33245.0 509.0 4816.0
40 38 39 0.0 62.0 285.0 7529.0 43926.0 585.0 14743.0
40 38 40 0.0 59.0 295.0 8277.0 46426.0 606.0 22013.0
40 38 41 0.0 91.0 297.0 8014.0 43055.0 576.0 14342.0
40 38 42 0.0 26.0 358.0 3175.0 32254.0 494.0 4258.0
40 38 43 0.0 2.0 13.0 381.0 2728.0 38.0 18.0
40 38 44 0.0 0.0 2.0 0.0 9.0 0.0 0.0
40 39 36 0.0 0.0 0.0 3.0 20.0 0.0 0.0
40 39 37 0.0 2.0 38.0 549.0 7064.0 113.0 87.0
40 39 38 0.0 31.0 268.0 4677.0 46449.0 607.0 14371.0
40 39 39 0.0 54.0 285.0 4167.0 37309.0 304.0 66263.0
40 39 40 0.0 151.0 253.0 7219.0 30495.0 291.0 80098.0
40 39 41 0.0 42.0 357.0 5177.0 38755.0 381.0 62624.0
40 39 42 0.0 38.0 291.0 5919.0 44964.0 629.0 13768.0
40 39 43 0.0 6.0 37.0 707.0 6472.0 109.0 78.0
40 39 44 0.0 0.0 0.0 1.0 30.0 0.0 0.0
40 40 36 0.0 0.0 0.0 1.0 24.0 1.0 0.0
40 40 37 0.0 6.0 40.0 892.0 8185.0 152.0 125.0
40 40 38 0.0 81.0 356.0 5437.0 49160.0 654.0 20135.0
40 40 39 0.0 69.0 264.0 4513.0 36195.0 297.0 74173.0
40 40 40 0.0 56.0 225.0 2744.0 21447.0 135.0 116803.0
40 40 41 0.0 83.0 332.0 4979.0 34908.0 303.0 75316.0
40 40 42 0.0 48.0 440.0 5450.0 49344.0 604.0 20095.0
40 40 43 0.0 8.0 73.0 1002.0 8044.0 148.0 135.0
40 40 44 0.0 0.0 0.0 5.0 21.0 0.0 0.0
40 41 36 0.0 0.0 0.0 3.0 19.0 1.0 0.0
40 41 37 0.0 7.0 30.0 625.0 6867.0 129.0 87.0
40 41 38 0.0 69.0 301.0 5332.0 45140.0 595.0 13539.0
40 41 39 0.0 57.0 370.0 4083.0 38728.0 362.0 64454.0
40 41 40 0.0 56.0 342.0 4447.0 36147.0 310.0 74364.0
40 41 41 0.0 55.0 362.0 4743.0 37655.0 348.0 65451.0
40 41 42 0.0 51.0 364.0 4783.0 45918.0 578.0 13778.0
40 41 43 0.0 30.0 78.0 1005.0 6888.0 152.0 112.0
40 41 44 0.0 0.0 0.0 3.0 13.0 0.0 0.0
40 42 36 0.0 0.0 0.0 0.0 11.0 0.0 0.0
40 42 37 0.0 1.0 24.0 275.0 2683.0 47.0 15.0
40 42 38 0.0 16.0 225.0 2493.0 31417.0 485.0 3976.0
40 42 39 0.0 50.0 322.0 5470.0 44766.0 627.0 13414.0
40 42 40 0.0 76.0 464.0 5949.0 48636.0 602.0 19123.0
40 42 41 0.0 54.0 378.0 5062.0 45790.0 571.0 13571.0
40 42 42 0.0 50.0 281.0 3534.0 32100.0 490.0 4355.0
40 42 43 0.0 4.0 36.0 311.0 2809.0 44.0 12.0
40 42 44 0.0 0.0 0.0 0.0 10.0 0.0 0.0
40 43 37 0.0 0.0 0.0 33.0 450.0 8.0 0.0
40 43 38 0.0 4.0 18.0 269.0 2507.0 46.0 13.0
40 43 39 0.0 21.0 32.0 810.0 6395.0 141.0 66.0
40 43 40 0.0 8.0 78.0 894.0 7665.0 146.0 117.0
40 43 41 0.0 7.0 22.0 707.0 6457.0 114.0 87.0
40 43 42 0.0 9.0 15.0 340.0 2835.0 60.0 20.0
40 43 43 0.0 0.0 12.0 42.0 541.0 8.0 0.0
40 43 44 0.0 0.0 0.0 0.0 4.0 0.0 0.0
40 44 37 0.0 0.0 0.0 1.0 0.0 0.0 0.0
40 44 38 0.0 0.0 0.0 0.0 4.0 0.0 0.0
40 44 39 0.0 0.0 0.0 3.0 15.0 0.0 0.0
40 44 40 0.0 0.0 0.0 2.0 25.0 0.0 0.0
40 44 41 0.0 0.0 0.0 2.0 28.0 0.0 0.0
40 44 42 0.0 0.0 0.0 2.0 4.0 0.0 0.0
41 36 37 0.0 0.0 0.0 0.0 1.0 0.0 0.0
41 36 38 0.0 0.0 0.0 3.0 5.0 1.0 0.0
41 36 39 0.0 0.0 0.0 2.0 15.0 1.0 0.0
41 36 40 0.0 0.0 1.0 6.0 27.0 0.0 0.0
41 36 41 0.0 0.0 0.0 1.0 17.0 1.0 0.0
41 36 42 0.0 0.0 0.0 0.0 6.0 0.0 0.0
41 37 36 0.0 0.0 0.0 0.0 2.0 0.0 0.0
41 37 37 0.0 0.0 0.0 69.0 408.0 10.0 0.0
41 37 38 0.0 2.0 17.0 280.0 2280.0 43.0 7.0
41 37 39 0.0 8.0 20.0 817.0 5176.0 100.0 51.0
41 37 40 0.0 26.0 16.0 1243.0 5984.0 121.0 97.0
41 37 41 0.0 9.0 24.0 968.0 4924.0 109.0 57.0
41 37 42 0.0 16.0 9.0 380.0 1832.0 32.0 6.0
41 37 43 0.0 0.0 1.0 22.0 389.0 5.0 0.0
41 37 44 0.0 0.0 0.0 0.0 1.0 0.0 0.0
41 38 37 0.0 1.0 9.0 217.0 2259.0 45.0 6.0
41 38 38 0.0 11.0 100.0 2466.0 25780.0 447.0 2376.0
41 38 39 0.0 128.0 178.0 7796.0 38883.0 606.0 10096.0
41 38 40 0.0 110.0 214.0 8692.0 42717.0 621.0 14376.0
41 38 41 0.0 193.0 234.0 9143.0 37421.0 558.0 10400.0
41 38 42 0.0 35.0 186.0 2835.0 25822.0 428.0 2342.0
41 38 43 0.0 2.0 23.0 226.0 2022.0 43.0 13.0
41 38 44 0.0 0.0 0.0 0.0 1.0 0.0 0.0
41 39 36 0.0 0.0 0.0 0.0 30.0 0.0 0.0
41 39 37 0.0 3.0 39.0 444.0 5635.0 93.0 41.0
41 39 38 0.0 30.0 300.0 4309.0 42317.0 607.0 10067.0
41 39 39 0.0 62.0 263.0 4637.0 37995.0 349.0 58279.0
41 39 40 0.0 79.0 304.0 5352.0 38760.0 382.0 62426.0
41 39 41 0.0 51.0 366.0 4791.0 37508.0 339.0 58805.0
41 39 42 0.0 72.0 277.0 4769.0 41454.0 601.0 9486.0
41 39 43 0.0 0.0 31.0 587.0 5066.0 102.0 37.0
41 39 44 0.0 0.0 0.0 4.0 19.0 0.0 0.0
41 40 36 0.0 1.0 0.0 8.0 19.0 0.0 0.0
41 40 37 0.0 8.0 39.0 668.0 6348.0 120.0 71.0
41 40 38 0.0 33.0 326.0 4071.0 46902.0 584.0 14482.0
41 40 39 0.0 35.0 346.0 3540.0 37770.0 320.0 67065.0
41 40 40 0.0 74.0 385.0 4443.0 36369.0 308.0 74652.0
41 40 41 0.0 78.0 342.0 4906.0 38059.0 378.0 64550.0
41 40 42 0.0 47.0 347.0 5359.0 44633.0 597.0 13827.0
41 40 43 0.0 8.0 47.0 755.0 6440.0 113.0 76.0
41 40 44 0.0 0.0 0.0 2.0 12.0 1.0 0.0
41 41 36 0.0 0.0 0.0 2.0 13.0 0.0 0.0
41 41 37 0.0 6.0 49.0 544.0 5086.0 93.0 56.0
41 41 38 0.0 31.0 300.0 3796.0 41972.0 566.0 9174.0
41 41 39 0.0 34.0 320.0 3954.0 40023.0 390.0 56530.0
41 41 40 0.0 51.0 409.0 4733.0 38473.0 332.0 63378.0
41 41 41 0.0 45.0 431.0 3727.0 38082.0 387.0 60490.0
41 41 42 0.0 40.0 469.0 4634.0 41241.0 617.0 9494.0
41 41 43 0.0 5.0 41.0 558.0 4979.0 90.0 46.0
41 41 44 0.0 0.0 0.0 1.0 18.0 0.0 0.0
41 42 36 0.0 0.0 0.0 1.0 7.0 1.0 0.0
41 42 37 0.0 0.0 15.0 185.0 2180.0 34.0 1.0
41 42 38 0.0 62.0 166.0 2841.0 25634.0 434.0 2454.0
41 42 39 0.0 21.0 367.0 4308.0 41140.0 532.0 8800.0
41 42 40 0.0 32.0 382.0 4550.0 46593.0 661.0 14193.0
41 42 41 0.0 75.0 326.0 5246.0 40802.0 567.0 9737.0
41 42 42 0.0 6.0 283.0 2642.0 26885.0 416.0 2587.0
41 42 43 0.0 4.0 15.0 295.0 2128.0 42.0 8.0
41 42 44 0.0 0.0 0.0 0.0 5.0 0.0 0.0
41 43 37 0.0 2.0 1.0 36.0 347.0 6.0 0.0
41 43 38 0.0 5.0 22.0 258.0 2149.0 44.0 6.0
41 43 39 0.0 14.0 29.0 495.0 4944.0 99.0 48.0
41 43 40 0.0 7.0 56.0 667.0 6259.0 131.0 54.0
41 43 41 0.0 1.0 70.0 556.0 4996.0 86.0 39.0
41 43 42 0.0 0.0 10.0 217.0 1993.0 31.0 9.0
41 43 43 0.0 0.0 3.0 39.0 438.0 6.0 0.0
41 43 44 0.0 0.0 0.0 5.0 0.0 1.0 0.0
41 44 38 0.0 0.0 0.0 2.0 5.0 0.0 0.0
41 44 39 0.0 0.0 0.0 2.0 10.0 0.0 0.0
41 44 40 0.0 0.0 0.0 3.0 22.0 1.0 0.0
41 44 41 0.0 0.0 0.0 2.0 15.0 0.0 0.0
41 44 42 0.0 0.0 0.0 1.0 13.0 1.0 0.0
41 44 43 0.0 0.0 0.0 0.0 5.0 0.0 0.0
42 36 37 0.0 0.0 0.0 0.0 1.0 0.0 0.0
42 36 38 0.0 0.0 0.0 0.0 3.0 0.0 0.0
42 36 39 0.0 0.0 0.0 3.0 6.0 0.0 0.0
42 36 40 0.0 0.0 0.0 0.0 7.0 0.0 0.0
42 36 41 0.0 0.0 0.0 2.0 3.0 0.0 0.0
42 36 42 0.0 0.0 0.0 0.0 3.0 0.0 0.0
42 37 36 0.0 0.0 0.0 0.0 2.0 0.0 0.0
42 37 37 0.0 0.0 1.0 11.0 174.0 3.0 0.0
42 37 38 0.0 1.0 0.0 131.0 774.0 14.0 1.0
42 37 39 0.0 5.0 11.0 357.0 2046.0 44.0 6.0
42 37 40 0.0 11.0 8.0 536.0 2583.0 54.0 12.0
42 37 41 0.0 3.0 18.0 401.0 2074.0 38.0 6.0
42 37 42 0.0 1.0 30.0 162.0 897.0 14.0 0.0
42 37 43 0.0 0.0 1.0 12.0 180.0 7.0 0.0
42 38 36 0.0 0.0 0.0 1.0 1.0 0.0 0.0
42 38 37 0.0 1.0 5.0 91.0 1073.0 23.0 0.0
42 38 38 0.0 57.0 58.0 1664.0 13471.0 243.0 600.0
42 38 39 0.0 56.0 127.0 3276.0 23255.0 415.0 1800.0
42 38 40 0.0 27.0 173.0 3968.0 29006.0 448.0 3515.0
42 38 41 0.0 30.0 122.0 3438.0 24802.0 415.0 2257.0
42 38 42 0.0 4.0 120.0 1316.0 13181.0 254.0 510.0
42 38 43 0.0 4.0 9.0 112.0 946.0 18.0 1.0
42 38 44 0.0 0.0 0.0 0.0 1.0 0.0 0.0
42 39 36 0.0 0.0 1.0 0.0 5.0 0.0 0.0
42 39 37 0.0 0.0 11.0 210.0 2190.0 38.0 5.0
42 39 38 0.0 53.0 134.0 2452.0 27387.0 436.0 2740.0
42 39 39 0.0 35.0 286.0 4106.0 41807.0 569.0 9644.0
42 39 40 0.0 44.0 446.0 4709.0 46184.0 601.0 13602.0
42 39 41 0.0 88.0 388.0 5153.0 39686.0 602.0 8728.0
42 39 42 0.0 35.0 120.0 3240.0 25910.0 426.0 2437.0
42 39 43 0.0 0.0 6.0 219.0 2235.0 38.0 9.0
42 39 44 0.0 0.0 0.0 0.0 7.0 0.0 0.0
42 40 36 0.0 0.0 2.0 0.0 11.0 1.0 0.0
42 40 37 0.0 1.0 22.0 285.0 2888.0 46.0 7.0
42 40 38 0.0 14.0 252.0 2718.0 32694.0 491.0 4352.0
42 40 39 0.0 53.0 327.0 4893.0 45343.0 600.0 13306.0
42 40 40 0.0 46.0 372.0 4839.0 49817.0 606.0 20397.0
42 40 41 1.0 50.0 395.0 5100.0 45860.0 618.0 13897.0
42 40 42 0.0 28.0 220.0 3278.0 31687.0 478.0 4060.0
42 40 43 0.0 0.0 12.0 279.0 2710.0 43.0 12.0
42 40 44 0.0 0.0 0.0 1.0 6.0 0.0 0.0
42 41 36 0.0 0.0 0.0 0.0 5.0 0.0 0.0
42 41 37 0.0 0.0 20.0 140.0 2154.0 37.0 3.0
42 41 38 0.0 4.0 365.0 1980.0 26953.0 433.0 2653.0
42 41 39 0.0 26.0 443.0 3545.0 43107.0 575.0 9452.0
42 41 40 0.0 56.0 424.0 4297.0 46887.0 631.0 14186.0
42 41 41 0.0 42.0 427.0 3842.0 42843.0 581.0 10208.0
42 41 42 0.0 44.0 168.0 2681.0 26672.0 445.0 2585.0
42 41 43 0.0 3.0 18.0 244.0 2196.0 40.0 8.0
42 41 44 0.0 0.0 0.0 1.0 5.0 0.0 0.0
42 42 36 0.0 0.0 0.0 0.0 2.0 0.0 0.0
42 42 37 0.0 0.0 4.0 97.0 819.0 11.0 1.0
42 42 38 0.0 39.0 49.0 1322.0 12435.0 221.0 453.0
42 42 39 0.0 6.0 148.0 2584.0 23628.0 396.0 1868.0
42 42 40 0.0 7.0 294.0 3047.0 33500.0 492.0 4636.0
42 42 41 0.0 42.0 291.0 2666.0 26462.0 413.0 2597.0
42 42 42 0.0 4.0 81.0 1026.0 15278.0 238.0 689.0
42 42 43 0.0 0.0 6.0 110.0 977.0 25.0 2.0
42 42 44 0.0 0.0 0.0 0.0 4.0 0.0 0.0
42 43 37 0.0 0.0 0.0 22.0 152.0 1.0 0.0
42 43 38 0.0 1.0 3.0 68.0 858.0 20.0 2.0
42 43 39 0.0 0.0 12.0 191.0 1994.0 38.0 9.0
42 43 40 0.0 1.0 15.0 248.0 2519.0 56.0 13.0
42 43 41 0.0 3.0 14.0 256.0 2144.0 35.0 13.0
42 43 42 0.0 2.0 3.0 81.0 912.0 16.0 0.0
42 43 43 0.0 0.0 1.0 19.0 148.0 0.0 0.0
42 44 37 0.0 0.0 0.0 1.0 0.0 0.0 0.0
42 44 38 0.0 0.0 0.0 0.0 7.0 0.0 0.0
42 44 39 0.0 0.0 0.0 0.0 1.0 0.0 0.0
42 44 40 0.0 0.0 0.0 0.0 8.0 0.0 0.0
42 44 41 0.0 0.0 0.0 0.0 4.0 0.0 0.0
42 44 42 0.0 0.0 0.0 0.0 1.0 0.0 0.0
43 36 40 0.0 0.0 0.0 0.0 4.0 0.0 0.0
43 37 36 0.0 0.0 0.0 0.0 1.0 0.0 0.0
43 37 37 0.0 0.0 0.0 1.0 22.0 0.0 0.0
43 37 38 0.0 1.0 0.0 12.0 110.0 0.0 1.0
43 37 39 0.0 0.0 2.0 38.0 333.0 10.0 1.0
43 37 40 0.0 0.0 8.0 37.0 465.0 6.0 0.0
43 37 41 0.0 0.0 0.0 39.0 370.0 10.0 0.0
43 37 42 0.0 0.0 0.0 9.0 153.0 2.0 0.0
43 37 43 0.0 0.0 0.0 1.0 29.0 0.0 0.0
43 38 36 0.0 0.0 0.0 0.0 2.0 1.0 0.0
43 38 37 0.0 0.0 0.0 10.0 196.0 3.0 0.0
43 38 38 0.0 0.0 3.0 54.0 929.0 21.0 0.0
43 38 39 0.0 0.0 13.0 160.0 1914.0 25.0 4.0
43 38 40 0.0 5.0 12.0 269.0 2620.0 51.0 8.0
43 38 41 0.0 0.0 12.0 226.0 1861.0 33.0 6.0
43 38 42 0.0 8.0 0.0 85.0 882.0 20.0 2.0
43 38 43 0.0 0.0 1.0 10.0 120.0 1.0 0.0
43 39 36 0.0 0.0 0.0 0.0 2.0 0.0 0.0
43 39 37 0.0 0.0 3.0 20.0 478.0 11.0 1.0
43 39 38 0.0 0.0 4.0 223.0 2183.0 42.0 9.0
43 39 39 0.0 0.0 39.0 530.0 4836.0 76.0 42.0
43 39 40 0.0 4.0 47.0 664.0 6299.0 113.0 83.0
43 39 41 0.0 3.0 43.0 546.0 4869.0 90.0 39.0
43 39 42 0.0 1.0 23.0 218.0 2129.0 31.0 6.0
43 39 43 0.0 1.0 6.0 32.0 399.0 6.0 1.0
43 39 44 0.0 0.0 0.0 0.0 1.0 0.0 0.0
43 40 37 0.0 0.0 9.0 32.0 471.0 10.0 0.0
43 40 38 0.0 6.0 21.0 333.0 2798.0 44.0 12.0
43 40 39 0.0 7.0 39.0 538.0 6478.0 123.0 74.0
43 40 40 0.0 4.0 65.0 778.0 8441.0 146.0 140.0
43 40 41 0.0 5.0 95.0 609.0 6766.0 128.0 70.0
43 40 42 0.0 4.0 20.0 305.0 2750.0 49.0 11.0
43 40 43 0.0 1.0 4.0 50.0 575.0 15.0 0.0
43 40 44 0.0 0.0 0.0 0.0 2.0 0.0 0.0
43 41 36 0.0 0.0 0.0 0.0 3.0 0.0 0.0
43 41 37 0.0 0.0 0.0 42.0 379.0 9.0 0.0
43 41 38 0.0 1.0 14.0 124.0 2064.0 34.0 9.0
43 41 39 0.0 3.0 62.0 540.0 5216.0 96.0 43.0
43 41 40 0.0 4.0 37.0 571.0 6273.0 130.0 72.0
43 41 41 0.0 7.0 34.0 444.0 5259.0 98.0 42.0
43 41 42 0.0 0.0 17.0 185.0 2199.0 41.0 9.0
43 41 43 0.0 0.0 0.0 35.0 518.0 7.0 1.0
43 41 44 0.0 0.0 0.0 0.0 1.0 0.0 0.0
43 42 36 0.0 0.0 0.0 0.0 1.0 0.0 0.0
43 42 37 0.0 0.0 1.0 4.0 140.0 4.0 0.0
43 42 38 0.0 0.0 13.0 67.0 1006.0 24.0 1.0
43 42 39 0.0 1.0 24.0 185.0 2075.0 40.0 6.0
43 42 40 0.0 3.0 16.0 223.0 2920.0 53.0 13.0
43 42 41 0.0 5.0 35.0 227.0 2192.0 51.0 5.0
43 42 42 0.0 0.0 8.0 45.0 1009.0 22.0 1.0
43 42 43 0.0 7.0 1.0 17.0 180.0 3.0 0.0
43 43 37 0.0 0.0 0.0 1.0 21.0 0.0 0.0
43 43 38 0.0 0.0 1.0 20.0 134.0 1.0 0.0
43 43 39 0.0 0.0 2.0 36.0 357.0 13.0 0.0
43 43 40 0.0 0.0 1.0 44.0 584.0 9.0 1.0
43 43 41 0.0 0.0 7.0 31.0 398.0 3.0 0.0
43 43 42 0.0 0.0 0.0 9.0 163.0 4.0 0.0
43 43 43 0.0 2.0 0.0 4.0 27.0 0.0 0.0
43 44 39 0.0 0.0 0.0 0.0 2.0 0.0 0.0
43 44 40 0.0 0.0 0.0 0.0 3.0 0.0 0.0
43 44 41 0.0 0.0 0.0 0.0 1.0 0.0 0.0
44 37 39 0.0 0.0 0.0 0.0 1.0 0.0 0.0
44 37 41 0.0 0.0 0.0 0.0 1.0 0.0 0.0
44 38 38 0.0 0.0 0.0 0.0 6.0 0.0 0.0
44 38 39 0.0 0.0 1.0 1.0 4.0 0.0 0.0
44 38 40 0.0 0.0 0.0 0.0 6.0 0.0 0.0
44 38 41 0.0 0.0 0.0 0.0 9.0 0.0 0.0
44 38 42 0.0 0.0 0.0 0.0 2.0 0.0 0.0
44 39 37 0.0 0.0 0.0 0.0 1.0 0.0 0.0
44 39 38 0.0 0.0 0.0 0.0 1.0 0.0 0.0
44 39 39 0.0 0.0 0.0 3.0 21.0 0.0 0.0
44 39 40 0.0 0.0 0.0 2.0 20.0 0.0 0.0
44 39 41 0.0 0.0 0.0 1.0 16.0 0.0 0.0
44 39 42 0.0 0.0 0.0 0.0 8.0 0.0 0.0
44 39 43 0.0 0.0 0.0 2.0 0.0 0.0 0.0
44 40 37 0.0 0.0 0.0 0.0 1.0 0.0 0.0
44 40 38 0.0 0.0 0.0 0.0 6.0 0.0 0.0
44 40 39 0.0 0.0 0.0 2.0 25.0 1.0 0.0
44 40 40 0.0 0.0 0.0 1.0 28.0 0.0 0.0
44 40 41 0.0 0.0 0.0 1.0 18.0 0.0 0.0
44 40 42 0.0 0.0 0.0 0.0 3.0 0.0 0.0
44 41 37 0.0 0.0 0.0 0.0 3.0 0.0 0.0
44 41 39 0.0 0.0 0.0 0.0 13.0 0.0 0.0
44 41 40 0.0 0.0 1.0 5.0 39.0 0.0 0.0
44 41 41 0.0 0.0 0.0 5.0 13.0 0.0 0.0
44 41 42 0.0 0.0 0.0 0.0 7.0 0.0 0.0
44 42 38 0.0 0.0 0.0 0.0 1.0 0.0 0.0
44 42 39 0.0 0.0 1.0 0.0 7.0 0.0 0.0
44 42 40 0.0 0.0 0.0 1.0 4.0 1.0 0.0
44 42 41 0.0 0.0 0.0 0.0 3.0 0.0 0.0
44 42 42 0.0 0.0 0.0 0.0 6.0 0.0 0.0
44 43 40 0.0 0.0 0.0 1.0 0.0 0.0 0.0
44 43 42 0.0 0.0 0.0 0.0 1.0 0.0 0.0
44 44 38 0.0 0.0 0.0 0.0 1.0 0.0 0.0
44 44 39 0.0 0.0 0.0 0.0 1.0 0.0 0.0
