39 39 39 0.0 0.0 8.0 2.0 25.0 1.0 0.0
39 39 40 0.0 0.0 0.0 0.0 12.0 1.0 0.0
39 39 41 0.0 0.0 0.0 1.0 33.0 1.0 0.0
39 40 39 0.0 0.0 0.0 0.0 1.0 0.0 0.0
39 40 40 0.0 0.0 0.0 1.0 8.0 0.0 0.0
39 40 41 0.0 0.0 0.0 0.0 3.0 0.0 0.0
39 41 39 0.0 0.0 0.0 1.0 19.0 1.0 0.0
39 41 40 0.0 0.0 3.0 0.0 20.0 0.0 0.0
39 41 41 0.0 0.0 3.0 0.0 5.0 0.0 0.0
40 39 39 0.0 0.0 3.0 0.0 18.0 3.0 0.0
40 39 40 0.0 14.0 0.0 32.0 9.0 0.0 0.0
40 39 41 0.0 0.0 0.0 0.0 10.0 0.0 0.0
40 40 39 0.0 0.0 0.0 0.0 7.0 0.0 0.0
40 40 40 11.0 75.0 558.0 727.0 5318.0 136.0 97.0
40 40 41 0.0 1.0 1.0 1.0 8.0 0.0 0.0
40 41 39 0.0 0.0 0.0 0.0 6.0 0.0 0.0
40 41 40 0.0 0.0 0.0 0.0 10.0 0.0 0.0
40 41 41 0.0 0.0 0.0 2.0 11.0 1.0 0.0
41 39 39 0.0 0.0 1.0 0.0 6.0 1.0 0.0
41 39 40 0.0 0.0 1.0 1.0 2.0 0.0 0.0
41 39 41 0.0 0.0 2.0 1.0 7.0 0.0 0.0
41 40 39 0.0 0.0 4.0 0.0 21.0 0.0 0.0
41 40 40 0.0 0.0 0.0 0.0 7.0 1.0 0.0
41 40 41 0.0 0.0 0.0 0.0 11.0 0.0 0.0
41 41 39 0.0 0.0 1.0 0.0 3.0 0.0 0.0
41 41 40 0.0 0.0 0.0 0.0 10.0 0.0 0.0
41 41 41 0.0 0.0 0.0 0.0 14.0 0.0 0.0
