38 38 38 0.0 0.0 0.0 4.0 31.0 1.0 0.0
38 38 39 0.0 0.0 0.0 3.0 133.0 1.0 0.0
38 38 40 0.0 0.0 2.0 5.0 143.0 7.0 0.0
38 38 41 0.0 1.0 0.0 7.0 105.0 3.0 0.0
38 38 42 0.0 0.0 0.0 0.0 34.0 0.0 0.0
38 39 38 0.0 1.0 0.0 15.0 96.0 2.0 0.0
38 39 39 0.0 3.0 4.0 31.0 239.0 6.0 0.0
38 39 40 0.0 1.0 5.0 32.0 382.0 9.0 0.0
38 39 41 0.0 0.0 2.0 19.0 211.0 1.0 0.0
38 39 42 1.0 0.0 2.0 3.0 92.0 3.0 0.0
38 40 38 0.0 1.0 0.0 23.0 117.0 5.0 0.0
38 40 39 0.0 0.0 5.0 43.0 338.0 4.0 0.0
38 40 40 0.0 8.0 5.0 97.0 582.0 10.0 1.0
38 40 41 0.0 0.0 5.0 22.0 407.0 10.0 0.0
38 40 42 0.0 0.0 2.0 8.0 121.0 2.0 0.0
38 41 38 0.0 1.0 0.0 2.0 74.0 1.0 0.0
38 41 39 0.0 0.0 2.0 34.0 212.0 7.0 0.0
38 41 40 0.0 1.0 18.0 44.0 400.0 12.0 0.0
38 41 41 0.0 16.0 7.0 74.0 225.0 4.0 0.0
38 41 42 0.0 0.0 2.0 6.0 78.0 1.0 0.0
38 42 38 0.0 0.0 0.0 2.0 34.0 1.0 0.0
38 42 39 0.0 0.0 1.0 7.0 58.0 1.0 0.0
38 42 40 0.0 0.0 2.0 9.0 141.0 3.0 0.0
38 42 41 0.0 0.0 2.0 15.0 75.0 3.0 0.0
38 42 42 0.0 0.0 1.0 2.0 46.0 0.0 0.0
39 38 38 0.0 0.0 1.0 5.0 103.0 0.0 0.0
39 38 39 0.0 4.0 7.0 113.0 440.0 10.0 0.0
39 38 40 0.0 1.0 4.0 136.0 573.0 17.0 0.0
39 38 41 0.0 0.0 6.0 56.0 293.0 10.0 0.0
39 38 42 0.0 0.0 1.0 9.0 74.0 1.0 0.0
39 39 38 0.0 0.0 6.0 26.0 280.0 5.0 0.0
39 39 39 0.0 51.0 373.0 1615.0 17321.0 298.0 1027.0
39 39 40 0.0 46.0 338.0 1404.0 16577.0 294.0 945.0
39 39 41 0.0 30.0 170.0 1300.0 16234.0 266.0 859.0
39 39 42 0.0 0.0 3.0 32.0 337.0 4.0 0.0
39 40 38 0.0 3.0 4.0 45.0 447.0 7.0 0.0
39 40 39 0.0 140.0 209.0 2654.0 14030.0 266.0 752.0
39 40 40 0.0 85.0 306.0 3184.0 19545.0 362.0 1523.0
39 40 41 3.0 28.0 304.0 1579.0 13835.0 223.0 673.0
39 40 42 0.0 0.0 7.0 48.0 359.0 4.0 0.0
39 41 38 0.0 0.0 6.0 24.0 260.0 2.0 1.0
39 41 39 0.0 38.0 192.0 1556.0 13352.0 258.0 626.0
39 41 40 1.0 35.0 299.0 1399.0 16538.0 323.0 959.0
39 41 41 0.0 48.0 429.0 1590.0 14385.0 291.0 733.0
39 41 42 0.0 1.0 3.0 21.0 223.0 7.0 1.0
39 42 38 0.0 0.0 2.0 12.0 63.0 2.0 0.0
39 42 39 0.0 0.0 3.0 25.0 189.0 7.0 0.0
39 42 40 0.0 2.0 11.0 27.0 364.0 6.0 0.0
39 42 41 0.0 0.0 5.0 33.0 303.0 7.0 0.0
39 42 42 0.0 1.0 7.0 20.0 101.0 2.0 1.0
40 38 38 0.0 0.0 3.0 6.0 165.0 3.0 0.0
40 38 39 0.0 1.0 2.0 89.0 404.0 4.0 1.0
40 38 40 0.0 3.0 11.0 167.0 592.0 6.0 2.0
40 38 41 0.0 0.0 3.0 84.0 360.0 10.0 0.0
40 38 42 0.0 0.0 14.0 8.0 119.0 3.0 0.0
40 39 38 0.0 0.0 3.0 46.0 375.0 6.0 0.0
40 39 39 0.0 35.0 287.0 1184.0 18307.0 303.0 1075.0
40 39 40 0.0 366.0 335.0 9971.0 18949.0 438.0 3089.0
40 39 41 0.0 20.0 266.0 1968.0 14597.0 250.0 795.0
40 39 42 0.0 0.0 7.0 78.0 332.0 2.0 0.0
40 40 38 0.0 3.0 24.0 61.0 540.0 10.0 1.0
40 40 39 1.0 95.0 306.0 2502.0 19132.0 312.0 1402.0
40 40 40 0.0 117.0 863.0 3817.0 31655.0 356.0 50380.0
40 40 41 0.0 126.0 464.0 3133.0 20007.0 341.0 1598.0
40 40 42 0.0 0.0 5.0 54.0 577.0 7.0 0.0
40 41 38 0.0 3.0 1.0 48.0 332.0 7.0 0.0
40 41 39 0.0 32.0 423.0 1665.0 15816.0 278.0 929.0
40 41 40 1.0 117.0 362.0 2463.0 19188.0 363.0 1443.0
40 41 41 0.0 28.0 374.0 2297.0 16231.0 270.0 1026.0
40 41 42 0.0 1.0 10.0 32.0 342.0 3.0 0.0
40 42 38 0.0 1.0 1.0 4.0 105.0 2.0 0.0
40 42 39 0.0 2.0 11.0 68.0 339.0 7.0 1.0
40 42 40 0.0 2.0 7.0 71.0 405.0 5.0 1.0
40 42 41 0.0 0.0 10.0 42.0 321.0 4.0 1.0
40 42 42 0.0 0.0 3.0 11.0 120.0 5.0 0.0
40 43 40 0.0 0.0 0.0 0.0 1.0 0.0 0.0
41 37 41 0.0 0.0 0.0 0.0 1.0 0.0 0.0
41 38 38 0.0 0.0 0.0 4.0 91.0 3.0 0.0
41 38 39 0.0 7.0 4.0 76.0 261.0 5.0 0.0
41 38 40 0.0 2.0 2.0 141.0 372.0 6.0 1.0
41 38 41 0.0 9.0 4.0 125.0 242.0 5.0 0.0
41 38 42 0.0 0.0 0.0 12.0 108.0 2.0 0.0
41 39 38 0.0 0.0 7.0 39.0 313.0 8.0 0.0
41 39 39 0.0 50.0 219.0 1647.0 13955.0 268.0 638.0
41 39 40 0.0 17.0 226.0 1831.0 13467.0 220.0 595.0
41 39 41 0.0 31.0 356.0 1645.0 15050.0 270.0 827.0
41 39 42 0.0 1.0 4.0 21.0 220.0 4.0 0.0
41 40 38 0.0 0.0 6.0 21.0 453.0 3.0 0.0
41 40 39 0.0 20.0 434.0 1460.0 19382.0 347.0 1271.0
41 40 40 1.0 78.0 499.0 2030.0 19914.0 353.0 1467.0
41 40 41 0.0 56.0 258.0 1986.0 15839.0 282.0 847.0
41 40 42 0.0 1.0 3.0 37.0 379.0 7.0 0.0
41 41 38 0.0 0.0 7.0 16.0 229.0 1.0 1.0
41 41 39 0.0 12.0 209.0 1295.0 13816.0 226.0 643.0
41 41 40 0.0 52.0 337.0 1976.0 14525.0 264.0 767.0
41 41 41 0.0 27.0 483.0 1568.0 16062.0 271.0 959.0
41 41 42 0.0 2.0 13.0 27.0 212.0 2.0 0.0
41 42 38 0.0 2.0 0.0 4.0 100.0 0.0 0.0
41 42 39 0.0 1.0 8.0 24.0 228.0 4.0 0.0
41 42 40 0.0 2.0 10.0 27.0 454.0 10.0 0.0
41 42 41 0.0 0.0 4.0 53.0 247.0 4.0 0.0
41 42 42 0.0 0.0 2.0 12.0 77.0 2.0 0.0
42 38 38 0.0 0.0 1.0 7.0 43.0 2.0 0.0
42 38 39 0.0 0.0 1.0 7.0 58.0 0.0 0.0
42 38 40 0.0 1.0 1.0 6.0 109.0 1.0 0.0
42 38 41 0.0 0.0 0.0 8.0 84.0 3.0 0.0
42 38 42 0.0 0.0 0.0 3.0 25.0 1.0 0.0
42 39 38 0.0 0.0 2.0 9.0 116.0 2.0 0.0
42 39 39 0.0 0.0 4.0 30.0 299.0 5.0 0.0
42 39 40 0.0 1.0 6.0 27.0 333.0 9.0 0.0
42 39 41 0.0 0.0 5.0 25.0 207.0 4.0 1.0
42 39 42 0.0 0.0 2.0 10.0 104.0 2.0 0.0
42 40 38 0.0 0.0 9.0 11.0 170.0 3.0 0.0
42 40 39 0.0 2.0 5.0 37.0 281.0 5.0 0.0
42 40 40 0.0 0.0 21.0 46.0 555.0 15.0 0.0
42 40 41 0.0 1.0 8.0 32.0 392.0 14.0 0.0
42 40 42 0.0 0.0 2.0 11.0 134.0 3.0 0.0
42 41 38 0.0 0.0 3.0 10.0 91.0 0.0 0.0
42 41 39 0.0 0.0 13.0 12.0 309.0 5.0 0.0
42 41 40 0.0 0.0 14.0 20.0 380.0 7.0 0.0
42 41 41 0.0 0.0 8.0 23.0 302.0 6.0 1.0
42 41 42 0.0 0.0 1.0 8.0 105.0 3.0 0.0
42 42 38 0.0 0.0 0.0 2.0 12.0 0.0 0.0
42 42 39 0.0 0.0 0.0 4.0 55.0 0.0 0.0
42 42 40 0.0 0.0 9.0 12.0 152.0 2.0 0.0
42 42 41 0.0 0.0 4.0 14.0 91.0 1.0 0.0
42 42 42 0.0 0.0 0.0 2.0 69.0 2.0 0.0
