0.0
0.0
0.5704326777895411
1.0011902920815632
1.10352275160517
1.0701169057703979
0.9874721469623462
0.8877652291130476
0.8064756116917693
0.7472145706723223
0.7197707500502115
0.6840551900457392
0.6234126694858793
0.6134041403433588
0.5644825833558946
0.5354268651331072
0.5135950943617268
0.48897452761043625
0.47351522094803433
0.456643965826337
0.4425970030051466
0.4286411166237566
0.4183097656549448
0.4040223963220887
0.3948596664091679
0.38519861502490194
0.3762367682278297
0.36834963639907975
0.36090318595381066
0.3531033759078084
0.3460362961352759
0.33875707054939974
0.3320503515658919
0.325738283446617
0.31989940075425854
0.3152022428170976
0.3099851473524426
0.30518907928652717
0.30047892277953353
0.29608361221524754
0.29176730596084266
0.28796497762769013
0.28413059830290605
0.2804377435116795
0.27687336772848475
0.27364985469162617
0.2703053230855787
0.26718839493484015
0.26425007896941066
0.26140939613791686
0.25873305116798107
0.25606319182321297
0.25353061278248806
0.2511976140128436
0.24886329851274433
0.24661963418129776
0.24448058064809736
0.2425313518962779
0.24055614579387535
0.23866302684978757
0.23683696858008574
0.23499272570195692
0.23321287296927853
0.23146222222138732
0.22980130952440955
0.22823257285916587
0.22660854259998586
0.22518093617684043
0.22369996070898007
0.22225012310038084
0.22085666796847583
0.2195023713275888
0.21817082407277472
0.21681414297256135
0.2155665591081441
0.2143145894655456
0.21304575875037152
0.21180942322062402
0.21055592609659476
0.20936347613276923
0.20819893788486915
0.20701707473619055
0.20584345881544883
0.20466351495588905
0.20349342618027538
0.20238889850868702
0.20133587114364945
0.20023574363734212
0.19913499669254953
0.19803566331579145
0.19694115759409056
0.19587514557169847
0.19480046416906563
0.1937387155918753
0.19269333598149266
0.19165174125101753
0.1906132410252317
0.18965974599481572
0.18863951954193028
0.18765353727707182
0.18665545390332347
0.18566311875166042
0.18469054990030162
0.18370884284063477
0.1827496955285518
0.18178703623700143
0.1808338601591208
0.17988948071534486
0.1789493578364183
0.17799781752453986
0.1770922548207848
0.17616230370086391
0.17524291860464997
0.17430519935191208
0.17339559429876553
0.17249744033645448
0.17158562327698285
0.17067420790248877
0.16977906706090093
0.1688937669049305
0.16799845758514462
0.16709645868501882
0.16619850198191796
0.1653041376573985
0.16441154793503518
0.16354716116355905
0.16268345821619276
0.1618053807775741
0.16094790075737633
0.16008328953235404
0.15920890215425895
0.15835517852141318
0.15751026469057935
0.15670226316464375
0.15585548888648626
0.1550161856753986
0.15421255883122273
0.1533946836812511
0.15258089315652906
0.15175631609645765
0.15095395484009258
0.1501431408517266
0.14933605969528477
0.1485443464863661
0.14774884490013634
0.14695064509405747
0.1461340772799364
0.14535573635729485
0.14455210531311635
0.14374524107269482
0.14295856457601264
0.14217703045522231
0.14139116770266624
0.14061868180376666
0.1398516284584573
0.13906990711991732
0.1383128573590342
0.13755750925583793
0.13680372400045213
0.13603141791253665
0.1352693967052142
0.13451243515031214
0.13376814564408468
0.13301126952694836
0.13226690164459273
0.13153506099005538
0.1307879266781181
0.13006112756447447
0.12931916531345253
0.12859118449671975
0.12787204589197984
0.12715913777814486
0.12644113682223224
0.12571181877111406
0.12501345604559802
0.12431756003241588
0.12360623018859496
0.12292069646454355
0.12221192237509337
0.12153457335090077
0.12085179250435096
0.12017883086247269
0.1195131957421361
0.1188454422346096
0.11817175534453267
0.11750501821891837
0.11683008637763173
0.11616018947424102
0.1154876766117253
0.11482534818992447
0.11417448139642793
0.11351362018450877
0.1128490597455401
0.11219352304468375
0.11155072063619957
0.11089072971021299
0.11024542835530461
0.1096091977718913
0.10896363033939166
0.10832484652241947
0.10768182182586496
0.10704475464499646
0.10642228189555686
0.10577895878785556
0.10515361616516093
0.10453156479142879
0.10392119070348405
0.10330937347996959
0.10269848220387381
0.10209278359352303
0.10149612558328373
0.10089297150776866
0.10030321036486566
0.0
0.0
0.0
0.0
0.0
0.0
0.0
0.0
0.0
0.0
0.0
0.0
0.0
0.0
0.0
0.0
0.0
0.0
0.0
0.0
0.0
0.0
0.0
0.0
0.0
0.0
0.0
0.0
0.0
0.0
0.0
0.0
0.0
0.0
0.0
0.0
0.0
0.0
0.0
0.0
0.0
0.0
0.0
0.0
0.0
0.0
0.0
0.0
0.0
0.0
0.0
0.0
0.0
0.0
0.0
0.0
0.0
0.0
0.0
0.0
0.0
0.0
0.0
0.0
0.0
0.0
0.0
0.0
0.0
0.0
0.0
0.0
0.0
0.0
0.0
0.0
0.0
0.0
0.0
0.0
0.0
0.0
0.0
0.0
0.0
0.0
0.0
0.0
0.0
0.0
0.0
0.0
0.0
0.0
0.0
0.0
0.0
0.0
0.0
0.0
0.0
0.0
0.0
0.0
0.0
0.0
0.0
0.0
0.0
0.0
0.0
0.0
0.0
0.0
0.0
0.0
0.0
0.0
0.0
0.0
0.0
0.0
0.0
0.0
0.0
0.0
0.0
0.0
0.0
0.0
0.0
0.0
0.0
0.0
0.0
0.0
0.0
0.0
0.0
0.0
0.0
0.0
0.0
0.0
0.0
0.0
0.0
0.0
0.0
0.0
0.0
0.0
0.0
0.0
0.0
0.0
0.0
0.0
0.0
0.0
0.0
0.0
0.0
0.0
0.0
0.0
0.0
0.0
0.0
0.0
0.0
0.0
0.0
0.0
0.0
0.0
0.0
0.0
0.0
0.0
0.0
0.0
0.0
0.0
0.0
0.0
0.0
0.0
0.0
0.0
0.0
0.0
0.0
0.0
0.0
0.0
0.0
0.0
0.0
0.0
0.0
0.0
0.0
0.0
0.0
0.0
0.0
0.0
0.0
0.0
0.0
0.0
0.0
0.0
0.0
0.0
0.0
0.0
0.0
0.0
0.0
0.0
0.0
0.0
0.0
0.0
0.0
0.0
0.0
0.0
0.0
0.0
0.0
0.0
0.0
0.0
0.0
0.0
0.0
0.0
0.0
0.0
0.0
0.0
0.0
0.0
0.0
0.0
0.0
0.0
0.0
0.0
0.0
0.0
0.0
0.0
0.0
0.0
0.0
0.0
0.0
0.0
0.0
0.0
0.0
0.0
0.0
0.0
0.0
0.0
0.0
0.0
0.0
0.0
0.0
0.0
0.0
0.0
0.0
0.0
0.0
0.0
0.0
0.0
0.0
0.0
0.0
0.0
0.0
0.0
0.0
0.0
0.0
0.0
0.0
0.0
0.0
0.0
0.0
0.0
0.0
0.0
0.0
0.0
0.0
0.0
0.0
0.0
0.0
0.0
0.0
0.0
0.0
0.0
0.0
0.0
0.0
0.0
0.0
0.0
0.0
0.0
0.0
0.0
0.0
0.0
0.0
0.0
0.0
0.0
0.0
0.0
0.0
0.0
0.0
0.0
0.0
0.0
0.0
0.0
0.0
0.0
0.0
0.0
0.0
0.0
0.0
0.0
0.0
0.0
0.0
0.0
0.0
0.0
0.0
0.0
0.0
0.0
0.0
0.0
0.0
0.0
0.0
0.0
0.0
0.0
0.0
0.0
0.0
0.0
0.0
0.0
0.0
0.0
0.0
0.0
0.0
0.0
0.0
0.0
0.0
0.0
0.0
0.0
0.0
0.0
0.0
0.0
0.0
0.0
0.0
0.0
0.0
0.0
0.0
0.0
0.0
0.0
0.0
0.0
0.0
0.0
0.0
0.0
0.0
0.0
0.0
0.0
0.0
0.0
0.0
0.0
0.0
0.0
0.0
0.0
0.0
0.0
0.0
0.0
0.0
0.0
0.0
0.0
0.0
0.0
0.0
0.0
0.0
0.0
0.0
0.0
0.0
0.0
0.0
0.0
0.0
0.0
0.0
0.0
0.0
0.0
0.0
0.0
0.0
0.0
0.0
0.0
0.0
0.0
0.0
0.0
0.0
0.0
0.0
0.0
0.0
0.0
0.0
0.0
0.0
0.0
0.0
0.0
0.0
0.0
0.0
0.0
0.0
0.0
0.0
0.0
0.0
0.0
0.0
0.0
0.0
0.0
0.0
0.0
0.0
0.0
0.0
0.0
0.0
0.0
0.0
0.0
0.0
0.0
0.0
0.0
0.0
0.0
0.0
0.0
0.0
0.0
0.0
0.0
0.0
0.0
0.0
0.0
0.0
0.0
0.0
0.0
0.0
0.0
0.0
0.0
0.0
0.0
0.0
0.0
0.0
0.0
0.0
0.0
0.0
0.0
0.0
0.0
0.0
0.0
0.0
0.0
0.0
0.0
0.0
0.0
0.0
0.0
0.0
0.0
0.0
0.0
0.0
0.0
0.0
0.0
0.0
0.0
0.0
0.0
0.0
0.0
0.0
0.0
0.0
0.0
0.0
0.0
0.0
0.0
0.0
0.0
0.0
0.0
0.0
0.0
0.0
0.0
0.0
0.0
0.0
0.0
0.0
0.0
0.0
0.0
0.0
0.0
0.0
0.0
0.0
0.0
0.0
0.0
0.0
0.0
0.0
0.0
0.0
0.0
0.0
0.0
0.0
0.0
0.0
0.0
0.0
0.0
0.0
0.0
0.0
0.0
0.0
0.0
0.0
0.0
0.0
0.0
0.0
0.0
0.0
0.0
0.0
0.0
0.0
0.0
0.0
0.0
0.0
0.0
0.0
0.0
0.0
0.0
0.0
0.0
0.0
0.0
0.0
0.0
0.0
0.0
0.0
0.0
0.0
0.0
0.0
0.0
0.0
0.0
0.0
0.0
0.0
0.0
0.0
0.0
0.0
0.0
0.0
0.0
0.0
0.0
0.0
0.0
0.0
0.0
0.0
0.0
0.0
0.0
0.0
0.0
0.0
0.0
0.0
0.0
0.0
0.0
0.0
0.0
0.0
0.0
0.0
0.0
0.0
0.0
0.0
0.0
0.0
0.0
0.0
0.0
0.0
0.0
0.0
0.0
0.0
0.0
0.0
0.0
0.0
0.0
0.0
0.0
0.0
0.0
0.0
0.0
0.0
0.0
0.0
0.0
0.0
0.0
0.0
0.0
0.0
0.0
0.0
0.0
0.0
0.0
0.0
0.0
0.0
0.0
0.0
0.0
0.0
0.0
0.0
0.0
0.0
0.0
0.0
0.0
0.0
0.0
0.0
0.0
0.0
0.0
0.0
0.0
0.0
0.0
0.0
0.0
0.0
0.0
0.0
0.0
0.0
0.0
0.0
0.0
0.0
0.0
0.0
0.0
0.0
0.0
0.0
0.0
0.0
0.0
0.0
0.0
0.0
0.0
0.0
0.0
0.0
0.0
0.0
0.0
0.0
0.0
0.0
0.0
0.0
0.0
0.0
0.0
0.0
0.0
0.0
0.0
0.0
0.0
0.0
0.0
0.0
0.0
0.0
0.0
0.0
0.0
0.0
0.0
0.0
0.0
0.0
0.0
0.0
0.0
0.0
0.0
0.0
0.0
0.0
0.0
0.0
0.0
0.0
0.0
0.0
0.0
0.0
0.0
0.0
0.0
0.0
0.0
0.0
0.0
0.0
0.0
0.0
0.0
0.0
0.0
0.0
0.0
0.0
0.0
0.0
0.0
0.0
0.0
0.0
0.0
0.0
0.0
0.0
0.0
0.0
0.0
0.0
0.0
0.0
0.0
0.0
0.0
0.0
0.0
0.0
0.0
0.0
0.0
0.0
0.0
0.0
0.0
0.0
0.0
0.0
0.0
0.0
0.0
0.0
0.0
0.0
0.0
0.0
0.0
0.0
0.0
0.0
0.0
0.0
0.0
0.0
0.0
0.0
0.0
0.0
0.0
0.0
0.0
0.0
0.0
0.0
0.0
0.0
0.0
0.0
0.0
0.0
0.0
0.0
0.0
0.0
0.0
0.0
0.0
0.0
0.0
0.0
0.0
0.0
0.0
0.0
0.0
0.0
0.0
0.0
0.0
0.0
0.0
0.0
0.0
0.0
0.0
0.0
0.0
0.0
0.0
0.0
0.0
0.0
0.0
0.0
0.0
0.0
0.0
0.0
0.0
0.0
0.0
0.0
0.0
0.0
0.0
0.0
0.0
0.0
0.0
0.0
0.0
0.0
0.0
0.0
0.0
0.0
0.0
0.0
0.0
0.0
0.0
0.0
0.0
0.0
0.0
0.0
0.0
0.0
0.0
0.0
0.0
0.0
0.0
0.0
0.0
0.0
0.0
0.0
0.0
0.0
0.0
0.0
0.0
0.0
0.0
0.0
0.0
0.0
0.0
0.0
0.0
0.0
0.0
0.0
0.0
0.0
0.0
0.0
0.0
0.0
0.0
0.0
0.0
0.0
0.0
0.0
0.0
0.0
0.0
0.0
0.0
0.0
0.0
0.0
0.0
0.0
0.0
0.0
0.0
0.0
0.0
0.0
0.0
0.0
0.0
0.0
0.0
0.0
0.0
0.0
0.0
0.0
0.0
0.0
0.0
0.0
0.0
0.0
0.0
0.0
0.0
0.0
0.0
0.0
0.0
0.0
0.0
0.0
0.0
0.0
0.0
0.0
0.0
