1.0
1.0
0.5561224489795918
0.31292517006802717
0.15096952908587255
0.113525390625
0.10385186479168483
0.09069457268903253
0.07426130295478818
0.05823733717517232
0.05248157864279927
0.04094856309870887
0.03155989110262386
0.030144013429400283
0.023513901696231406
0.020541293518594083
0.018900598222164906
0.017225855170932024
0.016430114757781094
0.015722985341434195
0.014923703777595325
0.014634534948897625
0.014397078770599857
0.013730178458669917
0.013939582133336141
0.013832189204584703
0.013827432711579244
0.013825668648983963
0.013839429357933553
0.01366564674077263
0.013658792934488273
0.013474177672671906
0.013304029438141511
0.013087138056527397
0.012875919958681783
0.012784579264564888
0.012610369748596669
0.012393032018671892
0.012178259235423653
0.012013616926551758
0.01185008365550026
0.011677047427736448
0.0114649322057571
0.011297204888631217
0.01110071903973039
0.01093500548149558
0.010759120809909789
0.010591756840039419
0.010431261004514567
0.010263011034856075
0.01010431061059048
0.009943335938864777
0.009793833691352507
0.009649607590126938
0.009509733658534879
0.009365030517046541
0.009227107138953038
0.009109171768525106
0.008977739832096519
0.008856388216089554
0.00873803766899225
0.008614225463962937
0.008489131956302215
0.00837252734179357
0.008251116458853763
0.008138163486066578
0.008023625524264093
0.007915556889270248
0.0078056435471607205
0.007698367258694743
0.007594604852980234
0.007489967529886217
0.007388329759425029
0.007281222485336079
0.007183294297908104
0.007085852840513648
0.006982775498747984
0.006883871531970857
0.006779025946756468
0.006681232934586291
0.006585788542033558
0.006487322165499174
0.006390103799211974
0.006291005478206145
0.006193693023360728
0.006103177894537415
0.006015651266706716
0.005925302839813097
0.005835165436550086
0.005745032362680789
0.005655568975015805
0.005569576797748564
0.00548281467897023
0.005397063452612254
0.005313047686801455
0.005229922005866018
0.0051477528522140175
0.005073392145504927
0.0049940043375096485
0.00491726511273657
0.0048406308348382145
0.00476452773822123
0.0046906602440761475
0.004617110822049246
0.004545148254744815
0.004473715770280941
0.004404104066009144
0.004335179206226525
0.004267789730621535
0.004200048329200327
0.0041359648167997275
0.004070608441194123
0.004006748437404143
0.003942230791118514
0.0038802269718590135
0.0038198963002636054
0.0037588338918647527
0.0036986402299299557
0.0036402391962921422
0.003583175573231642
0.0035261174144371305
0.003469099564286315
0.0034131074270869702
0.003357924413354437
0.003303466160438063
0.003251336825963893
0.0031997793881205637
0.0031479913767844575
0.0030979345241577815
0.0030479982640421585
0.00299806673055617
0.0029498799184627367
0.0029027900018954124
0.00285821345204709
0.00281202822225898
0.0027668675560520266
0.002724011692755777
0.0026809343895630522
0.002638545010502417
0.0025960697410125464
0.0025552145637407785
0.002514425317145022
0.0024742602845909574
0.002435315350553457
0.002396618191763709
0.0023582999725293135
0.0023195369023006657
0.002283023772020617
0.0022457500126946022
0.0022087943674252925
0.0021732435673917595
0.0021382771350203222
0.002103568315435255
0.0020698425248827997
0.0020367205114308258
0.0020033827694880186
0.001971473385839805
0.001940019811710902
0.0019089799759190557
0.001877530389725481
0.0018469033042503148
0.0018168566069590689
0.00178765300338893
0.0017582851840096537
0.0017297565826264313
0.0017020337450551492
0.0016740778977216706
0.0016471899024904167
0.0016200713261072652
0.0015937806159702565
0.001568104074274802
0.0015429502737201524
0.0015179135616067818
0.0014927876292613624
0.0014690061122766183
0.0014455785866579643
0.0014219119795070758
0.00139935200945683
0.001376304861821874
0.0013545319634867311
0.0013328342915217611
0.001311691341940499
0.0012910272907325957
0.001270521805626356
0.0012500728297595196
0.0012300599016579787
0.001210036187177195
0.0011903897519869363
0.0011709018301085904
0.001151931310100749
0.001133499738921151
0.0011150007592056151
0.0010966131196984267
0.001078686417112679
0.0010613117961153367
0.0010436794504455247
0.0010266400934979805
0.001010034241412896
0.0009933769375150342
0.0009770847434423019
0.0009608749794465227
0.0009450025231303109
0.0009296722183468772
0.0009140124231092646
0.0008989682234402889
0.0008841758894843562
0.0008698273986761888
0.0008556089219326265
0.0008415745109850858
0.000827818566937323
0.0008144217661781323
0.000801033140767606
0.0007880904640425218
0.0
0.0
0.0
0.0
0.0
0.0
0.0
0.0
0.0
0.0
0.0
0.0
0.0
0.0
0.0
0.0
0.0
0.0
0.0
0.0
0.0
0.0
0.0
0.0
0.0
0.0
0.0
0.0
0.0
0.0
0.0
0.0
0.0
0.0
0.0
0.0
0.0
0.0
0.0
0.0
0.0
0.0
0.0
0.0
0.0
0.0
0.0
0.0
0.0
0.0
0.0
0.0
0.0
0.0
0.0
0.0
0.0
0.0
0.0
0.0
0.0
0.0
0.0
0.0
0.0
0.0
0.0
0.0
0.0
0.0
0.0
0.0
0.0
0.0
0.0
0.0
0.0
0.0
0.0
0.0
0.0
0.0
0.0
0.0
0.0
0.0
0.0
0.0
0.0
0.0
0.0
0.0
0.0
0.0
0.0
0.0
0.0
0.0
0.0
0.0
0.0
0.0
0.0
0.0
0.0
0.0
0.0
0.0
0.0
0.0
0.0
0.0
0.0
0.0
0.0
0.0
0.0
0.0
0.0
0.0
0.0
0.0
0.0
0.0
0.0
0.0
0.0
0.0
0.0
0.0
0.0
0.0
0.0
0.0
0.0
0.0
0.0
0.0
0.0
0.0
0.0
0.0
0.0
0.0
0.0
0.0
0.0
0.0
0.0
0.0
0.0
0.0
0.0
0.0
0.0
0.0
0.0
0.0
0.0
0.0
0.0
0.0
0.0
0.0
0.0
0.0
0.0
0.0
0.0
0.0
0.0
0.0
0.0
0.0
0.0
0.0
0.0
0.0
0.0
0.0
0.0
0.0
0.0
0.0
0.0
0.0
0.0
0.0
0.0
0.0
0.0
0.0
0.0
0.0
0.0
0.0
0.0
0.0
0.0
0.0
0.0
0.0
0.0
0.0
0.0
0.0
0.0
0.0
0.0
0.0
0.0
0.0
0.0
0.0
0.0
0.0
0.0
0.0
0.0
0.0
0.0
0.0
0.0
0.0
0.0
0.0
0.0
0.0
0.0
0.0
0.0
0.0
0.0
0.0
0.0
0.0
0.0
0.0
0.0
0.0
0.0
0.0
0.0
0.0
0.0
0.0
0.0
0.0
0.0
0.0
0.0
0.0
0.0
0.0
0.0
0.0
0.0
0.0
0.0
0.0
0.0
0.0
0.0
0.0
0.0
0.0
0.0
0.0
0.0
0.0
0.0
0.0
0.0
0.0
0.0
0.0
0.0
0.0
0.0
0.0
0.0
0.0
0.0
0.0
0.0
0.0
0.0
0.0
0.0
0.0
0.0
0.0
0.0
0.0
0.0
0.0
0.0
0.0
0.0
0.0
0.0
0.0
0.0
0.0
0.0
0.0
0.0
0.0
0.0
0.0
0.0
0.0
0.0
0.0
0.0
0.0
0.0
0.0
0.0
0.0
0.0
0.0
0.0
0.0
0.0
0.0
0.0
0.0
0.0
0.0
0.0
0.0
0.0
0.0
0.0
0.0
0.0
0.0
0.0
0.0
0.0
0.0
0.0
0.0
0.0
0.0
0.0
0.0
0.0
0.0
0.0
0.0
0.0
0.0
0.0
0.0
0.0
0.0
0.0
0.0
0.0
0.0
0.0
0.0
0.0
0.0
0.0
0.0
0.0
0.0
0.0
0.0
0.0
0.0
0.0
0.0
0.0
0.0
0.0
0.0
0.0
0.0
0.0
0.0
0.0
0.0
0.0
0.0
0.0
0.0
0.0
0.0
0.0
0.0
0.0
0.0
0.0
0.0
0.0
0.0
0.0
0.0
0.0
0.0
0.0
0.0
0.0
0.0
0.0
0.0
0.0
0.0
0.0
0.0
0.0
0.0
0.0
0.0
0.0
0.0
0.0
0.0
0.0
0.0
0.0
0.0
0.0
0.0
0.0
0.0
0.0
0.0
0.0
0.0
0.0
0.0
0.0
0.0
0.0
0.0
0.0
0.0
0.0
0.0
0.0
0.0
0.0
0.0
0.0
0.0
0.0
0.0
0.0
0.0
0.0
0.0
0.0
0.0
0.0
0.0
0.0
0.0
0.0
0.0
0.0
0.0
0.0
0.0
0.0
0.0
0.0
0.0
0.0
0.0
0.0
0.0
0.0
0.0
0.0
0.0
0.0
0.0
0.0
0.0
0.0
0.0
0.0
0.0
0.0
0.0
0.0
0.0
0.0
0.0
0.0
0.0
0.0
0.0
0.0
0.0
0.0
0.0
0.0
0.0
0.0
0.0
0.0
0.0
0.0
0.0
0.0
0.0
0.0
0.0
0.0
0.0
0.0
0.0
0.0
0.0
0.0
0.0
0.0
0.0
0.0
0.0
0.0
0.0
0.0
0.0
0.0
0.0
0.0
0.0
0.0
0.0
0.0
0.0
0.0
0.0
0.0
0.0
0.0
0.0
0.0
0.0
0.0
0.0
0.0
0.0
0.0
0.0
0.0
0.0
0.0
0.0
0.0
0.0
0.0
0.0
0.0
0.0
0.0
0.0
0.0
0.0
0.0
0.0
0.0
0.0
0.0
0.0
0.0
0.0
0.0
0.0
0.0
0.0
0.0
0.0
0.0
0.0
0.0
0.0
0.0
0.0
0.0
0.0
0.0
0.0
0.0
0.0
0.0
0.0
0.0
0.0
0.0
0.0
0.0
0.0
0.0
0.0
0.0
0.0
0.0
0.0
0.0
0.0
0.0
0.0
0.0
0.0
0.0
0.0
0.0
0.0
0.0
0.0
0.0
0.0
0.0
0.0
0.0
0.0
0.0
0.0
0.0
0.0
0.0
0.0
0.0
0.0
0.0
0.0
0.0
0.0
0.0
0.0
0.0
0.0
0.0
0.0
0.0
0.0
0.0
0.0
0.0
0.0
0.0
0.0
0.0
0.0
0.0
0.0
0.0
0.0
0.0
0.0
0.0
0.0
0.0
0.0
0.0
0.0
0.0
0.0
0.0
0.0
0.0
0.0
0.0
0.0
0.0
0.0
0.0
0.0
0.0
0.0
0.0
0.0
0.0
0.0
0.0
0.0
0.0
0.0
0.0
0.0
0.0
0.0
0.0
0.0
0.0
0.0
0.0
0.0
0.0
0.0
0.0
0.0
0.0
0.0
0.0
0.0
0.0
0.0
0.0
0.0
0.0
0.0
0.0
0.0
0.0
0.0
0.0
0.0
0.0
0.0
0.0
0.0
0.0
0.0
0.0
0.0
0.0
0.0
0.0
0.0
0.0
0.0
0.0
0.0
0.0
0.0
0.0
0.0
0.0
0.0
0.0
0.0
0.0
0.0
0.0
0.0
0.0
0.0
0.0
0.0
0.0
0.0
0.0
0.0
0.0
0.0
0.0
0.0
0.0
0.0
0.0
0.0
0.0
0.0
0.0
0.0
0.0
0.0
0.0
0.0
0.0
0.0
0.0
0.0
0.0
0.0
0.0
0.0
0.0
0.0
0.0
0.0
0.0
0.0
0.0
0.0
0.0
0.0
0.0
0.0
0.0
0.0
0.0
0.0
0.0
0.0
0.0
0.0
0.0
0.0
0.0
0.0
0.0
0.0
0.0
0.0
0.0
0.0
0.0
0.0
0.0
0.0
0.0
0.0
0.0
0.0
0.0
0.0
0.0
0.0
0.0
0.0
0.0
0.0
0.0
0.0
0.0
0.0
0.0
0.0
0.0
0.0
0.0
0.0
0.0
0.0
0.0
0.0
0.0
0.0
0.0
0.0
0.0
0.0
0.0
0.0
0.0
0.0
0.0
0.0
0.0
0.0
0.0
0.0
0.0
0.0
0.0
0.0
0.0
0.0
0.0
0.0
0.0
0.0
0.0
0.0
0.0
0.0
0.0
0.0
0.0
0.0
0.0
0.0
0.0
0.0
0.0
0.0
0.0
0.0
0.0
0.0
0.0
0.0
0.0
0.0
0.0
0.0
0.0
0.0
0.0
0.0
0.0
0.0
0.0
0.0
0.0
0.0
0.0
0.0
0.0
0.0
0.0
0.0
0.0
0.0
0.0
0.0
0.0
0.0
0.0
0.0
0.0
0.0
0.0
0.0
0.0
0.0
0.0
0.0
0.0
0.0
0.0
0.0
0.0
0.0
0.0
0.0
0.0
0.0
0.0
0.0
0.0
0.0
0.0
0.0
0.0
0.0
0.0
0.0
0.0
0.0
0.0
0.0
0.0
0.0
0.0
0.0
0.0
0.0
0.0
0.0
0.0
0.0
0.0
0.0
0.0
0.0
0.0
0.0
0.0
0.0
0.0
0.0
0.0
0.0
0.0
0.0
0.0
0.0
0.0
0.0
0.0
0.0
0.0
0.0
0.0
0.0
0.0
0.0
0.0
0.0
0.0
0.0
0.0
0.0
0.0
0.0
0.0
0.0
0.0
0.0
0.0
0.0
0.0
0.0
0.0
0.0
0.0
0.0
0.0
0.0
0.0
0.0
0.0
0.0
0.0
0.0
0.0
0.0
0.0
0.0
0.0
0.0
0.0
0.0
0.0
0.0
0.0
0.0
0.0
0.0
0.0
0.0
0.0
0.0
0.0
0.0
0.0
0.0
0.0
0.0
0.0
0.0
0.0
0.0
0.0
0.0
0.0
0.0
