37 38 39 0.0 0.0 0.0 0.0 1.0 0.0 0.0
37 38 40 0.0 0.0 0.0 0.0 1.0 0.0 0.0
37 38 41 0.0 0.0 0.0 0.0 5.0 0.0 0.0
37 39 38 0.0 0.0 0.0 0.0 9.0 0.0 0.0
37 39 39 0.0 0.0 0.0 0.0 9.0 0.0 0.0
37 39 40 0.0 0.0 0.0 0.0 4.0 0.0 0.0
37 39 41 0.0 0.0 0.0 0.0 3.0 0.0 0.0
37 39 42 0.0 0.0 0.0 0.0 2.0 0.0 0.0
37 40 38 0.0 0.0 0.0 0.0 2.0 0.0 0.0
37 40 39 0.0 0.0 0.0 0.0 6.0 0.0 0.0
37 40 40 0.0 0.0 0.0 0.0 6.0 0.0 0.0
37 40 41 0.0 0.0 0.0 0.0 5.0 0.0 0.0
37 41 38 0.0 0.0 0.0 0.0 1.0 0.0 0.0
37 41 40 0.0 0.0 0.0 0.0 4.0 0.0 0.0
37 41 41 0.0 0.0 0.0 0.0 2.0 0.0 0.0
37 41 42 0.0 0.0 0.0 0.0 1.0 0.0 0.0
37 42 38 0.0 0.0 0.0 0.0 1.0 0.0 0.0
37 42 40 0.0 0.0 0.0 0.0 3.0 0.0 0.0
37 42 41 0.0 0.0 0.0 0.0 7.0 1.0 0.0
38 37 38 0.0 0.0 0.0 0.0 1.0 0.0 0.0
38 37 39 0.0 0.0 0.0 0.0 1.0 0.0 0.0
38 37 40 0.0 0.0 0.0 0.0 1.0 0.0 0.0
38 37 41 0.0 0.0 0.0 0.0 2.0 0.0 0.0
38 37 42 0.0 0.0 0.0 0.0 1.0 0.0 0.0
38 38 38 0.0 0.0 0.0 1.0 367.0 13.0 0.0
38 38 39 0.0 0.0 0.0 0.0 1198.0 40.0 2.0
38 38 40 0.0 0.0 0.0 0.0 1621.0 68.0 2.0
38 38 41 0.0 0.0 0.0 0.0 955.0 39.0 0.0
38 38 42 0.0 0.0 0.0 0.0 432.0 10.0 0.0
38 39 37 0.0 0.0 0.0 0.0 3.0 0.0 0.0
38 39 38 0.0 0.0 0.0 0.0 943.0 31.0 0.0
38 39 39 0.0 0.0 0.0 5.0 2875.0 86.0 6.0
38 39 40 0.0 0.0 0.0 14.0 4204.0 146.0 19.0
38 39 41 0.0 0.0 0.0 3.0 2745.0 90.0 5.0
38 39 42 0.0 0.0 0.0 0.0 1126.0 38.0 0.0
38 40 37 0.0 0.0 0.0 0.0 3.0 0.0 0.0
38 40 38 0.0 0.0 0.0 0.0 1326.0 31.0 3.0
38 40 39 0.0 0.0 0.0 6.0 4226.0 150.0 18.0
38 40 40 0.0 0.0 0.0 4.0 5408.0 153.0 31.0
38 40 41 0.0 0.0 0.0 2.0 4215.0 148.0 7.0
38 40 42 0.0 0.0 0.0 0.0 1500.0 50.0 2.0
38 40 43 0.0 0.0 0.0 0.0 3.0 0.0 0.0
38 41 38 0.0 0.0 0.0 0.0 996.0 36.0 1.0
38 41 39 0.0 0.0 0.0 2.0 3176.0 90.0 5.0
38 41 40 0.0 0.0 0.0 2.0 4348.0 146.0 13.0
38 41 41 0.0 0.0 0.0 3.0 3037.0 107.0 6.0
38 41 42 0.0 0.0 0.0 0.0 1022.0 42.0 1.0
38 41 43 0.0 0.0 0.0 0.0 2.0 0.0 0.0
38 42 38 0.0 0.0 0.0 0.0 405.0 16.0 0.0
38 42 39 0.0 0.0 0.0 0.0 1179.0 40.0 1.0
38 42 40 0.0 0.0 0.0 3.0 1584.0 54.0 4.0
38 42 41 0.0 0.0 0.0 0.0 1043.0 44.0 0.0
38 42 42 0.0 0.0 0.0 1.0 375.0 7.0 1.0
38 43 38 0.0 0.0 0.0 0.0 1.0 0.0 0.0
38 43 39 0.0 0.0 0.0 0.0 1.0 0.0 0.0
38 43 40 0.0 0.0 0.0 0.0 4.0 0.0 0.0
38 43 41 0.0 0.0 0.0 0.0 1.0 0.0 0.0
39 37 38 0.0 0.0 0.0 0.0 1.0 0.0 0.0
39 37 39 0.0 0.0 0.0 0.0 5.0 0.0 0.0
39 37 40 0.0 0.0 0.0 0.0 6.0 0.0 0.0
39 37 41 0.0 0.0 0.0 0.0 3.0 0.0 0.0
39 37 42 0.0 0.0 0.0 0.0 4.0 0.0 0.0
39 38 37 0.0 0.0 0.0 0.0 1.0 0.0 0.0
39 38 38 0.0 0.0 0.0 0.0 807.0 39.0 0.0
39 38 39 0.0 0.0 0.0 0.0 2690.0 88.0 1.0
39 38 40 0.0 0.0 0.0 2.0 4029.0 138.0 12.0
39 38 41 0.0 0.0 0.0 2.0 2859.0 85.0 10.0
39 38 42 0.0 0.0 0.0 2.0 954.0 42.0 0.0
39 38 43 0.0 0.0 0.0 0.0 1.0 0.0 0.0
39 39 37 0.0 0.0 0.0 0.0 1.0 0.0 0.0
39 39 38 0.0 0.0 0.0 2.0 2565.0 98.0 7.0
39 39 39 0.0 0.0 0.0 129.0 48475.0 1320.0 4841.0
39 39 40 0.0 0.0 0.0 107.0 55874.0 1425.0 7287.0
39 39 41 0.0 0.0 0.0 27.0 48918.0 1263.0 5112.0
39 39 42 0.0 0.0 0.0 2.0 2829.0 97.0 8.0
39 39 43 0.0 0.0 0.0 0.0 1.0 0.0 0.0
39 40 37 0.0 0.0 0.0 0.0 3.0 0.0 0.0
39 40 38 0.0 0.0 0.0 3.0 3955.0 133.0 6.0
39 40 39 0.0 0.0 0.0 139.0 53218.0 1396.0 6253.0
39 40 40 0.0 0.0 0.0 55.0 63378.0 1431.0 10355.0
39 40 41 0.0 0.0 0.0 43.0 54879.0 1453.0 6736.0
39 40 42 0.0 0.0 0.0 2.0 4034.0 137.0 19.0
39 40 43 0.0 0.0 0.0 0.0 4.0 0.0 0.0
39 41 37 0.0 0.0 0.0 0.0 5.0 0.0 0.0
39 41 38 0.0 0.0 0.0 0.0 2641.0 90.0 6.0
39 41 39 0.0 0.0 0.0 24.0 48253.0 1299.0 4824.0
39 41 40 0.0 0.0 0.0 190.0 57727.0 1463.0 8017.0
39 41 41 0.0 0.0 0.0 48.0 48871.0 1294.0 4862.0
39 41 42 0.0 0.0 0.0 3.0 2643.0 105.0 2.0
39 41 43 0.0 0.0 0.0 0.0 2.0 0.0 0.0
39 42 38 0.0 0.0 0.0 0.0 964.0 28.0 0.0
39 42 39 0.0 0.0 0.0 4.0 3116.0 96.0 6.0
39 42 40 0.0 0.0 0.0 9.0 4329.0 127.0 19.0
39 42 41 0.0 0.0 0.0 4.0 3095.0 106.0 10.0
39 42 42 0.0 0.0 0.0 4.0 925.0 37.0 0.0
39 42 43 0.0 0.0 0.0 0.0 11.0 0.0 0.0
39 43 38 0.0 0.0 0.0 0.0 2.0 0.0 0.0
39 43 39 0.0 0.0 0.0 0.0 4.0 0.0 0.0
39 43 40 0.0 0.0 0.0 0.0 2.0 0.0 0.0
39 43 41 0.0 0.0 0.0 0.0 8.0 1.0 0.0
40 37 40 0.0 0.0 0.0 0.0 10.0 1.0 0.0
40 37 41 0.0 0.0 0.0 0.0 5.0 0.0 0.0
40 37 42 0.0 0.0 0.0 0.0 1.0 0.0 0.0
40 38 38 0.0 0.0 0.0 1.0 1676.0 59.0 1.0
40 38 39 0.0 0.0 0.0 1.0 3826.0 121.0 12.0
40 38 40 0.0 0.0 0.0 4.0 5849.0 202.0 29.0
40 38 41 0.0 0.0 0.0 3.0 3899.0 136.0 12.0
40 38 42 0.0 0.0 0.0 0.0 1581.0 50.0 1.0
40 38 43 0.0 0.0 0.0 0.0 3.0 0.0 0.0
40 39 37 0.0 0.0 0.0 0.0 4.0 0.0 0.0
40 39 38 0.0 0.0 0.0 3.0 4122.0 148.0 13.0
40 39 39 0.0 0.0 0.0 36.0 54954.0 1361.0 6586.0
40 39 40 0.0 0.0 0.0 97.0 62497.0 1428.0 9949.0
40 39 41 0.0 0.0 0.0 116.0 55318.0 1377.0 6977.0
40 39 42 0.0 0.0 0.0 2.0 3663.0 132.0 8.0
40 39 43 0.0 0.0 0.0 0.0 13.0 2.0 0.0
40 40 37 0.0 0.0 0.0 0.0 6.0 0.0 0.0
40 40 38 0.0 0.0 0.0 4.0 5798.0 196.0 21.0
40 40 39 0.0 0.0 0.0 62.0 62493.0 1547.0 10255.0
40 40 40 0.0 0.0 0.0 218.0 46706.0 660.0 76023.0
40 40 41 0.0 0.0 0.0 37.0 62388.0 1478.0 10198.0
40 40 42 0.0 0.0 0.0 4.0 5744.0 186.0 31.0
40 40 43 0.0 0.0 0.0 0.0 7.0 0.0 0.0
40 41 37 0.0 0.0 0.0 0.0 8.0 0.0 0.0
40 41 38 0.0 0.0 0.0 1.0 4142.0 135.0 13.0
40 41 39 0.0 0.0 0.0 41.0 55247.0 1383.0 7017.0
40 41 40 0.0 0.0 0.0 76.0 63218.0 1396.0 10371.0
40 41 41 0.0 0.0 0.0 71.0 55965.0 1452.0 7067.0
40 41 42 0.0 0.0 0.0 1.0 4045.0 139.0 17.0
40 41 43 0.0 0.0 0.0 0.0 4.0 0.0 0.0
40 42 37 0.0 0.0 0.0 0.0 2.0 0.0 0.0
40 42 38 0.0 0.0 0.0 2.0 1547.0 60.0 2.0
40 42 39 0.0 0.0 0.0 1.0 4144.0 135.0 14.0
40 42 40 0.0 0.0 0.0 11.0 6100.0 201.0 31.0
40 42 41 0.0 0.0 0.0 9.0 3967.0 145.0 12.0
40 42 42 0.0 0.0 0.0 0.0 1468.0 47.0 2.0
40 42 43 0.0 0.0 0.0 0.0 2.0 0.0 0.0
40 43 38 0.0 0.0 0.0 0.0 2.0 0.0 0.0
40 43 39 0.0 0.0 0.0 0.0 7.0 0.0 0.0
40 43 40 0.0 0.0 0.0 0.0 9.0 1.0 0.0
40 43 41 0.0 0.0 0.0 0.0 7.0 0.0 0.0
40 43 42 0.0 0.0 0.0 0.0 2.0 0.0 0.0
41 37 38 0.0 0.0 0.0 0.0 2.0 0.0 0.0
41 37 39 0.0 0.0 0.0 0.0 1.0 0.0 0.0
41 37 40 0.0 0.0 0.0 0.0 1.0 0.0 0.0
41 37 41 0.0 0.0 0.0 0.0 10.0 0.0 0.0
41 38 37 0.0 0.0 0.0 0.0 2.0 0.0 0.0
41 38 38 0.0 0.0 0.0 0.0 1080.0 41.0 1.0
41 38 39 0.0 0.0 0.0 0.0 2924.0 95.0 7.0
41 38 40 0.0 0.0 0.0 1.0 3985.0 143.0 20.0
41 38 41 0.0 0.0 0.0 0.0 2797.0 110.0 5.0
41 38 42 0.0 0.0 0.0 4.0 1075.0 51.0 0.0
41 38 43 0.0 0.0 0.0 0.0 1.0 0.0 0.0
41 39 37 0.0 0.0 0.0 0.0 1.0 0.0 0.0
41 39 38 0.0 0.0 0.0 0.0 3066.0 111.0 7.0
41 39 39 0.0 0.0 0.0 45.0 51339.0 1395.0 5758.0
41 39 40 0.0 0.0 0.0 49.0 55017.0 1404.0 6881.0
41 39 41 0.0 0.0 0.0 49.0 50685.0 1314.0 5363.0
41 39 42 0.0 0.0 0.0 0.0 3162.0 95.0 12.0
41 39 43 0.0 0.0 0.0 0.0 1.0 0.0 0.0
41 40 37 0.0 0.0 0.0 0.0 7.0 1.0 0.0
41 40 38 0.0 0.0 0.0 0.0 4004.0 119.0 10.0
41 40 39 0.0 0.0 0.0 79.0 55640.0 1395.0 6970.0
41 40 40 0.0 0.0 0.0 54.0 65427.0 1521.0 12490.0
41 40 41 0.0 0.0 0.0 68.0 54428.0 1368.0 6280.0
41 40 42 0.0 0.0 0.0 2.0 3950.0 145.0 14.0
41 40 43 0.0 0.0 0.0 0.0 7.0 1.0 0.0
41 41 37 0.0 0.0 0.0 0.0 2.0 0.0 0.0
41 41 38 0.0 0.0 0.0 0.0 3264.0 128.0 4.0
41 41 39 0.0 0.0 0.0 60.0 49367.0 1328.0 5062.0
41 41 40 0.0 0.0 0.0 24.0 53791.0 1412.0 6311.0
41 41 41 0.0 0.0 0.0 62.0 47869.0 1257.0 4525.0
41 41 42 0.0 0.0 0.0 1.0 2829.0 99.0 6.0
41 41 43 0.0 0.0 0.0 0.0 7.0 0.0 0.0
41 42 37 0.0 0.0 0.0 0.0 3.0 0.0 0.0
41 42 38 0.0 0.0 0.0 3.0 1016.0 30.0 0.0
41 42 39 0.0 0.0 0.0 0.0 2959.0 105.0 5.0
41 42 40 0.0 0.0 0.0 0.0 4060.0 118.0 9.0
41 42 41 0.0 0.0 0.0 0.0 2755.0 91.0 7.0
41 42 42 0.0 0.0 0.0 0.0 1083.0 36.0 0.0
41 43 38 0.0 0.0 0.0 0.0 2.0 0.0 0.0
41 43 39 0.0 0.0 0.0 0.0 4.0 0.0 0.0
41 43 40 0.0 0.0 0.0 0.0 7.0 0.0 0.0
41 43 41 0.0 0.0 0.0 0.0 7.0 0.0 0.0
41 43 42 0.0 0.0 0.0 0.0 2.0 0.0 0.0
41 43 43 0.0 0.0 0.0 0.0 2.0 0.0 0.0
42 37 37 0.0 0.0 0.0 0.0 1.0 0.0 0.0
42 37 40 0.0 0.0 0.0 0.0 1.0 0.0 0.0
42 37 41 0.0 0.0 0.0 0.0 2.0 0.0 0.0
42 38 37 0.0 0.0 0.0 0.0 3.0 0.0 0.0
42 38 38 0.0 0.0 0.0 0.0 431.0 16.0 1.0
42 38 39 0.0 0.0 0.0 3.0 1139.0 38.0 1.0
42 38 40 0.0 0.0 0.0 0.0 1652.0 59.0 2.0
42 38 41 0.0 0.0 0.0 3.0 1120.0 35.0 1.0
42 38 42 0.0 0.0 0.0 0.0 460.0 10.0 0.0
42 39 37 0.0 0.0 0.0 0.0 1.0 0.0 0.0
42 39 38 0.0 0.0 0.0 1.0 1236.0 51.0 0.0
42 39 39 0.0 0.0 0.0 5.0 3405.0 122.0 12.0
42 39 40 0.0 0.0 0.0 3.0 4420.0 148.0 19.0
42 39 41 0.0 0.0 0.0 0.0 2970.0 84.0 9.0
42 39 42 0.0 0.0 0.0 0.0 1099.0 40.0 1.0
42 39 43 0.0 0.0 0.0 0.0 3.0 0.0 0.0
42 40 38 0.0 0.0 0.0 4.0 1747.0 77.0 4.0
42 40 39 0.0 0.0 0.0 0.0 4339.0 167.0 18.0
42 40 40 0.0 0.0 0.0 7.0 6796.0 264.0 35.0
42 40 41 0.0 0.0 0.0 1.0 4457.0 169.0 13.0
42 40 42 0.0 0.0 0.0 2.0 1625.0 50.0 1.0
42 40 43 0.0 0.0 0.0 0.0 2.0 0.0 0.0
42 41 37 0.0 0.0 0.0 0.0 3.0 0.0 0.0
42 41 38 0.0 0.0 0.0 1.0 981.0 35.0 1.0
42 41 39 0.0 0.0 0.0 1.0 3188.0 118.0 4.0
42 41 40 0.0 0.0 0.0 0.0 4246.0 160.0 21.0
42 41 41 0.0 0.0 0.0 1.0 2987.0 119.0 12.0
42 41 42 0.0 0.0 0.0 0.0 944.0 33.0 1.0
42 41 43 0.0 0.0 0.0 0.0 1.0 0.0 0.0
42 42 38 0.0 0.0 0.0 2.0 394.0 14.0 0.0
42 42 39 0.0 0.0 0.0 0.0 1060.0 39.0 1.0
42 42 40 0.0 0.0 0.0 0.0 1482.0 53.0 1.0
42 42 41 0.0 0.0 0.0 0.0 1043.0 44.0 0.0
42 42 42 0.0 0.0 0.0 0.0 400.0 15.0 0.0
42 43 38 0.0 0.0 0.0 0.0 1.0 0.0 0.0
42 43 40 0.0 0.0 0.0 0.0 3.0 0.0 0.0
42 43 41 0.0 0.0 0.0 0.0 3.0 1.0 0.0
43 38 38 0.0 0.0 0.0 0.0 2.0 0.0 0.0
43 38 39 0.0 0.0 0.0 0.0 2.0 0.0 0.0
43 38 40 0.0 0.0 0.0 0.0 2.0 0.0 0.0
43 38 41 0.0 0.0 0.0 0.0 1.0 0.0 0.0
43 39 38 0.0 0.0 0.0 0.0 2.0 0.0 0.0
43 39 39 0.0 0.0 0.0 0.0 10.0 1.0 0.0
43 39 40 0.0 0.0 0.0 0.0 9.0 0.0 0.0
43 39 41 0.0 0.0 0.0 0.0 4.0 0.0 0.0
43 39 42 0.0 0.0 0.0 0.0 3.0 1.0 0.0
43 40 38 0.0 0.0 0.0 0.0 2.0 0.0 0.0
43 40 39 0.0 0.0 0.0 0.0 9.0 0.0 0.0
43 40 40 0.0 0.0 0.0 0.0 27.0 1.0 0.0
43 40 41 0.0 0.0 0.0 0.0 6.0 0.0 0.0
43 40 42 0.0 0.0 0.0 0.0 2.0 0.0 0.0
43 41 39 0.0 0.0 0.0 0.0 11.0 0.0 0.0
43 41 40 0.0 0.0 0.0 0.0 7.0 1.0 0.0
43 41 41 0.0 0.0 0.0 0.0 4.0 0.0 0.0
43 42 38 0.0 0.0 0.0 0.0 1.0 0.0 0.0
43 42 39 0.0 0.0 0.0 0.0 3.0 1.0 0.0
43 42 40 0.0 0.0 0.0 0.0 1.0 0.0 0.0
43 42 41 0.0 0.0 0.0 0.0 1.0 0.0 0.0
43 43 38 0.0 0.0 0.0 0.0 1.0 0.0 0.0
