39 39 39 0.0 0.0 0.0 0.0 1.0 0.0 0.0
39 39 40 0.0 0.0 0.0 0.0 8.0 1.0 0.0
39 39 41 0.0 0.0 0.0 0.0 1.0 0.0 0.0
39 40 39 0.0 0.0 0.0 1.0 2.0 0.0 0.0
39 40 40 0.0 0.0 0.0 0.0 8.0 0.0 0.0
39 40 41 0.0 0.0 0.0 0.0 1.0 0.0 0.0
39 41 40 0.0 0.0 0.0 0.0 15.0 0.0 0.0
39 41 41 0.0 0.0 0.0 0.0 1.0 0.0 0.0
40 39 39 0.0 0.0 0.0 0.0 4.0 0.0 0.0
40 39 40 0.0 0.0 0.0 0.0 8.0 1.0 0.0
40 39 41 0.0 0.0 0.0 3.0 1.0 0.0 0.0
40 40 39 0.0 0.0 0.0 0.0 1.0 0.0 0.0
40 40 40 0.0 0.0 0.0 132.0 6579.0 222.0 81.0
40 40 41 0.0 0.0 0.0 0.0 3.0 0.0 0.0
40 41 39 0.0 0.0 0.0 0.0 4.0 0.0 0.0
40 41 41 0.0 0.0 0.0 0.0 10.0 0.0 0.0
41 39 39 0.0 0.0 0.0 0.0 2.0 0.0 0.0
41 39 40 0.0 0.0 0.0 0.0 4.0 0.0 0.0
41 40 39 0.0 0.0 0.0 0.0 4.0 1.0 0.0
41 40 40 0.0 0.0 0.0 0.0 27.0 3.0 0.0
41 40 41 0.0 0.0 0.0 1.0 0.0 0.0 0.0
41 41 39 0.0 0.0 0.0 0.0 2.0 0.0 0.0
41 41 40 0.0 0.0 0.0 0.0 7.0 0.0 0.0
41 41 41 0.0 0.0 0.0 0.0 2.0 0.0 0.0
