36 37 39 0.0 0.0 0.0 0.0 1.0 0.0 0.0
36 37 40 0.0 0.0 0.0 0.0 7.0 0.0 0.0
36 37 41 0.0 0.0 0.0 0.0 2.0 0.0 0.0
36 37 42 0.0 0.0 0.0 0.0 1.0 0.0 0.0
36 38 38 0.0 0.0 0.0 0.0 14.0 1.0 0.0
36 38 39 0.0 0.0 0.0 0.0 30.0 1.0 0.0
36 38 40 0.0 0.0 0.0 0.0 55.0 2.0 0.0
36 38 41 0.0 0.0 0.0 0.0 23.0 1.0 0.0
36 38 42 0.0 0.0 0.0 0.0 13.0 1.0 0.0
36 38 43 0.0 0.0 0.0 0.0 2.0 0.0 0.0
36 39 37 0.0 0.0 0.0 0.0 8.0 1.0 0.0
36 39 38 0.0 0.0 0.0 0.0 23.0 0.0 0.0
36 39 39 0.0 0.0 0.0 0.0 50.0 0.0 0.0
36 39 40 0.0 0.0 0.0 0.0 99.0 4.0 0.0
36 39 41 0.0 0.0 0.0 0.0 56.0 1.0 0.0
36 39 42 0.0 0.0 0.0 0.0 29.0 2.0 0.0
36 39 43 0.0 0.0 0.0 0.0 4.0 1.0 0.0
36 40 37 0.0 0.0 0.0 0.0 13.0 1.0 0.0
36 40 38 0.0 0.0 0.0 0.0 28.0 1.0 0.0
36 40 39 0.0 0.0 0.0 0.0 101.0 4.0 0.0
36 40 40 0.0 0.0 0.0 0.0 155.0 6.0 0.0
36 40 41 0.0 0.0 0.0 0.0 103.0 1.0 0.0
36 40 42 0.0 0.0 0.0 0.0 64.0 3.0 0.0
36 40 43 0.0 0.0 0.0 0.0 1.0 0.0 0.0
36 41 37 0.0 0.0 0.0 0.0 4.0 0.0 0.0
36 41 38 0.0 0.0 0.0 0.0 22.0 0.0 0.0
36 41 39 0.0 0.0 0.0 0.0 66.0 5.0 0.0
36 41 40 0.0 0.0 0.0 0.0 98.0 4.0 0.0
36 41 41 0.0 0.0 0.0 0.0 67.0 3.0 0.0
36 41 42 0.0 0.0 0.0 0.0 23.0 0.0 0.0
36 41 43 0.0 0.0 0.0 0.0 7.0 0.0 0.0
36 42 37 0.0 0.0 0.0 0.0 3.0 1.0 0.0
36 42 38 0.0 0.0 0.0 0.0 15.0 1.0 0.0
36 42 39 0.0 0.0 0.0 0.0 47.0 3.0 0.0
36 42 40 0.0 0.0 0.0 0.0 45.0 2.0 0.0
36 42 41 0.0 0.0 0.0 0.0 24.0 0.0 0.0
36 42 42 0.0 0.0 0.0 0.0 11.0 0.0 0.0
36 42 43 0.0 0.0 0.0 0.0 9.0 0.0 0.0
36 43 39 0.0 0.0 0.0 0.0 5.0 0.0 0.0
36 43 40 0.0 0.0 0.0 0.0 4.0 0.0 0.0
36 43 41 0.0 0.0 0.0 0.0 6.0 0.0 0.0
36 43 42 0.0 0.0 0.0 0.0 1.0 0.0 0.0
36 44 38 0.0 0.0 0.0 0.0 3.0 0.0 0.0
37 36 38 0.0 0.0 0.0 0.0 6.0 0.0 0.0
37 36 40 0.0 0.0 0.0 0.0 4.0 0.0 0.0
37 36 41 0.0 0.0 0.0 0.0 2.0 0.0 0.0
37 36 42 0.0 0.0 0.0 0.0 3.0 0.0 0.0
37 37 37 0.0 0.0 0.0 0.0 103.0 3.0 0.0
37 37 38 0.0 0.0 0.0 0.0 474.0 21.0 1.0
37 37 39 0.0 0.0 0.0 0.0 1248.0 58.0 0.0
37 37 40 0.0 0.0 0.0 3.0 1616.0 50.0 3.0
37 37 41 0.0 0.0 0.0 0.0 1201.0 43.0 0.0
37 37 42 0.0 0.0 0.0 0.0 488.0 18.0 0.0
37 37 43 0.0 0.0 0.0 1.0 85.0 0.0 0.0
37 38 36 0.0 0.0 0.0 0.0 1.0 0.0 0.0
37 38 37 0.0 0.0 0.0 0.0 397.0 17.0 0.0
37 38 38 0.0 0.0 0.0 1.0 2410.0 81.0 3.0
37 38 39 0.0 0.0 0.0 4.0 5752.0 213.0 21.0
37 38 40 0.0 0.0 0.0 6.0 7487.0 282.0 51.0
37 38 41 0.0 0.0 0.0 1.0 5983.0 187.0 31.0
37 38 42 0.0 0.0 0.0 0.0 2395.0 77.0 2.0
37 38 43 0.0 0.0 0.0 0.0 459.0 16.0 0.0
37 38 44 0.0 0.0 0.0 0.0 2.0 0.0 0.0
37 39 36 0.0 0.0 0.0 0.0 4.0 0.0 0.0
37 39 37 0.0 0.0 0.0 0.0 1156.0 42.0 0.0
37 39 38 0.0 0.0 0.0 2.0 6385.0 234.0 28.0
37 39 39 0.0 0.0 0.0 1.0 13064.0 439.0 164.0
37 39 40 0.0 0.0 0.0 4.0 16093.0 526.0 251.0
37 39 41 0.0 0.0 0.0 1.0 12658.0 375.0 148.0
37 39 42 0.0 0.0 0.0 0.0 6035.0 211.0 33.0
37 39 43 0.0 0.0 0.0 2.0 1411.0 50.0 0.0
37 39 44 0.0 0.0 0.0 0.0 3.0 0.0 0.0
37 40 36 0.0 0.0 0.0 0.0 8.0 0.0 0.0
37 40 37 0.0 0.0 0.0 0.0 1247.0 41.0 0.0
37 40 38 0.0 0.0 0.0 6.0 7352.0 252.0 48.0
37 40 39 0.0 0.0 0.0 0.0 16178.0 517.0 241.0
37 40 40 0.0 0.0 0.0 3.0 20207.0 629.0 400.0
37 40 41 0.0 0.0 0.0 0.0 16728.0 514.0 271.0
37 40 42 0.0 0.0 0.0 2.0 7417.0 246.0 54.0
37 40 43 0.0 0.0 0.0 0.0 1471.0 47.0 1.0
37 40 44 0.0 0.0 0.0 0.0 4.0 0.0 0.0
37 41 36 0.0 0.0 0.0 0.0 1.0 0.0 0.0
37 41 37 0.0 0.0 0.0 0.0 1215.0 39.0 4.0
37 41 38 0.0 0.0 0.0 0.0 5932.0 222.0 30.0
37 41 39 0.0 0.0 0.0 3.0 13076.0 418.0 160.0
37 41 40 0.0 0.0 0.0 5.0 17183.0 552.0 286.0
37 41 41 0.0 0.0 0.0 0.0 13296.0 440.0 159.0
37 41 42 0.0 0.0 0.0 0.0 5995.0 203.0 27.0
37 41 43 0.0 0.0 0.0 0.0 1170.0 41.0 2.0
37 41 44 0.0 0.0 0.0 0.0 6.0 0.0 0.0
37 42 37 0.0 0.0 0.0 0.0 532.0 20.0 0.0
37 42 38 0.0 0.0 0.0 1.0 2482.0 78.0 6.0
37 42 39 0.0 0.0 0.0 0.0 6495.0 197.0 37.0
37 42 40 0.0 0.0 0.0 0.0 8132.0 257.0 49.0
37 42 41 0.0 0.0 0.0 0.0 6429.0 233.0 32.0
37 42 42 0.0 0.0 0.0 1.0 2625.0 99.0 6.0
37 42 43 0.0 0.0 0.0 0.0 590.0 24.0 0.0
37 42 44 0.0 0.0 0.0 0.0 2.0 0.0 0.0
37 43 37 0.0 0.0 0.0 0.0 85.0 4.0 0.0
37 43 38 0.0 0.0 0.0 0.0 526.0 13.0 0.0
37 43 39 0.0 0.0 0.0 0.0 1273.0 40.0 0.0
37 43 40 0.0 0.0 0.0 0.0 1591.0 45.0 3.0
37 43 41 0.0 0.0 0.0 1.0 1204.0 40.0 1.0
37 43 42 0.0 0.0 0.0 1.0 487.0 17.0 0.0
37 43 43 0.0 0.0 0.0 0.0 64.0 3.0 0.0
37 44 38 0.0 0.0 0.0 0.0 5.0 1.0 0.0
37 44 39 0.0 0.0 0.0 0.0 3.0 0.0 0.0
37 44 40 0.0 0.0 0.0 0.0 13.0 1.0 0.0
37 44 41 0.0 0.0 0.0 0.0 3.0 0.0 0.0
38 36 38 0.0 0.0 0.0 0.0 14.0 0.0 0.0
38 36 39 0.0 0.0 0.0 0.0 22.0 0.0 0.0
38 36 40 0.0 0.0 0.0 0.0 38.0 0.0 0.0
38 36 41 0.0 0.0 0.0 0.0 18.0 0.0 0.0
38 36 42 0.0 0.0 0.0 0.0 13.0 0.0 0.0
38 36 43 0.0 0.0 0.0 0.0 6.0 0.0 0.0
38 37 36 0.0 0.0 0.0 0.0 3.0 0.0 0.0
38 37 37 0.0 0.0 0.0 0.0 422.0 16.0 0.0
38 37 38 0.0 0.0 0.0 0.0 2706.0 101.0 4.0
38 37 39 0.0 0.0 0.0 0.0 5558.0 172.0 26.0
38 37 40 0.0 0.0 0.0 8.0 7101.0 224.0 40.0
38 37 41 0.0 0.0 0.0 2.0 5853.0 204.0 42.0
38 37 42 0.0 0.0 0.0 0.0 2400.0 103.0 4.0
38 37 43 0.0 0.0 0.0 0.0 492.0 20.0 1.0
38 38 36 0.0 0.0 0.0 0.0 18.0 2.0 0.0
38 38 37 0.0 0.0 0.0 1.0 2259.0 72.0 3.0
38 38 38 0.0 0.0 0.0 4.0 30189.0 922.0 1278.0
38 38 39 0.0 0.0 0.0 13.0 54471.0 1344.0 5791.0
38 38 40 0.0 0.0 0.0 12.0 62544.0 1521.0 8720.0
38 38 41 0.0 0.0 0.0 10.0 53209.0 1409.0 5404.0
38 38 42 0.0 0.0 0.0 2.0 32026.0 1014.0 1500.0
38 38 43 0.0 0.0 0.0 1.0 2552.0 72.0 6.0
38 39 36 0.0 0.0 0.0 0.0 34.0 0.0 0.0
38 39 37 0.0 0.0 0.0 2.0 5888.0 225.0 26.0
38 39 38 0.0 0.0 0.0 12.0 51692.0 1330.0 4972.0
38 39 39 0.0 0.0 0.0 38.0 74103.0 1517.0 16715.0
38 39 40 0.0 0.0 0.0 58.0 78659.0 1435.0 23257.0
38 39 41 0.0 0.0 0.0 9.0 73660.0 1560.0 16218.0
38 39 42 0.0 0.0 0.0 5.0 53952.0 1390.0 5849.0
38 39 43 0.0 0.0 0.0 0.0 5760.0 178.0 26.0
38 39 44 0.0 0.0 0.0 0.0 33.0 1.0 0.0
38 40 36 0.0 0.0 0.0 0.0 29.0 0.0 0.0
38 40 37 0.0 0.0 0.0 1.0 7098.0 222.0 37.0
38 40 38 0.0 0.0 0.0 10.0 60603.0 1478.0 8036.0
38 40 39 0.0 0.0 0.0 49.0 78572.0 1482.0 23278.0
38 40 40 0.0 0.0 0.0 35.0 80488.0 1335.0 30728.0
38 40 41 0.0 0.0 0.0 24.0 78719.0 1387.0 23106.0
38 40 42 0.0 0.0 0.0 3.0 61824.0 1448.0 8219.0
38 40 43 0.0 0.0 0.0 0.0 7360.0 227.0 52.0
38 40 44 0.0 0.0 0.0 0.0 45.0 1.0 0.0
38 41 36 0.0 0.0 0.0 0.0 24.0 1.0 0.0
38 41 37 0.0 0.0 0.0 1.0 5932.0 197.0 26.0
38 41 38 0.0 0.0 0.0 9.0 52463.0 1406.0 5093.0
38 41 39 0.0 0.0 0.0 30.0 74718.0 1499.0 17639.0
38 41 40 0.0 0.0 0.0 20.0 78772.0 1469.0 23900.0
38 41 41 0.0 0.0 0.0 20.0 74451.0 1469.0 17440.0
38 41 42 0.0 0.0 0.0 4.0 52953.0 1411.0 5402.0
38 41 43 0.0 0.0 0.0 2.0 5717.0 179.0 30.0
38 41 44 0.0 0.0 0.0 0.0 19.0 0.0 0.0
38 42 36 0.0 0.0 0.0 0.0 9.0 0.0 0.0
38 42 37 0.0 0.0 0.0 0.0 2501.0 88.0 6.0
38 42 38 0.0 0.0 0.0 19.0 30142.0 946.0 1326.0
38 42 39 0.0 0.0 0.0 15.0 54457.0 1406.0 5780.0
38 42 40 0.0 0.0 0.0 55.0 62242.0 1451.0 8807.0
38 42 41 0.0 0.0 0.0 17.0 52917.0 1384.0 5412.0
38 42 42 0.0 0.0 0.0 3.0 29967.0 951.0 1379.0
38 42 43 0.0 0.0 0.0 0.0 2212.0 85.0 4.0
38 42 44 0.0 0.0 0.0 0.0 7.0 0.0 0.0
38 43 36 0.0 0.0 0.0 0.0 4.0 0.0 0.0
38 43 37 0.0 0.0 0.0 0.0 482.0 19.0 0.0
38 43 38 0.0 0.0 0.0 0.0 2689.0 93.0 5.0
38 43 39 0.0 0.0 0.0 1.0 6119.0 192.0 29.0
38 43 40 0.0 0.0 0.0 4.0 8393.0 298.0 50.0
38 43 41 0.0 0.0 0.0 6.0 5968.0 182.0 26.0
38 43 42 0.0 0.0 0.0 0.0 2794.0 99.0 5.0
38 43 43 0.0 0.0 0.0 0.0 431.0 14.0 0.0
38 43 44 0.0 0.0 0.0 0.0 2.0 0.0 0.0
38 44 37 0.0 0.0 0.0 0.0 1.0 0.0 0.0
38 44 38 0.0 0.0 0.0 0.0 7.0 1.0 0.0
38 44 39 0.0 0.0 0.0 0.0 30.0 0.0 0.0
38 44 40 0.0 0.0 0.0 0.0 29.0 1.0 0.0
38 44 41 0.0 0.0 0.0 0.0 32.0 1.0 0.0
38 44 42 0.0 0.0 0.0 0.0 13.0 0.0 0.0
38 44 43 0.0 0.0 0.0 0.0 2.0 0.0 0.0
39 36 37 0.0 0.0 0.0 0.0 6.0 0.0 0.0
39 36 38 0.0 0.0 0.0 0.0 36.0 1.0 0.0
39 36 39 0.0 0.0 0.0 0.0 75.0 3.0 0.0
39 36 40 0.0 0.0 0.0 0.0 111.0 2.0 0.0
39 36 41 0.0 0.0 0.0 0.0 75.0 2.0 0.0
39 36 42 0.0 0.0 0.0 0.0 42.0 1.0 0.0
39 36 43 0.0 0.0 0.0 0.0 3.0 0.0 0.0
39 37 36 0.0 0.0 0.0 0.0 8.0 1.0 0.0
39 37 37 0.0 0.0 0.0 0.0 1135.0 42.0 2.0
39 37 38 0.0 0.0 0.0 1.0 5641.0 189.0 33.0
39 37 39 0.0 0.0 0.0 1.0 13050.0 463.0 124.0
39 37 40 0.0 0.0 0.0 1.0 16291.0 538.0 251.0
39 37 41 0.0 0.0 0.0 4.0 12729.0 451.0 139.0
39 37 42 0.0 0.0 0.0 0.0 6014.0 203.0 41.0
39 37 43 0.0 0.0 0.0 0.0 1419.0 49.0 2.0
39 37 44 0.0 0.0 0.0 0.0 8.0 0.0 0.0
39 38 36 0.0 0.0 0.0 0.0 26.0 1.0 0.0
39 38 37 0.0 0.0 0.0 0.0 5990.0 193.0 39.0
39 38 38 0.0 0.0 0.0 9.0 51016.0 1304.0 4796.0
39 38 39 0.0 0.0 0.0 18.0 73831.0 1530.0 16101.0
39 38 40 0.0 0.0 0.0 24.0 78328.0 1462.0 23176.0
39 38 41 0.0 0.0 0.0 20.0 74251.0 1465.0 17233.0
39 38 42 0.0 0.0 0.0 26.0 52788.0 1340.0 5048.0
39 38 43 0.0 0.0 0.0 0.0 5851.0 195.0 32.0
39 38 44 0.0 0.0 0.0 0.0 24.0 1.0 0.0
39 39 36 0.0 0.0 0.0 0.0 58.0 3.0 0.0
39 39 37 0.0 0.0 0.0 3.0 12047.0 349.0 112.0
39 39 38 0.0 0.0 0.0 9.0 73803.0 1564.0 15419.0
39 39 39 0.0 0.0 0.0 96.0 62673.0 773.0 73298.0
39 39 40 0.0 0.0 0.0 69.0 60522.0 638.0 82646.0
39 39 41 0.0 0.0 0.0 45.0 62532.0 736.0 73484.0
39 39 42 0.0 0.0 0.0 31.0 74024.0 1501.0 16644.0
39 39 43 0.0 0.0 0.0 1.0 12935.0 438.0 151.0
39 39 44 0.0 0.0 0.0 0.0 83.0 5.0 0.0
39 40 36 0.0 0.0 0.0 0.0 103.0 4.0 0.0
39 40 37 0.0 0.0 0.0 0.0 16407.0 542.0 241.0
39 40 38 0.0 0.0 0.0 12.0 78766.0 1470.0 23166.0
39 40 39 0.0 0.0 0.0 81.0 61670.0 655.0 81173.0
39 40 40 0.0 0.0 0.0 49.0 57467.0 516.0 93355.0
39 40 41 0.0 0.0 0.0 45.0 61205.0 673.0 81893.0
39 40 42 0.0 0.0 0.0 40.0 78258.0 1438.0 22654.0
39 40 43 0.0 0.0 0.0 2.0 16381.0 518.0 243.0
39 40 44 0.0 0.0 0.0 0.0 124.0 6.0 0.0
39 41 36 0.0 0.0 0.0 0.0 72.0 4.0 0.0
39 41 37 0.0 0.0 0.0 2.0 12776.0 442.0 137.0
39 41 38 0.0 0.0 0.0 12.0 73540.0 1519.0 16080.0
39 41 39 0.0 0.0 0.0 35.0 63101.0 794.0 73475.0
39 41 40 0.0 0.0 0.0 121.0 60004.0 577.0 84164.0
39 41 41 0.0 0.0 0.0 38.0 63074.0 751.0 73088.0
39 41 42 0.0 0.0 0.0 25.0 74294.0 1517.0 16122.0
39 41 43 0.0 0.0 0.0 4.0 11932.0 327.0 126.0
39 41 44 0.0 0.0 0.0 0.0 70.0 2.0 0.0
39 42 36 0.0 0.0 0.0 0.0 21.0 1.0 0.0
39 42 37 0.0 0.0 0.0 0.0 5500.0 198.0 16.0
39 42 38 0.0 0.0 0.0 4.0 52875.0 1335.0 5255.0
39 42 39 0.0 0.0 0.0 15.0 74766.0 1560.0 17755.0
39 42 40 0.0 0.0 0.0 43.0 78622.0 1379.0 23996.0
39 42 41 0.0 0.0 0.0 35.0 74737.0 1555.0 17896.0
39 42 42 0.0 0.0 0.0 27.0 52147.0 1436.0 4909.0
39 42 43 0.0 0.0 0.0 1.0 6460.0 216.0 27.0
39 42 44 0.0 0.0 0.0 0.0 28.0 2.0 0.0
39 43 36 0.0 0.0 0.0 0.0 10.0 0.0 0.0
39 43 37 0.0 0.0 0.0 0.0 1170.0 41.0 1.0
39 43 38 0.0 0.0 0.0 1.0 5887.0 208.0 38.0
39 43 39 0.0 0.0 0.0 4.0 13281.0 409.0 181.0
39 43 40 0.0 0.0 0.0 2.0 17017.0 602.0 267.0
39 43 41 0.0 0.0 0.0 4.0 13903.0 458.0 180.0
39 43 42 0.0 0.0 0.0 4.0 5438.0 191.0 20.0
39 43 43 0.0 0.0 0.0 0.0 1225.0 41.0 1.0
39 43 44 0.0 0.0 0.0 0.0 3.0 0.0 0.0
39 44 37 0.0 0.0 0.0 0.0 6.0 0.0 0.0
39 44 38 0.0 0.0 0.0 0.0 29.0 3.0 0.0
39 44 39 0.0 0.0 0.0 0.0 66.0 4.0 0.0
39 44 40 0.0 0.0 0.0 0.0 118.0 2.0 0.0
39 44 41 0.0 0.0 0.0 0.0 62.0 3.0 0.0
39 44 42 0.0 0.0 0.0 0.0 41.0 3.0 0.0
39 44 43 0.0 0.0 0.0 0.0 1.0 0.0 0.0
40 35 42 0.0 0.0 0.0 0.0 1.0 0.0 0.0
40 36 37 0.0 0.0 0.0 0.0 19.0 1.0 0.0
40 36 38 0.0 0.0 0.0 0.0 40.0 2.0 0.0
40 36 39 0.0 0.0 0.0 0.0 92.0 0.0 0.0
40 36 40 0.0 0.0 0.0 0.0 113.0 4.0 0.0
40 36 41 0.0 0.0 0.0 0.0 89.0 1.0 0.0
40 36 42 0.0 0.0 0.0 0.0 27.0 0.0 0.0
40 36 43 0.0 0.0 0.0 0.0 4.0 1.0 0.0
40 37 36 0.0 0.0 0.0 0.0 6.0 0.0 0.0
40 37 37 0.0 0.0 0.0 0.0 1578.0 53.0 3.0
40 37 38 0.0 0.0 0.0 0.0 7166.0 246.0 47.0
40 37 39 0.0 0.0 0.0 1.0 16255.0 538.0 253.0
40 37 40 0.0 0.0 0.0 8.0 20085.0 656.0 410.0
40 37 41 0.0 0.0 0.0 1.0 16466.0 564.0 267.0
40 37 42 0.0 0.0 0.0 0.0 7432.0 263.0 39.0
40 37 43 0.0 0.0 0.0 0.0 1840.0 55.0 1.0
40 37 44 0.0 0.0 0.0 0.0 4.0 0.0 0.0
40 38 36 0.0 0.0 0.0 0.0 42.0 0.0 0.0
40 38 37 0.0 0.0 0.0 1.0 7422.0 254.0 38.0
40 38 38 0.0 0.0 0.0 14.0 63302.0 1445.0 9345.0
40 38 39 0.0 0.0 0.0 25.0 78443.0 1475.0 22222.0
40 38 40 0.0 0.0 0.0 23.0 80792.0 1307.0 31238.0
40 38 41 0.0 0.0 0.0 32.0 78299.0 1439.0 22937.0
40 38 42 0.0 0.0 0.0 11.0 62845.0 1527.0 8838.0
40 38 43 0.0 0.0 0.0 4.0 7784.0 252.0 47.0
40 38 44 0.0 0.0 0.0 0.0 32.0 1.0 0.0
40 39 36 0.0 0.0 0.0 0.0 87.0 1.0 0.0
40 39 37 0.0 0.0 0.0 0.0 17148.0 559.0 267.0
40 39 38 0.0 0.0 0.0 20.0 78388.0 1462.0 23441.0
40 39 39 0.0 0.0 0.0 57.0 61265.0 628.0 81548.0
40 39 40 0.0 0.0 0.0 77.0 57910.0 558.0 92649.0
40 39 41 0.0 0.0 0.0 97.0 61098.0 716.0 82185.0
40 39 42 0.0 0.0 0.0 21.0 78153.0 1471.0 22263.0
40 39 43 0.0 0.0 0.0 2.0 15972.0 523.0 252.0
40 39 44 0.0 0.0 0.0 0.0 96.0 1.0 0.0
40 40 36 0.0 0.0 0.0 0.0 118.0 1.0 0.0
40 40 37 0.0 0.0 0.0 0.0 20407.0 651.0 412.0
40 40 38 0.0 0.0 0.0 36.0 80892.0 1357.0 30806.0
40 40 39 0.0 0.0 0.0 49.0 57896.0 536.0 93093.0
40 40 40 0.0 0.0 0.0 72.0 36761.0 167.0 140529.0
40 40 41 0.0 0.0 0.0 32.0 58397.0 552.0 93174.0
40 40 42 0.0 0.0 0.0 53.0 80876.0 1368.0 31221.0
40 40 43 0.0 0.0 0.0 6.0 20406.0 678.0 423.0
40 40 44 0.0 0.0 0.0 0.0 138.0 7.0 0.0
40 41 36 0.0 0.0 0.0 0.0 98.0 4.0 0.0
40 41 37 0.0 0.0 0.0 0.0 16597.0 558.0 273.0
40 41 38 0.0 0.0 0.0 21.0 78845.0 1416.0 23323.0
40 41 39 0.0 0.0 0.0 38.0 60664.0 635.0 82213.0
40 41 40 0.0 0.0 0.0 58.0 58067.0 523.0 93173.0
40 41 41 0.0 0.0 0.0 62.0 60508.0 673.0 82944.0
40 41 42 0.0 0.0 0.0 17.0 77875.0 1408.0 23591.0
40 41 43 0.0 0.0 0.0 1.0 15866.0 536.0 259.0
40 41 44 0.0 0.0 0.0 0.0 103.0 4.0 0.0
40 42 36 0.0 0.0 0.0 0.0 29.0 1.0 0.0
40 42 37 0.0 0.0 0.0 0.0 7706.0 256.0 60.0
40 42 38 0.0 0.0 0.0 9.0 62347.0 1516.0 8645.0
40 42 39 0.0 0.0 0.0 27.0 78220.0 1416.0 23536.0
40 42 40 0.0 0.0 0.0 52.0 80477.0 1323.0 31775.0
40 42 41 0.0 0.0 0.0 55.0 78065.0 1450.0 23104.0
40 42 42 0.0 0.0 0.0 4.0 61433.0 1487.0 8423.0
40 42 43 0.0 0.0 0.0 5.0 7261.0 239.0 59.0
40 42 44 0.0 0.0 0.0 0.0 56.0 2.0 0.0
40 43 36 0.0 0.0 0.0 0.0 13.0 2.0 0.0
40 43 37 0.0 0.0 0.0 0.0 1599.0 38.0 4.0
40 43 38 0.0 0.0 0.0 1.0 7408.0 242.0 52.0
40 43 39 0.0 0.0 0.0 2.0 17291.0 605.0 283.0
40 43 40 0.0 0.0 0.0 5.0 21514.0 701.0 437.0
40 43 41 0.0 0.0 0.0 2.0 16350.0 528.0 248.0
40 43 42 0.0 0.0 0.0 1.0 7711.0 270.0 62.0
40 43 43 0.0 0.0 0.0 0.0 1557.0 59.0 0.0
40 43 44 0.0 0.0 0.0 0.0 9.0 0.0 0.0
40 44 37 0.0 0.0 0.0 0.0 7.0 0.0 0.0
40 44 38 0.0 0.0 0.0 0.0 21.0 1.0 0.0
40 44 39 0.0 0.0 0.0 0.0 90.0 5.0 0.0
40 44 40 0.0 0.0 0.0 0.0 135.0 9.0 0.0
40 44 41 0.0 0.0 0.0 0.0 108.0 6.0 0.0
40 44 42 0.0 0.0 0.0 0.0 35.0 2.0 0.0
40 44 43 0.0 0.0 0.0 0.0 3.0 0.0 0.0
41 36 37 0.0 0.0 0.0 0.0 9.0 0.0 0.0
41 36 38 0.0 0.0 0.0 0.0 20.0 0.0 0.0
41 36 39 0.0 0.0 0.0 0.0 78.0 6.0 0.0
41 36 40 0.0 0.0 0.0 0.0 98.0 3.0 0.0
41 36 41 0.0 0.0 0.0 0.0 80.0 2.0 0.0
41 36 42 0.0 0.0 0.0 0.0 36.0 0.0 0.0
41 37 36 0.0 0.0 0.0 0.0 4.0 0.0 0.0
41 37 37 0.0 0.0 0.0 0.0 1260.0 38.0 0.0
41 37 38 0.0 0.0 0.0 0.0 6083.0 207.0 27.0
41 37 39 0.0 0.0 0.0 5.0 12966.0 478.0 135.0
41 37 40 0.0 0.0 0.0 4.0 15572.0 479.0 228.0
41 37 41 0.0 0.0 0.0 0.0 13094.0 409.0 157.0
41 37 42 0.0 0.0 0.0 0.0 5814.0 210.0 23.0
41 37 43 0.0 0.0 0.0 0.0 1237.0 46.0 1.0
41 37 44 0.0 0.0 0.0 0.0 8.0 0.0 0.0
41 38 36 0.0 0.0 0.0 0.0 23.0 1.0 0.0
41 38 37 0.0 0.0 0.0 0.0 5919.0 202.0 27.0
41 38 38 0.0 0.0 0.0 5.0 53439.0 1339.0 5486.0
41 38 39 0.0 0.0 0.0 13.0 74573.0 1531.0 16904.0
41 38 40 0.0 0.0 0.0 13.0 78065.0 1364.0 23045.0
41 38 41 0.0 0.0 0.0 8.0 74508.0 1539.0 16640.0
41 38 42 0.0 0.0 0.0 32.0 52876.0 1380.0 5402.0
41 38 43 0.0 0.0 0.0 0.0 6108.0 212.0 26.0
41 38 44 0.0 0.0 0.0 0.0 18.0 1.0 0.0
41 39 36 0.0 0.0 0.0 0.0 97.0 5.0 0.0
41 39 37 0.0 0.0 0.0 3.0 13426.0 430.0 160.0
41 39 38 0.0 0.0 0.0 17.0 74685.0 1548.0 17315.0
41 39 39 0.0 0.0 0.0 25.0 62180.0 729.0 75084.0
41 39 40 0.0 0.0 0.0 52.0 60753.0 629.0 82522.0
41 39 41 0.0 0.0 0.0 40.0 61958.0 694.0 74971.0
41 39 42 0.0 0.0 0.0 7.0 74652.0 1445.0 17394.0
41 39 43 0.0 0.0 0.0 0.0 13088.0 443.0 148.0
41 39 44 0.0 0.0 0.0 0.0 86.0 1.0 0.0
41 40 36 0.0 0.0 0.0 0.0 93.0 3.0 0.0
41 40 37 0.0 0.0 0.0 1.0 16397.0 537.0 257.0
41 40 38 0.0 0.0 0.0 43.0 78461.0 1377.0 23310.0
41 40 39 0.0 0.0 0.0 62.0 60821.0 600.0 82545.0
41 40 40 0.0 0.0 0.0 42.0 56543.0 530.0 95633.0
41 40 41 0.0 0.0 0.0 55.0 61792.0 613.0 81469.0
41 40 42 0.0 0.0 0.0 15.0 78600.0 1528.0 23007.0
41 40 43 0.0 0.0 0.0 3.0 16663.0 561.0 295.0
41 40 44 0.0 0.0 0.0 0.0 89.0 7.0 0.0
41 41 36 0.0 0.0 0.0 0.0 68.0 2.0 0.0
41 41 37 0.0 0.0 0.0 0.0 13132.0 447.0 148.0
41 41 38 0.0 0.0 0.0 12.0 75057.0 1500.0 17811.0
41 41 39 0.0 0.0 0.0 45.0 63165.0 780.0 73820.0
41 41 40 0.0 0.0 0.0 37.0 61676.0 637.0 81375.0
41 41 41 0.0 0.0 0.0 58.0 63814.0 776.0 72394.0
41 41 42 0.0 0.0 0.0 28.0 73738.0 1492.0 16460.0
41 41 43 0.0 0.0 0.0 3.0 13151.0 416.0 168.0
41 41 44 0.0 0.0 0.0 0.0 83.0 3.0 0.0
41 42 36 0.0 0.0 0.0 0.0 41.0 3.0 0.0
41 42 37 0.0 0.0 0.0 0.0 6227.0 226.0 28.0
41 42 38 0.0 0.0 0.0 23.0 53414.0 1380.0 5271.0
41 42 39 0.0 0.0 0.0 22.0 74200.0 1474.0 17395.0
41 42 40 0.0 0.0 0.0 19.0 78578.0 1368.0 22999.0
41 42 41 0.0 0.0 0.0 12.0 73471.0 1518.0 16254.0
41 42 42 0.0 0.0 0.0 4.0 53007.0 1359.0 5365.0
41 42 43 0.0 0.0 0.0 0.0 5966.0 205.0 25.0
41 42 44 0.0 0.0 0.0 0.0 32.0 1.0 0.0
41 43 36 0.0 0.0 0.0 0.0 1.0 0.0 0.0
41 43 37 0.0 0.0 0.0 0.0 1201.0 45.0 0.0
41 43 38 0.0 0.0 0.0 0.0 5962.0 187.0 42.0
41 43 39 0.0 0.0 0.0 0.0 12446.0 385.0 145.0
41 43 40 0.0 0.0 0.0 1.0 16388.0 559.0 288.0
41 43 41 0.0 0.0 0.0 7.0 12877.0 436.0 127.0
41 43 42 0.0 0.0 0.0 1.0 5756.0 189.0 28.0
41 43 43 0.0 0.0 0.0 0.0 1181.0 54.0 0.0
41 43 44 0.0 0.0 0.0 0.0 7.0 0.0 0.0
41 44 36 0.0 0.0 0.0 0.0 2.0 0.0 0.0
41 44 37 0.0 0.0 0.0 0.0 8.0 0.0 0.0
41 44 38 0.0 0.0 0.0 0.0 36.0 2.0 0.0
41 44 39 0.0 0.0 0.0 0.0 82.0 7.0 0.0
41 44 40 0.0 0.0 0.0 0.0 96.0 1.0 0.0
41 44 41 0.0 0.0 0.0 0.0 73.0 3.0 0.0
41 44 42 0.0 0.0 0.0 0.0 36.0 3.0 0.0
41 44 43 0.0 0.0 0.0 0.0 1.0 0.0 0.0
42 36 36 0.0 0.0 0.0 0.0 1.0 0.0 0.0
42 36 37 0.0 0.0 0.0 0.0 1.0 0.0 0.0
42 36 38 0.0 0.0 0.0 0.0 4.0 0.0 0.0
42 36 39 0.0 0.0 0.0 0.0 22.0 0.0 0.0
42 36 40 0.0 0.0 0.0 0.0 36.0 1.0 0.0
42 36 41 0.0 0.0 0.0 0.0 36.0 0.0 0.0
42 36 42 0.0 0.0 0.0 0.0 9.0 0.0 0.0
42 36 43 0.0 0.0 0.0 0.0 2.0 0.0 0.0
42 37 36 0.0 0.0 0.0 0.0 2.0 0.0 0.0
42 37 37 0.0 0.0 0.0 0.0 623.0 21.0 0.0
42 37 38 0.0 0.0 0.0 0.0 2750.0 110.0 3.0
42 37 39 0.0 0.0 0.0 0.0 5843.0 214.0 31.0
42 37 40 0.0 0.0 0.0 5.0 7697.0 247.0 45.0
42 37 41 0.0 0.0 0.0 1.0 6038.0 192.0 34.0
42 37 42 0.0 0.0 0.0 0.0 2589.0 86.0 6.0
42 37 43 0.0 0.0 0.0 0.0 461.0 14.0 0.0
42 37 44 0.0 0.0 0.0 0.0 1.0 0.0 0.0
42 38 36 0.0 0.0 0.0 0.0 8.0 0.0 0.0
42 38 37 0.0 0.0 0.0 0.0 2848.0 122.0 6.0
42 38 38 0.0 0.0 0.0 6.0 33407.0 959.0 1690.0
42 38 39 0.0 0.0 0.0 22.0 54929.0 1399.0 5982.0
42 38 40 0.0 0.0 0.0 7.0 63462.0 1501.0 9180.0
42 38 41 0.0 0.0 0.0 14.0 53592.0 1368.0 5637.0
42 38 42 0.0 0.0 0.0 5.0 31846.0 978.0 1459.0
42 38 43 0.0 0.0 0.0 0.0 2746.0 106.0 8.0
42 38 44 0.0 0.0 0.0 0.0 8.0 0.0 0.0
42 39 36 0.0 0.0 0.0 0.0 33.0 0.0 0.0
42 39 37 0.0 0.0 0.0 1.0 6284.0 204.0 22.0
42 39 38 0.0 0.0 0.0 16.0 55150.0 1464.0 6017.0
42 39 39 0.0 0.0 0.0 40.0 75296.0 1531.0 18091.0
42 39 40 0.0 0.0 0.0 17.0 78648.0 1432.0 24062.0
42 39 41 0.0 0.0 0.0 12.0 74731.0 1565.0 17463.0
42 39 42 0.0 0.0 0.0 3.0 53868.0 1441.0 5554.0
42 39 43 0.0 0.0 0.0 0.0 5982.0 206.0 27.0
42 39 44 0.0 0.0 0.0 0.0 25.0 1.0 0.0
42 40 36 0.0 0.0 0.0 0.0 27.0 1.0 0.0
42 40 37 0.0 0.0 0.0 0.0 8332.0 294.0 48.0
42 40 38 0.0 0.0 0.0 21.0 63576.0 1454.0 9458.0
42 40 39 0.0 0.0 0.0 12.0 78833.0 1351.0 24336.0
42 40 40 0.0 0.0 0.0 24.0 80813.0 1318.0 33029.0
42 40 41 0.0 0.0 0.0 19.0 78491.0 1414.0 24130.0
42 40 42 0.0 0.0 0.0 34.0 62773.0 1531.0 8833.0
42 40 43 0.0 0.0 0.0 1.0 7673.0 263.0 53.0
42 40 44 0.0 0.0 0.0 0.0 23.0 0.0 0.0
42 41 36 0.0 0.0 0.0 0.0 29.0 1.0 0.0
42 41 37 0.0 0.0 0.0 0.0 6138.0 232.0 29.0
42 41 38 0.0 0.0 0.0 6.0 53457.0 1403.0 5297.0
42 41 39 0.0 0.0 0.0 13.0 74721.0 1465.0 18097.0
42 41 40 0.0 0.0 0.0 24.0 78875.0 1450.0 23846.0
42 41 41 0.0 0.0 0.0 33.0 74597.0 1470.0 16804.0
42 41 42 0.0 0.0 0.0 10.0 51602.0 1365.0 4924.0
42 41 43 0.0 0.0 0.0 1.0 5836.0 218.0 27.0
42 41 44 0.0 0.0 0.0 0.0 22.0 1.0 0.0
42 42 36 0.0 0.0 0.0 0.0 15.0 1.0 0.0
42 42 37 0.0 0.0 0.0 0.0 2805.0 100.0 8.0
42 42 38 0.0 0.0 0.0 21.0 31461.0 973.0 1441.0
42 42 39 0.0 0.0 0.0 2.0 53546.0 1387.0 5169.0
42 42 40 0.0 0.0 0.0 2.0 61746.0 1450.0 8478.0
42 42 41 0.0 0.0 0.0 4.0 53547.0 1491.0 5406.0
42 42 42 0.0 0.0 0.0 10.0 31395.0 977.0 1427.0
42 42 43 0.0 0.0 0.0 0.0 2682.0 98.0 5.0
42 42 44 0.0 0.0 0.0 0.0 8.0 0.0 0.0
42 43 37 0.0 0.0 0.0 0.0 472.0 13.0 0.0
42 43 38 0.0 0.0 0.0 0.0 2620.0 97.0 5.0
42 43 39 0.0 0.0 0.0 0.0 6172.0 211.0 20.0
42 43 40 0.0 0.0 0.0 0.0 7547.0 256.0 45.0
42 43 41 0.0 0.0 0.0 1.0 6111.0 226.0 33.0
42 43 42 0.0 0.0 0.0 0.0 2580.0 83.0 4.0
42 43 43 0.0 0.0 0.0 0.0 570.0 17.0 0.0
42 43 44 0.0 0.0 0.0 0.0 1.0 0.0 0.0
42 44 37 0.0 0.0 0.0 0.0 4.0 0.0 0.0
42 44 38 0.0 0.0 0.0 0.0 7.0 0.0 0.0
42 44 39 0.0 0.0 0.0 0.0 31.0 3.0 0.0
42 44 40 0.0 0.0 0.0 0.0 30.0 0.0 0.0
42 44 41 0.0 0.0 0.0 0.0 26.0 0.0 0.0
42 44 42 0.0 0.0 0.0 0.0 20.0 0.0 0.0
42 44 43 0.0 0.0 0.0 0.0 1.0 0.0 0.0
43 36 37 0.0 0.0 0.0 0.0 1.0 0.0 0.0
43 36 38 0.0 0.0 0.0 0.0 3.0 1.0 0.0
43 36 39 0.0 0.0 0.0 0.0 8.0 0.0 0.0
43 36 40 0.0 0.0 0.0 0.0 5.0 0.0 0.0
43 36 41 0.0 0.0 0.0 0.0 3.0 0.0 0.0
43 36 42 0.0 0.0 0.0 0.0 8.0 1.0 0.0
43 37 36 0.0 0.0 0.0 0.0 1.0 0.0 0.0
43 37 37 0.0 0.0 0.0 0.0 135.0 6.0 0.0
43 37 38 0.0 0.0 0.0 0.0 608.0 22.0 1.0
43 37 39 0.0 0.0 0.0 0.0 1366.0 47.0 3.0
43 37 40 0.0 0.0 0.0 0.0 1821.0 61.0 6.0
43 37 41 0.0 0.0 0.0 0.0 1199.0 43.0 0.0
43 37 42 0.0 0.0 0.0 0.0 533.0 20.0 1.0
43 37 43 0.0 0.0 0.0 0.0 134.0 2.0 0.0
43 38 36 0.0 0.0 0.0 0.0 1.0 0.0 0.0
43 38 37 0.0 0.0 0.0 1.0 623.0 18.0 0.0
43 38 38 0.0 0.0 0.0 0.0 3313.0 121.0 14.0
43 38 39 0.0 0.0 0.0 2.0 6147.0 210.0 31.0
43 38 40 0.0 0.0 0.0 0.0 7611.0 274.0 49.0
43 38 41 0.0 0.0 0.0 0.0 6037.0 200.0 34.0
43 38 42 0.0 0.0 0.0 0.0 2545.0 93.0 2.0
43 38 43 0.0 0.0 0.0 0.0 489.0 13.0 0.0
43 39 36 0.0 0.0 0.0 0.0 14.0 0.0 0.0
43 39 37 0.0 0.0 0.0 0.0 1388.0 45.0 1.0
43 39 38 0.0 0.0 0.0 2.0 6538.0 184.0 43.0
43 39 39 0.0 0.0 0.0 1.0 14479.0 460.0 195.0
43 39 40 0.0 0.0 0.0 9.0 17913.0 527.0 316.0
43 39 41 0.0 0.0 0.0 1.0 13970.0 480.0 187.0
43 39 42 0.0 0.0 0.0 0.0 6392.0 221.0 49.0
43 39 43 0.0 0.0 0.0 0.0 1224.0 47.0 1.0
43 39 44 0.0 0.0 0.0 0.0 5.0 0.0 0.0
43 40 36 0.0 0.0 0.0 0.0 4.0 0.0 0.0
43 40 37 0.0 0.0 0.0 0.0 1623.0 57.0 0.0
43 40 38 0.0 0.0 0.0 1.0 8471.0 309.0 74.0
43 40 39 0.0 0.0 0.0 1.0 17905.0 563.0 318.0
43 40 40 0.0 0.0 0.0 8.0 22314.0 702.0 455.0
43 40 41 0.0 0.0 0.0 0.0 17465.0 567.0 277.0
43 40 42 0.0 0.0 0.0 0.0 7656.0 282.0 38.0
43 40 43 0.0 0.0 0.0 0.0 1661.0 67.0 0.0
43 40 44 0.0 0.0 0.0 0.0 6.0 1.0 0.0
43 41 36 0.0 0.0 0.0 0.0 6.0 0.0 0.0
43 41 37 0.0 0.0 0.0 0.0 1323.0 50.0 0.0
43 41 38 0.0 0.0 0.0 0.0 6265.0 226.0 31.0
43 41 39 0.0 0.0 0.0 1.0 14067.0 499.0 209.0
43 41 40 0.0 0.0 0.0 5.0 17551.0 587.0 284.0
43 41 41 0.0 0.0 0.0 0.0 13787.0 423.0 164.0
43 41 42 0.0 0.0 0.0 0.0 6167.0 200.0 33.0
43 41 43 0.0 0.0 0.0 0.0 1221.0 39.0 2.0
43 41 44 0.0 0.0 0.0 0.0 2.0 0.0 0.0
43 42 36 0.0 0.0 0.0 0.0 2.0 0.0 0.0
43 42 37 0.0 0.0 0.0 0.0 609.0 21.0 0.0
43 42 38 0.0 0.0 0.0 0.0 2517.0 89.0 2.0
43 42 39 0.0 0.0 0.0 0.0 5872.0 195.0 28.0
43 42 40 0.0 0.0 0.0 2.0 8060.0 279.0 65.0
43 42 41 0.0 0.0 0.0 1.0 5950.0 194.0 33.0
43 42 42 0.0 0.0 0.0 0.0 2352.0 98.0 9.0
43 42 43 0.0 0.0 0.0 0.0 434.0 15.0 0.0
43 42 44 0.0 0.0 0.0 0.0 2.0 0.0 0.0
43 43 37 0.0 0.0 0.0 0.0 124.0 3.0 0.0
43 43 38 0.0 0.0 0.0 0.0 584.0 29.0 0.0
43 43 39 0.0 0.0 0.0 0.0 1174.0 28.0 2.0
43 43 40 0.0 0.0 0.0 0.0 1491.0 44.0 2.0
43 43 41 0.0 0.0 0.0 0.0 1061.0 35.0 0.0
43 43 42 0.0 0.0 0.0 0.0 472.0 17.0 0.0
43 43 43 0.0 0.0 0.0 0.0 99.0 2.0 0.0
43 44 38 0.0 0.0 0.0 0.0 3.0 0.0 0.0
43 44 39 0.0 0.0 0.0 0.0 5.0 0.0 0.0
43 44 40 0.0 0.0 0.0 0.0 5.0 0.0 0.0
43 44 42 0.0 0.0 0.0 0.0 3.0 1.0 0.0
44 36 39 0.0 0.0 0.0 0.0 1.0 0.0 0.0
44 37 38 0.0 0.0 0.0 0.0 1.0 0.0 0.0
44 37 39 0.0 0.0 0.0 0.0 2.0 0.0 0.0
44 37 40 0.0 0.0 0.0 0.0 3.0 0.0 0.0
44 37 41 0.0 0.0 0.0 0.0 8.0 0.0 0.0
44 37 42 0.0 0.0 0.0 0.0 2.0 0.0 0.0
44 37 43 0.0 0.0 0.0 0.0 1.0 0.0 0.0
44 38 37 0.0 0.0 0.0 0.0 3.0 0.0 0.0
44 38 38 0.0 0.0 0.0 0.0 16.0 1.0 0.0
44 38 39 0.0 0.0 0.0 0.0 49.0 2.0 0.0
44 38 40 0.0 0.0 0.0 0.0 44.0 1.0 0.0
44 38 41 0.0 0.0 0.0 0.0 30.0 2.0 0.0
44 38 42 0.0 0.0 0.0 0.0 17.0 0.0 0.0
44 38 43 0.0 0.0 0.0 0.0 1.0 0.0 0.0
44 39 37 0.0 0.0 0.0 0.0 5.0 0.0 0.0
44 39 38 0.0 0.0 0.0 0.0 49.0 2.0 0.0
44 39 39 0.0 0.0 0.0 0.0 71.0 1.0 0.0
44 39 40 0.0 0.0 0.0 0.0 109.0 3.0 0.0
44 39 41 0.0 0.0 0.0 0.0 73.0 3.0 0.0
44 39 42 0.0 0.0 0.0 0.0 33.0 1.0 0.0
44 39 43 0.0 0.0 0.0 0.0 2.0 0.0 0.0
44 40 37 0.0 0.0 0.0 0.0 6.0 0.0 0.0
44 40 38 0.0 0.0 0.0 0.0 50.0 2.0 0.0
44 40 39 0.0 0.0 0.0 0.0 153.0 3.0 0.0
44 40 40 0.0 0.0 0.0 0.0 155.0 3.0 0.0
44 40 41 0.0 0.0 0.0 0.0 116.0 3.0 0.0
44 40 42 0.0 0.0 0.0 0.0 54.0 2.0 0.0
44 40 43 0.0 0.0 0.0 0.0 7.0 0.0 0.0
44 40 44 0.0 0.0 0.0 0.0 1.0 0.0 0.0
44 41 37 0.0 0.0 0.0 0.0 5.0 0.0 0.0
44 41 38 0.0 0.0 0.0 0.0 18.0 0.0 0.0
44 41 39 0.0 0.0 0.0 0.0 81.0 3.0 0.0
44 41 40 0.0 0.0 0.0 0.0 99.0 7.0 0.0
44 41 41 0.0 0.0 0.0 0.0 79.0 6.0 0.0
44 41 42 0.0 0.0 0.0 0.0 21.0 0.0 0.0
44 41 43 0.0 0.0 0.0 0.0 2.0 0.0 0.0
44 41 44 0.0 0.0 0.0 0.0 1.0 0.0 0.0
44 42 37 0.0 0.0 0.0 0.0 1.0 0.0 0.0
44 42 38 0.0 0.0 0.0 0.0 15.0 1.0 0.0
44 42 39 0.0 0.0 0.0 0.0 47.0 0.0 0.0
44 42 40 0.0 0.0 0.0 0.0 36.0 0.0 0.0
44 42 41 0.0 0.0 0.0 0.0 34.0 1.0 0.0
44 42 42 0.0 0.0 0.0 0.0 16.0 2.0 0.0
44 42 43 0.0 0.0 0.0 0.0 2.0 0.0 0.0
44 42 44 0.0 0.0 0.0 0.0 1.0 0.0 0.0
44 43 38 0.0 0.0 0.0 0.0 2.0 0.0 0.0
44 43 39 0.0 0.0 0.0 0.0 13.0 0.0 0.0
44 43 40 0.0 0.0 0.0 0.0 9.0 0.0 0.0
44 43 41 0.0 0.0 0.0 0.0 3.0 0.0 0.0
