38 38 38 0.0 0.0 0.0 0.0 3.0 0.0 0.0
38 38 39 0.0 0.0 0.0 0.0 33.0 1.0 0.0
38 38 40 0.0 0.0 0.0 0.0 23.0 0.0 0.0
38 38 41 0.0 0.0 0.0 0.0 6.0 0.0 0.0
38 38 42 0.0 0.0 0.0 0.0 3.0 0.0 0.0
38 39 38 0.0 0.0 0.0 0.0 12.0 0.0 0.0
38 39 39 0.0 0.0 0.0 0.0 54.0 2.0 0.0
38 39 40 0.0 0.0 0.0 0.0 58.0 1.0 0.0
38 39 41 0.0 0.0 0.0 0.0 36.0 2.0 0.0
38 39 42 0.0 0.0 0.0 0.0 18.0 0.0 0.0
38 40 38 0.0 0.0 0.0 0.0 13.0 0.0 0.0
38 40 39 0.0 0.0 0.0 0.0 86.0 3.0 0.0
38 40 40 0.0 0.0 0.0 2.0 69.0 3.0 0.0
38 40 41 0.0 0.0 0.0 0.0 69.0 1.0 0.0
38 40 42 0.0 0.0 0.0 0.0 18.0 1.0 0.0
38 41 38 0.0 0.0 0.0 0.0 10.0 1.0 0.0
38 41 39 0.0 0.0 0.0 0.0 86.0 0.0 0.0
38 41 40 0.0 0.0 0.0 0.0 73.0 3.0 0.0
38 41 41 0.0 0.0 0.0 0.0 54.0 2.0 0.0
38 41 42 0.0 0.0 0.0 0.0 14.0 1.0 0.0
38 42 38 0.0 0.0 0.0 0.0 8.0 2.0 0.0
38 42 39 0.0 0.0 0.0 0.0 14.0 1.0 0.0
38 42 40 0.0 0.0 0.0 0.0 38.0 2.0 0.0
38 42 41 0.0 0.0 0.0 0.0 11.0 0.0 0.0
38 42 42 0.0 0.0 0.0 0.0 4.0 0.0 0.0
39 38 38 0.0 0.0 0.0 0.0 11.0 0.0 0.0
39 38 39 0.0 0.0 0.0 0.0 38.0 3.0 0.0
39 38 40 0.0 0.0 0.0 0.0 81.0 5.0 0.0
39 38 41 0.0 0.0 0.0 1.0 49.0 5.0 0.0
39 38 42 0.0 0.0 0.0 1.0 12.0 0.0 0.0
39 39 38 0.0 0.0 0.0 0.0 45.0 3.0 0.0
39 39 39 0.0 0.0 0.0 55.0 8460.0 284.0 106.0
39 39 40 0.0 0.0 0.0 52.0 11555.0 372.0 154.0
39 39 41 0.0 0.0 0.0 11.0 8759.0 280.0 100.0
39 39 42 0.0 0.0 0.0 0.0 52.0 0.0 0.0
39 40 38 0.0 0.0 0.0 0.0 53.0 1.0 0.0
39 40 39 0.0 0.0 0.0 59.0 10082.0 344.0 134.0
39 40 40 0.0 0.0 0.0 31.0 14752.0 478.0 273.0
39 40 41 0.0 0.0 0.0 14.0 10740.0 325.0 136.0
39 40 42 0.0 0.0 0.0 0.0 58.0 1.0 1.0
39 41 38 0.0 0.0 0.0 0.0 40.0 1.0 0.0
39 41 39 0.0 0.0 0.0 5.0 8586.0 297.0 84.0
39 41 40 0.0 0.0 0.0 83.0 12498.0 416.0 214.0
39 41 41 0.0 0.0 0.0 20.0 8649.0 326.0 106.0
39 41 42 0.0 0.0 0.0 0.0 37.0 1.0 0.0
39 42 38 0.0 0.0 0.0 0.0 11.0 0.0 0.0
39 42 39 0.0 0.0 0.0 0.0 42.0 0.0 0.0
39 42 40 0.0 0.0 0.0 0.0 77.0 1.0 0.0
39 42 41 0.0 0.0 0.0 0.0 62.0 1.0 0.0
39 42 42 0.0 0.0 0.0 0.0 10.0 1.0 0.0
40 38 38 0.0 0.0 0.0 0.0 17.0 0.0 0.0
40 38 39 0.0 0.0 0.0 0.0 54.0 2.0 0.0
40 38 40 0.0 0.0 0.0 0.0 111.0 4.0 0.0
40 38 41 0.0 0.0 0.0 0.0 58.0 3.0 0.0
40 38 42 0.0 0.0 0.0 0.0 32.0 3.0 0.0
40 39 38 0.0 0.0 0.0 0.0 44.0 1.0 0.0
40 39 39 0.0 0.0 0.0 10.0 10692.0 383.0 128.0
40 39 40 0.0 0.0 0.0 38.0 14272.0 460.0 280.0
40 39 41 0.0 0.0 0.0 46.0 10876.0 343.0 134.0
40 39 42 0.0 0.0 0.0 0.0 40.0 2.0 0.0
40 40 38 0.0 0.0 0.0 0.0 82.0 2.0 0.0
40 40 39 0.0 0.0 0.0 25.0 14451.0 522.0 256.0
40 40 40 0.0 0.0 0.0 323.0 63835.0 1120.0 39619.0
40 40 41 0.0 0.0 0.0 15.0 14489.0 464.0 285.0
40 40 42 0.0 0.0 0.0 0.0 102.0 2.0 0.0
40 41 38 0.0 0.0 0.0 0.0 92.0 3.0 0.0
40 41 39 0.0 0.0 0.0 11.0 11137.0 389.0 165.0
40 41 40 0.0 0.0 0.0 45.0 14956.0 531.0 288.0
40 41 41 0.0 0.0 0.0 34.0 11112.0 391.0 141.0
40 41 42 0.0 0.0 0.0 0.0 82.0 3.0 0.0
40 42 38 0.0 0.0 0.0 0.0 19.0 0.0 0.0
40 42 39 0.0 0.0 0.0 0.0 84.0 4.0 0.0
40 42 40 0.0 0.0 0.0 0.0 105.0 2.0 0.0
40 42 41 0.0 0.0 0.0 1.0 61.0 3.0 0.0
40 42 42 0.0 0.0 0.0 0.0 21.0 1.0 0.0
41 38 38 0.0 0.0 0.0 0.0 20.0 1.0 0.0
41 38 39 0.0 0.0 0.0 0.0 46.0 0.0 0.0
41 38 40 0.0 0.0 0.0 0.0 39.0 0.0 0.0
41 38 41 0.0 0.0 0.0 0.0 48.0 1.0 0.0
41 38 42 0.0 0.0 0.0 1.0 14.0 0.0 0.0
41 39 38 0.0 0.0 0.0 0.0 50.0 1.0 0.0
41 39 39 0.0 0.0 0.0 18.0 9984.0 319.0 131.0
41 39 40 0.0 0.0 0.0 14.0 10834.0 400.0 153.0
41 39 41 0.0 0.0 0.0 13.0 9301.0 323.0 107.0
41 39 42 0.0 0.0 0.0 0.0 77.0 1.0 0.0
41 40 38 0.0 0.0 0.0 0.0 62.0 2.0 0.0
41 40 39 0.0 0.0 0.0 29.0 11063.0 419.0 163.0
41 40 40 0.0 0.0 0.0 25.0 17479.0 581.0 421.0
41 40 41 0.0 0.0 0.0 20.0 10151.0 322.0 120.0
41 40 42 0.0 0.0 0.0 0.0 58.0 1.0 0.0
41 41 38 0.0 0.0 0.0 0.0 85.0 2.0 0.0
41 41 39 0.0 0.0 0.0 20.0 8826.0 313.0 98.0
41 41 40 0.0 0.0 0.0 7.0 10198.0 302.0 128.0
41 41 41 0.0 0.0 0.0 15.0 8247.0 278.0 82.0
41 41 42 0.0 0.0 0.0 0.0 38.0 0.0 0.0
41 42 38 0.0 0.0 0.0 1.0 8.0 0.0 0.0
41 42 39 0.0 0.0 0.0 0.0 48.0 4.0 0.0
41 42 40 0.0 0.0 0.0 0.0 56.0 2.0 0.0
41 42 41 0.0 0.0 0.0 0.0 46.0 1.0 0.0
41 42 42 0.0 0.0 0.0 0.0 11.0 0.0 0.0
42 38 38 0.0 0.0 0.0 0.0 6.0 1.0 0.0
42 38 39 0.0 0.0 0.0 0.0 17.0 0.0 0.0
42 38 40 0.0 0.0 0.0 0.0 9.0 0.0 0.0
42 38 41 0.0 0.0 0.0 0.0 20.0 1.0 0.0
42 38 42 0.0 0.0 0.0 0.0 2.0 0.0 0.0
42 39 38 0.0 0.0 0.0 0.0 26.0 0.0 0.0
42 39 39 0.0 0.0 0.0 0.0 41.0 0.0 0.0
42 39 40 0.0 0.0 0.0 0.0 86.0 3.0 0.0
42 39 41 0.0 0.0 0.0 0.0 51.0 3.0 0.0
42 39 42 0.0 0.0 0.0 0.0 11.0 0.0 0.0
42 40 38 0.0 0.0 0.0 0.0 43.0 2.0 0.0
42 40 39 0.0 0.0 0.0 0.0 77.0 2.0 0.0
42 40 40 0.0 0.0 0.0 0.0 156.0 3.0 0.0
42 40 41 0.0 0.0 0.0 0.0 83.0 4.0 0.0
42 40 42 0.0 0.0 0.0 0.0 48.0 3.0 0.0
42 41 38 0.0 0.0 0.0 0.0 10.0 0.0 0.0
42 41 39 0.0 0.0 0.0 0.0 62.0 1.0 0.0
42 41 40 0.0 0.0 0.0 0.0 79.0 3.0 0.0
42 41 41 0.0 0.0 0.0 0.0 49.0 2.0 0.0
42 41 42 0.0 0.0 0.0 0.0 17.0 1.0 0.0
42 42 38 0.0 0.0 0.0 0.0 6.0 0.0 0.0
42 42 39 0.0 0.0 0.0 0.0 15.0 0.0 0.0
42 42 40 0.0 0.0 0.0 0.0 13.0 0.0 0.0
42 42 41 0.0 0.0 0.0 0.0 7.0 0.0 0.0
42 42 42 0.0 0.0 0.0 0.0 6.0 0.0 0.0
