36 38 38 0.0 0.0 0.0 0.0 1.0 0.0 0.0
36 38 40 0.0 0.0 0.0 0.0 9.0 0.0 0.0
36 38 41 0.0 0.0 0.0 0.0 1.0 0.0 0.0
36 38 42 0.0 0.0 0.0 0.0 2.0 0.0 0.0
36 39 37 0.0 0.0 0.0 0.0 1.0 0.0 0.0
36 39 38 0.0 0.0 0.0 0.0 4.0 0.0 0.0
36 39 39 0.0 0.0 0.0 0.0 2.0 0.0 0.0
36 39 40 0.0 0.0 0.0 0.0 12.0 2.0 0.0
36 39 41 0.0 0.0 0.0 0.0 1.0 0.0 0.0
36 39 42 0.0 0.0 0.0 0.0 1.0 0.0 0.0
36 39 43 0.0 0.0 0.0 0.0 1.0 0.0 0.0
36 40 37 0.0 0.0 0.0 0.0 3.0 0.0 0.0
36 40 38 0.0 0.0 0.0 0.0 2.0 0.0 0.0
36 40 39 0.0 0.0 0.0 0.0 11.0 0.0 0.0
36 40 40 0.0 0.0 0.0 0.0 11.0 0.0 0.0
36 40 41 0.0 0.0 0.0 0.0 9.0 0.0 0.0
36 40 42 0.0 0.0 0.0 0.0 10.0 1.0 0.0
36 41 37 0.0 0.0 0.0 0.0 1.0 0.0 0.0
36 41 38 0.0 0.0 0.0 0.0 2.0 0.0 0.0
36 41 39 0.0 0.0 0.0 0.0 3.0 0.0 0.0
36 41 40 0.0 0.0 0.0 0.0 9.0 0.0 0.0
36 41 41 0.0 0.0 0.0 0.0 6.0 0.0 0.0
36 41 42 0.0 0.0 0.0 0.0 1.0 0.0 0.0
36 41 43 0.0 0.0 0.0 0.0 1.0 0.0 0.0
36 42 39 0.0 0.0 0.0 0.0 1.0 0.0 0.0
36 42 40 0.0 0.0 0.0 0.0 6.0 0.0 0.0
36 42 41 0.0 0.0 0.0 0.0 4.0 0.0 0.0
36 42 42 0.0 0.0 0.0 0.0 2.0 0.0 0.0
36 42 43 0.0 0.0 0.0 0.0 1.0 0.0 0.0
36 44 38 0.0 0.0 0.0 0.0 1.0 0.0 0.0
37 37 37 0.0 0.0 0.0 0.0 18.0 2.0 0.0
37 37 38 0.0 0.0 0.0 0.0 124.0 5.0 1.0
37 37 39 0.0 0.0 0.0 0.0 295.0 5.0 0.0
37 37 40 0.0 0.0 0.0 0.0 404.0 7.0 0.0
37 37 41 0.0 0.0 0.0 0.0 302.0 12.0 0.0
37 37 42 0.0 0.0 0.0 0.0 139.0 4.0 0.0
37 37 43 0.0 0.0 0.0 0.0 15.0 1.0 0.0
37 38 37 0.0 0.0 0.0 0.0 90.0 4.0 0.0
37 38 38 0.0 0.0 0.0 0.0 696.0 28.0 0.0
37 38 39 0.0 0.0 0.0 2.0 1817.0 60.0 1.0
37 38 40 0.0 0.0 0.0 5.0 2393.0 78.0 4.0
37 38 41 0.0 0.0 0.0 0.0 1896.0 61.0 2.0
37 38 42 0.0 0.0 0.0 0.0 611.0 23.0 0.0
37 38 43 0.0 0.0 0.0 0.0 101.0 4.0 0.0
37 39 37 0.0 0.0 0.0 0.0 294.0 8.0 0.0
37 39 38 0.0 0.0 0.0 0.0 2080.0 78.0 2.0
37 39 39 0.0 0.0 0.0 1.0 4545.0 162.0 16.0
37 39 40 0.0 0.0 0.0 3.0 5769.0 219.0 20.0
37 39 41 0.0 0.0 0.0 1.0 4526.0 154.0 21.0
37 39 42 0.0 0.0 0.0 0.0 1920.0 78.0 4.0
37 39 43 0.0 0.0 0.0 1.0 415.0 9.0 0.0
37 40 36 0.0 0.0 0.0 0.0 1.0 0.0 0.0
37 40 37 0.0 0.0 0.0 0.0 303.0 12.0 0.0
37 40 38 0.0 0.0 0.0 3.0 2411.0 78.0 3.0
37 40 39 0.0 0.0 0.0 0.0 5788.0 205.0 27.0
37 40 40 0.0 0.0 0.0 1.0 7468.0 246.0 36.0
37 40 41 0.0 0.0 0.0 0.0 6084.0 198.0 28.0
37 40 42 0.0 0.0 0.0 1.0 2336.0 84.0 6.0
37 40 43 0.0 0.0 0.0 0.0 389.0 12.0 0.0
37 40 44 0.0 0.0 0.0 0.0 1.0 0.0 0.0
37 41 37 0.0 0.0 0.0 0.0 324.0 10.0 0.0
37 41 38 0.0 0.0 0.0 0.0 1869.0 60.0 1.0
37 41 39 0.0 0.0 0.0 4.0 4657.0 175.0 15.0
37 41 40 0.0 0.0 0.0 3.0 6322.0 198.0 28.0
37 41 41 0.0 0.0 0.0 0.0 4736.0 142.0 7.0
37 41 42 0.0 0.0 0.0 0.0 1893.0 77.0 1.0
37 41 43 0.0 0.0 0.0 0.0 299.0 6.0 0.0
37 42 37 0.0 0.0 0.0 0.0 123.0 7.0 0.0
37 42 38 0.0 0.0 0.0 1.0 703.0 23.0 0.0
37 42 39 0.0 0.0 0.0 0.0 2097.0 72.0 3.0
37 42 40 0.0 0.0 0.0 0.0 2695.0 97.0 4.0
37 42 41 0.0 0.0 0.0 0.0 2048.0 73.0 2.0
37 42 42 0.0 0.0 0.0 0.0 756.0 28.0 0.0
37 42 43 0.0 0.0 0.0 0.0 139.0 5.0 0.0
37 43 37 0.0 0.0 0.0 0.0 18.0 1.0 0.0
37 43 38 0.0 0.0 0.0 0.0 128.0 4.0 0.0
37 43 39 0.0 0.0 0.0 0.0 313.0 13.0 0.0
37 43 40 0.0 0.0 0.0 0.0 455.0 17.0 1.0
37 43 41 0.0 0.0 0.0 0.0 334.0 15.0 0.0
37 43 42 0.0 0.0 0.0 0.0 108.0 1.0 0.0
37 43 43 0.0 0.0 0.0 0.0 14.0 1.0 0.0
37 44 38 0.0 0.0 0.0 0.0 1.0 0.0 0.0
37 44 40 0.0 0.0 0.0 0.0 2.0 0.0 0.0
38 36 38 0.0 0.0 0.0 0.0 2.0 0.0 0.0
38 36 39 0.0 0.0 0.0 0.0 3.0 0.0 0.0
38 36 40 0.0 0.0 0.0 0.0 3.0 0.0 0.0
38 36 41 0.0 0.0 0.0 0.0 1.0 0.0 0.0
38 36 42 0.0 0.0 0.0 0.0 2.0 0.0 0.0
38 37 36 0.0 0.0 0.0 0.0 1.0 0.0 0.0
38 37 37 0.0 0.0 0.0 0.0 95.0 3.0 0.0
38 37 38 0.0 0.0 0.0 0.0 808.0 29.0 0.0
38 37 39 0.0 0.0 0.0 0.0 1682.0 44.0 1.0
38 37 40 0.0 0.0 0.0 3.0 2265.0 66.0 4.0
38 37 41 0.0 0.0 0.0 0.0 1770.0 73.0 5.0
38 37 42 0.0 0.0 0.0 0.0 674.0 25.0 0.0
38 37 43 0.0 0.0 0.0 0.0 127.0 3.0 0.0
38 38 36 0.0 0.0 0.0 0.0 2.0 0.0 0.0
38 38 37 0.0 0.0 0.0 0.0 606.0 20.0 0.0
38 38 38 0.0 0.0 0.0 3.0 15359.0 490.0 276.0
38 38 39 0.0 0.0 0.0 12.0 33939.0 1051.0 1712.0
38 38 40 0.0 0.0 0.0 12.0 42213.0 1198.0 2829.0
38 38 41 0.0 0.0 0.0 6.0 32718.0 975.0 1541.0
38 38 42 0.0 0.0 0.0 4.0 16544.0 576.0 326.0
38 38 43 0.0 0.0 0.0 0.0 739.0 22.0 0.0
38 39 36 0.0 0.0 0.0 0.0 2.0 0.0 0.0
38 39 37 0.0 0.0 0.0 1.0 1878.0 79.0 4.0
38 39 38 0.0 0.0 0.0 9.0 31261.0 959.0 1390.0
38 39 39 0.0 0.0 0.0 26.0 57724.0 1466.0 6622.0
38 39 40 0.0 0.0 0.0 43.0 66437.0 1558.0 10399.0
38 39 41 0.0 0.0 0.0 10.0 56587.0 1384.0 6299.0
38 39 42 0.0 0.0 0.0 5.0 33577.0 979.0 1763.0
38 39 43 0.0 0.0 0.0 0.0 1792.0 53.0 3.0
38 39 44 0.0 0.0 0.0 0.0 2.0 0.0 0.0
38 40 36 0.0 0.0 0.0 0.0 1.0 0.0 0.0
38 40 37 0.0 0.0 0.0 0.0 2277.0 77.0 0.0
38 40 38 0.0 0.0 0.0 6.0 39912.0 1186.0 2472.0
38 40 39 0.0 0.0 0.0 36.0 66637.0 1477.0 10456.0
38 40 40 0.0 0.0 0.0 31.0 73728.0 1578.0 15163.0
38 40 41 0.0 0.0 0.0 17.0 66628.0 1535.0 10331.0
38 40 42 0.0 0.0 0.0 1.0 41065.0 1222.0 2608.0
38 40 43 0.0 0.0 0.0 0.0 2347.0 92.0 6.0
38 40 44 0.0 0.0 0.0 0.0 4.0 0.0 0.0
38 41 36 0.0 0.0 0.0 0.0 2.0 0.0 0.0
38 41 37 0.0 0.0 0.0 0.0 1824.0 62.0 2.0
38 41 38 0.0 0.0 0.0 10.0 31779.0 951.0 1377.0
38 41 39 0.0 0.0 0.0 28.0 59070.0 1430.0 7156.0
38 41 40 0.0 0.0 0.0 21.0 67449.0 1537.0 10733.0
38 41 41 0.0 0.0 0.0 26.0 58532.0 1448.0 7009.0
38 41 42 0.0 0.0 0.0 1.0 32400.0 978.0 1527.0
38 41 43 0.0 0.0 0.0 0.0 1743.0 57.0 3.0
38 41 44 0.0 0.0 0.0 0.0 3.0 0.0 0.0
38 42 36 0.0 0.0 0.0 0.0 1.0 0.0 0.0
38 42 37 0.0 0.0 0.0 0.0 679.0 25.0 0.0
38 42 38 0.0 0.0 0.0 12.0 15354.0 530.0 294.0
38 42 39 0.0 0.0 0.0 9.0 33910.0 984.0 1636.0
38 42 40 0.0 0.0 0.0 42.0 41880.0 1171.0 2914.0
38 42 41 0.0 0.0 0.0 12.0 32432.0 930.0 1517.0
38 42 42 0.0 0.0 0.0 3.0 15469.0 512.0 335.0
38 42 43 0.0 0.0 0.0 0.0 598.0 27.0 0.0
38 43 37 0.0 0.0 0.0 0.0 132.0 6.0 0.0
38 43 38 0.0 0.0 0.0 0.0 720.0 25.0 0.0
38 43 39 0.0 0.0 0.0 1.0 2011.0 59.0 3.0
38 43 40 0.0 0.0 0.0 1.0 2821.0 76.0 8.0
38 43 41 0.0 0.0 0.0 5.0 1887.0 82.0 6.0
38 43 42 0.0 0.0 0.0 0.0 802.0 31.0 0.0
38 43 43 0.0 0.0 0.0 0.0 107.0 5.0 0.0
38 44 39 0.0 0.0 0.0 0.0 3.0 1.0 0.0
38 44 40 0.0 0.0 0.0 0.0 5.0 0.0 0.0
38 44 41 0.0 0.0 0.0 0.0 3.0 0.0 0.0
38 44 43 0.0 0.0 0.0 0.0 1.0 0.0 0.0
39 36 37 0.0 0.0 0.0 0.0 1.0 0.0 0.0
39 36 38 0.0 0.0 0.0 0.0 3.0 0.0 0.0
39 36 39 0.0 0.0 0.0 0.0 3.0 0.0 0.0
39 36 40 0.0 0.0 0.0 0.0 15.0 0.0 0.0
39 36 41 0.0 0.0 0.0 0.0 11.0 0.0 0.0
39 36 42 0.0 0.0 0.0 0.0 14.0 1.0 0.0
39 37 36 0.0 0.0 0.0 0.0 1.0 0.0 0.0
39 37 37 0.0 0.0 0.0 0.0 286.0 12.0 0.0
39 37 38 0.0 0.0 0.0 0.0 1800.0 71.0 1.0
39 37 39 0.0 0.0 0.0 1.0 4424.0 150.0 11.0
39 37 40 0.0 0.0 0.0 0.0 5694.0 196.0 27.0
39 37 41 0.0 0.0 0.0 2.0 4298.0 138.0 14.0
39 37 42 0.0 0.0 0.0 0.0 1911.0 62.0 4.0
39 37 43 0.0 0.0 0.0 0.0 391.0 15.0 0.0
39 37 44 0.0 0.0 0.0 0.0 2.0 0.0 0.0
39 38 37 0.0 0.0 0.0 0.0 1944.0 72.0 2.0
39 38 38 0.0 0.0 0.0 5.0 30476.0 963.0 1373.0
39 38 39 0.0 0.0 0.0 15.0 56952.0 1402.0 6224.0
39 38 40 0.0 0.0 0.0 15.0 66613.0 1510.0 10381.0
39 38 41 0.0 0.0 0.0 20.0 58108.0 1431.0 6859.0
39 38 42 0.0 0.0 0.0 18.0 32048.0 980.0 1364.0
39 38 43 0.0 0.0 0.0 0.0 1835.0 64.0 3.0
39 38 44 0.0 0.0 0.0 0.0 1.0 0.0 0.0
39 39 36 0.0 0.0 0.0 0.0 3.0 0.0 0.0
39 39 37 0.0 0.0 0.0 1.0 4136.0 130.0 6.0
39 39 38 0.0 0.0 0.0 10.0 56246.0 1504.0 5796.0
39 39 39 0.0 0.0 0.0 131.0 68526.0 954.0 56219.0
39 39 40 0.0 0.0 0.0 88.0 66937.0 824.0 65259.0
39 39 41 0.0 0.0 0.0 52.0 68725.0 976.0 56448.0
39 39 42 0.0 0.0 0.0 27.0 57205.0 1400.0 6669.0
39 39 43 0.0 0.0 0.0 1.0 4561.0 151.0 16.0
39 39 44 0.0 0.0 0.0 0.0 7.0 0.0 0.0
39 40 36 0.0 0.0 0.0 0.0 8.0 0.0 0.0
39 40 37 0.0 0.0 0.0 0.0 5841.0 203.0 21.0
39 40 38 0.0 0.0 0.0 7.0 66857.0 1536.0 10205.0
39 40 39 0.0 0.0 0.0 110.0 69014.0 909.0 63390.0
39 40 40 0.0 0.0 0.0 51.0 65737.0 692.0 75536.0
39 40 41 0.0 0.0 0.0 40.0 67955.0 835.0 64274.0
39 40 42 0.0 0.0 0.0 29.0 65881.0 1506.0 10007.0
39 40 43 0.0 0.0 0.0 2.0 5787.0 207.0 20.0
39 40 44 0.0 0.0 0.0 0.0 14.0 1.0 0.0
39 41 36 0.0 0.0 0.0 0.0 4.0 0.0 0.0
39 41 37 0.0 0.0 0.0 3.0 4434.0 138.0 16.0
39 41 38 0.0 0.0 0.0 11.0 56503.0 1419.0 6284.0
39 41 39 0.0 0.0 0.0 25.0 68942.0 911.0 56527.0
39 41 40 0.0 0.0 0.0 154.0 66572.0 827.0 66739.0
39 41 41 0.0 0.0 0.0 41.0 69108.0 964.0 56051.0
39 41 42 0.0 0.0 0.0 24.0 57228.0 1379.0 6220.0
39 41 43 0.0 0.0 0.0 1.0 4140.0 135.0 15.0
39 41 44 0.0 0.0 0.0 0.0 9.0 0.0 0.0
39 42 37 0.0 0.0 0.0 0.0 1736.0 66.0 2.0
39 42 38 0.0 0.0 0.0 4.0 32293.0 956.0 1429.0
39 42 39 0.0 0.0 0.0 13.0 58842.0 1439.0 7126.0
39 42 40 0.0 0.0 0.0 37.0 67536.0 1601.0 10852.0
39 42 41 0.0 0.0 0.0 28.0 59591.0 1464.0 7023.0
39 42 42 0.0 0.0 0.0 24.0 31261.0 922.0 1350.0
39 42 43 0.0 0.0 0.0 0.0 2089.0 51.0 7.0
39 43 37 0.0 0.0 0.0 0.0 295.0 9.0 0.0
39 43 38 0.0 0.0 0.0 1.0 1810.0 68.0 0.0
39 43 39 0.0 0.0 0.0 1.0 4675.0 157.0 16.0
39 43 40 0.0 0.0 0.0 1.0 5982.0 184.0 24.0
39 43 41 0.0 0.0 0.0 1.0 4849.0 166.0 11.0
39 43 42 0.0 0.0 0.0 2.0 1647.0 55.0 5.0
39 43 43 0.0 0.0 0.0 0.0 341.0 7.0 0.0
39 44 37 0.0 0.0 0.0 0.0 1.0 0.0 0.0
39 44 38 0.0 0.0 0.0 0.0 2.0 0.0 0.0
39 44 39 0.0 0.0 0.0 0.0 6.0 0.0 0.0
39 44 40 0.0 0.0 0.0 0.0 14.0 2.0 0.0
39 44 41 0.0 0.0 0.0 0.0 10.0 0.0 0.0
39 44 42 0.0 0.0 0.0 0.0 3.0 0.0 0.0
40 36 37 0.0 0.0 0.0 0.0 5.0 0.0 0.0
40 36 38 0.0 0.0 0.0 0.0 2.0 0.0 0.0
40 36 39 0.0 0.0 0.0 0.0 10.0 0.0 0.0
40 36 40 0.0 0.0 0.0 0.0 12.0 0.0 0.0
40 36 41 0.0 0.0 0.0 0.0 8.0 0.0 0.0
40 37 37 0.0 0.0 0.0 0.0 435.0 17.0 0.0
40 37 38 0.0 0.0 0.0 0.0 2194.0 80.0 1.0
40 37 39 0.0 0.0 0.0 1.0 5747.0 182.0 24.0
40 37 40 0.0 0.0 0.0 6.0 7435.0 257.0 44.0
40 37 41 0.0 0.0 0.0 0.0 5862.0 214.0 38.0
40 37 42 0.0 0.0 0.0 0.0 2309.0 75.0 3.0
40 37 43 0.0 0.0 0.0 0.0 547.0 24.0 0.0
40 38 36 0.0 0.0 0.0 0.0 4.0 0.0 0.0
40 38 37 0.0 0.0 0.0 0.0 2389.0 83.0 3.0
40 38 38 0.0 0.0 0.0 12.0 43167.0 1255.0 3142.0
40 38 39 0.0 0.0 0.0 20.0 65784.0 1463.0 9802.0
40 38 40 0.0 0.0 0.0 22.0 74331.0 1545.0 15733.0
40 38 41 0.0 0.0 0.0 26.0 66404.0 1457.0 10136.0
40 38 42 0.0 0.0 0.0 9.0 42241.0 1267.0 2827.0
40 38 43 0.0 0.0 0.0 3.0 2499.0 86.0 6.0
40 38 44 0.0 0.0 0.0 0.0 3.0 0.0 0.0
40 39 36 0.0 0.0 0.0 0.0 11.0 0.0 0.0
40 39 37 0.0 0.0 0.0 0.0 6262.0 218.0 30.0
40 39 38 0.0 0.0 0.0 18.0 66785.0 1519.0 10398.0
40 39 39 0.0 0.0 0.0 65.0 67860.0 887.0 64209.0
40 39 40 0.0 0.0 0.0 88.0 65723.0 687.0 75059.0
40 39 41 0.0 0.0 0.0 114.0 67725.0 883.0 64674.0
40 39 42 0.0 0.0 0.0 16.0 65426.0 1505.0 9765.0
40 39 43 0.0 0.0 0.0 2.0 5764.0 182.0 31.0
40 39 44 0.0 0.0 0.0 0.0 8.0 0.0 0.0
40 40 36 0.0 0.0 0.0 0.0 13.0 0.0 0.0
40 40 37 0.0 0.0 0.0 0.0 7500.0 259.0 50.0
40 40 38 0.0 0.0 0.0 31.0 73775.0 1581.0 15436.0
40 40 39 0.0 0.0 0.0 49.0 65749.0 752.0 75412.0
40 40 40 0.0 0.0 0.0 91.0 41310.0 241.0 127035.0
40 40 41 0.0 0.0 0.0 41.0 66277.0 738.0 75096.0
40 40 42 0.0 0.0 0.0 44.0 74370.0 1569.0 15378.0
40 40 43 0.0 0.0 0.0 1.0 7483.0 262.0 44.0
40 40 44 0.0 0.0 0.0 0.0 11.0 0.0 0.0
40 41 36 0.0 0.0 0.0 0.0 17.0 0.0 0.0
40 41 37 0.0 0.0 0.0 0.0 5974.0 210.0 26.0
40 41 38 0.0 0.0 0.0 20.0 66542.0 1491.0 10388.0
40 41 39 0.0 0.0 0.0 42.0 67825.0 871.0 64916.0
40 41 40 0.0 0.0 0.0 73.0 66064.0 745.0 75133.0
40 41 41 0.0 0.0 0.0 70.0 67523.0 840.0 65383.0
40 41 42 0.0 0.0 0.0 13.0 66658.0 1482.0 10648.0
40 41 43 0.0 0.0 0.0 1.0 5733.0 210.0 22.0
40 41 44 0.0 0.0 0.0 0.0 13.0 0.0 0.0
40 42 36 0.0 0.0 0.0 0.0 2.0 0.0 0.0
40 42 37 0.0 0.0 0.0 0.0 2477.0 87.0 2.0
40 42 38 0.0 0.0 0.0 8.0 41706.0 1117.0 2702.0
40 42 39 0.0 0.0 0.0 24.0 66782.0 1508.0 10593.0
40 42 40 0.0 0.0 0.0 54.0 74595.0 1508.0 16119.0
40 42 41 0.0 0.0 0.0 44.0 66001.0 1477.0 10324.0
40 42 42 0.0 0.0 0.0 3.0 41011.0 1137.0 2623.0
40 42 43 0.0 0.0 0.0 5.0 2300.0 80.0 3.0
40 43 36 0.0 0.0 0.0 0.0 2.0 0.0 0.0
40 43 37 0.0 0.0 0.0 0.0 435.0 18.0 0.0
40 43 38 0.0 0.0 0.0 0.0 2308.0 68.0 4.0
40 43 39 0.0 0.0 0.0 2.0 6310.0 216.0 35.0
40 43 40 0.0 0.0 0.0 0.0 8166.0 280.0 60.0
40 43 41 0.0 0.0 0.0 1.0 5946.0 202.0 21.0
40 43 42 0.0 0.0 0.0 0.0 2436.0 79.0 5.0
40 43 43 0.0 0.0 0.0 0.0 414.0 14.0 0.0
40 44 37 0.0 0.0 0.0 0.0 1.0 0.0 0.0
40 44 38 0.0 0.0 0.0 0.0 2.0 0.0 0.0
40 44 39 0.0 0.0 0.0 0.0 8.0 1.0 0.0
40 44 40 0.0 0.0 0.0 0.0 7.0 0.0 0.0
40 44 41 0.0 0.0 0.0 0.0 13.0 1.0 0.0
41 36 37 0.0 0.0 0.0 0.0 2.0 0.0 0.0
41 36 39 0.0 0.0 0.0 0.0 5.0 0.0 0.0
41 36 40 0.0 0.0 0.0 0.0 9.0 1.0 0.0
41 36 41 0.0 0.0 0.0 0.0 7.0 0.0 0.0
41 36 42 0.0 0.0 0.0 0.0 6.0 0.0 0.0
41 37 37 0.0 0.0 0.0 0.0 330.0 17.0 0.0
41 37 38 0.0 0.0 0.0 0.0 1946.0 70.0 2.0
41 37 39 0.0 0.0 0.0 1.0 4446.0 166.0 10.0
41 37 40 0.0 0.0 0.0 1.0 5409.0 196.0 16.0
41 37 41 0.0 0.0 0.0 0.0 4526.0 174.0 11.0
41 37 42 0.0 0.0 0.0 0.0 1836.0 72.0 0.0
41 37 43 0.0 0.0 0.0 0.0 331.0 12.0 0.0
41 37 44 0.0 0.0 0.0 0.0 1.0 0.0 0.0
41 38 36 0.0 0.0 0.0 0.0 4.0 0.0 0.0
41 38 37 0.0 0.0 0.0 0.0 1865.0 57.0 2.0
41 38 38 0.0 0.0 0.0 3.0 32884.0 951.0 1546.0
41 38 39 0.0 0.0 0.0 7.0 58093.0 1472.0 6660.0
41 38 40 0.0 0.0 0.0 10.0 66092.0 1476.0 10276.0
41 38 41 0.0 0.0 0.0 5.0 57502.0 1463.0 6479.0
41 38 42 0.0 0.0 0.0 26.0 32574.0 937.0 1573.0
41 38 43 0.0 0.0 0.0 0.0 1895.0 68.0 0.0
41 39 36 0.0 0.0 0.0 0.0 11.0 1.0 0.0
41 39 37 0.0 0.0 0.0 3.0 4549.0 159.0 18.0
41 39 38 0.0 0.0 0.0 7.0 58761.0 1454.0 6841.0
41 39 39 0.0 0.0 0.0 31.0 67585.0 947.0 58332.0
41 39 40 0.0 0.0 0.0 51.0 67754.0 848.0 65080.0
41 39 41 0.0 0.0 0.0 52.0 67539.0 1002.0 58143.0
41 39 42 0.0 0.0 0.0 7.0 58637.0 1469.0 6846.0
41 39 43 0.0 0.0 0.0 0.0 4560.0 153.0 12.0
41 39 44 0.0 0.0 0.0 0.0 6.0 0.0 0.0
41 40 36 0.0 0.0 0.0 0.0 10.0 1.0 0.0
41 40 37 0.0 0.0 0.0 0.0 5906.0 198.0 33.0
41 40 38 0.0 0.0 0.0 32.0 66482.0 1494.0 10278.0
41 40 39 0.0 0.0 0.0 85.0 67283.0 845.0 65131.0
41 40 40 0.0 0.0 0.0 47.0 64253.0 710.0 78191.0
41 40 41 0.0 0.0 0.0 47.0 68370.0 895.0 63926.0
41 40 42 0.0 0.0 0.0 12.0 66319.0 1543.0 10307.0
41 40 43 0.0 0.0 0.0 2.0 5987.0 211.0 27.0
41 40 44 0.0 0.0 0.0 0.0 7.0 0.0 0.0
41 41 36 0.0 0.0 0.0 0.0 8.0 1.0 0.0
41 41 37 0.0 0.0 0.0 0.0 4535.0 162.0 10.0
41 41 38 0.0 0.0 0.0 11.0 59443.0 1359.0 7239.0
41 41 39 0.0 0.0 0.0 53.0 69117.0 1017.0 56655.0
41 41 40 0.0 0.0 0.0 43.0 68629.0 886.0 63714.0
41 41 41 0.0 0.0 0.0 63.0 69421.0 1009.0 55384.0
41 41 42 0.0 0.0 0.0 28.0 57263.0 1437.0 6561.0
41 41 43 0.0 0.0 0.0 1.0 4582.0 144.0 13.0
41 41 44 0.0 0.0 0.0 0.0 8.0 0.0 0.0
41 42 36 0.0 0.0 0.0 0.0 7.0 0.0 0.0
41 42 37 0.0 0.0 0.0 0.0 1972.0 63.0 4.0
41 42 38 0.0 0.0 0.0 20.0 32642.0 1006.0 1469.0
41 42 39 0.0 0.0 0.0 24.0 58611.0 1518.0 6966.0
41 42 40 0.0 0.0 0.0 12.0 66442.0 1487.0 10108.0
41 42 41 0.0 0.0 0.0 8.0 56629.0 1356.0 6379.0
41 42 42 0.0 0.0 0.0 3.0 32444.0 953.0 1568.0
41 42 43 0.0 0.0 0.0 0.0 1897.0 69.0 3.0
41 42 44 0.0 0.0 0.0 0.0 1.0 0.0 0.0
41 43 37 0.0 0.0 0.0 0.0 307.0 14.0 0.0
41 43 38 0.0 0.0 0.0 0.0 1902.0 68.0 4.0
41 43 39 0.0 0.0 0.0 0.0 4203.0 147.0 26.0
41 43 40 0.0 0.0 0.0 1.0 6009.0 201.0 32.0
41 43 41 0.0 0.0 0.0 3.0 4532.0 167.0 12.0
41 43 42 0.0 0.0 0.0 1.0 1843.0 72.0 3.0
41 43 43 0.0 0.0 0.0 0.0 306.0 15.0 0.0
41 44 37 0.0 0.0 0.0 0.0 1.0 0.0 0.0
41 44 38 0.0 0.0 0.0 0.0 5.0 1.0 0.0
41 44 39 0.0 0.0 0.0 0.0 8.0 0.0 0.0
41 44 40 0.0 0.0 0.0 0.0 11.0 1.0 0.0
41 44 41 0.0 0.0 0.0 0.0 8.0 1.0 0.0
41 44 42 0.0 0.0 0.0 0.0 2.0 0.0 0.0
42 36 39 0.0 0.0 0.0 0.0 1.0 0.0 0.0
42 36 41 0.0 0.0 0.0 0.0 7.0 0.0 0.0
42 36 42 0.0 0.0 0.0 0.0 1.0 0.0 0.0
42 37 37 0.0 0.0 0.0 0.0 173.0 9.0 0.0
42 37 38 0.0 0.0 0.0 0.0 825.0 34.0 0.0
42 37 39 0.0 0.0 0.0 0.0 1833.0 74.0 2.0
42 37 40 0.0 0.0 0.0 2.0 2524.0 84.0 4.0
42 37 41 0.0 0.0 0.0 0.0 1800.0 70.0 2.0
42 37 42 0.0 0.0 0.0 0.0 742.0 26.0 0.0
42 37 43 0.0 0.0 0.0 0.0 129.0 2.0 0.0
42 38 36 0.0 0.0 0.0 0.0 1.0 0.0 0.0
42 38 37 0.0 0.0 0.0 0.0 868.0 28.0 0.0
42 38 38 0.0 0.0 0.0 4.0 17630.0 587.0 380.0
42 38 39 0.0 0.0 0.0 16.0 34268.0 1050.0 1775.0
42 38 40 0.0 0.0 0.0 4.0 43065.0 1253.0 2986.0
42 38 41 0.0 0.0 0.0 9.0 33398.0 1005.0 1622.0
42 38 42 0.0 0.0 0.0 2.0 16506.0 580.0 339.0
42 38 43 0.0 0.0 0.0 0.0 786.0 28.0 0.0
42 38 44 0.0 0.0 0.0 0.0 2.0 1.0 0.0
42 39 36 0.0 0.0 0.0 0.0 3.0 0.0 0.0
42 39 37 0.0 0.0 0.0 0.0 2069.0 77.0 3.0
42 39 38 0.0 0.0 0.0 9.0 34750.0 1031.0 1742.0
42 39 39 0.0 0.0 0.0 41.0 60017.0 1439.0 7413.0
42 39 40 0.0 0.0 0.0 18.0 67261.0 1416.0 11062.0
42 39 41 0.0 0.0 0.0 10.0 58754.0 1445.0 6957.0
42 39 42 0.0 0.0 0.0 2.0 33182.0 969.0 1599.0
42 39 43 0.0 0.0 0.0 0.0 1867.0 66.0 2.0
42 39 44 0.0 0.0 0.0 0.0 2.0 0.0 0.0
42 40 36 0.0 0.0 0.0 0.0 5.0 0.0 0.0
42 40 37 0.0 0.0 0.0 0.0 2786.0 103.0 1.0
42 40 38 0.0 0.0 0.0 19.0 43421.0 1153.0 3167.0
42 40 39 0.0 0.0 0.0 9.0 67432.0 1441.0 10962.0
42 40 40 0.0 0.0 0.0 29.0 76006.0 1604.0 17146.0
42 40 41 0.0 0.0 0.0 12.0 67386.0 1444.0 11027.0
42 40 42 0.0 0.0 0.0 27.0 42515.0 1206.0 2767.0
42 40 43 0.0 0.0 0.0 1.0 2436.0 81.0 6.0
42 40 44 0.0 0.0 0.0 0.0 2.0 0.0 0.0
42 41 36 0.0 0.0 0.0 0.0 2.0 0.0 0.0
42 41 37 0.0 0.0 0.0 0.0 1942.0 67.0 3.0
42 41 38 0.0 0.0 0.0 3.0 32439.0 982.0 1421.0
42 41 39 0.0 0.0 0.0 14.0 59395.0 1475.0 7263.0
42 41 40 0.0 0.0 0.0 20.0 67315.0 1554.0 10652.0
42 41 41 0.0 0.0 0.0 26.0 58097.0 1418.0 6608.0
42 41 42 0.0 0.0 0.0 11.0 31086.0 925.0 1342.0
42 41 43 0.0 0.0 0.0 1.0 1867.0 67.0 3.0
42 41 44 0.0 0.0 0.0 0.0 3.0 0.0 0.0
42 42 36 0.0 0.0 0.0 0.0 3.0 1.0 0.0
42 42 37 0.0 0.0 0.0 0.0 856.0 39.0 0.0
42 42 38 0.0 0.0 0.0 15.0 16255.0 554.0 335.0
42 42 39 0.0 0.0 0.0 1.0 32433.0 966.0 1445.0
42 42 40 0.0 0.0 0.0 1.0 41176.0 1137.0 2664.0
42 42 41 0.0 0.0 0.0 2.0 32817.0 1002.0 1567.0
42 42 42 0.0 0.0 0.0 8.0 16132.0 554.0 333.0
42 42 43 0.0 0.0 0.0 0.0 784.0 28.0 0.0
42 42 44 0.0 0.0 0.0 0.0 1.0 0.0 0.0
42 43 37 0.0 0.0 0.0 0.0 110.0 2.0 0.0
42 43 38 0.0 0.0 0.0 0.0 797.0 31.0 0.0
42 43 39 0.0 0.0 0.0 0.0 1971.0 87.0 2.0
42 43 40 0.0 0.0 0.0 0.0 2405.0 72.0 7.0
42 43 41 0.0 0.0 0.0 0.0 1999.0 80.0 4.0
42 43 42 0.0 0.0 0.0 0.0 731.0 33.0 0.0
42 43 43 0.0 0.0 0.0 0.0 136.0 4.0 0.0
42 44 38 0.0 0.0 0.0 0.0 1.0 0.0 0.0
42 44 40 0.0 0.0 0.0 0.0 2.0 0.0 0.0
42 44 41 0.0 0.0 0.0 0.0 2.0 0.0 0.0
42 44 42 0.0 0.0 0.0 0.0 1.0 0.0 0.0
43 36 42 0.0 0.0 0.0 0.0 1.0 0.0 0.0
43 37 37 0.0 0.0 0.0 0.0 33.0 3.0 0.0
43 37 38 0.0 0.0 0.0 0.0 146.0 8.0 0.0
43 37 39 0.0 0.0 0.0 0.0 366.0 16.0 0.0
43 37 40 0.0 0.0 0.0 0.0 516.0 16.0 0.0
43 37 41 0.0 0.0 0.0 0.0 299.0 10.0 0.0
43 37 42 0.0 0.0 0.0 0.0 125.0 5.0 0.0
43 37 43 0.0 0.0 0.0 0.0 34.0 0.0 0.0
43 38 37 0.0 0.0 0.0 0.0 176.0 5.0 0.0
43 38 38 0.0 0.0 0.0 0.0 995.0 35.0 1.0
43 38 39 0.0 0.0 0.0 2.0 1897.0 53.0 3.0
43 38 40 0.0 0.0 0.0 0.0 2418.0 74.0 4.0
43 38 41 0.0 0.0 0.0 0.0 1922.0 71.0 6.0
43 38 42 0.0 0.0 0.0 0.0 720.0 18.0 1.0
43 38 43 0.0 0.0 0.0 0.0 105.0 4.0 0.0
43 39 36 0.0 0.0 0.0 0.0 1.0 0.0 0.0
43 39 37 0.0 0.0 0.0 0.0 361.0 10.0 0.0
43 39 38 0.0 0.0 0.0 0.0 2153.0 69.0 4.0
43 39 39 0.0 0.0 0.0 0.0 5206.0 157.0 22.0
43 39 40 0.0 0.0 0.0 1.0 6501.0 220.0 40.0
43 39 41 0.0 0.0 0.0 0.0 4900.0 185.0 15.0
43 39 42 0.0 0.0 0.0 0.0 2054.0 86.0 7.0
43 39 43 0.0 0.0 0.0 0.0 323.0 15.0 0.0
43 40 36 0.0 0.0 0.0 0.0 1.0 0.0 0.0
43 40 37 0.0 0.0 0.0 0.0 402.0 11.0 0.0
43 40 38 0.0 0.0 0.0 0.0 2888.0 85.0 9.0
43 40 39 0.0 0.0 0.0 0.0 6616.0 247.0 36.0
43 40 40 0.0 0.0 0.0 4.0 8462.0 298.0 44.0
43 40 41 0.0 0.0 0.0 0.0 6274.0 211.0 36.0
43 40 42 0.0 0.0 0.0 0.0 2442.0 75.0 3.0
43 40 43 0.0 0.0 0.0 0.0 440.0 16.0 0.0
43 41 37 0.0 0.0 0.0 0.0 343.0 9.0 0.0
43 41 38 0.0 0.0 0.0 0.0 1998.0 73.0 3.0
43 41 39 0.0 0.0 0.0 0.0 4922.0 165.0 31.0
43 41 40 0.0 0.0 0.0 4.0 6353.0 225.0 29.0
43 41 41 0.0 0.0 0.0 0.0 4942.0 167.0 18.0
43 41 42 0.0 0.0 0.0 0.0 1980.0 80.0 4.0
43 41 43 0.0 0.0 0.0 0.0 328.0 16.0 0.0
43 42 37 0.0 0.0 0.0 0.0 153.0 6.0 0.0
43 42 38 0.0 0.0 0.0 0.0 710.0 22.0 0.0
43 42 39 0.0 0.0 0.0 0.0 1880.0 68.0 2.0
43 42 40 0.0 0.0 0.0 1.0 2684.0 107.0 5.0
43 42 41 0.0 0.0 0.0 0.0 1850.0 56.0 3.0
43 42 42 0.0 0.0 0.0 0.0 647.0 29.0 2.0
43 42 43 0.0 0.0 0.0 0.0 98.0 6.0 0.0
43 42 44 0.0 0.0 0.0 0.0 1.0 0.0 0.0
43 43 37 0.0 0.0 0.0 0.0 32.0 1.0 0.0
43 43 38 0.0 0.0 0.0 0.0 160.0 6.0 0.0
43 43 39 0.0 0.0 0.0 0.0 287.0 9.0 1.0
43 43 40 0.0 0.0 0.0 0.0 380.0 14.0 0.0
43 43 41 0.0 0.0 0.0 0.0 278.0 15.0 0.0
43 43 42 0.0 0.0 0.0 0.0 112.0 4.0 0.0
43 43 43 0.0 0.0 0.0 0.0 12.0 0.0 0.0
43 44 38 0.0 0.0 0.0 0.0 1.0 0.0 0.0
44 37 41 0.0 0.0 0.0 0.0 1.0 0.0 0.0
44 38 39 0.0 0.0 0.0 0.0 6.0 0.0 0.0
44 38 40 0.0 0.0 0.0 0.0 2.0 0.0 0.0
44 38 41 0.0 0.0 0.0 0.0 2.0 0.0 0.0
44 38 42 0.0 0.0 0.0 0.0 1.0 0.0 0.0
44 39 38 0.0 0.0 0.0 0.0 1.0 0.0 0.0
44 39 39 0.0 0.0 0.0 0.0 1.0 0.0 0.0
44 39 40 0.0 0.0 0.0 0.0 12.0 1.0 0.0
44 39 41 0.0 0.0 0.0 0.0 7.0 0.0 0.0
44 40 37 0.0 0.0 0.0 0.0 1.0 0.0 0.0
44 40 38 0.0 0.0 0.0 0.0 10.0 0.0 0.0
44 40 39 0.0 0.0 0.0 0.0 23.0 0.0 0.0
44 40 40 0.0 0.0 0.0 0.0 19.0 1.0 0.0
44 40 41 0.0 0.0 0.0 0.0 12.0 0.0 0.0
44 40 42 0.0 0.0 0.0 0.0 5.0 0.0 0.0
44 41 38 0.0 0.0 0.0 0.0 2.0 1.0 0.0
44 41 39 0.0 0.0 0.0 0.0 5.0 0.0 0.0
44 41 40 0.0 0.0 0.0 0.0 8.0 1.0 0.0
44 41 41 0.0 0.0 0.0 0.0 5.0 0.0 0.0
44 41 42 0.0 0.0 0.0 0.0 2.0 0.0 0.0
44 41 43 0.0 0.0 0.0 0.0 1.0 0.0 0.0
44 42 38 0.0 0.0 0.0 0.0 2.0 0.0 0.0
44 42 39 0.0 0.0 0.0 0.0 4.0 0.0 0.0
44 42 40 0.0 0.0 0.0 0.0 3.0 0.0 0.0
44 42 41 0.0 0.0 0.0 0.0 4.0 0.0 0.0
44 42 42 0.0 0.0 0.0 0.0 1.0 0.0 0.0
44 42 43 0.0 0.0 0.0 0.0 1.0 0.0 0.0
44 43 39 0.0 0.0 0.0 0.0 2.0 1.0 0.0
44 43 40 0.0 0.0 0.0 0.0 2.0 0.0 0.0
