33 40 39 0.0 0.0 0.0 0.0 1.0 0.0 0.0
33 40 42 0.0 0.0 0.0 0.0 1.0 0.0 0.0
33 43 42 0.0 0.0 0.0 0.0 1.0 0.0 0.0
34 35 39 0.0 0.0 0.0 0.0 1.0 0.0 0.0
34 35 41 0.0 0.0 0.0 0.0 1.0 0.0 0.0
34 36 37 0.0 0.0 0.0 0.0 2.0 0.0 0.0
34 36 38 0.0 0.0 0.0 0.0 9.0 0.0 0.0
34 36 39 0.0 0.0 0.0 0.0 22.0 0.0 0.0
34 36 40 0.0 0.0 0.0 0.0 28.0 1.0 0.0
34 36 41 0.0 0.0 0.0 0.0 18.0 0.0 0.0
34 36 42 0.0 0.0 0.0 0.0 3.0 0.0 0.0
34 37 36 0.0 0.0 0.0 0.0 2.0 0.0 0.0
34 37 37 0.0 0.0 0.0 0.0 21.0 3.0 0.0
34 37 38 0.0 0.0 0.0 0.0 63.0 0.0 0.0
34 37 39 0.0 0.0 0.0 0.0 124.0 6.0 0.0
34 37 40 0.0 0.0 0.0 0.0 174.0 4.0 0.0
34 37 41 0.0 0.0 0.0 0.0 128.0 7.0 0.0
34 37 42 0.0 0.0 0.0 0.0 59.0 1.0 0.0
34 37 43 0.0 0.0 0.0 0.0 10.0 0.0 0.0
34 37 44 0.0 0.0 0.0 0.0 2.0 1.0 0.0
34 38 35 0.0 0.0 0.0 0.0 7.0 0.0 0.0
34 38 36 0.0 0.0 0.0 0.0 9.0 0.0 0.0
34 38 37 0.0 0.0 0.0 0.0 65.0 1.0 0.0
34 38 38 0.0 0.0 0.0 0.0 202.0 6.0 0.0
34 38 39 0.0 0.0 0.0 0.0 427.0 13.0 0.0
34 38 40 0.0 0.0 0.0 0.0 558.0 14.0 0.0
34 38 41 0.0 0.0 0.0 0.0 391.0 13.0 0.0
34 38 42 0.0 0.0 0.0 0.0 216.0 10.0 0.0
34 38 43 0.0 0.0 0.0 0.0 66.0 4.0 0.0
34 38 44 0.0 0.0 0.0 0.0 14.0 0.0 0.0
34 39 35 0.0 0.0 0.0 0.0 1.0 0.0 0.0
34 39 36 0.0 0.0 0.0 0.0 17.0 1.0 0.0
34 39 37 0.0 0.0 0.0 0.0 138.0 4.0 0.0
34 39 38 0.0 0.0 0.0 0.0 336.0 4.0 0.0
34 39 39 0.0 0.0 0.0 0.0 794.0 31.0 0.0
34 39 40 0.0 0.0 0.0 0.0 986.0 29.0 0.0
34 39 41 0.0 0.0 0.0 0.0 767.0 25.0 0.0
34 39 42 0.0 0.0 0.0 0.0 419.0 11.0 0.0
34 39 43 0.0 0.0 0.0 0.0 133.0 2.0 0.0
34 39 44 0.0 0.0 0.0 0.0 17.0 0.0 0.0
34 39 45 0.0 0.0 0.0 0.0 1.0 0.0 0.0
34 40 36 0.0 0.0 0.0 0.0 22.0 0.0 0.0
34 40 37 0.0 0.0 0.0 0.0 137.0 4.0 0.0
34 40 38 0.0 0.0 0.0 0.0 596.0 21.0 0.0
34 40 39 0.0 0.0 0.0 0.0 1013.0 29.0 1.0
34 40 40 0.0 0.0 0.0 0.0 1336.0 49.0 0.0
34 40 41 0.0 0.0 0.0 0.0 989.0 28.0 0.0
34 40 42 0.0 0.0 0.0 0.0 511.0 14.0 0.0
34 40 43 0.0 0.0 0.0 0.0 137.0 5.0 0.0
34 40 44 0.0 0.0 0.0 0.0 14.0 0.0 0.0
34 40 45 0.0 0.0 0.0 0.0 1.0 0.0 0.0
34 41 35 0.0 0.0 0.0 0.0 1.0 0.0 0.0
34 41 36 0.0 0.0 0.0 0.0 27.0 2.0 0.0
34 41 37 0.0 0.0 0.0 0.0 106.0 5.0 0.0
34 41 38 0.0 0.0 0.0 0.0 398.0 6.0 0.0
34 41 39 0.0 0.0 0.0 0.0 816.0 30.0 0.0
34 41 40 0.0 0.0 0.0 0.0 1037.0 36.0 0.0
34 41 41 0.0 0.0 0.0 0.0 826.0 30.0 0.0
34 41 42 0.0 0.0 0.0 0.0 467.0 18.0 0.0
34 41 43 0.0 0.0 0.0 0.0 122.0 4.0 0.0
34 41 44 0.0 0.0 0.0 0.0 12.0 0.0 0.0
34 42 35 0.0 0.0 0.0 0.0 2.0 0.0 0.0
34 42 36 0.0 0.0 0.0 0.0 9.0 0.0 0.0
34 42 37 0.0 0.0 0.0 0.0 66.0 5.0 0.0
34 42 38 0.0 0.0 0.0 0.0 244.0 10.0 0.0
34 42 39 0.0 0.0 0.0 0.0 433.0 14.0 0.0
34 42 40 0.0 0.0 0.0 0.0 599.0 19.0 0.0
34 42 41 0.0 0.0 0.0 0.0 435.0 17.0 0.0
34 42 42 0.0 0.0 0.0 0.0 227.0 6.0 0.0
34 42 43 0.0 0.0 0.0 0.0 60.0 2.0 0.0
34 42 44 0.0 0.0 0.0 0.0 28.0 1.0 0.0
34 43 37 0.0 0.0 0.0 0.0 14.0 0.0 0.0
34 43 38 0.0 0.0 0.0 0.0 56.0 3.0 0.0
34 43 39 0.0 0.0 0.0 0.0 129.0 5.0 0.0
34 43 40 0.0 0.0 0.0 0.0 165.0 2.0 0.0
34 43 41 0.0 0.0 0.0 0.0 174.0 3.0 0.0
34 43 42 0.0 0.0 0.0 0.0 75.0 5.0 0.0
34 43 43 0.0 0.0 0.0 0.0 8.0 1.0 0.0
34 43 44 0.0 0.0 0.0 0.0 1.0 0.0 0.0
34 44 36 0.0 0.0 0.0 0.0 2.0 0.0 0.0
34 44 37 0.0 0.0 0.0 0.0 1.0 0.0 0.0
34 44 38 0.0 0.0 0.0 0.0 14.0 0.0 0.0
34 44 39 0.0 0.0 0.0 0.0 21.0 0.0 0.0
34 44 40 0.0 0.0 0.0 0.0 37.0 2.0 0.0
34 44 41 0.0 0.0 0.0 0.0 13.0 0.0 0.0
34 44 42 0.0 0.0 0.0 0.0 10.0 0.0 0.0
35 34 41 0.0 0.0 0.0 0.0 1.0 0.0 0.0
35 35 37 0.0 0.0 0.0 0.0 26.0 2.0 0.0
35 35 38 0.0 0.0 0.0 0.0 90.0 2.0 0.0
35 35 39 0.0 0.0 0.0 0.0 198.0 8.0 0.0
35 35 40 0.0 0.0 0.0 0.0 241.0 5.0 0.0
35 35 41 0.0 0.0 0.0 0.0 204.0 7.0 0.0
35 35 42 0.0 0.0 0.0 0.0 99.0 2.0 0.0
35 35 43 0.0 0.0 0.0 0.0 16.0 0.0 0.0
35 35 44 0.0 0.0 0.0 0.0 7.0 0.0 0.0
35 36 35 0.0 0.0 0.0 0.0 3.0 0.0 0.0
35 36 36 0.0 0.0 0.0 0.0 58.0 2.0 0.0
35 36 37 0.0 0.0 0.0 0.0 537.0 19.0 0.0
35 36 38 0.0 0.0 0.0 0.0 1375.0 47.0 2.0
35 36 39 0.0 0.0 0.0 0.0 2780.0 94.0 4.0
35 36 40 0.0 0.0 0.0 0.0 3129.0 106.0 7.0
35 36 41 0.0 0.0 0.0 0.0 2714.0 101.0 8.0
35 36 42 0.0 0.0 0.0 0.0 1518.0 56.0 1.0
35 36 43 0.0 0.0 0.0 0.0 449.0 17.0 0.0
35 36 44 0.0 0.0 0.0 0.0 48.0 3.0 0.0
35 36 45 0.0 0.0 0.0 0.0 7.0 0.0 0.0
35 37 35 0.0 0.0 0.0 0.0 38.0 1.0 0.0
35 37 36 0.0 0.0 0.0 0.0 440.0 11.0 0.0
35 37 37 0.0 0.0 0.0 0.0 2600.0 85.0 2.0
35 37 38 0.0 0.0 0.0 0.0 6607.0 210.0 41.0
35 37 39 0.0 0.0 0.0 0.0 11591.0 406.0 106.0
35 37 40 0.0 0.0 0.0 0.0 13273.0 431.0 141.0
35 37 41 0.0 0.0 0.0 0.0 10998.0 393.0 118.0
35 37 42 0.0 0.0 0.0 0.0 6623.0 219.0 37.0
35 37 43 0.0 0.0 0.0 0.0 2756.0 101.0 5.0
35 37 44 0.0 0.0 0.0 0.0 534.0 20.0 0.0
35 37 45 0.0 0.0 0.0 0.0 33.0 1.0 0.0
35 38 35 0.0 0.0 0.0 0.0 86.0 4.0 0.0
35 38 36 0.0 0.0 0.0 0.0 1610.0 65.0 0.0
35 38 37 0.0 0.0 0.0 0.0 6900.0 248.0 32.0
35 38 38 0.0 0.0 0.0 0.0 15923.0 478.0 233.0
35 38 39 0.0 0.0 0.0 1.0 25501.0 805.0 638.0
35 38 40 0.0 0.0 0.0 0.0 28911.0 906.0 887.0
35 38 41 0.0 0.0 0.0 0.0 25750.0 756.0 724.0
35 38 42 0.0 0.0 0.0 0.0 15567.0 549.0 210.0
35 38 43 0.0 0.0 0.0 0.0 7118.0 226.0 34.0
35 38 44 0.0 0.0 0.0 0.0 1587.0 41.0 0.0
35 38 45 0.0 0.0 0.0 0.0 66.0 2.0 0.0
35 39 35 0.0 0.0 0.0 0.0 184.0 11.0 0.0
35 39 36 0.0 0.0 0.0 0.0 2891.0 99.0 4.0
35 39 37 0.0 0.0 0.0 0.0 11160.0 352.0 105.0
35 39 38 0.0 0.0 0.0 0.0 24870.0 777.0 641.0
35 39 39 0.0 0.0 0.0 0.0 36864.0 1065.0 1618.0
35 39 40 0.0 0.0 0.0 1.0 42167.0 1195.0 2335.0
35 39 41 0.0 0.0 0.0 0.0 37386.0 1119.0 1670.0
35 39 42 0.0 0.0 0.0 0.0 25296.0 784.0 633.0
35 39 43 0.0 0.0 0.0 0.0 11597.0 405.0 118.0
35 39 44 0.0 0.0 0.0 0.0 2845.0 96.0 5.0
35 39 45 0.0 0.0 0.0 0.0 245.0 6.0 0.0
35 40 34 0.0 0.0 0.0 0.0 1.0 0.0 0.0
35 40 35 0.0 0.0 0.0 0.0 234.0 6.0 0.0
35 40 36 0.0 0.0 0.0 0.0 3249.0 130.0 6.0
35 40 37 0.0 0.0 0.0 0.0 13314.0 459.0 155.0
35 40 38 0.0 0.0 0.0 0.0 29006.0 892.0 939.0
35 40 39 0.0 0.0 0.0 0.0 41126.0 1153.0 2129.0
35 40 40 0.0 0.0 0.0 1.0 45760.0 1291.0 2866.0
35 40 41 0.0 0.0 0.0 2.0 40833.0 1152.0 2169.0
35 40 42 0.0 0.0 0.0 0.0 29609.0 849.0 1004.0
35 40 43 0.0 0.0 0.0 0.0 12857.0 430.0 146.0
35 40 44 0.0 0.0 0.0 0.0 3070.0 96.0 5.0
35 40 45 0.0 0.0 0.0 0.0 285.0 5.0 0.0
35 41 34 0.0 0.0 0.0 0.0 2.0 0.0 0.0
35 41 35 0.0 0.0 0.0 0.0 229.0 6.0 0.0
35 41 36 0.0 0.0 0.0 0.0 2877.0 112.0 9.0
35 41 37 0.0 0.0 0.0 0.0 11757.0 385.0 121.0
35 41 38 0.0 0.0 0.0 0.0 24860.0 767.0 629.0
35 41 39 0.0 0.0 0.0 0.0 36972.0 1113.0 1657.0
35 41 40 0.0 0.0 0.0 1.0 41893.0 1148.0 2295.0
35 41 41 0.0 0.0 0.0 0.0 37907.0 1072.0 1838.0
35 41 42 0.0 0.0 0.0 0.0 24826.0 811.0 630.0
35 41 43 0.0 0.0 0.0 1.0 11306.0 381.0 95.0
35 41 44 0.0 0.0 0.0 0.0 2700.0 95.0 3.0
35 41 45 0.0 0.0 0.0 0.0 177.0 6.0 0.0
35 42 35 0.0 0.0 0.0 0.0 121.0 4.0 0.0
35 42 36 0.0 0.0 0.0 0.0 1597.0 51.0 3.0
35 42 37 0.0 0.0 0.0 0.0 6593.0 221.0 27.0
35 42 38 0.0 0.0 0.0 0.0 16047.0 518.0 261.0
35 42 39 0.0 0.0 0.0 0.0 25664.0 800.0 686.0
35 42 40 0.0 0.0 0.0 0.0 29612.0 928.0 996.0
35 42 41 0.0 0.0 0.0 0.0 25455.0 845.0 658.0
35 42 42 0.0 0.0 0.0 0.0 16128.0 504.0 233.0
35 42 43 0.0 0.0 0.0 0.0 6620.0 202.0 43.0
35 42 44 0.0 0.0 0.0 0.0 1388.0 40.0 3.0
35 42 45 0.0 0.0 0.0 0.0 91.0 3.0 0.0
35 42 46 0.0 0.0 0.0 0.0 1.0 0.0 0.0
35 43 35 0.0 0.0 0.0 0.0 24.0 1.0 0.0
35 43 36 0.0 0.0 0.0 0.0 510.0 12.0 0.0
35 43 37 0.0 0.0 0.0 0.0 2489.0 83.0 4.0
35 43 38 0.0 0.0 0.0 0.0 7295.0 253.0 44.0
35 43 39 0.0 0.0 0.0 0.0 12038.0 378.0 139.0
35 43 40 0.0 0.0 0.0 0.0 14002.0 445.0 196.0
35 43 41 0.0 0.0 0.0 5.0 11497.0 367.0 129.0
35 43 42 0.0 0.0 0.0 1.0 6436.0 209.0 26.0
35 43 43 0.0 0.0 0.0 0.0 2384.0 89.0 5.0
35 43 44 0.0 0.0 0.0 0.0 424.0 13.0 0.0
35 43 45 0.0 0.0 0.0 0.0 15.0 1.0 0.0
35 44 35 0.0 0.0 0.0 0.0 5.0 0.0 0.0
35 44 36 0.0 0.0 0.0 0.0 130.0 5.0 0.0
35 44 37 0.0 0.0 0.0 0.0 532.0 21.0 0.0
35 44 38 0.0 0.0 0.0 0.0 1581.0 62.0 4.0
35 44 39 0.0 0.0 0.0 0.0 2746.0 91.0 6.0
35 44 40 0.0 0.0 0.0 0.0 3632.0 129.0 12.0
35 44 41 0.0 0.0 0.0 0.0 2896.0 93.0 5.0
35 44 42 0.0 0.0 0.0 0.0 1692.0 68.0 5.0
35 44 43 0.0 0.0 0.0 0.0 522.0 11.0 0.0
35 44 44 0.0 0.0 0.0 0.0 97.0 3.0 0.0
35 44 45 0.0 0.0 0.0 0.0 6.0 0.0 0.0
35 45 36 0.0 0.0 0.0 0.0 6.0 0.0 0.0
35 45 37 0.0 0.0 0.0 0.0 56.0 3.0 0.0
35 45 38 0.0 0.0 0.0 0.0 101.0 6.0 0.0
35 45 39 0.0 0.0 0.0 0.0 213.0 8.0 0.0
35 45 40 0.0 0.0 0.0 0.0 288.0 9.0 0.0
35 45 41 0.0 0.0 0.0 0.0 252.0 7.0 0.0
35 45 42 0.0 0.0 0.0 0.0 143.0 2.0 0.0
35 45 43 0.0 0.0 0.0 0.0 31.0 1.0 0.0
35 45 44 0.0 0.0 0.0 0.0 4.0 0.0 0.0
35 45 45 0.0 0.0 0.0 0.0 1.0 0.0 0.0
35 46 40 0.0 0.0 0.0 0.0 2.0 0.0 0.0
35 46 41 0.0 0.0 0.0 0.0 2.0 1.0 0.0
36 34 36 0.0 0.0 0.0 0.0 1.0 0.0 0.0
36 34 37 0.0 0.0 0.0 0.0 1.0 0.0 0.0
36 34 38 0.0 0.0 0.0 0.0 3.0 0.0 0.0
36 34 39 0.0 0.0 0.0 0.0 20.0 1.0 0.0
36 34 40 0.0 0.0 0.0 0.0 17.0 0.0 0.0
36 34 41 0.0 0.0 0.0 0.0 25.0 0.0 0.0
36 34 42 0.0 0.0 0.0 0.0 9.0 0.0 0.0
36 34 43 0.0 0.0 0.0 0.0 1.0 0.0 0.0
36 35 35 0.0 0.0 0.0 0.0 2.0 0.0 0.0
36 35 36 0.0 0.0 0.0 0.0 59.0 2.0 0.0
36 35 37 0.0 0.0 0.0 0.0 490.0 10.0 0.0
36 35 38 0.0 0.0 0.0 0.0 1485.0 43.0 3.0
36 35 39 0.0 0.0 0.0 0.0 2713.0 89.0 2.0
36 35 40 0.0 0.0 0.0 0.0 3012.0 95.0 11.0
36 35 41 0.0 0.0 0.0 4.0 2573.0 99.0 5.0
36 35 42 0.0 0.0 0.0 0.0 1382.0 45.0 2.0
36 35 43 0.0 0.0 0.0 0.0 463.0 16.0 0.0
36 35 44 0.0 0.0 0.0 0.0 110.0 1.0 0.0
36 35 45 0.0 0.0 0.0 0.0 5.0 0.0 0.0
36 36 35 0.0 0.0 0.0 0.0 63.0 3.0 0.0
36 36 36 0.0 0.0 0.0 0.0 1674.0 66.0 1.0
36 36 37 0.0 0.0 0.0 0.0 8087.0 290.0 65.0
36 36 38 0.0 0.0 0.0 0.0 19902.0 665.0 402.0
36 36 39 0.0 0.0 0.0 1.0 31305.0 975.0 1223.0
36 36 40 0.0 0.0 0.0 1.0 34825.0 1047.0 1615.0
36 36 41 0.0 0.0 0.0 0.0 30777.0 913.0 1243.0
36 36 42 0.0 0.0 0.0 0.0 20849.0 672.0 447.0
36 36 43 0.0 0.0 0.0 0.0 8316.0 281.0 74.0
36 36 44 0.0 0.0 0.0 0.0 1658.0 55.0 4.0
36 36 45 0.0 0.0 0.0 0.0 88.0 1.0 0.0
36 37 34 0.0 0.0 0.0 0.0 6.0 0.0 0.0
36 37 35 0.0 0.0 0.0 0.0 507.0 19.0 0.0
36 37 36 0.0 0.0 0.0 0.0 7957.0 256.0 60.0
36 37 37 0.0 0.0 0.0 0.0 30814.0 1005.0 1213.0
36 37 38 0.0 0.0 0.0 0.0 56450.0 1451.0 5737.0
36 37 39 0.0 0.0 0.0 4.0 69062.0 1535.0 11051.0
36 37 40 0.0 0.0 0.0 3.0 73130.0 1559.0 13661.0
36 37 41 0.0 0.0 0.0 0.0 69966.0 1519.0 11171.0
36 37 42 0.0 0.0 0.0 0.0 55712.0 1386.0 5585.0
36 37 43 0.0 0.0 0.0 0.0 29930.0 834.0 1098.0
36 37 44 0.0 0.0 0.0 0.0 8821.0 312.0 84.0
36 37 45 0.0 0.0 0.0 0.0 559.0 16.0 0.0
36 38 34 0.0 0.0 0.0 0.0 6.0 2.0 0.0
36 38 35 0.0 0.0 0.0 0.0 1355.0 40.0 2.0
36 38 36 0.0 0.0 0.0 0.0 20000.0 638.0 479.0
36 38 37 0.0 0.0 0.0 7.0 55777.0 1421.0 5458.0
36 38 38 0.0 0.0 0.0 2.0 77532.0 1545.0 18215.0
36 38 39 0.0 0.0 0.0 6.0 82112.0 1454.0 28008.0
36 38 40 0.0 0.0 0.0 5.0 82046.0 1337.0 32823.0
36 38 41 0.0 0.0 0.0 4.0 81737.0 1445.0 28322.0
36 38 42 0.0 0.0 0.0 1.0 77603.0 1470.0 17642.0
36 38 43 0.0 0.0 0.0 0.0 56258.0 1411.0 5735.0
36 38 44 0.0 0.0 0.0 0.0 19745.0 662.0 461.0
36 38 45 0.0 0.0 0.0 0.0 1465.0 48.0 3.0
36 38 46 0.0 0.0 0.0 0.0 5.0 0.0 0.0
36 39 34 0.0 0.0 0.0 0.0 21.0 1.0 0.0
36 39 35 0.0 0.0 0.0 0.0 2596.0 94.0 4.0
36 39 36 0.0 0.0 0.0 0.0 29807.0 904.0 1043.0
36 39 37 0.0 0.0 0.0 7.0 70211.0 1530.0 11847.0
36 39 38 0.0 0.0 0.0 2.0 81936.0 1385.0 28460.0
36 39 39 0.0 0.0 0.0 1.0 81546.0 1192.0 40894.0
36 39 40 0.0 0.0 0.0 4.0 80632.0 1096.0 45205.0
36 39 41 0.0 0.0 0.0 5.0 81339.0 1214.0 41053.0
36 39 42 0.0 0.0 0.0 2.0 81581.0 1374.0 29028.0
36 39 43 0.0 0.0 0.0 2.0 69528.0 1513.0 11566.0
36 39 44 0.0 0.0 0.0 0.0 30432.0 918.0 1182.0
36 39 45 0.0 0.0 0.0 0.0 2813.0 88.0 5.0
36 39 46 0.0 0.0 0.0 0.0 9.0 0.0 0.0
36 40 34 0.0 0.0 0.0 0.0 24.0 1.0 0.0
36 40 35 0.0 0.0 0.0 0.0 3204.0 84.0 6.0
36 40 36 0.0 0.0 0.0 1.0 34487.0 1081.0 1541.0
36 40 37 0.0 0.0 0.0 0.0 72869.0 1558.0 13999.0
36 40 38 0.0 0.0 0.0 8.0 82512.0 1292.0 31861.0
36 40 39 0.0 0.0 0.0 5.0 80391.0 1133.0 45726.0
36 40 40 0.0 0.0 0.0 1.0 79109.0 1080.0 50349.0
36 40 41 0.0 0.0 0.0 1.0 79817.0 1111.0 46314.0
36 40 42 0.0 0.0 0.0 0.0 82298.0 1329.0 33466.0
36 40 43 0.0 0.0 0.0 2.0 72557.0 1566.0 13125.0
36 40 44 0.0 0.0 0.0 0.0 35250.0 1021.0 1670.0
36 40 45 0.0 0.0 0.0 0.0 3118.0 85.0 8.0
36 40 46 0.0 0.0 0.0 0.0 21.0 1.0 0.0
36 41 34 0.0 0.0 0.0 0.0 15.0 1.0 0.0
36 41 35 0.0 0.0 0.0 0.0 2561.0 78.0 5.0
36 41 36 0.0 0.0 0.0 0.0 30284.0 951.0 1203.0
36 41 37 0.0 0.0 0.0 0.0 69444.0 1547.0 10859.0
36 41 38 0.0 0.0 0.0 1.0 81731.0 1346.0 28514.0
36 41 39 0.0 0.0 0.0 2.0 81316.0 1155.0 41622.0
36 41 40 0.0 0.0 0.0 2.0 80069.0 1117.0 45975.0
36 41 41 0.0 0.0 0.0 3.0 81524.0 1180.0 41335.0
36 41 42 0.0 0.0 0.0 3.0 82100.0 1428.0 27902.0
36 41 43 0.0 0.0 0.0 4.0 68547.0 1526.0 10839.0
36 41 44 0.0 0.0 0.0 0.0 30112.0 986.0 1179.0
36 41 45 0.0 0.0 0.0 0.0 2530.0 82.0 3.0
36 41 46 0.0 0.0 0.0 0.0 14.0 0.0 0.0
36 42 34 0.0 0.0 0.0 0.0 12.0 2.0 0.0
36 42 35 0.0 0.0 0.0 0.0 1449.0 44.0 2.0
36 42 36 0.0 0.0 0.0 0.0 20409.0 649.0 454.0
36 42 37 0.0 0.0 0.0 0.0 56735.0 1477.0 5761.0
36 42 38 0.0 0.0 0.0 2.0 77828.0 1503.0 18138.0
36 42 39 0.0 0.0 0.0 6.0 82327.0 1366.0 29746.0
36 42 40 0.0 0.0 0.0 1.0 81935.0 1252.0 33482.0
36 42 41 0.0 0.0 0.0 11.0 82036.0 1340.0 28875.0
36 42 42 0.0 0.0 0.0 9.0 77442.0 1563.0 17764.0
36 42 43 0.0 0.0 0.0 7.0 55607.0 1432.0 5397.0
36 42 44 0.0 0.0 0.0 0.0 20505.0 686.0 460.0
36 42 45 0.0 0.0 0.0 0.0 1416.0 54.0 1.0
36 42 46 0.0 0.0 0.0 0.0 7.0 0.0 0.0
36 43 34 0.0 0.0 0.0 0.0 2.0 0.0 0.0
36 43 35 0.0 0.0 0.0 0.0 526.0 27.0 0.0
36 43 36 0.0 0.0 0.0 0.0 8303.0 294.0 79.0
36 43 37 0.0 0.0 0.0 0.0 32219.0 960.0 1372.0
36 43 38 0.0 0.0 0.0 1.0 56854.0 1451.0 5820.0
36 43 39 0.0 0.0 0.0 2.0 70071.0 1590.0 11864.0
36 43 40 0.0 0.0 0.0 0.0 74283.0 1516.0 14825.0
36 43 41 0.0 0.0 0.0 1.0 70127.0 1492.0 11865.0
36 43 42 0.0 0.0 0.0 0.0 56641.0 1440.0 5772.0
36 43 43 0.0 0.0 0.0 2.0 30781.0 937.0 1264.0
36 43 44 0.0 0.0 0.0 0.0 8675.0 288.0 69.0
36 43 45 0.0 0.0 0.0 0.0 432.0 16.0 0.0
36 43 46 0.0 0.0 0.0 0.0 4.0 0.0 0.0
36 44 35 0.0 0.0 0.0 0.0 97.0 0.0 0.0
36 44 36 0.0 0.0 0.0 0.0 2053.0 73.0 4.0
36 44 37 0.0 0.0 0.0 0.0 8627.0 326.0 81.0
36 44 38 0.0 0.0 0.0 0.0 20916.0 692.0 458.0
36 44 39 0.0 0.0 0.0 0.0 31542.0 969.0 1239.0
36 44 40 0.0 0.0 0.0 9.0 36353.0 1126.0 1716.0
36 44 41 0.0 0.0 0.0 1.0 32279.0 941.0 1319.0
36 44 42 0.0 0.0 0.0 9.0 19464.0 643.0 436.0
36 44 43 0.0 0.0 0.0 0.0 7712.0 268.0 43.0
36 44 44 0.0 0.0 0.0 0.0 1742.0 55.0 2.0
36 44 45 0.0 0.0 0.0 0.0 59.0 2.0 0.0
36 45 35 0.0 0.0 0.0 0.0 2.0 0.0 0.0
36 45 36 0.0 0.0 0.0 0.0 68.0 1.0 0.0
36 45 37 0.0 0.0 0.0 0.0 508.0 21.0 0.0
36 45 38 0.0 0.0 0.0 0.0 1388.0 47.0 3.0
36 45 39 0.0 0.0 0.0 0.0 2791.0 107.0 7.0
36 45 40 0.0 0.0 0.0 0.0 3727.0 118.0 10.0
36 45 41 0.0 0.0 0.0 0.0 3025.0 89.0 6.0
36 45 42 0.0 0.0 0.0 0.0 1463.0 65.0 1.0
36 45 43 0.0 0.0 0.0 0.0 526.0 19.0 0.0
36 45 44 0.0 0.0 0.0 0.0 103.0 7.0 0.0
36 45 45 0.0 0.0 0.0 0.0 1.0 0.0 0.0
36 46 37 0.0 0.0 0.0 0.0 5.0 0.0 0.0
36 46 38 0.0 0.0 0.0 0.0 4.0 0.0 0.0
36 46 39 0.0 0.0 0.0 0.0 16.0 0.0 0.0
36 46 40 0.0 0.0 0.0 0.0 15.0 0.0 0.0
36 46 41 0.0 0.0 0.0 0.0 28.0 1.0 0.0
36 46 42 0.0 0.0 0.0 0.0 12.0 0.0 0.0
37 34 36 0.0 0.0 0.0 0.0 1.0 0.0 0.0
37 34 37 0.0 0.0 0.0 0.0 11.0 0.0 0.0
37 34 38 0.0 0.0 0.0 0.0 50.0 3.0 0.0
37 34 39 0.0 0.0 0.0 0.0 115.0 4.0 0.0
37 34 40 0.0 0.0 0.0 0.0 150.0 6.0 0.0
37 34 41 0.0 0.0 0.0 0.0 88.0 1.0 0.0
37 34 42 0.0 0.0 0.0 0.0 58.0 1.0 0.0
37 34 43 0.0 0.0 0.0 0.0 14.0 0.0 0.0
37 34 44 0.0 0.0 0.0 0.0 2.0 0.0 0.0
37 35 34 0.0 0.0 0.0 0.0 1.0 0.0 0.0
37 35 35 0.0 0.0 0.0 0.0 29.0 5.0 0.0
37 35 36 0.0 0.0 0.0 0.0 434.0 18.0 0.0
37 35 37 0.0 0.0 0.0 0.0 2299.0 79.0 1.0
37 35 38 0.0 0.0 0.0 0.0 6417.0 207.0 22.0
37 35 39 0.0 0.0 0.0 0.0 10770.0 350.0 120.0
37 35 40 0.0 0.0 0.0 0.0 13177.0 411.0 145.0
37 35 41 0.0 0.0 0.0 0.0 11126.0 371.0 129.0
37 35 42 0.0 0.0 0.0 0.0 6725.0 242.0 39.0
37 35 43 0.0 0.0 0.0 0.0 2802.0 101.0 5.0
37 35 44 0.0 0.0 0.0 0.0 491.0 14.0 0.0
37 35 45 0.0 0.0 0.0 0.0 18.0 0.0 0.0
37 36 35 0.0 0.0 0.0 0.0 479.0 21.0 0.0
37 36 36 0.0 0.0 0.0 0.0 7697.0 266.0 61.0
37 36 37 0.0 0.0 0.0 0.0 29062.0 927.0 1097.0
37 36 38 0.0 0.0 0.0 1.0 55151.0 1440.0 5376.0
37 36 39 0.0 0.0 0.0 10.0 68987.0 1485.0 10725.0
37 36 40 0.0 0.0 0.0 1.0 72246.0 1566.0 13411.0
37 36 41 0.0 0.0 0.0 2.0 69165.0 1530.0 11204.0
37 36 42 0.0 0.0 0.0 0.0 55830.0 1419.0 5553.0
37 36 43 0.0 0.0 0.0 0.0 30882.0 960.0 1207.0
37 36 44 0.0 0.0 0.0 0.0 8550.0 294.0 50.0
37 36 45 0.0 0.0 0.0 0.0 523.0 10.0 0.0
37 36 46 0.0 0.0 0.0 0.0 1.0 0.0 0.0
37 37 34 0.0 0.0 0.0 0.0 18.0 0.0 0.0
37 37 35 0.0 0.0 0.0 0.0 2226.0 88.0 4.0
37 37 36 0.0 0.0 0.0 3.0 29635.0 969.0 1064.0
37 37 37 0.0 0.0 0.0 0.0 74781.0 1485.0 16678.0
37 37 38 0.0 0.0 0.0 2.0 79717.0 1240.0 40061.0
37 37 39 0.0 0.0 0.0 6.0 75119.0 903.0 56287.0
37 37 40 0.0 0.0 0.0 8.0 73025.0 903.0 61529.0
37 37 41 0.0 0.0 0.0 0.0 75284.0 963.0 56471.0
37 37 42 0.0 0.0 0.0 1.0 79533.0 1127.0 41497.0
37 37 43 0.0 0.0 0.0 8.0 74987.0 1497.0 17177.0
37 37 44 0.0 0.0 0.0 0.0 31474.0 908.0 1314.0
37 37 45 0.0 0.0 0.0 0.0 2596.0 73.0 4.0
37 37 46 0.0 0.0 0.0 0.0 14.0 0.0 0.0
37 38 34 0.0 0.0 0.0 0.0 43.0 1.0 0.0
37 38 35 0.0 0.0 0.0 1.0 6301.0 222.0 33.0
37 38 36 0.0 0.0 0.0 1.0 56370.0 1460.0 5642.0
37 38 37 0.0 0.0 0.0 4.0 80529.0 1203.0 39342.0
37 38 38 0.0 0.0 0.0 3.0 70445.0 787.0 69948.0
37 38 39 0.0 0.0 0.0 14.0 61952.0 580.0 87884.0
37 38 40 0.0 0.0 0.0 26.0 59285.0 537.0 92923.0
37 38 41 0.0 0.0 0.0 9.0 61311.0 625.0 88082.0
37 38 42 0.0 0.0 0.0 1.0 70661.0 768.0 70144.0
37 38 43 0.0 0.0 0.0 4.0 79742.0 1113.0 40678.0
37 38 44 0.0 0.0 0.0 0.0 57183.0 1509.0 5850.0
37 38 45 0.0 0.0 0.0 0.0 6892.0 260.0 26.0
37 38 46 0.0 0.0 0.0 0.0 91.0 4.0 0.0
37 39 34 0.0 0.0 0.0 0.0 134.0 2.0 0.0
37 39 35 0.0 0.0 0.0 0.0 11302.0 402.0 116.0
37 39 36 0.0 0.0 0.0 0.0 68746.0 1479.0 10780.0
37 39 37 0.0 0.0 0.0 2.0 75121.0 944.0 56227.0
37 39 38 0.0 0.0 0.0 3.0 61603.0 569.0 88317.0
37 39 39 0.0 0.0 0.0 8.0 53713.0 432.0 103161.0
37 39 40 0.0 0.0 0.0 9.0 50859.0 367.0 107778.0
37 39 41 0.0 0.0 0.0 14.0 53207.0 440.0 103704.0
37 39 42 0.0 0.0 0.0 2.0 61597.0 595.0 87530.0
37 39 43 0.0 0.0 0.0 9.0 75282.0 1006.0 57373.0
37 39 44 0.0 0.0 0.0 5.0 69200.0 1554.0 10819.0
37 39 45 0.0 0.0 0.0 1.0 10785.0 321.0 108.0
37 39 46 0.0 0.0 0.0 0.0 135.0 4.0 0.0
37 40 34 0.0 0.0 0.0 0.0 140.0 6.0 0.0
37 40 35 0.0 0.0 0.0 0.0 13120.0 435.0 143.0
37 40 36 0.0 0.0 0.0 0.0 72631.0 1559.0 13320.0
37 40 37 0.0 0.0 0.0 5.0 74336.0 924.0 59998.0
37 40 38 0.0 0.0 0.0 6.0 59314.0 542.0 92605.0
37 40 39 0.0 0.0 0.0 11.0 50870.0 409.0 107878.0
37 40 40 0.0 0.0 0.0 9.0 48498.0 370.0 111870.0
37 40 41 0.0 0.0 0.0 5.0 50577.0 353.0 108168.0
37 40 42 0.0 0.0 0.0 3.0 59624.0 515.0 92235.0
37 40 43 0.0 0.0 0.0 0.0 73485.0 889.0 60911.0
37 40 44 0.0 0.0 0.0 3.0 72667.0 1553.0 13392.0
37 40 45 0.0 0.0 0.0 0.0 13282.0 420.0 156.0
37 40 46 0.0 0.0 0.0 0.0 157.0 6.0 0.0
37 41 34 0.0 0.0 0.0 0.0 87.0 1.0 0.0
37 41 35 0.0 0.0 0.0 0.0 11307.0 366.0 112.0
37 41 36 0.0 0.0 0.0 1.0 68321.0 1486.0 10585.0
37 41 37 0.0 0.0 0.0 5.0 74777.0 955.0 56940.0
37 41 38 0.0 0.0 0.0 6.0 62471.0 587.0 88190.0
37 41 39 0.0 0.0 0.0 6.0 53474.0 473.0 103080.0
37 41 40 0.0 0.0 0.0 7.0 50658.0 401.0 108384.0
37 41 41 0.0 0.0 0.0 7.0 53515.0 432.0 103768.0
37 41 42 0.0 0.0 0.0 0.0 62009.0 587.0 87565.0
37 41 43 0.0 0.0 0.0 0.0 75725.0 962.0 55975.0
37 41 44 0.0 0.0 0.0 4.0 68119.0 1585.0 10426.0
37 41 45 0.0 0.0 0.0 0.0 10781.0 353.0 87.0
37 41 46 0.0 0.0 0.0 0.0 124.0 5.0 0.0
37 42 34 0.0 0.0 0.0 0.0 76.0 5.0 0.0
37 42 35 0.0 0.0 0.0 0.0 6731.0 227.0 30.0
37 42 36 0.0 0.0 0.0 0.0 56014.0 1487.0 5469.0
37 42 37 0.0 0.0 0.0 0.0 79810.0 1156.0 41328.0
37 42 38 0.0 0.0 0.0 3.0 70106.0 783.0 70801.0
37 42 39 0.0 0.0 0.0 8.0 61181.0 511.0 88619.0
37 42 40 0.0 0.0 0.0 5.0 58940.0 511.0 93518.0
37 42 41 0.0 0.0 0.0 2.0 61593.0 558.0 88683.0
37 42 42 0.0 0.0 0.0 7.0 69965.0 747.0 71421.0
37 42 43 0.0 0.0 0.0 0.0 79494.0 1123.0 41126.0
37 42 44 0.0 0.0 0.0 0.0 54967.0 1426.0 5311.0
37 42 45 0.0 0.0 0.0 0.0 6340.0 210.0 41.0
37 42 46 0.0 0.0 0.0 0.0 67.0 4.0 0.0
37 43 34 0.0 0.0 0.0 0.0 41.0 2.0 0.0
37 43 35 0.0 0.0 0.0 0.0 2572.0 88.0 4.0
37 43 36 0.0 0.0 0.0 0.0 30898.0 958.0 1223.0
37 43 37 0.0 0.0 0.0 3.0 75774.0 1508.0 18087.0
37 43 38 0.0 0.0 0.0 3.0 79508.0 1154.0 41939.0
37 43 39 0.0 0.0 0.0 1.0 75428.0 960.0 57285.0
37 43 40 0.0 0.0 0.0 5.0 73195.0 900.0 61850.0
37 43 41 0.0 0.0 0.0 6.0 75297.0 994.0 56516.0
37 43 42 0.0 0.0 0.0 6.0 79588.0 1172.0 40747.0
37 43 43 0.0 0.0 0.0 0.0 74174.0 1465.0 16499.0
37 43 44 0.0 0.0 0.0 0.0 30478.0 923.0 1146.0
37 43 45 0.0 0.0 0.0 0.0 2528.0 94.0 6.0
37 43 46 0.0 0.0 0.0 0.0 24.0 0.0 0.0
37 44 35 0.0 0.0 0.0 0.0 542.0 14.0 0.0
37 44 36 0.0 0.0 0.0 0.0 8773.0 288.0 76.0
37 44 37 0.0 0.0 0.0 0.0 30879.0 933.0 1204.0
37 44 38 0.0 0.0 0.0 1.0 57312.0 1476.0 5961.0
37 44 39 0.0 0.0 0.0 2.0 69643.0 1553.0 11123.0
37 44 40 0.0 0.0 0.0 4.0 74576.0 1612.0 14948.0
37 44 41 0.0 0.0 0.0 2.0 70230.0 1516.0 11565.0
37 44 42 0.0 0.0 0.0 1.0 56007.0 1433.0 5355.0
37 44 43 0.0 0.0 0.0 0.0 30591.0 952.0 1120.0
37 44 44 0.0 0.0 0.0 0.0 7871.0 272.0 77.0
37 44 45 0.0 0.0 0.0 0.0 504.0 13.0 0.0
37 44 46 0.0 0.0 0.0 0.0 2.0 0.0 0.0
37 45 35 0.0 0.0 0.0 0.0 35.0 1.0 0.0
37 45 36 0.0 0.0 0.0 0.0 503.0 16.0 0.0
37 45 37 0.0 0.0 0.0 0.0 2555.0 78.0 8.0
37 45 38 0.0 0.0 0.0 0.0 6996.0 233.0 32.0
37 45 39 0.0 0.0 0.0 3.0 11814.0 428.0 118.0
37 45 40 0.0 0.0 0.0 0.0 14074.0 478.0 180.0
37 45 41 0.0 0.0 0.0 0.0 11962.0 391.0 133.0
37 45 42 0.0 0.0 0.0 0.0 7274.0 238.0 32.0
37 45 43 0.0 0.0 0.0 0.0 2759.0 107.0 6.0
37 45 44 0.0 0.0 0.0 0.0 478.0 21.0 1.0
37 45 45 0.0 0.0 0.0 0.0 37.0 0.0 0.0
37 46 36 0.0 0.0 0.0 0.0 2.0 0.0 0.0
37 46 37 0.0 0.0 0.0 0.0 21.0 2.0 0.0
37 46 38 0.0 0.0 0.0 0.0 64.0 2.0 0.0
37 46 39 0.0 0.0 0.0 0.0 99.0 3.0 0.0
37 46 40 0.0 0.0 0.0 0.0 171.0 6.0 0.0
37 46 41 0.0 0.0 0.0 0.0 138.0 2.0 0.0
37 46 42 0.0 0.0 0.0 0.0 76.0 3.0 0.0
37 46 43 0.0 0.0 0.0 0.0 28.0 0.0 0.0
37 46 44 0.0 0.0 0.0 0.0 1.0 0.0 0.0
38 34 36 0.0 0.0 0.0 0.0 7.0 0.0 0.0
38 34 37 0.0 0.0 0.0 0.0 66.0 1.0 0.0
38 34 38 0.0 0.0 0.0 0.0 197.0 8.0 0.0
38 34 39 0.0 0.0 0.0 0.0 380.0 11.0 0.0
38 34 40 0.0 0.0 0.0 0.0 524.0 18.0 0.0
38 34 41 0.0 0.0 0.0 0.0 436.0 12.0 1.0
38 34 42 0.0 0.0 0.0 0.0 189.0 11.0 0.0
38 34 43 0.0 0.0 0.0 0.0 59.0 1.0 0.0
38 34 44 0.0 0.0 0.0 0.0 9.0 1.0 0.0
38 35 35 0.0 0.0 0.0 0.0 88.0 5.0 0.0
38 35 36 0.0 0.0 0.0 0.0 1281.0 49.0 4.0
38 35 37 0.0 0.0 0.0 0.0 6269.0 228.0 39.0
38 35 38 0.0 0.0 0.0 0.0 16358.0 555.0 264.0
38 35 39 0.0 0.0 0.0 0.0 24238.0 712.0 594.0
38 35 40 0.0 0.0 0.0 17.0 28245.0 848.0 893.0
38 35 41 0.0 0.0 0.0 0.0 25255.0 794.0 673.0
38 35 42 0.0 0.0 0.0 0.0 16260.0 563.0 253.0
38 35 43 0.0 0.0 0.0 0.0 6608.0 246.0 38.0
38 35 44 0.0 0.0 0.0 0.0 1581.0 68.0 2.0
38 35 45 0.0 0.0 0.0 0.0 131.0 5.0 0.0
38 35 46 0.0 0.0 0.0 0.0 2.0 0.0 0.0
38 36 34 0.0 0.0 0.0 0.0 6.0 1.0 0.0
38 36 35 0.0 0.0 0.0 0.0 1352.0 36.0 3.0
38 36 36 0.0 0.0 0.0 0.0 19549.0 600.0 406.0
38 36 37 0.0 0.0 0.0 0.0 55515.0 1408.0 5425.0
38 36 38 0.0 0.0 0.0 0.0 76893.0 1481.0 17546.0
38 36 39 0.0 0.0 0.0 4.0 82081.0 1404.0 28068.0
38 36 40 0.0 0.0 0.0 1.0 82557.0 1327.0 32033.0
38 36 41 0.0 0.0 0.0 12.0 81980.0 1379.0 28397.0
38 36 42 0.0 0.0 0.0 8.0 77632.0 1477.0 17994.0
38 36 43 0.0 0.0 0.0 0.0 56748.0 1454.0 6053.0
38 36 44 0.0 0.0 0.0 1.0 21696.0 696.0 532.0
38 36 45 0.0 0.0 0.0 0.0 1345.0 46.0 2.0
38 36 46 0.0 0.0 0.0 0.0 5.0 0.0 0.0
38 37 34 0.0 0.0 0.0 0.0 61.0 1.0 0.0
38 37 35 0.0 0.0 0.0 0.0 6371.0 203.0 29.0
38 37 36 0.0 0.0 0.0 0.0 55189.0 1396.0 5345.0
38 37 37 0.0 0.0 0.0 8.0 80340.0 1153.0 39813.0
38 37 38 0.0 0.0 0.0 2.0 70184.0 775.0 70887.0
38 37 39 0.0 0.0 0.0 2.0 62046.0 591.0 86841.0
38 37 40 0.0 0.0 0.0 19.0 59620.0 574.0 91972.0
38 37 41 0.0 0.0 0.0 16.0 61499.0 615.0 88224.0
38 37 42 0.0 0.0 0.0 5.0 70269.0 776.0 70773.0
38 37 43 0.0 0.0 0.0 5.0 79730.0 1229.0 40968.0
38 37 44 0.0 0.0 0.0 8.0 57058.0 1409.0 5989.0
38 37 45 0.0 0.0 0.0 0.0 7341.0 264.0 48.0
38 37 46 0.0 0.0 0.0 0.0 57.0 2.0 0.0
38 38 34 0.0 0.0 0.0 0.0 195.0 5.0 0.0
38 38 35 0.0 0.0 0.0 0.0 15843.0 512.0 227.0
38 38 36 0.0 0.0 0.0 1.0 76781.0 1474.0 16814.0
38 38 37 0.0 0.0 0.0 15.0 70262.0 764.0 69867.0
38 38 38 0.0 0.0 0.0 6.0 48104.0 339.0 114581.0
38 38 39 0.0 0.0 0.0 11.0 39298.0 207.0 131776.0
38 38 40 0.0 0.0 0.0 8.0 36487.0 177.0 137038.0
38 38 41 0.0 0.0 0.0 3.0 39689.0 229.0 131192.0
38 38 42 0.0 0.0 0.0 4.0 47334.0 327.0 116381.0
38 38 43 0.0 0.0 0.0 11.0 69949.0 695.0 71474.0
38 38 44 0.0 0.0 0.0 0.0 76520.0 1497.0 17337.0
38 38 45 0.0 0.0 0.0 0.0 16507.0 546.0 251.0
38 38 46 0.0 0.0 0.0 0.0 218.0 12.0 0.0
38 39 34 0.0 0.0 0.0 0.0 431.0 15.0 0.0
38 39 35 0.0 0.0 0.0 4.0 24183.0 739.0 649.0
38 39 36 0.0 0.0 0.0 5.0 81663.0 1445.0 28558.0
38 39 37 0.0 0.0 0.0 8.0 62123.0 604.0 87001.0
38 39 38 0.0 0.0 0.0 10.0 39650.0 218.0 130621.0
38 39 39 0.0 0.0 0.0 15.0 30482.0 120.0 147351.0
38 39 40 0.0 0.0 0.0 11.0 27884.0 116.0 151246.0
38 39 41 0.0 0.0 0.0 12.0 30394.0 148.0 146883.0
38 39 42 0.0 0.0 0.0 3.0 39111.0 243.0 131608.0
38 39 43 0.0 0.0 0.0 2.0 62361.0 611.0 87200.0
38 39 44 0.0 0.0 0.0 2.0 81995.0 1296.0 28972.0
38 39 45 0.0 0.0 0.0 0.0 25539.0 797.0 675.0
38 39 46 0.0 0.0 0.0 0.0 391.0 12.0 0.0
38 40 34 0.0 0.0 0.0 0.0 490.0 16.0 0.0
38 40 35 0.0 0.0 0.0 0.0 28738.0 893.0 885.0
38 40 36 0.0 0.0 0.0 5.0 82579.0 1252.0 32290.0
38 40 37 0.0 0.0 0.0 3.0 59986.0 546.0 91976.0
38 40 38 0.0 0.0 0.0 4.0 36752.0 186.0 136182.0
38 40 39 0.0 0.0 0.0 12.0 28020.0 101.0 151204.0
38 40 40 0.0 0.0 0.0 9.0 25395.0 84.0 155096.0
38 40 41 0.0 0.0 0.0 6.0 27754.0 99.0 151458.0
38 40 42 0.0 0.0 0.0 11.0 36677.0 213.0 136313.0
38 40 43 0.0 0.0 0.0 4.0 60022.0 568.0 91387.0
38 40 44 0.0 0.0 0.0 1.0 82179.0 1310.0 32912.0
38 40 45 0.0 0.0 0.0 3.0 28844.0 930.0 944.0
38 40 46 0.0 0.0 0.0 0.0 555.0 19.0 0.0
38 41 34 0.0 0.0 0.0 0.0 348.0 15.0 0.0
38 41 35 0.0 0.0 0.0 0.0 24808.0 786.0 599.0
38 41 36 0.0 0.0 0.0 0.0 81812.0 1287.0 28327.0
38 41 37 0.0 0.0 0.0 2.0 61993.0 586.0 87929.0
38 41 38 0.0 0.0 0.0 4.0 39749.0 211.0 130765.0
38 41 39 0.0 0.0 0.0 11.0 30123.0 126.0 147541.0
38 41 40 0.0 0.0 0.0 12.0 27727.0 114.0 151755.0
38 41 41 0.0 0.0 0.0 12.0 30238.0 112.0 147710.0
38 41 42 0.0 0.0 0.0 11.0 39228.0 195.0 131554.0
38 41 43 0.0 0.0 0.0 14.0 62539.0 616.0 86717.0
38 41 44 0.0 0.0 0.0 2.0 82293.0 1369.0 27147.0
38 41 45 0.0 0.0 0.0 0.0 24532.0 778.0 609.0
38 41 46 0.0 0.0 0.0 0.0 419.0 17.0 0.0
38 42 34 0.0 0.0 0.0 0.0 242.0 9.0 0.0
38 42 35 0.0 0.0 0.0 0.0 16821.0 542.0 247.0
38 42 36 0.0 0.0 0.0 1.0 77120.0 1504.0 17144.0
38 42 37 0.0 0.0 0.0 2.0 70503.0 813.0 70826.0
38 42 38 0.0 0.0 0.0 10.0 48348.0 347.0 114793.0
38 42 39 0.0 0.0 0.0 2.0 38981.0 214.0 132219.0
38 42 40 0.0 0.0 0.0 11.0 36067.0 186.0 137901.0
38 42 41 0.0 0.0 0.0 10.0 39176.0 228.0 131519.0
38 42 42 0.0 0.0 0.0 3.0 48102.0 330.0 114966.0
38 42 43 0.0 0.0 0.0 0.0 70998.0 822.0 69381.0
38 42 44 0.0 0.0 0.0 6.0 76615.0 1485.0 17334.0
38 42 45 0.0 0.0 0.0 0.0 15997.0 491.0 256.0
38 42 46 0.0 0.0 0.0 0.0 179.0 6.0 0.0
38 43 34 0.0 0.0 0.0 0.0 61.0 3.0 0.0
38 43 35 0.0 0.0 0.0 0.0 6635.0 240.0 40.0
38 43 36 0.0 0.0 0.0 0.0 56191.0 1445.0 5525.0
38 43 37 0.0 0.0 0.0 2.0 79785.0 1165.0 41068.0
38 43 38 0.0 0.0 0.0 8.0 69862.0 760.0 71588.0
38 43 39 0.0 0.0 0.0 11.0 61134.0 531.0 88820.0
38 43 40 0.0 0.0 0.0 5.0 58544.0 565.0 93829.0
38 43 41 0.0 0.0 0.0 13.0 61573.0 581.0 88458.0
38 43 42 0.0 0.0 0.0 4.0 69555.0 740.0 71723.0
38 43 43 0.0 0.0 0.0 5.0 80060.0 1126.0 40242.0
38 43 44 0.0 0.0 0.0 0.0 55983.0 1414.0 5801.0
38 43 45 0.0 0.0 0.0 0.0 6769.0 234.0 43.0
38 43 46 0.0 0.0 0.0 0.0 66.0 2.0 0.0
38 44 34 0.0 0.0 0.0 0.0 18.0 2.0 0.0
38 44 35 0.0 0.0 0.0 0.0 1390.0 52.0 1.0
38 44 36 0.0 0.0 0.0 0.0 19798.0 689.0 443.0
38 44 37 0.0 0.0 0.0 2.0 56101.0 1391.0 5426.0
38 44 38 0.0 0.0 0.0 4.0 77647.0 1566.0 18349.0
38 44 39 0.0 0.0 0.0 6.0 81829.0 1322.0 29079.0
38 44 40 0.0 0.0 0.0 1.0 82052.0 1369.0 33562.0
38 44 41 0.0 0.0 0.0 2.0 81830.0 1351.0 28894.0
38 44 42 0.0 0.0 0.0 3.0 77928.0 1464.0 18333.0
38 44 43 0.0 0.0 0.0 0.0 57147.0 1427.0 5866.0
38 44 44 0.0 0.0 0.0 0.0 19155.0 563.0 384.0
38 44 45 0.0 0.0 0.0 0.0 1527.0 58.0 1.0
38 44 46 0.0 0.0 0.0 0.0 12.0 0.0 0.0
38 45 35 0.0 0.0 0.0 0.0 122.0 7.0 0.0
38 45 36 0.0 0.0 0.0 0.0 1585.0 50.0 2.0
38 45 37 0.0 0.0 0.0 0.0 6902.0 261.0 50.0
38 45 38 0.0 0.0 0.0 0.0 16746.0 528.0 287.0
38 45 39 0.0 0.0 0.0 0.0 26119.0 814.0 709.0
38 45 40 0.0 0.0 0.0 1.0 29581.0 909.0 937.0
38 45 41 0.0 0.0 0.0 0.0 26233.0 853.0 779.0
38 45 42 0.0 0.0 0.0 0.0 16559.0 588.0 244.0
38 45 43 0.0 0.0 0.0 0.0 6807.0 230.0 33.0
38 45 44 0.0 0.0 0.0 0.0 1497.0 51.0 3.0
38 45 45 0.0 0.0 0.0 0.0 114.0 2.0 0.0
38 46 36 0.0 0.0 0.0 0.0 8.0 0.0 0.0
38 46 37 0.0 0.0 0.0 0.0 78.0 2.0 0.0
38 46 38 0.0 0.0 0.0 0.0 197.0 2.0 0.0
38 46 39 0.0 0.0 0.0 0.0 479.0 16.0 0.0
38 46 40 0.0 0.0 0.0 0.0 489.0 15.0 0.0
38 46 41 0.0 0.0 0.0 0.0 473.0 12.0 0.0
38 46 42 0.0 0.0 0.0 0.0 274.0 10.0 0.0
38 46 43 0.0 0.0 0.0 0.0 69.0 1.0 0.0
38 46 44 0.0 0.0 0.0 0.0 10.0 1.0 0.0
38 46 45 0.0 0.0 0.0 0.0 1.0 0.0 0.0
39 34 36 0.0 0.0 0.0 0.0 17.0 0.0 0.0
39 34 37 0.0 0.0 0.0 0.0 162.0 4.0 0.0
39 34 38 0.0 0.0 0.0 0.0 411.0 13.0 0.0
39 34 39 0.0 0.0 0.0 0.0 870.0 37.0 0.0
39 34 40 0.0 0.0 0.0 0.0 1008.0 30.0 0.0
39 34 41 0.0 0.0 0.0 0.0 800.0 28.0 0.0
39 34 42 0.0 0.0 0.0 0.0 428.0 10.0 0.0
39 34 43 0.0 0.0 0.0 0.0 124.0 2.0 0.0
39 34 44 0.0 0.0 0.0 0.0 22.0 1.0 0.0
39 34 45 0.0 0.0 0.0 0.0 1.0 0.0 0.0
39 35 34 0.0 0.0 0.0 0.0 1.0 0.0 0.0
39 35 35 0.0 0.0 0.0 0.0 246.0 8.0 0.0
39 35 36 0.0 0.0 0.0 0.0 2596.0 86.0 5.0
39 35 37 0.0 0.0 0.0 0.0 10987.0 366.0 87.0
39 35 38 0.0 0.0 0.0 1.0 24965.0 788.0 584.0
39 35 39 0.0 0.0 0.0 1.0 37077.0 1091.0 1614.0
39 35 40 0.0 0.0 0.0 2.0 41108.0 1190.0 2120.0
39 35 41 0.0 0.0 0.0 0.0 37028.0 1111.0 1674.0
39 35 42 0.0 0.0 0.0 0.0 25104.0 853.0 696.0
39 35 43 0.0 0.0 0.0 0.0 11330.0 394.0 110.0
39 35 44 0.0 0.0 0.0 0.0 2916.0 97.0 6.0
39 35 45 0.0 0.0 0.0 0.0 209.0 6.0 0.0
39 35 46 0.0 0.0 0.0 0.0 2.0 1.0 0.0
39 36 34 0.0 0.0 0.0 0.0 19.0 0.0 0.0
39 36 35 0.0 0.0 0.0 0.0 2710.0 107.0 6.0
39 36 36 0.0 0.0 0.0 0.0 30478.0 948.0 1108.0
39 36 37 0.0 0.0 0.0 0.0 68436.0 1486.0 10761.0
39 36 38 0.0 0.0 0.0 4.0 81788.0 1349.0 28944.0
39 36 39 0.0 0.0 0.0 4.0 81438.0 1209.0 41104.0
39 36 40 0.0 0.0 0.0 8.0 80274.0 1171.0 45773.0
39 36 41 0.0 0.0 0.0 10.0 82000.0 1213.0 40946.0
39 36 42 0.0 0.0 0.0 1.0 81716.0 1375.0 29155.0
39 36 43 0.0 0.0 0.0 0.0 69196.0 1483.0 11160.0
39 36 44 0.0 0.0 0.0 1.0 32372.0 983.0 1321.0
39 36 45 0.0 0.0 0.0 0.0 2845.0 95.0 6.0
39 36 46 0.0 0.0 0.0 0.0 16.0 0.0 0.0
39 37 34 0.0 0.0 0.0 0.0 141.0 4.0 0.0
39 37 35 0.0 0.0 0.0 0.0 11295.0 336.0 107.0
39 37 36 0.0 0.0 0.0 0.0 69377.0 1522.0 11296.0
39 37 37 0.0 0.0 0.0 2.0 75490.0 1004.0 55756.0
39 37 38 0.0 0.0 0.0 7.0 62386.0 570.0 87350.0
39 37 39 0.0 0.0 0.0 14.0 53527.0 448.0 103432.0
39 37 40 0.0 0.0 0.0 4.0 50679.0 389.0 107553.0
39 37 41 0.0 0.0 0.0 8.0 53289.0 426.0 103559.0
39 37 42 0.0 0.0 0.0 8.0 61897.0 569.0 87244.0
39 37 43 0.0 0.0 0.0 9.0 74663.0 905.0 57693.0
39 37 44 0.0 0.0 0.0 3.0 70025.0 1586.0 11472.0
39 37 45 0.0 0.0 0.0 0.0 11071.0 323.0 116.0
39 37 46 0.0 0.0 0.0 0.0 143.0 3.0 0.0
39 38 34 0.0 0.0 0.0 0.0 446.0 13.0 0.0
39 38 35 0.0 0.0 0.0 0.0 25182.0 799.0 670.0
39 38 36 0.0 0.0 0.0 1.0 82021.0 1392.0 28151.0
39 38 37 0.0 0.0 0.0 5.0 61982.0 548.0 87335.0
39 38 38 0.0 0.0 0.0 0.0 39960.0 234.0 130595.0
39 38 39 0.0 0.0 0.0 6.0 30816.0 142.0 146449.0
39 38 40 0.0 0.0 0.0 6.0 27993.0 126.0 151262.0
39 38 41 0.0 0.0 0.0 8.0 30262.0 124.0 147527.0
39 38 42 0.0 0.0 0.0 8.0 39361.0 229.0 131027.0
39 38 43 0.0 0.0 0.0 5.0 61929.0 614.0 87199.0
39 38 44 0.0 0.0 0.0 11.0 81843.0 1366.0 28967.0
39 38 45 0.0 0.0 0.0 0.0 25273.0 754.0 681.0
39 38 46 0.0 0.0 0.0 0.0 450.0 15.0 0.0
39 39 34 0.0 0.0 0.0 0.0 906.0 40.0 0.0
39 39 35 0.0 0.0 0.0 0.0 37560.0 1063.0 1728.0
39 39 36 0.0 0.0 0.0 3.0 81115.0 1239.0 41453.0
39 39 37 0.0 0.0 0.0 8.0 53719.0 419.0 102706.0
39 39 38 0.0 0.0 0.0 10.0 31062.0 144.0 146203.0
39 39 39 0.0 0.0 0.0 11.0 18446.0 14.0 175378.0
39 39 40 0.0 0.0 0.0 12.0 16161.0 17.0 178348.0
39 39 41 0.0 0.0 0.0 10.0 18220.0 16.0 175112.0
39 39 42 0.0 0.0 0.0 7.0 30482.0 140.0 147323.0
39 39 43 0.0 0.0 0.0 6.0 53092.0 429.0 103824.0
39 39 44 0.0 0.0 0.0 4.0 81258.0 1223.0 41974.0
39 39 45 0.0 0.0 0.0 0.0 37079.0 1138.0 1723.0
39 39 46 0.0 0.0 0.0 0.0 836.0 15.0 2.0
39 40 34 0.0 0.0 0.0 0.0 869.0 31.0 0.0
39 40 35 0.0 0.0 0.0 0.0 40765.0 1147.0 2074.0
39 40 36 0.0 0.0 0.0 1.0 80313.0 1101.0 46170.0
39 40 37 0.0 0.0 0.0 7.0 50560.0 406.0 108386.0
39 40 38 0.0 0.0 0.0 9.0 27927.0 105.0 151214.0
39 40 39 0.0 0.0 0.0 8.0 16241.0 15.0 178496.0
39 40 40 0.0 0.0 0.0 10.0 13717.0 17.0 182093.0
39 40 41 0.0 0.0 0.0 7.0 16172.0 16.0 178395.0
39 40 42 0.0 0.0 0.0 10.0 28062.0 108.0 151191.0
39 40 43 0.0 0.0 0.0 7.0 50998.0 397.0 107907.0
39 40 44 0.0 0.0 0.0 4.0 80414.0 1114.0 45823.0
39 40 45 0.0 0.0 0.0 3.0 41304.0 1132.0 2238.0
39 40 46 0.0 0.0 0.0 0.0 1057.0 42.0 0.0
39 41 34 0.0 0.0 0.0 0.0 816.0 37.0 0.0
39 41 35 0.0 0.0 0.0 0.0 36286.0 1061.0 1548.0
39 41 36 0.0 0.0 0.0 0.0 81629.0 1211.0 40946.0
39 41 37 0.0 0.0 0.0 4.0 53658.0 427.0 103049.0
39 41 38 0.0 0.0 0.0 3.0 30589.0 153.0 146715.0
39 41 39 0.0 0.0 0.0 11.0 18051.0 14.0 175741.0
39 41 40 0.0 0.0 0.0 10.0 15582.0 23.0 179584.0
39 41 41 0.0 0.0 0.0 8.0 18164.0 18.0 175243.0
39 41 42 0.0 0.0 0.0 21.0 30519.0 126.0 146969.0
39 41 43 0.0 0.0 0.0 8.0 53881.0 432.0 102659.0
39 41 44 0.0 0.0 0.0 5.0 81976.0 1212.0 40287.0
39 41 45 0.0 0.0 0.0 0.0 36621.0 1060.0 1550.0
39 41 46 0.0 0.0 0.0 0.0 755.0 23.0 0.0
39 42 34 0.0 0.0 0.0 0.0 403.0 11.0 0.0
39 42 35 0.0 0.0 0.0 0.0 24648.0 816.0 614.0
39 42 36 0.0 0.0 0.0 2.0 81950.0 1418.0 28543.0
39 42 37 0.0 0.0 0.0 4.0 62565.0 561.0 86760.0
39 42 38 0.0 0.0 0.0 1.0 39447.0 201.0 131349.0
39 42 39 0.0 0.0 0.0 6.0 30306.0 135.0 147085.0
39 42 40 0.0 0.0 0.0 7.0 27488.0 96.0 152130.0
39 42 41 0.0 0.0 0.0 13.0 30401.0 143.0 147550.0
39 42 42 0.0 0.0 0.0 14.0 39440.0 187.0 131137.0
39 42 43 0.0 0.0 0.0 8.0 61443.0 596.0 88057.0
39 42 44 0.0 0.0 0.0 0.0 82358.0 1369.0 28358.0
39 42 45 0.0 0.0 0.0 0.0 25024.0 776.0 692.0
39 42 46 0.0 0.0 0.0 0.0 437.0 19.0 0.0
39 43 34 0.0 0.0 0.0 0.0 126.0 6.0 0.0
39 43 35 0.0 0.0 0.0 0.0 11289.0 404.0 121.0
39 43 36 0.0 0.0 0.0 0.0 69808.0 1598.0 11432.0
39 43 37 0.0 0.0 0.0 2.0 75559.0 1014.0 56417.0
39 43 38 0.0 0.0 0.0 4.0 62505.0 616.0 87065.0
39 43 39 0.0 0.0 0.0 4.0 52858.0 435.0 104350.0
39 43 40 0.0 0.0 0.0 0.0 50419.0 384.0 108516.0
39 43 41 0.0 0.0 0.0 12.0 52960.0 431.0 104506.0
39 43 42 0.0 0.0 0.0 9.0 62523.0 586.0 86640.0
39 43 43 0.0 0.0 0.0 1.0 74741.0 951.0 56441.0
39 43 44 0.0 0.0 0.0 16.0 69807.0 1536.0 11856.0
39 43 45 0.0 0.0 0.0 0.0 11535.0 387.0 105.0
39 43 46 0.0 0.0 0.0 0.0 115.0 1.0 0.0
39 44 34 0.0 0.0 0.0 0.0 17.0 0.0 0.0
39 44 35 0.0 0.0 0.0 0.0 2827.0 108.0 5.0
39 44 36 0.0 0.0 0.0 4.0 30613.0 941.0 1210.0
39 44 37 0.0 0.0 0.0 0.0 70386.0 1563.0 11677.0
39 44 38 0.0 0.0 0.0 3.0 81961.0 1404.0 28524.0
39 44 39 0.0 0.0 0.0 0.0 81400.0 1164.0 41641.0
39 44 40 0.0 0.0 0.0 5.0 79960.0 1121.0 46828.0
39 44 41 0.0 0.0 0.0 2.0 81535.0 1179.0 41871.0
39 44 42 0.0 0.0 0.0 7.0 82191.0 1367.0 29443.0
39 44 43 0.0 0.0 0.0 5.0 69765.0 1541.0 11413.0
39 44 44 0.0 0.0 0.0 2.0 31595.0 960.0 1295.0
39 44 45 0.0 0.0 0.0 0.0 2930.0 128.0 6.0
39 44 46 0.0 0.0 0.0 0.0 18.0 2.0 0.0
39 45 35 0.0 0.0 0.0 0.0 216.0 10.0 0.0
39 45 36 0.0 0.0 0.0 0.0 2712.0 81.0 4.0
39 45 37 0.0 0.0 0.0 0.0 11794.0 403.0 106.0
39 45 38 0.0 0.0 0.0 0.0 25335.0 785.0 665.0
39 45 39 0.0 0.0 0.0 0.0 38270.0 1104.0 1771.0
39 45 40 0.0 0.0 0.0 0.0 42109.0 1200.0 2330.0
39 45 41 0.0 0.0 0.0 0.0 37178.0 1128.0 1719.0
39 45 42 0.0 0.0 0.0 0.0 25764.0 790.0 720.0
39 45 43 0.0 0.0 0.0 1.0 11671.0 392.0 119.0
39 45 44 0.0 0.0 0.0 0.0 2758.0 83.0 4.0
39 45 45 0.0 0.0 0.0 0.0 189.0 5.0 0.0
39 46 36 0.0 0.0 0.0 0.0 25.0 1.0 0.0
39 46 37 0.0 0.0 0.0 0.0 113.0 5.0 0.0
39 46 38 0.0 0.0 0.0 0.0 453.0 18.0 0.0
39 46 39 0.0 0.0 0.0 0.0 971.0 31.0 0.0
39 46 40 0.0 0.0 0.0 0.0 1057.0 28.0 1.0
39 46 41 0.0 0.0 0.0 0.0 856.0 27.0 0.0
39 46 42 0.0 0.0 0.0 0.0 444.0 16.0 0.0
39 46 43 0.0 0.0 0.0 0.0 120.0 5.0 0.0
39 46 44 0.0 0.0 0.0 0.0 17.0 1.0 0.0
39 46 45 0.0 0.0 0.0 0.0 3.0 1.0 0.0
39 47 39 0.0 0.0 0.0 0.0 3.0 1.0 0.0
39 47 40 0.0 0.0 0.0 0.0 1.0 0.0 0.0
40 33 40 0.0 0.0 0.0 0.0 1.0 0.0 0.0
40 33 41 0.0 0.0 0.0 0.0 1.0 0.0 0.0
40 34 35 0.0 0.0 0.0 0.0 1.0 0.0 0.0
40 34 36 0.0 0.0 0.0 0.0 23.0 0.0 0.0
40 34 37 0.0 0.0 0.0 0.0 195.0 5.0 0.0
40 34 38 0.0 0.0 0.0 0.0 547.0 21.0 0.0
40 34 39 0.0 0.0 0.0 0.0 931.0 30.0 0.0
40 34 40 0.0 0.0 0.0 0.0 1223.0 42.0 0.0
40 34 41 0.0 0.0 0.0 0.0 1050.0 31.0 0.0
40 34 42 0.0 0.0 0.0 0.0 570.0 15.0 0.0
40 34 43 0.0 0.0 0.0 0.0 158.0 7.0 0.0
40 34 44 0.0 0.0 0.0 0.0 21.0 1.0 0.0
40 34 45 0.0 0.0 0.0 0.0 3.0 0.0 0.0
40 35 34 0.0 0.0 0.0 0.0 2.0 0.0 0.0
40 35 35 0.0 0.0 0.0 0.0 202.0 3.0 0.0
40 35 36 0.0 0.0 0.0 0.0 3348.0 114.0 8.0
40 35 37 0.0 0.0 0.0 2.0 13578.0 451.0 179.0
40 35 38 0.0 0.0 0.0 0.0 28370.0 856.0 889.0
40 35 39 0.0 0.0 0.0 0.0 41392.0 1193.0 2210.0
40 35 40 0.0 0.0 0.0 2.0 45557.0 1255.0 2856.0
40 35 41 0.0 0.0 0.0 0.0 41775.0 1120.0 2298.0
40 35 42 0.0 0.0 0.0 0.0 28782.0 895.0 882.0
40 35 43 0.0 0.0 0.0 0.0 13459.0 414.0 167.0
40 35 44 0.0 0.0 0.0 0.0 3345.0 115.0 11.0
40 35 45 0.0 0.0 0.0 0.0 235.0 5.0 0.0
40 35 46 0.0 0.0 0.0 0.0 6.0 1.0 0.0
40 36 34 0.0 0.0 0.0 0.0 20.0 2.0 0.0
40 36 35 0.0 0.0 0.0 0.0 3332.0 130.0 5.0
40 36 36 0.0 0.0 0.0 0.0 33821.0 1011.0 1510.0
40 36 37 0.0 0.0 0.0 0.0 72854.0 1644.0 13606.0
40 36 38 0.0 0.0 0.0 13.0 81885.0 1274.0 32666.0
40 36 39 0.0 0.0 0.0 1.0 80471.0 1099.0 45349.0
40 36 40 0.0 0.0 0.0 5.0 78777.0 1077.0 49631.0
40 36 41 0.0 0.0 0.0 3.0 80594.0 1115.0 45661.0
40 36 42 0.0 0.0 0.0 2.0 82603.0 1339.0 32662.0
40 36 43 0.0 0.0 0.0 2.0 72710.0 1503.0 13482.0
40 36 44 0.0 0.0 0.0 0.0 36266.0 1096.0 1799.0
40 36 45 0.0 0.0 0.0 0.0 3144.0 97.0 5.0
40 36 46 0.0 0.0 0.0 0.0 12.0 0.0 0.0
40 37 34 0.0 0.0 0.0 0.0 206.0 8.0 0.0
40 37 35 0.0 0.0 0.0 0.0 13665.0 454.0 182.0
40 37 36 0.0 0.0 0.0 0.0 72707.0 1468.0 13743.0
40 37 37 0.0 0.0 0.0 0.0 73234.0 858.0 61657.0
40 37 38 0.0 0.0 0.0 5.0 59297.0 506.0 91822.0
40 37 39 0.0 0.0 0.0 8.0 50753.0 411.0 108145.0
40 37 40 0.0 0.0 0.0 6.0 48189.0 364.0 112543.0
40 37 41 0.0 0.0 0.0 9.0 50324.0 395.0 108409.0
40 37 42 0.0 0.0 0.0 6.0 59500.0 542.0 92660.0
40 37 43 0.0 0.0 0.0 8.0 72503.0 895.0 63150.0
40 37 44 0.0 0.0 0.0 1.0 72420.0 1575.0 13381.0
40 37 45 0.0 0.0 0.0 0.0 13812.0 438.0 188.0
40 37 46 0.0 0.0 0.0 0.0 154.0 5.0 0.0
40 38 34 0.0 0.0 0.0 0.0 523.0 24.0 0.0
40 38 35 0.0 0.0 0.0 0.0 30111.0 905.0 1042.0
40 38 36 0.0 0.0 0.0 0.0 82147.0 1318.0 32348.0
40 38 37 0.0 0.0 0.0 6.0 59113.0 542.0 92558.0
40 38 38 0.0 0.0 0.0 2.0 36440.0 187.0 137061.0
40 38 39 0.0 0.0 0.0 6.0 28195.0 127.0 150631.0
40 38 40 0.0 0.0 0.0 6.0 25332.0 111.0 155650.0
40 38 41 0.0 0.0 0.0 10.0 27975.0 120.0 150637.0
40 38 42 0.0 0.0 0.0 16.0 36227.0 175.0 137095.0
40 38 43 0.0 0.0 0.0 11.0 59619.0 573.0 92985.0
40 38 44 0.0 0.0 0.0 3.0 82105.0 1332.0 32770.0
40 38 45 0.0 0.0 0.0 0.0 29420.0 875.0 989.0
40 38 46 0.0 0.0 0.0 0.0 549.0 15.0 0.0
40 39 33 0.0 0.0 0.0 0.0 2.0 1.0 0.0
40 39 34 0.0 0.0 0.0 0.0 1058.0 33.0 1.0
40 39 35 0.0 0.0 0.0 0.0 41515.0 1124.0 2328.0
40 39 36 0.0 0.0 0.0 1.0 79905.0 1150.0 46377.0
40 39 37 0.0 0.0 0.0 4.0 50588.0 354.0 108512.0
40 39 38 0.0 0.0 0.0 9.0 27799.0 107.0 151572.0
40 39 39 0.0 0.0 0.0 12.0 15942.0 11.0 178804.0
40 39 40 0.0 0.0 0.0 11.0 13969.0 22.0 181593.0
40 39 41 0.0 0.0 0.0 11.0 16011.0 22.0 178443.0
40 39 42 0.0 0.0 0.0 4.0 27941.0 90.0 150745.0
40 39 43 0.0 0.0 0.0 8.0 50811.0 409.0 107836.0
40 39 44 0.0 0.0 0.0 7.0 80664.0 1120.0 45446.0
40 39 45 0.0 0.0 0.0 3.0 41032.0 1171.0 2131.0
40 39 46 0.0 0.0 0.0 0.0 1004.0 45.0 1.0
40 40 33 0.0 0.0 0.0 0.0 1.0 0.0 0.0
40 40 34 0.0 0.0 0.0 0.0 1214.0 44.0 0.0
40 40 35 0.0 0.0 0.0 0.0 46367.0 1217.0 2975.0
40 40 36 0.0 0.0 0.0 8.0 78818.0 1064.0 50289.0
40 40 37 0.0 0.0 0.0 7.0 47946.0 353.0 112400.0
40 40 38 0.0 0.0 0.0 11.0 25399.0 106.0 155058.0
40 40 39 0.0 0.0 0.0 11.0 13967.0 7.0 182342.0
40 40 40 0.0 0.0 0.0 7.0 9807.0 0.0 206293.0
40 40 41 0.0 0.0 0.0 10.0 13764.0 13.0 182108.0
40 40 42 0.0 0.0 0.0 5.0 25160.0 93.0 155710.0
40 40 43 0.0 0.0 0.0 12.0 48115.0 340.0 112725.0
40 40 44 0.0 0.0 0.0 2.0 79007.0 1054.0 50024.0
40 40 45 0.0 0.0 0.0 0.0 45725.0 1241.0 2829.0
40 40 46 0.0 0.0 0.0 0.0 1288.0 46.0 0.0
40 40 47 0.0 0.0 0.0 0.0 1.0 0.0 0.0
40 41 34 0.0 0.0 0.0 0.0 935.0 34.0 1.0
40 41 35 0.0 0.0 0.0 0.0 40657.0 1148.0 2120.0
40 41 36 0.0 0.0 0.0 0.0 80501.0 1120.0 45622.0
40 41 37 0.0 0.0 0.0 11.0 50782.0 390.0 108252.0
40 41 38 0.0 0.0 0.0 4.0 27757.0 105.0 151612.0
40 41 39 0.0 0.0 0.0 8.0 16206.0 24.0 178099.0
40 41 40 0.0 0.0 0.0 10.0 13711.0 10.0 182226.0
40 41 41 0.0 0.0 0.0 10.0 16021.0 10.0 179018.0
40 41 42 0.0 0.0 0.0 5.0 27813.0 97.0 151182.0
40 41 43 0.0 0.0 0.0 6.0 50781.0 391.0 108099.0
40 41 44 0.0 0.0 0.0 2.0 80269.0 1102.0 46154.0
40 41 45 0.0 0.0 0.0 0.0 41171.0 1174.0 2210.0
40 41 46 0.0 0.0 0.0 0.0 1014.0 42.0 1.0
40 42 34 0.0 0.0 0.0 0.0 588.0 25.0 0.0
40 42 35 0.0 0.0 0.0 0.0 27724.0 859.0 806.0
40 42 36 0.0 0.0 0.0 1.0 82406.0 1302.0 31926.0
40 42 37 0.0 0.0 0.0 4.0 59452.0 538.0 92403.0
40 42 38 0.0 0.0 0.0 4.0 36143.0 180.0 136766.0
40 42 39 0.0 0.0 0.0 7.0 27547.0 94.0 151505.0
40 42 40 0.0 0.0 0.0 14.0 25298.0 95.0 155240.0
40 42 41 0.0 0.0 0.0 12.0 27848.0 92.0 151215.0
40 42 42 0.0 0.0 0.0 7.0 36857.0 175.0 136648.0
40 42 43 0.0 0.0 0.0 13.0 60117.0 524.0 92128.0
40 42 44 0.0 0.0 0.0 5.0 82059.0 1282.0 32330.0
40 42 45 0.0 0.0 0.0 0.0 29582.0 946.0 920.0
40 42 46 0.0 0.0 0.0 0.0 533.0 14.0 0.0
40 43 34 0.0 0.0 0.0 0.0 159.0 8.0 0.0
40 43 35 0.0 0.0 0.0 0.0 12964.0 453.0 143.0
40 43 36 0.0 0.0 0.0 1.0 72828.0 1543.0 13974.0
40 43 37 0.0 0.0 0.0 5.0 72875.0 812.0 61651.0
40 43 38 0.0 0.0 0.0 6.0 59073.0 531.0 92803.0
40 43 39 0.0 0.0 0.0 7.0 50738.0 395.0 108636.0
40 43 40 0.0 0.0 0.0 11.0 47566.0 346.0 114020.0
40 43 41 0.0 0.0 0.0 5.0 51012.0 389.0 108029.0
40 43 42 0.0 0.0 0.0 7.0 59031.0 510.0 93184.0
40 43 43 0.0 0.0 0.0 19.0 73423.0 920.0 61662.0
40 43 44 0.0 0.0 0.0 4.0 73315.0 1562.0 14275.0
40 43 45 0.0 0.0 0.0 0.0 13426.0 426.0 144.0
40 43 46 0.0 0.0 0.0 0.0 188.0 8.0 0.0
40 44 34 0.0 0.0 0.0 0.0 22.0 1.0 0.0
40 44 35 0.0 0.0 0.0 0.0 3244.0 102.0 5.0
40 44 36 0.0 0.0 0.0 1.0 33734.0 1024.0 1485.0
40 44 37 0.0 0.0 0.0 0.0 72752.0 1570.0 13427.0
40 44 38 0.0 0.0 0.0 1.0 82106.0 1247.0 32718.0
40 44 39 0.0 0.0 0.0 10.0 80016.0 1136.0 46924.0
40 44 40 0.0 0.0 0.0 1.0 78806.0 1082.0 50964.0
40 44 41 0.0 0.0 0.0 8.0 80393.0 1099.0 45813.0
40 44 42 0.0 0.0 0.0 5.0 82632.0 1365.0 32322.0
40 44 43 0.0 0.0 0.0 5.0 73256.0 1570.0 13777.0
40 44 44 0.0 0.0 0.0 0.0 34965.0 997.0 1625.0
40 44 45 0.0 0.0 0.0 0.0 3350.0 108.0 5.0
40 44 46 0.0 0.0 0.0 0.0 31.0 2.0 0.0
40 45 34 0.0 0.0 0.0 0.0 1.0 0.0 0.0
40 45 35 0.0 0.0 0.0 0.0 253.0 11.0 0.0
40 45 36 0.0 0.0 0.0 0.0 3325.0 115.0 7.0
40 45 37 0.0 0.0 0.0 0.0 13479.0 451.0 156.0
40 45 38 0.0 0.0 0.0 0.0 29041.0 872.0 960.0
40 45 39 0.0 0.0 0.0 0.0 41958.0 1189.0 2314.0
40 45 40 0.0 0.0 0.0 0.0 46431.0 1276.0 3058.0
40 45 41 0.0 0.0 0.0 2.0 42726.0 1159.0 2362.0
40 45 42 0.0 0.0 0.0 0.0 29460.0 964.0 942.0
40 45 43 0.0 0.0 0.0 1.0 13086.0 444.0 159.0
40 45 44 0.0 0.0 0.0 0.0 3470.0 99.0 7.0
40 45 45 0.0 0.0 0.0 0.0 269.0 8.0 0.0
40 46 35 0.0 0.0 0.0 0.0 1.0 0.0 0.0
40 46 36 0.0 0.0 0.0 0.0 23.0 2.0 0.0
40 46 37 0.0 0.0 0.0 0.0 157.0 3.0 0.0
40 46 38 0.0 0.0 0.0 0.0 557.0 20.0 0.0
40 46 39 0.0 0.0 0.0 0.0 1073.0 44.0 0.0
40 46 40 0.0 0.0 0.0 0.0 1278.0 42.0 1.0
40 46 41 0.0 0.0 0.0 0.0 1164.0 29.0 1.0
40 46 42 0.0 0.0 0.0 0.0 600.0 16.0 0.0
40 46 43 0.0 0.0 0.0 0.0 182.0 4.0 0.0
40 46 44 0.0 0.0 0.0 0.0 31.0 0.0 0.0
40 47 41 0.0 0.0 0.0 0.0 2.0 0.0 0.0
41 34 36 0.0 0.0 0.0 0.0 15.0 0.0 0.0
41 34 37 0.0 0.0 0.0 0.0 97.0 4.0 0.0
41 34 38 0.0 0.0 0.0 0.0 391.0 13.0 0.0
41 34 39 0.0 0.0 0.0 0.0 844.0 35.0 0.0
41 34 40 0.0 0.0 0.0 0.0 942.0 32.0 1.0
41 34 41 0.0 0.0 0.0 0.0 818.0 28.0 2.0
41 34 42 0.0 0.0 0.0 0.0 481.0 16.0 0.0
41 34 43 0.0 0.0 0.0 0.0 132.0 2.0 0.0
41 34 44 0.0 0.0 0.0 0.0 17.0 1.0 0.0
41 35 35 0.0 0.0 0.0 0.0 220.0 9.0 0.0
41 35 36 0.0 0.0 0.0 0.0 2613.0 86.0 1.0
41 35 37 0.0 0.0 0.0 0.0 11188.0 373.0 135.0
41 35 38 0.0 0.0 0.0 0.0 24946.0 751.0 617.0
41 35 39 0.0 0.0 0.0 0.0 37254.0 1095.0 1766.0
41 35 40 0.0 0.0 0.0 0.0 41977.0 1214.0 2304.0
41 35 41 0.0 0.0 0.0 0.0 37042.0 1078.0 1660.0
41 35 42 0.0 0.0 0.0 2.0 25232.0 810.0 635.0
41 35 43 0.0 0.0 0.0 0.0 11735.0 409.0 136.0
41 35 44 0.0 0.0 0.0 0.0 2866.0 119.0 5.0
41 35 45 0.0 0.0 0.0 0.0 212.0 4.0 0.0
41 36 34 0.0 0.0 0.0 0.0 23.0 0.0 0.0
41 36 35 0.0 0.0 0.0 0.0 2828.0 106.0 4.0
41 36 36 0.0 0.0 0.0 0.0 31040.0 939.0 1190.0
41 36 37 0.0 0.0 0.0 0.0 70116.0 1618.0 11819.0
41 36 38 0.0 0.0 0.0 3.0 82263.0 1343.0 28876.0
41 36 39 0.0 0.0 0.0 2.0 81369.0 1184.0 41865.0
41 36 40 0.0 0.0 0.0 0.0 80041.0 1156.0 46080.0
41 36 41 0.0 0.0 0.0 11.0 81128.0 1185.0 41450.0
41 36 42 0.0 0.0 0.0 3.0 82076.0 1413.0 28051.0
41 36 43 0.0 0.0 0.0 1.0 69762.0 1569.0 11407.0
41 36 44 0.0 0.0 0.0 0.0 29883.0 878.0 1187.0
41 36 45 0.0 0.0 0.0 0.0 2859.0 106.0 7.0
41 36 46 0.0 0.0 0.0 0.0 11.0 1.0 0.0
41 37 34 0.0 0.0 0.0 0.0 119.0 3.0 0.0
41 37 35 0.0 0.0 0.0 0.0 11715.0 395.0 100.0
41 37 36 0.0 0.0 0.0 0.0 69019.0 1524.0 11372.0
41 37 37 0.0 0.0 0.0 2.0 75320.0 932.0 57239.0
41 37 38 0.0 0.0 0.0 3.0 62042.0 577.0 88049.0
41 37 39 0.0 0.0 0.0 11.0 53313.0 455.0 103526.0
41 37 40 0.0 0.0 0.0 10.0 51384.0 395.0 107350.0
41 37 41 0.0 0.0 0.0 6.0 52920.0 439.0 104007.0
41 37 42 0.0 0.0 0.0 2.0 61304.0 575.0 88035.0
41 37 43 0.0 0.0 0.0 1.0 74956.0 972.0 57256.0
41 37 44 0.0 0.0 0.0 5.0 70119.0 1597.0 11857.0
41 37 45 0.0 0.0 0.0 0.0 11549.0 418.0 139.0
41 37 46 0.0 0.0 0.0 0.0 122.0 3.0 0.0
41 38 34 0.0 0.0 0.0 0.0 496.0 14.0 0.0
41 38 35 0.0 0.0 0.0 0.0 25192.0 806.0 630.0
41 38 36 0.0 0.0 0.0 0.0 82746.0 1386.0 28716.0
41 38 37 0.0 0.0 0.0 3.0 62006.0 557.0 88141.0
41 38 38 0.0 0.0 0.0 1.0 39010.0 222.0 131742.0
41 38 39 0.0 0.0 0.0 3.0 30183.0 145.0 147452.0
41 38 40 0.0 0.0 0.0 5.0 27626.0 123.0 151193.0
41 38 41 0.0 0.0 0.0 6.0 30302.0 125.0 147513.0
41 38 42 0.0 0.0 0.0 5.0 39419.0 212.0 131855.0
41 38 43 0.0 0.0 0.0 4.0 61362.0 581.0 88140.0
41 38 44 0.0 0.0 0.0 2.0 81888.0 1331.0 28967.0
41 38 45 0.0 0.0 0.0 0.0 25154.0 761.0 656.0
41 38 46 0.0 0.0 0.0 0.0 467.0 16.0 0.0
41 39 34 0.0 0.0 0.0 0.0 881.0 28.0 0.0
41 39 35 0.0 0.0 0.0 2.0 37623.0 1104.0 1722.0
41 39 36 0.0 0.0 0.0 1.0 81204.0 1148.0 41969.0
41 39 37 0.0 0.0 0.0 8.0 52956.0 417.0 104187.0
41 39 38 0.0 0.0 0.0 7.0 30157.0 151.0 147145.0
41 39 39 0.0 0.0 0.0 9.0 18059.0 25.0 176295.0
41 39 40 0.0 0.0 0.0 5.0 16039.0 17.0 178545.0
41 39 41 0.0 0.0 0.0 9.0 18066.0 16.0 176463.0
41 39 42 0.0 0.0 0.0 7.0 29943.0 103.0 147930.0
41 39 43 0.0 0.0 0.0 3.0 52903.0 406.0 104059.0
41 39 44 0.0 0.0 0.0 0.0 81492.0 1214.0 40827.0
41 39 45 0.0 0.0 0.0 0.0 37324.0 1090.0 1766.0
41 39 46 0.0 0.0 0.0 0.0 789.0 15.0 0.0
41 39 47 0.0 0.0 0.0 0.0 2.0 0.0 0.0
41 40 33 0.0 0.0 0.0 0.0 1.0 0.0 0.0
41 40 34 0.0 0.0 0.0 0.0 979.0 32.0 0.0
41 40 35 0.0 0.0 0.0 0.0 41835.0 1170.0 2332.0
41 40 36 0.0 0.0 0.0 3.0 80371.0 1065.0 45909.0
41 40 37 0.0 0.0 0.0 5.0 50703.0 409.0 108555.0
41 40 38 0.0 0.0 0.0 5.0 27588.0 109.0 151421.0
41 40 39 0.0 0.0 0.0 5.0 16225.0 15.0 178492.0
41 40 40 0.0 0.0 0.0 8.0 13624.0 8.0 183030.0
41 40 41 0.0 0.0 0.0 13.0 16070.0 15.0 178347.0
41 40 42 0.0 0.0 0.0 3.0 27876.0 125.0 151199.0
41 40 43 0.0 0.0 0.0 9.0 50736.0 400.0 108048.0
41 40 44 0.0 0.0 0.0 1.0 80304.0 1109.0 45739.0
41 40 45 0.0 0.0 0.0 0.0 42149.0 1139.0 2386.0
41 40 46 0.0 0.0 0.0 1.0 961.0 25.0 1.0
41 41 34 0.0 0.0 0.0 0.0 901.0 25.0 0.0
41 41 35 0.0 0.0 0.0 0.0 37254.0 1067.0 1594.0
41 41 36 0.0 0.0 0.0 0.0 81513.0 1176.0 41163.0
41 41 37 0.0 0.0 0.0 5.0 53205.0 451.0 103822.0
41 41 38 0.0 0.0 0.0 8.0 30412.0 127.0 147643.0
41 41 39 0.0 0.0 0.0 5.0 18192.0 27.0 175903.0
41 41 40 0.0 0.0 0.0 6.0 16002.0 18.0 178562.0
41 41 41 0.0 0.0 0.0 8.0 18574.0 25.0 175160.0
41 41 42 0.0 0.0 0.0 14.0 30258.0 121.0 147108.0
41 41 43 0.0 0.0 0.0 14.0 53253.0 406.0 103581.0
41 41 44 0.0 0.0 0.0 10.0 81545.0 1207.0 41684.0
41 41 45 0.0 0.0 0.0 0.0 36536.0 1097.0 1708.0
41 41 46 0.0 0.0 0.0 0.0 780.0 26.0 0.0
41 42 34 0.0 0.0 0.0 0.0 411.0 12.0 0.0
41 42 35 0.0 0.0 0.0 0.0 25457.0 799.0 661.0
41 42 36 0.0 0.0 0.0 0.0 81881.0 1306.0 29478.0
41 42 37 0.0 0.0 0.0 4.0 61327.0 569.0 88399.0
41 42 38 0.0 0.0 0.0 5.0 39218.0 218.0 131766.0
41 42 39 0.0 0.0 0.0 7.0 30282.0 104.0 147059.0
41 42 40 0.0 0.0 0.0 7.0 27765.0 95.0 151208.0
41 42 41 0.0 0.0 0.0 6.0 30608.0 146.0 146652.0
41 42 42 0.0 0.0 0.0 5.0 39302.0 234.0 131340.0
41 42 43 0.0 0.0 0.0 6.0 61916.0 599.0 87723.0
41 42 44 0.0 0.0 0.0 6.0 81504.0 1376.0 28477.0
41 42 45 0.0 0.0 0.0 0.0 24839.0 775.0 638.0
41 42 46 0.0 0.0 0.0 0.0 411.0 10.0 0.0
41 43 34 0.0 0.0 0.0 0.0 140.0 5.0 0.0
41 43 35 0.0 0.0 0.0 0.0 11161.0 360.0 113.0
41 43 36 0.0 0.0 0.0 0.0 69033.0 1604.0 11183.0
41 43 37 0.0 0.0 0.0 1.0 75355.0 1006.0 56581.0
41 43 38 0.0 0.0 0.0 2.0 61614.0 589.0 88195.0
41 43 39 0.0 0.0 0.0 3.0 53436.0 430.0 103163.0
41 43 40 0.0 0.0 0.0 3.0 50628.0 382.0 108439.0
41 43 41 0.0 0.0 0.0 11.0 53305.0 411.0 104032.0
41 43 42 0.0 0.0 0.0 4.0 61611.0 563.0 87621.0
41 43 43 0.0 0.0 0.0 0.0 75374.0 967.0 56392.0
41 43 44 0.0 0.0 0.0 0.0 69834.0 1541.0 11355.0
41 43 45 0.0 0.0 0.0 0.0 12035.0 413.0 121.0
41 43 46 0.0 0.0 0.0 0.0 145.0 6.0 0.0
41 44 34 0.0 0.0 0.0 0.0 18.0 1.0 0.0
41 44 35 0.0 0.0 0.0 0.0 2644.0 53.0 6.0
41 44 36 0.0 0.0 0.0 1.0 30715.0 958.0 1198.0
41 44 37 0.0 0.0 0.0 0.0 69429.0 1564.0 11451.0
41 44 38 0.0 0.0 0.0 0.0 82248.0 1405.0 29106.0
41 44 39 0.0 0.0 0.0 1.0 81245.0 1212.0 41712.0
41 44 40 0.0 0.0 0.0 2.0 79632.0 1106.0 46658.0
41 44 41 0.0 0.0 0.0 3.0 81858.0 1213.0 41281.0
41 44 42 0.0 0.0 0.0 4.0 82346.0 1330.0 28490.0
41 44 43 0.0 0.0 0.0 0.0 69340.0 1565.0 10910.0
41 44 44 0.0 0.0 0.0 0.0 30481.0 923.0 1162.0
41 44 45 0.0 0.0 0.0 0.0 2985.0 111.0 4.0
41 44 46 0.0 0.0 0.0 0.0 10.0 0.0 0.0
41 45 35 0.0 0.0 0.0 0.0 166.0 7.0 0.0
41 45 36 0.0 0.0 0.0 0.0 2831.0 90.0 9.0
41 45 37 0.0 0.0 0.0 0.0 11527.0 363.0 109.0
41 45 38 0.0 0.0 0.0 0.0 25078.0 799.0 651.0
41 45 39 0.0 0.0 0.0 0.0 37747.0 1089.0 1764.0
41 45 40 0.0 0.0 0.0 0.0 42135.0 1148.0 2323.0
41 45 41 0.0 0.0 0.0 0.0 37466.0 1074.0 1743.0
41 45 42 0.0 0.0 0.0 0.0 25765.0 812.0 685.0
41 45 43 0.0 0.0 0.0 0.0 10660.0 345.0 85.0
41 45 44 0.0 0.0 0.0 0.0 2740.0 85.0 5.0
41 45 45 0.0 0.0 0.0 0.0 193.0 9.0 0.0
41 46 36 0.0 0.0 0.0 0.0 34.0 3.0 0.0
41 46 37 0.0 0.0 0.0 0.0 106.0 1.0 0.0
41 46 38 0.0 0.0 0.0 0.0 460.0 18.0 0.0
41 46 39 0.0 0.0 0.0 0.0 867.0 31.0 0.0
41 46 40 0.0 0.0 0.0 0.0 1027.0 33.0 0.0
41 46 41 0.0 0.0 0.0 0.0 877.0 30.0 1.0
41 46 42 0.0 0.0 0.0 0.0 422.0 24.0 0.0
41 46 43 0.0 0.0 0.0 0.0 117.0 4.0 0.0
41 46 44 0.0 0.0 0.0 0.0 9.0 0.0 0.0
41 46 45 0.0 0.0 0.0 0.0 1.0 0.0 0.0
41 47 39 0.0 0.0 0.0 0.0 1.0 0.0 0.0
41 47 41 0.0 0.0 0.0 0.0 1.0 0.0 0.0
42 34 36 0.0 0.0 0.0 0.0 7.0 0.0 0.0
42 34 37 0.0 0.0 0.0 0.0 55.0 0.0 0.0
42 34 38 0.0 0.0 0.0 0.0 234.0 9.0 1.0
42 34 39 0.0 0.0 0.0 0.0 425.0 11.0 0.0
42 34 40 0.0 0.0 0.0 0.0 511.0 10.0 0.0
42 34 41 0.0 0.0 0.0 0.0 458.0 16.0 0.0
42 34 42 0.0 0.0 0.0 0.0 219.0 8.0 0.0
42 34 43 0.0 0.0 0.0 0.0 57.0 1.0 0.0
42 34 44 0.0 0.0 0.0 0.0 4.0 0.0 0.0
42 34 45 0.0 0.0 0.0 0.0 1.0 0.0 0.0
42 35 35 0.0 0.0 0.0 0.0 93.0 3.0 0.0
42 35 36 0.0 0.0 0.0 0.0 1522.0 53.0 0.0
42 35 37 0.0 0.0 0.0 0.0 6920.0 246.0 43.0
42 35 38 0.0 0.0 0.0 0.0 15829.0 539.0 219.0
42 35 39 0.0 0.0 0.0 0.0 25024.0 794.0 660.0
42 35 40 0.0 0.0 0.0 1.0 28969.0 900.0 900.0
42 35 41 0.0 0.0 0.0 1.0 24735.0 763.0 672.0
42 35 42 0.0 0.0 0.0 0.0 16473.0 515.0 242.0
42 35 43 0.0 0.0 0.0 1.0 6697.0 237.0 25.0
42 35 44 0.0 0.0 0.0 0.0 1495.0 52.0 4.0
42 35 45 0.0 0.0 0.0 0.0 106.0 5.0 0.0
42 36 34 0.0 0.0 0.0 0.0 13.0 0.0 0.0
42 36 35 0.0 0.0 0.0 0.0 1450.0 39.0 0.0
42 36 36 0.0 0.0 0.0 0.0 21653.0 644.0 530.0
42 36 37 0.0 0.0 0.0 0.0 56373.0 1434.0 5479.0
42 36 38 0.0 0.0 0.0 0.0 77743.0 1517.0 18100.0
42 36 39 0.0 0.0 0.0 3.0 81867.0 1337.0 28692.0
42 36 40 0.0 0.0 0.0 9.0 82188.0 1336.0 32843.0
42 36 41 0.0 0.0 0.0 2.0 81969.0 1336.0 29164.0
42 36 42 0.0 0.0 0.0 0.0 77530.0 1476.0 18182.0
42 36 43 0.0 0.0 0.0 4.0 56309.0 1415.0 5658.0
42 36 44 0.0 0.0 0.0 4.0 20724.0 650.0 491.0
42 36 45 0.0 0.0 0.0 0.0 1508.0 57.0 1.0
42 36 46 0.0 0.0 0.0 0.0 7.0 0.0 0.0
42 37 34 0.0 0.0 0.0 0.0 64.0 1.0 0.0
42 37 35 0.0 0.0 0.0 0.0 7250.0 264.0 42.0
42 37 36 0.0 0.0 0.0 0.0 57579.0 1446.0 6039.0
42 37 37 0.0 0.0 0.0 1.0 79160.0 1123.0 42861.0
42 37 38 0.0 0.0 0.0 6.0 69555.0 806.0 71736.0
42 37 39 0.0 0.0 0.0 1.0 61838.0 531.0 88142.0
42 37 40 0.0 0.0 0.0 11.0 59242.0 571.0 93120.0
42 37 41 0.0 0.0 0.0 1.0 61857.0 538.0 88314.0
42 37 42 0.0 0.0 0.0 0.0 69883.0 754.0 71444.0
42 37 43 0.0 0.0 0.0 5.0 80247.0 1206.0 40126.0
42 37 44 0.0 0.0 0.0 1.0 57121.0 1336.0 5979.0
42 37 45 0.0 0.0 0.0 0.0 6863.0 238.0 40.0
42 37 46 0.0 0.0 0.0 0.0 54.0 1.0 0.0
42 38 34 0.0 0.0 0.0 0.0 209.0 3.0 0.0
42 38 35 0.0 0.0 0.0 0.0 16897.0 550.0 247.0
42 38 36 0.0 0.0 0.0 0.0 77808.0 1476.0 18497.0
42 38 37 0.0 0.0 0.0 1.0 69617.0 722.0 72246.0
42 38 38 0.0 0.0 0.0 5.0 47540.0 349.0 116756.0
42 38 39 0.0 0.0 0.0 15.0 38642.0 207.0 132731.0
42 38 40 0.0 0.0 0.0 6.0 36246.0 185.0 137410.0
42 38 41 0.0 0.0 0.0 11.0 39016.0 201.0 132085.0
42 38 42 0.0 0.0 0.0 1.0 47876.0 358.0 115487.0
42 38 43 0.0 0.0 0.0 2.0 69462.0 746.0 72333.0
42 38 44 0.0 0.0 0.0 0.0 77394.0 1520.0 18169.0
42 38 45 0.0 0.0 0.0 0.0 16302.0 554.0 250.0
42 38 46 0.0 0.0 0.0 0.0 182.0 6.0 0.0
42 39 33 0.0 0.0 0.0 0.0 1.0 0.0 0.0
42 39 34 0.0 0.0 0.0 0.0 457.0 16.0 0.0
42 39 35 0.0 0.0 0.0 0.0 25674.0 830.0 679.0
42 39 36 0.0 0.0 0.0 2.0 82003.0 1338.0 29465.0
42 39 37 0.0 0.0 0.0 6.0 61382.0 572.0 88786.0
42 39 38 0.0 0.0 0.0 9.0 38835.0 221.0 132848.0
42 39 39 0.0 0.0 0.0 7.0 29717.0 136.0 148335.0
42 39 40 0.0 0.0 0.0 8.0 27303.0 118.0 151971.0
42 39 41 0.0 0.0 0.0 5.0 30410.0 139.0 147538.0
42 39 42 0.0 0.0 0.0 4.0 39016.0 202.0 131980.0
42 39 43 0.0 0.0 0.0 4.0 61562.0 642.0 87597.0
42 39 44 0.0 0.0 0.0 4.0 81932.0 1375.0 28615.0
42 39 45 0.0 0.0 0.0 0.0 24394.0 744.0 638.0
42 39 46 0.0 0.0 0.0 0.0 451.0 16.0 0.0
42 40 34 0.0 0.0 0.0 0.0 570.0 21.0 0.0
42 40 35 0.0 0.0 0.0 0.0 29349.0 877.0 933.0
42 40 36 0.0 0.0 0.0 2.0 82495.0 1280.0 32983.0
42 40 37 0.0 0.0 0.0 4.0 58715.0 543.0 94010.0
42 40 38 0.0 0.0 0.0 4.0 36356.0 181.0 137178.0
42 40 39 0.0 0.0 0.0 5.0 27459.0 104.0 152143.0
42 40 40 0.0 0.0 0.0 12.0 24901.0 80.0 156539.0
42 40 41 0.0 0.0 0.0 12.0 27755.0 129.0 151888.0
42 40 42 0.0 0.0 0.0 4.0 36173.0 189.0 137300.0
42 40 43 0.0 0.0 0.0 13.0 58915.0 563.0 92706.0
42 40 44 0.0 0.0 0.0 1.0 82415.0 1264.0 32436.0
42 40 45 0.0 0.0 0.0 1.0 28737.0 838.0 854.0
42 40 46 0.0 0.0 0.0 0.0 547.0 24.0 0.0
42 41 34 0.0 0.0 0.0 0.0 393.0 11.0 0.0
42 41 35 0.0 0.0 0.0 0.0 26226.0 813.0 732.0
42 41 36 0.0 0.0 0.0 1.0 81866.0 1371.0 29248.0
42 41 37 0.0 0.0 0.0 3.0 62441.0 585.0 87796.0
42 41 38 0.0 0.0 0.0 7.0 38935.0 207.0 131837.0
42 41 39 0.0 0.0 0.0 10.0 30299.0 118.0 147363.0
42 41 40 0.0 0.0 0.0 8.0 27474.0 87.0 151728.0
42 41 41 0.0 0.0 0.0 11.0 30270.0 123.0 147500.0
42 41 42 0.0 0.0 0.0 6.0 40032.0 213.0 130707.0
42 41 43 0.0 0.0 0.0 5.0 61809.0 606.0 87892.0
42 41 44 0.0 0.0 0.0 7.0 81951.0 1366.0 28316.0
42 41 45 0.0 0.0 0.0 0.0 25231.0 789.0 642.0
42 41 46 0.0 0.0 0.0 0.0 446.0 15.0 0.0
42 42 34 0.0 0.0 0.0 0.0 223.0 12.0 0.0
42 42 35 0.0 0.0 0.0 0.0 16753.0 559.0 295.0
42 42 36 0.0 0.0 0.0 0.0 77463.0 1452.0 18471.0
42 42 37 0.0 0.0 0.0 3.0 69280.0 739.0 72619.0
42 42 38 0.0 0.0 0.0 10.0 47419.0 341.0 115764.0
42 42 39 0.0 0.0 0.0 3.0 39020.0 198.0 132062.0
42 42 40 0.0 0.0 0.0 6.0 36343.0 206.0 136789.0
42 42 41 0.0 0.0 0.0 6.0 39106.0 219.0 131928.0
42 42 42 0.0 0.0 0.0 10.0 48210.0 319.0 115408.0
42 42 43 0.0 0.0 0.0 1.0 70260.0 758.0 71077.0
42 42 44 0.0 0.0 0.0 0.0 77551.0 1579.0 18125.0
42 42 45 0.0 0.0 0.0 0.0 16688.0 584.0 227.0
42 42 46 0.0 0.0 0.0 0.0 188.0 2.0 0.0
42 43 34 0.0 0.0 0.0 0.0 67.0 4.0 0.0
42 43 35 0.0 0.0 0.0 0.0 7365.0 234.0 51.0
42 43 36 0.0 0.0 0.0 0.0 57656.0 1412.0 6083.0
42 43 37 0.0 0.0 0.0 2.0 79613.0 1229.0 41008.0
42 43 38 0.0 0.0 0.0 2.0 70532.0 805.0 71042.0
42 43 39 0.0 0.0 0.0 2.0 61732.0 545.0 87812.0
42 43 40 0.0 0.0 0.0 0.0 59176.0 523.0 92754.0
42 43 41 0.0 0.0 0.0 3.0 61369.0 585.0 87930.0
42 43 42 0.0 0.0 0.0 4.0 69537.0 761.0 71572.0
42 43 43 0.0 0.0 0.0 0.0 79415.0 1157.0 42104.0
42 43 44 0.0 0.0 0.0 0.0 57579.0 1460.0 5918.0
42 43 45 0.0 0.0 0.0 1.0 6633.0 215.0 32.0
42 43 46 0.0 0.0 0.0 0.0 39.0 0.0 0.0
42 44 34 0.0 0.0 0.0 0.0 7.0 0.0 0.0
42 44 35 0.0 0.0 0.0 0.0 1565.0 53.0 2.0
42 44 36 0.0 0.0 0.0 0.0 20059.0 661.0 385.0
42 44 37 0.0 0.0 0.0 0.0 56910.0 1489.0 5776.0
42 44 38 0.0 0.0 0.0 0.0 77070.0 1469.0 17568.0
42 44 39 0.0 0.0 0.0 1.0 81866.0 1428.0 28354.0
42 44 40 0.0 0.0 0.0 0.0 82441.0 1329.0 32158.0
42 44 41 0.0 0.0 0.0 2.0 81949.0 1409.0 28992.0
42 44 42 0.0 0.0 0.0 1.0 77699.0 1503.0 18299.0
42 44 43 0.0 0.0 0.0 5.0 56511.0 1432.0 5783.0
42 44 44 0.0 0.0 0.0 0.0 20144.0 657.0 452.0
42 44 45 0.0 0.0 0.0 0.0 1586.0 47.0 3.0
42 44 46 0.0 0.0 0.0 0.0 8.0 0.0 0.0
42 45 35 0.0 0.0 0.0 0.0 104.0 1.0 0.0
42 45 36 0.0 0.0 0.0 0.0 1588.0 54.0 4.0
42 45 37 0.0 0.0 0.0 0.0 6541.0 194.0 40.0
42 45 38 0.0 0.0 0.0 0.0 16217.0 542.0 261.0
42 45 39 0.0 0.0 0.0 0.0 25557.0 809.0 714.0
42 45 40 0.0 0.0 0.0 0.0 28734.0 872.0 885.0
42 45 41 0.0 0.0 0.0 1.0 24507.0 748.0 621.0
42 45 42 0.0 0.0 0.0 0.0 16049.0 528.0 224.0
42 45 43 0.0 0.0 0.0 0.0 6509.0 210.0 30.0
42 45 44 0.0 0.0 0.0 0.0 1346.0 42.0 2.0
42 45 45 0.0 0.0 0.0 0.0 122.0 4.0 0.0
42 46 36 0.0 0.0 0.0 0.0 20.0 3.0 0.0
42 46 37 0.0 0.0 0.0 0.0 75.0 2.0 0.0
42 46 38 0.0 0.0 0.0 0.0 198.0 10.0 0.0
42 46 39 0.0 0.0 0.0 0.0 520.0 21.0 0.0
42 46 40 0.0 0.0 0.0 0.0 571.0 18.0 1.0
42 46 41 0.0 0.0 0.0 0.0 406.0 10.0 0.0
42 46 42 0.0 0.0 0.0 0.0 188.0 4.0 0.0
42 46 43 0.0 0.0 0.0 0.0 44.0 0.0 0.0
42 46 44 0.0 0.0 0.0 0.0 10.0 0.0 0.0
43 34 36 0.0 0.0 0.0 0.0 9.0 0.0 0.0
43 34 37 0.0 0.0 0.0 0.0 12.0 0.0 0.0
43 34 38 0.0 0.0 0.0 0.0 111.0 7.0 0.0
43 34 39 0.0 0.0 0.0 0.0 112.0 3.0 0.0
43 34 40 0.0 0.0 0.0 0.0 138.0 3.0 0.0
43 34 41 0.0 0.0 0.0 0.0 141.0 4.0 0.0
43 34 42 0.0 0.0 0.0 0.0 71.0 4.0 0.0
43 34 43 0.0 0.0 0.0 0.0 25.0 1.0 0.0
43 34 44 0.0 0.0 0.0 0.0 1.0 0.0 0.0
43 35 35 0.0 0.0 0.0 0.0 25.0 2.0 0.0
43 35 36 0.0 0.0 0.0 0.0 507.0 16.0 0.0
43 35 37 0.0 0.0 0.0 0.0 2476.0 72.0 6.0
43 35 38 0.0 0.0 0.0 0.0 7057.0 262.0 30.0
43 35 39 0.0 0.0 0.0 0.0 11625.0 389.0 107.0
43 35 40 0.0 0.0 0.0 0.0 13488.0 423.0 177.0
43 35 41 0.0 0.0 0.0 0.0 11736.0 397.0 105.0
43 35 42 0.0 0.0 0.0 0.0 6681.0 211.0 38.0
43 35 43 0.0 0.0 0.0 0.0 2559.0 90.0 4.0
43 35 44 0.0 0.0 0.0 0.0 521.0 18.0 0.0
43 35 45 0.0 0.0 0.0 0.0 25.0 2.0 0.0
43 36 34 0.0 0.0 0.0 0.0 3.0 0.0 0.0
43 36 35 0.0 0.0 0.0 0.0 575.0 23.0 0.0
43 36 36 0.0 0.0 0.0 0.0 9383.0 320.0 96.0
43 36 37 0.0 0.0 0.0 0.0 32060.0 917.0 1347.0
43 36 38 0.0 0.0 0.0 0.0 56845.0 1368.0 5911.0
43 36 39 0.0 0.0 0.0 0.0 70189.0 1569.0 11961.0
43 36 40 0.0 0.0 0.0 2.0 73143.0 1609.0 13742.0
43 36 41 0.0 0.0 0.0 0.0 69977.0 1532.0 11326.0
43 36 42 0.0 0.0 0.0 4.0 57061.0 1408.0 5896.0
43 36 43 0.0 0.0 0.0 0.0 31167.0 932.0 1215.0
43 36 44 0.0 0.0 0.0 0.0 8484.0 296.0 79.0
43 36 45 0.0 0.0 0.0 0.0 515.0 18.0 0.0
43 36 46 0.0 0.0 0.0 0.0 7.0 0.0 0.0
43 37 34 0.0 0.0 0.0 0.0 10.0 1.0 0.0
43 37 35 0.0 0.0 0.0 0.0 2374.0 82.0 5.0
43 37 36 0.0 0.0 0.0 1.0 32580.0 941.0 1385.0
43 37 37 0.0 0.0 0.0 1.0 76616.0 1429.0 20604.0
43 37 38 0.0 0.0 0.0 2.0 79861.0 1152.0 42075.0
43 37 39 0.0 0.0 0.0 1.0 75151.0 988.0 57924.0
43 37 40 0.0 0.0 0.0 5.0 72662.0 850.0 63177.0
43 37 41 0.0 0.0 0.0 0.0 75133.0 963.0 57226.0
43 37 42 0.0 0.0 0.0 1.0 80212.0 1260.0 40693.0
43 37 43 0.0 0.0 0.0 0.0 76132.0 1508.0 18652.0
43 37 44 0.0 0.0 0.0 1.0 33479.0 964.0 1470.0
43 37 45 0.0 0.0 0.0 0.0 2721.0 85.0 3.0
43 37 46 0.0 0.0 0.0 0.0 21.0 0.0 0.0
43 38 34 0.0 0.0 0.0 0.0 66.0 0.0 0.0
43 38 35 0.0 0.0 0.0 0.0 7465.0 266.0 56.0
43 38 36 0.0 0.0 0.0 6.0 57878.0 1446.0 6217.0
43 38 37 0.0 0.0 0.0 7.0 79354.0 1193.0 43073.0
43 38 38 0.0 0.0 0.0 0.0 67751.0 713.0 74717.0
43 38 39 0.0 0.0 0.0 6.0 61769.0 576.0 88470.0
43 38 40 0.0 0.0 0.0 4.0 59311.0 572.0 93456.0
43 38 41 0.0 0.0 0.0 7.0 61696.0 560.0 88168.0
43 38 42 0.0 0.0 0.0 1.0 69908.0 785.0 71438.0
43 38 43 0.0 0.0 0.0 1.0 80077.0 1237.0 41182.0
43 38 44 0.0 0.0 0.0 2.0 57673.0 1426.0 6040.0
43 38 45 0.0 0.0 0.0 0.0 6901.0 223.0 34.0
43 38 46 0.0 0.0 0.0 0.0 44.0 0.0 0.0
43 39 34 0.0 0.0 0.0 0.0 128.0 5.0 0.0
43 39 35 0.0 0.0 0.0 0.0 11809.0 387.0 142.0
43 39 36 0.0 0.0 0.0 1.0 70888.0 1466.0 12722.0
43 39 37 0.0 0.0 0.0 4.0 74952.0 924.0 58193.0
43 39 38 0.0 0.0 0.0 9.0 61084.0 557.0 89246.0
43 39 39 0.0 0.0 0.0 4.0 52429.0 435.0 105073.0
43 39 40 0.0 0.0 0.0 10.0 49531.0 364.0 109926.0
43 39 41 0.0 0.0 0.0 1.0 52790.0 420.0 104769.0
43 39 42 0.0 0.0 0.0 4.0 61422.0 607.0 88699.0
43 39 43 0.0 0.0 0.0 4.0 75746.0 978.0 56406.0
43 39 44 0.0 0.0 0.0 4.0 70200.0 1552.0 11554.0
43 39 45 0.0 0.0 0.0 0.0 11209.0 359.0 105.0
43 39 46 0.0 0.0 0.0 0.0 119.0 5.0 0.0
43 40 34 0.0 0.0 0.0 0.0 154.0 7.0 0.0
43 40 35 0.0 0.0 0.0 0.0 13539.0 422.0 163.0
43 40 36 0.0 0.0 0.0 3.0 73096.0 1521.0 13866.0
43 40 37 0.0 0.0 0.0 1.0 73353.0 878.0 62152.0
43 40 38 0.0 0.0 0.0 4.0 58467.0 466.0 94277.0
43 40 39 0.0 0.0 0.0 3.0 50060.0 381.0 109958.0
43 40 40 0.0 0.0 0.0 6.0 47801.0 343.0 113481.0
43 40 41 0.0 0.0 0.0 2.0 50611.0 408.0 108932.0
43 40 42 0.0 0.0 0.0 2.0 59224.0 514.0 92787.0
43 40 43 0.0 0.0 0.0 0.0 72716.0 907.0 62379.0
43 40 44 0.0 0.0 0.0 0.0 73000.0 1502.0 14042.0
43 40 45 0.0 0.0 0.0 0.0 13555.0 448.0 172.0
43 40 46 0.0 0.0 0.0 0.0 153.0 6.0 0.0
43 41 34 0.0 0.0 0.0 0.0 151.0 6.0 0.0
43 41 35 0.0 0.0 0.0 0.0 11411.0 414.0 102.0
43 41 36 0.0 0.0 0.0 1.0 70531.0 1539.0 12090.0
43 41 37 0.0 0.0 0.0 10.0 74946.0 923.0 58454.0
43 41 38 0.0 0.0 0.0 8.0 61610.0 592.0 88544.0
43 41 39 0.0 0.0 0.0 4.0 52312.0 412.0 105143.0
43 41 40 0.0 0.0 0.0 7.0 50465.0 423.0 108802.0
43 41 41 0.0 0.0 0.0 7.0 52656.0 451.0 104311.0
43 41 42 0.0 0.0 0.0 5.0 61740.0 587.0 87547.0
43 41 43 0.0 0.0 0.0 1.0 75284.0 994.0 57117.0
43 41 44 0.0 0.0 0.0 1.0 69558.0 1481.0 11363.0
43 41 45 0.0 0.0 0.0 0.0 11665.0 395.0 109.0
43 41 46 0.0 0.0 0.0 0.0 151.0 3.0 0.0
43 42 34 0.0 0.0 0.0 0.0 85.0 2.0 0.0
43 42 35 0.0 0.0 0.0 0.0 7117.0 237.0 43.0
43 42 36 0.0 0.0 0.0 2.0 57769.0 1495.0 6086.0
43 42 37 0.0 0.0 0.0 2.0 79758.0 1202.0 42259.0
43 42 38 0.0 0.0 0.0 5.0 70403.0 778.0 71002.0
43 42 39 0.0 0.0 0.0 1.0 61837.0 571.0 87950.0
43 42 40 0.0 0.0 0.0 8.0 59322.0 509.0 92442.0
43 42 41 0.0 0.0 0.0 4.0 61929.0 612.0 87515.0
43 42 42 0.0 0.0 0.0 3.0 70728.0 794.0 70237.0
43 42 43 0.0 0.0 0.0 0.0 79819.0 1220.0 40081.0
43 42 44 0.0 0.0 0.0 2.0 55807.0 1494.0 5459.0
43 42 45 0.0 0.0 0.0 0.0 6609.0 216.0 32.0
43 42 46 0.0 0.0 0.0 0.0 65.0 0.0 0.0
43 43 34 0.0 0.0 0.0 0.0 12.0 0.0 0.0
43 43 35 0.0 0.0 0.0 0.0 2659.0 102.0 7.0
43 43 36 0.0 0.0 0.0 0.0 32630.0 990.0 1425.0
43 43 37 0.0 0.0 0.0 2.0 75823.0 1442.0 19046.0
43 43 38 0.0 0.0 0.0 3.0 79261.0 1210.0 41691.0
43 43 39 0.0 0.0 0.0 4.0 75794.0 1076.0 56129.0
43 43 40 0.0 0.0 0.0 1.0 73614.0 924.0 61175.0
43 43 41 0.0 0.0 0.0 1.0 75528.0 977.0 56443.0
43 43 42 0.0 0.0 0.0 7.0 79724.0 1228.0 41324.0
43 43 43 0.0 0.0 0.0 2.0 75868.0 1535.0 17908.0
43 43 44 0.0 0.0 0.0 0.0 32415.0 1002.0 1305.0
43 43 45 0.0 0.0 0.0 0.0 2546.0 89.0 7.0
43 43 46 0.0 0.0 0.0 0.0 12.0 0.0 0.0
43 44 34 0.0 0.0 0.0 0.0 2.0 0.0 0.0
43 44 35 0.0 0.0 0.0 0.0 535.0 27.0 0.0
43 44 36 0.0 0.0 0.0 0.0 8587.0 300.0 71.0
43 44 37 0.0 0.0 0.0 1.0 31465.0 960.0 1204.0
43 44 38 0.0 0.0 0.0 1.0 57633.0 1436.0 6060.0
43 44 39 0.0 0.0 0.0 1.0 69513.0 1511.0 11182.0
43 44 40 0.0 0.0 0.0 0.0 72671.0 1501.0 13733.0
43 44 41 0.0 0.0 0.0 0.0 68902.0 1548.0 10945.0
43 44 42 0.0 0.0 0.0 0.0 55978.0 1416.0 5715.0
43 44 43 0.0 0.0 0.0 0.0 31736.0 977.0 1314.0
43 44 44 0.0 0.0 0.0 0.0 8278.0 262.0 61.0
43 44 45 0.0 0.0 0.0 0.0 502.0 17.0 0.0
43 44 46 0.0 0.0 0.0 0.0 1.0 0.0 0.0
43 45 35 0.0 0.0 0.0 0.0 28.0 0.0 0.0
43 45 36 0.0 0.0 0.0 0.0 542.0 15.0 0.0
43 45 37 0.0 0.0 0.0 0.0 2697.0 88.0 2.0
43 45 38 0.0 0.0 0.0 0.0 6642.0 222.0 36.0
43 45 39 0.0 0.0 0.0 0.0 10959.0 356.0 88.0
43 45 40 0.0 0.0 0.0 0.0 12970.0 453.0 147.0
43 45 41 0.0 0.0 0.0 0.0 11510.0 379.0 122.0
43 45 42 0.0 0.0 0.0 0.0 6656.0 215.0 48.0
43 45 43 0.0 0.0 0.0 0.0 2479.0 78.0 4.0
43 45 44 0.0 0.0 0.0 0.0 482.0 13.0 0.0
43 45 45 0.0 0.0 0.0 0.0 34.0 2.0 0.0
43 46 36 0.0 0.0 0.0 0.0 1.0 0.0 0.0
43 46 37 0.0 0.0 0.0 0.0 14.0 0.0 0.0
43 46 38 0.0 0.0 0.0 0.0 52.0 1.0 0.0
43 46 39 0.0 0.0 0.0 0.0 117.0 5.0 0.0
43 46 40 0.0 0.0 0.0 0.0 154.0 1.0 0.0
43 46 41 0.0 0.0 0.0 0.0 89.0 3.0 0.0
43 46 42 0.0 0.0 0.0 0.0 63.0 3.0 0.0
43 46 43 0.0 0.0 0.0 0.0 17.0 1.0 0.0
43 46 44 0.0 0.0 0.0 0.0 4.0 0.0 0.0
44 34 37 0.0 0.0 0.0 0.0 1.0 0.0 0.0
44 34 38 0.0 0.0 0.0 0.0 9.0 0.0 0.0
44 34 39 0.0 0.0 0.0 0.0 12.0 1.0 0.0
44 34 40 0.0 0.0 0.0 0.0 19.0 1.0 0.0
44 34 41 0.0 0.0 0.0 0.0 11.0 0.0 0.0
44 34 42 0.0 0.0 0.0 0.0 7.0 0.0 0.0
44 35 35 0.0 0.0 0.0 0.0 1.0 0.0 0.0
44 35 36 0.0 0.0 0.0 0.0 81.0 4.0 0.0
44 35 37 0.0 0.0 0.0 0.0 505.0 25.0 0.0
44 35 38 0.0 0.0 0.0 0.0 1557.0 45.0 4.0
44 35 39 0.0 0.0 0.0 0.0 2866.0 109.0 9.0
44 35 40 0.0 0.0 0.0 0.0 3199.0 125.0 9.0
44 35 41 0.0 0.0 0.0 0.0 2614.0 109.0 4.0
44 35 42 0.0 0.0 0.0 0.0 1510.0 52.0 2.0
44 35 43 0.0 0.0 0.0 0.0 503.0 16.0 0.0
44 35 44 0.0 0.0 0.0 0.0 93.0 4.0 0.0
44 35 45 0.0 0.0 0.0 0.0 3.0 0.0 0.0
44 36 35 0.0 0.0 0.0 0.0 81.0 4.0 0.0
44 36 36 0.0 0.0 0.0 0.0 2167.0 76.0 1.0
44 36 37 0.0 0.0 0.0 0.0 9582.0 330.0 72.0
44 36 38 0.0 0.0 0.0 0.0 23179.0 722.0 636.0
44 36 39 0.0 0.0 0.0 0.0 33622.0 976.0 1552.0
44 36 40 0.0 0.0 0.0 0.0 36819.0 1119.0 1798.0
44 36 41 0.0 0.0 0.0 0.0 31589.0 939.0 1261.0
44 36 42 0.0 0.0 0.0 0.0 20298.0 679.0 492.0
44 36 43 0.0 0.0 0.0 0.0 8294.0 281.0 61.0
44 36 44 0.0 0.0 0.0 0.0 1975.0 63.0 4.0
44 36 45 0.0 0.0 0.0 0.0 97.0 4.0 0.0
44 37 34 0.0 0.0 0.0 0.0 5.0 0.0 0.0
44 37 35 0.0 0.0 0.0 0.0 512.0 17.0 0.0
44 37 36 0.0 0.0 0.0 0.0 9983.0 328.0 106.0
44 37 37 0.0 0.0 0.0 2.0 35512.0 1040.0 1736.0
44 37 38 0.0 0.0 0.0 0.0 58877.0 1479.0 6567.0
44 37 39 0.0 0.0 0.0 1.0 71862.0 1578.0 12752.0
44 37 40 0.0 0.0 0.0 1.0 72946.0 1543.0 13925.0
44 37 41 0.0 0.0 0.0 0.0 70707.0 1575.0 11974.0
44 37 42 0.0 0.0 0.0 0.0 56875.0 1385.0 5763.0
44 37 43 0.0 0.0 0.0 2.0 31106.0 939.0 1250.0
44 37 44 0.0 0.0 0.0 0.0 9413.0 294.0 81.0
44 37 45 0.0 0.0 0.0 0.0 580.0 20.0 0.0
44 37 46 0.0 0.0 0.0 0.0 2.0 0.0 0.0
44 38 34 0.0 0.0 0.0 0.0 2.0 0.0 0.0
44 38 35 0.0 0.0 0.0 0.0 1822.0 63.0 2.0
44 38 36 0.0 0.0 0.0 1.0 21823.0 721.0 556.0
44 38 37 0.0 0.0 0.0 1.0 58967.0 1472.0 6635.0
44 38 38 0.0 0.0 0.0 0.0 78210.0 1487.0 19168.0
44 38 39 0.0 0.0 0.0 3.0 82012.0 1383.0 29488.0
44 38 40 0.0 0.0 0.0 2.0 82419.0 1286.0 33859.0
44 38 41 0.0 0.0 0.0 0.0 82198.0 1353.0 29478.0
44 38 42 0.0 0.0 0.0 0.0 77569.0 1500.0 18642.0
44 38 43 0.0 0.0 0.0 0.0 57008.0 1474.0 5820.0
44 38 44 0.0 0.0 0.0 0.0 20169.0 590.0 458.0
44 38 45 0.0 0.0 0.0 0.0 1591.0 50.0 1.0
44 38 46 0.0 0.0 0.0 0.0 4.0 0.0 0.0
44 39 34 0.0 0.0 0.0 0.0 16.0 0.0 0.0
44 39 35 0.0 0.0 0.0 0.0 2853.0 98.0 2.0
44 39 36 0.0 0.0 0.0 2.0 33395.0 1008.0 1420.0
44 39 37 0.0 0.0 0.0 0.0 70951.0 1492.0 12383.0
44 39 38 0.0 0.0 0.0 5.0 81885.0 1318.0 30839.0
44 39 39 0.0 0.0 0.0 3.0 80525.0 1146.0 43739.0
44 39 40 0.0 0.0 0.0 4.0 79949.0 1084.0 47078.0
44 39 41 0.0 0.0 0.0 1.0 81535.0 1168.0 42134.0
44 39 42 0.0 0.0 0.0 1.0 81452.0 1371.0 29374.0
44 39 43 0.0 0.0 0.0 0.0 70257.0 1572.0 11775.0
44 39 44 0.0 0.0 0.0 0.0 30833.0 970.0 1226.0
44 39 45 0.0 0.0 0.0 0.0 2693.0 104.0 5.0
44 39 46 0.0 0.0 0.0 0.0 18.0 0.0 0.0
44 40 34 0.0 0.0 0.0 0.0 15.0 0.0 0.0
44 40 35 0.0 0.0 0.0 0.0 3537.0 125.0 7.0
44 40 36 0.0 0.0 0.0 0.0 36487.0 1065.0 1786.0
44 40 37 0.0 0.0 0.0 2.0 74433.0 1586.0 15110.0
44 40 38 0.0 0.0 0.0 6.0 82646.0 1304.0 33685.0
44 40 39 0.0 0.0 0.0 5.0 79648.0 1086.0 47561.0
44 40 40 0.0 0.0 0.0 2.0 78413.0 1029.0 51952.0
44 40 41 0.0 0.0 0.0 1.0 79490.0 1096.0 47524.0
44 40 42 0.0 0.0 0.0 0.0 81958.0 1293.0 33627.0
44 40 43 0.0 0.0 0.0 1.0 73160.0 1535.0 13980.0
44 40 44 0.0 0.0 0.0 0.0 35568.0 1046.0 1729.0
44 40 45 0.0 0.0 0.0 0.0 3305.0 120.0 7.0
44 40 46 0.0 0.0 0.0 0.0 26.0 2.0 0.0
44 41 34 0.0 0.0 0.0 0.0 13.0 0.0 0.0
44 41 35 0.0 0.0 0.0 0.0 2746.0 99.0 5.0
44 41 36 0.0 0.0 0.0 0.0 32766.0 1004.0 1412.0
44 41 37 0.0 0.0 0.0 0.0 70983.0 1493.0 12270.0
44 41 38 0.0 0.0 0.0 0.0 82377.0 1310.0 29884.0
44 41 39 0.0 0.0 0.0 1.0 81052.0 1137.0 42503.0
44 41 40 0.0 0.0 0.0 0.0 79775.0 1086.0 47285.0
44 41 41 0.0 0.0 0.0 0.0 81083.0 1135.0 42829.0
44 41 42 0.0 0.0 0.0 0.0 81928.0 1337.0 28852.0
44 41 43 0.0 0.0 0.0 0.0 70361.0 1545.0 11842.0
44 41 44 0.0 0.0 0.0 0.0 30960.0 943.0 1133.0
44 41 45 0.0 0.0 0.0 0.0 2852.0 126.0 2.0
44 41 46 0.0 0.0 0.0 0.0 16.0 0.0 0.0
44 42 34 0.0 0.0 0.0 0.0 4.0 0.0 0.0
44 42 35 0.0 0.0 0.0 0.0 1701.0 59.0 3.0
44 42 36 0.0 0.0 0.0 0.0 21970.0 666.0 586.0
44 42 37 0.0 0.0 0.0 5.0 56474.0 1420.0 5793.0
44 42 38 0.0 0.0 0.0 3.0 78268.0 1480.0 18988.0
44 42 39 0.0 0.0 0.0 1.0 81922.0 1375.0 29053.0
44 42 40 0.0 0.0 0.0 0.0 82156.0 1338.0 32731.0
44 42 41 0.0 0.0 0.0 5.0 81999.0 1371.0 29631.0
44 42 42 0.0 0.0 0.0 0.0 77226.0 1545.0 18098.0
44 42 43 0.0 0.0 0.0 0.0 57296.0 1446.0 5717.0
44 42 44 0.0 0.0 0.0 0.0 20820.0 685.0 534.0
44 42 45 0.0 0.0 0.0 0.0 1351.0 39.0 0.0
44 42 46 0.0 0.0 0.0 0.0 8.0 0.0 0.0
44 43 34 0.0 0.0 0.0 0.0 6.0 0.0 0.0
44 43 35 0.0 0.0 0.0 0.0 479.0 17.0 0.0
44 43 36 0.0 0.0 0.0 0.0 9109.0 296.0 82.0
44 43 37 0.0 0.0 0.0 0.0 32475.0 977.0 1360.0
44 43 38 0.0 0.0 0.0 0.0 55530.0 1378.0 5355.0
44 43 39 0.0 0.0 0.0 0.0 69543.0 1519.0 11259.0
44 43 40 0.0 0.0 0.0 2.0 73489.0 1487.0 13787.0
44 43 41 0.0 0.0 0.0 1.0 69485.0 1574.0 11151.0
44 43 42 0.0 0.0 0.0 0.0 55907.0 1390.0 5373.0
44 43 43 0.0 0.0 0.0 0.0 31343.0 921.0 1260.0
44 43 44 0.0 0.0 0.0 0.0 8924.0 294.0 75.0
44 43 45 0.0 0.0 0.0 0.0 604.0 25.0 0.0
44 43 46 0.0 0.0 0.0 0.0 1.0 0.0 0.0
44 44 35 0.0 0.0 0.0 0.0 101.0 5.0 0.0
44 44 36 0.0 0.0 0.0 0.0 2087.0 65.0 3.0
44 44 37 0.0 0.0 0.0 0.0 8737.0 293.0 68.0
44 44 38 0.0 0.0 0.0 0.0 20864.0 653.0 495.0
44 44 39 0.0 0.0 0.0 0.0 30841.0 941.0 1239.0
44 44 40 0.0 0.0 0.0 0.0 33931.0 1010.0 1547.0
44 44 41 0.0 0.0 0.0 0.0 30110.0 891.0 1158.0
44 44 42 0.0 0.0 0.0 0.0 20075.0 622.0 411.0
44 44 43 0.0 0.0 0.0 0.0 8789.0 301.0 83.0
44 44 44 0.0 0.0 0.0 0.0 1985.0 67.0 3.0
44 44 45 0.0 0.0 0.0 0.0 91.0 3.0 0.0
44 45 35 0.0 0.0 0.0 0.0 9.0 0.0 0.0
44 45 36 0.0 0.0 0.0 0.0 71.0 2.0 0.0
44 45 37 0.0 0.0 0.0 0.0 521.0 13.0 0.0
44 45 38 0.0 0.0 0.0 0.0 1564.0 44.0 6.0
44 45 39 0.0 0.0 0.0 0.0 2601.0 97.0 5.0
44 45 40 0.0 0.0 0.0 0.0 3146.0 92.0 10.0
44 45 41 0.0 0.0 0.0 0.0 2886.0 103.0 2.0
44 45 42 0.0 0.0 0.0 0.0 1689.0 63.0 3.0
44 45 43 0.0 0.0 0.0 0.0 552.0 16.0 0.0
44 45 44 0.0 0.0 0.0 0.0 77.0 3.0 0.0
44 45 45 0.0 0.0 0.0 0.0 4.0 0.0 0.0
44 46 37 0.0 0.0 0.0 0.0 4.0 0.0 0.0
44 46 38 0.0 0.0 0.0 0.0 8.0 0.0 0.0
44 46 39 0.0 0.0 0.0 0.0 18.0 0.0 0.0
44 46 40 0.0 0.0 0.0 0.0 9.0 0.0 0.0
44 46 41 0.0 0.0 0.0 0.0 11.0 0.0 0.0
44 46 42 0.0 0.0 0.0 0.0 3.0 0.0 0.0
45 34 39 0.0 0.0 0.0 0.0 1.0 0.0 0.0
45 34 40 0.0 0.0 0.0 0.0 1.0 0.0 0.0
45 35 35 0.0 0.0 0.0 0.0 2.0 0.0 0.0
45 35 36 0.0 0.0 0.0 0.0 3.0 0.0 0.0
45 35 37 0.0 0.0 0.0 0.0 46.0 3.0 0.0
45 35 38 0.0 0.0 0.0 0.0 116.0 7.0 0.0
45 35 39 0.0 0.0 0.0 0.0 262.0 14.0 0.0
45 35 40 0.0 0.0 0.0 0.0 277.0 12.0 0.0
45 35 41 0.0 0.0 0.0 0.0 191.0 10.0 0.0
45 35 42 0.0 0.0 0.0 0.0 97.0 8.0 0.0
45 35 43 0.0 0.0 0.0 0.0 85.0 2.0 0.0
45 35 44 0.0 0.0 0.0 0.0 3.0 0.0 0.0
45 36 35 0.0 0.0 0.0 0.0 14.0 2.0 0.0
45 36 36 0.0 0.0 0.0 0.0 102.0 2.0 0.0
45 36 37 0.0 0.0 0.0 0.0 642.0 25.0 1.0
45 36 38 0.0 0.0 0.0 0.0 1799.0 68.0 2.0
45 36 39 0.0 0.0 0.0 0.0 3093.0 123.0 11.0
45 36 40 0.0 0.0 0.0 0.0 3602.0 115.0 6.0
45 36 41 0.0 0.0 0.0 0.0 2904.0 98.0 6.0
45 36 42 0.0 0.0 0.0 0.0 1682.0 62.0 0.0
45 36 43 0.0 0.0 0.0 0.0 553.0 20.0 0.0
45 36 44 0.0 0.0 0.0 0.0 72.0 1.0 0.0
45 36 45 0.0 0.0 0.0 0.0 1.0 0.0 0.0
45 37 35 0.0 0.0 0.0 0.0 28.0 1.0 0.0
45 37 36 0.0 0.0 0.0 0.0 585.0 20.0 1.0
45 37 37 0.0 0.0 0.0 0.0 2946.0 99.0 8.0
45 37 38 0.0 0.0 0.0 0.0 7349.0 212.0 38.0
45 37 39 0.0 0.0 0.0 0.0 11732.0 409.0 119.0
45 37 40 0.0 0.0 0.0 0.0 14061.0 496.0 187.0
45 37 41 0.0 0.0 0.0 0.0 12499.0 432.0 138.0
45 37 42 0.0 0.0 0.0 0.0 7192.0 228.0 41.0
45 37 43 0.0 0.0 0.0 0.0 2711.0 88.0 10.0
45 37 44 0.0 0.0 0.0 0.0 515.0 22.0 1.0
45 37 45 0.0 0.0 0.0 0.0 27.0 1.0 0.0
45 38 35 0.0 0.0 0.0 0.0 137.0 7.0 0.0
45 38 36 0.0 0.0 0.0 0.0 1645.0 57.0 2.0
45 38 37 0.0 0.0 0.0 0.0 7842.0 253.0 77.0
45 38 38 0.0 0.0 0.0 0.0 18041.0 607.0 273.0
45 38 39 0.0 0.0 0.0 0.0 26972.0 841.0 775.0
45 38 40 0.0 0.0 0.0 0.0 30681.0 928.0 1057.0
45 38 41 0.0 0.0 0.0 0.0 26399.0 839.0 758.0
45 38 42 0.0 0.0 0.0 0.0 17236.0 530.0 284.0
45 38 43 0.0 0.0 0.0 0.0 6930.0 228.0 43.0
45 38 44 0.0 0.0 0.0 0.0 1467.0 54.0 2.0
45 38 45 0.0 0.0 0.0 0.0 94.0 3.0 0.0
45 38 46 0.0 0.0 0.0 0.0 1.0 0.0 0.0
45 39 34 0.0 0.0 0.0 0.0 1.0 0.0 0.0
45 39 35 0.0 0.0 0.0 0.0 242.0 4.0 0.0
45 39 36 0.0 0.0 0.0 0.0 3163.0 90.0 7.0
45 39 37 0.0 0.0 0.0 0.0 11838.0 374.0 116.0
45 39 38 0.0 0.0 0.0 0.0 27154.0 797.0 821.0
45 39 39 0.0 0.0 0.0 0.0 39990.0 1141.0 1939.0
45 39 40 0.0 0.0 0.0 0.0 42788.0 1215.0 2418.0
45 39 41 0.0 0.0 0.0 0.0 39035.0 1095.0 1935.0
45 39 42 0.0 0.0 0.0 0.0 26482.0 764.0 766.0
45 39 43 0.0 0.0 0.0 0.0 11910.0 392.0 122.0
45 39 44 0.0 0.0 0.0 0.0 2694.0 101.0 3.0
45 39 45 0.0 0.0 0.0 0.0 197.0 5.0 0.0
45 40 34 0.0 0.0 0.0 0.0 1.0 0.0 0.0
45 40 35 0.0 0.0 0.0 0.0 331.0 9.0 0.0
45 40 36 0.0 0.0 0.0 0.0 3515.0 122.0 16.0
45 40 37 0.0 0.0 0.0 0.0 14930.0 474.0 197.0
45 40 38 0.0 0.0 0.0 0.0 30649.0 930.0 1036.0
45 40 39 0.0 0.0 0.0 1.0 44023.0 1226.0 2597.0
45 40 40 0.0 0.0 0.0 0.0 47442.0 1292.0 3051.0
45 40 41 0.0 0.0 0.0 2.0 43274.0 1167.0 2466.0
45 40 42 0.0 0.0 0.0 0.0 29360.0 936.0 957.0
45 40 43 0.0 0.0 0.0 0.0 13704.0 464.0 157.0
45 40 44 0.0 0.0 0.0 0.0 3148.0 113.0 8.0
45 40 45 0.0 0.0 0.0 0.0 272.0 10.0 0.0
45 40 46 0.0 0.0 0.0 0.0 1.0 0.0 0.0
45 41 35 0.0 0.0 0.0 0.0 234.0 9.0 0.0
45 41 36 0.0 0.0 0.0 0.0 3171.0 110.0 6.0
45 41 37 0.0 0.0 0.0 0.0 12513.0 449.0 141.0
45 41 38 0.0 0.0 0.0 1.0 27513.0 841.0 854.0
45 41 39 0.0 0.0 0.0 0.0 39262.0 1158.0 1895.0
45 41 40 0.0 0.0 0.0 3.0 43045.0 1179.0 2469.0
45 41 41 0.0 0.0 0.0 0.0 37984.0 1100.0 1761.0
45 41 42 0.0 0.0 0.0 0.0 25743.0 795.0 649.0
45 41 43 0.0 0.0 0.0 0.0 11493.0 406.0 121.0
45 41 44 0.0 0.0 0.0 0.0 2860.0 115.0 6.0
45 41 45 0.0 0.0 0.0 0.0 164.0 6.0 0.0
45 42 35 0.0 0.0 0.0 0.0 133.0 6.0 0.0
45 42 36 0.0 0.0 0.0 0.0 1651.0 48.0 6.0
45 42 37 0.0 0.0 0.0 0.0 7301.0 258.0 44.0
45 42 38 0.0 0.0 0.0 0.0 16645.0 521.0 258.0
45 42 39 0.0 0.0 0.0 0.0 26461.0 831.0 732.0
45 42 40 0.0 0.0 0.0 0.0 29952.0 976.0 1073.0
45 42 41 0.0 0.0 0.0 0.0 26655.0 897.0 811.0
45 42 42 0.0 0.0 0.0 0.0 17070.0 568.0 277.0
45 42 43 0.0 0.0 0.0 0.0 6880.0 264.0 45.0
45 42 44 0.0 0.0 0.0 0.0 1705.0 68.0 1.0
45 42 45 0.0 0.0 0.0 0.0 94.0 2.0 0.0
45 43 35 0.0 0.0 0.0 0.0 49.0 4.0 0.0
45 43 36 0.0 0.0 0.0 0.0 559.0 18.0 0.0
45 43 37 0.0 0.0 0.0 0.0 2447.0 84.0 8.0
45 43 38 0.0 0.0 0.0 0.0 7240.0 229.0 46.0
45 43 39 0.0 0.0 0.0 0.0 11772.0 385.0 126.0
45 43 40 0.0 0.0 0.0 0.0 13653.0 449.0 174.0
45 43 41 0.0 0.0 0.0 0.0 11679.0 382.0 89.0
45 43 42 0.0 0.0 0.0 0.0 7276.0 239.0 30.0
45 43 43 0.0 0.0 0.0 0.0 2421.0 98.0 4.0
45 43 44 0.0 0.0 0.0 0.0 526.0 19.0 0.0
45 43 45 0.0 0.0 0.0 0.0 28.0 0.0 0.0
45 44 35 0.0 0.0 0.0 0.0 5.0 0.0 0.0
45 44 36 0.0 0.0 0.0 0.0 72.0 3.0 0.0
45 44 37 0.0 0.0 0.0 0.0 509.0 13.0 0.0
45 44 38 0.0 0.0 0.0 0.0 1419.0 48.0 2.0
45 44 39 0.0 0.0 0.0 0.0 2843.0 104.0 3.0
45 44 40 0.0 0.0 0.0 0.0 3350.0 96.0 5.0
45 44 41 0.0 0.0 0.0 0.0 2619.0 93.0 7.0
45 44 42 0.0 0.0 0.0 0.0 1326.0 42.0 2.0
45 44 43 0.0 0.0 0.0 0.0 511.0 12.0 0.0
45 44 44 0.0 0.0 0.0 0.0 78.0 3.0 0.0
45 44 45 0.0 0.0 0.0 0.0 1.0 0.0 0.0
45 45 36 0.0 0.0 0.0 0.0 3.0 0.0 0.0
45 45 37 0.0 0.0 0.0 0.0 29.0 0.0 0.0
45 45 38 0.0 0.0 0.0 0.0 89.0 4.0 0.0
45 45 39 0.0 0.0 0.0 0.0 199.0 5.0 0.0
45 45 40 0.0 0.0 0.0 0.0 220.0 7.0 0.0
45 45 41 0.0 0.0 0.0 0.0 211.0 7.0 0.0
45 45 42 0.0 0.0 0.0 0.0 77.0 2.0 0.0
45 45 43 0.0 0.0 0.0 0.0 16.0 0.0 0.0
45 45 44 0.0 0.0 0.0 0.0 9.0 1.0 0.0
45 46 38 0.0 0.0 0.0 0.0 2.0 1.0 0.0
45 46 40 0.0 0.0 0.0 0.0 1.0 0.0 0.0
45 46 41 0.0 0.0 0.0 0.0 1.0 0.0 0.0
46 35 39 0.0 0.0 0.0 0.0 1.0 0.0 0.0
46 35 40 0.0 0.0 0.0 0.0 1.0 0.0 0.0
46 35 41 0.0 0.0 0.0 0.0 2.0 0.0 0.0
46 36 36 0.0 0.0 0.0 0.0 2.0 1.0 0.0
46 36 37 0.0 0.0 0.0 0.0 12.0 1.0 0.0
46 36 38 0.0 0.0 0.0 0.0 7.0 1.0 0.0
46 36 39 0.0 0.0 0.0 0.0 9.0 0.0 0.0
46 36 40 0.0 0.0 0.0 0.0 25.0 2.0 0.0
46 36 41 0.0 0.0 0.0 0.0 16.0 1.0 0.0
46 36 42 0.0 0.0 0.0 0.0 14.0 1.0 0.0
46 36 43 0.0 0.0 0.0 0.0 1.0 0.0 0.0
46 37 36 0.0 0.0 0.0 0.0 3.0 0.0 0.0
46 37 37 0.0 0.0 0.0 0.0 16.0 1.0 0.0
46 37 38 0.0 0.0 0.0 0.0 78.0 1.0 0.0
46 37 39 0.0 0.0 0.0 0.0 123.0 6.0 0.0
46 37 40 0.0 0.0 0.0 0.0 197.0 5.0 0.0
46 37 41 0.0 0.0 0.0 0.0 115.0 3.0 0.0
46 37 42 0.0 0.0 0.0 0.0 48.0 4.0 0.0
46 37 43 0.0 0.0 0.0 0.0 11.0 0.0 0.0
46 37 44 0.0 0.0 0.0 0.0 3.0 0.0 0.0
46 38 36 0.0 0.0 0.0 0.0 4.0 0.0 0.0
46 38 37 0.0 0.0 0.0 0.0 97.0 3.0 0.0
46 38 38 0.0 0.0 0.0 0.0 203.0 6.0 0.0
46 38 39 0.0 0.0 0.0 0.0 443.0 14.0 1.0
46 38 40 0.0 0.0 0.0 0.0 625.0 23.0 1.0
46 38 41 0.0 0.0 0.0 0.0 497.0 18.0 0.0
46 38 42 0.0 0.0 0.0 0.0 216.0 8.0 0.0
46 38 43 0.0 0.0 0.0 0.0 58.0 1.0 0.0
46 38 44 0.0 0.0 0.0 0.0 13.0 0.0 0.0
46 39 35 0.0 0.0 0.0 0.0 2.0 0.0 0.0
46 39 36 0.0 0.0 0.0 0.0 37.0 1.0 0.0
46 39 37 0.0 0.0 0.0 0.0 152.0 8.0 0.0
46 39 38 0.0 0.0 0.0 0.0 605.0 27.0 0.0
46 39 39 0.0 0.0 0.0 0.0 938.0 22.0 1.0
46 39 40 0.0 0.0 0.0 0.0 1137.0 35.0 1.0
46 39 41 0.0 0.0 0.0 0.0 879.0 32.0 0.0
46 39 42 0.0 0.0 0.0 0.0 486.0 12.0 0.0
46 39 43 0.0 0.0 0.0 0.0 154.0 5.0 0.0
46 39 44 0.0 0.0 0.0 0.0 16.0 0.0 0.0
46 39 45 0.0 0.0 0.0 0.0 1.0 0.0 0.0
46 40 35 0.0 0.0 0.0 0.0 1.0 0.0 0.0
46 40 36 0.0 0.0 0.0 0.0 20.0 0.0 0.0
46 40 37 0.0 0.0 0.0 0.0 156.0 9.0 0.0
46 40 38 0.0 0.0 0.0 0.0 598.0 21.0 0.0
46 40 39 0.0 0.0 0.0 0.0 1146.0 35.0 2.0
46 40 40 0.0 0.0 0.0 0.0 1461.0 48.0 1.0
46 40 41 0.0 0.0 0.0 0.0 1197.0 42.0 0.0
46 40 42 0.0 0.0 0.0 0.0 561.0 21.0 0.0
46 40 43 0.0 0.0 0.0 0.0 181.0 5.0 0.0
46 40 44 0.0 0.0 0.0 0.0 15.0 0.0 0.0
46 40 45 0.0 0.0 0.0 0.0 1.0 0.0 0.0
46 41 35 0.0 0.0 0.0 0.0 2.0 0.0 0.0
46 41 36 0.0 0.0 0.0 0.0 33.0 2.0 0.0
46 41 37 0.0 0.0 0.0 0.0 162.0 9.0 0.0
46 41 38 0.0 0.0 0.0 0.0 485.0 21.0 1.0
46 41 39 0.0 0.0 0.0 0.0 903.0 32.0 0.0
46 41 40 0.0 0.0 0.0 0.0 1165.0 36.0 0.0
46 41 41 0.0 0.0 0.0 0.0 974.0 40.0 0.0
46 41 42 0.0 0.0 0.0 0.0 480.0 19.0 0.0
46 41 43 0.0 0.0 0.0 0.0 147.0 7.0 0.0
46 41 44 0.0 0.0 0.0 0.0 21.0 0.0 0.0
46 42 36 0.0 0.0 0.0 0.0 11.0 0.0 0.0
46 42 37 0.0 0.0 0.0 0.0 72.0 2.0 0.0
46 42 38 0.0 0.0 0.0 0.0 234.0 7.0 0.0
46 42 39 0.0 0.0 0.0 0.0 501.0 16.0 0.0
46 42 40 0.0 0.0 0.0 0.0 597.0 22.0 0.0
46 42 41 0.0 0.0 0.0 0.0 450.0 11.0 0.0
46 42 42 0.0 0.0 0.0 0.0 221.0 12.0 0.0
46 42 43 0.0 0.0 0.0 0.0 62.0 2.0 0.0
46 42 44 0.0 0.0 0.0 0.0 8.0 1.0 0.0
46 43 36 0.0 0.0 0.0 0.0 1.0 0.0 0.0
46 43 37 0.0 0.0 0.0 0.0 21.0 0.0 0.0
46 43 38 0.0 0.0 0.0 0.0 71.0 2.0 0.0
46 43 39 0.0 0.0 0.0 0.0 121.0 2.0 0.0
46 43 40 0.0 0.0 0.0 0.0 177.0 7.0 0.0
46 43 41 0.0 0.0 0.0 0.0 165.0 10.0 0.0
46 43 42 0.0 0.0 0.0 0.0 63.0 1.0 0.0
46 43 43 0.0 0.0 0.0 0.0 19.0 0.0 0.0
46 43 44 0.0 0.0 0.0 0.0 1.0 0.0 0.0
46 44 38 0.0 0.0 0.0 0.0 11.0 0.0 0.0
46 44 39 0.0 0.0 0.0 0.0 24.0 1.0 0.0
46 44 40 0.0 0.0 0.0 0.0 26.0 0.0 0.0
46 44 41 0.0 0.0 0.0 0.0 11.0 0.0 0.0
46 44 42 0.0 0.0 0.0 0.0 7.0 0.0 0.0
46 44 43 0.0 0.0 0.0 0.0 1.0 0.0 0.0
46 45 39 0.0 0.0 0.0 0.0 1.0 0.0 0.0
46 45 42 0.0 0.0 0.0 0.0 1.0 0.0 0.0
