35 36 38 0.0 0.0 0.0 0.0 1.0 0.0 0.0
35 36 40 0.0 0.0 0.0 0.0 1.0 0.0 0.0
35 37 38 0.0 0.0 0.0 0.0 2.0 1.0 0.0
35 37 39 0.0 0.0 0.0 0.0 3.0 0.0 0.0
35 37 40 0.0 0.0 0.0 0.0 2.0 0.0 0.0
35 37 41 0.0 0.0 0.0 0.0 3.0 0.0 0.0
35 38 37 0.0 0.0 0.0 0.0 1.0 0.0 0.0
35 38 38 0.0 0.0 0.0 0.0 3.0 1.0 0.0
35 38 39 0.0 0.0 0.0 0.0 11.0 0.0 0.0
35 38 40 0.0 0.0 0.0 0.0 14.0 0.0 0.0
35 38 41 0.0 0.0 0.0 0.0 9.0 1.0 0.0
35 38 42 0.0 0.0 0.0 0.0 3.0 0.0 0.0
35 38 43 0.0 0.0 0.0 0.0 1.0 0.0 0.0
35 39 36 0.0 0.0 0.0 0.0 2.0 0.0 0.0
35 39 37 0.0 0.0 0.0 0.0 2.0 0.0 0.0
35 39 38 0.0 0.0 0.0 0.0 13.0 0.0 0.0
35 39 39 0.0 0.0 0.0 0.0 36.0 2.0 0.0
35 39 40 0.0 0.0 0.0 0.0 51.0 3.0 0.0
35 39 41 0.0 0.0 0.0 0.0 26.0 3.0 0.0
35 39 42 0.0 0.0 0.0 0.0 12.0 1.0 0.0
35 39 43 0.0 0.0 0.0 0.0 6.0 0.0 0.0
35 40 37 0.0 0.0 0.0 0.0 3.0 0.0 0.0
35 40 38 0.0 0.0 0.0 0.0 10.0 0.0 0.0
35 40 39 0.0 0.0 0.0 0.0 35.0 1.0 0.0
35 40 40 0.0 0.0 0.0 0.0 38.0 1.0 0.0
35 40 41 0.0 0.0 0.0 0.0 27.0 0.0 0.0
35 40 42 0.0 0.0 0.0 0.0 15.0 0.0 0.0
35 41 36 0.0 0.0 0.0 0.0 1.0 0.0 0.0
35 41 37 0.0 0.0 0.0 0.0 7.0 0.0 0.0
35 41 38 0.0 0.0 0.0 0.0 6.0 0.0 0.0
35 41 39 0.0 0.0 0.0 0.0 16.0 1.0 0.0
35 41 40 0.0 0.0 0.0 0.0 24.0 0.0 0.0
35 41 41 0.0 0.0 0.0 0.0 35.0 0.0 0.0
35 41 42 0.0 0.0 0.0 0.0 5.0 0.0 0.0
35 42 37 0.0 0.0 0.0 0.0 5.0 0.0 0.0
35 42 38 0.0 0.0 0.0 0.0 2.0 0.0 0.0
35 42 39 0.0 0.0 0.0 0.0 21.0 0.0 0.0
35 42 40 0.0 0.0 0.0 0.0 15.0 1.0 0.0
35 42 41 0.0 0.0 0.0 0.0 11.0 0.0 0.0
35 42 42 0.0 0.0 0.0 0.0 6.0 0.0 0.0
35 42 43 0.0 0.0 0.0 0.0 1.0 0.0 0.0
35 43 38 0.0 0.0 0.0 0.0 1.0 0.0 0.0
35 43 39 0.0 0.0 0.0 0.0 10.0 1.0 0.0
35 43 40 0.0 0.0 0.0 0.0 3.0 0.0 0.0
35 43 41 0.0 0.0 0.0 0.0 1.0 0.0 0.0
36 36 36 0.0 0.0 0.0 0.0 1.0 0.0 0.0
36 36 37 0.0 0.0 0.0 0.0 7.0 0.0 0.0
36 36 38 0.0 0.0 0.0 0.0 22.0 0.0 0.0
36 36 39 0.0 0.0 0.0 0.0 94.0 3.0 0.0
36 36 40 0.0 0.0 0.0 0.0 130.0 5.0 0.0
36 36 41 0.0 0.0 0.0 0.0 109.0 4.0 0.0
36 36 42 0.0 0.0 0.0 0.0 54.0 1.0 0.0
36 36 43 0.0 0.0 0.0 0.0 11.0 2.0 0.0
36 37 36 0.0 0.0 0.0 0.0 8.0 1.0 0.0
36 37 37 0.0 0.0 0.0 0.0 102.0 5.0 0.0
36 37 38 0.0 0.0 0.0 0.0 562.0 13.0 0.0
36 37 39 0.0 0.0 0.0 0.0 1094.0 30.0 0.0
36 37 40 0.0 0.0 0.0 0.0 1516.0 49.0 3.0
36 37 41 0.0 0.0 0.0 0.0 1085.0 28.0 0.0
36 37 42 0.0 0.0 0.0 0.0 548.0 21.0 0.0
36 37 43 0.0 0.0 0.0 0.0 73.0 1.0 0.0
36 37 44 0.0 0.0 0.0 0.0 10.0 0.0 0.0
36 38 36 0.0 0.0 0.0 0.0 51.0 1.0 0.0
36 38 37 0.0 0.0 0.0 0.0 551.0 16.0 1.0
36 38 38 0.0 0.0 0.0 0.0 2222.0 81.0 4.0
36 38 39 0.0 0.0 0.0 0.0 4285.0 133.0 14.0
36 38 40 0.0 0.0 0.0 0.0 5656.0 184.0 21.0
36 38 41 0.0 0.0 0.0 0.0 4368.0 148.0 12.0
36 38 42 0.0 0.0 0.0 0.0 2054.0 73.0 1.0
36 38 43 0.0 0.0 0.0 0.0 553.0 29.0 0.0
36 38 44 0.0 0.0 0.0 0.0 44.0 2.0 0.0
36 39 36 0.0 0.0 0.0 0.0 78.0 4.0 0.0
36 39 37 0.0 0.0 0.0 0.0 1357.0 53.0 2.0
36 39 38 0.0 0.0 0.0 0.0 4264.0 156.0 15.0
36 39 39 0.0 0.0 0.0 0.0 8391.0 282.0 53.0
36 39 40 0.0 0.0 0.0 0.0 10305.0 341.0 76.0
36 39 41 0.0 0.0 0.0 0.0 8432.0 279.0 62.0
36 39 42 0.0 0.0 0.0 0.0 4519.0 155.0 14.0
36 39 43 0.0 0.0 0.0 0.0 1216.0 52.0 1.0
36 39 44 0.0 0.0 0.0 0.0 96.0 3.0 0.0
36 39 45 0.0 0.0 0.0 0.0 1.0 0.0 0.0
36 40 36 0.0 0.0 0.0 0.0 95.0 3.0 0.0
36 40 37 0.0 0.0 0.0 0.0 1540.0 61.0 1.0
36 40 38 0.0 0.0 0.0 0.0 5157.0 172.0 16.0
36 40 39 0.0 0.0 0.0 0.0 10512.0 357.0 91.0
36 40 40 0.0 0.0 0.0 0.0 13083.0 435.0 128.0
36 40 41 0.0 0.0 0.0 1.0 11095.0 371.0 103.0
36 40 42 0.0 0.0 0.0 0.0 5820.0 218.0 24.0
36 40 43 0.0 0.0 0.0 0.0 1385.0 38.0 2.0
36 40 44 0.0 0.0 0.0 0.0 110.0 6.0 0.0
36 41 36 0.0 0.0 0.0 0.0 81.0 3.0 0.0
36 41 37 0.0 0.0 0.0 0.0 1129.0 40.0 1.0
36 41 38 0.0 0.0 0.0 0.0 4338.0 155.0 14.0
36 41 39 0.0 0.0 0.0 0.0 8653.0 305.0 66.0
36 41 40 0.0 0.0 0.0 0.0 10702.0 346.0 109.0
36 41 41 0.0 0.0 0.0 0.0 8701.0 330.0 55.0
36 41 42 0.0 0.0 0.0 0.0 4239.0 147.0 17.0
36 41 43 0.0 0.0 0.0 0.0 1097.0 38.0 0.0
36 41 44 0.0 0.0 0.0 0.0 72.0 2.0 0.0
36 42 36 0.0 0.0 0.0 0.0 24.0 0.0 0.0
36 42 37 0.0 0.0 0.0 0.0 529.0 20.0 0.0
36 42 38 0.0 0.0 0.0 0.0 2207.0 67.0 4.0
36 42 39 0.0 0.0 0.0 2.0 4611.0 170.0 12.0
36 42 40 0.0 0.0 0.0 0.0 5753.0 206.0 19.0
36 42 41 0.0 0.0 0.0 1.0 4349.0 164.0 12.0
36 42 42 0.0 0.0 0.0 1.0 1960.0 65.0 3.0
36 42 43 0.0 0.0 0.0 0.0 499.0 16.0 1.0
36 42 44 0.0 0.0 0.0 0.0 52.0 4.0 0.0
36 43 36 0.0 0.0 0.0 0.0 5.0 0.0 0.0
36 43 37 0.0 0.0 0.0 0.0 126.0 3.0 0.0
36 43 38 0.0 0.0 0.0 0.0 581.0 25.0 0.0
36 43 39 0.0 0.0 0.0 1.0 1232.0 41.0 1.0
36 43 40 0.0 0.0 0.0 0.0 1597.0 58.0 3.0
36 43 41 0.0 0.0 0.0 0.0 1295.0 49.0 2.0
36 43 42 0.0 0.0 0.0 0.0 563.0 23.0 0.0
36 43 43 0.0 0.0 0.0 0.0 119.0 3.0 0.0
36 43 44 0.0 0.0 0.0 0.0 11.0 0.0 0.0
36 44 37 0.0 0.0 0.0 0.0 14.0 1.0 0.0
36 44 38 0.0 0.0 0.0 0.0 79.0 3.0 0.0
36 44 39 0.0 0.0 0.0 0.0 81.0 4.0 0.0
36 44 40 0.0 0.0 0.0 0.0 148.0 4.0 0.0
36 44 41 0.0 0.0 0.0 0.0 119.0 3.0 0.0
36 44 42 0.0 0.0 0.0 0.0 41.0 1.0 0.0
36 44 43 0.0 0.0 0.0 0.0 7.0 0.0 0.0
37 35 39 0.0 0.0 0.0 0.0 2.0 0.0 0.0
37 35 40 0.0 0.0 0.0 0.0 2.0 0.0 0.0
37 35 42 0.0 0.0 0.0 0.0 1.0 0.0 0.0
37 36 36 0.0 0.0 0.0 0.0 4.0 1.0 0.0
37 36 37 0.0 0.0 0.0 0.0 81.0 2.0 0.0
37 36 38 0.0 0.0 0.0 0.0 502.0 25.0 0.0
37 36 39 0.0 0.0 0.0 1.0 1052.0 37.0 0.0
37 36 40 0.0 0.0 0.0 0.0 1424.0 49.0 3.0
37 36 41 0.0 0.0 0.0 0.0 1087.0 40.0 3.0
37 36 42 0.0 0.0 0.0 0.0 566.0 17.0 0.0
37 36 43 0.0 0.0 0.0 0.0 136.0 5.0 0.0
37 36 44 0.0 0.0 0.0 0.0 7.0 0.0 0.0
37 37 36 0.0 0.0 0.0 0.0 94.0 4.0 0.0
37 37 37 0.0 0.0 0.0 0.0 3178.0 106.0 7.0
37 37 38 0.0 0.0 0.0 0.0 11422.0 386.0 148.0
37 37 39 0.0 0.0 0.0 3.0 22340.0 687.0 608.0
37 37 40 0.0 0.0 0.0 6.0 26681.0 785.0 828.0
37 37 41 0.0 0.0 0.0 0.0 22315.0 711.0 639.0
37 37 42 0.0 0.0 0.0 0.0 12121.0 382.0 149.0
37 37 43 0.0 0.0 0.0 1.0 3268.0 120.0 4.0
37 37 44 0.0 0.0 0.0 0.0 149.0 2.0 0.0
37 38 35 0.0 0.0 0.0 0.0 1.0 0.0 0.0
37 38 36 0.0 0.0 0.0 0.0 558.0 28.0 0.0
37 38 37 0.0 0.0 0.0 0.0 10845.0 389.0 124.0
37 38 38 0.0 0.0 0.0 3.0 34311.0 989.0 1607.0
37 38 39 0.0 0.0 0.0 10.0 55004.0 1380.0 5344.0
37 38 40 0.0 0.0 0.0 35.0 60778.0 1555.0 7190.0
37 38 41 0.0 0.0 0.0 3.0 55494.0 1502.0 5419.0
37 38 42 0.0 0.0 0.0 0.0 34514.0 968.0 1619.0
37 38 43 0.0 0.0 0.0 3.0 11899.0 385.0 161.0
37 38 44 0.0 0.0 0.0 0.0 554.0 18.0 0.0
37 39 35 0.0 0.0 0.0 0.0 4.0 0.0 0.0
37 39 36 0.0 0.0 0.0 0.0 1044.0 33.0 1.0
37 39 37 0.0 0.0 0.0 3.0 21516.0 707.0 514.0
37 39 38 0.0 0.0 0.0 10.0 55749.0 1446.0 5648.0
37 39 39 0.0 0.0 0.0 3.0 72719.0 1494.0 13681.0
37 39 40 0.0 0.0 0.0 21.0 76967.0 1561.0 16813.0
37 39 41 0.0 0.0 0.0 6.0 72758.0 1544.0 13366.0
37 39 42 0.0 0.0 0.0 2.0 55231.0 1449.0 5383.0
37 39 43 0.0 0.0 0.0 5.0 23553.0 729.0 665.0
37 39 44 0.0 0.0 0.0 0.0 1132.0 35.0 1.0
37 40 35 0.0 0.0 0.0 0.0 2.0 0.0 0.0
37 40 36 0.0 0.0 0.0 0.0 1466.0 44.0 3.0
37 40 37 0.0 0.0 0.0 3.0 24838.0 751.0 714.0
37 40 38 0.0 0.0 0.0 13.0 60083.0 1475.0 7140.0
37 40 39 0.0 0.0 0.0 6.0 77190.0 1529.0 16881.0
37 40 40 0.0 0.0 0.0 7.0 79606.0 1494.0 20961.0
37 40 41 0.0 0.0 0.0 2.0 76938.0 1567.0 17349.0
37 40 42 0.0 0.0 0.0 7.0 60268.0 1502.0 6966.0
37 40 43 0.0 0.0 0.0 0.0 25816.0 798.0 823.0
37 40 44 0.0 0.0 0.0 0.0 1517.0 53.0 2.0
37 40 45 0.0 0.0 0.0 0.0 3.0 0.0 0.0
37 41 35 0.0 0.0 0.0 0.0 1.0 0.0 0.0
37 41 36 0.0 0.0 0.0 0.0 1041.0 36.0 1.0
37 41 37 0.0 0.0 0.0 0.0 22447.0 766.0 581.0
37 41 38 0.0 0.0 0.0 3.0 54707.0 1388.0 5336.0
37 41 39 0.0 0.0 0.0 12.0 72576.0 1481.0 13430.0
37 41 40 0.0 0.0 0.0 7.0 76963.0 1565.0 17539.0
37 41 41 0.0 0.0 0.0 4.0 73028.0 1541.0 13498.0
37 41 42 0.0 0.0 0.0 3.0 54610.0 1439.0 5372.0
37 41 43 0.0 0.0 0.0 0.0 21564.0 687.0 531.0
37 41 44 0.0 0.0 0.0 0.0 1055.0 43.0 1.0
37 41 45 0.0 0.0 0.0 0.0 3.0 0.0 0.0
37 42 35 0.0 0.0 0.0 0.0 1.0 0.0 0.0
37 42 36 0.0 0.0 0.0 0.0 516.0 21.0 0.0
37 42 37 0.0 0.0 0.0 0.0 12172.0 417.0 178.0
37 42 38 0.0 0.0 0.0 1.0 35104.0 1045.0 1658.0
37 42 39 0.0 0.0 0.0 6.0 57078.0 1449.0 5811.0
37 42 40 0.0 0.0 0.0 7.0 62084.0 1506.0 7861.0
37 42 41 0.0 0.0 0.0 1.0 56394.0 1466.0 5769.0
37 42 42 0.0 0.0 0.0 5.0 35794.0 1009.0 1797.0
37 42 43 0.0 0.0 0.0 0.0 11822.0 413.0 138.0
37 42 44 0.0 0.0 0.0 0.0 496.0 17.0 0.0
37 43 36 0.0 0.0 0.0 0.0 93.0 1.0 0.0
37 43 37 0.0 0.0 0.0 1.0 3569.0 128.0 6.0
37 43 38 0.0 0.0 0.0 2.0 12462.0 427.0 140.0
37 43 39 0.0 0.0 0.0 0.0 22680.0 720.0 587.0
37 43 40 0.0 0.0 0.0 1.0 26663.0 769.0 960.0
37 43 41 0.0 0.0 0.0 8.0 22170.0 725.0 613.0
37 43 42 0.0 0.0 0.0 3.0 11477.0 377.0 158.0
37 43 43 0.0 0.0 0.0 0.0 2989.0 120.0 6.0
37 43 44 0.0 0.0 0.0 0.0 121.0 5.0 0.0
37 44 36 0.0 0.0 0.0 0.0 10.0 0.0 0.0
37 44 37 0.0 0.0 0.0 0.0 102.0 2.0 0.0
37 44 38 0.0 0.0 0.0 0.0 567.0 14.0 0.0
37 44 39 0.0 0.0 0.0 0.0 1222.0 46.0 0.0
37 44 40 0.0 0.0 0.0 0.0 1843.0 73.0 2.0
37 44 41 0.0 0.0 0.0 0.0 1338.0 50.0 0.0
37 44 42 0.0 0.0 0.0 0.0 426.0 16.0 0.0
37 44 43 0.0 0.0 0.0 0.0 124.0 5.0 0.0
37 44 44 0.0 0.0 0.0 0.0 5.0 0.0 0.0
37 45 38 0.0 0.0 0.0 0.0 1.0 0.0 0.0
37 45 39 0.0 0.0 0.0 0.0 2.0 0.0 0.0
37 45 40 0.0 0.0 0.0 0.0 8.0 1.0 0.0
37 45 41 0.0 0.0 0.0 0.0 1.0 0.0 0.0
38 35 38 0.0 0.0 0.0 0.0 11.0 1.0 0.0
38 35 39 0.0 0.0 0.0 0.0 16.0 1.0 0.0
38 35 40 0.0 0.0 0.0 0.0 17.0 1.0 0.0
38 35 41 0.0 0.0 0.0 0.0 11.0 0.0 0.0
38 35 42 0.0 0.0 0.0 0.0 1.0 0.0 0.0
38 36 36 0.0 0.0 0.0 0.0 35.0 2.0 0.0
38 36 37 0.0 0.0 0.0 0.0 489.0 22.0 0.0
38 36 38 0.0 0.0 0.0 0.0 2140.0 67.0 2.0
38 36 39 0.0 0.0 0.0 0.0 4091.0 140.0 10.0
38 36 40 0.0 0.0 0.0 1.0 5252.0 193.0 21.0
38 36 41 0.0 0.0 0.0 2.0 4249.0 142.0 9.0
38 36 42 0.0 0.0 0.0 0.0 2323.0 72.0 3.0
38 36 43 0.0 0.0 0.0 0.0 610.0 25.0 0.0
38 36 44 0.0 0.0 0.0 0.0 41.0 1.0 0.0
38 37 36 0.0 0.0 0.0 0.0 545.0 22.0 0.0
38 37 37 0.0 0.0 0.0 0.0 11273.0 386.0 146.0
38 37 38 0.0 0.0 0.0 2.0 35526.0 1060.0 1769.0
38 37 39 0.0 0.0 0.0 2.0 54018.0 1381.0 5075.0
38 37 40 0.0 0.0 0.0 29.0 60094.0 1527.0 6834.0
38 37 41 0.0 0.0 0.0 20.0 54958.0 1459.0 5208.0
38 37 42 0.0 0.0 0.0 0.0 35071.0 1066.0 1684.0
38 37 43 0.0 0.0 0.0 0.0 11836.0 374.0 147.0
38 37 44 0.0 0.0 0.0 0.0 641.0 21.0 0.0
38 37 45 0.0 0.0 0.0 0.0 2.0 0.0 0.0
38 38 35 0.0 0.0 0.0 0.0 3.0 0.0 0.0
38 38 36 0.0 0.0 0.0 0.0 1980.0 67.0 4.0
38 38 37 0.0 0.0 0.0 6.0 33427.0 990.0 1440.0
38 38 38 0.0 0.0 0.0 5.0 77345.0 1397.0 25856.0
38 38 39 0.0 0.0 0.0 17.0 76592.0 1082.0 47055.0
38 38 40 0.0 0.0 0.0 22.0 73625.0 958.0 54917.0
38 38 41 0.0 0.0 0.0 16.0 77088.0 1128.0 46018.0
38 38 42 0.0 0.0 0.0 10.0 77183.0 1335.0 27722.0
38 38 43 0.0 0.0 0.0 3.0 35570.0 1032.0 1731.0
38 38 44 0.0 0.0 0.0 0.0 1962.0 68.0 3.0
38 38 45 0.0 0.0 0.0 0.0 6.0 0.0 0.0
38 39 35 0.0 0.0 0.0 0.0 9.0 0.0 0.0
38 39 36 0.0 0.0 0.0 2.0 4382.0 181.0 8.0
38 39 37 0.0 0.0 0.0 3.0 54723.0 1376.0 5234.0
38 39 38 0.0 0.0 0.0 17.0 77479.0 1149.0 44706.0
38 39 39 0.0 0.0 0.0 36.0 69032.0 748.0 70889.0
38 39 40 0.0 0.0 0.0 43.0 64960.0 650.0 79211.0
38 39 41 0.0 0.0 0.0 15.0 69534.0 780.0 69979.0
38 39 42 0.0 0.0 0.0 7.0 76648.0 1072.0 47043.0
38 39 43 0.0 0.0 0.0 5.0 54338.0 1409.0 5067.0
38 39 44 0.0 0.0 0.0 0.0 4465.0 169.0 18.0
38 39 45 0.0 0.0 0.0 0.0 23.0 1.0 0.0
38 40 35 0.0 0.0 0.0 0.0 9.0 1.0 0.0
38 40 36 0.0 0.0 0.0 1.0 5185.0 176.0 16.0
38 40 37 0.0 0.0 0.0 5.0 58899.0 1399.0 6930.0
38 40 38 0.0 0.0 0.0 15.0 74665.0 983.0 53078.0
38 40 39 0.0 0.0 0.0 32.0 65135.0 660.0 78940.0
38 40 40 0.0 0.0 0.0 28.0 61095.0 593.0 87170.0
38 40 41 0.0 0.0 0.0 27.0 65463.0 661.0 79103.0
38 40 42 0.0 0.0 0.0 8.0 74386.0 1007.0 53948.0
38 40 43 0.0 0.0 0.0 6.0 59594.0 1434.0 6942.0
38 40 44 0.0 0.0 0.0 0.0 5541.0 196.0 19.0
38 40 45 0.0 0.0 0.0 0.0 22.0 0.0 0.0
38 41 35 0.0 0.0 0.0 0.0 2.0 0.0 0.0
38 41 36 0.0 0.0 0.0 0.0 4258.0 132.0 16.0
38 41 37 0.0 0.0 0.0 2.0 54796.0 1432.0 5348.0
38 41 38 0.0 0.0 0.0 8.0 77810.0 1131.0 44905.0
38 41 39 0.0 0.0 0.0 28.0 69051.0 794.0 71499.0
38 41 40 0.0 0.0 0.0 24.0 64870.0 738.0 79852.0
38 41 41 0.0 0.0 0.0 20.0 69147.0 782.0 71603.0
38 41 42 0.0 0.0 0.0 15.0 76551.0 1082.0 46349.0
38 41 43 0.0 0.0 0.0 15.0 53701.0 1415.0 5081.0
38 41 44 0.0 0.0 0.0 0.0 3832.0 122.0 22.0
38 41 45 0.0 0.0 0.0 0.0 11.0 0.0 0.0
38 42 35 0.0 0.0 0.0 0.0 3.0 0.0 0.0
38 42 36 0.0 0.0 0.0 0.0 1880.0 61.0 0.0
38 42 37 0.0 0.0 0.0 2.0 35222.0 1000.0 1696.0
38 42 38 0.0 0.0 0.0 19.0 77153.0 1375.0 25970.0
38 42 39 0.0 0.0 0.0 16.0 76348.0 1098.0 47387.0
38 42 40 0.0 0.0 0.0 38.0 74276.0 1006.0 55095.0
38 42 41 0.0 0.0 0.0 17.0 77171.0 1083.0 46413.0
38 42 42 0.0 0.0 0.0 2.0 77224.0 1331.0 25961.0
38 42 43 0.0 0.0 0.0 1.0 33502.0 983.0 1449.0
38 42 44 0.0 0.0 0.0 2.0 2060.0 82.0 5.0
38 42 45 0.0 0.0 0.0 0.0 3.0 0.0 0.0
38 43 35 0.0 0.0 0.0 0.0 1.0 0.0 0.0
38 43 36 0.0 0.0 0.0 0.0 540.0 16.0 0.0
38 43 37 0.0 0.0 0.0 0.0 11958.0 390.0 156.0
38 43 38 0.0 0.0 0.0 4.0 36151.0 1067.0 1841.0
38 43 39 0.0 0.0 0.0 16.0 56148.0 1492.0 5610.0
38 43 40 0.0 0.0 0.0 9.0 62486.0 1470.0 7904.0
38 43 41 0.0 0.0 0.0 15.0 55539.0 1422.0 5458.0
38 43 42 0.0 0.0 0.0 0.0 36672.0 1101.0 1777.0
38 43 43 0.0 0.0 0.0 0.0 11224.0 379.0 158.0
38 43 44 0.0 0.0 0.0 0.0 519.0 18.0 0.0
38 44 36 0.0 0.0 0.0 0.0 40.0 1.0 0.0
38 44 37 0.0 0.0 0.0 0.0 587.0 21.0 0.0
38 44 38 0.0 0.0 0.0 1.0 2257.0 71.0 2.0
38 44 39 0.0 0.0 0.0 0.0 4653.0 182.0 13.0
38 44 40 0.0 0.0 0.0 1.0 5835.0 204.0 27.0
38 44 41 0.0 0.0 0.0 0.0 4321.0 137.0 11.0
38 44 42 0.0 0.0 0.0 0.0 2203.0 58.0 2.0
38 44 43 0.0 0.0 0.0 0.0 540.0 21.0 0.0
38 44 44 0.0 0.0 0.0 0.0 32.0 2.0 0.0
38 45 38 0.0 0.0 0.0 0.0 5.0 0.0 0.0
38 45 39 0.0 0.0 0.0 0.0 8.0 0.0 0.0
38 45 40 0.0 0.0 0.0 0.0 22.0 0.0 0.0
38 45 41 0.0 0.0 0.0 0.0 10.0 0.0 0.0
38 45 42 0.0 0.0 0.0 0.0 5.0 0.0 0.0
39 35 38 0.0 0.0 0.0 0.0 7.0 0.0 0.0
39 35 39 0.0 0.0 0.0 0.0 18.0 1.0 0.0
39 35 40 0.0 0.0 0.0 0.0 42.0 2.0 0.0
39 35 41 0.0 0.0 0.0 0.0 31.0 0.0 0.0
39 35 42 0.0 0.0 0.0 0.0 7.0 1.0 0.0
39 35 43 0.0 0.0 0.0 0.0 2.0 0.0 0.0
39 36 36 0.0 0.0 0.0 0.0 79.0 2.0 0.0
39 36 37 0.0 0.0 0.0 0.0 1093.0 36.0 1.0
39 36 38 0.0 0.0 0.0 0.0 4325.0 143.0 14.0
39 36 39 0.0 0.0 0.0 0.0 8205.0 257.0 51.0
39 36 40 0.0 0.0 0.0 0.0 10594.0 340.0 101.0
39 36 41 0.0 0.0 0.0 0.0 8328.0 280.0 63.0
39 36 42 0.0 0.0 0.0 0.0 4535.0 154.0 15.0
39 36 43 0.0 0.0 0.0 0.0 1262.0 29.0 2.0
39 36 44 0.0 0.0 0.0 0.0 144.0 6.0 0.0
39 37 35 0.0 0.0 0.0 0.0 2.0 0.0 0.0
39 37 36 0.0 0.0 0.0 0.0 1205.0 47.0 0.0
39 37 37 0.0 0.0 0.0 0.0 21260.0 709.0 552.0
39 37 38 0.0 0.0 0.0 3.0 53671.0 1345.0 4978.0
39 37 39 0.0 0.0 0.0 7.0 73035.0 1532.0 13590.0
39 37 40 0.0 0.0 0.0 7.0 76717.0 1517.0 16830.0
39 37 41 0.0 0.0 0.0 7.0 72401.0 1544.0 13140.0
39 37 42 0.0 0.0 0.0 1.0 55098.0 1463.0 5346.0
39 37 43 0.0 0.0 0.0 7.0 23558.0 745.0 644.0
39 37 44 0.0 0.0 0.0 0.0 1185.0 36.0 1.0
39 37 45 0.0 0.0 0.0 0.0 2.0 0.0 0.0
39 38 35 0.0 0.0 0.0 0.0 15.0 0.0 0.0
39 38 36 0.0 0.0 0.0 0.0 4126.0 155.0 13.0
39 38 37 0.0 0.0 0.0 1.0 54140.0 1359.0 5409.0
39 38 38 0.0 0.0 0.0 16.0 77852.0 1174.0 44476.0
39 38 39 0.0 0.0 0.0 17.0 69810.0 825.0 69744.0
39 38 40 0.0 0.0 0.0 32.0 65355.0 678.0 78907.0
39 38 41 0.0 0.0 0.0 28.0 68970.0 781.0 70972.0
39 38 42 0.0 0.0 0.0 28.0 77098.0 1070.0 45621.0
39 38 43 0.0 0.0 0.0 2.0 54661.0 1510.0 5260.0
39 38 44 0.0 0.0 0.0 1.0 4345.0 138.0 15.0
39 38 45 0.0 0.0 0.0 0.0 7.0 0.0 0.0
39 39 35 0.0 0.0 0.0 0.0 40.0 3.0 0.0
39 39 36 0.0 0.0 0.0 0.0 8452.0 268.0 57.0
39 39 37 0.0 0.0 0.0 8.0 72169.0 1518.0 12290.0
39 39 38 0.0 0.0 0.0 10.0 69755.0 791.0 69025.0
39 39 39 0.0 0.0 0.0 58.0 44833.0 294.0 121627.0
39 39 40 0.0 0.0 0.0 33.0 40503.0 262.0 129687.0
39 39 41 0.0 0.0 0.0 35.0 44532.0 280.0 121645.0
39 39 42 0.0 0.0 0.0 39.0 69467.0 785.0 70587.0
39 39 43 0.0 0.0 0.0 4.0 72772.0 1550.0 13310.0
39 39 44 0.0 0.0 0.0 0.0 8675.0 298.0 53.0
39 39 45 0.0 0.0 0.0 0.0 27.0 2.0 0.0
39 40 35 0.0 0.0 0.0 0.0 21.0 0.0 0.0
39 40 36 0.0 0.0 0.0 0.0 10856.0 362.0 88.0
39 40 37 0.0 0.0 0.0 7.0 76890.0 1555.0 16894.0
39 40 38 0.0 0.0 0.0 18.0 65494.0 689.0 78820.0
39 40 39 0.0 0.0 0.0 33.0 41136.0 224.0 129375.0
39 40 40 0.0 0.0 0.0 28.0 36336.0 172.0 138565.0
39 40 41 0.0 0.0 0.0 33.0 41040.0 230.0 129458.0
39 40 42 0.0 0.0 0.0 26.0 65397.0 732.0 78460.0
39 40 43 0.0 0.0 0.0 5.0 76885.0 1464.0 17142.0
39 40 44 0.0 0.0 0.0 0.0 10490.0 351.0 84.0
39 40 45 0.0 0.0 0.0 0.0 35.0 2.0 0.0
39 41 35 0.0 0.0 0.0 0.0 25.0 0.0 0.0
39 41 36 0.0 0.0 0.0 0.0 8504.0 302.0 53.0
39 41 37 0.0 0.0 0.0 2.0 72382.0 1471.0 13147.0
39 41 38 0.0 0.0 0.0 11.0 69773.0 827.0 69930.0
39 41 39 0.0 0.0 0.0 22.0 44547.0 278.0 122083.0
39 41 40 0.0 0.0 0.0 58.0 40400.0 220.0 131074.0
39 41 41 0.0 0.0 0.0 18.0 44898.0 275.0 121324.0
39 41 42 0.0 0.0 0.0 24.0 69491.0 785.0 70188.0
39 41 43 0.0 0.0 0.0 11.0 71521.0 1648.0 12596.0
39 41 44 0.0 0.0 0.0 1.0 8109.0 271.0 53.0
39 41 45 0.0 0.0 0.0 0.0 18.0 1.0 0.0
39 42 35 0.0 0.0 0.0 0.0 6.0 0.0 0.0
39 42 36 0.0 0.0 0.0 0.0 4456.0 160.0 13.0
39 42 37 0.0 0.0 0.0 1.0 53610.0 1380.0 4922.0
39 42 38 0.0 0.0 0.0 11.0 76994.0 1081.0 45528.0
39 42 39 0.0 0.0 0.0 16.0 68545.0 755.0 71759.0
39 42 40 0.0 0.0 0.0 32.0 64779.0 702.0 80231.0
39 42 41 0.0 0.0 0.0 34.0 68432.0 778.0 71860.0
39 42 42 0.0 0.0 0.0 39.0 77218.0 1130.0 45099.0
39 42 43 0.0 0.0 0.0 6.0 55790.0 1380.0 5614.0
39 42 44 0.0 0.0 0.0 0.0 4259.0 161.0 8.0
39 42 45 0.0 0.0 0.0 0.0 13.0 0.0 0.0
39 43 35 0.0 0.0 0.0 0.0 2.0 0.0 0.0
39 43 36 0.0 0.0 0.0 0.0 1187.0 43.0 1.0
39 43 37 0.0 0.0 0.0 2.0 21524.0 692.0 569.0
39 43 38 0.0 0.0 0.0 2.0 54365.0 1329.0 5204.0
39 43 39 0.0 0.0 0.0 13.0 73146.0 1523.0 13497.0
39 43 40 0.0 0.0 0.0 7.0 77462.0 1540.0 17356.0
39 43 41 0.0 0.0 0.0 13.0 73470.0 1486.0 14181.0
39 43 42 0.0 0.0 0.0 12.0 53581.0 1367.0 4917.0
39 43 43 0.0 0.0 0.0 0.0 22223.0 731.0 615.0
39 43 44 0.0 0.0 0.0 0.0 1238.0 49.0 1.0
39 43 45 0.0 0.0 0.0 0.0 3.0 0.0 0.0
39 44 36 0.0 0.0 0.0 0.0 69.0 2.0 0.0
39 44 37 0.0 0.0 0.0 0.0 1214.0 44.0 0.0
39 44 38 0.0 0.0 0.0 0.0 4363.0 164.0 15.0
39 44 39 0.0 0.0 0.0 0.0 8795.0 298.0 52.0
39 44 40 0.0 0.0 0.0 2.0 11396.0 402.0 127.0
39 44 41 0.0 0.0 0.0 0.0 8709.0 297.0 66.0
39 44 42 0.0 0.0 0.0 0.0 4635.0 156.0 21.0
39 44 43 0.0 0.0 0.0 0.0 1162.0 44.0 0.0
39 44 44 0.0 0.0 0.0 0.0 118.0 2.0 0.0
39 45 38 0.0 0.0 0.0 0.0 10.0 0.0 0.0
39 45 39 0.0 0.0 0.0 0.0 26.0 1.0 0.0
39 45 40 0.0 0.0 0.0 0.0 42.0 1.0 0.0
39 45 41 0.0 0.0 0.0 0.0 28.0 1.0 0.0
39 45 42 0.0 0.0 0.0 0.0 11.0 0.0 0.0
39 45 43 0.0 0.0 0.0 0.0 4.0 0.0 0.0
40 35 37 0.0 0.0 0.0 0.0 2.0 0.0 0.0
40 35 38 0.0 0.0 0.0 0.0 9.0 1.0 0.0
40 35 39 0.0 0.0 0.0 0.0 38.0 3.0 0.0
40 35 40 0.0 0.0 0.0 0.0 46.0 3.0 0.0
40 35 41 0.0 0.0 0.0 0.0 55.0 5.0 0.0
40 35 42 0.0 0.0 0.0 0.0 15.0 0.0 0.0
40 35 43 0.0 0.0 0.0 0.0 6.0 0.0 0.0
40 36 36 0.0 0.0 0.0 0.0 118.0 4.0 0.0
40 36 37 0.0 0.0 0.0 0.0 1475.0 40.0 1.0
40 36 38 0.0 0.0 0.0 3.0 5489.0 170.0 23.0
40 36 39 0.0 0.0 0.0 1.0 10357.0 334.0 98.0
40 36 40 0.0 0.0 0.0 0.0 12683.0 418.0 124.0
40 36 41 0.0 0.0 0.0 1.0 10213.0 339.0 89.0
40 36 42 0.0 0.0 0.0 1.0 5508.0 185.0 21.0
40 36 43 0.0 0.0 0.0 0.0 1383.0 40.0 1.0
40 36 44 0.0 0.0 0.0 0.0 155.0 3.0 0.0
40 37 35 0.0 0.0 0.0 0.0 7.0 1.0 0.0
40 37 36 0.0 0.0 0.0 0.0 1382.0 44.0 0.0
40 37 37 0.0 0.0 0.0 0.0 26597.0 801.0 863.0
40 37 38 0.0 0.0 0.0 3.0 59927.0 1479.0 6983.0
40 37 39 0.0 0.0 0.0 5.0 76633.0 1496.0 16935.0
40 37 40 0.0 0.0 0.0 15.0 79585.0 1479.0 20973.0
40 37 41 0.0 0.0 0.0 15.0 77173.0 1551.0 17192.0
40 37 42 0.0 0.0 0.0 5.0 60399.0 1484.0 6952.0
40 37 43 0.0 0.0 0.0 0.0 28136.0 803.0 1012.0
40 37 44 0.0 0.0 0.0 0.0 1428.0 61.0 1.0
40 37 45 0.0 0.0 0.0 0.0 4.0 0.0 0.0
40 38 35 0.0 0.0 0.0 0.0 18.0 2.0 0.0
40 38 36 0.0 0.0 0.0 0.0 5444.0 184.0 33.0
40 38 37 0.0 0.0 0.0 6.0 60529.0 1473.0 7209.0
40 38 38 0.0 0.0 0.0 13.0 73646.0 975.0 55693.0
40 38 39 0.0 0.0 0.0 28.0 65373.0 686.0 78520.0
40 38 40 0.0 0.0 0.0 19.0 60491.0 584.0 87957.0
40 38 41 0.0 0.0 0.0 15.0 65387.0 683.0 78871.0
40 38 42 0.0 0.0 0.0 16.0 73879.0 981.0 55000.0
40 38 43 0.0 0.0 0.0 13.0 60570.0 1437.0 7308.0
40 38 44 0.0 0.0 0.0 0.0 5564.0 184.0 21.0
40 38 45 0.0 0.0 0.0 0.0 13.0 0.0 0.0
40 39 35 0.0 0.0 0.0 0.0 41.0 1.0 0.0
40 39 36 0.0 0.0 0.0 1.0 11183.0 363.0 81.0
40 39 37 0.0 0.0 0.0 1.0 77184.0 1493.0 17565.0
40 39 38 0.0 0.0 0.0 23.0 65285.0 698.0 79298.0
40 39 39 0.0 0.0 0.0 35.0 41077.0 229.0 129347.0
40 39 40 0.0 0.0 0.0 25.0 36391.0 173.0 138204.0
40 39 41 0.0 0.0 0.0 39.0 40890.0 206.0 129556.0
40 39 42 0.0 0.0 0.0 23.0 65746.0 658.0 78042.0
40 39 43 0.0 0.0 0.0 8.0 76756.0 1556.0 16500.0
40 39 44 0.0 0.0 0.0 0.0 10732.0 347.0 89.0
40 39 45 0.0 0.0 0.0 0.0 28.0 0.0 0.0
40 40 35 0.0 0.0 0.0 0.0 45.0 1.0 0.0
40 40 36 0.0 0.0 0.0 1.0 13040.0 404.0 131.0
40 40 37 0.0 0.0 0.0 2.0 79514.0 1428.0 20988.0
40 40 38 0.0 0.0 0.0 30.0 61005.0 587.0 87481.0
40 40 39 0.0 0.0 0.0 26.0 36299.0 155.0 138538.0
40 40 40 0.0 0.0 0.0 34.0 23494.0 14.0 173965.0
40 40 41 0.0 0.0 0.0 17.0 36295.0 151.0 138565.0
40 40 42 0.0 0.0 0.0 32.0 60049.0 580.0 88448.0
40 40 43 0.0 0.0 0.0 19.0 79577.0 1465.0 21265.0
40 40 44 0.0 0.0 0.0 1.0 13001.0 405.0 124.0
40 40 45 0.0 0.0 0.0 0.0 45.0 2.0 0.0
40 41 35 0.0 0.0 0.0 0.0 31.0 2.0 0.0
40 41 36 0.0 0.0 0.0 0.0 10555.0 349.0 77.0
40 41 37 0.0 0.0 0.0 5.0 76559.0 1520.0 16947.0
40 41 38 0.0 0.0 0.0 12.0 65116.0 686.0 79494.0
40 41 39 0.0 0.0 0.0 28.0 40842.0 233.0 129347.0
40 41 40 0.0 0.0 0.0 31.0 36304.0 146.0 138928.0
40 41 41 0.0 0.0 0.0 35.0 40898.0 228.0 129961.0
40 41 42 0.0 0.0 0.0 24.0 64901.0 685.0 79325.0
40 41 43 0.0 0.0 0.0 9.0 76595.0 1485.0 16851.0
40 41 44 0.0 0.0 0.0 0.0 10795.0 375.0 91.0
40 41 45 0.0 0.0 0.0 0.0 44.0 3.0 0.0
40 42 35 0.0 0.0 0.0 0.0 17.0 1.0 0.0
40 42 36 0.0 0.0 0.0 0.0 5156.0 173.0 21.0
40 42 37 0.0 0.0 0.0 1.0 60577.0 1480.0 7344.0
40 42 38 0.0 0.0 0.0 7.0 74061.0 1029.0 54840.0
40 42 39 0.0 0.0 0.0 29.0 65434.0 682.0 78952.0
40 42 40 0.0 0.0 0.0 30.0 60144.0 570.0 88443.0
40 42 41 0.0 0.0 0.0 41.0 65479.0 701.0 78847.0
40 42 42 0.0 0.0 0.0 12.0 74591.0 981.0 53479.0
40 42 43 0.0 0.0 0.0 22.0 59783.0 1519.0 6775.0
40 42 44 0.0 0.0 0.0 1.0 5344.0 169.0 30.0
40 42 45 0.0 0.0 0.0 0.0 18.0 0.0 0.0
40 43 35 0.0 0.0 0.0 0.0 2.0 0.0 0.0
40 43 36 0.0 0.0 0.0 0.0 1618.0 58.0 1.0
40 43 37 0.0 0.0 0.0 3.0 26179.0 849.0 829.0
40 43 38 0.0 0.0 0.0 4.0 61054.0 1489.0 7400.0
40 43 39 0.0 0.0 0.0 6.0 76942.0 1516.0 17850.0
40 43 40 0.0 0.0 0.0 16.0 80241.0 1427.0 22336.0
40 43 41 0.0 0.0 0.0 14.0 76556.0 1445.0 16874.0
40 43 42 0.0 0.0 0.0 6.0 60967.0 1504.0 7593.0
40 43 43 0.0 0.0 0.0 5.0 26179.0 866.0 817.0
40 43 44 0.0 0.0 0.0 0.0 1539.0 58.0 0.0
40 43 45 0.0 0.0 0.0 0.0 2.0 0.0 0.0
40 44 36 0.0 0.0 0.0 0.0 90.0 2.0 0.0
40 44 37 0.0 0.0 0.0 0.0 1439.0 60.0 1.0
40 44 38 0.0 0.0 0.0 0.0 5261.0 174.0 23.0
40 44 39 0.0 0.0 0.0 3.0 11095.0 348.0 111.0
40 44 40 0.0 0.0 0.0 1.0 13822.0 473.0 155.0
40 44 41 0.0 0.0 0.0 2.0 10731.0 407.0 80.0
40 44 42 0.0 0.0 0.0 0.0 5494.0 204.0 17.0
40 44 43 0.0 0.0 0.0 0.0 1501.0 42.0 2.0
40 44 44 0.0 0.0 0.0 0.0 115.0 6.0 0.0
40 45 37 0.0 0.0 0.0 0.0 3.0 0.0 0.0
40 45 38 0.0 0.0 0.0 0.0 17.0 0.0 0.0
40 45 39 0.0 0.0 0.0 0.0 49.0 1.0 0.0
40 45 40 0.0 0.0 0.0 0.0 42.0 1.0 0.0
40 45 41 0.0 0.0 0.0 0.0 41.0 1.0 0.0
40 45 42 0.0 0.0 0.0 0.0 18.0 1.0 0.0
40 45 43 0.0 0.0 0.0 0.0 4.0 0.0 0.0
41 35 36 0.0 0.0 0.0 0.0 1.0 0.0 0.0
41 35 38 0.0 0.0 0.0 0.0 10.0 0.0 0.0
41 35 39 0.0 0.0 0.0 0.0 33.0 1.0 0.0
41 35 40 0.0 0.0 0.0 0.0 47.0 3.0 0.0
41 35 41 0.0 0.0 0.0 0.0 32.0 0.0 0.0
41 35 42 0.0 0.0 0.0 0.0 11.0 2.0 0.0
41 35 43 0.0 0.0 0.0 0.0 1.0 0.0 0.0
41 36 36 0.0 0.0 0.0 0.0 103.0 4.0 0.0
41 36 37 0.0 0.0 0.0 0.0 1221.0 41.0 1.0
41 36 38 0.0 0.0 0.0 0.0 4371.0 154.0 16.0
41 36 39 0.0 0.0 0.0 0.0 8693.0 258.0 45.0
41 36 40 0.0 0.0 0.0 0.0 10577.0 373.0 99.0
41 36 41 0.0 0.0 0.0 2.0 8610.0 309.0 54.0
41 36 42 0.0 0.0 0.0 0.0 4199.0 137.0 11.0
41 36 43 0.0 0.0 0.0 0.0 1111.0 41.0 1.0
41 36 44 0.0 0.0 0.0 0.0 97.0 6.0 0.0
41 37 35 0.0 0.0 0.0 0.0 2.0 1.0 0.0
41 37 36 0.0 0.0 0.0 0.0 1137.0 46.0 0.0
41 37 37 0.0 0.0 0.0 1.0 22549.0 761.0 597.0
41 37 38 0.0 0.0 0.0 2.0 55214.0 1414.0 5432.0
41 37 39 0.0 0.0 0.0 20.0 72886.0 1559.0 13395.0
41 37 40 0.0 0.0 0.0 10.0 76330.0 1511.0 16236.0
41 37 41 0.0 0.0 0.0 2.0 73332.0 1506.0 13750.0
41 37 42 0.0 0.0 0.0 1.0 55123.0 1435.0 5314.0
41 37 43 0.0 0.0 0.0 0.0 22978.0 737.0 583.0
41 37 44 0.0 0.0 0.0 0.0 1188.0 41.0 0.0
41 38 35 0.0 0.0 0.0 0.0 11.0 0.0 0.0
41 38 36 0.0 0.0 0.0 0.0 4350.0 147.0 11.0
41 38 37 0.0 0.0 0.0 2.0 54875.0 1410.0 5326.0
41 38 38 0.0 0.0 0.0 10.0 76884.0 1109.0 46330.0
41 38 39 0.0 0.0 0.0 10.0 69020.0 787.0 71253.0
41 38 40 0.0 0.0 0.0 10.0 65264.0 659.0 79132.0
41 38 41 0.0 0.0 0.0 16.0 69808.0 784.0 70527.0
41 38 42 0.0 0.0 0.0 34.0 76953.0 1161.0 46146.0
41 38 43 0.0 0.0 0.0 3.0 55464.0 1420.0 5356.0
41 38 44 0.0 0.0 0.0 0.0 4269.0 165.0 11.0
41 38 45 0.0 0.0 0.0 0.0 7.0 0.0 0.0
41 39 35 0.0 0.0 0.0 0.0 24.0 0.0 0.0
41 39 36 0.0 0.0 0.0 0.0 8945.0 294.0 51.0
41 39 37 0.0 0.0 0.0 6.0 73423.0 1509.0 14135.0
41 39 38 0.0 0.0 0.0 20.0 69347.0 766.0 71135.0
41 39 39 0.0 0.0 0.0 19.0 44362.0 238.0 123008.0
41 39 40 0.0 0.0 0.0 24.0 40833.0 257.0 129821.0
41 39 41 0.0 0.0 0.0 22.0 43879.0 314.0 123125.0
41 39 42 0.0 0.0 0.0 20.0 68797.0 757.0 71645.0
41 39 43 0.0 0.0 0.0 1.0 73355.0 1537.0 13620.0
41 39 44 0.0 0.0 0.0 0.0 8508.0 284.0 62.0
41 39 45 0.0 0.0 0.0 0.0 51.0 4.0 0.0
41 40 35 0.0 0.0 0.0 0.0 37.0 0.0 0.0
41 40 36 0.0 0.0 0.0 0.0 10661.0 371.0 92.0
41 40 37 0.0 0.0 0.0 13.0 76695.0 1536.0 17162.0
41 40 38 0.0 0.0 0.0 29.0 65144.0 709.0 79198.0
41 40 39 0.0 0.0 0.0 35.0 40869.0 225.0 129803.0
41 40 40 0.0 0.0 0.0 29.0 35871.0 165.0 140221.0
41 40 41 0.0 0.0 0.0 23.0 41300.0 232.0 129422.0
41 40 42 0.0 0.0 0.0 12.0 64894.0 660.0 78949.0
41 40 43 0.0 0.0 0.0 11.0 76761.0 1503.0 17300.0
41 40 44 0.0 0.0 0.0 0.0 10551.0 363.0 78.0
41 40 45 0.0 0.0 0.0 0.0 38.0 1.0 0.0
41 41 35 0.0 0.0 0.0 0.0 23.0 0.0 0.0
41 41 36 0.0 0.0 0.0 0.0 8456.0 287.0 63.0
41 41 37 0.0 0.0 0.0 2.0 73603.0 1528.0 13573.0
41 41 38 0.0 0.0 0.0 17.0 68516.0 727.0 72016.0
41 41 39 0.0 0.0 0.0 23.0 44431.0 264.0 122464.0
41 41 40 0.0 0.0 0.0 22.0 41549.0 222.0 129234.0
41 41 41 0.0 0.0 0.0 37.0 45582.0 270.0 121103.0
41 41 42 0.0 0.0 0.0 24.0 69449.0 798.0 70176.0
41 41 43 0.0 0.0 0.0 12.0 72966.0 1570.0 13493.0
41 41 44 0.0 0.0 0.0 1.0 8722.0 274.0 51.0
41 41 45 0.0 0.0 0.0 0.0 23.0 0.0 0.0
41 42 35 0.0 0.0 0.0 0.0 14.0 1.0 0.0
41 42 36 0.0 0.0 0.0 0.0 4716.0 173.0 21.0
41 42 37 0.0 0.0 0.0 4.0 55966.0 1401.0 5700.0
41 42 38 0.0 0.0 0.0 18.0 77133.0 1125.0 46277.0
41 42 39 0.0 0.0 0.0 21.0 68874.0 768.0 71407.0
41 42 40 0.0 0.0 0.0 13.0 65138.0 727.0 79012.0
41 42 41 0.0 0.0 0.0 13.0 70116.0 809.0 69479.0
41 42 42 0.0 0.0 0.0 8.0 76913.0 1108.0 46267.0
41 42 43 0.0 0.0 0.0 0.0 54853.0 1415.0 5213.0
41 42 44 0.0 0.0 0.0 0.0 4265.0 132.0 9.0
41 42 45 0.0 0.0 0.0 0.0 9.0 0.0 0.0
41 43 35 0.0 0.0 0.0 0.0 2.0 0.0 0.0
41 43 36 0.0 0.0 0.0 0.0 1102.0 47.0 1.0
41 43 37 0.0 0.0 0.0 0.0 22146.0 674.0 572.0
41 43 38 0.0 0.0 0.0 1.0 55580.0 1393.0 5468.0
41 43 39 0.0 0.0 0.0 1.0 72383.0 1598.0 13120.0
41 43 40 0.0 0.0 0.0 2.0 76659.0 1512.0 17095.0
41 43 41 0.0 0.0 0.0 18.0 72920.0 1531.0 13792.0
41 43 42 0.0 0.0 0.0 4.0 55077.0 1439.0 5364.0
41 43 43 0.0 0.0 0.0 0.0 21914.0 739.0 515.0
41 43 44 0.0 0.0 0.0 0.0 1181.0 31.0 3.0
41 43 45 0.0 0.0 0.0 0.0 2.0 1.0 0.0
41 44 36 0.0 0.0 0.0 0.0 104.0 5.0 0.0
41 44 37 0.0 0.0 0.0 0.0 1199.0 29.0 0.0
41 44 38 0.0 0.0 0.0 0.0 4472.0 145.0 18.0
41 44 39 0.0 0.0 0.0 0.0 8997.0 342.0 74.0
41 44 40 0.0 0.0 0.0 1.0 10864.0 390.0 98.0
41 44 41 0.0 0.0 0.0 1.0 8621.0 272.0 62.0
41 44 42 0.0 0.0 0.0 0.0 4435.0 153.0 11.0
41 44 43 0.0 0.0 0.0 0.0 1123.0 34.0 1.0
41 44 44 0.0 0.0 0.0 0.0 91.0 4.0 0.0
41 45 36 0.0 0.0 0.0 0.0 4.0 0.0 0.0
41 45 37 0.0 0.0 0.0 0.0 3.0 1.0 0.0
41 45 38 0.0 0.0 0.0 0.0 10.0 1.0 0.0
41 45 39 0.0 0.0 0.0 0.0 27.0 1.0 0.0
41 45 40 0.0 0.0 0.0 0.0 34.0 1.0 0.0
41 45 41 0.0 0.0 0.0 0.0 24.0 1.0 0.0
41 45 42 0.0 0.0 0.0 0.0 7.0 0.0 0.0
42 35 38 0.0 0.0 0.0 0.0 5.0 0.0 0.0
42 35 39 0.0 0.0 0.0 0.0 10.0 1.0 0.0
42 35 40 0.0 0.0 0.0 0.0 16.0 0.0 0.0
42 35 41 0.0 0.0 0.0 0.0 10.0 0.0 0.0
42 35 42 0.0 0.0 0.0 0.0 5.0 0.0 0.0
42 36 36 0.0 0.0 0.0 0.0 70.0 4.0 0.0
42 36 37 0.0 0.0 0.0 0.0 520.0 19.0 0.0
42 36 38 0.0 0.0 0.0 0.0 2027.0 74.0 2.0
42 36 39 0.0 0.0 0.0 0.0 4270.0 131.0 11.0
42 36 40 0.0 0.0 0.0 0.0 5296.0 193.0 21.0
42 36 41 0.0 0.0 0.0 0.0 4329.0 155.0 26.0
42 36 42 0.0 0.0 0.0 0.0 2125.0 78.0 3.0
42 36 43 0.0 0.0 0.0 0.0 535.0 15.0 0.0
42 36 44 0.0 0.0 0.0 0.0 40.0 3.0 0.0
42 37 36 0.0 0.0 0.0 0.0 542.0 13.0 0.0
42 37 37 0.0 0.0 0.0 0.0 13134.0 418.0 161.0
42 37 38 0.0 0.0 0.0 2.0 36082.0 1076.0 1809.0
42 37 39 0.0 0.0 0.0 5.0 55300.0 1347.0 5354.0
42 37 40 0.0 0.0 0.0 8.0 60858.0 1457.0 7187.0
42 37 41 0.0 0.0 0.0 3.0 55452.0 1474.0 5504.0
42 37 42 0.0 0.0 0.0 1.0 35478.0 1056.0 1680.0
42 37 43 0.0 0.0 0.0 3.0 11556.0 408.0 145.0
42 37 44 0.0 0.0 0.0 0.0 540.0 17.0 0.0
42 37 45 0.0 0.0 0.0 0.0 1.0 0.0 0.0
42 38 35 0.0 0.0 0.0 0.0 5.0 0.0 0.0
42 38 36 0.0 0.0 0.0 0.0 2291.0 83.0 1.0
42 38 37 0.0 0.0 0.0 1.0 37107.0 1079.0 1912.0
42 38 38 0.0 0.0 0.0 15.0 77070.0 1427.0 28613.0
42 38 39 0.0 0.0 0.0 25.0 76001.0 1122.0 48040.0
42 38 40 0.0 0.0 0.0 10.0 73852.0 962.0 55488.0
42 38 41 0.0 0.0 0.0 17.0 76898.0 1068.0 46763.0
42 38 42 0.0 0.0 0.0 3.0 77560.0 1374.0 27397.0
42 38 43 0.0 0.0 0.0 1.0 36716.0 1115.0 1796.0
42 38 44 0.0 0.0 0.0 0.0 2119.0 78.0 5.0
42 38 45 0.0 0.0 0.0 0.0 1.0 0.0 0.0
42 39 35 0.0 0.0 0.0 0.0 11.0 1.0 0.0
42 39 36 0.0 0.0 0.0 1.0 4619.0 159.0 10.0
42 39 37 0.0 0.0 0.0 5.0 56350.0 1460.0 5571.0
42 39 38 0.0 0.0 0.0 25.0 76277.0 1071.0 48291.0
42 39 39 0.0 0.0 0.0 28.0 68567.0 764.0 72504.0
42 39 40 0.0 0.0 0.0 17.0 64621.0 649.0 80177.0
42 39 41 0.0 0.0 0.0 11.0 69022.0 780.0 71501.0
42 39 42 0.0 0.0 0.0 2.0 77019.0 1144.0 46724.0
42 39 43 0.0 0.0 0.0 3.0 55045.0 1444.0 5565.0
42 39 44 0.0 0.0 0.0 0.0 4262.0 125.0 11.0
42 39 45 0.0 0.0 0.0 0.0 5.0 0.0 0.0
42 40 35 0.0 0.0 0.0 0.0 9.0 0.0 0.0
42 40 36 0.0 0.0 0.0 0.0 5379.0 189.0 22.0
42 40 37 0.0 0.0 0.0 5.0 62026.0 1520.0 7956.0
42 40 38 0.0 0.0 0.0 18.0 73511.0 985.0 55519.0
42 40 39 0.0 0.0 0.0 10.0 64621.0 623.0 80459.0
42 40 40 0.0 0.0 0.0 20.0 59574.0 605.0 89430.0
42 40 41 0.0 0.0 0.0 14.0 64748.0 719.0 80144.0
42 40 42 0.0 0.0 0.0 33.0 74007.0 929.0 54998.0
42 40 43 0.0 0.0 0.0 4.0 61131.0 1538.0 7310.0
42 40 44 0.0 0.0 0.0 0.0 5409.0 198.0 21.0
42 40 45 0.0 0.0 0.0 0.0 22.0 1.0 0.0
42 41 35 0.0 0.0 0.0 0.0 10.0 0.0 0.0
42 41 36 0.0 0.0 0.0 1.0 4346.0 167.0 9.0
42 41 37 0.0 0.0 0.0 3.0 55316.0 1405.0 5410.0
42 41 38 0.0 0.0 0.0 9.0 76653.0 1051.0 46531.0
42 41 39 0.0 0.0 0.0 14.0 68603.0 746.0 72224.0
42 41 40 0.0 0.0 0.0 14.0 64602.0 675.0 79902.0
42 41 41 0.0 0.0 0.0 26.0 68985.0 807.0 71149.0
42 41 42 0.0 0.0 0.0 15.0 77188.0 1137.0 45350.0
42 41 43 0.0 0.0 0.0 7.0 55087.0 1370.0 5388.0
42 41 44 0.0 0.0 0.0 0.0 4299.0 143.0 15.0
42 41 45 0.0 0.0 0.0 0.0 7.0 0.0 0.0
42 42 35 0.0 0.0 0.0 0.0 6.0 0.0 0.0
42 42 36 0.0 0.0 0.0 0.0 2227.0 81.0 3.0
42 42 37 0.0 0.0 0.0 2.0 37507.0 1154.0 1939.0
42 42 38 0.0 0.0 0.0 26.0 77286.0 1340.0 27168.0
42 42 39 0.0 0.0 0.0 5.0 77704.0 1086.0 46396.0
42 42 40 0.0 0.0 0.0 10.0 74100.0 1037.0 54392.0
42 42 41 0.0 0.0 0.0 6.0 77163.0 1083.0 46240.0
42 42 42 0.0 0.0 0.0 15.0 77689.0 1387.0 27000.0
42 42 43 0.0 0.0 0.0 0.0 35588.0 1035.0 1805.0
42 42 44 0.0 0.0 0.0 0.0 2203.0 69.0 4.0
42 42 45 0.0 0.0 0.0 0.0 8.0 0.0 0.0
42 43 36 0.0 0.0 0.0 0.0 654.0 24.0 1.0
42 43 37 0.0 0.0 0.0 0.0 11806.0 381.0 157.0
42 43 38 0.0 0.0 0.0 3.0 35387.0 1096.0 1750.0
42 43 39 0.0 0.0 0.0 3.0 55148.0 1418.0 5435.0
42 43 40 0.0 0.0 0.0 0.0 60761.0 1502.0 7285.0
42 43 41 0.0 0.0 0.0 4.0 55310.0 1376.0 5441.0
42 43 42 0.0 0.0 0.0 6.0 35336.0 1027.0 1704.0
42 43 43 0.0 0.0 0.0 0.0 12452.0 408.0 157.0
42 43 44 0.0 0.0 0.0 0.0 587.0 20.0 0.0
42 43 45 0.0 0.0 0.0 0.0 2.0 0.0 0.0
42 44 36 0.0 0.0 0.0 0.0 41.0 2.0 0.0
42 44 37 0.0 0.0 0.0 0.0 571.0 18.0 0.0
42 44 38 0.0 0.0 0.0 0.0 1980.0 72.0 7.0
42 44 39 0.0 0.0 0.0 0.0 4290.0 130.0 14.0
42 44 40 0.0 0.0 0.0 0.0 5371.0 160.0 24.0
42 44 41 0.0 0.0 0.0 0.0 4318.0 145.0 7.0
42 44 42 0.0 0.0 0.0 0.0 2206.0 71.0 2.0
42 44 43 0.0 0.0 0.0 0.0 550.0 16.0 1.0
42 44 44 0.0 0.0 0.0 0.0 43.0 1.0 0.0
42 45 37 0.0 0.0 0.0 0.0 2.0 0.0 0.0
42 45 39 0.0 0.0 0.0 0.0 7.0 1.0 0.0
42 45 40 0.0 0.0 0.0 0.0 7.0 1.0 0.0
42 45 41 0.0 0.0 0.0 0.0 15.0 0.0 0.0
42 45 42 0.0 0.0 0.0 0.0 4.0 0.0 0.0
43 35 38 0.0 0.0 0.0 0.0 1.0 0.0 0.0
43 35 39 0.0 0.0 0.0 0.0 1.0 0.0 0.0
43 35 40 0.0 0.0 0.0 0.0 3.0 0.0 0.0
43 35 41 0.0 0.0 0.0 0.0 2.0 0.0 0.0
43 35 42 0.0 0.0 0.0 0.0 4.0 0.0 0.0
43 36 36 0.0 0.0 0.0 0.0 9.0 1.0 0.0
43 36 37 0.0 0.0 0.0 0.0 130.0 2.0 0.0
43 36 38 0.0 0.0 0.0 0.0 502.0 9.0 2.0
43 36 39 0.0 0.0 0.0 0.0 1295.0 43.0 1.0
43 36 40 0.0 0.0 0.0 0.0 1379.0 34.0 3.0
43 36 41 0.0 0.0 0.0 0.0 1171.0 35.0 0.0
43 36 42 0.0 0.0 0.0 0.0 601.0 14.0 1.0
43 36 43 0.0 0.0 0.0 0.0 130.0 5.0 0.0
43 36 44 0.0 0.0 0.0 0.0 6.0 0.0 0.0
43 37 36 0.0 0.0 0.0 0.0 143.0 5.0 0.0
43 37 37 0.0 0.0 0.0 0.0 4256.0 178.0 17.0
43 37 38 0.0 0.0 0.0 0.0 12591.0 385.0 191.0
43 37 39 0.0 0.0 0.0 0.0 24009.0 736.0 763.0
43 37 40 0.0 0.0 0.0 3.0 28187.0 856.0 1023.0
43 37 41 0.0 0.0 0.0 0.0 22755.0 722.0 607.0
43 37 42 0.0 0.0 0.0 2.0 11931.0 366.0 157.0
43 37 43 0.0 0.0 0.0 0.0 3797.0 112.0 14.0
43 37 44 0.0 0.0 0.0 0.0 171.0 3.0 0.0
43 38 36 0.0 0.0 0.0 0.0 566.0 18.0 2.0
43 38 37 0.0 0.0 0.0 3.0 13060.0 448.0 178.0
43 38 38 0.0 0.0 0.0 1.0 39772.0 1224.0 2267.0
43 38 39 0.0 0.0 0.0 10.0 55507.0 1419.0 5543.0
43 38 40 0.0 0.0 0.0 1.0 61610.0 1435.0 7285.0
43 38 41 0.0 0.0 0.0 4.0 55313.0 1476.0 5311.0
43 38 42 0.0 0.0 0.0 0.0 35837.0 1052.0 1717.0
43 38 43 0.0 0.0 0.0 1.0 12179.0 392.0 151.0
43 38 44 0.0 0.0 0.0 0.0 578.0 19.0 0.0
43 38 45 0.0 0.0 0.0 0.0 2.0 0.0 0.0
43 39 35 0.0 0.0 0.0 0.0 1.0 0.0 0.0
43 39 36 0.0 0.0 0.0 0.0 1455.0 46.0 1.0
43 39 37 0.0 0.0 0.0 1.0 23693.0 721.0 644.0
43 39 38 0.0 0.0 0.0 6.0 56551.0 1427.0 5715.0
43 39 39 0.0 0.0 0.0 11.0 74138.0 1511.0 14533.0
43 39 40 0.0 0.0 0.0 15.0 78202.0 1608.0 18474.0
43 39 41 0.0 0.0 0.0 6.0 73626.0 1565.0 14285.0
43 39 42 0.0 0.0 0.0 3.0 56603.0 1354.0 5723.0
43 39 43 0.0 0.0 0.0 0.0 22177.0 773.0 559.0
43 39 44 0.0 0.0 0.0 0.0 1253.0 42.0 4.0
43 39 45 0.0 0.0 0.0 0.0 2.0 0.0 0.0
43 40 35 0.0 0.0 0.0 0.0 6.0 1.0 0.0
43 40 36 0.0 0.0 0.0 0.0 1439.0 61.0 3.0
43 40 37 0.0 0.0 0.0 0.0 27369.0 863.0 938.0
43 40 38 0.0 0.0 0.0 1.0 61919.0 1433.0 8149.0
43 40 39 0.0 0.0 0.0 2.0 77648.0 1428.0 18591.0
43 40 40 0.0 0.0 0.0 15.0 80613.0 1485.0 22328.0
43 40 41 0.0 0.0 0.0 2.0 77216.0 1482.0 17764.0
43 40 42 0.0 0.0 0.0 0.0 60870.0 1480.0 7367.0
43 40 43 0.0 0.0 0.0 0.0 27200.0 837.0 961.0
43 40 44 0.0 0.0 0.0 0.0 1507.0 50.0 4.0
43 40 45 0.0 0.0 0.0 0.0 6.0 0.0 0.0
43 41 35 0.0 0.0 0.0 0.0 2.0 0.0 0.0
43 41 36 0.0 0.0 0.0 0.0 1264.0 43.0 1.0
43 41 37 0.0 0.0 0.0 2.0 23777.0 790.0 685.0
43 41 38 0.0 0.0 0.0 4.0 56031.0 1399.0 5852.0
43 41 39 0.0 0.0 0.0 1.0 73709.0 1624.0 14194.0
43 41 40 0.0 0.0 0.0 10.0 77463.0 1512.0 17854.0
43 41 41 0.0 0.0 0.0 5.0 73326.0 1531.0 14286.0
43 41 42 0.0 0.0 0.0 4.0 54768.0 1384.0 5330.0
43 41 43 0.0 0.0 0.0 1.0 22212.0 689.0 613.0
43 41 44 0.0 0.0 0.0 0.0 1087.0 42.0 0.0
43 41 45 0.0 0.0 0.0 0.0 8.0 0.0 0.0
43 42 35 0.0 0.0 0.0 0.0 3.0 0.0 0.0
43 42 36 0.0 0.0 0.0 0.0 589.0 25.0 0.0
43 42 37 0.0 0.0 0.0 1.0 12726.0 389.0 184.0
43 42 38 0.0 0.0 0.0 1.0 35246.0 1020.0 1691.0
43 42 39 0.0 0.0 0.0 1.0 54761.0 1393.0 5298.0
43 42 40 0.0 0.0 0.0 4.0 61621.0 1459.0 7535.0
43 42 41 0.0 0.0 0.0 2.0 54815.0 1414.0 5334.0
43 42 42 0.0 0.0 0.0 1.0 34538.0 1039.0 1635.0
43 42 43 0.0 0.0 0.0 0.0 11041.0 403.0 104.0
43 42 44 0.0 0.0 0.0 0.0 550.0 16.0 0.0
43 43 36 0.0 0.0 0.0 0.0 122.0 4.0 0.0
43 43 37 0.0 0.0 0.0 1.0 3907.0 123.0 3.0
43 43 38 0.0 0.0 0.0 0.0 12271.0 403.0 144.0
43 43 39 0.0 0.0 0.0 4.0 22079.0 717.0 599.0
43 43 40 0.0 0.0 0.0 0.0 25894.0 805.0 846.0
43 43 41 0.0 0.0 0.0 0.0 21797.0 658.0 552.0
43 43 42 0.0 0.0 0.0 0.0 12086.0 426.0 168.0
43 43 43 0.0 0.0 0.0 0.0 3790.0 131.0 15.0
43 43 44 0.0 0.0 0.0 0.0 122.0 5.0 0.0
43 44 36 0.0 0.0 0.0 0.0 15.0 0.0 0.0
43 44 37 0.0 0.0 0.0 0.0 116.0 1.0 0.0
43 44 38 0.0 0.0 0.0 0.0 654.0 18.0 0.0
43 44 39 0.0 0.0 0.0 0.0 1205.0 44.0 1.0
43 44 40 0.0 0.0 0.0 0.0 1446.0 39.0 1.0
43 44 41 0.0 0.0 0.0 0.0 1031.0 31.0 3.0
43 44 42 0.0 0.0 0.0 0.0 540.0 14.0 0.0
43 44 43 0.0 0.0 0.0 0.0 131.0 2.0 0.0
43 44 44 0.0 0.0 0.0 0.0 8.0 0.0 0.0
43 44 45 0.0 0.0 0.0 0.0 1.0 0.0 0.0
43 45 41 0.0 0.0 0.0 0.0 1.0 0.0 0.0
44 36 37 0.0 0.0 0.0 0.0 9.0 2.0 0.0
44 36 38 0.0 0.0 0.0 0.0 74.0 6.0 0.0
44 36 39 0.0 0.0 0.0 0.0 122.0 2.0 0.0
44 36 40 0.0 0.0 0.0 0.0 133.0 4.0 0.0
44 36 41 0.0 0.0 0.0 0.0 79.0 1.0 1.0
44 36 42 0.0 0.0 0.0 0.0 30.0 0.0 0.0
44 36 43 0.0 0.0 0.0 0.0 6.0 0.0 0.0
44 37 36 0.0 0.0 0.0 0.0 21.0 0.0 0.0
44 37 37 0.0 0.0 0.0 0.0 193.0 6.0 0.0
44 37 38 0.0 0.0 0.0 0.0 557.0 16.0 0.0
44 37 39 0.0 0.0 0.0 0.0 1473.0 42.0 1.0
44 37 40 0.0 0.0 0.0 0.0 1452.0 45.0 1.0
44 37 41 0.0 0.0 0.0 0.0 1310.0 56.0 1.0
44 37 42 0.0 0.0 0.0 0.0 495.0 16.0 0.0
44 37 43 0.0 0.0 0.0 0.0 98.0 2.0 0.0
44 37 44 0.0 0.0 0.0 0.0 12.0 0.0 0.0
44 38 36 0.0 0.0 0.0 0.0 61.0 4.0 0.0
44 38 37 0.0 0.0 0.0 0.0 645.0 12.0 0.0
44 38 38 0.0 0.0 0.0 0.0 2371.0 75.0 9.0
44 38 39 0.0 0.0 0.0 0.0 4682.0 163.0 17.0
44 38 40 0.0 0.0 0.0 0.0 5727.0 199.0 30.0
44 38 41 0.0 0.0 0.0 0.0 4534.0 165.0 8.0
44 38 42 0.0 0.0 0.0 0.0 2340.0 79.0 4.0
44 38 43 0.0 0.0 0.0 0.0 581.0 20.0 0.0
44 38 44 0.0 0.0 0.0 0.0 32.0 1.0 0.0
44 39 36 0.0 0.0 0.0 0.0 121.0 6.0 0.0
44 39 37 0.0 0.0 0.0 0.0 1300.0 38.0 0.0
44 39 38 0.0 0.0 0.0 0.0 4942.0 177.0 19.0
44 39 39 0.0 0.0 0.0 1.0 9636.0 321.0 83.0
44 39 40 0.0 0.0 0.0 1.0 11419.0 381.0 113.0
44 39 41 0.0 0.0 0.0 1.0 9226.0 312.0 62.0
44 39 42 0.0 0.0 0.0 0.0 4492.0 148.0 15.0
44 39 43 0.0 0.0 0.0 0.0 1250.0 40.0 3.0
44 39 44 0.0 0.0 0.0 0.0 105.0 5.0 0.0
44 40 36 0.0 0.0 0.0 0.0 156.0 6.0 0.0
44 40 37 0.0 0.0 0.0 0.0 1771.0 82.0 2.0
44 40 38 0.0 0.0 0.0 0.0 5998.0 227.0 29.0
44 40 39 0.0 0.0 0.0 0.0 11857.0 417.0 122.0
44 40 40 0.0 0.0 0.0 1.0 14344.0 476.0 165.0
44 40 41 0.0 0.0 0.0 0.0 11636.0 417.0 88.0
44 40 42 0.0 0.0 0.0 0.0 5719.0 197.0 20.0
44 40 43 0.0 0.0 0.0 0.0 1605.0 55.0 3.0
44 40 44 0.0 0.0 0.0 0.0 157.0 7.0 0.0
44 41 36 0.0 0.0 0.0 0.0 140.0 5.0 0.0
44 41 37 0.0 0.0 0.0 0.0 1340.0 39.0 0.0
44 41 38 0.0 0.0 0.0 0.0 4696.0 161.0 18.0
44 41 39 0.0 0.0 0.0 0.0 9300.0 331.0 64.0
44 41 40 0.0 0.0 0.0 1.0 11410.0 372.0 104.0
44 41 41 0.0 0.0 0.0 0.0 9199.0 334.0 57.0
44 41 42 0.0 0.0 0.0 0.0 4438.0 146.0 11.0
44 41 43 0.0 0.0 0.0 0.0 1246.0 30.0 1.0
44 41 44 0.0 0.0 0.0 0.0 94.0 2.0 0.0
44 42 36 0.0 0.0 0.0 0.0 51.0 1.0 0.0
44 42 37 0.0 0.0 0.0 0.0 522.0 28.0 0.0
44 42 38 0.0 0.0 0.0 1.0 2312.0 88.0 1.0
44 42 39 0.0 0.0 0.0 0.0 4649.0 162.0 11.0
44 42 40 0.0 0.0 0.0 0.0 5673.0 184.0 23.0
44 42 41 0.0 0.0 0.0 0.0 4782.0 155.0 16.0
44 42 42 0.0 0.0 0.0 0.0 2148.0 71.0 4.0
44 42 43 0.0 0.0 0.0 0.0 571.0 15.0 0.0
44 42 44 0.0 0.0 0.0 0.0 43.0 1.0 0.0
44 43 36 0.0 0.0 0.0 0.0 13.0 0.0 0.0
44 43 37 0.0 0.0 0.0 0.0 118.0 3.0 0.0
44 43 38 0.0 0.0 0.0 0.0 448.0 14.0 0.0
44 43 39 0.0 0.0 0.0 0.0 1202.0 37.0 1.0
44 43 40 0.0 0.0 0.0 0.0 1403.0 42.0 4.0
44 43 41 0.0 0.0 0.0 0.0 1106.0 36.0 1.0
44 43 42 0.0 0.0 0.0 0.0 484.0 13.0 0.0
44 43 43 0.0 0.0 0.0 0.0 111.0 3.0 0.0
44 43 44 0.0 0.0 0.0 0.0 16.0 1.0 0.0
44 44 37 0.0 0.0 0.0 0.0 9.0 1.0 0.0
44 44 38 0.0 0.0 0.0 0.0 42.0 1.0 0.0
44 44 39 0.0 0.0 0.0 0.0 94.0 6.0 0.0
44 44 40 0.0 0.0 0.0 0.0 131.0 3.0 0.0
44 44 41 0.0 0.0 0.0 0.0 95.0 3.0 0.0
44 44 42 0.0 0.0 0.0 0.0 46.0 2.0 0.0
44 44 43 0.0 0.0 0.0 0.0 12.0 0.0 0.0
45 37 39 0.0 0.0 0.0 0.0 2.0 0.0 0.0
45 37 40 0.0 0.0 0.0 0.0 1.0 0.0 0.0
45 37 41 0.0 0.0 0.0 0.0 6.0 1.0 0.0
45 38 37 0.0 0.0 0.0 0.0 2.0 0.0 0.0
45 38 38 0.0 0.0 0.0 0.0 3.0 0.0 0.0
45 38 39 0.0 0.0 0.0 0.0 15.0 0.0 0.0
45 38 40 0.0 0.0 0.0 0.0 17.0 0.0 0.0
45 38 41 0.0 0.0 0.0 0.0 6.0 0.0 0.0
45 38 42 0.0 0.0 0.0 0.0 8.0 0.0 0.0
45 39 36 0.0 0.0 0.0 0.0 1.0 0.0 0.0
45 39 37 0.0 0.0 0.0 0.0 2.0 0.0 0.0
45 39 38 0.0 0.0 0.0 0.0 13.0 0.0 0.0
45 39 39 0.0 0.0 0.0 0.0 26.0 0.0 0.0
45 39 40 0.0 0.0 0.0 0.0 47.0 1.0 0.0
45 39 41 0.0 0.0 0.0 0.0 33.0 2.0 0.0
45 39 42 0.0 0.0 0.0 0.0 22.0 1.0 0.0
45 39 43 0.0 0.0 0.0 0.0 4.0 0.0 0.0
45 40 37 0.0 0.0 0.0 0.0 7.0 0.0 0.0
45 40 38 0.0 0.0 0.0 0.0 24.0 0.0 0.0
45 40 39 0.0 0.0 0.0 0.0 52.0 3.0 0.0
45 40 40 0.0 0.0 0.0 0.0 43.0 0.0 0.0
45 40 41 0.0 0.0 0.0 0.0 29.0 0.0 0.0
45 40 42 0.0 0.0 0.0 0.0 9.0 0.0 0.0
45 41 38 0.0 0.0 0.0 0.0 18.0 1.0 0.0
45 41 39 0.0 0.0 0.0 0.0 22.0 1.0 0.0
45 41 40 0.0 0.0 0.0 0.0 51.0 2.0 0.0
45 41 41 0.0 0.0 0.0 0.0 31.0 1.0 0.0
45 41 42 0.0 0.0 0.0 0.0 9.0 0.0 0.0
45 41 43 0.0 0.0 0.0 0.0 1.0 0.0 0.0
45 42 37 0.0 0.0 0.0 0.0 2.0 0.0 0.0
45 42 38 0.0 0.0 0.0 0.0 15.0 2.0 0.0
45 42 39 0.0 0.0 0.0 0.0 24.0 1.0 0.0
45 42 40 0.0 0.0 0.0 0.0 17.0 0.0 0.0
45 42 41 0.0 0.0 0.0 0.0 21.0 1.0 0.0
45 42 42 0.0 0.0 0.0 0.0 8.0 0.0 0.0
45 43 38 0.0 0.0 0.0 0.0 2.0 0.0 0.0
45 43 39 0.0 0.0 0.0 0.0 1.0 0.0 0.0
45 43 40 0.0 0.0 0.0 0.0 1.0 0.0 0.0
45 43 41 0.0 0.0 0.0 0.0 3.0 0.0 0.0
