35 37 41 0.0 0.0 0.0 0.0 1.0 0.0 0.0
35 38 40 0.0 0.0 0.0 0.0 1.0 0.0 0.0
35 38 41 0.0 0.0 0.0 0.0 1.0 0.0 0.0
35 39 38 0.0 0.0 0.0 0.0 1.0 0.0 0.0
35 39 39 0.0 0.0 0.0 0.0 7.0 0.0 0.0
35 39 40 0.0 0.0 0.0 0.0 2.0 0.0 0.0
35 40 39 0.0 0.0 0.0 0.0 1.0 0.0 0.0
35 40 40 0.0 0.0 0.0 0.0 1.0 0.0 0.0
35 40 41 0.0 0.0 0.0 0.0 1.0 0.0 0.0
35 41 37 0.0 0.0 0.0 0.0 1.0 0.0 0.0
35 41 38 0.0 0.0 0.0 0.0 1.0 0.0 0.0
35 41 40 0.0 0.0 0.0 0.0 1.0 0.0 0.0
35 41 41 0.0 0.0 0.0 0.0 1.0 0.0 0.0
35 41 42 0.0 0.0 0.0 0.0 1.0 0.0 0.0
35 42 42 0.0 0.0 0.0 0.0 1.0 0.0 0.0
35 42 43 0.0 0.0 0.0 0.0 1.0 0.0 0.0
35 43 39 0.0 0.0 0.0 0.0 5.0 0.0 0.0
36 36 38 0.0 0.0 0.0 0.0 2.0 0.0 0.0
36 36 39 0.0 0.0 0.0 0.0 14.0 0.0 0.0
36 36 40 0.0 0.0 0.0 0.0 23.0 0.0 0.0
36 36 41 0.0 0.0 0.0 0.0 18.0 1.0 0.0
36 36 42 0.0 0.0 0.0 0.0 7.0 0.0 0.0
36 37 36 0.0 0.0 0.0 0.0 2.0 0.0 0.0
36 37 37 0.0 0.0 0.0 0.0 10.0 0.0 0.0
36 37 38 0.0 0.0 0.0 0.0 112.0 5.0 0.0
36 37 39 0.0 0.0 0.0 0.0 210.0 3.0 0.0
36 37 40 0.0 0.0 0.0 0.0 341.0 8.0 0.0
36 37 41 0.0 0.0 0.0 0.0 244.0 6.0 0.0
36 37 42 0.0 0.0 0.0 0.0 101.0 2.0 0.0
36 37 43 0.0 0.0 0.0 0.0 13.0 1.0 0.0
36 38 36 0.0 0.0 0.0 0.0 8.0 0.0 0.0
36 38 37 0.0 0.0 0.0 0.0 102.0 2.0 0.0
36 38 38 0.0 0.0 0.0 0.0 536.0 17.0 1.0
36 38 39 0.0 0.0 0.0 0.0 1077.0 43.0 0.0
36 38 40 0.0 0.0 0.0 0.0 1559.0 63.0 1.0
36 38 41 0.0 0.0 0.0 0.0 1141.0 34.0 1.0
36 38 42 0.0 0.0 0.0 0.0 455.0 23.0 0.0
36 38 43 0.0 0.0 0.0 0.0 102.0 5.0 0.0
36 38 44 0.0 0.0 0.0 0.0 5.0 0.0 0.0
36 39 36 0.0 0.0 0.0 0.0 10.0 1.0 0.0
36 39 37 0.0 0.0 0.0 0.0 328.0 11.0 0.0
36 39 38 0.0 0.0 0.0 0.0 1130.0 54.0 1.0
36 39 39 0.0 0.0 0.0 0.0 2342.0 88.0 3.0
36 39 40 0.0 0.0 0.0 0.0 3029.0 88.0 5.0
36 39 41 0.0 0.0 0.0 0.0 2514.0 95.0 4.0
36 39 42 0.0 0.0 0.0 0.0 1218.0 43.0 2.0
36 39 43 0.0 0.0 0.0 0.0 263.0 8.0 0.0
36 39 44 0.0 0.0 0.0 0.0 10.0 0.0 0.0
36 40 36 0.0 0.0 0.0 0.0 15.0 1.0 0.0
36 40 37 0.0 0.0 0.0 0.0 354.0 17.0 0.0
36 40 38 0.0 0.0 0.0 0.0 1357.0 45.0 0.0
36 40 39 0.0 0.0 0.0 0.0 3153.0 104.0 5.0
36 40 40 0.0 0.0 0.0 0.0 4024.0 138.0 5.0
36 40 41 0.0 0.0 0.0 0.0 3282.0 120.0 12.0
36 40 42 0.0 0.0 0.0 0.0 1637.0 52.0 2.0
36 40 43 0.0 0.0 0.0 0.0 285.0 9.0 0.0
36 40 44 0.0 0.0 0.0 0.0 17.0 1.0 0.0
36 41 36 0.0 0.0 0.0 0.0 12.0 2.0 0.0
36 41 37 0.0 0.0 0.0 0.0 243.0 10.0 0.0
36 41 38 0.0 0.0 0.0 0.0 1154.0 37.0 0.0
36 41 39 0.0 0.0 0.0 0.0 2536.0 104.0 7.0
36 41 40 0.0 0.0 0.0 0.0 3283.0 115.0 9.0
36 41 41 0.0 0.0 0.0 0.0 2477.0 87.0 4.0
36 41 42 0.0 0.0 0.0 0.0 1112.0 37.0 2.0
36 41 43 0.0 0.0 0.0 0.0 255.0 3.0 0.0
36 41 44 0.0 0.0 0.0 0.0 8.0 1.0 0.0
36 42 36 0.0 0.0 0.0 0.0 4.0 0.0 0.0
36 42 37 0.0 0.0 0.0 0.0 115.0 4.0 0.0
36 42 38 0.0 0.0 0.0 0.0 548.0 18.0 0.0
36 42 39 0.0 0.0 0.0 1.0 1222.0 40.0 1.0
36 42 40 0.0 0.0 0.0 0.0 1590.0 47.0 1.0
36 42 41 0.0 0.0 0.0 1.0 1120.0 32.0 0.0
36 42 42 0.0 0.0 0.0 0.0 453.0 23.0 0.0
36 42 43 0.0 0.0 0.0 0.0 127.0 4.0 0.0
36 42 44 0.0 0.0 0.0 0.0 8.0 1.0 0.0
36 43 36 0.0 0.0 0.0 0.0 2.0 0.0 0.0
36 43 37 0.0 0.0 0.0 0.0 24.0 0.0 0.0
36 43 38 0.0 0.0 0.0 0.0 133.0 7.0 0.0
36 43 39 0.0 0.0 0.0 1.0 261.0 11.0 0.0
36 43 40 0.0 0.0 0.0 0.0 324.0 18.0 0.0
36 43 41 0.0 0.0 0.0 0.0 296.0 7.0 0.0
36 43 42 0.0 0.0 0.0 0.0 89.0 3.0 0.0
36 43 43 0.0 0.0 0.0 0.0 23.0 0.0 0.0
36 44 37 0.0 0.0 0.0 0.0 6.0 0.0 0.0
36 44 38 0.0 0.0 0.0 0.0 15.0 0.0 0.0
36 44 39 0.0 0.0 0.0 0.0 7.0 0.0 0.0
36 44 40 0.0 0.0 0.0 0.0 34.0 2.0 0.0
36 44 41 0.0 0.0 0.0 0.0 21.0 1.0 0.0
36 44 42 0.0 0.0 0.0 0.0 5.0 0.0 0.0
37 36 37 0.0 0.0 0.0 0.0 15.0 0.0 0.0
37 36 38 0.0 0.0 0.0 0.0 98.0 3.0 0.0
37 36 39 0.0 0.0 0.0 1.0 205.0 10.0 0.0
37 36 40 0.0 0.0 0.0 0.0 297.0 9.0 0.0
37 36 41 0.0 0.0 0.0 0.0 228.0 9.0 1.0
37 36 42 0.0 0.0 0.0 0.0 120.0 1.0 0.0
37 36 43 0.0 0.0 0.0 0.0 17.0 0.0 0.0
37 37 36 0.0 0.0 0.0 0.0 12.0 1.0 0.0
37 37 37 0.0 0.0 0.0 0.0 1171.0 40.0 0.0
37 37 38 0.0 0.0 0.0 0.0 4601.0 174.0 21.0
37 37 39 0.0 0.0 0.0 1.0 9977.0 313.0 94.0
37 37 40 0.0 0.0 0.0 3.0 12414.0 419.0 151.0
37 37 41 0.0 0.0 0.0 0.0 9978.0 333.0 115.0
37 37 42 0.0 0.0 0.0 0.0 4951.0 174.0 23.0
37 37 43 0.0 0.0 0.0 1.0 1178.0 30.0 0.0
37 37 44 0.0 0.0 0.0 0.0 26.0 2.0 0.0
37 38 36 0.0 0.0 0.0 0.0 103.0 0.0 0.0
37 38 37 0.0 0.0 0.0 0.0 4310.0 131.0 14.0
37 38 38 0.0 0.0 0.0 1.0 17085.0 566.0 302.0
37 38 39 0.0 0.0 0.0 7.0 32694.0 1030.0 1332.0
37 38 40 0.0 0.0 0.0 30.0 37972.0 1138.0 1958.0
37 38 41 0.0 0.0 0.0 3.0 32615.0 986.0 1390.0
37 38 42 0.0 0.0 0.0 0.0 17161.0 570.0 324.0
37 38 43 0.0 0.0 0.0 2.0 4824.0 176.0 24.0
37 38 44 0.0 0.0 0.0 0.0 120.0 3.0 0.0
37 39 35 0.0 0.0 0.0 0.0 1.0 0.0 0.0
37 39 36 0.0 0.0 0.0 0.0 184.0 6.0 0.0
37 39 37 0.0 0.0 0.0 3.0 9629.0 320.0 81.0
37 39 38 0.0 0.0 0.0 9.0 33267.0 1024.0 1476.0
37 39 39 0.0 0.0 0.0 2.0 52838.0 1359.0 4523.0
37 39 40 0.0 0.0 0.0 19.0 58801.0 1459.0 6107.0
37 39 41 0.0 0.0 0.0 5.0 52447.0 1331.0 4389.0
37 39 42 0.0 0.0 0.0 0.0 32646.0 988.0 1356.0
37 39 43 0.0 0.0 0.0 3.0 10822.0 333.0 118.0
37 39 44 0.0 0.0 0.0 0.0 242.0 4.0 0.0
37 40 36 0.0 0.0 0.0 0.0 303.0 8.0 0.0
37 40 37 0.0 0.0 0.0 1.0 11039.0 346.0 128.0
37 40 38 0.0 0.0 0.0 11.0 37596.0 1084.0 1939.0
37 40 39 0.0 0.0 0.0 3.0 59168.0 1511.0 6135.0
37 40 40 0.0 0.0 0.0 7.0 65066.0 1509.0 8391.0
37 40 41 0.0 0.0 0.0 1.0 59513.0 1421.0 6451.0
37 40 42 0.0 0.0 0.0 3.0 37588.0 1098.0 1844.0
37 40 43 0.0 0.0 0.0 0.0 11928.0 380.0 142.0
37 40 44 0.0 0.0 0.0 0.0 315.0 12.0 0.0
37 41 35 0.0 0.0 0.0 0.0 1.0 0.0 0.0
37 41 36 0.0 0.0 0.0 0.0 220.0 10.0 0.0
37 41 37 0.0 0.0 0.0 0.0 10040.0 347.0 105.0
37 41 38 0.0 0.0 0.0 1.0 32138.0 944.0 1419.0
37 41 39 0.0 0.0 0.0 11.0 52547.0 1353.0 4511.0
37 41 40 0.0 0.0 0.0 7.0 59567.0 1497.0 6615.0
37 41 41 0.0 0.0 0.0 3.0 52836.0 1379.0 4553.0
37 41 42 0.0 0.0 0.0 2.0 32311.0 941.0 1361.0
37 41 43 0.0 0.0 0.0 0.0 9572.0 318.0 82.0
37 41 44 0.0 0.0 0.0 0.0 221.0 9.0 0.0
37 42 36 0.0 0.0 0.0 0.0 95.0 5.0 0.0
37 42 37 0.0 0.0 0.0 0.0 4908.0 173.0 29.0
37 42 38 0.0 0.0 0.0 2.0 17361.0 529.0 325.0
37 42 39 0.0 0.0 0.0 5.0 34197.0 1014.0 1529.0
37 42 40 0.0 0.0 0.0 5.0 39785.0 1154.0 2262.0
37 42 41 0.0 0.0 0.0 1.0 33753.0 997.0 1490.0
37 42 42 0.0 0.0 0.0 4.0 18018.0 644.0 336.0
37 42 43 0.0 0.0 0.0 0.0 4839.0 179.0 27.0
37 42 44 0.0 0.0 0.0 0.0 79.0 3.0 0.0
37 43 36 0.0 0.0 0.0 0.0 12.0 2.0 0.0
37 43 37 0.0 0.0 0.0 0.0 1218.0 34.0 1.0
37 43 38 0.0 0.0 0.0 1.0 5120.0 162.0 19.0
37 43 39 0.0 0.0 0.0 0.0 10138.0 335.0 95.0
37 43 40 0.0 0.0 0.0 0.0 12540.0 407.0 200.0
37 43 41 0.0 0.0 0.0 4.0 9981.0 328.0 105.0
37 43 42 0.0 0.0 0.0 3.0 4617.0 154.0 23.0
37 43 43 0.0 0.0 0.0 0.0 1012.0 32.0 0.0
37 43 44 0.0 0.0 0.0 0.0 23.0 0.0 0.0
37 44 37 0.0 0.0 0.0 0.0 14.0 1.0 0.0
37 44 38 0.0 0.0 0.0 0.0 106.0 1.0 0.0
37 44 39 0.0 0.0 0.0 0.0 287.0 7.0 0.0
37 44 40 0.0 0.0 0.0 0.0 447.0 20.0 0.0
37 44 41 0.0 0.0 0.0 0.0 291.0 10.0 0.0
37 44 42 0.0 0.0 0.0 0.0 90.0 3.0 0.0
37 44 43 0.0 0.0 0.0 0.0 17.0 0.0 0.0
37 44 44 0.0 0.0 0.0 0.0 1.0 0.0 0.0
38 35 39 0.0 0.0 0.0 0.0 1.0 0.0 0.0
38 36 36 0.0 0.0 0.0 0.0 5.0 0.0 0.0
38 36 37 0.0 0.0 0.0 0.0 93.0 2.0 0.0
38 36 38 0.0 0.0 0.0 0.0 486.0 14.0 0.0
38 36 39 0.0 0.0 0.0 0.0 1077.0 39.0 0.0
38 36 40 0.0 0.0 0.0 1.0 1385.0 36.0 1.0
38 36 41 0.0 0.0 0.0 0.0 1116.0 32.0 0.0
38 36 42 0.0 0.0 0.0 0.0 599.0 23.0 0.0
38 36 43 0.0 0.0 0.0 0.0 137.0 4.0 0.0
38 36 44 0.0 0.0 0.0 0.0 4.0 0.0 0.0
38 37 36 0.0 0.0 0.0 0.0 109.0 7.0 0.0
38 37 37 0.0 0.0 0.0 0.0 4473.0 169.0 19.0
38 37 38 0.0 0.0 0.0 1.0 17774.0 592.0 355.0
38 37 39 0.0 0.0 0.0 1.0 31774.0 961.0 1234.0
38 37 40 0.0 0.0 0.0 21.0 37485.0 1128.0 1903.0
38 37 41 0.0 0.0 0.0 13.0 32542.0 1023.0 1317.0
38 37 42 0.0 0.0 0.0 0.0 17290.0 611.0 305.0
38 37 43 0.0 0.0 0.0 0.0 4836.0 152.0 22.0
38 37 44 0.0 0.0 0.0 0.0 136.0 4.0 0.0
38 38 36 0.0 0.0 0.0 0.0 450.0 15.0 0.0
38 38 37 0.0 0.0 0.0 4.0 16279.0 519.0 284.0
38 38 38 0.0 0.0 0.0 7.0 68200.0 1511.0 12654.0
38 38 39 0.0 0.0 0.0 20.0 78497.0 1349.0 29352.0
38 38 40 0.0 0.0 0.0 23.0 78399.0 1178.0 36305.0
38 38 41 0.0 0.0 0.0 17.0 78693.0 1332.0 28269.0
38 38 42 0.0 0.0 0.0 7.0 69431.0 1519.0 13877.0
38 38 43 0.0 0.0 0.0 1.0 17715.0 570.0 339.0
38 38 44 0.0 0.0 0.0 0.0 446.0 16.0 1.0
38 39 35 0.0 0.0 0.0 0.0 1.0 0.0 0.0
38 39 36 0.0 0.0 0.0 1.0 1086.0 40.0 1.0
38 39 37 0.0 0.0 0.0 2.0 32370.0 991.0 1332.0
38 39 38 0.0 0.0 0.0 16.0 78152.0 1383.0 27270.0
38 39 39 0.0 0.0 0.0 36.0 77037.0 1070.0 51235.0
38 39 40 0.0 0.0 0.0 48.0 73660.0 926.0 60145.0
38 39 41 0.0 0.0 0.0 13.0 77323.0 1048.0 50534.0
38 39 42 0.0 0.0 0.0 8.0 78208.0 1350.0 29237.0
38 39 43 0.0 0.0 0.0 3.0 31808.0 935.0 1252.0
38 39 44 0.0 0.0 0.0 0.0 1202.0 39.0 0.0
38 39 45 0.0 0.0 0.0 0.0 3.0 0.0 0.0
38 40 36 0.0 0.0 0.0 0.0 1360.0 44.0 2.0
38 40 37 0.0 0.0 0.0 6.0 36627.0 1056.0 1847.0
38 40 38 0.0 0.0 0.0 16.0 78778.0 1318.0 34717.0
38 40 39 0.0 0.0 0.0 39.0 73479.0 949.0 60099.0
38 40 40 0.0 0.0 0.0 30.0 69893.0 807.0 68526.0
38 40 41 0.0 0.0 0.0 33.0 73446.0 948.0 60204.0
38 40 42 0.0 0.0 0.0 4.0 78458.0 1191.0 35515.0
38 40 43 0.0 0.0 0.0 3.0 36880.0 1055.0 1876.0
38 40 44 0.0 0.0 0.0 0.0 1517.0 53.0 1.0
38 40 45 0.0 0.0 0.0 0.0 2.0 0.0 0.0
38 41 36 0.0 0.0 0.0 0.0 1091.0 36.0 2.0
38 41 37 0.0 0.0 0.0 3.0 32213.0 937.0 1326.0
38 41 38 0.0 0.0 0.0 7.0 78812.0 1380.0 27475.0
38 41 39 0.0 0.0 0.0 29.0 76489.0 998.0 52157.0
38 41 40 0.0 0.0 0.0 22.0 73375.0 924.0 60867.0
38 41 41 0.0 0.0 0.0 25.0 76671.0 1027.0 52092.0
38 41 42 0.0 0.0 0.0 14.0 77825.0 1305.0 28791.0
38 41 43 0.0 0.0 0.0 8.0 31283.0 874.0 1285.0
38 41 44 0.0 0.0 0.0 0.0 968.0 29.0 1.0
38 42 36 0.0 0.0 0.0 0.0 459.0 15.0 0.0
38 42 37 0.0 0.0 0.0 1.0 17450.0 572.0 315.0
38 42 38 0.0 0.0 0.0 19.0 68261.0 1479.0 12617.0
38 42 39 0.0 0.0 0.0 16.0 78302.0 1393.0 29450.0
38 42 40 0.0 0.0 0.0 45.0 78145.0 1167.0 36600.0
38 42 41 0.0 0.0 0.0 14.0 78935.0 1359.0 28426.0
38 42 42 0.0 0.0 0.0 1.0 68163.0 1478.0 12661.0
38 42 43 0.0 0.0 0.0 0.0 16431.0 530.0 268.0
38 42 44 0.0 0.0 0.0 0.0 493.0 16.0 0.0
38 42 45 0.0 0.0 0.0 0.0 1.0 0.0 0.0
38 43 36 0.0 0.0 0.0 0.0 122.0 4.0 0.0
38 43 37 0.0 0.0 0.0 0.0 4823.0 160.0 17.0
38 43 38 0.0 0.0 0.0 0.0 18288.0 603.0 390.0
38 43 39 0.0 0.0 0.0 12.0 33481.0 983.0 1373.0
38 43 40 0.0 0.0 0.0 10.0 40048.0 1097.0 2268.0
38 43 41 0.0 0.0 0.0 10.0 33108.0 1012.0 1365.0
38 43 42 0.0 0.0 0.0 0.0 18569.0 604.0 336.0
38 43 43 0.0 0.0 0.0 0.0 4426.0 154.0 14.0
38 43 44 0.0 0.0 0.0 0.0 111.0 6.0 0.0
38 44 36 0.0 0.0 0.0 0.0 5.0 0.0 0.0
38 44 37 0.0 0.0 0.0 0.0 125.0 1.0 0.0
38 44 38 0.0 0.0 0.0 0.0 554.0 25.0 0.0
38 44 39 0.0 0.0 0.0 0.0 1258.0 47.0 3.0
38 44 40 0.0 0.0 0.0 1.0 1612.0 63.0 1.0
38 44 41 0.0 0.0 0.0 0.0 1176.0 45.0 1.0
38 44 42 0.0 0.0 0.0 0.0 531.0 15.0 0.0
38 44 43 0.0 0.0 0.0 0.0 109.0 4.0 0.0
38 44 44 0.0 0.0 0.0 0.0 2.0 0.0 0.0
38 45 39 0.0 0.0 0.0 0.0 1.0 0.0 0.0
38 45 40 0.0 0.0 0.0 0.0 1.0 0.0 0.0
39 35 39 0.0 0.0 0.0 0.0 2.0 0.0 0.0
39 35 40 0.0 0.0 0.0 0.0 4.0 0.0 0.0
39 35 41 0.0 0.0 0.0 0.0 2.0 0.0 0.0
39 35 42 0.0 0.0 0.0 0.0 1.0 0.0 0.0
39 36 36 0.0 0.0 0.0 0.0 12.0 0.0 0.0
39 36 37 0.0 0.0 0.0 0.0 245.0 9.0 0.0
39 36 38 0.0 0.0 0.0 0.0 1172.0 40.0 1.0
39 36 39 0.0 0.0 0.0 0.0 2342.0 78.0 3.0
39 36 40 0.0 0.0 0.0 0.0 3155.0 116.0 10.0
39 36 41 0.0 0.0 0.0 0.0 2420.0 82.0 3.0
39 36 42 0.0 0.0 0.0 0.0 1231.0 41.0 1.0
39 36 43 0.0 0.0 0.0 0.0 287.0 8.0 0.0
39 36 44 0.0 0.0 0.0 0.0 24.0 1.0 0.0
39 37 36 0.0 0.0 0.0 0.0 254.0 11.0 0.0
39 37 37 0.0 0.0 0.0 0.0 9290.0 363.0 95.0
39 37 38 0.0 0.0 0.0 2.0 31384.0 933.0 1233.0
39 37 39 0.0 0.0 0.0 6.0 52893.0 1344.0 4537.0
39 37 40 0.0 0.0 0.0 3.0 58767.0 1443.0 6104.0
39 37 41 0.0 0.0 0.0 9.0 52013.0 1356.0 4411.0
39 37 42 0.0 0.0 0.0 1.0 32592.0 1001.0 1368.0
39 37 43 0.0 0.0 0.0 4.0 10853.0 388.0 95.0
39 37 44 0.0 0.0 0.0 0.0 271.0 5.0 0.0
39 38 35 0.0 0.0 0.0 0.0 1.0 0.0 0.0
39 38 36 0.0 0.0 0.0 0.0 1066.0 44.0 1.0
39 38 37 0.0 0.0 0.0 2.0 32005.0 995.0 1428.0
39 38 38 0.0 0.0 0.0 17.0 78552.0 1384.0 26882.0
39 38 39 0.0 0.0 0.0 22.0 77265.0 1044.0 50139.0
39 38 40 0.0 0.0 0.0 30.0 73665.0 1025.0 59913.0
39 38 41 0.0 0.0 0.0 26.0 76587.0 1054.0 51595.0
39 38 42 0.0 0.0 0.0 34.0 78813.0 1436.0 28110.0
39 38 43 0.0 0.0 0.0 1.0 32340.0 973.0 1331.0
39 38 44 0.0 0.0 0.0 0.0 1107.0 35.0 1.0
39 39 35 0.0 0.0 0.0 0.0 2.0 0.0 0.0
39 39 36 0.0 0.0 0.0 0.0 2328.0 89.0 1.0
39 39 37 0.0 0.0 0.0 7.0 50995.0 1299.0 3889.0
39 39 38 0.0 0.0 0.0 11.0 77545.0 1095.0 49471.0
39 39 39 0.0 0.0 0.0 68.0 51216.0 411.0 106269.0
39 39 40 0.0 0.0 0.0 41.0 47293.0 305.0 115376.0
39 39 41 0.0 0.0 0.0 34.0 51001.0 449.0 106393.0
39 39 42 0.0 0.0 0.0 40.0 76869.0 1056.0 51141.0
39 39 43 0.0 0.0 0.0 3.0 52589.0 1313.0 4420.0
39 39 44 0.0 0.0 0.0 0.0 2510.0 96.0 8.0
39 39 45 0.0 0.0 0.0 0.0 2.0 0.0 0.0
39 40 35 0.0 0.0 0.0 0.0 2.0 0.0 0.0
39 40 36 0.0 0.0 0.0 0.0 3261.0 115.0 5.0
39 40 37 0.0 0.0 0.0 4.0 58711.0 1470.0 6199.0
39 40 38 0.0 0.0 0.0 15.0 73618.0 889.0 59992.0
39 40 39 0.0 0.0 0.0 51.0 47792.0 359.0 114662.0
39 40 40 0.0 0.0 0.0 34.0 43126.0 283.0 124879.0
39 40 41 0.0 0.0 0.0 34.0 47452.0 316.0 114792.0
39 40 42 0.0 0.0 0.0 33.0 74188.0 914.0 59317.0
39 40 43 0.0 0.0 0.0 2.0 59150.0 1415.0 6332.0
39 40 44 0.0 0.0 0.0 0.0 3035.0 91.0 6.0
39 41 35 0.0 0.0 0.0 0.0 1.0 0.0 0.0
39 41 36 0.0 0.0 0.0 0.0 2444.0 92.0 3.0
39 41 37 0.0 0.0 0.0 3.0 52206.0 1367.0 4317.0
39 41 38 0.0 0.0 0.0 17.0 77095.0 1070.0 50513.0
39 41 39 0.0 0.0 0.0 26.0 50935.0 409.0 106612.0
39 41 40 0.0 0.0 0.0 73.0 46687.0 305.0 116778.0
39 41 41 0.0 0.0 0.0 17.0 51422.0 463.0 105970.0
39 41 42 0.0 0.0 0.0 27.0 77172.0 1044.0 50724.0
39 41 43 0.0 0.0 0.0 8.0 50670.0 1333.0 4184.0
39 41 44 0.0 0.0 0.0 0.0 2307.0 71.0 4.0
39 42 36 0.0 0.0 0.0 0.0 1182.0 43.0 0.0
39 42 37 0.0 0.0 0.0 1.0 31057.0 976.0 1229.0
39 42 38 0.0 0.0 0.0 6.0 77919.0 1395.0 28136.0
39 42 39 0.0 0.0 0.0 19.0 76501.0 1048.0 52347.0
39 42 40 0.0 0.0 0.0 40.0 73697.0 927.0 60806.0
39 42 41 0.0 0.0 0.0 39.0 76294.0 1048.0 52370.0
39 42 42 0.0 0.0 0.0 34.0 78234.0 1313.0 27664.0
39 42 43 0.0 0.0 0.0 4.0 33369.0 1013.0 1484.0
39 42 44 0.0 0.0 0.0 0.0 1139.0 39.0 0.0
39 43 36 0.0 0.0 0.0 0.0 273.0 5.0 0.0
39 43 37 0.0 0.0 0.0 2.0 9584.0 324.0 94.0
39 43 38 0.0 0.0 0.0 1.0 32243.0 1014.0 1301.0
39 43 39 0.0 0.0 0.0 11.0 53176.0 1381.0 4524.0
39 43 40 0.0 0.0 0.0 7.0 59649.0 1517.0 6386.0
39 43 41 0.0 0.0 0.0 10.0 54186.0 1421.0 4810.0
39 43 42 0.0 0.0 0.0 7.0 31347.0 919.0 1200.0
39 43 43 0.0 0.0 0.0 0.0 9856.0 322.0 99.0
39 43 44 0.0 0.0 0.0 0.0 279.0 11.0 0.0
39 44 36 0.0 0.0 0.0 0.0 7.0 0.0 0.0
39 44 37 0.0 0.0 0.0 0.0 268.0 8.0 0.0
39 44 38 0.0 0.0 0.0 0.0 1142.0 31.0 3.0
39 44 39 0.0 0.0 0.0 0.0 2517.0 82.0 5.0
39 44 40 0.0 0.0 0.0 0.0 3487.0 132.0 13.0
39 44 41 0.0 0.0 0.0 0.0 2477.0 72.0 5.0
39 44 42 0.0 0.0 0.0 0.0 1220.0 47.0 1.0
39 44 43 0.0 0.0 0.0 0.0 239.0 4.0 0.0
39 44 44 0.0 0.0 0.0 0.0 13.0 1.0 0.0
39 45 39 0.0 0.0 0.0 0.0 2.0 0.0 0.0
39 45 40 0.0 0.0 0.0 0.0 5.0 0.0 0.0
39 45 42 0.0 0.0 0.0 0.0 2.0 0.0 0.0
39 45 43 0.0 0.0 0.0 0.0 1.0 0.0 0.0
40 35 38 0.0 0.0 0.0 0.0 1.0 0.0 0.0
40 35 39 0.0 0.0 0.0 0.0 3.0 0.0 0.0
40 35 40 0.0 0.0 0.0 0.0 4.0 0.0 0.0
40 35 41 0.0 0.0 0.0 0.0 9.0 0.0 0.0
40 35 42 0.0 0.0 0.0 0.0 3.0 0.0 0.0
40 35 43 0.0 0.0 0.0 0.0 1.0 0.0 0.0
40 36 36 0.0 0.0 0.0 0.0 17.0 0.0 0.0
40 36 37 0.0 0.0 0.0 0.0 378.0 8.0 0.0
40 36 38 0.0 0.0 0.0 0.0 1504.0 41.0 2.0
40 36 39 0.0 0.0 0.0 1.0 3067.0 103.0 8.0
40 36 40 0.0 0.0 0.0 0.0 3891.0 120.0 6.0
40 36 41 0.0 0.0 0.0 0.0 3033.0 123.0 6.0
40 36 42 0.0 0.0 0.0 0.0 1469.0 45.0 2.0
40 36 43 0.0 0.0 0.0 0.0 287.0 10.0 0.0
40 36 44 0.0 0.0 0.0 0.0 22.0 2.0 0.0
40 37 36 0.0 0.0 0.0 0.0 259.0 9.0 0.0
40 37 37 0.0 0.0 0.0 0.0 12437.0 367.0 174.0
40 37 38 0.0 0.0 0.0 1.0 37326.0 1029.0 1904.0
40 37 39 0.0 0.0 0.0 3.0 59178.0 1550.0 6241.0
40 37 40 0.0 0.0 0.0 12.0 65105.0 1524.0 8310.0
40 37 41 0.0 0.0 0.0 8.0 59085.0 1448.0 6302.0
40 37 42 0.0 0.0 0.0 2.0 37469.0 1112.0 1896.0
40 37 43 0.0 0.0 0.0 0.0 13403.0 426.0 171.0
40 37 44 0.0 0.0 0.0 0.0 297.0 8.0 0.0
40 38 36 0.0 0.0 0.0 0.0 1484.0 50.0 0.0
40 38 37 0.0 0.0 0.0 5.0 37984.0 1126.0 1908.0
40 38 38 0.0 0.0 0.0 20.0 78388.0 1305.0 37097.0
40 38 39 0.0 0.0 0.0 26.0 74088.0 913.0 59210.0
40 38 40 0.0 0.0 0.0 20.0 69401.0 788.0 69439.0
40 38 41 0.0 0.0 0.0 25.0 73698.0 955.0 59562.0
40 38 42 0.0 0.0 0.0 24.0 78520.0 1257.0 36677.0
40 38 43 0.0 0.0 0.0 8.0 38246.0 1096.0 1973.0
40 38 44 0.0 0.0 0.0 0.0 1480.0 61.0 1.0
40 39 36 0.0 0.0 0.0 0.0 3382.0 101.0 3.0
40 39 37 0.0 0.0 0.0 0.0 60020.0 1462.0 6534.0
40 39 38 0.0 0.0 0.0 20.0 73171.0 919.0 60376.0
40 39 39 0.0 0.0 0.0 47.0 47913.0 310.0 114550.0
40 39 40 0.0 0.0 0.0 40.0 43130.0 259.0 124650.0
40 39 41 0.0 0.0 0.0 57.0 47752.0 313.0 114802.0
40 39 42 0.0 0.0 0.0 24.0 74417.0 947.0 58879.0
40 39 43 0.0 0.0 0.0 5.0 58575.0 1510.0 6024.0
40 39 44 0.0 0.0 0.0 0.0 3218.0 132.0 10.0
40 39 45 0.0 0.0 0.0 0.0 1.0 0.0 0.0
40 40 35 0.0 0.0 0.0 0.0 6.0 0.0 0.0
40 40 36 0.0 0.0 0.0 0.0 4001.0 122.0 11.0
40 40 37 0.0 0.0 0.0 2.0 64654.0 1541.0 8500.0
40 40 38 0.0 0.0 0.0 27.0 69452.0 779.0 69022.0
40 40 39 0.0 0.0 0.0 41.0 43306.0 228.0 125028.0
40 40 40 0.0 0.0 0.0 45.0 27686.0 39.0 163899.0
40 40 41 0.0 0.0 0.0 22.0 43011.0 260.0 125084.0
40 40 42 0.0 0.0 0.0 39.0 69333.0 828.0 69712.0
40 40 43 0.0 0.0 0.0 14.0 64992.0 1464.0 8480.0
40 40 44 0.0 0.0 0.0 0.0 3995.0 142.0 14.0
40 40 45 0.0 0.0 0.0 0.0 2.0 0.0 0.0
40 41 35 0.0 0.0 0.0 0.0 1.0 0.0 0.0
40 41 36 0.0 0.0 0.0 0.0 3157.0 118.0 3.0
40 41 37 0.0 0.0 0.0 2.0 59120.0 1475.0 6269.0
40 41 38 0.0 0.0 0.0 15.0 73775.0 939.0 60246.0
40 41 39 0.0 0.0 0.0 36.0 47394.0 310.0 114914.0
40 41 40 0.0 0.0 0.0 39.0 42746.0 243.0 125460.0
40 41 41 0.0 0.0 0.0 44.0 47098.0 316.0 115488.0
40 41 42 0.0 0.0 0.0 22.0 73321.0 950.0 60156.0
40 41 43 0.0 0.0 0.0 5.0 58611.0 1436.0 6122.0
40 41 44 0.0 0.0 0.0 0.0 3211.0 113.0 3.0
40 41 45 0.0 0.0 0.0 0.0 5.0 1.0 0.0
40 42 35 0.0 0.0 0.0 0.0 1.0 0.0 0.0
40 42 36 0.0 0.0 0.0 0.0 1394.0 45.0 0.0
40 42 37 0.0 0.0 0.0 0.0 38533.0 1141.0 1998.0
40 42 38 0.0 0.0 0.0 4.0 78620.0 1254.0 36259.0
40 42 39 0.0 0.0 0.0 33.0 73705.0 954.0 59830.0
40 42 40 0.0 0.0 0.0 39.0 69342.0 788.0 69917.0
40 42 41 0.0 0.0 0.0 51.0 73959.0 929.0 59691.0
40 42 42 0.0 0.0 0.0 12.0 78127.0 1311.0 35321.0
40 42 43 0.0 0.0 0.0 19.0 36927.0 1040.0 1890.0
40 42 44 0.0 0.0 0.0 0.0 1473.0 50.0 1.0
40 42 45 0.0 0.0 0.0 0.0 1.0 0.0 0.0
40 43 36 0.0 0.0 0.0 0.0 400.0 17.0 0.0
40 43 37 0.0 0.0 0.0 1.0 12156.0 407.0 138.0
40 43 38 0.0 0.0 0.0 2.0 38424.0 1101.0 1987.0
40 43 39 0.0 0.0 0.0 6.0 60065.0 1514.0 6787.0
40 43 40 0.0 0.0 0.0 12.0 66314.0 1505.0 9256.0
40 43 41 0.0 0.0 0.0 10.0 58923.0 1454.0 6174.0
40 43 42 0.0 0.0 0.0 4.0 38829.0 1201.0 2097.0
40 43 43 0.0 0.0 0.0 2.0 12275.0 384.0 128.0
40 43 44 0.0 0.0 0.0 0.0 342.0 11.0 0.0
40 44 36 0.0 0.0 0.0 0.0 15.0 0.0 0.0
40 44 37 0.0 0.0 0.0 0.0 306.0 17.0 0.0
40 44 38 0.0 0.0 0.0 0.0 1415.0 41.0 3.0
40 44 39 0.0 0.0 0.0 1.0 3347.0 93.0 6.0
40 44 40 0.0 0.0 0.0 0.0 4344.0 173.0 12.0
40 44 41 0.0 0.0 0.0 0.0 3177.0 97.0 4.0
40 44 42 0.0 0.0 0.0 0.0 1425.0 45.0 1.0
40 44 43 0.0 0.0 0.0 0.0 330.0 11.0 1.0
40 44 44 0.0 0.0 0.0 0.0 13.0 0.0 0.0
40 45 39 0.0 0.0 0.0 0.0 2.0 0.0 0.0
40 45 40 0.0 0.0 0.0 0.0 4.0 0.0 0.0
40 45 41 0.0 0.0 0.0 0.0 6.0 0.0 0.0
41 35 39 0.0 0.0 0.0 0.0 2.0 0.0 0.0
41 35 40 0.0 0.0 0.0 0.0 7.0 0.0 0.0
41 35 41 0.0 0.0 0.0 0.0 4.0 0.0 0.0
41 35 42 0.0 0.0 0.0 0.0 1.0 0.0 0.0
41 36 36 0.0 0.0 0.0 0.0 18.0 0.0 0.0
41 36 37 0.0 0.0 0.0 0.0 280.0 11.0 0.0
41 36 38 0.0 0.0 0.0 0.0 1130.0 35.0 1.0
41 36 39 0.0 0.0 0.0 0.0 2507.0 94.0 5.0
41 36 40 0.0 0.0 0.0 0.0 3082.0 106.0 7.0
41 36 41 0.0 0.0 0.0 1.0 2464.0 86.0 1.0
41 36 42 0.0 0.0 0.0 0.0 1140.0 37.0 0.0
41 36 43 0.0 0.0 0.0 0.0 244.0 13.0 0.0
41 36 44 0.0 0.0 0.0 0.0 13.0 0.0 0.0
41 37 35 0.0 0.0 0.0 0.0 1.0 0.0 0.0
41 37 36 0.0 0.0 0.0 0.0 264.0 10.0 0.0
41 37 37 0.0 0.0 0.0 0.0 10107.0 359.0 104.0
41 37 38 0.0 0.0 0.0 2.0 32853.0 985.0 1408.0
41 37 39 0.0 0.0 0.0 16.0 52428.0 1385.0 4534.0
41 37 40 0.0 0.0 0.0 7.0 58202.0 1458.0 5857.0
41 37 41 0.0 0.0 0.0 1.0 53244.0 1408.0 4637.0
41 37 42 0.0 0.0 0.0 1.0 32377.0 983.0 1342.0
41 37 43 0.0 0.0 0.0 0.0 10254.0 361.0 88.0
41 37 44 0.0 0.0 0.0 0.0 250.0 9.0 0.0
41 38 35 0.0 0.0 0.0 0.0 1.0 0.0 0.0
41 38 36 0.0 0.0 0.0 0.0 1157.0 39.0 0.0
41 38 37 0.0 0.0 0.0 2.0 32455.0 967.0 1325.0
41 38 38 0.0 0.0 0.0 8.0 78448.0 1337.0 28684.0
41 38 39 0.0 0.0 0.0 13.0 77033.0 1008.0 51624.0
41 38 40 0.0 0.0 0.0 14.0 73670.0 901.0 59913.0
41 38 41 0.0 0.0 0.0 11.0 77415.0 1054.0 50960.0
41 38 42 0.0 0.0 0.0 42.0 78348.0 1345.0 28467.0
41 38 43 0.0 0.0 0.0 0.0 32884.0 1003.0 1362.0
41 38 44 0.0 0.0 0.0 0.0 1061.0 37.0 1.0
41 39 35 0.0 0.0 0.0 0.0 1.0 0.0 0.0
41 39 36 0.0 0.0 0.0 0.0 2617.0 72.0 3.0
41 39 37 0.0 0.0 0.0 4.0 53870.0 1429.0 4694.0
41 39 38 0.0 0.0 0.0 23.0 76961.0 1005.0 51851.0
41 39 39 0.0 0.0 0.0 28.0 50643.0 396.0 107751.0
41 39 40 0.0 0.0 0.0 28.0 47547.0 315.0 115302.0
41 39 41 0.0 0.0 0.0 25.0 50000.0 432.0 107788.0
41 39 42 0.0 0.0 0.0 13.0 76678.0 1037.0 52088.0
41 39 43 0.0 0.0 0.0 1.0 53028.0 1406.0 4523.0
41 39 44 0.0 0.0 0.0 0.0 2419.0 77.0 3.0
41 39 45 0.0 0.0 0.0 0.0 5.0 1.0 0.0
41 40 35 0.0 0.0 0.0 0.0 3.0 1.0 0.0
41 40 36 0.0 0.0 0.0 0.0 3136.0 111.0 6.0
41 40 37 0.0 0.0 0.0 13.0 59037.0 1508.0 6441.0
41 40 38 0.0 0.0 0.0 32.0 73810.0 911.0 60145.0
41 40 39 0.0 0.0 0.0 46.0 47753.0 323.0 115339.0
41 40 40 0.0 0.0 0.0 30.0 41997.0 245.0 126839.0
41 40 41 0.0 0.0 0.0 34.0 48193.0 349.0 114752.0
41 40 42 0.0 0.0 0.0 16.0 73669.0 866.0 59932.0
41 40 43 0.0 0.0 0.0 8.0 59399.0 1464.0 6470.0
41 40 44 0.0 0.0 0.0 0.0 3095.0 113.0 7.0
41 40 45 0.0 0.0 0.0 0.0 5.0 0.0 0.0
41 41 35 0.0 0.0 0.0 0.0 2.0 0.0 0.0
41 41 36 0.0 0.0 0.0 0.0 2390.0 83.0 4.0
41 41 37 0.0 0.0 0.0 0.0 53210.0 1349.0 4499.0
41 41 38 0.0 0.0 0.0 14.0 76524.0 1013.0 52711.0
41 41 39 0.0 0.0 0.0 30.0 51296.0 383.0 107001.0
41 41 40 0.0 0.0 0.0 26.0 48299.0 359.0 114304.0
41 41 41 0.0 0.0 0.0 46.0 51907.0 419.0 105590.0
41 41 42 0.0 0.0 0.0 24.0 77110.0 1064.0 50810.0
41 41 43 0.0 0.0 0.0 6.0 52769.0 1356.0 4607.0
41 41 44 0.0 0.0 0.0 0.0 2567.0 98.0 2.0
41 42 36 0.0 0.0 0.0 0.0 1261.0 40.0 0.0
41 42 37 0.0 0.0 0.0 2.0 33202.0 1007.0 1448.0
41 42 38 0.0 0.0 0.0 25.0 78484.0 1384.0 28547.0
41 42 39 0.0 0.0 0.0 25.0 76632.0 985.0 51790.0
41 42 40 0.0 0.0 0.0 14.0 73973.0 893.0 59779.0
41 42 41 0.0 0.0 0.0 15.0 77385.0 1080.0 50062.0
41 42 42 0.0 0.0 0.0 9.0 78337.0 1337.0 28451.0
41 42 43 0.0 0.0 0.0 0.0 32036.0 1008.0 1308.0
41 42 44 0.0 0.0 0.0 0.0 1186.0 43.0 1.0
41 42 45 0.0 0.0 0.0 0.0 1.0 0.0 0.0
41 43 36 0.0 0.0 0.0 0.0 228.0 10.0 0.0
41 43 37 0.0 0.0 0.0 0.0 9810.0 311.0 89.0
41 43 38 0.0 0.0 0.0 1.0 32874.0 1035.0 1399.0
41 43 39 0.0 0.0 0.0 1.0 51674.0 1311.0 4359.0
41 43 40 0.0 0.0 0.0 3.0 58687.0 1512.0 6456.0
41 43 41 0.0 0.0 0.0 16.0 53011.0 1393.0 4570.0
41 43 42 0.0 0.0 0.0 3.0 32338.0 959.0 1394.0
41 43 43 0.0 0.0 0.0 0.0 9718.0 325.0 88.0
41 43 44 0.0 0.0 0.0 0.0 271.0 7.0 2.0
41 44 36 0.0 0.0 0.0 0.0 10.0 0.0 0.0
41 44 37 0.0 0.0 0.0 0.0 258.0 10.0 0.0
41 44 38 0.0 0.0 0.0 0.0 1210.0 41.0 4.0
41 44 39 0.0 0.0 0.0 0.0 2575.0 102.0 4.0
41 44 40 0.0 0.0 0.0 0.0 3246.0 106.0 2.0
41 44 41 0.0 0.0 0.0 1.0 2480.0 89.0 5.0
41 44 42 0.0 0.0 0.0 0.0 1220.0 44.0 0.0
41 44 43 0.0 0.0 0.0 0.0 253.0 6.0 0.0
41 44 44 0.0 0.0 0.0 0.0 10.0 0.0 0.0
41 45 36 0.0 0.0 0.0 0.0 1.0 0.0 0.0
41 45 38 0.0 0.0 0.0 0.0 1.0 0.0 0.0
41 45 39 0.0 0.0 0.0 0.0 1.0 0.0 0.0
41 45 40 0.0 0.0 0.0 0.0 2.0 0.0 0.0
41 45 41 0.0 0.0 0.0 0.0 2.0 0.0 0.0
42 35 41 0.0 0.0 0.0 0.0 1.0 0.0 0.0
42 35 42 0.0 0.0 0.0 0.0 1.0 0.0 0.0
42 36 36 0.0 0.0 0.0 0.0 12.0 0.0 0.0
42 36 37 0.0 0.0 0.0 0.0 117.0 7.0 0.0
42 36 38 0.0 0.0 0.0 0.0 480.0 17.0 0.0
42 36 39 0.0 0.0 0.0 0.0 1113.0 38.0 0.0
42 36 40 0.0 0.0 0.0 0.0 1372.0 37.0 0.0
42 36 41 0.0 0.0 0.0 0.0 1194.0 36.0 2.0
42 36 42 0.0 0.0 0.0 0.0 519.0 26.0 0.0
42 36 43 0.0 0.0 0.0 0.0 82.0 1.0 0.0
42 36 44 0.0 0.0 0.0 0.0 3.0 0.0 0.0
42 37 36 0.0 0.0 0.0 0.0 115.0 2.0 0.0
42 37 37 0.0 0.0 0.0 0.0 5496.0 188.0 22.0
42 37 38 0.0 0.0 0.0 1.0 18046.0 561.0 347.0
42 37 39 0.0 0.0 0.0 1.0 32522.0 921.0 1316.0
42 37 40 0.0 0.0 0.0 8.0 38350.0 1098.0 1931.0
42 37 41 0.0 0.0 0.0 2.0 32907.0 960.0 1427.0
42 37 42 0.0 0.0 0.0 1.0 17527.0 566.0 311.0
42 37 43 0.0 0.0 0.0 2.0 4639.0 153.0 17.0
42 37 44 0.0 0.0 0.0 0.0 116.0 3.0 0.0
42 38 36 0.0 0.0 0.0 0.0 504.0 13.0 0.0
42 38 37 0.0 0.0 0.0 2.0 18791.0 619.0 370.0
42 38 38 0.0 0.0 0.0 12.0 70117.0 1478.0 14485.0
42 38 39 0.0 0.0 0.0 24.0 78365.0 1281.0 30058.0
42 38 40 0.0 0.0 0.0 9.0 78643.0 1221.0 37132.0
42 38 41 0.0 0.0 0.0 17.0 78391.0 1314.0 29001.0
42 38 42 0.0 0.0 0.0 6.0 69424.0 1454.0 13768.0
42 38 43 0.0 0.0 0.0 0.0 18200.0 604.0 379.0
42 38 44 0.0 0.0 0.0 0.0 503.0 22.0 0.0
42 39 36 0.0 0.0 0.0 0.0 1231.0 36.0 0.0
42 39 37 0.0 0.0 0.0 5.0 33463.0 1071.0 1433.0
42 39 38 0.0 0.0 0.0 25.0 78532.0 1357.0 30262.0
42 39 39 0.0 0.0 0.0 34.0 76470.0 1050.0 53026.0
42 39 40 0.0 0.0 0.0 18.0 73260.0 862.0 61100.0
42 39 41 0.0 0.0 0.0 10.0 76731.0 1056.0 52148.0
42 39 42 0.0 0.0 0.0 3.0 78854.0 1340.0 28944.0
42 39 43 0.0 0.0 0.0 1.0 32882.0 987.0 1443.0
42 39 44 0.0 0.0 0.0 0.0 1122.0 35.0 2.0
42 40 36 0.0 0.0 0.0 0.0 1402.0 43.0 1.0
42 40 37 0.0 0.0 0.0 4.0 39511.0 1132.0 2256.0
42 40 38 0.0 0.0 0.0 21.0 77870.0 1228.0 37469.0
42 40 39 0.0 0.0 0.0 9.0 73073.0 955.0 61208.0
42 40 40 0.0 0.0 0.0 25.0 68543.0 771.0 71155.0
42 40 41 0.0 0.0 0.0 17.0 73473.0 932.0 61146.0
42 40 42 0.0 0.0 0.0 35.0 78077.0 1271.0 36656.0
42 40 43 0.0 0.0 0.0 2.0 38313.0 1097.0 2024.0
42 40 44 0.0 0.0 0.0 0.0 1463.0 51.0 1.0
42 40 45 0.0 0.0 0.0 0.0 2.0 0.0 0.0
42 41 35 0.0 0.0 0.0 0.0 1.0 0.0 0.0
42 41 36 0.0 0.0 0.0 0.0 1106.0 42.0 0.0
42 41 37 0.0 0.0 0.0 0.0 32689.0 973.0 1363.0
42 41 38 0.0 0.0 0.0 10.0 78651.0 1332.0 28526.0
42 41 39 0.0 0.0 0.0 13.0 76395.0 1002.0 52752.0
42 41 40 0.0 0.0 0.0 21.0 73432.0 870.0 60773.0
42 41 41 0.0 0.0 0.0 25.0 76709.0 1019.0 51551.0
42 41 42 0.0 0.0 0.0 17.0 78181.0 1412.0 27663.0
42 41 43 0.0 0.0 0.0 5.0 32681.0 1031.0 1340.0
42 41 44 0.0 0.0 0.0 0.0 1172.0 45.0 2.0
42 42 36 0.0 0.0 0.0 0.0 540.0 19.0 0.0
42 42 37 0.0 0.0 0.0 0.0 18915.0 620.0 385.0
42 42 38 0.0 0.0 0.0 36.0 69150.0 1533.0 13532.0
42 42 39 0.0 0.0 0.0 5.0 79002.0 1368.0 28536.0
42 42 40 0.0 0.0 0.0 4.0 78662.0 1217.0 35861.0
42 42 41 0.0 0.0 0.0 5.0 78356.0 1318.0 28553.0
42 42 42 0.0 0.0 0.0 12.0 69026.0 1524.0 13269.0
42 42 43 0.0 0.0 0.0 0.0 17885.0 625.0 390.0
42 42 44 0.0 0.0 0.0 0.0 550.0 21.0 0.0
42 42 45 0.0 0.0 0.0 0.0 1.0 0.0 0.0
42 43 36 0.0 0.0 0.0 0.0 167.0 9.0 0.0
42 43 37 0.0 0.0 0.0 0.0 4825.0 169.0 27.0
42 43 38 0.0 0.0 0.0 1.0 17635.0 581.0 336.0
42 43 39 0.0 0.0 0.0 2.0 32776.0 935.0 1337.0
42 43 40 0.0 0.0 0.0 0.0 38007.0 1136.0 2041.0
42 43 41 0.0 0.0 0.0 3.0 32714.0 1007.0 1370.0
42 43 42 0.0 0.0 0.0 3.0 17537.0 590.0 346.0
42 43 43 0.0 0.0 0.0 0.0 5188.0 185.0 19.0
42 43 44 0.0 0.0 0.0 0.0 138.0 2.0 0.0
42 44 36 0.0 0.0 0.0 0.0 9.0 0.0 0.0
42 44 37 0.0 0.0 0.0 0.0 124.0 5.0 0.0
42 44 38 0.0 0.0 0.0 0.0 513.0 17.0 0.0
42 44 39 0.0 0.0 0.0 0.0 1090.0 38.0 1.0
42 44 40 0.0 0.0 0.0 0.0 1457.0 42.0 2.0
42 44 41 0.0 0.0 0.0 0.0 1094.0 45.0 0.0
42 44 42 0.0 0.0 0.0 0.0 547.0 16.0 0.0
42 44 43 0.0 0.0 0.0 0.0 110.0 6.0 0.0
42 44 44 0.0 0.0 0.0 0.0 3.0 0.0 0.0
42 45 37 0.0 0.0 0.0 0.0 1.0 0.0 0.0
42 45 39 0.0 0.0 0.0 0.0 1.0 0.0 0.0
43 35 42 0.0 0.0 0.0 0.0 1.0 0.0 0.0
43 36 36 0.0 0.0 0.0 0.0 1.0 0.0 0.0
43 36 37 0.0 0.0 0.0 0.0 18.0 1.0 0.0
43 36 38 0.0 0.0 0.0 0.0 95.0 4.0 0.0
43 36 39 0.0 0.0 0.0 0.0 308.0 11.0 0.0
43 36 40 0.0 0.0 0.0 0.0 313.0 12.0 0.0
43 36 41 0.0 0.0 0.0 0.0 250.0 8.0 0.0
43 36 42 0.0 0.0 0.0 0.0 132.0 4.0 0.0
43 36 43 0.0 0.0 0.0 0.0 26.0 1.0 0.0
43 36 44 0.0 0.0 0.0 0.0 2.0 0.0 0.0
43 37 36 0.0 0.0 0.0 0.0 35.0 2.0 0.0
43 37 37 0.0 0.0 0.0 0.0 1551.0 53.0 2.0
43 37 38 0.0 0.0 0.0 0.0 5266.0 176.0 27.0
43 37 39 0.0 0.0 0.0 0.0 10999.0 379.0 139.0
43 37 40 0.0 0.0 0.0 0.0 13326.0 434.0 210.0
43 37 41 0.0 0.0 0.0 0.0 10232.0 357.0 112.0
43 37 42 0.0 0.0 0.0 1.0 4775.0 172.0 18.0
43 37 43 0.0 0.0 0.0 0.0 1429.0 56.0 3.0
43 37 44 0.0 0.0 0.0 0.0 27.0 0.0 0.0
43 38 36 0.0 0.0 0.0 0.0 101.0 2.0 0.0
43 38 37 0.0 0.0 0.0 2.0 5459.0 176.0 23.0
43 38 38 0.0 0.0 0.0 0.0 20824.0 670.0 500.0
43 38 39 0.0 0.0 0.0 7.0 33089.0 938.0 1369.0
43 38 40 0.0 0.0 0.0 1.0 38471.0 1079.0 1916.0
43 38 41 0.0 0.0 0.0 2.0 32755.0 913.0 1380.0
43 38 42 0.0 0.0 0.0 0.0 17878.0 530.0 314.0
43 38 43 0.0 0.0 0.0 0.0 4919.0 176.0 26.0
43 38 44 0.0 0.0 0.0 0.0 106.0 0.0 0.0
43 39 36 0.0 0.0 0.0 0.0 342.0 14.0 0.0
43 39 37 0.0 0.0 0.0 1.0 10642.0 333.0 111.0
43 39 38 0.0 0.0 0.0 6.0 33985.0 1055.0 1515.0
43 39 39 0.0 0.0 0.0 7.0 55061.0 1441.0 5134.0
43 39 40 0.0 0.0 0.0 11.0 61666.0 1490.0 7035.0
43 39 41 0.0 0.0 0.0 3.0 54087.0 1432.0 4880.0
43 39 42 0.0 0.0 0.0 3.0 34090.0 968.0 1494.0
43 39 43 0.0 0.0 0.0 0.0 9846.0 359.0 94.0
43 39 44 0.0 0.0 0.0 0.0 286.0 7.0 0.0
43 40 36 0.0 0.0 0.0 0.0 286.0 11.0 0.0
43 40 37 0.0 0.0 0.0 0.0 12642.0 401.0 146.0
43 40 38 0.0 0.0 0.0 1.0 39934.0 1144.0 2434.0
43 40 39 0.0 0.0 0.0 1.0 61459.0 1409.0 7068.0
43 40 40 0.0 0.0 0.0 15.0 66895.0 1491.0 9282.0
43 40 41 0.0 0.0 0.0 1.0 60535.0 1572.0 6750.0
43 40 42 0.0 0.0 0.0 0.0 38452.0 1086.0 2052.0
43 40 43 0.0 0.0 0.0 0.0 12773.0 413.0 199.0
43 40 44 0.0 0.0 0.0 0.0 349.0 12.0 0.0
43 41 36 0.0 0.0 0.0 0.0 295.0 4.0 0.0
43 41 37 0.0 0.0 0.0 1.0 10618.0 399.0 129.0
43 41 38 0.0 0.0 0.0 3.0 33801.0 1063.0 1495.0
43 41 39 0.0 0.0 0.0 1.0 54175.0 1414.0 4917.0
43 41 40 0.0 0.0 0.0 9.0 60714.0 1426.0 6731.0
43 41 41 0.0 0.0 0.0 3.0 54216.0 1365.0 4883.0
43 41 42 0.0 0.0 0.0 5.0 32533.0 951.0 1396.0
43 41 43 0.0 0.0 0.0 0.0 10061.0 349.0 101.0
43 41 44 0.0 0.0 0.0 0.0 215.0 6.0 0.0
43 42 36 0.0 0.0 0.0 0.0 103.0 4.0 0.0
43 42 37 0.0 0.0 0.0 0.0 5359.0 171.0 25.0
43 42 38 0.0 0.0 0.0 0.0 17458.0 566.0 309.0
43 42 39 0.0 0.0 0.0 0.0 32085.0 1001.0 1340.0
43 42 40 0.0 0.0 0.0 3.0 39167.0 1081.0 2050.0
43 42 41 0.0 0.0 0.0 1.0 32485.0 940.0 1311.0
43 42 42 0.0 0.0 0.0 0.0 16979.0 546.0 325.0
43 42 43 0.0 0.0 0.0 0.0 4353.0 153.0 14.0
43 42 44 0.0 0.0 0.0 0.0 103.0 2.0 0.0
43 43 36 0.0 0.0 0.0 0.0 19.0 0.0 0.0
43 43 37 0.0 0.0 0.0 0.0 1409.0 50.0 1.0
43 43 38 0.0 0.0 0.0 0.0 5088.0 173.0 28.0
43 43 39 0.0 0.0 0.0 2.0 9845.0 333.0 89.0
43 43 40 0.0 0.0 0.0 0.0 11841.0 373.0 141.0
43 43 41 0.0 0.0 0.0 0.0 9660.0 342.0 67.0
43 43 42 0.0 0.0 0.0 0.0 4823.0 175.0 23.0
43 43 43 0.0 0.0 0.0 0.0 1352.0 52.0 1.0
43 43 44 0.0 0.0 0.0 0.0 14.0 0.0 0.0
43 44 36 0.0 0.0 0.0 0.0 3.0 0.0 0.0
43 44 37 0.0 0.0 0.0 0.0 15.0 1.0 0.0
43 44 38 0.0 0.0 0.0 0.0 173.0 6.0 0.0
43 44 39 0.0 0.0 0.0 0.0 267.0 11.0 0.0
43 44 40 0.0 0.0 0.0 0.0 311.0 18.0 0.0
43 44 41 0.0 0.0 0.0 0.0 201.0 10.0 0.0
43 44 42 0.0 0.0 0.0 0.0 113.0 3.0 0.0
43 44 43 0.0 0.0 0.0 0.0 35.0 1.0 0.0
44 36 38 0.0 0.0 0.0 0.0 16.0 1.0 0.0
44 36 39 0.0 0.0 0.0 0.0 22.0 2.0 0.0
44 36 40 0.0 0.0 0.0 0.0 25.0 2.0 0.0
44 36 41 0.0 0.0 0.0 0.0 16.0 1.0 0.0
44 36 42 0.0 0.0 0.0 0.0 10.0 0.0 0.0
44 37 36 0.0 0.0 0.0 0.0 4.0 0.0 0.0
44 37 37 0.0 0.0 0.0 0.0 34.0 1.0 0.0
44 37 38 0.0 0.0 0.0 0.0 106.0 3.0 0.0
44 37 39 0.0 0.0 0.0 0.0 347.0 12.0 0.0
44 37 40 0.0 0.0 0.0 0.0 301.0 11.0 0.0
44 37 41 0.0 0.0 0.0 0.0 305.0 14.0 0.0
44 37 42 0.0 0.0 0.0 0.0 86.0 2.0 0.0
44 37 43 0.0 0.0 0.0 0.0 6.0 0.0 0.0
44 37 44 0.0 0.0 0.0 0.0 1.0 0.0 0.0
44 38 36 0.0 0.0 0.0 0.0 8.0 0.0 0.0
44 38 37 0.0 0.0 0.0 0.0 145.0 2.0 0.0
44 38 38 0.0 0.0 0.0 0.0 602.0 16.0 0.0
44 38 39 0.0 0.0 0.0 0.0 1274.0 41.0 2.0
44 38 40 0.0 0.0 0.0 0.0 1514.0 39.0 0.0
44 38 41 0.0 0.0 0.0 0.0 1187.0 36.0 1.0
44 38 42 0.0 0.0 0.0 0.0 568.0 20.0 1.0
44 38 43 0.0 0.0 0.0 0.0 104.0 3.0 0.0
44 39 36 0.0 0.0 0.0 0.0 26.0 1.0 0.0
44 39 37 0.0 0.0 0.0 0.0 301.0 11.0 0.0
44 39 38 0.0 0.0 0.0 0.0 1352.0 51.0 2.0
44 39 39 0.0 0.0 0.0 0.0 2897.0 93.0 6.0
44 39 40 0.0 0.0 0.0 1.0 3423.0 97.0 5.0
44 39 41 0.0 0.0 0.0 0.0 2656.0 88.0 2.0
44 39 42 0.0 0.0 0.0 0.0 1223.0 39.0 0.0
44 39 43 0.0 0.0 0.0 0.0 287.0 8.0 0.0
44 39 44 0.0 0.0 0.0 0.0 21.0 0.0 0.0
44 40 36 0.0 0.0 0.0 0.0 27.0 0.0 0.0
44 40 37 0.0 0.0 0.0 0.0 395.0 14.0 0.0
44 40 38 0.0 0.0 0.0 0.0 1645.0 49.0 2.0
44 40 39 0.0 0.0 0.0 0.0 3703.0 133.0 11.0
44 40 40 0.0 0.0 0.0 1.0 4524.0 162.0 8.0
44 40 41 0.0 0.0 0.0 0.0 3514.0 111.0 3.0
44 40 42 0.0 0.0 0.0 0.0 1554.0 55.0 1.0
44 40 43 0.0 0.0 0.0 0.0 350.0 14.0 0.0
44 40 44 0.0 0.0 0.0 0.0 27.0 0.0 0.0
44 41 36 0.0 0.0 0.0 0.0 20.0 2.0 0.0
44 41 37 0.0 0.0 0.0 0.0 321.0 14.0 0.0
44 41 38 0.0 0.0 0.0 0.0 1311.0 50.0 3.0
44 41 39 0.0 0.0 0.0 0.0 2708.0 102.0 3.0
44 41 40 0.0 0.0 0.0 1.0 3440.0 107.0 6.0
44 41 41 0.0 0.0 0.0 0.0 2736.0 91.0 4.0
44 41 42 0.0 0.0 0.0 0.0 1167.0 42.0 1.0
44 41 43 0.0 0.0 0.0 0.0 279.0 9.0 0.0
44 41 44 0.0 0.0 0.0 0.0 14.0 1.0 0.0
44 42 36 0.0 0.0 0.0 0.0 4.0 0.0 0.0
44 42 37 0.0 0.0 0.0 0.0 104.0 2.0 0.0
44 42 38 0.0 0.0 0.0 0.0 564.0 24.0 0.0
44 42 39 0.0 0.0 0.0 0.0 1230.0 43.0 0.0
44 42 40 0.0 0.0 0.0 0.0 1582.0 55.0 3.0
44 42 41 0.0 0.0 0.0 0.0 1294.0 46.0 3.0
44 42 42 0.0 0.0 0.0 0.0 506.0 18.0 1.0
44 42 43 0.0 0.0 0.0 0.0 112.0 4.0 0.0
44 42 44 0.0 0.0 0.0 0.0 12.0 3.0 0.0
44 43 36 0.0 0.0 0.0 0.0 1.0 0.0 0.0
44 43 37 0.0 0.0 0.0 0.0 19.0 1.0 0.0
44 43 38 0.0 0.0 0.0 0.0 103.0 5.0 0.0
44 43 39 0.0 0.0 0.0 0.0 285.0 6.0 0.0
44 43 40 0.0 0.0 0.0 0.0 302.0 11.0 0.0
44 43 41 0.0 0.0 0.0 0.0 220.0 5.0 0.0
44 43 42 0.0 0.0 0.0 0.0 109.0 3.0 0.0
44 43 43 0.0 0.0 0.0 0.0 19.0 0.0 0.0
44 43 44 0.0 0.0 0.0 0.0 2.0 0.0 0.0
44 44 37 0.0 0.0 0.0 0.0 3.0 0.0 0.0
44 44 38 0.0 0.0 0.0 0.0 2.0 0.0 0.0
44 44 39 0.0 0.0 0.0 0.0 20.0 0.0 0.0
44 44 40 0.0 0.0 0.0 0.0 33.0 1.0 0.0
44 44 41 0.0 0.0 0.0 0.0 11.0 1.0 0.0
44 44 42 0.0 0.0 0.0 0.0 7.0 0.0 0.0
44 44 43 0.0 0.0 0.0 0.0 3.0 0.0 0.0
45 37 41 0.0 0.0 0.0 0.0 1.0 0.0 0.0
45 38 40 0.0 0.0 0.0 0.0 1.0 0.0 0.0
45 39 38 0.0 0.0 0.0 0.0 1.0 0.0 0.0
45 39 39 0.0 0.0 0.0 0.0 4.0 0.0 0.0
45 39 40 0.0 0.0 0.0 0.0 8.0 0.0 0.0
45 39 41 0.0 0.0 0.0 0.0 3.0 0.0 0.0
45 39 42 0.0 0.0 0.0 0.0 2.0 0.0 0.0
45 39 43 0.0 0.0 0.0 0.0 1.0 0.0 0.0
45 40 37 0.0 0.0 0.0 0.0 1.0 0.0 0.0
45 40 39 0.0 0.0 0.0 0.0 1.0 0.0 0.0
45 40 40 0.0 0.0 0.0 0.0 3.0 0.0 0.0
45 40 41 0.0 0.0 0.0 0.0 2.0 0.0 0.0
45 40 42 0.0 0.0 0.0 0.0 1.0 0.0 0.0
45 41 40 0.0 0.0 0.0 0.0 5.0 0.0 0.0
45 41 41 0.0 0.0 0.0 0.0 4.0 0.0 0.0
45 42 39 0.0 0.0 0.0 0.0 1.0 0.0 0.0
