34 42 39 0.0 0.0 0.0 0.0 1.0 0.0 0.0
34 42 40 0.0 0.0 0.0 0.0 2.0 0.0 0.0
35 36 38 0.0 0.0 0.0 0.0 6.0 0.0 0.0
35 36 39 0.0 0.0 0.0 0.0 20.0 1.0 0.0
35 36 40 0.0 0.0 0.0 0.0 23.0 1.0 0.0
35 36 41 0.0 0.0 0.0 0.0 22.0 0.0 0.0
35 36 42 0.0 0.0 0.0 0.0 7.0 0.0 0.0
35 36 43 0.0 0.0 0.0 0.0 2.0 0.0 0.0
35 36 44 0.0 0.0 0.0 0.0 1.0 0.0 0.0
35 37 36 0.0 0.0 0.0 0.0 1.0 0.0 0.0
35 37 37 0.0 0.0 0.0 0.0 26.0 1.0 0.0
35 37 38 0.0 0.0 0.0 0.0 99.0 3.0 0.0
35 37 39 0.0 0.0 0.0 0.0 188.0 3.0 0.0
35 37 40 0.0 0.0 0.0 0.0 215.0 4.0 0.0
35 37 41 0.0 0.0 0.0 0.0 194.0 9.0 0.0
35 37 42 0.0 0.0 0.0 0.0 95.0 2.0 0.0
35 37 43 0.0 0.0 0.0 0.0 31.0 1.0 0.0
35 37 44 0.0 0.0 0.0 0.0 2.0 0.0 0.0
35 38 36 0.0 0.0 0.0 0.0 16.0 0.0 0.0
35 38 37 0.0 0.0 0.0 0.0 103.0 1.0 0.0
35 38 38 0.0 0.0 0.0 0.0 313.0 11.0 0.0
35 38 39 0.0 0.0 0.0 0.0 709.0 26.0 0.0
35 38 40 0.0 0.0 0.0 0.0 875.0 26.0 0.0
35 38 41 0.0 0.0 0.0 0.0 695.0 15.0 0.0
35 38 42 0.0 0.0 0.0 0.0 263.0 3.0 0.0
35 38 43 0.0 0.0 0.0 0.0 95.0 4.0 0.0
35 38 44 0.0 0.0 0.0 0.0 6.0 0.0 0.0
35 39 36 0.0 0.0 0.0 0.0 21.0 0.0 0.0
35 39 37 0.0 0.0 0.0 0.0 189.0 3.0 0.0
35 39 38 0.0 0.0 0.0 0.0 645.0 25.0 0.0
35 39 39 0.0 0.0 0.0 0.0 1401.0 44.0 1.0
35 39 40 0.0 0.0 0.0 0.0 1856.0 69.0 2.0
35 39 41 0.0 0.0 0.0 0.0 1416.0 50.0 2.0
35 39 42 0.0 0.0 0.0 0.0 674.0 23.0 0.0
35 39 43 0.0 0.0 0.0 0.0 181.0 8.0 0.0
35 39 44 0.0 0.0 0.0 0.0 22.0 1.0 0.0
35 40 36 0.0 0.0 0.0 0.0 19.0 0.0 0.0
35 40 37 0.0 0.0 0.0 0.0 233.0 16.0 0.0
35 40 38 0.0 0.0 0.0 0.0 861.0 37.0 0.0
35 40 39 0.0 0.0 0.0 0.0 1797.0 50.0 1.0
35 40 40 0.0 0.0 0.0 0.0 2115.0 74.0 6.0
35 40 41 0.0 0.0 0.0 1.0 1715.0 48.0 0.0
35 40 42 0.0 0.0 0.0 0.0 919.0 32.0 0.0
35 40 43 0.0 0.0 0.0 0.0 229.0 7.0 0.0
35 40 44 0.0 0.0 0.0 0.0 15.0 1.0 0.0
35 40 45 0.0 0.0 0.0 0.0 1.0 0.0 0.0
35 41 36 0.0 0.0 0.0 0.0 21.0 0.0 0.0
35 41 37 0.0 0.0 0.0 0.0 207.0 9.0 0.0
35 41 38 0.0 0.0 0.0 0.0 625.0 17.0 0.0
35 41 39 0.0 0.0 0.0 0.0 1365.0 58.0 0.0
35 41 40 0.0 0.0 0.0 0.0 1664.0 62.0 2.0
35 41 41 0.0 0.0 0.0 0.0 1498.0 35.0 4.0
35 41 42 0.0 0.0 0.0 0.0 663.0 20.0 0.0
35 41 43 0.0 0.0 0.0 0.0 162.0 9.0 0.0
35 41 44 0.0 0.0 0.0 0.0 19.0 1.0 0.0
35 42 36 0.0 0.0 0.0 0.0 8.0 0.0 0.0
35 42 37 0.0 0.0 0.0 0.0 97.0 1.0 0.0
35 42 38 0.0 0.0 0.0 0.0 304.0 10.0 0.0
35 42 39 0.0 0.0 0.0 0.0 732.0 31.0 0.0
35 42 40 0.0 0.0 0.0 0.0 919.0 29.0 0.0
35 42 41 0.0 0.0 0.0 0.0 719.0 25.0 1.0
35 42 42 0.0 0.0 0.0 0.0 339.0 9.0 1.0
35 42 43 0.0 0.0 0.0 0.0 94.0 2.0 0.0
35 42 44 0.0 0.0 0.0 0.0 12.0 1.0 0.0
35 43 37 0.0 0.0 0.0 0.0 7.0 0.0 0.0
35 43 38 0.0 0.0 0.0 0.0 97.0 1.0 0.0
35 43 39 0.0 0.0 0.0 0.0 196.0 8.0 0.0
35 43 40 0.0 0.0 0.0 0.0 244.0 9.0 0.0
35 43 41 0.0 0.0 0.0 0.0 189.0 6.0 0.0
35 43 42 0.0 0.0 0.0 0.0 65.0 2.0 0.0
35 43 43 0.0 0.0 0.0 0.0 13.0 0.0 0.0
35 43 44 0.0 0.0 0.0 0.0 2.0 0.0 0.0
35 44 36 0.0 0.0 0.0 0.0 1.0 0.0 0.0
35 44 37 0.0 0.0 0.0 0.0 3.0 0.0 0.0
35 44 38 0.0 0.0 0.0 0.0 10.0 0.0 0.0
35 44 39 0.0 0.0 0.0 0.0 20.0 1.0 0.0
35 44 40 0.0 0.0 0.0 0.0 30.0 1.0 0.0
35 44 41 0.0 0.0 0.0 0.0 24.0 0.0 0.0
35 44 42 0.0 0.0 0.0 0.0 6.0 0.0 0.0
35 45 38 0.0 0.0 0.0 0.0 1.0 0.0 0.0
35 45 40 0.0 0.0 0.0 0.0 1.0 0.0 0.0
36 35 38 0.0 0.0 0.0 0.0 20.0 0.0 0.0
36 35 39 0.0 0.0 0.0 0.0 30.0 1.0 0.0
36 35 40 0.0 0.0 0.0 0.0 20.0 1.0 0.0
36 35 41 0.0 0.0 0.0 0.0 21.0 0.0 0.0
36 35 42 0.0 0.0 0.0 0.0 6.0 0.0 0.0
36 35 43 0.0 0.0 0.0 0.0 2.0 0.0 0.0
36 35 44 0.0 0.0 0.0 0.0 4.0 0.0 0.0
36 36 36 0.0 0.0 0.0 0.0 14.0 0.0 0.0
36 36 37 0.0 0.0 0.0 0.0 201.0 8.0 0.0
36 36 38 0.0 0.0 0.0 0.0 883.0 25.0 0.0
36 36 39 0.0 0.0 0.0 0.0 1979.0 58.0 2.0
36 36 40 0.0 0.0 0.0 0.0 2310.0 78.0 5.0
36 36 41 0.0 0.0 0.0 0.0 1820.0 55.0 1.0
36 36 42 0.0 0.0 0.0 0.0 1002.0 29.0 1.0
36 36 43 0.0 0.0 0.0 0.0 269.0 6.0 0.0
36 36 44 0.0 0.0 0.0 0.0 12.0 0.0 0.0
36 36 45 0.0 0.0 0.0 0.0 1.0 0.0 0.0
36 37 35 0.0 0.0 0.0 0.0 3.0 0.0 0.0
36 37 36 0.0 0.0 0.0 0.0 236.0 8.0 0.0
36 37 37 0.0 0.0 0.0 0.0 1902.0 70.0 2.0
36 37 38 0.0 0.0 0.0 0.0 6642.0 219.0 38.0
36 37 39 0.0 0.0 0.0 1.0 11153.0 373.0 93.0
36 37 40 0.0 0.0 0.0 0.0 13810.0 471.0 180.0
36 37 41 0.0 0.0 0.0 0.0 11388.0 384.0 100.0
36 37 42 0.0 0.0 0.0 0.0 6136.0 202.0 34.0
36 37 43 0.0 0.0 0.0 0.0 1776.0 62.0 1.0
36 37 44 0.0 0.0 0.0 0.0 273.0 10.0 0.0
36 37 45 0.0 0.0 0.0 0.0 3.0 0.0 0.0
36 38 35 0.0 0.0 0.0 0.0 4.0 0.0 0.0
36 38 36 0.0 0.0 0.0 0.0 946.0 33.0 0.0
36 38 37 0.0 0.0 0.0 0.0 6042.0 204.0 31.0
36 38 38 0.0 0.0 0.0 0.0 18154.0 634.0 323.0
36 38 39 0.0 0.0 0.0 3.0 28908.0 882.0 916.0
36 38 40 0.0 0.0 0.0 0.0 34484.0 1030.0 1425.0
36 38 41 0.0 0.0 0.0 2.0 29279.0 909.0 972.0
36 38 42 0.0 0.0 0.0 1.0 17548.0 535.0 302.0
36 38 43 0.0 0.0 0.0 0.0 6098.0 204.0 38.0
36 38 44 0.0 0.0 0.0 0.0 916.0 32.0 1.0
36 38 45 0.0 0.0 0.0 0.0 9.0 2.0 0.0
36 39 35 0.0 0.0 0.0 0.0 18.0 0.0 0.0
36 39 36 0.0 0.0 0.0 0.0 1760.0 52.0 2.0
36 39 37 0.0 0.0 0.0 1.0 12413.0 392.0 144.0
36 39 38 0.0 0.0 0.0 0.0 29217.0 879.0 968.0
36 39 39 0.0 0.0 0.0 1.0 44437.0 1198.0 2698.0
36 39 40 0.0 0.0 0.0 0.0 48980.0 1359.0 3473.0
36 39 41 0.0 0.0 0.0 1.0 44128.0 1177.0 2672.0
36 39 42 0.0 0.0 0.0 1.0 29811.0 956.0 994.0
36 39 43 0.0 0.0 0.0 0.0 11504.0 371.0 136.0
36 39 44 0.0 0.0 0.0 0.0 1871.0 71.0 4.0
36 39 45 0.0 0.0 0.0 0.0 48.0 1.0 0.0
36 40 35 0.0 0.0 0.0 0.0 21.0 1.0 0.0
36 40 36 0.0 0.0 0.0 0.0 2219.0 85.0 2.0
36 40 37 0.0 0.0 0.0 0.0 13907.0 498.0 188.0
36 40 38 0.0 0.0 0.0 2.0 33226.0 1011.0 1363.0
36 40 39 0.0 0.0 0.0 3.0 49969.0 1335.0 3495.0
36 40 40 0.0 0.0 0.0 0.0 55446.0 1456.0 5050.0
36 40 41 0.0 0.0 0.0 5.0 51101.0 1396.0 3782.0
36 40 42 0.0 0.0 0.0 0.0 34728.0 1010.0 1469.0
36 40 43 0.0 0.0 0.0 0.0 13464.0 470.0 142.0
36 40 44 0.0 0.0 0.0 0.0 2335.0 68.0 3.0
36 40 45 0.0 0.0 0.0 0.0 27.0 0.0 0.0
36 41 35 0.0 0.0 0.0 0.0 21.0 2.0 0.0
36 41 36 0.0 0.0 0.0 0.0 1801.0 65.0 1.0
36 41 37 0.0 0.0 0.0 0.0 11271.0 370.0 108.0
36 41 38 0.0 0.0 0.0 0.0 29056.0 884.0 1004.0
36 41 39 0.0 0.0 0.0 0.0 44881.0 1245.0 2749.0
36 41 40 0.0 0.0 0.0 2.0 50322.0 1300.0 3721.0
36 41 41 0.0 0.0 0.0 1.0 44600.0 1204.0 2784.0
36 41 42 0.0 0.0 0.0 0.0 28566.0 890.0 969.0
36 41 43 0.0 0.0 0.0 2.0 11043.0 382.0 119.0
36 41 44 0.0 0.0 0.0 0.0 1681.0 47.0 1.0
36 41 45 0.0 0.0 0.0 0.0 23.0 2.0 0.0
36 42 35 0.0 0.0 0.0 0.0 12.0 1.0 0.0
36 42 36 0.0 0.0 0.0 0.0 906.0 35.0 0.0
36 42 37 0.0 0.0 0.0 0.0 6347.0 239.0 40.0
36 42 38 0.0 0.0 0.0 2.0 18044.0 572.0 350.0
36 42 39 0.0 0.0 0.0 3.0 30300.0 981.0 1014.0
36 42 40 0.0 0.0 0.0 0.0 34848.0 1030.0 1470.0
36 42 41 0.0 0.0 0.0 8.0 29388.0 864.0 985.0
36 42 42 0.0 0.0 0.0 6.0 17489.0 549.0 299.0
36 42 43 0.0 0.0 0.0 0.0 5814.0 185.0 30.0
36 42 44 0.0 0.0 0.0 0.0 956.0 22.0 0.0
36 42 45 0.0 0.0 0.0 0.0 8.0 0.0 0.0
36 43 35 0.0 0.0 0.0 0.0 1.0 0.0 0.0
36 43 36 0.0 0.0 0.0 0.0 225.0 7.0 0.0
36 43 37 0.0 0.0 0.0 0.0 2116.0 95.0 4.0
36 43 38 0.0 0.0 0.0 0.0 6388.0 235.0 40.0
36 43 39 0.0 0.0 0.0 4.0 12107.0 391.0 105.0
36 43 40 0.0 0.0 0.0 0.0 14848.0 480.0 214.0
36 43 41 0.0 0.0 0.0 1.0 11958.0 407.0 144.0
36 43 42 0.0 0.0 0.0 0.0 6215.0 226.0 31.0
36 43 43 0.0 0.0 0.0 0.0 1911.0 70.0 1.0
36 43 44 0.0 0.0 0.0 0.0 281.0 5.0 0.0
36 44 36 0.0 0.0 0.0 0.0 29.0 3.0 0.0
36 44 37 0.0 0.0 0.0 0.0 256.0 6.0 0.0
36 44 38 0.0 0.0 0.0 0.0 1027.0 21.0 0.0
36 44 39 0.0 0.0 0.0 0.0 1921.0 62.0 1.0
36 44 40 0.0 0.0 0.0 0.0 2518.0 90.0 9.0
36 44 41 0.0 0.0 0.0 0.0 1996.0 73.0 1.0
36 44 42 0.0 0.0 0.0 1.0 924.0 34.0 3.0
36 44 43 0.0 0.0 0.0 0.0 215.0 10.0 0.0
36 44 44 0.0 0.0 0.0 0.0 21.0 2.0 0.0
36 45 37 0.0 0.0 0.0 0.0 1.0 0.0 0.0
36 45 38 0.0 0.0 0.0 0.0 3.0 0.0 0.0
36 45 39 0.0 0.0 0.0 0.0 24.0 0.0 0.0
36 45 40 0.0 0.0 0.0 0.0 30.0 1.0 0.0
36 45 41 0.0 0.0 0.0 0.0 31.0 3.0 0.0
36 45 42 0.0 0.0 0.0 0.0 7.0 1.0 0.0
36 45 43 0.0 0.0 0.0 0.0 2.0 0.0 0.0
37 35 36 0.0 0.0 0.0 0.0 1.0 0.0 0.0
37 35 37 0.0 0.0 0.0 0.0 11.0 0.0 0.0
37 35 38 0.0 0.0 0.0 0.0 73.0 4.0 0.0
37 35 39 0.0 0.0 0.0 0.0 154.0 4.0 0.0
37 35 40 0.0 0.0 0.0 0.0 165.0 4.0 0.0
37 35 41 0.0 0.0 0.0 0.0 187.0 10.0 0.0
37 35 42 0.0 0.0 0.0 0.0 101.0 4.0 0.0
37 35 43 0.0 0.0 0.0 0.0 13.0 0.0 0.0
37 36 35 0.0 0.0 0.0 0.0 1.0 0.0 0.0
37 36 36 0.0 0.0 0.0 0.0 196.0 12.0 0.0
37 36 37 0.0 0.0 0.0 0.0 1631.0 50.0 0.0
37 36 38 0.0 0.0 0.0 0.0 6120.0 231.0 28.0
37 36 39 0.0 0.0 0.0 3.0 10696.0 371.0 96.0
37 36 40 0.0 0.0 0.0 1.0 13540.0 451.0 172.0
37 36 41 0.0 0.0 0.0 0.0 11137.0 374.0 112.0
37 36 42 0.0 0.0 0.0 0.0 6219.0 218.0 49.0
37 36 43 0.0 0.0 0.0 0.0 1986.0 68.0 4.0
37 36 44 0.0 0.0 0.0 0.0 256.0 3.0 0.0
37 36 45 0.0 0.0 0.0 0.0 4.0 0.0 0.0
37 37 35 0.0 0.0 0.0 0.0 6.0 0.0 0.0
37 37 36 0.0 0.0 0.0 2.0 1756.0 57.0 0.0
37 37 37 0.0 0.0 0.0 0.0 18279.0 602.0 366.0
37 37 38 0.0 0.0 0.0 0.0 45077.0 1256.0 3214.0
37 37 39 0.0 0.0 0.0 6.0 63219.0 1542.0 8805.0
37 37 40 0.0 0.0 0.0 10.0 67852.0 1525.0 11140.0
37 37 41 0.0 0.0 0.0 0.0 63739.0 1493.0 8632.0
37 37 42 0.0 0.0 0.0 0.0 46326.0 1280.0 3567.0
37 37 43 0.0 0.0 0.0 3.0 18911.0 611.0 424.0
37 37 44 0.0 0.0 0.0 0.0 2185.0 74.0 1.0
37 37 45 0.0 0.0 0.0 0.0 10.0 0.0 0.0
37 38 35 0.0 0.0 0.0 0.0 79.0 4.0 0.0
37 38 36 0.0 0.0 0.0 0.0 6242.0 214.0 35.0
37 38 37 0.0 0.0 0.0 2.0 44276.0 1259.0 2979.0
37 38 38 0.0 0.0 0.0 3.0 74126.0 1572.0 15748.0
37 38 39 0.0 0.0 0.0 18.0 81065.0 1367.0 30303.0
37 38 40 0.0 0.0 0.0 43.0 80845.0 1336.0 35247.0
37 38 41 0.0 0.0 0.0 7.0 80561.0 1332.0 30486.0
37 38 42 0.0 0.0 0.0 0.0 74554.0 1518.0 16007.0
37 38 43 0.0 0.0 0.0 3.0 45779.0 1277.0 3413.0
37 38 44 0.0 0.0 0.0 0.0 6507.0 215.0 34.0
37 38 45 0.0 0.0 0.0 0.0 98.0 4.0 0.0
37 38 46 0.0 0.0 0.0 0.0 1.0 0.0 0.0
37 39 35 0.0 0.0 0.0 0.0 209.0 5.0 0.0
37 39 36 0.0 0.0 0.0 0.0 10741.0 363.0 106.0
37 39 37 0.0 0.0 0.0 5.0 62714.0 1532.0 8188.0
37 39 38 0.0 0.0 0.0 10.0 80678.0 1350.0 31027.0
37 39 39 0.0 0.0 0.0 6.0 79121.0 1143.0 47476.0
37 39 40 0.0 0.0 0.0 18.0 77225.0 945.0 53022.0
37 39 41 0.0 0.0 0.0 10.0 79054.0 1081.0 47400.0
37 39 42 0.0 0.0 0.0 2.0 80983.0 1377.0 30118.0
37 39 43 0.0 0.0 0.0 8.0 64572.0 1514.0 9204.0
37 39 44 0.0 0.0 0.0 4.0 11083.0 365.0 109.0
37 39 45 0.0 0.0 0.0 0.0 169.0 1.0 0.0
37 40 35 0.0 0.0 0.0 0.0 204.0 9.0 0.0
37 40 36 0.0 0.0 0.0 0.0 13621.0 424.0 170.0
37 40 37 0.0 0.0 0.0 3.0 66647.0 1474.0 10074.0
37 40 38 0.0 0.0 0.0 14.0 80944.0 1323.0 34774.0
37 40 39 0.0 0.0 0.0 13.0 77264.0 1006.0 53146.0
37 40 40 0.0 0.0 0.0 11.0 75323.0 900.0 58303.0
37 40 41 0.0 0.0 0.0 7.0 77424.0 963.0 53320.0
37 40 42 0.0 0.0 0.0 8.0 80989.0 1262.0 34856.0
37 40 43 0.0 0.0 0.0 0.0 67812.0 1572.0 10746.0
37 40 44 0.0 0.0 0.0 1.0 13655.0 431.0 194.0
37 40 45 0.0 0.0 0.0 0.0 258.0 8.0 0.0
37 41 35 0.0 0.0 0.0 0.0 175.0 8.0 0.0
37 41 36 0.0 0.0 0.0 0.0 10788.0 359.0 102.0
37 41 37 0.0 0.0 0.0 2.0 63451.0 1506.0 8923.0
37 41 38 0.0 0.0 0.0 4.0 81317.0 1373.0 30133.0
37 41 39 0.0 0.0 0.0 10.0 79372.0 1164.0 47115.0
37 41 40 0.0 0.0 0.0 12.0 77211.0 990.0 53848.0
37 41 41 0.0 0.0 0.0 4.0 79040.0 1068.0 47678.0
37 41 42 0.0 0.0 0.0 0.0 80366.0 1395.0 30183.0
37 41 43 0.0 0.0 0.0 0.0 62511.0 1506.0 8323.0
37 41 44 0.0 0.0 0.0 2.0 10576.0 352.0 111.0
37 41 45 0.0 0.0 0.0 0.0 155.0 6.0 0.0
37 42 35 0.0 0.0 0.0 0.0 98.0 2.0 0.0
37 42 36 0.0 0.0 0.0 0.0 6056.0 214.0 35.0
37 42 37 0.0 0.0 0.0 0.0 46451.0 1273.0 3575.0
37 42 38 0.0 0.0 0.0 2.0 74514.0 1479.0 16338.0
37 42 39 0.0 0.0 0.0 6.0 81147.0 1299.0 31496.0
37 42 40 0.0 0.0 0.0 13.0 80629.0 1301.0 36344.0
37 42 41 0.0 0.0 0.0 3.0 81076.0 1348.0 31345.0
37 42 42 0.0 0.0 0.0 8.0 74892.0 1510.0 16772.0
37 42 43 0.0 0.0 0.0 0.0 45979.0 1343.0 3432.0
37 42 44 0.0 0.0 0.0 0.0 5879.0 215.0 24.0
37 42 45 0.0 0.0 0.0 0.0 55.0 2.0 0.0
37 43 35 0.0 0.0 0.0 0.0 18.0 1.0 0.0
37 43 36 0.0 0.0 0.0 0.0 1868.0 66.0 3.0
37 43 37 0.0 0.0 0.0 1.0 20214.0 685.0 483.0
37 43 38 0.0 0.0 0.0 2.0 46726.0 1270.0 3521.0
37 43 39 0.0 0.0 0.0 0.0 63991.0 1538.0 8803.0
37 43 40 0.0 0.0 0.0 4.0 68650.0 1527.0 11332.0
37 43 41 0.0 0.0 0.0 14.0 63336.0 1473.0 8625.0
37 43 42 0.0 0.0 0.0 8.0 45626.0 1227.0 3187.0
37 43 43 0.0 0.0 0.0 0.0 18182.0 598.0 361.0
37 43 44 0.0 0.0 0.0 0.0 1942.0 63.0 4.0
37 43 45 0.0 0.0 0.0 0.0 22.0 1.0 0.0
37 44 35 0.0 0.0 0.0 0.0 5.0 1.0 0.0
37 44 36 0.0 0.0 0.0 0.0 277.0 8.0 0.0
37 44 37 0.0 0.0 0.0 0.0 1920.0 56.0 3.0
37 44 38 0.0 0.0 0.0 0.0 6582.0 231.0 28.0
37 44 39 0.0 0.0 0.0 0.0 11369.0 356.0 119.0
37 44 40 0.0 0.0 0.0 0.0 15254.0 493.0 244.0
37 44 41 0.0 0.0 0.0 3.0 12013.0 391.0 144.0
37 44 42 0.0 0.0 0.0 0.0 5901.0 222.0 36.0
37 44 43 0.0 0.0 0.0 0.0 1964.0 64.0 4.0
37 44 44 0.0 0.0 0.0 0.0 202.0 12.0 0.0
37 45 36 0.0 0.0 0.0 0.0 1.0 0.0 0.0
37 45 37 0.0 0.0 0.0 0.0 21.0 1.0 0.0
37 45 38 0.0 0.0 0.0 0.0 86.0 2.0 0.0
37 45 39 0.0 0.0 0.0 0.0 198.0 3.0 0.0
37 45 40 0.0 0.0 0.0 0.0 270.0 5.0 0.0
37 45 41 0.0 0.0 0.0 0.0 181.0 6.0 0.0
37 45 42 0.0 0.0 0.0 0.0 95.0 3.0 0.0
37 45 43 0.0 0.0 0.0 0.0 32.0 0.0 0.0
37 45 44 0.0 0.0 0.0 0.0 1.0 0.0 0.0
38 35 36 0.0 0.0 0.0 0.0 6.0 0.0 0.0
38 35 37 0.0 0.0 0.0 0.0 88.0 3.0 0.0
38 35 38 0.0 0.0 0.0 0.0 298.0 15.0 0.0
38 35 39 0.0 0.0 0.0 0.0 626.0 20.0 0.0
38 35 40 0.0 0.0 0.0 1.0 905.0 19.0 0.0
38 35 41 0.0 0.0 0.0 0.0 653.0 21.0 0.0
38 35 42 0.0 0.0 0.0 0.0 335.0 15.0 0.0
38 35 43 0.0 0.0 0.0 0.0 80.0 0.0 0.0
38 35 44 0.0 0.0 0.0 0.0 11.0 0.0 0.0
38 36 35 0.0 0.0 0.0 0.0 5.0 0.0 0.0
38 36 36 0.0 0.0 0.0 0.0 861.0 28.0 0.0
38 36 37 0.0 0.0 0.0 0.0 6039.0 194.0 33.0
38 36 38 0.0 0.0 0.0 0.0 17121.0 549.0 300.0
38 36 39 0.0 0.0 0.0 2.0 28476.0 878.0 917.0
38 36 40 0.0 0.0 0.0 1.0 33383.0 1005.0 1386.0
38 36 41 0.0 0.0 0.0 6.0 29068.0 876.0 1029.0
38 36 42 0.0 0.0 0.0 0.0 17905.0 595.0 337.0
38 36 43 0.0 0.0 0.0 0.0 6581.0 233.0 43.0
38 36 44 0.0 0.0 0.0 0.0 1086.0 30.0 0.0
38 36 45 0.0 0.0 0.0 0.0 4.0 0.0 0.0
38 37 35 0.0 0.0 0.0 0.0 80.0 4.0 0.0
38 37 36 0.0 0.0 0.0 0.0 6130.0 205.0 28.0
38 37 37 0.0 0.0 0.0 2.0 44474.0 1279.0 3135.0
38 37 38 0.0 0.0 0.0 2.0 74513.0 1554.0 16502.0
38 37 39 0.0 0.0 0.0 4.0 81321.0 1444.0 29345.0
38 37 40 0.0 0.0 0.0 34.0 81268.0 1301.0 34604.0
38 37 41 0.0 0.0 0.0 29.0 81013.0 1323.0 30587.0
38 37 42 0.0 0.0 0.0 3.0 74559.0 1538.0 16278.0
38 37 43 0.0 0.0 0.0 1.0 46157.0 1275.0 3413.0
38 37 44 0.0 0.0 0.0 0.0 6723.0 232.0 35.0
38 37 45 0.0 0.0 0.0 0.0 122.0 4.0 0.0
38 38 34 0.0 0.0 0.0 0.0 1.0 0.0 0.0
38 38 35 0.0 0.0 0.0 0.0 343.0 10.0 0.0
38 38 36 0.0 0.0 0.0 0.0 16796.0 548.0 300.0
38 38 37 0.0 0.0 0.0 15.0 73608.0 1565.0 15431.0
38 38 38 0.0 0.0 0.0 8.0 71755.0 889.0 61642.0
38 38 39 0.0 0.0 0.0 17.0 62144.0 606.0 84341.0
38 38 40 0.0 0.0 0.0 13.0 58638.0 554.0 91441.0
38 38 41 0.0 0.0 0.0 12.0 62657.0 621.0 83655.0
38 38 42 0.0 0.0 0.0 7.0 71323.0 953.0 63422.0
38 38 43 0.0 0.0 0.0 9.0 74705.0 1462.0 16581.0
38 38 44 0.0 0.0 0.0 0.0 16990.0 542.0 309.0
38 38 45 0.0 0.0 0.0 0.0 365.0 7.0 0.0
38 39 35 0.0 0.0 0.0 1.0 641.0 29.0 0.0
38 39 36 0.0 0.0 0.0 6.0 29164.0 918.0 970.0
38 39 37 0.0 0.0 0.0 4.0 80557.0 1326.0 29823.0
38 39 38 0.0 0.0 0.0 14.0 63444.0 612.0 82580.0
38 39 39 0.0 0.0 0.0 30.0 52262.0 435.0 106399.0
38 39 40 0.0 0.0 0.0 34.0 48251.0 334.0 113507.0
38 39 41 0.0 0.0 0.0 11.0 52517.0 457.0 106014.0
38 39 42 0.0 0.0 0.0 11.0 62402.0 623.0 84106.0
38 39 43 0.0 0.0 0.0 7.0 81084.0 1396.0 29465.0
38 39 44 0.0 0.0 0.0 2.0 29454.0 884.0 952.0
38 39 45 0.0 0.0 0.0 0.0 668.0 27.0 0.0
38 39 46 0.0 0.0 0.0 0.0 1.0 0.0 0.0
38 40 34 0.0 0.0 0.0 0.0 1.0 0.0 0.0
38 40 35 0.0 0.0 0.0 0.0 886.0 28.0 1.0
38 40 36 0.0 0.0 0.0 4.0 33715.0 1012.0 1282.0
38 40 37 0.0 0.0 0.0 5.0 80957.0 1295.0 34137.0
38 40 38 0.0 0.0 0.0 14.0 60205.0 555.0 90164.0
38 40 39 0.0 0.0 0.0 17.0 48416.0 356.0 113156.0
38 40 40 0.0 0.0 0.0 19.0 44786.0 269.0 119757.0
38 40 41 0.0 0.0 0.0 19.0 48175.0 345.0 113595.0
38 40 42 0.0 0.0 0.0 10.0 59478.0 515.0 90752.0
38 40 43 0.0 0.0 0.0 8.0 81069.0 1287.0 34056.0
38 40 44 0.0 0.0 0.0 0.0 33862.0 978.0 1424.0
38 40 45 0.0 0.0 0.0 0.0 897.0 33.0 0.0
38 41 34 0.0 0.0 0.0 0.0 1.0 0.0 0.0
38 41 35 0.0 0.0 0.0 0.0 561.0 20.0 1.0
38 41 36 0.0 0.0 0.0 0.0 29002.0 894.0 924.0
38 41 37 0.0 0.0 0.0 4.0 80574.0 1327.0 30219.0
38 41 38 0.0 0.0 0.0 7.0 63588.0 662.0 82597.0
38 41 39 0.0 0.0 0.0 19.0 51912.0 396.0 106946.0
38 41 40 0.0 0.0 0.0 17.0 48054.0 305.0 114161.0
38 41 41 0.0 0.0 0.0 20.0 51616.0 409.0 107392.0
38 41 42 0.0 0.0 0.0 11.0 62467.0 616.0 83803.0
38 41 43 0.0 0.0 0.0 16.0 80762.0 1351.0 29393.0
38 41 44 0.0 0.0 0.0 1.0 27742.0 871.0 872.0
38 41 45 0.0 0.0 0.0 0.0 702.0 31.0 0.0
38 42 35 0.0 0.0 0.0 0.0 391.0 13.0 0.0
38 42 36 0.0 0.0 0.0 0.0 16748.0 555.0 299.0
38 42 37 0.0 0.0 0.0 3.0 74576.0 1541.0 15939.0
38 42 38 0.0 0.0 0.0 15.0 71672.0 915.0 61799.0
38 42 39 0.0 0.0 0.0 13.0 62228.0 690.0 84836.0
38 42 40 0.0 0.0 0.0 23.0 58762.0 575.0 92359.0
38 42 41 0.0 0.0 0.0 9.0 62742.0 657.0 84145.0
38 42 42 0.0 0.0 0.0 5.0 71989.0 888.0 61605.0
38 42 43 0.0 0.0 0.0 1.0 73618.0 1546.0 15192.0
38 42 44 0.0 0.0 0.0 4.0 17083.0 558.0 345.0
38 42 45 0.0 0.0 0.0 0.0 402.0 11.0 0.0
38 43 35 0.0 0.0 0.0 0.0 97.0 2.0 0.0
38 43 36 0.0 0.0 0.0 0.0 6200.0 169.0 36.0
38 43 37 0.0 0.0 0.0 0.0 45723.0 1231.0 3483.0
38 43 38 0.0 0.0 0.0 7.0 75112.0 1529.0 16767.0
38 43 39 0.0 0.0 0.0 17.0 81259.0 1406.0 31253.0
38 43 40 0.0 0.0 0.0 11.0 81357.0 1245.0 36100.0
38 43 41 0.0 0.0 0.0 18.0 80877.0 1297.0 30824.0
38 43 42 0.0 0.0 0.0 2.0 75190.0 1545.0 17153.0
38 43 43 0.0 0.0 0.0 1.0 44846.0 1260.0 3201.0
38 43 44 0.0 0.0 0.0 0.0 6271.0 224.0 50.0
38 43 45 0.0 0.0 0.0 0.0 97.0 5.0 0.0
38 44 35 0.0 0.0 0.0 0.0 8.0 0.0 0.0
38 44 36 0.0 0.0 0.0 0.0 899.0 35.0 0.0
38 44 37 0.0 0.0 0.0 1.0 6153.0 214.0 37.0
38 44 38 0.0 0.0 0.0 1.0 18203.0 569.0 322.0
38 44 39 0.0 0.0 0.0 4.0 30235.0 893.0 1036.0
38 44 40 0.0 0.0 0.0 1.0 35008.0 1050.0 1491.0
38 44 41 0.0 0.0 0.0 0.0 29420.0 876.0 996.0
38 44 42 0.0 0.0 0.0 0.0 18106.0 592.0 304.0
38 44 43 0.0 0.0 0.0 0.0 6446.0 215.0 35.0
38 44 44 0.0 0.0 0.0 0.0 892.0 29.0 0.0
38 44 45 0.0 0.0 0.0 0.0 6.0 0.0 0.0
38 45 36 0.0 0.0 0.0 0.0 7.0 1.0 0.0
38 45 37 0.0 0.0 0.0 0.0 91.0 2.0 0.0
38 45 38 0.0 0.0 0.0 0.0 329.0 12.0 0.0
38 45 39 0.0 0.0 0.0 0.0 705.0 21.0 0.0
38 45 40 0.0 0.0 0.0 0.0 922.0 33.0 0.0
38 45 41 0.0 0.0 0.0 0.0 809.0 25.0 0.0
38 45 42 0.0 0.0 0.0 0.0 352.0 7.0 0.0
38 45 43 0.0 0.0 0.0 0.0 78.0 2.0 0.0
38 45 44 0.0 0.0 0.0 0.0 11.0 2.0 0.0
38 45 45 0.0 0.0 0.0 0.0 1.0 0.0 0.0
38 46 41 0.0 0.0 0.0 0.0 1.0 0.0 0.0
39 34 40 0.0 0.0 0.0 0.0 1.0 0.0 0.0
39 34 42 0.0 0.0 0.0 0.0 2.0 0.0 0.0
39 35 36 0.0 0.0 0.0 0.0 19.0 1.0 0.0
39 35 37 0.0 0.0 0.0 0.0 176.0 6.0 0.0
39 35 38 0.0 0.0 0.0 0.0 614.0 20.0 0.0
39 35 39 0.0 0.0 0.0 0.0 1344.0 40.0 0.0
39 35 40 0.0 0.0 0.0 0.0 1706.0 63.0 3.0
39 35 41 0.0 0.0 0.0 0.0 1381.0 52.0 1.0
39 35 42 0.0 0.0 0.0 0.0 704.0 21.0 0.0
39 35 43 0.0 0.0 0.0 0.0 149.0 9.0 0.0
39 35 44 0.0 0.0 0.0 0.0 35.0 1.0 0.0
39 36 35 0.0 0.0 0.0 0.0 20.0 0.0 0.0
39 36 36 0.0 0.0 0.0 0.0 1802.0 69.0 0.0
39 36 37 0.0 0.0 0.0 0.0 10629.0 368.0 101.0
39 36 38 0.0 0.0 0.0 0.0 29405.0 867.0 996.0
39 36 39 0.0 0.0 0.0 4.0 43972.0 1230.0 2653.0
39 36 40 0.0 0.0 0.0 3.0 50022.0 1356.0 3687.0
39 36 41 0.0 0.0 0.0 3.0 43995.0 1158.0 2657.0
39 36 42 0.0 0.0 0.0 0.0 29790.0 934.0 1001.0
39 36 43 0.0 0.0 0.0 0.0 11624.0 395.0 134.0
39 36 44 0.0 0.0 0.0 0.0 2126.0 72.0 3.0
39 36 45 0.0 0.0 0.0 0.0 30.0 3.0 0.0
39 37 35 0.0 0.0 0.0 0.0 161.0 2.0 0.0
39 37 36 0.0 0.0 0.0 0.0 11502.0 400.0 103.0
39 37 37 0.0 0.0 0.0 1.0 61796.0 1484.0 8355.0
39 37 38 0.0 0.0 0.0 3.0 81088.0 1357.0 29418.0
39 37 39 0.0 0.0 0.0 8.0 79477.0 1049.0 47547.0
39 37 40 0.0 0.0 0.0 8.0 77663.0 1091.0 52558.0
39 37 41 0.0 0.0 0.0 9.0 79320.0 1115.0 47276.0
39 37 42 0.0 0.0 0.0 2.0 80736.0 1340.0 30153.0
39 37 43 0.0 0.0 0.0 12.0 64716.0 1504.0 9269.0
39 37 44 0.0 0.0 0.0 0.0 11556.0 426.0 117.0
39 37 45 0.0 0.0 0.0 0.0 147.0 7.0 0.0
39 38 35 0.0 0.0 0.0 0.0 747.0 25.0 0.0
39 38 36 0.0 0.0 0.0 0.0 28427.0 886.0 942.0
39 38 37 0.0 0.0 0.0 1.0 80442.0 1331.0 29931.0
39 38 38 0.0 0.0 0.0 8.0 63827.0 681.0 82420.0
39 38 39 0.0 0.0 0.0 9.0 52759.0 427.0 105712.0
39 38 40 0.0 0.0 0.0 16.0 48149.0 352.0 113353.0
39 38 41 0.0 0.0 0.0 21.0 51987.0 384.0 106859.0
39 38 42 0.0 0.0 0.0 23.0 63132.0 643.0 83261.0
39 38 43 0.0 0.0 0.0 4.0 80448.0 1316.0 30104.0
39 38 44 0.0 0.0 0.0 4.0 29477.0 991.0 947.0
39 38 45 0.0 0.0 0.0 0.0 712.0 16.0 1.0
39 38 46 0.0 0.0 0.0 0.0 1.0 0.0 0.0
39 39 34 0.0 0.0 0.0 0.0 2.0 0.0 0.0
39 39 35 0.0 0.0 0.0 0.0 1466.0 47.0 0.0
39 39 36 0.0 0.0 0.0 0.0 44351.0 1259.0 2660.0
39 39 37 0.0 0.0 0.0 10.0 79856.0 1076.0 45927.0
39 39 38 0.0 0.0 0.0 10.0 52766.0 422.0 105195.0
39 39 39 0.0 0.0 0.0 35.0 32042.0 122.0 148065.0
39 39 40 0.0 0.0 0.0 23.0 28940.0 97.0 153838.0
39 39 41 0.0 0.0 0.0 22.0 32045.0 118.0 147849.0
39 39 42 0.0 0.0 0.0 33.0 51755.0 456.0 106535.0
39 39 43 0.0 0.0 0.0 3.0 79445.0 1045.0 47650.0
39 39 44 0.0 0.0 0.0 1.0 45335.0 1322.0 2705.0
39 39 45 0.0 0.0 0.0 0.0 1415.0 49.0 1.0
39 39 46 0.0 0.0 0.0 0.0 1.0 0.0 0.0
39 40 35 0.0 0.0 0.0 0.0 1631.0 48.0 0.0
39 40 36 0.0 0.0 0.0 2.0 50231.0 1328.0 3833.0
39 40 37 0.0 0.0 0.0 6.0 77852.0 987.0 52712.0
39 40 38 0.0 0.0 0.0 9.0 48757.0 355.0 113051.0
39 40 39 0.0 0.0 0.0 18.0 29124.0 103.0 153557.0
39 40 40 0.0 0.0 0.0 20.0 25077.0 80.0 160433.0
39 40 41 0.0 0.0 0.0 20.0 28983.0 89.0 153837.0
39 40 42 0.0 0.0 0.0 20.0 48367.0 336.0 113206.0
39 40 43 0.0 0.0 0.0 7.0 77456.0 988.0 53007.0
39 40 44 0.0 0.0 0.0 1.0 49622.0 1313.0 3544.0
39 40 45 0.0 0.0 0.0 0.0 1754.0 67.0 0.0
39 40 46 0.0 0.0 0.0 0.0 2.0 0.0 0.0
39 41 35 0.0 0.0 0.0 0.0 1329.0 45.0 0.0
39 41 36 0.0 0.0 0.0 0.0 44191.0 1210.0 2686.0
39 41 37 0.0 0.0 0.0 5.0 79199.0 1173.0 46907.0
39 41 38 0.0 0.0 0.0 9.0 52706.0 450.0 105730.0
39 41 39 0.0 0.0 0.0 18.0 31960.0 118.0 148325.0
39 41 40 0.0 0.0 0.0 29.0 28820.0 93.0 154971.0
39 41 41 0.0 0.0 0.0 14.0 32384.0 124.0 147414.0
39 41 42 0.0 0.0 0.0 20.0 51825.0 439.0 106137.0
39 41 43 0.0 0.0 0.0 7.0 79290.0 1112.0 46313.0
39 41 44 0.0 0.0 0.0 1.0 43373.0 1261.0 2601.0
39 41 45 0.0 0.0 0.0 0.0 1302.0 37.0 0.0
39 42 35 0.0 0.0 0.0 0.0 650.0 22.0 0.0
39 42 36 0.0 0.0 0.0 0.0 29394.0 904.0 925.0
39 42 37 0.0 0.0 0.0 3.0 81084.0 1419.0 29249.0
39 42 38 0.0 0.0 0.0 13.0 63857.0 681.0 83083.0
39 42 39 0.0 0.0 0.0 13.0 51879.0 393.0 106628.0
39 42 40 0.0 0.0 0.0 17.0 47781.0 369.0 114220.0
39 42 41 0.0 0.0 0.0 22.0 51792.0 417.0 107267.0
39 42 42 0.0 0.0 0.0 24.0 63140.0 680.0 82833.0
39 42 43 0.0 0.0 0.0 12.0 80740.0 1350.0 30941.0
39 42 44 0.0 0.0 0.0 0.0 28858.0 869.0 951.0
39 42 45 0.0 0.0 0.0 0.0 657.0 29.0 0.0
39 43 35 0.0 0.0 0.0 0.0 179.0 9.0 0.0
39 43 36 0.0 0.0 0.0 0.0 11625.0 356.0 131.0
39 43 37 0.0 0.0 0.0 3.0 63000.0 1483.0 8498.0
39 43 38 0.0 0.0 0.0 3.0 80997.0 1287.0 29694.0
39 43 39 0.0 0.0 0.0 12.0 79442.0 1131.0 47866.0
39 43 40 0.0 0.0 0.0 2.0 77167.0 1024.0 53815.0
39 43 41 0.0 0.0 0.0 20.0 78803.0 1072.0 48744.0
39 43 42 0.0 0.0 0.0 16.0 80726.0 1346.0 28858.0
39 43 43 0.0 0.0 0.0 0.0 63435.0 1511.0 8585.0
39 43 44 0.0 0.0 0.0 7.0 11995.0 400.0 118.0
39 43 45 0.0 0.0 0.0 0.0 198.0 8.0 0.0
39 44 35 0.0 0.0 0.0 0.0 15.0 0.0 0.0
39 44 36 0.0 0.0 0.0 0.0 1874.0 77.0 2.0
39 44 37 0.0 0.0 0.0 0.0 11786.0 410.0 134.0
39 44 38 0.0 0.0 0.0 1.0 29473.0 880.0 987.0
39 44 39 0.0 0.0 0.0 0.0 45222.0 1281.0 2824.0
39 44 40 0.0 0.0 0.0 3.0 51759.0 1344.0 4072.0
39 44 41 0.0 0.0 0.0 1.0 44903.0 1219.0 2863.0
39 44 42 0.0 0.0 0.0 2.0 30387.0 919.0 1000.0
39 44 43 0.0 0.0 0.0 2.0 11492.0 386.0 114.0
39 44 44 0.0 0.0 0.0 1.0 1965.0 64.0 4.0
39 44 45 0.0 0.0 0.0 0.0 15.0 0.0 0.0
39 45 35 0.0 0.0 0.0 0.0 1.0 0.0 0.0
39 45 36 0.0 0.0 0.0 0.0 12.0 0.0 0.0
39 45 37 0.0 0.0 0.0 0.0 199.0 9.0 0.0
39 45 38 0.0 0.0 0.0 0.0 659.0 27.0 0.0
39 45 39 0.0 0.0 0.0 0.0 1585.0 52.0 2.0
39 45 40 0.0 0.0 0.0 0.0 1792.0 68.0 2.0
39 45 41 0.0 0.0 0.0 0.0 1420.0 52.0 0.0
39 45 42 0.0 0.0 0.0 0.0 730.0 26.0 0.0
39 45 43 0.0 0.0 0.0 0.0 192.0 5.0 0.0
39 45 44 0.0 0.0 0.0 0.0 21.0 1.0 0.0
39 46 41 0.0 0.0 0.0 0.0 2.0 0.0 0.0
40 35 36 0.0 0.0 0.0 0.0 17.0 0.0 0.0
40 35 37 0.0 0.0 0.0 0.0 216.0 5.0 0.0
40 35 38 0.0 0.0 0.0 0.0 872.0 33.0 2.0
40 35 39 0.0 0.0 0.0 0.0 1827.0 72.0 0.0
40 35 40 0.0 0.0 0.0 0.0 2164.0 72.0 6.0
40 35 41 0.0 0.0 0.0 0.0 1830.0 65.0 2.0
40 35 42 0.0 0.0 0.0 0.0 775.0 29.0 0.0
40 35 43 0.0 0.0 0.0 0.0 255.0 7.0 0.0
40 35 44 0.0 0.0 0.0 0.0 21.0 2.0 0.0
40 36 35 0.0 0.0 0.0 0.0 18.0 1.0 0.0
40 36 36 0.0 0.0 0.0 0.0 2187.0 84.0 6.0
40 36 37 0.0 0.0 0.0 0.0 13832.0 430.0 169.0
40 36 38 0.0 0.0 0.0 6.0 34101.0 988.0 1385.0
40 36 39 0.0 0.0 0.0 1.0 49226.0 1375.0 3658.0
40 36 40 0.0 0.0 0.0 1.0 54830.0 1386.0 4759.0
40 36 41 0.0 0.0 0.0 0.0 49340.0 1339.0 3575.0
40 36 42 0.0 0.0 0.0 1.0 34012.0 1000.0 1408.0
40 36 43 0.0 0.0 0.0 1.0 13464.0 458.0 185.0
40 36 44 0.0 0.0 0.0 0.0 2660.0 87.0 3.0
40 36 45 0.0 0.0 0.0 0.0 15.0 0.0 0.0
40 37 35 0.0 0.0 0.0 0.0 241.0 11.0 0.0
40 37 36 0.0 0.0 0.0 0.0 14047.0 486.0 194.0
40 37 37 0.0 0.0 0.0 0.0 67974.0 1513.0 11132.0
40 37 38 0.0 0.0 0.0 3.0 80962.0 1288.0 34333.0
40 37 39 0.0 0.0 0.0 4.0 77740.0 1034.0 53288.0
40 37 40 0.0 0.0 0.0 12.0 75523.0 911.0 58555.0
40 37 41 0.0 0.0 0.0 21.0 77396.0 1004.0 53345.0
40 37 42 0.0 0.0 0.0 7.0 81342.0 1236.0 34837.0
40 37 43 0.0 0.0 0.0 1.0 69425.0 1508.0 12026.0
40 37 44 0.0 0.0 0.0 0.0 13502.0 442.0 196.0
40 37 45 0.0 0.0 0.0 0.0 242.0 18.0 0.0
40 38 35 0.0 0.0 0.0 0.0 985.0 42.0 0.0
40 38 36 0.0 0.0 0.0 0.0 33596.0 1012.0 1371.0
40 38 37 0.0 0.0 0.0 9.0 81103.0 1276.0 35154.0
40 38 38 0.0 0.0 0.0 5.0 58649.0 533.0 92132.0
40 38 39 0.0 0.0 0.0 16.0 48709.0 364.0 112837.0
40 38 40 0.0 0.0 0.0 13.0 44434.0 262.0 120497.0
40 38 41 0.0 0.0 0.0 14.0 48286.0 326.0 112994.0
40 38 42 0.0 0.0 0.0 19.0 58722.0 565.0 91829.0
40 38 43 0.0 0.0 0.0 15.0 81173.0 1276.0 35296.0
40 38 44 0.0 0.0 0.0 0.0 33955.0 1017.0 1382.0
40 38 45 0.0 0.0 0.0 0.0 925.0 42.0 0.0
40 39 35 0.0 0.0 0.0 0.0 1842.0 61.0 1.0
40 39 36 0.0 0.0 0.0 2.0 50561.0 1318.0 3862.0
40 39 37 0.0 0.0 0.0 2.0 77100.0 1045.0 53498.0
40 39 38 0.0 0.0 0.0 17.0 48095.0 333.0 113677.0
40 39 39 0.0 0.0 0.0 23.0 28918.0 89.0 153871.0
40 39 40 0.0 0.0 0.0 16.0 25112.0 62.0 160164.0
40 39 41 0.0 0.0 0.0 18.0 28804.0 90.0 153730.0
40 39 42 0.0 0.0 0.0 12.0 48705.0 359.0 112652.0
40 39 43 0.0 0.0 0.0 7.0 77786.0 1021.0 52423.0
40 39 44 0.0 0.0 0.0 3.0 49544.0 1342.0 3662.0
40 39 45 0.0 0.0 0.0 0.0 1785.0 66.0 3.0
40 40 34 0.0 0.0 0.0 0.0 1.0 0.0 0.0
40 40 35 0.0 0.0 0.0 0.0 2194.0 77.0 1.0
40 40 36 0.0 0.0 0.0 3.0 55340.0 1431.0 5058.0
40 40 37 0.0 0.0 0.0 5.0 75058.0 914.0 58776.0
40 40 38 0.0 0.0 0.0 21.0 44553.0 302.0 119946.0
40 40 39 0.0 0.0 0.0 17.0 25278.0 74.0 160474.0
40 40 40 0.0 0.0 0.0 22.0 16793.0 0.0 189892.0
40 40 41 0.0 0.0 0.0 16.0 25369.0 76.0 160377.0
40 40 42 0.0 0.0 0.0 14.0 44323.0 287.0 120508.0
40 40 43 0.0 0.0 0.0 21.0 75339.0 920.0 58931.0
40 40 44 0.0 0.0 0.0 0.0 55000.0 1367.0 4893.0
40 40 45 0.0 0.0 0.0 0.0 2144.0 71.0 1.0
40 40 46 0.0 0.0 0.0 0.0 7.0 0.0 0.0
40 41 35 0.0 0.0 0.0 0.0 1666.0 63.0 3.0
40 41 36 0.0 0.0 0.0 0.0 49812.0 1275.0 3783.0
40 41 37 0.0 0.0 0.0 9.0 77459.0 1005.0 53034.0
40 41 38 0.0 0.0 0.0 12.0 48006.0 345.0 113643.0
40 41 39 0.0 0.0 0.0 20.0 29378.0 90.0 153482.0
40 41 40 0.0 0.0 0.0 23.0 25105.0 79.0 160766.0
40 41 41 0.0 0.0 0.0 27.0 28803.0 86.0 154267.0
40 41 42 0.0 0.0 0.0 16.0 47965.0 333.0 113589.0
40 41 43 0.0 0.0 0.0 17.0 77504.0 1056.0 52904.0
40 41 44 0.0 0.0 0.0 0.0 50225.0 1402.0 3878.0
40 41 45 0.0 0.0 0.0 0.0 1762.0 60.0 2.0
40 42 34 0.0 0.0 0.0 0.0 1.0 0.0 0.0
40 42 35 0.0 0.0 0.0 0.0 785.0 29.0 0.0
40 42 36 0.0 0.0 0.0 1.0 32851.0 1004.0 1336.0
40 42 37 0.0 0.0 0.0 2.0 81081.0 1296.0 35002.0
40 42 38 0.0 0.0 0.0 4.0 58750.0 551.0 91366.0
40 42 39 0.0 0.0 0.0 19.0 48361.0 346.0 113616.0
40 42 40 0.0 0.0 0.0 21.0 44309.0 267.0 120388.0
40 42 41 0.0 0.0 0.0 19.0 48647.0 351.0 113089.0
40 42 42 0.0 0.0 0.0 20.0 59560.0 528.0 90601.0
40 42 43 0.0 0.0 0.0 25.0 81371.0 1344.0 33982.0
40 42 44 0.0 0.0 0.0 3.0 33719.0 1038.0 1365.0
40 42 45 0.0 0.0 0.0 0.0 907.0 24.0 0.0
40 43 35 0.0 0.0 0.0 0.0 225.0 13.0 0.0
40 43 36 0.0 0.0 0.0 0.0 14350.0 497.0 195.0
40 43 37 0.0 0.0 0.0 7.0 67983.0 1528.0 10937.0
40 43 38 0.0 0.0 0.0 3.0 80973.0 1291.0 35471.0
40 43 39 0.0 0.0 0.0 7.0 76853.0 1026.0 54089.0
40 43 40 0.0 0.0 0.0 9.0 74694.0 961.0 60480.0
40 43 41 0.0 0.0 0.0 9.0 77491.0 969.0 52921.0
40 43 42 0.0 0.0 0.0 7.0 80855.0 1197.0 35762.0
40 43 43 0.0 0.0 0.0 12.0 68192.0 1564.0 10954.0
40 43 44 0.0 0.0 0.0 0.0 14436.0 479.0 215.0
40 43 45 0.0 0.0 0.0 0.0 244.0 4.0 0.0
40 44 35 0.0 0.0 0.0 0.0 23.0 0.0 0.0
40 44 36 0.0 0.0 0.0 1.0 2093.0 70.0 1.0
40 44 37 0.0 0.0 0.0 0.0 13520.0 413.0 168.0
40 44 38 0.0 0.0 0.0 1.0 33544.0 976.0 1378.0
40 44 39 0.0 0.0 0.0 7.0 50990.0 1338.0 3911.0
40 44 40 0.0 0.0 0.0 1.0 56112.0 1434.0 5171.0
40 44 41 0.0 0.0 0.0 6.0 50216.0 1317.0 3792.0
40 44 42 0.0 0.0 0.0 4.0 33864.0 1039.0 1370.0
40 44 43 0.0 0.0 0.0 2.0 13838.0 460.0 177.0
40 44 44 0.0 0.0 0.0 0.0 2329.0 97.0 2.0
40 44 45 0.0 0.0 0.0 0.0 26.0 1.0 0.0
40 45 36 0.0 0.0 0.0 0.0 23.0 1.0 0.0
40 45 37 0.0 0.0 0.0 0.0 214.0 10.0 0.0
40 45 38 0.0 0.0 0.0 0.0 904.0 25.0 0.0
40 45 39 0.0 0.0 0.0 0.0 1910.0 65.0 2.0
40 45 40 0.0 0.0 0.0 0.0 2285.0 84.0 7.0
40 45 41 0.0 0.0 0.0 0.0 1888.0 55.0 0.0
40 45 42 0.0 0.0 0.0 0.0 825.0 33.0 0.0
40 45 43 0.0 0.0 0.0 0.0 222.0 3.0 1.0
40 45 44 0.0 0.0 0.0 0.0 33.0 0.0 0.0
40 46 41 0.0 0.0 0.0 0.0 1.0 0.0 0.0
41 34 39 0.0 0.0 0.0 0.0 1.0 0.0 0.0
41 34 40 0.0 0.0 0.0 0.0 1.0 0.0 0.0
41 35 35 0.0 0.0 0.0 0.0 1.0 0.0 0.0
41 35 36 0.0 0.0 0.0 0.0 18.0 1.0 0.0
41 35 37 0.0 0.0 0.0 0.0 177.0 3.0 0.0
41 35 38 0.0 0.0 0.0 0.0 668.0 18.0 0.0
41 35 39 0.0 0.0 0.0 0.0 1468.0 55.0 1.0
41 35 40 0.0 0.0 0.0 0.0 1960.0 76.0 1.0
41 35 41 0.0 0.0 0.0 0.0 1454.0 49.0 1.0
41 35 42 0.0 0.0 0.0 0.0 680.0 24.0 0.0
41 35 43 0.0 0.0 0.0 0.0 208.0 6.0 0.0
41 35 44 0.0 0.0 0.0 0.0 20.0 1.0 0.0
41 36 35 0.0 0.0 0.0 0.0 16.0 0.0 0.0
41 36 36 0.0 0.0 0.0 0.0 1891.0 56.0 1.0
41 36 37 0.0 0.0 0.0 0.0 11681.0 382.0 117.0
41 36 38 0.0 0.0 0.0 1.0 29196.0 914.0 1030.0
41 36 39 0.0 0.0 0.0 0.0 44781.0 1241.0 2751.0
41 36 40 0.0 0.0 0.0 0.0 50001.0 1343.0 3661.0
41 36 41 0.0 0.0 0.0 16.0 44890.0 1244.0 2737.0
41 36 42 0.0 0.0 0.0 1.0 28695.0 882.0 937.0
41 36 43 0.0 0.0 0.0 0.0 11358.0 393.0 106.0
41 36 44 0.0 0.0 0.0 0.0 1798.0 61.0 0.0
41 36 45 0.0 0.0 0.0 0.0 16.0 0.0 0.0
41 37 35 0.0 0.0 0.0 0.0 199.0 7.0 0.0
41 37 36 0.0 0.0 0.0 0.0 11380.0 391.0 113.0
41 37 37 0.0 0.0 0.0 1.0 64029.0 1536.0 8685.0
41 37 38 0.0 0.0 0.0 5.0 80771.0 1307.0 30249.0
41 37 39 0.0 0.0 0.0 19.0 79344.0 1122.0 47247.0
41 37 40 0.0 0.0 0.0 13.0 77734.0 974.0 52251.0
41 37 41 0.0 0.0 0.0 3.0 78883.0 1043.0 47887.0
41 37 42 0.0 0.0 0.0 6.0 81429.0 1378.0 30380.0
41 37 43 0.0 0.0 0.0 0.0 64249.0 1499.0 8927.0
41 37 44 0.0 0.0 0.0 4.0 11676.0 371.0 134.0
41 37 45 0.0 0.0 0.0 0.0 153.0 2.0 0.0
41 38 35 0.0 0.0 0.0 0.0 648.0 22.0 0.0
41 38 36 0.0 0.0 0.0 0.0 29595.0 896.0 998.0
41 38 37 0.0 0.0 0.0 3.0 81512.0 1333.0 30119.0
41 38 38 0.0 0.0 0.0 6.0 62485.0 616.0 83847.0
41 38 39 0.0 0.0 0.0 5.0 51835.0 414.0 106857.0
41 38 40 0.0 0.0 0.0 8.0 48509.0 378.0 113244.0
41 38 41 0.0 0.0 0.0 8.0 52125.0 383.0 106665.0
41 38 42 0.0 0.0 0.0 17.0 63092.0 617.0 83747.0
41 38 43 0.0 0.0 0.0 9.0 81038.0 1341.0 30549.0
41 38 44 0.0 0.0 0.0 4.0 29311.0 916.0 968.0
41 38 45 0.0 0.0 0.0 0.0 633.0 24.0 0.0
41 39 35 0.0 0.0 0.0 0.0 1477.0 52.0 0.0
41 39 36 0.0 0.0 0.0 0.0 45386.0 1261.0 2793.0
41 39 37 0.0 0.0 0.0 6.0 78491.0 1104.0 48393.0
41 39 38 0.0 0.0 0.0 16.0 51783.0 398.0 106938.0
41 39 39 0.0 0.0 0.0 18.0 31869.0 114.0 149183.0
41 39 40 0.0 0.0 0.0 13.0 28825.0 92.0 154035.0
41 39 41 0.0 0.0 0.0 18.0 31885.0 118.0 149180.0
41 39 42 0.0 0.0 0.0 19.0 51494.0 430.0 107520.0
41 39 43 0.0 0.0 0.0 1.0 79135.0 1069.0 48057.0
41 39 44 0.0 0.0 0.0 1.0 43996.0 1182.0 2663.0
41 39 45 0.0 0.0 0.0 0.0 1498.0 56.0 2.0
41 40 34 0.0 0.0 0.0 0.0 1.0 0.0 0.0
41 40 35 0.0 0.0 0.0 0.0 1857.0 65.0 1.0
41 40 36 0.0 0.0 0.0 0.0 50171.0 1377.0 3907.0
41 40 37 0.0 0.0 0.0 13.0 77413.0 1028.0 53488.0
41 40 38 0.0 0.0 0.0 18.0 48231.0 340.0 113408.0
41 40 39 0.0 0.0 0.0 18.0 28820.0 93.0 153963.0
41 40 40 0.0 0.0 0.0 20.0 24819.0 71.0 161670.0
41 40 41 0.0 0.0 0.0 10.0 28739.0 84.0 153713.0
41 40 42 0.0 0.0 0.0 12.0 48407.0 345.0 113010.0
41 40 43 0.0 0.0 0.0 10.0 77388.0 1018.0 53220.0
41 40 44 0.0 0.0 0.0 2.0 50106.0 1374.0 3600.0
41 40 45 0.0 0.0 0.0 0.0 1791.0 57.0 0.0
41 40 46 0.0 0.0 0.0 0.0 2.0 0.0 0.0
41 41 35 0.0 0.0 0.0 0.0 1421.0 42.0 0.0
41 41 36 0.0 0.0 0.0 0.0 44163.0 1222.0 2706.0
41 41 37 0.0 0.0 0.0 4.0 79263.0 1093.0 47860.0
41 41 38 0.0 0.0 0.0 14.0 51483.0 388.0 107442.0
41 41 39 0.0 0.0 0.0 16.0 31650.0 104.0 148775.0
41 41 40 0.0 0.0 0.0 10.0 29213.0 100.0 153806.0
41 41 41 0.0 0.0 0.0 16.0 32374.0 109.0 147523.0
41 41 42 0.0 0.0 0.0 15.0 52381.0 418.0 106047.0
41 41 43 0.0 0.0 0.0 10.0 78872.0 1091.0 47604.0
41 41 44 0.0 0.0 0.0 5.0 44939.0 1301.0 2802.0
41 41 45 0.0 0.0 0.0 0.0 1349.0 43.0 1.0
41 41 46 0.0 0.0 0.0 0.0 1.0 0.0 0.0
41 42 35 0.0 0.0 0.0 0.0 741.0 23.0 0.0
41 42 36 0.0 0.0 0.0 0.0 30332.0 948.0 1071.0
41 42 37 0.0 0.0 0.0 7.0 80923.0 1355.0 31009.0
41 42 38 0.0 0.0 0.0 8.0 63272.0 645.0 83674.0
41 42 39 0.0 0.0 0.0 8.0 51624.0 386.0 107125.0
41 42 40 0.0 0.0 0.0 8.0 48195.0 361.0 113462.0
41 42 41 0.0 0.0 0.0 9.0 52699.0 445.0 105832.0
41 42 42 0.0 0.0 0.0 6.0 62959.0 607.0 83580.0
41 42 43 0.0 0.0 0.0 1.0 81168.0 1419.0 30200.0
41 42 44 0.0 0.0 0.0 2.0 29185.0 915.0 988.0
41 42 45 0.0 0.0 0.0 0.0 653.0 25.0 0.0
41 43 35 0.0 0.0 0.0 0.0 198.0 8.0 0.0
41 43 36 0.0 0.0 0.0 0.0 11233.0 390.0 120.0
41 43 37 0.0 0.0 0.0 0.0 63164.0 1567.0 8614.0
41 43 38 0.0 0.0 0.0 2.0 80992.0 1378.0 30427.0
41 43 39 0.0 0.0 0.0 4.0 79725.0 1123.0 46767.0
41 43 40 0.0 0.0 0.0 3.0 77624.0 994.0 53364.0
41 43 41 0.0 0.0 0.0 16.0 79079.0 1051.0 47976.0
41 43 42 0.0 0.0 0.0 6.0 80815.0 1285.0 30420.0
41 43 43 0.0 0.0 0.0 0.0 63008.0 1475.0 8516.0
41 43 44 0.0 0.0 0.0 0.0 11624.0 367.0 114.0
41 43 45 0.0 0.0 0.0 0.0 190.0 7.0 0.0
41 44 35 0.0 0.0 0.0 0.0 16.0 0.0 0.0
41 44 36 0.0 0.0 0.0 0.0 1853.0 81.0 2.0
41 44 37 0.0 0.0 0.0 0.0 11909.0 398.0 130.0
41 44 38 0.0 0.0 0.0 0.0 29098.0 910.0 1021.0
41 44 39 0.0 0.0 0.0 0.0 45141.0 1219.0 2843.0
41 44 40 0.0 0.0 0.0 1.0 50920.0 1415.0 3886.0
41 44 41 0.0 0.0 0.0 1.0 44419.0 1244.0 2740.0
41 44 42 0.0 0.0 0.0 1.0 29325.0 950.0 922.0
41 44 43 0.0 0.0 0.0 0.0 11161.0 371.0 115.0
41 44 44 0.0 0.0 0.0 0.0 1735.0 76.0 1.0
41 44 45 0.0 0.0 0.0 0.0 20.0 1.0 0.0
41 45 36 0.0 0.0 0.0 0.0 42.0 2.0 0.0
41 45 37 0.0 0.0 0.0 0.0 218.0 8.0 0.0
41 45 38 0.0 0.0 0.0 0.0 727.0 25.0 1.0
41 45 39 0.0 0.0 0.0 0.0 1477.0 41.0 3.0
41 45 40 0.0 0.0 0.0 0.0 1965.0 62.0 4.0
41 45 41 0.0 0.0 0.0 0.0 1480.0 51.0 1.0
41 45 42 0.0 0.0 0.0 0.0 725.0 23.0 1.0
41 45 43 0.0 0.0 0.0 0.0 158.0 6.0 0.0
41 45 44 0.0 0.0 0.0 0.0 13.0 2.0 0.0
42 34 38 0.0 0.0 0.0 0.0 1.0 0.0 0.0
42 35 36 0.0 0.0 0.0 0.0 10.0 0.0 0.0
42 35 37 0.0 0.0 0.0 0.0 73.0 3.0 0.0
42 35 38 0.0 0.0 0.0 0.0 313.0 8.0 0.0
42 35 39 0.0 0.0 0.0 0.0 723.0 23.0 0.0
42 35 40 0.0 0.0 0.0 0.0 862.0 26.0 2.0
42 35 41 0.0 0.0 0.0 0.0 695.0 17.0 0.0
42 35 42 0.0 0.0 0.0 0.0 394.0 10.0 0.0
42 35 43 0.0 0.0 0.0 0.0 81.0 1.0 0.0
42 35 44 0.0 0.0 0.0 0.0 3.0 0.0 0.0
42 36 35 0.0 0.0 0.0 0.0 3.0 0.0 0.0
42 36 36 0.0 0.0 0.0 0.0 1098.0 25.0 0.0
42 36 37 0.0 0.0 0.0 0.0 6086.0 210.0 41.0
42 36 38 0.0 0.0 0.0 0.0 17618.0 581.0 320.0
42 36 39 0.0 0.0 0.0 1.0 29420.0 930.0 992.0
42 36 40 0.0 0.0 0.0 2.0 33898.0 1068.0 1361.0
42 36 41 0.0 0.0 0.0 0.0 29501.0 989.0 1029.0
42 36 42 0.0 0.0 0.0 0.0 17951.0 538.0 311.0
42 36 43 0.0 0.0 0.0 0.0 6248.0 181.0 45.0
42 36 44 0.0 0.0 0.0 0.0 992.0 35.0 0.0
42 36 45 0.0 0.0 0.0 0.0 4.0 0.0 0.0
42 37 35 0.0 0.0 0.0 0.0 99.0 4.0 0.0
42 37 36 0.0 0.0 0.0 0.0 6413.0 252.0 44.0
42 37 37 0.0 0.0 0.0 0.0 48232.0 1353.0 3820.0
42 37 38 0.0 0.0 0.0 5.0 75356.0 1484.0 17065.0
42 37 39 0.0 0.0 0.0 6.0 81326.0 1310.0 30180.0
42 37 40 0.0 0.0 0.0 14.0 81020.0 1258.0 35216.0
42 37 41 0.0 0.0 0.0 5.0 81083.0 1312.0 30478.0
42 37 42 0.0 0.0 0.0 1.0 75352.0 1496.0 16564.0
42 37 43 0.0 0.0 0.0 3.0 45408.0 1247.0 3297.0
42 37 44 0.0 0.0 0.0 0.0 6480.0 230.0 44.0
42 37 45 0.0 0.0 0.0 0.0 96.0 2.0 0.0
42 38 34 0.0 0.0 0.0 0.0 1.0 0.0 0.0
42 38 35 0.0 0.0 0.0 0.0 317.0 14.0 0.0
42 38 36 0.0 0.0 0.0 0.0 18436.0 584.0 354.0
42 38 37 0.0 0.0 0.0 2.0 75573.0 1553.0 17483.0
42 38 38 0.0 0.0 0.0 11.0 70450.0 865.0 64543.0
42 38 39 0.0 0.0 0.0 22.0 62145.0 633.0 85259.0
42 38 40 0.0 0.0 0.0 7.0 58438.0 559.0 92264.0
42 38 41 0.0 0.0 0.0 15.0 62509.0 616.0 84570.0
42 38 42 0.0 0.0 0.0 3.0 71042.0 868.0 63374.0
42 38 43 0.0 0.0 0.0 7.0 75340.0 1515.0 17388.0
42 38 44 0.0 0.0 0.0 0.0 17763.0 614.0 298.0
42 38 45 0.0 0.0 0.0 0.0 315.0 6.0 1.0
42 39 34 0.0 0.0 0.0 0.0 2.0 1.0 0.0
42 39 35 0.0 0.0 0.0 0.0 687.0 25.0 0.0
42 39 36 0.0 0.0 0.0 1.0 29917.0 933.0 1040.0
42 39 37 0.0 0.0 0.0 7.0 81265.0 1315.0 31063.0
42 39 38 0.0 0.0 0.0 19.0 62002.0 623.0 85513.0
42 39 39 0.0 0.0 0.0 20.0 51396.0 404.0 107982.0
42 39 40 0.0 0.0 0.0 11.0 47923.0 324.0 114281.0
42 39 41 0.0 0.0 0.0 10.0 51625.0 395.0 107317.0
42 39 42 0.0 0.0 0.0 1.0 62748.0 671.0 84188.0
42 39 43 0.0 0.0 0.0 3.0 80853.0 1359.0 30352.0
42 39 44 0.0 0.0 0.0 0.0 29381.0 854.0 980.0
42 39 45 0.0 0.0 0.0 0.0 570.0 22.0 0.0
42 39 46 0.0 0.0 0.0 0.0 1.0 0.0 0.0
42 40 34 0.0 0.0 0.0 0.0 1.0 0.0 0.0
42 40 35 0.0 0.0 0.0 0.0 898.0 34.0 1.0
42 40 36 0.0 0.0 0.0 1.0 33870.0 1010.0 1426.0
42 40 37 0.0 0.0 0.0 7.0 80697.0 1205.0 36419.0
42 40 38 0.0 0.0 0.0 12.0 58727.0 505.0 92069.0
42 40 39 0.0 0.0 0.0 8.0 47930.0 349.0 114552.0
42 40 40 0.0 0.0 0.0 14.0 43933.0 241.0 121646.0
42 40 41 0.0 0.0 0.0 14.0 47916.0 333.0 114067.0
42 40 42 0.0 0.0 0.0 16.0 58832.0 539.0 91812.0
42 40 43 0.0 0.0 0.0 8.0 80934.0 1288.0 35295.0
42 40 44 0.0 0.0 0.0 0.0 33956.0 999.0 1392.0
42 40 45 0.0 0.0 0.0 0.0 887.0 35.0 1.0
42 41 35 0.0 0.0 0.0 0.0 770.0 28.0 0.0
42 41 36 0.0 0.0 0.0 1.0 29410.0 884.0 994.0
42 41 37 0.0 0.0 0.0 4.0 81341.0 1318.0 30313.0
42 41 38 0.0 0.0 0.0 8.0 62703.0 607.0 84050.0
42 41 39 0.0 0.0 0.0 13.0 51123.0 382.0 107647.0
42 41 40 0.0 0.0 0.0 14.0 48087.0 351.0 113997.0
42 41 41 0.0 0.0 0.0 28.0 52013.0 379.0 107190.0
42 41 42 0.0 0.0 0.0 9.0 63277.0 618.0 82695.0
42 41 43 0.0 0.0 0.0 15.0 80604.0 1269.0 30294.0
42 41 44 0.0 0.0 0.0 2.0 28751.0 910.0 921.0
42 41 45 0.0 0.0 0.0 0.0 666.0 20.0 0.0
42 41 46 0.0 0.0 0.0 0.0 1.0 0.0 0.0
42 42 35 0.0 0.0 0.0 0.0 350.0 9.0 0.0
42 42 36 0.0 0.0 0.0 0.0 18209.0 578.0 333.0
42 42 37 0.0 0.0 0.0 1.0 75524.0 1516.0 17685.0
42 42 38 0.0 0.0 0.0 19.0 71098.0 906.0 63334.0
42 42 39 0.0 0.0 0.0 4.0 62814.0 642.0 84304.0
42 42 40 0.0 0.0 0.0 12.0 59483.0 582.0 91135.0
42 42 41 0.0 0.0 0.0 5.0 63162.0 660.0 83960.0
42 42 42 0.0 0.0 0.0 13.0 71378.0 850.0 62796.0
42 42 43 0.0 0.0 0.0 1.0 75014.0 1500.0 16487.0
42 42 44 0.0 0.0 0.0 0.0 17850.0 557.0 337.0
42 42 45 0.0 0.0 0.0 0.0 356.0 17.0 0.0
42 43 35 0.0 0.0 0.0 0.0 105.0 4.0 0.0
42 43 36 0.0 0.0 0.0 0.0 6952.0 218.0 43.0
42 43 37 0.0 0.0 0.0 0.0 46043.0 1260.0 3415.0
42 43 38 0.0 0.0 0.0 3.0 74774.0 1512.0 16479.0
42 43 39 0.0 0.0 0.0 6.0 80410.0 1318.0 30740.0
42 43 40 0.0 0.0 0.0 2.0 80828.0 1235.0 34991.0
42 43 41 0.0 0.0 0.0 4.0 81232.0 1352.0 30540.0
42 43 42 0.0 0.0 0.0 5.0 75432.0 1617.0 16584.0
42 43 43 0.0 0.0 0.0 1.0 46967.0 1357.0 3595.0
42 43 44 0.0 0.0 0.0 0.0 6576.0 220.0 33.0
42 43 45 0.0 0.0 0.0 0.0 78.0 1.0 0.0
42 44 35 0.0 0.0 0.0 0.0 11.0 0.0 0.0
42 44 36 0.0 0.0 0.0 0.0 918.0 43.0 0.0
42 44 37 0.0 0.0 0.0 0.0 6413.0 228.0 35.0
42 44 38 0.0 0.0 0.0 0.0 17167.0 540.0 301.0
42 44 39 0.0 0.0 0.0 1.0 28905.0 862.0 940.0
42 44 40 0.0 0.0 0.0 0.0 33594.0 1006.0 1388.0
42 44 41 0.0 0.0 0.0 0.0 29634.0 908.0 1039.0
42 44 42 0.0 0.0 0.0 1.0 17946.0 631.0 351.0
42 44 43 0.0 0.0 0.0 1.0 6380.0 239.0 37.0
42 44 44 0.0 0.0 0.0 0.0 902.0 31.0 0.0
42 44 45 0.0 0.0 0.0 0.0 12.0 1.0 0.0
42 45 35 0.0 0.0 0.0 0.0 1.0 0.0 0.0
42 45 36 0.0 0.0 0.0 0.0 7.0 1.0 0.0
42 45 37 0.0 0.0 0.0 0.0 79.0 2.0 0.0
42 45 38 0.0 0.0 0.0 0.0 295.0 14.0 0.0
42 45 39 0.0 0.0 0.0 0.0 730.0 23.0 0.0
42 45 40 0.0 0.0 0.0 0.0 839.0 28.0 1.0
42 45 41 0.0 0.0 0.0 0.0 701.0 25.0 0.0
42 45 42 0.0 0.0 0.0 0.0 337.0 11.0 0.0
42 45 43 0.0 0.0 0.0 0.0 86.0 1.0 0.0
42 45 44 0.0 0.0 0.0 0.0 4.0 0.0 0.0
43 34 38 0.0 0.0 0.0 0.0 1.0 0.0 0.0
43 35 37 0.0 0.0 0.0 0.0 12.0 0.0 0.0
43 35 38 0.0 0.0 0.0 0.0 113.0 6.0 0.0
43 35 39 0.0 0.0 0.0 0.0 189.0 5.0 0.0
43 35 40 0.0 0.0 0.0 0.0 241.0 11.0 0.0
43 35 41 0.0 0.0 0.0 0.0 178.0 5.0 0.0
43 35 42 0.0 0.0 0.0 0.0 90.0 1.0 0.0
43 35 43 0.0 0.0 0.0 0.0 10.0 0.0 0.0
43 35 44 0.0 0.0 0.0 0.0 4.0 0.0 0.0
43 36 35 0.0 0.0 0.0 0.0 3.0 0.0 0.0
43 36 36 0.0 0.0 0.0 0.0 307.0 6.0 0.0
43 36 37 0.0 0.0 0.0 0.0 2155.0 67.0 10.0
43 36 38 0.0 0.0 0.0 0.0 6280.0 199.0 33.0
43 36 39 0.0 0.0 0.0 1.0 12024.0 445.0 125.0
43 36 40 0.0 0.0 0.0 0.0 13690.0 450.0 194.0
43 36 41 0.0 0.0 0.0 0.0 11557.0 389.0 107.0
43 36 42 0.0 0.0 0.0 0.0 6558.0 204.0 30.0
43 36 43 0.0 0.0 0.0 0.0 1999.0 68.0 2.0
43 36 44 0.0 0.0 0.0 0.0 297.0 13.0 0.0
43 36 45 0.0 0.0 0.0 0.0 1.0 0.0 0.0
43 37 35 0.0 0.0 0.0 0.0 11.0 0.0 0.0
43 37 36 0.0 0.0 0.0 0.0 2167.0 74.0 0.0
43 37 37 0.0 0.0 0.0 0.0 22614.0 661.0 638.0
43 37 38 0.0 0.0 0.0 0.0 47537.0 1238.0 3800.0
43 37 39 0.0 0.0 0.0 0.0 65153.0 1528.0 9552.0
43 37 40 0.0 0.0 0.0 6.0 68947.0 1538.0 12074.0
43 37 41 0.0 0.0 0.0 0.0 64165.0 1480.0 8846.0
43 37 42 0.0 0.0 0.0 1.0 46121.0 1276.0 3333.0
43 37 43 0.0 0.0 0.0 0.0 20472.0 617.0 516.0
43 37 44 0.0 0.0 0.0 0.0 2357.0 82.0 4.0
43 37 45 0.0 0.0 0.0 0.0 16.0 0.0 0.0
43 38 35 0.0 0.0 0.0 0.0 96.0 5.0 0.0
43 38 36 0.0 0.0 0.0 1.0 6691.0 224.0 39.0
43 38 37 0.0 0.0 0.0 8.0 48426.0 1371.0 3868.0
43 38 38 0.0 0.0 0.0 4.0 76428.0 1435.0 19178.0
43 38 39 0.0 0.0 0.0 15.0 81376.0 1339.0 30681.0
43 38 40 0.0 0.0 0.0 4.0 81600.0 1299.0 35522.0
43 38 41 0.0 0.0 0.0 7.0 81038.0 1349.0 30457.0
43 38 42 0.0 0.0 0.0 1.0 74864.0 1508.0 16608.0
43 38 43 0.0 0.0 0.0 2.0 46253.0 1207.0 3540.0
43 38 44 0.0 0.0 0.0 0.0 6592.0 236.0 31.0
43 38 45 0.0 0.0 0.0 0.0 86.0 2.0 1.0
43 39 35 0.0 0.0 0.0 0.0 171.0 3.0 0.0
43 39 36 0.0 0.0 0.0 0.0 12850.0 415.0 175.0
43 39 37 0.0 0.0 0.0 9.0 65320.0 1520.0 9388.0
43 39 38 0.0 0.0 0.0 11.0 81287.0 1341.0 31719.0
43 39 39 0.0 0.0 0.0 10.0 78621.0 1037.0 49180.0
43 39 40 0.0 0.0 0.0 17.0 76537.0 1006.0 55044.0
43 39 41 0.0 0.0 0.0 3.0 78745.0 1097.0 48712.0
43 39 42 0.0 0.0 0.0 1.0 80986.0 1352.0 31282.0
43 39 43 0.0 0.0 0.0 1.0 63318.0 1510.0 8795.0
43 39 44 0.0 0.0 0.0 0.0 11705.0 427.0 141.0
43 39 45 0.0 0.0 0.0 0.0 158.0 5.0 0.0
43 40 35 0.0 0.0 0.0 0.0 192.0 3.0 0.0
43 40 36 0.0 0.0 0.0 0.0 13872.0 464.0 175.0
43 40 37 0.0 0.0 0.0 2.0 68443.0 1506.0 11419.0
43 40 38 0.0 0.0 0.0 5.0 80906.0 1228.0 36607.0
43 40 39 0.0 0.0 0.0 3.0 76713.0 984.0 55074.0
43 40 40 0.0 0.0 0.0 14.0 74509.0 946.0 60265.0
43 40 41 0.0 0.0 0.0 4.0 77001.0 1040.0 54338.0
43 40 42 0.0 0.0 0.0 1.0 81388.0 1284.0 35261.0
43 40 43 0.0 0.0 0.0 1.0 68761.0 1530.0 11423.0
43 40 44 0.0 0.0 0.0 0.0 14185.0 448.0 199.0
43 40 45 0.0 0.0 0.0 0.0 271.0 17.0 0.0
43 41 35 0.0 0.0 0.0 0.0 177.0 3.0 0.0
43 41 36 0.0 0.0 0.0 0.0 12237.0 398.0 148.0
43 41 37 0.0 0.0 0.0 3.0 64800.0 1519.0 9425.0
43 41 38 0.0 0.0 0.0 7.0 81176.0 1341.0 31182.0
43 41 39 0.0 0.0 0.0 5.0 79157.0 1106.0 48926.0
43 41 40 0.0 0.0 0.0 9.0 76686.0 980.0 54181.0
43 41 41 0.0 0.0 0.0 7.0 79077.0 1048.0 48339.0
43 41 42 0.0 0.0 0.0 9.0 80912.0 1355.0 30024.0
43 41 43 0.0 0.0 0.0 1.0 63696.0 1507.0 8728.0
43 41 44 0.0 0.0 0.0 0.0 11459.0 372.0 120.0
43 41 45 0.0 0.0 0.0 0.0 258.0 9.0 0.0
43 42 35 0.0 0.0 0.0 0.0 84.0 3.0 0.0
43 42 36 0.0 0.0 0.0 0.0 6765.0 243.0 38.0
43 42 37 0.0 0.0 0.0 0.0 47851.0 1303.0 3763.0
43 42 38 0.0 0.0 0.0 1.0 74752.0 1525.0 16370.0
43 42 39 0.0 0.0 0.0 2.0 81162.0 1400.0 30106.0
43 42 40 0.0 0.0 0.0 7.0 80523.0 1176.0 35724.0
43 42 41 0.0 0.0 0.0 2.0 80692.0 1360.0 30118.0
43 42 42 0.0 0.0 0.0 1.0 74337.0 1493.0 16001.0
43 42 43 0.0 0.0 0.0 0.0 45006.0 1236.0 3044.0
43 42 44 0.0 0.0 0.0 0.0 6021.0 178.0 30.0
43 42 45 0.0 0.0 0.0 0.0 71.0 3.0 0.0
43 43 35 0.0 0.0 0.0 0.0 16.0 0.0 0.0
43 43 36 0.0 0.0 0.0 0.0 2146.0 77.0 3.0
43 43 37 0.0 0.0 0.0 2.0 20995.0 719.0 507.0
43 43 38 0.0 0.0 0.0 2.0 46659.0 1264.0 3625.0
43 43 39 0.0 0.0 0.0 10.0 62633.0 1490.0 8460.0
43 43 40 0.0 0.0 0.0 0.0 67506.0 1546.0 10676.0
43 43 41 0.0 0.0 0.0 0.0 63268.0 1534.0 8429.0
43 43 42 0.0 0.0 0.0 4.0 46329.0 1275.0 3531.0
43 43 43 0.0 0.0 0.0 0.0 20091.0 658.0 496.0
43 43 44 0.0 0.0 0.0 0.0 2062.0 69.0 1.0
43 43 45 0.0 0.0 0.0 0.0 22.0 0.0 0.0
43 44 35 0.0 0.0 0.0 0.0 2.0 0.0 0.0
43 44 36 0.0 0.0 0.0 0.0 264.0 10.0 0.0
43 44 37 0.0 0.0 0.0 0.0 1986.0 67.0 4.0
43 44 38 0.0 0.0 0.0 0.0 6936.0 238.0 33.0
43 44 39 0.0 0.0 0.0 0.0 11307.0 358.0 130.0
43 44 40 0.0 0.0 0.0 0.0 13598.0 442.0 165.0
43 44 41 0.0 0.0 0.0 0.0 11043.0 369.0 121.0
43 44 42 0.0 0.0 0.0 0.0 6225.0 207.0 32.0
43 44 43 0.0 0.0 0.0 0.0 2063.0 69.0 4.0
43 44 44 0.0 0.0 0.0 0.0 243.0 5.0 0.0
43 44 45 0.0 0.0 0.0 0.0 4.0 0.0 0.0
43 45 36 0.0 0.0 0.0 0.0 4.0 0.0 0.0
43 45 37 0.0 0.0 0.0 0.0 24.0 0.0 0.0
43 45 38 0.0 0.0 0.0 0.0 88.0 4.0 0.0
43 45 39 0.0 0.0 0.0 0.0 161.0 3.0 0.0
43 45 40 0.0 0.0 0.0 0.0 189.0 9.0 0.0
43 45 41 0.0 0.0 0.0 0.0 171.0 4.0 0.0
43 45 42 0.0 0.0 0.0 0.0 79.0 3.0 0.0
43 45 43 0.0 0.0 0.0 0.0 18.0 0.0 0.0
44 35 37 0.0 0.0 0.0 0.0 1.0 0.0 0.0
44 35 38 0.0 0.0 0.0 0.0 15.0 1.0 0.0
44 35 39 0.0 0.0 0.0 0.0 19.0 1.0 0.0
44 35 40 0.0 0.0 0.0 0.0 26.0 0.0 0.0
44 35 41 0.0 0.0 0.0 0.0 17.0 0.0 0.0
44 35 42 0.0 0.0 0.0 0.0 8.0 1.0 0.0
44 35 43 0.0 0.0 0.0 0.0 2.0 0.0 0.0
44 36 36 0.0 0.0 0.0 0.0 40.0 2.0 0.0
44 36 37 0.0 0.0 0.0 0.0 277.0 13.0 0.0
44 36 38 0.0 0.0 0.0 0.0 1245.0 45.0 0.0
44 36 39 0.0 0.0 0.0 0.0 2242.0 97.0 2.0
44 36 40 0.0 0.0 0.0 0.0 2542.0 77.0 5.0
44 36 41 0.0 0.0 0.0 0.0 1883.0 77.0 3.0
44 36 42 0.0 0.0 0.0 0.0 942.0 33.0 0.0
44 36 43 0.0 0.0 0.0 0.0 256.0 10.0 0.0
44 36 44 0.0 0.0 0.0 0.0 33.0 1.0 0.0
44 37 35 0.0 0.0 0.0 0.0 1.0 0.0 0.0
44 37 36 0.0 0.0 0.0 0.0 330.0 14.0 0.0
44 37 37 0.0 0.0 0.0 0.0 2634.0 92.0 6.0
44 37 38 0.0 0.0 0.0 0.0 7079.0 256.0 36.0
44 37 39 0.0 0.0 0.0 0.0 13111.0 440.0 178.0
44 37 40 0.0 0.0 0.0 0.0 13830.0 432.0 193.0
44 37 41 0.0 0.0 0.0 0.0 12170.0 412.0 148.0
44 37 42 0.0 0.0 0.0 0.0 6353.0 176.0 37.0
44 37 43 0.0 0.0 0.0 0.0 1964.0 58.0 3.0
44 37 44 0.0 0.0 0.0 0.0 314.0 10.0 0.0
44 37 45 0.0 0.0 0.0 0.0 1.0 0.0 0.0
44 38 35 0.0 0.0 0.0 0.0 11.0 0.0 0.0
44 38 36 0.0 0.0 0.0 0.0 1087.0 35.0 1.0
44 38 37 0.0 0.0 0.0 0.0 7090.0 233.0 44.0
44 38 38 0.0 0.0 0.0 0.0 18784.0 597.0 348.0
44 38 39 0.0 0.0 0.0 3.0 30143.0 875.0 1113.0
44 38 40 0.0 0.0 0.0 0.0 35177.0 1027.0 1497.0
44 38 41 0.0 0.0 0.0 0.0 30111.0 867.0 1072.0
44 38 42 0.0 0.0 0.0 0.0 18592.0 600.0 347.0
44 38 43 0.0 0.0 0.0 0.0 6436.0 238.0 34.0
44 38 44 0.0 0.0 0.0 0.0 851.0 26.0 0.0
44 38 45 0.0 0.0 0.0 0.0 16.0 0.0 0.0
44 39 35 0.0 0.0 0.0 0.0 22.0 3.0 0.0
44 39 36 0.0 0.0 0.0 0.0 2079.0 81.0 5.0
44 39 37 0.0 0.0 0.0 0.0 12493.0 425.0 136.0
44 39 38 0.0 0.0 0.0 2.0 31588.0 982.0 1191.0
44 39 39 0.0 0.0 0.0 1.0 47005.0 1270.0 3152.0
44 39 40 0.0 0.0 0.0 3.0 51836.0 1389.0 4119.0
44 39 41 0.0 0.0 0.0 1.0 45577.0 1228.0 2997.0
44 39 42 0.0 0.0 0.0 0.0 30271.0 970.0 1046.0
44 39 43 0.0 0.0 0.0 0.0 11834.0 404.0 136.0
44 39 44 0.0 0.0 0.0 0.0 1874.0 58.0 2.0
44 39 45 0.0 0.0 0.0 0.0 22.0 0.0 0.0
44 40 35 0.0 0.0 0.0 0.0 36.0 2.0 0.0
44 40 36 0.0 0.0 0.0 0.0 2477.0 98.0 3.0
44 40 37 0.0 0.0 0.0 0.0 15360.0 527.0 225.0
44 40 38 0.0 0.0 0.0 0.0 35388.0 1010.0 1563.0
44 40 39 0.0 0.0 0.0 0.0 51973.0 1381.0 4317.0
44 40 40 0.0 0.0 0.0 1.0 57252.0 1435.0 5578.0
44 40 41 0.0 0.0 0.0 1.0 51812.0 1362.0 4108.0
44 40 42 0.0 0.0 0.0 0.0 34833.0 1049.0 1593.0
44 40 43 0.0 0.0 0.0 0.0 14250.0 485.0 211.0
44 40 44 0.0 0.0 0.0 0.0 2445.0 81.0 5.0
44 40 45 0.0 0.0 0.0 0.0 29.0 1.0 0.0
44 41 35 0.0 0.0 0.0 0.0 10.0 1.0 0.0
44 41 36 0.0 0.0 0.0 0.0 2129.0 69.0 1.0
44 41 37 0.0 0.0 0.0 0.0 12705.0 452.0 162.0
44 41 38 0.0 0.0 0.0 0.0 30802.0 951.0 1102.0
44 41 39 0.0 0.0 0.0 2.0 46557.0 1321.0 2984.0
44 41 40 0.0 0.0 0.0 1.0 51423.0 1390.0 4111.0
44 41 41 0.0 0.0 0.0 0.0 46216.0 1324.0 2968.0
44 41 42 0.0 0.0 0.0 0.0 29090.0 888.0 995.0
44 41 43 0.0 0.0 0.0 0.0 11995.0 385.0 151.0
44 41 44 0.0 0.0 0.0 0.0 1824.0 64.0 1.0
44 41 45 0.0 0.0 0.0 0.0 18.0 1.0 0.0
44 42 35 0.0 0.0 0.0 0.0 7.0 0.0 0.0
44 42 36 0.0 0.0 0.0 0.0 1078.0 31.0 0.0
44 42 37 0.0 0.0 0.0 0.0 6405.0 218.0 30.0
44 42 38 0.0 0.0 0.0 1.0 18625.0 601.0 322.0
44 42 39 0.0 0.0 0.0 0.0 29982.0 864.0 1031.0
44 42 40 0.0 0.0 0.0 1.0 34424.0 1038.0 1433.0
44 42 41 0.0 0.0 0.0 3.0 30435.0 902.0 1106.0
44 42 42 0.0 0.0 0.0 0.0 17783.0 579.0 320.0
44 42 43 0.0 0.0 0.0 0.0 6415.0 219.0 41.0
44 42 44 0.0 0.0 0.0 0.0 1016.0 35.0 1.0
44 42 45 0.0 0.0 0.0 0.0 9.0 0.0 0.0
44 43 35 0.0 0.0 0.0 0.0 1.0 0.0 0.0
44 43 36 0.0 0.0 0.0 0.0 300.0 7.0 0.0
44 43 37 0.0 0.0 0.0 0.0 2070.0 62.0 2.0
44 43 38 0.0 0.0 0.0 0.0 5872.0 207.0 29.0
44 43 39 0.0 0.0 0.0 0.0 11556.0 362.0 115.0
44 43 40 0.0 0.0 0.0 1.0 13686.0 466.0 180.0
44 43 41 0.0 0.0 0.0 0.0 11233.0 362.0 105.0
44 43 42 0.0 0.0 0.0 0.0 5982.0 204.0 31.0
44 43 43 0.0 0.0 0.0 0.0 1991.0 70.0 1.0
44 43 44 0.0 0.0 0.0 0.0 328.0 12.0 0.0
44 43 45 0.0 0.0 0.0 0.0 3.0 0.0 0.0
44 44 36 0.0 0.0 0.0 0.0 31.0 1.0 0.0
44 44 37 0.0 0.0 0.0 0.0 271.0 7.0 0.0
44 44 38 0.0 0.0 0.0 0.0 992.0 28.0 1.0
44 44 39 0.0 0.0 0.0 0.0 1836.0 54.0 1.0
44 44 40 0.0 0.0 0.0 0.0 2281.0 89.0 3.0
44 44 41 0.0 0.0 0.0 0.0 1833.0 73.0 3.0
44 44 42 0.0 0.0 0.0 0.0 889.0 29.0 0.0
44 44 43 0.0 0.0 0.0 0.0 322.0 14.0 1.0
44 44 44 0.0 0.0 0.0 0.0 26.0 0.0 0.0
44 45 36 0.0 0.0 0.0 0.0 1.0 0.0 0.0
44 45 37 0.0 0.0 0.0 0.0 1.0 0.0 0.0
44 45 38 0.0 0.0 0.0 0.0 4.0 0.0 0.0
44 45 39 0.0 0.0 0.0 0.0 11.0 0.0 0.0
44 45 40 0.0 0.0 0.0 0.0 19.0 0.0 0.0
44 45 41 0.0 0.0 0.0 0.0 26.0 2.0 0.0
44 45 42 0.0 0.0 0.0 0.0 14.0 1.0 0.0
44 45 43 0.0 0.0 0.0 0.0 3.0 0.0 0.0
45 35 43 0.0 0.0 0.0 0.0 1.0 0.0 0.0
45 36 37 0.0 0.0 0.0 0.0 1.0 0.0 0.0
45 36 38 0.0 0.0 0.0 0.0 8.0 0.0 0.0
45 36 39 0.0 0.0 0.0 0.0 22.0 0.0 0.0
45 36 40 0.0 0.0 0.0 0.0 24.0 2.0 0.0
45 36 41 0.0 0.0 0.0 0.0 11.0 0.0 0.0
45 36 42 0.0 0.0 0.0 0.0 15.0 1.0 0.0
45 37 37 0.0 0.0 0.0 0.0 25.0 2.0 0.0
45 37 38 0.0 0.0 0.0 0.0 104.0 2.0 0.0
45 37 39 0.0 0.0 0.0 0.0 170.0 5.0 0.0
45 37 40 0.0 0.0 0.0 0.0 271.0 8.0 0.0
45 37 41 0.0 0.0 0.0 0.0 236.0 9.0 0.0
45 37 42 0.0 0.0 0.0 0.0 96.0 4.0 0.0
45 37 43 0.0 0.0 0.0 0.0 18.0 1.0 0.0
45 37 44 0.0 0.0 0.0 0.0 2.0 0.0 0.0
45 38 36 0.0 0.0 0.0 0.0 5.0 0.0 0.0
45 38 37 0.0 0.0 0.0 0.0 122.0 4.0 0.0
45 38 38 0.0 0.0 0.0 0.0 426.0 17.0 0.0
45 38 39 0.0 0.0 0.0 0.0 810.0 28.0 0.0
45 38 40 0.0 0.0 0.0 0.0 919.0 31.0 2.0
45 38 41 0.0 0.0 0.0 0.0 733.0 22.0 2.0
45 38 42 0.0 0.0 0.0 0.0 402.0 11.0 1.0
45 38 43 0.0 0.0 0.0 0.0 88.0 0.0 0.0
45 38 44 0.0 0.0 0.0 0.0 7.0 1.0 0.0
45 39 35 0.0 0.0 0.0 0.0 1.0 0.0 0.0
45 39 36 0.0 0.0 0.0 0.0 26.0 1.0 0.0
45 39 37 0.0 0.0 0.0 0.0 181.0 8.0 0.0
45 39 38 0.0 0.0 0.0 0.0 805.0 20.0 1.0
45 39 39 0.0 0.0 0.0 0.0 1675.0 51.0 0.0
45 39 40 0.0 0.0 0.0 0.0 1949.0 63.0 2.0
45 39 41 0.0 0.0 0.0 0.0 1655.0 54.0 2.0
45 39 42 0.0 0.0 0.0 0.0 781.0 25.0 0.0
45 39 43 0.0 0.0 0.0 0.0 197.0 9.0 0.0
45 39 44 0.0 0.0 0.0 0.0 16.0 2.0 0.0
45 40 36 0.0 0.0 0.0 0.0 35.0 3.0 0.0
45 40 37 0.0 0.0 0.0 0.0 313.0 9.0 0.0
45 40 38 0.0 0.0 0.0 0.0 1046.0 34.0 0.0
45 40 39 0.0 0.0 0.0 0.0 2066.0 76.0 1.0
45 40 40 0.0 0.0 0.0 0.0 2384.0 86.0 2.0
45 40 41 0.0 0.0 0.0 0.0 1944.0 66.0 5.0
45 40 42 0.0 0.0 0.0 0.0 876.0 27.0 1.0
45 40 43 0.0 0.0 0.0 0.0 235.0 11.0 0.0
45 40 44 0.0 0.0 0.0 0.0 23.0 0.0 0.0
45 41 36 0.0 0.0 0.0 0.0 16.0 0.0 0.0
45 41 37 0.0 0.0 0.0 0.0 190.0 10.0 0.0
45 41 38 0.0 0.0 0.0 0.0 805.0 26.0 0.0
45 41 39 0.0 0.0 0.0 0.0 1570.0 66.0 0.0
45 41 40 0.0 0.0 0.0 0.0 2027.0 59.0 2.0
45 41 41 0.0 0.0 0.0 0.0 1514.0 54.0 0.0
45 41 42 0.0 0.0 0.0 0.0 649.0 23.0 0.0
45 41 43 0.0 0.0 0.0 0.0 172.0 11.0 0.0
45 41 44 0.0 0.0 0.0 0.0 22.0 0.0 0.0
45 42 36 0.0 0.0 0.0 0.0 8.0 0.0 0.0
45 42 37 0.0 0.0 0.0 0.0 110.0 3.0 0.0
45 42 38 0.0 0.0 0.0 0.0 410.0 9.0 0.0
45 42 39 0.0 0.0 0.0 0.0 762.0 19.0 0.0
45 42 40 0.0 0.0 0.0 0.0 989.0 20.0 0.0
45 42 41 0.0 0.0 0.0 0.0 792.0 33.0 0.0
45 42 42 0.0 0.0 0.0 0.0 383.0 10.0 0.0
45 42 43 0.0 0.0 0.0 0.0 69.0 1.0 0.0
45 42 44 0.0 0.0 0.0 0.0 10.0 1.0 0.0
45 43 36 0.0 0.0 0.0 0.0 1.0 0.0 0.0
45 43 37 0.0 0.0 0.0 0.0 9.0 0.0 0.0
45 43 38 0.0 0.0 0.0 0.0 116.0 2.0 0.0
45 43 39 0.0 0.0 0.0 0.0 170.0 5.0 0.0
45 43 40 0.0 0.0 0.0 0.0 247.0 9.0 0.0
45 43 41 0.0 0.0 0.0 0.0 183.0 4.0 0.0
45 43 42 0.0 0.0 0.0 0.0 116.0 5.0 0.0
45 43 43 0.0 0.0 0.0 0.0 15.0 0.0 0.0
45 44 37 0.0 0.0 0.0 0.0 1.0 0.0 0.0
45 44 39 0.0 0.0 0.0 0.0 15.0 1.0 0.0
45 44 40 0.0 0.0 0.0 0.0 26.0 1.0 0.0
45 44 41 0.0 0.0 0.0 0.0 15.0 1.0 0.0
45 44 42 0.0 0.0 0.0 0.0 10.0 1.0 0.0
45 44 43 0.0 0.0 0.0 0.0 3.0 0.0 0.0
45 45 39 0.0 0.0 0.0 0.0 1.0 0.0 0.0
46 38 41 0.0 0.0 0.0 0.0 1.0 0.0 0.0
46 39 39 0.0 0.0 0.0 0.0 1.0 0.0 0.0
46 39 40 0.0 0.0 0.0 0.0 1.0 0.0 0.0
46 39 41 0.0 0.0 0.0 0.0 1.0 0.0 0.0
46 41 38 0.0 0.0 0.0 0.0 1.0 0.0 0.0
46 41 40 0.0 0.0 0.0 0.0 3.0 0.0 0.0
46 42 39 0.0 0.0 0.0 0.0 1.0 0.0 0.0
46 42 40 0.0 0.0 0.0 0.0 3.0 0.0 0.0
