38 41 39 0.0 0.0 0.0 0.0 1.0 0.0 0.0
38 42 40 0.0 0.0 0.0 0.0 1.0 0.0 0.0
39 39 39 0.0 0.0 0.0 11.0 596.0 22.0 0.0
39 39 40 0.0 0.0 0.0 10.0 1015.0 37.0 1.0
39 39 41 0.0 0.0 0.0 3.0 663.0 21.0 0.0
39 39 42 0.0 0.0 0.0 0.0 1.0 0.0 0.0
39 40 39 0.0 0.0 0.0 12.0 726.0 27.0 0.0
39 40 40 0.0 0.0 0.0 4.0 1152.0 38.0 1.0
39 40 41 0.0 0.0 0.0 3.0 835.0 35.0 1.0
39 41 39 0.0 0.0 0.0 0.0 550.0 21.0 0.0
39 41 40 0.0 0.0 0.0 17.0 1002.0 42.0 0.0
39 41 41 0.0 0.0 0.0 7.0 617.0 27.0 0.0
39 42 42 0.0 0.0 0.0 0.0 1.0 0.0 0.0
40 39 39 0.0 0.0 0.0 2.0 800.0 31.0 0.0
40 39 40 0.0 0.0 0.0 10.0 1047.0 41.0 1.0
40 39 41 0.0 0.0 0.0 15.0 860.0 35.0 0.0
40 40 39 0.0 0.0 0.0 3.0 1019.0 33.0 2.0
40 40 40 0.0 0.0 0.0 371.0 52589.0 1319.0 7266.0
40 40 41 0.0 0.0 0.0 1.0 1133.0 48.0 0.0
40 41 39 0.0 0.0 0.0 0.0 895.0 38.0 1.0
40 41 40 0.0 0.0 0.0 2.0 1214.0 36.0 1.0
40 41 41 0.0 0.0 0.0 5.0 792.0 29.0 0.0
41 39 39 0.0 0.0 0.0 2.0 775.0 15.0 0.0
41 39 40 0.0 0.0 0.0 3.0 826.0 31.0 1.0
41 39 41 0.0 0.0 0.0 1.0 669.0 20.0 1.0
41 40 39 0.0 0.0 0.0 6.0 845.0 22.0 0.0
41 40 40 0.0 0.0 0.0 8.0 1558.0 46.0 6.0
41 40 41 0.0 0.0 0.0 2.0 741.0 29.0 1.0
41 41 39 0.0 0.0 0.0 5.0 672.0 22.0 0.0
41 41 40 0.0 0.0 0.0 0.0 732.0 29.0 0.0
41 41 41 0.0 0.0 0.0 3.0 594.0 19.0 0.0
42 40 40 0.0 0.0 0.0 0.0 2.0 0.0 0.0
42 40 42 0.0 0.0 0.0 0.0 1.0 0.0 0.0
