36 37 41 0.0 0.0 0.0 0.0 4.0 0.0 0.0
36 38 40 0.0 0.0 0.0 0.0 2.0 0.0 0.0
36 39 40 0.0 0.0 0.0 0.0 1.0 0.0 0.0
36 39 41 0.0 0.0 0.0 1.0 1.0 0.0 0.0
36 39 42 0.0 0.0 0.0 0.0 2.0 0.0 0.0
36 40 40 0.0 0.0 0.0 0.0 2.0 0.0 0.0
36 40 41 0.0 0.0 0.0 0.0 1.0 0.0 0.0
36 41 39 0.0 0.0 0.0 0.0 1.0 0.0 0.0
36 41 41 0.0 0.0 0.0 0.0 1.0 0.0 0.0
36 41 42 0.0 0.0 0.0 0.0 1.0 0.0 0.0
36 42 40 0.0 0.0 0.0 0.0 2.0 0.0 0.0
36 42 41 0.0 0.0 0.0 0.0 1.0 0.0 0.0
37 37 37 0.0 0.0 0.0 0.0 7.0 0.0 0.0
37 37 38 0.0 0.0 0.0 4.0 33.0 1.0 0.0
37 37 39 0.0 0.0 1.0 5.0 93.0 2.0 0.0
37 37 40 0.0 1.0 0.0 15.0 108.0 1.0 0.0
37 37 41 0.0 0.0 0.0 1.0 84.0 1.0 0.0
37 37 42 0.0 0.0 0.0 7.0 47.0 1.0 0.0
37 37 43 0.0 0.0 0.0 1.0 10.0 0.0 0.0
37 38 37 0.0 0.0 1.0 2.0 42.0 1.0 0.0
37 38 38 0.0 0.0 4.0 19.0 260.0 4.0 0.0
37 38 39 0.0 0.0 1.0 62.0 672.0 14.0 0.0
37 38 40 0.0 0.0 4.0 73.0 668.0 10.0 2.0
37 38 41 0.0 0.0 3.0 63.0 610.0 15.0 0.0
37 38 42 0.0 0.0 0.0 28.0 164.0 1.0 0.0
37 38 43 0.0 0.0 0.0 2.0 17.0 2.0 0.0
37 39 37 0.0 0.0 0.0 12.0 106.0 3.0 0.0
37 39 38 0.0 0.0 2.0 67.0 517.0 9.0 2.0
37 39 39 0.0 2.0 8.0 198.0 1471.0 21.0 7.0
37 39 40 0.0 7.0 18.0 289.0 2088.0 53.0 7.0
37 39 41 0.0 4.0 28.0 133.0 1554.0 27.0 5.0
37 39 42 0.0 0.0 2.0 85.0 695.0 11.0 0.0
37 39 43 0.0 0.0 0.0 3.0 96.0 2.0 0.0
37 40 37 0.0 0.0 0.0 13.0 110.0 3.0 0.0
37 40 38 0.0 3.0 4.0 106.0 878.0 21.0 1.0
37 40 39 0.0 5.0 16.0 255.0 1865.0 35.0 5.0
37 40 40 0.0 12.0 14.0 334.0 2422.0 51.0 8.0
37 40 41 0.0 0.0 19.0 227.0 1919.0 38.0 7.0
37 40 42 0.0 6.0 4.0 95.0 748.0 16.0 1.0
37 40 43 0.0 1.0 1.0 18.0 131.0 2.0 0.0
37 41 37 0.0 0.0 2.0 17.0 64.0 1.0 0.0
37 41 38 0.0 3.0 3.0 92.0 489.0 14.0 1.0
37 41 39 0.0 4.0 12.0 196.0 1305.0 25.0 5.0
37 41 40 0.0 5.0 15.0 205.0 2010.0 40.0 5.0
37 41 41 0.0 4.0 15.0 226.0 1549.0 34.0 3.0
37 41 42 0.0 1.0 11.0 60.0 608.0 8.0 0.0
37 41 43 0.0 0.0 0.0 5.0 80.0 4.0 0.0
37 42 37 0.0 0.0 0.0 4.0 10.0 0.0 0.0
37 42 38 0.0 2.0 0.0 28.0 199.0 3.0 0.0
37 42 39 0.0 2.0 7.0 65.0 569.0 11.0 0.0
37 42 40 0.0 0.0 3.0 107.0 784.0 20.0 0.0
37 42 41 0.0 0.0 3.0 96.0 547.0 12.0 2.0
37 42 42 0.0 0.0 0.0 29.0 212.0 5.0 0.0
37 42 43 0.0 0.0 0.0 0.0 34.0 0.0 0.0
37 43 37 0.0 0.0 0.0 2.0 4.0 0.0 0.0
37 43 38 0.0 0.0 1.0 1.0 41.0 0.0 0.0
37 43 39 0.0 0.0 1.0 2.0 70.0 0.0 0.0
37 43 40 0.0 0.0 2.0 2.0 106.0 4.0 0.0
37 43 41 0.0 0.0 2.0 15.0 93.0 2.0 0.0
37 43 42 0.0 0.0 0.0 3.0 51.0 0.0 0.0
37 43 43 0.0 0.0 0.0 0.0 2.0 0.0 0.0
38 36 38 0.0 0.0 0.0 0.0 2.0 0.0 0.0
38 36 40 0.0 0.0 0.0 0.0 2.0 0.0 0.0
38 37 37 0.0 0.0 0.0 3.0 50.0 2.0 0.0
38 37 38 0.0 1.0 3.0 43.0 304.0 5.0 0.0
38 37 39 0.0 0.0 6.0 116.0 759.0 11.0 0.0
38 37 40 0.0 4.0 11.0 155.0 873.0 17.0 2.0
38 37 41 0.0 1.0 5.0 83.0 710.0 16.0 0.0
38 37 42 0.0 0.0 0.0 27.0 208.0 8.0 0.0
38 37 43 0.0 0.0 0.0 0.0 19.0 1.0 0.0
38 38 37 0.0 0.0 1.0 9.0 261.0 4.0 0.0
38 38 38 0.0 12.0 67.0 573.0 7458.0 138.0 146.0
38 38 39 0.0 11.0 57.0 1690.0 15390.0 277.0 731.0
38 38 40 0.0 25.0 126.0 1501.0 20205.0 362.0 1272.0
38 38 41 0.0 18.0 82.0 1362.0 14777.0 257.0 672.0
38 38 42 0.0 1.0 9.0 580.0 6558.0 119.0 104.0
38 38 43 0.0 0.0 0.0 35.0 255.0 4.0 0.0
38 38 44 0.0 0.0 0.0 0.0 1.0 0.0 0.0
38 39 36 0.0 0.0 0.0 0.0 1.0 0.0 0.0
38 39 37 0.0 3.0 5.0 65.0 644.0 10.0 1.0
38 39 38 0.0 20.0 98.0 2002.0 14924.0 282.0 666.0
38 39 39 0.0 57.0 209.0 4050.0 27928.0 455.0 3205.0
38 39 40 0.0 45.0 297.0 4061.0 34357.0 539.0 5199.0
38 39 41 0.0 31.0 201.0 2808.0 27675.0 429.0 2829.0
38 39 42 1.0 25.0 119.0 1770.0 13897.0 257.0 561.0
38 39 43 0.0 0.0 2.0 66.0 661.0 16.0 0.0
38 40 36 0.0 0.0 0.0 0.0 1.0 0.0 0.0
38 40 37 0.0 1.0 1.0 74.0 657.0 11.0 1.0
38 40 38 0.0 45.0 121.0 2633.0 17570.0 318.0 1008.0
38 40 39 0.0 74.0 271.0 4319.0 34467.0 529.0 4947.0
38 40 40 0.0 63.0 301.0 5535.0 40445.0 598.0 8526.0
38 40 41 0.0 58.0 298.0 3391.0 35130.0 540.0 5352.0
38 40 42 0.0 19.0 192.0 1715.0 19007.0 342.0 1072.0
38 40 43 0.0 0.0 8.0 55.0 697.0 13.0 0.0
38 40 44 0.0 0.0 0.0 0.0 2.0 0.0 0.0
38 41 37 0.0 0.0 9.0 68.0 552.0 12.0 0.0
38 41 38 0.0 64.0 110.0 1930.0 12781.0 240.0 532.0
38 41 39 0.0 66.0 145.0 3340.0 27100.0 441.0 2605.0
38 41 40 0.0 48.0 346.0 4383.0 34592.0 539.0 5454.0
38 41 41 0.0 200.0 240.0 5136.0 26838.0 487.0 3204.0
38 41 42 0.0 18.0 131.0 1216.0 13246.0 239.0 489.0
38 41 43 0.0 0.0 8.0 71.0 554.0 8.0 1.0
38 41 44 0.0 0.0 0.0 0.0 1.0 0.0 0.0
38 42 37 0.0 0.0 0.0 18.0 189.0 2.0 0.0
38 42 38 0.0 2.0 49.0 591.0 5748.0 95.0 103.0
38 42 39 0.0 26.0 135.0 1475.0 13812.0 230.0 524.0
38 42 40 0.0 50.0 177.0 1689.0 18459.0 329.0 1031.0
38 42 41 0.0 19.0 108.0 1595.0 14773.0 269.0 630.0
38 42 42 0.0 2.0 64.0 608.0 6943.0 112.0 141.0
38 42 43 0.0 0.0 1.0 18.0 221.0 8.0 0.0
38 43 37 0.0 0.0 0.0 2.0 20.0 1.0 0.0
38 43 38 0.0 0.0 0.0 33.0 174.0 2.0 0.0
38 43 39 0.0 5.0 1.0 90.0 519.0 10.0 0.0
38 43 40 0.0 0.0 3.0 96.0 681.0 18.0 1.0
38 43 41 0.0 2.0 2.0 63.0 531.0 9.0 0.0
38 43 42 0.0 0.0 2.0 20.0 238.0 3.0 0.0
38 43 43 0.0 0.0 0.0 5.0 28.0 1.0 0.0
38 44 39 0.0 0.0 0.0 0.0 1.0 0.0 0.0
39 36 38 0.0 0.0 0.0 0.0 1.0 0.0 0.0
39 36 39 0.0 0.0 0.0 0.0 5.0 0.0 0.0
39 36 40 0.0 0.0 0.0 0.0 1.0 0.0 0.0
39 36 41 0.0 0.0 0.0 0.0 1.0 0.0 0.0
39 37 37 0.0 0.0 1.0 3.0 91.0 4.0 0.0
39 37 38 0.0 4.0 6.0 111.0 766.0 11.0 1.0
39 37 39 0.0 0.0 10.0 309.0 1739.0 30.0 3.0
39 37 40 0.0 5.0 24.0 361.0 2227.0 39.0 9.0
39 37 41 0.0 2.0 5.0 268.0 1614.0 30.0 2.0
39 37 42 0.0 0.0 3.0 90.0 569.0 6.0 0.0
39 37 43 0.0 0.0 1.0 8.0 74.0 2.0 0.0
39 38 37 0.0 0.0 2.0 50.0 683.0 14.0 1.0
39 38 38 0.0 26.0 76.0 1210.0 15378.0 254.0 647.0
39 38 39 0.0 124.0 257.0 6120.0 30144.0 498.0 4580.0
39 38 40 0.0 61.0 214.0 6073.0 35290.0 535.0 6335.0
39 38 41 0.0 90.0 175.0 4953.0 27989.0 446.0 3473.0
39 38 42 0.0 9.0 69.0 1435.0 13475.0 220.0 517.0
39 38 43 0.0 0.0 8.0 95.0 679.0 16.0 1.0
39 39 36 0.0 0.0 0.0 0.0 1.0 0.0 0.0
39 39 37 0.0 8.0 7.0 123.0 1540.0 24.0 4.0
39 39 38 0.0 53.0 243.0 3105.0 29665.0 452.0 3373.0
39 39 39 0.0 93.0 413.0 4754.0 41188.0 438.0 46599.0
39 39 40 0.0 93.0 420.0 4953.0 43053.0 453.0 48803.0
39 39 41 0.0 63.0 299.0 4504.0 42611.0 453.0 44190.0
39 39 42 0.0 41.0 184.0 3211.0 29022.0 476.0 3283.0
39 39 43 0.0 2.0 21.0 134.0 1335.0 21.0 2.0
39 39 44 0.0 0.0 0.0 0.0 2.0 0.0 0.0
39 40 37 0.0 4.0 8.0 185.0 1834.0 42.0 6.0
39 40 38 0.0 79.0 186.0 4022.0 35035.0 501.0 5319.0
39 40 39 0.0 167.0 371.0 7093.0 41728.0 480.0 46922.0
39 40 40 0.0 95.0 418.0 5828.0 41270.0 466.0 57617.0
39 40 41 0.0 81.0 440.0 5295.0 44204.0 476.0 45580.0
39 40 42 0.0 59.0 347.0 3873.0 34345.0 556.0 4989.0
39 40 43 0.0 0.0 15.0 249.0 1851.0 29.0 7.0
39 40 44 0.0 0.0 0.0 0.0 5.0 0.0 0.0
39 41 37 0.0 0.0 7.0 176.0 1493.0 30.0 5.0
39 41 38 0.0 26.0 202.0 3202.0 27613.0 419.0 2759.0
39 41 39 0.0 65.0 334.0 4959.0 43447.0 470.0 40536.0
39 41 40 1.0 63.0 409.0 4484.0 43713.0 447.0 48188.0
39 41 41 0.0 72.0 548.0 4580.0 42812.0 460.0 43070.0
39 41 42 0.0 27.0 203.0 3470.0 27806.0 470.0 2959.0
39 41 43 0.0 0.0 8.0 187.0 1486.0 33.0 2.0
39 42 37 0.0 0.0 4.0 64.0 426.0 7.0 0.0
39 42 38 0.0 10.0 72.0 1565.0 14069.0 254.0 572.0
39 42 39 0.0 86.0 226.0 3201.0 27666.0 445.0 2738.0
39 42 40 0.0 52.0 350.0 3744.0 34420.0 542.0 4950.0
39 42 41 0.0 87.0 263.0 3281.0 28133.0 469.0 3095.0
39 42 42 0.0 18.0 253.0 1767.0 15637.0 283.0 685.0
39 42 43 0.0 0.0 5.0 47.0 557.0 12.0 1.0
39 43 37 0.0 0.0 0.0 6.0 52.0 1.0 0.0
39 43 38 0.0 0.0 1.0 53.0 510.0 7.0 1.0
39 43 39 0.0 1.0 14.0 199.0 1363.0 18.0 3.0
39 43 40 0.0 3.0 17.0 280.0 1864.0 45.0 2.0
39 43 41 0.0 0.0 18.0 175.0 1540.0 26.0 6.0
39 43 42 0.0 1.0 7.0 56.0 579.0 14.0 1.0
39 43 43 0.0 0.0 0.0 3.0 110.0 1.0 0.0
39 44 40 0.0 0.0 0.0 0.0 1.0 0.0 0.0
40 36 39 0.0 0.0 0.0 0.0 2.0 0.0 0.0
40 37 37 0.0 1.0 0.0 14.0 134.0 4.0 0.0
40 37 38 0.0 2.0 4.0 218.0 1050.0 28.0 2.0
40 37 39 0.0 3.0 2.0 376.0 2219.0 47.0 13.0
40 37 40 0.0 2.0 28.0 491.0 2935.0 63.0 12.0
40 37 41 0.0 3.0 22.0 402.0 1926.0 36.0 7.0
40 37 42 0.0 0.0 5.0 121.0 815.0 18.0 1.0
40 37 43 0.0 0.0 1.0 7.0 103.0 1.0 0.0
40 38 37 0.0 4.0 3.0 109.0 844.0 10.0 3.0
40 38 38 0.0 21.0 116.0 1960.0 20449.0 320.0 1403.0
40 38 39 0.0 70.0 256.0 5926.0 33809.0 552.0 5583.0
40 38 40 0.0 62.0 302.0 7258.0 39877.0 559.0 9742.0
40 38 41 0.0 69.0 247.0 6317.0 32922.0 545.0 5513.0
40 38 42 0.0 14.0 264.0 1833.0 19371.0 324.0 1131.0
40 38 43 0.0 0.0 5.0 133.0 751.0 16.0 1.0
40 38 44 0.0 0.0 0.0 0.0 1.0 0.0 0.0
40 39 37 0.0 0.0 16.0 151.0 2326.0 46.0 8.0
40 39 38 0.0 26.0 227.0 3672.0 35669.0 499.0 5482.0
40 39 39 0.0 62.0 323.0 4443.0 42713.0 425.0 50113.0
40 39 40 0.0 210.0 283.0 9634.0 33944.0 333.0 63918.0
40 39 41 0.0 54.0 429.0 5760.0 43607.0 475.0 46046.0
40 39 42 0.0 43.0 260.0 4590.0 33884.0 509.0 5103.0
40 39 43 0.0 2.0 15.0 221.0 2040.0 40.0 4.0
40 39 44 0.0 0.0 0.0 0.0 3.0 0.0 0.0
40 40 36 0.0 0.0 0.0 0.0 1.0 0.0 0.0
40 40 37 0.0 2.0 15.0 274.0 2633.0 53.0 7.0
40 40 38 0.0 79.0 332.0 4522.0 41282.0 595.0 8434.0
40 40 39 0.0 113.0 354.0 5393.0 42109.0 395.0 57100.0
40 40 40 0.0 52.0 262.0 3005.0 23634.0 164.0 104367.0
40 40 41 0.0 102.0 431.0 5917.0 40426.0 363.0 58536.0
40 40 42 0.0 37.0 402.0 4593.0 41208.0 592.0 8436.0
40 40 43 0.0 2.0 26.0 312.0 2509.0 49.0 11.0
40 40 44 0.0 0.0 0.0 1.0 1.0 0.0 0.0
40 41 36 0.0 0.0 0.0 0.0 1.0 0.0 0.0
40 41 37 0.0 0.0 6.0 187.0 2253.0 41.0 5.0
40 41 38 0.0 73.0 233.0 4226.0 34124.0 514.0 5042.0
40 41 39 0.0 59.0 511.0 4493.0 43767.0 460.0 48108.0
40 41 40 0.0 91.0 437.0 5209.0 42011.0 429.0 57228.0
40 41 41 0.0 65.0 464.0 5351.0 42825.0 414.0 49143.0
40 41 42 0.0 41.0 325.0 3810.0 34884.0 514.0 5114.0
40 41 43 0.0 17.0 30.0 339.0 2225.0 53.0 14.0
40 41 44 0.0 0.0 0.0 0.0 3.0 0.0 0.0
40 42 37 0.0 1.0 5.0 82.0 716.0 16.0 2.0
40 42 38 0.0 9.0 154.0 1447.0 18916.0 324.0 999.0
40 42 39 0.0 38.0 294.0 4270.0 33727.0 504.0 4947.0
40 42 40 0.0 87.0 427.0 4996.0 39921.0 555.0 7929.0
40 42 41 0.0 52.0 310.0 3861.0 34529.0 510.0 4998.0
40 42 42 0.0 28.0 201.0 2102.0 19443.0 346.0 1228.0
40 42 43 0.0 0.0 8.0 105.0 773.0 9.0 1.0
40 42 44 0.0 0.0 0.0 0.0 1.0 0.0 0.0
40 43 37 0.0 0.0 0.0 11.0 102.0 3.0 0.0
40 43 38 0.0 0.0 8.0 69.0 716.0 12.0 1.0
40 43 39 0.0 12.0 13.0 276.0 2025.0 44.0 2.0
40 43 40 0.0 2.0 34.0 312.0 2347.0 45.0 7.0
40 43 41 0.0 1.0 6.0 221.0 2087.0 38.0 7.0
40 43 42 0.0 6.0 7.0 100.0 783.0 14.0 1.0
40 43 43 0.0 0.0 5.0 13.0 108.0 1.0 0.0
40 43 44 0.0 0.0 0.0 0.0 1.0 0.0 0.0
40 44 38 0.0 0.0 0.0 0.0 1.0 0.0 0.0
40 44 39 0.0 0.0 0.0 0.0 1.0 0.0 0.0
40 44 40 0.0 0.0 0.0 0.0 2.0 0.0 0.0
40 44 41 0.0 0.0 0.0 0.0 1.0 0.0 0.0
41 36 39 0.0 0.0 0.0 0.0 1.0 0.0 0.0
41 36 40 0.0 0.0 0.0 0.0 1.0 0.0 0.0
41 36 41 0.0 0.0 0.0 0.0 2.0 0.0 0.0
41 36 42 0.0 0.0 0.0 0.0 2.0 0.0 0.0
41 37 37 0.0 0.0 0.0 27.0 81.0 3.0 0.0
41 37 38 0.0 2.0 6.0 88.0 667.0 10.0 1.0
41 37 39 0.0 4.0 8.0 248.0 1706.0 39.0 6.0
41 37 40 0.0 11.0 5.0 432.0 1891.0 28.0 10.0
41 37 41 0.0 6.0 7.0 335.0 1532.0 24.0 8.0
41 37 42 0.0 8.0 1.0 115.0 489.0 18.0 0.0
41 37 43 0.0 0.0 0.0 4.0 87.0 1.0 0.0
41 38 37 0.0 0.0 3.0 68.0 645.0 11.0 0.0
41 38 38 0.0 6.0 64.0 1305.0 14470.0 239.0 624.0
41 38 39 0.0 116.0 141.0 5660.0 27231.0 487.0 3438.0
41 38 40 0.0 92.0 177.0 6815.0 32638.0 540.0 5426.0
41 38 41 0.0 184.0 170.0 6725.0 26609.0 494.0 3675.0
41 38 42 0.0 26.0 117.0 1539.0 14319.0 233.0 557.0
41 38 43 0.0 0.0 8.0 65.0 550.0 9.0 0.0
41 39 36 0.0 0.0 0.0 0.0 2.0 0.0 0.0
41 39 37 0.0 1.0 20.0 156.0 1718.0 29.0 3.0
41 39 38 0.0 28.0 261.0 3071.0 29733.0 492.0 3444.0
41 39 39 0.0 88.0 347.0 5305.0 42428.0 467.0 42892.0
41 39 40 1.0 78.0 377.0 6138.0 43701.0 456.0 45518.0
41 39 41 0.0 47.0 456.0 5099.0 41933.0 449.0 43521.0
41 39 42 0.0 57.0 240.0 3355.0 28721.0 465.0 3126.0
41 39 43 0.0 0.0 14.0 206.0 1528.0 25.0 6.0
41 39 44 0.0 0.0 0.0 0.0 4.0 0.0 0.0
41 40 36 0.0 0.0 0.0 0.0 2.0 0.0 0.0
41 40 37 0.0 2.0 15.0 199.0 1914.0 23.0 8.0
41 40 38 0.0 25.0 259.0 3128.0 36162.0 559.0 5392.0
41 40 39 0.0 47.0 439.0 3855.0 42466.0 395.0 51217.0
41 40 40 0.0 107.0 495.0 5078.0 41812.0 392.0 57710.0
41 40 41 0.0 84.0 452.0 5535.0 42655.0 451.0 48103.0
41 40 42 0.0 42.0 289.0 4211.0 34140.0 513.0 5139.0
41 40 43 0.0 2.0 18.0 220.0 2025.0 33.0 11.0
41 41 37 0.0 3.0 10.0 190.0 1536.0 25.0 3.0
41 41 38 0.0 15.0 237.0 2635.0 29181.0 474.0 2925.0
41 41 39 0.0 30.0 363.0 4280.0 43963.0 452.0 41180.0
41 41 40 0.0 54.0 535.0 5408.0 43514.0 445.0 46807.0
41 41 41 0.0 50.0 521.0 4054.0 42440.0 383.0 45321.0
41 41 42 0.0 37.0 370.0 3276.0 28596.0 463.0 3077.0
41 41 43 0.0 0.0 15.0 162.0 1505.0 31.0 6.0
41 42 37 0.0 0.0 7.0 44.0 594.0 16.0 0.0
41 42 38 0.0 37.0 115.0 1638.0 14279.0 253.0 662.0
41 42 39 0.0 15.0 288.0 2908.0 28118.0 430.0 2871.0
41 42 40 0.0 21.0 312.0 3570.0 35585.0 578.0 5397.0
41 42 41 0.0 57.0 253.0 3813.0 28543.0 467.0 3329.0
41 42 42 0.0 3.0 181.0 1515.0 14923.0 250.0 648.0
41 42 43 0.0 4.0 4.0 85.0 621.0 18.0 1.0
41 43 37 0.0 2.0 0.0 12.0 88.0 1.0 0.0
41 43 38 0.0 0.0 11.0 68.0 614.0 13.0 0.0
41 43 39 0.0 6.0 6.0 152.0 1490.0 19.0 2.0
41 43 40 0.0 4.0 18.0 205.0 1869.0 37.0 4.0
41 43 41 0.0 0.0 34.0 175.0 1533.0 35.0 0.0
41 43 42 0.0 0.0 1.0 50.0 518.0 13.0 0.0
41 43 43 0.0 0.0 1.0 4.0 111.0 1.0 0.0
41 44 38 0.0 0.0 0.0 0.0 1.0 0.0 0.0
41 44 40 0.0 0.0 0.0 0.0 2.0 0.0 0.0
41 44 41 0.0 0.0 0.0 0.0 2.0 0.0 0.0
41 44 42 0.0 0.0 0.0 0.0 1.0 0.0 0.0
42 36 40 0.0 0.0 0.0 0.0 1.0 0.0 0.0
42 37 37 0.0 0.0 0.0 1.0 38.0 0.0 0.0
42 37 38 0.0 0.0 0.0 26.0 197.0 2.0 0.0
42 37 39 0.0 2.0 2.0 101.0 602.0 14.0 0.0
42 37 40 0.0 2.0 3.0 165.0 690.0 15.0 0.0
42 37 41 0.0 0.0 8.0 143.0 622.0 19.0 0.0
42 37 42 0.0 0.0 16.0 49.0 253.0 7.0 0.0
42 37 43 0.0 0.0 0.0 1.0 41.0 0.0 0.0
42 38 37 0.0 0.0 2.0 26.0 299.0 2.0 0.0
42 38 38 0.0 29.0 36.0 799.0 6677.0 105.0 129.0
42 38 39 0.0 37.0 81.0 1734.0 12328.0 231.0 361.0
42 38 40 0.0 15.0 117.0 2284.0 16908.0 277.0 901.0
42 38 41 0.0 22.0 67.0 1894.0 13767.0 239.0 539.0
42 38 42 0.0 1.0 58.0 632.0 6391.0 123.0 113.0
42 38 43 0.0 3.0 3.0 22.0 259.0 6.0 0.0
42 39 37 0.0 0.0 4.0 66.0 638.0 11.0 0.0
42 39 38 0.0 36.0 73.0 1395.0 15515.0 274.0 734.0
42 39 39 0.0 21.0 231.0 2766.0 29335.0 500.0 3175.0
42 39 40 0.0 44.0 377.0 3503.0 34915.0 527.0 4975.0
42 39 41 0.0 71.0 318.0 3551.0 26934.0 449.0 2801.0
42 39 42 0.0 22.0 77.0 1877.0 14562.0 233.0 567.0
42 39 43 0.0 0.0 1.0 66.0 622.0 11.0 2.0
42 39 44 0.0 0.0 0.0 0.0 2.0 0.0 0.0
42 40 37 0.0 1.0 9.0 81.0 866.0 24.0 2.0
42 40 38 0.0 8.0 201.0 1649.0 19926.0 350.0 1204.0
42 40 39 0.0 44.0 275.0 3759.0 34207.0 499.0 4871.0
42 40 40 0.0 35.0 378.0 4043.0 42059.0 574.0 8552.0
42 40 41 0.0 48.0 337.0 3839.0 34759.0 531.0 5137.0
42 40 42 0.0 20.0 158.0 1949.0 18837.0 312.0 1103.0
42 40 43 0.0 0.0 4.0 75.0 765.0 13.0 1.0
42 41 37 0.0 0.0 8.0 35.0 583.0 8.0 0.0
42 41 38 0.0 3.0 263.0 1153.0 15075.0 268.0 634.0
42 41 39 0.0 17.0 369.0 2463.0 29820.0 453.0 3133.0
42 41 40 0.0 50.0 355.0 3343.0 35540.0 517.0 5293.0
42 41 41 0.0 35.0 342.0 2707.0 30262.0 448.0 3487.0
42 41 42 0.0 27.0 110.0 1508.0 15032.0 276.0 655.0
42 41 43 0.0 3.0 5.0 76.0 658.0 12.0 1.0
42 41 44 0.0 0.0 0.0 0.0 1.0 0.0 0.0
42 42 37 0.0 0.0 0.0 28.0 205.0 7.0 0.0
42 42 38 0.0 31.0 22.0 658.0 6025.0 113.0 76.0
42 42 39 0.0 5.0 84.0 1435.0 12646.0 229.0 472.0
42 42 40 0.0 8.0 224.0 1896.0 20530.0 317.0 1278.0
42 42 41 0.0 28.0 203.0 1442.0 14748.0 240.0 655.0
42 42 42 0.0 3.0 41.0 486.0 7738.0 130.0 170.0
42 42 43 0.0 0.0 0.0 29.0 272.0 5.0 0.0
42 43 37 0.0 0.0 0.0 4.0 28.0 1.0 0.0
42 43 38 0.0 0.0 0.0 15.0 228.0 5.0 0.0
42 43 39 0.0 0.0 1.0 52.0 589.0 11.0 0.0
42 43 40 0.0 0.0 7.0 74.0 649.0 10.0 2.0
42 43 41 0.0 2.0 2.0 58.0 591.0 18.0 0.0
42 43 42 0.0 2.0 1.0 15.0 242.0 3.0 0.0
42 43 43 0.0 0.0 0.0 3.0 29.0 0.0 0.0
43 36 40 0.0 0.0 0.0 0.0 1.0 0.0 0.0
43 37 37 0.0 0.0 0.0 0.0 4.0 0.0 0.0
43 37 38 0.0 1.0 0.0 2.0 16.0 0.0 0.0
43 37 39 0.0 0.0 0.0 7.0 70.0 3.0 0.0
43 37 40 0.0 0.0 5.0 4.0 95.0 4.0 0.0
43 37 41 0.0 0.0 0.0 7.0 81.0 4.0 0.0
43 37 42 0.0 0.0 0.0 0.0 36.0 0.0 0.0
43 37 43 0.0 0.0 0.0 0.0 8.0 1.0 0.0
43 38 37 0.0 0.0 0.0 3.0 45.0 0.0 0.0
43 38 38 0.0 0.0 0.0 18.0 225.0 4.0 0.0
43 38 39 0.0 0.0 2.0 47.0 495.0 13.0 0.0
43 38 40 0.0 1.0 2.0 64.0 722.0 19.0 0.0
43 38 41 0.0 0.0 2.0 45.0 491.0 5.0 0.0
43 38 42 0.0 3.0 0.0 13.0 199.0 6.0 0.0
43 38 43 0.0 0.0 0.0 0.0 19.0 1.0 0.0
43 39 37 0.0 0.0 0.0 3.0 99.0 2.0 0.0
43 39 38 0.0 0.0 0.0 55.0 581.0 9.0 2.0
43 39 39 0.0 0.0 17.0 167.0 1480.0 22.0 4.0
43 39 40 0.0 1.0 21.0 218.0 1962.0 32.0 10.0
43 39 41 0.0 1.0 17.0 147.0 1535.0 27.0 4.0
43 39 42 0.0 0.0 7.0 49.0 579.0 10.0 1.0
43 39 43 0.0 0.0 0.0 12.0 86.0 0.0 0.0
43 40 37 0.0 0.0 1.0 6.0 84.0 2.0 0.0
43 40 38 0.0 4.0 4.0 96.0 773.0 19.0 0.0
43 40 39 0.0 3.0 13.0 174.0 2023.0 42.0 9.0
43 40 40 0.0 2.0 18.0 272.0 2780.0 53.0 15.0
43 40 41 0.0 1.0 46.0 174.0 2085.0 36.0 1.0
43 40 42 0.0 0.0 5.0 95.0 718.0 13.0 1.0
43 40 43 0.0 0.0 0.0 10.0 150.0 2.0 0.0
43 41 37 0.0 0.0 0.0 14.0 66.0 1.0 0.0
43 41 38 0.0 1.0 3.0 30.0 583.0 16.0 1.0
43 41 39 0.0 2.0 22.0 177.0 1639.0 48.0 5.0
43 41 40 0.0 1.0 14.0 161.0 1996.0 34.0 5.0
43 41 41 0.0 2.0 7.0 128.0 1601.0 36.0 3.0
43 41 42 0.0 0.0 6.0 51.0 615.0 8.0 0.0
43 41 43 0.0 0.0 0.0 7.0 161.0 4.0 0.0
43 42 37 0.0 0.0 1.0 0.0 20.0 0.0 0.0
43 42 38 0.0 0.0 9.0 17.0 287.0 4.0 0.0
43 42 39 0.0 0.0 11.0 53.0 543.0 12.0 0.0
43 42 40 0.0 1.0 4.0 48.0 845.0 17.0 0.0
43 42 41 0.0 1.0 11.0 66.0 615.0 13.0 0.0
43 42 42 0.0 0.0 1.0 10.0 270.0 3.0 0.0
43 42 43 0.0 3.0 0.0 2.0 35.0 0.0 0.0
43 43 37 0.0 0.0 0.0 0.0 3.0 1.0 0.0
43 43 38 0.0 0.0 1.0 3.0 27.0 2.0 0.0
43 43 39 0.0 0.0 0.0 13.0 82.0 2.0 0.0
43 43 40 0.0 0.0 0.0 9.0 129.0 1.0 0.0
43 43 41 0.0 0.0 1.0 3.0 85.0 2.0 0.0
43 43 42 0.0 0.0 0.0 2.0 34.0 1.0 0.0
43 43 43 0.0 1.0 0.0 1.0 5.0 0.0 0.0
44 38 40 0.0 0.0 0.0 0.0 1.0 0.0 0.0
44 39 39 0.0 0.0 0.0 0.0 2.0 0.0 0.0
44 39 40 0.0 0.0 0.0 0.0 1.0 0.0 0.0
44 40 40 0.0 0.0 0.0 0.0 2.0 1.0 0.0
44 40 41 0.0 0.0 0.0 0.0 1.0 0.0 0.0
44 41 39 0.0 0.0 0.0 0.0 2.0 0.0 0.0
44 41 40 0.0 0.0 0.0 0.0 2.0 0.0 0.0
44 41 41 0.0 0.0 0.0 0.0 2.0 0.0 0.0
44 42 42 0.0 0.0 0.0 0.0 1.0 0.0 0.0
44 43 40 0.0 0.0 0.0 1.0 0.0 0.0 0.0
