35 37 38 0.0 0.0 0.0 0.0 1.0 0.0 0.0
35 37 40 0.0 0.0 0.0 0.0 2.0 0.0 0.0
35 38 37 0.0 0.0 0.0 0.0 1.0 0.0 0.0
35 38 38 0.0 0.0 0.0 0.0 2.0 1.0 0.0
35 38 39 0.0 0.0 0.0 0.0 4.0 0.0 0.0
35 38 40 0.0 0.0 0.0 0.0 4.0 0.0 0.0
35 38 41 0.0 0.0 0.0 0.0 4.0 0.0 0.0
35 39 39 0.0 0.0 0.0 3.0 9.0 0.0 0.0
35 39 40 0.0 0.0 0.0 0.0 4.0 0.0 0.0
35 39 41 0.0 0.0 0.0 0.0 5.0 0.0 0.0
35 39 42 0.0 0.0 0.0 0.0 1.0 0.0 0.0
35 39 43 0.0 0.0 0.0 0.0 1.0 0.0 0.0
35 40 38 0.0 0.0 0.0 0.0 1.0 0.0 0.0
35 40 39 0.0 0.0 0.0 2.0 11.0 0.0 0.0
35 40 40 0.0 0.0 0.0 1.0 12.0 0.0 0.0
35 40 41 0.0 1.0 0.0 0.0 9.0 0.0 0.0
35 40 43 0.0 0.0 0.0 0.0 2.0 0.0 0.0
35 41 37 0.0 0.0 0.0 0.0 1.0 0.0 0.0
35 41 38 0.0 0.0 0.0 1.0 2.0 0.0 0.0
35 41 39 0.0 0.0 0.0 0.0 3.0 0.0 0.0
35 41 40 0.0 0.0 0.0 1.0 5.0 1.0 0.0
35 41 41 0.0 0.0 0.0 0.0 6.0 0.0 0.0
35 41 42 0.0 0.0 0.0 0.0 1.0 0.0 0.0
35 42 38 0.0 0.0 0.0 0.0 1.0 0.0 0.0
35 42 39 0.0 0.0 0.0 0.0 1.0 0.0 0.0
35 42 40 0.0 0.0 0.0 0.0 3.0 0.0 0.0
35 42 41 0.0 0.0 0.0 0.0 3.0 1.0 0.0
36 35 41 0.0 0.0 0.0 0.0 1.0 0.0 0.0
36 36 37 0.0 0.0 0.0 0.0 4.0 0.0 0.0
36 36 38 0.0 0.0 0.0 6.0 20.0 0.0 0.0
36 36 39 0.0 0.0 0.0 5.0 19.0 0.0 0.0
36 36 40 0.0 0.0 0.0 6.0 33.0 0.0 0.0
36 36 41 0.0 0.0 0.0 1.0 25.0 1.0 0.0
36 36 42 0.0 0.0 0.0 1.0 7.0 0.0 0.0
36 36 44 0.0 0.0 0.0 1.0 0.0 0.0 0.0
36 37 36 0.0 0.0 0.0 0.0 2.0 0.0 0.0
36 37 37 0.0 1.0 0.0 2.0 40.0 3.0 0.0
36 37 38 0.0 0.0 0.0 12.0 183.0 4.0 0.0
36 37 39 0.0 0.0 0.0 59.0 349.0 8.0 0.0
36 37 40 0.0 0.0 7.0 38.0 505.0 6.0 1.0
36 37 41 0.0 0.0 2.0 59.0 350.0 4.0 0.0
36 37 42 0.0 0.0 0.0 9.0 190.0 5.0 0.0
36 37 43 0.0 0.0 0.0 6.0 26.0 0.0 0.0
36 38 36 0.0 0.0 0.0 0.0 10.0 0.0 0.0
36 38 37 0.0 0.0 2.0 17.0 183.0 2.0 0.0
36 38 38 0.0 0.0 4.0 95.0 687.0 11.0 1.0
36 38 39 0.0 2.0 4.0 190.0 1492.0 26.0 3.0
36 38 40 0.0 2.0 7.0 225.0 2016.0 43.0 7.0
36 38 41 0.0 1.0 13.0 169.0 1514.0 26.0 1.0
36 38 42 0.0 2.0 1.0 75.0 717.0 19.0 0.0
36 38 43 0.0 0.0 0.0 18.0 134.0 1.0 0.0
36 38 44 0.0 0.0 0.0 0.0 10.0 1.0 0.0
36 39 36 0.0 0.0 0.0 3.0 22.0 0.0 0.0
36 39 37 0.0 0.0 0.0 37.0 306.0 6.0 0.0
36 39 38 0.0 4.0 10.0 136.0 1475.0 19.0 3.0
36 39 39 0.0 1.0 9.0 354.0 3117.0 60.0 18.0
36 39 40 0.0 5.0 13.0 431.0 4142.0 74.0 36.0
36 39 41 0.0 9.0 14.0 412.0 3372.0 47.0 14.0
36 39 42 0.0 3.0 10.0 190.0 1472.0 38.0 1.0
36 39 43 0.0 0.0 2.0 33.0 309.0 5.0 0.0
36 39 44 0.0 0.0 0.0 1.0 25.0 1.0 0.0
36 40 36 0.0 0.0 0.0 1.0 27.0 0.0 0.0
36 40 37 0.0 0.0 1.0 75.0 411.0 6.0 0.0
36 40 38 0.0 0.0 9.0 241.0 1854.0 27.0 2.0
36 40 39 0.0 4.0 14.0 507.0 4001.0 66.0 29.0
36 40 40 0.0 3.0 17.0 605.0 4882.0 88.0 40.0
36 40 41 0.0 7.0 16.0 526.0 3863.0 72.0 35.0
36 40 42 0.0 0.0 2.0 220.0 1968.0 39.0 4.0
36 40 43 0.0 1.0 0.0 50.0 472.0 12.0 0.0
36 40 44 0.0 0.0 0.0 6.0 30.0 0.0 0.0
36 41 36 0.0 0.0 0.0 1.0 32.0 0.0 0.0
36 41 37 0.0 0.0 0.0 34.0 378.0 8.0 0.0
36 41 38 0.0 1.0 6.0 203.0 1362.0 28.0 2.0
36 41 39 0.0 5.0 11.0 360.0 3237.0 54.0 13.0
36 41 40 0.0 1.0 32.0 464.0 4106.0 79.0 30.0
36 41 41 0.0 2.0 7.0 314.0 3382.0 65.0 13.0
36 41 42 0.0 3.0 7.0 172.0 1517.0 18.0 4.0
36 41 43 0.0 0.0 0.0 64.0 301.0 2.0 0.0
36 41 44 0.0 0.0 0.0 1.0 12.0 0.0 0.0
36 42 36 0.0 0.0 0.0 2.0 9.0 0.0 0.0
36 42 37 0.0 2.0 0.0 35.0 124.0 1.0 0.0
36 42 38 0.0 0.0 2.0 90.0 683.0 15.0 1.0
36 42 39 0.0 1.0 0.0 185.0 1430.0 23.0 5.0
36 42 40 0.0 5.0 6.0 225.0 2059.0 37.0 8.0
36 42 41 0.0 2.0 6.0 171.0 1677.0 38.0 2.0
36 42 42 0.0 0.0 2.0 100.0 735.0 13.0 0.0
36 42 43 0.0 0.0 0.0 21.0 176.0 5.0 0.0
36 42 44 0.0 0.0 0.0 0.0 6.0 0.0 0.0
36 43 36 0.0 0.0 0.0 0.0 1.0 0.0 0.0
36 43 37 0.0 0.0 0.0 2.0 26.0 2.0 0.0
36 43 38 0.0 0.0 0.0 12.0 136.0 2.0 0.0
36 43 39 0.0 0.0 0.0 33.0 335.0 6.0 0.0
36 43 40 0.0 1.0 0.0 75.0 469.0 8.0 0.0
36 43 41 0.0 0.0 0.0 48.0 351.0 5.0 0.0
36 43 42 0.0 0.0 0.0 27.0 167.0 4.0 0.0
36 43 43 0.0 0.0 0.0 3.0 33.0 1.0 0.0
36 43 44 0.0 0.0 0.0 0.0 2.0 0.0 0.0
36 44 36 0.0 0.0 0.0 0.0 7.0 0.0 0.0
36 44 38 0.0 0.0 0.0 0.0 5.0 0.0 0.0
36 44 39 0.0 0.0 0.0 2.0 19.0 1.0 0.0
36 44 40 0.0 0.0 0.0 3.0 30.0 1.0 0.0
36 44 41 0.0 0.0 0.0 3.0 17.0 0.0 0.0
36 44 42 0.0 0.0 0.0 3.0 7.0 0.0 0.0
36 44 43 0.0 0.0 0.0 0.0 1.0 0.0 0.0
37 35 39 0.0 0.0 0.0 0.0 1.0 0.0 0.0
37 36 36 0.0 0.0 0.0 0.0 1.0 0.0 0.0
37 36 37 0.0 0.0 0.0 9.0 60.0 1.0 0.0
37 36 38 0.0 0.0 0.0 28.0 223.0 7.0 0.0
37 36 39 0.0 1.0 1.0 69.0 392.0 6.0 0.0
37 36 40 0.0 0.0 2.0 58.0 532.0 10.0 0.0
37 36 41 0.0 0.0 0.0 64.0 445.0 10.0 0.0
37 36 42 0.0 0.0 0.0 31.0 163.0 3.0 0.0
37 36 43 0.0 0.0 0.0 3.0 57.0 0.0 0.0
37 36 44 0.0 0.0 0.0 0.0 5.0 0.0 0.0
37 37 36 0.0 0.0 0.0 1.0 54.0 1.0 0.0
37 37 37 0.0 3.0 5.0 96.0 1535.0 21.0 5.0
37 37 38 0.0 0.0 3.0 465.0 5045.0 94.0 65.0
37 37 39 0.0 9.0 19.0 1003.0 9877.0 172.0 226.0
37 37 40 0.0 6.0 26.0 1180.0 11638.0 202.0 318.0
37 37 41 0.0 0.0 14.0 728.0 9230.0 143.0 183.0
37 37 42 0.0 0.0 11.0 545.0 4858.0 94.0 65.0
37 37 43 0.0 0.0 2.0 198.0 1406.0 29.0 5.0
37 37 44 0.0 0.0 0.0 0.0 24.0 0.0 0.0
37 38 35 0.0 0.0 0.0 1.0 0.0 0.0 0.0
37 38 36 0.0 0.0 7.0 20.0 230.0 3.0 0.0
37 38 37 0.0 2.0 28.0 630.0 5239.0 93.0 61.0
37 38 38 0.0 23.0 69.0 1838.0 16494.0 296.0 777.0
37 38 39 0.0 22.0 82.0 3006.0 27728.0 443.0 2683.0
37 38 40 0.0 27.0 98.0 3338.0 30370.0 492.0 3269.0
37 38 41 0.0 13.0 104.0 2818.0 27155.0 434.0 2458.0
37 38 42 0.0 5.0 37.0 1527.0 14766.0 263.0 575.0
37 38 43 0.0 0.0 10.0 648.0 4978.0 111.0 59.0
37 38 44 0.0 0.0 0.0 19.0 141.0 5.0 0.0
37 39 36 0.0 0.0 2.0 40.0 361.0 9.0 0.0
37 39 37 0.0 13.0 33.0 1138.0 9804.0 175.0 249.0
37 39 38 0.0 11.0 88.0 3137.0 26283.0 421.0 2269.0
37 39 39 0.0 38.0 150.0 4664.0 39683.0 549.0 7342.0
37 39 40 0.0 54.0 197.0 5324.0 43674.0 586.0 10136.0
37 39 41 0.0 40.0 254.0 4045.0 40436.0 590.0 7361.0
37 39 42 0.0 23.0 99.0 2714.0 27464.0 427.0 2444.0
37 39 43 0.0 3.0 36.0 797.0 8736.0 157.0 176.0
37 39 44 0.0 0.0 3.0 28.0 368.0 9.0 0.0
37 40 36 0.0 0.0 1.0 59.0 447.0 4.0 0.0
37 40 37 0.0 23.0 51.0 1422.0 10563.0 194.0 283.0
37 40 38 0.0 55.0 135.0 3807.0 30643.0 507.0 3607.0
37 40 39 0.0 91.0 150.0 5217.0 42806.0 572.0 9569.0
37 40 40 0.0 81.0 186.0 5657.0 45960.0 616.0 12623.0
37 40 41 0.0 36.0 163.0 4986.0 43069.0 543.0 9566.0
37 40 42 0.0 52.0 123.0 3473.0 30855.0 507.0 3499.0
37 40 43 0.0 5.0 41.0 1102.0 11020.0 192.0 309.0
37 40 44 0.0 0.0 4.0 48.0 447.0 13.0 2.0
37 41 36 0.0 0.0 1.0 54.0 361.0 8.0 0.0
37 41 37 0.0 15.0 28.0 1263.0 8258.0 173.0 171.0
37 41 38 0.0 47.0 86.0 3531.0 25156.0 439.0 2158.0
37 41 39 0.0 48.0 146.0 4821.0 38588.0 580.0 6690.0
37 41 40 0.0 61.0 165.0 4925.0 43517.0 612.0 9708.0
37 41 41 0.0 44.0 251.0 4916.0 40119.0 586.0 7663.0
37 41 42 0.0 52.0 129.0 2920.0 26289.0 438.0 2320.0
37 41 43 0.0 1.0 43.0 906.0 8736.0 148.0 187.0
37 41 44 0.0 0.0 0.0 22.0 295.0 9.0 0.0
37 42 36 0.0 0.0 0.0 17.0 151.0 1.0 0.0
37 42 37 0.0 15.0 10.0 663.0 3755.0 69.0 40.0
37 42 38 0.0 18.0 47.0 1646.0 14739.0 273.0 562.0
37 42 39 0.0 18.0 148.0 3114.0 26308.0 433.0 2350.0
37 42 40 0.0 13.0 126.0 3758.0 30202.0 501.0 3456.0
37 42 41 0.0 29.0 85.0 3292.0 26414.0 430.0 2428.0
37 42 42 0.0 21.0 53.0 1922.0 15398.0 253.0 671.0
37 42 43 0.0 6.0 27.0 451.0 4235.0 92.0 35.0
37 42 44 0.0 0.0 0.0 19.0 137.0 2.0 0.0
37 43 36 0.0 0.0 0.0 3.0 30.0 0.0 0.0
37 43 37 0.0 0.0 4.0 125.0 990.0 18.0 0.0
37 43 38 0.0 9.0 12.0 491.0 4161.0 74.0 27.0
37 43 39 0.0 2.0 39.0 777.0 8171.0 149.0 160.0
37 43 40 0.0 5.0 87.0 993.0 10754.0 180.0 274.0
37 43 41 0.0 8.0 64.0 980.0 9399.0 192.0 224.0
37 43 42 0.0 4.0 27.0 482.0 5185.0 75.0 65.0
37 43 43 0.0 0.0 12.0 111.0 1285.0 27.0 6.0
37 43 44 0.0 0.0 0.0 2.0 56.0 4.0 0.0
37 43 45 0.0 0.0 0.0 0.0 1.0 0.0 0.0
37 44 37 0.0 0.0 0.0 3.0 14.0 0.0 0.0
37 44 38 0.0 0.0 0.0 11.0 135.0 1.0 0.0
37 44 39 0.0 1.0 1.0 44.0 309.0 4.0 0.0
37 44 40 0.0 0.0 0.0 21.0 442.0 10.0 0.0
37 44 41 0.0 0.0 0.0 36.0 347.0 11.0 0.0
37 44 42 0.0 0.0 0.0 24.0 163.0 6.0 0.0
37 44 43 0.0 0.0 0.0 1.0 34.0 1.0 0.0
37 44 44 0.0 0.0 0.0 0.0 4.0 0.0 0.0
37 45 40 0.0 0.0 0.0 0.0 1.0 0.0 0.0
38 35 37 0.0 0.0 0.0 0.0 1.0 0.0 0.0
38 35 38 0.0 0.0 0.0 0.0 3.0 1.0 0.0
38 35 39 0.0 0.0 0.0 0.0 4.0 0.0 0.0
38 35 40 0.0 0.0 0.0 0.0 6.0 1.0 0.0
38 35 41 0.0 0.0 0.0 0.0 10.0 0.0 0.0
38 36 36 0.0 0.0 0.0 2.0 16.0 0.0 0.0
38 36 37 0.0 0.0 0.0 39.0 228.0 3.0 0.0
38 36 38 0.0 1.0 4.0 115.0 802.0 16.0 1.0
38 36 39 0.0 2.0 11.0 284.0 1851.0 39.0 8.0
38 36 40 0.0 0.0 15.0 303.0 2113.0 41.0 6.0
38 36 41 0.0 0.0 10.0 249.0 1614.0 30.0 2.0
38 36 42 0.0 0.0 1.0 112.0 699.0 12.0 0.0
38 36 43 0.0 0.0 0.0 17.0 175.0 6.0 0.0
38 36 44 0.0 0.0 0.0 1.0 8.0 0.0 0.0
38 37 36 0.0 0.0 0.0 14.0 177.0 3.0 0.0
38 37 37 0.0 0.0 21.0 431.0 5593.0 98.0 68.0
38 37 38 0.0 37.0 123.0 2542.0 17410.0 337.0 876.0
38 37 39 0.0 33.0 109.0 4126.0 28848.0 463.0 3232.0
38 37 40 0.0 44.0 147.0 4661.0 31794.0 493.0 4138.0
38 37 41 0.0 13.0 121.0 3589.0 27676.0 444.0 2764.0
38 37 42 0.0 16.0 47.0 1880.0 15750.0 246.0 660.0
38 37 43 0.0 0.0 3.0 440.0 4371.0 86.0 37.0
38 37 44 0.0 0.0 2.0 15.0 175.0 3.0 0.0
38 37 45 0.0 0.0 0.0 0.0 1.0 0.0 0.0
38 38 35 0.0 0.0 0.0 0.0 1.0 0.0 0.0
38 38 36 0.0 2.0 1.0 85.0 769.0 15.0 1.0
38 38 37 0.0 4.0 54.0 1448.0 16959.0 265.0 744.0
38 38 38 0.0 38.0 211.0 4476.0 47203.0 597.0 17696.0
38 38 39 0.0 40.0 128.0 5463.0 48399.0 527.0 34074.0
38 38 40 0.0 44.0 220.0 4708.0 47712.0 495.0 40722.0
38 38 41 0.0 46.0 166.0 5000.0 48894.0 523.0 32885.0
38 38 42 0.0 16.0 128.0 4431.0 46441.0 586.0 15882.0
38 38 43 0.0 4.0 47.0 1786.0 15694.0 259.0 712.0
38 38 44 0.0 0.0 3.0 55.0 709.0 8.0 1.0
38 38 45 0.0 0.0 0.0 0.0 1.0 0.0 0.0
38 39 35 0.0 0.0 0.0 0.0 2.0 0.0 0.0
38 39 36 0.0 2.0 7.0 168.0 1499.0 36.0 2.0
38 39 37 0.0 66.0 125.0 3123.0 27849.0 480.0 2632.0
38 39 38 0.0 48.0 203.0 5929.0 47385.0 520.0 33911.0
38 39 39 0.0 63.0 186.0 5580.0 43507.0 402.0 55170.0
38 39 40 0.0 28.0 217.0 4805.0 40914.0 345.0 63035.0
38 39 41 0.0 48.0 230.0 4795.0 44926.0 410.0 54107.0
38 39 42 1.0 60.0 269.0 5508.0 48509.0 557.0 32067.0
38 39 43 0.0 23.0 82.0 2746.0 27118.0 437.0 2421.0
38 39 44 0.0 4.0 6.0 158.0 1556.0 32.0 5.0
38 40 35 0.0 0.0 0.0 0.0 7.0 1.0 0.0
38 40 36 0.0 1.0 12.0 256.0 1885.0 37.0 9.0
38 40 37 0.0 32.0 126.0 3546.0 29956.0 454.0 3150.0
38 40 38 0.0 61.0 220.0 6322.0 46571.0 491.0 38699.0
38 40 39 0.0 67.0 237.0 5052.0 40640.0 359.0 62742.0
38 40 40 0.0 44.0 187.0 4733.0 37479.0 320.0 71662.0
38 40 41 0.0 53.0 255.0 4509.0 41419.0 391.0 63311.0
38 40 42 0.0 44.0 262.0 4676.0 47763.0 550.0 39338.0
38 40 43 0.0 16.0 154.0 2908.0 30433.0 473.0 3246.0
38 40 44 0.0 0.0 10.0 210.0 1935.0 37.0 4.0
38 40 45 0.0 0.0 0.0 2.0 7.0 0.0 0.0
38 41 35 0.0 0.0 0.0 5.0 2.0 0.0 0.0
38 41 36 0.0 1.0 27.0 173.0 1548.0 28.0 5.0
38 41 37 0.0 14.0 125.0 3077.0 25881.0 397.0 2220.0
38 41 38 0.0 105.0 234.0 6717.0 47536.0 547.0 30826.0
38 41 39 0.0 62.0 186.0 5313.0 44287.0 417.0 53426.0
38 41 40 0.0 51.0 210.0 4959.0 40714.0 384.0 63730.0
38 41 41 0.0 114.0 273.0 6418.0 42479.0 428.0 55773.0
38 41 42 0.0 41.0 265.0 4871.0 49164.0 537.0 31207.0
38 41 43 0.0 16.0 127.0 3009.0 27179.0 428.0 2443.0
38 41 44 0.0 0.0 7.0 162.0 1501.0 29.0 3.0
38 41 45 0.0 0.0 0.0 0.0 1.0 0.0 0.0
38 42 36 0.0 0.0 0.0 88.0 619.0 13.0 1.0
38 42 37 0.0 13.0 33.0 1737.0 14830.0 270.0 627.0
38 42 38 0.0 28.0 218.0 4544.0 45552.0 627.0 14398.0
38 42 39 0.0 62.0 290.0 5135.0 48708.0 509.0 31453.0
38 42 40 0.0 63.0 270.0 4913.0 47874.0 517.0 38800.0
38 42 41 0.0 50.0 215.0 5171.0 48587.0 556.0 33025.0
38 42 42 0.0 33.0 248.0 4467.0 46675.0 552.0 16876.0
38 42 43 0.0 6.0 78.0 1708.0 15236.0 246.0 678.0
38 42 44 0.0 0.0 0.0 99.0 756.0 15.0 0.0
38 43 35 0.0 0.0 0.0 0.0 1.0 0.0 0.0
38 43 36 0.0 0.0 0.0 15.0 173.0 5.0 0.0
38 43 37 0.0 1.0 28.0 422.0 4077.0 69.0 35.0
38 43 38 0.0 11.0 78.0 1587.0 14494.0 269.0 547.0
38 43 39 0.0 34.0 86.0 3262.0 26011.0 426.0 2218.0
38 43 40 0.0 32.0 142.0 3297.0 30432.0 480.0 3198.0
38 43 41 0.0 41.0 96.0 3075.0 26529.0 401.0 2306.0
38 43 42 0.0 15.0 63.0 1580.0 16043.0 283.0 670.0
38 43 43 0.0 6.0 18.0 567.0 4980.0 92.0 49.0
38 43 44 0.0 0.0 0.0 9.0 160.0 4.0 0.0
38 44 36 0.0 0.0 0.0 0.0 8.0 0.0 0.0
38 44 37 0.0 0.0 0.0 25.0 146.0 3.0 0.0
38 44 38 0.0 0.0 4.0 85.0 601.0 8.0 0.0
38 44 39 0.0 1.0 14.0 183.0 1410.0 22.0 2.0
38 44 40 0.0 1.0 13.0 188.0 1834.0 37.0 3.0
38 44 41 0.0 0.0 2.0 118.0 1437.0 21.0 6.0
38 44 42 0.0 1.0 3.0 76.0 709.0 18.0 0.0
38 44 43 0.0 0.0 0.0 21.0 152.0 4.0 0.0
38 44 44 0.0 0.0 0.0 1.0 6.0 1.0 0.0
38 45 38 0.0 0.0 0.0 1.0 8.0 0.0 0.0
38 45 39 0.0 0.0 0.0 1.0 3.0 0.0 0.0
38 45 40 0.0 0.0 0.0 0.0 1.0 0.0 0.0
38 45 41 0.0 0.0 0.0 0.0 1.0 0.0 0.0
39 35 38 0.0 0.0 0.0 0.0 3.0 0.0 0.0
39 35 39 0.0 0.0 0.0 2.0 8.0 0.0 0.0
39 35 40 0.0 0.0 0.0 0.0 17.0 1.0 0.0
39 35 41 0.0 0.0 0.0 0.0 10.0 0.0 0.0
39 35 42 0.0 0.0 0.0 0.0 2.0 0.0 0.0
39 35 43 0.0 0.0 0.0 0.0 1.0 0.0 0.0
39 36 36 0.0 0.0 0.0 0.0 19.0 0.0 0.0
39 36 37 0.0 1.0 4.0 85.0 516.0 11.0 1.0
39 36 38 0.0 1.0 11.0 258.0 1770.0 24.0 6.0
39 36 39 0.0 6.0 6.0 542.0 3829.0 68.0 19.0
39 36 40 0.0 2.0 18.0 581.0 4503.0 83.0 42.0
39 36 41 0.0 5.0 17.0 572.0 3399.0 77.0 21.0
39 36 42 0.0 0.0 4.0 200.0 1513.0 29.0 2.0
39 36 43 0.0 0.0 0.0 49.0 386.0 6.0 0.0
39 36 44 0.0 0.0 0.0 3.0 31.0 0.0 0.0
39 37 36 0.0 0.0 0.0 53.0 398.0 9.0 0.0
39 37 37 0.0 6.0 27.0 911.0 9958.0 181.0 226.0
39 37 38 0.0 40.0 106.0 3891.0 29193.0 427.0 3140.0
39 37 39 0.0 22.0 119.0 5934.0 40287.0 588.0 8332.0
39 37 40 0.0 42.0 193.0 6498.0 43022.0 608.0 10855.0
39 37 41 0.0 54.0 116.0 5956.0 39400.0 594.0 7792.0
39 37 42 0.0 22.0 113.0 3810.0 25620.0 447.0 2327.0
39 37 43 0.0 3.0 36.0 973.0 9671.0 164.0 199.0
39 37 44 0.0 0.0 0.0 46.0 393.0 9.0 0.0
39 38 35 0.0 0.0 0.0 0.0 4.0 0.0 0.0
39 38 36 0.0 0.0 3.0 85.0 1712.0 36.0 5.0
39 38 37 0.0 17.0 71.0 2643.0 28407.0 445.0 2655.0
39 38 38 0.0 57.0 135.0 4736.0 49080.0 493.0 33235.0
39 38 39 0.0 78.0 201.0 6617.0 40312.0 421.0 58644.0
39 38 40 0.0 55.0 184.0 5826.0 38512.0 356.0 65882.0
39 38 41 0.0 77.0 183.0 6383.0 42314.0 429.0 55813.0
39 38 42 0.0 19.0 165.0 5652.0 48475.0 543.0 31130.0
39 38 43 0.0 12.0 138.0 3156.0 28325.0 412.0 2766.0
39 38 44 0.0 1.0 9.0 123.0 1520.0 21.0 2.0
39 38 45 0.0 0.0 0.0 0.0 2.0 0.0 0.0
39 39 35 0.0 0.0 0.0 0.0 8.0 0.0 0.0
39 39 36 0.0 0.0 18.0 275.0 3506.0 73.0 20.0
39 39 37 0.0 74.0 125.0 4151.0 40911.0 565.0 7566.0
39 39 38 0.0 51.0 221.0 4893.0 43614.0 396.0 56143.0
39 39 39 0.0 45.0 125.0 3204.0 25161.0 177.0 104800.0
39 39 40 0.0 42.0 132.0 3085.0 23933.0 180.0 109036.0
39 39 41 0.0 21.0 143.0 3175.0 25756.0 185.0 103117.0
39 39 42 0.0 38.0 206.0 4801.0 43859.0 390.0 55388.0
39 39 43 0.0 32.0 216.0 4033.0 39951.0 573.0 6947.0
39 39 44 0.0 0.0 5.0 316.0 3159.0 56.0 22.0
39 39 45 0.0 0.0 0.0 0.0 8.0 0.0 0.0
39 40 35 0.0 0.0 0.0 0.0 7.0 0.0 0.0
39 40 36 0.0 0.0 18.0 369.0 4123.0 74.0 19.0
39 40 37 0.0 31.0 208.0 4548.0 43378.0 575.0 9197.0
39 40 38 0.0 50.0 176.0 4758.0 41064.0 369.0 63138.0
39 40 39 0.0 32.0 134.0 3210.0 24110.0 170.0 108104.0
39 40 40 0.0 33.0 148.0 2609.0 21069.0 104.0 117266.0
39 40 41 0.0 22.0 141.0 2890.0 24860.0 156.0 107373.0
39 40 42 0.0 46.0 241.0 4809.0 41421.0 347.0 62398.0
39 40 43 0.0 10.0 205.0 4939.0 43065.0 600.0 9512.0
39 40 44 0.0 1.0 8.0 439.0 4115.0 85.0 33.0
39 40 45 0.0 0.0 0.0 0.0 11.0 1.0 0.0
39 41 35 0.0 0.0 0.0 1.0 6.0 0.0 0.0
39 41 36 0.0 1.0 16.0 385.0 3103.0 52.0 14.0
39 41 37 0.0 26.0 170.0 4257.0 39352.0 550.0 7181.0
39 41 38 0.0 42.0 215.0 5023.0 44411.0 452.0 53650.0
39 41 39 0.0 30.0 139.0 3218.0 26776.0 182.0 100867.0
39 41 40 0.0 41.0 180.0 2850.0 24286.0 150.0 108864.0
39 41 41 0.0 30.0 174.0 2932.0 26299.0 173.0 102302.0
39 41 42 0.0 32.0 239.0 5217.0 44200.0 407.0 54318.0
39 41 43 0.0 25.0 205.0 4386.0 39650.0 553.0 7225.0
39 41 44 0.0 0.0 11.0 374.0 3230.0 78.0 16.0
39 41 45 0.0 0.0 0.0 0.0 8.0 0.0 0.0
39 42 35 0.0 0.0 0.0 0.0 1.0 0.0 0.0
39 42 36 0.0 3.0 2.0 121.0 1430.0 22.0 2.0
39 42 37 0.0 21.0 133.0 2802.0 25280.0 426.0 1941.0
39 42 38 0.0 39.0 199.0 5306.0 48341.0 531.0 31779.0
39 42 39 0.0 52.0 253.0 5188.0 44336.0 386.0 53775.0
39 42 40 0.0 41.0 266.0 4383.0 41585.0 354.0 62635.0
39 42 41 0.0 57.0 283.0 5023.0 44323.0 406.0 55040.0
39 42 42 0.0 31.0 374.0 5186.0 47913.0 460.0 35517.0
39 42 43 0.0 7.0 152.0 2605.0 27493.0 435.0 2545.0
39 42 44 0.0 1.0 9.0 191.0 1647.0 24.0 4.0
39 42 45 0.0 0.0 0.0 0.0 4.0 0.0 0.0
39 43 36 0.0 0.0 1.0 55.0 321.0 5.0 0.0
39 43 37 0.0 0.0 14.0 752.0 8302.0 153.0 154.0
39 43 38 0.0 16.0 75.0 2755.0 25290.0 383.0 1961.0
39 43 39 0.0 32.0 185.0 4512.0 39406.0 581.0 7047.0
39 43 40 0.0 22.0 230.0 4775.0 43212.0 641.0 9588.0
39 43 41 0.0 31.0 233.0 4459.0 40135.0 612.0 7431.0
39 43 42 0.0 24.0 184.0 2991.0 27389.0 442.0 2541.0
39 43 43 0.0 4.0 42.0 962.0 9721.0 165.0 262.0
39 43 44 0.0 0.0 3.0 39.0 369.0 5.0 0.0
39 44 36 0.0 0.0 0.0 1.0 25.0 1.0 0.0
39 44 37 0.0 1.0 0.0 31.0 283.0 4.0 0.0
39 44 38 0.0 2.0 5.0 189.0 1309.0 24.0 3.0
39 44 39 0.0 2.0 5.0 380.0 3044.0 46.0 13.0
39 44 40 0.0 3.0 10.0 406.0 4023.0 72.0 25.0
39 44 41 0.0 1.0 18.0 343.0 3301.0 68.0 14.0
39 44 42 0.0 0.0 3.0 162.0 1624.0 39.0 8.0
39 44 43 0.0 0.0 1.0 31.0 351.0 4.0 0.0
39 44 44 0.0 0.0 0.0 4.0 34.0 0.0 0.0
39 45 38 0.0 0.0 0.0 0.0 2.0 0.0 0.0
39 45 39 0.0 0.0 0.0 0.0 2.0 0.0 0.0
39 45 40 0.0 0.0 0.0 0.0 8.0 0.0 0.0
39 45 41 0.0 0.0 0.0 3.0 2.0 0.0 0.0
40 35 38 0.0 0.0 0.0 0.0 3.0 0.0 0.0
40 35 39 0.0 0.0 0.0 1.0 6.0 0.0 0.0
40 35 40 0.0 0.0 0.0 1.0 19.0 0.0 0.0
40 35 41 0.0 0.0 0.0 0.0 13.0 0.0 0.0
40 35 42 0.0 0.0 0.0 0.0 3.0 0.0 0.0
40 35 43 0.0 0.0 0.0 0.0 2.0 0.0 0.0
40 36 36 0.0 0.0 0.0 1.0 20.0 0.0 0.0
40 36 37 0.0 0.0 2.0 112.0 501.0 14.0 0.0
40 36 38 0.0 0.0 6.0 390.0 2232.0 45.0 3.0
40 36 39 0.0 3.0 11.0 680.0 4235.0 81.0 28.0
40 36 40 0.0 1.0 17.0 886.0 5282.0 93.0 55.0
40 36 41 0.0 4.0 9.0 669.0 4154.0 77.0 26.0
40 36 42 0.0 1.0 19.0 308.0 1961.0 48.0 4.0
40 36 43 0.0 1.0 1.0 75.0 493.0 5.0 2.0
40 36 44 0.0 0.0 0.0 7.0 30.0 0.0 0.0
40 37 36 0.0 0.0 4.0 42.0 526.0 9.0 0.0
40 37 37 0.0 11.0 24.0 1157.0 11950.0 206.0 367.0
40 37 38 0.0 52.0 111.0 5737.0 31476.0 530.0 4354.0
40 37 39 0.0 49.0 115.0 6841.0 42882.0 575.0 10917.0
40 37 40 0.0 39.0 193.0 7707.0 45292.0 633.0 14668.0
40 37 41 0.0 58.0 189.0 7246.0 41791.0 561.0 10349.0
40 37 42 0.0 33.0 118.0 4176.0 30486.0 478.0 3586.0
40 37 43 0.0 15.0 64.0 1072.0 10858.0 192.0 287.0
40 37 44 0.0 0.0 3.0 41.0 516.0 5.0 0.0
40 37 45 0.0 0.0 0.0 0.0 1.0 0.0 0.0
40 38 36 0.0 1.0 9.0 182.0 2157.0 38.0 4.0
40 38 37 0.0 24.0 117.0 3528.0 32105.0 486.0 3970.0
40 38 38 0.0 41.0 160.0 4974.0 47058.0 470.0 41355.0
40 38 39 0.0 42.0 163.0 5976.0 39452.0 371.0 64118.0
40 38 40 0.0 46.0 209.0 5583.0 35476.0 350.0 73489.0
40 38 41 0.0 57.0 185.0 6642.0 38857.0 365.0 63400.0
40 38 42 0.0 38.0 267.0 5254.0 46806.0 484.0 40417.0
40 38 43 0.0 14.0 101.0 3512.0 30952.0 446.0 3554.0
40 38 44 0.0 0.0 10.0 194.0 2081.0 39.0 6.0
40 38 45 0.0 0.0 0.0 2.0 4.0 0.0 0.0
40 39 35 0.0 0.0 0.0 1.0 7.0 0.0 0.0
40 39 36 0.0 2.0 11.0 407.0 4191.0 80.0 22.0
40 39 37 0.0 16.0 170.0 3822.0 45702.0 608.0 10096.0
40 39 38 0.0 34.0 202.0 4387.0 41225.0 379.0 63123.0
40 39 39 0.0 24.0 153.0 2931.0 23630.0 148.0 110153.0
40 39 40 0.0 34.0 111.0 3135.0 19280.0 136.0 121153.0
40 39 41 0.0 42.0 141.0 3274.0 24279.0 152.0 107949.0
40 39 42 0.0 43.0 234.0 5229.0 40760.0 359.0 62713.0
40 39 43 0.0 32.0 186.0 4500.0 43916.0 569.0 10022.0
40 39 44 0.0 2.0 17.0 455.0 4280.0 75.0 26.0
40 39 45 0.0 0.0 0.0 2.0 2.0 0.0 0.0
40 40 35 0.0 0.0 0.0 3.0 14.0 0.0 0.0
40 40 36 0.0 3.0 27.0 519.0 5344.0 94.0 51.0
40 40 37 0.0 32.0 166.0 4905.0 46821.0 602.0 12767.0
40 40 38 0.0 53.0 208.0 4125.0 37639.0 274.0 71712.0
40 40 39 0.0 31.0 129.0 2529.0 21435.0 109.0 117062.0
40 40 40 0.0 20.0 96.0 1594.0 13479.0 31.0 148289.0
40 40 41 0.0 22.0 130.0 2657.0 21138.0 115.0 118089.0
40 40 42 0.0 39.0 233.0 4260.0 37512.0 308.0 71926.0
40 40 43 0.0 23.0 228.0 5418.0 45915.0 619.0 12608.0
40 40 44 0.0 17.0 29.0 656.0 4855.0 99.0 56.0
40 40 45 0.0 0.0 0.0 2.0 4.0 0.0 0.0
40 41 35 0.0 0.0 0.0 0.0 2.0 0.0 0.0
40 41 36 0.0 0.0 10.0 442.0 4173.0 75.0 23.0
40 41 37 0.0 41.0 174.0 4295.0 44388.0 634.0 10204.0
40 41 38 0.0 25.0 196.0 4633.0 41594.0 383.0 62266.0
40 41 39 0.0 28.0 181.0 2702.0 24887.0 153.0 108814.0
40 41 40 0.0 22.0 130.0 2475.0 21417.0 115.0 117422.0
40 41 41 0.0 26.0 150.0 2794.0 24021.0 136.0 109908.0
40 41 42 0.0 42.0 244.0 4532.0 41533.0 372.0 62902.0
40 41 43 0.0 86.0 295.0 5555.0 43447.0 597.0 10570.0
40 41 44 0.0 5.0 21.0 430.0 3927.0 77.0 26.0
40 41 45 0.0 0.0 0.0 0.0 9.0 0.0 0.0
40 42 35 0.0 0.0 0.0 0.0 2.0 0.0 0.0
40 42 36 0.0 1.0 4.0 188.0 1881.0 28.0 5.0
40 42 37 0.0 14.0 167.0 2977.0 30594.0 462.0 3318.0
40 42 38 0.0 42.0 222.0 4244.0 48260.0 471.0 38896.0
40 42 39 0.0 28.0 198.0 4645.0 41299.0 358.0 62587.0
40 42 40 0.0 32.0 229.0 4385.0 37892.0 337.0 71011.0
40 42 41 0.0 39.0 221.0 4549.0 41420.0 354.0 63024.0
40 42 42 0.0 55.0 306.0 4985.0 46861.0 493.0 40939.0
40 42 43 0.0 28.0 223.0 3227.0 31654.0 480.0 3669.0
40 42 44 0.0 2.0 6.0 243.0 2043.0 32.0 9.0
40 42 45 0.0 0.0 1.0 0.0 6.0 0.0 0.0
40 43 36 0.0 0.0 1.0 46.0 449.0 13.0 1.0
40 43 37 0.0 12.0 36.0 962.0 11043.0 192.0 259.0
40 43 38 0.0 21.0 122.0 2987.0 29743.0 481.0 3072.0
40 43 39 0.0 59.0 164.0 5048.0 43234.0 596.0 9869.0
40 43 40 0.0 57.0 275.0 5164.0 46003.0 630.0 12428.0
40 43 41 0.0 34.0 173.0 4704.0 43501.0 602.0 9772.0
40 43 42 0.0 41.0 159.0 3426.0 31547.0 504.0 3834.0
40 43 43 0.0 2.0 109.0 1125.0 11795.0 217.0 341.0
40 43 44 0.0 0.0 14.0 41.0 484.0 10.0 0.0
40 43 45 0.0 0.0 0.0 0.0 1.0 0.0 0.0
40 44 36 0.0 0.0 0.0 2.0 20.0 0.0 0.0
40 44 37 0.0 0.0 1.0 28.0 315.0 9.0 0.0
40 44 38 0.0 2.0 4.0 221.0 1886.0 33.0 8.0
40 44 39 0.0 3.0 23.0 399.0 3847.0 74.0 25.0
40 44 40 0.0 2.0 26.0 561.0 5066.0 85.0 37.0
40 44 41 0.0 3.0 22.0 388.0 4291.0 72.0 23.0
40 44 42 0.0 1.0 6.0 198.0 1929.0 32.0 8.0
40 44 43 0.0 0.0 6.0 48.0 502.0 12.0 0.0
40 44 44 0.0 0.0 0.0 3.0 28.0 1.0 0.0
40 45 37 0.0 0.0 0.0 0.0 1.0 0.0 0.0
40 45 38 0.0 0.0 0.0 0.0 1.0 0.0 0.0
40 45 39 0.0 0.0 0.0 0.0 12.0 0.0 0.0
40 45 40 0.0 0.0 0.0 0.0 9.0 0.0 0.0
40 45 41 0.0 0.0 0.0 1.0 9.0 0.0 0.0
40 45 42 0.0 0.0 0.0 0.0 1.0 0.0 0.0
40 45 43 0.0 0.0 0.0 0.0 3.0 0.0 0.0
41 35 38 0.0 0.0 0.0 0.0 9.0 0.0 0.0
41 35 39 0.0 0.0 0.0 0.0 8.0 0.0 0.0
41 35 40 0.0 0.0 0.0 1.0 9.0 0.0 0.0
41 35 41 0.0 0.0 0.0 1.0 8.0 0.0 0.0
41 35 42 0.0 0.0 0.0 0.0 1.0 0.0 0.0
41 35 43 0.0 0.0 0.0 0.0 1.0 0.0 0.0
41 36 36 0.0 0.0 0.0 6.0 27.0 1.0 0.0
41 36 37 0.0 0.0 5.0 50.0 379.0 5.0 1.0
41 36 38 0.0 2.0 3.0 298.0 1755.0 36.0 1.0
41 36 39 0.0 6.0 21.0 641.0 3390.0 66.0 22.0
41 36 40 0.0 3.0 14.0 703.0 4236.0 100.0 35.0
41 36 41 0.0 1.0 19.0 601.0 3127.0 65.0 18.0
41 36 42 0.0 0.0 10.0 278.0 1657.0 29.0 7.0
41 36 43 0.0 0.0 0.0 41.0 345.0 7.0 0.0
41 36 44 0.0 0.0 0.0 1.0 29.0 0.0 0.0
41 37 36 0.0 0.0 1.0 44.0 464.0 7.0 1.0
41 37 37 0.0 15.0 29.0 1257.0 9393.0 163.0 241.0
41 37 38 0.0 17.0 116.0 3385.0 27554.0 413.0 2773.0
41 37 39 0.0 46.0 126.0 6050.0 39503.0 574.0 7936.0
41 37 40 0.0 118.0 129.0 7507.0 41818.0 629.0 10215.0
41 37 41 0.0 76.0 156.0 6709.0 38199.0 584.0 7701.0
41 37 42 0.0 101.0 112.0 4479.0 24811.0 437.0 2349.0
41 37 43 0.0 4.0 45.0 980.0 8985.0 150.0 192.0
41 37 44 0.0 1.0 2.0 37.0 369.0 6.0 0.0
41 37 45 0.0 0.0 0.0 0.0 2.0 1.0 0.0
41 38 35 0.0 0.0 0.0 1.0 2.0 0.0 0.0
41 38 36 0.0 3.0 7.0 162.0 1640.0 27.0 4.0
41 38 37 0.0 17.0 97.0 2773.0 27539.0 446.0 2403.0
41 38 38 0.0 29.0 168.0 4922.0 49128.0 535.0 31909.0
41 38 39 0.0 76.0 153.0 6812.0 41800.0 389.0 56012.0
41 38 40 0.0 71.0 177.0 6671.0 38853.0 359.0 63802.0
41 38 41 0.0 100.0 214.0 7974.0 40008.0 425.0 56466.0
41 38 42 0.0 37.0 226.0 5452.0 48557.0 562.0 32992.0
41 38 43 0.0 22.0 175.0 2818.0 26534.0 424.0 2371.0
41 38 44 0.0 8.0 3.0 218.0 1468.0 23.0 3.0
41 38 45 0.0 0.0 0.0 0.0 3.0 0.0 0.0
41 39 35 0.0 0.0 0.0 0.0 4.0 0.0 0.0
41 39 36 0.0 1.0 15.0 264.0 3385.0 69.0 24.0
41 39 37 0.0 31.0 173.0 3582.0 42016.0 534.0 7921.0
41 39 38 0.0 39.0 203.0 4561.0 43628.0 449.0 56171.0
41 39 39 0.0 24.0 144.0 3106.0 26081.0 203.0 102078.0
41 39 40 0.0 33.0 135.0 3285.0 24234.0 141.0 107663.0
41 39 41 0.0 33.0 166.0 3387.0 25435.0 157.0 102515.0
41 39 42 0.0 53.0 220.0 5099.0 43839.0 398.0 55279.0
41 39 43 0.0 11.0 199.0 4618.0 40261.0 596.0 7387.0
41 39 44 0.0 1.0 22.0 349.0 3302.0 68.0 12.0
41 39 45 0.0 0.0 0.0 1.0 9.0 0.0 0.0
41 40 35 0.0 0.0 0.0 1.0 4.0 0.0 0.0
41 40 36 0.0 5.0 12.0 449.0 4223.0 83.0 29.0
41 40 37 0.0 31.0 183.0 4410.0 44036.0 595.0 9814.0
41 40 38 0.0 19.0 213.0 3941.0 41407.0 347.0 63604.0
41 40 39 0.0 29.0 159.0 2489.0 24189.0 131.0 110699.0
41 40 40 0.0 30.0 147.0 2544.0 21602.0 136.0 117492.0
41 40 41 0.0 29.0 148.0 2926.0 24291.0 150.0 109090.0
41 40 42 0.0 32.0 301.0 4763.0 41512.0 348.0 62358.0
41 40 43 0.0 25.0 174.0 4864.0 43681.0 646.0 9987.0
41 40 44 0.0 1.0 40.0 532.0 4170.0 75.0 22.0
41 40 45 0.0 0.0 0.0 0.0 7.0 0.0 0.0
41 41 35 0.0 0.0 0.0 0.0 8.0 0.0 0.0
41 41 36 0.0 0.0 16.0 348.0 3199.0 52.0 17.0
41 41 37 0.0 46.0 250.0 3869.0 40752.0 573.0 7530.0
41 41 38 0.0 31.0 217.0 4270.0 44532.0 391.0 54592.0
41 41 39 0.0 17.0 173.0 2801.0 27110.0 203.0 101421.0
41 41 40 0.0 20.0 162.0 2754.0 24827.0 156.0 108262.0
41 41 41 0.0 26.0 172.0 2747.0 26056.0 171.0 104141.0
41 41 42 0.0 33.0 324.0 4803.0 43717.0 406.0 55276.0
41 41 43 0.0 32.0 172.0 4270.0 40314.0 543.0 7396.0
41 41 44 0.0 3.0 12.0 390.0 3393.0 65.0 18.0
41 41 45 0.0 0.0 0.0 0.0 3.0 1.0 0.0
41 42 35 0.0 0.0 0.0 1.0 3.0 0.0 0.0
41 42 36 0.0 0.0 6.0 147.0 1628.0 43.0 1.0
41 42 37 0.0 10.0 148.0 2281.0 27384.0 428.0 2356.0
41 42 38 0.0 70.0 198.0 5349.0 48532.0 527.0 32671.0
41 42 39 0.0 28.0 282.0 4654.0 44604.0 412.0 54425.0
41 42 40 0.0 30.0 247.0 4051.0 41053.0 359.0 63857.0
41 42 41 0.0 50.0 272.0 5169.0 43600.0 389.0 55246.0
41 42 42 0.0 12.0 351.0 4812.0 48887.0 532.0 33491.0
41 42 43 0.0 27.0 119.0 3110.0 27281.0 412.0 2508.0
41 42 44 0.0 0.0 2.0 164.0 1587.0 39.0 2.0
41 42 45 0.0 0.0 0.0 0.0 2.0 0.0 0.0
41 43 35 0.0 0.0 0.0 0.0 1.0 0.0 0.0
41 43 36 0.0 0.0 1.0 35.0 332.0 7.0 0.0
41 43 37 0.0 18.0 23.0 895.0 8975.0 145.0 209.0
41 43 38 0.0 35.0 147.0 3031.0 26944.0 439.0 2489.0
41 43 39 0.0 45.0 199.0 3906.0 40194.0 562.0 7249.0
41 43 40 0.0 54.0 270.0 4755.0 43642.0 553.0 9540.0
41 43 41 0.0 13.0 302.0 4190.0 40575.0 594.0 7601.0
41 43 42 0.0 2.0 116.0 2687.0 26990.0 412.0 2299.0
41 43 43 0.0 0.0 36.0 806.0 9844.0 143.0 227.0
41 43 44 0.0 0.0 3.0 79.0 376.0 6.0 0.0
41 44 36 0.0 0.0 0.0 2.0 22.0 2.0 0.0
41 44 37 0.0 0.0 1.0 22.0 356.0 11.0 0.0
41 44 38 0.0 0.0 3.0 190.0 1414.0 29.0 5.0
41 44 39 0.0 2.0 17.0 300.0 3013.0 51.0 13.0
41 44 40 0.0 2.0 20.0 392.0 4028.0 67.0 25.0
41 44 41 0.0 1.0 28.0 350.0 3183.0 65.0 20.0
41 44 42 0.0 0.0 9.0 229.0 1646.0 29.0 5.0
41 44 43 0.0 0.0 2.0 41.0 503.0 8.0 1.0
41 44 44 0.0 0.0 0.0 0.0 24.0 0.0 0.0
41 45 38 0.0 0.0 0.0 0.0 3.0 0.0 0.0
41 45 39 0.0 0.0 0.0 1.0 2.0 0.0 0.0
41 45 40 0.0 0.0 0.0 0.0 5.0 2.0 0.0
41 45 41 0.0 0.0 0.0 1.0 1.0 0.0 0.0
41 45 42 0.0 0.0 0.0 0.0 2.0 0.0 0.0
42 35 38 0.0 0.0 0.0 0.0 1.0 0.0 0.0
42 35 39 0.0 0.0 0.0 1.0 1.0 0.0 0.0
42 35 40 0.0 0.0 0.0 2.0 1.0 0.0 0.0
42 35 41 0.0 0.0 0.0 0.0 5.0 0.0 0.0
42 35 42 0.0 0.0 0.0 0.0 1.0 0.0 0.0
42 36 36 0.0 0.0 0.0 7.0 11.0 0.0 0.0
42 36 37 0.0 0.0 2.0 24.0 205.0 5.0 0.0
42 36 38 0.0 0.0 0.0 111.0 745.0 19.0 1.0
42 36 39 0.0 2.0 5.0 299.0 1586.0 23.0 6.0
42 36 40 0.0 0.0 5.0 320.0 1910.0 29.0 5.0
42 36 41 0.0 2.0 2.0 298.0 1437.0 33.0 1.0
42 36 42 0.0 0.0 3.0 111.0 730.0 10.0 2.0
42 36 43 0.0 0.0 0.0 20.0 132.0 1.0 0.0
42 36 44 0.0 0.0 0.0 0.0 16.0 1.0 0.0
42 37 36 0.0 0.0 0.0 16.0 170.0 3.0 0.0
42 37 37 0.0 6.0 14.0 439.0 5005.0 84.0 47.0
42 37 38 0.0 27.0 17.0 2132.0 14994.0 260.0 632.0
42 37 39 0.0 55.0 119.0 3943.0 25884.0 436.0 2397.0
42 37 40 0.0 68.0 110.0 5575.0 28765.0 502.0 3542.0
42 37 41 0.0 37.0 107.0 4496.0 25804.0 417.0 2520.0
42 37 42 0.0 25.0 110.0 2479.0 15864.0 265.0 779.0
42 37 43 0.0 0.0 33.0 540.0 4877.0 86.0 49.0
42 37 44 0.0 0.0 1.0 19.0 163.0 5.0 0.0
42 37 45 0.0 0.0 0.0 0.0 1.0 0.0 0.0
42 38 36 0.0 0.0 1.0 55.0 725.0 11.0 0.0
42 38 37 0.0 11.0 52.0 1500.0 17070.0 290.0 751.0
42 38 38 0.0 117.0 148.0 5867.0 45084.0 594.0 16625.0
42 38 39 0.0 106.0 199.0 6751.0 47874.0 534.0 30215.0
42 38 40 0.0 51.0 163.0 6321.0 46836.0 478.0 37549.0
42 38 41 0.0 48.0 176.0 6354.0 47176.0 509.0 32104.0
42 38 42 0.0 16.0 239.0 4878.0 45756.0 597.0 15819.0
42 38 43 0.0 12.0 82.0 1703.0 16111.0 271.0 740.0
42 38 44 0.0 0.0 4.0 96.0 701.0 16.0 2.0
42 39 35 0.0 0.0 0.0 0.0 3.0 0.0 0.0
42 39 36 0.0 5.0 6.0 127.0 1649.0 25.0 4.0
42 39 37 0.0 16.0 76.0 2479.0 27727.0 417.0 2501.0
42 39 38 0.0 66.0 183.0 4563.0 48639.0 508.0 33887.0
42 39 39 0.0 37.0 200.0 4522.0 43937.0 414.0 55148.0
42 39 40 0.0 34.0 231.0 4541.0 41040.0 375.0 63039.0
42 39 41 0.0 56.0 285.0 5714.0 43769.0 414.0 53913.0
42 39 42 0.0 72.0 165.0 5903.0 47842.0 549.0 32940.0
42 39 43 0.0 9.0 108.0 2646.0 27442.0 467.0 2588.0
42 39 44 0.0 1.0 7.0 123.0 1573.0 30.0 5.0
42 39 45 0.0 0.0 0.0 0.0 5.0 0.0 0.0
42 40 35 0.0 0.0 0.0 1.0 0.0 0.0 0.0
42 40 36 0.0 1.0 17.0 181.0 2080.0 42.0 5.0
42 40 37 0.0 10.0 136.0 2704.0 32119.0 488.0 3659.0
42 40 38 0.0 14.0 232.0 4100.0 47838.0 515.0 40332.0
42 40 39 0.0 26.0 262.0 4312.0 42151.0 360.0 62194.0
42 40 40 0.0 36.0 217.0 3816.0 38008.0 316.0 72134.0
42 40 41 0.0 29.0 242.0 4577.0 40972.0 375.0 63198.0
42 40 42 0.0 49.0 245.0 4952.0 47380.0 514.0 40067.0
42 40 43 0.0 17.0 125.0 3359.0 30500.0 458.0 3334.0
42 40 44 0.0 1.0 7.0 213.0 1968.0 46.0 3.0
42 40 45 0.0 0.0 0.0 0.0 3.0 0.0 0.0
42 41 35 0.0 0.0 0.0 0.0 1.0 0.0 0.0
42 41 36 0.0 1.0 5.0 150.0 1478.0 28.0 3.0
42 41 37 0.0 13.0 131.0 2000.0 27463.0 421.0 2208.0
42 41 38 0.0 17.0 381.0 3868.0 49844.0 508.0 32892.0
42 41 39 0.0 32.0 312.0 3935.0 44762.0 404.0 55845.0
42 41 40 0.0 50.0 276.0 3890.0 41040.0 345.0 63817.0
42 41 41 0.0 26.0 283.0 4031.0 44198.0 370.0 56519.0
42 41 42 0.0 34.0 203.0 4669.0 48872.0 526.0 33340.0
42 41 43 0.0 12.0 105.0 2610.0 27190.0 395.0 2460.0
42 41 44 0.0 1.0 9.0 193.0 1544.0 26.0 9.0
42 42 35 0.0 0.0 0.0 0.0 3.0 0.0 0.0
42 42 36 0.0 0.0 2.0 78.0 749.0 16.0 0.0
42 42 37 0.0 8.0 58.0 1523.0 15556.0 287.0 667.0
42 42 38 0.0 54.0 163.0 4583.0 45848.0 541.0 15080.0
42 42 39 0.0 21.0 236.0 4807.0 49502.0 560.0 30163.0
42 42 40 0.0 14.0 317.0 4381.0 47233.0 466.0 41641.0
42 42 41 0.0 44.0 374.0 4646.0 48628.0 521.0 33454.0
42 42 42 0.0 21.0 190.0 3488.0 47886.0 610.0 17841.0
42 42 43 0.0 3.0 69.0 1521.0 17218.0 301.0 790.0
42 42 44 0.0 0.0 8.0 66.0 762.0 16.0 1.0
42 42 45 0.0 0.0 0.0 0.0 1.0 0.0 0.0
42 43 36 0.0 0.0 1.0 11.0 175.0 1.0 0.0
42 43 37 0.0 5.0 24.0 542.0 4601.0 88.0 47.0
42 43 38 0.0 9.0 38.0 1354.0 15195.0 273.0 551.0
42 43 39 0.0 11.0 95.0 2398.0 26682.0 456.0 2276.0
42 43 40 0.0 9.0 176.0 2808.0 30553.0 446.0 3193.0
42 43 41 0.0 20.0 138.0 2896.0 28095.0 441.0 2560.0
42 43 42 0.0 18.0 89.0 1479.0 16183.0 255.0 676.0
42 43 43 0.0 1.0 17.0 439.0 4921.0 78.0 44.0
42 43 44 0.0 0.0 0.0 18.0 152.0 3.0 0.0
42 44 36 0.0 0.0 0.0 3.0 13.0 0.0 0.0
42 44 37 0.0 0.0 0.0 21.0 120.0 3.0 0.0
42 44 38 0.0 0.0 1.0 62.0 733.0 13.0 1.0
42 44 39 0.0 1.0 6.0 140.0 1589.0 25.0 2.0
42 44 40 0.0 0.0 2.0 160.0 1983.0 37.0 5.0
42 44 41 0.0 0.0 1.0 144.0 1528.0 31.0 3.0
42 44 42 0.0 0.0 4.0 51.0 748.0 10.0 0.0
42 44 43 0.0 0.0 0.0 12.0 164.0 5.0 0.0
42 44 44 0.0 0.0 0.0 1.0 12.0 0.0 0.0
42 44 45 0.0 0.0 0.0 0.0 1.0 0.0 0.0
42 45 38 0.0 0.0 0.0 5.0 1.0 0.0 0.0
42 45 39 0.0 0.0 0.0 0.0 5.0 0.0 0.0
42 45 40 0.0 0.0 0.0 0.0 1.0 0.0 0.0
42 45 41 0.0 0.0 0.0 0.0 2.0 0.0 0.0
42 45 42 0.0 0.0 0.0 0.0 1.0 0.0 0.0
43 35 40 0.0 0.0 0.0 2.0 1.0 0.0 0.0
43 36 37 0.0 0.0 0.0 5.0 37.0 0.0 0.0
43 36 38 0.0 2.0 3.0 40.0 140.0 4.0 0.0
43 36 39 0.0 0.0 1.0 60.0 390.0 8.0 0.0
43 36 40 0.0 0.0 3.0 56.0 446.0 8.0 0.0
43 36 41 0.0 0.0 2.0 46.0 331.0 6.0 0.0
43 36 42 0.0 0.0 2.0 39.0 163.0 4.0 0.0
43 36 43 0.0 0.0 0.0 7.0 20.0 0.0 0.0
43 36 44 0.0 0.0 0.0 0.0 2.0 0.0 0.0
43 37 36 0.0 0.0 0.0 2.0 45.0 2.0 0.0
43 37 37 0.0 0.0 0.0 126.0 1188.0 16.0 2.0
43 37 38 0.0 6.0 22.0 502.0 3952.0 68.0 36.0
43 37 39 0.0 6.0 25.0 1048.0 8617.0 186.0 177.0
43 37 40 0.0 6.0 49.0 1044.0 10561.0 188.0 287.0
43 37 41 0.0 0.0 25.0 1089.0 8609.0 165.0 158.0
43 37 42 0.0 1.0 6.0 408.0 4611.0 89.0 51.0
43 37 43 0.0 1.0 3.0 102.0 1275.0 21.0 6.0
43 37 44 0.0 0.0 0.0 5.0 45.0 1.0 0.0
43 38 36 0.0 0.0 0.0 17.0 175.0 3.0 0.0
43 38 37 0.0 17.0 21.0 449.0 5276.0 94.0 67.0
43 38 38 0.0 20.0 47.0 1423.0 16274.0 280.0 654.0
43 38 39 0.0 26.0 92.0 2504.0 25771.0 415.0 2111.0
43 38 40 0.0 33.0 113.0 3199.0 30039.0 490.0 3266.0
43 38 41 0.0 15.0 112.0 3100.0 25723.0 387.0 2221.0
43 38 42 0.0 32.0 48.0 1761.0 15245.0 274.0 625.0
43 38 43 0.0 4.0 16.0 509.0 4429.0 89.0 40.0
43 38 44 0.0 0.0 4.0 21.0 150.0 3.0 0.0
43 39 36 0.0 0.0 2.0 45.0 320.0 4.0 0.0
43 39 37 0.0 2.0 43.0 731.0 10318.0 186.0 240.0
43 39 38 0.0 20.0 77.0 2657.0 27341.0 442.0 2397.0
43 39 39 0.0 23.0 204.0 4104.0 40166.0 576.0 7274.0
43 39 40 0.0 28.0 201.0 4340.0 43806.0 621.0 9500.0
43 39 41 0.0 36.0 211.0 4296.0 39755.0 576.0 7117.0
43 39 42 0.0 12.0 134.0 3022.0 26638.0 404.0 2377.0
43 39 43 0.0 4.0 38.0 934.0 9634.0 176.0 214.0
43 39 44 0.0 0.0 0.0 67.0 384.0 10.0 0.0
43 40 36 0.0 0.0 9.0 46.0 528.0 10.0 0.0
43 40 37 0.0 1.0 84.0 871.0 11733.0 185.0 297.0
43 40 38 0.0 16.0 119.0 3157.0 31504.0 487.0 3635.0
43 40 39 0.0 27.0 216.0 4074.0 44810.0 601.0 9885.0
43 40 40 0.0 10.0 253.0 4360.0 47558.0 593.0 13092.0
43 40 41 0.0 6.0 284.0 4158.0 44446.0 578.0 10218.0
43 40 42 0.0 33.0 139.0 3255.0 31277.0 462.0 3495.0
43 40 43 0.0 16.0 60.0 1200.0 11911.0 217.0 339.0
43 40 44 0.0 0.0 0.0 46.0 505.0 11.0 0.0
43 41 36 0.0 0.0 0.0 19.0 334.0 6.0 0.0
43 41 37 0.0 2.0 62.0 740.0 9491.0 164.0 210.0
43 41 38 0.0 4.0 140.0 1923.0 27520.0 400.0 2371.0
43 41 39 0.0 11.0 252.0 3660.0 41182.0 599.0 7538.0
43 41 40 0.0 15.0 197.0 3808.0 44376.0 607.0 9532.0
43 41 41 0.0 35.0 201.0 3620.0 41061.0 533.0 7615.0
43 41 42 0.0 19.0 160.0 2376.0 27886.0 436.0 2434.0
43 41 43 0.0 0.0 36.0 839.0 10462.0 166.0 239.0
43 41 44 0.0 0.0 3.0 35.0 353.0 3.0 0.0
43 41 45 0.0 0.0 0.0 0.0 1.0 0.0 0.0
43 42 36 0.0 0.0 0.0 12.0 184.0 1.0 0.0
43 42 37 0.0 1.0 28.0 322.0 4695.0 78.0 47.0
43 42 38 0.0 4.0 82.0 1349.0 16264.0 257.0 690.0
43 42 39 0.0 17.0 162.0 2509.0 27465.0 397.0 2435.0
43 42 40 0.0 11.0 135.0 2658.0 32066.0 459.0 3626.0
43 42 41 0.0 29.0 211.0 2714.0 27743.0 435.0 2530.0
43 42 42 0.0 3.0 113.0 1256.0 17303.0 295.0 769.0
43 42 43 0.0 42.0 21.0 504.0 5153.0 112.0 53.0
43 42 44 0.0 5.0 0.0 17.0 177.0 5.0 0.0
43 43 36 0.0 0.0 0.0 1.0 49.0 1.0 0.0
43 43 37 0.0 0.0 5.0 131.0 1025.0 17.0 5.0
43 43 38 0.0 1.0 13.0 449.0 4111.0 78.0 41.0
43 43 39 0.0 8.0 49.0 817.0 9345.0 185.0 201.0
43 43 40 0.0 0.0 53.0 1005.0 11927.0 221.0 305.0
43 43 41 0.0 0.0 69.0 809.0 10100.0 189.0 262.0
43 43 42 0.0 4.0 30.0 397.0 5155.0 77.0 46.0
43 43 43 0.0 13.0 5.0 124.0 1308.0 28.0 3.0
43 43 44 0.0 0.0 1.0 1.0 44.0 2.0 0.0
43 44 36 0.0 0.0 0.0 1.0 1.0 0.0 0.0
43 44 37 0.0 0.0 0.0 1.0 22.0 0.0 0.0
43 44 38 0.0 0.0 0.0 6.0 129.0 0.0 0.0
43 44 39 0.0 0.0 4.0 74.0 388.0 8.0 0.0
43 44 40 0.0 0.0 4.0 38.0 452.0 5.0 0.0
43 44 41 0.0 0.0 1.0 29.0 400.0 5.0 1.0
43 44 42 0.0 0.0 1.0 20.0 132.0 1.0 0.0
43 44 43 0.0 0.0 0.0 8.0 34.0 0.0 0.0
43 44 44 0.0 0.0 0.0 2.0 1.0 0.0 0.0
43 45 42 0.0 0.0 0.0 0.0 1.0 0.0 0.0
44 36 38 0.0 0.0 0.0 0.0 3.0 0.0 0.0
44 36 39 0.0 0.0 0.0 1.0 13.0 0.0 0.0
44 36 40 0.0 0.0 0.0 2.0 29.0 0.0 0.0
44 36 41 0.0 0.0 0.0 3.0 33.0 0.0 0.0
44 36 42 0.0 0.0 0.0 0.0 4.0 0.0 0.0
44 36 43 0.0 0.0 0.0 0.0 3.0 0.0 0.0
44 37 37 0.0 0.0 0.0 10.0 31.0 0.0 0.0
44 37 38 0.0 0.0 0.0 8.0 172.0 1.0 0.0
44 37 39 0.0 0.0 0.0 24.0 355.0 7.0 0.0
44 37 40 0.0 0.0 9.0 35.0 426.0 6.0 0.0
44 37 41 0.0 0.0 2.0 31.0 384.0 6.0 0.0
44 37 42 0.0 0.0 5.0 22.0 169.0 2.0 0.0
44 37 43 0.0 0.0 0.0 4.0 39.0 2.0 0.0
44 37 44 0.0 0.0 0.0 0.0 1.0 0.0 0.0
44 38 36 0.0 0.0 0.0 1.0 14.0 0.0 0.0
44 38 37 0.0 0.0 2.0 3.0 174.0 2.0 0.0
44 38 38 0.0 0.0 2.0 67.0 690.0 11.0 0.0
44 38 39 0.0 0.0 9.0 144.0 1391.0 28.0 2.0
44 38 40 0.0 0.0 32.0 206.0 1875.0 38.0 6.0
44 38 41 0.0 0.0 9.0 102.0 1585.0 34.0 0.0
44 38 42 0.0 0.0 8.0 74.0 678.0 18.0 2.0
44 38 43 0.0 0.0 0.0 28.0 161.0 5.0 0.0
44 38 44 0.0 0.0 0.0 2.0 7.0 1.0 0.0
44 39 36 0.0 0.0 0.0 5.0 25.0 3.0 0.0
44 39 37 0.0 0.0 2.0 36.0 370.0 7.0 0.0
44 39 38 0.0 0.0 5.0 137.0 1570.0 35.0 0.0
44 39 39 0.0 2.0 22.0 359.0 3183.0 66.0 24.0
44 39 40 0.0 1.0 20.0 356.0 4176.0 76.0 32.0
44 39 41 0.0 0.0 10.0 306.0 3025.0 64.0 19.0
44 39 42 0.0 0.0 2.0 183.0 1667.0 32.0 5.0
44 39 43 0.0 0.0 5.0 68.0 468.0 9.0 0.0
44 39 44 0.0 0.0 0.0 0.0 33.0 1.0 0.0
44 40 36 0.0 0.0 0.0 4.0 49.0 1.0 0.0
44 40 37 0.0 0.0 0.0 38.0 481.0 14.0 0.0
44 40 38 0.0 0.0 9.0 171.0 2039.0 27.0 5.0
44 40 39 0.0 0.0 24.0 343.0 4326.0 80.0 31.0
44 40 40 0.0 5.0 25.0 493.0 5456.0 100.0 51.0
44 40 41 0.0 1.0 28.0 378.0 4135.0 69.0 23.0
44 40 42 0.0 1.0 3.0 164.0 1889.0 31.0 8.0
44 40 43 0.0 1.0 3.0 34.0 399.0 5.0 1.0
44 40 44 0.0 0.0 0.0 7.0 43.0 0.0 0.0
44 41 36 0.0 0.0 0.0 1.0 24.0 1.0 0.0
44 41 37 0.0 0.0 0.0 36.0 409.0 8.0 1.0
44 41 38 0.0 3.0 2.0 146.0 1530.0 25.0 3.0
44 41 39 0.0 0.0 15.0 329.0 3256.0 58.0 10.0
44 41 40 0.0 3.0 21.0 407.0 4377.0 90.0 36.0
44 41 41 0.0 3.0 18.0 243.0 3341.0 62.0 16.0
44 41 42 0.0 0.0 7.0 219.0 1609.0 34.0 8.0
44 41 43 0.0 0.0 2.0 27.0 426.0 7.0 0.0
44 41 44 0.0 0.0 0.0 1.0 27.0 1.0 0.0
44 42 36 0.0 0.0 0.0 0.0 9.0 0.0 0.0
44 42 37 0.0 0.0 0.0 17.0 167.0 5.0 0.0
44 42 38 0.0 3.0 5.0 53.0 726.0 15.0 0.0
44 42 39 0.0 0.0 6.0 109.0 1602.0 20.0 3.0
44 42 40 0.0 0.0 9.0 226.0 2009.0 35.0 4.0
44 42 41 0.0 0.0 5.0 125.0 1581.0 25.0 5.0
44 42 42 0.0 0.0 5.0 55.0 749.0 16.0 1.0
44 42 43 0.0 0.0 1.0 14.0 175.0 6.0 0.0
44 42 44 0.0 0.0 0.0 2.0 12.0 1.0 0.0
44 43 37 0.0 0.0 0.0 11.0 43.0 1.0 0.0
44 43 38 0.0 0.0 9.0 8.0 162.0 3.0 0.0
44 43 39 0.0 0.0 2.0 37.0 460.0 10.0 0.0
44 43 40 0.0 0.0 4.0 38.0 468.0 6.0 0.0
44 43 41 0.0 0.0 1.0 37.0 435.0 9.0 1.0
44 43 42 0.0 0.0 2.0 22.0 200.0 2.0 0.0
44 43 43 0.0 0.0 1.0 2.0 41.0 0.0 0.0
44 43 44 0.0 0.0 0.0 0.0 2.0 0.0 0.0
44 44 38 0.0 0.0 0.0 4.0 9.0 0.0 0.0
44 44 39 0.0 0.0 0.0 3.0 24.0 0.0 0.0
44 44 40 0.0 0.0 2.0 1.0 32.0 1.0 0.0
44 44 41 0.0 0.0 0.0 7.0 25.0 1.0 0.0
44 44 42 0.0 0.0 0.0 0.0 27.0 0.0 0.0
44 44 43 0.0 0.0 0.0 1.0 2.0 0.0 0.0
45 37 38 0.0 0.0 0.0 1.0 0.0 0.0 0.0
45 37 40 0.0 0.0 0.0 0.0 1.0 0.0 0.0
45 38 38 0.0 0.0 0.0 0.0 1.0 0.0 0.0
45 38 39 0.0 0.0 0.0 0.0 3.0 0.0 0.0
45 38 40 0.0 0.0 0.0 0.0 3.0 0.0 0.0
45 38 41 0.0 0.0 0.0 1.0 3.0 0.0 0.0
45 38 42 0.0 0.0 0.0 0.0 1.0 0.0 0.0
45 39 38 0.0 0.0 0.0 1.0 2.0 1.0 0.0
45 39 39 0.0 0.0 0.0 3.0 9.0 0.0 0.0
45 39 40 0.0 0.0 0.0 3.0 8.0 1.0 0.0
45 39 41 0.0 0.0 0.0 0.0 5.0 0.0 0.0
45 39 42 0.0 0.0 0.0 0.0 2.0 0.0 0.0
45 40 37 0.0 0.0 0.0 2.0 0.0 0.0 0.0
45 40 38 0.0 0.0 0.0 0.0 3.0 0.0 0.0
45 40 39 0.0 0.0 0.0 0.0 14.0 0.0 0.0
45 40 40 0.0 0.0 0.0 0.0 11.0 0.0 0.0
45 40 41 0.0 0.0 0.0 0.0 8.0 0.0 0.0
45 40 43 0.0 0.0 0.0 0.0 1.0 0.0 0.0
45 41 38 0.0 0.0 0.0 0.0 2.0 0.0 0.0
45 41 39 0.0 0.0 0.0 0.0 7.0 0.0 0.0
45 41 40 0.0 0.0 0.0 1.0 9.0 0.0 0.0
45 41 41 0.0 0.0 0.0 1.0 3.0 0.0 0.0
45 41 43 0.0 0.0 0.0 0.0 1.0 0.0 0.0
45 42 39 0.0 0.0 0.0 0.0 3.0 0.0 0.0
45 42 40 0.0 0.0 0.0 0.0 1.0 0.0 0.0
45 42 41 0.0 0.0 0.0 0.0 1.0 0.0 0.0
45 43 40 0.0 0.0 0.0 0.0 5.0 1.0 0.0
45 43 41 0.0 0.0 0.0 0.0 1.0 0.0 0.0
