39 39 39 0.0 0.0 16.0 8.0 132.0 2.0 0.0
39 39 40 0.0 0.0 0.0 0.0 70.0 1.0 0.0
39 39 41 0.0 0.0 4.0 5.0 123.0 2.0 1.0
39 40 39 0.0 3.0 2.0 7.0 31.0 0.0 0.0
39 40 40 0.0 3.0 4.0 21.0 64.0 0.0 0.0
39 40 41 0.0 0.0 2.0 8.0 40.0 0.0 0.0
39 41 39 0.0 0.0 1.0 4.0 71.0 1.0 0.0
39 41 40 0.0 0.0 6.0 3.0 82.0 3.0 0.0
39 41 41 0.0 0.0 8.0 1.0 51.0 0.0 0.0
40 39 39 0.0 0.0 8.0 2.0 126.0 3.0 0.0
40 39 40 0.0 22.0 8.0 144.0 93.0 6.0 0.0
40 39 41 0.0 2.0 1.0 5.0 60.0 3.0 0.0
40 40 39 0.0 0.0 4.0 2.0 77.0 0.0 0.0
40 40 40 10.0 143.0 1046.0 1893.0 14335.0 293.0 899.0
40 40 41 0.0 3.0 9.0 10.0 88.0 1.0 0.0
40 41 39 0.0 0.0 3.0 5.0 64.0 1.0 0.0
40 41 40 0.0 0.0 1.0 4.0 79.0 2.0 0.0
40 41 41 0.0 1.0 2.0 15.0 57.0 1.0 0.0
41 39 39 0.0 0.0 2.0 2.0 61.0 2.0 0.0
41 39 40 0.0 0.0 1.0 7.0 51.0 0.0 0.0
41 39 41 0.0 0.0 14.0 5.0 79.0 2.0 0.0
41 40 39 0.0 0.0 17.0 5.0 118.0 1.0 0.0
41 40 40 0.0 0.0 5.0 3.0 73.0 3.0 0.0
41 40 41 0.0 0.0 2.0 11.0 74.0 2.0 0.0
41 41 39 0.0 0.0 6.0 2.0 37.0 1.0 0.0
41 41 40 0.0 0.0 0.0 4.0 53.0 0.0 0.0
41 41 41 0.0 0.0 6.0 4.0 78.0 1.0 0.0
