37 37 37 0.0 0.0 0.0 0.0 1.0 0.0 0.0
37 37 38 0.0 0.0 0.0 1.0 1.0 0.0 0.0
37 37 39 0.0 0.0 0.0 0.0 17.0 0.0 0.0
37 37 40 0.0 1.0 0.0 3.0 29.0 1.0 0.0
37 37 41 0.0 0.0 0.0 0.0 10.0 0.0 0.0
37 37 42 0.0 0.0 0.0 0.0 8.0 0.0 0.0
37 37 43 0.0 0.0 0.0 0.0 6.0 0.0 0.0
37 38 37 0.0 0.0 0.0 0.0 1.0 0.0 0.0
37 38 38 0.0 0.0 1.0 2.0 50.0 0.0 0.0
37 38 39 0.0 0.0 0.0 9.0 147.0 4.0 0.0
37 38 40 0.0 0.0 0.0 16.0 140.0 1.0 0.0
37 38 41 0.0 0.0 1.0 12.0 137.0 4.0 0.0
37 38 42 0.0 0.0 0.0 4.0 28.0 0.0 0.0
37 38 43 0.0 0.0 0.0 0.0 1.0 0.0 0.0
37 39 37 0.0 0.0 0.0 4.0 21.0 0.0 0.0
37 39 38 0.0 0.0 1.0 8.0 98.0 2.0 1.0
37 39 39 0.0 1.0 1.0 63.0 355.0 9.0 0.0
37 39 40 0.0 4.0 5.0 74.0 515.0 12.0 1.0
37 39 41 0.0 1.0 10.0 23.0 365.0 4.0 0.0
37 39 42 0.0 0.0 0.0 20.0 149.0 2.0 0.0
37 39 43 0.0 0.0 0.0 0.0 25.0 1.0 0.0
37 40 37 0.0 0.0 0.0 2.0 18.0 0.0 0.0
37 40 38 0.0 0.0 1.0 18.0 218.0 9.0 0.0
37 40 39 0.0 1.0 5.0 71.0 427.0 8.0 0.0
37 40 40 0.0 3.0 4.0 78.0 559.0 13.0 0.0
37 40 41 0.0 0.0 3.0 44.0 440.0 8.0 0.0
37 40 42 0.0 4.0 1.0 20.0 173.0 5.0 0.0
37 40 43 0.0 0.0 0.0 5.0 23.0 1.0 0.0
37 41 37 0.0 0.0 0.0 2.0 6.0 0.0 0.0
37 41 38 0.0 1.0 0.0 28.0 87.0 3.0 0.0
37 41 39 0.0 0.0 2.0 42.0 297.0 11.0 0.0
37 41 40 0.0 2.0 2.0 52.0 487.0 13.0 1.0
37 41 41 0.0 1.0 1.0 52.0 357.0 4.0 0.0
37 41 42 0.0 0.0 4.0 13.0 136.0 3.0 0.0
37 41 43 0.0 0.0 0.0 2.0 16.0 0.0 0.0
37 42 37 0.0 0.0 0.0 0.0 2.0 0.0 0.0
37 42 38 0.0 0.0 0.0 7.0 29.0 1.0 0.0
37 42 39 0.0 1.0 1.0 10.0 123.0 6.0 0.0
37 42 40 0.0 0.0 2.0 16.0 173.0 3.0 0.0
37 42 41 0.0 0.0 0.0 26.0 118.0 0.0 0.0
37 42 42 0.0 0.0 0.0 7.0 40.0 0.0 0.0
37 42 43 0.0 0.0 0.0 0.0 8.0 0.0 0.0
37 43 38 0.0 0.0 0.0 0.0 4.0 0.0 0.0
37 43 39 0.0 0.0 0.0 1.0 2.0 0.0 0.0
37 43 40 0.0 0.0 0.0 0.0 15.0 0.0 0.0
37 43 41 0.0 0.0 1.0 3.0 12.0 0.0 0.0
37 43 42 0.0 0.0 0.0 0.0 19.0 0.0 0.0
38 36 40 0.0 0.0 0.0 0.0 1.0 0.0 0.0
38 37 37 0.0 0.0 0.0 1.0 10.0 0.0 0.0
38 37 38 0.0 0.0 2.0 10.0 78.0 1.0 0.0
38 37 39 0.0 0.0 2.0 21.0 187.0 4.0 0.0
38 37 40 0.0 2.0 2.0 39.0 165.0 4.0 1.0
38 37 41 0.0 0.0 3.0 16.0 185.0 8.0 0.0
38 37 42 0.0 0.0 0.0 4.0 32.0 0.0 0.0
38 37 43 0.0 0.0 0.0 0.0 4.0 0.0 0.0
38 38 37 0.0 0.0 0.0 0.0 51.0 2.0 0.0
38 38 38 0.0 5.0 42.0 243.0 3454.0 58.0 21.0
38 38 39 0.0 5.0 31.0 828.0 7572.0 137.0 151.0
38 38 40 0.0 13.0 83.0 684.0 10366.0 180.0 255.0
38 38 41 0.0 12.0 56.0 602.0 7268.0 134.0 121.0
38 38 42 0.0 0.0 2.0 280.0 2929.0 53.0 19.0
38 38 43 0.0 0.0 0.0 11.0 58.0 0.0 0.0
38 39 37 0.0 0.0 0.0 14.0 136.0 4.0 0.0
38 39 38 0.0 13.0 40.0 1009.0 7285.0 131.0 145.0
38 39 39 0.0 46.0 136.0 2282.0 15926.0 272.0 770.0
38 39 40 0.0 27.0 244.0 2429.0 21057.0 361.0 1387.0
38 39 41 0.0 12.0 148.0 1560.0 15315.0 267.0 673.0
38 39 42 1.0 14.0 64.0 864.0 6629.0 127.0 102.0
38 39 43 0.0 0.0 1.0 21.0 135.0 5.0 0.0
38 40 37 0.0 0.0 1.0 10.0 134.0 2.0 0.0
38 40 38 0.0 20.0 69.0 1352.0 8693.0 148.0 210.0
38 40 39 0.0 55.0 179.0 2636.0 20818.0 354.0 1332.0
38 40 40 0.0 47.0 219.0 3808.0 26714.0 464.0 2546.0
38 40 41 0.0 46.0 215.0 2030.0 21607.0 370.0 1419.0
38 40 42 0.0 13.0 112.0 861.0 9463.0 159.0 209.0
38 40 43 0.0 0.0 1.0 13.0 149.0 2.0 0.0
38 41 37 0.0 0.0 2.0 6.0 111.0 1.0 0.0
38 41 38 0.0 46.0 56.0 920.0 6029.0 119.0 94.0
38 41 39 0.0 47.0 91.0 1824.0 14825.0 256.0 609.0
38 41 40 0.0 30.0 264.0 2716.0 21386.0 381.0 1437.0
38 41 41 0.0 136.0 134.0 3073.0 15197.0 305.0 769.0
38 41 42 0.0 6.0 57.0 554.0 6278.0 114.0 99.0
38 41 43 0.0 0.0 0.0 17.0 100.0 3.0 0.0
38 42 37 0.0 0.0 0.0 3.0 36.0 0.0 0.0
38 42 38 0.0 0.0 26.0 270.0 2467.0 41.0 12.0
38 42 39 0.0 10.0 81.0 705.0 6602.0 139.0 108.0
38 42 40 0.0 30.0 107.0 842.0 9302.0 180.0 187.0
38 42 41 0.0 11.0 76.0 794.0 7215.0 148.0 115.0
38 42 42 0.0 1.0 39.0 285.0 3118.0 44.0 28.0
38 42 43 0.0 0.0 0.0 3.0 33.0 1.0 0.0
38 43 37 0.0 0.0 0.0 1.0 0.0 0.0 0.0
38 43 38 0.0 0.0 0.0 5.0 26.0 2.0 0.0
38 43 39 0.0 2.0 0.0 20.0 104.0 5.0 0.0
38 43 40 0.0 0.0 1.0 23.0 137.0 2.0 0.0
38 43 41 0.0 0.0 1.0 13.0 103.0 3.0 0.0
38 43 42 0.0 0.0 1.0 4.0 42.0 0.0 0.0
38 43 43 0.0 0.0 0.0 0.0 5.0 0.0 0.0
39 37 37 0.0 0.0 0.0 0.0 19.0 0.0 0.0
39 37 38 0.0 1.0 0.0 27.0 181.0 4.0 0.0
39 37 39 0.0 0.0 1.0 76.0 426.0 12.0 0.0
39 37 40 0.0 0.0 5.0 86.0 526.0 7.0 0.0
39 37 41 0.0 1.0 0.0 57.0 336.0 5.0 0.0
39 37 42 0.0 0.0 0.0 19.0 147.0 1.0 0.0
39 37 43 0.0 0.0 0.0 1.0 13.0 1.0 0.0
39 38 37 0.0 0.0 0.0 11.0 154.0 4.0 0.0
39 38 38 0.0 14.0 44.0 512.0 7545.0 136.0 138.0
39 38 39 0.0 90.0 191.0 3887.0 18383.0 328.0 1263.0
39 38 40 0.0 46.0 148.0 3894.0 22543.0 432.0 1790.0
39 38 41 0.0 61.0 111.0 2908.0 16251.0 281.0 872.0
39 38 42 0.0 4.0 47.0 675.0 6501.0 117.0 110.0
39 38 43 0.0 0.0 1.0 26.0 156.0 3.0 0.0
39 39 37 0.0 2.0 3.0 23.0 328.0 4.0 0.0
39 39 38 0.0 26.0 136.0 1754.0 17118.0 327.0 793.0
39 39 39 0.0 112.0 496.0 4899.0 44247.0 499.0 31752.0
39 39 40 0.0 98.0 500.0 5109.0 46229.0 485.0 32880.0
39 39 41 0.0 81.0 326.0 4547.0 45292.0 544.0 29536.0
39 39 42 0.0 20.0 117.0 1811.0 16568.0 282.0 791.0
39 39 43 0.0 0.0 5.0 27.0 323.0 4.0 0.0
39 40 37 0.0 2.0 4.0 36.0 393.0 8.0 0.0
39 40 38 0.0 60.0 126.0 2369.0 21472.0 372.0 1449.0
39 40 39 0.0 213.0 422.0 7813.0 44399.0 534.0 30855.0
39 40 40 0.0 117.0 506.0 6714.0 45348.0 541.0 40230.0
39 40 41 0.0 76.0 521.0 5512.0 46973.0 497.0 29549.0
39 40 42 0.0 48.0 236.0 2387.0 20652.0 358.0 1345.0
39 40 43 0.0 0.0 6.0 69.0 407.0 7.0 0.0
39 41 37 0.0 0.0 1.0 41.0 359.0 8.0 1.0
39 41 38 0.0 16.0 128.0 1873.0 15382.0 270.0 647.0
39 41 39 0.0 63.0 399.0 5158.0 45660.0 532.0 25932.0
39 41 40 1.0 85.0 493.0 4730.0 46851.0 545.0 32170.0
39 41 41 0.0 76.0 695.0 4761.0 45264.0 569.0 28329.0
39 41 42 0.0 27.0 141.0 1983.0 15609.0 296.0 665.0
39 41 43 0.0 0.0 2.0 43.0 373.0 5.0 0.0
39 42 37 0.0 0.0 0.0 13.0 87.0 2.0 0.0
39 42 38 0.0 7.0 51.0 789.0 6688.0 115.0 96.0
39 42 39 0.0 47.0 142.0 1790.0 15091.0 282.0 643.0
39 42 40 0.0 48.0 236.0 2221.0 20527.0 347.0 1309.0
39 42 41 0.0 42.0 179.0 1803.0 15919.0 286.0 761.0
39 42 42 0.0 9.0 159.0 866.0 7592.0 140.0 132.0
39 42 43 0.0 0.0 1.0 16.0 94.0 0.0 1.0
39 43 37 0.0 0.0 0.0 1.0 7.0 0.0 0.0
39 43 38 0.0 0.0 0.0 9.0 103.0 2.0 0.0
39 43 39 0.0 1.0 7.0 47.0 297.0 7.0 1.0
39 43 40 0.0 0.0 7.0 75.0 392.0 5.0 0.0
39 43 41 0.0 0.0 6.0 47.0 346.0 6.0 0.0
39 43 42 0.0 0.0 1.0 17.0 117.0 3.0 1.0
39 43 43 0.0 0.0 0.0 0.0 17.0 0.0 0.0
40 37 37 0.0 0.0 0.0 2.0 23.0 1.0 0.0
40 37 38 0.0 1.0 1.0 53.0 263.0 8.0 0.0
40 37 39 0.0 0.0 0.0 84.0 517.0 8.0 0.0
40 37 40 0.0 0.0 7.0 145.0 725.0 11.0 2.0
40 37 41 0.0 2.0 7.0 111.0 438.0 8.0 0.0
40 37 42 0.0 0.0 2.0 21.0 182.0 4.0 0.0
40 37 43 0.0 0.0 0.0 4.0 20.0 0.0 0.0
40 38 37 0.0 4.0 2.0 29.0 201.0 3.0 0.0
40 38 38 0.0 9.0 70.0 962.0 10595.0 179.0 338.0
40 38 39 0.0 57.0 167.0 3706.0 21165.0 379.0 1560.0
40 38 40 0.0 48.0 264.0 5236.0 27542.0 436.0 3022.0
40 38 41 0.0 52.0 163.0 4040.0 20134.0 366.0 1470.0
40 38 42 0.0 8.0 171.0 943.0 9734.0 190.0 237.0
40 38 43 0.0 0.0 1.0 33.0 157.0 6.0 0.0
40 39 37 0.0 0.0 4.0 39.0 630.0 10.0 1.0
40 39 38 0.0 10.0 157.0 2258.0 21903.0 377.0 1479.0
40 39 39 0.0 85.0 392.0 4479.0 46734.0 469.0 34161.0
40 39 40 0.0 288.0 345.0 12597.0 36414.0 475.0 47221.0
40 39 41 0.0 59.0 511.0 6067.0 45927.0 489.0 30243.0
40 39 42 0.0 32.0 193.0 2892.0 20511.0 360.0 1404.0
40 39 43 0.0 0.0 3.0 49.0 492.0 10.0 0.0
40 40 37 0.0 0.0 1.0 54.0 613.0 20.0 0.0
40 40 38 0.0 50.0 264.0 2920.0 27469.0 491.0 2535.0
40 40 39 0.0 124.0 452.0 5969.0 46813.0 496.0 39439.0
40 40 40 0.0 56.0 343.0 3190.0 24692.0 202.0 92209.0
40 40 41 0.0 146.0 558.0 6744.0 45102.0 462.0 41083.0
40 40 42 0.0 23.0 306.0 3035.0 27388.0 460.0 2499.0
40 40 43 0.0 2.0 10.0 89.0 607.0 11.0 0.0
40 41 37 0.0 0.0 2.0 40.0 561.0 18.0 0.0
40 41 38 0.0 56.0 164.0 2601.0 20614.0 351.0 1304.0
40 41 39 0.0 66.0 640.0 4727.0 46934.0 520.0 32085.0
40 41 40 0.0 145.0 535.0 5846.0 46526.0 499.0 39730.0
40 41 41 0.0 64.0 557.0 5862.0 46038.0 525.0 32948.0
40 41 42 0.0 33.0 224.0 2304.0 21048.0 343.0 1357.0
40 41 43 0.0 10.0 6.0 89.0 549.0 21.0 2.0
40 42 37 0.0 0.0 1.0 15.0 141.0 3.0 0.0
40 42 38 0.0 7.0 96.0 660.0 9411.0 167.0 179.0
40 42 39 0.0 29.0 212.0 2653.0 20270.0 360.0 1301.0
40 42 40 0.0 71.0 310.0 3338.0 25946.0 467.0 2254.0
40 42 41 0.0 34.0 224.0 2300.0 20890.0 376.0 1354.0
40 42 42 0.0 18.0 132.0 1079.0 9889.0 159.0 270.0
40 42 43 0.0 0.0 4.0 19.0 153.0 3.0 0.0
40 43 37 0.0 0.0 0.0 1.0 17.0 0.0 0.0
40 43 38 0.0 0.0 1.0 10.0 143.0 4.0 0.0
40 43 39 0.0 4.0 2.0 63.0 525.0 14.0 0.0
40 43 40 0.0 0.0 13.0 78.0 544.0 11.0 0.0
40 43 41 0.0 0.0 0.0 45.0 518.0 14.0 1.0
40 43 42 0.0 4.0 0.0 22.0 168.0 1.0 0.0
40 43 43 0.0 0.0 0.0 2.0 15.0 0.0 0.0
41 37 37 0.0 0.0 0.0 12.0 16.0 0.0 0.0
41 37 38 0.0 0.0 1.0 21.0 154.0 4.0 0.0
41 37 39 0.0 1.0 3.0 45.0 418.0 7.0 0.0
41 37 40 0.0 8.0 1.0 125.0 467.0 8.0 0.0
41 37 41 0.0 4.0 2.0 72.0 359.0 5.0 1.0
41 37 42 0.0 1.0 0.0 28.0 105.0 0.0 0.0
41 37 43 0.0 0.0 0.0 0.0 15.0 0.0 0.0
41 38 37 0.0 0.0 1.0 20.0 144.0 0.0 0.0
41 38 38 0.0 3.0 41.0 621.0 6984.0 138.0 127.0
41 38 39 0.0 80.0 84.0 3417.0 15516.0 283.0 878.0
41 38 40 0.0 63.0 117.0 4415.0 20005.0 402.0 1463.0
41 38 41 0.0 131.0 121.0 4050.0 15424.0 319.0 953.0
41 38 42 0.0 12.0 63.0 735.0 6879.0 114.0 127.0
41 38 43 0.0 0.0 2.0 12.0 114.0 5.0 0.0
41 39 37 0.0 0.0 9.0 51.0 370.0 7.0 0.0
41 39 38 0.0 17.0 163.0 1727.0 17333.0 263.0 828.0
41 39 39 0.0 109.0 382.0 5543.0 45102.0 523.0 27935.0
41 39 40 1.0 75.0 427.0 6537.0 46163.0 548.0 29163.0
41 39 41 0.0 58.0 508.0 5335.0 44490.0 523.0 28685.0
41 39 42 0.0 39.0 141.0 1856.0 16106.0 305.0 734.0
41 39 43 0.0 0.0 3.0 46.0 366.0 3.0 1.0
41 40 37 0.0 0.0 7.0 52.0 410.0 12.0 0.0
41 40 38 0.0 12.0 190.0 1869.0 22200.0 335.0 1411.0
41 40 39 0.0 60.0 547.0 4080.0 46157.0 517.0 35489.0
41 40 40 0.0 116.0 630.0 5315.0 46867.0 457.0 40191.0
41 40 41 0.0 108.0 495.0 5939.0 45965.0 518.0 32019.0
41 40 42 0.0 28.0 210.0 2565.0 20883.0 373.0 1330.0
41 40 43 0.0 0.0 9.0 45.0 493.0 8.0 0.0
41 41 37 0.0 1.0 1.0 40.0 385.0 8.0 0.0
41 41 38 0.0 6.0 141.0 1452.0 16241.0 280.0 724.0
41 41 39 0.0 38.0 385.0 4428.0 46280.0 581.0 26485.0
41 41 40 0.0 76.0 581.0 5856.0 46161.0 553.0 30572.0
41 41 41 0.0 42.0 628.0 4197.0 45683.0 520.0 30388.0
41 41 42 0.0 26.0 255.0 1856.0 16145.0 298.0 707.0
41 41 43 0.0 0.0 1.0 37.0 339.0 5.0 0.0
41 42 37 0.0 0.0 1.0 6.0 147.0 3.0 0.0
41 42 38 0.0 28.0 64.0 760.0 7023.0 140.0 146.0
41 42 39 0.0 8.0 187.0 1621.0 15790.0 299.0 674.0
41 42 40 0.0 21.0 233.0 2212.0 21748.0 366.0 1484.0
41 42 41 0.0 29.0 171.0 2194.0 16262.0 288.0 828.0
41 42 42 0.0 1.0 110.0 750.0 7118.0 138.0 134.0
41 42 43 0.0 4.0 0.0 11.0 124.0 2.0 0.0
41 43 37 0.0 1.0 0.0 1.0 11.0 0.0 0.0
41 43 38 0.0 0.0 4.0 18.0 134.0 5.0 0.0
41 43 39 0.0 0.0 1.0 29.0 338.0 6.0 0.0
41 43 40 0.0 3.0 4.0 48.0 458.0 8.0 0.0
41 43 41 0.0 0.0 12.0 41.0 342.0 6.0 0.0
41 43 42 0.0 0.0 0.0 8.0 96.0 0.0 0.0
41 43 43 0.0 0.0 0.0 0.0 21.0 0.0 0.0
42 37 37 0.0 0.0 0.0 0.0 5.0 0.0 0.0
42 37 38 0.0 0.0 0.0 6.0 47.0 1.0 0.0
42 37 39 0.0 0.0 0.0 25.0 147.0 3.0 0.0
42 37 40 0.0 1.0 0.0 39.0 150.0 4.0 0.0
42 37 41 0.0 0.0 4.0 37.0 156.0 3.0 0.0
42 37 42 0.0 0.0 5.0 10.0 65.0 1.0 0.0
42 37 43 0.0 0.0 0.0 0.0 11.0 0.0 0.0
42 38 37 0.0 0.0 1.0 10.0 69.0 0.0 0.0
42 38 38 0.0 13.0 19.0 363.0 3059.0 58.0 19.0
42 38 39 0.0 26.0 44.0 827.0 5698.0 112.0 77.0
42 38 40 0.0 6.0 66.0 1110.0 8362.0 154.0 175.0
42 38 41 0.0 12.0 40.0 942.0 6563.0 134.0 115.0
42 38 42 0.0 1.0 33.0 279.0 2848.0 51.0 21.0
42 38 43 0.0 0.0 2.0 4.0 46.0 2.0 0.0
42 39 37 0.0 0.0 1.0 8.0 150.0 3.0 0.0
42 39 38 0.0 23.0 54.0 630.0 7688.0 145.0 164.0
42 39 39 0.0 12.0 138.0 1515.0 16737.0 291.0 793.0
42 39 40 0.0 31.0 263.0 2089.0 20932.0 337.0 1281.0
42 39 41 0.0 45.0 201.0 2028.0 15038.0 279.0 680.0
42 39 42 0.0 9.0 46.0 924.0 6926.0 122.0 115.0
42 39 43 0.0 0.0 1.0 12.0 136.0 3.0 0.0
42 39 44 0.0 0.0 0.0 0.0 1.0 0.0 0.0
42 40 37 0.0 0.0 2.0 19.0 181.0 6.0 0.0
42 40 38 0.0 4.0 134.0 813.0 10184.0 181.0 276.0
42 40 39 0.0 33.0 179.0 2245.0 20462.0 379.0 1267.0
42 40 40 0.0 25.0 277.0 2642.0 28170.0 471.0 2524.0
42 40 41 0.0 30.0 244.0 2425.0 21085.0 355.0 1298.0
42 40 42 0.0 12.0 94.0 1016.0 9487.0 153.0 224.0
42 40 43 0.0 0.0 0.0 20.0 155.0 5.0 0.0
42 41 37 0.0 0.0 1.0 11.0 121.0 1.0 0.0
42 41 38 0.0 1.0 178.0 557.0 7277.0 151.0 130.0
42 41 39 0.0 12.0 275.0 1360.0 16899.0 280.0 796.0
42 41 40 0.0 34.0 237.0 2007.0 21565.0 369.0 1412.0
42 41 41 0.0 19.0 218.0 1610.0 17540.0 338.0 856.0
42 41 42 0.0 13.0 60.0 684.0 7388.0 140.0 145.0
42 41 43 0.0 1.0 0.0 22.0 158.0 5.0 0.0
42 42 37 0.0 0.0 0.0 5.0 30.0 1.0 0.0
42 42 38 0.0 15.0 11.0 269.0 2641.0 58.0 12.0
42 42 39 0.0 7.0 44.0 710.0 5925.0 122.0 83.0
42 42 40 0.0 5.0 146.0 944.0 10569.0 185.0 303.0
42 42 41 0.0 13.0 126.0 732.0 7067.0 119.0 130.0
42 42 42 0.0 2.0 24.0 234.0 3673.0 75.0 31.0
42 42 43 0.0 0.0 0.0 2.0 54.0 0.0 0.0
42 43 37 0.0 0.0 0.0 1.0 4.0 0.0 0.0
42 43 38 0.0 0.0 0.0 2.0 44.0 3.0 0.0
42 43 39 0.0 0.0 0.0 13.0 131.0 4.0 0.0
42 43 40 0.0 0.0 2.0 18.0 136.0 2.0 0.0
42 43 41 0.0 0.0 0.0 15.0 111.0 3.0 0.0
42 43 42 0.0 2.0 0.0 3.0 55.0 1.0 0.0
42 43 43 0.0 0.0 0.0 0.0 3.0 0.0 0.0
43 37 38 0.0 0.0 0.0 0.0 3.0 0.0 0.0
43 37 39 0.0 0.0 0.0 0.0 6.0 0.0 0.0
43 37 40 0.0 0.0 0.0 0.0 15.0 0.0 0.0
43 37 41 0.0 0.0 0.0 1.0 14.0 0.0 0.0
43 37 42 0.0 0.0 0.0 0.0 6.0 1.0 0.0
43 37 43 0.0 0.0 0.0 0.0 1.0 0.0 0.0
43 38 37 0.0 0.0 0.0 0.0 15.0 0.0 0.0
43 38 38 0.0 0.0 0.0 8.0 48.0 2.0 0.0
43 38 39 0.0 0.0 0.0 9.0 78.0 4.0 0.0
43 38 40 0.0 0.0 1.0 13.0 163.0 4.0 0.0
43 38 41 0.0 0.0 1.0 9.0 94.0 1.0 0.0
43 38 42 0.0 0.0 0.0 1.0 43.0 1.0 0.0
43 38 43 0.0 0.0 0.0 0.0 4.0 0.0 0.0
43 39 37 0.0 0.0 0.0 0.0 20.0 1.0 0.0
43 39 38 0.0 0.0 0.0 8.0 116.0 2.0 0.0
43 39 39 0.0 0.0 5.0 37.0 337.0 9.0 0.0
43 39 40 0.0 1.0 11.0 61.0 470.0 13.0 2.0
43 39 41 0.0 0.0 4.0 28.0 368.0 6.0 0.0
43 39 42 0.0 0.0 1.0 8.0 128.0 4.0 0.0
43 39 43 0.0 0.0 0.0 1.0 13.0 0.0 0.0
43 40 37 0.0 0.0 0.0 4.0 7.0 0.0 0.0
43 40 38 0.0 4.0 1.0 23.0 153.0 1.0 0.0
43 40 39 0.0 0.0 5.0 30.0 447.0 10.0 2.0
43 40 40 0.0 2.0 4.0 70.0 660.0 16.0 1.0
43 40 41 0.0 0.0 13.0 38.0 465.0 12.0 1.0
43 40 42 0.0 0.0 0.0 22.0 158.0 2.0 0.0
43 40 43 0.0 0.0 0.0 2.0 36.0 1.0 0.0
43 41 37 0.0 0.0 0.0 1.0 11.0 0.0 0.0
43 41 38 0.0 0.0 1.0 9.0 124.0 1.0 0.0
43 41 39 0.0 0.0 6.0 46.0 368.0 9.0 0.0
43 41 40 0.0 0.0 8.0 31.0 464.0 11.0 0.0
43 41 41 0.0 0.0 1.0 32.0 331.0 10.0 0.0
43 41 42 0.0 0.0 3.0 8.0 127.0 2.0 0.0
43 41 43 0.0 0.0 0.0 0.0 43.0 3.0 0.0
43 42 37 0.0 0.0 0.0 0.0 3.0 0.0 0.0
43 42 38 0.0 0.0 2.0 4.0 71.0 1.0 0.0
43 42 39 0.0 0.0 4.0 17.0 106.0 1.0 0.0
43 42 40 0.0 0.0 1.0 14.0 168.0 5.0 0.0
43 42 41 0.0 0.0 5.0 15.0 128.0 1.0 0.0
43 42 42 0.0 0.0 0.0 1.0 50.0 1.0 0.0
43 42 43 0.0 0.0 0.0 0.0 4.0 0.0 0.0
43 43 38 0.0 0.0 0.0 0.0 5.0 1.0 0.0
43 43 39 0.0 0.0 0.0 2.0 10.0 0.0 0.0
43 43 40 0.0 0.0 0.0 4.0 20.0 1.0 0.0
43 43 41 0.0 0.0 0.0 2.0 15.0 0.0 0.0
43 43 42 0.0 0.0 0.0 0.0 10.0 0.0 0.0
