35 37 40 0.0 0.0 0.0 0.0 1.0 0.0 0.0
35 38 38 0.0 0.0 0.0 0.0 1.0 0.0 0.0
35 38 39 0.0 0.0 0.0 0.0 1.0 0.0 0.0
35 39 39 0.0 0.0 0.0 2.0 1.0 0.0 0.0
35 39 40 0.0 0.0 0.0 0.0 2.0 0.0 0.0
35 40 39 0.0 0.0 0.0 1.0 2.0 0.0 0.0
35 40 40 0.0 0.0 0.0 0.0 2.0 0.0 0.0
35 40 41 0.0 0.0 0.0 0.0 3.0 0.0 0.0
35 41 38 0.0 0.0 0.0 0.0 2.0 0.0 0.0
35 41 39 0.0 0.0 0.0 0.0 2.0 0.0 0.0
35 41 40 0.0 0.0 0.0 0.0 1.0 0.0 0.0
35 41 41 0.0 0.0 0.0 0.0 4.0 0.0 0.0
35 42 39 0.0 0.0 0.0 0.0 1.0 0.0 0.0
35 42 40 0.0 0.0 0.0 0.0 1.0 0.0 0.0
36 36 37 0.0 0.0 0.0 0.0 1.0 0.0 0.0
36 36 38 0.0 0.0 0.0 4.0 10.0 0.0 0.0
36 36 39 0.0 0.0 0.0 3.0 5.0 1.0 0.0
36 36 40 0.0 0.0 0.0 3.0 11.0 0.0 0.0
36 36 41 0.0 0.0 0.0 0.0 12.0 0.0 0.0
36 36 42 0.0 0.0 0.0 1.0 3.0 0.0 0.0
36 37 37 0.0 0.0 0.0 1.0 16.0 1.0 0.0
36 37 38 0.0 0.0 0.0 8.0 81.0 0.0 0.0
36 37 39 0.0 0.0 0.0 29.0 152.0 4.0 0.0
36 37 40 0.0 0.0 4.0 12.0 227.0 2.0 0.0
36 37 41 0.0 0.0 2.0 30.0 170.0 4.0 0.0
36 37 42 0.0 0.0 0.0 2.0 91.0 2.0 0.0
36 37 43 0.0 0.0 0.0 0.0 6.0 0.0 0.0
36 38 36 0.0 0.0 0.0 0.0 4.0 0.0 0.0
36 38 37 0.0 0.0 0.0 4.0 97.0 5.0 0.0
36 38 38 0.0 0.0 1.0 41.0 332.0 12.0 0.0
36 38 39 0.0 0.0 3.0 91.0 736.0 16.0 2.0
36 38 40 0.0 0.0 3.0 112.0 1019.0 13.0 0.0
36 38 41 0.0 0.0 1.0 81.0 721.0 10.0 0.0
36 38 42 0.0 0.0 0.0 28.0 333.0 3.0 0.0
36 38 43 0.0 0.0 0.0 5.0 69.0 1.0 0.0
36 38 44 0.0 0.0 0.0 0.0 3.0 0.0 0.0
36 39 36 0.0 0.0 0.0 1.0 8.0 0.0 0.0
36 39 37 0.0 0.0 0.0 13.0 135.0 2.0 0.0
36 39 38 0.0 2.0 6.0 62.0 713.0 18.0 2.0
36 39 39 0.0 0.0 2.0 198.0 1602.0 33.0 4.0
36 39 40 0.0 2.0 9.0 217.0 2207.0 31.0 7.0
36 39 41 0.0 3.0 10.0 215.0 1773.0 35.0 4.0
36 39 42 0.0 1.0 4.0 91.0 698.0 18.0 0.0
36 39 43 0.0 0.0 2.0 19.0 133.0 2.0 0.0
36 39 44 0.0 0.0 0.0 1.0 9.0 0.0 0.0
36 40 36 0.0 0.0 0.0 0.0 14.0 0.0 0.0
36 40 37 0.0 0.0 1.0 31.0 184.0 6.0 0.0
36 40 38 0.0 0.0 5.0 126.0 957.0 13.0 0.0
36 40 39 0.0 4.0 11.0 268.0 2090.0 31.0 7.0
36 40 40 0.0 2.0 9.0 342.0 2558.0 54.0 14.0
36 40 41 0.0 3.0 10.0 291.0 1978.0 46.0 7.0
36 40 42 0.0 0.0 0.0 118.0 970.0 24.0 2.0
36 40 43 0.0 1.0 0.0 26.0 225.0 7.0 0.0
36 40 44 0.0 0.0 0.0 1.0 6.0 0.0 0.0
36 41 36 0.0 0.0 0.0 1.0 9.0 0.0 0.0
36 41 37 0.0 0.0 0.0 13.0 172.0 4.0 0.0
36 41 38 0.0 0.0 4.0 114.0 648.0 15.0 1.0
36 41 39 0.0 3.0 5.0 185.0 1680.0 29.0 1.0
36 41 40 0.0 0.0 17.0 240.0 2148.0 42.0 6.0
36 41 41 0.0 0.0 3.0 153.0 1789.0 43.0 1.0
36 41 42 0.0 2.0 5.0 86.0 783.0 13.0 1.0
36 41 43 0.0 0.0 0.0 32.0 139.0 3.0 0.0
36 41 44 0.0 0.0 0.0 0.0 8.0 0.0 0.0
36 42 36 0.0 0.0 0.0 1.0 4.0 0.0 0.0
36 42 37 0.0 1.0 0.0 19.0 48.0 0.0 0.0
36 42 38 0.0 0.0 1.0 37.0 336.0 4.0 0.0
36 42 39 0.0 1.0 0.0 99.0 709.0 12.0 1.0
36 42 40 0.0 4.0 4.0 112.0 1055.0 17.0 1.0
36 42 41 0.0 1.0 5.0 95.0 816.0 14.0 0.0
36 42 42 0.0 0.0 1.0 46.0 347.0 6.0 0.0
36 42 43 0.0 0.0 0.0 6.0 75.0 1.0 0.0
36 42 44 0.0 0.0 0.0 0.0 3.0 0.0 0.0
36 43 37 0.0 0.0 0.0 2.0 6.0 0.0 0.0
36 43 38 0.0 0.0 0.0 4.0 58.0 1.0 0.0
36 43 39 0.0 0.0 0.0 10.0 139.0 4.0 0.0
36 43 40 0.0 1.0 0.0 28.0 199.0 0.0 0.0
36 43 41 0.0 0.0 0.0 26.0 162.0 1.0 0.0
36 43 42 0.0 0.0 0.0 13.0 84.0 0.0 0.0
36 43 43 0.0 0.0 0.0 3.0 12.0 0.0 0.0
36 43 44 0.0 0.0 0.0 0.0 2.0 0.0 0.0
36 44 36 0.0 0.0 0.0 0.0 4.0 0.0 0.0
36 44 38 0.0 0.0 0.0 0.0 1.0 0.0 0.0
36 44 39 0.0 0.0 0.0 0.0 8.0 0.0 0.0
36 44 40 0.0 0.0 0.0 0.0 12.0 1.0 0.0
36 44 41 0.0 0.0 0.0 0.0 4.0 0.0 0.0
36 44 42 0.0 0.0 0.0 0.0 2.0 0.0 0.0
37 36 37 0.0 0.0 0.0 7.0 26.0 0.0 0.0
37 36 38 0.0 0.0 0.0 11.0 86.0 0.0 0.0
37 36 39 0.0 1.0 1.0 33.0 176.0 5.0 0.0
37 36 40 0.0 0.0 1.0 29.0 223.0 5.0 0.0
37 36 41 0.0 0.0 0.0 32.0 199.0 7.0 0.0
37 36 42 0.0 0.0 0.0 16.0 61.0 0.0 0.0
37 36 43 0.0 0.0 0.0 3.0 30.0 0.0 0.0
37 36 44 0.0 0.0 0.0 0.0 2.0 1.0 0.0
37 37 36 0.0 0.0 0.0 0.0 19.0 0.0 0.0
37 37 37 0.0 1.0 4.0 54.0 887.0 14.0 2.0
37 37 38 0.0 0.0 1.0 275.0 3192.0 53.0 24.0
37 37 39 0.0 5.0 14.0 660.0 6494.0 125.0 88.0
37 37 40 0.0 4.0 15.0 804.0 7828.0 137.0 127.0
37 37 41 0.0 0.0 12.0 472.0 6040.0 117.0 67.0
37 37 42 0.0 0.0 8.0 346.0 3033.0 53.0 22.0
37 37 43 0.0 0.0 1.0 129.0 868.0 19.0 2.0
37 37 44 0.0 0.0 0.0 0.0 10.0 0.0 0.0
37 38 36 0.0 0.0 5.0 8.0 110.0 5.0 0.0
37 38 37 0.0 1.0 19.0 406.0 3295.0 60.0 21.0
37 38 38 0.0 12.0 47.0 1252.0 11414.0 208.0 347.0
37 38 39 0.0 12.0 64.0 2290.0 20859.0 319.0 1283.0
37 38 40 0.0 17.0 76.0 2602.0 23299.0 356.0 1642.0
37 38 41 0.0 13.0 86.0 2121.0 20238.0 329.0 1254.0
37 38 42 0.0 3.0 30.0 1089.0 9950.0 171.0 226.0
37 38 43 0.0 0.0 8.0 396.0 3176.0 55.0 23.0
37 38 44 0.0 0.0 0.0 8.0 51.0 0.0 0.0
37 39 36 0.0 0.0 0.0 20.0 161.0 4.0 0.0
37 39 37 0.0 6.0 22.0 779.0 6463.0 121.0 97.0
37 39 38 0.0 10.0 68.0 2315.0 19458.0 333.0 1094.0
37 39 39 0.0 31.0 140.0 3836.0 32607.0 483.0 4075.0
37 39 40 0.0 56.0 178.0 4591.0 37396.0 579.0 5928.0
37 39 41 0.0 39.0 229.0 3371.0 33372.0 545.0 4016.0
37 39 42 0.0 20.0 85.0 2052.0 20337.0 352.0 1215.0
37 39 43 0.0 1.0 26.0 503.0 5787.0 97.0 76.0
37 39 44 0.0 0.0 1.0 7.0 175.0 4.0 0.0
37 40 36 0.0 0.0 0.0 20.0 189.0 5.0 0.0
37 40 37 0.0 17.0 36.0 941.0 7014.0 117.0 118.0
37 40 38 0.0 46.0 101.0 2967.0 23740.0 393.0 1788.0
37 40 39 0.0 82.0 137.0 4460.0 36338.0 543.0 5529.0
37 40 40 0.0 73.0 168.0 4924.0 40300.0 598.0 7550.0
37 40 41 0.0 35.0 163.0 4346.0 36826.0 577.0 5428.0
37 40 42 0.0 44.0 97.0 2715.0 23606.0 426.0 1740.0
37 40 43 0.0 2.0 26.0 761.0 7328.0 136.0 114.0
37 40 44 0.0 0.0 1.0 19.0 199.0 3.0 1.0
37 41 36 0.0 0.0 1.0 27.0 171.0 3.0 0.0
37 41 37 0.0 11.0 22.0 850.0 5361.0 102.0 69.0
37 41 38 0.0 29.0 66.0 2602.0 18440.0 300.0 1032.0
37 41 39 0.0 46.0 132.0 3952.0 31571.0 456.0 3631.0
37 41 40 0.0 60.0 149.0 4248.0 37036.0 564.0 5580.0
37 41 41 0.0 40.0 216.0 4175.0 33132.0 486.0 4254.0
37 41 42 0.0 44.0 102.0 2152.0 19458.0 333.0 1099.0
37 41 43 0.0 1.0 28.0 574.0 5751.0 102.0 71.0
37 41 44 0.0 0.0 0.0 9.0 117.0 3.0 0.0
37 42 36 0.0 0.0 0.0 7.0 66.0 3.0 0.0
37 42 37 0.0 11.0 7.0 425.0 2301.0 39.0 18.0
37 42 38 0.0 10.0 32.0 1127.0 9939.0 186.0 236.0
37 42 39 0.0 14.0 124.0 2332.0 19516.0 325.0 1158.0
37 42 40 0.0 12.0 101.0 2912.0 23076.0 362.0 1729.0
37 42 41 0.0 19.0 69.0 2452.0 19698.0 326.0 1139.0
37 42 42 0.0 19.0 38.0 1339.0 10538.0 213.0 275.0
37 42 43 0.0 3.0 17.0 283.0 2651.0 51.0 13.0
37 42 44 0.0 0.0 0.0 11.0 62.0 2.0 0.0
37 43 36 0.0 0.0 0.0 0.0 13.0 0.0 0.0
37 43 37 0.0 0.0 1.0 67.0 593.0 17.0 0.0
37 43 38 0.0 9.0 7.0 332.0 2524.0 48.0 8.0
37 43 39 0.0 1.0 24.0 490.0 5285.0 92.0 59.0
37 43 40 0.0 4.0 59.0 645.0 7146.0 125.0 102.0
37 43 41 0.0 5.0 49.0 654.0 6235.0 102.0 92.0
37 43 42 0.0 0.0 19.0 295.0 3313.0 65.0 21.0
37 43 43 0.0 0.0 6.0 66.0 739.0 10.0 3.0
37 43 44 0.0 0.0 0.0 1.0 18.0 0.0 0.0
37 44 37 0.0 0.0 0.0 1.0 4.0 0.0 0.0
37 44 38 0.0 0.0 0.0 4.0 53.0 1.0 0.0
37 44 39 0.0 1.0 0.0 19.0 127.0 4.0 0.0
37 44 40 0.0 0.0 0.0 8.0 201.0 4.0 0.0
37 44 41 0.0 0.0 0.0 19.0 154.0 3.0 0.0
37 44 42 0.0 0.0 0.0 10.0 57.0 2.0 0.0
37 44 43 0.0 0.0 0.0 0.0 13.0 0.0 0.0
37 44 44 0.0 0.0 0.0 0.0 2.0 0.0 0.0
38 35 40 0.0 0.0 0.0 0.0 2.0 0.0 0.0
38 35 41 0.0 0.0 0.0 0.0 3.0 1.0 0.0
38 36 36 0.0 0.0 0.0 1.0 4.0 0.0 0.0
38 36 37 0.0 0.0 0.0 19.0 106.0 2.0 0.0
38 36 38 0.0 0.0 1.0 60.0 365.0 5.0 1.0
38 36 39 0.0 0.0 5.0 161.0 950.0 20.0 2.0
38 36 40 0.0 0.0 9.0 169.0 1110.0 16.0 0.0
38 36 41 0.0 0.0 7.0 142.0 755.0 21.0 0.0
38 36 42 0.0 0.0 1.0 55.0 343.0 7.0 0.0
38 36 43 0.0 0.0 0.0 7.0 84.0 0.0 0.0
38 36 44 0.0 0.0 0.0 1.0 4.0 0.0 0.0
38 37 36 0.0 0.0 0.0 4.0 79.0 0.0 0.0
38 37 37 0.0 0.0 17.0 267.0 3527.0 67.0 28.0
38 37 38 0.0 33.0 99.0 1804.0 12102.0 224.0 427.0
38 37 39 0.0 33.0 94.0 3243.0 22107.0 354.0 1563.0
38 37 40 0.0 36.0 115.0 3694.0 24728.0 424.0 2178.0
38 37 41 0.0 11.0 90.0 2752.0 20717.0 342.0 1371.0
38 37 42 0.0 8.0 36.0 1295.0 10836.0 185.0 283.0
38 37 43 0.0 0.0 2.0 268.0 2630.0 54.0 10.0
38 37 44 0.0 0.0 1.0 7.0 76.0 0.0 0.0
38 38 36 0.0 1.0 1.0 39.0 351.0 9.0 0.0
38 38 37 0.0 2.0 38.0 942.0 11816.0 186.0 309.0
38 38 38 0.0 39.0 204.0 4107.0 44053.0 584.0 11980.0
38 38 39 0.0 36.0 147.0 5400.0 48632.0 589.0 26264.0
38 38 40 0.0 44.0 234.0 4672.0 49129.0 548.0 32381.0
38 38 41 0.0 43.0 180.0 5021.0 49165.0 547.0 25127.0
38 38 42 0.0 13.0 119.0 4026.0 42565.0 568.0 10639.0
38 38 43 0.0 1.0 30.0 1262.0 10783.0 169.0 322.0
38 38 44 0.0 0.0 3.0 25.0 329.0 10.0 0.0
38 39 35 0.0 0.0 0.0 0.0 2.0 0.0 0.0
38 39 36 0.0 1.0 4.0 89.0 702.0 18.0 0.0
38 39 37 0.0 56.0 110.0 2387.0 20816.0 389.0 1268.0
38 39 38 0.0 52.0 213.0 5967.0 47855.0 582.0 25986.0
38 39 39 0.0 69.0 235.0 6051.0 45948.0 463.0 46160.0
38 39 40 0.0 30.0 259.0 5096.0 43909.0 414.0 54227.0
38 39 41 0.0 54.0 250.0 5040.0 47417.0 469.0 45164.0
38 39 42 1.0 68.0 260.0 5576.0 48531.0 571.0 24390.0
38 39 43 0.0 13.0 57.0 2070.0 20234.0 327.0 1152.0
38 39 44 0.0 2.0 3.0 86.0 771.0 8.0 2.0
38 40 35 0.0 0.0 0.0 0.0 2.0 1.0 0.0
38 40 36 0.0 1.0 9.0 150.0 959.0 14.0 3.0
38 40 37 0.0 30.0 97.0 2633.0 22587.0 385.0 1465.0
38 40 38 0.0 64.0 228.0 6565.0 47155.0 570.0 30510.0
38 40 39 0.0 70.0 251.0 5416.0 43790.0 431.0 53881.0
38 40 40 0.0 51.0 219.0 5193.0 40711.0 361.0 62942.0
38 40 41 0.0 58.0 265.0 4799.0 44587.0 438.0 54306.0
38 40 42 0.0 44.0 289.0 4680.0 48931.0 545.0 31074.0
38 40 43 0.0 10.0 129.0 2212.0 23028.0 386.0 1579.0
38 40 44 0.0 0.0 6.0 114.0 969.0 16.0 1.0
38 40 45 0.0 0.0 0.0 0.0 2.0 0.0 0.0
38 41 35 0.0 0.0 0.0 3.0 0.0 1.0 0.0
38 41 36 0.0 0.0 21.0 95.0 770.0 21.0 2.0
38 41 37 0.0 8.0 101.0 2333.0 19139.0 328.0 1070.0
38 41 38 0.0 106.0 258.0 6789.0 46949.0 585.0 23208.0
38 41 39 0.0 69.0 194.0 5658.0 46735.0 468.0 44337.0
38 41 40 0.0 53.0 250.0 5374.0 43666.0 402.0 54891.0
38 41 41 0.0 125.0 294.0 7027.0 44845.0 477.0 46807.0
38 41 42 0.0 41.0 290.0 4793.0 49038.0 581.0 23350.0
38 41 43 0.0 13.0 102.0 2271.0 20268.0 369.0 1163.0
38 41 44 0.0 0.0 5.0 85.0 742.0 11.0 1.0
38 41 45 0.0 0.0 0.0 0.0 1.0 0.0 0.0
38 42 36 0.0 0.0 0.0 49.0 267.0 4.0 0.0
38 42 37 0.0 9.0 25.0 1203.0 10337.0 188.0 263.0
38 42 38 0.0 23.0 207.0 4157.0 40952.0 567.0 9388.0
38 42 39 0.0 60.0 301.0 5113.0 48484.0 541.0 23793.0
38 42 40 0.0 69.0 295.0 5062.0 49137.0 550.0 30541.0
38 42 41 0.0 47.0 232.0 5141.0 48676.0 602.0 25251.0
38 42 42 0.0 34.0 250.0 4044.0 43188.0 615.0 11396.0
38 42 43 0.0 5.0 55.0 1194.0 10600.0 190.0 299.0
38 42 44 0.0 0.0 0.0 55.0 344.0 7.0 0.0
38 43 36 0.0 0.0 0.0 9.0 79.0 0.0 0.0
38 43 37 0.0 1.0 12.0 249.0 2614.0 49.0 12.0
38 43 38 0.0 8.0 55.0 1097.0 9982.0 197.0 208.0
38 43 39 0.0 28.0 64.0 2389.0 19120.0 359.0 1080.0
38 43 40 0.0 20.0 107.0 2490.0 23176.0 356.0 1603.0
38 43 41 0.0 38.0 69.0 2269.0 19716.0 327.0 1065.0
38 43 42 0.0 10.0 50.0 1099.0 11212.0 203.0 302.0
38 43 43 0.0 4.0 15.0 368.0 3148.0 69.0 20.0
38 43 44 0.0 0.0 0.0 3.0 78.0 0.0 0.0
38 44 36 0.0 0.0 0.0 0.0 5.0 0.0 0.0
38 44 37 0.0 0.0 0.0 16.0 63.0 2.0 0.0
38 44 38 0.0 0.0 2.0 41.0 271.0 6.0 0.0
38 44 39 0.0 0.0 7.0 103.0 717.0 14.0 1.0
38 44 40 0.0 0.0 8.0 93.0 886.0 16.0 1.0
38 44 41 0.0 0.0 1.0 56.0 675.0 10.0 0.0
38 44 42 0.0 0.0 1.0 35.0 322.0 9.0 0.0
38 44 43 0.0 0.0 0.0 10.0 65.0 1.0 0.0
38 44 44 0.0 0.0 0.0 0.0 1.0 0.0 0.0
38 45 38 0.0 0.0 0.0 0.0 1.0 0.0 0.0
38 45 39 0.0 0.0 0.0 0.0 1.0 0.0 0.0
39 35 38 0.0 0.0 0.0 0.0 3.0 0.0 0.0
39 35 39 0.0 0.0 0.0 0.0 4.0 0.0 0.0
39 35 40 0.0 0.0 0.0 0.0 8.0 1.0 0.0
39 35 41 0.0 0.0 0.0 0.0 2.0 0.0 0.0
39 36 36 0.0 0.0 0.0 0.0 8.0 0.0 0.0
39 36 37 0.0 0.0 3.0 51.0 254.0 3.0 0.0
39 36 38 0.0 0.0 5.0 143.0 895.0 7.0 1.0
39 36 39 0.0 3.0 5.0 288.0 2032.0 34.0 5.0
39 36 40 0.0 0.0 15.0 307.0 2502.0 47.0 8.0
39 36 41 0.0 4.0 7.0 299.0 1766.0 39.0 6.0
39 36 42 0.0 0.0 3.0 91.0 752.0 16.0 0.0
39 36 43 0.0 0.0 0.0 17.0 176.0 6.0 0.0
39 36 44 0.0 0.0 0.0 0.0 14.0 1.0 0.0
39 37 36 0.0 0.0 0.0 25.0 177.0 2.0 0.0
39 37 37 0.0 6.0 14.0 597.0 6480.0 104.0 90.0
39 37 38 0.0 34.0 90.0 2952.0 22338.0 419.0 1564.0
39 37 39 0.0 19.0 98.0 4978.0 33613.0 517.0 4687.0
39 37 40 0.0 38.0 167.0 5528.0 37032.0 524.0 6443.0
39 37 41 0.0 42.0 90.0 4900.0 32766.0 492.0 4301.0
39 37 42 0.0 19.0 77.0 2886.0 19063.0 321.0 1124.0
39 37 43 0.0 2.0 21.0 644.0 6368.0 110.0 78.0
39 37 44 0.0 0.0 0.0 24.0 178.0 6.0 0.0
39 38 35 0.0 0.0 0.0 0.0 2.0 0.0 0.0
39 38 36 0.0 0.0 0.0 33.0 838.0 11.0 2.0
39 38 37 0.0 9.0 50.0 1977.0 21275.0 376.0 1335.0
39 38 38 0.0 64.0 148.0 4712.0 49315.0 581.0 25458.0
39 38 39 0.0 89.0 217.0 7230.0 42701.0 445.0 49913.0
39 38 40 0.0 54.0 204.0 6344.0 41567.0 387.0 57228.0
39 38 41 0.0 89.0 197.0 6975.0 44662.0 448.0 46863.0
39 38 42 0.0 22.0 171.0 5559.0 48401.0 596.0 23388.0
39 38 43 0.0 10.0 129.0 2411.0 21414.0 364.0 1296.0
39 38 44 0.0 0.0 4.0 59.0 747.0 10.0 1.0
39 39 35 0.0 0.0 0.0 0.0 3.0 0.0 0.0
39 39 36 0.0 0.0 9.0 124.0 1790.0 30.0 9.0
39 39 37 0.0 63.0 110.0 3422.0 33923.0 521.0 4220.0
39 39 38 0.0 54.0 248.0 5116.0 46365.0 440.0 47251.0
39 39 39 0.0 46.0 153.0 3516.0 27056.0 179.0 97911.0
39 39 40 0.0 36.0 163.0 3314.0 25891.0 162.0 102553.0
39 39 41 0.0 30.0 145.0 3346.0 27782.0 190.0 96280.0
39 39 42 0.0 39.0 230.0 4995.0 46746.0 447.0 46410.0
39 39 43 0.0 27.0 199.0 3350.0 32703.0 502.0 3720.0
39 39 44 0.0 0.0 4.0 181.0 1646.0 37.0 7.0
39 39 45 0.0 0.0 0.0 0.0 4.0 0.0 0.0
39 40 36 0.0 0.0 14.0 187.0 2239.0 30.0 6.0
39 40 37 0.0 27.0 178.0 3886.0 36718.0 493.0 5203.0
39 40 38 0.0 66.0 191.0 5094.0 43986.0 376.0 54356.0
39 40 39 0.0 46.0 165.0 3545.0 26148.0 173.0 101394.0
39 40 40 0.0 36.0 175.0 2921.0 23216.0 130.0 111214.0
39 40 41 0.0 26.0 174.0 3208.0 26952.0 184.0 100535.0
39 40 42 0.0 50.0 279.0 5151.0 44230.0 405.0 53620.0
39 40 43 0.0 6.0 181.0 4207.0 36593.0 548.0 5455.0
39 40 44 0.0 1.0 0.0 244.0 2099.0 36.0 12.0
39 40 45 0.0 0.0 0.0 0.0 3.0 0.0 0.0
39 41 35 0.0 0.0 0.0 0.0 2.0 0.0 0.0
39 41 36 0.0 0.0 5.0 198.0 1613.0 26.0 4.0
39 41 37 0.0 21.0 141.0 3605.0 32470.0 509.0 4009.0
39 41 38 0.0 41.0 231.0 5323.0 47179.0 442.0 44646.0
39 41 39 0.0 40.0 162.0 3497.0 28864.0 202.0 93901.0
39 41 40 0.0 52.0 217.0 3085.0 26541.0 197.0 102166.0
39 41 41 0.0 35.0 212.0 3125.0 28357.0 204.0 95526.0
39 41 42 0.0 36.0 249.0 5652.0 46619.0 485.0 45404.0
39 41 43 0.0 26.0 174.0 3722.0 32847.0 484.0 3892.0
39 41 44 0.0 0.0 5.0 200.0 1597.0 30.0 5.0
39 42 36 0.0 2.0 1.0 52.0 736.0 12.0 1.0
39 42 37 0.0 17.0 114.0 2079.0 18262.0 348.0 919.0
39 42 38 0.0 34.0 210.0 5343.0 48364.0 607.0 24067.0
39 42 39 0.0 63.0 286.0 5463.0 46828.0 489.0 44833.0
39 42 40 0.0 48.0 312.0 4807.0 44435.0 413.0 53714.0
39 42 41 0.0 63.0 310.0 5383.0 47071.0 457.0 45976.0
39 42 42 0.0 29.0 398.0 5324.0 48726.0 575.0 27320.0
39 42 43 0.0 3.0 105.0 1920.0 20650.0 348.0 1193.0
39 42 44 0.0 1.0 6.0 90.0 801.0 17.0 2.0
39 42 45 0.0 0.0 0.0 0.0 1.0 0.0 0.0
39 43 36 0.0 0.0 0.0 34.0 144.0 2.0 0.0
39 43 37 0.0 0.0 11.0 493.0 5329.0 102.0 62.0
39 43 38 0.0 12.0 57.0 2060.0 18521.0 295.0 934.0
39 43 39 0.0 29.0 162.0 3732.0 32153.0 465.0 3797.0
39 43 40 0.0 19.0 199.0 4043.0 36629.0 540.0 5546.0
39 43 41 0.0 28.0 200.0 3753.0 33193.0 526.0 4087.0
39 43 42 0.0 21.0 142.0 2209.0 20440.0 368.0 1236.0
39 43 43 0.0 3.0 33.0 655.0 6446.0 109.0 101.0
39 43 44 0.0 0.0 1.0 18.0 157.0 2.0 0.0
39 44 36 0.0 0.0 0.0 1.0 6.0 0.0 0.0
39 44 37 0.0 0.0 0.0 12.0 126.0 2.0 0.0
39 44 38 0.0 2.0 1.0 104.0 642.0 6.0 0.0
39 44 39 0.0 1.0 3.0 192.0 1528.0 28.0 2.0
39 44 40 0.0 3.0 2.0 209.0 2103.0 41.0 5.0
39 44 41 0.0 0.0 8.0 187.0 1689.0 32.0 6.0
39 44 42 0.0 0.0 2.0 70.0 772.0 15.0 5.0
39 44 43 0.0 0.0 0.0 13.0 137.0 2.0 0.0
39 44 44 0.0 0.0 0.0 2.0 18.0 2.0 0.0
39 45 38 0.0 0.0 0.0 0.0 1.0 0.0 0.0
39 45 41 0.0 0.0 0.0 1.0 0.0 0.0 0.0
40 35 40 0.0 0.0 0.0 0.0 5.0 0.0 0.0
40 35 41 0.0 0.0 0.0 0.0 6.0 0.0 0.0
40 36 36 0.0 0.0 0.0 0.0 7.0 0.0 0.0
40 36 37 0.0 0.0 0.0 50.0 226.0 5.0 0.0
40 36 38 0.0 0.0 5.0 199.0 1112.0 20.0 1.0
40 36 39 0.0 1.0 8.0 385.0 2231.0 40.0 4.0
40 36 40 0.0 0.0 9.0 504.0 2839.0 49.0 13.0
40 36 41 0.0 2.0 6.0 325.0 2211.0 44.0 9.0
40 36 42 0.0 0.0 12.0 178.0 946.0 17.0 2.0
40 36 43 0.0 1.0 0.0 31.0 244.0 2.0 2.0
40 36 44 0.0 0.0 0.0 4.0 12.0 0.0 0.0
40 37 36 0.0 0.0 4.0 16.0 233.0 2.0 0.0
40 37 37 0.0 10.0 19.0 782.0 8065.0 126.0 148.0
40 37 38 0.0 35.0 91.0 4625.0 24790.0 401.0 2288.0
40 37 39 0.0 46.0 85.0 5848.0 37151.0 582.0 6414.0
40 37 40 0.0 34.0 182.0 6948.0 40592.0 592.0 9084.0
40 37 41 0.0 53.0 170.0 6272.0 35879.0 567.0 6114.0
40 37 42 0.0 26.0 103.0 3221.0 23442.0 414.0 1845.0
40 37 43 0.0 12.0 50.0 680.0 7174.0 132.0 107.0
40 37 44 0.0 0.0 0.0 12.0 246.0 4.0 0.0
40 38 36 0.0 1.0 5.0 80.0 1100.0 12.0 1.0
40 38 37 0.0 22.0 82.0 2769.0 25090.0 440.0 2048.0
40 38 38 0.0 45.0 178.0 5040.0 48440.0 555.0 33109.0
40 38 39 0.0 51.0 195.0 6531.0 42280.0 414.0 55356.0
40 38 40 0.0 50.0 244.0 6265.0 38235.0 333.0 65021.0
40 38 41 0.0 67.0 218.0 7208.0 41664.0 396.0 54552.0
40 38 42 0.0 37.0 282.0 5344.0 48291.0 581.0 32261.0
40 38 43 0.0 10.0 85.0 2739.0 24014.0 397.0 1786.0
40 38 44 0.0 0.0 5.0 83.0 1093.0 24.0 4.0
40 38 45 0.0 0.0 0.0 2.0 0.0 0.0 0.0
40 39 35 0.0 0.0 0.0 0.0 4.0 0.0 0.0
40 39 36 0.0 2.0 3.0 212.0 2190.0 45.0 4.0
40 39 37 0.0 11.0 158.0 3285.0 39231.0 581.0 5819.0
40 39 38 0.0 37.0 225.0 4766.0 44134.0 425.0 54336.0
40 39 39 0.0 30.0 172.0 3273.0 25698.0 195.0 103540.0
40 39 40 0.0 53.0 116.0 3606.0 21219.0 126.0 115136.0
40 39 41 0.0 40.0 169.0 3539.0 26467.0 198.0 101184.0
40 39 42 0.0 55.0 255.0 5716.0 43503.0 423.0 53804.0
40 39 43 0.0 32.0 144.0 3843.0 37589.0 548.0 5822.0
40 39 44 0.0 1.0 9.0 241.0 2329.0 49.0 6.0
40 40 35 0.0 0.0 0.0 2.0 4.0 0.0 0.0
40 40 36 0.0 2.0 15.0 286.0 2898.0 40.0 9.0
40 40 37 0.0 28.0 145.0 4296.0 41083.0 640.0 7745.0
40 40 38 0.0 60.0 230.0 4578.0 40868.0 385.0 63254.0
40 40 39 0.0 39.0 141.0 2768.0 23617.0 168.0 110789.0
40 40 40 0.0 16.0 108.0 1811.0 14648.0 56.0 143711.0
40 40 41 0.0 21.0 165.0 2916.0 23200.0 155.0 111980.0
40 40 42 0.0 44.0 271.0 4581.0 41137.0 352.0 63364.0
40 40 43 0.0 27.0 223.0 4803.0 40319.0 567.0 7684.0
40 40 44 0.0 12.0 18.0 368.0 2614.0 44.0 11.0
40 40 45 0.0 0.0 0.0 0.0 2.0 0.0 0.0
40 41 36 0.0 0.0 4.0 222.0 2187.0 42.0 6.0
40 41 37 0.0 31.0 139.0 3656.0 37926.0 538.0 6009.0
40 41 38 0.0 30.0 224.0 5052.0 44456.0 374.0 53329.0
40 41 39 0.0 31.0 206.0 2989.0 26798.0 197.0 102208.0
40 41 40 0.0 15.0 181.0 2728.0 23549.0 160.0 111354.0
40 41 41 0.0 39.0 201.0 3042.0 25917.0 182.0 103251.0
40 41 42 0.0 44.0 288.0 4881.0 44474.0 403.0 54103.0
40 41 43 0.0 76.0 266.0 4851.0 37177.0 552.0 6264.0
40 41 44 0.0 2.0 10.0 226.0 2093.0 36.0 9.0
40 41 45 0.0 0.0 0.0 0.0 1.0 0.0 0.0
40 42 36 0.0 0.0 2.0 97.0 964.0 18.0 1.0
40 42 37 0.0 7.0 141.0 2302.0 23390.0 358.0 1629.0
40 42 38 0.0 41.0 240.0 4266.0 49622.0 546.0 30674.0
40 42 39 0.0 33.0 239.0 5130.0 44293.0 366.0 53653.0
40 42 40 0.0 40.0 256.0 4765.0 41168.0 372.0 62403.0
40 42 41 0.0 41.0 276.0 4854.0 44477.0 412.0 54234.0
40 42 42 0.0 55.0 332.0 5094.0 48454.0 505.0 32509.0
40 42 43 0.0 21.0 190.0 2472.0 24364.0 417.0 1891.0
40 42 44 0.0 1.0 7.0 129.0 1080.0 22.0 4.0
40 43 36 0.0 0.0 1.0 15.0 202.0 4.0 0.0
40 43 37 0.0 6.0 25.0 617.0 7240.0 120.0 106.0
40 43 38 0.0 17.0 105.0 2295.0 22566.0 354.0 1474.0
40 43 39 0.0 54.0 157.0 4381.0 36821.0 574.0 5638.0
40 43 40 0.0 49.0 258.0 4545.0 40443.0 589.0 7413.0
40 43 41 0.0 30.0 153.0 4044.0 36983.0 555.0 5597.0
40 43 42 0.0 34.0 127.0 2636.0 24562.0 398.0 1931.0
40 43 43 0.0 1.0 82.0 775.0 7778.0 161.0 117.0
40 43 44 0.0 0.0 9.0 22.0 199.0 2.0 0.0
40 44 36 0.0 0.0 0.0 1.0 7.0 1.0 0.0
40 44 37 0.0 0.0 1.0 11.0 128.0 0.0 0.0
40 44 38 0.0 1.0 2.0 117.0 928.0 24.0 1.0
40 44 39 0.0 1.0 11.0 223.0 2023.0 39.0 4.0
40 44 40 0.0 1.0 15.0 292.0 2679.0 55.0 9.0
40 44 41 0.0 1.0 9.0 196.0 2251.0 46.0 5.0
40 44 42 0.0 0.0 0.0 97.0 970.0 18.0 3.0
40 44 43 0.0 0.0 5.0 22.0 221.0 2.0 0.0
40 44 44 0.0 0.0 0.0 1.0 8.0 0.0 0.0
40 45 39 0.0 0.0 0.0 0.0 3.0 0.0 0.0
40 45 40 0.0 0.0 0.0 0.0 3.0 0.0 0.0
40 45 41 0.0 0.0 0.0 0.0 3.0 0.0 0.0
40 45 43 0.0 0.0 0.0 0.0 1.0 0.0 0.0
41 35 38 0.0 0.0 0.0 0.0 3.0 0.0 0.0
41 35 39 0.0 0.0 0.0 0.0 2.0 0.0 0.0
41 35 40 0.0 0.0 0.0 0.0 2.0 0.0 0.0
41 35 41 0.0 0.0 0.0 0.0 2.0 0.0 0.0
41 35 42 0.0 0.0 0.0 0.0 1.0 0.0 0.0
41 36 36 0.0 0.0 0.0 2.0 11.0 0.0 0.0
41 36 37 0.0 0.0 3.0 25.0 162.0 4.0 0.0
41 36 38 0.0 0.0 1.0 138.0 880.0 21.0 1.0
41 36 39 0.0 5.0 11.0 364.0 1789.0 49.0 4.0
41 36 40 0.0 2.0 7.0 370.0 2302.0 39.0 9.0
41 36 41 0.0 1.0 11.0 327.0 1643.0 28.0 5.0
41 36 42 0.0 0.0 6.0 147.0 838.0 19.0 1.0
41 36 43 0.0 0.0 0.0 15.0 153.0 0.0 0.0
41 36 44 0.0 0.0 0.0 1.0 5.0 0.0 0.0
41 37 36 0.0 0.0 0.0 30.0 224.0 3.0 0.0
41 37 37 0.0 11.0 19.0 839.0 6136.0 115.0 103.0
41 37 38 0.0 16.0 94.0 2522.0 20818.0 369.0 1326.0
41 37 39 0.0 32.0 107.0 5049.0 33034.0 533.0 4445.0
41 37 40 0.0 119.0 124.0 6444.0 35769.0 599.0 5823.0
41 37 41 0.0 63.0 135.0 5682.0 31619.0 494.0 4315.0
41 37 42 0.0 78.0 87.0 3351.0 18414.0 343.0 1075.0
41 37 43 0.0 4.0 31.0 610.0 5830.0 98.0 77.0
41 37 44 0.0 0.0 0.0 15.0 195.0 5.0 0.0
41 38 35 0.0 0.0 0.0 1.0 0.0 0.0 0.0
41 38 36 0.0 1.0 3.0 82.0 814.0 15.0 1.0
41 38 37 0.0 15.0 77.0 2070.0 20591.0 350.0 1133.0
41 38 38 0.0 33.0 160.0 4856.0 48858.0 573.0 24119.0
41 38 39 0.0 102.0 163.0 7530.0 43727.0 423.0 47102.0
41 38 40 0.0 77.0 213.0 7402.0 41380.0 415.0 54937.0
41 38 41 0.0 130.0 237.0 8796.0 42263.0 478.0 47538.0
41 38 42 0.0 46.0 250.0 5441.0 48794.0 600.0 24879.0
41 38 43 0.0 20.0 145.0 2103.0 19834.0 350.0 1149.0
41 38 44 0.0 5.0 3.0 106.0 730.0 19.0 0.0
41 38 45 0.0 0.0 0.0 0.0 1.0 0.0 0.0
41 39 36 0.0 1.0 6.0 129.0 1791.0 32.0 11.0
41 39 37 0.0 30.0 161.0 2947.0 35042.0 507.0 4447.0
41 39 38 0.0 38.0 232.0 4799.0 46285.0 472.0 47306.0
41 39 39 0.0 28.0 158.0 3329.0 28047.0 224.0 95164.0
41 39 40 0.0 39.0 143.0 3670.0 26437.0 151.0 100839.0
41 39 41 0.0 40.0 164.0 3608.0 27454.0 190.0 95681.0
41 39 42 0.0 67.0 249.0 5366.0 46700.0 465.0 46283.0
41 39 43 0.0 9.0 173.0 3889.0 33236.0 536.0 4112.0
41 39 44 0.0 1.0 13.0 164.0 1746.0 37.0 3.0
41 39 45 0.0 0.0 0.0 0.0 4.0 0.0 0.0
41 40 36 0.0 4.0 8.0 246.0 2216.0 32.0 5.0
41 40 37 0.0 31.0 176.0 3759.0 37649.0 529.0 5621.0
41 40 38 0.0 17.0 235.0 4144.0 44513.0 423.0 54955.0
41 40 39 0.0 29.0 165.0 2636.0 26395.0 174.0 104053.0
41 40 40 0.0 27.0 171.0 2871.0 23317.0 145.0 111455.0
41 40 41 0.0 31.0 177.0 3181.0 26284.0 171.0 102407.0
41 40 42 0.0 32.0 329.0 5117.0 44213.0 413.0 53498.0
41 40 43 0.0 23.0 158.0 4218.0 37422.0 561.0 5788.0
41 40 44 0.0 1.0 22.0 270.0 2168.0 35.0 7.0
41 40 45 0.0 0.0 0.0 0.0 1.0 0.0 0.0
41 41 35 0.0 0.0 0.0 0.0 4.0 0.0 0.0
41 41 36 0.0 0.0 11.0 182.0 1691.0 39.0 2.0
41 41 37 0.0 30.0 219.0 3257.0 33594.0 535.0 4199.0
41 41 38 0.0 34.0 239.0 4473.0 47442.0 445.0 45640.0
41 41 39 0.0 32.0 172.0 2990.0 29198.0 202.0 94354.0
41 41 40 0.0 24.0 191.0 3015.0 27075.0 165.0 101512.0
41 41 41 0.0 28.0 206.0 2989.0 28122.0 192.0 97101.0
41 41 42 0.0 37.0 376.0 5047.0 46600.0 467.0 46344.0
41 41 43 0.0 29.0 143.0 3506.0 33292.0 495.0 4076.0
41 41 44 0.0 3.0 3.0 214.0 1793.0 29.0 1.0
41 41 45 0.0 0.0 0.0 0.0 1.0 0.0 0.0
41 42 36 0.0 0.0 2.0 85.0 793.0 17.0 0.0
41 42 37 0.0 5.0 107.0 1706.0 20267.0 374.0 1122.0
41 42 38 0.0 80.0 208.0 5427.0 48629.0 572.0 24860.0
41 42 39 0.0 32.0 315.0 4905.0 47421.0 456.0 45334.0
41 42 40 0.0 29.0 269.0 4457.0 44458.0 429.0 54939.0
41 42 41 0.0 57.0 300.0 5495.0 46150.0 459.0 46378.0
41 42 42 0.0 9.0 397.0 4960.0 49147.0 558.0 25489.0
41 42 43 0.0 23.0 98.0 2319.0 20353.0 369.0 1208.0
41 42 44 0.0 0.0 0.0 74.0 787.0 11.0 0.0
41 43 35 0.0 0.0 0.0 0.0 1.0 0.0 0.0
41 43 36 0.0 0.0 0.0 14.0 126.0 3.0 0.0
41 43 37 0.0 15.0 16.0 586.0 5875.0 112.0 73.0
41 43 38 0.0 31.0 122.0 2255.0 20150.0 326.0 1179.0
41 43 39 0.0 43.0 173.0 3248.0 33116.0 525.0 3929.0
41 43 40 0.0 46.0 248.0 4010.0 37042.0 568.0 5536.0
41 43 41 0.0 11.0 268.0 3418.0 33767.0 507.0 4221.0
41 43 42 0.0 1.0 92.0 2032.0 19956.0 284.0 1088.0
41 43 43 0.0 0.0 29.0 528.0 6450.0 112.0 78.0
41 43 44 0.0 0.0 0.0 48.0 199.0 1.0 0.0
41 44 36 0.0 0.0 0.0 1.0 7.0 0.0 0.0
41 44 37 0.0 0.0 0.0 10.0 133.0 5.0 0.0
41 44 38 0.0 0.0 1.0 112.0 680.0 13.0 2.0
41 44 39 0.0 1.0 13.0 154.0 1575.0 31.0 3.0
41 44 40 0.0 1.0 8.0 202.0 2092.0 36.0 4.0
41 44 41 0.0 0.0 16.0 180.0 1621.0 34.0 4.0
41 44 42 0.0 0.0 5.0 130.0 837.0 18.0 1.0
41 44 43 0.0 0.0 1.0 21.0 247.0 3.0 0.0
41 44 44 0.0 0.0 0.0 0.0 8.0 0.0 0.0
41 45 38 0.0 0.0 0.0 0.0 1.0 0.0 0.0
42 35 39 0.0 0.0 0.0 1.0 0.0 0.0 0.0
42 35 40 0.0 0.0 0.0 0.0 1.0 0.0 0.0
42 35 41 0.0 0.0 0.0 0.0 2.0 0.0 0.0
42 35 42 0.0 0.0 0.0 0.0 1.0 0.0 0.0
42 36 36 0.0 0.0 0.0 4.0 4.0 0.0 0.0
42 36 37 0.0 0.0 1.0 6.0 89.0 2.0 0.0
42 36 38 0.0 0.0 0.0 49.0 351.0 8.0 0.0
42 36 39 0.0 1.0 1.0 138.0 811.0 15.0 3.0
42 36 40 0.0 0.0 3.0 163.0 999.0 17.0 2.0
42 36 41 0.0 2.0 2.0 141.0 692.0 17.0 0.0
42 36 42 0.0 0.0 0.0 43.0 349.0 5.0 0.0
42 36 43 0.0 0.0 0.0 7.0 53.0 1.0 0.0
42 36 44 0.0 0.0 0.0 0.0 8.0 0.0 0.0
42 37 36 0.0 0.0 0.0 6.0 72.0 1.0 0.0
42 37 37 0.0 3.0 10.0 268.0 3145.0 55.0 20.0
42 37 38 0.0 19.0 15.0 1515.0 10189.0 187.0 294.0
42 37 39 0.0 44.0 80.0 3019.0 19241.0 307.0 1142.0
42 37 40 0.0 51.0 83.0 4403.0 22188.0 423.0 1807.0
42 37 41 0.0 26.0 85.0 3382.0 19215.0 342.0 1257.0
42 37 42 0.0 17.0 97.0 1786.0 11030.0 214.0 331.0
42 37 43 0.0 0.0 20.0 318.0 3061.0 53.0 12.0
42 37 44 0.0 0.0 0.0 5.0 70.0 2.0 0.0
42 37 45 0.0 0.0 0.0 0.0 1.0 0.0 0.0
42 38 36 0.0 0.0 1.0 24.0 324.0 5.0 0.0
42 38 37 0.0 7.0 45.0 1038.0 11870.0 221.0 323.0
42 38 38 0.0 125.0 135.0 5454.0 41656.0 559.0 11138.0
42 38 39 0.0 113.0 215.0 6781.0 47554.0 592.0 22372.0
42 38 40 0.0 55.0 186.0 6334.0 47818.0 552.0 29426.0
42 38 41 0.0 48.0 185.0 6463.0 47207.0 565.0 24158.0
42 38 42 0.0 12.0 225.0 4478.0 41809.0 572.0 10516.0
42 38 43 0.0 10.0 58.0 1205.0 11321.0 181.0 342.0
42 38 44 0.0 0.0 0.0 41.0 327.0 10.0 1.0
42 39 36 0.0 2.0 2.0 49.0 853.0 10.0 1.0
42 39 37 0.0 10.0 56.0 1897.0 20726.0 319.0 1214.0
42 39 38 0.0 76.0 181.0 4620.0 49144.0 545.0 25932.0
42 39 39 0.0 37.0 237.0 4782.0 46736.0 471.0 46198.0
42 39 40 0.0 43.0 277.0 4872.0 44240.0 408.0 54148.0
42 39 41 0.0 64.0 304.0 6045.0 46326.0 471.0 44923.0
42 39 42 0.0 68.0 174.0 5907.0 47646.0 559.0 25263.0
42 39 43 0.0 10.0 78.0 2028.0 20490.0 327.0 1257.0
42 39 44 0.0 0.0 5.0 53.0 805.0 13.0 1.0
42 39 45 0.0 0.0 0.0 0.0 2.0 0.0 0.0
42 40 35 0.0 0.0 0.0 1.0 0.0 0.0 0.0
42 40 36 0.0 0.0 11.0 89.0 1029.0 17.0 2.0
42 40 37 0.0 9.0 96.0 2149.0 24803.0 390.0 1808.0
42 40 38 0.0 21.0 258.0 4251.0 49092.0 529.0 31989.0
42 40 39 0.0 36.0 302.0 4567.0 45066.0 428.0 53376.0
42 40 40 0.0 43.0 244.0 4098.0 41311.0 351.0 63560.0
42 40 41 0.0 38.0 298.0 4928.0 44226.0 455.0 54196.0
42 40 42 0.0 52.0 278.0 5091.0 48866.0 551.0 31518.0
42 40 43 0.0 14.0 93.0 2559.0 23311.0 371.0 1662.0
42 40 44 0.0 0.0 5.0 109.0 1019.0 22.0 0.0
42 40 45 0.0 0.0 0.0 0.0 1.0 0.0 0.0
42 41 36 0.0 1.0 1.0 81.0 729.0 16.0 0.0
42 41 37 0.0 10.0 107.0 1498.0 20364.0 352.0 1042.0
42 41 38 0.0 18.0 425.0 3822.0 50026.0 556.0 25042.0
42 41 39 0.0 23.0 338.0 4122.0 47536.0 443.0 46924.0
42 41 40 0.0 59.0 303.0 4197.0 44398.0 446.0 54984.0
42 41 41 0.0 30.0 326.0 4228.0 47027.0 469.0 47732.0
42 41 42 0.0 43.0 205.0 4754.0 49187.0 588.0 25505.0
42 41 43 0.0 14.0 79.0 2005.0 20269.0 345.0 1131.0
42 41 44 0.0 0.0 6.0 104.0 797.0 12.0 2.0
42 42 36 0.0 0.0 1.0 41.0 344.0 12.0 0.0
42 42 37 0.0 5.0 44.0 1059.0 10588.0 163.0 280.0
42 42 38 0.0 61.0 151.0 4206.0 41740.0 585.0 9889.0
42 42 39 0.0 14.0 241.0 4819.0 49214.0 566.0 22472.0
42 42 40 0.0 10.0 319.0 4572.0 48670.0 583.0 33406.0
42 42 41 0.0 50.0 374.0 4699.0 48984.0 551.0 25561.0
42 42 42 0.0 20.0 161.0 3215.0 44697.0 600.0 12134.0
42 42 43 0.0 1.0 54.0 1066.0 11835.0 195.0 350.0
42 42 44 0.0 0.0 6.0 29.0 350.0 6.0 0.0
42 43 36 0.0 0.0 1.0 6.0 76.0 0.0 0.0
42 43 37 0.0 3.0 17.0 346.0 2835.0 59.0 13.0
42 43 38 0.0 6.0 24.0 929.0 10332.0 183.0 212.0
42 43 39 0.0 7.0 76.0 1729.0 19751.0 336.0 1109.0
42 43 40 0.0 8.0 154.0 2121.0 23346.0 382.0 1578.0
42 43 41 0.0 14.0 119.0 2272.0 21141.0 365.0 1164.0
42 43 42 0.0 12.0 56.0 1025.0 11176.0 195.0 293.0
42 43 43 0.0 0.0 10.0 273.0 3124.0 61.0 19.0
42 43 44 0.0 0.0 0.0 4.0 56.0 1.0 0.0
42 44 36 0.0 0.0 0.0 1.0 6.0 0.0 0.0
42 44 37 0.0 0.0 0.0 11.0 53.0 1.0 0.0
42 44 38 0.0 0.0 0.0 31.0 323.0 3.0 1.0
42 44 39 0.0 1.0 5.0 57.0 787.0 15.0 0.0
42 44 40 0.0 0.0 1.0 77.0 1031.0 16.0 0.0
42 44 41 0.0 0.0 1.0 65.0 735.0 17.0 0.0
42 44 42 0.0 0.0 3.0 19.0 359.0 4.0 0.0
42 44 43 0.0 0.0 0.0 3.0 71.0 3.0 0.0
42 44 44 0.0 0.0 0.0 0.0 3.0 0.0 0.0
42 45 38 0.0 0.0 0.0 1.0 0.0 0.0 0.0
42 45 39 0.0 0.0 0.0 0.0 2.0 0.0 0.0
43 35 40 0.0 0.0 0.0 1.0 0.0 0.0 0.0
43 36 37 0.0 0.0 0.0 0.0 17.0 0.0 0.0
43 36 38 0.0 2.0 1.0 17.0 64.0 4.0 0.0
43 36 39 0.0 0.0 1.0 24.0 181.0 3.0 0.0
43 36 40 0.0 0.0 1.0 25.0 201.0 3.0 0.0
43 36 41 0.0 0.0 1.0 20.0 152.0 2.0 0.0
43 36 42 0.0 0.0 0.0 18.0 80.0 3.0 0.0
43 36 43 0.0 0.0 0.0 6.0 4.0 0.0 0.0
43 37 36 0.0 0.0 0.0 0.0 21.0 0.0 0.0
43 37 37 0.0 0.0 0.0 65.0 680.0 12.0 1.0
43 37 38 0.0 5.0 16.0 305.0 2436.0 47.0 10.0
43 37 39 0.0 4.0 19.0 692.0 5537.0 110.0 76.0
43 37 40 0.0 4.0 32.0 694.0 6994.0 119.0 117.0
43 37 41 0.0 0.0 19.0 730.0 5526.0 115.0 78.0
43 37 42 0.0 1.0 3.0 243.0 2894.0 49.0 14.0
43 37 43 0.0 0.0 3.0 55.0 774.0 16.0 1.0
43 37 44 0.0 0.0 0.0 1.0 21.0 1.0 0.0
43 38 36 0.0 0.0 0.0 7.0 73.0 0.0 0.0
43 38 37 0.0 10.0 14.0 252.0 3368.0 49.0 32.0
43 38 38 0.0 13.0 25.0 961.0 11184.0 204.0 282.0
43 38 39 0.0 22.0 76.0 1828.0 19134.0 319.0 957.0
43 38 40 0.0 25.0 88.0 2446.0 22751.0 372.0 1676.0
43 38 41 0.0 14.0 93.0 2282.0 19202.0 307.0 1048.0
43 38 42 0.0 28.0 35.0 1194.0 10453.0 191.0 278.0
43 38 43 0.0 4.0 9.0 306.0 2806.0 50.0 12.0
43 38 44 0.0 0.0 1.0 11.0 69.0 2.0 0.0
43 39 36 0.0 0.0 2.0 18.0 142.0 3.0 0.0
43 39 37 0.0 0.0 28.0 462.0 6785.0 130.0 97.0
43 39 38 0.0 13.0 67.0 1961.0 20514.0 332.0 1136.0
43 39 39 0.0 17.0 191.0 3417.0 32702.0 532.0 3986.0
43 39 40 0.0 25.0 183.0 3679.0 37234.0 585.0 5564.0
43 39 41 0.0 28.0 183.0 3525.0 32596.0 501.0 3899.0
43 39 42 0.0 7.0 113.0 2293.0 19805.0 344.0 1141.0
43 39 43 0.0 2.0 29.0 602.0 6358.0 108.0 80.0
43 39 44 0.0 0.0 0.0 29.0 164.0 3.0 0.0
43 40 36 0.0 0.0 7.0 19.0 217.0 3.0 0.0
43 40 37 0.0 2.0 64.0 585.0 7773.0 152.0 121.0
43 40 38 0.0 16.0 110.0 2472.0 24381.0 374.0 1876.0
43 40 39 0.0 24.0 196.0 3504.0 38421.0 551.0 5758.0
43 40 40 0.0 8.0 237.0 3867.0 41892.0 546.0 7918.0
43 40 41 0.0 6.0 269.0 3537.0 38038.0 552.0 5998.0
43 40 42 0.0 31.0 122.0 2515.0 24062.0 428.0 1736.0
43 40 43 0.0 14.0 48.0 792.0 7949.0 136.0 140.0
43 40 44 0.0 0.0 0.0 21.0 213.0 3.0 0.0
43 41 36 0.0 0.0 0.0 7.0 144.0 1.0 0.0
43 41 37 0.0 1.0 45.0 499.0 6245.0 117.0 82.0
43 41 38 0.0 5.0 103.0 1397.0 20474.0 312.0 1162.0
43 41 39 0.0 10.0 229.0 3084.0 33977.0 489.0 4147.0
43 41 40 0.0 11.0 164.0 3227.0 37589.0 544.0 5546.0
43 41 41 0.0 26.0 178.0 2955.0 33904.0 501.0 4236.0
43 41 42 0.0 16.0 124.0 1730.0 20692.0 340.0 1148.0
43 41 43 0.0 0.0 25.0 537.0 6954.0 126.0 101.0
43 41 44 0.0 0.0 0.0 20.0 169.0 4.0 0.0
43 41 45 0.0 0.0 0.0 0.0 1.0 0.0 0.0
43 42 36 0.0 0.0 0.0 4.0 84.0 1.0 0.0
43 42 37 0.0 1.0 21.0 212.0 2899.0 47.0 17.0
43 42 38 0.0 2.0 60.0 919.0 11248.0 194.0 279.0
43 42 39 0.0 13.0 143.0 1872.0 20502.0 333.0 1193.0
43 42 40 0.0 9.0 124.0 2037.0 24900.0 426.0 1824.0
43 42 41 0.0 22.0 180.0 2046.0 20853.0 314.0 1181.0
43 42 42 0.0 5.0 85.0 835.0 12020.0 230.0 342.0
43 42 43 0.0 30.0 12.0 297.0 3283.0 63.0 15.0
43 42 44 0.0 5.0 0.0 8.0 74.0 3.0 0.0
43 43 36 0.0 0.0 0.0 1.0 14.0 0.0 0.0
43 43 37 0.0 0.0 4.0 77.0 571.0 13.0 0.0
43 43 38 0.0 1.0 9.0 280.0 2560.0 35.0 15.0
43 43 39 0.0 6.0 37.0 539.0 6099.0 98.0 74.0
43 43 40 0.0 0.0 35.0 671.0 7941.0 135.0 125.0
43 43 41 0.0 0.0 50.0 542.0 6722.0 125.0 110.0
43 43 42 0.0 0.0 17.0 250.0 3238.0 45.0 17.0
43 43 43 0.0 10.0 3.0 70.0 759.0 20.0 2.0
43 43 44 0.0 0.0 1.0 1.0 21.0 1.0 0.0
43 44 37 0.0 0.0 0.0 0.0 9.0 0.0 0.0
43 44 38 0.0 0.0 0.0 4.0 52.0 1.0 0.0
43 44 39 0.0 0.0 2.0 34.0 183.0 2.0 0.0
43 44 40 0.0 0.0 0.0 19.0 222.0 5.0 0.0
43 44 41 0.0 0.0 0.0 13.0 177.0 6.0 0.0
43 44 42 0.0 0.0 0.0 12.0 52.0 2.0 0.0
43 44 43 0.0 0.0 0.0 3.0 14.0 1.0 0.0
44 36 39 0.0 0.0 0.0 0.0 6.0 0.0 0.0
44 36 40 0.0 0.0 0.0 2.0 9.0 0.0 0.0
44 36 41 0.0 0.0 0.0 0.0 19.0 0.0 0.0
44 36 42 0.0 0.0 0.0 0.0 1.0 0.0 0.0
44 36 43 0.0 0.0 0.0 0.0 2.0 0.0 0.0
44 37 37 0.0 0.0 0.0 5.0 17.0 1.0 0.0
44 37 38 0.0 0.0 0.0 4.0 64.0 1.0 0.0
44 37 39 0.0 0.0 0.0 9.0 135.0 4.0 0.0
44 37 40 0.0 0.0 7.0 18.0 218.0 4.0 0.0
44 37 41 0.0 0.0 0.0 17.0 174.0 4.0 0.0
44 37 42 0.0 0.0 5.0 8.0 79.0 3.0 0.0
44 37 43 0.0 0.0 0.0 1.0 16.0 0.0 0.0
44 37 44 0.0 0.0 0.0 0.0 1.0 0.0 0.0
44 38 36 0.0 0.0 0.0 0.0 7.0 0.0 0.0
44 38 37 0.0 0.0 1.0 0.0 79.0 1.0 0.0
44 38 38 0.0 0.0 0.0 37.0 354.0 6.0 0.0
44 38 39 0.0 0.0 6.0 66.0 689.0 11.0 1.0
44 38 40 0.0 0.0 22.0 107.0 924.0 17.0 1.0
44 38 41 0.0 0.0 7.0 46.0 792.0 17.0 0.0
44 38 42 0.0 0.0 5.0 41.0 310.0 5.0 0.0
44 38 43 0.0 0.0 0.0 10.0 80.0 3.0 0.0
44 38 44 0.0 0.0 0.0 0.0 2.0 0.0 0.0
44 39 36 0.0 0.0 0.0 2.0 9.0 0.0 0.0
44 39 37 0.0 0.0 0.0 12.0 152.0 3.0 0.0
44 39 38 0.0 0.0 2.0 54.0 754.0 18.0 0.0
44 39 39 0.0 0.0 10.0 198.0 1585.0 31.0 5.0
44 39 40 0.0 1.0 9.0 197.0 2248.0 43.0 8.0
44 39 41 0.0 0.0 6.0 157.0 1557.0 28.0 5.0
44 39 42 0.0 0.0 2.0 102.0 867.0 18.0 1.0
44 39 43 0.0 0.0 2.0 35.0 229.0 5.0 0.0
44 39 44 0.0 0.0 0.0 0.0 12.0 0.0 0.0
44 40 36 0.0 0.0 0.0 1.0 31.0 3.0 0.0
44 40 37 0.0 0.0 0.0 12.0 205.0 4.0 0.0
44 40 38 0.0 0.0 5.0 80.0 1016.0 18.0 2.0
44 40 39 0.0 0.0 18.0 185.0 2307.0 39.0 7.0
44 40 40 0.0 3.0 14.0 264.0 2958.0 56.0 17.0
44 40 41 0.0 0.0 17.0 215.0 2171.0 41.0 5.0
44 40 42 0.0 1.0 2.0 77.0 940.0 15.0 0.0
44 40 43 0.0 0.0 1.0 18.0 160.0 0.0 1.0
44 40 44 0.0 0.0 0.0 4.0 15.0 0.0 0.0
44 41 36 0.0 0.0 0.0 1.0 9.0 0.0 0.0
44 41 37 0.0 0.0 0.0 15.0 171.0 0.0 0.0
44 41 38 0.0 2.0 1.0 67.0 706.0 8.0 0.0
44 41 39 0.0 0.0 6.0 183.0 1702.0 17.0 0.0
44 41 40 0.0 3.0 11.0 236.0 2321.0 50.0 7.0
44 41 41 0.0 3.0 8.0 126.0 1776.0 42.0 1.0
44 41 42 0.0 0.0 1.0 123.0 807.0 11.0 2.0
44 41 43 0.0 0.0 1.0 15.0 203.0 2.0 0.0
44 41 44 0.0 0.0 0.0 0.0 7.0 0.0 0.0
44 42 36 0.0 0.0 0.0 0.0 3.0 0.0 0.0
44 42 37 0.0 0.0 0.0 8.0 66.0 0.0 0.0
44 42 38 0.0 2.0 2.0 22.0 339.0 3.0 0.0
44 42 39 0.0 0.0 5.0 41.0 786.0 11.0 1.0
44 42 40 0.0 0.0 6.0 117.0 988.0 11.0 2.0
44 42 41 0.0 0.0 2.0 59.0 822.0 18.0 0.0
44 42 42 0.0 0.0 3.0 27.0 360.0 10.0 0.0
44 42 43 0.0 0.0 1.0 8.0 84.0 2.0 0.0
44 42 44 0.0 0.0 0.0 0.0 1.0 0.0 0.0
44 43 37 0.0 0.0 0.0 3.0 18.0 0.0 0.0
44 43 38 0.0 0.0 5.0 4.0 68.0 4.0 0.0
44 43 39 0.0 0.0 1.0 14.0 209.0 7.0 0.0
44 43 40 0.0 0.0 1.0 18.0 211.0 7.0 0.0
44 43 41 0.0 0.0 0.0 14.0 183.0 4.0 0.0
44 43 42 0.0 0.0 1.0 10.0 95.0 0.0 0.0
44 43 43 0.0 0.0 0.0 1.0 15.0 0.0 0.0
44 43 44 0.0 0.0 0.0 0.0 1.0 0.0 0.0
44 44 38 0.0 0.0 0.0 2.0 7.0 0.0 0.0
44 44 39 0.0 0.0 0.0 0.0 14.0 0.0 0.0
44 44 40 0.0 0.0 0.0 1.0 13.0 0.0 0.0
44 44 41 0.0 0.0 0.0 4.0 11.0 0.0 0.0
44 44 42 0.0 0.0 0.0 0.0 8.0 0.0 0.0
44 44 43 0.0 0.0 0.0 0.0 1.0 0.0 0.0
45 37 38 0.0 0.0 0.0 1.0 0.0 0.0 0.0
45 38 39 0.0 0.0 0.0 0.0 1.0 0.0 0.0
45 38 40 0.0 0.0 0.0 0.0 1.0 0.0 0.0
45 38 41 0.0 0.0 0.0 1.0 0.0 0.0 0.0
45 39 38 0.0 0.0 0.0 1.0 0.0 0.0 0.0
45 39 39 0.0 0.0 0.0 0.0 2.0 0.0 0.0
45 39 40 0.0 0.0 0.0 1.0 1.0 0.0 0.0
45 39 41 0.0 0.0 0.0 0.0 1.0 0.0 0.0
45 40 37 0.0 0.0 0.0 1.0 0.0 0.0 0.0
45 40 39 0.0 0.0 0.0 0.0 2.0 0.0 0.0
45 40 40 0.0 0.0 0.0 0.0 3.0 1.0 0.0
45 40 41 0.0 0.0 0.0 0.0 1.0 0.0 0.0
45 41 40 0.0 0.0 0.0 0.0 1.0 0.0 0.0
45 42 39 0.0 0.0 0.0 0.0 3.0 0.0 0.0
