35 36 39 0.0 0.0 0.0 0.0 2.0 1.0 0.0
35 36 40 0.0 0.0 0.0 0.0 4.0 0.0 0.0
35 37 37 0.0 0.0 0.0 0.0 1.0 0.0 0.0
35 37 38 0.0 0.0 0.0 0.0 12.0 0.0 0.0
35 37 39 0.0 0.0 0.0 5.0 12.0 1.0 0.0
35 37 40 0.0 0.0 0.0 1.0 36.0 0.0 0.0
35 37 41 0.0 1.0 0.0 1.0 21.0 0.0 0.0
35 37 42 0.0 0.0 0.0 0.0 6.0 0.0 0.0
35 37 43 0.0 0.0 0.0 0.0 1.0 0.0 0.0
35 38 37 0.0 0.0 0.0 3.0 7.0 0.0 0.0
35 38 38 0.0 0.0 0.0 11.0 44.0 1.0 0.0
35 38 39 0.0 0.0 2.0 10.0 106.0 5.0 0.0
35 38 40 0.0 0.0 0.0 6.0 105.0 3.0 0.0
35 38 41 0.0 0.0 1.0 9.0 80.0 1.0 0.0
35 38 42 0.0 0.0 0.0 4.0 23.0 1.0 0.0
35 38 43 0.0 0.0 0.0 4.0 5.0 0.0 0.0
35 39 37 0.0 0.0 0.0 5.0 12.0 0.0 0.0
35 39 38 0.0 0.0 2.0 6.0 68.0 0.0 0.0
35 39 39 0.0 0.0 2.0 38.0 161.0 2.0 0.0
35 39 40 0.0 0.0 0.0 18.0 202.0 4.0 0.0
35 39 41 0.0 0.0 0.0 22.0 195.0 3.0 1.0
35 39 42 0.0 0.0 0.0 6.0 87.0 3.0 0.0
35 39 43 0.0 0.0 0.0 0.0 23.0 1.0 0.0
35 40 37 0.0 0.0 0.0 3.0 15.0 0.0 0.0
35 40 38 0.0 0.0 0.0 24.0 109.0 1.0 0.0
35 40 39 0.0 3.0 0.0 31.0 239.0 2.0 1.0
35 40 40 0.0 0.0 0.0 32.0 294.0 7.0 0.0
35 40 41 0.0 2.0 0.0 41.0 232.0 10.0 0.0
35 40 42 0.0 0.0 2.0 8.0 93.0 1.0 0.0
35 40 43 0.0 0.0 0.0 4.0 29.0 0.0 0.0
35 40 44 0.0 0.0 0.0 0.0 1.0 0.0 0.0
35 41 36 0.0 0.0 0.0 0.0 2.0 0.0 0.0
35 41 37 0.0 0.0 0.0 3.0 17.0 2.0 0.0
35 41 38 0.0 0.0 0.0 15.0 76.0 2.0 0.0
35 41 39 0.0 0.0 0.0 15.0 177.0 3.0 0.0
35 41 40 0.0 0.0 0.0 33.0 239.0 5.0 0.0
35 41 41 0.0 0.0 0.0 26.0 232.0 6.0 0.0
35 41 42 0.0 0.0 0.0 12.0 87.0 4.0 0.0
35 41 43 0.0 0.0 0.0 5.0 17.0 0.0 0.0
35 41 44 0.0 0.0 0.0 0.0 2.0 0.0 0.0
35 42 37 0.0 0.0 0.0 1.0 5.0 0.0 0.0
35 42 38 0.0 0.0 0.0 3.0 30.0 1.0 0.0
35 42 39 0.0 0.0 0.0 5.0 86.0 2.0 0.0
35 42 40 0.0 0.0 0.0 10.0 103.0 2.0 0.0
35 42 41 0.0 0.0 0.0 2.0 75.0 0.0 0.0
35 42 42 0.0 0.0 0.0 4.0 35.0 1.0 0.0
35 42 43 0.0 0.0 0.0 1.0 2.0 0.0 0.0
35 43 38 0.0 0.0 0.0 6.0 6.0 0.0 0.0
35 43 39 0.0 0.0 0.0 2.0 22.0 1.0 0.0
35 43 40 0.0 0.0 0.0 2.0 19.0 0.0 0.0
35 43 41 0.0 0.0 0.0 0.0 25.0 0.0 0.0
35 43 42 0.0 0.0 0.0 1.0 4.0 0.0 0.0
35 44 38 0.0 0.0 0.0 0.0 1.0 0.0 0.0
35 44 39 0.0 0.0 0.0 0.0 1.0 0.0 0.0
35 44 41 0.0 0.0 0.0 1.0 1.0 0.0 0.0
36 35 39 0.0 0.0 0.0 0.0 2.0 0.0 0.0
36 35 40 0.0 0.0 0.0 0.0 1.0 0.0 0.0
36 35 41 0.0 0.0 0.0 0.0 6.0 0.0 0.0
36 35 42 0.0 0.0 0.0 0.0 1.0 0.0 0.0
36 36 36 0.0 0.0 0.0 1.0 1.0 0.0 0.0
36 36 37 0.0 0.0 0.0 2.0 48.0 1.0 0.0
36 36 38 0.0 4.0 1.0 33.0 181.0 2.0 0.0
36 36 39 0.0 0.0 0.0 43.0 291.0 4.0 0.0
36 36 40 0.0 1.0 3.0 41.0 359.0 8.0 0.0
36 36 41 0.0 0.0 0.0 26.0 297.0 5.0 0.0
36 36 42 0.0 0.0 0.0 7.0 127.0 4.0 0.0
36 36 43 0.0 0.0 0.0 1.0 35.0 1.0 0.0
36 36 44 0.0 0.0 0.0 1.0 2.0 0.0 0.0
36 37 36 0.0 0.0 0.0 3.0 33.0 0.0 0.0
36 37 37 0.0 2.0 5.0 45.0 399.0 8.0 0.0
36 37 38 0.0 0.0 4.0 130.0 1391.0 31.0 4.0
36 37 39 0.0 2.0 4.0 298.0 2535.0 37.0 6.0
36 37 40 0.0 0.0 23.0 367.0 3290.0 73.0 26.0
36 37 41 0.0 0.0 8.0 324.0 2569.0 39.0 11.0
36 37 42 0.0 0.0 3.0 91.0 1413.0 26.0 1.0
36 37 43 0.0 0.0 2.0 44.0 296.0 4.0 0.0
36 37 44 0.0 0.0 0.0 1.0 31.0 0.0 0.0
36 38 36 0.0 0.0 3.0 20.0 205.0 4.0 0.0
36 38 37 0.0 0.0 5.0 151.0 1424.0 29.0 0.0
36 38 38 0.0 2.0 21.0 512.0 4461.0 103.0 37.0
36 38 39 0.0 9.0 24.0 993.0 8230.0 148.0 145.0
36 38 40 0.0 5.0 24.0 1100.0 10209.0 188.0 207.0
36 38 41 0.0 5.0 47.0 945.0 8365.0 158.0 136.0
36 38 42 0.0 5.0 10.0 497.0 4404.0 89.0 37.0
36 38 43 0.0 0.0 0.0 127.0 1205.0 16.0 1.0
36 38 44 0.0 0.0 0.0 18.0 151.0 0.0 0.0
36 39 35 0.0 0.0 0.0 0.0 1.0 0.0 0.0
36 39 36 0.0 0.0 2.0 30.0 312.0 3.0 0.0
36 39 37 0.0 0.0 5.0 297.0 2477.0 48.0 10.0
36 39 38 0.0 12.0 24.0 881.0 8220.0 151.0 122.0
36 39 39 0.0 6.0 35.0 1733.0 14545.0 279.0 466.0
36 39 40 0.0 12.0 41.0 1835.0 17777.0 305.0 770.0
36 39 41 0.0 26.0 56.0 1803.0 15012.0 243.0 522.0
36 39 42 0.0 7.0 41.0 901.0 8405.0 173.0 128.0
36 39 43 0.0 0.0 10.0 278.0 2549.0 49.0 12.0
36 39 44 0.0 0.0 0.0 21.0 270.0 4.0 0.0
36 39 45 0.0 0.0 0.0 0.0 1.0 0.0 0.0
36 40 35 0.0 0.0 0.0 1.0 5.0 0.0 0.0
36 40 36 0.0 0.0 0.0 40.0 340.0 3.0 0.0
36 40 37 0.0 2.0 6.0 386.0 3194.0 43.0 18.0
36 40 38 0.0 9.0 43.0 1208.0 9870.0 186.0 180.0
36 40 39 0.0 11.0 45.0 2163.0 17200.0 275.0 728.0
36 40 40 0.0 20.0 62.0 2346.0 20191.0 345.0 1085.0
36 40 41 0.0 13.0 58.0 2099.0 17129.0 290.0 721.0
36 40 42 0.0 10.0 19.0 1032.0 9783.0 176.0 195.0
36 40 43 0.0 2.0 5.0 354.0 3268.0 63.0 18.0
36 40 44 0.0 1.0 0.0 40.0 381.0 2.0 0.0
36 40 45 0.0 0.0 0.0 0.0 2.0 0.0 0.0
36 41 36 0.0 0.0 0.0 53.0 273.0 4.0 0.0
36 41 37 0.0 1.0 2.0 272.0 2528.0 40.0 12.0
36 41 38 0.0 7.0 33.0 1047.0 7759.0 133.0 130.0
36 41 39 0.0 13.0 35.0 1541.0 14652.0 244.0 490.0
36 41 40 0.0 5.0 89.0 2002.0 17514.0 326.0 737.0
36 41 41 0.0 13.0 36.0 1635.0 15208.0 277.0 546.0
36 41 42 0.0 13.0 34.0 918.0 8299.0 152.0 138.0
36 41 43 0.0 1.0 7.0 332.0 2432.0 44.0 15.0
36 41 44 0.0 1.0 0.0 28.0 303.0 8.0 0.0
36 42 36 0.0 0.0 0.0 26.0 114.0 1.0 0.0
36 42 37 0.0 15.0 1.0 205.0 1115.0 15.0 1.0
36 42 38 0.0 0.0 17.0 525.0 4217.0 76.0 31.0
36 42 39 0.0 1.0 9.0 926.0 7870.0 138.0 138.0
36 42 40 0.0 15.0 30.0 1138.0 9964.0 178.0 228.0
36 42 41 0.0 2.0 26.0 907.0 8880.0 169.0 150.0
36 42 42 0.0 1.0 16.0 565.0 4377.0 85.0 33.0
36 42 43 0.0 0.0 2.0 128.0 1376.0 22.0 4.0
36 42 44 0.0 0.0 1.0 6.0 114.0 2.0 0.0
36 42 45 0.0 0.0 0.0 0.0 1.0 0.0 0.0
36 43 36 0.0 0.0 0.0 5.0 32.0 0.0 0.0
36 43 37 0.0 0.0 0.0 28.0 306.0 5.0 0.0
36 43 38 0.0 2.0 0.0 106.0 1222.0 20.0 3.0
36 43 39 0.0 0.0 5.0 259.0 2519.0 45.0 2.0
36 43 40 0.0 3.0 5.0 448.0 3244.0 66.0 22.0
36 43 41 0.0 3.0 4.0 318.0 2548.0 46.0 13.0
36 43 42 0.0 0.0 5.0 145.0 1395.0 34.0 2.0
36 43 43 0.0 0.0 0.0 40.0 323.0 8.0 0.0
36 43 44 0.0 0.0 0.0 1.0 23.0 1.0 0.0
36 44 36 0.0 0.0 0.0 0.0 12.0 0.0 0.0
36 44 37 0.0 0.0 1.0 3.0 20.0 0.0 0.0
36 44 38 0.0 0.0 1.0 6.0 93.0 7.0 0.0
36 44 39 0.0 0.0 1.0 27.0 225.0 6.0 0.0
36 44 40 0.0 0.0 2.0 35.0 328.0 8.0 1.0
36 44 41 0.0 1.0 7.0 28.0 279.0 4.0 0.0
36 44 42 0.0 0.0 0.0 17.0 132.0 3.0 0.0
36 44 43 0.0 0.0 0.0 3.0 33.0 0.0 0.0
36 44 44 0.0 0.0 0.0 0.0 5.0 0.0 0.0
36 45 38 0.0 0.0 0.0 0.0 1.0 0.0 0.0
36 45 39 0.0 0.0 0.0 0.0 1.0 0.0 0.0
36 45 40 0.0 0.0 0.0 0.0 8.0 0.0 0.0
36 45 41 0.0 0.0 0.0 0.0 1.0 0.0 0.0
36 45 42 0.0 0.0 0.0 1.0 0.0 0.0 0.0
37 35 37 0.0 0.0 0.0 0.0 3.0 0.0 0.0
37 35 38 0.0 0.0 1.0 0.0 10.0 0.0 0.0
37 35 39 0.0 0.0 0.0 3.0 25.0 2.0 0.0
37 35 40 0.0 0.0 0.0 11.0 38.0 0.0 0.0
37 35 41 0.0 0.0 0.0 5.0 22.0 0.0 0.0
37 35 42 0.0 0.0 0.0 0.0 7.0 0.0 0.0
37 36 35 0.0 0.0 0.0 0.0 1.0 0.0 0.0
37 36 36 0.0 0.0 0.0 1.0 24.0 1.0 0.0
37 36 37 0.0 0.0 0.0 68.0 464.0 10.0 0.0
37 36 38 0.0 3.0 3.0 243.0 1587.0 21.0 6.0
37 36 39 0.0 3.0 10.0 437.0 2894.0 46.0 18.0
37 36 40 0.0 1.0 8.0 450.0 3720.0 74.0 33.0
37 36 41 0.0 0.0 7.0 365.0 2842.0 58.0 17.0
37 36 42 0.0 0.0 3.0 194.0 1299.0 32.0 3.0
37 36 43 0.0 0.0 1.0 29.0 464.0 6.0 1.0
37 36 44 0.0 0.0 0.0 1.0 43.0 0.0 0.0
37 37 35 0.0 0.0 0.0 0.0 5.0 0.0 0.0
37 37 36 0.0 0.0 0.0 28.0 413.0 5.0 0.0
37 37 37 0.0 4.0 18.0 472.0 5947.0 97.0 80.0
37 37 38 0.0 4.0 9.0 1547.0 16691.0 313.0 790.0
37 37 39 0.0 16.0 52.0 2663.0 26898.0 428.0 2400.0
37 37 40 0.0 16.0 66.0 3101.0 29817.0 453.0 3206.0
37 37 41 0.0 5.0 38.0 2210.0 26001.0 405.0 2140.0
37 37 42 0.0 3.0 29.0 1662.0 15733.0 269.0 740.0
37 37 43 0.0 0.0 11.0 706.0 5438.0 90.0 80.0
37 37 44 0.0 0.0 0.0 21.0 286.0 6.0 0.0
37 37 45 0.0 0.0 0.0 0.0 6.0 1.0 0.0
37 38 35 0.0 0.0 0.0 2.0 7.0 0.0 0.0
37 38 36 0.0 0.0 12.0 133.0 1596.0 24.0 4.0
37 38 37 0.0 14.0 66.0 1984.0 16617.0 312.0 842.0
37 38 38 0.0 53.0 122.0 3897.0 36399.0 555.0 5722.0
37 38 39 0.0 31.0 141.0 5116.0 46079.0 597.0 13660.0
37 38 40 0.0 41.0 111.0 5363.0 47913.0 616.0 15973.0
37 38 41 0.0 24.0 151.0 4801.0 46206.0 617.0 12980.0
37 38 42 0.0 6.0 86.0 3442.0 34820.0 514.0 4841.0
37 38 43 0.0 0.0 38.0 1758.0 16137.0 268.0 743.0
37 38 44 0.0 0.0 3.0 145.0 1222.0 20.0 3.0
37 38 45 0.0 0.0 0.0 0.0 6.0 0.0 0.0
37 39 35 0.0 0.0 1.0 1.0 22.0 0.0 0.0
37 39 36 0.0 0.0 20.0 348.0 2848.0 68.0 9.0
37 39 37 0.0 19.0 71.0 2967.0 26718.0 459.0 2379.0
37 39 38 0.0 15.0 156.0 5379.0 45439.0 609.0 12599.0
37 39 39 0.0 49.0 175.0 5722.0 50788.0 580.0 26179.0
37 39 40 0.0 65.0 189.0 5995.0 50141.0 561.0 31611.0
37 39 41 0.0 42.0 255.0 5201.0 51135.0 571.0 26298.0
37 39 42 1.0 32.0 135.0 4702.0 46600.0 564.0 13135.0
37 39 43 0.0 18.0 68.0 2255.0 24847.0 396.0 1959.0
37 39 44 0.0 2.0 12.0 284.0 2557.0 50.0 20.0
37 39 45 0.0 0.0 0.0 0.0 26.0 1.0 0.0
37 40 35 0.0 0.0 1.0 1.0 22.0 1.0 0.0
37 40 36 0.0 2.0 10.0 379.0 3071.0 61.0 18.0
37 40 37 0.0 40.0 92.0 3567.0 28033.0 469.0 2952.0
37 40 38 0.0 74.0 161.0 5806.0 47205.0 583.0 16629.0
37 40 39 0.0 88.0 165.0 6134.0 50124.0 560.0 30667.0
37 40 40 0.0 79.0 161.0 5982.0 50208.0 505.0 35415.0
37 40 41 0.0 46.0 154.0 5811.0 50790.0 511.0 30650.0
37 40 42 0.0 67.0 159.0 5292.0 47974.0 601.0 16486.0
37 40 43 0.0 19.0 90.0 2899.0 28866.0 427.0 3003.0
37 40 44 0.0 0.0 15.0 323.0 3053.0 48.0 20.0
37 40 45 0.0 0.0 0.0 4.0 31.0 1.0 0.0
37 41 35 0.0 0.0 5.0 0.0 20.0 1.0 0.0
37 41 36 0.0 2.0 5.0 326.0 2475.0 40.0 14.0
37 41 37 0.0 37.0 66.0 3515.0 23669.0 377.0 1903.0
37 41 38 0.0 66.0 165.0 5974.0 44715.0 600.0 12185.0
37 41 39 0.0 49.0 158.0 6093.0 50344.0 600.0 24993.0
37 41 40 0.0 58.0 173.0 5717.0 50943.0 558.0 30603.0
37 41 41 0.0 45.0 267.0 5976.0 50899.0 549.0 26493.0
37 41 42 0.0 61.0 197.0 4993.0 45342.0 560.0 12597.0
37 41 43 0.0 4.0 81.0 2589.0 24914.0 401.0 2055.0
37 41 44 0.0 1.0 4.0 232.0 2484.0 40.0 9.0
37 41 45 0.0 0.0 0.0 2.0 23.0 1.0 0.0
37 42 35 0.0 0.0 0.0 1.0 4.0 0.0 0.0
37 42 36 0.0 0.0 3.0 144.0 1185.0 22.0 2.0
37 42 37 0.0 30.0 40.0 2144.0 13192.0 239.0 544.0
37 42 38 0.0 66.0 89.0 3859.0 34290.0 489.0 4823.0
37 42 39 0.0 24.0 203.0 5217.0 45275.0 574.0 12730.0
37 42 40 0.0 33.0 162.0 5622.0 47689.0 568.0 15952.0
37 42 41 0.0 44.0 129.0 5495.0 45242.0 599.0 13081.0
37 42 42 0.0 31.0 84.0 4157.0 35290.0 547.0 5292.0
37 42 43 0.0 18.0 76.0 1688.0 14633.0 256.0 556.0
37 42 44 0.0 0.0 2.0 126.0 1188.0 19.0 2.0
37 42 45 0.0 0.0 0.0 0.0 7.0 0.0 0.0
37 43 36 0.0 0.0 1.0 34.0 327.0 11.0 0.0
37 43 37 0.0 0.0 19.0 479.0 4560.0 86.0 37.0
37 43 38 0.0 15.0 34.0 1593.0 14005.0 259.0 563.0
37 43 39 0.0 15.0 94.0 2422.0 23753.0 371.0 1706.0
37 43 40 0.0 12.0 185.0 2608.0 28265.0 446.0 2815.0
37 43 41 0.0 16.0 124.0 2738.0 25668.0 405.0 2242.0
37 43 42 0.0 9.0 73.0 1616.0 16925.0 303.0 839.0
37 43 43 0.0 2.0 23.0 491.0 5310.0 73.0 74.0
37 43 44 0.0 0.0 0.0 31.0 438.0 7.0 0.0
37 43 45 0.0 0.0 0.0 0.0 2.0 0.0 0.0
37 44 36 0.0 0.0 0.0 4.0 35.0 0.0 0.0
37 44 37 0.0 0.0 2.0 23.0 266.0 6.0 0.0
37 44 38 0.0 0.0 1.0 99.0 1177.0 17.0 1.0
37 44 39 0.0 1.0 13.0 295.0 2315.0 35.0 8.0
37 44 40 0.0 0.0 1.0 253.0 3181.0 50.0 12.0
37 44 41 0.0 2.0 6.0 286.0 2710.0 51.0 11.0
37 44 42 0.0 1.0 4.0 141.0 1283.0 21.0 3.0
37 44 43 0.0 0.0 0.0 36.0 341.0 7.0 0.0
37 44 44 0.0 0.0 0.0 5.0 58.0 1.0 0.0
37 44 45 0.0 0.0 0.0 0.0 1.0 0.0 0.0
37 45 38 0.0 0.0 0.0 2.0 5.0 0.0 0.0
37 45 39 0.0 0.0 0.0 0.0 7.0 1.0 0.0
37 45 40 0.0 0.0 0.0 0.0 29.0 1.0 0.0
37 45 41 0.0 0.0 0.0 1.0 6.0 0.0 0.0
37 45 42 0.0 0.0 0.0 1.0 7.0 0.0 0.0
38 35 37 0.0 0.0 0.0 0.0 14.0 0.0 0.0
38 35 38 0.0 0.0 1.0 14.0 49.0 1.0 0.0
38 35 39 0.0 0.0 1.0 16.0 105.0 2.0 0.0
38 35 40 0.0 0.0 0.0 12.0 114.0 0.0 0.0
38 35 41 0.0 0.0 0.0 13.0 126.0 4.0 0.0
38 35 42 0.0 0.0 0.0 5.0 22.0 0.0 0.0
38 35 43 0.0 0.0 1.0 0.0 6.0 0.0 0.0
38 35 44 0.0 0.0 0.0 0.0 1.0 0.0 0.0
38 36 36 0.0 0.0 0.0 21.0 173.0 3.0 1.0
38 36 37 0.0 0.0 2.0 222.0 1702.0 28.0 2.0
38 36 38 0.0 4.0 16.0 652.0 4928.0 95.0 48.0
38 36 39 0.0 6.0 48.0 1369.0 9572.0 169.0 220.0
38 36 40 0.0 1.0 51.0 1459.0 10690.0 201.0 243.0
38 36 41 0.0 6.0 35.0 1206.0 8657.0 152.0 133.0
38 36 42 0.0 0.0 7.0 668.0 4407.0 76.0 36.0
38 36 43 0.0 2.0 2.0 171.0 1316.0 22.0 4.0
38 36 44 0.0 0.0 0.0 21.0 138.0 2.0 0.0
38 37 35 0.0 0.0 0.0 0.0 7.0 1.0 0.0
38 37 36 0.0 0.0 1.0 143.0 1466.0 28.0 3.0
38 37 37 0.0 4.0 60.0 1416.0 17810.0 267.0 880.0
38 37 38 0.0 47.0 197.0 5105.0 37042.0 550.0 6675.0
38 37 39 0.0 46.0 140.0 6193.0 45824.0 604.0 15483.0
38 37 40 0.0 66.0 168.0 6563.0 47536.0 632.0 18167.0
38 37 41 0.0 20.0 148.0 5690.0 46071.0 609.0 13908.0
38 37 42 0.0 31.0 98.0 4211.0 35484.0 584.0 5567.0
38 37 43 0.0 1.0 17.0 1453.0 14893.0 239.0 594.0
38 37 44 0.0 0.0 3.0 120.0 1411.0 24.0 1.0
38 37 45 0.0 0.0 0.0 1.0 9.0 0.0 0.0
38 38 35 0.0 0.0 0.0 4.0 49.0 0.0 0.0
38 38 36 0.0 4.0 11.0 475.0 4864.0 100.0 41.0
38 38 37 0.0 20.0 81.0 3347.0 37090.0 528.0 5672.0
38 38 38 0.0 32.0 173.0 4746.0 47251.0 522.0 40326.0
38 38 39 0.0 33.0 101.0 4819.0 41806.0 409.0 59854.0
38 38 40 0.0 29.0 150.0 4229.0 39443.0 335.0 66535.0
38 38 41 0.0 42.0 124.0 4540.0 42248.0 390.0 58708.0
38 38 42 0.0 19.0 123.0 4756.0 47923.0 482.0 37812.0
38 38 43 0.0 11.0 106.0 3993.0 35253.0 507.0 5464.0
38 38 44 0.0 0.0 7.0 455.0 4420.0 71.0 39.0
38 38 45 0.0 0.0 0.0 4.0 32.0 0.0 0.0
38 39 35 0.0 0.0 0.0 1.0 103.0 2.0 0.0
38 39 36 0.0 14.0 40.0 936.0 8451.0 147.0 136.0
38 39 37 0.0 82.0 170.0 5276.0 46027.0 604.0 13929.0
38 39 38 0.0 41.0 144.0 5043.0 41278.0 379.0 59541.0
38 39 39 0.0 39.0 119.0 4338.0 33983.0 283.0 81577.0
38 39 40 0.0 34.0 145.0 3676.0 31806.0 253.0 87758.0
38 39 41 0.0 32.0 132.0 3803.0 35191.0 257.0 80312.0
38 39 42 0.0 40.0 212.0 4713.0 42453.0 392.0 57772.0
38 39 43 0.0 32.0 130.0 4636.0 46144.0 630.0 13122.0
38 39 44 0.0 8.0 17.0 850.0 8362.0 165.0 129.0
38 39 45 0.0 0.0 0.0 10.0 69.0 2.0 0.0
38 40 35 0.0 0.0 0.0 4.0 91.0 1.0 0.0
38 40 36 0.0 6.0 49.0 1125.0 10133.0 199.0 196.0
38 40 37 0.0 47.0 154.0 5555.0 47604.0 633.0 15751.0
38 40 38 0.0 54.0 165.0 5179.0 39497.0 357.0 64707.0
38 40 39 0.0 54.0 147.0 3892.0 31812.0 225.0 87279.0
38 40 40 0.0 33.0 136.0 3512.0 28661.0 223.0 95288.0
38 40 41 0.0 37.0 161.0 3505.0 31889.0 229.0 88136.0
38 40 42 0.0 36.0 200.0 4067.0 39714.0 351.0 65196.0
38 40 43 0.0 16.0 209.0 4562.0 48753.0 651.0 15781.0
38 40 44 0.0 3.0 42.0 1033.0 9817.0 183.0 239.0
38 40 45 0.0 0.0 2.0 13.0 102.0 1.0 0.0
38 41 35 0.0 0.0 0.0 25.0 66.0 2.0 0.0
38 41 36 0.0 5.0 64.0 901.0 8227.0 129.0 171.0
38 41 37 0.0 29.0 182.0 5266.0 44918.0 580.0 12527.0
38 41 38 0.0 70.0 163.0 5692.0 41973.0 420.0 56655.0
38 41 39 0.0 42.0 117.0 4142.0 35036.0 298.0 79559.0
38 41 40 0.0 35.0 131.0 3736.0 31444.0 234.0 88606.0
38 41 41 0.0 58.0 171.0 4586.0 33694.0 293.0 81864.0
38 41 42 0.0 31.0 199.0 4369.0 43030.0 365.0 57096.0
38 41 43 0.0 24.0 162.0 5020.0 45897.0 598.0 13062.0
38 41 44 0.0 0.0 34.0 779.0 8167.0 117.0 114.0
38 41 45 0.0 0.0 0.0 12.0 86.0 4.0 0.0
38 42 35 0.0 0.0 0.0 6.0 33.0 1.0 0.0
38 42 36 0.0 2.0 4.0 515.0 3898.0 66.0 19.0
38 42 37 0.0 20.0 62.0 3786.0 34466.0 529.0 5025.0
38 42 38 0.0 38.0 212.0 4853.0 48000.0 519.0 35894.0
38 42 39 0.0 42.0 210.0 4663.0 42546.0 374.0 57349.0
38 42 40 0.0 32.0 189.0 4285.0 39734.0 319.0 64942.0
38 42 41 0.0 47.0 189.0 4415.0 42006.0 385.0 58648.0
38 42 42 0.0 26.0 225.0 4488.0 47604.0 463.0 39658.0
38 42 43 0.0 11.0 160.0 3788.0 35325.0 538.0 5206.0
38 42 44 0.0 0.0 4.0 522.0 4523.0 97.0 29.0
38 42 45 0.0 0.0 0.0 5.0 41.0 1.0 0.0
38 43 35 0.0 0.0 0.0 0.0 11.0 0.0 0.0
38 43 36 0.0 0.0 1.0 119.0 1235.0 25.0 1.0
38 43 37 0.0 5.0 56.0 1390.0 14011.0 252.0 559.0
38 43 38 0.0 15.0 150.0 3659.0 33770.0 527.0 4715.0
38 43 39 0.0 52.0 134.0 5525.0 44700.0 596.0 12563.0
38 43 40 0.0 38.0 168.0 5186.0 48121.0 647.0 15853.0
38 43 41 0.0 55.0 159.0 5115.0 45728.0 556.0 12998.0
38 43 42 0.0 37.0 99.0 3566.0 35839.0 545.0 5396.0
38 43 43 0.0 13.0 63.0 1752.0 16376.0 321.0 754.0
38 43 44 0.0 0.0 5.0 109.0 1301.0 28.0 2.0
38 43 45 0.0 0.0 0.0 1.0 13.0 0.0 0.0
38 44 36 0.0 0.0 0.0 6.0 106.0 3.0 0.0
38 44 37 0.0 1.0 7.0 161.0 1110.0 21.0 1.0
38 44 38 0.0 4.0 12.0 446.0 3893.0 74.0 22.0
38 44 39 0.0 2.0 38.0 887.0 8032.0 149.0 129.0
38 44 40 0.0 3.0 44.0 1050.0 9775.0 173.0 188.0
38 44 41 0.0 5.0 22.0 640.0 7991.0 131.0 131.0
38 44 42 0.0 2.0 13.0 438.0 4458.0 90.0 21.0
38 44 43 0.0 0.0 5.0 173.0 1301.0 20.0 1.0
38 44 44 0.0 0.0 2.0 19.0 184.0 3.0 0.0
38 44 45 0.0 0.0 0.0 0.0 2.0 0.0 0.0
38 45 37 0.0 0.0 0.0 0.0 9.0 0.0 0.0
38 45 38 0.0 0.0 0.0 10.0 61.0 0.0 0.0
38 45 39 0.0 0.0 0.0 21.0 76.0 0.0 0.0
38 45 40 0.0 0.0 0.0 8.0 94.0 2.0 0.0
38 45 41 0.0 0.0 0.0 4.0 59.0 1.0 0.0
38 45 42 0.0 0.0 0.0 3.0 25.0 0.0 0.0
38 45 43 0.0 0.0 0.0 0.0 18.0 0.0 0.0
39 35 36 0.0 0.0 0.0 0.0 1.0 0.0 0.0
39 35 37 0.0 0.0 0.0 5.0 10.0 1.0 0.0
39 35 38 0.0 0.0 0.0 14.0 121.0 2.0 0.0
39 35 39 0.0 0.0 3.0 23.0 277.0 3.0 0.0
39 35 40 0.0 0.0 0.0 34.0 286.0 5.0 0.0
39 35 41 0.0 0.0 0.0 23.0 198.0 2.0 0.0
39 35 42 0.0 3.0 0.0 19.0 117.0 1.0 0.0
39 35 43 0.0 0.0 0.0 2.0 38.0 0.0 0.0
39 35 44 0.0 0.0 0.0 0.0 1.0 0.0 0.0
39 36 35 0.0 0.0 0.0 1.0 1.0 0.0 0.0
39 36 36 0.0 0.0 0.0 24.0 313.0 4.0 0.0
39 36 37 0.0 5.0 11.0 519.0 3307.0 69.0 29.0
39 36 38 0.0 11.0 41.0 1300.0 9155.0 161.0 198.0
39 36 39 0.0 12.0 29.0 2394.0 16239.0 255.0 703.0
39 36 40 0.0 8.0 53.0 2437.0 18393.0 310.0 887.0
39 36 41 0.0 13.0 49.0 2421.0 14939.0 249.0 560.0
39 36 42 0.0 6.0 17.0 1117.0 8184.0 158.0 135.0
39 36 43 0.0 0.0 2.0 323.0 2578.0 41.0 20.0
39 36 44 0.0 0.0 1.0 30.0 273.0 2.0 0.0
39 36 45 0.0 0.0 0.0 0.0 2.0 0.0 0.0
39 37 35 0.0 0.0 0.0 0.0 11.0 0.0 0.0
39 37 36 0.0 1.0 1.0 279.0 2869.0 49.0 14.0
39 37 37 0.0 21.0 61.0 2522.0 26848.0 431.0 2383.0
39 37 38 0.0 45.0 121.0 6170.0 46455.0 634.0 15317.0
39 37 39 0.0 21.0 126.0 6905.0 49471.0 609.0 27995.0
39 37 40 0.0 33.0 175.0 7056.0 49387.0 557.0 32495.0
39 37 41 0.0 55.0 134.0 7174.0 48851.0 568.0 27256.0
39 37 42 0.0 37.0 163.0 6345.0 44646.0 589.0 12808.0
39 37 43 0.0 7.0 71.0 2641.0 26405.0 434.0 2262.0
39 37 44 0.0 2.0 2.0 294.0 2748.0 53.0 14.0
39 37 45 0.0 0.0 0.0 1.0 16.0 0.0 0.0
39 38 35 0.0 0.0 0.0 5.0 100.0 1.0 0.0
39 38 36 0.0 2.0 29.0 666.0 9269.0 147.0 173.0
39 38 37 0.0 32.0 109.0 4497.0 47301.0 628.0 13777.0
39 38 38 0.0 49.0 125.0 4397.0 42405.0 397.0 59153.0
39 38 39 0.0 46.0 134.0 4734.0 31896.0 233.0 83655.0
39 38 40 0.0 26.0 155.0 4261.0 30133.0 220.0 90029.0
39 38 41 0.0 52.0 119.0 4693.0 33460.0 257.0 81529.0
39 38 42 0.0 18.0 137.0 4974.0 42719.0 431.0 56928.0
39 38 43 0.0 17.0 166.0 5143.0 46176.0 594.0 13994.0
39 38 44 0.0 3.0 39.0 709.0 8073.0 145.0 133.0
39 38 45 0.0 0.0 0.0 8.0 98.0 1.0 0.0
39 39 35 0.0 0.0 0.0 11.0 214.0 5.0 0.0
39 39 36 0.0 6.0 52.0 1301.0 15530.0 283.0 537.0
39 39 37 0.0 75.0 155.0 5411.0 51178.0 598.0 26681.0
39 39 38 0.0 34.0 149.0 3920.0 34455.0 254.0 81630.0
39 39 39 0.0 27.0 83.0 2527.0 19557.0 110.0 123173.0
39 39 40 0.0 26.0 82.0 2348.0 17940.0 106.0 126564.0
39 39 41 0.0 16.0 89.0 2412.0 19812.0 95.0 121737.0
39 39 42 0.0 26.0 145.0 3896.0 34537.0 271.0 80901.0
39 39 43 0.0 33.0 224.0 5257.0 51535.0 609.0 25513.0
39 39 44 0.0 5.0 33.0 1505.0 14449.0 246.0 487.0
39 39 45 0.0 0.0 1.0 13.0 179.0 2.0 0.0
39 40 35 0.0 0.0 0.0 20.0 236.0 6.0 0.0
39 40 36 0.0 5.0 57.0 1590.0 17836.0 314.0 700.0
39 40 37 0.0 42.0 207.0 5461.0 51276.0 590.0 30233.0
39 40 38 0.0 24.0 114.0 3609.0 31852.0 254.0 87920.0
39 40 39 0.0 22.0 79.0 2286.0 18148.0 87.0 125830.0
39 40 40 0.0 19.0 88.0 1899.0 15920.0 87.0 133023.0
39 40 41 0.0 11.0 82.0 2163.0 18818.0 108.0 125257.0
39 40 42 0.0 30.0 152.0 3605.0 32135.0 234.0 87490.0
39 40 43 0.0 20.0 207.0 5610.0 50730.0 525.0 30339.0
39 40 44 0.0 7.0 45.0 1967.0 17444.0 301.0 684.0
39 40 45 0.0 1.0 1.0 22.0 250.0 3.0 0.0
39 41 35 0.0 0.0 0.0 25.0 159.0 4.0 0.0
39 41 36 0.0 3.0 50.0 1503.0 14427.0 265.0 474.0
39 41 37 0.0 29.0 216.0 5276.0 50940.0 583.0 25574.0
39 41 38 0.0 34.0 155.0 3954.0 34915.0 276.0 79667.0
39 41 39 0.0 19.0 103.0 2288.0 20507.0 110.0 119949.0
39 41 40 0.0 19.0 100.0 2094.0 18347.0 89.0 126848.0
39 41 41 0.0 25.0 111.0 2349.0 20457.0 100.0 121099.0
39 41 42 0.0 17.0 194.0 3962.0 34603.0 307.0 80521.0
39 41 43 0.0 37.0 182.0 5458.0 51001.0 549.0 25749.0
39 41 44 0.0 1.0 50.0 1649.0 14728.0 265.0 501.0
39 41 45 0.0 1.0 1.0 21.0 186.0 1.0 0.0
39 42 35 0.0 0.0 0.0 6.0 87.0 0.0 0.0
39 42 36 0.0 11.0 21.0 722.0 7957.0 146.0 117.0
39 42 37 0.0 42.0 180.0 4927.0 45165.0 604.0 11697.0
39 42 38 0.0 44.0 155.0 4677.0 42453.0 389.0 57243.0
39 42 39 0.0 38.0 168.0 4015.0 35206.0 273.0 80070.0
39 42 40 0.0 25.0 172.0 3428.0 32021.0 205.0 87473.0
39 42 41 0.0 38.0 185.0 3864.0 34650.0 288.0 81137.0
39 42 42 0.0 22.0 235.0 4371.0 41007.0 360.0 61234.0
39 42 43 0.0 17.0 226.0 4469.0 46889.0 602.0 13378.0
39 42 44 0.0 5.0 32.0 1010.0 8711.0 154.0 172.0
39 42 45 0.0 0.0 0.0 4.0 91.0 4.0 0.0
39 43 35 0.0 0.0 0.0 0.0 15.0 1.0 0.0
39 43 36 0.0 0.0 7.0 310.0 2580.0 34.0 2.0
39 43 37 0.0 6.0 58.0 2143.0 23969.0 402.0 1762.0
39 43 38 0.0 14.0 105.0 4814.0 44805.0 580.0 11633.0
39 43 39 0.0 46.0 208.0 5691.0 50817.0 574.0 25247.0
39 43 40 0.0 32.0 236.0 5335.0 51168.0 581.0 30103.0
39 43 41 0.0 36.0 227.0 5407.0 50943.0 551.0 26117.0
39 43 42 0.0 42.0 231.0 4896.0 45959.0 570.0 13667.0
39 43 43 0.0 18.0 115.0 2567.0 26641.0 410.0 2333.0
39 43 44 0.0 1.0 20.0 247.0 2626.0 43.0 10.0
39 43 45 0.0 0.0 0.0 1.0 24.0 0.0 0.0
39 44 35 0.0 0.0 0.0 0.0 2.0 0.0 0.0
39 44 36 0.0 0.0 1.0 17.0 255.0 7.0 0.0
39 44 37 0.0 8.0 4.0 240.0 2224.0 40.0 9.0
39 44 38 0.0 18.0 23.0 990.0 7474.0 139.0 128.0
39 44 39 0.0 6.0 31.0 1624.0 14220.0 238.0 480.0
39 44 40 0.0 6.0 54.0 1696.0 17388.0 302.0 723.0
39 44 41 0.0 6.0 56.0 1582.0 14941.0 243.0 522.0
39 44 42 0.0 0.0 21.0 869.0 8549.0 150.0 173.0
39 44 43 0.0 3.0 11.0 245.0 2861.0 56.0 9.0
39 44 44 0.0 0.0 2.0 46.0 354.0 1.0 0.0
39 45 37 0.0 0.0 0.0 3.0 13.0 0.0 0.0
39 45 38 0.0 0.0 2.0 5.0 57.0 3.0 0.0
39 45 39 0.0 0.0 0.0 18.0 158.0 4.0 0.0
39 45 40 0.0 0.0 0.0 27.0 225.0 4.0 0.0
39 45 41 0.0 0.0 0.0 26.0 131.0 2.0 0.0
39 45 42 0.0 0.0 0.0 10.0 83.0 1.0 0.0
39 45 43 0.0 0.0 0.0 0.0 19.0 0.0 0.0
39 45 44 0.0 0.0 0.0 0.0 2.0 0.0 0.0
40 35 36 0.0 0.0 0.0 0.0 1.0 0.0 0.0
40 35 37 0.0 0.0 0.0 8.0 27.0 1.0 0.0
40 35 38 0.0 0.0 0.0 25.0 106.0 1.0 0.0
40 35 39 0.0 0.0 0.0 23.0 246.0 3.0 0.0
40 35 40 0.0 0.0 0.0 48.0 382.0 6.0 0.0
40 35 41 0.0 0.0 0.0 38.0 253.0 4.0 0.0
40 35 42 0.0 0.0 0.0 15.0 138.0 1.0 0.0
40 35 43 0.0 0.0 0.0 4.0 23.0 1.0 0.0
40 36 35 0.0 0.0 0.0 1.0 2.0 0.0 0.0
40 36 36 0.0 0.0 0.0 25.0 349.0 5.0 0.0
40 36 37 0.0 9.0 7.0 594.0 3366.0 81.0 15.0
40 36 38 0.0 5.0 23.0 1632.0 11027.0 204.0 292.0
40 36 39 0.0 6.0 46.0 2964.0 17942.0 310.0 852.0
40 36 40 0.0 9.0 61.0 3241.0 20611.0 332.0 1178.0
40 36 41 0.0 20.0 49.0 2732.0 17449.0 302.0 791.0
40 36 42 0.0 10.0 38.0 1560.0 10101.0 200.0 224.0
40 36 43 0.0 5.0 13.0 505.0 3338.0 54.0 23.0
40 36 44 0.0 0.0 1.0 37.0 409.0 5.0 0.0
40 36 45 0.0 0.0 0.0 0.0 2.0 0.0 0.0
40 37 35 0.0 0.0 1.0 2.0 30.0 0.0 0.0
40 37 36 0.0 4.0 11.0 338.0 3466.0 61.0 23.0
40 37 37 0.0 25.0 56.0 3106.0 30077.0 448.0 3395.0
40 37 38 0.0 68.0 137.0 7942.0 46195.0 639.0 18740.0
40 37 39 0.0 66.0 130.0 7337.0 48535.0 552.0 32808.0
40 37 40 0.0 45.0 144.0 7932.0 47122.0 546.0 38459.0
40 37 41 0.0 56.0 193.0 7888.0 47982.0 536.0 31724.0
40 37 42 0.0 40.0 138.0 6432.0 47292.0 634.0 16641.0
40 37 43 0.0 26.0 132.0 2936.0 28730.0 475.0 2865.0
40 37 44 0.0 0.0 14.0 295.0 3503.0 65.0 11.0
40 37 45 0.0 0.0 0.0 2.0 25.0 0.0 0.0
40 38 35 0.0 0.0 0.0 8.0 113.0 4.0 0.0
40 38 36 0.0 3.0 31.0 987.0 10866.0 194.0 229.0
40 38 37 0.0 23.0 135.0 5208.0 48455.0 638.0 17471.0
40 38 38 0.0 24.0 107.0 4374.0 38688.0 339.0 67247.0
40 38 39 0.0 21.0 117.0 4400.0 30910.0 240.0 88713.0
40 38 40 0.0 29.0 132.0 4140.0 27189.0 211.0 96761.0
40 38 41 0.0 38.0 119.0 4866.0 30648.0 248.0 87944.0
40 38 42 0.0 28.0 190.0 4544.0 39097.0 349.0 66126.0
40 38 43 0.0 22.0 151.0 5253.0 47859.0 610.0 16415.0
40 38 44 0.0 1.0 29.0 1042.0 10370.0 196.0 240.0
40 38 45 0.0 0.0 0.0 32.0 93.0 1.0 0.0
40 39 35 0.0 0.0 0.0 19.0 281.0 8.0 0.0
40 39 36 0.0 11.0 46.0 1606.0 17989.0 304.0 761.0
40 39 37 0.0 15.0 175.0 4494.0 52428.0 545.0 31631.0
40 39 38 0.0 31.0 120.0 3413.0 31803.0 249.0 87767.0
40 39 39 0.0 22.0 73.0 2128.0 17734.0 88.0 127729.0
40 39 40 0.0 14.0 84.0 2109.0 14719.0 80.0 136458.0
40 39 41 0.0 28.0 82.0 2405.0 18224.0 105.0 125546.0
40 39 42 0.0 25.0 167.0 3906.0 31371.0 241.0 87692.0
40 39 43 0.0 26.0 206.0 5326.0 51073.0 580.0 31031.0
40 39 44 0.0 6.0 46.0 1889.0 18298.0 314.0 858.0
40 39 45 0.0 0.0 1.0 33.0 249.0 8.0 0.0
40 40 35 0.0 0.0 0.0 29.0 296.0 7.0 0.0
40 40 36 0.0 18.0 69.0 2088.0 21218.0 293.0 1122.0
40 40 37 0.0 31.0 163.0 5183.0 50901.0 486.0 35707.0
40 40 38 0.0 35.0 118.0 3142.0 28542.0 226.0 95101.0
40 40 39 0.0 18.0 86.0 1857.0 15802.0 71.0 132944.0
40 40 40 0.0 11.0 64.0 1234.0 10194.0 38.0 160128.0
40 40 41 0.0 7.0 74.0 1922.0 15508.0 84.0 133884.0
40 40 42 0.0 22.0 126.0 3290.0 28587.0 180.0 95444.0
40 40 43 0.0 18.0 226.0 5842.0 50218.0 532.0 35400.0
40 40 44 0.0 37.0 87.0 2516.0 19966.0 351.0 1031.0
40 40 45 0.0 0.0 1.0 32.0 273.0 9.0 0.0
40 41 35 0.0 1.0 4.0 21.0 262.0 6.0 0.0
40 41 36 0.0 6.0 46.0 1697.0 18040.0 296.0 749.0
40 41 37 0.0 47.0 173.0 4962.0 51275.0 560.0 31400.0
40 41 38 0.0 25.0 145.0 3527.0 32106.0 236.0 87232.0
40 41 39 0.0 24.0 107.0 1958.0 18249.0 101.0 126731.0
40 41 40 0.0 20.0 76.0 1807.0 15696.0 68.0 133349.0
40 41 41 0.0 18.0 102.0 2109.0 18474.0 90.0 127565.0
40 41 42 0.0 30.0 166.0 3637.0 31948.0 242.0 87753.0
40 41 43 0.0 72.0 253.0 6140.0 50157.0 561.0 32023.0
40 41 44 0.0 12.0 77.0 1933.0 17478.0 311.0 720.0
40 41 45 0.0 1.0 0.0 24.0 241.0 3.0 0.0
40 42 35 0.0 0.0 2.0 7.0 109.0 3.0 0.0
40 42 36 0.0 9.0 11.0 893.0 10071.0 170.0 203.0
40 42 37 0.0 19.0 202.0 4708.0 48356.0 579.0 15901.0
40 42 38 0.0 30.0 166.0 3750.0 40156.0 347.0 64701.0
40 42 39 0.0 21.0 153.0 3472.0 31984.0 271.0 87094.0
40 42 40 0.0 25.0 148.0 3192.0 28847.0 217.0 94707.0
40 42 41 0.0 23.0 148.0 3419.0 32049.0 233.0 88025.0
40 42 42 0.0 30.0 196.0 4177.0 39027.0 314.0 66601.0
40 42 43 0.0 38.0 281.0 4921.0 48501.0 580.0 16829.0
40 42 44 0.0 11.0 30.0 1188.0 10206.0 186.0 209.0
40 42 45 0.0 0.0 4.0 9.0 126.0 2.0 0.0
40 43 35 0.0 0.0 0.0 1.0 33.0 1.0 0.0
40 43 36 0.0 0.0 14.0 307.0 3120.0 61.0 24.0
40 43 37 0.0 23.0 89.0 2605.0 28889.0 437.0 2760.0
40 43 38 0.0 28.0 181.0 4821.0 47860.0 614.0 15260.0
40 43 39 0.0 45.0 170.0 5598.0 50632.0 550.0 30897.0
40 43 40 0.0 36.0 258.0 5570.0 50036.0 573.0 35423.0
40 43 41 0.0 42.0 212.0 5593.0 50948.0 573.0 30775.0
40 43 42 0.0 39.0 233.0 5037.0 48279.0 613.0 16936.0
40 43 43 0.0 13.0 196.0 2864.0 30383.0 483.0 3325.0
40 43 44 0.0 3.0 56.0 304.0 3392.0 79.0 22.0
40 43 45 0.0 0.0 0.0 2.0 25.0 2.0 0.0
40 44 35 0.0 0.0 0.0 0.0 1.0 0.0 0.0
40 44 36 0.0 0.0 0.0 28.0 346.0 7.0 0.0
40 44 37 0.0 0.0 4.0 284.0 2819.0 54.0 9.0
40 44 38 0.0 4.0 26.0 1115.0 9732.0 176.0 198.0
40 44 39 0.0 20.0 66.0 1863.0 17086.0 307.0 678.0
40 44 40 0.0 10.0 90.0 2253.0 20498.0 365.0 1136.0
40 44 41 0.0 8.0 71.0 1748.0 18061.0 308.0 760.0
40 44 42 0.0 2.0 19.0 1158.0 10238.0 195.0 214.0
40 44 43 0.0 5.0 22.0 351.0 3494.0 84.0 20.0
40 44 44 0.0 0.0 5.0 29.0 412.0 10.0 0.0
40 45 36 0.0 0.0 0.0 1.0 1.0 0.0 0.0
40 45 37 0.0 0.0 0.0 4.0 34.0 1.0 0.0
40 45 38 0.0 1.0 0.0 12.0 94.0 4.0 0.0
40 45 39 0.0 0.0 1.0 25.0 231.0 6.0 0.0
40 45 40 0.0 0.0 1.0 25.0 291.0 3.0 1.0
40 45 41 0.0 0.0 2.0 34.0 245.0 4.0 0.0
40 45 42 0.0 0.0 0.0 17.0 110.0 2.0 0.0
40 45 43 0.0 0.0 0.0 3.0 38.0 1.0 0.0
40 45 44 0.0 0.0 0.0 0.0 4.0 0.0 0.0
41 35 36 0.0 0.0 0.0 1.0 0.0 0.0 0.0
41 35 37 0.0 0.0 0.0 1.0 22.0 0.0 0.0
41 35 38 0.0 0.0 0.0 8.0 111.0 3.0 0.0
41 35 39 0.0 0.0 0.0 28.0 180.0 0.0 0.0
41 35 40 0.0 0.0 1.0 46.0 215.0 9.0 0.0
41 35 41 0.0 0.0 3.0 38.0 205.0 4.0 0.0
41 35 42 0.0 0.0 0.0 9.0 70.0 1.0 0.0
41 35 43 0.0 0.0 0.0 5.0 29.0 1.0 0.0
41 35 45 0.0 0.0 0.0 0.0 1.0 0.0 0.0
41 36 35 0.0 0.0 0.0 0.0 1.0 0.0 0.0
41 36 36 0.0 0.0 1.0 37.0 352.0 6.0 0.0
41 36 37 0.0 0.0 28.0 335.0 2656.0 64.0 13.0
41 36 38 0.0 4.0 11.0 1353.0 8900.0 165.0 180.0
41 36 39 0.0 35.0 48.0 2657.0 14975.0 267.0 597.0
41 36 40 0.0 16.0 53.0 2854.0 17624.0 321.0 812.0
41 36 41 0.0 9.0 51.0 2562.0 14178.0 232.0 504.0
41 36 42 0.0 4.0 37.0 1248.0 8427.0 158.0 182.0
41 36 43 0.0 2.0 5.0 404.0 2546.0 60.0 12.0
41 36 44 0.0 0.0 0.0 24.0 339.0 7.0 0.0
41 36 45 0.0 0.0 0.0 0.0 1.0 0.0 0.0
41 37 35 0.0 0.0 0.0 3.0 18.0 0.0 0.0
41 37 36 0.0 1.0 5.0 291.0 2870.0 47.0 13.0
41 37 37 0.0 28.0 62.0 3326.0 25884.0 454.0 2332.0
41 37 38 0.0 26.0 155.0 5727.0 46000.0 598.0 13820.0
41 37 39 0.0 51.0 152.0 7237.0 49143.0 530.0 27471.0
41 37 40 0.0 102.0 144.0 8345.0 48100.0 541.0 31738.0
41 37 41 0.0 81.0 176.0 8122.0 48054.0 627.0 26767.0
41 37 42 0.0 119.0 145.0 7299.0 43255.0 601.0 12781.0
41 37 43 0.0 8.0 91.0 2811.0 25180.0 414.0 2063.0
41 37 44 0.0 1.0 13.0 281.0 2584.0 45.0 10.0
41 37 45 0.0 0.0 0.0 0.0 29.0 1.0 0.0
41 38 35 0.0 0.0 0.0 13.0 75.0 1.0 0.0
41 38 36 0.0 11.0 27.0 808.0 8854.0 163.0 176.0
41 38 37 0.0 27.0 155.0 4718.0 46812.0 609.0 13156.0
41 38 38 0.0 30.0 136.0 4660.0 42993.0 419.0 57871.0
41 38 39 0.0 35.0 106.0 4990.0 33164.0 283.0 81491.0
41 38 40 0.0 39.0 110.0 4950.0 30017.0 223.0 88627.0
41 38 41 0.0 45.0 158.0 5622.0 32385.0 252.0 81993.0
41 38 42 0.0 30.0 147.0 4774.0 41876.0 388.0 58964.0
41 38 43 0.0 38.0 245.0 4834.0 45983.0 637.0 12840.0
41 38 44 0.0 18.0 18.0 1068.0 8073.0 170.0 134.0
41 38 45 0.0 0.0 0.0 7.0 92.0 2.0 0.0
41 39 35 0.0 0.0 0.0 10.0 171.0 2.0 0.0
41 39 36 0.0 4.0 50.0 1296.0 15362.0 276.0 569.0
41 39 37 0.0 41.0 179.0 4522.0 51590.0 519.0 27206.0
41 39 38 0.0 27.0 155.0 3578.0 34221.0 285.0 81857.0
41 39 39 0.0 20.0 86.0 2338.0 20066.0 117.0 120877.0
41 39 40 0.0 14.0 98.0 2388.0 18078.0 98.0 125333.0
41 39 41 0.0 19.0 74.0 2584.0 19953.0 116.0 121238.0
41 39 42 0.0 42.0 161.0 4120.0 34545.0 277.0 81221.0
41 39 43 0.0 16.0 187.0 5754.0 51036.0 560.0 26364.0
41 39 44 0.0 12.0 64.0 1617.0 15097.0 293.0 493.0
41 39 45 0.0 0.0 3.0 24.0 186.0 2.0 1.0
41 39 46 0.0 0.0 0.0 0.0 1.0 0.0 0.0
41 40 35 0.0 0.0 1.0 18.0 290.0 3.0 0.0
41 40 36 0.0 11.0 48.0 1927.0 18273.0 307.0 827.0
41 40 37 0.0 32.0 176.0 4829.0 51531.0 545.0 31165.0
41 40 38 0.0 20.0 135.0 3037.0 31953.0 223.0 88376.0
41 40 39 0.0 26.0 101.0 1838.0 18195.0 76.0 128314.0
41 40 40 0.0 15.0 93.0 1790.0 15613.0 76.0 133598.0
41 40 41 0.0 14.0 111.0 2065.0 18371.0 97.0 126623.0
41 40 42 0.0 26.0 192.0 3608.0 32023.0 255.0 87489.0
41 40 43 0.0 32.0 197.0 5682.0 50766.0 561.0 31190.0
41 40 44 0.0 10.0 92.0 2078.0 18022.0 299.0 769.0
41 40 45 0.0 2.0 0.0 17.0 211.0 5.0 0.0
41 41 35 0.0 0.0 1.0 18.0 206.0 3.0 0.0
41 41 36 0.0 1.0 57.0 1490.0 14755.0 267.0 457.0
41 41 37 0.0 38.0 210.0 4816.0 51785.0 600.0 26256.0
41 41 38 0.0 18.0 149.0 3402.0 35196.0 251.0 80325.0
41 41 39 0.0 13.0 103.0 2099.0 20754.0 109.0 120580.0
41 41 40 0.0 15.0 110.0 2016.0 18417.0 96.0 126305.0
41 41 41 0.0 15.0 128.0 2129.0 20161.0 101.0 122526.0
41 41 42 0.0 26.0 215.0 3713.0 34766.0 253.0 80988.0
41 41 43 0.0 37.0 177.0 5358.0 51090.0 612.0 25999.0
41 41 44 0.0 8.0 54.0 1702.0 15149.0 256.0 527.0
41 41 45 0.0 0.0 0.0 19.0 171.0 4.0 0.0
41 42 35 0.0 0.0 0.0 6.0 100.0 0.0 0.0
41 42 36 0.0 1.0 36.0 706.0 8641.0 137.0 136.0
41 42 37 0.0 22.0 214.0 3835.0 46515.0 625.0 13058.0
41 42 38 0.0 45.0 185.0 4475.0 42383.0 369.0 58747.0
41 42 39 0.0 26.0 169.0 3602.0 35088.0 299.0 80432.0
41 42 40 0.0 26.0 178.0 3215.0 31865.0 243.0 88466.0
41 42 41 0.0 34.0 196.0 3875.0 34595.0 275.0 81000.0
41 42 42 0.0 24.0 258.0 4225.0 42270.0 422.0 59291.0
41 42 43 0.0 29.0 176.0 5062.0 46280.0 637.0 13345.0
41 42 44 0.0 0.0 17.0 817.0 8632.0 144.0 155.0
41 42 45 0.0 0.0 0.0 4.0 87.0 1.0 0.0
41 43 35 0.0 0.0 0.0 2.0 24.0 0.0 0.0
41 43 36 0.0 0.0 9.0 266.0 2584.0 49.0 5.0
41 43 37 0.0 33.0 41.0 2417.0 25039.0 391.0 2010.0
41 43 38 0.0 39.0 193.0 4863.0 45572.0 600.0 13170.0
41 43 39 0.0 58.0 209.0 4974.0 51604.0 588.0 25731.0
41 43 40 0.0 43.0 244.0 5516.0 51333.0 588.0 30563.0
41 43 41 0.0 14.0 283.0 5103.0 50898.0 571.0 26718.0
41 43 42 0.0 8.0 158.0 4370.0 46557.0 634.0 12882.0
41 43 43 0.0 1.0 88.0 2267.0 26711.0 413.0 2384.0
41 43 44 0.0 4.0 21.0 365.0 2688.0 39.0 12.0
41 43 45 0.0 0.0 0.0 3.0 10.0 0.0 0.0
41 44 35 0.0 0.0 0.0 0.0 3.0 0.0 0.0
41 44 36 0.0 0.0 1.0 30.0 253.0 8.0 0.0
41 44 37 0.0 0.0 5.0 230.0 2598.0 59.0 8.0
41 44 38 0.0 3.0 23.0 862.0 7939.0 146.0 150.0
41 44 39 0.0 12.0 59.0 1397.0 13867.0 235.0 448.0
41 44 40 0.0 11.0 93.0 1754.0 17625.0 287.0 802.0
41 44 41 0.0 3.0 84.0 1608.0 15069.0 258.0 514.0
41 44 42 0.0 2.0 47.0 1129.0 8458.0 145.0 161.0
41 44 43 0.0 1.0 8.0 257.0 2943.0 48.0 17.0
41 44 44 0.0 0.0 0.0 18.0 322.0 5.0 0.0
41 44 45 0.0 0.0 0.0 0.0 2.0 0.0 0.0
41 45 36 0.0 0.0 0.0 0.0 3.0 0.0 0.0
41 45 37 0.0 0.0 0.0 1.0 12.0 0.0 0.0
41 45 38 0.0 0.0 0.0 12.0 89.0 0.0 0.0
41 45 39 0.0 0.0 0.0 23.0 164.0 5.0 0.0
41 45 40 0.0 0.0 1.0 25.0 181.0 5.0 0.0
41 45 41 0.0 0.0 1.0 13.0 195.0 1.0 0.0
41 45 42 0.0 0.0 3.0 5.0 104.0 4.0 0.0
41 45 43 0.0 0.0 0.0 2.0 15.0 0.0 0.0
41 45 44 0.0 0.0 0.0 1.0 2.0 0.0 0.0
42 35 36 0.0 0.0 0.0 0.0 1.0 0.0 0.0
42 35 37 0.0 0.0 0.0 1.0 13.0 0.0 0.0
42 35 38 0.0 0.0 0.0 4.0 54.0 0.0 0.0
42 35 39 0.0 0.0 0.0 20.0 95.0 0.0 0.0
42 35 40 0.0 1.0 0.0 21.0 108.0 3.0 0.0
42 35 41 0.0 0.0 0.0 12.0 90.0 3.0 0.0
42 35 42 0.0 0.0 0.0 8.0 38.0 0.0 0.0
42 35 43 0.0 0.0 0.0 0.0 9.0 0.0 0.0
42 35 44 0.0 0.0 0.0 0.0 2.0 0.0 0.0
42 36 36 0.0 0.0 0.0 27.0 145.0 1.0 0.0
42 36 37 0.0 4.0 5.0 164.0 1450.0 14.0 2.0
42 36 38 0.0 6.0 4.0 672.0 4574.0 93.0 43.0
42 36 39 0.0 9.0 24.0 1339.0 8384.0 163.0 144.0
42 36 40 0.0 14.0 35.0 1481.0 9878.0 159.0 228.0
42 36 41 0.0 21.0 15.0 1506.0 7739.0 139.0 141.0
42 36 42 0.0 3.0 15.0 813.0 4396.0 87.0 38.0
42 36 43 0.0 6.0 4.0 194.0 1202.0 19.0 1.0
42 36 44 0.0 2.0 1.0 12.0 174.0 2.0 0.0
42 36 45 0.0 0.0 0.0 0.0 1.0 0.0 0.0
42 37 35 0.0 0.0 0.0 6.0 15.0 0.0 0.0
42 37 36 0.0 0.0 2.0 139.0 1372.0 28.0 4.0
42 37 37 0.0 20.0 35.0 1530.0 16143.0 255.0 674.0
42 37 38 0.0 38.0 38.0 4645.0 34559.0 511.0 5175.0
42 37 39 0.0 116.0 169.0 6615.0 43910.0 601.0 12950.0
42 37 40 0.0 89.0 138.0 8224.0 44652.0 639.0 16767.0
42 37 41 0.0 53.0 144.0 7270.0 43804.0 552.0 13373.0
42 37 42 0.0 41.0 183.0 5279.0 35055.0 514.0 5846.0
42 37 43 0.0 10.0 81.0 1835.0 15769.0 277.0 671.0
42 37 44 0.0 0.0 3.0 153.0 1372.0 24.0 5.0
42 37 45 0.0 0.0 0.0 3.0 10.0 0.0 0.0
42 38 35 0.0 0.0 0.0 3.0 34.0 0.0 0.0
42 38 36 0.0 0.0 5.0 400.0 4576.0 95.0 39.0
42 38 37 0.0 24.0 79.0 3332.0 37448.0 554.0 5921.0
42 38 38 0.0 84.0 128.0 5806.0 46557.0 465.0 38808.0
42 38 39 0.0 74.0 170.0 5807.0 42331.0 427.0 56103.0
42 38 40 0.0 45.0 127.0 5328.0 39698.0 371.0 63376.0
42 38 41 0.0 34.0 133.0 5579.0 41635.0 390.0 57386.0
42 38 42 0.0 26.0 212.0 5298.0 47422.0 512.0 37759.0
42 38 43 0.0 14.0 140.0 3773.0 35884.0 545.0 5598.0
42 38 44 0.0 0.0 15.0 464.0 4379.0 68.0 28.0
42 38 45 0.0 0.0 0.0 2.0 26.0 0.0 0.0
42 39 35 0.0 0.0 0.0 4.0 83.0 0.0 0.0
42 39 36 0.0 10.0 24.0 705.0 8765.0 173.0 151.0
42 39 37 0.0 26.0 116.0 4253.0 46792.0 604.0 13215.0
42 39 38 0.0 48.0 149.0 4158.0 41952.0 374.0 59487.0
42 39 39 0.0 31.0 129.0 3714.0 34877.0 281.0 80661.0
42 39 40 0.0 27.0 146.0 3592.0 31717.0 238.0 87793.0
42 39 41 0.0 38.0 167.0 4312.0 34428.0 277.0 80013.0
42 39 42 0.0 43.0 131.0 5002.0 41661.0 385.0 58630.0
42 39 43 0.0 30.0 158.0 4417.0 46125.0 609.0 13186.0
42 39 44 0.0 4.0 24.0 799.0 8504.0 151.0 136.0
42 39 45 0.0 0.0 0.0 6.0 96.0 2.0 0.0
42 40 35 0.0 0.0 0.0 11.0 77.0 0.0 0.0
42 40 36 0.0 4.0 59.0 900.0 10712.0 194.0 238.0
42 40 37 0.0 18.0 164.0 4240.0 49111.0 629.0 16854.0
42 40 38 0.0 15.0 175.0 3537.0 40219.0 327.0 65898.0
42 40 39 0.0 19.0 171.0 3196.0 32701.0 264.0 87467.0
42 40 40 0.0 18.0 175.0 2914.0 29116.0 189.0 95207.0
42 40 41 0.0 17.0 191.0 3539.0 31922.0 222.0 87716.0
42 40 42 0.0 32.0 190.0 4019.0 39638.0 349.0 65998.0
42 40 43 0.0 29.0 166.0 5210.0 47943.0 574.0 16000.0
42 40 44 0.0 1.0 39.0 1047.0 10231.0 180.0 194.0
42 40 45 0.0 0.0 0.0 4.0 110.0 1.0 0.0
42 41 35 0.0 0.0 0.0 7.0 68.0 1.0 0.0
42 41 36 0.0 11.0 30.0 782.0 8274.0 144.0 145.0
42 41 37 0.0 24.0 191.0 3508.0 47254.0 572.0 12553.0
42 41 38 0.0 19.0 248.0 3401.0 43173.0 368.0 58888.0
42 41 39 0.0 24.0 203.0 3076.0 34960.0 253.0 81768.0
42 41 40 0.0 35.0 184.0 3044.0 31905.0 253.0 88270.0
42 41 41 0.0 16.0 209.0 3298.0 34816.0 281.0 82418.0
42 41 42 0.0 29.0 171.0 4036.0 42128.0 398.0 58858.0
42 41 43 0.0 18.0 135.0 4238.0 46422.0 603.0 13221.0
42 41 44 0.0 3.0 36.0 955.0 8375.0 152.0 162.0
42 41 45 0.0 0.0 0.0 7.0 70.0 3.0 0.0
42 42 35 0.0 0.0 0.0 4.0 39.0 0.0 0.0
42 42 36 0.0 0.0 18.0 403.0 4520.0 77.0 33.0
42 42 37 0.0 22.0 112.0 3379.0 35531.0 529.0 5319.0
42 42 38 0.0 40.0 167.0 4763.0 48411.0 479.0 37001.0
42 42 39 0.0 18.0 193.0 4108.0 44098.0 422.0 55758.0
42 42 40 0.0 8.0 217.0 3625.0 39355.0 340.0 67210.0
42 42 41 0.0 36.0 248.0 4136.0 42482.0 381.0 59005.0
42 42 42 0.0 18.0 152.0 3711.0 48158.0 506.0 40435.0
42 42 43 0.0 10.0 114.0 3237.0 37291.0 502.0 5938.0
42 42 44 0.0 4.0 30.0 419.0 4602.0 88.0 45.0
42 42 45 0.0 0.0 0.0 6.0 44.0 0.0 0.0
42 43 35 0.0 0.0 0.0 1.0 7.0 0.0 0.0
42 43 36 0.0 0.0 5.0 114.0 1416.0 33.0 3.0
42 43 37 0.0 8.0 53.0 1662.0 15095.0 277.0 618.0
42 43 38 0.0 24.0 92.0 3016.0 35414.0 499.0 4823.0
42 43 39 0.0 16.0 137.0 4116.0 46580.0 628.0 12669.0
42 43 40 0.0 9.0 225.0 4556.0 48498.0 608.0 15727.0
42 43 41 0.0 34.0 160.0 4664.0 47183.0 607.0 13756.0
42 43 42 0.0 24.0 147.0 3276.0 36362.0 525.0 5491.0
42 43 43 0.0 4.0 56.0 1512.0 15990.0 250.0 709.0
42 43 44 0.0 3.0 2.0 149.0 1409.0 26.0 1.0
42 43 45 0.0 0.0 0.0 0.0 12.0 0.0 0.0
42 44 36 0.0 0.0 0.0 5.0 125.0 1.0 0.0
42 44 37 0.0 3.0 2.0 113.0 1132.0 23.0 1.0
42 44 38 0.0 1.0 19.0 436.0 4372.0 90.0 34.0
42 44 39 0.0 8.0 28.0 756.0 8466.0 134.0 137.0
42 44 40 0.0 4.0 32.0 900.0 10343.0 180.0 209.0
42 44 41 0.0 0.0 24.0 755.0 8417.0 140.0 120.0
42 44 42 0.0 0.0 14.0 406.0 4664.0 80.0 33.0
42 44 43 0.0 0.0 5.0 107.0 1291.0 28.0 2.0
42 44 44 0.0 0.0 0.0 19.0 152.0 2.0 0.0
42 44 45 0.0 0.0 0.0 0.0 4.0 0.0 0.0
42 45 37 0.0 0.0 0.0 1.0 4.0 0.0 0.0
42 45 38 0.0 0.0 0.0 12.0 45.0 1.0 0.0
42 45 39 0.0 0.0 0.0 9.0 97.0 3.0 0.0
42 45 40 0.0 0.0 0.0 11.0 96.0 0.0 0.0
42 45 41 0.0 0.0 0.0 9.0 105.0 4.0 0.0
42 45 42 0.0 0.0 0.0 4.0 43.0 0.0 0.0
42 45 43 0.0 0.0 0.0 2.0 2.0 0.0 0.0
43 35 37 0.0 0.0 0.0 0.0 1.0 0.0 0.0
43 35 38 0.0 0.0 0.0 0.0 9.0 0.0 0.0
43 35 39 0.0 0.0 0.0 0.0 23.0 0.0 0.0
43 35 40 0.0 0.0 0.0 8.0 20.0 0.0 0.0
43 35 41 0.0 0.0 0.0 1.0 20.0 0.0 0.0
43 35 42 0.0 0.0 0.0 0.0 12.0 0.0 0.0
43 35 43 0.0 0.0 0.0 0.0 1.0 0.0 0.0
43 36 36 0.0 0.0 0.0 2.0 36.0 1.0 0.0
43 36 37 0.0 0.0 4.0 46.0 348.0 6.0 0.0
43 36 38 0.0 5.0 8.0 221.0 1143.0 20.0 2.0
43 36 39 0.0 5.0 5.0 379.0 2562.0 55.0 14.0
43 36 40 0.0 4.0 5.0 507.0 3110.0 63.0 13.0
43 36 41 0.0 2.0 11.0 350.0 2442.0 54.0 7.0
43 36 42 0.0 0.0 9.0 249.0 1352.0 22.0 1.0
43 36 43 0.0 0.0 1.0 73.0 365.0 4.0 1.0
43 36 44 0.0 0.0 0.0 4.0 53.0 1.0 1.0
43 37 36 0.0 0.0 0.0 34.0 415.0 6.0 0.0
43 37 37 0.0 1.0 1.0 527.0 4965.0 82.0 49.0
43 37 38 0.0 24.0 54.0 1751.0 13774.0 243.0 518.0
43 37 39 0.0 16.0 69.0 2832.0 24203.0 385.0 2033.0
43 37 40 0.0 21.0 90.0 2983.0 27911.0 380.0 2782.0
43 37 41 0.0 6.0 62.0 3059.0 24370.0 415.0 1998.0
43 37 42 0.0 3.0 27.0 1432.0 15230.0 268.0 651.0
43 37 43 0.0 1.0 13.0 472.0 5059.0 105.0 57.0
43 37 44 0.0 0.0 0.0 37.0 364.0 10.0 0.0
43 37 45 0.0 0.0 0.0 1.0 3.0 0.0 0.0
43 38 35 0.0 0.0 0.0 2.0 12.0 0.0 0.0
43 38 36 0.0 0.0 5.0 127.0 1379.0 21.0 3.0
43 38 37 0.0 38.0 41.0 1563.0 16783.0 304.0 807.0
43 38 38 0.0 29.0 87.0 3335.0 36091.0 492.0 5560.0
43 38 39 0.0 40.0 142.0 4624.0 45367.0 587.0 11864.0
43 38 40 0.0 46.0 153.0 5113.0 47808.0 628.0 15588.0
43 38 41 0.0 34.0 162.0 5325.0 44983.0 578.0 12054.0
43 38 42 0.0 68.0 87.0 4036.0 35344.0 535.0 5248.0
43 38 43 0.0 19.0 57.0 1756.0 14664.0 275.0 575.0
43 38 44 0.0 0.0 6.0 153.0 1320.0 26.0 1.0
43 38 45 0.0 0.0 0.0 1.0 13.0 1.0 0.0
43 39 35 0.0 0.0 0.0 0.0 13.0 0.0 0.0
43 39 36 0.0 0.0 12.0 260.0 2636.0 51.0 11.0
43 39 37 0.0 7.0 81.0 2103.0 27401.0 445.0 2469.0
43 39 38 0.0 28.0 115.0 4556.0 46875.0 620.0 13039.0
43 39 39 0.0 39.0 203.0 5187.0 50488.0 552.0 26091.0
43 39 40 0.0 33.0 202.0 5094.0 51864.0 572.0 30329.0
43 39 41 0.0 38.0 211.0 5248.0 50951.0 555.0 25576.0
43 39 42 0.0 19.0 169.0 5090.0 45631.0 583.0 12826.0
43 39 43 0.0 12.0 83.0 2531.0 26520.0 400.0 2334.0
43 39 44 0.0 2.0 3.0 386.0 2672.0 66.0 19.0
43 39 45 0.0 0.0 0.0 0.0 15.0 1.0 0.0
43 40 35 0.0 0.0 0.0 5.0 34.0 2.0 0.0
43 40 36 0.0 0.0 23.0 274.0 3534.0 81.0 14.0
43 40 37 0.0 2.0 180.0 2167.0 30629.0 457.0 3155.0
43 40 38 0.0 17.0 176.0 4511.0 48839.0 618.0 16804.0
43 40 39 0.0 23.0 206.0 4719.0 51663.0 540.0 31235.0
43 40 40 0.0 15.0 239.0 4452.0 51362.0 522.0 36128.0
43 40 41 0.0 8.0 245.0 4911.0 51027.0 549.0 31380.0
43 40 42 0.0 46.0 173.0 4996.0 48289.0 610.0 16598.0
43 40 43 0.0 23.0 111.0 3012.0 30234.0 473.0 3240.0
43 40 44 0.0 1.0 6.0 324.0 3387.0 62.0 17.0
43 40 45 0.0 0.0 0.0 2.0 17.0 0.0 0.0
43 41 35 0.0 0.0 0.0 0.0 24.0 1.0 0.0
43 41 36 0.0 0.0 1.0 213.0 2528.0 53.0 8.0
43 41 37 0.0 11.0 143.0 1917.0 26253.0 439.0 2193.0
43 41 38 0.0 10.0 201.0 3428.0 47299.0 603.0 12678.0
43 41 39 0.0 14.0 249.0 4678.0 51711.0 580.0 26616.0
43 41 40 0.0 26.0 238.0 4368.0 52008.0 543.0 30498.0
43 41 41 0.0 45.0 206.0 4726.0 51350.0 502.0 26393.0
43 41 42 0.0 25.0 193.0 3893.0 47424.0 633.0 13229.0
43 41 43 0.0 1.0 83.0 2388.0 27351.0 435.0 2508.0
43 41 44 0.0 0.0 11.0 286.0 2693.0 45.0 9.0
43 41 45 0.0 0.0 0.0 1.0 35.0 1.0 0.0
43 42 35 0.0 0.0 0.0 1.0 7.0 0.0 0.0
43 42 36 0.0 0.0 1.0 122.0 1275.0 28.0 4.0
43 42 37 0.0 5.0 76.0 1139.0 15774.0 251.0 629.0
43 42 38 0.0 10.0 159.0 3008.0 36257.0 518.0 5333.0
43 42 39 0.0 22.0 223.0 4185.0 46677.0 571.0 13121.0
43 42 40 0.0 25.0 192.0 4092.0 49074.0 604.0 16919.0
43 42 41 0.0 59.0 281.0 4473.0 46882.0 581.0 13586.0
43 42 42 0.0 10.0 180.0 2938.0 37884.0 595.0 5942.0
43 42 43 0.0 89.0 56.0 1573.0 16605.0 261.0 811.0
43 42 44 0.0 13.0 2.0 149.0 1422.0 29.0 2.0
43 42 45 0.0 0.0 0.0 7.0 11.0 0.0 0.0
43 43 36 0.0 0.0 0.0 23.0 391.0 6.0 0.0
43 43 37 0.0 0.0 13.0 483.0 4693.0 85.0 50.0
43 43 38 0.0 10.0 30.0 1474.0 14420.0 240.0 564.0
43 43 39 0.0 16.0 102.0 2280.0 25671.0 395.0 2132.0
43 43 40 0.0 4.0 121.0 2539.0 30599.0 480.0 3285.0
43 43 41 0.0 2.0 131.0 2237.0 27132.0 407.0 2443.0
43 43 42 0.0 9.0 56.0 1302.0 16561.0 282.0 783.0
43 43 43 0.0 37.0 16.0 521.0 5402.0 106.0 58.0
43 43 44 0.0 0.0 6.0 31.0 431.0 6.0 0.0
43 43 45 0.0 0.0 0.0 1.0 1.0 0.0 0.0
43 44 36 0.0 0.0 0.0 1.0 23.0 0.0 0.0
43 44 37 0.0 0.0 0.0 32.0 321.0 6.0 0.0
43 44 38 0.0 0.0 4.0 96.0 1201.0 22.0 2.0
43 44 39 0.0 0.0 13.0 361.0 2526.0 56.0 17.0
43 44 40 0.0 0.0 19.0 268.0 3240.0 56.0 18.0
43 44 41 0.0 0.0 17.0 210.0 2713.0 45.0 11.0
43 44 42 0.0 0.0 7.0 135.0 1293.0 20.0 4.0
43 44 43 0.0 0.0 5.0 36.0 372.0 8.0 1.0
43 44 44 0.0 0.0 0.0 8.0 27.0 1.0 0.0
43 44 45 0.0 0.0 0.0 0.0 1.0 0.0 0.0
43 45 38 0.0 0.0 0.0 0.0 10.0 0.0 0.0
43 45 39 0.0 0.0 0.0 0.0 22.0 0.0 0.0
43 45 40 0.0 0.0 0.0 1.0 14.0 0.0 0.0
43 45 41 0.0 0.0 0.0 5.0 20.0 1.0 0.0
43 45 42 0.0 0.0 0.0 4.0 10.0 0.0 0.0
43 45 43 0.0 0.0 0.0 0.0 4.0 0.0 0.0
44 35 40 0.0 0.0 0.0 0.0 1.0 0.0 0.0
44 35 41 0.0 0.0 0.0 0.0 1.0 0.0 0.0
44 36 36 0.0 0.0 0.0 0.0 2.0 0.0 0.0
44 36 37 0.0 0.0 0.0 3.0 15.0 0.0 0.0
44 36 38 0.0 0.0 0.0 8.0 88.0 1.0 0.0
44 36 39 0.0 0.0 2.0 26.0 244.0 4.0 0.0
44 36 40 0.0 0.0 4.0 34.0 352.0 7.0 0.0
44 36 41 0.0 0.0 1.0 34.0 274.0 2.0 1.0
44 36 42 0.0 0.0 1.0 8.0 104.0 3.0 0.0
44 36 43 0.0 0.0 0.0 4.0 27.0 0.0 0.0
44 36 44 0.0 0.0 0.0 0.0 1.0 0.0 0.0
44 37 36 0.0 0.0 0.0 2.0 48.0 1.0 0.0
44 37 37 0.0 0.0 0.0 43.0 338.0 7.0 1.0
44 37 38 0.0 1.0 4.0 86.0 1329.0 19.0 0.0
44 37 39 0.0 0.0 4.0 209.0 2444.0 48.0 11.0
44 37 40 0.0 0.0 21.0 300.0 2958.0 57.0 16.0
44 37 41 0.0 1.0 10.0 274.0 2685.0 50.0 13.0
44 37 42 0.0 2.0 8.0 131.0 1256.0 28.0 7.0
44 37 43 0.0 0.0 0.0 27.0 320.0 4.0 0.0
44 37 44 0.0 0.0 0.0 4.0 29.0 0.0 0.0
44 38 36 0.0 0.0 0.0 13.0 157.0 3.0 0.0
44 38 37 0.0 0.0 9.0 100.0 1483.0 25.0 2.0
44 38 38 0.0 3.0 12.0 468.0 4487.0 86.0 38.0
44 38 39 0.0 3.0 27.0 764.0 7835.0 138.0 114.0
44 38 40 0.0 2.0 82.0 1065.0 9742.0 189.0 214.0
44 38 41 0.0 0.0 25.0 770.0 8240.0 141.0 138.0
44 38 42 0.0 0.0 19.0 460.0 4324.0 82.0 37.0
44 38 43 0.0 2.0 2.0 135.0 1279.0 17.0 6.0
44 38 44 0.0 0.0 2.0 21.0 111.0 4.0 0.0
44 38 45 0.0 0.0 0.0 0.0 3.0 0.0 0.0
44 39 35 0.0 0.0 0.0 0.0 3.0 0.0 0.0
44 39 36 0.0 0.0 1.0 28.0 302.0 4.0 0.0
44 39 37 0.0 0.0 22.0 251.0 2751.0 67.0 9.0
44 39 38 0.0 5.0 21.0 722.0 8421.0 145.0 146.0
44 39 39 0.0 14.0 64.0 1578.0 14703.0 240.0 500.0
44 39 40 0.0 4.0 82.0 1560.0 17631.0 268.0 721.0
44 39 41 0.0 3.0 46.0 1446.0 14653.0 266.0 473.0
44 39 42 0.0 7.0 30.0 957.0 8738.0 170.0 164.0
44 39 43 0.0 0.0 13.0 375.0 2986.0 32.0 14.0
44 39 44 0.0 0.0 9.0 19.0 303.0 5.0 0.0
44 39 45 0.0 0.0 0.0 0.0 2.0 0.0 0.0
44 40 35 0.0 0.0 0.0 0.0 2.0 0.0 0.0
44 40 36 0.0 0.0 1.0 33.0 461.0 8.0 1.0
44 40 37 0.0 1.0 5.0 236.0 3361.0 71.0 15.0
44 40 38 0.0 3.0 50.0 831.0 10374.0 163.0 208.0
44 40 39 0.0 7.0 71.0 1480.0 18218.0 300.0 788.0
44 40 40 0.0 11.0 76.0 1799.0 21572.0 351.0 1167.0
44 40 41 0.0 3.0 90.0 1606.0 18144.0 317.0 775.0
44 40 42 0.0 8.0 31.0 928.0 9769.0 177.0 215.0
44 40 43 0.0 1.0 13.0 305.0 3210.0 59.0 17.0
44 40 44 0.0 0.0 0.0 37.0 427.0 5.0 0.0
44 40 45 0.0 0.0 0.0 0.0 2.0 0.0 0.0
44 41 35 0.0 0.0 0.0 0.0 4.0 0.0 0.0
44 41 36 0.0 0.0 0.0 24.0 308.0 6.0 0.0
44 41 37 0.0 0.0 4.0 247.0 2706.0 43.0 10.0
44 41 38 0.0 9.0 25.0 728.0 8524.0 128.0 113.0
44 41 39 0.0 0.0 52.0 1360.0 15199.0 267.0 493.0
44 41 40 0.0 7.0 67.0 1695.0 18665.0 336.0 786.0
44 41 41 0.0 16.0 59.0 1220.0 15270.0 275.0 535.0
44 41 42 0.0 1.0 36.0 944.0 8811.0 181.0 185.0
44 41 43 0.0 2.0 11.0 206.0 2818.0 57.0 10.0
44 41 44 0.0 0.0 0.0 33.0 336.0 3.0 0.0
44 41 45 0.0 0.0 0.0 0.0 4.0 0.0 0.0
44 42 36 0.0 0.0 0.0 3.0 153.0 0.0 0.0
44 42 37 0.0 0.0 2.0 117.0 1413.0 30.0 5.0
44 42 38 0.0 8.0 20.0 414.0 4581.0 81.0 31.0
44 42 39 0.0 0.0 49.0 619.0 8476.0 154.0 125.0
44 42 40 0.0 1.0 33.0 1013.0 10614.0 174.0 219.0
44 42 41 0.0 0.0 29.0 743.0 8685.0 145.0 157.0
44 42 42 0.0 3.0 18.0 339.0 4698.0 77.0 32.0
44 42 43 0.0 1.0 4.0 110.0 1434.0 27.0 3.0
44 42 44 0.0 0.0 3.0 34.0 158.0 3.0 0.0
44 43 36 0.0 0.0 0.0 0.0 33.0 0.0 0.0
44 43 37 0.0 0.0 1.0 44.0 387.0 7.0 0.0
44 43 38 0.0 0.0 23.0 97.0 1416.0 23.0 2.0
44 43 39 0.0 0.0 17.0 206.0 3040.0 46.0 10.0
44 43 40 0.0 0.0 20.0 259.0 3559.0 64.0 17.0
44 43 41 0.0 0.0 6.0 257.0 2960.0 45.0 17.0
44 43 42 0.0 0.0 9.0 127.0 1501.0 20.0 3.0
44 43 43 0.0 0.0 7.0 23.0 423.0 5.0 0.0
44 43 44 0.0 0.0 0.0 4.0 36.0 0.0 0.0
44 44 36 0.0 0.0 0.0 0.0 1.0 0.0 0.0
44 44 37 0.0 0.0 0.0 8.0 16.0 1.0 0.0
44 44 38 0.0 0.0 0.0 21.0 134.0 6.0 0.0
44 44 39 0.0 0.0 0.0 26.0 284.0 11.0 0.0
44 44 40 0.0 0.0 3.0 9.0 440.0 10.0 1.0
44 44 41 0.0 0.0 0.0 31.0 372.0 6.0 0.0
44 44 42 0.0 0.0 2.0 9.0 221.0 2.0 1.0
44 44 43 0.0 0.0 0.0 7.0 27.0 0.0 0.0
44 44 44 0.0 0.0 0.0 0.0 3.0 0.0 0.0
44 45 40 0.0 0.0 0.0 0.0 2.0 0.0 0.0
44 45 41 0.0 0.0 0.0 0.0 4.0 0.0 0.0
45 36 37 0.0 0.0 0.0 0.0 1.0 0.0 0.0
45 36 39 0.0 0.0 0.0 0.0 1.0 0.0 0.0
45 36 40 0.0 0.0 0.0 0.0 2.0 0.0 0.0
45 36 41 0.0 0.0 0.0 1.0 2.0 0.0 0.0
45 37 37 0.0 0.0 0.0 0.0 7.0 0.0 0.0
45 37 38 0.0 0.0 0.0 2.0 10.0 0.0 0.0
45 37 39 0.0 0.0 0.0 0.0 10.0 0.0 0.0
45 37 40 0.0 0.0 0.0 0.0 11.0 0.0 0.0
45 37 41 0.0 0.0 0.0 0.0 23.0 0.0 0.0
45 37 42 0.0 0.0 0.0 0.0 13.0 1.0 0.0
45 37 43 0.0 0.0 0.0 0.0 2.0 0.0 0.0
45 38 37 0.0 0.0 0.0 1.0 7.0 0.0 0.0
45 38 38 0.0 0.0 0.0 2.0 48.0 2.0 0.0
45 38 39 0.0 0.0 0.0 6.0 66.0 0.0 0.0
45 38 40 0.0 0.0 0.0 12.0 112.0 4.0 0.0
45 38 41 0.0 0.0 0.0 8.0 104.0 1.0 0.0
45 38 42 0.0 0.0 0.0 3.0 32.0 0.0 0.0
45 38 43 0.0 0.0 0.0 1.0 3.0 0.0 0.0
45 38 44 0.0 0.0 0.0 0.0 1.0 0.0 0.0
45 39 37 0.0 0.0 0.0 1.0 11.0 0.0 0.0
45 39 38 0.0 0.0 1.0 20.0 98.0 1.0 0.0
45 39 39 0.0 0.0 1.0 16.0 217.0 4.0 0.0
45 39 40 0.0 0.0 1.0 37.0 246.0 9.0 0.0
45 39 41 0.0 0.0 3.0 20.0 180.0 1.0 0.0
45 39 42 0.0 0.0 0.0 7.0 64.0 1.0 0.0
45 39 43 0.0 0.0 0.0 1.0 21.0 1.0 0.0
45 39 44 0.0 0.0 0.0 0.0 1.0 0.0 0.0
45 40 36 0.0 0.0 0.0 0.0 1.0 0.0 0.0
45 40 37 0.0 0.0 0.0 6.0 33.0 1.0 0.0
45 40 38 0.0 0.0 0.0 5.0 116.0 3.0 0.0
45 40 39 0.0 0.0 0.0 17.0 243.0 4.0 0.0
45 40 40 0.0 0.0 3.0 34.0 310.0 6.0 0.0
45 40 41 0.0 0.0 1.0 21.0 271.0 5.0 0.0
45 40 42 0.0 0.0 0.0 9.0 110.0 1.0 0.0
45 40 43 0.0 0.0 0.0 3.0 19.0 0.0 0.0
45 40 44 0.0 0.0 1.0 0.0 5.0 0.0 0.0
45 41 36 0.0 0.0 0.0 0.0 1.0 0.0 0.0
45 41 37 0.0 0.0 0.0 0.0 12.0 0.0 0.0
45 41 38 0.0 0.0 0.0 5.0 86.0 0.0 0.0
45 41 39 0.0 0.0 0.0 19.0 198.0 2.0 0.0
45 41 40 0.0 4.0 1.0 26.0 302.0 7.0 0.0
45 41 41 0.0 0.0 0.0 28.0 207.0 3.0 0.0
45 41 42 0.0 0.0 2.0 9.0 81.0 2.0 0.0
45 41 43 0.0 0.0 0.0 3.0 25.0 0.0 0.0
45 41 44 0.0 0.0 0.0 0.0 2.0 0.0 0.0
45 42 36 0.0 0.0 0.0 0.0 3.0 0.0 0.0
45 42 37 0.0 0.0 0.0 1.0 9.0 0.0 0.0
45 42 38 0.0 0.0 0.0 0.0 37.0 2.0 0.0
45 42 39 0.0 0.0 0.0 8.0 79.0 2.0 0.0
45 42 40 0.0 0.0 0.0 4.0 100.0 0.0 0.0
45 42 41 0.0 0.0 0.0 5.0 62.0 1.0 0.0
45 42 42 0.0 0.0 0.0 2.0 44.0 1.0 0.0
45 42 43 0.0 0.0 0.0 0.0 5.0 0.0 0.0
45 43 38 0.0 0.0 0.0 0.0 13.0 0.0 0.0
45 43 39 0.0 0.0 1.0 0.0 22.0 0.0 0.0
45 43 40 0.0 0.0 0.0 8.0 37.0 1.0 0.0
45 43 41 0.0 0.0 0.0 1.0 18.0 1.0 0.0
45 43 42 0.0 0.0 0.0 0.0 3.0 0.0 0.0
45 43 43 0.0 0.0 0.0 0.0 2.0 0.0 0.0
45 44 38 0.0 0.0 0.0 0.0 1.0 0.0 0.0
45 44 39 0.0 0.0 0.0 0.0 1.0 0.0 0.0
45 44 41 0.0 0.0 0.0 0.0 1.0 0.0 0.0
45 44 42 0.0 0.0 0.0 1.0 0.0 0.0 0.0
