33 38 38 0.0 0.0 0.0 0.0 1.0 0.0 0.0
33 38 41 0.0 0.0 0.0 1.0 2.0 0.0 0.0
33 38 42 0.0 0.0 0.0 0.0 1.0 0.0 0.0
33 39 37 0.0 0.0 0.0 0.0 1.0 0.0 0.0
33 39 38 0.0 0.0 0.0 0.0 3.0 0.0 0.0
33 39 39 0.0 0.0 0.0 0.0 4.0 0.0 0.0
33 39 40 0.0 0.0 0.0 0.0 7.0 1.0 0.0
33 39 41 0.0 0.0 0.0 1.0 9.0 0.0 0.0
33 39 42 0.0 0.0 0.0 0.0 1.0 0.0 0.0
33 40 37 0.0 0.0 0.0 0.0 3.0 0.0 0.0
33 40 38 0.0 0.0 0.0 0.0 4.0 0.0 0.0
33 40 39 0.0 0.0 0.0 0.0 2.0 0.0 0.0
33 40 40 0.0 0.0 0.0 0.0 17.0 1.0 0.0
33 40 41 0.0 0.0 0.0 0.0 5.0 1.0 0.0
33 40 42 0.0 0.0 0.0 0.0 3.0 0.0 0.0
33 40 43 0.0 0.0 0.0 0.0 1.0 0.0 0.0
33 41 38 0.0 0.0 0.0 2.0 4.0 1.0 0.0
33 41 39 0.0 0.0 0.0 0.0 5.0 0.0 0.0
33 41 40 0.0 0.0 0.0 2.0 5.0 0.0 0.0
33 41 41 0.0 0.0 0.0 2.0 2.0 0.0 0.0
33 41 43 0.0 0.0 0.0 0.0 1.0 0.0 0.0
33 42 39 0.0 0.0 0.0 0.0 3.0 0.0 0.0
33 42 40 0.0 0.0 0.0 0.0 4.0 0.0 0.0
33 42 41 0.0 0.0 0.0 0.0 4.0 0.0 0.0
33 42 42 0.0 0.0 0.0 0.0 2.0 0.0 0.0
33 43 40 0.0 0.0 0.0 0.0 1.0 0.0 0.0
33 43 41 0.0 0.0 0.0 0.0 1.0 0.0 0.0
34 35 37 0.0 0.0 0.0 0.0 1.0 0.0 0.0
34 35 38 0.0 0.0 0.0 0.0 1.0 0.0 0.0
34 35 39 0.0 0.0 0.0 0.0 4.0 0.0 0.0
34 35 40 0.0 0.0 0.0 0.0 14.0 0.0 0.0
34 35 41 0.0 0.0 0.0 0.0 4.0 0.0 0.0
34 35 43 0.0 0.0 0.0 1.0 0.0 0.0 0.0
34 35 44 0.0 0.0 0.0 1.0 0.0 0.0 0.0
34 36 36 0.0 0.0 0.0 0.0 2.0 0.0 0.0
34 36 37 0.0 0.0 0.0 2.0 33.0 0.0 0.0
34 36 38 0.0 0.0 0.0 11.0 49.0 1.0 0.0
34 36 39 0.0 0.0 0.0 13.0 129.0 3.0 0.0
34 36 40 0.0 0.0 0.0 19.0 130.0 4.0 0.0
34 36 41 0.0 0.0 0.0 18.0 108.0 0.0 0.0
34 36 42 0.0 0.0 0.0 1.0 59.0 1.0 0.0
34 36 43 0.0 0.0 0.0 0.0 19.0 0.0 0.0
34 36 44 0.0 0.0 0.0 0.0 2.0 0.0 0.0
34 37 35 0.0 0.0 0.0 0.0 1.0 0.0 0.0
34 37 36 0.0 0.0 0.0 0.0 20.0 0.0 0.0
34 37 37 0.0 0.0 1.0 10.0 133.0 3.0 0.0
34 37 38 0.0 0.0 0.0 25.0 348.0 8.0 0.0
34 37 39 0.0 0.0 0.0 60.0 577.0 15.0 0.0
34 37 40 0.0 0.0 0.0 74.0 799.0 16.0 0.0
34 37 41 0.0 0.0 0.0 61.0 572.0 7.0 1.0
34 37 42 0.0 0.0 0.0 40.0 330.0 7.0 0.0
34 37 43 0.0 0.0 0.0 7.0 116.0 2.0 0.0
34 37 44 0.0 0.0 0.0 0.0 24.0 2.0 0.0
34 38 35 0.0 0.0 0.0 0.0 4.0 0.0 0.0
34 38 36 0.0 0.0 0.0 15.0 65.0 0.0 0.0
34 38 37 0.0 0.0 0.0 30.0 346.0 0.0 0.0
34 38 38 0.0 0.0 6.0 91.0 1001.0 17.0 0.0
34 38 39 0.0 0.0 2.0 208.0 1756.0 42.0 1.0
34 38 40 0.0 0.0 0.0 183.0 2052.0 32.0 7.0
34 38 41 0.0 0.0 4.0 173.0 1677.0 23.0 3.0
34 38 42 0.0 0.0 0.0 91.0 972.0 18.0 0.0
34 38 43 0.0 0.0 1.0 40.0 314.0 7.0 0.0
34 38 44 0.0 0.0 0.0 2.0 32.0 0.0 0.0
34 39 35 0.0 0.0 0.0 0.0 4.0 0.0 0.0
34 39 36 0.0 0.0 0.0 15.0 101.0 1.0 0.0
34 39 37 0.0 0.0 0.0 55.0 645.0 15.0 0.0
34 39 38 0.0 0.0 3.0 189.0 1680.0 26.0 1.0
34 39 39 0.0 1.0 3.0 358.0 3107.0 72.0 11.0
34 39 40 0.0 0.0 6.0 502.0 3681.0 55.0 21.0
34 39 41 0.0 0.0 11.0 339.0 2855.0 44.0 9.0
34 39 42 0.0 0.0 1.0 137.0 1734.0 29.0 2.0
34 39 43 0.0 0.0 0.0 54.0 580.0 12.0 0.0
34 39 44 0.0 0.0 0.0 6.0 96.0 5.0 0.0
34 39 45 0.0 0.0 0.0 1.0 5.0 0.0 0.0
34 40 35 0.0 0.0 0.0 0.0 3.0 0.0 0.0
34 40 36 0.0 0.0 0.0 12.0 118.0 0.0 0.0
34 40 37 0.0 0.0 4.0 87.0 738.0 12.0 0.0
34 40 38 0.0 0.0 2.0 237.0 2008.0 38.0 8.0
34 40 39 0.0 3.0 4.0 442.0 3628.0 73.0 17.0
34 40 40 0.0 6.0 1.0 439.0 4128.0 75.0 23.0
34 40 41 0.0 2.0 2.0 382.0 3994.0 65.0 25.0
34 40 42 0.0 1.0 2.0 175.0 1948.0 35.0 2.0
34 40 43 0.0 0.0 3.0 48.0 787.0 14.0 1.0
34 40 44 0.0 0.0 0.0 19.0 138.0 4.0 0.0
34 40 45 0.0 0.0 0.0 5.0 2.0 0.0 0.0
34 41 35 0.0 0.0 0.0 1.0 9.0 0.0 0.0
34 41 36 0.0 0.0 0.0 7.0 91.0 1.0 0.0
34 41 37 0.0 0.0 0.0 67.0 661.0 8.0 0.0
34 41 38 0.0 0.0 2.0 167.0 1611.0 26.0 4.0
34 41 39 0.0 1.0 3.0 292.0 3102.0 42.0 9.0
34 41 40 0.0 0.0 4.0 392.0 3759.0 64.0 18.0
34 41 41 0.0 0.0 1.0 329.0 2887.0 43.0 16.0
34 41 42 0.0 0.0 7.0 179.0 1864.0 42.0 4.0
34 41 43 0.0 0.0 0.0 58.0 554.0 11.0 0.0
34 41 44 0.0 0.0 0.0 11.0 106.0 1.0 0.0
34 41 45 0.0 0.0 0.0 2.0 3.0 0.0 0.0
34 42 35 0.0 0.0 0.0 0.0 4.0 0.0 0.0
34 42 36 0.0 0.0 0.0 2.0 63.0 1.0 0.0
34 42 37 0.0 0.0 0.0 46.0 284.0 4.0 0.0
34 42 38 0.0 0.0 0.0 138.0 851.0 19.0 2.0
34 42 39 0.0 1.0 0.0 180.0 1832.0 25.0 4.0
34 42 40 0.0 0.0 0.0 191.0 2077.0 37.0 4.0
34 42 41 0.0 0.0 3.0 178.0 1769.0 33.0 5.0
34 42 42 0.0 0.0 1.0 140.0 926.0 19.0 1.0
34 42 43 0.0 0.0 1.0 38.0 290.0 9.0 0.0
34 42 44 0.0 0.0 0.0 4.0 43.0 0.0 0.0
34 42 45 0.0 0.0 0.0 0.0 1.0 0.0 0.0
34 43 35 0.0 0.0 0.0 0.0 1.0 0.0 0.0
34 43 36 0.0 0.0 0.0 0.0 12.0 0.0 0.0
34 43 37 0.0 0.0 0.0 8.0 83.0 1.0 0.0
34 43 38 0.0 0.0 0.0 42.0 266.0 2.0 0.0
34 43 39 0.0 0.0 1.0 57.0 594.0 9.0 0.0
34 43 40 0.0 0.0 0.0 83.0 781.0 16.0 2.0
34 43 41 0.0 0.0 3.0 59.0 616.0 7.0 0.0
34 43 42 0.0 1.0 0.0 31.0 318.0 4.0 0.0
34 43 43 0.0 0.0 0.0 20.0 113.0 2.0 0.0
34 43 44 0.0 0.0 0.0 1.0 27.0 0.0 0.0
34 44 35 0.0 0.0 0.0 1.0 0.0 0.0 0.0
34 44 36 0.0 0.0 0.0 0.0 2.0 0.0 0.0
34 44 37 0.0 0.0 0.0 5.0 11.0 0.0 0.0
34 44 38 0.0 0.0 0.0 3.0 60.0 0.0 0.0
34 44 39 0.0 0.0 0.0 7.0 90.0 1.0 0.0
34 44 40 0.0 0.0 0.0 5.0 116.0 1.0 0.0
34 44 41 0.0 0.0 0.0 5.0 120.0 0.0 0.0
34 44 42 0.0 0.0 0.0 6.0 41.0 0.0 0.0
34 44 43 0.0 0.0 0.0 1.0 15.0 0.0 0.0
34 44 44 0.0 0.0 0.0 0.0 1.0 0.0 0.0
34 45 37 0.0 0.0 0.0 0.0 1.0 0.0 0.0
34 45 39 0.0 0.0 0.0 0.0 6.0 0.0 0.0
34 45 40 0.0 0.0 0.0 0.0 6.0 0.0 0.0
34 45 41 0.0 0.0 0.0 0.0 19.0 0.0 0.0
34 45 42 0.0 0.0 0.0 0.0 1.0 0.0 0.0
34 45 43 0.0 0.0 0.0 0.0 1.0 0.0 0.0
34 46 40 0.0 0.0 0.0 0.0 1.0 0.0 0.0
35 34 37 0.0 0.0 0.0 0.0 3.0 0.0 0.0
35 34 38 0.0 0.0 0.0 0.0 1.0 0.0 0.0
35 34 39 0.0 0.0 0.0 1.0 7.0 0.0 0.0
35 34 40 0.0 0.0 0.0 0.0 9.0 0.0 0.0
35 34 41 0.0 0.0 0.0 0.0 5.0 0.0 0.0
35 34 42 0.0 0.0 0.0 0.0 1.0 0.0 0.0
35 34 43 0.0 0.0 0.0 0.0 1.0 0.0 0.0
35 35 36 0.0 0.0 0.0 1.0 14.0 0.0 0.0
35 35 37 0.0 1.0 3.0 24.0 122.0 2.0 0.0
35 35 38 0.0 0.0 1.0 58.0 400.0 8.0 0.0
35 35 39 0.0 0.0 1.0 62.0 689.0 12.0 0.0
35 35 40 0.0 0.0 0.0 81.0 836.0 16.0 0.0
35 35 41 0.0 0.0 0.0 68.0 567.0 10.0 1.0
35 35 42 0.0 0.0 0.0 27.0 350.0 5.0 0.0
35 35 43 0.0 0.0 0.0 13.0 106.0 2.0 0.0
35 35 44 0.0 0.0 0.0 9.0 10.0 1.0 0.0
35 36 35 0.0 0.0 0.0 6.0 22.0 0.0 0.0
35 36 36 0.0 0.0 0.0 22.0 342.0 4.0 0.0
35 36 37 0.0 0.0 1.0 157.0 1271.0 31.0 3.0
35 36 38 0.0 1.0 3.0 349.0 3463.0 70.0 26.0
35 36 39 0.0 1.0 3.0 682.0 5839.0 112.0 63.0
35 36 40 0.0 0.0 3.0 700.0 6417.0 126.0 85.0
35 36 41 0.0 0.0 22.0 636.0 5562.0 110.0 52.0
35 36 42 0.0 1.0 1.0 336.0 3225.0 70.0 20.0
35 36 43 0.0 0.0 0.0 202.0 1250.0 29.0 5.0
35 36 44 0.0 0.0 0.0 16.0 227.0 5.0 0.0
35 36 45 0.0 0.0 0.0 0.0 12.0 0.0 0.0
35 37 34 0.0 0.0 0.0 0.0 2.0 0.0 0.0
35 37 35 0.0 0.0 0.0 4.0 117.0 3.0 0.0
35 37 36 0.0 0.0 1.0 115.0 1380.0 29.0 3.0
35 37 37 0.0 1.0 10.0 555.0 5530.0 108.0 55.0
35 37 38 0.0 5.0 9.0 1217.0 12267.0 227.0 360.0
35 37 39 0.0 2.0 13.0 1852.0 18158.0 303.0 810.0
35 37 40 0.0 7.0 24.0 1946.0 20378.0 335.0 1110.0
35 37 41 0.0 27.0 20.0 2061.0 17740.0 323.0 825.0
35 37 42 0.0 1.0 9.0 1301.0 11754.0 241.0 338.0
35 37 43 0.0 3.0 1.0 511.0 5214.0 88.0 52.0
35 37 44 0.0 0.0 1.0 98.0 1239.0 24.0 1.0
35 37 45 0.0 0.0 0.0 11.0 78.0 0.0 0.0
35 37 46 0.0 0.0 0.0 1.0 0.0 0.0 0.0
35 38 34 0.0 0.0 0.0 1.0 0.0 0.0 0.0
35 38 35 0.0 0.0 0.0 31.0 351.0 7.0 1.0
35 38 36 0.0 6.0 4.0 353.0 3425.0 60.0 25.0
35 38 37 0.0 1.0 11.0 1280.0 12066.0 186.0 328.0
35 38 38 0.0 18.0 35.0 2616.0 23461.0 398.0 1568.0
35 38 39 0.0 9.0 51.0 3585.0 32501.0 512.0 3739.0
35 38 40 0.0 7.0 64.0 3639.0 34614.0 468.0 4327.0
35 38 41 0.0 12.0 97.0 3273.0 32179.0 503.0 3487.0
35 38 42 0.0 5.0 15.0 2224.0 23071.0 385.0 1508.0
35 38 43 0.0 6.0 20.0 1278.0 11718.0 232.0 294.0
35 38 44 0.0 2.0 1.0 284.0 2996.0 60.0 23.0
35 38 45 0.0 0.0 0.0 35.0 305.0 6.0 0.0
35 38 46 0.0 0.0 0.0 0.0 4.0 0.0 0.0
35 39 34 0.0 0.0 0.0 0.0 5.0 1.0 0.0
35 39 35 0.0 0.0 1.0 53.0 546.0 6.0 0.0
35 39 36 0.0 1.0 7.0 668.0 5553.0 86.0 64.0
35 39 37 0.0 14.0 14.0 2126.0 17711.0 309.0 805.0
35 39 38 0.0 15.0 99.0 3772.0 32085.0 470.0 3659.0
35 39 39 0.0 11.0 81.0 4738.0 39585.0 591.0 6738.0
35 39 40 0.0 17.0 79.0 4475.0 42681.0 576.0 8358.0
35 39 41 0.0 19.0 52.0 4375.0 40573.0 581.0 7078.0
35 39 42 0.0 18.0 43.0 3540.0 32716.0 520.0 3476.0
35 39 43 0.0 12.0 47.0 1765.0 17586.0 280.0 802.0
35 39 44 0.0 0.0 9.0 419.0 5430.0 91.0 50.0
35 39 45 0.0 0.0 0.0 47.0 572.0 11.0 0.0
35 39 46 0.0 0.0 0.0 1.0 6.0 0.0 0.0
35 40 34 0.0 0.0 0.0 2.0 8.0 0.0 0.0
35 40 35 0.0 0.0 1.0 71.0 732.0 14.0 1.0
35 40 36 0.0 4.0 11.0 686.0 6207.0 108.0 81.0
35 40 37 0.0 9.0 16.0 2142.0 19718.0 358.0 1024.0
35 40 38 0.0 21.0 43.0 4034.0 34491.0 537.0 4290.0
35 40 39 0.0 43.0 76.0 5076.0 42859.0 608.0 8531.0
35 40 40 0.0 14.0 51.0 4809.0 45357.0 599.0 10249.0
35 40 41 0.0 54.0 88.0 4735.0 42949.0 625.0 8728.0
35 40 42 0.0 5.0 73.0 3509.0 34821.0 502.0 4409.0
35 40 43 0.0 4.0 37.0 2124.0 20112.0 324.0 1027.0
35 40 44 0.0 8.0 6.0 602.0 6147.0 107.0 76.0
35 40 45 0.0 0.0 0.0 59.0 752.0 18.0 1.0
35 40 46 0.0 0.0 0.0 1.0 11.0 0.0 0.0
35 41 34 0.0 0.0 0.0 0.0 3.0 0.0 0.0
35 41 35 0.0 0.0 0.0 111.0 595.0 14.0 0.0
35 41 36 0.0 6.0 7.0 700.0 4801.0 99.0 33.0
35 41 37 0.0 13.0 16.0 2011.0 16923.0 291.0 760.0
35 41 38 0.0 12.0 28.0 3360.0 32035.0 509.0 3502.0
35 41 39 0.0 3.0 74.0 4399.0 40288.0 552.0 6686.0
35 41 40 0.0 9.0 56.0 4543.0 43378.0 630.0 8782.0
35 41 41 0.0 21.0 37.0 4470.0 40803.0 597.0 7556.0
35 41 42 0.0 12.0 43.0 3466.0 32177.0 515.0 3532.0
35 41 43 0.0 18.0 23.0 2271.0 17930.0 316.0 847.0
35 41 44 0.0 1.0 5.0 552.0 5191.0 116.0 46.0
35 41 45 0.0 0.0 3.0 58.0 681.0 8.0 1.0
35 41 46 0.0 0.0 0.0 4.0 5.0 1.0 0.0
35 42 34 0.0 0.0 0.0 0.0 2.0 0.0 0.0
35 42 35 0.0 0.0 0.0 34.0 309.0 4.0 0.0
35 42 36 0.0 1.0 6.0 358.0 2978.0 55.0 24.0
35 42 37 0.0 4.0 8.0 1253.0 10993.0 172.0 242.0
35 42 38 0.0 8.0 31.0 2773.0 22595.0 380.0 1505.0
35 42 39 0.0 5.0 33.0 3425.0 31954.0 473.0 3623.0
35 42 40 0.0 20.0 66.0 3541.0 34914.0 501.0 4454.0
35 42 41 0.0 8.0 31.0 3253.0 32696.0 519.0 3652.0
35 42 42 0.0 12.0 23.0 2599.0 23427.0 384.0 1566.0
35 42 43 0.0 9.0 19.0 1250.0 11240.0 203.0 296.0
35 42 44 0.0 0.0 6.0 287.0 3551.0 55.0 29.0
35 42 45 0.0 0.0 0.0 53.0 288.0 6.0 0.0
35 42 46 0.0 0.0 0.0 0.0 2.0 0.0 0.0
35 43 34 0.0 0.0 0.0 0.0 3.0 0.0 0.0
35 43 35 0.0 0.0 0.0 3.0 98.0 1.0 0.0
35 43 36 0.0 7.0 0.0 164.0 1124.0 23.0 0.0
35 43 37 0.0 8.0 10.0 482.0 4832.0 87.0 59.0
35 43 38 0.0 12.0 23.0 1300.0 10816.0 201.0 227.0
35 43 39 0.0 1.0 23.0 1805.0 17706.0 314.0 760.0
35 43 40 0.0 1.0 22.0 2165.0 20464.0 329.0 1080.0
35 43 41 0.0 3.0 12.0 1806.0 18344.0 316.0 873.0
35 43 42 0.0 0.0 19.0 1226.0 11776.0 199.0 300.0
35 43 43 0.0 0.0 1.0 482.0 5304.0 91.0 54.0
35 43 44 0.0 0.0 0.0 135.0 1104.0 18.0 1.0
35 43 45 0.0 0.0 0.0 3.0 109.0 1.0 0.0
35 44 35 0.0 0.0 0.0 7.0 8.0 0.0 0.0
35 44 36 0.0 0.0 0.0 18.0 163.0 2.0 0.0
35 44 37 0.0 0.0 1.0 136.0 1149.0 13.0 2.0
35 44 38 0.0 4.0 0.0 275.0 2892.0 63.0 17.0
35 44 39 0.0 0.0 7.0 554.0 5123.0 95.0 47.0
35 44 40 0.0 0.0 19.0 723.0 6111.0 110.0 56.0
35 44 41 0.0 5.0 0.0 583.0 5832.0 116.0 59.0
35 44 42 0.0 2.0 12.0 324.0 3290.0 74.0 11.0
35 44 43 0.0 0.0 1.0 127.0 1355.0 20.0 3.0
35 44 44 0.0 0.0 0.0 20.0 248.0 8.0 0.0
35 44 45 0.0 0.0 0.0 1.0 16.0 0.0 0.0
35 45 35 0.0 0.0 0.0 0.0 17.0 0.0 0.0
35 45 36 0.0 0.0 0.0 5.0 12.0 1.0 0.0
35 45 37 0.0 0.0 0.0 4.0 88.0 1.0 0.0
35 45 38 0.0 0.0 0.0 39.0 313.0 7.0 0.0
35 45 39 0.0 0.0 2.0 44.0 599.0 13.0 1.0
35 45 40 0.0 0.0 2.0 78.0 665.0 11.0 0.0
35 45 41 0.0 0.0 0.0 80.0 635.0 10.0 1.0
35 45 42 0.0 0.0 4.0 17.0 359.0 11.0 0.0
35 45 43 0.0 0.0 0.0 15.0 121.0 5.0 0.0
35 45 44 0.0 0.0 0.0 1.0 27.0 1.0 0.0
35 45 45 0.0 0.0 0.0 0.0 1.0 0.0 0.0
35 46 38 0.0 0.0 0.0 0.0 6.0 0.0 0.0
35 46 39 0.0 0.0 0.0 0.0 2.0 0.0 0.0
35 46 40 0.0 0.0 0.0 0.0 3.0 0.0 0.0
35 46 41 0.0 0.0 0.0 0.0 4.0 0.0 0.0
35 46 42 0.0 0.0 0.0 1.0 1.0 0.0 0.0
36 33 40 0.0 0.0 0.0 0.0 1.0 0.0 0.0
36 34 36 0.0 0.0 0.0 0.0 1.0 0.0 0.0
36 34 37 0.0 0.0 0.0 2.0 29.0 0.0 0.0
36 34 38 0.0 0.0 0.0 5.0 89.0 1.0 0.0
36 34 39 0.0 0.0 0.0 9.0 161.0 2.0 0.0
36 34 40 0.0 0.0 0.0 28.0 157.0 6.0 0.0
36 34 41 0.0 0.0 1.0 8.0 97.0 2.0 0.0
36 34 42 0.0 0.0 2.0 11.0 100.0 4.0 0.0
36 34 43 0.0 0.0 0.0 1.0 14.0 0.0 0.0
36 34 44 0.0 0.0 0.0 0.0 6.0 0.0 0.0
36 35 35 0.0 0.0 0.0 1.0 14.0 0.0 0.0
36 35 36 0.0 0.0 0.0 16.0 314.0 5.0 0.0
36 35 37 0.0 1.0 2.0 173.0 1492.0 31.0 7.0
36 35 38 0.0 1.0 1.0 484.0 3692.0 58.0 38.0
36 35 39 0.0 2.0 9.0 694.0 6077.0 112.0 67.0
36 35 40 0.0 0.0 8.0 716.0 6420.0 132.0 80.0
36 35 41 0.0 1.0 14.0 582.0 5559.0 104.0 60.0
36 35 42 0.0 0.0 4.0 385.0 3211.0 64.0 21.0
36 35 43 0.0 4.0 9.0 145.0 1167.0 12.0 2.0
36 35 44 0.0 0.0 1.0 38.0 289.0 6.0 0.0
36 35 45 0.0 0.0 0.0 2.0 23.0 0.0 0.0
36 36 34 0.0 0.0 0.0 1.0 3.0 0.0 0.0
36 36 35 0.0 0.0 0.0 55.0 318.0 6.0 0.0
36 36 36 0.0 0.0 12.0 338.0 3627.0 53.0 23.0
36 36 37 0.0 0.0 8.0 1225.0 13995.0 237.0 498.0
36 36 38 0.0 69.0 22.0 3141.0 26106.0 409.0 2339.0
36 36 39 0.0 8.0 24.0 3602.0 33078.0 463.0 4229.0
36 36 40 0.0 3.0 29.0 3622.0 36461.0 528.0 5596.0
36 36 41 0.0 9.0 21.0 3088.0 33605.0 494.0 4270.0
36 36 42 0.0 3.0 13.0 2298.0 25148.0 407.0 1857.0
36 36 43 0.0 0.0 4.0 1550.0 11771.0 214.0 378.0
36 36 44 0.0 0.0 1.0 410.0 3065.0 61.0 16.0
36 36 45 0.0 0.0 0.0 53.0 263.0 8.0 1.0
36 36 46 0.0 0.0 0.0 0.0 3.0 0.0 0.0
36 37 34 0.0 0.0 0.0 5.0 23.0 1.0 0.0
36 37 35 0.0 1.0 5.0 109.0 1536.0 31.0 3.0
36 37 36 0.0 19.0 10.0 1545.0 13397.0 241.0 454.0
36 37 37 0.0 16.0 50.0 3676.0 34795.0 505.0 4773.0
36 37 38 0.0 11.0 54.0 4514.0 47559.0 602.0 14541.0
36 37 39 0.0 24.0 72.0 5442.0 50523.0 541.0 22969.0
36 37 40 0.0 15.0 112.0 5111.0 51136.0 557.0 26131.0
36 37 41 0.0 8.0 76.0 5391.0 50477.0 576.0 22573.0
36 37 42 0.0 9.0 49.0 4459.0 47272.0 582.0 14086.0
36 37 43 0.0 8.0 77.0 3331.0 32758.0 496.0 4037.0
36 37 44 0.0 3.0 7.0 1071.0 13003.0 211.0 432.0
36 37 45 0.0 0.0 0.0 88.0 1115.0 17.0 2.0
36 37 46 0.0 0.0 0.0 0.0 11.0 0.0 0.0
36 38 34 0.0 0.0 0.0 7.0 60.0 2.0 0.0
36 38 35 0.0 0.0 0.0 269.0 3538.0 59.0 22.0
36 38 36 0.0 6.0 39.0 2465.0 26582.0 434.0 2352.0
36 38 37 0.0 30.0 56.0 5031.0 47326.0 605.0 14468.0
36 38 38 0.0 17.0 116.0 5240.0 51591.0 535.0 32228.0
36 38 39 0.0 43.0 88.0 5507.0 48344.0 518.0 44059.0
36 38 40 0.0 14.0 77.0 4734.0 47632.0 494.0 49261.0
36 38 41 0.0 34.0 114.0 4897.0 49238.0 478.0 44728.0
36 38 42 0.0 13.0 81.0 5237.0 51434.0 567.0 31617.0
36 38 43 1.0 7.0 35.0 4591.0 46803.0 580.0 13107.0
36 38 44 0.0 4.0 15.0 2294.0 24859.0 373.0 1862.0
36 38 45 0.0 0.0 7.0 305.0 3194.0 59.0 13.0
36 38 46 0.0 0.0 0.0 1.0 58.0 1.0 0.0
36 39 34 0.0 0.0 0.0 8.0 104.0 1.0 0.0
36 39 35 0.0 0.0 16.0 559.0 5813.0 100.0 63.0
36 39 36 0.0 8.0 42.0 3792.0 33314.0 496.0 4177.0
36 39 37 0.0 23.0 72.0 5848.0 50433.0 575.0 22597.0
36 39 38 0.0 31.0 80.0 5036.0 49247.0 508.0 44255.0
36 39 39 0.0 15.0 93.0 4982.0 43989.0 374.0 57197.0
36 39 40 0.0 24.0 58.0 4239.0 43032.0 395.0 61591.0
36 39 41 0.0 26.0 86.0 4651.0 44338.0 406.0 58062.0
36 39 42 0.0 18.0 102.0 4876.0 48661.0 471.0 44410.0
36 39 43 0.0 6.0 71.0 5291.0 49861.0 634.0 22690.0
36 39 44 0.0 2.0 38.0 3054.0 32786.0 504.0 3929.0
36 39 45 0.0 0.0 9.0 615.0 5160.0 94.0 50.0
36 39 46 0.0 0.0 1.0 21.0 146.0 2.0 0.0
36 40 34 0.0 0.0 4.0 9.0 150.0 3.0 1.0
36 40 35 0.0 1.0 14.0 761.0 6603.0 132.0 68.0
36 40 36 0.0 11.0 45.0 4394.0 35347.0 528.0 5131.0
36 40 37 0.0 21.0 81.0 5583.0 50545.0 560.0 26811.0
36 40 38 0.0 37.0 99.0 5326.0 47216.0 438.0 48234.0
36 40 39 0.0 19.0 74.0 4933.0 42468.0 341.0 61183.0
36 40 40 0.0 20.0 99.0 4375.0 41099.0 360.0 65607.0
36 40 41 0.0 28.0 80.0 4715.0 42399.0 366.0 62225.0
36 40 42 0.0 18.0 84.0 4928.0 47999.0 455.0 47794.0
36 40 43 0.0 24.0 89.0 5287.0 51046.0 543.0 25665.0
36 40 44 0.0 4.0 52.0 3518.0 35825.0 517.0 5269.0
36 40 45 0.0 1.0 17.0 560.0 6492.0 126.0 80.0
36 40 46 0.0 0.0 0.0 3.0 141.0 0.0 0.0
36 41 34 0.0 0.0 1.0 12.0 84.0 1.0 0.0
36 41 35 0.0 2.0 4.0 552.0 5316.0 87.0 53.0
36 41 36 0.0 24.0 27.0 4209.0 32292.0 503.0 4119.0
36 41 37 0.0 27.0 64.0 5368.0 50314.0 586.0 22190.0
36 41 38 0.0 42.0 112.0 5753.0 48250.0 447.0 43874.0
36 41 39 0.0 17.0 97.0 4784.0 44265.0 454.0 57347.0
36 41 40 0.0 14.0 96.0 4805.0 42604.0 383.0 61927.0
36 41 41 0.0 23.0 62.0 4737.0 44042.0 397.0 58103.0
36 41 42 0.0 36.0 80.0 4988.0 48494.0 516.0 44784.0
36 41 43 0.0 5.0 74.0 5538.0 50231.0 588.0 22167.0
36 41 44 0.0 18.0 28.0 3369.0 33059.0 511.0 4188.0
36 41 45 0.0 1.0 7.0 497.0 5040.0 76.0 55.0
36 41 46 0.0 0.0 0.0 2.0 110.0 1.0 0.0
36 42 34 0.0 0.0 0.0 10.0 57.0 2.0 0.0
36 42 35 0.0 2.0 4.0 305.0 3140.0 62.0 21.0
36 42 36 0.0 14.0 39.0 2851.0 23355.0 382.0 1738.0
36 42 37 0.0 111.0 83.0 6822.0 44524.0 591.0 13254.0
36 42 38 0.0 28.0 116.0 5846.0 50640.0 549.0 31267.0
36 42 39 0.0 13.0 79.0 5083.0 48938.0 478.0 43555.0
36 42 40 0.0 23.0 84.0 5015.0 47377.0 456.0 48671.0
36 42 41 0.0 17.0 87.0 4946.0 48259.0 507.0 45426.0
36 42 42 0.0 11.0 75.0 5407.0 50836.0 562.0 32311.0
36 42 43 0.0 1.0 99.0 4674.0 47824.0 626.0 14194.0
36 42 44 0.0 4.0 38.0 1941.0 23868.0 406.0 1695.0
36 42 45 0.0 0.0 5.0 267.0 3126.0 57.0 15.0
36 42 46 0.0 0.0 0.0 1.0 44.0 0.0 0.0
36 43 34 0.0 0.0 0.0 4.0 7.0 0.0 0.0
36 43 35 0.0 0.0 0.0 109.0 962.0 19.0 0.0
36 43 36 0.0 13.0 12.0 1409.0 11087.0 210.0 287.0
36 43 37 0.0 14.0 22.0 3729.0 31939.0 486.0 3812.0
36 43 38 0.0 19.0 54.0 4614.0 46912.0 602.0 12976.0
36 43 39 0.0 20.0 66.0 5173.0 50501.0 617.0 22057.0
36 43 40 0.0 16.0 90.0 5814.0 50721.0 583.0 26191.0
36 43 41 0.0 36.0 49.0 5383.0 50672.0 587.0 22864.0
36 43 42 0.0 16.0 77.0 4898.0 47373.0 580.0 13795.0
36 43 43 0.0 2.0 36.0 3293.0 33909.0 512.0 4289.0
36 43 44 0.0 2.0 10.0 981.0 11823.0 197.0 362.0
36 43 45 0.0 0.0 2.0 101.0 1225.0 15.0 0.0
36 43 46 0.0 0.0 0.0 1.0 23.0 0.0 0.0
36 44 35 0.0 0.0 1.0 22.0 211.0 3.0 0.0
36 44 36 0.0 0.0 0.0 215.0 3283.0 70.0 22.0
36 44 37 0.0 0.0 17.0 1022.0 11404.0 203.0 305.0
36 44 38 0.0 4.0 29.0 2020.0 23043.0 398.0 1538.0
36 44 39 0.0 1.0 106.0 3133.0 32142.0 522.0 3752.0
36 44 40 0.0 7.0 101.0 3578.0 35390.0 552.0 4969.0
36 44 41 0.0 17.0 94.0 3249.0 33522.0 538.0 4255.0
36 44 42 0.0 18.0 46.0 2357.0 25287.0 425.0 2072.0
36 44 43 0.0 5.0 29.0 1010.0 13304.0 216.0 447.0
36 44 44 0.0 0.0 4.0 284.0 3479.0 47.0 21.0
36 44 45 0.0 0.0 0.0 28.0 274.0 2.0 0.0
36 44 46 0.0 0.0 0.0 0.0 3.0 0.0 0.0
36 45 35 0.0 0.0 0.0 1.0 14.0 0.0 0.0
36 45 36 0.0 0.0 0.0 18.0 204.0 1.0 0.0
36 45 37 0.0 0.0 1.0 90.0 1053.0 24.0 3.0
36 45 38 0.0 2.0 6.0 300.0 3155.0 54.0 19.0
36 45 39 0.0 0.0 10.0 587.0 5029.0 93.0 43.0
36 45 40 0.0 3.0 9.0 606.0 6347.0 128.0 87.0
36 45 41 0.0 9.0 4.0 529.0 5275.0 102.0 59.0
36 45 42 0.0 1.0 5.0 356.0 3420.0 65.0 23.0
36 45 43 0.0 0.0 1.0 136.0 1237.0 24.0 5.0
36 45 44 0.0 1.0 4.0 21.0 289.0 5.0 0.0
36 45 45 0.0 0.0 0.0 1.0 14.0 1.0 0.0
36 46 36 0.0 0.0 0.0 0.0 1.0 0.0 0.0
36 46 37 0.0 0.0 0.0 1.0 12.0 0.0 0.0
36 46 38 0.0 0.0 0.0 5.0 52.0 0.0 0.0
36 46 39 0.0 0.0 0.0 13.0 106.0 1.0 0.0
36 46 40 0.0 0.0 0.0 4.0 139.0 3.0 0.0
36 46 41 0.0 0.0 0.0 5.0 106.0 2.0 0.0
36 46 42 0.0 0.0 1.0 8.0 50.0 0.0 0.0
36 46 43 0.0 0.0 0.0 2.0 9.0 0.0 0.0
36 46 44 0.0 0.0 0.0 0.0 1.0 0.0 0.0
37 33 39 0.0 0.0 0.0 0.0 1.0 0.0 0.0
37 33 41 0.0 0.0 0.0 0.0 1.0 0.0 0.0
37 34 36 0.0 0.0 0.0 1.0 15.0 0.0 0.0
37 34 37 0.0 0.0 1.0 9.0 148.0 3.0 0.0
37 34 38 0.0 2.0 0.0 61.0 349.0 9.0 0.0
37 34 39 0.0 1.0 1.0 67.0 711.0 15.0 0.0
37 34 40 0.0 0.0 4.0 109.0 876.0 19.0 4.0
37 34 41 0.0 0.0 1.0 83.0 670.0 12.0 2.0
37 34 42 0.0 0.0 0.0 38.0 361.0 3.0 0.0
37 34 43 0.0 0.0 0.0 9.0 100.0 2.0 0.0
37 34 44 0.0 0.0 0.0 1.0 25.0 0.0 0.0
37 34 45 0.0 0.0 0.0 0.0 1.0 0.0 0.0
37 35 34 0.0 0.0 0.0 0.0 1.0 0.0 0.0
37 35 35 0.0 0.0 0.0 5.0 138.0 1.0 0.0
37 35 36 0.0 14.0 4.0 236.0 1299.0 26.0 5.0
37 35 37 0.0 0.0 0.0 672.0 6065.0 112.0 70.0
37 35 38 0.0 4.0 37.0 1351.0 14077.0 258.0 415.0
37 35 39 0.0 6.0 22.0 2222.0 19017.0 329.0 991.0
37 35 40 0.0 1.0 32.0 2492.0 21418.0 336.0 1312.0
37 35 41 0.0 5.0 38.0 2296.0 18222.0 309.0 837.0
37 35 42 0.0 5.0 20.0 1289.0 11876.0 202.0 355.0
37 35 43 0.0 1.0 2.0 475.0 5404.0 91.0 67.0
37 35 44 0.0 0.0 1.0 133.0 1325.0 22.0 4.0
37 35 45 0.0 0.0 0.0 6.0 108.0 1.0 0.0
37 35 46 0.0 0.0 0.0 0.0 7.0 0.0 0.0
37 36 34 0.0 0.0 0.0 0.0 15.0 0.0 0.0
37 36 35 0.0 1.0 3.0 157.0 1541.0 28.0 4.0
37 36 36 0.0 26.0 11.0 1203.0 13664.0 243.0 461.0
37 36 37 0.0 7.0 37.0 3850.0 35616.0 530.0 5219.0
37 36 38 0.0 24.0 58.0 5454.0 47821.0 630.0 15796.0
37 36 39 0.0 19.0 105.0 6171.0 49945.0 567.0 24483.0
37 36 40 0.0 7.0 83.0 5624.0 50702.0 528.0 28066.0
37 36 41 0.0 13.0 59.0 5343.0 51024.0 614.0 23455.0
37 36 42 0.0 8.0 63.0 5443.0 46848.0 588.0 13773.0
37 36 43 0.0 4.0 47.0 3199.0 34629.0 523.0 4649.0
37 36 44 0.0 1.0 6.0 1393.0 12429.0 244.0 396.0
37 36 45 0.0 0.0 0.0 116.0 1257.0 28.0 1.0
37 36 46 0.0 0.0 0.0 0.0 17.0 1.0 0.0
37 37 34 0.0 0.0 0.0 25.0 93.0 4.0 0.0
37 37 35 0.0 0.0 6.0 622.0 5854.0 104.0 89.0
37 37 36 0.0 10.0 45.0 3248.0 34816.0 530.0 4769.0
37 37 37 0.0 22.0 61.0 4661.0 50241.0 551.0 32025.0
37 37 38 0.0 12.0 50.0 4581.0 44807.0 387.0 55954.0
37 37 39 0.0 14.0 63.0 4065.0 39198.0 326.0 69912.0
37 37 40 0.0 13.0 68.0 4227.0 37899.0 316.0 73513.0
37 37 41 0.0 3.0 51.0 3696.0 40137.0 350.0 68546.0
37 37 42 0.0 12.0 56.0 4431.0 44929.0 474.0 54334.0
37 37 43 0.0 4.0 58.0 5547.0 50069.0 557.0 30022.0
37 37 44 0.0 3.0 43.0 3065.0 33191.0 506.0 3931.0
37 37 45 0.0 0.0 7.0 396.0 5587.0 108.0 64.0
37 37 46 0.0 0.0 0.0 11.0 95.0 1.0 0.0
37 38 34 0.0 0.0 0.0 37.0 371.0 5.0 1.0
37 38 35 0.0 1.0 22.0 1134.0 12527.0 225.0 339.0
37 38 36 0.0 5.0 145.0 4162.0 48408.0 616.0 15615.0
37 38 37 0.0 20.0 82.0 4853.0 44056.0 389.0 55673.0
37 38 38 0.0 30.0 67.0 3738.0 34830.0 272.0 82050.0
37 38 39 0.0 11.0 52.0 3154.0 29225.0 234.0 95674.0
37 38 40 0.0 25.0 51.0 3080.0 27715.0 183.0 98846.0
37 38 41 0.0 12.0 76.0 2999.0 29233.0 217.0 95783.0
37 38 42 0.0 21.0 61.0 3582.0 35506.0 295.0 80930.0
37 38 43 0.0 5.0 68.0 4477.0 44860.0 428.0 54831.0
37 38 44 0.0 19.0 53.0 4496.0 47332.0 614.0 13554.0
37 38 45 0.0 0.0 10.0 973.0 11805.0 215.0 319.0
37 38 46 0.0 0.0 1.0 32.0 307.0 7.0 0.0
37 38 47 0.0 0.0 0.0 0.0 1.0 0.0 0.0
37 39 34 0.0 0.0 1.0 64.0 623.0 7.0 1.0
37 39 35 0.0 10.0 39.0 1943.0 18670.0 275.0 899.0
37 39 36 0.0 11.0 105.0 5216.0 50738.0 560.0 23737.0
37 39 37 0.0 20.0 73.0 4154.0 39211.0 366.0 70076.0
37 39 38 0.0 9.0 52.0 3291.0 29298.0 231.0 94452.0
37 39 39 0.0 16.0 46.0 2675.0 23751.0 155.0 108031.0
37 39 40 0.0 10.0 46.0 2450.0 22295.0 130.0 112126.0
37 39 41 0.0 15.0 60.0 2536.0 24066.0 164.0 107905.0
37 39 42 0.0 16.0 70.0 2972.0 29003.0 200.0 95341.0
37 39 43 0.0 13.0 79.0 3862.0 40555.0 358.0 67514.0
37 39 44 0.0 5.0 80.0 4690.0 51524.0 559.0 22392.0
37 39 45 0.0 1.0 30.0 1721.0 17855.0 292.0 779.0
37 39 46 0.0 0.0 0.0 77.0 610.0 12.0 1.0
37 40 34 0.0 0.0 7.0 50.0 790.0 18.0 2.0
37 40 35 0.0 15.0 18.0 1963.0 20593.0 315.0 1149.0
37 40 36 0.0 15.0 91.0 5729.0 50697.0 583.0 25779.0
37 40 37 0.0 32.0 78.0 4459.0 37885.0 304.0 72488.0
37 40 38 0.0 15.0 38.0 3119.0 27498.0 205.0 99141.0
37 40 39 0.0 17.0 55.0 2593.0 22286.0 145.0 111288.0
37 40 40 0.0 17.0 36.0 2321.0 20911.0 131.0 114282.0
37 40 41 0.0 15.0 62.0 2479.0 22583.0 155.0 111193.0
37 40 42 0.0 17.0 80.0 2913.0 27713.0 202.0 99420.0
37 40 43 0.0 18.0 76.0 3644.0 38364.0 345.0 73451.0
37 40 44 0.0 14.0 100.0 5110.0 51160.0 572.0 25757.0
37 40 45 0.0 7.0 31.0 2127.0 20040.0 347.0 1045.0
37 40 46 0.0 0.0 1.0 92.0 679.0 11.0 0.0
37 41 34 0.0 0.0 0.0 55.0 541.0 5.0 1.0
37 41 35 0.0 14.0 93.0 1823.0 17466.0 298.0 765.0
37 41 36 0.0 16.0 72.0 5425.0 50390.0 591.0 22785.0
37 41 37 0.0 41.0 73.0 5006.0 39188.0 339.0 68072.0
37 41 38 0.0 28.0 66.0 3544.0 29223.0 198.0 94560.0
37 41 39 0.0 16.0 50.0 2763.0 24273.0 157.0 107045.0
37 41 40 0.0 7.0 46.0 2524.0 22312.0 135.0 111519.0
37 41 41 0.0 10.0 59.0 2520.0 23702.0 146.0 108120.0
37 41 42 0.0 14.0 67.0 3105.0 29549.0 223.0 94757.0
37 41 43 0.0 10.0 91.0 4041.0 40588.0 361.0 67560.0
37 41 44 0.0 5.0 76.0 4872.0 50793.0 601.0 22247.0
37 41 45 0.0 2.0 34.0 1596.0 17718.0 317.0 701.0
37 41 46 0.0 0.0 0.0 55.0 620.0 5.0 1.0
37 41 47 0.0 0.0 0.0 0.0 2.0 0.0 0.0
37 42 34 0.0 0.0 0.0 20.0 278.0 4.0 0.0
37 42 35 0.0 3.0 14.0 1184.0 11338.0 214.0 286.0
37 42 36 0.0 7.0 86.0 4995.0 46622.0 627.0 13153.0
37 42 37 0.0 57.0 72.0 5785.0 44894.0 389.0 52408.0
37 42 38 0.0 33.0 84.0 4145.0 35771.0 289.0 80024.0
37 42 39 0.0 11.0 71.0 3161.0 29497.0 193.0 95289.0
37 42 40 0.0 11.0 60.0 3039.0 27337.0 194.0 98924.0
37 42 41 0.0 18.0 52.0 3338.0 29189.0 192.0 95481.0
37 42 42 0.0 10.0 68.0 3721.0 35080.0 263.0 81661.0
37 42 43 0.0 18.0 82.0 4775.0 45447.0 381.0 53618.0
37 42 44 0.0 2.0 89.0 4549.0 47038.0 587.0 13618.0
37 42 45 0.0 0.0 22.0 1059.0 11936.0 174.0 364.0
37 42 46 0.0 0.0 0.0 28.0 339.0 3.0 0.0
37 43 34 0.0 0.0 0.0 11.0 90.0 2.0 0.0
37 43 35 0.0 0.0 8.0 444.0 4573.0 73.0 40.0
37 43 36 0.0 21.0 50.0 3128.0 31357.0 490.0 3446.0
37 43 37 0.0 16.0 127.0 4919.0 50349.0 576.0 27523.0
37 43 38 0.0 28.0 88.0 4870.0 46048.0 418.0 51910.0
37 43 39 0.0 21.0 104.0 4277.0 41158.0 374.0 66718.0
37 43 40 0.0 19.0 91.0 3730.0 39037.0 332.0 71920.0
37 43 41 0.0 13.0 89.0 4150.0 39921.0 313.0 68844.0
37 43 42 0.0 7.0 96.0 4278.0 44338.0 428.0 55939.0
37 43 43 0.0 5.0 121.0 4903.0 50613.0 544.0 29652.0
37 43 44 0.0 3.0 77.0 3030.0 34895.0 501.0 4645.0
37 43 45 0.0 0.0 1.0 453.0 5001.0 98.0 68.0
37 43 46 0.0 0.0 0.0 9.0 96.0 3.0 0.0
37 44 34 0.0 0.0 0.0 4.0 25.0 1.0 0.0
37 44 35 0.0 0.0 0.0 83.0 992.0 15.0 3.0
37 44 36 0.0 6.0 19.0 1083.0 11385.0 192.0 328.0
37 44 37 0.0 15.0 67.0 3031.0 32095.0 459.0 3637.0
37 44 38 0.0 17.0 51.0 4466.0 46426.0 608.0 12976.0
37 44 39 0.0 16.0 118.0 5364.0 50162.0 531.0 22313.0
37 44 40 0.0 24.0 72.0 5018.0 51506.0 584.0 25308.0
37 44 41 0.0 10.0 91.0 5116.0 50720.0 570.0 23125.0
37 44 42 0.0 20.0 50.0 4639.0 47068.0 597.0 13682.0
37 44 43 0.0 2.0 44.0 3049.0 34837.0 502.0 4565.0
37 44 44 0.0 3.0 12.0 1258.0 13486.0 237.0 485.0
37 44 45 0.0 0.0 8.0 144.0 1360.0 16.0 5.0
37 44 46 0.0 0.0 0.0 1.0 21.0 0.0 0.0
37 45 35 0.0 0.0 2.0 5.0 97.0 0.0 0.0
37 45 36 0.0 2.0 2.0 83.0 1136.0 22.0 3.0
37 45 37 0.0 0.0 3.0 464.0 4452.0 75.0 42.0
37 45 38 0.0 2.0 31.0 1162.0 10742.0 203.0 256.0
37 45 39 0.0 2.0 40.0 1748.0 16696.0 283.0 653.0
37 45 40 0.0 0.0 32.0 1673.0 19420.0 304.0 928.0
37 45 41 0.0 16.0 53.0 1503.0 17208.0 314.0 693.0
37 45 42 0.0 0.0 24.0 1025.0 11789.0 220.0 302.0
37 45 43 0.0 0.0 6.0 573.0 4959.0 96.0 57.0
37 45 44 0.0 1.0 2.0 130.0 1283.0 23.0 2.0
37 45 45 0.0 0.0 0.0 8.0 135.0 3.0 0.0
37 45 46 0.0 0.0 0.0 0.0 2.0 0.0 0.0
37 46 36 0.0 0.0 0.0 0.0 19.0 0.0 0.0
37 46 37 0.0 0.0 1.0 10.0 88.0 2.0 0.0
37 46 38 0.0 0.0 0.0 28.0 242.0 4.0 0.0
37 46 39 0.0 0.0 0.0 39.0 592.0 8.0 1.0
37 46 40 0.0 0.0 1.0 54.0 629.0 8.0 0.0
37 46 41 0.0 0.0 0.0 52.0 712.0 20.0 1.0
37 46 42 0.0 0.0 0.0 25.0 272.0 5.0 0.0
37 46 43 0.0 0.0 0.0 13.0 88.0 2.0 0.0
37 46 44 0.0 0.0 0.0 0.0 14.0 0.0 0.0
37 47 40 0.0 0.0 0.0 1.0 2.0 0.0 0.0
38 33 38 0.0 0.0 0.0 0.0 1.0 0.0 0.0
38 33 39 0.0 0.0 0.0 0.0 6.0 0.0 0.0
38 33 40 0.0 0.0 0.0 0.0 1.0 0.0 0.0
38 33 41 0.0 0.0 0.0 0.0 2.0 0.0 0.0
38 33 42 0.0 0.0 0.0 0.0 1.0 0.0 0.0
38 34 35 0.0 0.0 0.0 0.0 5.0 0.0 0.0
38 34 36 0.0 0.0 0.0 16.0 80.0 2.0 0.0
38 34 37 0.0 0.0 0.0 44.0 347.0 5.0 0.0
38 34 38 0.0 0.0 0.0 215.0 1035.0 21.0 1.0
38 34 39 0.0 0.0 4.0 277.0 1979.0 41.0 6.0
38 34 40 0.0 0.0 0.0 333.0 2370.0 46.0 6.0
38 34 41 0.0 0.0 3.0 287.0 1769.0 34.0 3.0
38 34 42 0.0 0.0 0.0 153.0 965.0 20.0 1.0
38 34 43 0.0 0.0 0.0 31.0 350.0 8.0 1.0
38 34 44 0.0 0.0 0.0 5.0 85.0 1.0 0.0
38 34 45 0.0 0.0 0.0 2.0 1.0 0.0 0.0
38 35 34 0.0 0.0 0.0 0.0 8.0 0.0 0.0
38 35 35 0.0 0.0 1.0 62.0 451.0 8.0 0.0
38 35 36 0.0 2.0 16.0 431.0 4043.0 68.0 42.0
38 35 37 0.0 4.0 16.0 1656.0 12983.0 254.0 383.0
38 35 38 0.0 11.0 68.0 3187.0 25068.0 416.0 1940.0
38 35 39 0.0 3.0 27.0 4079.0 33443.0 506.0 4197.0
38 35 40 0.0 7.0 60.0 4243.0 35458.0 531.0 4840.0
38 35 41 0.0 3.0 39.0 3941.0 32659.0 495.0 3688.0
38 35 42 0.0 6.0 15.0 3164.0 22736.0 377.0 1579.0
38 35 43 0.0 0.0 17.0 1290.0 11653.0 198.0 299.0
38 35 44 0.0 0.0 3.0 321.0 3604.0 54.0 20.0
38 35 45 0.0 0.0 0.0 33.0 309.0 11.0 0.0
38 35 46 0.0 0.0 0.0 1.0 0.0 0.0 0.0
38 36 34 0.0 0.0 0.0 2.0 60.0 1.0 0.0
38 36 35 0.0 2.0 2.0 282.0 3644.0 75.0 13.0
38 36 36 0.0 4.0 11.0 2726.0 26049.0 413.0 2229.0
38 36 37 0.0 12.0 67.0 5300.0 47926.0 630.0 15913.0
38 36 38 0.0 33.0 100.0 5644.0 50565.0 519.0 34367.0
38 36 39 0.0 28.0 106.0 6013.0 46760.0 473.0 47661.0
38 36 40 0.0 11.0 78.0 5721.0 46298.0 447.0 50329.0
38 36 41 0.0 18.0 79.0 5960.0 47329.0 464.0 45770.0
38 36 42 0.0 15.0 67.0 6065.0 50710.0 543.0 32191.0
38 36 43 0.0 23.0 56.0 5094.0 47008.0 615.0 14230.0
38 36 44 0.0 7.0 21.0 2329.0 24752.0 394.0 1844.0
38 36 45 0.0 4.0 1.0 358.0 3179.0 55.0 20.0
38 36 46 0.0 0.0 0.0 8.0 57.0 1.0 0.0
38 37 33 0.0 0.0 0.0 0.0 1.0 0.0 0.0
38 37 34 0.0 0.0 2.0 27.0 343.0 6.0 0.0
38 37 35 0.0 2.0 19.0 1019.0 12882.0 222.0 420.0
38 37 36 0.0 17.0 44.0 4620.0 47996.0 604.0 14897.0
38 37 37 0.0 17.0 64.0 4096.0 44634.0 441.0 57344.0
38 37 38 0.0 10.0 77.0 3968.0 33575.0 232.0 84492.0
38 37 39 0.0 12.0 51.0 3442.0 27740.0 184.0 97675.0
38 37 40 0.0 17.0 68.0 3304.0 26288.0 158.0 100665.0
38 37 41 0.0 8.0 66.0 3376.0 28648.0 214.0 95895.0
38 37 42 0.0 13.0 44.0 3917.0 34568.0 260.0 82546.0
38 37 43 0.0 6.0 57.0 4628.0 46002.0 438.0 53212.0
38 37 44 0.0 10.0 53.0 4402.0 47698.0 594.0 14387.0
38 37 45 0.0 2.0 26.0 1129.0 11365.0 178.0 306.0
38 37 46 0.0 0.0 0.0 25.0 344.0 4.0 0.0
38 38 34 0.0 0.0 0.0 96.0 1039.0 21.0 0.0
38 38 35 0.0 5.0 36.0 2157.0 25344.0 424.0 1812.0
38 38 36 0.0 18.0 71.0 4750.0 51720.0 551.0 33476.0
38 38 37 0.0 25.0 53.0 3249.0 34969.0 259.0 82375.0
38 38 38 0.0 9.0 46.0 2168.0 21285.0 117.0 117139.0
38 38 39 0.0 2.0 35.0 1892.0 16464.0 83.0 128958.0
38 38 40 0.0 6.0 36.0 1759.0 14995.0 86.0 132241.0
38 38 41 0.0 8.0 36.0 1812.0 16790.0 87.0 128190.0
38 38 42 0.0 10.0 39.0 2269.0 21624.0 125.0 115677.0
38 38 43 0.0 8.0 52.0 3666.0 35078.0 277.0 81532.0
38 38 44 0.0 5.0 61.0 4793.0 51551.0 544.0 31239.0
38 38 45 0.0 1.0 41.0 2185.0 22766.0 374.0 1377.0
38 38 46 0.0 0.0 4.0 84.0 1046.0 18.0 2.0
38 38 47 0.0 0.0 0.0 0.0 2.0 0.0 0.0
38 39 33 0.0 0.0 0.0 0.0 1.0 0.0 0.0
38 39 34 0.0 0.0 4.0 186.0 1763.0 37.0 7.0
38 39 35 0.0 19.0 48.0 2877.0 32829.0 494.0 3698.0
38 39 36 0.0 35.0 99.0 4977.0 49054.0 484.0 44287.0
38 39 37 0.0 30.0 61.0 3127.0 29303.0 205.0 95855.0
38 39 38 0.0 12.0 21.0 1811.0 16370.0 73.0 128775.0
38 39 39 0.0 12.0 16.0 1453.0 11839.0 53.0 139620.0
38 39 40 0.0 7.0 26.0 1192.0 11140.0 46.0 141813.0
38 39 41 0.0 4.0 37.0 1405.0 12299.0 60.0 138623.0
38 39 42 0.0 16.0 40.0 1676.0 17162.0 82.0 127288.0
38 39 43 0.0 14.0 55.0 3036.0 29353.0 198.0 95233.0
38 39 44 0.0 10.0 88.0 4685.0 49243.0 462.0 44173.0
38 39 45 0.0 6.0 27.0 3248.0 31585.0 493.0 3409.0
38 39 46 0.0 0.0 0.0 142.0 1670.0 28.0 0.0
38 39 47 0.0 0.0 0.0 0.0 4.0 0.0 0.0
38 40 34 0.0 0.0 1.0 175.0 1970.0 32.0 1.0
38 40 35 0.0 6.0 61.0 3053.0 35441.0 530.0 4350.0
38 40 36 0.0 16.0 90.0 4850.0 47258.0 416.0 49026.0
38 40 37 0.0 27.0 61.0 3056.0 27866.0 161.0 98636.0
38 40 38 0.0 14.0 36.0 1745.0 15301.0 69.0 131520.0
38 40 39 0.0 11.0 28.0 1305.0 10943.0 46.0 141870.0
38 40 40 0.0 4.0 20.0 1150.0 9804.0 39.0 144933.0
38 40 41 0.0 7.0 21.0 1238.0 10806.0 36.0 142207.0
38 40 42 0.0 9.0 46.0 1561.0 15374.0 77.0 131463.0
38 40 43 0.0 7.0 71.0 2686.0 27902.0 184.0 98958.0
38 40 44 0.0 7.0 96.0 4642.0 47903.0 499.0 48681.0
38 40 45 0.0 6.0 57.0 3468.0 34092.0 565.0 4147.0
38 40 46 0.0 1.0 3.0 205.0 2202.0 32.0 8.0
38 40 47 0.0 0.0 0.0 0.0 3.0 0.0 0.0
38 41 33 0.0 0.0 0.0 1.0 1.0 0.0 0.0
38 41 34 0.0 0.0 3.0 193.0 1672.0 26.0 5.0
38 41 35 0.0 11.0 61.0 3163.0 30923.0 418.0 3259.0
38 41 36 0.0 18.0 130.0 5302.0 48661.0 484.0 44118.0
38 41 37 0.0 20.0 71.0 3348.0 29415.0 197.0 94599.0
38 41 38 0.0 8.0 38.0 1967.0 16942.0 107.0 127186.0
38 41 39 0.0 12.0 34.0 1449.0 12448.0 57.0 138738.0
38 41 40 0.0 7.0 36.0 1253.0 10764.0 46.0 142799.0
38 41 41 0.0 9.0 26.0 1317.0 12206.0 49.0 139984.0
38 41 42 0.0 12.0 37.0 1762.0 17001.0 88.0 127331.0
38 41 43 0.0 8.0 68.0 3039.0 29478.0 216.0 95085.0
38 41 44 0.0 5.0 93.0 4436.0 49101.0 510.0 44468.0
38 41 45 0.0 1.0 37.0 3362.0 32032.0 510.0 3431.0
38 41 46 0.0 0.0 3.0 185.0 1798.0 21.0 3.0
38 41 47 0.0 0.0 0.0 0.0 4.0 1.0 0.0
38 42 34 0.0 0.0 0.0 85.0 1020.0 18.0 1.0
38 42 35 0.0 5.0 47.0 2276.0 22945.0 389.0 1529.0
38 42 36 0.0 9.0 52.0 5791.0 51201.0 588.0 30013.0
38 42 37 0.0 15.0 81.0 3701.0 35849.0 284.0 80400.0
38 42 38 0.0 10.0 50.0 2352.0 22523.0 139.0 114071.0
38 42 39 0.0 6.0 52.0 1783.0 17163.0 87.0 127570.0
38 42 40 0.0 11.0 50.0 1626.0 15514.0 76.0 131205.0
38 42 41 0.0 5.0 49.0 1812.0 16965.0 83.0 128039.0
38 42 42 0.0 17.0 47.0 2223.0 21523.0 127.0 116677.0
38 42 43 0.0 14.0 75.0 3587.0 35127.0 329.0 81452.0
38 42 44 0.0 11.0 70.0 5274.0 50925.0 528.0 32164.0
38 42 45 0.0 3.0 46.0 2391.0 23602.0 366.0 1566.0
38 42 46 0.0 0.0 1.0 83.0 947.0 18.0 1.0
38 42 47 0.0 0.0 0.0 0.0 1.0 0.0 0.0
38 43 34 0.0 0.0 0.0 42.0 286.0 11.0 1.0
38 43 35 0.0 4.0 26.0 1010.0 10967.0 183.0 259.0
38 43 36 0.0 6.0 50.0 4542.0 46599.0 593.0 12664.0
38 43 37 0.0 11.0 74.0 4494.0 46589.0 438.0 51711.0
38 43 38 0.0 11.0 104.0 3746.0 35671.0 293.0 79206.0
38 43 39 0.0 14.0 72.0 3201.0 29817.0 204.0 94447.0
38 43 40 0.0 12.0 62.0 2892.0 28260.0 178.0 98361.0
38 43 41 0.0 16.0 58.0 3038.0 29517.0 232.0 94939.0
38 43 42 0.0 23.0 68.0 3521.0 35299.0 286.0 81848.0
38 43 43 0.0 9.0 71.0 4426.0 44922.0 395.0 55309.0
38 43 44 0.0 9.0 110.0 4084.0 48084.0 592.0 13967.0
38 43 45 0.0 2.0 17.0 1241.0 12142.0 190.0 322.0
38 43 46 0.0 0.0 2.0 30.0 315.0 6.0 0.0
38 43 47 0.0 0.0 0.0 0.0 1.0 0.0 0.0
38 44 34 0.0 0.0 0.0 9.0 46.0 0.0 0.0
38 44 35 0.0 0.0 2.0 330.0 3148.0 62.0 15.0
38 44 36 0.0 13.0 20.0 1981.0 23505.0 387.0 1570.0
38 44 37 0.0 9.0 92.0 5113.0 45957.0 587.0 12722.0
38 44 38 0.0 28.0 108.0 5347.0 51867.0 611.0 29557.0
38 44 39 0.0 22.0 146.0 4986.0 48834.0 469.0 43763.0
38 44 40 0.0 4.0 109.0 4780.0 47932.0 490.0 48115.0
38 44 41 0.0 14.0 106.0 4752.0 49550.0 486.0 43099.0
38 44 42 0.0 26.0 100.0 4880.0 51712.0 525.0 31759.0
38 44 43 0.0 16.0 123.0 4987.0 47139.0 587.0 13817.0
38 44 44 0.0 3.0 36.0 2147.0 26320.0 407.0 2181.0
38 44 45 0.0 0.0 9.0 316.0 3783.0 63.0 23.0
38 44 46 0.0 0.0 0.0 1.0 36.0 0.0 0.0
38 45 34 0.0 0.0 0.0 0.0 1.0 0.0 0.0
38 45 35 0.0 0.0 0.0 18.0 324.0 7.0 0.0
38 45 36 0.0 2.0 4.0 239.0 2780.0 56.0 9.0
38 45 37 0.0 8.0 15.0 1159.0 10673.0 192.0 247.0
38 45 38 0.0 3.0 56.0 2470.0 22788.0 353.0 1362.0
38 45 39 0.0 15.0 74.0 3090.0 31123.0 468.0 3210.0
38 45 40 0.0 13.0 70.0 3115.0 35387.0 540.0 4296.0
38 45 41 0.0 4.0 68.0 2903.0 31690.0 477.0 3284.0
38 45 42 0.0 10.0 21.0 2146.0 23536.0 371.0 1535.0
38 45 43 0.0 4.0 27.0 985.0 12630.0 226.0 361.0
38 45 44 0.0 3.0 6.0 364.0 3734.0 78.0 29.0
38 45 45 0.0 0.0 1.0 32.0 411.0 9.0 0.0
38 45 46 0.0 0.0 0.0 0.0 2.0 0.0 0.0
38 46 35 0.0 0.0 0.0 3.0 4.0 0.0 0.0
38 46 36 0.0 0.0 0.0 1.0 27.0 1.0 0.0
38 46 37 0.0 0.0 0.0 37.0 294.0 6.0 0.0
38 46 38 0.0 0.0 0.0 71.0 867.0 20.0 1.0
38 46 39 0.0 0.0 0.0 196.0 1528.0 32.0 7.0
38 46 40 0.0 0.0 5.0 170.0 1990.0 36.0 6.0
38 46 41 0.0 0.0 2.0 185.0 1742.0 39.0 3.0
38 46 42 0.0 0.0 3.0 104.0 901.0 22.0 3.0
38 46 43 0.0 0.0 0.0 40.0 297.0 5.0 0.0
38 46 44 0.0 0.0 0.0 2.0 55.0 1.0 0.0
38 46 45 0.0 0.0 0.0 0.0 4.0 0.0 0.0
38 47 39 0.0 0.0 0.0 0.0 2.0 0.0 0.0
38 47 40 0.0 0.0 0.0 1.0 1.0 0.0 0.0
38 47 41 0.0 0.0 0.0 1.0 4.0 0.0 0.0
38 47 42 0.0 0.0 0.0 0.0 2.0 0.0 0.0
39 33 36 0.0 0.0 0.0 0.0 1.0 0.0 0.0
39 33 38 0.0 0.0 0.0 0.0 4.0 0.0 0.0
39 33 39 0.0 0.0 0.0 0.0 12.0 0.0 0.0
39 33 40 0.0 0.0 0.0 2.0 7.0 0.0 0.0
39 33 41 0.0 0.0 0.0 0.0 5.0 0.0 0.0
39 33 42 0.0 0.0 0.0 0.0 1.0 0.0 0.0
39 33 43 0.0 0.0 0.0 0.0 1.0 0.0 0.0
39 34 35 0.0 0.0 0.0 4.0 13.0 0.0 0.0
39 34 36 0.0 0.0 0.0 13.0 139.0 4.0 0.0
39 34 37 0.0 0.0 0.0 82.0 672.0 14.0 0.0
39 34 38 0.0 1.0 3.0 262.0 1898.0 35.0 8.0
39 34 39 0.0 0.0 7.0 457.0 3276.0 59.0 17.0
39 34 40 0.0 3.0 9.0 505.0 4113.0 72.0 31.0
39 34 41 0.0 0.0 2.0 420.0 3286.0 68.0 14.0
39 34 42 0.0 0.0 0.0 291.0 1666.0 34.0 6.0
39 34 43 0.0 0.0 0.0 81.0 698.0 4.0 0.0
39 34 44 0.0 0.0 0.0 17.0 104.0 4.0 0.0
39 34 45 0.0 0.0 0.0 2.0 3.0 0.0 0.0
39 35 34 0.0 0.0 0.0 1.0 7.0 0.0 0.0
39 35 35 0.0 0.0 1.0 52.0 662.0 10.0 0.0
39 35 36 0.0 0.0 8.0 724.0 6217.0 112.0 75.0
39 35 37 0.0 4.0 23.0 2291.0 18638.0 301.0 940.0
39 35 38 0.0 12.0 33.0 4184.0 33455.0 510.0 4334.0
39 35 39 0.0 21.0 52.0 5339.0 40916.0 568.0 7790.0
39 35 40 0.0 7.0 47.0 6017.0 42733.0 619.0 9493.0
39 35 41 0.0 16.0 61.0 5178.0 40750.0 561.0 7596.0
39 35 42 0.0 28.0 55.0 4669.0 31654.0 516.0 3740.0
39 35 43 0.0 2.0 26.0 2136.0 17922.0 305.0 866.0
39 35 44 0.0 2.0 7.0 682.0 5281.0 94.0 66.0
39 35 45 0.0 1.0 0.0 57.0 604.0 12.0 2.0
39 35 46 0.0 0.0 0.0 2.0 5.0 0.0 0.0
39 36 34 0.0 0.0 1.0 13.0 124.0 2.0 0.0
39 36 35 0.0 0.0 8.0 551.0 5668.0 103.0 67.0
39 36 36 0.0 9.0 44.0 3185.0 34873.0 516.0 4757.0
39 36 37 0.0 29.0 96.0 6281.0 49772.0 566.0 25809.0
39 36 38 0.0 22.0 88.0 5913.0 47244.0 427.0 46980.0
39 36 39 0.0 29.0 68.0 5750.0 42006.0 376.0 60393.0
39 36 40 0.0 16.0 66.0 5373.0 41075.0 359.0 63342.0
39 36 41 0.0 20.0 75.0 5722.0 42682.0 388.0 57896.0
39 36 42 0.0 18.0 76.0 5940.0 47996.0 438.0 44388.0
39 36 43 0.0 18.0 56.0 5862.0 50377.0 591.0 22868.0
39 36 44 0.0 11.0 44.0 3374.0 33403.0 551.0 4103.0
39 36 45 0.0 9.0 8.0 544.0 5566.0 99.0 67.0
39 36 46 0.0 0.0 0.0 12.0 96.0 0.0 0.0
39 36 47 0.0 0.0 0.0 0.0 1.0 0.0 0.0
39 37 33 0.0 0.0 0.0 2.0 1.0 0.0 0.0
39 37 34 0.0 2.0 2.0 55.0 638.0 11.0 0.0
39 37 35 0.0 2.0 48.0 1533.0 19029.0 314.0 876.0
39 37 36 0.0 12.0 39.0 4925.0 50886.0 580.0 24304.0
39 37 37 0.0 25.0 67.0 3974.0 39644.0 331.0 69906.0
39 37 38 0.0 15.0 74.0 3305.0 28083.0 194.0 97672.0
39 37 39 0.0 12.0 32.0 3018.0 22641.0 156.0 109224.0
39 37 40 0.0 8.0 43.0 2782.0 21450.0 146.0 112548.0
39 37 41 0.0 14.0 54.0 2973.0 23180.0 172.0 108855.0
39 37 42 0.0 17.0 78.0 3544.0 28877.0 186.0 95494.0
39 37 43 0.0 16.0 69.0 4157.0 39726.0 321.0 69129.0
39 37 44 0.0 13.0 75.0 5287.0 50575.0 627.0 23207.0
39 37 45 0.0 3.0 47.0 1660.0 17653.0 274.0 761.0
39 37 46 0.0 0.0 0.0 50.0 634.0 10.0 0.0
39 38 34 0.0 0.0 4.0 155.0 1811.0 36.0 8.0
39 38 35 0.0 5.0 40.0 2799.0 33965.0 521.0 4007.0
39 38 36 0.0 20.0 107.0 4207.0 49020.0 485.0 46038.0
39 38 37 0.0 13.0 50.0 2816.0 29105.0 190.0 96694.0
39 38 38 0.0 5.0 42.0 1835.0 16495.0 78.0 128502.0
39 38 39 0.0 5.0 34.0 1545.0 11525.0 65.0 140167.0
39 38 40 0.0 7.0 32.0 1327.0 10445.0 48.0 142850.0
39 38 41 0.0 4.0 28.0 1508.0 11916.0 58.0 139162.0
39 38 42 0.0 12.0 26.0 1813.0 16936.0 85.0 127145.0
39 38 43 0.0 7.0 60.0 3032.0 28938.0 191.0 96111.0
39 38 44 0.0 9.0 113.0 4744.0 49357.0 481.0 44049.0
39 38 45 0.0 3.0 57.0 2966.0 33181.0 514.0 3757.0
39 38 46 0.0 0.0 8.0 126.0 1733.0 31.0 3.0
39 38 47 0.0 0.0 0.0 0.0 4.0 0.0 0.0
39 39 33 0.0 0.0 0.0 0.0 2.0 0.0 0.0
39 39 34 0.0 1.0 1.0 276.0 3032.0 51.0 16.0
39 39 35 0.0 6.0 79.0 3637.0 40977.0 580.0 7036.0
39 39 36 0.0 17.0 82.0 4034.0 44460.0 370.0 58821.0
39 39 37 0.0 13.0 43.0 2444.0 23725.0 163.0 108644.0
39 39 38 0.0 19.0 36.0 1314.0 12271.0 56.0 139620.0
39 39 39 0.0 5.0 21.0 804.0 6725.0 15.0 161223.0
39 39 40 0.0 5.0 19.0 717.0 5975.0 24.0 161260.0
39 39 41 0.0 7.0 19.0 784.0 6835.0 28.0 160009.0
39 39 42 0.0 15.0 33.0 1330.0 12431.0 71.0 138897.0
39 39 43 0.0 7.0 46.0 2393.0 24399.0 163.0 107463.0
39 39 44 0.0 12.0 74.0 4463.0 44491.0 408.0 56889.0
39 39 45 0.0 11.0 68.0 3864.0 40845.0 588.0 7066.0
39 39 46 0.0 0.0 3.0 314.0 3162.0 71.0 17.0
39 39 47 0.0 0.0 0.0 0.0 6.0 0.0 0.0
39 40 33 0.0 0.0 0.0 0.0 4.0 0.0 0.0
39 40 34 0.0 0.0 12.0 391.0 3612.0 72.0 18.0
39 40 35 0.0 5.0 99.0 4160.0 43351.0 573.0 8573.0
39 40 36 0.0 21.0 81.0 3933.0 43409.0 423.0 61448.0
39 40 37 0.0 5.0 56.0 2402.0 22680.0 149.0 111269.0
39 40 38 0.0 6.0 26.0 1174.0 10954.0 53.0 142106.0
39 40 39 0.0 3.0 16.0 639.0 6024.0 18.0 160849.0
39 40 40 0.0 4.0 15.0 583.0 5064.0 11.0 162896.0
39 40 41 0.0 2.0 17.0 673.0 6169.0 19.0 160516.0
39 40 42 0.0 6.0 35.0 1155.0 11072.0 49.0 141797.0
39 40 43 0.0 17.0 53.0 2349.0 22804.0 145.0 110490.0
39 40 44 0.0 13.0 74.0 4331.0 42585.0 356.0 61487.0
39 40 45 0.0 6.0 68.0 4332.0 42623.0 560.0 8502.0
39 40 46 0.0 1.0 12.0 357.0 3559.0 77.0 12.0
39 40 47 0.0 0.0 0.0 0.0 7.0 0.0 0.0
39 41 33 0.0 0.0 0.0 0.0 2.0 0.0 0.0
39 41 34 0.0 0.0 6.0 283.0 2909.0 46.0 16.0
39 41 35 0.0 12.0 92.0 3706.0 40149.0 539.0 6677.0
39 41 36 0.0 13.0 79.0 4330.0 45346.0 415.0 56980.0
39 41 37 0.0 9.0 56.0 2392.0 23940.0 160.0 107375.0
39 41 38 0.0 5.0 19.0 1404.0 12390.0 62.0 138264.0
39 41 39 0.0 5.0 15.0 729.0 7027.0 15.0 158870.0
39 41 40 0.0 8.0 22.0 648.0 6131.0 12.0 161567.0
39 41 41 0.0 9.0 20.0 757.0 7077.0 14.0 160041.0
39 41 42 0.0 9.0 27.0 1293.0 12376.0 57.0 139054.0
39 41 43 0.0 11.0 51.0 2479.0 24099.0 157.0 107995.0
39 41 44 0.0 13.0 98.0 4617.0 44362.0 409.0 57167.0
39 41 45 0.0 10.0 76.0 4163.0 40586.0 610.0 6786.0
39 41 46 0.0 1.0 9.0 353.0 2962.0 63.0 10.0
39 41 47 0.0 0.0 0.0 0.0 2.0 0.0 0.0
39 42 33 0.0 0.0 0.0 0.0 2.0 0.0 0.0
39 42 34 0.0 0.0 1.0 134.0 1805.0 29.0 1.0
39 42 35 0.0 3.0 67.0 3013.0 31555.0 475.0 3209.0
39 42 36 0.0 37.0 64.0 4747.0 49692.0 484.0 42619.0
39 42 37 0.0 11.0 68.0 2986.0 30064.0 202.0 93501.0
39 42 38 0.0 10.0 38.0 1830.0 17063.0 72.0 127179.0
39 42 39 0.0 6.0 40.0 1351.0 12202.0 45.0 138949.0
39 42 40 0.0 6.0 27.0 1218.0 11237.0 50.0 141904.0
39 42 41 0.0 8.0 33.0 1245.0 12101.0 52.0 139554.0
39 42 42 0.0 6.0 53.0 1672.0 16575.0 85.0 129556.0
39 42 43 0.0 6.0 100.0 2892.0 29245.0 196.0 95901.0
39 42 44 0.0 6.0 106.0 4953.0 48621.0 441.0 44763.0
39 42 45 0.0 2.0 65.0 3209.0 32587.0 482.0 3517.0
39 42 46 0.0 0.0 12.0 171.0 1880.0 31.0 6.0
39 42 47 0.0 0.0 0.0 0.0 2.0 0.0 0.0
39 43 33 0.0 0.0 0.0 0.0 1.0 0.0 0.0
39 43 34 0.0 0.0 1.0 48.0 554.0 8.0 0.0
39 43 35 0.0 9.0 10.0 1734.0 17151.0 310.0 692.0
39 43 36 0.0 14.0 78.0 4976.0 50740.0 601.0 22085.0
39 43 37 0.0 6.0 48.0 3759.0 41490.0 371.0 66504.0
39 43 38 0.0 14.0 55.0 3105.0 30153.0 227.0 93235.0
39 43 39 0.0 11.0 46.0 2458.0 23954.0 168.0 107380.0
39 43 40 0.0 8.0 76.0 2327.0 22637.0 131.0 111011.0
39 43 41 0.0 9.0 83.0 2468.0 24194.0 144.0 107802.0
39 43 42 0.0 12.0 74.0 2940.0 29413.0 212.0 96027.0
39 43 43 0.0 13.0 104.0 3787.0 39836.0 343.0 69225.0
39 43 44 0.0 12.0 168.0 4689.0 51450.0 577.0 23503.0
39 43 45 0.0 2.0 51.0 1693.0 18645.0 342.0 865.0
39 43 46 0.0 0.0 1.0 55.0 627.0 13.0 1.0
39 44 34 0.0 0.0 0.0 8.0 92.0 1.0 0.0
39 44 35 0.0 0.0 8.0 469.0 5407.0 96.0 54.0
39 44 36 0.0 5.0 34.0 2892.0 32690.0 503.0 3848.0
39 44 37 0.0 33.0 61.0 4712.0 50873.0 605.0 20899.0
39 44 38 0.0 31.0 104.0 5550.0 48464.0 481.0 43148.0
39 44 39 0.0 23.0 72.0 4601.0 44988.0 434.0 55967.0
39 44 40 0.0 11.0 90.0 4264.0 42952.0 361.0 61672.0
39 44 41 0.0 14.0 105.0 4395.0 44716.0 356.0 57358.0
39 44 42 0.0 11.0 98.0 4925.0 48766.0 484.0 44757.0
39 44 43 0.0 13.0 133.0 4540.0 51434.0 590.0 23984.0
39 44 44 0.0 5.0 73.0 3264.0 34406.0 522.0 4414.0
39 44 45 0.0 7.0 6.0 586.0 5572.0 91.0 51.0
39 44 46 0.0 0.0 0.0 10.0 116.0 2.0 0.0
39 45 34 0.0 0.0 0.0 0.0 4.0 0.0 0.0
39 45 35 0.0 0.0 0.0 49.0 463.0 12.0 0.0
39 45 36 0.0 0.0 19.0 455.0 5214.0 92.0 47.0
39 45 37 0.0 4.0 22.0 1637.0 16456.0 284.0 720.0
39 45 38 0.0 16.0 43.0 2993.0 30708.0 450.0 3023.0
39 45 39 0.0 17.0 77.0 4485.0 39525.0 570.0 6664.0
39 45 40 0.0 13.0 56.0 4331.0 43114.0 584.0 8511.0
39 45 41 0.0 8.0 68.0 3803.0 41120.0 589.0 6874.0
39 45 42 0.0 8.0 83.0 3367.0 31906.0 461.0 3506.0
39 45 43 0.0 5.0 24.0 1735.0 18076.0 312.0 795.0
39 45 44 0.0 0.0 17.0 610.0 5767.0 104.0 49.0
39 45 45 0.0 0.0 1.0 49.0 638.0 12.0 0.0
39 45 46 0.0 0.0 0.0 0.0 9.0 0.0 0.0
39 46 35 0.0 0.0 0.0 0.0 8.0 1.0 0.0
39 46 36 0.0 0.0 0.0 14.0 80.0 2.0 0.0
39 46 37 0.0 0.0 0.0 85.0 469.0 9.0 1.0
39 46 38 0.0 0.0 4.0 183.0 1506.0 29.0 2.0
39 46 39 0.0 3.0 0.0 347.0 2824.0 57.0 14.0
39 46 40 0.0 3.0 3.0 372.0 3665.0 68.0 19.0
39 46 41 0.0 0.0 3.0 270.0 3055.0 54.0 17.0
39 46 42 0.0 1.0 1.0 207.0 1730.0 37.0 4.0
39 46 43 0.0 0.0 3.0 68.0 605.0 10.0 2.0
39 46 44 0.0 0.0 0.0 5.0 152.0 5.0 0.0
39 46 45 0.0 0.0 0.0 3.0 2.0 0.0 0.0
39 47 38 0.0 0.0 0.0 0.0 3.0 0.0 0.0
39 47 39 0.0 0.0 0.0 0.0 5.0 0.0 0.0
39 47 40 0.0 0.0 0.0 0.0 7.0 0.0 0.0
39 47 41 0.0 0.0 0.0 1.0 4.0 0.0 0.0
39 47 42 0.0 0.0 0.0 0.0 3.0 0.0 0.0
40 33 36 0.0 0.0 0.0 0.0 1.0 0.0 0.0
40 33 38 0.0 0.0 0.0 0.0 6.0 0.0 0.0
40 33 39 0.0 0.0 0.0 0.0 6.0 0.0 0.0
40 33 40 0.0 0.0 0.0 0.0 8.0 0.0 0.0
40 33 41 0.0 0.0 0.0 0.0 3.0 0.0 0.0
40 33 43 0.0 0.0 0.0 0.0 1.0 0.0 0.0
40 34 35 0.0 0.0 0.0 0.0 17.0 0.0 0.0
40 34 36 0.0 0.0 0.0 41.0 134.0 5.0 0.0
40 34 37 0.0 1.0 2.0 113.0 889.0 14.0 2.0
40 34 38 0.0 0.0 1.0 362.0 2376.0 42.0 8.0
40 34 39 0.0 2.0 7.0 506.0 4005.0 71.0 27.0
40 34 40 0.0 2.0 14.0 615.0 4560.0 80.0 35.0
40 34 41 0.0 5.0 1.0 596.0 3635.0 71.0 22.0
40 34 42 0.0 1.0 10.0 262.0 2143.0 37.0 5.0
40 34 43 0.0 0.0 2.0 109.0 852.0 16.0 2.0
40 34 44 0.0 0.0 0.0 22.0 160.0 2.0 0.0
40 34 45 0.0 0.0 0.0 3.0 3.0 0.0 0.0
40 35 34 0.0 0.0 0.0 3.0 6.0 0.0 0.0
40 35 35 0.0 0.0 0.0 97.0 872.0 21.0 3.0
40 35 36 0.0 6.0 9.0 897.0 6788.0 129.0 114.0
40 35 37 0.0 5.0 19.0 2942.0 20684.0 328.0 1268.0
40 35 38 0.0 20.0 36.0 5356.0 34860.0 510.0 5116.0
40 35 39 0.0 21.0 71.0 5721.0 42692.0 605.0 9129.0
40 35 40 0.0 17.0 78.0 6632.0 44059.0 580.0 11317.0
40 35 41 0.0 15.0 75.0 5972.0 41948.0 542.0 9051.0
40 35 42 0.0 15.0 50.0 4708.0 34773.0 523.0 4890.0
40 35 43 0.0 3.0 20.0 2934.0 19974.0 337.0 1176.0
40 35 44 0.0 3.0 2.0 780.0 6659.0 124.0 87.0
40 35 45 0.0 0.0 1.0 49.0 807.0 17.0 0.0
40 35 46 0.0 0.0 0.0 0.0 8.0 0.0 0.0
40 36 34 0.0 0.0 7.0 10.0 151.0 3.0 0.0
40 36 35 0.0 0.0 17.0 679.0 7107.0 124.0 93.0
40 36 36 0.0 6.0 35.0 3578.0 36317.0 529.0 5500.0
40 36 37 0.0 40.0 61.0 6560.0 50256.0 596.0 27481.0
40 36 38 0.0 13.0 72.0 6213.0 45220.0 426.0 50581.0
40 36 39 0.0 16.0 71.0 5867.0 40046.0 362.0 63740.0
40 36 40 0.0 22.0 49.0 5732.0 38896.0 325.0 66479.0
40 36 41 0.0 32.0 56.0 5903.0 41052.0 386.0 61917.0
40 36 42 0.0 20.0 85.0 6133.0 45888.0 451.0 49223.0
40 36 43 0.0 19.0 125.0 6482.0 50002.0 583.0 26513.0
40 36 44 0.0 14.0 44.0 3667.0 36479.0 490.0 5364.0
40 36 45 0.0 1.0 8.0 667.0 6444.0 117.0 76.0
40 36 46 0.0 0.0 0.0 15.0 155.0 2.0 0.0
40 37 34 0.0 0.0 0.0 72.0 781.0 14.0 1.0
40 37 35 0.0 3.0 46.0 1786.0 22089.0 384.0 1316.0
40 37 36 0.0 19.0 85.0 4818.0 51669.0 585.0 27837.0
40 37 37 0.0 25.0 73.0 3962.0 37810.0 316.0 73830.0
40 37 38 0.0 17.0 43.0 3391.0 26293.0 169.0 101091.0
40 37 39 0.0 14.0 44.0 2990.0 21294.0 121.0 112547.0
40 37 40 0.0 17.0 38.0 2969.0 20018.0 105.0 115275.0
40 37 41 0.0 13.0 42.0 2947.0 21655.0 150.0 111518.0
40 37 42 0.0 11.0 37.0 3501.0 27352.0 205.0 99449.0
40 37 43 0.0 16.0 100.0 4178.0 38031.0 326.0 72859.0
40 37 44 0.0 26.0 114.0 4841.0 51671.0 575.0 27256.0
40 37 45 0.0 3.0 28.0 2055.0 20417.0 340.0 1125.0
40 37 46 0.0 0.0 0.0 74.0 859.0 16.0 1.0
40 38 33 0.0 0.0 0.0 1.0 4.0 0.0 0.0
40 38 34 0.0 0.0 5.0 190.0 2271.0 46.0 8.0
40 38 35 0.0 5.0 53.0 3267.0 36834.0 541.0 4738.0
40 38 36 0.0 8.0 63.0 4462.0 47522.0 447.0 49773.0
40 38 37 0.0 20.0 71.0 2774.0 27551.0 179.0 100213.0
40 38 38 0.0 16.0 42.0 1735.0 15133.0 72.0 132353.0
40 38 39 0.0 9.0 33.0 1358.0 10720.0 48.0 142635.0
40 38 40 0.0 10.0 25.0 1227.0 9278.0 46.0 145604.0
40 38 41 0.0 6.0 25.0 1424.0 10701.0 43.0 141825.0
40 38 42 0.0 14.0 39.0 1852.0 15195.0 80.0 132002.0
40 38 43 0.0 14.0 65.0 3084.0 27572.0 213.0 99218.0
40 38 44 0.0 15.0 83.0 4636.0 47841.0 445.0 49007.0
40 38 45 0.0 19.0 51.0 3673.0 34894.0 521.0 4393.0
40 38 46 0.0 0.0 2.0 200.0 1913.0 32.0 3.0
40 38 47 0.0 0.0 0.0 0.0 1.0 0.0 0.0
40 39 33 0.0 0.0 0.0 1.0 4.0 0.0 0.0
40 39 34 0.0 3.0 2.0 328.0 3907.0 67.0 20.0
40 39 35 0.0 4.0 49.0 3876.0 44206.0 614.0 9085.0
40 39 36 0.0 12.0 63.0 3779.0 43499.0 377.0 61849.0
40 39 37 0.0 8.0 45.0 2079.0 22201.0 114.0 112413.0
40 39 38 0.0 9.0 28.0 1130.0 11209.0 58.0 141323.0
40 39 39 0.0 7.0 13.0 698.0 5997.0 17.0 161561.0
40 39 40 0.0 2.0 22.0 628.0 4868.0 14.0 165619.0
40 39 41 0.0 4.0 17.0 764.0 6123.0 11.0 160481.0
40 39 42 0.0 10.0 26.0 1204.0 10953.0 49.0 141506.0
40 39 43 0.0 10.0 56.0 2427.0 22629.0 134.0 111467.0
40 39 44 0.0 13.0 88.0 4236.0 42470.0 357.0 62569.0
40 39 45 0.0 3.0 96.0 4387.0 43020.0 555.0 8558.0
40 39 46 0.0 1.0 3.0 346.0 3567.0 73.0 22.0
40 39 47 0.0 0.0 0.0 0.0 3.0 0.0 0.0
40 40 33 0.0 0.0 0.0 1.0 5.0 0.0 0.0
40 40 34 0.0 0.0 4.0 368.0 4430.0 81.0 18.0
40 40 35 0.0 10.0 63.0 4383.0 45939.0 606.0 10666.0
40 40 36 0.0 16.0 78.0 3921.0 41616.0 409.0 65648.0
40 40 37 0.0 13.0 58.0 2062.0 21382.0 127.0 114661.0
40 40 38 0.0 1.0 28.0 1081.0 9868.0 44.0 144051.0
40 40 39 0.0 3.0 10.0 566.0 5170.0 23.0 163043.0
40 40 40 0.0 4.0 10.0 397.0 3454.0 4.0 182231.0
40 40 41 0.0 2.0 24.0 587.0 5013.0 18.0 163991.0
40 40 42 0.0 4.0 33.0 1032.0 9555.0 43.0 145204.0
40 40 43 0.0 12.0 44.0 2182.0 21296.0 128.0 114342.0
40 40 44 0.0 35.0 82.0 4504.0 40922.0 371.0 65763.0
40 40 45 0.0 4.0 72.0 4653.0 45343.0 620.0 10356.0
40 40 46 0.0 0.0 4.0 419.0 4538.0 89.0 31.0
40 40 47 0.0 0.0 0.0 1.0 6.0 1.0 0.0
40 41 33 0.0 0.0 0.0 0.0 4.0 0.0 0.0
40 41 34 0.0 0.0 3.0 338.0 3713.0 63.0 18.0
40 41 35 0.0 8.0 87.0 3937.0 43994.0 600.0 8746.0
40 41 36 0.0 15.0 69.0 3995.0 43138.0 356.0 61604.0
40 41 37 0.0 6.0 36.0 2190.0 22763.0 129.0 111448.0
40 41 38 0.0 5.0 42.0 1101.0 11263.0 50.0 141650.0
40 41 39 0.0 4.0 17.0 673.0 6203.0 20.0 161321.0
40 41 40 0.0 2.0 16.0 528.0 5173.0 19.0 163061.0
40 41 41 0.0 3.0 18.0 656.0 6167.0 15.0 162511.0
40 41 42 0.0 5.0 43.0 1225.0 10995.0 57.0 142033.0
40 41 43 0.0 7.0 68.0 2297.0 22137.0 136.0 112228.0
40 41 44 0.0 14.0 111.0 4469.0 42746.0 355.0 61890.0
40 41 45 0.0 20.0 83.0 4618.0 43504.0 590.0 8846.0
40 41 46 0.0 0.0 6.0 352.0 3907.0 72.0 21.0
40 41 47 0.0 0.0 0.0 0.0 1.0 0.0 0.0
40 42 33 0.0 0.0 0.0 0.0 2.0 0.0 0.0
40 42 34 0.0 1.0 0.0 259.0 2163.0 34.0 8.0
40 42 35 0.0 10.0 39.0 3314.0 35226.0 538.0 4384.0
40 42 36 0.0 24.0 78.0 4414.0 48215.0 443.0 48038.0
40 42 37 0.0 4.0 70.0 2592.0 28156.0 213.0 98829.0
40 42 38 0.0 6.0 48.0 1523.0 15838.0 80.0 130790.0
40 42 39 0.0 9.0 35.0 1088.0 11201.0 46.0 141586.0
40 42 40 0.0 5.0 40.0 993.0 9807.0 37.0 144850.0
40 42 41 0.0 6.0 40.0 1123.0 11014.0 54.0 142106.0
40 42 42 0.0 6.0 45.0 1647.0 15151.0 70.0 131950.0
40 42 43 0.0 5.0 75.0 2833.0 27425.0 177.0 99844.0
40 42 44 0.0 18.0 117.0 5023.0 47181.0 417.0 49485.0
40 42 45 0.0 22.0 69.0 3582.0 35462.0 506.0 4629.0
40 42 46 0.0 0.0 3.0 195.0 2157.0 41.0 5.0
40 42 47 0.0 0.0 0.0 0.0 3.0 0.0 0.0
40 43 34 0.0 0.0 1.0 52.0 733.0 15.0 1.0
40 43 35 0.0 11.0 15.0 1768.0 20303.0 338.0 1086.0
40 43 36 0.0 9.0 115.0 4513.0 51741.0 578.0 25274.0
40 43 37 0.0 18.0 65.0 3550.0 39006.0 318.0 72400.0
40 43 38 0.0 8.0 66.0 2693.0 28282.0 183.0 98035.0
40 43 39 0.0 15.0 62.0 2282.0 22850.0 124.0 110922.0
40 43 40 0.0 12.0 63.0 2201.0 21463.0 111.0 114182.0
40 43 41 0.0 7.0 67.0 2393.0 22483.0 164.0 111535.0
40 43 42 0.0 10.0 94.0 2685.0 27720.0 178.0 99466.0
40 43 43 0.0 15.0 132.0 3643.0 38570.0 312.0 73968.0
40 43 44 0.0 7.0 199.0 4806.0 51732.0 572.0 27033.0
40 43 45 0.0 0.0 39.0 1943.0 20982.0 345.0 1176.0
40 43 46 0.0 0.0 0.0 54.0 769.0 11.0 0.0
40 44 34 0.0 0.0 0.0 17.0 129.0 1.0 0.0
40 44 35 0.0 1.0 15.0 531.0 6009.0 111.0 57.0
40 44 36 0.0 16.0 44.0 3222.0 35088.0 508.0 4861.0
40 44 37 0.0 19.0 79.0 4783.0 51426.0 614.0 24910.0
40 44 38 0.0 24.0 73.0 4734.0 47665.0 452.0 47431.0
40 44 39 0.0 23.0 123.0 4416.0 43076.0 390.0 60969.0
40 44 40 0.0 17.0 102.0 4182.0 41260.0 334.0 65137.0
40 44 41 0.0 10.0 107.0 4305.0 42699.0 379.0 62168.0
40 44 42 0.0 9.0 74.0 4931.0 47592.0 444.0 49367.0
40 44 43 0.0 39.0 72.0 4986.0 51741.0 577.0 26882.0
40 44 44 0.0 4.0 94.0 3482.0 37638.0 540.0 5878.0
40 44 45 0.0 2.0 27.0 533.0 6870.0 127.0 83.0
40 44 46 0.0 0.0 0.0 15.0 186.0 2.0 0.0
40 45 34 0.0 0.0 0.0 0.0 7.0 0.0 0.0
40 45 35 0.0 0.0 0.0 64.0 730.0 15.0 0.0
40 45 36 0.0 7.0 7.0 546.0 6480.0 126.0 67.0
40 45 37 0.0 8.0 18.0 2069.0 20314.0 324.0 1107.0
40 45 38 0.0 33.0 53.0 3639.0 33703.0 515.0 3993.0
40 45 39 0.0 22.0 62.0 4556.0 42758.0 562.0 8543.0
40 45 40 0.0 14.0 74.0 4214.0 45506.0 635.0 10337.0
40 45 41 0.0 7.0 72.0 4216.0 43446.0 605.0 8760.0
40 45 42 0.0 2.0 47.0 3466.0 35798.0 515.0 4539.0
40 45 43 0.0 4.0 21.0 1960.0 21449.0 365.0 1165.0
40 45 44 0.0 0.0 4.0 611.0 6853.0 132.0 73.0
40 45 45 0.0 0.0 11.0 80.0 862.0 15.0 1.0
40 45 46 0.0 0.0 0.0 0.0 10.0 0.0 0.0
40 46 35 0.0 0.0 0.0 1.0 9.0 0.0 0.0
40 46 36 0.0 0.0 0.0 10.0 125.0 0.0 0.0
40 46 37 0.0 0.0 0.0 75.0 634.0 19.0 0.0
40 46 38 0.0 0.0 5.0 204.0 2040.0 34.0 6.0
40 46 39 0.0 0.0 0.0 346.0 3386.0 66.0 10.0
40 46 40 0.0 0.0 1.0 513.0 4458.0 73.0 27.0
40 46 41 0.0 0.0 7.0 317.0 3680.0 63.0 15.0
40 46 42 0.0 0.0 4.0 215.0 2187.0 43.0 9.0
40 46 43 0.0 0.0 0.0 57.0 727.0 11.0 0.0
40 46 44 0.0 0.0 0.0 9.0 140.0 2.0 0.0
40 46 45 0.0 0.0 0.0 0.0 7.0 0.0 0.0
40 47 37 0.0 0.0 0.0 1.0 0.0 0.0 0.0
40 47 38 0.0 0.0 0.0 0.0 3.0 0.0 0.0
40 47 39 0.0 0.0 0.0 0.0 7.0 1.0 0.0
40 47 40 0.0 0.0 0.0 0.0 6.0 0.0 0.0
40 47 41 0.0 0.0 0.0 1.0 5.0 0.0 0.0
40 47 42 0.0 0.0 0.0 0.0 2.0 0.0 0.0
40 47 43 0.0 0.0 0.0 0.0 2.0 0.0 0.0
41 33 38 0.0 0.0 0.0 2.0 5.0 0.0 0.0
41 33 39 0.0 0.0 0.0 1.0 3.0 0.0 0.0
41 33 40 0.0 0.0 0.0 0.0 5.0 0.0 0.0
41 33 41 0.0 0.0 0.0 0.0 4.0 0.0 0.0
41 33 42 0.0 0.0 0.0 0.0 1.0 0.0 0.0
41 33 43 0.0 0.0 0.0 0.0 1.0 0.0 0.0
41 33 44 0.0 0.0 0.0 0.0 1.0 0.0 0.0
41 34 35 0.0 0.0 0.0 0.0 6.0 1.0 0.0
41 34 36 0.0 0.0 0.0 16.0 130.0 1.0 0.0
41 34 37 0.0 1.0 1.0 101.0 698.0 15.0 0.0
41 34 38 0.0 0.0 0.0 265.0 1888.0 26.0 5.0
41 34 39 0.0 3.0 0.0 479.0 3231.0 61.0 21.0
41 34 40 0.0 3.0 8.0 581.0 3747.0 83.0 29.0
41 34 41 0.0 1.0 3.0 437.0 2929.0 58.0 19.0
41 34 42 0.0 0.0 1.0 260.0 1869.0 37.0 7.0
41 34 43 0.0 1.0 1.0 113.0 603.0 15.0 1.0
41 34 44 0.0 0.0 1.0 25.0 101.0 0.0 0.0
41 34 45 0.0 0.0 0.0 0.0 7.0 0.0 0.0
41 35 34 0.0 0.0 0.0 1.0 7.0 0.0 0.0
41 35 35 0.0 0.0 2.0 100.0 728.0 17.0 0.0
41 35 36 0.0 1.0 13.0 555.0 6016.0 102.0 81.0
41 35 37 0.0 3.0 37.0 2441.0 18197.0 335.0 910.0
41 35 38 0.0 24.0 40.0 4358.0 33140.0 573.0 4054.0
41 35 39 0.0 16.0 72.0 5602.0 39779.0 563.0 7503.0
41 35 40 0.0 36.0 51.0 6551.0 42068.0 601.0 9147.0
41 35 41 0.0 15.0 83.0 6237.0 39053.0 580.0 7581.0
41 35 42 0.0 27.0 58.0 4578.0 31106.0 474.0 3557.0
41 35 43 0.0 4.0 19.0 2533.0 17819.0 331.0 892.0
41 35 44 0.0 5.0 11.0 762.0 5486.0 105.0 53.0
41 35 45 0.0 0.0 0.0 54.0 634.0 13.0 1.0
41 35 46 0.0 0.0 0.0 1.0 11.0 0.0 0.0
41 36 34 0.0 0.0 0.0 6.0 124.0 3.0 0.0
41 36 35 0.0 0.0 3.0 578.0 5818.0 96.0 60.0
41 36 36 0.0 10.0 70.0 4128.0 34382.0 530.0 4731.0
41 36 37 0.0 17.0 107.0 5818.0 50281.0 576.0 24118.0
41 36 38 0.0 16.0 50.0 6524.0 46696.0 452.0 46317.0
41 36 39 0.0 29.0 78.0 6424.0 41921.0 393.0 59151.0
41 36 40 0.0 24.0 58.0 5898.0 40757.0 368.0 62691.0
41 36 41 0.0 14.0 61.0 6718.0 42250.0 407.0 58155.0
41 36 42 0.0 30.0 126.0 6584.0 46897.0 447.0 45344.0
41 36 43 0.0 10.0 54.0 6466.0 49608.0 599.0 23124.0
41 36 44 0.0 19.0 46.0 3338.0 33668.0 505.0 4297.0
41 36 45 0.0 7.0 14.0 532.0 5714.0 101.0 84.0
41 36 46 0.0 0.0 0.0 4.0 148.0 1.0 0.0
41 37 34 0.0 0.0 1.0 94.0 685.0 18.0 0.0
41 37 35 0.0 9.0 23.0 1674.0 18733.0 305.0 868.0
41 37 36 0.0 13.0 79.0 4948.0 50902.0 576.0 24339.0
41 37 37 0.0 29.0 76.0 4477.0 38895.0 351.0 69910.0
41 37 38 0.0 17.0 59.0 3424.0 28067.0 199.0 96777.0
41 37 39 0.0 10.0 53.0 3175.0 22681.0 136.0 108308.0
41 37 40 0.0 21.0 39.0 3390.0 21256.0 136.0 112261.0
41 37 41 0.0 20.0 54.0 3470.0 22912.0 157.0 108127.0
41 37 42 0.0 23.0 50.0 3984.0 28513.0 186.0 95158.0
41 37 43 0.0 15.0 87.0 4365.0 39922.0 310.0 68290.0
41 37 44 0.0 12.0 105.0 5159.0 50662.0 611.0 22560.0
41 37 45 0.0 1.0 21.0 1868.0 18965.0 332.0 929.0
41 37 46 0.0 0.0 0.0 57.0 624.0 14.0 0.0
41 38 33 0.0 0.0 0.0 0.0 2.0 1.0 0.0
41 38 34 0.0 0.0 2.0 143.0 1777.0 20.0 1.0
41 38 35 0.0 15.0 46.0 2903.0 32949.0 500.0 3615.0
41 38 36 0.0 26.0 56.0 4435.0 49056.0 473.0 45320.0
41 38 37 0.0 23.0 77.0 2835.0 29494.0 201.0 95718.0
41 38 38 0.0 11.0 41.0 1796.0 16649.0 76.0 128148.0
41 38 39 0.0 12.0 28.0 1574.0 11902.0 53.0 139392.0
41 38 40 0.0 6.0 21.0 1477.0 10628.0 45.0 142211.0
41 38 41 0.0 6.0 32.0 1567.0 11801.0 48.0 139478.0
41 38 42 0.0 11.0 26.0 1929.0 16760.0 85.0 128533.0
41 38 43 0.0 12.0 65.0 3162.0 29489.0 225.0 95189.0
41 38 44 0.0 27.0 78.0 5326.0 48172.0 478.0 44974.0
41 38 45 0.0 8.0 57.0 3270.0 32177.0 491.0 3591.0
41 38 46 0.0 0.0 3.0 160.0 1632.0 33.0 3.0
41 38 47 0.0 0.0 0.0 0.0 1.0 0.0 0.0
41 39 33 0.0 0.0 0.0 0.0 8.0 0.0 0.0
41 39 34 0.0 0.0 2.0 250.0 3065.0 60.0 9.0
41 39 35 0.0 19.0 82.0 3533.0 41643.0 582.0 7168.0
41 39 36 0.0 10.0 83.0 3818.0 45058.0 435.0 57976.0
41 39 37 0.0 4.0 56.0 2186.0 23943.0 164.0 108779.0
41 39 38 0.0 3.0 36.0 1213.0 12343.0 55.0 139068.0
41 39 39 0.0 9.0 20.0 794.0 6963.0 29.0 159389.0
41 39 40 0.0 4.0 19.0 716.0 6330.0 19.0 159866.0
41 39 41 0.0 5.0 32.0 803.0 7100.0 20.0 159614.0
41 39 42 0.0 12.0 38.0 1410.0 12256.0 61.0 139710.0
41 39 43 0.0 7.0 45.0 2468.0 24036.0 159.0 107688.0
41 39 44 0.0 23.0 93.0 4469.0 44035.0 368.0 58208.0
41 39 45 0.0 16.0 88.0 4543.0 40549.0 550.0 7302.0
41 39 46 0.0 0.0 4.0 289.0 3202.0 56.0 9.0
41 39 47 0.0 0.0 0.0 1.0 17.0 1.0 0.0
41 40 33 0.0 0.0 0.0 0.0 1.0 0.0 0.0
41 40 34 0.0 0.0 5.0 312.0 3969.0 86.0 19.0
41 40 35 0.0 6.0 50.0 3395.0 44617.0 638.0 8980.0
41 40 36 0.0 12.0 71.0 4050.0 42585.0 341.0 62748.0
41 40 37 0.0 15.0 56.0 2041.0 22592.0 156.0 111288.0
41 40 38 0.0 5.0 29.0 1031.0 11140.0 58.0 142476.0
41 40 39 0.0 4.0 17.0 577.0 5824.0 15.0 162850.0
41 40 40 0.0 1.0 18.0 508.0 5227.0 19.0 163446.0
41 40 41 0.0 3.0 17.0 645.0 6088.0 19.0 161656.0
41 40 42 0.0 6.0 35.0 1086.0 10933.0 39.0 142035.0
41 40 43 0.0 12.0 57.0 2358.0 22751.0 148.0 111346.0
41 40 44 0.0 27.0 105.0 4521.0 42231.0 369.0 62632.0
41 40 45 0.0 16.0 72.0 4527.0 43106.0 578.0 9040.0
41 40 46 0.0 0.0 11.0 362.0 3921.0 72.0 20.0
41 40 47 0.0 0.0 0.0 1.0 4.0 0.0 0.0
41 41 33 0.0 0.0 0.0 0.0 2.0 0.0 0.0
41 41 34 0.0 1.0 4.0 273.0 3279.0 50.0 11.0
41 41 35 0.0 19.0 41.0 3910.0 40989.0 620.0 7062.0
41 41 36 0.0 11.0 98.0 4025.0 45528.0 439.0 57017.0
41 41 37 0.0 6.0 53.0 2169.0 24217.0 163.0 108498.0
41 41 38 0.0 7.0 40.0 1190.0 12540.0 58.0 138395.0
41 41 39 0.0 2.0 23.0 693.0 7108.0 17.0 159208.0
41 41 40 0.0 6.0 22.0 641.0 6151.0 16.0 161039.0
41 41 41 0.0 4.0 25.0 703.0 6896.0 18.0 161062.0
41 41 42 0.0 4.0 42.0 1223.0 12341.0 62.0 139305.0
41 41 43 0.0 12.0 78.0 2527.0 23964.0 163.0 108248.0
41 41 44 0.0 28.0 105.0 4571.0 44098.0 387.0 57923.0
41 41 45 0.0 7.0 78.0 4231.0 40885.0 559.0 7193.0
41 41 46 0.0 3.0 11.0 292.0 3156.0 50.0 9.0
41 41 47 0.0 0.0 0.0 1.0 4.0 0.0 0.0
41 42 33 0.0 0.0 0.0 0.0 3.0 0.0 0.0
41 42 34 0.0 0.0 4.0 135.0 1612.0 32.0 6.0
41 42 35 0.0 5.0 35.0 2581.0 32659.0 480.0 3313.0
41 42 36 0.0 20.0 85.0 4150.0 49748.0 491.0 44482.0
41 42 37 0.0 10.0 79.0 2600.0 29552.0 203.0 95434.0
41 42 38 0.0 12.0 39.0 1622.0 17018.0 100.0 128291.0
41 42 39 0.0 8.0 49.0 1129.0 12477.0 49.0 139000.0
41 42 40 0.0 9.0 31.0 1074.0 10991.0 48.0 142430.0
41 42 41 0.0 7.0 39.0 1223.0 12359.0 60.0 139416.0
41 42 42 0.0 6.0 45.0 1567.0 16844.0 89.0 128633.0
41 42 43 0.0 18.0 75.0 2851.0 29362.0 211.0 95991.0
41 42 44 0.0 19.0 99.0 4791.0 48508.0 484.0 45168.0
41 42 45 0.0 13.0 69.0 3080.0 32725.0 489.0 3535.0
41 42 46 0.0 1.0 2.0 189.0 1844.0 36.0 6.0
41 42 47 0.0 0.0 0.0 0.0 2.0 0.0 0.0
41 43 34 0.0 0.0 0.0 34.0 570.0 10.0 0.0
41 43 35 0.0 0.0 24.0 1398.0 18013.0 297.0 807.0
41 43 36 0.0 19.0 72.0 4341.0 50778.0 541.0 22422.0
41 43 37 0.0 15.0 67.0 3713.0 40424.0 349.0 68455.0
41 43 38 0.0 19.0 75.0 2735.0 29673.0 200.0 95117.0
41 43 39 0.0 9.0 58.0 2388.0 24492.0 169.0 108072.0
41 43 40 0.0 7.0 73.0 2165.0 22982.0 149.0 111020.0
41 43 41 0.0 19.0 80.0 2154.0 24199.0 147.0 108109.0
41 43 42 0.0 7.0 73.0 2750.0 29835.0 208.0 95247.0
41 43 43 0.0 8.0 96.0 3617.0 40396.0 339.0 69358.0
41 43 44 0.0 25.0 164.0 5017.0 51216.0 571.0 23741.0
41 43 45 0.0 10.0 33.0 1816.0 18404.0 308.0 815.0
41 43 46 0.0 0.0 1.0 72.0 621.0 13.0 0.0
41 44 34 0.0 0.0 0.0 5.0 81.0 0.0 0.0
41 44 35 0.0 1.0 11.0 442.0 5124.0 95.0 40.0
41 44 36 0.0 5.0 30.0 3188.0 33470.0 495.0 4041.0
41 44 37 0.0 8.0 65.0 4508.0 51282.0 589.0 22510.0
41 44 38 0.0 11.0 80.0 4703.0 49189.0 452.0 43584.0
41 44 39 0.0 12.0 91.0 4271.0 45201.0 403.0 56404.0
41 44 40 0.0 13.0 115.0 4172.0 42711.0 366.0 61626.0
41 44 41 0.0 7.0 107.0 4087.0 44161.0 400.0 58614.0
41 44 42 0.0 10.0 101.0 4931.0 48576.0 461.0 45554.0
41 44 43 0.0 15.0 123.0 4462.0 51500.0 615.0 24418.0
41 44 44 0.0 16.0 67.0 2874.0 34668.0 539.0 4374.0
41 44 45 0.0 1.0 22.0 566.0 5386.0 95.0 63.0
41 44 46 0.0 0.0 0.0 9.0 134.0 3.0 0.0
41 45 34 0.0 0.0 0.0 0.0 7.0 0.0 0.0
41 45 35 0.0 0.0 1.0 30.0 572.0 12.0 0.0
41 45 36 0.0 2.0 1.0 614.0 5161.0 86.0 44.0
41 45 37 0.0 3.0 20.0 1885.0 17042.0 279.0 705.0
41 45 38 0.0 4.0 48.0 2895.0 32496.0 482.0 3456.0
41 45 39 0.0 16.0 61.0 3698.0 40318.0 572.0 6828.0
41 45 40 0.0 8.0 96.0 4291.0 42859.0 601.0 8163.0
41 45 41 0.0 10.0 84.0 3770.0 41343.0 574.0 6840.0
41 45 42 0.0 10.0 88.0 3101.0 32691.0 500.0 3613.0
41 45 43 0.0 3.0 35.0 1828.0 18058.0 302.0 829.0
41 45 44 0.0 1.0 5.0 472.0 6036.0 106.0 66.0
41 45 45 0.0 0.0 0.0 41.0 656.0 14.0 0.0
41 45 46 0.0 0.0 0.0 0.0 7.0 0.0 0.0
41 46 35 0.0 0.0 0.0 0.0 3.0 0.0 0.0
41 46 36 0.0 0.0 2.0 1.0 99.0 2.0 0.0
41 46 37 0.0 0.0 2.0 42.0 558.0 5.0 0.0
41 46 38 0.0 1.0 1.0 182.0 1709.0 34.0 1.0
41 46 39 0.0 0.0 6.0 248.0 3023.0 54.0 15.0
41 46 40 0.0 1.0 9.0 370.0 3597.0 60.0 23.0
41 46 41 0.0 0.0 13.0 284.0 3151.0 63.0 16.0
41 46 42 0.0 0.0 3.0 145.0 1719.0 26.0 6.0
41 46 43 0.0 0.0 0.0 43.0 709.0 14.0 1.0
41 46 44 0.0 0.0 0.0 9.0 102.0 0.0 0.0
41 46 45 0.0 0.0 0.0 0.0 14.0 0.0 0.0
41 47 37 0.0 0.0 0.0 0.0 1.0 0.0 0.0
41 47 38 0.0 0.0 0.0 0.0 4.0 0.0 0.0
41 47 39 0.0 0.0 0.0 0.0 3.0 0.0 0.0
41 47 40 0.0 0.0 0.0 1.0 14.0 0.0 0.0
41 47 41 0.0 0.0 0.0 1.0 5.0 0.0 0.0
41 47 43 0.0 0.0 0.0 0.0 1.0 0.0 0.0
42 33 39 0.0 0.0 0.0 0.0 4.0 0.0 0.0
42 33 40 0.0 0.0 0.0 0.0 4.0 0.0 0.0
42 33 41 0.0 0.0 0.0 0.0 5.0 1.0 0.0
42 33 42 0.0 0.0 0.0 0.0 2.0 0.0 0.0
42 33 43 0.0 0.0 0.0 0.0 1.0 0.0 0.0
42 34 35 0.0 0.0 0.0 0.0 2.0 0.0 0.0
42 34 36 0.0 0.0 0.0 9.0 63.0 0.0 0.0
42 34 37 0.0 0.0 1.0 48.0 384.0 6.0 0.0
42 34 38 0.0 0.0 4.0 120.0 988.0 22.0 2.0
42 34 39 0.0 0.0 1.0 251.0 1738.0 26.0 3.0
42 34 40 0.0 0.0 4.0 313.0 1931.0 41.0 7.0
42 34 41 0.0 4.0 3.0 258.0 1673.0 26.0 8.0
42 34 42 0.0 0.0 0.0 156.0 972.0 20.0 1.0
42 34 43 0.0 0.0 0.0 39.0 284.0 7.0 1.0
42 34 44 0.0 0.0 1.0 4.0 53.0 0.0 0.0
42 34 45 0.0 0.0 0.0 0.0 1.0 0.0 0.0
42 35 34 0.0 0.0 0.0 0.0 4.0 0.0 0.0
42 35 35 0.0 0.0 0.0 36.0 384.0 8.0 1.0
42 35 36 0.0 0.0 2.0 478.0 3544.0 66.0 28.0
42 35 37 0.0 8.0 23.0 1529.0 11873.0 211.0 360.0
42 35 38 0.0 13.0 28.0 3258.0 23833.0 403.0 1812.0
42 35 39 0.0 16.0 32.0 4347.0 32320.0 486.0 3882.0
42 35 40 0.0 31.0 38.0 5437.0 33556.0 530.0 4632.0
42 35 41 0.0 7.0 49.0 4477.0 31876.0 521.0 3632.0
42 35 42 0.0 3.0 33.0 3394.0 23014.0 357.0 1622.0
42 35 43 0.0 11.0 23.0 1637.0 11413.0 226.0 324.0
42 35 44 0.0 0.0 3.0 517.0 3178.0 61.0 22.0
42 35 45 0.0 0.0 1.0 74.0 374.0 5.0 0.0
42 35 46 0.0 0.0 0.0 0.0 5.0 0.0 0.0
42 36 34 0.0 0.0 0.0 2.0 64.0 2.0 0.0
42 36 35 0.0 2.0 25.0 343.0 3472.0 69.0 25.0
42 36 36 0.0 2.0 20.0 2829.0 25441.0 425.0 2189.0
42 36 37 0.0 22.0 68.0 5330.0 47092.0 608.0 14596.0
42 36 38 0.0 33.0 59.0 6538.0 49668.0 537.0 32788.0
42 36 39 0.0 31.0 82.0 6581.0 46967.0 429.0 45370.0
42 36 40 0.0 32.0 83.0 6641.0 45828.0 432.0 49442.0
42 36 41 0.0 33.0 79.0 7240.0 46707.0 463.0 44158.0
42 36 42 0.0 18.0 86.0 7429.0 48674.0 541.0 32423.0
42 36 43 0.0 35.0 87.0 6230.0 45634.0 580.0 13845.0
42 36 44 0.0 40.0 37.0 2747.0 25041.0 421.0 2150.0
42 36 45 0.0 2.0 8.0 292.0 3360.0 51.0 14.0
42 36 46 0.0 0.0 0.0 3.0 65.0 2.0 0.0
42 37 33 0.0 0.0 0.0 0.0 2.0 0.0 0.0
42 37 34 0.0 0.0 0.0 41.0 299.0 6.0 0.0
42 37 35 0.0 3.0 14.0 1135.0 12622.0 228.0 374.0
42 37 36 0.0 19.0 48.0 4732.0 47187.0 595.0 14255.0
42 37 37 0.0 25.0 66.0 4687.0 45020.0 415.0 54842.0
42 37 38 0.0 23.0 46.0 4164.0 34876.0 262.0 81277.0
42 37 39 0.0 36.0 60.0 3873.0 28583.0 195.0 94768.0
42 37 40 0.0 23.0 59.0 3794.0 26706.0 185.0 99128.0
42 37 41 0.0 31.0 55.0 4150.0 28082.0 201.0 96075.0
42 37 42 0.0 15.0 73.0 4477.0 34256.0 264.0 81997.0
42 37 43 0.0 17.0 99.0 5054.0 44738.0 448.0 54850.0
42 37 44 0.0 18.0 73.0 5072.0 47122.0 593.0 13933.0
42 37 45 0.0 5.0 16.0 1378.0 11872.0 204.0 336.0
42 37 46 0.0 0.0 3.0 54.0 311.0 7.0 0.0
42 38 34 0.0 0.0 0.0 97.0 1116.0 20.0 2.0
42 38 35 0.0 11.0 35.0 1950.0 23783.0 361.0 1557.0
42 38 36 0.0 11.0 79.0 4673.0 51683.0 557.0 32257.0
42 38 37 0.0 23.0 47.0 3319.0 34879.0 287.0 83059.0
42 38 38 0.0 10.0 38.0 2436.0 21269.0 111.0 116287.0
42 38 39 0.0 12.0 33.0 2006.0 16904.0 95.0 126569.0
42 38 40 0.0 12.0 34.0 1961.0 15447.0 64.0 130102.0
42 38 41 0.0 7.0 38.0 2037.0 16644.0 84.0 127252.0
42 38 42 0.0 17.0 57.0 2467.0 21538.0 111.0 115763.0
42 38 43 0.0 14.0 59.0 3797.0 34910.0 304.0 81766.0
42 38 44 0.0 15.0 86.0 5221.0 51446.0 559.0 31826.0
42 38 45 0.0 3.0 41.0 2319.0 23325.0 372.0 1540.0
42 38 46 0.0 0.0 0.0 83.0 1011.0 16.0 0.0
42 38 47 0.0 0.0 0.0 2.0 0.0 0.0 0.0
42 39 33 0.0 0.0 0.0 1.0 0.0 0.0 0.0
42 39 34 0.0 0.0 1.0 171.0 1732.0 39.0 3.0
42 39 35 0.0 5.0 37.0 2728.0 33033.0 467.0 3599.0
42 39 36 0.0 25.0 107.0 4037.0 49671.0 447.0 44796.0
42 39 37 0.0 16.0 73.0 2716.0 29781.0 199.0 95739.0
42 39 38 0.0 7.0 44.0 1645.0 16793.0 74.0 128775.0
42 39 39 0.0 6.0 46.0 1326.0 12334.0 74.0 138991.0
42 39 40 0.0 6.0 38.0 1212.0 10859.0 57.0 142277.0
42 39 41 0.0 7.0 42.0 1362.0 12144.0 59.0 138631.0
42 39 42 0.0 11.0 36.0 1794.0 16708.0 80.0 128060.0
42 39 43 0.0 8.0 68.0 3034.0 29513.0 212.0 95632.0
42 39 44 0.0 16.0 76.0 4573.0 49583.0 482.0 43969.0
42 39 45 0.0 5.0 68.0 3174.0 31950.0 496.0 3566.0
42 39 46 0.0 0.0 2.0 190.0 1665.0 33.0 7.0
42 39 47 0.0 0.0 0.0 0.0 2.0 0.0 0.0
42 40 33 0.0 0.0 0.0 0.0 2.0 1.0 0.0
42 40 34 0.0 0.0 0.0 187.0 2194.0 38.0 5.0
42 40 35 0.0 5.0 41.0 2957.0 35588.0 544.0 4406.0
42 40 36 0.0 16.0 131.0 3811.0 48121.0 441.0 48908.0
42 40 37 0.0 12.0 66.0 2393.0 27859.0 179.0 99292.0
42 40 38 0.0 3.0 36.0 1416.0 15482.0 68.0 132023.0
42 40 39 0.0 9.0 46.0 999.0 11147.0 49.0 141729.0
42 40 40 0.0 3.0 38.0 990.0 9875.0 43.0 145042.0
42 40 41 0.0 3.0 43.0 1092.0 11298.0 58.0 142194.0
42 40 42 0.0 2.0 46.0 1475.0 15356.0 66.0 131703.0
42 40 43 0.0 6.0 67.0 2778.0 27818.0 162.0 98749.0
42 40 44 0.0 11.0 107.0 4723.0 47974.0 429.0 49161.0
42 40 45 0.0 7.0 56.0 3287.0 35565.0 568.0 4476.0
42 40 46 0.0 0.0 1.0 179.0 2095.0 36.0 9.0
42 41 33 0.0 0.0 0.0 0.0 1.0 0.0 0.0
42 41 34 0.0 0.0 8.0 157.0 1629.0 29.0 7.0
42 41 35 0.0 4.0 82.0 2855.0 32083.0 460.0 3475.0
42 41 36 0.0 19.0 116.0 4057.0 49766.0 468.0 44357.0
42 41 37 0.0 8.0 65.0 2423.0 29999.0 210.0 95275.0
42 41 38 0.0 7.0 49.0 1348.0 17165.0 95.0 128471.0
42 41 39 0.0 5.0 27.0 1051.0 12572.0 60.0 139482.0
42 41 40 0.0 9.0 53.0 1015.0 11101.0 50.0 142019.0
42 41 41 0.0 6.0 31.0 1184.0 12325.0 53.0 140205.0
42 41 42 0.0 12.0 67.0 1546.0 16861.0 73.0 128068.0
42 41 43 0.0 8.0 62.0 2736.0 29627.0 205.0 95602.0
42 41 44 0.0 14.0 103.0 4893.0 48922.0 494.0 45037.0
42 41 45 0.0 18.0 40.0 3223.0 32610.0 466.0 3606.0
42 41 46 0.0 0.0 1.0 185.0 1671.0 27.0 3.0
42 41 47 0.0 0.0 0.0 0.0 2.0 0.0 0.0
42 42 33 0.0 0.0 0.0 0.0 2.0 0.0 0.0
42 42 34 0.0 0.0 0.0 73.0 1043.0 23.0 0.0
42 42 35 0.0 6.0 31.0 1945.0 23556.0 368.0 1554.0
42 42 36 0.0 9.0 85.0 4364.0 52254.0 535.0 32082.0
42 42 37 0.0 10.0 65.0 3250.0 35918.0 242.0 80886.0
42 42 38 0.0 8.0 54.0 1866.0 22332.0 124.0 115045.0
42 42 39 0.0 11.0 46.0 1628.0 17264.0 90.0 126729.0
42 42 40 0.0 8.0 58.0 1429.0 15310.0 80.0 132319.0
42 42 41 0.0 4.0 57.0 1472.0 16953.0 109.0 128319.0
42 42 42 0.0 8.0 63.0 2033.0 21453.0 126.0 117188.0
42 42 43 0.0 17.0 77.0 3104.0 34836.0 272.0 82466.0
42 42 44 0.0 29.0 93.0 4458.0 51765.0 523.0 32514.0
42 42 45 0.0 17.0 60.0 2371.0 24216.0 416.0 1671.0
42 42 46 0.0 4.0 0.0 117.0 1008.0 17.0 3.0
42 42 47 0.0 0.0 0.0 0.0 1.0 0.0 0.0
42 43 34 0.0 0.0 0.0 30.0 338.0 9.0 0.0
42 43 35 0.0 2.0 18.0 884.0 11701.0 205.0 310.0
42 43 36 0.0 12.0 54.0 4060.0 47839.0 568.0 13603.0
42 43 37 0.0 14.0 72.0 4259.0 45892.0 438.0 53406.0
42 43 38 0.0 12.0 75.0 3179.0 36275.0 293.0 80558.0
42 43 39 0.0 5.0 81.0 2713.0 29961.0 212.0 94491.0
42 43 40 0.0 14.0 78.0 2581.0 27887.0 180.0 98938.0
42 43 41 0.0 12.0 71.0 2715.0 29523.0 185.0 96436.0
42 43 42 0.0 6.0 66.0 3183.0 35656.0 269.0 82217.0
42 43 43 0.0 10.0 88.0 4016.0 45651.0 411.0 55207.0
42 43 44 0.0 14.0 144.0 4345.0 48708.0 596.0 14838.0
42 43 45 0.0 0.0 30.0 1072.0 12357.0 208.0 333.0
42 43 46 0.0 0.0 1.0 34.0 346.0 4.0 1.0
42 44 34 0.0 0.0 0.0 6.0 50.0 1.0 0.0
42 44 35 0.0 0.0 7.0 304.0 3058.0 42.0 26.0
42 44 36 0.0 6.0 36.0 2170.0 24161.0 414.0 1699.0
42 44 37 0.0 10.0 64.0 4160.0 47563.0 597.0 12967.0
42 44 38 0.0 13.0 68.0 4668.0 52236.0 545.0 31078.0
42 44 39 0.0 18.0 96.0 4382.0 49734.0 493.0 43986.0
42 44 40 0.0 18.0 72.0 4206.0 48327.0 479.0 48347.0
42 44 41 0.0 7.0 91.0 4495.0 49320.0 475.0 44807.0
42 44 42 0.0 21.0 112.0 4497.0 51922.0 546.0 32799.0
42 44 43 0.0 14.0 137.0 4142.0 48064.0 587.0 13853.0
42 44 44 0.0 16.0 18.0 2129.0 25106.0 399.0 1931.0
42 44 45 0.0 0.0 5.0 294.0 3674.0 59.0 32.0
42 44 46 0.0 0.0 0.0 9.0 61.0 0.0 0.0
42 45 34 0.0 0.0 0.0 0.0 2.0 0.0 0.0
42 45 35 0.0 0.0 0.0 54.0 282.0 5.0 0.0
42 45 36 0.0 0.0 17.0 261.0 3207.0 62.0 20.0
42 45 37 0.0 1.0 13.0 1104.0 11099.0 205.0 258.0
42 45 38 0.0 2.0 35.0 2198.0 23013.0 380.0 1432.0
42 45 39 0.0 7.0 66.0 3393.0 31939.0 494.0 3414.0
42 45 40 0.0 7.0 65.0 3134.0 35251.0 526.0 4358.0
42 45 41 0.0 0.0 99.0 2974.0 32523.0 498.0 3463.0
42 45 42 0.0 4.0 30.0 2063.0 24604.0 415.0 1610.0
42 45 43 0.0 0.0 26.0 949.0 11821.0 215.0 295.0
42 45 44 0.0 2.0 3.0 273.0 3627.0 71.0 23.0
42 45 45 0.0 0.0 1.0 32.0 362.0 3.0 0.0
42 45 46 0.0 0.0 0.0 1.0 1.0 0.0 0.0
42 46 35 0.0 0.0 0.0 0.0 12.0 0.0 0.0
42 46 36 0.0 0.0 0.0 6.0 42.0 1.0 0.0
42 46 37 0.0 0.0 0.0 43.0 290.0 9.0 0.0
42 46 38 0.0 0.0 3.0 81.0 821.0 14.0 0.0
42 46 39 0.0 0.0 2.0 183.0 1590.0 23.0 6.0
42 46 40 0.0 0.0 0.0 204.0 2124.0 41.0 6.0
42 46 41 0.0 0.0 2.0 149.0 1826.0 30.0 4.0
42 46 42 0.0 0.0 1.0 98.0 966.0 12.0 2.0
42 46 43 0.0 0.0 1.0 36.0 416.0 6.0 0.0
42 46 44 0.0 0.0 1.0 6.0 61.0 0.0 0.0
42 46 45 0.0 0.0 0.0 1.0 7.0 0.0 0.0
42 47 38 0.0 0.0 0.0 0.0 3.0 0.0 0.0
42 47 40 0.0 0.0 0.0 0.0 1.0 0.0 0.0
42 47 41 0.0 0.0 0.0 0.0 1.0 0.0 0.0
42 47 42 0.0 0.0 0.0 1.0 0.0 0.0 0.0
43 33 39 0.0 0.0 0.0 1.0 0.0 0.0 0.0
43 33 40 0.0 0.0 0.0 1.0 2.0 1.0 0.0
43 33 41 0.0 0.0 0.0 0.0 1.0 0.0 0.0
43 34 36 0.0 0.0 0.0 6.0 26.0 0.0 0.0
43 34 37 0.0 0.0 0.0 26.0 120.0 2.0 0.0
43 34 38 0.0 0.0 1.0 53.0 379.0 5.0 1.0
43 34 39 0.0 0.0 0.0 91.0 543.0 11.0 0.0
43 34 40 0.0 0.0 1.0 101.0 731.0 16.0 2.0
43 34 41 0.0 0.0 0.0 86.0 605.0 10.0 0.0
43 34 42 0.0 0.0 1.0 26.0 314.0 4.0 0.0
43 34 43 0.0 0.0 0.0 20.0 114.0 2.0 0.0
43 34 44 0.0 0.0 0.0 1.0 20.0 0.0 0.0
43 35 34 0.0 0.0 0.0 0.0 2.0 0.0 0.0
43 35 35 0.0 0.0 0.0 40.0 144.0 3.0 0.0
43 35 36 0.0 0.0 2.0 187.0 1312.0 28.0 1.0
43 35 37 0.0 8.0 3.0 705.0 5005.0 93.0 59.0
43 35 38 0.0 3.0 10.0 1299.0 11829.0 233.0 332.0
43 35 39 0.0 4.0 27.0 2296.0 17868.0 314.0 811.0
43 35 40 0.0 5.0 16.0 2786.0 19288.0 359.0 1023.0
43 35 41 0.0 20.0 6.0 2795.0 16876.0 291.0 798.0
43 35 42 0.0 15.0 14.0 1864.0 11279.0 222.0 364.0
43 35 43 0.0 1.0 10.0 710.0 5317.0 124.0 61.0
43 35 44 0.0 0.0 6.0 181.0 1302.0 24.0 2.0
43 35 45 0.0 0.0 1.0 17.0 102.0 0.0 0.0
43 35 46 0.0 0.0 0.0 0.0 2.0 0.0 0.0
43 36 34 0.0 0.0 0.0 1.0 34.0 0.0 0.0
43 36 35 0.0 0.0 1.0 169.0 1385.0 26.0 5.0
43 36 36 0.0 7.0 15.0 1210.0 12845.0 230.0 396.0
43 36 37 0.0 10.0 49.0 3969.0 32883.0 481.0 4410.0
43 36 38 0.0 38.0 108.0 5963.0 45400.0 619.0 13591.0
43 36 39 0.0 38.0 58.0 6522.0 49037.0 578.0 22710.0
43 36 40 0.0 34.0 68.0 6830.0 49393.0 573.0 26190.0
43 36 41 0.0 25.0 115.0 6430.0 49294.0 601.0 22377.0
43 36 42 0.0 40.0 77.0 6585.0 45299.0 643.0 13861.0
43 36 43 0.0 31.0 49.0 4278.0 32742.0 477.0 4554.0
43 36 44 0.0 3.0 27.0 1429.0 12207.0 235.0 375.0
43 36 45 0.0 0.0 1.0 102.0 1208.0 21.0 2.0
43 36 46 0.0 0.0 0.0 0.0 9.0 1.0 0.0
43 37 34 0.0 0.0 0.0 21.0 111.0 1.0 0.0
43 37 35 0.0 0.0 6.0 426.0 5228.0 86.0 48.0
43 37 36 0.0 47.0 28.0 3159.0 34686.0 498.0 4784.0
43 37 37 0.0 17.0 19.0 5274.0 50334.0 559.0 28571.0
43 37 38 0.0 34.0 74.0 5129.0 45324.0 418.0 52530.0
43 37 39 0.0 16.0 52.0 4684.0 39848.0 333.0 66955.0
43 37 40 0.0 23.0 88.0 4468.0 38544.0 317.0 71648.0
43 37 41 0.0 15.0 58.0 4745.0 39684.0 353.0 67792.0
43 37 42 0.0 25.0 65.0 4863.0 44959.0 422.0 53768.0
43 37 43 0.0 15.0 101.0 5100.0 50340.0 549.0 28534.0
43 37 44 0.0 48.0 49.0 3733.0 33065.0 470.0 4191.0
43 37 45 0.0 0.0 9.0 614.0 5361.0 92.0 64.0
43 37 46 0.0 0.0 0.0 17.0 74.0 5.0 0.0
43 38 34 0.0 0.0 0.0 33.0 331.0 10.0 0.0
43 38 35 0.0 7.0 11.0 1127.0 12066.0 222.0 349.0
43 38 36 0.0 14.0 58.0 3898.0 48693.0 618.0 14319.0
43 38 37 0.0 41.0 70.0 4207.0 44837.0 400.0 55963.0
43 38 38 0.0 19.0 61.0 3504.0 35390.0 256.0 81323.0
43 38 39 0.0 23.0 53.0 3181.0 29966.0 209.0 93594.0
43 38 40 0.0 13.0 43.0 3090.0 28144.0 186.0 98227.0
43 38 41 0.0 13.0 50.0 3356.0 29793.0 205.0 94000.0
43 38 42 0.0 23.0 60.0 3814.0 34941.0 279.0 81437.0
43 38 43 0.0 23.0 96.0 4914.0 45535.0 419.0 52914.0
43 38 44 0.0 21.0 84.0 4812.0 47252.0 594.0 13743.0
43 38 45 0.0 3.0 24.0 1229.0 11682.0 204.0 345.0
43 38 46 0.0 0.0 1.0 26.0 292.0 3.0 0.0
43 39 34 0.0 0.0 0.0 49.0 568.0 12.0 0.0
43 39 35 0.0 12.0 22.0 1405.0 17806.0 263.0 713.0
43 39 36 0.0 16.0 110.0 4325.0 51345.0 590.0 23026.0
43 39 37 0.0 4.0 76.0 3281.0 40520.0 327.0 69526.0
43 39 38 0.0 7.0 67.0 2750.0 29655.0 211.0 95707.0
43 39 39 0.0 12.0 54.0 2293.0 24263.0 162.0 108045.0
43 39 40 0.0 16.0 69.0 2263.0 22408.0 131.0 111147.0
43 39 41 0.0 16.0 77.0 2486.0 23988.0 148.0 107785.0
43 39 42 0.0 15.0 80.0 3015.0 29717.0 236.0 95095.0
43 39 43 0.0 13.0 79.0 3788.0 40018.0 362.0 69466.0
43 39 44 0.0 18.0 75.0 5337.0 50911.0 562.0 23753.0
43 39 45 0.0 1.0 36.0 1657.0 18387.0 311.0 814.0
43 39 46 0.0 0.0 1.0 55.0 636.0 12.0 0.0
43 40 33 0.0 0.0 0.0 0.0 1.0 0.0 0.0
43 40 34 0.0 0.0 2.0 54.0 676.0 12.0 0.0
43 40 35 0.0 6.0 21.0 1743.0 20802.0 340.0 1135.0
43 40 36 0.0 1.0 116.0 4046.0 52802.0 549.0 27106.0
43 40 37 0.0 7.0 122.0 2911.0 39271.0 305.0 73692.0
43 40 38 0.0 6.0 49.0 2400.0 28249.0 201.0 99724.0
43 40 39 0.0 11.0 60.0 2026.0 22920.0 143.0 111340.0
43 40 40 0.0 10.0 57.0 1887.0 21237.0 126.0 114472.0
43 40 41 0.0 16.0 64.0 2101.0 22548.0 122.0 111747.0
43 40 42 0.0 4.0 66.0 2596.0 27987.0 183.0 99460.0
43 40 43 0.0 8.0 75.0 3497.0 38263.0 326.0 73775.0
43 40 44 0.0 15.0 71.0 4670.0 51802.0 576.0 27104.0
43 40 45 0.0 5.0 45.0 1925.0 20541.0 362.0 1091.0
43 40 46 0.0 0.0 1.0 66.0 745.0 19.0 0.0
43 40 47 0.0 0.0 0.0 0.0 2.0 0.0 0.0
43 41 34 0.0 0.0 1.0 49.0 630.0 9.0 0.0
43 41 35 0.0 0.0 30.0 1380.0 18491.0 306.0 888.0
43 41 36 0.0 4.0 96.0 3973.0 52195.0 555.0 22614.0
43 41 37 0.0 13.0 117.0 2979.0 41171.0 319.0 69052.0
43 41 38 0.0 7.0 72.0 2336.0 30121.0 200.0 95376.0
43 41 39 0.0 3.0 70.0 2003.0 24289.0 142.0 108308.0
43 41 40 0.0 12.0 72.0 1980.0 22720.0 154.0 111518.0
43 41 41 0.0 11.0 70.0 2128.0 24180.0 152.0 107616.0
43 41 42 0.0 13.0 74.0 2503.0 29683.0 197.0 95887.0
43 41 43 0.0 9.0 100.0 3502.0 39854.0 325.0 70709.0
43 41 44 0.0 7.0 65.0 4755.0 51305.0 564.0 23754.0
43 41 45 0.0 3.0 42.0 1931.0 19026.0 304.0 909.0
43 41 46 0.0 0.0 0.0 62.0 637.0 7.0 0.0
43 41 47 0.0 0.0 0.0 0.0 1.0 0.0 0.0
43 42 34 0.0 0.0 0.0 25.0 317.0 2.0 0.0
43 42 35 0.0 1.0 19.0 1109.0 11725.0 208.0 276.0
43 42 36 0.0 7.0 88.0 3988.0 47381.0 639.0 13720.0
43 42 37 0.0 16.0 94.0 3569.0 46390.0 413.0 53368.0
43 42 38 0.0 5.0 100.0 3018.0 36106.0 289.0 80950.0
43 42 39 0.0 8.0 76.0 2505.0 29912.0 207.0 95563.0
43 42 40 0.0 16.0 63.0 2365.0 27862.0 193.0 100273.0
43 42 41 0.0 13.0 76.0 2489.0 29631.0 208.0 96371.0
43 42 42 0.0 8.0 84.0 2814.0 35698.0 308.0 83224.0
43 42 43 0.0 64.0 81.0 4323.0 44859.0 375.0 56491.0
43 42 44 0.0 64.0 72.0 4738.0 47839.0 622.0 14616.0
43 42 45 0.0 7.0 28.0 1550.0 12040.0 244.0 348.0
43 42 46 0.0 0.0 0.0 58.0 310.0 6.0 0.0
43 43 34 0.0 0.0 0.0 14.0 102.0 1.0 0.0
43 43 35 0.0 5.0 9.0 467.0 4910.0 82.0 42.0
43 43 36 0.0 10.0 60.0 2479.0 34154.0 482.0 4326.0
43 43 37 0.0 16.0 111.0 4273.0 51473.0 544.0 27781.0
43 43 38 0.0 23.0 73.0 4061.0 46216.0 426.0 53123.0
43 43 39 0.0 14.0 102.0 3425.0 40926.0 342.0 68338.0
43 43 40 0.0 8.0 102.0 3268.0 38744.0 354.0 73785.0
43 43 41 0.0 5.0 123.0 3175.0 40249.0 336.0 69759.0
43 43 42 0.0 17.0 92.0 3458.0 45592.0 444.0 56042.0
43 43 43 0.0 68.0 109.0 4809.0 50902.0 583.0 30680.0
43 43 44 0.0 18.0 99.0 2804.0 35581.0 514.0 5065.0
43 43 45 0.0 4.0 11.0 621.0 5905.0 95.0 71.0
43 43 46 0.0 0.0 0.0 10.0 127.0 0.0 0.0
43 44 34 0.0 0.0 0.0 2.0 13.0 0.0 0.0
43 44 35 0.0 0.0 7.0 96.0 1151.0 23.0 2.0
43 44 36 0.0 1.0 20.0 1061.0 11675.0 185.0 291.0
43 44 37 0.0 5.0 57.0 3072.0 32658.0 499.0 4019.0
43 44 38 0.0 6.0 100.0 4084.0 47126.0 597.0 13005.0
43 44 39 0.0 9.0 84.0 4847.0 51197.0 606.0 23021.0
43 44 40 0.0 19.0 138.0 4413.0 51866.0 565.0 26244.0
43 44 41 0.0 1.0 125.0 4092.0 51636.0 595.0 23508.0
43 44 42 0.0 6.0 105.0 4014.0 47715.0 594.0 13304.0
43 44 43 0.0 6.0 71.0 3184.0 34697.0 512.0 4596.0
43 44 44 0.0 12.0 18.0 1354.0 12481.0 225.0 404.0
43 44 45 0.0 0.0 0.0 105.0 1391.0 24.0 8.0
43 44 46 0.0 0.0 0.0 0.0 18.0 0.0 0.0
43 45 35 0.0 0.0 0.0 21.0 119.0 3.0 0.0
43 45 36 0.0 1.0 4.0 90.0 1145.0 17.0 2.0
43 45 37 0.0 0.0 7.0 389.0 4642.0 92.0 30.0
43 45 38 0.0 1.0 47.0 1041.0 11909.0 208.0 304.0
43 45 39 0.0 0.0 14.0 1370.0 17920.0 281.0 776.0
43 45 40 0.0 16.0 39.0 1641.0 20190.0 323.0 1080.0
43 45 41 0.0 3.0 51.0 1446.0 18683.0 311.0 799.0
43 45 42 0.0 2.0 28.0 1083.0 12081.0 220.0 296.0
43 45 43 0.0 1.0 4.0 400.0 5381.0 90.0 56.0
43 45 44 0.0 0.0 0.0 82.0 1320.0 17.0 2.0
43 45 45 0.0 0.0 0.0 4.0 123.0 0.0 0.0
43 45 46 0.0 0.0 0.0 0.0 4.0 0.0 0.0
43 46 35 0.0 0.0 0.0 0.0 3.0 0.0 0.0
43 46 36 0.0 0.0 0.0 0.0 10.0 1.0 0.0
43 46 37 0.0 0.0 0.0 11.0 106.0 1.0 0.0
43 46 38 0.0 0.0 0.0 43.0 313.0 9.0 0.0
43 46 39 0.0 0.0 2.0 45.0 581.0 7.0 1.0
43 46 40 0.0 0.0 2.0 73.0 747.0 15.0 1.0
43 46 41 0.0 0.0 3.0 34.0 509.0 16.0 1.0
43 46 42 0.0 0.0 0.0 21.0 323.0 5.0 0.0
43 46 43 0.0 0.0 0.0 5.0 131.0 3.0 0.0
43 46 44 0.0 0.0 0.0 2.0 16.0 0.0 0.0
43 46 45 0.0 0.0 0.0 0.0 5.0 0.0 0.0
43 47 41 0.0 0.0 0.0 0.0 5.0 0.0 0.0
44 34 36 0.0 0.0 2.0 1.0 2.0 0.0 0.0
44 34 37 0.0 0.0 0.0 0.0 9.0 0.0 0.0
44 34 38 0.0 0.0 0.0 9.0 64.0 1.0 0.0
44 34 39 0.0 0.0 0.0 10.0 108.0 1.0 0.0
44 34 40 0.0 0.0 0.0 33.0 136.0 2.0 0.0
44 34 41 0.0 0.0 0.0 18.0 82.0 2.0 0.0
44 34 42 0.0 0.0 0.0 10.0 62.0 1.0 0.0
44 34 43 0.0 0.0 0.0 1.0 21.0 0.0 0.0
44 34 44 0.0 0.0 0.0 0.0 2.0 0.0 0.0
44 35 35 0.0 0.0 0.0 3.0 16.0 1.0 0.0
44 35 36 0.0 0.0 0.0 47.0 339.0 2.0 0.0
44 35 37 0.0 1.0 7.0 160.0 1134.0 25.0 1.0
44 35 38 0.0 3.0 5.0 334.0 2799.0 48.0 12.0
44 35 39 0.0 0.0 8.0 643.0 4940.0 100.0 55.0
44 35 40 0.0 6.0 5.0 769.0 6229.0 108.0 66.0
44 35 41 0.0 2.0 4.0 647.0 5043.0 94.0 51.0
44 35 42 0.0 4.0 5.0 484.0 3211.0 63.0 8.0
44 35 43 0.0 0.0 5.0 146.0 1262.0 22.0 4.0
44 35 44 0.0 1.0 0.0 19.0 293.0 4.0 1.0
44 35 45 0.0 0.0 0.0 7.0 23.0 0.0 0.0
44 36 35 0.0 1.0 0.0 36.0 223.0 6.0 0.0
44 36 36 0.0 0.0 2.0 248.0 3092.0 61.0 21.0
44 36 37 0.0 9.0 9.0 1103.0 11620.0 211.0 315.0
44 36 38 0.0 12.0 25.0 2418.0 22683.0 337.0 1470.0
44 36 39 0.0 43.0 63.0 3353.0 32724.0 495.0 3805.0
44 36 40 0.0 21.0 90.0 3988.0 35714.0 550.0 5284.0
44 36 41 0.0 5.0 41.0 3688.0 32280.0 517.0 4023.0
44 36 42 0.0 13.0 61.0 2589.0 23078.0 392.0 1656.0
44 36 43 0.0 4.0 25.0 1056.0 11760.0 205.0 341.0
44 36 44 0.0 0.0 2.0 297.0 3117.0 54.0 20.0
44 36 45 0.0 0.0 1.0 21.0 263.0 3.0 0.0
44 36 46 0.0 0.0 0.0 0.0 1.0 0.0 0.0
44 37 34 0.0 0.0 0.0 5.0 15.0 0.0 0.0
44 37 35 0.0 0.0 0.0 98.0 1248.0 17.0 0.0
44 37 36 0.0 16.0 14.0 1376.0 12727.0 237.0 414.0
44 37 37 0.0 16.0 22.0 3607.0 33101.0 471.0 4216.0
44 37 38 0.0 13.0 82.0 4251.0 47305.0 590.0 13771.0
44 37 39 0.0 12.0 101.0 4924.0 51019.0 617.0 21480.0
44 37 40 0.0 8.0 125.0 5283.0 51078.0 566.0 25178.0
44 37 41 0.0 17.0 92.0 5512.0 50510.0 584.0 22878.0
44 37 42 0.0 20.0 107.0 5058.0 46590.0 608.0 13239.0
44 37 43 0.0 11.0 24.0 3211.0 33400.0 538.0 4103.0
44 37 44 0.0 3.0 8.0 1172.0 11269.0 211.0 279.0
44 37 45 0.0 0.0 1.0 95.0 1081.0 26.0 3.0
44 37 46 0.0 0.0 0.0 5.0 16.0 0.0 0.0
44 38 34 0.0 0.0 0.0 5.0 44.0 0.0 0.0
44 38 35 0.0 3.0 1.0 265.0 3194.0 54.0 17.0
44 38 36 0.0 16.0 61.0 1923.0 26257.0 404.0 2084.0
44 38 37 0.0 19.0 82.0 3918.0 48375.0 580.0 14376.0
44 38 38 0.0 14.0 97.0 5121.0 51747.0 541.0 32154.0
44 38 39 0.0 15.0 94.0 4957.0 49514.0 488.0 42945.0
44 38 40 0.0 17.0 131.0 5070.0 47872.0 483.0 47843.0
44 38 41 0.0 13.0 108.0 4743.0 49416.0 480.0 44162.0
44 38 42 0.0 18.0 93.0 5241.0 51529.0 580.0 31498.0
44 38 43 0.0 21.0 60.0 4873.0 46846.0 633.0 13606.0
44 38 44 0.0 15.0 68.0 2583.0 24222.0 369.0 1981.0
44 38 45 0.0 0.0 4.0 350.0 3205.0 66.0 18.0
44 38 46 0.0 0.0 0.0 6.0 47.0 0.0 0.0
44 39 34 0.0 0.0 0.0 13.0 127.0 0.0 0.0
44 39 35 0.0 3.0 10.0 432.0 5866.0 110.0 63.0
44 39 36 0.0 18.0 50.0 2907.0 35060.0 503.0 4567.0
44 39 37 0.0 10.0 118.0 4407.0 51754.0 604.0 23656.0
44 39 38 0.0 27.0 88.0 4412.0 49536.0 485.0 44308.0
44 39 39 0.0 26.0 112.0 4102.0 44594.0 402.0 57637.0
44 39 40 0.0 25.0 113.0 3912.0 43675.0 357.0 61255.0
44 39 41 0.0 16.0 124.0 4296.0 44715.0 409.0 57096.0
44 39 42 0.0 11.0 98.0 5035.0 48509.0 443.0 45249.0
44 39 43 0.0 10.0 78.0 5189.0 50810.0 612.0 23379.0
44 39 44 0.0 4.0 129.0 3011.0 34454.0 507.0 4476.0
44 39 45 0.0 0.0 9.0 531.0 5599.0 96.0 65.0
44 39 46 0.0 0.0 0.0 3.0 92.0 3.0 0.0
44 40 34 0.0 0.0 0.0 16.0 117.0 1.0 0.0
44 40 35 0.0 0.0 3.0 487.0 6795.0 106.0 82.0
44 40 36 0.0 4.0 58.0 2749.0 37923.0 546.0 5808.0
44 40 37 0.0 22.0 74.0 3866.0 52621.0 573.0 26356.0
44 40 38 0.0 14.0 102.0 3953.0 48248.0 452.0 48909.0
44 40 39 0.0 12.0 102.0 3547.0 43630.0 353.0 62111.0
44 40 40 0.0 18.0 103.0 3545.0 41769.0 360.0 66383.0
44 40 41 0.0 8.0 107.0 3773.0 43186.0 370.0 62563.0
44 40 42 0.0 7.0 84.0 4203.0 48629.0 511.0 48511.0
44 40 43 0.0 18.0 111.0 4995.0 51581.0 559.0 26421.0
44 40 44 0.0 6.0 28.0 3185.0 37872.0 521.0 5679.0
44 40 45 0.0 33.0 3.0 664.0 6614.0 131.0 78.0
44 40 46 0.0 0.0 0.0 2.0 151.0 5.0 0.0
44 41 34 0.0 0.0 0.0 6.0 118.0 2.0 0.0
44 41 35 0.0 0.0 12.0 327.0 5707.0 114.0 59.0
44 41 36 0.0 1.0 63.0 2441.0 34479.0 526.0 4197.0
44 41 37 0.0 5.0 82.0 4057.0 52112.0 604.0 23391.0
44 41 38 0.0 25.0 104.0 3957.0 49650.0 484.0 44157.0
44 41 39 0.0 12.0 100.0 3754.0 45470.0 408.0 57363.0
44 41 40 0.0 10.0 121.0 3617.0 43044.0 386.0 62820.0
44 41 41 0.0 10.0 121.0 3873.0 45288.0 415.0 57205.0
44 41 42 0.0 12.0 102.0 4548.0 48838.0 448.0 45419.0
44 41 43 0.0 28.0 99.0 4110.0 52213.0 557.0 23769.0
44 41 44 0.0 12.0 50.0 2908.0 35032.0 503.0 4596.0
44 41 45 0.0 2.0 0.0 614.0 5619.0 86.0 64.0
44 41 46 0.0 0.0 0.0 5.0 96.0 3.0 0.0
44 42 34 0.0 0.0 0.0 2.0 69.0 3.0 0.0
44 42 35 0.0 0.0 4.0 197.0 3106.0 62.0 16.0
44 42 36 0.0 4.0 45.0 1457.0 25087.0 416.0 1704.0
44 42 37 0.0 12.0 77.0 3687.0 48839.0 621.0 14163.0
44 42 38 0.0 23.0 85.0 4181.0 52253.0 565.0 32121.0
44 42 39 0.0 5.0 110.0 3977.0 49893.0 465.0 44014.0
44 42 40 0.0 16.0 89.0 4139.0 48197.0 437.0 49231.0
44 42 41 0.0 9.0 92.0 4186.0 49737.0 490.0 44658.0
44 42 42 0.0 24.0 119.0 4089.0 52314.0 536.0 32846.0
44 42 43 0.0 26.0 104.0 3915.0 48666.0 607.0 14510.0
44 42 44 0.0 23.0 62.0 2711.0 26754.0 401.0 2312.0
44 42 45 0.0 4.0 3.0 360.0 3476.0 48.0 24.0
44 42 46 0.0 0.0 0.0 4.0 57.0 2.0 0.0
44 43 34 0.0 0.0 0.0 3.0 21.0 0.0 0.0
44 43 35 0.0 0.0 0.0 101.0 1301.0 26.0 2.0
44 43 36 0.0 1.0 7.0 866.0 12474.0 209.0 365.0
44 43 37 0.0 2.0 60.0 2991.0 33622.0 462.0 4349.0
44 43 38 0.0 3.0 159.0 3686.0 48588.0 603.0 14421.0
44 43 39 0.0 3.0 104.0 3927.0 52093.0 601.0 23848.0
44 43 40 0.0 17.0 123.0 4222.0 51986.0 586.0 27192.0
44 43 41 0.0 10.0 102.0 4130.0 51958.0 591.0 24790.0
44 43 42 0.0 18.0 110.0 3889.0 49124.0 637.0 15179.0
44 43 43 0.0 9.0 80.0 2458.0 35900.0 522.0 4861.0
44 43 44 0.0 5.0 14.0 1070.0 13440.0 197.0 424.0
44 43 45 0.0 0.0 3.0 103.0 1337.0 25.0 4.0
44 43 46 0.0 0.0 0.0 1.0 15.0 1.0 0.0
44 44 34 0.0 0.0 0.0 0.0 2.0 0.0 0.0
44 44 35 0.0 0.0 0.0 30.0 269.0 5.0 0.0
44 44 36 0.0 2.0 7.0 213.0 3053.0 44.0 14.0
44 44 37 0.0 1.0 8.0 1194.0 11333.0 223.0 310.0
44 44 38 0.0 2.0 30.0 2234.0 24948.0 407.0 1893.0
44 44 39 0.0 6.0 62.0 2657.0 33984.0 485.0 4194.0
44 44 40 0.0 0.0 72.0 2654.0 37617.0 508.0 5449.0
44 44 41 0.0 7.0 52.0 2887.0 35541.0 517.0 4717.0
44 44 42 0.0 4.0 36.0 1898.0 27134.0 424.0 2202.0
44 44 43 0.0 14.0 16.0 1145.0 12234.0 191.0 393.0
44 44 44 0.0 14.0 8.0 417.0 3375.0 67.0 25.0
44 44 45 0.0 0.0 0.0 24.0 328.0 7.0 0.0
44 44 46 0.0 0.0 0.0 3.0 7.0 0.0 0.0
44 45 35 0.0 0.0 0.0 4.0 6.0 0.0 0.0
44 45 36 0.0 0.0 0.0 31.0 298.0 2.0 0.0
44 45 37 0.0 0.0 0.0 107.0 1228.0 23.0 1.0
44 45 38 0.0 0.0 5.0 248.0 3207.0 56.0 17.0
44 45 39 0.0 0.0 4.0 491.0 5395.0 75.0 57.0
44 45 40 0.0 0.0 11.0 549.0 6605.0 117.0 70.0
44 45 41 0.0 0.0 19.0 470.0 6194.0 113.0 72.0
44 45 42 0.0 0.0 9.0 261.0 3365.0 62.0 18.0
44 45 43 0.0 0.0 0.0 114.0 1277.0 34.0 0.0
44 45 44 0.0 0.0 0.0 21.0 263.0 4.0 0.0
44 45 45 0.0 0.0 0.0 1.0 24.0 1.0 0.0
44 46 36 0.0 0.0 0.0 1.0 1.0 0.0 0.0
44 46 37 0.0 0.0 0.0 3.0 6.0 1.0 0.0
44 46 38 0.0 0.0 1.0 5.0 46.0 1.0 0.0
44 46 39 0.0 0.0 0.0 7.0 128.0 5.0 0.0
44 46 40 0.0 0.0 0.0 20.0 111.0 1.0 0.0
44 46 41 0.0 0.0 0.0 6.0 132.0 2.0 0.0
44 46 42 0.0 0.0 0.0 6.0 59.0 1.0 0.0
44 46 43 0.0 0.0 0.0 2.0 5.0 0.0 0.0
44 46 44 0.0 0.0 0.0 0.0 1.0 0.0 0.0
45 34 38 0.0 0.0 0.0 0.0 4.0 0.0 0.0
45 34 39 0.0 0.0 0.0 1.0 5.0 0.0 0.0
45 34 40 0.0 0.0 0.0 0.0 10.0 0.0 0.0
45 34 41 0.0 0.0 0.0 0.0 5.0 0.0 0.0
45 34 42 0.0 0.0 0.0 0.0 6.0 0.0 0.0
45 35 36 0.0 0.0 0.0 4.0 13.0 0.0 0.0
45 35 37 0.0 0.0 0.0 12.0 102.0 2.0 0.0
45 35 38 0.0 0.0 0.0 23.0 250.0 5.0 0.0
45 35 39 0.0 0.0 1.0 100.0 643.0 12.0 1.0
45 35 40 0.0 0.0 0.0 91.0 705.0 15.0 0.0
45 35 41 0.0 0.0 0.0 56.0 548.0 9.0 0.0
45 35 42 0.0 0.0 0.0 34.0 307.0 12.0 0.0
45 35 43 0.0 0.0 0.0 12.0 85.0 1.0 0.0
45 35 44 0.0 0.0 0.0 0.0 21.0 1.0 0.0
45 35 45 0.0 0.0 0.0 0.0 2.0 0.0 0.0
45 36 35 0.0 0.0 0.0 1.0 24.0 0.0 0.0
45 36 36 0.0 0.0 0.0 17.0 270.0 5.0 0.0
45 36 37 0.0 1.0 0.0 175.0 1346.0 29.0 4.0
45 36 38 0.0 0.0 3.0 418.0 2880.0 49.0 17.0
45 36 39 0.0 0.0 17.0 455.0 5225.0 95.0 53.0
45 36 40 0.0 1.0 16.0 691.0 6058.0 108.0 75.0
45 36 41 0.0 1.0 16.0 435.0 5386.0 99.0 42.0
45 36 42 0.0 4.0 7.0 340.0 3204.0 57.0 19.0
45 36 43 0.0 0.0 11.0 125.0 1080.0 27.0 0.0
45 36 44 0.0 0.0 0.0 19.0 247.0 1.0 0.0
45 36 45 0.0 0.0 0.0 1.0 10.0 0.0 0.0
45 36 46 0.0 0.0 0.0 0.0 4.0 0.0 0.0
45 37 35 0.0 0.0 1.0 4.0 107.0 4.0 0.0
45 37 36 0.0 0.0 0.0 92.0 1307.0 19.0 4.0
45 37 37 0.0 1.0 8.0 570.0 5474.0 84.0 51.0
45 37 38 0.0 1.0 5.0 1135.0 11594.0 210.0 288.0
45 37 39 0.0 0.0 52.0 1607.0 17152.0 287.0 717.0
45 37 40 0.0 2.0 44.0 1883.0 19453.0 329.0 981.0
45 37 41 0.0 1.0 25.0 1662.0 17475.0 313.0 717.0
45 37 42 0.0 4.0 10.0 1233.0 11387.0 215.0 292.0
45 37 43 0.0 0.0 17.0 511.0 5201.0 98.0 47.0
45 37 44 0.0 1.0 2.0 127.0 1307.0 34.0 5.0
45 37 45 0.0 0.0 0.0 5.0 106.0 4.0 0.0
45 37 46 0.0 0.0 0.0 0.0 1.0 0.0 0.0
45 38 34 0.0 0.0 0.0 0.0 2.0 0.0 0.0
45 38 35 0.0 0.0 0.0 49.0 345.0 5.0 0.0
45 38 36 0.0 0.0 7.0 284.0 3547.0 61.0 22.0
45 38 37 0.0 0.0 7.0 969.0 11901.0 206.0 276.0
45 38 38 0.0 6.0 37.0 2163.0 23575.0 411.0 1409.0
45 38 39 0.0 7.0 78.0 3158.0 31429.0 490.0 3076.0
45 38 40 0.0 4.0 83.0 3363.0 35127.0 488.0 4537.0
45 38 41 0.0 1.0 67.0 2936.0 32745.0 513.0 3634.0
45 38 42 0.0 4.0 27.0 2337.0 23367.0 420.0 1504.0
45 38 43 0.0 0.0 11.0 1213.0 11921.0 216.0 337.0
45 38 44 0.0 0.0 3.0 381.0 3351.0 56.0 23.0
45 38 45 0.0 0.0 2.0 34.0 327.0 5.0 0.0
45 38 46 0.0 0.0 0.0 0.0 3.0 0.0 0.0
45 39 34 0.0 0.0 0.0 1.0 12.0 0.0 0.0
45 39 35 0.0 0.0 0.0 36.0 640.0 7.0 0.0
45 39 36 0.0 1.0 12.0 391.0 5477.0 93.0 68.0
45 39 37 0.0 0.0 38.0 1639.0 18035.0 319.0 801.0
45 39 38 0.0 3.0 63.0 2952.0 32506.0 492.0 3557.0
45 39 39 0.0 16.0 73.0 3526.0 42034.0 600.0 7389.0
45 39 40 0.0 8.0 81.0 4027.0 43433.0 601.0 8721.0
45 39 41 0.0 12.0 79.0 3620.0 41169.0 607.0 7137.0
45 39 42 0.0 3.0 48.0 3079.0 32593.0 514.0 3488.0
45 39 43 0.0 13.0 19.0 1870.0 17789.0 294.0 818.0
45 39 44 0.0 1.0 4.0 496.0 5869.0 110.0 56.0
45 39 45 0.0 0.0 0.0 55.0 705.0 18.0 2.0
45 39 46 0.0 0.0 0.0 0.0 6.0 1.0 0.0
45 40 34 0.0 0.0 0.0 3.0 10.0 0.0 0.0
45 40 35 0.0 0.0 1.0 55.0 786.0 12.0 1.0
45 40 36 0.0 1.0 9.0 616.0 6801.0 129.0 80.0
45 40 37 0.0 2.0 25.0 1817.0 20288.0 321.0 1105.0
45 40 38 0.0 9.0 64.0 2971.0 36114.0 516.0 4693.0
45 40 39 0.0 10.0 59.0 3879.0 43400.0 581.0 8571.0
45 40 40 0.0 10.0 102.0 3750.0 45971.0 614.0 10371.0
45 40 41 0.0 11.0 102.0 3831.0 44103.0 590.0 9070.0
45 40 42 0.0 1.0 60.0 3052.0 35450.0 536.0 4295.0
45 40 43 0.0 1.0 32.0 1975.0 21092.0 375.0 1186.0
45 40 44 0.0 3.0 26.0 580.0 7026.0 110.0 99.0
45 40 45 0.0 0.0 2.0 49.0 854.0 23.0 1.0
45 40 46 0.0 0.0 0.0 0.0 21.0 0.0 0.0
45 41 34 0.0 0.0 0.0 1.0 6.0 0.0 0.0
45 41 35 0.0 0.0 1.0 66.0 636.0 11.0 0.0
45 41 36 0.0 4.0 5.0 427.0 5824.0 109.0 75.0
45 41 37 0.0 8.0 37.0 1588.0 18447.0 329.0 898.0
45 41 38 0.0 10.0 68.0 2463.0 33091.0 454.0 3447.0
45 41 39 0.0 8.0 47.0 3549.0 41593.0 553.0 7146.0
45 41 40 0.0 53.0 58.0 3713.0 44173.0 624.0 9205.0
45 41 41 0.0 5.0 66.0 3439.0 41187.0 548.0 7101.0
45 41 42 0.0 1.0 61.0 2820.0 32629.0 519.0 3554.0
45 41 43 0.0 7.0 23.0 1911.0 18492.0 286.0 881.0
45 41 44 0.0 0.0 1.0 569.0 6090.0 110.0 57.0
45 41 45 0.0 0.0 1.0 53.0 715.0 12.0 0.0
45 41 46 0.0 0.0 0.0 0.0 4.0 0.0 0.0
45 42 34 0.0 0.0 0.0 1.0 4.0 0.0 0.0
45 42 35 0.0 0.0 0.0 20.0 274.0 4.0 1.0
45 42 36 0.0 0.0 6.0 232.0 3788.0 83.0 19.0
45 42 37 0.0 8.0 22.0 1084.0 11633.0 213.0 282.0
45 42 38 0.0 4.0 23.0 1831.0 23414.0 368.0 1447.0
45 42 39 0.0 3.0 55.0 2692.0 32507.0 524.0 3350.0
45 42 40 0.0 4.0 55.0 2619.0 35865.0 521.0 4378.0
45 42 41 0.0 19.0 61.0 2887.0 33442.0 490.0 3471.0
45 42 42 0.0 4.0 28.0 1803.0 24920.0 391.0 1664.0
45 42 43 0.0 5.0 13.0 838.0 11784.0 203.0 316.0
45 42 44 0.0 1.0 5.0 304.0 3607.0 53.0 19.0
45 42 45 0.0 0.0 0.0 42.0 416.0 7.0 0.0
45 42 46 0.0 0.0 0.0 1.0 4.0 0.0 0.0
45 43 35 0.0 0.0 0.0 6.0 107.0 1.0 0.0
45 43 36 0.0 0.0 1.0 98.0 1286.0 27.0 1.0
45 43 37 0.0 3.0 11.0 449.0 5357.0 94.0 44.0
45 43 38 0.0 0.0 28.0 853.0 12886.0 199.0 368.0
45 43 39 0.0 2.0 44.0 1371.0 19249.0 307.0 859.0
45 43 40 0.0 5.0 16.0 1895.0 21242.0 336.0 1198.0
45 43 41 0.0 4.0 15.0 1544.0 18818.0 296.0 861.0
45 43 42 0.0 1.0 28.0 1113.0 12730.0 212.0 375.0
45 43 43 0.0 4.0 18.0 425.0 5795.0 99.0 88.0
45 43 44 0.0 1.0 1.0 86.0 1366.0 25.0 0.0
45 43 45 0.0 0.0 0.0 8.0 174.0 2.0 0.0
45 43 46 0.0 0.0 0.0 0.0 3.0 0.0 0.0
45 44 35 0.0 0.0 0.0 0.0 15.0 0.0 0.0
45 44 36 0.0 0.0 0.0 35.0 244.0 6.0 0.0
45 44 37 0.0 0.0 2.0 98.0 1297.0 22.0 3.0
45 44 38 0.0 0.0 4.0 342.0 3380.0 64.0 24.0
45 44 39 0.0 0.0 8.0 424.0 5603.0 111.0 67.0
45 44 40 0.0 0.0 16.0 610.0 6893.0 111.0 94.0
45 44 41 0.0 0.0 10.0 463.0 6124.0 100.0 58.0
45 44 42 0.0 0.0 4.0 322.0 3865.0 59.0 22.0
45 44 43 0.0 1.0 2.0 91.0 1429.0 31.0 3.0
45 44 44 0.0 0.0 0.0 21.0 257.0 6.0 0.0
45 44 45 0.0 0.0 0.0 1.0 18.0 0.0 0.0
45 44 46 0.0 0.0 0.0 0.0 2.0 0.0 0.0
45 45 36 0.0 0.0 0.0 1.0 15.0 0.0 0.0
45 45 37 0.0 0.0 0.0 20.0 101.0 3.0 0.0
45 45 38 0.0 0.0 1.0 21.0 386.0 8.0 0.0
45 45 39 0.0 0.0 3.0 33.0 672.0 19.0 1.0
45 45 40 0.0 0.0 5.0 69.0 838.0 19.0 0.0
45 45 41 0.0 0.0 0.0 54.0 691.0 9.0 1.0
45 45 42 0.0 0.0 0.0 49.0 407.0 4.0 0.0
45 45 43 0.0 0.0 2.0 5.0 181.0 4.0 0.0
45 45 44 0.0 2.0 0.0 9.0 33.0 2.0 0.0
45 45 45 0.0 0.0 0.0 0.0 1.0 0.0 0.0
45 46 38 0.0 0.0 0.0 0.0 6.0 0.0 0.0
45 46 39 0.0 0.0 0.0 0.0 3.0 0.0 0.0
45 46 40 0.0 0.0 0.0 0.0 22.0 2.0 0.0
45 46 41 0.0 0.0 0.0 1.0 6.0 0.0 0.0
45 46 42 0.0 0.0 0.0 1.0 2.0 0.0 0.0
46 35 38 0.0 0.0 0.0 0.0 9.0 0.0 0.0
46 35 39 0.0 0.0 0.0 0.0 3.0 0.0 0.0
46 35 40 0.0 0.0 0.0 0.0 2.0 0.0 0.0
46 35 41 0.0 0.0 0.0 0.0 5.0 0.0 0.0
46 35 42 0.0 0.0 0.0 0.0 3.0 0.0 0.0
46 35 43 0.0 0.0 0.0 1.0 0.0 0.0 0.0
46 36 37 0.0 0.0 0.0 2.0 16.0 0.0 0.0
46 36 38 0.0 0.0 0.0 11.0 71.0 2.0 0.0
46 36 39 0.0 0.0 0.0 9.0 102.0 3.0 0.0
46 36 40 0.0 0.0 1.0 14.0 127.0 0.0 0.0
46 36 41 0.0 0.0 1.0 12.0 117.0 4.0 0.0
46 36 42 0.0 0.0 0.0 0.0 65.0 0.0 0.0
46 36 43 0.0 0.0 0.0 7.0 23.0 1.0 0.0
46 36 44 0.0 0.0 0.0 0.0 1.0 0.0 0.0
46 37 36 0.0 0.0 0.0 3.0 10.0 0.0 0.0
46 37 37 0.0 0.0 0.0 8.0 77.0 1.0 0.0
46 37 38 0.0 0.0 4.0 54.0 266.0 3.0 0.0
46 37 39 0.0 0.0 0.0 65.0 632.0 15.0 0.0
46 37 40 0.0 0.0 0.0 54.0 730.0 8.0 0.0
46 37 41 0.0 0.0 2.0 91.0 557.0 10.0 0.0
46 37 42 0.0 0.0 0.0 27.0 363.0 10.0 0.0
46 37 43 0.0 0.0 0.0 8.0 100.0 4.0 0.0
46 37 44 0.0 0.0 0.0 3.0 15.0 0.0 0.0
46 37 45 0.0 0.0 0.0 0.0 1.0 0.0 0.0
46 38 35 0.0 0.0 0.0 0.0 2.0 0.0 0.0
46 38 36 0.0 0.0 0.0 0.0 68.0 1.0 0.0
46 38 37 0.0 0.0 0.0 31.0 339.0 13.0 0.0
46 38 38 0.0 0.0 4.0 67.0 891.0 15.0 1.0
46 38 39 0.0 0.0 5.0 160.0 1795.0 36.0 4.0
46 38 40 0.0 1.0 1.0 188.0 2153.0 40.0 6.0
46 38 41 0.0 0.0 1.0 125.0 1915.0 34.0 5.0
46 38 42 0.0 0.0 1.0 84.0 1004.0 18.0 1.0
46 38 43 0.0 0.0 0.0 23.0 281.0 8.0 0.0
46 38 44 0.0 0.0 0.0 8.0 54.0 2.0 0.0
46 38 45 0.0 0.0 0.0 0.0 3.0 0.0 0.0
46 39 35 0.0 0.0 0.0 0.0 8.0 1.0 0.0
46 39 36 0.0 0.0 0.0 9.0 99.0 0.0 0.0
46 39 37 0.0 0.0 0.0 38.0 596.0 12.0 0.0
46 39 38 0.0 0.0 6.0 136.0 1762.0 32.0 5.0
46 39 39 0.0 0.0 6.0 269.0 2965.0 50.0 12.0
46 39 40 0.0 0.0 2.0 317.0 3802.0 62.0 23.0
46 39 41 0.0 0.0 2.0 278.0 3117.0 63.0 14.0
46 39 42 0.0 0.0 10.0 190.0 1723.0 31.0 3.0
46 39 43 0.0 0.0 0.0 48.0 622.0 7.0 1.0
46 39 44 0.0 0.0 0.0 11.0 95.0 2.0 0.0
46 39 45 0.0 0.0 0.0 0.0 10.0 0.0 0.0
46 40 35 0.0 0.0 0.0 1.0 8.0 0.0 0.0
46 40 36 0.0 0.0 1.0 12.0 108.0 0.0 0.0
46 40 37 0.0 0.0 2.0 61.0 809.0 19.0 0.0
46 40 38 0.0 0.0 2.0 239.0 2121.0 36.0 10.0
46 40 39 0.0 2.0 8.0 300.0 3512.0 66.0 15.0
46 40 40 0.0 7.0 7.0 410.0 4831.0 84.0 42.0
46 40 41 0.0 1.0 4.0 400.0 3725.0 66.0 21.0
46 40 42 0.0 0.0 2.0 224.0 2199.0 34.0 7.0
46 40 43 0.0 0.0 2.0 76.0 837.0 10.0 0.0
46 40 44 0.0 0.0 0.0 21.0 140.0 4.0 0.0
46 40 45 0.0 0.0 0.0 0.0 14.0 0.0 0.0
46 41 35 0.0 0.0 0.0 0.0 14.0 0.0 0.0
46 41 36 0.0 0.0 0.0 5.0 163.0 1.0 0.0
46 41 37 0.0 1.0 0.0 40.0 593.0 11.0 1.0
46 41 38 0.0 1.0 4.0 162.0 1761.0 19.0 4.0
46 41 39 0.0 1.0 0.0 266.0 3079.0 48.0 15.0
46 41 40 0.0 2.0 20.0 356.0 3885.0 65.0 26.0
46 41 41 0.0 0.0 2.0 303.0 3141.0 56.0 12.0
46 41 42 0.0 0.0 2.0 157.0 1631.0 31.0 7.0
46 41 43 0.0 0.0 0.0 63.0 630.0 9.0 0.0
46 41 44 0.0 0.0 0.0 10.0 126.0 2.0 0.0
46 41 45 0.0 0.0 0.0 2.0 8.0 0.0 0.0
46 42 35 0.0 0.0 0.0 0.0 5.0 0.0 0.0
46 42 36 0.0 0.0 0.0 3.0 80.0 3.0 0.0
46 42 37 0.0 0.0 0.0 29.0 306.0 5.0 0.0
46 42 38 0.0 1.0 0.0 64.0 943.0 16.0 2.0
46 42 39 0.0 0.0 1.0 130.0 1752.0 31.0 6.0
46 42 40 0.0 0.0 0.0 195.0 2200.0 40.0 10.0
46 42 41 0.0 0.0 1.0 174.0 1875.0 43.0 8.0
46 42 42 0.0 0.0 0.0 77.0 995.0 15.0 0.0
46 42 43 0.0 0.0 0.0 31.0 328.0 6.0 0.0
46 42 44 0.0 0.0 0.0 7.0 81.0 3.0 0.0
46 42 45 0.0 0.0 0.0 2.0 5.0 0.0 0.0
46 43 36 0.0 0.0 0.0 6.0 8.0 0.0 0.0
46 43 37 0.0 0.0 0.0 6.0 76.0 0.0 0.0
46 43 38 0.0 0.0 0.0 41.0 367.0 9.0 0.0
46 43 39 0.0 0.0 1.0 40.0 616.0 13.0 0.0
46 43 40 0.0 0.0 1.0 51.0 845.0 13.0 0.0
46 43 41 0.0 0.0 2.0 61.0 628.0 20.0 0.0
46 43 42 0.0 0.0 2.0 50.0 316.0 2.0 0.0
46 43 43 0.0 0.0 0.0 14.0 114.0 2.0 1.0
46 43 44 0.0 0.0 0.0 0.0 17.0 2.0 0.0
46 43 45 0.0 0.0 0.0 0.0 3.0 0.0 0.0
46 44 36 0.0 0.0 0.0 0.0 2.0 0.0 0.0
46 44 37 0.0 0.0 0.0 0.0 44.0 0.0 0.0
46 44 38 0.0 0.0 0.0 9.0 60.0 2.0 0.0
46 44 39 0.0 0.0 0.0 20.0 135.0 2.0 0.0
46 44 40 0.0 0.0 0.0 8.0 143.0 4.0 1.0
46 44 41 0.0 0.0 0.0 12.0 112.0 0.0 0.0
46 44 42 0.0 0.0 0.0 18.0 72.0 2.0 0.0
46 44 43 0.0 0.0 0.0 1.0 25.0 1.0 0.0
46 44 44 0.0 0.0 0.0 0.0 1.0 0.0 0.0
46 45 37 0.0 0.0 0.0 0.0 1.0 0.0 0.0
46 45 38 0.0 0.0 0.0 0.0 5.0 1.0 0.0
46 45 39 0.0 0.0 0.0 0.0 6.0 0.0 0.0
46 45 40 0.0 0.0 0.0 2.0 7.0 0.0 0.0
46 45 41 0.0 0.0 0.0 0.0 14.0 0.0 0.0
46 45 42 0.0 0.0 0.0 1.0 4.0 0.0 0.0
46 45 43 0.0 0.0 0.0 3.0 0.0 0.0 0.0
47 37 39 0.0 0.0 0.0 0.0 2.0 0.0 0.0
47 37 42 0.0 0.0 0.0 0.0 1.0 0.0 0.0
47 38 39 0.0 0.0 0.0 0.0 3.0 0.0 0.0
47 38 40 0.0 0.0 0.0 0.0 2.0 0.0 0.0
47 38 41 0.0 0.0 0.0 0.0 1.0 0.0 0.0
47 39 38 0.0 0.0 0.0 0.0 3.0 0.0 0.0
47 39 39 0.0 0.0 0.0 0.0 6.0 1.0 0.0
47 39 40 0.0 0.0 0.0 2.0 7.0 0.0 0.0
47 39 41 0.0 0.0 0.0 2.0 2.0 0.0 0.0
47 39 42 0.0 0.0 0.0 1.0 1.0 0.0 0.0
47 39 43 0.0 0.0 0.0 0.0 3.0 0.0 0.0
47 40 37 0.0 0.0 0.0 0.0 2.0 0.0 0.0
47 40 38 0.0 0.0 0.0 0.0 3.0 0.0 0.0
47 40 39 0.0 0.0 0.0 1.0 2.0 0.0 0.0
47 40 40 0.0 0.0 0.0 0.0 16.0 0.0 0.0
47 40 41 0.0 0.0 0.0 0.0 14.0 0.0 0.0
47 40 42 0.0 0.0 0.0 0.0 5.0 0.0 0.0
47 40 43 0.0 0.0 0.0 0.0 1.0 0.0 0.0
47 40 44 0.0 0.0 0.0 0.0 1.0 0.0 0.0
47 41 38 0.0 0.0 0.0 0.0 1.0 0.0 0.0
47 41 39 0.0 0.0 0.0 0.0 3.0 0.0 0.0
47 41 40 0.0 0.0 0.0 1.0 5.0 0.0 0.0
47 41 41 0.0 0.0 0.0 1.0 6.0 0.0 0.0
47 41 42 0.0 0.0 0.0 0.0 2.0 0.0 0.0
47 41 43 0.0 0.0 0.0 0.0 1.0 0.0 0.0
47 42 38 0.0 0.0 0.0 0.0 1.0 0.0 0.0
47 42 40 0.0 0.0 0.0 0.0 2.0 0.0 0.0
47 42 41 0.0 0.0 0.0 0.0 4.0 1.0 0.0
47 43 38 0.0 0.0 0.0 0.0 1.0 0.0 0.0
47 43 39 0.0 0.0 0.0 0.0 1.0 0.0 0.0
