39 38 40 0.0 0.0 0.0 0.0 1.0 0.0 0.0
39 39 39 0.0 0.0 19.0 15.0 221.0 6.0 0.0
39 39 40 0.0 0.0 3.0 5.0 128.0 4.0 0.0
39 39 41 0.0 0.0 5.0 10.0 205.0 3.0 2.0
39 40 39 0.0 4.0 3.0 12.0 78.0 2.0 0.0
39 40 40 0.0 5.0 8.0 33.0 151.0 5.0 0.0
39 40 41 0.0 0.0 3.0 18.0 83.0 3.0 0.0
39 41 39 0.0 0.0 1.0 6.0 124.0 1.0 0.0
39 41 40 0.0 0.0 12.0 6.0 145.0 1.0 0.0
39 41 41 0.0 1.0 12.0 4.0 107.0 2.0 0.0
40 39 39 0.0 0.0 11.0 6.0 214.0 6.0 0.0
40 39 40 0.0 31.0 12.0 225.0 194.0 8.0 0.0
40 39 41 0.0 2.0 1.0 21.0 117.0 2.0 0.0
40 40 39 0.0 0.0 8.0 7.0 150.0 2.0 0.0
40 40 40 10.0 178.0 1251.0 2439.0 18788.0 393.0 1617.0
40 40 41 0.0 4.0 13.0 21.0 163.0 3.0 0.0
40 41 39 0.0 1.0 8.0 11.0 115.0 0.0 0.0
40 41 40 0.0 0.0 3.0 11.0 149.0 2.0 0.0
40 41 41 0.0 1.0 5.0 34.0 107.0 1.0 0.0
41 39 39 0.0 0.0 5.0 3.0 101.0 1.0 0.0
41 39 40 0.0 0.0 1.0 14.0 99.0 2.0 0.0
41 39 41 0.0 0.0 17.0 9.0 129.0 2.0 0.0
41 40 39 0.0 0.0 23.0 5.0 206.0 5.0 0.0
41 40 40 0.0 1.0 11.0 5.0 156.0 1.0 0.0
41 40 41 0.0 0.0 3.0 18.0 142.0 5.0 0.0
41 41 39 0.0 0.0 7.0 5.0 96.0 3.0 0.0
41 41 40 0.0 0.0 3.0 7.0 109.0 3.0 0.0
41 41 41 0.0 1.0 10.0 10.0 138.0 2.0 0.0
41 42 40 0.0 0.0 0.0 0.0 2.0 0.0 0.0
