38 38 41 0.0 0.0 0.0 0.0 1.0 0.0 0.0
38 39 40 0.0 0.0 0.0 0.0 2.0 0.0 0.0
38 39 41 0.0 0.0 0.0 0.0 1.0 0.0 0.0
38 40 39 0.0 0.0 0.0 0.0 1.0 0.0 0.0
38 40 40 0.0 1.0 0.0 0.0 7.0 0.0 0.0
38 40 41 0.0 0.0 0.0 0.0 3.0 0.0 0.0
38 40 42 0.0 0.0 0.0 0.0 3.0 0.0 0.0
38 41 38 0.0 0.0 0.0 0.0 1.0 0.0 0.0
38 41 39 0.0 0.0 0.0 0.0 1.0 0.0 0.0
38 41 41 0.0 3.0 0.0 1.0 2.0 0.0 0.0
38 42 40 0.0 0.0 0.0 0.0 2.0 0.0 0.0
38 42 41 0.0 0.0 0.0 1.0 1.0 0.0 0.0
39 38 39 0.0 0.0 0.0 0.0 8.0 1.0 0.0
39 38 40 0.0 0.0 0.0 3.0 9.0 1.0 0.0
39 38 41 0.0 0.0 0.0 0.0 3.0 0.0 0.0
39 38 42 0.0 0.0 0.0 0.0 1.0 0.0 0.0
39 39 38 0.0 0.0 0.0 0.0 3.0 0.0 0.0
39 39 39 0.0 6.0 89.0 212.0 2188.0 47.0 15.0
39 39 40 0.0 4.0 60.0 153.0 1912.0 36.0 4.0
39 39 41 1.0 5.0 36.0 139.0 2022.0 42.0 8.0
39 39 42 0.0 0.0 0.0 2.0 2.0 1.0 0.0
39 40 38 0.0 0.0 0.0 0.0 15.0 0.0 0.0
39 40 39 0.0 25.0 33.0 246.0 1516.0 34.0 8.0
39 40 40 0.0 21.0 69.0 386.0 2416.0 53.0 14.0
39 40 41 1.0 3.0 41.0 200.0 1435.0 25.0 3.0
39 41 38 0.0 0.0 0.0 0.0 1.0 0.0 0.0
39 41 39 0.0 4.0 30.0 184.0 1495.0 30.0 8.0
39 41 40 1.0 5.0 57.0 128.0 1865.0 27.0 9.0
39 41 41 0.0 10.0 103.0 176.0 1507.0 31.0 3.0
39 41 42 0.0 0.0 0.0 1.0 0.0 0.0 0.0
39 42 39 0.0 0.0 0.0 0.0 1.0 0.0 0.0
39 42 40 0.0 0.0 0.0 0.0 4.0 0.0 0.0
39 42 41 0.0 0.0 0.0 0.0 4.0 0.0 0.0
39 42 42 0.0 0.0 0.0 0.0 1.0 0.0 0.0
40 38 39 0.0 0.0 0.0 0.0 5.0 0.0 0.0
40 38 40 0.0 0.0 0.0 1.0 4.0 0.0 0.0
40 38 41 0.0 0.0 0.0 0.0 4.0 0.0 0.0
40 38 42 0.0 0.0 1.0 0.0 0.0 0.0 0.0
40 39 38 0.0 0.0 0.0 0.0 1.0 0.0 0.0
40 39 39 0.0 2.0 59.0 120.0 2240.0 44.0 15.0
40 39 40 0.0 114.0 93.0 1803.0 2698.0 88.0 55.0
40 39 41 0.0 4.0 59.0 262.0 1616.0 41.0 7.0
40 39 42 0.0 0.0 0.0 1.0 3.0 0.0 0.0
40 40 38 0.0 0.0 0.0 0.0 5.0 0.0 0.0
40 40 39 1.0 19.0 79.0 281.0 2386.0 52.0 12.0
40 40 40 4.0 221.0 1594.0 4736.0 39556.0 605.0 15534.0
40 40 41 0.0 28.0 102.0 408.0 2431.0 48.0 11.0
40 40 42 0.0 0.0 0.0 1.0 2.0 0.0 0.0
40 41 38 0.0 0.0 0.0 0.0 1.0 0.0 0.0
40 41 39 0.0 8.0 84.0 210.0 1838.0 65.0 4.0
40 41 40 0.0 24.0 69.0 216.0 2252.0 42.0 15.0
40 41 41 0.0 5.0 69.0 324.0 1816.0 45.0 5.0
40 41 42 0.0 0.0 1.0 0.0 3.0 0.0 0.0
40 42 38 0.0 0.0 0.0 0.0 1.0 0.0 0.0
40 42 39 0.0 0.0 2.0 0.0 5.0 0.0 0.0
40 42 40 0.0 0.0 0.0 2.0 1.0 0.0 0.0
41 38 38 0.0 0.0 0.0 0.0 3.0 0.0 0.0
41 38 39 0.0 0.0 0.0 3.0 1.0 0.0 0.0
41 38 40 0.0 0.0 0.0 1.0 0.0 0.0 0.0
41 38 41 0.0 0.0 0.0 0.0 2.0 0.0 0.0
41 39 38 0.0 0.0 0.0 0.0 3.0 0.0 0.0
41 39 39 0.0 8.0 44.0 151.0 1560.0 22.0 5.0
41 39 40 0.0 2.0 29.0 199.0 1450.0 29.0 1.0
41 39 41 0.0 6.0 66.0 175.0 1798.0 38.0 10.0
41 39 42 0.0 0.0 0.0 0.0 1.0 0.0 0.0
41 40 38 0.0 0.0 0.0 0.0 2.0 0.0 0.0
41 40 39 0.0 2.0 94.0 178.0 2476.0 52.0 9.0
41 40 40 0.0 14.0 127.0 233.0 2290.0 51.0 13.0
41 40 41 0.0 4.0 51.0 237.0 1843.0 33.0 8.0
41 40 42 0.0 0.0 0.0 0.0 4.0 0.0 0.0
41 41 38 0.0 0.0 0.0 0.0 1.0 0.0 0.0
41 41 39 0.0 0.0 41.0 158.0 1456.0 27.0 3.0
41 41 40 0.0 12.0 58.0 221.0 1547.0 22.0 8.0
41 41 41 0.0 8.0 122.0 180.0 1862.0 36.0 4.0
41 41 42 0.0 0.0 0.0 0.0 2.0 0.0 0.0
41 42 38 0.0 0.0 0.0 0.0 4.0 0.0 0.0
41 42 39 0.0 0.0 0.0 0.0 8.0 0.0 0.0
41 42 40 0.0 0.0 0.0 0.0 23.0 0.0 0.0
41 42 41 0.0 0.0 0.0 0.0 1.0 0.0 0.0
42 38 39 0.0 0.0 0.0 0.0 1.0 0.0 0.0
42 39 39 0.0 0.0 0.0 0.0 1.0 0.0 0.0
42 39 40 0.0 0.0 0.0 0.0 2.0 0.0 0.0
42 40 38 0.0 0.0 0.0 0.0 2.0 0.0 0.0
42 40 39 0.0 0.0 0.0 0.0 1.0 0.0 0.0
42 40 40 0.0 0.0 2.0 0.0 0.0 0.0 0.0
42 40 41 0.0 0.0 0.0 0.0 1.0 0.0 0.0
42 41 39 0.0 0.0 1.0 0.0 3.0 0.0 0.0
42 41 41 0.0 0.0 0.0 0.0 3.0 0.0 0.0
42 41 42 0.0 0.0 0.0 0.0 3.0 0.0 0.0
42 42 40 0.0 0.0 1.0 0.0 2.0 0.0 0.0
