39 39 39 0.0 0.0 13.0 4.0 75.0 2.0 0.0
39 39 40 0.0 0.0 0.0 0.0 42.0 2.0 0.0
39 39 41 0.0 0.0 3.0 5.0 75.0 1.0 0.0
39 40 39 0.0 2.0 1.0 3.0 11.0 0.0 0.0
39 40 40 0.0 3.0 2.0 8.0 32.0 1.0 0.0
39 40 41 0.0 0.0 1.0 5.0 18.0 0.0 0.0
39 41 39 0.0 0.0 0.0 1.0 43.0 0.0 0.0
39 41 40 0.0 0.0 5.0 1.0 43.0 0.0 0.0
39 41 41 0.0 0.0 5.0 0.0 22.0 0.0 0.0
40 39 39 0.0 0.0 5.0 0.0 73.0 3.0 0.0
40 39 40 0.0 22.0 5.0 85.0 40.0 3.0 0.0
40 39 41 0.0 2.0 0.0 2.0 36.0 2.0 0.0
40 40 39 0.0 0.0 3.0 1.0 40.0 1.0 0.0
40 40 40 10.0 113.0 859.0 1408.0 10552.0 232.0 467.0
40 40 41 0.0 2.0 6.0 7.0 42.0 1.0 0.0
40 41 39 0.0 0.0 1.0 0.0 31.0 1.0 0.0
40 41 40 0.0 0.0 1.0 2.0 40.0 0.0 0.0
40 41 41 0.0 1.0 1.0 9.0 30.0 1.0 0.0
41 39 39 0.0 0.0 2.0 1.0 27.0 0.0 0.0
41 39 40 0.0 0.0 1.0 3.0 25.0 0.0 0.0
41 39 41 0.0 0.0 7.0 3.0 37.0 1.0 0.0
41 40 39 0.0 0.0 11.0 1.0 79.0 0.0 0.0
41 40 40 0.0 0.0 3.0 1.0 38.0 1.0 0.0
41 40 41 0.0 0.0 1.0 2.0 40.0 0.0 0.0
41 41 39 0.0 0.0 4.0 1.0 11.0 0.0 0.0
41 41 40 0.0 0.0 0.0 0.0 29.0 0.0 0.0
41 41 41 0.0 0.0 2.0 2.0 46.0 1.0 0.0
