34 40 39 0.0 0.0 0.0 0.0 3.0 0.0 0.0
35 35 40 0.0 0.0 0.0 0.0 1.0 0.0 0.0
35 36 38 0.0 0.0 0.0 0.0 5.0 0.0 0.0
35 36 39 0.0 0.0 0.0 2.0 7.0 0.0 0.0
35 36 40 0.0 0.0 0.0 0.0 7.0 0.0 0.0
35 36 41 0.0 0.0 0.0 0.0 2.0 0.0 0.0
35 37 36 0.0 0.0 0.0 0.0 1.0 0.0 0.0
35 37 37 0.0 0.0 0.0 0.0 7.0 0.0 0.0
35 37 38 0.0 0.0 0.0 0.0 34.0 0.0 0.0
35 37 39 0.0 0.0 0.0 8.0 47.0 2.0 0.0
35 37 40 0.0 0.0 0.0 10.0 78.0 0.0 0.0
35 37 41 0.0 1.0 0.0 3.0 62.0 2.0 0.0
35 37 42 0.0 0.0 0.0 2.0 34.0 0.0 0.0
35 37 43 0.0 0.0 0.0 0.0 4.0 0.0 0.0
35 38 36 0.0 0.0 0.0 0.0 1.0 0.0 0.0
35 38 37 0.0 0.0 0.0 3.0 25.0 0.0 0.0
35 38 38 0.0 0.0 0.0 18.0 108.0 1.0 0.0
35 38 39 0.0 0.0 4.0 28.0 256.0 1.0 0.0
35 38 40 0.0 0.0 0.0 26.0 252.0 4.0 0.0
35 38 41 0.0 2.0 1.0 24.0 214.0 2.0 0.0
35 38 42 0.0 0.0 0.0 7.0 85.0 2.0 0.0
35 38 43 0.0 0.0 0.0 5.0 18.0 1.0 0.0
35 39 36 0.0 0.0 0.0 1.0 5.0 0.0 0.0
35 39 37 0.0 0.0 0.0 11.0 37.0 0.0 0.0
35 39 38 0.0 1.0 5.0 23.0 216.0 2.0 0.0
35 39 39 0.0 0.0 3.0 77.0 417.0 10.0 0.0
35 39 40 0.0 0.0 1.0 56.0 544.0 9.0 0.0
35 39 41 0.0 1.0 0.0 49.0 465.0 9.0 1.0
35 39 42 0.0 0.0 1.0 22.0 237.0 9.0 0.0
35 39 43 0.0 0.0 1.0 4.0 45.0 2.0 0.0
35 39 44 0.0 0.0 0.0 0.0 6.0 0.0 0.0
35 40 36 0.0 0.0 0.0 0.0 4.0 0.0 0.0
35 40 37 0.0 0.0 0.0 5.0 46.0 3.0 0.0
35 40 38 0.0 0.0 0.0 52.0 312.0 9.0 1.0
35 40 39 0.0 7.0 1.0 93.0 615.0 12.0 1.0
35 40 40 0.0 1.0 0.0 81.0 725.0 11.0 0.0
35 40 41 0.0 2.0 2.0 79.0 600.0 12.0 0.0
35 40 42 0.0 0.0 3.0 27.0 245.0 5.0 0.0
35 40 43 0.0 0.0 0.0 10.0 74.0 1.0 0.0
35 40 44 0.0 0.0 0.0 2.0 4.0 0.0 0.0
35 41 35 0.0 0.0 0.0 1.0 0.0 0.0 0.0
35 41 36 0.0 0.0 0.0 0.0 2.0 0.0 0.0
35 41 37 0.0 0.0 0.0 12.0 50.0 0.0 0.0
35 41 38 0.0 0.0 0.0 27.0 192.0 0.0 0.0
35 41 39 0.0 0.0 1.0 47.0 433.0 5.0 0.0
35 41 40 0.0 0.0 4.0 61.0 614.0 11.0 1.0
35 41 41 0.0 0.0 0.0 53.0 532.0 9.0 0.0
35 41 42 0.0 0.0 0.0 32.0 228.0 7.0 0.0
35 41 43 0.0 0.0 0.0 16.0 43.0 3.0 0.0
35 41 44 0.0 0.0 0.0 0.0 3.0 0.0 0.0
35 42 36 0.0 0.0 0.0 0.0 1.0 0.0 0.0
35 42 37 0.0 0.0 0.0 1.0 20.0 0.0 0.0
35 42 38 0.0 0.0 0.0 8.0 79.0 0.0 0.0
35 42 39 0.0 0.0 0.0 20.0 249.0 6.0 0.0
35 42 40 0.0 0.0 0.0 27.0 279.0 4.0 0.0
35 42 41 0.0 0.0 0.0 11.0 213.0 4.0 0.0
35 42 42 0.0 0.0 0.0 12.0 96.0 3.0 0.0
35 42 43 0.0 0.0 0.0 1.0 14.0 0.0 0.0
35 42 44 0.0 0.0 0.0 0.0 4.0 0.0 0.0
35 43 36 0.0 0.0 0.0 0.0 1.0 0.0 0.0
35 43 37 0.0 0.0 0.0 0.0 4.0 0.0 0.0
35 43 38 0.0 0.0 0.0 7.0 15.0 0.0 0.0
35 43 39 0.0 0.0 0.0 4.0 53.0 0.0 0.0
35 43 40 0.0 0.0 0.0 4.0 60.0 0.0 0.0
35 43 41 0.0 0.0 0.0 2.0 62.0 0.0 0.0
35 43 42 0.0 0.0 0.0 7.0 12.0 0.0 0.0
35 43 43 0.0 0.0 0.0 0.0 2.0 0.0 0.0
35 44 38 0.0 0.0 0.0 0.0 3.0 0.0 0.0
35 44 39 0.0 0.0 0.0 0.0 4.0 0.0 0.0
35 44 40 0.0 0.0 0.0 0.0 2.0 0.0 0.0
35 44 41 0.0 0.0 0.0 2.0 7.0 1.0 0.0
35 44 42 0.0 0.0 0.0 0.0 2.0 0.0 0.0
36 35 38 0.0 0.0 0.0 0.0 1.0 0.0 0.0
36 35 39 0.0 0.0 0.0 0.0 10.0 1.0 0.0
36 35 40 0.0 0.0 0.0 1.0 2.0 0.0 0.0
36 35 41 0.0 0.0 0.0 0.0 12.0 0.0 0.0
36 35 42 0.0 0.0 0.0 0.0 1.0 0.0 0.0
36 35 43 0.0 0.0 0.0 0.0 1.0 0.0 0.0
36 36 36 0.0 0.0 0.0 2.0 3.0 0.0 0.0
36 36 37 0.0 0.0 0.0 7.0 108.0 1.0 0.0
36 36 38 0.0 7.0 1.0 60.0 353.0 6.0 0.0
36 36 39 0.0 0.0 0.0 68.0 575.0 5.0 0.0
36 36 40 0.0 1.0 3.0 79.0 772.0 18.0 0.0
36 36 41 0.0 1.0 1.0 56.0 600.0 13.0 1.0
36 36 42 0.0 0.0 0.0 23.0 285.0 5.0 0.0
36 36 43 0.0 0.0 0.0 3.0 61.0 2.0 0.0
36 36 44 0.0 0.0 0.0 3.0 12.0 1.0 0.0
36 37 36 0.0 0.0 0.0 8.0 82.0 0.0 0.0
36 37 37 0.0 2.0 7.0 81.0 743.0 9.0 2.0
36 37 38 0.0 0.0 4.0 221.0 2388.0 39.0 12.0
36 37 39 0.0 4.0 8.0 529.0 4333.0 74.0 27.0
36 37 40 0.0 1.0 30.0 593.0 5525.0 103.0 56.0
36 37 41 0.0 0.0 12.0 518.0 4424.0 96.0 30.0
36 37 42 0.0 0.0 7.0 178.0 2475.0 34.0 6.0
36 37 43 0.0 0.0 3.0 72.0 604.0 11.0 0.0
36 37 44 0.0 0.0 0.0 7.0 94.0 0.0 0.0
36 38 35 0.0 0.0 0.0 0.0 2.0 0.0 0.0
36 38 36 0.0 0.0 3.0 37.0 413.0 8.0 0.0
36 38 37 0.0 2.0 6.0 266.0 2450.0 44.0 7.0
36 38 38 0.0 2.0 34.0 833.0 7368.0 124.0 105.0
36 38 39 0.0 16.0 31.0 1555.0 12718.0 229.0 395.0
36 38 40 0.0 8.0 32.0 1669.0 15552.0 282.0 566.0
36 38 41 0.0 11.0 63.0 1427.0 12991.0 254.0 404.0
36 38 42 0.0 7.0 21.0 811.0 7189.0 136.0 104.0
36 38 43 0.0 0.0 2.0 216.0 2133.0 33.0 4.0
36 38 44 0.0 0.0 0.0 26.0 301.0 4.0 0.0
36 38 45 0.0 0.0 0.0 0.0 2.0 0.0 0.0
36 39 35 0.0 0.0 0.0 0.0 2.0 0.0 0.0
36 39 36 0.0 0.0 3.0 79.0 648.0 14.0 0.0
36 39 37 0.0 4.0 7.0 500.0 4339.0 83.0 39.0
36 39 38 0.0 19.0 39.0 1364.0 12802.0 220.0 348.0
36 39 39 0.0 7.0 49.0 2511.0 21267.0 354.0 1176.0
36 39 40 0.0 17.0 57.0 2516.0 25043.0 422.0 1757.0
36 39 41 0.0 28.0 82.0 2520.0 21620.0 323.0 1255.0
36 39 42 0.0 9.0 57.0 1387.0 12938.0 227.0 364.0
36 39 43 0.0 0.0 13.0 461.0 4387.0 99.0 33.0
36 39 44 0.0 0.0 1.0 51.0 539.0 15.0 0.0
36 39 45 0.0 0.0 0.0 1.0 2.0 0.0 0.0
36 40 35 0.0 0.0 0.0 1.0 10.0 1.0 0.0
36 40 36 0.0 1.0 0.0 85.0 721.0 16.0 0.0
36 40 37 0.0 3.0 15.0 665.0 5478.0 111.0 56.0
36 40 38 0.0 16.0 58.0 1799.0 14968.0 260.0 540.0
36 40 39 0.0 19.0 51.0 3092.0 24281.0 391.0 1695.0
36 40 40 0.0 18.0 81.0 3150.0 27760.0 447.0 2422.0
36 40 41 0.0 17.0 65.0 2909.0 24336.0 431.0 1697.0
36 40 42 0.0 18.0 33.0 1594.0 15110.0 270.0 505.0
36 40 43 0.0 3.0 8.0 608.0 5522.0 106.0 55.0
36 40 44 0.0 1.0 2.0 86.0 734.0 12.0 0.0
36 40 45 0.0 0.0 0.0 0.0 7.0 0.0 0.0
36 41 35 0.0 0.0 0.0 0.0 2.0 0.0 0.0
36 41 36 0.0 1.0 0.0 103.0 557.0 13.0 0.0
36 41 37 0.0 3.0 6.0 461.0 4336.0 63.0 35.0
36 41 38 0.0 10.0 53.0 1599.0 12111.0 225.0 364.0
36 41 39 0.0 17.0 49.0 2277.0 21288.0 341.0 1184.0
36 41 40 0.0 9.0 114.0 2763.0 24666.0 425.0 1726.0
36 41 41 0.0 19.0 52.0 2365.0 22003.0 376.0 1313.0
36 41 42 0.0 18.0 55.0 1404.0 12820.0 211.0 386.0
36 41 43 0.0 1.0 15.0 567.0 4139.0 77.0 43.0
36 41 44 0.0 1.0 1.0 68.0 604.0 19.0 1.0
36 41 45 0.0 0.0 0.0 0.0 2.0 0.0 0.0
36 42 35 0.0 0.0 0.0 0.0 1.0 0.0 0.0
36 42 36 0.0 0.0 1.0 40.0 227.0 2.0 0.0
36 42 37 0.0 19.0 4.0 360.0 2071.0 46.0 9.0
36 42 38 0.0 2.0 24.0 847.0 6897.0 133.0 116.0
36 42 39 0.0 5.0 14.0 1421.0 12317.0 192.0 344.0
36 42 40 0.0 19.0 46.0 1694.0 15222.0 272.0 608.0
36 42 41 0.0 3.0 31.0 1403.0 13678.0 237.0 391.0
36 42 42 0.0 3.0 25.0 882.0 7211.0 128.0 95.0
36 42 43 0.0 0.0 5.0 225.0 2443.0 43.0 8.0
36 42 44 0.0 0.0 1.0 10.0 237.0 4.0 0.0
36 42 45 0.0 0.0 0.0 1.0 1.0 0.0 0.0
36 43 36 0.0 0.0 0.0 11.0 63.0 2.0 0.0
36 43 37 0.0 0.0 0.0 64.0 598.0 14.0 0.0
36 43 38 0.0 3.0 2.0 206.0 2161.0 51.0 11.0
36 43 39 0.0 1.0 8.0 433.0 4309.0 70.0 28.0
36 43 40 0.0 3.0 6.0 741.0 5429.0 98.0 60.0
36 43 41 0.0 4.0 8.0 549.0 4316.0 67.0 39.0
36 43 42 0.0 1.0 5.0 254.0 2411.0 40.0 11.0
36 43 43 0.0 0.0 0.0 83.0 649.0 17.0 1.0
36 43 44 0.0 0.0 0.0 7.0 46.0 0.0 0.0
36 44 36 0.0 0.0 0.0 0.0 24.0 1.0 0.0
36 44 37 0.0 0.0 1.0 5.0 46.0 0.0 0.0
36 44 38 0.0 0.0 1.0 16.0 227.0 4.0 0.0
36 44 39 0.0 0.0 3.0 51.0 477.0 13.0 0.0
36 44 40 0.0 0.0 4.0 69.0 663.0 6.0 2.0
36 44 41 0.0 1.0 10.0 58.0 548.0 10.0 2.0
36 44 42 0.0 0.0 0.0 33.0 305.0 10.0 0.0
36 44 43 0.0 0.0 0.0 6.0 87.0 0.0 0.0
36 44 44 0.0 0.0 0.0 0.0 10.0 0.0 0.0
36 45 38 0.0 0.0 0.0 0.0 2.0 0.0 0.0
36 45 39 0.0 0.0 0.0 0.0 1.0 0.0 0.0
36 45 40 0.0 0.0 0.0 1.0 20.0 1.0 0.0
36 45 41 0.0 0.0 0.0 0.0 2.0 0.0 0.0
36 45 42 0.0 0.0 0.0 1.0 0.0 0.0 0.0
37 35 37 0.0 0.0 0.0 0.0 14.0 0.0 0.0
37 35 38 0.0 0.0 2.0 1.0 42.0 2.0 0.0
37 35 39 0.0 0.0 0.0 10.0 65.0 0.0 0.0
37 35 40 0.0 0.0 0.0 14.0 84.0 0.0 0.0
37 35 41 0.0 0.0 0.0 10.0 65.0 2.0 0.0
37 35 42 0.0 0.0 0.0 2.0 27.0 1.0 0.0
37 35 43 0.0 0.0 0.0 0.0 2.0 0.0 0.0
37 36 35 0.0 0.0 0.0 0.0 1.0 0.0 0.0
37 36 36 0.0 0.0 0.0 6.0 62.0 2.0 0.0
37 36 37 0.0 0.0 2.0 125.0 868.0 15.0 0.0
37 36 38 0.0 4.0 5.0 397.0 2768.0 52.0 21.0
37 36 39 0.0 3.0 17.0 738.0 4862.0 89.0 53.0
37 36 40 0.0 1.0 11.0 724.0 6115.0 105.0 82.0
37 36 41 0.0 0.0 10.0 587.0 4777.0 83.0 49.0
37 36 42 0.0 0.0 3.0 326.0 2329.0 38.0 9.0
37 36 43 0.0 0.0 1.0 76.0 827.0 14.0 6.0
37 36 44 0.0 0.0 0.0 9.0 98.0 3.0 0.0
37 37 35 0.0 0.0 0.0 0.0 10.0 0.0 0.0
37 37 36 0.0 1.0 0.0 63.0 764.0 12.0 0.0
37 37 37 0.0 5.0 22.0 749.0 8930.0 156.0 188.0
37 37 38 0.0 4.0 17.0 2124.0 22807.0 386.0 1617.0
37 37 39 0.0 23.0 64.0 3417.0 33956.0 517.0 4557.0
37 37 40 0.0 20.0 75.0 3875.0 36738.0 566.0 5797.0
37 37 41 0.0 10.0 58.0 2816.0 33061.0 495.0 4106.0
37 37 42 0.0 3.0 40.0 2280.0 21654.0 370.0 1542.0
37 37 43 0.0 0.0 12.0 1049.0 8233.0 157.0 172.0
37 37 44 0.0 0.0 0.0 44.0 564.0 11.0 0.0
37 37 45 0.0 0.0 0.0 0.0 8.0 0.0 0.0
37 38 35 0.0 0.0 1.0 4.0 28.0 1.0 0.0
37 38 36 0.0 2.0 19.0 223.0 2789.0 53.0 6.0
37 38 37 0.0 18.0 75.0 2664.0 22748.0 411.0 1690.0
37 38 38 0.0 55.0 124.0 4528.0 42331.0 557.0 9707.0
37 38 39 0.0 39.0 129.0 5498.0 49322.0 611.0 20205.0
37 38 40 0.0 54.0 128.0 5567.0 50397.0 584.0 23021.0
37 38 41 0.0 23.0 144.0 5169.0 49562.0 604.0 19357.0
37 38 42 0.0 7.0 100.0 4118.0 41503.0 575.0 8432.0
37 38 43 0.0 1.0 50.0 2347.0 22127.0 346.0 1574.0
37 38 44 0.0 0.0 5.0 255.0 2235.0 38.0 9.0
37 38 45 0.0 0.0 0.0 1.0 19.0 0.0 0.0
37 39 35 0.0 0.0 1.0 6.0 66.0 1.0 0.0
37 39 36 0.0 1.0 28.0 567.0 4867.0 91.0 38.0
37 39 37 0.0 19.0 83.0 3708.0 33615.0 481.0 4616.0
37 39 38 0.0 15.0 152.0 5726.0 48637.0 602.0 18942.0
37 39 39 0.0 42.0 156.0 5581.0 50398.0 541.0 34666.0
37 39 40 0.0 59.0 166.0 5875.0 48520.0 490.0 40461.0
37 39 41 0.0 37.0 226.0 5299.0 50641.0 528.0 34767.0
37 39 42 1.0 29.0 140.0 5006.0 49773.0 648.0 19546.0
37 39 43 0.0 22.0 96.0 2937.0 32034.0 515.0 3814.0
37 39 44 0.0 3.0 19.0 487.0 4316.0 93.0 44.0
37 39 45 0.0 0.0 0.0 4.0 55.0 0.0 0.0
37 40 35 0.0 1.0 1.0 3.0 61.0 2.0 0.0
37 40 36 0.0 2.0 15.0 636.0 5258.0 81.0 55.0
37 40 37 0.0 47.0 120.0 4394.0 34711.0 514.0 5419.0
37 40 38 0.0 69.0 164.0 6050.0 49197.0 606.0 23640.0
37 40 39 0.0 77.0 165.0 6022.0 48990.0 535.0 39523.0
37 40 40 0.0 71.0 138.0 5706.0 48369.0 486.0 44478.0
37 40 41 0.0 48.0 152.0 5607.0 49287.0 534.0 39644.0
37 40 42 0.0 71.0 160.0 5529.0 50193.0 626.0 23699.0
37 40 43 0.0 24.0 92.0 3619.0 35957.0 511.0 5365.0
37 40 44 0.0 0.0 23.0 551.0 5221.0 99.0 59.0
37 40 45 0.0 0.0 0.0 10.0 76.0 0.0 0.0
37 41 35 0.0 0.0 6.0 2.0 47.0 0.0 0.0
37 41 36 0.0 3.0 8.0 506.0 4276.0 83.0 36.0
37 41 37 0.0 48.0 75.0 4468.0 30474.0 484.0 3687.0
37 41 38 0.0 63.0 174.0 6342.0 47743.0 624.0 18653.0
37 41 39 0.0 58.0 135.0 5995.0 50160.0 535.0 33493.0
37 41 40 0.0 60.0 162.0 5543.0 49555.0 523.0 39653.0
37 41 41 0.0 44.0 225.0 5803.0 50121.0 522.0 35173.0
37 41 42 0.0 64.0 189.0 5395.0 48786.0 619.0 18872.0
37 41 43 0.0 3.0 88.0 3327.0 31865.0 509.0 3907.0
37 41 44 0.0 1.0 6.0 384.0 4328.0 77.0 30.0
37 41 45 0.0 0.0 0.0 2.0 64.0 1.0 0.0
37 42 35 0.0 0.0 0.0 2.0 18.0 0.0 0.0
37 42 36 0.0 1.0 5.0 259.0 2114.0 41.0 9.0
37 42 37 0.0 44.0 55.0 2956.0 18563.0 346.0 1154.0
37 42 38 0.0 70.0 99.0 4570.0 40456.0 554.0 8372.0
37 42 39 0.0 24.0 226.0 5600.0 48758.0 609.0 18940.0
37 42 40 0.0 33.0 165.0 5923.0 49601.0 615.0 23109.0
37 42 41 0.0 46.0 135.0 5875.0 48249.0 594.0 19566.0
37 42 42 0.0 29.0 94.0 4890.0 41451.0 556.0 8966.0
37 42 43 0.0 19.0 91.0 2317.0 20568.0 354.0 1188.0
37 42 44 0.0 0.0 8.0 238.0 2169.0 39.0 8.0
37 42 45 0.0 0.0 0.0 0.0 19.0 0.0 0.0
37 43 35 0.0 0.0 0.0 1.0 3.0 0.0 0.0
37 43 36 0.0 0.0 1.0 60.0 602.0 8.0 0.0
37 43 37 0.0 0.0 32.0 754.0 7176.0 136.0 111.0
37 43 38 0.0 20.0 45.0 2275.0 19530.0 318.0 1142.0
37 43 39 0.0 17.0 110.0 3079.0 30878.0 503.0 3447.0
37 43 40 0.0 14.0 210.0 3279.0 35324.0 509.0 5190.0
37 43 41 0.0 18.0 134.0 3478.0 32592.0 532.0 4220.0
37 43 42 0.0 12.0 101.0 2205.0 22928.0 404.0 1705.0
37 43 43 0.0 4.0 36.0 773.0 8120.0 163.0 168.0
37 43 44 0.0 0.0 2.0 73.0 805.0 21.0 0.0
37 43 45 0.0 0.0 0.0 0.0 5.0 0.0 0.0
37 44 35 0.0 0.0 0.0 0.0 1.0 0.0 0.0
37 44 36 0.0 0.0 0.0 7.0 64.0 1.0 0.0
37 44 37 0.0 0.0 2.0 44.0 562.0 13.0 0.0
37 44 38 0.0 0.0 2.0 193.0 2138.0 43.0 8.0
37 44 39 0.0 1.0 18.0 505.0 4135.0 71.0 31.0
37 44 40 0.0 1.0 4.0 449.0 5356.0 95.0 52.0
37 44 41 0.0 4.0 12.0 496.0 4663.0 102.0 38.0
37 44 42 0.0 1.0 4.0 249.0 2290.0 39.0 10.0
37 44 43 0.0 0.0 1.0 67.0 697.0 14.0 2.0
37 44 44 0.0 0.0 0.0 10.0 109.0 1.0 0.0
37 44 45 0.0 0.0 0.0 0.0 2.0 0.0 0.0
37 45 37 0.0 0.0 0.0 0.0 1.0 0.0 0.0
37 45 38 0.0 0.0 0.0 2.0 16.0 0.0 0.0
37 45 39 0.0 0.0 0.0 4.0 32.0 0.0 0.0
37 45 40 0.0 0.0 0.0 3.0 62.0 0.0 0.0
37 45 41 0.0 0.0 0.0 2.0 33.0 0.0 0.0
37 45 42 0.0 0.0 0.0 1.0 18.0 0.0 0.0
37 45 43 0.0 0.0 0.0 0.0 5.0 0.0 0.0
38 35 36 0.0 0.0 0.0 0.0 2.0 0.0 0.0
38 35 37 0.0 0.0 0.0 3.0 35.0 1.0 0.0
38 35 38 0.0 1.0 2.0 30.0 133.0 4.0 0.0
38 35 39 0.0 0.0 1.0 36.0 294.0 7.0 0.0
38 35 40 0.0 0.0 0.0 41.0 292.0 5.0 0.0
38 35 41 0.0 0.0 1.0 27.0 273.0 6.0 0.0
38 35 42 0.0 0.0 0.0 16.0 68.0 0.0 0.0
38 35 43 0.0 0.0 1.0 1.0 15.0 1.0 0.0
38 35 44 0.0 0.0 0.0 0.0 2.0 0.0 0.0
38 36 35 0.0 0.0 0.0 0.0 2.0 0.0 0.0
38 36 36 0.0 0.0 0.0 44.0 339.0 10.0 1.0
38 36 37 0.0 1.0 5.0 378.0 2939.0 69.0 15.0
38 36 38 0.0 7.0 24.0 1025.0 8004.0 135.0 140.0
38 36 39 0.0 7.0 66.0 2031.0 14549.0 255.0 587.0
38 36 40 0.0 3.0 67.0 2154.0 16077.0 279.0 647.0
38 36 41 0.0 13.0 42.0 1797.0 13288.0 228.0 425.0
38 36 42 0.0 1.0 10.0 1023.0 7165.0 130.0 141.0
38 36 43 0.0 2.0 3.0 293.0 2331.0 52.0 13.0
38 36 44 0.0 0.0 0.0 39.0 291.0 5.0 0.0
38 37 35 0.0 0.0 0.0 0.0 24.0 0.0 0.0
38 37 36 0.0 0.0 2.0 247.0 2576.0 48.0 8.0
38 37 37 0.0 7.0 71.0 1979.0 24278.0 414.0 1760.0
38 37 38 0.0 53.0 198.0 5822.0 42635.0 580.0 10848.0
38 37 39 0.0 50.0 130.0 6426.0 48157.0 589.0 22281.0
38 37 40 0.0 55.0 166.0 6804.0 49050.0 537.0 25533.0
38 37 41 0.0 23.0 142.0 5940.0 48646.0 575.0 20582.0
38 37 42 0.0 32.0 114.0 4892.0 41824.0 558.0 9396.0
38 37 43 0.0 1.0 26.0 1994.0 20767.0 328.0 1247.0
38 37 44 0.0 0.0 7.0 214.0 2464.0 49.0 6.0
38 37 45 0.0 0.0 1.0 1.0 23.0 1.0 0.0
38 38 35 0.0 0.0 0.0 14.0 123.0 1.0 0.0
38 38 36 0.0 6.0 18.0 754.0 7951.0 147.0 132.0
38 38 37 0.0 23.0 94.0 3996.0 43188.0 568.0 9496.0
38 38 38 0.0 32.0 155.0 4607.0 45315.0 459.0 48934.0
38 38 39 0.0 37.0 100.0 4499.0 38823.0 298.0 68279.0
38 38 40 0.0 25.0 131.0 4028.0 36679.0 296.0 74790.0
38 38 41 0.0 31.0 110.0 4285.0 39373.0 341.0 67389.0
38 38 42 0.0 23.0 112.0 4713.0 45998.0 459.0 46304.0
38 38 43 0.0 11.0 106.0 4649.0 41368.0 546.0 9260.0
38 38 44 0.0 0.0 17.0 756.0 7217.0 131.0 116.0
38 38 45 0.0 0.0 0.0 8.0 88.0 0.0 0.0
38 39 35 0.0 0.0 0.0 15.0 263.0 9.0 0.0
38 39 36 0.0 20.0 55.0 1419.0 13063.0 247.0 380.0
38 39 37 0.0 78.0 152.0 5544.0 48958.0 612.0 20514.0
38 39 38 0.0 44.0 142.0 4716.0 38131.0 335.0 68271.0
38 39 39 0.0 37.0 104.0 3874.0 31018.0 227.0 89369.0
38 39 40 0.0 23.0 121.0 3358.0 28812.0 207.0 95269.0
38 39 41 0.0 28.0 119.0 3450.0 32102.0 239.0 88265.0
38 39 42 0.0 40.0 163.0 4380.0 39691.0 337.0 66367.0
38 39 43 0.0 28.0 134.0 4944.0 49300.0 590.0 19424.0
38 39 44 0.0 9.0 25.0 1284.0 13037.0 225.0 381.0
38 39 45 0.0 0.0 0.0 21.0 202.0 2.0 0.0
38 40 35 0.0 0.0 0.0 17.0 272.0 7.0 0.0
38 40 36 0.0 8.0 72.0 1713.0 15457.0 282.0 544.0
38 40 37 0.0 47.0 150.0 5803.0 49795.0 583.0 22887.0
38 40 38 0.0 45.0 146.0 4740.0 36559.0 297.0 73130.0
38 40 39 0.0 45.0 126.0 3484.0 29207.0 224.0 94697.0
38 40 40 0.0 32.0 135.0 3150.0 26063.0 184.0 102350.0
38 40 41 0.0 30.0 140.0 3248.0 29205.0 232.0 95548.0
38 40 42 0.0 36.0 178.0 3764.0 37088.0 303.0 73543.0
38 40 43 0.0 16.0 200.0 4793.0 50878.0 593.0 22889.0
38 40 44 0.0 6.0 59.0 1564.0 14990.0 240.0 574.0
38 40 45 0.0 0.0 2.0 32.0 284.0 5.0 0.0
38 41 35 0.0 0.0 1.0 40.0 218.0 3.0 0.0
38 41 36 0.0 8.0 83.0 1443.0 12703.0 247.0 417.0
38 41 37 0.0 35.0 186.0 5701.0 48241.0 635.0 18779.0
38 41 38 0.0 54.0 145.0 5255.0 39089.0 353.0 65411.0
38 41 39 0.0 45.0 106.0 3788.0 31953.0 243.0 87480.0
38 41 40 0.0 36.0 123.0 3403.0 28675.0 208.0 95982.0
38 41 41 0.0 50.0 171.0 3981.0 30974.0 198.0 89654.0
38 41 42 0.0 31.0 175.0 4083.0 40047.0 334.0 65793.0
38 41 43 0.0 29.0 171.0 5381.0 49299.0 597.0 19509.0
38 41 44 0.0 0.0 58.0 1239.0 12787.0 221.0 338.0
38 41 45 0.0 0.0 0.0 34.0 198.0 5.0 0.0
38 42 35 0.0 0.0 0.0 16.0 80.0 0.0 0.0
38 42 36 0.0 4.0 8.0 838.0 6498.0 128.0 82.0
38 42 37 0.0 20.0 89.0 4457.0 40838.0 542.0 8573.0
38 42 38 0.0 41.0 185.0 4696.0 46405.0 464.0 44359.0
38 42 39 0.0 42.0 182.0 4408.0 39483.0 331.0 66010.0
38 42 40 0.0 26.0 160.0 3990.0 36915.0 332.0 73154.0
38 42 41 0.0 35.0 176.0 4069.0 39179.0 347.0 67293.0
38 42 42 0.0 20.0 209.0 4401.0 45754.0 413.0 48140.0
38 42 43 0.0 9.0 181.0 4469.0 41633.0 577.0 8892.0
38 42 44 0.0 1.0 7.0 865.0 7370.0 127.0 110.0
38 42 45 0.0 0.0 0.0 9.0 98.0 1.0 0.0
38 43 35 0.0 0.0 0.0 1.0 26.0 0.0 0.0
38 43 36 0.0 0.0 3.0 216.0 2160.0 37.0 5.0
38 43 37 0.0 7.0 76.0 1945.0 19580.0 339.0 1166.0
38 43 38 0.0 16.0 173.0 4391.0 40073.0 546.0 8021.0
38 43 39 0.0 45.0 136.0 5824.0 48215.0 603.0 18862.0
38 43 40 0.0 33.0 149.0 5398.0 50361.0 607.0 22864.0
38 43 41 0.0 52.0 159.0 5425.0 49196.0 553.0 19344.0
38 43 42 0.0 40.0 105.0 4189.0 42099.0 569.0 9194.0
38 43 43 0.0 14.0 78.0 2395.0 22599.0 376.0 1625.0
38 43 44 0.0 0.0 8.0 183.0 2349.0 40.0 10.0
38 43 45 0.0 0.0 0.0 2.0 28.0 0.0 0.0
38 44 35 0.0 0.0 0.0 0.0 2.0 0.0 0.0
38 44 36 0.0 0.0 0.0 16.0 242.0 3.0 0.0
38 44 37 0.0 1.0 8.0 304.0 1974.0 40.0 6.0
38 44 38 0.0 8.0 25.0 733.0 6513.0 116.0 72.0
38 44 39 0.0 7.0 55.0 1366.0 12435.0 207.0 356.0
38 44 40 0.0 3.0 68.0 1598.0 14774.0 254.0 519.0
38 44 41 0.0 5.0 39.0 1065.0 12576.0 213.0 351.0
38 44 42 0.0 4.0 24.0 738.0 7415.0 142.0 91.0
38 44 43 0.0 2.0 11.0 297.0 2327.0 47.0 6.0
38 44 44 0.0 0.0 2.0 38.0 368.0 3.0 0.0
38 44 45 0.0 0.0 0.0 0.0 3.0 0.0 0.0
38 45 36 0.0 0.0 0.0 0.0 2.0 0.0 0.0
38 45 37 0.0 0.0 0.0 2.0 16.0 0.0 0.0
38 45 38 0.0 0.0 0.0 25.0 135.0 4.0 1.0
38 45 39 0.0 0.0 0.0 36.0 190.0 4.0 0.0
38 45 40 0.0 0.0 1.0 29.0 253.0 6.0 0.0
38 45 41 0.0 0.0 0.0 17.0 178.0 4.0 0.0
38 45 42 0.0 0.0 0.0 13.0 90.0 5.0 0.0
38 45 43 0.0 0.0 0.0 0.0 32.0 1.0 0.0
38 45 44 0.0 0.0 0.0 1.0 0.0 0.0 0.0
38 46 39 0.0 0.0 0.0 0.0 1.0 0.0 0.0
39 34 41 0.0 0.0 0.0 0.0 1.0 0.0 0.0
39 35 36 0.0 0.0 0.0 0.0 6.0 0.0 0.0
39 35 37 0.0 0.0 0.0 8.0 44.0 1.0 0.0
39 35 38 0.0 0.0 0.0 44.0 291.0 6.0 0.0
39 35 39 0.0 1.0 3.0 65.0 627.0 5.0 1.0
39 35 40 0.0 1.0 1.0 89.0 700.0 11.0 0.0
39 35 41 0.0 0.0 1.0 70.0 531.0 6.0 0.0
39 35 42 0.0 3.0 0.0 37.0 261.0 5.0 0.0
39 35 43 0.0 0.0 0.0 9.0 76.0 0.0 0.0
39 35 44 0.0 0.0 0.0 0.0 2.0 0.0 0.0
39 36 35 0.0 0.0 0.0 1.0 3.0 0.0 0.0
39 36 36 0.0 0.0 0.0 45.0 663.0 8.0 0.0
39 36 37 0.0 7.0 15.0 825.0 5411.0 101.0 78.0
39 36 38 0.0 12.0 52.0 1942.0 13879.0 267.0 497.0
39 36 39 0.0 20.0 37.0 3322.0 22972.0 369.0 1613.0
39 36 40 0.0 14.0 70.0 3359.0 25490.0 399.0 1978.0
39 36 41 0.0 17.0 71.0 3368.0 21477.0 411.0 1317.0
39 36 42 0.0 11.0 25.0 1679.0 12785.0 227.0 380.0
39 36 43 0.0 0.0 5.0 562.0 4402.0 79.0 54.0
39 36 44 0.0 0.0 2.0 69.0 555.0 14.0 1.0
39 36 45 0.0 0.0 0.0 0.0 5.0 0.0 0.0
39 37 35 0.0 0.0 0.0 3.0 45.0 0.0 0.0
39 37 36 0.0 3.0 1.0 480.0 4919.0 91.0 43.0
39 37 37 0.0 27.0 73.0 3226.0 33889.0 501.0 4469.0
39 37 38 0.0 39.0 129.0 6379.0 48939.0 601.0 22244.0
39 37 39 0.0 21.0 115.0 6810.0 48986.0 544.0 36612.0
39 37 40 0.0 36.0 155.0 6758.0 47950.0 479.0 41477.0
39 37 41 0.0 50.0 120.0 6989.0 48345.0 523.0 35856.0
39 37 42 0.0 43.0 168.0 6666.0 48049.0 608.0 19102.0
39 37 43 0.0 13.0 93.0 3334.0 33429.0 474.0 4224.0
39 37 44 0.0 2.0 5.0 510.0 4643.0 72.0 42.0
39 37 45 0.0 0.0 0.0 1.0 42.0 0.0 0.0
39 38 34 0.0 0.0 0.0 0.0 1.0 0.0 0.0
39 38 35 0.0 0.0 0.0 14.0 254.0 3.0 0.0
39 38 36 0.0 4.0 48.0 1057.0 14293.0 243.0 443.0
39 38 37 0.0 35.0 109.0 4849.0 50239.0 575.0 20430.0
39 38 38 0.0 42.0 111.0 4107.0 39012.0 355.0 67947.0
39 38 39 0.0 33.0 97.0 4138.0 29406.0 239.0 91196.0
39 38 40 0.0 26.0 137.0 3892.0 27545.0 198.0 97250.0
39 38 41 0.0 48.0 103.0 4218.0 30578.0 220.0 89459.0
39 38 42 0.0 16.0 121.0 4729.0 39871.0 353.0 65559.0
39 38 43 0.0 17.0 169.0 5449.0 49324.0 579.0 20308.0
39 38 44 0.0 3.0 55.0 1100.0 12660.0 191.0 362.0
39 38 45 0.0 0.0 0.0 20.0 265.0 6.0 0.0
39 39 35 0.0 0.0 2.0 31.0 503.0 6.0 0.0
39 39 36 0.0 10.0 72.0 1928.0 22456.0 341.0 1297.0
39 39 37 0.0 56.0 142.0 5323.0 50704.0 565.0 35373.0
39 39 38 0.0 30.0 120.0 3584.0 31118.0 219.0 89613.0
39 39 39 0.0 21.0 71.0 2204.0 17780.0 105.0 128609.0
39 39 40 0.0 17.0 62.0 2090.0 16358.0 88.0 131628.0
39 39 41 0.0 12.0 73.0 2162.0 17903.0 76.0 127294.0
39 39 42 0.0 21.0 132.0 3523.0 31697.0 241.0 88629.0
39 39 43 0.0 31.0 201.0 5074.0 50912.0 554.0 34321.0
39 39 44 0.0 7.0 48.0 2191.0 21158.0 325.0 1187.0
39 39 45 0.0 0.0 2.0 41.0 464.0 5.0 0.0
39 40 35 0.0 1.0 3.0 55.0 590.0 7.0 0.0
39 40 36 0.0 7.0 73.0 2257.0 25339.0 391.0 1657.0
39 40 37 0.0 41.0 166.0 5296.0 50043.0 514.0 39171.0
39 40 38 0.0 18.0 111.0 3195.0 29242.0 222.0 95330.0
39 40 39 0.0 20.0 73.0 2058.0 16461.0 77.0 130992.0
39 40 40 0.0 19.0 72.0 1718.0 14202.0 66.0 137515.0
39 40 41 0.0 9.0 69.0 1915.0 16891.0 95.0 130465.0
39 40 42 0.0 32.0 135.0 3278.0 29299.0 213.0 95166.0
39 40 43 0.0 22.0 183.0 5376.0 49332.0 490.0 39336.0
39 40 44 0.0 10.0 69.0 2788.0 24688.0 411.0 1680.0
39 40 45 0.0 1.0 1.0 63.0 595.0 7.0 0.0
39 41 35 0.0 0.0 1.0 50.0 424.0 6.0 0.0
39 41 36 0.0 7.0 70.0 2129.0 20971.0 388.0 1169.0
39 41 37 0.0 34.0 209.0 5235.0 50376.0 570.0 34089.0
39 41 38 0.0 35.0 138.0 3597.0 32129.0 237.0 87443.0
39 41 39 0.0 10.0 83.0 2050.0 18749.0 88.0 125443.0
39 41 40 0.0 16.0 93.0 1851.0 16556.0 86.0 132012.0
39 41 41 0.0 18.0 101.0 2064.0 18667.0 94.0 126626.0
39 41 42 0.0 21.0 177.0 3594.0 31823.0 226.0 88322.0
39 41 43 0.0 34.0 188.0 5402.0 50560.0 541.0 34374.0
39 41 44 0.0 1.0 66.0 2417.0 21175.0 338.0 1271.0
39 41 45 0.0 1.0 1.0 40.0 439.0 8.0 1.0
39 42 35 0.0 0.0 1.0 25.0 196.0 1.0 0.0
39 42 36 0.0 18.0 31.0 1121.0 12437.0 224.0 373.0
39 42 37 0.0 43.0 186.0 5346.0 48769.0 609.0 17797.0
39 42 38 0.0 30.0 130.0 4396.0 39722.0 340.0 65878.0
39 42 39 0.0 31.0 143.0 3663.0 32316.0 254.0 87960.0
39 42 40 0.0 22.0 135.0 3150.0 29271.0 204.0 94938.0
39 42 41 0.0 37.0 174.0 3612.0 31799.0 240.0 89059.0
39 42 42 0.0 21.0 206.0 4089.0 38105.0 336.0 69645.0
39 42 43 0.0 15.0 218.0 4715.0 50050.0 629.0 19846.0
39 42 44 0.0 6.0 47.0 1494.0 13271.0 252.0 449.0
39 42 45 0.0 0.0 1.0 10.0 232.0 6.0 0.0
39 43 35 0.0 0.0 0.0 3.0 51.0 3.0 0.0
39 43 36 0.0 0.0 13.0 508.0 4389.0 86.0 27.0
39 43 37 0.0 8.0 78.0 2782.0 30805.0 465.0 3508.0
39 43 38 0.0 14.0 107.0 5200.0 48497.0 615.0 17645.0
39 43 39 0.0 42.0 199.0 5632.0 50524.0 524.0 33727.0
39 43 40 0.0 32.0 223.0 5251.0 50074.0 478.0 38801.0
39 43 41 0.0 43.0 223.0 5331.0 50420.0 539.0 34656.0
39 43 42 0.0 46.0 240.0 5207.0 49226.0 591.0 20134.0
39 43 43 0.0 21.0 135.0 3315.0 33641.0 509.0 4462.0
39 43 44 0.0 1.0 33.0 419.0 4436.0 83.0 39.0
39 43 45 0.0 0.0 0.0 9.0 67.0 5.0 0.0
39 44 35 0.0 0.0 0.0 0.0 6.0 0.0 0.0
39 44 36 0.0 0.0 3.0 38.0 556.0 18.0 1.0
39 44 37 0.0 9.0 10.0 377.0 3885.0 65.0 25.0
39 44 38 0.0 26.0 40.0 1551.0 11772.0 250.0 356.0
39 44 39 0.0 6.0 49.0 2331.0 20642.0 342.0 1169.0
39 44 40 0.0 6.0 84.0 2458.0 24373.0 419.0 1708.0
39 44 41 0.0 8.0 77.0 2296.0 21703.0 384.0 1263.0
39 44 42 0.0 1.0 29.0 1367.0 13111.0 224.0 444.0
39 44 43 0.0 5.0 13.0 424.0 4901.0 93.0 41.0
39 44 44 0.0 0.0 3.0 68.0 694.0 13.0 0.0
39 44 45 0.0 0.0 0.0 0.0 3.0 0.0 0.0
39 45 36 0.0 0.0 0.0 0.0 4.0 1.0 0.0
39 45 37 0.0 0.0 0.0 4.0 42.0 1.0 0.0
39 45 38 0.0 0.0 3.0 17.0 167.0 1.0 0.0
39 45 39 0.0 1.0 3.0 43.0 408.0 4.0 1.0
39 45 40 0.0 0.0 1.0 59.0 598.0 8.0 1.0
39 45 41 0.0 0.0 0.0 56.0 428.0 9.0 0.0
39 45 42 0.0 0.0 0.0 33.0 205.0 3.0 0.0
39 45 43 0.0 0.0 0.0 2.0 52.0 1.0 0.0
39 45 44 0.0 0.0 0.0 1.0 8.0 0.0 0.0
40 35 36 0.0 0.0 0.0 1.0 4.0 0.0 0.0
40 35 37 0.0 0.0 0.0 19.0 82.0 1.0 0.0
40 35 38 0.0 0.0 0.0 63.0 291.0 3.0 0.0
40 35 39 0.0 1.0 2.0 63.0 598.0 7.0 1.0
40 35 40 0.0 0.0 1.0 134.0 862.0 11.0 0.0
40 35 41 0.0 0.0 2.0 88.0 644.0 17.0 0.0
40 35 42 0.0 0.0 1.0 37.0 328.0 5.0 1.0
40 35 43 0.0 0.0 0.0 9.0 70.0 1.0 0.0
40 35 44 0.0 0.0 0.0 2.0 3.0 0.0 0.0
40 36 35 0.0 0.0 0.0 1.0 9.0 1.0 0.0
40 36 36 0.0 0.0 0.0 57.0 737.0 14.0 1.0
40 36 37 0.0 10.0 11.0 977.0 5728.0 115.0 69.0
40 36 38 0.0 5.0 38.0 2453.0 16517.0 301.0 709.0
40 36 39 0.0 14.0 65.0 4051.0 24745.0 422.0 1975.0
40 36 40 0.0 11.0 78.0 4354.0 28057.0 498.0 2657.0
40 36 41 0.0 27.0 57.0 3813.0 24297.0 395.0 1875.0
40 36 42 0.0 12.0 52.0 2347.0 15220.0 280.0 606.0
40 36 43 0.0 7.0 15.0 843.0 5526.0 103.0 67.0
40 36 44 0.0 1.0 2.0 71.0 800.0 8.0 1.0
40 36 45 0.0 0.0 0.0 1.0 7.0 0.0 0.0
40 37 35 0.0 0.0 1.0 6.0 74.0 2.0 0.0
40 37 36 0.0 5.0 19.0 552.0 5874.0 116.0 60.0
40 37 37 0.0 31.0 70.0 3826.0 36931.0 528.0 6021.0
40 37 38 0.0 65.0 143.0 8092.0 47623.0 565.0 26257.0
40 37 39 0.0 60.0 115.0 7037.0 46967.0 500.0 41672.0
40 37 40 0.0 41.0 127.0 7563.0 44522.0 480.0 47673.0
40 37 41 0.0 48.0 173.0 7448.0 46821.0 522.0 40528.0
40 37 42 0.0 42.0 137.0 6668.0 48961.0 589.0 23866.0
40 37 43 0.0 27.0 154.0 3708.0 35828.0 538.0 5256.0
40 37 44 0.0 0.0 22.0 490.0 5966.0 91.0 48.0
40 37 45 0.0 0.0 0.0 6.0 64.0 1.0 0.0
40 38 35 0.0 0.0 1.0 26.0 327.0 9.0 0.0
40 38 36 0.0 3.0 40.0 1485.0 16558.0 301.0 628.0
40 38 37 0.0 22.0 143.0 5336.0 50352.0 565.0 24705.0
40 38 38 0.0 22.0 102.0 4013.0 35770.0 267.0 75490.0
40 38 39 0.0 20.0 94.0 4009.0 28186.0 206.0 96027.0
40 38 40 0.0 25.0 117.0 3814.0 24604.0 175.0 103737.0
40 38 41 0.0 27.0 109.0 4327.0 27814.0 204.0 95356.0
40 38 42 0.0 32.0 181.0 4294.0 36206.0 278.0 74441.0
40 38 43 0.0 26.0 138.0 5463.0 50150.0 596.0 23473.0
40 38 44 0.0 1.0 47.0 1590.0 15672.0 274.0 603.0
40 38 45 0.0 1.0 0.0 55.0 275.0 11.0 0.0
40 39 35 0.0 0.0 2.0 53.0 680.0 19.0 0.0
40 39 36 0.0 12.0 56.0 2261.0 25435.0 432.0 1769.0
40 39 37 0.0 18.0 163.0 4447.0 50725.0 494.0 40740.0
40 39 38 0.0 31.0 102.0 3101.0 29195.0 229.0 95195.0
40 39 39 0.0 21.0 59.0 1906.0 15907.0 83.0 132814.0
40 39 40 0.0 11.0 61.0 1846.0 13272.0 42.0 140727.0
40 39 41 0.0 15.0 71.0 2046.0 16586.0 80.0 130558.0
40 39 42 0.0 27.0 137.0 3548.0 28513.0 187.0 95246.0
40 39 43 0.0 26.0 184.0 5214.0 49492.0 550.0 39958.0
40 39 44 0.0 5.0 70.0 2646.0 25535.0 417.0 1923.0
40 39 45 0.0 0.0 2.0 74.0 591.0 7.0 0.0
40 40 35 0.0 0.0 0.0 70.0 741.0 18.0 0.0
40 40 36 0.0 19.0 88.0 2834.0 28656.0 437.0 2546.0
40 40 37 0.0 27.0 157.0 4831.0 48604.0 468.0 44769.0
40 40 38 0.0 24.0 93.0 2823.0 25954.0 199.0 102108.0
40 40 39 0.0 12.0 75.0 1657.0 14233.0 77.0 137401.0
40 40 40 0.0 6.0 63.0 1105.0 9165.0 22.0 163436.0
40 40 41 0.0 8.0 68.0 1741.0 13844.0 73.0 138332.0
40 40 42 0.0 22.0 111.0 2972.0 26078.0 168.0 102315.0
40 40 43 0.0 20.0 208.0 5506.0 48166.0 481.0 44474.0
40 40 44 0.0 44.0 117.0 3393.0 27407.0 450.0 2339.0
40 40 45 0.0 0.0 2.0 79.0 707.0 7.0 1.0
40 41 34 0.0 0.0 0.0 0.0 1.0 0.0 0.0
40 41 35 0.0 1.0 5.0 60.0 635.0 6.0 1.0
40 41 36 0.0 5.0 65.0 2377.0 25374.0 383.0 1847.0
40 41 37 0.0 34.0 154.0 4894.0 49541.0 474.0 40266.0
40 41 38 0.0 26.0 122.0 3168.0 29220.0 186.0 94681.0
40 41 39 0.0 17.0 85.0 1750.0 16442.0 82.0 131782.0
40 41 40 0.0 14.0 72.0 1624.0 14208.0 65.0 137785.0
40 41 41 0.0 17.0 81.0 1847.0 16601.0 99.0 132775.0
40 41 42 0.0 20.0 161.0 3335.0 29088.0 211.0 95362.0
40 41 43 0.0 59.0 243.0 5883.0 48567.0 485.0 40937.0
40 41 44 0.0 16.0 104.0 2705.0 24712.0 406.0 1617.0
40 41 45 0.0 1.0 4.0 62.0 580.0 8.0 0.0
40 42 35 0.0 0.0 2.0 24.0 275.0 3.0 1.0
40 42 36 0.0 12.0 17.0 1360.0 15515.0 257.0 507.0
40 42 37 0.0 25.0 207.0 4904.0 50731.0 597.0 22961.0
40 42 38 0.0 33.0 141.0 3441.0 37188.0 284.0 72886.0
40 42 39 0.0 25.0 117.0 3091.0 29472.0 188.0 94468.0
40 42 40 0.0 25.0 135.0 2856.0 26365.0 159.0 101596.0
40 42 41 0.0 29.0 128.0 3082.0 29138.0 205.0 95564.0
40 42 42 0.0 23.0 177.0 3788.0 36482.0 316.0 74806.0
40 42 43 0.0 46.0 274.0 5143.0 50703.0 650.0 24057.0
40 42 44 0.0 14.0 50.0 1785.0 15438.0 250.0 613.0
40 42 45 0.0 0.0 5.0 34.0 297.0 4.0 0.0
40 43 35 0.0 0.0 0.0 5.0 74.0 0.0 0.0
40 43 36 0.0 0.0 24.0 488.0 5294.0 100.0 62.0
40 43 37 0.0 27.0 115.0 3250.0 35966.0 540.0 5219.0
40 43 38 0.0 31.0 190.0 5087.0 50533.0 616.0 22069.0
40 43 39 0.0 41.0 159.0 5307.0 49446.0 511.0 39698.0
40 43 40 0.0 34.0 228.0 5283.0 47988.0 416.0 44488.0
40 43 41 0.0 41.0 194.0 5399.0 49601.0 552.0 39632.0
40 43 42 0.0 40.0 232.0 5207.0 50043.0 589.0 24270.0
40 43 43 0.0 17.0 230.0 3503.0 37431.0 510.0 5915.0
40 43 44 0.0 4.0 76.0 517.0 5736.0 103.0 66.0
40 43 45 0.0 0.0 0.0 8.0 81.0 0.0 0.0
40 44 35 0.0 0.0 0.0 0.0 4.0 0.0 0.0
40 44 36 0.0 0.0 1.0 61.0 686.0 11.0 0.0
40 44 37 0.0 2.0 8.0 483.0 4860.0 97.0 49.0
40 44 38 0.0 5.0 41.0 1655.0 14865.0 234.0 507.0
40 44 39 0.0 27.0 102.0 2669.0 24196.0 401.0 1702.0
40 44 40 0.0 11.0 118.0 3018.0 27920.0 425.0 2488.0
40 44 41 0.0 16.0 96.0 2515.0 25382.0 446.0 1765.0
40 44 42 0.0 2.0 30.0 1698.0 15532.0 276.0 593.0
40 44 43 0.0 8.0 28.0 555.0 5880.0 94.0 60.0
40 44 44 0.0 0.0 9.0 64.0 861.0 15.0 0.0
40 44 45 0.0 0.0 0.0 0.0 5.0 0.0 0.0
40 45 36 0.0 0.0 0.0 1.0 2.0 0.0 0.0
40 45 37 0.0 0.0 1.0 8.0 96.0 4.0 0.0
40 45 38 0.0 1.0 0.0 31.0 230.0 5.0 0.0
40 45 39 0.0 0.0 1.0 63.0 592.0 10.0 1.0
40 45 40 0.0 1.0 2.0 69.0 766.0 13.0 3.0
40 45 41 0.0 0.0 2.0 65.0 609.0 8.0 0.0
40 45 42 0.0 0.0 0.0 50.0 287.0 7.0 0.0
40 45 43 0.0 0.0 0.0 9.0 89.0 1.0 0.0
40 45 44 0.0 0.0 0.0 0.0 9.0 0.0 0.0
41 35 36 0.0 0.0 1.0 1.0 4.0 0.0 0.0
41 35 37 0.0 0.0 0.0 6.0 58.0 0.0 0.0
41 35 38 0.0 0.0 0.0 22.0 279.0 9.0 0.0
41 35 39 0.0 0.0 1.0 84.0 459.0 7.0 0.0
41 35 40 0.0 1.0 2.0 119.0 588.0 13.0 0.0
41 35 41 0.0 0.0 5.0 104.0 464.0 11.0 1.0
41 35 42 0.0 0.0 0.0 23.0 220.0 2.0 0.0
41 35 43 0.0 0.0 0.0 18.0 70.0 2.0 0.0
41 35 45 0.0 0.0 0.0 0.0 1.0 0.0 0.0
41 36 35 0.0 0.0 0.0 0.0 1.0 0.0 0.0
41 36 36 0.0 0.0 2.0 87.0 685.0 19.0 0.0
41 36 37 0.0 0.0 40.0 574.0 4602.0 91.0 40.0
41 36 38 0.0 11.0 16.0 2041.0 13568.0 221.0 477.0
41 36 39 0.0 48.0 63.0 3700.0 21376.0 407.0 1455.0
41 36 40 0.0 22.0 75.0 3962.0 24623.0 434.0 1853.0
41 36 41 0.0 13.0 69.0 3623.0 20628.0 437.0 1219.0
41 36 42 0.0 8.0 59.0 1893.0 12990.0 237.0 464.0
41 36 43 0.0 1.0 7.0 689.0 4376.0 85.0 34.0
41 36 44 0.0 0.0 0.0 48.0 668.0 5.0 0.0
41 36 45 0.0 0.0 0.0 0.0 5.0 0.0 0.0
41 37 35 0.0 0.0 0.0 9.0 60.0 2.0 0.0
41 37 36 0.0 2.0 12.0 473.0 4902.0 88.0 48.0
41 37 37 0.0 35.0 70.0 4129.0 32974.0 529.0 4461.0
41 37 38 0.0 22.0 162.0 5958.0 48768.0 603.0 20493.0
41 37 39 0.0 44.0 127.0 7041.0 48407.0 488.0 36158.0
41 37 40 0.0 78.0 136.0 8140.0 46680.0 519.0 40871.0
41 37 41 0.0 79.0 159.0 7972.0 47774.0 536.0 35247.0
41 37 42 0.0 101.0 153.0 7621.0 46587.0 582.0 19265.0
41 37 43 0.0 14.0 115.0 3578.0 32219.0 525.0 4005.0
41 37 44 0.0 1.0 19.0 475.0 4476.0 83.0 43.0
41 37 45 0.0 0.0 0.0 2.0 75.0 1.0 0.0
41 38 35 0.0 0.0 1.0 36.0 201.0 9.0 0.0
41 38 36 0.0 16.0 34.0 1231.0 13625.0 245.0 412.0
41 38 37 0.0 30.0 167.0 5082.0 49950.0 602.0 19639.0
41 38 38 0.0 33.0 151.0 4402.0 39819.0 335.0 66635.0
41 38 39 0.0 39.0 91.0 4409.0 30633.0 237.0 89423.0
41 38 40 0.0 42.0 112.0 4402.0 27507.0 204.0 96050.0
41 38 41 0.0 37.0 146.0 4946.0 29651.0 218.0 89903.0
41 38 42 0.0 25.0 119.0 4569.0 39268.0 339.0 67448.0
41 38 43 0.0 40.0 228.0 5251.0 49274.0 601.0 19273.0
41 38 44 0.0 26.0 31.0 1617.0 12655.0 216.0 395.0
41 38 45 0.0 0.0 0.0 16.0 230.0 5.0 0.0
41 39 35 0.0 0.0 0.0 35.0 450.0 5.0 0.0
41 39 36 0.0 2.0 65.0 1887.0 22229.0 379.0 1325.0
41 39 37 0.0 38.0 173.0 4550.0 50966.0 577.0 35701.0
41 39 38 0.0 15.0 127.0 3297.0 31262.0 197.0 89569.0
41 39 39 0.0 24.0 69.0 2066.0 18251.0 79.0 126530.0
41 39 40 0.0 13.0 92.0 2174.0 16408.0 98.0 130320.0
41 39 41 0.0 19.0 65.0 2345.0 18092.0 98.0 126760.0
41 39 42 0.0 35.0 144.0 3744.0 31596.0 253.0 89184.0
41 39 43 0.0 16.0 189.0 5568.0 50236.0 541.0 34873.0
41 39 44 0.0 15.0 83.0 2323.0 21763.0 360.0 1253.0
41 39 45 0.0 0.0 4.0 56.0 497.0 10.0 3.0
41 39 46 0.0 0.0 0.0 0.0 1.0 0.0 0.0
41 40 35 0.0 0.0 4.0 47.0 680.0 16.0 0.0
41 40 36 0.0 17.0 64.0 2634.0 25607.0 427.0 1928.0
41 40 37 0.0 31.0 158.0 4767.0 50259.0 498.0 39924.0
41 40 38 0.0 21.0 125.0 2714.0 29558.0 212.0 95689.0
41 40 39 0.0 18.0 86.0 1674.0 16425.0 74.0 133433.0
41 40 40 0.0 8.0 81.0 1613.0 14032.0 71.0 138037.0
41 40 41 0.0 14.0 76.0 1871.0 16735.0 88.0 131691.0
41 40 42 0.0 24.0 168.0 3217.0 29338.0 205.0 95071.0
41 40 43 0.0 27.0 177.0 5391.0 49398.0 504.0 40163.0
41 40 44 0.0 17.0 113.0 2849.0 25345.0 448.0 1808.0
41 40 45 0.0 2.0 1.0 71.0 598.0 8.0 0.0
41 40 46 0.0 0.0 0.0 0.0 2.0 0.0 0.0
41 41 35 0.0 0.0 2.0 47.0 489.0 8.0 1.0
41 41 36 0.0 3.0 74.0 2148.0 21421.0 356.0 1183.0
41 41 37 0.0 46.0 190.0 4764.0 51294.0 563.0 34800.0
41 41 38 0.0 23.0 121.0 3114.0 32368.0 256.0 88120.0
41 41 39 0.0 17.0 96.0 1894.0 18871.0 91.0 126092.0
41 41 40 0.0 18.0 104.0 1695.0 16508.0 73.0 131467.0
41 41 41 0.0 10.0 96.0 1959.0 18343.0 95.0 127938.0
41 41 42 0.0 28.0 186.0 3368.0 31562.0 241.0 88886.0
41 41 43 0.0 40.0 171.0 5372.0 50488.0 533.0 34708.0
41 41 44 0.0 15.0 73.0 2373.0 21862.0 372.0 1320.0
41 41 45 0.0 0.0 1.0 42.0 441.0 9.0 0.0
41 42 35 0.0 0.0 0.0 14.0 257.0 4.0 0.0
41 42 36 0.0 3.0 50.0 1074.0 13303.0 226.0 387.0
41 42 37 0.0 25.0 237.0 4155.0 49941.0 606.0 19373.0
41 42 38 0.0 42.0 154.0 4105.0 39617.0 345.0 67335.0
41 42 39 0.0 19.0 149.0 3312.0 32001.0 219.0 88440.0
41 42 40 0.0 25.0 142.0 2931.0 28919.0 195.0 95888.0
41 42 41 0.0 28.0 164.0 3484.0 31645.0 224.0 88834.0
41 42 42 0.0 16.0 237.0 3945.0 39410.0 331.0 67817.0
41 42 43 0.0 29.0 170.0 5437.0 49308.0 603.0 19915.0
41 42 44 0.0 0.0 27.0 1250.0 13421.0 238.0 385.0
41 42 45 0.0 0.0 1.0 14.0 228.0 5.0 0.0
41 43 35 0.0 0.0 0.0 4.0 68.0 2.0 0.0
41 43 36 0.0 0.0 12.0 439.0 4445.0 69.0 34.0
41 43 37 0.0 35.0 53.0 3125.0 31960.0 472.0 3841.0
41 43 38 0.0 44.0 203.0 5193.0 49070.0 609.0 19457.0
41 43 39 0.0 46.0 199.0 4974.0 51001.0 555.0 34374.0
41 43 40 0.0 42.0 239.0 5318.0 49836.0 476.0 39467.0
41 43 41 0.0 16.0 264.0 5000.0 50190.0 552.0 35402.0
41 43 42 0.0 11.0 169.0 4709.0 50018.0 588.0 19162.0
41 43 43 0.0 1.0 107.0 2940.0 33635.0 515.0 4397.0
41 43 44 0.0 4.0 35.0 591.0 4638.0 86.0 40.0
41 43 45 0.0 0.0 0.0 6.0 45.0 1.0 0.0
41 44 35 0.0 0.0 0.0 0.0 4.0 0.0 0.0
41 44 36 0.0 0.0 1.0 57.0 548.0 8.0 0.0
41 44 37 0.0 1.0 8.0 385.0 4344.0 80.0 28.0
41 44 38 0.0 5.0 28.0 1286.0 12398.0 237.0 371.0
41 44 39 0.0 13.0 76.0 2057.0 20297.0 336.0 1082.0
41 44 40 0.0 16.0 118.0 2412.0 24830.0 406.0 1850.0
41 44 41 0.0 5.0 114.0 2342.0 21944.0 357.0 1249.0
41 44 42 0.0 4.0 68.0 1681.0 13313.0 248.0 454.0
41 44 43 0.0 1.0 12.0 454.0 4929.0 86.0 40.0
41 44 44 0.0 0.0 1.0 42.0 646.0 12.0 0.0
41 44 45 0.0 0.0 0.0 0.0 4.0 0.0 0.0
41 45 36 0.0 0.0 0.0 1.0 7.0 0.0 0.0
41 45 37 0.0 0.0 1.0 11.0 44.0 0.0 0.0
41 45 38 0.0 0.0 0.0 24.0 205.0 4.0 0.0
41 45 39 0.0 0.0 0.0 51.0 448.0 11.0 0.0
41 45 40 0.0 0.0 2.0 65.0 527.0 14.0 0.0
41 45 41 0.0 0.0 1.0 36.0 494.0 9.0 1.0
41 45 42 0.0 0.0 3.0 17.0 285.0 9.0 0.0
41 45 43 0.0 0.0 0.0 8.0 52.0 3.0 0.0
41 45 44 0.0 0.0 0.0 1.0 7.0 0.0 0.0
42 35 36 0.0 0.0 0.0 0.0 2.0 0.0 0.0
42 35 37 0.0 0.0 0.0 4.0 24.0 1.0 0.0
42 35 38 0.0 0.0 0.0 18.0 137.0 2.0 0.0
42 35 39 0.0 0.0 0.0 43.0 237.0 5.0 0.0
42 35 40 0.0 1.0 1.0 42.0 289.0 4.0 0.0
42 35 41 0.0 0.0 1.0 35.0 248.0 8.0 0.0
42 35 42 0.0 0.0 0.0 21.0 88.0 0.0 0.0
42 35 43 0.0 0.0 0.0 1.0 17.0 0.0 0.0
42 35 44 0.0 0.0 0.0 3.0 2.0 1.0 0.0
42 36 35 0.0 0.0 0.0 0.0 2.0 0.0 0.0
42 36 36 0.0 0.0 0.0 59.0 310.0 9.0 0.0
42 36 37 0.0 4.0 10.0 294.0 2524.0 43.0 13.0
42 36 38 0.0 8.0 6.0 1061.0 7397.0 139.0 120.0
42 36 39 0.0 16.0 33.0 1991.0 12966.0 239.0 407.0
42 36 40 0.0 20.0 52.0 2262.0 15181.0 304.0 597.0
42 36 41 0.0 27.0 23.0 2289.0 12010.0 232.0 390.0
42 36 42 0.0 5.0 19.0 1310.0 7188.0 130.0 114.0
42 36 43 0.0 9.0 10.0 344.0 2241.0 50.0 9.0
42 36 44 0.0 3.0 2.0 23.0 336.0 4.0 0.0
42 36 45 0.0 0.0 0.0 0.0 4.0 1.0 0.0
42 37 35 0.0 0.0 0.0 8.0 35.0 0.0 0.0
42 37 36 0.0 1.0 3.0 255.0 2407.0 42.0 10.0
42 37 37 0.0 24.0 47.0 2191.0 22086.0 346.0 1467.0
42 37 38 0.0 41.0 44.0 5419.0 40959.0 571.0 8902.0
42 37 39 0.0 134.0 165.0 7006.0 47161.0 554.0 19343.0
42 37 40 0.0 91.0 131.0 8473.0 46828.0 624.0 23861.0
42 37 41 0.0 64.0 160.0 7689.0 46942.0 615.0 19840.0
42 37 42 0.0 45.0 184.0 6022.0 40887.0 579.0 9792.0
42 37 43 0.0 11.0 102.0 2527.0 21640.0 355.0 1458.0
42 37 44 0.0 1.0 4.0 254.0 2398.0 40.0 10.0
42 37 45 0.0 0.0 0.0 4.0 19.0 0.0 0.0
42 38 35 0.0 0.0 0.0 8.0 99.0 2.0 0.0
42 38 36 0.0 0.0 7.0 658.0 7521.0 146.0 116.0
42 38 37 0.0 31.0 92.0 3956.0 43481.0 593.0 9852.0
42 38 38 0.0 61.0 127.0 5452.0 44833.0 442.0 47384.0
42 38 39 0.0 69.0 152.0 5332.0 39419.0 353.0 64834.0
42 38 40 0.0 34.0 126.0 4873.0 36981.0 304.0 71742.0
42 38 41 0.0 28.0 111.0 5147.0 39104.0 316.0 65965.0
42 38 42 0.0 25.0 195.0 5132.0 45457.0 451.0 46312.0
42 38 43 0.0 21.0 151.0 4435.0 42037.0 610.0 9414.0
42 38 44 0.0 0.0 28.0 710.0 7189.0 130.0 97.0
42 38 45 0.0 0.0 0.0 11.0 80.0 2.0 0.0
42 39 35 0.0 0.0 0.0 25.0 229.0 5.0 0.0
42 39 36 0.0 17.0 42.0 1096.0 13433.0 194.0 425.0
42 39 37 0.0 24.0 123.0 4609.0 49729.0 550.0 19695.0
42 39 38 0.0 41.0 137.0 3908.0 39098.0 360.0 68022.0
42 39 39 0.0 35.0 121.0 3465.0 31802.0 226.0 88491.0
42 39 40 0.0 26.0 125.0 3335.0 28932.0 210.0 95214.0
42 39 41 0.0 31.0 143.0 3812.0 31755.0 241.0 87830.0
42 39 42 0.0 42.0 131.0 4615.0 38827.0 383.0 67109.0
42 39 43 0.0 33.0 165.0 4837.0 49470.0 602.0 19444.0
42 39 44 0.0 4.0 34.0 1238.0 13156.0 241.0 396.0
42 39 45 0.0 0.0 0.0 16.0 238.0 6.0 0.0
42 40 35 0.0 0.0 0.0 29.0 231.0 4.0 0.0
42 40 36 0.0 4.0 71.0 1368.0 16198.0 279.0 605.0
42 40 37 0.0 17.0 156.0 4394.0 51034.0 602.0 24020.0
42 40 38 0.0 11.0 167.0 3308.0 37020.0 302.0 74471.0
42 40 39 0.0 14.0 148.0 2852.0 29712.0 189.0 95027.0
42 40 40 0.0 17.0 153.0 2615.0 26543.0 185.0 102150.0
42 40 41 0.0 18.0 135.0 3160.0 28936.0 213.0 95278.0
42 40 42 0.0 35.0 161.0 3756.0 36711.0 299.0 74316.0
42 40 43 0.0 32.0 167.0 5301.0 50015.0 587.0 23090.0
42 40 44 0.0 2.0 53.0 1620.0 15528.0 281.0 562.0
42 40 45 0.0 0.0 0.0 18.0 285.0 5.0 0.0
42 41 35 0.0 0.0 0.0 20.0 170.0 1.0 0.0
42 41 36 0.0 14.0 40.0 1210.0 12845.0 229.0 373.0
42 41 37 0.0 20.0 195.0 3799.0 50864.0 571.0 18931.0
42 41 38 0.0 14.0 199.0 3219.0 40376.0 339.0 67520.0
42 41 39 0.0 25.0 157.0 2808.0 31851.0 243.0 89672.0
42 41 40 0.0 31.0 142.0 2787.0 29038.0 201.0 95767.0
42 41 41 0.0 16.0 182.0 3020.0 31741.0 234.0 90233.0
42 41 42 0.0 26.0 154.0 3672.0 39545.0 329.0 67269.0
42 41 43 0.0 22.0 152.0 4507.0 50006.0 583.0 19534.0
42 41 44 0.0 3.0 52.0 1454.0 13033.0 203.0 412.0
42 41 45 0.0 0.0 0.0 19.0 196.0 2.0 0.0
42 42 35 0.0 0.0 0.0 7.0 92.0 0.0 0.0
42 42 36 0.0 1.0 27.0 646.0 7383.0 125.0 104.0
42 42 37 0.0 21.0 113.0 4032.0 41730.0 562.0 9011.0
42 42 38 0.0 36.0 157.0 4519.0 46261.0 465.0 45707.0
42 42 39 0.0 16.0 177.0 3870.0 41294.0 355.0 64374.0
42 42 40 0.0 10.0 184.0 3333.0 36404.0 324.0 75399.0
42 42 41 0.0 28.0 210.0 3796.0 39691.0 320.0 67579.0
42 42 42 0.0 18.0 142.0 3648.0 46064.0 446.0 48852.0
42 42 43 0.0 12.0 132.0 3737.0 43376.0 571.0 9942.0
42 42 44 0.0 4.0 35.0 683.0 7695.0 140.0 120.0
42 42 45 0.0 0.0 0.0 11.0 104.0 1.0 0.0
42 43 35 0.0 0.0 0.0 1.0 27.0 1.0 0.0
42 43 36 0.0 1.0 9.0 192.0 2478.0 46.0 9.0
42 43 37 0.0 13.0 65.0 2280.0 20850.0 349.0 1399.0
42 43 38 0.0 25.0 120.0 3619.0 41993.0 597.0 8361.0
42 43 39 0.0 19.0 131.0 4425.0 49816.0 612.0 18958.0
42 43 40 0.0 11.0 208.0 4767.0 50953.0 598.0 22904.0
42 43 41 0.0 38.0 161.0 4961.0 50022.0 575.0 20314.0
42 43 42 0.0 22.0 157.0 3864.0 42502.0 588.0 9280.0
42 43 43 0.0 4.0 69.0 2056.0 21981.0 342.0 1505.0
42 43 44 0.0 3.0 8.0 276.0 2578.0 42.0 10.0
42 43 45 0.0 0.0 0.0 1.0 33.0 1.0 0.0
42 44 35 0.0 0.0 0.0 0.0 1.0 0.0 0.0
42 44 36 0.0 0.0 0.0 15.0 276.0 0.0 0.0
42 44 37 0.0 3.0 4.0 218.0 2102.0 31.0 4.0
42 44 38 0.0 1.0 27.0 697.0 7102.0 112.0 92.0
42 44 39 0.0 15.0 40.0 1136.0 13152.0 245.0 381.0
42 44 40 0.0 4.0 52.0 1346.0 15846.0 265.0 543.0
42 44 41 0.0 0.0 35.0 1180.0 13158.0 216.0 366.0
42 44 42 0.0 0.0 21.0 665.0 7776.0 149.0 93.0
42 44 43 0.0 0.0 8.0 196.0 2296.0 29.0 11.0
42 44 44 0.0 0.0 0.0 37.0 287.0 6.0 0.0
42 44 45 0.0 0.0 0.0 1.0 5.0 0.0 0.0
42 45 36 0.0 0.0 0.0 0.0 2.0 0.0 0.0
42 45 37 0.0 0.0 0.0 1.0 16.0 0.0 0.0
42 45 38 0.0 0.0 0.0 16.0 101.0 0.0 0.0
42 45 39 0.0 0.0 0.0 26.0 246.0 6.0 0.0
42 45 40 0.0 0.0 1.0 34.0 255.0 4.0 0.0
42 45 41 0.0 0.0 1.0 23.0 235.0 3.0 0.0
42 45 42 0.0 0.0 0.0 7.0 103.0 2.0 0.0
42 45 43 0.0 0.0 0.0 2.0 11.0 0.0 0.0
42 46 39 0.0 0.0 0.0 1.0 0.0 0.0 0.0
43 35 37 0.0 0.0 0.0 0.0 5.0 0.0 0.0
43 35 38 0.0 0.0 0.0 0.0 26.0 1.0 0.0
43 35 39 0.0 0.0 0.0 2.0 55.0 1.0 0.0
43 35 40 0.0 0.0 0.0 18.0 60.0 1.0 0.0
43 35 41 0.0 0.0 0.0 8.0 58.0 1.0 0.0
43 35 42 0.0 0.0 0.0 4.0 37.0 1.0 0.0
43 35 43 0.0 0.0 0.0 0.0 4.0 0.0 0.0
43 36 36 0.0 0.0 0.0 6.0 75.0 0.0 0.0
43 36 37 0.0 0.0 4.0 86.0 659.0 16.0 1.0
43 36 38 0.0 9.0 13.0 376.0 2045.0 40.0 7.0
43 36 39 0.0 9.0 10.0 600.0 4375.0 94.0 47.0
43 36 40 0.0 10.0 8.0 837.0 5258.0 100.0 62.0
43 36 41 0.0 2.0 16.0 604.0 4245.0 78.0 27.0
43 36 42 0.0 1.0 12.0 423.0 2334.0 47.0 8.0
43 36 43 0.0 0.0 1.0 115.0 664.0 10.0 1.0
43 36 44 0.0 0.0 0.0 11.0 104.0 2.0 1.0
43 36 45 0.0 0.0 0.0 0.0 1.0 0.0 0.0
43 37 35 0.0 0.0 0.0 0.0 5.0 0.0 0.0
43 37 36 0.0 0.0 1.0 67.0 777.0 15.0 1.0
43 37 37 0.0 1.0 1.0 770.0 7658.0 127.0 132.0
43 37 38 0.0 32.0 62.0 2400.0 19362.0 358.0 1114.0
43 37 39 0.0 14.0 76.0 3623.0 31106.0 488.0 3784.0
43 37 40 0.0 31.0 112.0 3880.0 34718.0 519.0 5122.0
43 37 41 0.0 8.0 78.0 3877.0 31231.0 509.0 3805.0
43 37 42 0.0 5.0 34.0 1999.0 21005.0 345.0 1402.0
43 37 43 0.0 2.0 18.0 706.0 7619.0 129.0 142.0
43 37 44 0.0 1.0 2.0 64.0 696.0 6.0 1.0
43 37 45 0.0 0.0 0.0 3.0 8.0 1.0 0.0
43 38 35 0.0 0.0 0.0 6.0 32.0 0.0 0.0
43 38 36 0.0 1.0 5.0 204.0 2425.0 45.0 12.0
43 38 37 0.0 43.0 48.0 2172.0 22851.0 388.0 1665.0
43 38 38 0.0 25.0 107.0 3919.0 42165.0 588.0 9298.0
43 38 39 0.0 39.0 148.0 5042.0 49041.0 570.0 17951.0
43 38 40 0.0 53.0 145.0 5318.0 50087.0 605.0 22525.0
43 38 41 0.0 35.0 156.0 5675.0 48479.0 563.0 18254.0
43 38 42 0.0 74.0 105.0 4756.0 41535.0 581.0 9040.0
43 38 43 0.0 19.0 68.0 2429.0 20280.0 356.0 1302.0
43 38 44 0.0 0.0 8.0 263.0 2339.0 53.0 11.0
43 38 45 0.0 0.0 0.0 7.0 28.0 1.0 0.0
43 39 35 0.0 0.0 0.0 3.0 46.0 1.0 0.0
43 39 36 0.0 0.0 19.0 409.0 4525.0 83.0 39.0
43 39 37 0.0 12.0 102.0 2771.0 34443.0 506.0 4599.0
43 39 38 0.0 33.0 128.0 4875.0 49919.0 604.0 19567.0
43 39 39 0.0 40.0 195.0 5043.0 50003.0 545.0 34603.0
43 39 40 0.0 28.0 174.0 4944.0 50396.0 543.0 39485.0
43 39 41 0.0 41.0 208.0 5296.0 50729.0 537.0 33968.0
43 39 42 0.0 19.0 181.0 5367.0 48867.0 603.0 19177.0
43 39 43 0.0 14.0 110.0 3250.0 33622.0 502.0 4392.0
43 39 44 0.0 2.0 9.0 620.0 4532.0 92.0 50.0
43 39 45 0.0 0.0 0.0 2.0 51.0 1.0 0.0
43 40 35 0.0 0.0 0.0 18.0 86.0 1.0 0.0
43 40 36 0.0 1.0 32.0 466.0 5956.0 96.0 48.0
43 40 37 0.0 3.0 194.0 2661.0 37558.0 491.0 5835.0
43 40 38 0.0 15.0 182.0 4692.0 50811.0 574.0 24089.0
43 40 39 0.0 21.0 194.0 4562.0 50256.0 501.0 40175.0
43 40 40 0.0 16.0 211.0 4315.0 48973.0 447.0 45220.0
43 40 41 0.0 10.0 232.0 4726.0 49748.0 508.0 40227.0
43 40 42 0.0 53.0 179.0 5208.0 50184.0 582.0 23759.0
43 40 43 0.0 25.0 121.0 3658.0 37137.0 552.0 5988.0
43 40 44 0.0 2.0 17.0 562.0 5758.0 103.0 52.0
43 40 45 0.0 0.0 0.0 7.0 63.0 0.0 0.0
43 41 35 0.0 0.0 0.0 0.0 71.0 1.0 0.0
43 41 36 0.0 0.0 2.0 356.0 4401.0 87.0 28.0
43 41 37 0.0 14.0 166.0 2464.0 33697.0 508.0 4190.0
43 41 38 0.0 10.0 230.0 3822.0 50615.0 621.0 19057.0
43 41 39 0.0 12.0 211.0 4518.0 50973.0 515.0 35218.0
43 41 40 0.0 23.0 229.0 4270.0 50876.0 530.0 39410.0
43 41 41 0.0 48.0 215.0 4733.0 50921.0 511.0 34801.0
43 41 42 0.0 24.0 183.0 4110.0 50537.0 567.0 19814.0
43 41 43 0.0 1.0 100.0 3033.0 34339.0 498.0 4632.0
43 41 44 0.0 0.0 14.0 483.0 4699.0 78.0 46.0
43 41 45 0.0 0.0 0.0 3.0 92.0 2.0 0.0
43 42 35 0.0 0.0 0.0 2.0 21.0 0.0 0.0
43 42 36 0.0 1.0 3.0 208.0 2282.0 42.0 13.0
43 42 37 0.0 7.0 95.0 1593.0 21808.0 381.0 1346.0
43 42 38 0.0 9.0 161.0 3509.0 42667.0 571.0 9043.0
43 42 39 0.0 18.0 217.0 4391.0 50329.0 609.0 19449.0
43 42 40 0.0 30.0 204.0 4264.0 50930.0 599.0 23984.0
43 42 41 0.0 58.0 263.0 4734.0 49827.0 579.0 20381.0
43 42 42 0.0 12.0 208.0 3458.0 43852.0 555.0 10013.0
43 42 43 0.0 103.0 80.0 2149.0 22775.0 378.0 1685.0
43 42 44 0.0 16.0 2.0 268.0 2519.0 54.0 12.0
43 42 45 0.0 0.0 0.0 15.0 24.0 1.0 0.0
43 43 35 0.0 0.0 0.0 0.0 2.0 0.0 0.0
43 43 36 0.0 0.0 3.0 42.0 762.0 11.0 0.0
43 43 37 0.0 2.0 22.0 694.0 7321.0 131.0 116.0
43 43 38 0.0 12.0 37.0 2047.0 20250.0 343.0 1185.0
43 43 39 0.0 18.0 127.0 2930.0 32512.0 484.0 4058.0
43 43 40 0.0 5.0 150.0 3182.0 37578.0 509.0 5941.0
43 43 41 0.0 3.0 143.0 2796.0 34284.0 504.0 4516.0
43 43 42 0.0 13.0 72.0 1785.0 22831.0 377.0 1620.0
43 43 43 0.0 45.0 19.0 805.0 8383.0 134.0 163.0
43 43 44 0.0 1.0 10.0 56.0 829.0 11.0 0.0
43 43 45 0.0 0.0 0.0 3.0 12.0 0.0 0.0
43 44 36 0.0 0.0 0.0 2.0 56.0 0.0 0.0
43 44 37 0.0 0.0 0.0 67.0 628.0 8.0 0.0
43 44 38 0.0 0.0 8.0 192.0 2180.0 35.0 6.0
43 44 39 0.0 2.0 15.0 576.0 4332.0 81.0 52.0
43 44 40 0.0 0.0 29.0 455.0 5548.0 75.0 47.0
43 44 41 0.0 0.0 26.0 362.0 4663.0 68.0 37.0
43 44 42 0.0 0.0 10.0 224.0 2315.0 42.0 13.0
43 44 43 0.0 0.0 8.0 73.0 692.0 7.0 4.0
43 44 44 0.0 1.0 0.0 13.0 71.0 2.0 0.0
43 44 45 0.0 0.0 0.0 0.0 1.0 0.0 0.0
43 45 36 0.0 0.0 0.0 0.0 1.0 0.0 0.0
43 45 37 0.0 0.0 0.0 0.0 1.0 0.0 0.0
43 45 38 0.0 0.0 0.0 3.0 28.0 1.0 0.0
43 45 39 0.0 0.0 0.0 3.0 46.0 0.0 0.0
43 45 40 0.0 0.0 0.0 3.0 42.0 0.0 0.0
43 45 41 0.0 0.0 0.0 7.0 54.0 0.0 0.0
43 45 42 0.0 0.0 0.0 5.0 27.0 0.0 0.0
43 45 43 0.0 0.0 0.0 0.0 7.0 0.0 0.0
44 35 39 0.0 0.0 0.0 1.0 4.0 0.0 0.0
44 35 40 0.0 0.0 0.0 0.0 7.0 0.0 0.0
44 35 41 0.0 0.0 0.0 0.0 4.0 0.0 0.0
44 35 42 0.0 0.0 0.0 0.0 1.0 0.0 0.0
44 36 36 0.0 0.0 0.0 0.0 5.0 0.0 0.0
44 36 37 0.0 0.0 0.0 5.0 44.0 0.0 0.0
44 36 38 0.0 0.0 1.0 24.0 205.0 4.0 0.0
44 36 39 0.0 2.0 4.0 52.0 503.0 8.0 0.0
44 36 40 0.0 0.0 4.0 73.0 768.0 13.0 1.0
44 36 41 0.0 0.0 1.0 72.0 591.0 9.0 2.0
44 36 42 0.0 0.0 1.0 18.0 219.0 1.0 0.0
44 36 43 0.0 0.0 0.0 7.0 60.0 0.0 0.0
44 36 44 0.0 0.0 0.0 0.0 3.0 0.0 0.0
44 37 35 0.0 0.0 0.0 0.0 1.0 0.0 0.0
44 37 36 0.0 0.0 0.0 7.0 89.0 3.0 0.0
44 37 37 0.0 0.0 0.0 64.0 670.0 12.0 2.0
44 37 38 0.0 2.0 8.0 173.0 2364.0 40.0 4.0
44 37 39 0.0 0.0 8.0 384.0 4225.0 75.0 33.0
44 37 40 0.0 0.0 26.0 522.0 5091.0 111.0 44.0
44 37 41 0.0 2.0 22.0 463.0 4500.0 77.0 42.0
44 37 42 0.0 2.0 16.0 224.0 2254.0 42.0 9.0
44 37 43 0.0 0.0 0.0 51.0 662.0 7.0 0.0
44 37 44 0.0 0.0 0.0 8.0 60.0 1.0 0.0
44 38 35 0.0 0.0 0.0 1.0 0.0 0.0 0.0
44 38 36 0.0 1.0 1.0 30.0 338.0 4.0 0.0
44 38 37 0.0 0.0 14.0 181.0 2577.0 36.0 11.0
44 38 38 0.0 5.0 21.0 774.0 7345.0 136.0 105.0
44 38 39 0.0 6.0 34.0 1219.0 12125.0 218.0 290.0
44 38 40 0.0 3.0 106.0 1642.0 14747.0 252.0 534.0
44 38 41 0.0 0.0 39.0 1185.0 12777.0 218.0 359.0
44 38 42 0.0 0.0 26.0 762.0 7116.0 118.0 104.0
44 38 43 0.0 3.0 5.0 254.0 2266.0 55.0 13.0
44 38 44 0.0 0.0 2.0 32.0 261.0 6.0 0.0
44 38 45 0.0 0.0 0.0 0.0 7.0 0.0 0.0
44 39 35 0.0 0.0 0.0 0.0 6.0 0.0 0.0
44 39 36 0.0 1.0 2.0 52.0 617.0 12.0 2.0
44 39 37 0.0 0.0 32.0 416.0 4700.0 82.0 42.0
44 39 38 0.0 8.0 32.0 1085.0 13187.0 223.0 379.0
44 39 39 0.0 19.0 85.0 2267.0 21329.0 352.0 1274.0
44 39 40 0.0 6.0 115.0 2197.0 24953.0 410.0 1678.0
44 39 41 0.0 7.0 62.0 2085.0 21262.0 361.0 1205.0
44 39 42 0.0 10.0 54.0 1463.0 13465.0 259.0 440.0
44 39 43 0.0 0.0 17.0 586.0 4940.0 77.0 50.0
44 39 44 0.0 0.0 11.0 59.0 625.0 10.0 0.0
44 39 45 0.0 0.0 0.0 0.0 6.0 0.0 0.0
44 40 35 0.0 0.0 0.0 0.0 5.0 0.0 0.0
44 40 36 0.0 0.0 2.0 72.0 890.0 16.0 1.0
44 40 37 0.0 1.0 8.0 398.0 5629.0 100.0 56.0
44 40 38 0.0 3.0 67.0 1277.0 15781.0 266.0 560.0
44 40 39 0.0 10.0 99.0 2044.0 25484.0 406.0 1807.0
44 40 40 0.0 14.0 95.0 2477.0 29625.0 452.0 2541.0
44 40 41 0.0 5.0 120.0 2247.0 25490.0 380.0 1826.0
44 40 42 0.0 9.0 46.0 1379.0 15107.0 254.0 548.0
44 40 43 0.0 2.0 26.0 524.0 5476.0 104.0 54.0
44 40 44 0.0 0.0 2.0 74.0 854.0 16.0 2.0
44 40 45 0.0 0.0 0.0 0.0 9.0 0.0 0.0
44 41 35 0.0 0.0 0.0 0.0 7.0 0.0 0.0
44 41 36 0.0 0.0 0.0 45.0 607.0 9.0 0.0
44 41 37 0.0 2.0 10.0 403.0 4596.0 70.0 29.0
44 41 38 0.0 9.0 38.0 1136.0 13227.0 252.0 362.0
44 41 39 0.0 0.0 69.0 1928.0 21930.0 359.0 1243.0
44 41 40 0.0 10.0 94.0 2350.0 26032.0 370.0 1878.0
44 41 41 0.0 20.0 79.0 1819.0 22053.0 385.0 1318.0
44 41 42 0.0 1.0 57.0 1387.0 13680.0 225.0 451.0
44 41 43 0.0 3.0 19.0 359.0 4798.0 78.0 34.0
44 41 44 0.0 0.0 0.0 63.0 693.0 10.0 0.0
44 41 45 0.0 0.0 0.0 0.0 7.0 0.0 0.0
44 42 35 0.0 0.0 0.0 0.0 1.0 0.0 0.0
44 42 36 0.0 0.0 0.0 8.0 304.0 4.0 1.0
44 42 37 0.0 0.0 2.0 194.0 2524.0 45.0 10.0
44 42 38 0.0 9.0 25.0 683.0 7483.0 141.0 105.0
44 42 39 0.0 1.0 72.0 976.0 13245.0 225.0 381.0
44 42 40 0.0 5.0 49.0 1520.0 15964.0 273.0 558.0
44 42 41 0.0 4.0 42.0 1142.0 13299.0 234.0 405.0
44 42 42 0.0 3.0 31.0 600.0 7797.0 120.0 99.0
44 42 43 0.0 1.0 9.0 214.0 2514.0 49.0 11.0
44 42 44 0.0 1.0 4.0 50.0 340.0 5.0 0.0
44 42 45 0.0 0.0 0.0 1.0 1.0 0.0 0.0
44 43 36 0.0 0.0 0.0 4.0 70.0 2.0 0.0
44 43 37 0.0 0.0 2.0 69.0 714.0 11.0 1.0
44 43 38 0.0 0.0 31.0 174.0 2567.0 43.0 5.0
44 43 39 0.0 0.0 21.0 350.0 5082.0 98.0 38.0
44 43 40 0.0 0.0 30.0 453.0 5932.0 90.0 68.0
44 43 41 0.0 0.0 15.0 429.0 5040.0 93.0 50.0
44 43 42 0.0 1.0 14.0 209.0 2624.0 44.0 13.0
44 43 43 0.0 1.0 8.0 50.0 810.0 20.0 0.0
44 43 44 0.0 0.0 0.0 11.0 68.0 1.0 0.0
44 44 36 0.0 0.0 0.0 1.0 2.0 0.0 0.0
44 44 37 0.0 0.0 0.0 20.0 43.0 0.0 0.0
44 44 38 0.0 0.0 0.0 34.0 293.0 6.0 0.0
44 44 39 0.0 0.0 0.0 51.0 577.0 9.0 0.0
44 44 40 0.0 0.0 4.0 26.0 846.0 12.0 1.0
44 44 41 0.0 0.0 1.0 61.0 717.0 14.0 0.0
44 44 42 0.0 0.0 3.0 22.0 419.0 11.0 1.0
44 44 43 0.0 0.0 0.0 9.0 66.0 1.0 0.0
44 44 44 0.0 0.0 0.0 1.0 5.0 0.0 0.0
44 45 37 0.0 0.0 0.0 1.0 0.0 0.0 0.0
44 45 38 0.0 0.0 0.0 0.0 1.0 0.0 0.0
44 45 39 0.0 0.0 0.0 2.0 6.0 1.0 0.0
44 45 40 0.0 0.0 0.0 0.0 6.0 0.0 0.0
44 45 41 0.0 0.0 0.0 0.0 8.0 0.0 0.0
45 35 39 0.0 0.0 0.0 1.0 0.0 0.0 0.0
45 36 37 0.0 0.0 0.0 0.0 4.0 0.0 0.0
45 36 38 0.0 0.0 0.0 0.0 1.0 0.0 0.0
45 36 39 0.0 0.0 0.0 0.0 2.0 0.0 0.0
45 36 40 0.0 0.0 0.0 0.0 5.0 0.0 0.0
45 36 41 0.0 0.0 0.0 2.0 6.0 0.0 0.0
45 37 37 0.0 0.0 0.0 0.0 13.0 0.0 0.0
45 37 38 0.0 0.0 0.0 3.0 22.0 0.0 0.0
45 37 39 0.0 0.0 0.0 1.0 52.0 0.0 0.0
45 37 40 0.0 0.0 0.0 2.0 53.0 1.0 0.0
45 37 41 0.0 0.0 0.0 1.0 67.0 3.0 0.0
45 37 42 0.0 0.0 0.0 3.0 24.0 0.0 0.0
45 37 43 0.0 0.0 0.0 0.0 5.0 1.0 0.0
45 38 36 0.0 0.0 0.0 0.0 2.0 0.0 0.0
45 38 37 0.0 0.0 0.0 1.0 18.0 0.0 0.0
45 38 38 0.0 0.0 0.0 7.0 119.0 2.0 0.0
45 38 39 0.0 0.0 0.0 19.0 165.0 3.0 0.0
45 38 40 0.0 0.0 0.0 35.0 307.0 10.0 0.0
45 38 41 0.0 0.0 0.0 21.0 247.0 4.0 0.0
45 38 42 0.0 0.0 0.0 7.0 107.0 2.0 0.0
45 38 43 0.0 0.0 0.0 3.0 12.0 1.0 0.0
45 38 44 0.0 0.0 0.0 0.0 3.0 1.0 0.0
45 39 36 0.0 0.0 0.0 1.0 3.0 0.0 0.0
45 39 37 0.0 0.0 0.0 6.0 41.0 1.0 0.0
45 39 38 0.0 0.0 1.0 42.0 220.0 7.0 0.0
45 39 39 0.0 1.0 4.0 35.0 523.0 11.0 0.0
45 39 40 0.0 0.0 4.0 74.0 636.0 8.0 1.0
45 39 41 0.0 0.0 4.0 40.0 476.0 11.0 0.0
45 39 42 0.0 0.0 0.0 20.0 191.0 3.0 0.0
45 39 43 0.0 0.0 0.0 4.0 54.0 0.0 0.0
45 39 44 0.0 0.0 0.0 0.0 3.0 0.0 0.0
45 40 36 0.0 0.0 0.0 0.0 8.0 0.0 0.0
45 40 37 0.0 0.0 0.0 11.0 61.0 0.0 0.0
45 40 38 0.0 0.0 0.0 13.0 298.0 4.0 0.0
45 40 39 0.0 0.0 1.0 50.0 570.0 10.0 0.0
45 40 40 0.0 0.0 3.0 66.0 753.0 11.0 0.0
45 40 41 0.0 0.0 3.0 51.0 638.0 9.0 0.0
45 40 42 0.0 0.0 1.0 22.0 277.0 3.0 0.0
45 40 43 0.0 0.0 0.0 13.0 66.0 0.0 0.0
45 40 44 0.0 0.0 1.0 0.0 15.0 1.0 0.0
45 41 36 0.0 0.0 0.0 0.0 5.0 0.0 0.0
45 41 37 0.0 0.0 0.0 1.0 44.0 0.0 0.0
45 41 38 0.0 0.0 0.0 9.0 228.0 5.0 0.0
45 41 39 0.0 0.0 1.0 50.0 491.0 6.0 1.0
45 41 40 0.0 4.0 2.0 61.0 699.0 12.0 0.0
45 41 41 0.0 0.0 0.0 47.0 520.0 8.0 0.0
45 41 42 0.0 0.0 2.0 21.0 217.0 6.0 1.0
45 41 43 0.0 0.0 0.0 13.0 66.0 1.0 0.0
45 41 44 0.0 0.0 0.0 0.0 6.0 1.0 0.0
45 42 36 0.0 0.0 0.0 0.0 7.0 0.0 0.0
45 42 37 0.0 0.0 0.0 1.0 18.0 1.0 0.0
45 42 38 0.0 0.0 0.0 1.0 82.0 3.0 0.0
45 42 39 0.0 0.0 0.0 20.0 210.0 3.0 0.0
45 42 40 0.0 0.0 0.0 20.0 260.0 0.0 0.0
45 42 41 0.0 0.0 0.0 21.0 181.0 4.0 0.0
45 42 42 0.0 0.0 0.0 3.0 127.0 1.0 0.0
45 42 43 0.0 0.0 0.0 0.0 12.0 0.0 0.0
45 42 44 0.0 0.0 0.0 0.0 2.0 0.0 0.0
45 43 37 0.0 0.0 0.0 0.0 4.0 0.0 0.0
45 43 38 0.0 0.0 0.0 0.0 28.0 0.0 0.0
45 43 39 0.0 0.0 1.0 2.0 41.0 0.0 0.0
45 43 40 0.0 0.0 0.0 16.0 91.0 3.0 0.0
45 43 41 0.0 0.0 0.0 2.0 61.0 0.0 0.0
45 43 42 0.0 0.0 0.0 2.0 16.0 0.0 0.0
45 43 43 0.0 0.0 0.0 0.0 8.0 0.0 0.0
45 44 38 0.0 0.0 0.0 0.0 2.0 0.0 0.0
45 44 39 0.0 0.0 0.0 0.0 4.0 0.0 0.0
45 44 40 0.0 0.0 0.0 0.0 6.0 0.0 0.0
45 44 41 0.0 0.0 0.0 0.0 3.0 0.0 0.0
45 44 42 0.0 0.0 0.0 2.0 0.0 0.0 0.0
45 45 40 0.0 0.0 0.0 0.0 1.0 0.0 0.0
46 40 40 0.0 0.0 0.0 0.0 1.0 0.0 0.0
46 40 42 0.0 0.0 0.0 0.0 1.0 0.0 0.0
