39 38 40 0.0 0.0 0.0 0.0 1.0 0.0 0.0
39 39 39 0.0 2.0 38.0 43.0 560.0 8.0 3.0
39 39 40 0.0 1.0 17.0 35.0 414.0 8.0 0.0
39 39 41 0.0 1.0 13.0 32.0 535.0 11.0 2.0
39 40 39 0.0 6.0 12.0 46.0 309.0 5.0 1.0
39 40 40 0.0 8.0 19.0 98.0 543.0 14.0 0.0
39 40 41 1.0 0.0 11.0 60.0 288.0 4.0 0.0
39 41 39 0.0 1.0 4.0 42.0 383.0 12.0 0.0
39 41 40 0.0 3.0 23.0 23.0 434.0 9.0 0.0
39 41 41 0.0 3.0 30.0 30.0 351.0 8.0 0.0
39 42 41 0.0 0.0 0.0 0.0 1.0 0.0 0.0
40 39 39 0.0 1.0 20.0 19.0 581.0 15.0 0.0
40 39 40 0.0 56.0 38.0 572.0 629.0 28.0 2.0
40 39 41 0.0 2.0 6.0 59.0 377.0 6.0 0.0
40 40 39 1.0 8.0 25.0 57.0 532.0 21.0 0.0
40 40 40 7.0 218.0 1535.0 3606.0 28721.0 532.0 4711.0
40 40 41 0.0 11.0 32.0 104.0 548.0 16.0 0.0
40 41 39 0.0 1.0 24.0 44.0 384.0 10.0 0.0
40 41 40 0.0 7.0 12.0 48.0 482.0 12.0 0.0
40 41 41 0.0 1.0 27.0 93.0 372.0 8.0 0.0
41 39 39 0.0 0.0 11.0 23.0 350.0 10.0 0.0
41 39 40 0.0 0.0 9.0 50.0 311.0 5.0 0.0
41 39 41 0.0 1.0 28.0 33.0 425.0 13.0 0.0
41 40 39 0.0 1.0 47.0 30.0 597.0 13.0 0.0
41 40 40 0.0 6.0 34.0 40.0 516.0 16.0 1.0
41 40 41 0.0 0.0 15.0 51.0 409.0 10.0 0.0
41 41 39 0.0 0.0 13.0 32.0 338.0 6.0 0.0
41 41 40 0.0 3.0 11.0 45.0 334.0 9.0 0.0
41 41 41 0.0 4.0 37.0 38.0 452.0 16.0 0.0
41 42 40 0.0 0.0 0.0 0.0 6.0 0.0 0.0
42 41 42 0.0 0.0 0.0 0.0 1.0 0.0 0.0
