34 37 39 0.0 0.0 0.0 0.0 1.0 0.0 0.0
34 37 41 0.0 0.0 0.0 0.0 1.0 0.0 0.0
34 37 42 0.0 0.0 0.0 0.0 1.0 0.0 0.0
34 38 37 0.0 0.0 0.0 0.0 2.0 0.0 0.0
34 38 38 0.0 0.0 0.0 0.0 4.0 0.0 0.0
34 38 39 0.0 0.0 0.0 2.0 0.0 0.0 0.0
34 38 40 0.0 0.0 0.0 0.0 8.0 0.0 0.0
34 38 41 0.0 0.0 0.0 0.0 6.0 0.0 0.0
34 38 42 0.0 0.0 0.0 0.0 1.0 0.0 0.0
34 39 38 0.0 0.0 0.0 0.0 2.0 0.0 0.0
34 39 39 0.0 0.0 0.0 6.0 19.0 1.0 0.0
34 39 40 0.0 0.0 0.0 5.0 13.0 0.0 0.0
34 39 41 0.0 0.0 0.0 1.0 7.0 0.0 0.0
34 39 42 0.0 0.0 0.0 0.0 7.0 0.0 0.0
34 39 43 0.0 0.0 0.0 0.0 1.0 0.0 0.0
34 40 37 0.0 0.0 0.0 0.0 1.0 0.0 0.0
34 40 38 0.0 0.0 0.0 1.0 4.0 0.0 0.0
34 40 39 0.0 0.0 0.0 5.0 27.0 0.0 0.0
34 40 40 0.0 0.0 0.0 2.0 17.0 0.0 0.0
34 40 41 0.0 0.0 0.0 1.0 10.0 0.0 0.0
34 40 42 0.0 0.0 0.0 0.0 3.0 0.0 0.0
34 40 43 0.0 0.0 0.0 0.0 2.0 0.0 0.0
34 41 38 0.0 0.0 0.0 3.0 3.0 0.0 0.0
34 41 39 0.0 0.0 0.0 3.0 9.0 0.0 0.0
34 41 40 0.0 0.0 0.0 2.0 9.0 0.0 0.0
34 41 41 0.0 0.0 0.0 0.0 8.0 0.0 0.0
34 41 42 0.0 0.0 0.0 0.0 2.0 0.0 0.0
34 41 43 0.0 0.0 0.0 0.0 2.0 0.0 0.0
34 42 36 0.0 0.0 0.0 0.0 1.0 0.0 0.0
34 42 38 0.0 0.0 0.0 0.0 1.0 0.0 0.0
34 42 39 0.0 0.0 0.0 0.0 7.0 0.0 0.0
34 42 40 0.0 0.0 0.0 1.0 5.0 0.0 0.0
34 42 41 0.0 0.0 0.0 0.0 4.0 0.0 0.0
34 42 42 0.0 0.0 0.0 1.0 0.0 0.0 0.0
34 42 43 0.0 0.0 0.0 0.0 1.0 0.0 0.0
34 43 40 0.0 0.0 0.0 0.0 1.0 0.0 0.0
34 43 42 0.0 0.0 0.0 0.0 3.0 0.0 0.0
35 35 40 0.0 0.0 0.0 0.0 10.0 0.0 0.0
35 35 41 0.0 0.0 0.0 0.0 1.0 0.0 0.0
35 36 36 0.0 0.0 0.0 0.0 1.0 0.0 0.0
35 36 37 0.0 0.0 0.0 1.0 3.0 0.0 0.0
35 36 38 0.0 0.0 0.0 2.0 48.0 0.0 0.0
35 36 39 0.0 0.0 0.0 18.0 113.0 3.0 0.0
35 36 40 0.0 0.0 0.0 10.0 127.0 2.0 0.0
35 36 41 0.0 0.0 1.0 16.0 82.0 4.0 0.0
35 36 42 0.0 0.0 0.0 3.0 39.0 0.0 0.0
35 36 43 0.0 0.0 0.0 1.0 13.0 0.0 0.0
35 36 44 0.0 0.0 0.0 0.0 1.0 0.0 0.0
35 37 35 0.0 0.0 0.0 0.0 1.0 0.0 0.0
35 37 36 0.0 0.0 0.0 2.0 15.0 0.0 0.0
35 37 37 0.0 0.0 0.0 12.0 110.0 3.0 0.0
35 37 38 0.0 1.0 0.0 29.0 422.0 6.0 0.0
35 37 39 0.0 0.0 0.0 69.0 658.0 10.0 0.0
35 37 40 0.0 0.0 0.0 102.0 823.0 16.0 1.0
35 37 41 0.0 6.0 0.0 85.0 732.0 14.0 0.0
35 37 42 0.0 0.0 1.0 50.0 406.0 7.0 0.0
35 37 43 0.0 0.0 0.0 7.0 87.0 1.0 0.0
35 37 44 0.0 0.0 0.0 0.0 12.0 0.0 0.0
35 38 35 0.0 0.0 0.0 0.0 3.0 1.0 0.0
35 38 36 0.0 0.0 0.0 2.0 69.0 2.0 0.0
35 38 37 0.0 0.0 1.0 45.0 353.0 3.0 0.0
35 38 38 0.0 0.0 3.0 123.0 1170.0 29.0 3.0
35 38 39 0.0 0.0 11.0 267.0 2436.0 51.0 5.0
35 38 40 0.0 0.0 6.0 273.0 2645.0 54.0 12.0
35 38 41 0.0 2.0 16.0 237.0 2216.0 52.0 7.0
35 38 42 0.0 0.0 1.0 106.0 1109.0 16.0 1.0
35 38 43 0.0 0.0 1.0 57.0 336.0 8.0 0.0
35 38 44 0.0 0.0 0.0 2.0 30.0 0.0 0.0
35 39 35 0.0 0.0 0.0 0.0 1.0 0.0 0.0
35 39 36 0.0 0.0 0.0 13.0 102.0 0.0 0.0
35 39 37 0.0 2.0 0.0 122.0 642.0 18.0 1.0
35 39 38 0.0 5.0 22.0 281.0 2244.0 42.0 13.0
35 39 39 0.0 0.0 10.0 517.0 3913.0 75.0 20.0
35 39 40 0.0 3.0 16.0 479.0 4795.0 91.0 34.0
35 39 41 0.0 1.0 4.0 479.0 4202.0 59.0 35.0
35 39 42 0.0 0.0 7.0 266.0 2308.0 41.0 11.0
35 39 43 0.0 3.0 6.0 73.0 660.0 13.0 0.0
35 39 44 0.0 0.0 0.0 6.0 104.0 4.0 0.0
35 39 45 0.0 0.0 0.0 0.0 4.0 0.0 0.0
35 40 35 0.0 0.0 0.0 0.0 1.0 0.0 0.0
35 40 36 0.0 0.0 0.0 6.0 72.0 1.0 0.0
35 40 37 0.0 2.0 2.0 88.0 815.0 19.0 0.0
35 40 38 0.0 0.0 6.0 404.0 2765.0 52.0 18.0
35 40 39 0.0 15.0 12.0 654.0 5132.0 89.0 53.0
35 40 40 0.0 2.0 3.0 639.0 5986.0 89.0 56.0
35 40 41 0.0 14.0 18.0 591.0 5186.0 87.0 36.0
35 40 42 0.0 0.0 13.0 300.0 2698.0 45.0 11.0
35 40 43 0.0 0.0 1.0 95.0 824.0 17.0 1.0
35 40 44 0.0 0.0 0.0 11.0 113.0 1.0 0.0
35 40 45 0.0 0.0 0.0 1.0 8.0 0.0 0.0
35 41 35 0.0 0.0 0.0 5.0 5.0 0.0 0.0
35 41 36 0.0 1.0 0.0 8.0 65.0 0.0 0.0
35 41 37 0.0 0.0 0.0 88.0 593.0 11.0 2.0
35 41 38 0.0 1.0 1.0 246.0 2139.0 41.0 9.0
35 41 39 0.0 0.0 12.0 432.0 4017.0 78.0 20.0
35 41 40 0.0 0.0 13.0 539.0 5177.0 111.0 44.0
35 41 41 0.0 0.0 5.0 537.0 4384.0 89.0 32.0
35 41 42 0.0 0.0 6.0 273.0 2267.0 39.0 11.0
35 41 43 0.0 1.0 2.0 112.0 693.0 15.0 0.0
35 41 44 0.0 0.0 0.0 7.0 87.0 0.0 0.0
35 41 45 0.0 0.0 0.0 0.0 2.0 0.0 0.0
35 42 35 0.0 0.0 0.0 0.0 1.0 0.0 0.0
35 42 36 0.0 0.0 1.0 3.0 30.0 1.0 0.0
35 42 37 0.0 0.0 0.0 35.0 319.0 4.0 0.0
35 42 38 0.0 1.0 0.0 131.0 1055.0 10.0 2.0
35 42 39 0.0 0.0 0.0 240.0 2352.0 32.0 7.0
35 42 40 0.0 2.0 9.0 283.0 2760.0 40.0 14.0
35 42 41 0.0 2.0 1.0 249.0 2340.0 29.0 6.0
35 42 42 0.0 4.0 1.0 138.0 1080.0 20.0 2.0
35 42 43 0.0 0.0 1.0 39.0 298.0 5.0 0.0
35 42 44 0.0 0.0 0.0 4.0 75.0 2.0 0.0
35 42 45 0.0 0.0 0.0 0.0 2.0 0.0 0.0
35 43 36 0.0 0.0 0.0 4.0 7.0 1.0 0.0
35 43 37 0.0 0.0 0.0 4.0 67.0 1.0 0.0
35 43 38 0.0 1.0 0.0 43.0 287.0 4.0 1.0
35 43 39 0.0 0.0 0.0 61.0 706.0 8.0 1.0
35 43 40 0.0 0.0 0.0 79.0 849.0 16.0 1.0
35 43 41 0.0 0.0 1.0 56.0 801.0 17.0 0.0
35 43 42 0.0 0.0 2.0 37.0 315.0 7.0 0.0
35 43 43 0.0 0.0 0.0 6.0 93.0 1.0 0.0
35 43 44 0.0 0.0 0.0 0.0 10.0 0.0 0.0
35 43 45 0.0 0.0 0.0 0.0 2.0 0.0 0.0
35 44 37 0.0 0.0 0.0 2.0 8.0 0.0 0.0
35 44 38 0.0 0.0 0.0 1.0 43.0 0.0 0.0
35 44 39 0.0 0.0 0.0 15.0 80.0 1.0 0.0
35 44 40 0.0 0.0 0.0 12.0 90.0 0.0 0.0
35 44 41 0.0 0.0 0.0 12.0 123.0 4.0 0.0
35 44 42 0.0 0.0 0.0 3.0 37.0 2.0 0.0
35 44 43 0.0 0.0 0.0 1.0 17.0 0.0 0.0
35 44 44 0.0 0.0 0.0 0.0 2.0 0.0 0.0
35 45 38 0.0 0.0 0.0 1.0 3.0 0.0 0.0
35 45 39 0.0 0.0 0.0 0.0 3.0 0.0 0.0
35 45 40 0.0 0.0 1.0 0.0 5.0 0.0 0.0
35 45 41 0.0 0.0 0.0 0.0 6.0 0.0 0.0
36 35 36 0.0 0.0 0.0 0.0 1.0 0.0 0.0
36 35 37 0.0 0.0 0.0 0.0 15.0 1.0 0.0
36 35 38 0.0 0.0 0.0 4.0 78.0 1.0 0.0
36 35 39 0.0 0.0 0.0 21.0 146.0 2.0 0.0
36 35 40 0.0 0.0 0.0 18.0 98.0 3.0 0.0
36 35 41 0.0 0.0 0.0 7.0 122.0 3.0 0.0
36 35 42 0.0 0.0 0.0 4.0 48.0 3.0 0.0
36 35 43 0.0 0.0 0.0 0.0 9.0 0.0 0.0
36 35 44 0.0 0.0 0.0 1.0 4.0 0.0 0.0
36 36 35 0.0 0.0 0.0 1.0 1.0 0.0 0.0
36 36 36 0.0 0.0 2.0 13.0 82.0 0.0 0.0
36 36 37 0.0 0.0 2.0 62.0 821.0 15.0 0.0
36 36 38 0.0 17.0 1.0 293.0 2185.0 51.0 5.0
36 36 39 0.0 2.0 4.0 391.0 3465.0 52.0 19.0
36 36 40 0.0 1.0 7.0 428.0 4487.0 88.0 44.0
36 36 41 0.0 1.0 4.0 349.0 3449.0 51.0 22.0
36 36 42 0.0 0.0 1.0 166.0 1906.0 26.0 6.0
36 36 43 0.0 0.0 0.0 79.0 545.0 7.0 1.0
36 36 44 0.0 0.0 0.0 26.0 93.0 3.0 0.0
36 36 45 0.0 0.0 0.0 0.0 2.0 0.0 0.0
36 37 35 0.0 0.0 0.0 0.0 12.0 0.0 0.0
36 37 36 0.0 0.0 0.0 82.0 767.0 23.0 0.0
36 37 37 0.0 4.0 12.0 448.0 3950.0 67.0 31.0
36 37 38 0.0 3.0 11.0 971.0 10421.0 192.0 271.0
36 37 39 0.0 13.0 22.0 1802.0 16419.0 285.0 683.0
36 37 40 0.0 2.0 62.0 1972.0 19400.0 316.0 988.0
36 37 41 0.0 1.0 34.0 1895.0 16407.0 303.0 709.0
36 37 42 0.0 3.0 18.0 930.0 10417.0 197.0 252.0
36 37 43 0.0 0.0 10.0 367.0 3479.0 66.0 20.0
36 37 44 0.0 0.0 0.0 60.0 727.0 9.0 3.0
36 37 45 0.0 0.0 0.0 0.0 8.0 0.0 0.0
36 38 35 0.0 0.0 0.0 2.0 45.0 2.0 0.0
36 38 36 0.0 1.0 3.0 205.0 2358.0 40.0 8.0
36 38 37 0.0 13.0 25.0 1178.0 10573.0 189.0 269.0
36 38 38 0.0 11.0 98.0 2546.0 23929.0 377.0 1613.0
36 38 39 0.0 26.0 58.0 3905.0 33164.0 503.0 4146.0
36 38 40 0.0 22.0 67.0 3808.0 37300.0 532.0 5635.0
36 38 41 0.0 22.0 121.0 3533.0 33938.0 503.0 4131.0
36 38 42 0.0 8.0 45.0 2467.0 23122.0 420.0 1567.0
36 38 43 0.0 4.0 11.0 905.0 9617.0 189.0 194.0
36 38 44 0.0 1.0 2.0 177.0 2002.0 45.0 5.0
36 38 45 0.0 0.0 0.0 2.0 40.0 0.0 0.0
36 39 35 0.0 0.0 0.0 14.0 93.0 2.0 0.0
36 39 36 0.0 0.0 6.0 454.0 3515.0 70.0 20.0
36 39 37 0.0 9.0 27.0 1938.0 16302.0 278.0 770.0
36 39 38 0.0 30.0 76.0 3517.0 33431.0 508.0 4027.0
36 39 39 0.0 12.0 97.0 5036.0 42694.0 579.0 9179.0
36 39 40 0.0 24.0 90.0 4571.0 46085.0 595.0 11597.0
36 39 41 0.0 49.0 141.0 4825.0 43499.0 614.0 9622.0
36 39 42 0.0 21.0 129.0 3481.0 33623.0 534.0 4246.0
36 39 43 0.0 2.0 31.0 1794.0 16351.0 277.0 708.0
36 39 44 0.0 0.0 4.0 333.0 3357.0 60.0 26.0
36 39 45 0.0 0.0 0.0 10.0 70.0 0.0 0.0
36 40 35 0.0 0.0 0.0 16.0 138.0 4.0 0.0
36 40 36 0.0 3.0 4.0 537.0 4053.0 83.0 33.0
36 40 37 0.0 14.0 38.0 2225.0 19365.0 359.0 1038.0
36 40 38 0.0 37.0 110.0 4172.0 36497.0 519.0 5206.0
36 40 39 0.0 32.0 93.0 5492.0 45021.0 582.0 11392.0
36 40 40 0.0 38.0 95.0 5359.0 47485.0 613.0 14047.0
36 40 41 0.0 35.0 120.0 5452.0 45833.0 643.0 11488.0
36 40 42 0.0 31.0 86.0 3860.0 36437.0 561.0 5161.0
36 40 43 0.0 14.0 31.0 2038.0 18916.0 331.0 970.0
36 40 44 0.0 1.0 9.0 394.0 4277.0 75.0 37.0
36 40 45 0.0 0.0 0.0 9.0 107.0 1.0 0.0
36 41 35 0.0 0.0 0.0 3.0 67.0 0.0 0.0
36 41 36 0.0 1.0 4.0 498.0 3331.0 58.0 14.0
36 41 37 0.0 15.0 22.0 1685.0 16109.0 284.0 684.0
36 41 38 0.0 26.0 89.0 4031.0 32602.0 518.0 3900.0
36 41 39 0.0 30.0 107.0 4740.0 43029.0 600.0 9129.0
36 41 40 0.0 19.0 153.0 5113.0 45742.0 596.0 11663.0
36 41 41 0.0 32.0 90.0 4735.0 43413.0 580.0 9781.0
36 41 42 0.0 42.0 108.0 3669.0 33438.0 560.0 4224.0
36 41 43 0.0 1.0 39.0 1889.0 15884.0 288.0 682.0
36 41 44 0.0 3.0 3.0 394.0 3586.0 64.0 16.0
36 41 45 0.0 0.0 0.0 9.0 75.0 2.0 0.0
36 42 35 0.0 0.0 0.0 7.0 36.0 0.0 0.0
36 42 36 0.0 2.0 3.0 254.0 1650.0 30.0 7.0
36 42 37 0.0 43.0 21.0 1471.0 9154.0 156.0 214.0
36 42 38 0.0 8.0 78.0 2677.0 22493.0 399.0 1492.0
36 42 39 0.0 16.0 56.0 3521.0 32974.0 517.0 3891.0
36 42 40 0.0 23.0 88.0 3972.0 36784.0 518.0 5511.0
36 42 41 0.0 2.0 72.0 3603.0 34697.0 510.0 4369.0
36 42 42 0.0 6.0 74.0 2639.0 23730.0 370.0 1657.0
36 42 43 0.0 0.0 16.0 980.0 10298.0 185.0 239.0
36 42 44 0.0 0.0 6.0 122.0 1705.0 37.0 6.0
36 42 45 0.0 0.0 0.0 9.0 26.0 3.0 0.0
36 43 35 0.0 0.0 0.0 0.0 6.0 0.0 0.0
36 43 36 0.0 2.0 1.0 79.0 519.0 14.0 1.0
36 43 37 0.0 1.0 1.0 398.0 3315.0 64.0 19.0
36 43 38 0.0 4.0 15.0 941.0 9554.0 169.0 185.0
36 43 39 0.0 7.0 32.0 1679.0 15900.0 269.0 668.0
36 43 40 0.0 12.0 36.0 2360.0 18907.0 314.0 1045.0
36 43 41 0.0 16.0 25.0 1835.0 16304.0 313.0 698.0
36 43 42 0.0 2.0 25.0 1074.0 10103.0 183.0 222.0
36 43 43 0.0 0.0 3.0 383.0 3601.0 59.0 24.0
36 43 44 0.0 0.0 0.0 40.0 505.0 5.0 0.0
36 43 45 0.0 0.0 0.0 1.0 18.0 1.0 0.0
36 44 36 0.0 0.0 0.0 7.0 130.0 3.0 0.0
36 44 37 0.0 0.0 2.0 48.0 527.0 9.0 0.0
36 44 38 0.0 1.0 4.0 154.0 1654.0 35.0 4.0
36 44 39 0.0 0.0 22.0 324.0 3121.0 56.0 20.0
36 44 40 0.0 0.0 15.0 390.0 4014.0 77.0 38.0
36 44 41 0.0 2.0 26.0 380.0 3574.0 67.0 23.0
36 44 42 0.0 0.0 2.0 203.0 1965.0 33.0 6.0
36 44 43 0.0 1.0 0.0 45.0 707.0 12.0 0.0
36 44 44 0.0 0.0 0.0 6.0 88.0 3.0 0.0
36 44 45 0.0 0.0 0.0 0.0 1.0 0.0 0.0
36 45 37 0.0 0.0 0.0 1.0 7.0 0.0 0.0
36 45 38 0.0 0.0 0.0 5.0 49.0 0.0 0.0
36 45 39 0.0 0.0 0.0 7.0 61.0 1.0 0.0
36 45 40 0.0 0.0 0.0 10.0 147.0 2.0 0.0
36 45 41 0.0 0.0 0.0 12.0 100.0 1.0 0.0
36 45 42 0.0 0.0 0.0 10.0 41.0 0.0 0.0
36 45 43 0.0 0.0 0.0 2.0 10.0 1.0 0.0
37 34 40 0.0 0.0 0.0 0.0 2.0 0.0 0.0
37 35 36 0.0 1.0 0.0 2.0 14.0 0.0 0.0
37 35 37 0.0 0.0 0.0 11.0 139.0 3.0 0.0
37 35 38 0.0 0.0 4.0 33.0 512.0 9.0 1.0
37 35 39 0.0 1.0 2.0 100.0 825.0 17.0 0.0
37 35 40 0.0 0.0 1.0 159.0 1043.0 18.0 2.0
37 35 41 0.0 0.0 3.0 111.0 716.0 11.0 0.0
37 35 42 0.0 0.0 2.0 27.0 342.0 4.0 0.0
37 35 43 0.0 0.0 0.0 8.0 109.0 1.0 0.0
37 35 44 0.0 0.0 0.0 0.0 9.0 0.0 0.0
37 36 35 0.0 0.0 0.0 2.0 15.0 1.0 0.0
37 36 36 0.0 6.0 0.0 53.0 669.0 8.0 0.0
37 36 37 0.0 2.0 4.0 571.0 4370.0 76.0 50.0
37 36 38 0.0 12.0 14.0 1480.0 11246.0 206.0 340.0
37 36 39 0.0 10.0 49.0 2293.0 17240.0 290.0 814.0
37 36 40 0.0 2.0 44.0 2227.0 20400.0 329.0 1230.0
37 36 41 0.0 7.0 28.0 1946.0 17043.0 308.0 870.0
37 36 42 0.0 2.0 9.0 1286.0 9887.0 188.0 208.0
37 36 43 0.0 0.0 5.0 381.0 4092.0 86.0 40.0
37 36 44 0.0 0.0 1.0 84.0 612.0 21.0 0.0
37 36 45 0.0 0.0 0.0 0.0 17.0 1.0 0.0
37 37 35 0.0 0.0 0.0 16.0 143.0 0.0 0.0
37 37 36 0.0 2.0 2.0 349.0 4087.0 84.0 35.0
37 37 37 0.0 15.0 52.0 2169.0 24870.0 395.0 2028.0
37 37 38 0.0 10.0 56.0 4254.0 42736.0 605.0 9469.0
37 37 39 0.0 24.0 77.0 4900.0 49341.0 587.0 19053.0
37 37 40 0.0 26.0 96.0 5230.0 49247.0 570.0 21892.0
37 37 41 0.0 14.0 64.0 4240.0 49022.0 576.0 17884.0
37 37 42 0.0 16.0 62.0 4151.0 41509.0 565.0 9084.0
37 37 43 0.0 2.0 32.0 2985.0 23328.0 440.0 1764.0
37 37 44 0.0 0.0 6.0 316.0 3442.0 55.0 24.0
37 37 45 0.0 0.0 0.0 5.0 126.0 0.0 0.0
37 38 35 0.0 0.0 1.0 44.0 410.0 12.0 1.0
37 38 36 0.0 3.0 65.0 919.0 11585.0 214.0 272.0
37 38 37 0.0 35.0 119.0 4886.0 41899.0 564.0 10021.0
37 38 38 0.0 47.0 104.0 5395.0 50367.0 595.0 29337.0
37 38 39 0.0 39.0 100.0 5270.0 47679.0 458.0 45175.0
37 38 40 0.0 43.0 102.0 5253.0 46454.0 447.0 49322.0
37 38 41 0.0 29.0 124.0 4961.0 47902.0 448.0 44779.0
37 38 42 0.0 15.0 110.0 4985.0 50889.0 544.0 27698.0
37 38 43 0.0 3.0 81.0 4339.0 41807.0 603.0 9255.0
37 38 44 0.0 3.0 28.0 986.0 9824.0 189.0 240.0
37 38 45 0.0 0.0 0.0 23.0 334.0 5.0 0.0
37 38 46 0.0 0.0 0.0 0.0 1.0 0.0 0.0
37 39 35 0.0 1.0 3.0 71.0 731.0 12.0 1.0
37 39 36 0.0 6.0 60.0 1972.0 17340.0 298.0 811.0
37 39 37 0.0 24.0 101.0 5181.0 48567.0 631.0 18920.0
37 39 38 0.0 25.0 124.0 5549.0 47793.0 523.0 43826.0
37 39 39 0.0 31.0 106.0 4730.0 41734.0 346.0 62324.0
37 39 40 0.0 46.0 133.0 4737.0 39636.0 293.0 67645.0
37 39 41 0.0 35.0 140.0 4395.0 41903.0 379.0 62121.0
37 39 42 1.0 27.0 112.0 4856.0 48259.0 442.0 44811.0
37 39 43 0.0 19.0 106.0 4553.0 48321.0 651.0 16916.0
37 39 44 0.0 6.0 47.0 1616.0 16238.0 280.0 704.0
37 39 45 0.0 0.0 1.0 68.0 703.0 14.0 0.0
37 40 34 0.0 0.0 0.0 0.0 2.0 0.0 0.0
37 40 35 0.0 2.0 1.0 77.0 910.0 22.0 1.0
37 40 36 0.0 6.0 45.0 2183.0 18730.0 326.0 983.0
37 40 37 0.0 60.0 126.0 5997.0 48540.0 593.0 20645.0
37 40 38 0.0 46.0 125.0 5503.0 45772.0 472.0 49550.0
37 40 39 0.0 50.0 130.0 4813.0 40090.0 355.0 66611.0
37 40 40 0.0 47.0 83.0 4506.0 38219.0 313.0 71647.0
37 40 41 0.0 26.0 131.0 4479.0 39976.0 345.0 66897.0
37 40 42 0.0 40.0 126.0 5099.0 45978.0 394.0 49929.0
37 40 43 0.0 32.0 107.0 4996.0 49981.0 601.0 21020.0
37 40 44 0.0 6.0 59.0 1920.0 18982.0 355.0 951.0
37 40 45 0.0 0.0 3.0 108.0 887.0 13.0 0.0
37 40 46 0.0 0.0 0.0 1.0 3.0 0.0 0.0
37 41 35 0.0 0.0 19.0 62.0 718.0 13.0 0.0
37 41 36 0.0 11.0 19.0 1865.0 16212.0 274.0 655.0
37 41 37 0.0 55.0 121.0 6510.0 46838.0 648.0 16961.0
37 41 38 0.0 50.0 142.0 6033.0 47129.0 479.0 43413.0
37 41 39 0.0 42.0 108.0 4991.0 42493.0 359.0 60783.0
37 41 40 0.0 32.0 101.0 4371.0 40355.0 382.0 67242.0
37 41 41 0.0 29.0 125.0 4786.0 41777.0 395.0 62586.0
37 41 42 0.0 43.0 157.0 5168.0 47922.0 465.0 43760.0
37 41 43 0.0 5.0 130.0 5003.0 48014.0 596.0 17163.0
37 41 44 0.0 2.0 25.0 1527.0 16445.0 271.0 638.0
37 41 45 0.0 0.0 2.0 52.0 694.0 14.0 0.0
37 42 35 0.0 0.0 1.0 32.0 277.0 7.0 0.0
37 42 36 0.0 5.0 25.0 1095.0 9298.0 182.0 204.0
37 42 37 0.0 64.0 112.0 5599.0 38484.0 581.0 7677.0
37 42 38 0.0 52.0 121.0 5608.0 49810.0 575.0 27098.0
37 42 39 0.0 22.0 223.0 5395.0 47758.0 457.0 44092.0
37 42 40 0.0 35.0 151.0 5434.0 46212.0 393.0 49009.0
37 42 41 0.0 51.0 108.0 5623.0 47604.0 521.0 44408.0
37 42 42 0.0 28.0 121.0 5771.0 50234.0 627.0 28423.0
37 42 43 0.0 26.0 129.0 4468.0 40700.0 589.0 8206.0
37 42 44 0.0 0.0 33.0 1029.0 9740.0 175.0 193.0
37 42 45 0.0 0.0 1.0 22.0 361.0 5.0 0.0
37 42 46 0.0 0.0 0.0 0.0 1.0 0.0 0.0
37 43 35 0.0 0.0 0.0 16.0 79.0 3.0 0.0
37 43 36 0.0 1.0 3.0 292.0 3165.0 50.0 22.0
37 43 37 0.0 7.0 74.0 2093.0 21271.0 345.0 1359.0
37 43 38 0.0 50.0 80.0 4498.0 39705.0 588.0 7508.0
37 43 39 0.0 28.0 150.0 4783.0 48317.0 675.0 16085.0
37 43 40 0.0 18.0 215.0 4680.0 49816.0 609.0 20402.0
37 43 41 0.0 30.0 165.0 5002.0 48546.0 598.0 17758.0
37 43 42 0.0 16.0 112.0 4190.0 42875.0 582.0 9742.0
37 43 43 0.0 6.0 78.0 2153.0 22883.0 395.0 1747.0
37 43 44 0.0 0.0 9.0 353.0 4108.0 80.0 32.0
37 43 45 0.0 0.0 0.0 9.0 73.0 0.0 0.0
37 44 35 0.0 0.0 0.0 0.0 10.0 0.0 0.0
37 44 36 0.0 0.0 1.0 56.0 558.0 11.0 0.0
37 44 37 0.0 2.0 7.0 298.0 3211.0 52.0 17.0
37 44 38 0.0 2.0 10.0 875.0 9347.0 136.0 174.0
37 44 39 0.0 4.0 57.0 1807.0 15760.0 290.0 668.0
37 44 40 0.0 4.0 29.0 1727.0 18768.0 320.0 947.0
37 44 41 0.0 12.0 44.0 1758.0 16896.0 285.0 766.0
37 44 42 0.0 2.0 6.0 975.0 9895.0 171.0 254.0
37 44 43 0.0 0.0 5.0 346.0 3876.0 71.0 20.0
37 44 44 0.0 1.0 0.0 87.0 742.0 12.0 1.0
37 44 45 0.0 0.0 0.0 0.0 16.0 0.0 0.0
37 45 36 0.0 0.0 0.0 0.0 12.0 0.0 0.0
37 45 37 0.0 0.0 0.0 6.0 60.0 1.0 0.0
37 45 38 0.0 0.0 3.0 35.0 285.0 6.0 0.0
37 45 39 0.0 0.0 1.0 73.0 574.0 8.0 0.0
37 45 40 0.0 0.0 0.0 65.0 824.0 18.0 2.0
37 45 41 0.0 1.0 3.0 37.0 623.0 9.0 0.0
37 45 42 0.0 0.0 1.0 28.0 336.0 7.0 0.0
37 45 43 0.0 0.0 0.0 8.0 76.0 0.0 0.0
37 45 44 0.0 0.0 0.0 1.0 6.0 0.0 0.0
37 46 39 0.0 0.0 0.0 0.0 2.0 0.0 0.0
38 34 37 0.0 0.0 0.0 0.0 4.0 0.0 0.0
38 34 38 0.0 0.0 0.0 0.0 1.0 0.0 0.0
38 34 39 0.0 0.0 0.0 0.0 5.0 0.0 0.0
38 34 40 0.0 0.0 0.0 1.0 4.0 0.0 0.0
38 34 41 0.0 0.0 0.0 1.0 4.0 0.0 0.0
38 34 42 0.0 0.0 0.0 0.0 4.0 0.0 0.0
38 35 36 0.0 0.0 0.0 12.0 83.0 1.0 0.0
38 35 37 0.0 0.0 0.0 58.0 435.0 1.0 0.0
38 35 38 0.0 4.0 5.0 211.0 1395.0 32.0 5.0
38 35 39 0.0 0.0 2.0 319.0 2631.0 41.0 8.0
38 35 40 0.0 0.0 11.0 344.0 2926.0 55.0 16.0
38 35 41 0.0 0.0 7.0 289.0 2527.0 53.0 9.0
38 35 42 0.0 0.0 1.0 192.0 1185.0 23.0 2.0
38 35 43 0.0 0.0 1.0 33.0 326.0 4.0 0.0
38 35 44 0.0 0.0 0.0 3.0 44.0 1.0 0.0
38 35 45 0.0 0.0 0.0 0.0 1.0 0.0 0.0
38 36 35 0.0 0.0 0.0 7.0 54.0 1.0 0.0
38 36 36 0.0 0.0 0.0 255.0 2092.0 44.0 8.0
38 36 37 0.0 2.0 21.0 1388.0 11475.0 208.0 343.0
38 36 38 0.0 22.0 70.0 2987.0 24919.0 394.0 1877.0
38 36 39 0.0 19.0 124.0 4682.0 35259.0 551.0 5212.0
38 36 40 0.0 7.0 111.0 4709.0 37434.0 531.0 6081.0
38 36 41 0.0 29.0 87.0 4419.0 33963.0 527.0 4456.0
38 36 42 0.0 10.0 36.0 3066.0 23159.0 379.0 1677.0
38 36 43 0.0 7.0 15.0 1232.0 10119.0 175.0 235.0
38 36 44 0.0 0.0 2.0 192.0 1886.0 39.0 4.0
38 36 45 0.0 0.0 0.0 6.0 41.0 2.0 0.0
38 37 34 0.0 0.0 0.0 0.0 1.0 0.0 0.0
38 37 35 0.0 0.0 1.0 24.0 422.0 5.0 0.0
38 37 36 0.0 2.0 9.0 1088.0 10634.0 195.0 251.0
38 37 37 0.0 12.0 98.0 3696.0 44062.0 603.0 10399.0
38 37 38 0.0 37.0 170.0 6329.0 49344.0 578.0 31578.0
38 37 39 0.0 38.0 107.0 6157.0 45886.0 466.0 47718.0
38 37 40 0.0 37.0 111.0 6114.0 44489.0 435.0 51943.0
38 37 41 0.0 23.0 124.0 5609.0 46812.0 443.0 45706.0
38 37 42 0.0 21.0 89.0 5778.0 49819.0 544.0 29237.0
38 37 43 0.0 4.0 56.0 4047.0 40716.0 539.0 8141.0
38 37 44 0.0 1.0 17.0 978.0 10376.0 189.0 239.0
38 37 45 0.0 0.0 3.0 34.0 329.0 4.0 0.0
38 38 34 0.0 0.0 0.0 0.0 6.0 0.0 0.0
38 38 35 0.0 0.0 1.0 128.0 1388.0 21.0 1.0
38 38 36 0.0 14.0 47.0 2398.0 24933.0 398.0 1871.0
38 38 37 0.0 38.0 85.0 4775.0 50770.0 571.0 29561.0
38 38 38 0.0 24.0 88.0 3848.0 36783.0 288.0 74518.0
38 38 39 0.0 27.0 76.0 3500.0 30404.0 227.0 92382.0
38 38 40 0.0 13.0 90.0 3223.0 28312.0 169.0 97832.0
38 38 41 0.0 23.0 78.0 3264.0 30430.0 251.0 91420.0
38 38 42 0.0 28.0 97.0 4047.0 38068.0 294.0 72241.0
38 38 43 0.0 7.0 94.0 5615.0 49812.0 579.0 28561.0
38 38 44 0.0 3.0 45.0 2219.0 23345.0 375.0 1631.0
38 38 45 0.0 0.0 5.0 122.0 1125.0 21.0 2.0
38 38 46 0.0 0.0 0.0 0.0 2.0 0.0 0.0
38 39 34 0.0 0.0 0.0 0.0 9.0 0.0 0.0
38 39 35 0.0 0.0 3.0 187.0 2378.0 38.0 9.0
38 39 36 0.0 44.0 112.0 3559.0 33676.0 503.0 4188.0
38 39 37 0.0 65.0 123.0 5252.0 47468.0 455.0 45414.0
38 39 38 0.0 30.0 81.0 3441.0 30079.0 222.0 92175.0
38 39 39 0.0 34.0 67.0 2873.0 23389.0 161.0 110163.0
38 39 40 0.0 25.0 69.0 2552.0 21272.0 129.0 115015.0
38 39 41 0.0 16.0 88.0 2709.0 23529.0 128.0 109343.0
38 39 42 0.0 33.0 79.0 3274.0 31239.0 249.0 90492.0
38 39 43 0.0 23.0 131.0 4751.0 48175.0 492.0 44306.0
38 39 44 0.0 20.0 74.0 3407.0 33599.0 510.0 4118.0
38 39 45 0.0 2.0 3.0 230.0 2177.0 35.0 4.0
38 39 46 0.0 0.0 0.0 0.0 1.0 0.0 0.0
38 40 34 0.0 0.0 0.0 1.0 1.0 0.0 0.0
38 40 35 0.0 1.0 4.0 188.0 2845.0 58.0 13.0
38 40 36 0.0 19.0 137.0 3947.0 37342.0 527.0 5536.0
38 40 37 0.0 44.0 135.0 5295.0 46570.0 476.0 48733.0
38 40 38 0.0 26.0 90.0 3630.0 28122.0 209.0 96555.0
38 40 39 0.0 24.0 71.0 2607.0 21444.0 154.0 114614.0
38 40 40 0.0 25.0 65.0 2353.0 19071.0 113.0 120441.0
38 40 41 0.0 19.0 100.0 2381.0 21448.0 129.0 115322.0
38 40 42 0.0 22.0 112.0 2958.0 28766.0 200.0 96584.0
38 40 43 0.0 17.0 177.0 4694.0 47399.0 423.0 49160.0
38 40 44 0.0 11.0 123.0 3716.0 36828.0 536.0 5294.0
38 40 45 0.0 0.0 9.0 316.0 2668.0 43.0 15.0
38 40 46 0.0 0.0 0.0 0.0 13.0 0.0 0.0
38 41 34 0.0 0.0 0.0 0.0 5.0 0.0 0.0
38 41 35 0.0 0.0 8.0 244.0 2167.0 36.0 7.0
38 41 36 0.0 22.0 130.0 3750.0 32913.0 488.0 4151.0
38 41 37 0.0 34.0 167.0 5544.0 47774.0 491.0 43653.0
38 41 38 0.0 43.0 90.0 3874.0 30470.0 227.0 89713.0
38 41 39 0.0 39.0 61.0 2901.0 24000.0 138.0 108876.0
38 41 40 0.0 27.0 74.0 2386.0 21272.0 130.0 115703.0
38 41 41 0.0 28.0 101.0 2787.0 23529.0 140.0 110477.0
38 41 42 0.0 18.0 124.0 3238.0 31157.0 214.0 90150.0
38 41 43 0.0 28.0 130.0 5125.0 47888.0 467.0 44339.0
38 41 44 0.0 3.0 99.0 3090.0 33873.0 508.0 3945.0
38 41 45 0.0 0.0 1.0 256.0 2211.0 43.0 6.0
38 41 46 0.0 0.0 0.0 4.0 2.0 0.0 0.0
38 42 34 0.0 0.0 0.0 0.0 5.0 0.0 0.0
38 42 35 0.0 0.0 3.0 118.0 1088.0 16.0 2.0
38 42 36 0.0 10.0 33.0 2575.0 21485.0 325.0 1368.0
38 42 37 0.0 21.0 107.0 5412.0 50002.0 567.0 27526.0
38 42 38 0.0 24.0 107.0 4092.0 38325.0 327.0 70230.0
38 42 39 0.0 29.0 105.0 3317.0 31107.0 248.0 90207.0
38 42 40 0.0 20.0 124.0 3128.0 29115.0 196.0 96188.0
38 42 41 0.0 24.0 116.0 3254.0 30946.0 215.0 91003.0
38 42 42 0.0 13.0 112.0 3794.0 37255.0 309.0 73727.0
38 42 43 0.0 14.0 157.0 5427.0 50633.0 580.0 28521.0
38 42 44 0.0 2.0 50.0 2647.0 23485.0 393.0 1679.0
38 42 45 0.0 0.0 4.0 145.0 1202.0 21.0 2.0
38 43 35 0.0 0.0 5.0 26.0 304.0 6.0 1.0
38 43 36 0.0 1.0 4.0 936.0 9189.0 157.0 199.0
38 43 37 0.0 19.0 151.0 3847.0 40027.0 587.0 7624.0
38 43 38 0.0 18.0 169.0 5456.0 50374.0 605.0 26534.0
38 43 39 0.0 40.0 121.0 5560.0 47898.0 468.0 43365.0
38 43 40 0.0 22.0 132.0 5055.0 46681.0 471.0 48568.0
38 43 41 0.0 40.0 127.0 5228.0 47931.0 482.0 44279.0
38 43 42 0.0 45.0 115.0 4879.0 50722.0 540.0 28966.0
38 43 43 0.0 28.0 124.0 4184.0 42370.0 591.0 9444.0
38 43 44 0.0 1.0 29.0 872.0 10228.0 173.0 236.0
38 43 45 0.0 0.0 0.0 39.0 405.0 8.0 0.0
38 44 35 0.0 0.0 0.0 2.0 43.0 0.0 0.0
38 44 36 0.0 0.0 0.0 132.0 1696.0 29.0 4.0
38 44 37 0.0 3.0 39.0 1090.0 8942.0 160.0 195.0
38 44 38 0.0 17.0 53.0 2445.0 21550.0 369.0 1313.0
38 44 39 0.0 20.0 129.0 3557.0 32849.0 502.0 3852.0
38 44 40 0.0 9.0 123.0 3870.0 36374.0 518.0 5266.0
38 44 41 0.0 11.0 96.0 3079.0 33043.0 506.0 3920.0
38 44 42 0.0 14.0 72.0 2361.0 23657.0 389.0 1687.0
38 44 43 0.0 5.0 43.0 1109.0 9971.0 186.0 232.0
38 44 44 0.0 1.0 5.0 185.0 2177.0 43.0 7.0
38 44 45 0.0 0.0 0.0 3.0 47.0 0.0 0.0
38 45 35 0.0 0.0 0.0 0.0 2.0 0.0 0.0
38 45 36 0.0 0.0 0.0 2.0 28.0 0.0 0.0
38 45 37 0.0 1.0 0.0 25.0 278.0 8.0 0.0
38 45 38 0.0 0.0 2.0 147.0 1142.0 22.0 2.0
38 45 39 0.0 0.0 3.0 241.0 2085.0 31.0 7.0
38 45 40 0.0 0.0 14.0 238.0 2791.0 46.0 11.0
38 45 41 0.0 0.0 6.0 197.0 2101.0 45.0 1.0
38 45 42 0.0 0.0 0.0 109.0 1126.0 15.0 2.0
38 45 43 0.0 0.0 0.0 26.0 422.0 7.0 0.0
38 45 44 0.0 0.0 0.0 8.0 70.0 3.0 0.0
38 45 45 0.0 0.0 0.0 0.0 1.0 0.0 0.0
38 46 38 0.0 0.0 0.0 0.0 1.0 0.0 0.0
38 46 39 0.0 0.0 0.0 2.0 2.0 0.0 0.0
38 46 40 0.0 0.0 0.0 0.0 4.0 0.0 0.0
38 46 41 0.0 0.0 0.0 2.0 3.0 0.0 0.0
38 46 42 0.0 0.0 0.0 0.0 1.0 0.0 0.0
38 46 43 0.0 0.0 0.0 0.0 1.0 0.0 0.0
39 34 38 0.0 0.0 0.0 0.0 3.0 0.0 0.0
39 34 39 0.0 0.0 0.0 1.0 5.0 0.0 0.0
39 34 40 0.0 0.0 0.0 3.0 15.0 0.0 0.0
39 34 41 0.0 0.0 0.0 0.0 22.0 0.0 0.0
39 34 42 0.0 0.0 0.0 0.0 2.0 0.0 0.0
39 34 43 0.0 0.0 0.0 0.0 1.0 0.0 0.0
39 35 35 0.0 0.0 0.0 0.0 3.0 0.0 0.0
39 35 36 0.0 0.0 0.0 18.0 137.0 2.0 0.0
39 35 37 0.0 0.0 1.0 97.0 744.0 18.0 0.0
39 35 38 0.0 2.0 6.0 353.0 2639.0 51.0 17.0
39 35 39 0.0 3.0 13.0 617.0 4696.0 89.0 45.0
39 35 40 0.0 4.0 6.0 831.0 5537.0 113.0 38.0
39 35 41 0.0 2.0 3.0 553.0 4448.0 77.0 33.0
39 35 42 0.0 4.0 4.0 366.0 2356.0 51.0 9.0
39 35 43 0.0 0.0 0.0 71.0 774.0 14.0 0.0
39 35 44 0.0 0.0 0.0 14.0 74.0 1.0 0.0
39 36 34 0.0 0.0 0.0 0.0 1.0 0.0 0.0
39 36 35 0.0 0.0 1.0 14.0 97.0 3.0 0.0
39 36 36 0.0 0.0 8.0 345.0 3890.0 65.0 30.0
39 36 37 0.0 19.0 39.0 2466.0 18544.0 329.0 980.0
39 36 38 0.0 32.0 97.0 4496.0 34621.0 524.0 4970.0
39 36 39 0.0 39.0 81.0 6249.0 43778.0 549.0 10698.0
39 36 40 0.0 20.0 97.0 5823.0 45937.0 588.0 12643.0
39 36 41 0.0 28.0 90.0 6301.0 42294.0 645.0 9856.0
39 36 42 0.0 23.0 81.0 4214.0 32858.0 512.0 4220.0
39 36 43 0.0 5.0 23.0 1997.0 16321.0 296.0 701.0
39 36 44 0.0 2.0 11.0 376.0 3394.0 72.0 23.0
39 36 45 0.0 1.0 0.0 12.0 120.0 0.0 0.0
39 37 35 0.0 0.0 3.0 58.0 705.0 13.0 0.0
39 37 36 0.0 10.0 13.0 1729.0 17746.0 310.0 833.0
39 37 37 0.0 42.0 104.0 4846.0 49213.0 572.0 18714.0
39 37 38 0.0 27.0 96.0 5793.0 45935.0 430.0 48082.0
39 37 39 0.0 15.0 88.0 5458.0 40504.0 376.0 63908.0
39 37 40 0.0 22.0 126.0 5267.0 38619.0 317.0 68689.0
39 37 41 0.0 24.0 96.0 5780.0 40853.0 401.0 62611.0
39 37 42 0.0 35.0 120.0 6313.0 47459.0 491.0 44041.0
39 37 43 0.0 19.0 108.0 5031.0 48873.0 598.0 18252.0
39 37 44 0.0 4.0 16.0 1830.0 16712.0 277.0 727.0
39 37 45 0.0 0.0 3.0 49.0 668.0 5.0 0.0
39 38 34 0.0 0.0 0.0 0.0 4.0 0.0 0.0
39 38 35 0.0 0.0 2.0 180.0 2563.0 36.0 13.0
39 38 36 0.0 11.0 99.0 2884.0 35966.0 537.0 4581.0
39 38 37 0.0 32.0 86.0 4692.0 48131.0 473.0 45806.0
39 38 38 0.0 27.0 76.0 3361.0 30436.0 225.0 91694.0
39 38 39 0.0 27.0 69.0 2979.0 22117.0 128.0 111755.0
39 38 40 0.0 10.0 65.0 2681.0 20459.0 118.0 116367.0
39 38 41 0.0 20.0 65.0 3013.0 23244.0 161.0 110208.0
39 38 42 0.0 20.0 85.0 3688.0 30881.0 204.0 90122.0
39 38 43 0.0 17.0 166.0 5243.0 47637.0 486.0 45363.0
39 38 44 0.0 7.0 95.0 3113.0 33910.0 546.0 3946.0
39 38 45 0.0 0.0 2.0 226.0 2453.0 48.0 11.0
39 38 46 0.0 0.0 0.0 0.0 7.0 0.0 0.0
39 39 34 0.0 0.0 0.0 1.0 7.0 0.0 0.0
39 39 35 0.0 1.0 11.0 378.0 4311.0 67.0 38.0
39 39 36 0.0 24.0 107.0 3941.0 44916.0 620.0 9535.0
39 39 37 0.0 33.0 115.0 4381.0 42178.0 361.0 63016.0
39 39 38 0.0 19.0 79.0 2598.0 23578.0 145.0 110379.0
39 39 39 0.0 15.0 46.0 1580.0 13275.0 55.0 142523.0
39 39 40 0.0 15.0 34.0 1477.0 11817.0 49.0 144461.0
39 39 41 0.0 10.0 52.0 1634.0 13159.0 63.0 141231.0
39 39 42 0.0 15.0 80.0 2595.0 23821.0 148.0 109561.0
39 39 43 0.0 16.0 128.0 4264.0 42446.0 362.0 61603.0
39 39 44 0.0 11.0 81.0 4513.0 43283.0 641.0 8808.0
39 39 45 0.0 2.0 8.0 413.0 4267.0 88.0 32.0
39 39 46 0.0 0.0 0.0 1.0 11.0 1.0 0.0
39 40 34 0.0 0.0 0.0 0.0 9.0 1.0 0.0
39 40 35 0.0 1.0 23.0 498.0 5012.0 97.0 34.0
39 40 36 0.0 9.0 122.0 4193.0 46746.0 626.0 11348.0
39 40 37 0.0 18.0 129.0 4354.0 40934.0 349.0 66387.0
39 40 38 0.0 19.0 80.0 2400.0 21518.0 106.0 115255.0
39 40 39 0.0 11.0 54.0 1387.0 12043.0 49.0 143989.0
39 40 40 0.0 8.0 37.0 1226.0 10052.0 39.0 148811.0
39 40 41 0.0 10.0 42.0 1340.0 12430.0 56.0 143556.0
39 40 42 0.0 22.0 79.0 2347.0 21821.0 125.0 114933.0
39 40 43 0.0 19.0 136.0 4283.0 40230.0 341.0 66354.0
39 40 44 0.0 11.0 113.0 4890.0 45920.0 630.0 11441.0
39 40 45 0.0 2.0 4.0 548.0 4989.0 89.0 34.0
39 40 46 0.0 0.0 0.0 4.0 4.0 0.0 0.0
39 41 34 0.0 0.0 0.0 1.0 9.0 0.0 0.0
39 41 35 0.0 1.0 11.0 385.0 4128.0 62.0 27.0
39 41 36 0.0 10.0 114.0 4191.0 43219.0 535.0 8967.0
39 41 37 0.0 30.0 128.0 4471.0 42477.0 386.0 61338.0
39 41 38 0.0 18.0 72.0 2588.0 24007.0 155.0 108519.0
39 41 39 0.0 7.0 56.0 1521.0 13650.0 63.0 139813.0
39 41 40 0.0 12.0 67.0 1274.0 12099.0 42.0 144733.0
39 41 41 0.0 11.0 63.0 1576.0 13751.0 74.0 140896.0
39 41 42 0.0 13.0 103.0 2664.0 24238.0 149.0 109229.0
39 41 43 0.0 27.0 155.0 4523.0 42475.0 382.0 61907.0
39 41 44 0.0 6.0 112.0 4850.0 42939.0 609.0 9138.0
39 41 45 0.0 1.0 15.0 390.0 4048.0 76.0 30.0
39 41 46 0.0 0.0 0.0 0.0 9.0 0.0 0.0
39 42 34 0.0 0.0 0.0 0.0 6.0 0.0 0.0
39 42 35 0.0 0.0 11.0 215.0 2162.0 57.0 3.0
39 42 36 0.0 31.0 54.0 3000.0 32641.0 502.0 3851.0
39 42 37 0.0 46.0 149.0 5104.0 48528.0 500.0 42630.0
39 42 38 0.0 27.0 93.0 3465.0 31308.0 231.0 89855.0
39 42 39 0.0 23.0 83.0 2604.0 23871.0 125.0 109371.0
39 42 40 0.0 10.0 84.0 2426.0 21909.0 128.0 114790.0
39 42 41 0.0 18.0 120.0 2533.0 23558.0 133.0 110227.0
39 42 42 0.0 19.0 135.0 3158.0 30066.0 231.0 93055.0
39 42 43 0.0 16.0 200.0 4597.0 48240.0 488.0 45092.0
39 42 44 0.0 8.0 87.0 3698.0 33902.0 475.0 4312.0
39 42 45 0.0 0.0 3.0 196.0 2291.0 38.0 6.0
39 42 46 0.0 0.0 0.0 0.0 8.0 0.0 0.0
39 43 35 0.0 1.0 0.0 60.0 648.0 13.0 0.0
39 43 36 0.0 5.0 35.0 1750.0 16100.0 264.0 685.0
39 43 37 0.0 13.0 97.0 4387.0 47946.0 614.0 16203.0
39 43 38 0.0 15.0 89.0 5123.0 48686.0 535.0 42090.0
39 43 39 0.0 33.0 143.0 4556.0 42612.0 428.0 60949.0
39 43 40 0.0 17.0 147.0 4189.0 40599.0 387.0 66333.0
39 43 41 0.0 34.0 184.0 4502.0 42250.0 367.0 61385.0
39 43 42 0.0 35.0 204.0 4926.0 47386.0 456.0 45424.0
39 43 43 0.0 31.0 154.0 4799.0 48434.0 585.0 18609.0
39 43 44 0.0 3.0 88.0 1545.0 16888.0 289.0 719.0
39 43 45 0.0 0.0 2.0 56.0 732.0 15.0 0.0
39 43 46 0.0 0.0 0.0 0.0 3.0 0.0 0.0
39 44 35 0.0 0.0 0.0 6.0 92.0 0.0 0.0
39 44 36 0.0 0.0 7.0 277.0 3363.0 68.0 18.0
39 44 37 0.0 23.0 27.0 1483.0 14856.0 252.0 558.0
39 44 38 0.0 34.0 81.0 3862.0 32040.0 524.0 3731.0
39 44 39 0.0 8.0 92.0 4579.0 42540.0 633.0 8698.0
39 44 40 0.0 15.0 134.0 4653.0 46116.0 577.0 11273.0
39 44 41 0.0 17.0 143.0 4476.0 43883.0 662.0 9507.0
39 44 42 0.0 6.0 69.0 3415.0 33960.0 540.0 4256.0
39 44 43 0.0 7.0 53.0 1616.0 17891.0 308.0 847.0
39 44 44 0.0 1.0 10.0 377.0 3754.0 78.0 27.0
39 44 45 0.0 0.0 0.0 14.0 76.0 1.0 0.0
39 45 36 0.0 0.0 1.0 6.0 93.0 3.0 0.0
39 45 37 0.0 0.0 0.0 70.0 599.0 9.0 0.0
39 45 38 0.0 0.0 6.0 199.0 1888.0 39.0 7.0
39 45 39 0.0 3.0 14.0 472.0 3843.0 54.0 26.0
39 45 40 0.0 1.0 5.0 523.0 4977.0 95.0 40.0
39 45 41 0.0 0.0 14.0 416.0 4108.0 84.0 28.0
39 45 42 0.0 0.0 5.0 254.0 2196.0 40.0 10.0
39 45 43 0.0 1.0 0.0 66.0 695.0 13.0 0.0
39 45 44 0.0 0.0 0.0 11.0 100.0 3.0 0.0
39 45 45 0.0 0.0 0.0 0.0 1.0 0.0 0.0
39 46 38 0.0 0.0 0.0 2.0 0.0 0.0 0.0
39 46 39 0.0 0.0 0.0 0.0 5.0 1.0 0.0
39 46 40 0.0 0.0 0.0 0.0 10.0 0.0 0.0
39 46 41 0.0 0.0 0.0 4.0 11.0 0.0 0.0
39 46 42 0.0 0.0 0.0 0.0 6.0 0.0 0.0
40 34 37 0.0 0.0 0.0 0.0 1.0 0.0 0.0
40 34 38 0.0 0.0 0.0 1.0 2.0 0.0 0.0
40 34 39 0.0 0.0 0.0 0.0 11.0 0.0 0.0
40 34 40 0.0 0.0 1.0 2.0 16.0 0.0 0.0
40 34 41 0.0 0.0 0.0 0.0 10.0 0.0 0.0
40 34 42 0.0 0.0 0.0 1.0 4.0 0.0 0.0
40 34 43 0.0 0.0 0.0 0.0 8.0 0.0 0.0
40 35 35 0.0 0.0 0.0 0.0 6.0 0.0 0.0
40 35 36 0.0 0.0 0.0 12.0 125.0 3.0 0.0
40 35 37 0.0 0.0 0.0 153.0 917.0 23.0 1.0
40 35 38 0.0 1.0 4.0 489.0 3123.0 55.0 11.0
40 35 39 0.0 3.0 10.0 705.0 5219.0 118.0 50.0
40 35 40 0.0 9.0 6.0 985.0 6380.0 124.0 80.0
40 35 41 0.0 2.0 9.0 737.0 5395.0 100.0 33.0
40 35 42 0.0 2.0 3.0 399.0 2940.0 72.0 15.0
40 35 43 0.0 0.0 1.0 124.0 905.0 16.0 4.0
40 35 44 0.0 0.0 0.0 18.0 120.0 1.0 0.0
40 35 45 0.0 0.0 0.0 0.0 2.0 0.0 0.0
40 36 34 0.0 0.0 1.0 0.0 0.0 0.0 0.0
40 36 35 0.0 0.0 0.0 10.0 142.0 1.0 0.0
40 36 36 0.0 4.0 7.0 405.0 4254.0 63.0 29.0
40 36 37 0.0 26.0 32.0 3009.0 19475.0 336.0 1189.0
40 36 38 0.0 13.0 69.0 5336.0 37085.0 539.0 6408.0
40 36 39 0.0 27.0 105.0 7050.0 44800.0 603.0 12711.0
40 36 40 0.0 16.0 100.0 7157.0 46402.0 622.0 14825.0
40 36 41 0.0 55.0 87.0 6912.0 44293.0 588.0 11853.0
40 36 42 0.0 27.0 89.0 5340.0 35963.0 573.0 5750.0
40 36 43 0.0 13.0 54.0 2625.0 19084.0 333.0 1115.0
40 36 44 0.0 3.0 3.0 421.0 4467.0 69.0 44.0
40 36 45 0.0 0.0 0.0 11.0 117.0 0.0 0.0
40 36 46 0.0 0.0 0.0 0.0 1.0 0.0 0.0
40 37 35 0.0 0.0 6.0 78.0 991.0 16.0 2.0
40 37 36 0.0 7.0 58.0 1875.0 20458.0 329.0 1131.0
40 37 37 0.0 34.0 99.0 5233.0 49378.0 603.0 22171.0
40 37 38 0.0 42.0 119.0 6803.0 43512.0 445.0 52542.0
40 37 39 0.0 29.0 89.0 5652.0 37966.0 345.0 68638.0
40 37 40 0.0 30.0 64.0 5679.0 35470.0 310.0 73609.0
40 37 41 0.0 34.0 122.0 5757.0 38542.0 332.0 67499.0
40 37 42 0.0 46.0 107.0 6014.0 45367.0 469.0 49851.0
40 37 43 0.0 35.0 174.0 5171.0 49203.0 608.0 21123.0
40 37 44 0.0 12.0 68.0 1779.0 19884.0 325.0 1081.0
40 37 45 0.0 0.0 1.0 84.0 901.0 23.0 0.0
40 37 46 0.0 0.0 0.0 0.0 1.0 0.0 0.0
40 38 34 0.0 0.0 0.0 3.0 8.0 0.0 0.0
40 38 35 0.0 0.0 11.0 280.0 3063.0 61.0 10.0
40 38 36 0.0 9.0 80.0 3560.0 38632.0 549.0 5923.0
40 38 37 0.0 29.0 119.0 4768.0 46546.0 410.0 50684.0
40 38 38 0.0 22.0 71.0 3177.0 27931.0 185.0 98274.0
40 38 39 0.0 27.0 74.0 2799.0 20706.0 122.0 115863.0
40 38 40 0.0 17.0 78.0 2672.0 18266.0 111.0 121649.0
40 38 41 0.0 19.0 75.0 3077.0 20644.0 107.0 115072.0
40 38 42 0.0 24.0 109.0 3400.0 28235.0 202.0 97282.0
40 38 43 0.0 23.0 120.0 5009.0 46490.0 410.0 49737.0
40 38 44 0.0 6.0 92.0 3605.0 37421.0 547.0 5543.0
40 38 45 0.0 6.0 6.0 353.0 2664.0 52.0 10.0
40 38 46 0.0 0.0 0.0 0.0 5.0 0.0 0.0
40 39 34 0.0 0.0 0.0 1.0 11.0 0.0 0.0
40 39 35 0.0 0.0 11.0 508.0 5573.0 100.0 39.0
40 39 36 0.0 20.0 83.0 4219.0 47202.0 639.0 11649.0
40 39 37 0.0 13.0 118.0 3691.0 40597.0 341.0 68315.0
40 39 38 0.0 21.0 59.0 2260.0 21762.0 157.0 114621.0
40 39 39 0.0 18.0 44.0 1446.0 11561.0 37.0 145193.0
40 39 40 0.0 8.0 41.0 1269.0 9761.0 39.0 151510.0
40 39 41 0.0 10.0 57.0 1425.0 12114.0 52.0 143701.0
40 39 42 0.0 17.0 90.0 2549.0 21132.0 115.0 114811.0
40 39 43 0.0 10.0 134.0 4230.0 40166.0 364.0 67055.0
40 39 44 0.0 9.0 120.0 4616.0 46590.0 652.0 12184.0
40 39 45 0.0 0.0 16.0 569.0 5006.0 92.0 41.0
40 39 46 0.0 0.0 0.0 0.0 16.0 0.0 0.0
40 40 34 0.0 0.0 0.0 1.0 18.0 1.0 0.0
40 40 35 0.0 1.0 14.0 640.0 6223.0 111.0 61.0
40 40 36 0.0 38.0 119.0 4691.0 48909.0 565.0 14385.0
40 40 37 0.0 28.0 110.0 3735.0 38485.0 314.0 71903.0
40 40 38 0.0 16.0 68.0 2010.0 19126.0 114.0 119968.0
40 40 39 0.0 7.0 44.0 1142.0 10329.0 31.0 148621.0
40 40 40 0.0 4.0 30.0 800.0 6635.0 11.0 171702.0
40 40 41 0.0 5.0 41.0 1199.0 10229.0 38.0 149578.0
40 40 42 0.0 15.0 86.0 2098.0 19338.0 109.0 120354.0
40 40 43 0.0 23.0 147.0 4163.0 38168.0 306.0 71673.0
40 40 44 0.0 58.0 172.0 5733.0 47386.0 589.0 13766.0
40 40 45 0.0 3.0 17.0 594.0 6066.0 128.0 74.0
40 40 46 0.0 0.0 0.0 3.0 10.0 0.0 0.0
40 41 34 0.0 0.0 0.0 0.0 28.0 1.0 0.0
40 41 35 0.0 3.0 25.0 471.0 5290.0 97.0 36.0
40 41 36 0.0 18.0 88.0 4443.0 46607.0 624.0 11694.0
40 41 37 0.0 23.0 128.0 3824.0 40368.0 334.0 67217.0
40 41 38 0.0 13.0 83.0 2305.0 21806.0 143.0 114427.0
40 41 39 0.0 8.0 50.0 1339.0 11904.0 40.0 144693.0
40 41 40 0.0 12.0 46.0 1142.0 10052.0 35.0 148983.0
40 41 41 0.0 2.0 53.0 1329.0 12204.0 41.0 145595.0
40 41 42 0.0 18.0 87.0 2380.0 21387.0 133.0 115095.0
40 41 43 0.0 32.0 144.0 4559.0 39617.0 354.0 68050.0
40 41 44 0.0 35.0 144.0 4844.0 46074.0 573.0 11211.0
40 41 45 0.0 3.0 17.0 597.0 5193.0 89.0 43.0
40 41 46 0.0 0.0 0.0 4.0 10.0 0.0 0.0
40 42 34 0.0 0.0 0.0 2.0 5.0 0.0 0.0
40 42 35 0.0 1.0 7.0 266.0 2719.0 49.0 11.0
40 42 36 0.0 26.0 62.0 3373.0 37129.0 547.0 5289.0
40 42 37 0.0 24.0 151.0 4535.0 47238.0 494.0 48844.0
40 42 38 0.0 16.0 91.0 2803.0 29132.0 226.0 95797.0
40 42 39 0.0 17.0 69.0 2272.0 22202.0 126.0 113918.0
40 42 40 0.0 10.0 100.0 2111.0 19717.0 110.0 119766.0
40 42 41 0.0 18.0 95.0 2278.0 21744.0 150.0 115148.0
40 42 42 0.0 21.0 126.0 2854.0 28166.0 206.0 97739.0
40 42 43 0.0 40.0 179.0 4702.0 46967.0 460.0 50369.0
40 42 44 0.0 32.0 123.0 4128.0 36977.0 563.0 5728.0
40 42 45 0.0 4.0 13.0 320.0 2892.0 47.0 16.0
40 42 46 0.0 0.0 0.0 0.0 5.0 0.0 0.0
40 43 34 0.0 0.0 0.0 0.0 3.0 0.0 0.0
40 43 35 0.0 1.0 1.0 74.0 889.0 24.0 0.0
40 43 36 0.0 0.0 82.0 1761.0 18676.0 295.0 952.0
40 43 37 0.0 22.0 125.0 4541.0 50013.0 567.0 20803.0
40 43 38 0.0 25.0 167.0 4665.0 47412.0 436.0 48172.0
40 43 39 0.0 41.0 135.0 4310.0 40507.0 344.0 66647.0
40 43 40 0.0 28.0 149.0 4251.0 38252.0 308.0 71267.0
40 43 41 0.0 33.0 148.0 4282.0 40321.0 381.0 67005.0
40 43 42 0.0 31.0 217.0 4797.0 46263.0 429.0 50197.0
40 43 43 0.0 19.0 254.0 4745.0 50288.0 604.0 22252.0
40 43 44 0.0 9.0 141.0 1867.0 19707.0 374.0 1018.0
40 43 45 0.0 0.0 4.0 95.0 973.0 20.0 1.0
40 43 46 0.0 0.0 0.0 0.0 1.0 0.0 0.0
40 44 35 0.0 0.0 0.0 9.0 104.0 3.0 0.0
40 44 36 0.0 3.0 4.0 357.0 4048.0 76.0 28.0
40 44 37 0.0 8.0 33.0 1758.0 17935.0 316.0 880.0
40 44 38 0.0 16.0 82.0 3756.0 36196.0 524.0 5266.0
40 44 39 0.0 48.0 147.0 4975.0 45639.0 640.0 11242.0
40 44 40 0.0 21.0 165.0 5123.0 47914.0 659.0 14044.0
40 44 41 0.0 17.0 151.0 4599.0 46440.0 637.0 11776.0
40 44 42 0.0 9.0 80.0 4008.0 37772.0 548.0 5585.0
40 44 43 0.0 13.0 49.0 1906.0 20117.0 337.0 1074.0
40 44 44 0.0 0.0 22.0 416.0 4614.0 87.0 44.0
40 44 45 0.0 0.0 0.0 5.0 133.0 4.0 0.0
40 45 36 0.0 0.0 0.0 17.0 105.0 1.0 0.0
40 45 37 0.0 0.0 2.0 90.0 934.0 17.0 3.0
40 45 38 0.0 4.0 4.0 310.0 2520.0 35.0 10.0
40 45 39 0.0 2.0 6.0 588.0 4961.0 89.0 42.0
40 45 40 0.0 3.0 22.0 592.0 6091.0 104.0 66.0
40 45 41 0.0 1.0 17.0 551.0 5104.0 74.0 42.0
40 45 42 0.0 1.0 11.0 292.0 2826.0 59.0 6.0
40 45 43 0.0 2.0 0.0 81.0 949.0 9.0 1.0
40 45 44 0.0 0.0 0.0 12.0 126.0 1.0 0.0
40 45 45 0.0 0.0 0.0 0.0 2.0 0.0 0.0
40 46 37 0.0 0.0 0.0 1.0 1.0 0.0 0.0
40 46 38 0.0 0.0 0.0 0.0 3.0 0.0 0.0
40 46 39 0.0 0.0 0.0 2.0 12.0 0.0 0.0
40 46 40 0.0 0.0 0.0 2.0 15.0 0.0 0.0
40 46 41 0.0 0.0 0.0 2.0 14.0 0.0 0.0
40 46 42 0.0 0.0 0.0 0.0 4.0 0.0 0.0
40 46 44 0.0 0.0 0.0 0.0 1.0 0.0 0.0
41 34 37 0.0 0.0 0.0 1.0 1.0 0.0 0.0
41 34 38 0.0 0.0 0.0 0.0 4.0 0.0 0.0
41 34 39 0.0 0.0 0.0 0.0 8.0 0.0 0.0
41 34 40 0.0 0.0 0.0 0.0 12.0 1.0 0.0
41 34 41 0.0 0.0 0.0 0.0 9.0 0.0 0.0
41 34 42 0.0 0.0 0.0 1.0 2.0 0.0 0.0
41 35 35 0.0 0.0 0.0 0.0 2.0 0.0 0.0
41 35 36 0.0 0.0 1.0 6.0 127.0 1.0 0.0
41 35 37 0.0 0.0 7.0 95.0 737.0 16.0 0.0
41 35 38 0.0 3.0 4.0 306.0 2578.0 50.0 12.0
41 35 39 0.0 4.0 10.0 666.0 4177.0 88.0 28.0
41 35 40 0.0 10.0 3.0 870.0 5202.0 100.0 41.0
41 35 41 0.0 3.0 18.0 794.0 4099.0 84.0 24.0
41 35 42 0.0 2.0 5.0 336.0 2153.0 43.0 9.0
41 35 43 0.0 1.0 2.0 125.0 743.0 11.0 1.0
41 35 44 0.0 1.0 0.0 5.0 80.0 2.0 0.0
41 35 45 0.0 0.0 0.0 0.0 7.0 0.0 0.0
41 36 35 0.0 0.0 0.0 18.0 91.0 1.0 0.0
41 36 36 0.0 5.0 15.0 524.0 3853.0 64.0 32.0
41 36 37 0.0 6.0 80.0 2082.0 17220.0 303.0 803.0
41 36 38 0.0 28.0 33.0 4966.0 34039.0 520.0 4808.0
41 36 39 0.0 67.0 81.0 6966.0 42289.0 615.0 10101.0
41 36 40 0.0 32.0 119.0 6825.0 44652.0 602.0 12281.0
41 36 41 0.0 22.0 132.0 7050.0 41346.0 579.0 9489.0
41 36 42 0.0 28.0 126.0 4752.0 33009.0 503.0 4548.0
41 36 43 0.0 6.0 25.0 2354.0 16138.0 255.0 730.0
41 36 44 0.0 5.0 8.0 307.0 3720.0 64.0 29.0
41 36 45 0.0 0.0 0.0 6.0 112.0 2.0 0.0
41 37 35 0.0 0.0 2.0 68.0 754.0 13.0 0.0
41 37 36 0.0 2.0 33.0 1766.0 17913.0 321.0 827.0
41 37 37 0.0 39.0 104.0 5773.0 47788.0 591.0 18659.0
41 37 38 0.0 26.0 154.0 5700.0 47006.0 494.0 45776.0
41 37 39 0.0 23.0 95.0 5691.0 40217.0 343.0 63384.0
41 37 40 0.0 48.0 115.0 6201.0 37907.0 341.0 68261.0
41 37 41 0.0 54.0 130.0 6416.0 40151.0 346.0 62267.0
41 37 42 0.0 79.0 136.0 7219.0 45837.0 463.0 44110.0
41 37 43 0.0 20.0 160.0 5233.0 47744.0 643.0 17512.0
41 37 44 0.0 3.0 51.0 1716.0 16511.0 285.0 716.0
41 37 45 0.0 0.0 0.0 55.0 754.0 11.0 1.0
41 37 46 0.0 0.0 0.0 0.0 2.0 0.0 0.0
41 38 34 0.0 0.0 0.0 0.0 1.0 0.0 0.0
41 38 35 0.0 1.0 11.0 244.0 2268.0 51.0 6.0
41 38 36 0.0 31.0 51.0 3093.0 34866.0 519.0 4372.0
41 38 37 0.0 30.0 145.0 4937.0 48365.0 421.0 44824.0
41 38 38 0.0 23.0 100.0 3341.0 31022.0 222.0 90959.0
41 38 39 0.0 33.0 68.0 3191.0 22927.0 130.0 110383.0
41 38 40 0.0 21.0 75.0 3156.0 20505.0 116.0 115341.0
41 38 41 0.0 26.0 66.0 3450.0 22443.0 150.0 110710.0
41 38 42 0.0 20.0 84.0 3628.0 30495.0 209.0 91595.0
41 38 43 0.0 30.0 158.0 5187.0 48097.0 449.0 44367.0
41 38 44 0.0 47.0 65.0 4098.0 33719.0 529.0 4181.0
41 38 45 0.0 1.0 6.0 239.0 2264.0 41.0 6.0
41 38 46 0.0 0.0 0.0 0.0 1.0 0.0 0.0
41 39 34 0.0 0.0 0.0 0.0 12.0 0.0 0.0
41 39 35 0.0 7.0 6.0 401.0 4318.0 89.0 37.0
41 39 36 0.0 6.0 99.0 3723.0 44726.0 626.0 9463.0
41 39 37 0.0 23.0 124.0 3809.0 42248.0 378.0 63074.0
41 39 38 0.0 18.0 80.0 2422.0 23476.0 168.0 109954.0
41 39 39 0.0 17.0 60.0 1634.0 13604.0 53.0 140496.0
41 39 40 0.0 8.0 50.0 1575.0 12034.0 62.0 143160.0
41 39 41 0.0 13.0 49.0 1644.0 13493.0 61.0 140833.0
41 39 42 0.0 20.0 74.0 2649.0 23453.0 144.0 110564.0
41 39 43 0.0 17.0 117.0 4614.0 41956.0 401.0 62056.0
41 39 44 0.0 15.0 125.0 4636.0 43813.0 579.0 9432.0
41 39 45 0.0 2.0 19.0 455.0 4349.0 76.0 27.0
41 39 46 0.0 0.0 0.0 1.0 11.0 0.0 0.0
41 40 34 0.0 0.0 0.0 1.0 11.0 0.0 0.0
41 40 35 0.0 0.0 6.0 461.0 5395.0 84.0 39.0
41 40 36 0.0 22.0 90.0 4745.0 46622.0 612.0 12175.0
41 40 37 0.0 20.0 119.0 3749.0 40710.0 343.0 67113.0
41 40 38 0.0 13.0 74.0 2057.0 21789.0 116.0 115381.0
41 40 39 0.0 8.0 47.0 1223.0 11873.0 48.0 146219.0
41 40 40 0.0 2.0 56.0 1147.0 10186.0 46.0 149136.0
41 40 41 0.0 10.0 58.0 1345.0 12140.0 61.0 144604.0
41 40 42 0.0 24.0 114.0 2340.0 21667.0 115.0 114718.0
41 40 43 0.0 25.0 123.0 4209.0 39950.0 348.0 67300.0
41 40 44 0.0 23.0 154.0 5208.0 46381.0 636.0 11921.0
41 40 45 0.0 3.0 14.0 618.0 5205.0 79.0 50.0
41 40 46 0.0 0.0 0.0 0.0 19.0 0.0 0.0
41 41 34 0.0 0.0 0.0 2.0 13.0 0.0 0.0
41 41 35 0.0 2.0 7.0 416.0 4204.0 86.0 31.0
41 41 36 0.0 7.0 135.0 4165.0 44050.0 598.0 9009.0
41 41 37 0.0 30.0 150.0 3863.0 42772.0 367.0 62233.0
41 41 38 0.0 23.0 75.0 2265.0 23991.0 150.0 109043.0
41 41 39 0.0 9.0 67.0 1404.0 13888.0 68.0 140326.0
41 41 40 0.0 15.0 65.0 1242.0 12072.0 56.0 144152.0
41 41 41 0.0 12.0 66.0 1414.0 13454.0 77.0 142078.0
41 41 42 0.0 16.0 117.0 2483.0 23784.0 145.0 109812.0
41 41 43 0.0 34.0 120.0 4498.0 42245.0 382.0 62197.0
41 41 44 0.0 18.0 119.0 4510.0 43559.0 578.0 9520.0
41 41 45 0.0 0.0 15.0 436.0 4270.0 84.0 31.0
41 41 46 0.0 0.0 0.0 1.0 6.0 0.0 0.0
41 42 34 0.0 0.0 0.0 0.0 1.0 0.0 0.0
41 42 35 0.0 0.0 2.0 184.0 2301.0 36.0 7.0
41 42 36 0.0 7.0 104.0 2857.0 34552.0 524.0 4196.0
41 42 37 0.0 25.0 171.0 4205.0 48819.0 476.0 44361.0
41 42 38 0.0 30.0 95.0 3060.0 30924.0 239.0 91513.0
41 42 39 0.0 19.0 108.0 2412.0 24207.0 162.0 109372.0
41 42 40 0.0 17.0 94.0 2087.0 21755.0 139.0 115215.0
41 42 41 0.0 11.0 119.0 2484.0 23937.0 145.0 109738.0
41 42 42 0.0 12.0 157.0 3057.0 30841.0 240.0 92010.0
41 42 43 0.0 23.0 138.0 5051.0 47628.0 432.0 45698.0
41 42 44 0.0 4.0 86.0 3278.0 34429.0 511.0 4321.0
41 42 45 0.0 0.0 4.0 214.0 2302.0 41.0 8.0
41 42 46 0.0 0.0 0.0 0.0 4.0 0.0 0.0
41 43 35 0.0 0.0 1.0 48.0 711.0 20.0 2.0
41 43 36 0.0 1.0 38.0 1505.0 16306.0 275.0 678.0
41 43 37 0.0 42.0 89.0 4663.0 48577.0 570.0 17238.0
41 43 38 0.0 34.0 154.0 4872.0 47882.0 442.0 44561.0
41 43 39 0.0 24.0 147.0 4204.0 42700.0 376.0 61764.0
41 43 40 0.0 29.0 168.0 4258.0 40494.0 348.0 66586.0
41 43 41 0.0 17.0 200.0 3995.0 42223.0 391.0 62453.0
41 43 42 0.0 8.0 144.0 4504.0 48965.0 476.0 44224.0
41 43 43 0.0 1.0 154.0 4318.0 48973.0 614.0 18472.0
41 43 44 0.0 12.0 73.0 1881.0 16973.0 292.0 769.0
41 43 45 0.0 1.0 2.0 78.0 708.0 15.0 0.0
41 44 35 0.0 0.0 0.0 4.0 89.0 1.0 0.0
41 44 36 0.0 0.0 2.0 358.0 3485.0 69.0 24.0
41 44 37 0.0 3.0 37.0 1421.0 16479.0 277.0 693.0
41 44 38 0.0 12.0 78.0 3302.0 33065.0 489.0 3891.0
41 44 39 0.0 18.0 116.0 4223.0 42445.0 608.0 8516.0
41 44 40 0.0 20.0 141.0 4564.0 46039.0 614.0 11595.0
41 44 41 0.0 8.0 171.0 4586.0 43877.0 601.0 9505.0
41 44 42 0.0 6.0 115.0 3997.0 34205.0 514.0 4403.0
41 44 43 0.0 4.0 48.0 1554.0 17699.0 309.0 848.0
41 44 44 0.0 1.0 8.0 300.0 3715.0 81.0 27.0
41 44 45 0.0 0.0 2.0 10.0 89.0 3.0 0.0
41 45 35 0.0 0.0 0.0 0.0 2.0 0.0 0.0
41 45 36 0.0 0.0 0.0 16.0 85.0 2.0 0.0
41 45 37 0.0 0.0 1.0 104.0 639.0 12.0 2.0
41 45 38 0.0 0.0 5.0 223.0 2187.0 48.0 14.0
41 45 39 0.0 1.0 3.0 365.0 4131.0 75.0 23.0
41 45 40 0.0 1.0 19.0 511.0 4873.0 86.0 40.0
41 45 41 0.0 1.0 13.0 377.0 4107.0 66.0 40.0
41 45 42 0.0 1.0 15.0 209.0 2423.0 44.0 13.0
41 45 43 0.0 0.0 3.0 100.0 747.0 13.0 0.0
41 45 44 0.0 0.0 0.0 7.0 104.0 4.0 0.0
41 45 45 0.0 0.0 0.0 0.0 2.0 0.0 0.0
41 46 38 0.0 0.0 0.0 1.0 4.0 0.0 0.0
41 46 39 0.0 0.0 0.0 0.0 10.0 0.0 0.0
41 46 40 0.0 0.0 0.0 4.0 10.0 0.0 0.0
41 46 41 0.0 0.0 0.0 1.0 6.0 0.0 0.0
41 46 42 0.0 0.0 0.0 0.0 5.0 0.0 0.0
41 46 43 0.0 0.0 0.0 0.0 3.0 1.0 0.0
42 34 37 0.0 0.0 0.0 0.0 1.0 0.0 0.0
42 34 38 0.0 0.0 0.0 0.0 1.0 0.0 0.0
42 34 39 0.0 0.0 0.0 1.0 2.0 0.0 0.0
42 34 40 0.0 0.0 0.0 0.0 5.0 0.0 0.0
42 34 41 0.0 0.0 0.0 0.0 7.0 0.0 0.0
42 34 42 0.0 0.0 0.0 0.0 6.0 0.0 0.0
42 35 36 0.0 0.0 0.0 9.0 62.0 2.0 0.0
42 35 37 0.0 0.0 0.0 53.0 345.0 8.0 0.0
42 35 38 0.0 1.0 1.0 166.0 1287.0 20.0 6.0
42 35 39 0.0 0.0 0.0 347.0 2427.0 41.0 6.0
42 35 40 0.0 6.0 8.0 505.0 2692.0 61.0 9.0
42 35 41 0.0 0.0 7.0 327.0 2276.0 47.0 5.0
42 35 42 0.0 0.0 3.0 174.0 1068.0 25.0 0.0
42 35 43 0.0 0.0 0.0 48.0 349.0 10.0 0.0
42 35 44 0.0 0.0 0.0 15.0 57.0 2.0 0.0
42 36 35 0.0 0.0 1.0 3.0 43.0 1.0 0.0
42 36 36 0.0 0.0 1.0 265.0 2109.0 43.0 7.0
42 36 37 0.0 9.0 27.0 1204.0 10507.0 197.0 225.0
42 36 38 0.0 22.0 30.0 3190.0 23552.0 387.0 1760.0
42 36 39 0.0 35.0 85.0 4912.0 33023.0 496.0 4453.0
42 36 40 0.0 34.0 90.0 5459.0 36190.0 579.0 5588.0
42 36 41 0.0 36.0 60.0 5615.0 31396.0 491.0 4112.0
42 36 42 0.0 9.0 52.0 3784.0 22869.0 408.0 1738.0
42 36 43 0.0 14.0 33.0 1411.0 9693.0 172.0 204.0
42 36 44 0.0 11.0 5.0 225.0 2058.0 26.0 4.0
42 36 45 0.0 0.0 0.0 1.0 47.0 0.0 0.0
42 37 35 0.0 0.0 3.0 44.0 416.0 10.0 0.0
42 37 36 0.0 6.0 14.0 1086.0 10317.0 208.0 240.0
42 37 37 0.0 36.0 68.0 4233.0 41799.0 554.0 9122.0
42 37 38 0.0 52.0 68.0 6484.0 49181.0 541.0 28271.0
42 37 39 0.0 97.0 144.0 6678.0 45988.0 419.0 44193.0
42 37 40 0.0 61.0 113.0 7504.0 43707.0 463.0 49882.0
42 37 41 0.0 63.0 123.0 7299.0 45592.0 456.0 45131.0
42 37 42 0.0 41.0 160.0 6772.0 48384.0 586.0 29607.0
42 37 43 0.0 16.0 147.0 4830.0 41342.0 606.0 8980.0
42 37 44 0.0 1.0 19.0 1136.0 10205.0 175.0 243.0
42 37 45 0.0 0.0 2.0 52.0 345.0 2.0 0.0
42 37 46 0.0 0.0 0.0 0.0 1.0 0.0 0.0
42 38 34 0.0 0.0 0.0 0.0 3.0 0.0 0.0
42 38 35 0.0 0.0 0.0 93.0 1224.0 24.0 2.0
42 38 36 0.0 9.0 25.0 2136.0 24053.0 408.0 1663.0
42 38 37 0.0 31.0 89.0 4736.0 50712.0 576.0 30122.0
42 38 38 0.0 39.0 88.0 4251.0 36889.0 298.0 73140.0
42 38 39 0.0 37.0 98.0 3876.0 30994.0 214.0 89349.0
42 38 40 0.0 38.0 88.0 3777.0 28093.0 207.0 95404.0
42 38 41 0.0 18.0 103.0 3955.0 30298.0 226.0 90386.0
42 38 42 0.0 23.0 153.0 4406.0 37849.0 304.0 72151.0
42 38 43 0.0 35.0 153.0 5254.0 50186.0 592.0 29190.0
42 38 44 0.0 9.0 65.0 2322.0 23151.0 368.0 1593.0
42 38 45 0.0 0.0 4.0 129.0 1106.0 24.0 2.0
42 38 46 0.0 0.0 0.0 0.0 3.0 0.0 0.0
42 39 34 0.0 0.0 0.0 0.0 1.0 0.0 0.0
42 39 35 0.0 1.0 7.0 226.0 2401.0 52.0 6.0
42 39 36 0.0 25.0 94.0 2835.0 34619.0 537.0 4271.0
42 39 37 0.0 15.0 152.0 4342.0 48719.0 467.0 44718.0
42 39 38 0.0 25.0 92.0 3025.0 30908.0 212.0 91878.0
42 39 39 0.0 26.0 96.0 2554.0 23835.0 158.0 109334.0
42 39 40 0.0 19.0 85.0 2435.0 21507.0 134.0 115114.0
42 39 41 0.0 24.0 86.0 2748.0 23824.0 163.0 109093.0
42 39 42 0.0 30.0 93.0 3653.0 30351.0 242.0 91042.0
42 39 43 0.0 30.0 141.0 4858.0 48672.0 470.0 44401.0
42 39 44 0.0 11.0 54.0 3109.0 34007.0 476.0 4110.0
42 39 45 0.0 2.0 8.0 194.0 2259.0 53.0 8.0
42 39 46 0.0 0.0 0.0 0.0 3.0 0.0 0.0
42 40 34 0.0 0.0 0.0 0.0 7.0 0.0 0.0
42 40 35 0.0 0.0 4.0 250.0 2744.0 49.0 11.0
42 40 36 0.0 13.0 144.0 3126.0 38260.0 509.0 5674.0
42 40 37 0.0 7.0 122.0 4087.0 47060.0 462.0 49929.0
42 40 38 0.0 7.0 106.0 2522.0 28670.0 199.0 97374.0
42 40 39 0.0 11.0 83.0 2039.0 21857.0 133.0 114644.0
42 40 40 0.0 7.0 91.0 1923.0 19562.0 119.0 120280.0
42 40 41 0.0 11.0 87.0 2240.0 21751.0 115.0 114831.0
42 40 42 0.0 20.0 104.0 2845.0 28556.0 194.0 97335.0
42 40 43 0.0 30.0 140.0 4870.0 46847.0 476.0 48871.0
42 40 44 0.0 5.0 92.0 3964.0 37574.0 589.0 5457.0
42 40 45 0.0 0.0 1.0 245.0 2715.0 50.0 10.0
42 40 46 0.0 0.0 0.0 1.0 8.0 1.0 0.0
42 41 34 0.0 0.0 0.0 0.0 6.0 1.0 0.0
42 41 35 0.0 0.0 12.0 214.0 2140.0 32.0 9.0
42 41 36 0.0 26.0 97.0 3079.0 33819.0 529.0 4042.0
42 41 37 0.0 22.0 167.0 3928.0 49479.0 482.0 44146.0
42 41 38 0.0 7.0 125.0 2558.0 31357.0 215.0 91560.0
42 41 39 0.0 15.0 107.0 2078.0 24017.0 161.0 110479.0
42 41 40 0.0 18.0 96.0 2050.0 21755.0 132.0 115154.0
42 41 41 0.0 11.0 93.0 2279.0 23749.0 160.0 110998.0
42 41 42 0.0 15.0 134.0 2976.0 31170.0 223.0 90920.0
42 41 43 0.0 29.0 145.0 4456.0 49041.0 496.0 44374.0
42 41 44 0.0 9.0 93.0 3627.0 33894.0 523.0 4141.0
42 41 45 0.0 3.0 4.0 227.0 2224.0 47.0 11.0
42 41 46 0.0 0.0 0.0 0.0 2.0 0.0 0.0
42 42 34 0.0 0.0 0.0 0.0 1.0 0.0 0.0
42 42 35 0.0 0.0 0.0 87.0 1097.0 19.0 1.0
42 42 36 0.0 4.0 63.0 1992.0 24030.0 393.0 1624.0
42 42 37 0.0 16.0 115.0 4766.0 50804.0 543.0 28304.0
42 42 38 0.0 26.0 124.0 3552.0 38270.0 285.0 71538.0
42 42 39 0.0 11.0 115.0 2940.0 31794.0 217.0 89223.0
42 42 40 0.0 12.0 115.0 2698.0 28475.0 195.0 98150.0
42 42 41 0.0 23.0 134.0 2816.0 31041.0 234.0 91387.0
42 42 42 0.0 14.0 126.0 3110.0 37565.0 298.0 74439.0
42 42 43 0.0 18.0 123.0 4418.0 51129.0 529.0 29966.0
42 42 44 0.0 12.0 83.0 2163.0 24395.0 420.0 1733.0
42 42 45 0.0 3.0 4.0 120.0 1225.0 13.0 2.0
42 43 34 0.0 0.0 0.0 0.0 1.0 0.0 0.0
42 43 35 0.0 0.0 1.0 17.0 346.0 8.0 0.0
42 43 36 0.0 8.0 26.0 870.0 10317.0 166.0 247.0
42 43 37 0.0 24.0 95.0 4189.0 40614.0 567.0 8373.0
42 43 38 0.0 19.0 133.0 4358.0 51549.0 577.0 27400.0
42 43 39 0.0 16.0 110.0 4347.0 48957.0 452.0 43895.0
42 43 40 0.0 14.0 145.0 4321.0 47492.0 448.0 49169.0
42 43 41 0.0 36.0 152.0 4587.0 48015.0 496.0 45696.0
42 43 42 0.0 18.0 141.0 4666.0 51356.0 545.0 29063.0
42 43 43 0.0 8.0 93.0 3882.0 42373.0 563.0 9158.0
42 43 44 0.0 9.0 45.0 1062.0 10854.0 190.0 267.0
42 43 45 0.0 0.0 0.0 23.0 417.0 5.0 1.0
42 44 35 0.0 0.0 0.0 4.0 42.0 2.0 0.0
42 44 36 0.0 0.0 6.0 150.0 1870.0 29.0 5.0
42 44 37 0.0 5.0 22.0 880.0 9679.0 179.0 190.0
42 44 38 0.0 2.0 59.0 2095.0 22964.0 364.0 1474.0
42 44 39 0.0 25.0 71.0 2973.0 34207.0 504.0 4105.0
42 44 40 0.0 9.0 116.0 3219.0 37659.0 529.0 5403.0
42 44 41 0.0 6.0 78.0 3057.0 34513.0 532.0 4071.0
42 44 42 0.0 2.0 62.0 2134.0 24640.0 380.0 1776.0
42 44 43 0.0 1.0 43.0 858.0 10125.0 190.0 207.0
42 44 44 0.0 2.0 3.0 174.0 2005.0 32.0 6.0
42 44 45 0.0 0.0 0.0 5.0 58.0 1.0 0.0
42 45 36 0.0 0.0 0.0 2.0 31.0 0.0 0.0
42 45 37 0.0 0.0 1.0 33.0 286.0 3.0 0.0
42 45 38 0.0 0.0 2.0 122.0 1161.0 24.0 1.0
42 45 39 0.0 1.0 4.0 274.0 2217.0 58.0 6.0
42 45 40 0.0 1.0 4.0 272.0 2716.0 45.0 8.0
42 45 41 0.0 0.0 11.0 217.0 2248.0 42.0 6.0
42 45 42 0.0 0.0 6.0 105.0 1286.0 30.0 5.0
42 45 43 0.0 0.0 1.0 29.0 305.0 5.0 0.0
42 45 44 0.0 0.0 0.0 5.0 52.0 2.0 0.0
42 45 45 0.0 0.0 0.0 0.0 2.0 0.0 0.0
42 46 38 0.0 0.0 0.0 0.0 1.0 0.0 0.0
42 46 39 0.0 0.0 0.0 3.0 5.0 0.0 0.0
42 46 40 0.0 0.0 0.0 0.0 4.0 0.0 0.0
42 46 41 0.0 0.0 0.0 0.0 3.0 0.0 0.0
42 46 43 0.0 0.0 0.0 0.0 1.0 0.0 0.0
43 34 38 0.0 0.0 0.0 0.0 2.0 0.0 0.0
43 34 40 0.0 0.0 0.0 2.0 1.0 0.0 0.0
43 34 41 0.0 0.0 0.0 0.0 1.0 0.0 0.0
43 34 42 0.0 0.0 0.0 0.0 2.0 0.0 0.0
43 35 36 0.0 0.0 0.0 0.0 7.0 0.0 0.0
43 35 37 0.0 0.0 0.0 19.0 113.0 2.0 0.0
43 35 38 0.0 0.0 0.0 32.0 330.0 10.0 0.0
43 35 39 0.0 0.0 3.0 83.0 798.0 18.0 1.0
43 35 40 0.0 0.0 0.0 138.0 816.0 10.0 1.0
43 35 41 0.0 2.0 0.0 123.0 691.0 4.0 1.0
43 35 42 0.0 0.0 0.0 77.0 343.0 3.0 0.0
43 35 43 0.0 0.0 0.0 10.0 104.0 3.0 0.0
43 35 44 0.0 0.0 0.0 3.0 9.0 0.0 0.0
43 36 35 0.0 0.0 0.0 0.0 17.0 0.0 0.0
43 36 36 0.0 0.0 2.0 67.0 678.0 11.0 0.0
43 36 37 0.0 0.0 8.0 508.0 3606.0 73.0 29.0
43 36 38 0.0 15.0 46.0 1469.0 9227.0 178.0 174.0
43 36 39 0.0 25.0 31.0 2283.0 15989.0 285.0 700.0
43 36 40 0.0 28.0 34.0 2691.0 18433.0 305.0 995.0
43 36 41 0.0 8.0 42.0 2139.0 15736.0 285.0 675.0
43 36 42 0.0 11.0 24.0 1600.0 9785.0 189.0 257.0
43 36 43 0.0 7.0 3.0 532.0 3772.0 64.0 40.0
43 36 44 0.0 0.0 1.0 70.0 621.0 6.0 1.0
43 36 45 0.0 0.0 0.0 1.0 12.0 0.0 0.0
43 37 35 0.0 0.0 0.0 13.0 84.0 2.0 0.0
43 37 36 0.0 9.0 3.0 318.0 4047.0 74.0 25.0
43 37 37 0.0 5.0 7.0 2199.0 22344.0 363.0 1564.0
43 37 38 0.0 40.0 81.0 4743.0 39425.0 542.0 7780.0
43 37 39 0.0 21.0 92.0 5543.0 47353.0 626.0 16816.0
43 37 40 0.0 43.0 139.0 5438.0 48464.0 576.0 20310.0
43 37 41 0.0 14.0 109.0 5744.0 47395.0 584.0 17027.0
43 37 42 0.0 10.0 70.0 4259.0 40848.0 562.0 8550.0
43 37 43 0.0 8.0 51.0 2130.0 22298.0 339.0 1502.0
43 37 44 0.0 7.0 7.0 401.0 3754.0 68.0 25.0
43 37 45 0.0 0.0 0.0 13.0 106.0 2.0 0.0
43 38 34 0.0 0.0 0.0 0.0 3.0 0.0 0.0
43 38 35 0.0 0.0 1.0 46.0 368.0 8.0 0.0
43 38 36 0.0 5.0 19.0 834.0 10464.0 159.0 263.0
43 38 37 0.0 54.0 76.0 4049.0 42656.0 586.0 9706.0
43 38 38 0.0 34.0 123.0 4812.0 50475.0 528.0 28807.0
43 38 39 0.0 43.0 119.0 5186.0 48792.0 479.0 42637.0
43 38 40 0.0 38.0 108.0 5024.0 46647.0 428.0 48397.0
43 38 41 0.0 32.0 146.0 5626.0 48018.0 434.0 42885.0
43 38 42 0.0 60.0 117.0 5562.0 50060.0 531.0 28613.0
43 38 43 0.0 25.0 107.0 4632.0 40143.0 571.0 8166.0
43 38 44 0.0 4.0 24.0 1068.0 9916.0 175.0 226.0
43 38 45 0.0 0.0 0.0 49.0 350.0 8.0 0.0
43 39 34 0.0 0.0 0.0 0.0 1.0 0.0 0.0
43 39 35 0.0 0.0 0.0 54.0 687.0 15.0 2.0
43 39 36 0.0 4.0 44.0 1489.0 16901.0 286.0 705.0
43 39 37 0.0 12.0 134.0 3991.0 49708.0 585.0 18822.0
43 39 38 0.0 31.0 123.0 4746.0 48337.0 486.0 44525.0
43 39 39 0.0 30.0 140.0 4320.0 42629.0 403.0 61693.0
43 39 40 0.0 24.0 118.0 4049.0 40807.0 362.0 66845.0
43 39 41 0.0 38.0 146.0 4500.0 42942.0 429.0 61445.0
43 39 42 0.0 20.0 161.0 5176.0 47894.0 504.0 44029.0
43 39 43 0.0 21.0 124.0 4746.0 48805.0 606.0 18653.0
43 39 44 0.0 5.0 21.0 1976.0 16713.0 294.0 758.0
43 39 45 0.0 0.0 6.0 57.0 696.0 13.0 2.0
43 40 34 0.0 0.0 0.0 0.0 3.0 0.0 0.0
43 40 35 0.0 0.0 0.0 96.0 908.0 15.0 1.0
43 40 36 0.0 3.0 77.0 1487.0 20502.0 321.0 1097.0
43 40 37 0.0 4.0 223.0 3626.0 51076.0 611.0 21941.0
43 40 38 0.0 17.0 139.0 4295.0 46691.0 457.0 50300.0
43 40 39 0.0 10.0 142.0 3689.0 40755.0 333.0 67358.0
43 40 40 0.0 13.0 117.0 3495.0 38465.0 288.0 71926.0
43 40 41 0.0 15.0 181.0 3747.0 40680.0 329.0 67365.0
43 40 42 0.0 43.0 147.0 4581.0 46225.0 431.0 49937.0
43 40 43 0.0 31.0 125.0 4747.0 49996.0 615.0 22082.0
43 40 44 0.0 5.0 39.0 1849.0 19866.0 313.0 1128.0
43 40 45 0.0 0.0 2.0 76.0 893.0 21.0 2.0
43 40 46 0.0 0.0 0.0 0.0 3.0 0.0 0.0
43 41 35 0.0 0.0 2.0 42.0 757.0 19.0 0.0
43 41 36 0.0 0.0 28.0 1354.0 16525.0 304.0 660.0
43 41 37 0.0 12.0 201.0 3529.0 49938.0 639.0 17738.0
43 41 38 0.0 7.0 188.0 3654.0 49692.0 490.0 44236.0
43 41 39 0.0 11.0 140.0 3743.0 42744.0 352.0 62437.0
43 41 40 0.0 19.0 166.0 3590.0 41125.0 362.0 66861.0
43 41 41 0.0 36.0 160.0 3877.0 42761.0 358.0 62047.0
43 41 42 0.0 15.0 152.0 4019.0 48967.0 520.0 44956.0
43 41 43 0.0 8.0 135.0 4209.0 50073.0 607.0 18897.0
43 41 44 0.0 2.0 44.0 1640.0 17541.0 269.0 808.0
43 41 45 0.0 1.0 2.0 79.0 832.0 13.0 0.0
43 41 46 0.0 0.0 0.0 1.0 0.0 0.0 0.0
43 42 35 0.0 0.0 3.0 40.0 324.0 6.0 0.0
43 42 36 0.0 3.0 17.0 875.0 10043.0 156.0 215.0
43 42 37 0.0 9.0 133.0 3071.0 41818.0 555.0 8724.0
43 42 38 0.0 9.0 171.0 4146.0 51458.0 604.0 28478.0
43 42 39 0.0 23.0 191.0 4123.0 48843.0 461.0 44819.0
43 42 40 0.0 28.0 163.0 4011.0 47156.0 443.0 50226.0
43 42 41 0.0 38.0 165.0 4439.0 48266.0 482.0 45605.0
43 42 42 0.0 15.0 197.0 3963.0 51689.0 555.0 30184.0
43 42 43 0.0 115.0 107.0 4215.0 42461.0 574.0 9669.0
43 42 44 0.0 34.0 16.0 1111.0 10567.0 202.0 224.0
43 42 45 0.0 0.0 0.0 73.0 357.0 6.0 1.0
43 43 34 0.0 0.0 0.0 0.0 1.0 0.0 0.0
43 43 35 0.0 0.0 0.0 7.0 76.0 1.0 0.0
43 43 36 0.0 0.0 10.0 255.0 3806.0 57.0 28.0
43 43 37 0.0 5.0 58.0 1969.0 21699.0 385.0 1459.0
43 43 38 0.0 31.0 69.0 3950.0 40988.0 582.0 7999.0
43 43 39 0.0 31.0 162.0 4365.0 48898.0 628.0 17530.0
43 43 40 0.0 12.0 161.0 4154.0 50467.0 585.0 22274.0
43 43 41 0.0 9.0 192.0 4024.0 49778.0 573.0 18790.0
43 43 42 0.0 15.0 110.0 3372.0 43555.0 597.0 9539.0
43 43 43 0.0 75.0 42.0 2352.0 23695.0 396.0 1843.0
43 43 44 0.0 3.0 28.0 324.0 4229.0 84.0 36.0
43 43 45 0.0 0.0 0.0 21.0 157.0 1.0 0.0
43 44 35 0.0 0.0 0.0 1.0 7.0 0.0 0.0
43 44 36 0.0 0.0 1.0 44.0 497.0 8.0 0.0
43 44 37 0.0 0.0 7.0 366.0 3483.0 61.0 19.0
43 44 38 0.0 1.0 25.0 793.0 9416.0 163.0 186.0
43 44 39 0.0 6.0 29.0 1903.0 16409.0 291.0 678.0
43 44 40 0.0 7.0 73.0 1698.0 19426.0 331.0 1007.0
43 44 41 0.0 0.0 66.0 1358.0 17038.0 252.0 721.0
43 44 42 0.0 0.0 28.0 847.0 9914.0 166.0 221.0
43 44 43 0.0 0.0 16.0 410.0 3885.0 77.0 33.0
43 44 44 0.0 2.0 0.0 88.0 611.0 9.0 2.0
43 44 45 0.0 0.0 0.0 0.0 19.0 0.0 0.0
43 45 35 0.0 0.0 0.0 1.0 0.0 0.0 0.0
43 45 36 0.0 0.0 0.0 0.0 14.0 1.0 0.0
43 45 37 0.0 0.0 0.0 4.0 66.0 2.0 0.0
43 45 38 0.0 0.0 4.0 36.0 334.0 8.0 0.0
43 45 39 0.0 0.0 0.0 48.0 669.0 5.0 1.0
43 45 40 0.0 0.0 2.0 63.0 772.0 13.0 3.0
43 45 41 0.0 0.0 3.0 68.0 733.0 15.0 1.0
43 45 42 0.0 0.0 2.0 43.0 355.0 6.0 0.0
43 45 43 0.0 0.0 0.0 7.0 119.0 1.0 0.0
43 45 44 0.0 0.0 0.0 0.0 10.0 0.0 0.0
43 46 40 0.0 0.0 0.0 0.0 2.0 0.0 0.0
43 46 41 0.0 0.0 0.0 0.0 1.0 0.0 0.0
44 35 36 0.0 0.0 0.0 0.0 3.0 0.0 0.0
44 35 37 0.0 0.0 0.0 0.0 5.0 0.0 0.0
44 35 38 0.0 0.0 0.0 5.0 22.0 0.0 0.0
44 35 39 0.0 0.0 0.0 12.0 84.0 0.0 0.0
44 35 40 0.0 1.0 0.0 11.0 127.0 0.0 0.0
44 35 41 0.0 0.0 0.0 9.0 77.0 0.0 0.0
44 35 42 0.0 0.0 0.0 9.0 45.0 0.0 0.0
44 35 43 0.0 0.0 0.0 2.0 4.0 0.0 0.0
44 35 44 0.0 0.0 0.0 0.0 6.0 0.0 0.0
44 36 36 0.0 0.0 0.0 3.0 84.0 3.0 0.0
44 36 37 0.0 0.0 0.0 71.0 517.0 9.0 0.0
44 36 38 0.0 0.0 3.0 168.0 1555.0 27.0 5.0
44 36 39 0.0 7.0 16.0 322.0 3301.0 63.0 27.0
44 36 40 0.0 2.0 15.0 499.0 4256.0 84.0 44.0
44 36 41 0.0 0.0 6.0 415.0 3328.0 60.0 27.0
44 36 42 0.0 0.0 7.0 191.0 1623.0 29.0 7.0
44 36 43 0.0 0.0 2.0 42.0 558.0 8.0 0.0
44 36 44 0.0 0.0 0.0 4.0 80.0 1.0 0.0
44 37 35 0.0 0.0 0.0 1.0 10.0 1.0 0.0
44 37 36 0.0 2.0 0.0 88.0 657.0 13.0 0.0
44 37 37 0.0 5.0 0.0 411.0 3632.0 69.0 37.0
44 37 38 0.0 7.0 24.0 854.0 10083.0 188.0 233.0
44 37 39 0.0 3.0 31.0 1422.0 15912.0 277.0 616.0
44 37 40 0.0 5.0 67.0 1841.0 18080.0 288.0 855.0
44 37 41 0.0 7.0 36.0 1820.0 16378.0 280.0 718.0
44 37 42 0.0 6.0 45.0 1010.0 9538.0 163.0 226.0
44 37 43 0.0 3.0 2.0 340.0 3585.0 67.0 16.0
44 37 44 0.0 0.0 1.0 52.0 524.0 10.0 1.0
44 37 45 0.0 0.0 0.0 0.0 11.0 0.0 0.0
44 38 35 0.0 0.0 0.0 5.0 26.0 0.0 0.0
44 38 36 0.0 3.0 6.0 154.0 2203.0 47.0 12.0
44 38 37 0.0 3.0 24.0 832.0 10834.0 177.0 238.0
44 38 38 0.0 3.0 52.0 2441.0 23761.0 399.0 1545.0
44 38 39 0.0 17.0 72.0 3385.0 33031.0 507.0 3727.0
44 38 40 0.0 5.0 183.0 3908.0 36197.0 524.0 5116.0
44 38 41 0.0 1.0 82.0 3217.0 33677.0 494.0 3978.0
44 38 42 0.0 8.0 80.0 2410.0 22993.0 398.0 1607.0
44 38 43 0.0 10.0 14.0 1049.0 9901.0 174.0 239.0
44 38 44 0.0 1.0 8.0 228.0 1849.0 44.0 10.0
44 38 45 0.0 0.0 0.0 2.0 48.0 0.0 0.0
44 39 35 0.0 0.0 0.0 6.0 112.0 1.0 0.0
44 39 36 0.0 5.0 12.0 312.0 3757.0 67.0 25.0
44 39 37 0.0 2.0 71.0 1547.0 17332.0 297.0 741.0
44 39 38 0.0 20.0 80.0 2835.0 34419.0 482.0 4097.0
44 39 39 0.0 36.0 161.0 4419.0 43615.0 634.0 9294.0
44 39 40 0.0 22.0 166.0 4141.0 46424.0 631.0 11374.0
44 39 41 0.0 17.0 99.0 4244.0 43533.0 587.0 9118.0
44 39 42 0.0 10.0 124.0 3727.0 34288.0 525.0 4483.0
44 39 43 0.0 3.0 39.0 1874.0 17359.0 308.0 809.0
44 39 44 0.0 1.0 34.0 342.0 3739.0 60.0 32.0
44 39 45 0.0 0.0 0.0 5.0 115.0 3.0 0.0
44 40 35 0.0 0.0 0.0 10.0 126.0 0.0 0.0
44 40 36 0.0 0.0 10.0 349.0 4816.0 83.0 41.0
44 40 37 0.0 7.0 40.0 1457.0 19814.0 314.0 1053.0
44 40 38 0.0 9.0 118.0 3069.0 37836.0 529.0 5490.0
44 40 39 0.0 13.0 143.0 3738.0 47135.0 646.0 11726.0
44 40 40 0.0 19.0 158.0 4041.0 49260.0 589.0 14814.0
44 40 41 0.0 9.0 199.0 4141.0 47117.0 639.0 11837.0
44 40 42 0.0 15.0 85.0 3350.0 37303.0 534.0 5231.0
44 40 43 0.0 10.0 83.0 1939.0 19358.0 336.0 986.0
44 40 44 0.0 0.0 6.0 362.0 4686.0 81.0 42.0
44 40 45 0.0 1.0 0.0 10.0 104.0 0.0 0.0
44 41 35 0.0 0.0 1.0 3.0 97.0 0.0 0.0
44 41 36 0.0 0.0 4.0 249.0 3759.0 62.0 24.0
44 41 37 0.0 5.0 47.0 1489.0 17387.0 286.0 726.0
44 41 38 0.0 35.0 83.0 2891.0 33948.0 493.0 4053.0
44 41 39 0.0 1.0 122.0 3736.0 44257.0 627.0 9433.0
44 41 40 0.0 23.0 160.0 4234.0 47425.0 619.0 12061.0
44 41 41 0.0 30.0 143.0 3653.0 44492.0 628.0 9347.0
44 41 42 0.0 9.0 103.0 3338.0 34587.0 501.0 4507.0
44 41 43 0.0 14.0 50.0 1317.0 17804.0 305.0 782.0
44 41 44 0.0 1.0 5.0 341.0 3884.0 76.0 20.0
44 41 45 0.0 0.0 0.0 11.0 99.0 0.0 0.0
44 42 35 0.0 0.0 0.0 1.0 33.0 2.0 0.0
44 42 36 0.0 0.0 2.0 81.0 1939.0 34.0 9.0
44 42 37 0.0 4.0 5.0 830.0 10552.0 198.0 254.0
44 42 38 0.0 19.0 68.0 2113.0 24075.0 407.0 1576.0
44 42 39 0.0 3.0 118.0 2647.0 34482.0 520.0 4144.0
44 42 40 0.0 16.0 105.0 3558.0 37696.0 536.0 5598.0
44 42 41 0.0 8.0 89.0 3011.0 34916.0 535.0 4212.0
44 42 42 0.0 10.0 79.0 1894.0 24524.0 391.0 1719.0
44 42 43 0.0 6.0 36.0 919.0 10881.0 168.0 233.0
44 42 44 0.0 3.0 13.0 270.0 2280.0 44.0 13.0
44 42 45 0.0 0.0 0.0 7.0 43.0 1.0 0.0
44 43 35 0.0 0.0 0.0 3.0 11.0 1.0 0.0
44 43 36 0.0 0.0 0.0 44.0 597.0 11.0 0.0
44 43 37 0.0 0.0 6.0 338.0 3592.0 68.0 26.0
44 43 38 0.0 0.0 81.0 834.0 10631.0 186.0 253.0
44 43 39 0.0 0.0 47.0 1360.0 17947.0 295.0 774.0
44 43 40 0.0 2.0 69.0 1661.0 20430.0 334.0 1084.0
44 43 41 0.0 2.0 56.0 1480.0 18579.0 316.0 807.0
44 43 42 0.0 3.0 49.0 896.0 11019.0 212.0 287.0
44 43 43 0.0 1.0 19.0 250.0 4067.0 83.0 25.0
44 43 44 0.0 0.0 1.0 69.0 706.0 10.0 0.0
44 43 45 0.0 0.0 0.0 1.0 8.0 0.0 0.0
44 44 35 0.0 0.0 0.0 0.0 1.0 0.0 0.0
44 44 36 0.0 0.0 0.0 7.0 64.0 1.0 0.0
44 44 37 0.0 0.0 1.0 80.0 489.0 4.0 0.0
44 44 38 0.0 0.0 3.0 211.0 1919.0 33.0 8.0
44 44 39 0.0 0.0 13.0 289.0 3493.0 69.0 29.0
44 44 40 0.0 0.0 18.0 258.0 4606.0 84.0 46.0
44 44 41 0.0 1.0 6.0 370.0 4066.0 76.0 27.0
44 44 42 0.0 0.0 6.0 153.0 2330.0 33.0 10.0
44 44 43 0.0 1.0 1.0 64.0 601.0 13.0 1.0
44 44 44 0.0 1.0 0.0 15.0 76.0 3.0 0.0
44 45 36 0.0 0.0 0.0 0.0 1.0 0.0 0.0
44 45 37 0.0 0.0 0.0 5.0 12.0 1.0 0.0
44 45 38 0.0 0.0 0.0 0.0 37.0 0.0 0.0
44 45 39 0.0 0.0 0.0 9.0 92.0 1.0 0.0
44 45 40 0.0 0.0 0.0 10.0 117.0 1.0 0.0
44 45 41 0.0 0.0 0.0 6.0 128.0 1.0 0.0
44 45 42 0.0 0.0 0.0 0.0 24.0 0.0 0.0
44 45 43 0.0 0.0 0.0 0.0 14.0 0.0 0.0
45 35 39 0.0 0.0 0.0 3.0 5.0 0.0 0.0
45 35 40 0.0 0.0 0.0 1.0 2.0 0.0 0.0
45 35 41 0.0 0.0 0.0 0.0 2.0 0.0 0.0
45 36 36 0.0 0.0 0.0 0.0 1.0 0.0 0.0
45 36 37 0.0 0.0 0.0 0.0 23.0 1.0 0.0
45 36 38 0.0 0.0 0.0 3.0 37.0 0.0 0.0
45 36 39 0.0 0.0 0.0 8.0 67.0 3.0 0.0
45 36 40 0.0 0.0 0.0 9.0 89.0 2.0 0.0
45 36 41 0.0 0.0 0.0 6.0 103.0 3.0 0.0
45 36 42 0.0 0.0 0.0 2.0 28.0 1.0 0.0
45 36 43 0.0 0.0 0.0 0.0 3.0 0.0 0.0
45 36 44 0.0 0.0 0.0 0.0 1.0 0.0 0.0
45 37 35 0.0 0.0 0.0 0.0 1.0 0.0 0.0
45 37 36 0.0 0.0 0.0 1.0 8.0 0.0 0.0
45 37 37 0.0 0.0 0.0 7.0 117.0 1.0 0.0
45 37 38 0.0 0.0 1.0 35.0 357.0 6.0 0.0
45 37 39 0.0 0.0 5.0 59.0 623.0 11.0 0.0
45 37 40 0.0 0.0 2.0 68.0 765.0 22.0 1.0
45 37 41 0.0 0.0 2.0 70.0 719.0 13.0 1.0
45 37 42 0.0 0.0 1.0 38.0 364.0 11.0 0.0
45 37 43 0.0 0.0 0.0 6.0 105.0 1.0 0.0
45 37 44 0.0 0.0 0.0 4.0 7.0 0.0 0.0
45 38 35 0.0 0.0 0.0 3.0 1.0 0.0 0.0
45 38 36 0.0 0.0 0.0 3.0 47.0 1.0 0.0
45 38 37 0.0 0.0 0.0 22.0 283.0 6.0 0.0
45 38 38 0.0 0.0 5.0 132.0 1103.0 18.0 3.0
45 38 39 0.0 3.0 5.0 202.0 1954.0 45.0 5.0
45 38 40 0.0 0.0 11.0 311.0 2774.0 43.0 11.0
45 38 41 0.0 1.0 9.0 204.0 2304.0 33.0 10.0
45 38 42 0.0 0.0 1.0 110.0 1204.0 21.0 4.0
45 38 43 0.0 0.0 0.0 41.0 289.0 4.0 0.0
45 38 44 0.0 0.0 0.0 5.0 41.0 0.0 0.0
45 39 35 0.0 0.0 0.0 0.0 4.0 0.0 0.0
45 39 36 0.0 0.0 0.0 7.0 88.0 4.0 0.0
45 39 37 0.0 0.0 2.0 74.0 642.0 11.0 2.0
45 39 38 0.0 0.0 4.0 227.0 2260.0 57.0 4.0
45 39 39 0.0 2.0 11.0 370.0 4437.0 66.0 28.0
45 39 40 0.0 0.0 16.0 515.0 5303.0 83.0 56.0
45 39 41 0.0 2.0 16.0 408.0 4357.0 72.0 25.0
45 39 42 0.0 1.0 5.0 229.0 2180.0 37.0 5.0
45 39 43 0.0 1.0 4.0 74.0 721.0 23.0 3.0
45 39 44 0.0 0.0 1.0 7.0 99.0 2.0 0.0
45 39 45 0.0 0.0 0.0 0.0 4.0 0.0 0.0
45 40 35 0.0 0.0 0.0 0.0 3.0 0.0 0.0
45 40 36 0.0 0.0 0.0 12.0 115.0 0.0 0.0
45 40 37 0.0 0.0 1.0 86.0 850.0 10.0 2.0
45 40 38 0.0 0.0 5.0 224.0 2916.0 52.0 11.0
45 40 39 0.0 2.0 12.0 494.0 5082.0 93.0 35.0
45 40 40 0.0 1.0 15.0 520.0 6300.0 111.0 70.0
45 40 41 0.0 2.0 14.0 446.0 5399.0 100.0 51.0
45 40 42 0.0 0.0 8.0 229.0 2722.0 56.0 18.0
45 40 43 0.0 0.0 1.0 108.0 866.0 20.0 1.0
45 40 44 0.0 0.0 4.0 9.0 163.0 2.0 0.0
45 40 45 0.0 0.0 0.0 0.0 1.0 0.0 0.0
45 41 35 0.0 0.0 0.0 0.0 2.0 0.0 0.0
45 41 36 0.0 0.0 0.0 8.0 98.0 2.0 0.0
45 41 37 0.0 0.0 3.0 71.0 719.0 14.0 1.0
45 41 38 0.0 0.0 7.0 157.0 2203.0 45.0 5.0
45 41 39 0.0 1.0 9.0 420.0 4281.0 76.0 18.0
45 41 40 0.0 9.0 13.0 424.0 5541.0 99.0 48.0
45 41 41 0.0 0.0 5.0 357.0 4401.0 85.0 23.0
45 41 42 0.0 0.0 8.0 215.0 2312.0 42.0 4.0
45 41 43 0.0 1.0 0.0 112.0 792.0 11.0 0.0
45 41 44 0.0 0.0 0.0 9.0 132.0 0.0 0.0
45 41 45 0.0 0.0 0.0 1.0 3.0 1.0 0.0
45 42 36 0.0 0.0 0.0 0.0 75.0 0.0 0.0
45 42 37 0.0 0.0 1.0 47.0 325.0 8.0 0.0
45 42 38 0.0 0.0 1.0 86.0 1085.0 23.0 1.0
45 42 39 0.0 0.0 1.0 179.0 2118.0 36.0 7.0
45 42 40 0.0 0.0 6.0 215.0 2742.0 59.0 8.0
45 42 41 0.0 2.0 1.0 208.0 2215.0 51.0 9.0
45 42 42 0.0 1.0 0.0 75.0 1352.0 22.0 3.0
45 42 43 0.0 0.0 1.0 21.0 330.0 5.0 0.0
45 42 44 0.0 0.0 0.0 5.0 60.0 1.0 0.0
45 43 36 0.0 0.0 0.0 0.0 7.0 0.0 0.0
45 43 37 0.0 0.0 2.0 3.0 101.0 1.0 0.0
45 43 38 0.0 0.0 1.0 24.0 410.0 10.0 0.0
45 43 39 0.0 0.0 4.0 70.0 712.0 23.0 0.0
45 43 40 0.0 0.0 1.0 119.0 1011.0 21.0 3.0
45 43 41 0.0 0.0 0.0 57.0 723.0 7.0 0.0
45 43 42 0.0 0.0 4.0 53.0 353.0 7.0 0.0
45 43 43 0.0 1.0 1.0 6.0 112.0 3.0 0.0
45 43 44 0.0 0.0 0.0 0.0 10.0 0.0 0.0
45 44 36 0.0 0.0 0.0 0.0 2.0 1.0 0.0
45 44 37 0.0 0.0 0.0 0.0 14.0 0.0 0.0
45 44 38 0.0 0.0 0.0 2.0 45.0 2.0 0.0
45 44 39 0.0 0.0 0.0 1.0 89.0 0.0 0.0
45 44 40 0.0 0.0 1.0 15.0 136.0 0.0 0.0
45 44 41 0.0 0.0 0.0 4.0 96.0 2.0 0.0
45 44 42 0.0 0.0 0.0 10.0 59.0 1.0 0.0
45 44 43 0.0 0.0 0.0 0.0 15.0 0.0 0.0
45 44 44 0.0 0.0 0.0 0.0 2.0 0.0 0.0
45 45 38 0.0 0.0 0.0 0.0 2.0 0.0 0.0
45 45 39 0.0 0.0 0.0 0.0 1.0 0.0 0.0
45 45 40 0.0 0.0 0.0 0.0 1.0 0.0 0.0
45 45 41 0.0 0.0 0.0 0.0 4.0 0.0 0.0
45 45 42 0.0 0.0 0.0 1.0 3.0 0.0 0.0
45 45 43 0.0 0.0 0.0 0.0 2.0 0.0 0.0
46 37 38 0.0 0.0 0.0 3.0 0.0 0.0 0.0
46 37 41 0.0 0.0 0.0 0.0 1.0 0.0 0.0
46 37 43 0.0 0.0 0.0 0.0 1.0 0.0 0.0
46 38 38 0.0 0.0 0.0 0.0 1.0 0.0 0.0
46 38 39 0.0 0.0 0.0 0.0 3.0 0.0 0.0
46 38 40 0.0 0.0 0.0 0.0 3.0 0.0 0.0
46 38 41 0.0 0.0 0.0 1.0 14.0 1.0 0.0
46 39 37 0.0 0.0 0.0 0.0 1.0 0.0 0.0
46 39 38 0.0 0.0 0.0 1.0 3.0 0.0 0.0
46 39 39 0.0 0.0 0.0 4.0 6.0 0.0 0.0
46 39 40 0.0 0.0 0.0 0.0 9.0 0.0 0.0
46 39 41 0.0 0.0 0.0 0.0 12.0 0.0 0.0
46 39 42 0.0 0.0 0.0 1.0 2.0 0.0 0.0
46 39 43 0.0 0.0 0.0 0.0 1.0 0.0 0.0
46 40 38 0.0 0.0 0.0 6.0 1.0 1.0 0.0
46 40 39 0.0 0.0 0.0 0.0 9.0 0.0 0.0
46 40 40 0.0 0.0 0.0 0.0 25.0 0.0 0.0
46 40 41 0.0 0.0 0.0 1.0 12.0 0.0 0.0
46 40 42 0.0 0.0 0.0 1.0 8.0 0.0 0.0
46 40 43 0.0 0.0 0.0 0.0 1.0 0.0 0.0
46 41 37 0.0 0.0 0.0 0.0 1.0 0.0 0.0
46 41 38 0.0 0.0 0.0 0.0 6.0 0.0 0.0
46 41 39 0.0 0.0 0.0 1.0 15.0 0.0 0.0
46 41 40 0.0 0.0 0.0 0.0 7.0 0.0 0.0
46 41 41 0.0 0.0 0.0 4.0 5.0 0.0 0.0
46 41 42 0.0 0.0 0.0 0.0 2.0 0.0 0.0
46 41 43 0.0 0.0 0.0 1.0 3.0 0.0 0.0
46 41 44 0.0 0.0 0.0 0.0 1.0 0.0 0.0
46 42 36 0.0 0.0 0.0 0.0 1.0 0.0 0.0
46 42 40 0.0 0.0 0.0 2.0 7.0 0.0 0.0
46 42 41 0.0 0.0 0.0 1.0 7.0 1.0 0.0
46 42 42 0.0 0.0 0.0 0.0 3.0 0.0 0.0
46 42 44 0.0 0.0 0.0 0.0 1.0 0.0 0.0
46 43 38 0.0 0.0 0.0 1.0 0.0 0.0 0.0
