37 38 38 0.0 0.0 0.0 0.0 1.0 0.0 0.0
37 39 39 0.0 0.0 0.0 0.0 1.0 0.0 0.0
37 39 40 0.0 0.0 0.0 0.0 2.0 0.0 0.0
37 39 41 0.0 0.0 1.0 0.0 2.0 0.0 0.0
37 39 42 0.0 0.0 0.0 0.0 1.0 0.0 0.0
37 40 37 0.0 0.0 0.0 0.0 1.0 0.0 0.0
37 40 40 0.0 0.0 0.0 0.0 2.0 0.0 0.0
37 40 41 0.0 0.0 0.0 0.0 4.0 0.0 0.0
37 41 38 0.0 0.0 0.0 0.0 2.0 0.0 0.0
37 41 39 0.0 0.0 0.0 0.0 2.0 0.0 0.0
37 41 40 0.0 0.0 0.0 1.0 7.0 0.0 0.0
37 41 41 0.0 0.0 0.0 0.0 1.0 0.0 0.0
37 42 40 0.0 0.0 0.0 0.0 1.0 0.0 0.0
37 42 41 0.0 0.0 0.0 2.0 1.0 0.0 0.0
38 37 39 0.0 0.0 0.0 0.0 1.0 0.0 0.0
38 37 40 0.0 0.0 0.0 1.0 2.0 0.0 0.0
38 38 37 0.0 0.0 0.0 0.0 1.0 0.0 0.0
38 38 38 0.0 0.0 3.0 19.0 303.0 6.0 0.0
38 38 39 0.0 0.0 0.0 68.0 774.0 21.0 1.0
38 38 40 0.0 3.0 7.0 51.0 982.0 25.0 1.0
38 38 41 0.0 3.0 3.0 54.0 658.0 8.0 0.0
38 38 42 0.0 0.0 0.0 27.0 256.0 5.0 0.0
38 39 37 0.0 0.0 0.0 0.0 1.0 0.0 0.0
38 39 38 0.0 4.0 2.0 110.0 685.0 16.0 1.0
38 39 39 0.0 14.0 14.0 220.0 1700.0 24.0 2.0
38 39 40 0.0 3.0 39.0 269.0 2380.0 44.0 10.0
38 39 41 0.0 1.0 20.0 169.0 1483.0 36.0 5.0
38 39 42 1.0 1.0 9.0 65.0 567.0 10.0 0.0
38 39 43 0.0 0.0 0.0 0.0 1.0 0.0 0.0
38 40 37 0.0 0.0 0.0 0.0 1.0 0.0 0.0
38 40 38 0.0 1.0 9.0 146.0 745.0 11.0 0.0
38 40 39 0.0 10.0 28.0 274.0 2237.0 36.0 12.0
38 40 40 0.0 18.0 46.0 535.0 3399.0 57.0 22.0
38 40 41 0.0 2.0 31.0 194.0 2579.0 51.0 8.0
38 40 42 0.0 4.0 13.0 75.0 911.0 16.0 0.0
38 41 38 0.0 6.0 6.0 60.0 548.0 12.0 0.0
38 41 39 0.0 10.0 9.0 182.0 1484.0 29.0 7.0
38 41 40 0.0 10.0 53.0 334.0 2450.0 45.0 9.0
38 41 41 0.0 40.0 19.0 401.0 1501.0 26.0 4.0
38 41 42 0.0 0.0 6.0 54.0 559.0 16.0 1.0
38 41 43 0.0 0.0 0.0 0.0 1.0 0.0 0.0
38 42 38 0.0 0.0 0.0 21.0 200.0 4.0 0.0
38 42 39 0.0 0.0 11.0 54.0 552.0 9.0 0.0
38 42 40 0.0 6.0 11.0 67.0 865.0 17.0 0.0
38 42 41 0.0 1.0 12.0 86.0 590.0 25.0 0.0
38 42 42 0.0 0.0 4.0 25.0 286.0 8.0 0.0
39 37 38 0.0 0.0 0.0 0.0 3.0 0.0 0.0
39 37 39 0.0 0.0 0.0 4.0 6.0 1.0 0.0
39 37 41 0.0 0.0 0.0 0.0 1.0 0.0 0.0
39 38 38 0.0 0.0 9.0 47.0 692.0 7.0 0.0
39 38 39 0.0 25.0 33.0 583.0 2317.0 52.0 11.0
39 38 40 0.0 7.0 33.0 600.0 3064.0 60.0 27.0
39 38 41 0.0 8.0 18.0 351.0 1875.0 44.0 13.0
39 38 42 0.0 0.0 7.0 72.0 598.0 8.0 0.0
39 39 37 0.0 0.0 0.0 0.0 1.0 0.0 0.0
39 39 38 0.0 2.0 26.0 174.0 1887.0 30.0 7.0
39 39 39 0.0 98.0 556.0 3237.0 33087.0 532.0 5600.0
39 39 40 0.0 83.0 527.0 3099.0 33275.0 529.0 5335.0
39 39 41 0.0 44.0 289.0 2835.0 31943.0 487.0 4837.0
39 39 42 0.0 0.0 9.0 235.0 1888.0 29.0 7.0
39 40 37 0.0 0.0 0.0 0.0 4.0 1.0 0.0
39 40 38 0.0 13.0 11.0 292.0 2637.0 54.0 13.0
39 40 39 0.0 198.0 369.0 5545.0 29010.0 438.0 4645.0
39 40 40 0.0 147.0 492.0 5682.0 36097.0 584.0 7727.0
39 40 41 1.0 62.0 484.0 3343.0 29816.0 473.0 4093.0
39 40 42 0.0 5.0 42.0 238.0 2222.0 51.0 11.0
39 41 37 0.0 0.0 0.0 0.0 8.0 1.0 0.0
39 41 38 0.0 0.0 24.0 158.0 1635.0 28.0 5.0
39 41 39 0.0 65.0 324.0 3237.0 28169.0 464.0 3687.0
39 41 40 1.0 54.0 469.0 2940.0 32805.0 521.0 5280.0
39 41 41 0.0 67.0 709.0 3261.0 29994.0 471.0 4317.0
39 41 42 0.0 6.0 16.0 196.0 1587.0 38.0 4.0
39 41 43 0.0 0.0 0.0 1.0 2.0 0.0 0.0
39 42 38 0.0 2.0 8.0 86.0 539.0 10.0 2.0
39 42 39 0.0 4.0 16.0 191.0 1444.0 34.0 4.0
39 42 40 0.0 6.0 42.0 233.0 2283.0 39.0 10.0
39 42 41 0.0 2.0 27.0 179.0 1755.0 43.0 7.0
39 42 42 0.0 4.0 23.0 90.0 715.0 14.0 2.0
39 43 40 0.0 0.0 0.0 0.0 1.0 0.0 0.0
40 37 38 0.0 0.0 0.0 0.0 3.0 0.0 0.0
40 37 39 0.0 0.0 0.0 0.0 3.0 0.0 0.0
40 37 40 0.0 0.0 2.0 2.0 6.0 0.0 0.0
40 37 41 0.0 0.0 0.0 1.0 1.0 0.0 0.0
40 38 37 0.0 0.0 0.0 1.0 2.0 0.0 0.0
40 38 38 0.0 0.0 13.0 97.0 1124.0 21.0 2.0
40 38 39 0.0 13.0 26.0 537.0 2548.0 51.0 18.0
40 38 40 0.0 9.0 51.0 821.0 3755.0 69.0 32.0
40 38 41 0.0 13.0 20.0 535.0 2326.0 57.0 15.0
40 38 42 0.0 0.0 38.0 69.0 881.0 24.0 2.0
40 39 37 0.0 0.0 0.0 0.0 8.0 0.0 0.0
40 39 38 0.0 0.0 22.0 258.0 2539.0 50.0 12.0
40 39 39 0.0 72.0 417.0 2652.0 34865.0 537.0 6060.0
40 39 40 0.0 434.0 396.0 14687.0 30780.0 543.0 12363.0
40 39 41 0.0 48.0 439.0 3996.0 29877.0 438.0 4596.0
40 39 42 0.0 5.0 39.0 385.0 2280.0 35.0 12.0
40 39 43 0.0 0.0 0.0 0.0 2.0 0.0 0.0
40 40 37 0.0 0.0 0.0 0.0 5.0 0.0 0.0
40 40 38 0.0 10.0 73.0 354.0 3491.0 61.0 24.0
40 40 39 1.0 122.0 472.0 4705.0 35831.0 554.0 7412.0
40 40 40 0.0 70.0 539.0 3109.0 25514.0 279.0 66061.0
40 40 41 0.0 207.0 625.0 5632.0 36194.0 593.0 8281.0
40 40 42 0.0 1.0 61.0 386.0 3440.0 65.0 20.0
40 40 43 0.0 0.0 0.0 2.0 1.0 0.0 0.0
40 41 37 0.0 0.0 0.0 0.0 5.0 1.0 0.0
40 41 38 0.0 9.0 15.0 294.0 2163.0 47.0 8.0
40 41 39 0.0 50.0 618.0 3267.0 32574.0 505.0 5231.0
40 41 40 1.0 165.0 527.0 4622.0 35936.0 583.0 7513.0
40 41 41 0.0 47.0 575.0 4341.0 32107.0 511.0 5568.0
40 41 42 0.0 5.0 32.0 262.0 2403.0 52.0 5.0
40 41 43 0.0 0.0 1.0 0.0 5.0 0.0 0.0
40 42 38 0.0 1.0 8.0 44.0 806.0 14.0 0.0
40 42 39 0.0 12.0 48.0 315.0 2225.0 42.0 11.0
40 42 40 0.0 19.0 62.0 412.0 2933.0 69.0 21.0
40 42 41 0.0 3.0 39.0 291.0 2310.0 43.0 8.0
40 42 42 0.0 2.0 16.0 105.0 970.0 17.0 1.0
40 43 39 0.0 0.0 0.0 0.0 2.0 0.0 0.0
40 43 40 0.0 0.0 0.0 0.0 4.0 0.0 0.0
40 43 41 0.0 0.0 0.0 0.0 1.0 0.0 0.0
40 43 42 0.0 1.0 0.0 0.0 1.0 0.0 0.0
41 37 39 0.0 0.0 0.0 0.0 6.0 0.0 0.0
41 37 40 0.0 0.0 0.0 0.0 2.0 0.0 0.0
41 37 41 0.0 0.0 0.0 0.0 2.0 0.0 0.0
41 37 42 0.0 0.0 0.0 1.0 1.0 0.0 0.0
41 38 38 0.0 0.0 2.0 46.0 651.0 15.0 0.0
41 38 39 0.0 24.0 14.0 433.0 1699.0 39.0 10.0
41 38 40 0.0 15.0 16.0 622.0 2387.0 41.0 12.0
41 38 41 0.0 23.0 15.0 574.0 1626.0 35.0 9.0
41 38 42 0.0 1.0 8.0 66.0 657.0 9.0 3.0
41 39 38 0.0 1.0 33.0 194.0 1917.0 26.0 9.0
41 39 39 0.0 111.0 348.0 3480.0 29372.0 457.0 4104.0
41 39 40 0.0 40.0 375.0 4013.0 29021.0 494.0 3932.0
41 39 41 0.0 47.0 487.0 3467.0 30077.0 477.0 4613.0
41 39 42 0.0 10.0 18.0 166.0 1577.0 34.0 8.0
41 39 43 0.0 0.0 0.0 0.0 1.0 0.0 0.0
41 40 37 0.0 0.0 0.0 0.0 1.0 0.0 0.0
41 40 38 0.0 1.0 25.0 190.0 2640.0 47.0 13.0
41 40 39 0.0 48.0 650.0 2858.0 36001.0 532.0 6670.0
41 40 40 1.0 129.0 703.0 3944.0 37147.0 552.0 7697.0
41 40 41 0.0 99.0 450.0 3970.0 32059.0 503.0 5125.0
41 40 42 0.0 4.0 33.0 277.0 2370.0 52.0 4.0
41 40 43 0.0 0.0 0.0 1.0 5.0 0.0 0.0
41 41 37 0.0 0.0 0.0 0.0 4.0 0.0 0.0
41 41 38 0.0 0.0 23.0 154.0 1718.0 38.0 8.0
41 41 39 0.0 25.0 334.0 2696.0 29356.0 449.0 3819.0
41 41 40 0.0 81.0 550.0 4066.0 30304.0 521.0 4581.0
41 41 41 0.0 46.0 692.0 2941.0 31870.0 500.0 5143.0
41 41 42 0.0 6.0 43.0 182.0 1554.0 35.0 3.0
41 41 43 0.0 0.0 0.0 0.0 1.0 0.0 0.0
41 42 37 0.0 0.0 0.0 0.0 4.0 0.0 0.0
41 42 38 0.0 9.0 9.0 66.0 606.0 18.0 0.0
41 42 39 0.0 3.0 28.0 192.0 1670.0 29.0 4.0
41 42 40 0.0 4.0 41.0 242.0 2537.0 42.0 13.0
41 42 41 0.0 2.0 28.0 288.0 1701.0 31.0 5.0
41 42 42 0.0 0.0 21.0 80.0 596.0 16.0 3.0
41 43 38 0.0 0.0 0.0 0.0 2.0 0.0 0.0
41 43 39 0.0 0.0 0.0 0.0 3.0 0.0 0.0
41 43 40 0.0 0.0 0.0 1.0 4.0 0.0 0.0
42 37 38 0.0 0.0 0.0 0.0 1.0 0.0 0.0
42 37 39 0.0 0.0 0.0 1.0 1.0 0.0 0.0
42 37 42 0.0 0.0 0.0 0.0 1.0 0.0 0.0
42 38 38 0.0 0.0 5.0 32.0 256.0 5.0 0.0
42 38 39 0.0 1.0 12.0 67.0 416.0 9.0 0.0
42 38 40 0.0 1.0 8.0 84.0 760.0 13.0 1.0
42 38 41 0.0 0.0 6.0 66.0 535.0 7.0 1.0
42 38 42 0.0 0.0 2.0 20.0 221.0 6.0 0.0
42 39 37 0.0 0.0 0.0 0.0 1.0 0.0 0.0
42 39 38 0.0 1.0 8.0 56.0 774.0 12.0 2.0
42 39 39 0.0 0.0 27.0 161.0 1811.0 35.0 5.0
42 39 40 0.0 5.0 51.0 203.0 2341.0 44.0 13.0
42 39 41 0.0 6.0 31.0 191.0 1488.0 25.0 7.0
42 39 42 0.0 1.0 8.0 86.0 608.0 10.0 0.0
42 40 38 0.0 1.0 24.0 77.0 1011.0 15.0 1.0
42 40 39 0.0 6.0 24.0 264.0 2150.0 42.0 8.0
42 40 40 0.0 1.0 75.0 322.0 3565.0 61.0 17.0
42 40 41 0.0 4.0 40.0 256.0 2348.0 46.0 11.0
42 40 42 0.0 0.0 11.0 100.0 926.0 19.0 0.0
42 41 38 0.0 0.0 32.0 57.0 603.0 18.0 0.0
42 41 39 0.0 2.0 53.0 115.0 1881.0 36.0 2.0
42 41 40 0.0 4.0 50.0 183.0 2471.0 51.0 6.0
42 41 41 0.0 0.0 40.0 137.0 2000.0 30.0 10.0
42 41 42 0.0 0.0 4.0 67.0 709.0 12.0 0.0
42 41 43 0.0 0.0 0.0 0.0 1.0 0.0 0.0
42 42 38 0.0 0.0 4.0 20.0 187.0 5.0 0.0
42 42 39 0.0 0.0 4.0 65.0 472.0 10.0 0.0
42 42 40 0.0 0.0 30.0 100.0 1016.0 17.0 0.0
42 42 41 0.0 0.0 20.0 70.0 657.0 12.0 0.0
42 42 42 0.0 0.0 2.0 15.0 344.0 6.0 0.0
42 42 43 0.0 0.0 0.0 0.0 1.0 0.0 0.0
42 43 39 0.0 0.0 0.0 0.0 2.0 0.0 0.0
42 43 40 0.0 0.0 0.0 0.0 1.0 0.0 0.0
42 43 41 0.0 0.0 0.0 0.0 1.0 0.0 0.0
43 38 40 0.0 0.0 0.0 0.0 1.0 0.0 0.0
43 38 41 0.0 0.0 0.0 0.0 2.0 0.0 0.0
43 38 42 0.0 0.0 0.0 0.0 2.0 0.0 0.0
43 39 38 0.0 0.0 0.0 0.0 1.0 0.0 0.0
43 39 39 0.0 0.0 0.0 0.0 3.0 0.0 0.0
43 39 40 0.0 0.0 0.0 0.0 1.0 0.0 0.0
43 39 41 0.0 0.0 0.0 0.0 3.0 0.0 0.0
43 40 38 0.0 0.0 0.0 0.0 2.0 0.0 0.0
43 40 39 0.0 0.0 0.0 0.0 2.0 0.0 0.0
43 40 40 0.0 0.0 0.0 0.0 5.0 0.0 0.0
43 40 41 0.0 0.0 0.0 0.0 5.0 0.0 0.0
43 40 42 0.0 0.0 0.0 0.0 2.0 0.0 0.0
43 41 39 0.0 0.0 0.0 1.0 4.0 0.0 0.0
43 41 41 0.0 0.0 0.0 1.0 1.0 0.0 0.0
43 41 42 0.0 0.0 0.0 0.0 2.0 0.0 0.0
43 41 43 0.0 0.0 0.0 0.0 2.0 0.0 0.0
43 42 38 0.0 0.0 0.0 0.0 2.0 0.0 0.0
43 42 40 0.0 0.0 0.0 0.0 2.0 0.0 0.0
