37 37 37 0.0 0.0 0.0 0.0 1.0 0.0 0.0
37 37 38 0.0 0.0 0.0 0.0 1.0 0.0 0.0
37 37 39 0.0 0.0 0.0 0.0 3.0 0.0 0.0
37 37 40 0.0 0.0 0.0 0.0 5.0 0.0 0.0
37 37 41 0.0 0.0 0.0 0.0 2.0 0.0 0.0
37 37 43 0.0 0.0 0.0 0.0 3.0 0.0 0.0
37 38 38 0.0 0.0 0.0 0.0 7.0 0.0 0.0
37 38 39 0.0 0.0 0.0 0.0 22.0 1.0 0.0
37 38 40 0.0 0.0 0.0 2.0 21.0 0.0 0.0
37 38 41 0.0 0.0 0.0 1.0 21.0 0.0 0.0
37 38 42 0.0 0.0 0.0 0.0 6.0 0.0 0.0
37 39 37 0.0 0.0 0.0 1.0 3.0 0.0 0.0
37 39 38 0.0 0.0 0.0 2.0 13.0 0.0 0.0
37 39 39 0.0 0.0 0.0 9.0 56.0 1.0 0.0
37 39 40 0.0 0.0 1.0 8.0 88.0 1.0 0.0
37 39 41 0.0 0.0 6.0 5.0 73.0 1.0 0.0
37 39 42 0.0 0.0 0.0 8.0 25.0 1.0 0.0
37 39 43 0.0 0.0 0.0 0.0 1.0 0.0 0.0
37 40 37 0.0 0.0 0.0 0.0 7.0 0.0 0.0
37 40 38 0.0 0.0 1.0 1.0 36.0 0.0 0.0
37 40 39 0.0 0.0 0.0 8.0 81.0 3.0 0.0
37 40 40 0.0 1.0 0.0 13.0 88.0 1.0 0.0
37 40 41 0.0 0.0 0.0 6.0 82.0 0.0 0.0
37 40 42 0.0 0.0 0.0 1.0 31.0 1.0 0.0
37 40 43 0.0 0.0 0.0 3.0 6.0 0.0 0.0
37 41 37 0.0 0.0 0.0 1.0 2.0 0.0 0.0
37 41 38 0.0 0.0 0.0 8.0 13.0 0.0 0.0
37 41 39 0.0 0.0 2.0 9.0 59.0 0.0 0.0
37 41 40 0.0 0.0 1.0 14.0 94.0 1.0 0.0
37 41 41 0.0 0.0 0.0 12.0 53.0 2.0 0.0
37 41 42 0.0 0.0 0.0 2.0 25.0 1.0 0.0
37 41 43 0.0 0.0 0.0 0.0 3.0 0.0 0.0
37 42 38 0.0 0.0 0.0 5.0 1.0 0.0 0.0
37 42 39 0.0 0.0 1.0 0.0 10.0 0.0 0.0
37 42 40 0.0 0.0 1.0 2.0 26.0 0.0 0.0
37 42 41 0.0 0.0 0.0 7.0 20.0 0.0 0.0
37 42 42 0.0 0.0 0.0 0.0 5.0 0.0 0.0
37 42 43 0.0 0.0 0.0 0.0 5.0 1.0 0.0
37 43 38 0.0 0.0 0.0 0.0 1.0 0.0 0.0
37 43 41 0.0 0.0 0.0 0.0 1.0 0.0 0.0
37 43 42 0.0 0.0 0.0 0.0 3.0 0.0 0.0
38 37 38 0.0 0.0 0.0 3.0 11.0 1.0 0.0
38 37 39 0.0 0.0 1.0 0.0 30.0 2.0 0.0
38 37 40 0.0 0.0 0.0 7.0 25.0 0.0 0.0
38 37 41 0.0 0.0 1.0 4.0 32.0 2.0 0.0
38 37 42 0.0 0.0 0.0 2.0 2.0 0.0 0.0
38 38 37 0.0 0.0 0.0 0.0 13.0 0.0 0.0
38 38 38 0.0 2.0 16.0 97.0 1450.0 23.0 2.0
38 38 39 0.0 2.0 10.0 327.0 3339.0 55.0 26.0
38 38 40 0.0 8.0 43.0 276.0 4598.0 74.0 29.0
38 38 41 0.0 8.0 26.0 251.0 3132.0 52.0 22.0
38 38 42 0.0 0.0 0.0 117.0 1250.0 24.0 6.0
38 38 43 0.0 0.0 0.0 2.0 9.0 0.0 0.0
38 39 37 0.0 0.0 0.0 1.0 18.0 0.0 0.0
38 39 38 0.0 7.0 17.0 456.0 3201.0 54.0 29.0
38 39 39 0.0 31.0 66.0 1088.0 7480.0 165.0 141.0
38 39 40 0.0 14.0 136.0 1199.0 10178.0 189.0 274.0
38 39 41 0.0 5.0 71.0 759.0 6929.0 134.0 136.0
38 39 42 1.0 10.0 40.0 365.0 2784.0 61.0 15.0
38 39 43 0.0 0.0 0.0 6.0 19.0 0.0 0.0
38 40 37 0.0 0.0 0.0 0.0 15.0 0.0 0.0
38 40 38 0.0 8.0 40.0 625.0 3732.0 75.0 32.0
38 40 39 0.0 28.0 110.0 1311.0 10049.0 186.0 238.0
38 40 40 0.0 31.0 143.0 2096.0 13785.0 259.0 496.0
38 40 41 0.0 23.0 117.0 910.0 10590.0 189.0 260.0
38 40 42 0.0 8.0 57.0 363.0 4098.0 66.0 37.0
38 40 43 0.0 0.0 0.0 0.0 19.0 0.0 0.0
38 41 37 0.0 0.0 0.0 1.0 8.0 0.0 0.0
38 41 38 0.0 20.0 25.0 359.0 2510.0 46.0 15.0
38 41 39 0.0 32.0 44.0 818.0 6887.0 146.0 102.0
38 41 40 0.0 24.0 161.0 1335.0 10394.0 181.0 268.0
38 41 41 0.0 90.0 65.0 1558.0 7036.0 136.0 141.0
38 41 42 0.0 4.0 25.0 222.0 2635.0 47.0 13.0
38 41 43 0.0 0.0 0.0 2.0 16.0 0.0 0.0
38 42 37 0.0 0.0 0.0 0.0 8.0 0.0 0.0
38 42 38 0.0 0.0 14.0 104.0 986.0 21.0 2.0
38 42 39 0.0 2.0 36.0 291.0 2785.0 48.0 13.0
38 42 40 0.0 11.0 53.0 346.0 4002.0 65.0 39.0
38 42 41 0.0 6.0 42.0 359.0 3049.0 59.0 17.0
38 42 42 0.0 1.0 19.0 113.0 1289.0 37.0 6.0
38 42 43 0.0 0.0 0.0 0.0 5.0 0.0 0.0
38 43 38 0.0 0.0 0.0 0.0 3.0 0.0 0.0
38 43 39 0.0 2.0 0.0 4.0 15.0 0.0 0.0
38 43 40 0.0 0.0 0.0 1.0 22.0 0.0 0.0
38 43 41 0.0 0.0 0.0 0.0 20.0 0.0 0.0
38 43 42 0.0 0.0 0.0 1.0 3.0 0.0 0.0
39 37 37 0.0 0.0 0.0 0.0 3.0 0.0 0.0
39 37 38 0.0 0.0 0.0 3.0 33.0 1.0 0.0
39 37 39 0.0 0.0 0.0 20.0 76.0 1.0 0.0
39 37 40 0.0 0.0 1.0 13.0 110.0 1.0 0.0
39 37 41 0.0 0.0 0.0 10.0 64.0 1.0 0.0
39 37 42 0.0 0.0 0.0 4.0 28.0 1.0 0.0
39 37 43 0.0 0.0 0.0 0.0 1.0 0.0 0.0
39 38 37 0.0 0.0 0.0 2.0 27.0 0.0 0.0
39 38 38 0.0 4.0 23.0 225.0 3231.0 51.0 25.0
39 38 39 0.0 53.0 108.0 2083.0 9186.0 186.0 231.0
39 38 40 0.0 30.0 94.0 2115.0 11656.0 253.0 364.0
39 38 41 0.0 28.0 56.0 1417.0 7691.0 153.0 190.0
39 38 42 0.0 2.0 25.0 299.0 2792.0 53.0 22.0
39 38 43 0.0 0.0 0.0 7.0 19.0 0.0 0.0
39 39 37 0.0 0.0 2.0 1.0 58.0 1.0 0.0
39 39 38 0.0 15.0 82.0 772.0 7916.0 163.0 149.0
39 39 39 0.0 124.0 615.0 4618.0 43874.0 562.0 18663.0
39 39 40 0.0 108.0 593.0 4661.0 45438.0 563.0 18821.0
39 39 41 0.0 78.0 341.0 4127.0 44314.0 524.0 16771.0
39 39 42 0.0 8.0 57.0 880.0 7822.0 136.0 146.0
39 39 43 0.0 0.0 1.0 5.0 48.0 0.0 0.0
39 40 37 0.0 0.0 1.0 9.0 67.0 1.0 0.0
39 40 38 0.0 37.0 60.0 1167.0 10595.0 179.0 304.0
39 40 39 0.0 251.0 424.0 7729.0 42193.0 612.0 17059.0
39 40 40 0.0 155.0 537.0 7078.0 45659.0 535.0 24373.0
39 40 41 1.0 84.0 576.0 5194.0 44808.0 552.0 15847.0
39 40 42 0.0 28.0 137.0 1145.0 9932.0 175.0 244.0
39 40 43 0.0 0.0 2.0 15.0 53.0 0.0 0.0
39 41 37 0.0 0.0 0.0 7.0 79.0 1.0 0.0
39 41 38 0.0 10.0 71.0 861.0 7089.0 115.0 111.0
39 41 39 0.0 70.0 409.0 4764.0 41933.0 585.0 14011.0
39 41 40 1.0 84.0 527.0 4414.0 45734.0 532.0 18101.0
39 41 41 0.0 75.0 817.0 4597.0 43165.0 570.0 15773.0
39 41 42 0.0 11.0 67.0 930.0 7184.0 151.0 99.0
39 41 43 0.0 0.0 1.0 11.0 62.0 1.0 0.0
39 42 37 0.0 0.0 0.0 2.0 7.0 0.0 0.0
39 42 38 0.0 4.0 24.0 367.0 2848.0 66.0 17.0
39 42 39 0.0 26.0 81.0 794.0 6865.0 131.0 108.0
39 42 40 0.0 23.0 133.0 1083.0 9925.0 189.0 238.0
39 42 41 0.0 20.0 97.0 814.0 7508.0 136.0 150.0
39 42 42 0.0 5.0 84.0 358.0 3218.0 60.0 21.0
39 42 43 0.0 0.0 0.0 2.0 11.0 0.0 0.0
39 43 37 0.0 0.0 0.0 0.0 2.0 0.0 0.0
39 43 38 0.0 0.0 0.0 4.0 25.0 2.0 0.0
39 43 39 0.0 0.0 3.0 10.0 44.0 0.0 0.0
39 43 40 0.0 0.0 2.0 4.0 55.0 0.0 0.0
39 43 41 0.0 0.0 1.0 11.0 53.0 0.0 0.0
39 43 42 0.0 0.0 0.0 4.0 11.0 0.0 0.0
39 43 43 0.0 0.0 0.0 0.0 2.0 0.0 0.0
40 37 37 0.0 0.0 0.0 1.0 5.0 0.0 0.0
40 37 38 0.0 0.0 1.0 14.0 60.0 0.0 0.0
40 37 39 0.0 0.0 0.0 16.0 96.0 0.0 0.0
40 37 40 0.0 0.0 3.0 39.0 140.0 1.0 0.0
40 37 41 0.0 0.0 2.0 23.0 69.0 3.0 0.0
40 37 42 0.0 0.0 0.0 1.0 33.0 0.0 0.0
40 37 43 0.0 0.0 0.0 0.0 1.0 0.0 0.0
40 38 37 0.0 0.0 1.0 5.0 38.0 2.0 0.0
40 38 38 0.0 3.0 32.0 426.0 4804.0 100.0 54.0
40 38 39 0.0 37.0 99.0 1942.0 10483.0 191.0 305.0
40 38 40 0.0 25.0 153.0 2979.0 14670.0 280.0 625.0
40 38 41 0.0 29.0 80.0 2077.0 9916.0 211.0 278.0
40 38 42 0.0 4.0 91.0 402.0 4197.0 90.0 38.0
40 38 43 0.0 0.0 0.0 3.0 19.0 0.0 0.0
40 39 37 0.0 0.0 0.0 10.0 121.0 1.0 0.0
40 39 38 0.0 5.0 93.0 1123.0 10978.0 192.0 277.0
40 39 39 0.0 84.0 437.0 4076.0 46388.0 584.0 19926.0
40 39 40 0.0 376.0 377.0 14942.0 36500.0 525.0 31232.0
40 39 41 0.0 54.0 546.0 5753.0 43599.0 563.0 16627.0
40 39 42 0.0 12.0 109.0 1556.0 9900.0 201.0 267.0
40 39 43 0.0 0.0 0.0 6.0 93.0 1.0 0.0
40 40 37 0.0 0.0 0.0 4.0 121.0 1.0 0.0
40 40 38 0.0 25.0 184.0 1506.0 14364.0 277.0 487.0
40 40 39 1.0 119.0 501.0 5949.0 46889.0 605.0 23326.0
40 40 40 0.0 66.0 406.0 3154.0 24354.0 226.0 81073.0
40 40 41 0.0 198.0 642.0 6833.0 45770.0 589.0 25084.0
40 40 42 0.0 10.0 192.0 1597.0 14205.0 213.0 514.0
40 40 43 0.0 0.0 2.0 23.0 106.0 1.0 0.0
40 41 37 0.0 0.0 0.0 3.0 126.0 4.0 0.0
40 41 38 0.0 31.0 81.0 1238.0 9881.0 186.0 222.0
40 41 39 0.0 71.0 713.0 4535.0 45405.0 570.0 18150.0
40 41 40 0.0 153.0 568.0 5922.0 46622.0 563.0 23824.0
40 41 41 0.0 54.0 600.0 5781.0 44410.0 550.0 18976.0
40 41 42 0.0 18.0 120.0 1097.0 10353.0 177.0 264.0
40 41 43 0.0 4.0 1.0 9.0 98.0 2.0 0.0
40 42 37 0.0 0.0 0.0 1.0 25.0 0.0 0.0
40 42 38 0.0 3.0 45.0 276.0 4006.0 82.0 26.0
40 42 39 0.0 26.0 121.0 1326.0 9838.0 170.0 267.0
40 42 40 0.0 43.0 174.0 1714.0 13026.0 242.0 444.0
40 42 41 0.0 19.0 130.0 1195.0 10089.0 206.0 256.0
40 42 42 0.0 9.0 72.0 495.0 4455.0 92.0 55.0
40 42 43 0.0 0.0 1.0 2.0 26.0 1.0 0.0
40 43 37 0.0 0.0 0.0 0.0 2.0 0.0 0.0
40 43 38 0.0 0.0 1.0 2.0 18.0 0.0 0.0
40 43 39 0.0 2.0 0.0 12.0 74.0 1.0 0.0
40 43 40 0.0 0.0 1.0 16.0 89.0 2.0 0.0
40 43 41 0.0 0.0 0.0 14.0 88.0 3.0 0.0
40 43 42 0.0 2.0 0.0 5.0 26.0 1.0 0.0
40 43 43 0.0 0.0 0.0 0.0 1.0 0.0 0.0
41 37 37 0.0 0.0 0.0 3.0 4.0 0.0 0.0
41 37 38 0.0 0.0 0.0 1.0 29.0 1.0 0.0
41 37 39 0.0 0.0 0.0 8.0 83.0 2.0 0.0
41 37 40 0.0 4.0 0.0 24.0 77.0 2.0 0.0
41 37 41 0.0 1.0 0.0 14.0 63.0 1.0 0.0
41 37 42 0.0 0.0 0.0 5.0 13.0 0.0 0.0
41 37 43 0.0 0.0 0.0 0.0 2.0 0.0 0.0
41 38 37 0.0 0.0 1.0 5.0 18.0 0.0 0.0
41 38 38 0.0 1.0 10.0 243.0 2987.0 53.0 17.0
41 38 39 0.0 57.0 39.0 1689.0 7290.0 162.0 174.0
41 38 40 0.0 45.0 64.0 2265.0 9882.0 201.0 284.0
41 38 41 0.0 66.0 66.0 2069.0 7337.0 166.0 157.0
41 38 42 0.0 3.0 31.0 310.0 2949.0 60.0 22.0
41 38 43 0.0 0.0 0.0 4.0 17.0 1.0 0.0
41 39 37 0.0 0.0 0.0 11.0 56.0 0.0 0.0
41 39 38 0.0 5.0 97.0 803.0 8168.0 147.0 174.0
41 39 39 0.0 133.0 391.0 5294.0 42788.0 548.0 15285.0
41 39 40 1.0 71.0 458.0 6133.0 43355.0 591.0 15674.0
41 39 41 0.0 67.0 536.0 5072.0 42852.0 553.0 16046.0
41 39 42 0.0 27.0 79.0 849.0 7367.0 137.0 135.0
41 39 43 0.0 0.0 0.0 5.0 69.0 2.0 0.0
41 40 37 0.0 0.0 3.0 8.0 59.0 0.0 0.0
41 40 38 0.0 6.0 104.0 881.0 11128.0 201.0 247.0
41 40 39 0.0 51.0 648.0 3972.0 46228.0 601.0 21219.0
41 40 40 0.0 142.0 682.0 5262.0 47390.0 538.0 24160.0
41 40 41 0.0 120.0 538.0 5702.0 44646.0 588.0 18039.0
41 40 42 0.0 11.0 112.0 1225.0 10165.0 197.0 251.0
41 40 43 0.0 0.0 2.0 9.0 88.0 1.0 0.0
41 41 37 0.0 0.0 0.0 12.0 66.0 1.0 0.0
41 41 38 0.0 3.0 71.0 688.0 7506.0 126.0 137.0
41 41 39 0.0 32.0 435.0 3987.0 43327.0 567.0 14470.0
41 41 40 0.0 99.0 659.0 5744.0 43972.0 596.0 16945.0
41 41 41 0.0 58.0 709.0 4064.0 44323.0 597.0 17284.0
41 41 42 0.0 20.0 132.0 863.0 7338.0 139.0 110.0
41 41 43 0.0 0.0 1.0 9.0 55.0 2.0 0.0
41 42 37 0.0 0.0 1.0 1.0 25.0 1.0 0.0
41 42 38 0.0 20.0 26.0 328.0 3017.0 69.0 23.0
41 42 39 0.0 4.0 95.0 803.0 7161.0 120.0 125.0
41 42 40 0.0 14.0 144.0 1068.0 10768.0 204.0 289.0
41 42 41 0.0 16.0 95.0 1086.0 7636.0 124.0 144.0
41 42 42 0.0 0.0 66.0 326.0 2978.0 59.0 29.0
41 42 43 0.0 2.0 0.0 0.0 20.0 0.0 0.0
41 43 37 0.0 0.0 0.0 0.0 1.0 0.0 0.0
41 43 38 0.0 0.0 0.0 2.0 20.0 1.0 0.0
41 43 39 0.0 0.0 1.0 2.0 62.0 2.0 0.0
41 43 40 0.0 1.0 0.0 6.0 83.0 2.0 0.0
41 43 41 0.0 0.0 4.0 1.0 59.0 1.0 0.0
41 43 42 0.0 0.0 0.0 0.0 18.0 0.0 0.0
41 43 43 0.0 0.0 0.0 0.0 2.0 0.0 0.0
42 37 38 0.0 0.0 0.0 2.0 3.0 1.0 0.0
42 37 39 0.0 0.0 0.0 4.0 31.0 0.0 0.0
42 37 40 0.0 0.0 0.0 4.0 30.0 0.0 0.0
42 37 41 0.0 0.0 2.0 12.0 32.0 2.0 0.0
42 37 42 0.0 0.0 0.0 1.0 14.0 1.0 0.0
42 38 37 0.0 0.0 0.0 3.0 11.0 0.0 0.0
42 38 38 0.0 6.0 10.0 144.0 1291.0 34.0 3.0
42 38 39 0.0 15.0 22.0 317.0 2297.0 46.0 15.0
42 38 40 0.0 2.0 37.0 469.0 3634.0 69.0 32.0
42 38 41 0.0 5.0 15.0 396.0 2759.0 57.0 19.0
42 38 42 0.0 1.0 13.0 109.0 1132.0 14.0 4.0
42 38 43 0.0 0.0 0.0 0.0 4.0 0.0 0.0
42 39 37 0.0 0.0 0.0 0.0 24.0 0.0 0.0
42 39 38 0.0 13.0 19.0 250.0 3368.0 58.0 33.0
42 39 39 0.0 2.0 76.0 686.0 7845.0 168.0 144.0
42 39 40 0.0 15.0 150.0 951.0 10038.0 180.0 260.0
42 39 41 0.0 20.0 109.0 914.0 6819.0 154.0 132.0
42 39 42 0.0 3.0 22.0 409.0 2924.0 54.0 21.0
42 39 43 0.0 0.0 0.0 2.0 17.0 1.0 0.0
42 40 37 0.0 0.0 0.0 2.0 22.0 0.0 0.0
42 40 38 0.0 2.0 75.0 362.0 4555.0 77.0 53.0
42 40 39 0.0 20.0 93.0 1138.0 9801.0 167.0 230.0
42 40 40 0.0 10.0 187.0 1391.0 14577.0 257.0 494.0
42 40 41 0.0 16.0 141.0 1115.0 10144.0 188.0 234.0
42 40 42 0.0 8.0 48.0 444.0 4165.0 81.0 42.0
42 40 43 0.0 0.0 0.0 3.0 22.0 1.0 0.0
42 41 37 0.0 0.0 0.0 2.0 18.0 0.0 0.0
42 41 38 0.0 0.0 91.0 232.0 2986.0 62.0 14.0
42 41 39 0.0 8.0 155.0 603.0 7960.0 131.0 149.0
42 41 40 0.0 18.0 149.0 929.0 10499.0 184.0 254.0
42 41 41 0.0 8.0 116.0 744.0 8324.0 147.0 167.0
42 41 42 0.0 4.0 32.0 311.0 3298.0 66.0 26.0
42 41 43 0.0 0.0 0.0 0.0 30.0 2.0 0.0
42 42 37 0.0 0.0 0.0 0.0 2.0 0.0 0.0
42 42 38 0.0 6.0 7.0 109.0 1007.0 21.0 0.0
42 42 39 0.0 1.0 21.0 289.0 2411.0 51.0 16.0
42 42 40 0.0 2.0 83.0 426.0 4588.0 93.0 42.0
42 42 41 0.0 6.0 69.0 333.0 3043.0 64.0 23.0
42 42 42 0.0 2.0 12.0 76.0 1551.0 35.0 7.0
42 42 43 0.0 0.0 0.0 1.0 15.0 1.0 0.0
42 43 38 0.0 0.0 0.0 0.0 5.0 0.0 0.0
42 43 39 0.0 0.0 0.0 3.0 17.0 0.0 0.0
42 43 40 0.0 0.0 0.0 5.0 22.0 1.0 0.0
42 43 41 0.0 0.0 0.0 1.0 15.0 0.0 0.0
42 43 42 0.0 0.0 0.0 2.0 8.0 0.0 0.0
43 37 40 0.0 0.0 0.0 0.0 2.0 0.0 0.0
43 37 41 0.0 0.0 0.0 0.0 2.0 0.0 0.0
43 37 42 0.0 0.0 0.0 0.0 1.0 0.0 0.0
43 37 43 0.0 0.0 0.0 0.0 1.0 0.0 0.0
43 38 37 0.0 0.0 0.0 0.0 6.0 0.0 0.0
43 38 38 0.0 0.0 0.0 1.0 3.0 0.0 0.0
43 38 39 0.0 0.0 0.0 0.0 10.0 0.0 0.0
43 38 40 0.0 0.0 1.0 0.0 23.0 2.0 0.0
43 38 41 0.0 0.0 0.0 1.0 14.0 0.0 0.0
43 38 42 0.0 0.0 0.0 0.0 13.0 0.0 0.0
43 39 38 0.0 0.0 0.0 1.0 19.0 1.0 0.0
43 39 39 0.0 0.0 1.0 4.0 42.0 0.0 0.0
43 39 40 0.0 0.0 2.0 7.0 77.0 3.0 0.0
43 39 41 0.0 0.0 0.0 2.0 77.0 1.0 0.0
43 39 42 0.0 0.0 0.0 0.0 22.0 1.0 0.0
43 40 37 0.0 0.0 0.0 0.0 2.0 0.0 0.0
43 40 38 0.0 2.0 0.0 3.0 20.0 0.0 0.0
43 40 39 0.0 0.0 0.0 3.0 70.0 0.0 0.0
43 40 40 0.0 0.0 0.0 10.0 108.0 3.0 0.0
43 40 41 0.0 0.0 4.0 5.0 91.0 5.0 0.0
43 40 42 0.0 0.0 0.0 0.0 26.0 0.0 0.0
43 40 43 0.0 0.0 0.0 0.0 6.0 0.0 0.0
43 41 38 0.0 0.0 0.0 1.0 14.0 0.0 0.0
43 41 39 0.0 0.0 2.0 11.0 63.0 3.0 0.0
43 41 40 0.0 0.0 1.0 2.0 73.0 0.0 0.0
43 41 41 0.0 0.0 0.0 6.0 38.0 0.0 0.0
43 41 42 0.0 0.0 2.0 1.0 24.0 1.0 0.0
43 41 43 0.0 0.0 0.0 0.0 10.0 0.0 0.0
43 42 38 0.0 0.0 0.0 0.0 21.0 0.0 0.0
43 42 39 0.0 0.0 1.0 3.0 8.0 0.0 0.0
43 42 40 0.0 0.0 0.0 1.0 32.0 0.0 0.0
43 42 41 0.0 0.0 0.0 1.0 13.0 0.0 0.0
43 42 42 0.0 0.0 0.0 0.0 5.0 0.0 0.0
43 43 38 0.0 0.0 0.0 0.0 1.0 0.0 0.0
43 43 40 0.0 0.0 0.0 0.0 1.0 0.0 0.0
43 43 41 0.0 0.0 0.0 0.0 3.0 0.0 0.0
