37 40 41 0.0 0.0 0.0 0.0 1.0 0.0 0.0
38 38 38 0.0 0.0 0.0 7.0 78.0 1.0 0.0
38 38 39 0.0 0.0 0.0 13.0 254.0 4.0 0.0
38 38 40 0.0 0.0 3.0 13.0 290.0 6.0 0.0
38 38 41 0.0 1.0 1.0 15.0 212.0 4.0 0.0
38 38 42 0.0 0.0 0.0 4.0 75.0 0.0 0.0
38 39 38 0.0 1.0 0.0 31.0 189.0 5.0 0.0
38 39 39 0.0 6.0 5.0 62.0 498.0 10.0 1.0
38 39 40 0.0 1.0 16.0 63.0 707.0 10.0 0.0
38 39 41 0.0 0.0 6.0 45.0 416.0 5.0 0.0
38 39 42 1.0 0.0 3.0 10.0 173.0 4.0 0.0
38 40 38 0.0 1.0 0.0 35.0 216.0 5.0 0.0
38 40 39 0.0 1.0 11.0 83.0 667.0 14.0 1.0
38 40 40 0.0 11.0 12.0 168.0 1091.0 23.0 3.0
38 40 41 0.0 0.0 10.0 45.0 761.0 12.0 0.0
38 40 42 0.0 1.0 4.0 17.0 257.0 6.0 0.0
38 41 38 0.0 2.0 0.0 9.0 162.0 4.0 0.0
38 41 39 0.0 3.0 3.0 56.0 449.0 9.0 0.0
38 41 40 0.0 4.0 25.0 87.0 745.0 16.0 2.0
38 41 41 0.0 20.0 8.0 133.0 430.0 13.0 0.0
38 41 42 0.0 0.0 2.0 12.0 153.0 1.0 0.0
38 42 38 0.0 0.0 0.0 5.0 56.0 1.0 0.0
38 42 39 0.0 0.0 4.0 13.0 136.0 5.0 0.0
38 42 40 0.0 1.0 6.0 14.0 252.0 1.0 0.0
38 42 41 0.0 0.0 3.0 25.0 161.0 7.0 0.0
38 42 42 0.0 0.0 1.0 5.0 90.0 0.0 0.0
39 37 39 0.0 0.0 0.0 0.0 1.0 0.0 0.0
39 38 38 0.0 0.0 5.0 15.0 199.0 4.0 0.0
39 38 39 0.0 10.0 13.0 207.0 782.0 23.0 2.0
39 38 40 0.0 1.0 11.0 235.0 1023.0 19.0 2.0
39 38 41 0.0 2.0 7.0 111.0 564.0 14.0 0.0
39 38 42 0.0 0.0 2.0 18.0 158.0 4.0 0.0
39 39 38 0.0 0.0 10.0 55.0 572.0 6.0 0.0
39 39 39 0.0 71.0 432.0 2089.0 22228.0 364.0 1911.0
39 39 40 0.0 56.0 406.0 1925.0 21799.0 341.0 1740.0
39 39 41 0.0 40.0 210.0 1766.0 21031.0 342.0 1596.0
39 39 42 0.0 0.0 3.0 61.0 570.0 7.0 0.0
39 40 38 0.0 6.0 5.0 93.0 850.0 14.0 0.0
39 40 39 0.0 166.0 270.0 3484.0 18535.0 357.0 1497.0
39 40 40 0.0 103.0 358.0 4058.0 24835.0 412.0 2807.0
39 40 41 3.0 41.0 363.0 2086.0 18418.0 316.0 1254.0
39 40 42 0.0 1.0 14.0 73.0 674.0 7.0 1.0
39 41 38 0.0 0.0 11.0 51.0 500.0 14.0 1.0
39 41 39 0.0 45.0 239.0 2077.0 17514.0 306.0 1171.0
39 41 40 1.0 43.0 345.0 1866.0 21607.0 387.0 1744.0
39 41 41 0.0 57.0 516.0 2099.0 19023.0 322.0 1338.0
39 41 42 0.0 1.0 6.0 47.0 457.0 7.0 1.0
39 42 38 0.0 1.0 2.0 30.0 141.0 4.0 0.0
39 42 39 0.0 0.0 4.0 53.0 379.0 13.0 1.0
39 42 40 0.0 5.0 15.0 64.0 690.0 10.0 1.0
39 42 41 0.0 0.0 9.0 58.0 546.0 14.0 0.0
39 42 42 0.0 1.0 10.0 27.0 187.0 1.0 1.0
40 37 40 0.0 0.0 1.0 0.0 0.0 0.0 0.0
40 38 38 0.0 0.0 6.0 20.0 342.0 5.0 0.0
40 38 39 0.0 1.0 8.0 169.0 771.0 13.0 1.0
40 38 40 0.0 5.0 18.0 303.0 1143.0 32.0 2.0
40 38 41 0.0 5.0 5.0 166.0 703.0 13.0 3.0
40 38 42 0.0 0.0 22.0 15.0 263.0 4.0 0.0
40 39 37 0.0 0.0 0.0 0.0 1.0 0.0 0.0
40 39 38 0.0 0.0 6.0 82.0 760.0 14.0 1.0
40 39 39 0.0 51.0 332.0 1619.0 23551.0 392.0 2021.0
40 39 40 0.0 406.0 358.0 11811.0 23115.0 454.0 5209.0
40 39 41 0.0 35.0 341.0 2595.0 19152.0 356.0 1505.0
40 39 42 0.0 1.0 10.0 136.0 660.0 11.0 1.0
40 40 38 0.0 3.0 35.0 109.0 1077.0 23.0 3.0
40 40 39 1.0 105.0 375.0 3211.0 24412.0 390.0 2615.0
40 40 40 0.0 97.0 723.0 3569.0 29338.0 367.0 55842.0
40 40 41 0.0 149.0 539.0 3938.0 25307.0 424.0 2961.0
40 40 42 0.0 0.0 17.0 115.0 1063.0 24.0 2.0
40 41 38 0.0 6.0 2.0 93.0 655.0 10.0 2.0
40 41 39 0.0 36.0 503.0 2151.0 20923.0 372.0 1731.0
40 41 40 1.0 135.0 422.0 3193.0 24582.0 413.0 2600.0
40 41 41 0.0 30.0 453.0 2946.0 21212.0 360.0 1853.0
40 41 42 0.0 3.0 13.0 64.0 718.0 16.0 0.0
40 41 43 0.0 0.0 0.0 0.0 1.0 0.0 0.0
40 42 38 0.0 2.0 2.0 12.0 220.0 7.0 0.0
40 42 39 0.0 5.0 12.0 113.0 688.0 11.0 2.0
40 42 40 0.0 7.0 15.0 123.0 839.0 16.0 1.0
40 42 41 0.0 0.0 15.0 88.0 656.0 9.0 3.0
40 42 42 0.0 1.0 3.0 24.0 268.0 2.0 0.0
40 43 40 0.0 0.0 0.0 0.0 1.0 0.0 0.0
41 37 39 0.0 0.0 0.0 0.0 1.0 0.0 0.0
41 37 41 0.0 0.0 0.0 0.0 1.0 0.0 0.0
41 38 38 0.0 0.0 0.0 12.0 191.0 4.0 0.0
41 38 39 0.0 13.0 7.0 135.0 525.0 10.0 1.0
41 38 40 0.0 3.0 6.0 237.0 742.0 8.0 1.0
41 38 41 0.0 12.0 7.0 216.0 503.0 15.0 2.0
41 38 42 0.0 0.0 1.0 18.0 202.0 4.0 0.0
41 39 38 0.0 0.0 13.0 60.0 609.0 13.0 0.0
41 39 39 0.0 65.0 268.0 2196.0 18609.0 341.0 1239.0
41 39 40 0.0 19.0 283.0 2479.0 18023.0 340.0 1203.0
41 39 41 0.0 35.0 396.0 2218.0 19666.0 349.0 1512.0
41 39 42 0.0 3.0 7.0 44.0 434.0 9.0 0.0
41 40 37 0.0 0.0 0.0 0.0 1.0 0.0 0.0
41 40 38 0.0 1.0 8.0 53.0 856.0 19.0 1.0
41 40 39 0.0 29.0 521.0 1868.0 24592.0 437.0 2327.0
41 40 40 1.0 87.0 579.0 2640.0 25507.0 416.0 2723.0
41 40 41 0.0 73.0 343.0 2574.0 20666.0 332.0 1653.0
41 40 42 0.0 2.0 8.0 79.0 719.0 16.0 0.0
41 41 38 0.0 0.0 10.0 38.0 486.0 9.0 1.0
41 41 39 0.0 13.0 249.0 1672.0 18465.0 317.0 1198.0
41 41 40 0.0 63.0 419.0 2613.0 19205.0 366.0 1481.0
41 41 41 0.0 32.0 551.0 1989.0 20929.0 375.0 1748.0
41 41 42 0.0 2.0 15.0 63.0 446.0 10.0 0.0
41 42 38 0.0 4.0 2.0 16.0 196.0 2.0 0.0
41 42 39 0.0 1.0 11.0 51.0 462.0 13.0 0.0
41 42 40 0.0 2.0 16.0 70.0 820.0 14.0 0.0
41 42 41 0.0 0.0 7.0 95.0 488.0 8.0 0.0
41 42 42 0.0 0.0 5.0 24.0 155.0 2.0 0.0
42 38 38 0.0 0.0 2.0 13.0 84.0 0.0 0.0
42 38 39 0.0 0.0 3.0 14.0 104.0 1.0 0.0
42 38 40 0.0 1.0 2.0 17.0 202.0 3.0 0.0
42 38 41 0.0 0.0 1.0 14.0 144.0 4.0 0.0
42 38 42 0.0 0.0 0.0 6.0 55.0 0.0 0.0
42 39 38 0.0 0.0 6.0 18.0 243.0 1.0 0.0
42 39 39 0.0 0.0 9.0 51.0 566.0 6.0 1.0
42 39 40 0.0 4.0 11.0 57.0 672.0 16.0 1.0
42 39 41 0.0 0.0 11.0 54.0 416.0 13.0 1.0
42 39 42 0.0 0.0 4.0 21.0 187.0 3.0 0.0
42 40 38 0.0 0.0 10.0 23.0 306.0 6.0 0.0
42 40 39 0.0 2.0 7.0 68.0 597.0 14.0 0.0
42 40 40 0.0 0.0 30.0 98.0 1068.0 25.0 2.0
42 40 41 0.0 1.0 12.0 74.0 759.0 14.0 0.0
42 40 42 0.0 0.0 4.0 22.0 269.0 7.0 0.0
42 41 38 0.0 0.0 9.0 18.0 155.0 3.0 0.0
42 41 39 0.0 0.0 23.0 31.0 577.0 9.0 0.0
42 41 40 0.0 0.0 23.0 50.0 755.0 13.0 1.0
42 41 41 0.0 0.0 14.0 47.0 619.0 9.0 2.0
42 41 42 0.0 0.0 1.0 17.0 208.0 2.0 0.0
42 42 38 0.0 0.0 1.0 5.0 42.0 2.0 0.0
42 42 39 0.0 0.0 1.0 17.0 126.0 2.0 0.0
42 42 40 0.0 0.0 16.0 28.0 276.0 7.0 0.0
42 42 41 0.0 0.0 8.0 27.0 192.0 3.0 0.0
42 42 42 0.0 0.0 0.0 3.0 116.0 0.0 0.0
43 40 38 0.0 0.0 0.0 0.0 1.0 0.0 0.0
43 41 43 0.0 0.0 0.0 0.0 1.0 0.0 0.0
