37 37 39 0.0 0.0 0.0 0.0 1.0 0.0 0.0
37 37 40 0.0 0.0 0.0 0.0 1.0 0.0 0.0
37 37 43 0.0 0.0 0.0 0.0 2.0 0.0 0.0
37 38 38 0.0 0.0 0.0 0.0 2.0 0.0 0.0
37 38 39 0.0 0.0 0.0 0.0 6.0 0.0 0.0
37 38 40 0.0 0.0 0.0 0.0 7.0 0.0 0.0
37 38 41 0.0 0.0 0.0 1.0 4.0 0.0 0.0
37 38 42 0.0 0.0 0.0 0.0 1.0 0.0 0.0
37 39 37 0.0 0.0 0.0 0.0 1.0 0.0 0.0
37 39 38 0.0 0.0 0.0 1.0 0.0 0.0 0.0
37 39 39 0.0 0.0 0.0 4.0 15.0 0.0 0.0
37 39 40 0.0 0.0 0.0 3.0 33.0 1.0 0.0
37 39 41 0.0 0.0 5.0 1.0 29.0 0.0 0.0
37 39 42 0.0 0.0 0.0 2.0 14.0 0.0 0.0
37 40 37 0.0 0.0 0.0 0.0 2.0 0.0 0.0
37 40 38 0.0 0.0 0.0 0.0 11.0 0.0 0.0
37 40 39 0.0 0.0 0.0 2.0 26.0 0.0 0.0
37 40 40 0.0 0.0 0.0 5.0 30.0 1.0 0.0
37 40 41 0.0 0.0 0.0 3.0 33.0 0.0 0.0
37 40 42 0.0 0.0 0.0 0.0 12.0 1.0 0.0
37 40 43 0.0 0.0 0.0 1.0 2.0 0.0 0.0
37 41 37 0.0 0.0 0.0 0.0 1.0 0.0 0.0
37 41 38 0.0 0.0 0.0 4.0 7.0 0.0 0.0
37 41 39 0.0 0.0 1.0 1.0 21.0 0.0 0.0
37 41 40 0.0 0.0 1.0 9.0 45.0 0.0 0.0
37 41 41 0.0 0.0 0.0 5.0 19.0 1.0 0.0
37 41 42 0.0 0.0 0.0 2.0 6.0 0.0 0.0
37 42 38 0.0 0.0 0.0 2.0 1.0 0.0 0.0
37 42 39 0.0 0.0 1.0 0.0 3.0 0.0 0.0
37 42 40 0.0 0.0 0.0 1.0 9.0 0.0 0.0
37 42 41 0.0 0.0 0.0 3.0 6.0 0.0 0.0
37 42 42 0.0 0.0 0.0 0.0 1.0 0.0 0.0
37 42 43 0.0 0.0 0.0 0.0 1.0 0.0 0.0
37 43 42 0.0 0.0 0.0 0.0 1.0 0.0 0.0
38 37 38 0.0 0.0 0.0 2.0 1.0 0.0 0.0
38 37 39 0.0 0.0 0.0 0.0 10.0 0.0 0.0
38 37 40 0.0 0.0 0.0 2.0 10.0 0.0 0.0
38 37 41 0.0 0.0 1.0 0.0 8.0 0.0 0.0
38 37 42 0.0 0.0 0.0 0.0 1.0 0.0 0.0
38 38 37 0.0 0.0 0.0 0.0 4.0 0.0 0.0
38 38 38 0.0 0.0 11.0 60.0 888.0 10.0 0.0
38 38 39 0.0 1.0 5.0 196.0 2119.0 33.0 10.0
38 38 40 0.0 3.0 23.0 160.0 2901.0 62.0 17.0
38 38 41 0.0 3.0 13.0 169.0 1942.0 38.0 8.0
38 38 42 0.0 0.0 0.0 82.0 788.0 5.0 2.0
38 38 43 0.0 0.0 0.0 0.0 5.0 1.0 0.0
38 39 37 0.0 0.0 0.0 0.0 8.0 0.0 0.0
38 39 38 0.0 4.0 11.0 296.0 2046.0 50.0 9.0
38 39 39 0.0 22.0 44.0 683.0 4733.0 106.0 46.0
38 39 40 0.0 10.0 84.0 755.0 6650.0 121.0 106.0
38 39 41 0.0 2.0 42.0 472.0 4294.0 75.0 60.0
38 39 42 1.0 5.0 29.0 210.0 1676.0 27.0 5.0
38 39 43 0.0 0.0 0.0 3.0 10.0 0.0 0.0
38 40 37 0.0 0.0 0.0 0.0 6.0 0.0 0.0
38 40 38 0.0 7.0 21.0 387.0 2265.0 53.0 8.0
38 40 39 0.0 20.0 75.0 853.0 6400.0 125.0 94.0
38 40 40 0.0 26.0 104.0 1380.0 9164.0 168.0 182.0
38 40 41 0.0 17.0 75.0 574.0 6874.0 119.0 106.0
38 40 42 0.0 6.0 34.0 222.0 2604.0 57.0 8.0
38 40 43 0.0 0.0 0.0 0.0 5.0 0.0 0.0
38 41 37 0.0 0.0 0.0 0.0 2.0 0.0 0.0
38 41 38 0.0 17.0 17.0 209.0 1560.0 32.0 3.0
38 41 39 0.0 26.0 29.0 523.0 4258.0 89.0 39.0
38 41 40 0.0 20.0 117.0 908.0 6677.0 113.0 93.0
38 41 41 0.0 69.0 42.0 1035.0 4431.0 110.0 57.0
38 41 42 0.0 3.0 15.0 138.0 1606.0 25.0 7.0
38 41 43 0.0 0.0 0.0 0.0 3.0 0.0 0.0
38 42 37 0.0 0.0 0.0 0.0 3.0 0.0 0.0
38 42 38 0.0 0.0 6.0 61.0 605.0 11.0 1.0
38 42 39 0.0 0.0 24.0 160.0 1712.0 34.0 3.0
38 42 40 0.0 10.0 38.0 221.0 2512.0 54.0 12.0
38 42 41 0.0 4.0 26.0 233.0 1859.0 31.0 8.0
38 42 42 0.0 0.0 12.0 72.0 799.0 9.0 2.0
38 42 43 0.0 0.0 0.0 0.0 2.0 0.0 0.0
38 43 38 0.0 0.0 0.0 0.0 1.0 0.0 0.0
38 43 39 0.0 2.0 0.0 2.0 7.0 0.0 0.0
38 43 40 0.0 0.0 0.0 0.0 7.0 0.0 0.0
38 43 41 0.0 0.0 0.0 0.0 12.0 1.0 0.0
38 43 42 0.0 0.0 0.0 1.0 2.0 0.0 0.0
39 37 38 0.0 0.0 0.0 0.0 11.0 0.0 0.0
39 37 39 0.0 0.0 0.0 12.0 37.0 0.0 0.0
39 37 40 0.0 0.0 1.0 1.0 45.0 2.0 0.0
39 37 41 0.0 0.0 0.0 3.0 14.0 0.0 0.0
39 37 42 0.0 0.0 0.0 1.0 11.0 0.0 0.0
39 37 43 0.0 0.0 0.0 0.0 1.0 0.0 0.0
39 38 37 0.0 0.0 0.0 1.0 8.0 0.0 0.0
39 38 38 0.0 1.0 16.0 136.0 2029.0 41.0 8.0
39 38 39 0.0 39.0 68.0 1413.0 6070.0 130.0 81.0
39 38 40 0.0 19.0 65.0 1400.0 7698.0 143.0 132.0
39 38 41 0.0 12.0 34.0 905.0 4973.0 109.0 90.0
39 38 42 0.0 0.0 15.0 193.0 1691.0 30.0 6.0
39 38 43 0.0 0.0 0.0 2.0 2.0 0.0 0.0
39 39 37 0.0 0.0 2.0 0.0 16.0 0.0 0.0
39 39 38 0.0 9.0 54.0 468.0 5057.0 76.0 59.0
39 39 39 0.0 115.0 624.0 4248.0 41535.0 560.0 13277.0
39 39 40 0.0 92.0 569.0 4252.0 42678.0 588.0 13158.0
39 39 41 0.0 78.0 349.0 3764.0 41429.0 542.0 11752.0
39 39 42 0.0 4.0 30.0 610.0 5101.0 99.0 52.0
39 39 43 0.0 0.0 1.0 2.0 14.0 0.0 0.0
39 40 37 0.0 0.0 0.0 1.0 22.0 2.0 0.0
39 40 38 0.0 23.0 36.0 756.0 6938.0 134.0 122.0
39 40 39 0.0 247.0 419.0 7237.0 38698.0 565.0 11752.0
39 40 40 0.0 153.0 537.0 6926.0 43879.0 603.0 17621.0
39 40 41 1.0 77.0 572.0 4693.0 40844.0 588.0 10684.0
39 40 42 0.0 17.0 101.0 708.0 6271.0 135.0 94.0
39 40 43 0.0 0.0 1.0 9.0 11.0 0.0 0.0
39 41 37 0.0 0.0 0.0 3.0 37.0 1.0 0.0
39 41 38 0.0 4.0 47.0 511.0 4574.0 81.0 38.0
39 41 39 0.0 70.0 395.0 4460.0 38302.0 554.0 9460.0
39 41 40 1.0 78.0 524.0 4014.0 42742.0 597.0 12670.0
39 41 41 0.0 74.0 804.0 4312.0 39815.0 604.0 10881.0
39 41 42 0.0 9.0 43.0 593.0 4582.0 103.0 30.0
39 41 43 0.0 0.0 0.0 4.0 16.0 0.0 0.0
39 42 37 0.0 0.0 0.0 0.0 2.0 0.0 0.0
39 42 38 0.0 4.0 20.0 220.0 1736.0 35.0 4.0
39 42 39 0.0 16.0 52.0 531.0 4263.0 87.0 40.0
39 42 40 0.0 14.0 92.0 677.0 6341.0 119.0 84.0
39 42 41 0.0 10.0 66.0 518.0 4861.0 71.0 55.0
39 42 42 0.0 4.0 63.0 234.0 2026.0 36.0 8.0
39 42 43 0.0 0.0 0.0 0.0 5.0 0.0 0.0
39 43 38 0.0 0.0 0.0 2.0 7.0 1.0 0.0
39 43 39 0.0 0.0 3.0 3.0 17.0 0.0 0.0
39 43 40 0.0 0.0 1.0 1.0 18.0 0.0 0.0
39 43 41 0.0 0.0 0.0 2.0 22.0 2.0 0.0
39 43 42 0.0 0.0 0.0 2.0 0.0 1.0 0.0
40 37 37 0.0 0.0 0.0 0.0 2.0 0.0 0.0
40 37 38 0.0 0.0 1.0 4.0 23.0 1.0 0.0
40 37 39 0.0 0.0 0.0 8.0 40.0 0.0 0.0
40 37 40 0.0 0.0 3.0 19.0 48.0 0.0 0.0
40 37 41 0.0 0.0 2.0 7.0 25.0 0.0 0.0
40 37 42 0.0 0.0 0.0 0.0 9.0 0.0 0.0
40 38 37 0.0 0.0 0.0 2.0 16.0 0.0 0.0
40 38 38 0.0 1.0 28.0 273.0 3018.0 45.0 23.0
40 38 39 0.0 31.0 64.0 1276.0 6847.0 123.0 103.0
40 38 40 0.0 17.0 106.0 2076.0 9865.0 192.0 238.0
40 38 41 0.0 19.0 58.0 1402.0 6424.0 129.0 113.0
40 38 42 0.0 2.0 68.0 246.0 2603.0 49.0 14.0
40 38 43 0.0 0.0 0.0 0.0 4.0 0.0 0.0
40 39 37 0.0 0.0 0.0 2.0 52.0 2.0 0.0
40 39 38 0.0 2.0 64.0 707.0 7116.0 128.0 117.0
40 39 39 0.0 80.0 446.0 3644.0 43943.0 596.0 14274.0
40 39 40 0.0 436.0 402.0 15459.0 35374.0 549.0 24033.0
40 39 41 0.0 54.0 519.0 5349.0 40093.0 612.0 11457.0
40 39 42 0.0 8.0 84.0 1051.0 6278.0 124.0 111.0
40 39 43 0.0 0.0 0.0 3.0 30.0 1.0 0.0
40 40 37 0.0 0.0 0.0 1.0 46.0 0.0 0.0
40 40 38 0.0 17.0 127.0 996.0 9409.0 160.0 203.0
40 40 39 1.0 120.0 488.0 5760.0 44640.0 563.0 16727.0
40 40 40 0.0 70.0 425.0 3103.0 24304.0 230.0 75803.0
40 40 41 0.0 213.0 666.0 6526.0 43813.0 614.0 18294.0
40 40 42 0.0 10.0 135.0 1041.0 9333.0 167.0 198.0
40 40 43 0.0 0.0 1.0 10.0 32.0 2.0 0.0
40 41 37 0.0 0.0 0.0 0.0 50.0 2.0 0.0
40 41 38 0.0 24.0 54.0 800.0 6346.0 114.0 79.0
40 41 39 0.0 59.0 695.0 4207.0 42136.0 547.0 12709.0
40 41 40 1.0 171.0 581.0 5702.0 44616.0 646.0 17107.0
40 41 41 0.0 52.0 629.0 5563.0 41641.0 572.0 13348.0
40 41 42 0.0 13.0 82.0 710.0 6734.0 132.0 109.0
40 41 43 0.0 1.0 1.0 3.0 39.0 1.0 0.0
40 42 37 0.0 0.0 0.0 1.0 8.0 0.0 0.0
40 42 38 0.0 2.0 25.0 168.0 2476.0 46.0 10.0
40 42 39 0.0 20.0 94.0 891.0 6308.0 137.0 96.0
40 42 40 0.0 35.0 120.0 1122.0 8520.0 145.0 152.0
40 42 41 0.0 10.0 85.0 794.0 6487.0 121.0 96.0
40 42 42 0.0 7.0 46.0 292.0 2761.0 50.0 21.0
40 42 43 0.0 0.0 1.0 1.0 9.0 0.0 0.0
40 43 38 0.0 0.0 1.0 0.0 3.0 0.0 0.0
40 43 39 0.0 0.0 0.0 5.0 25.0 1.0 0.0
40 43 40 0.0 0.0 0.0 6.0 33.0 0.0 0.0
40 43 41 0.0 0.0 0.0 5.0 22.0 1.0 0.0
40 43 42 0.0 1.0 0.0 0.0 3.0 0.0 0.0
40 43 43 0.0 0.0 0.0 0.0 1.0 0.0 0.0
41 37 37 0.0 0.0 0.0 3.0 1.0 0.0 0.0
41 37 38 0.0 0.0 0.0 0.0 13.0 0.0 0.0
41 37 39 0.0 0.0 0.0 3.0 39.0 0.0 0.0
41 37 40 0.0 4.0 0.0 10.0 33.0 2.0 0.0
41 37 41 0.0 0.0 0.0 3.0 20.0 0.0 0.0
41 37 42 0.0 0.0 0.0 1.0 5.0 0.0 0.0
41 37 43 0.0 0.0 0.0 0.0 2.0 0.0 0.0
41 38 37 0.0 0.0 1.0 0.0 8.0 0.0 0.0
41 38 38 0.0 1.0 3.0 151.0 1904.0 31.0 8.0
41 38 39 0.0 48.0 31.0 1132.0 4648.0 98.0 69.0
41 38 40 0.0 33.0 37.0 1531.0 6434.0 132.0 110.0
41 38 41 0.0 52.0 46.0 1396.0 4672.0 106.0 63.0
41 38 42 0.0 1.0 16.0 188.0 1847.0 33.0 12.0
41 38 43 0.0 0.0 0.0 0.0 4.0 0.0 0.0
41 39 37 0.0 0.0 0.0 4.0 22.0 1.0 0.0
41 39 38 0.0 3.0 65.0 513.0 5200.0 112.0 61.0
41 39 39 0.0 122.0 395.0 4838.0 39615.0 598.0 10455.0
41 39 40 1.0 69.0 441.0 5629.0 39659.0 565.0 10505.0
41 39 41 0.0 61.0 528.0 4681.0 39642.0 546.0 11170.0
41 39 42 0.0 21.0 53.0 527.0 4634.0 97.0 52.0
41 39 43 0.0 0.0 0.0 0.0 29.0 1.0 0.0
41 40 37 0.0 0.0 2.0 2.0 21.0 0.0 0.0
41 40 38 0.0 5.0 67.0 559.0 7168.0 122.0 109.0
41 40 39 0.0 54.0 690.0 3713.0 44353.0 566.0 15267.0
41 40 40 0.0 148.0 701.0 5016.0 45674.0 646.0 17382.0
41 40 41 0.0 115.0 521.0 5317.0 41520.0 634.0 12534.0
41 40 42 0.0 9.0 88.0 784.0 6610.0 108.0 89.0
41 40 43 0.0 0.0 0.0 4.0 36.0 1.0 0.0
41 41 37 0.0 0.0 0.0 6.0 27.0 0.0 0.0
41 41 38 0.0 1.0 50.0 432.0 4800.0 88.0 42.0
41 41 39 0.0 30.0 403.0 3679.0 39639.0 594.0 9831.0
41 41 40 0.0 97.0 657.0 5398.0 40483.0 602.0 11580.0
41 41 41 0.0 58.0 747.0 3810.0 41469.0 608.0 12159.0
41 41 42 0.0 16.0 99.0 531.0 4633.0 90.0 31.0
41 41 43 0.0 0.0 0.0 3.0 20.0 3.0 0.0
41 42 37 0.0 0.0 1.0 1.0 11.0 1.0 0.0
41 42 38 0.0 14.0 22.0 204.0 1870.0 39.0 9.0
41 42 39 0.0 4.0 63.0 498.0 4593.0 98.0 51.0
41 42 40 0.0 10.0 97.0 699.0 6951.0 108.0 114.0
41 42 41 0.0 7.0 69.0 711.0 4831.0 106.0 55.0
41 42 42 0.0 0.0 52.0 199.0 1829.0 31.0 10.0
41 42 43 0.0 0.0 0.0 0.0 5.0 0.0 0.0
41 43 38 0.0 0.0 0.0 0.0 8.0 0.0 0.0
41 43 39 0.0 0.0 0.0 0.0 21.0 0.0 0.0
41 43 40 0.0 1.0 0.0 3.0 29.0 0.0 0.0
41 43 41 0.0 0.0 1.0 0.0 14.0 0.0 0.0
41 43 42 0.0 0.0 0.0 0.0 7.0 1.0 0.0
41 43 43 0.0 0.0 0.0 0.0 1.0 0.0 0.0
42 37 38 0.0 0.0 0.0 0.0 1.0 0.0 0.0
42 37 39 0.0 0.0 0.0 1.0 13.0 0.0 0.0
42 37 40 0.0 0.0 0.0 2.0 7.0 0.0 0.0
42 37 41 0.0 0.0 0.0 4.0 9.0 0.0 0.0
42 37 42 0.0 0.0 0.0 0.0 5.0 0.0 0.0
42 38 37 0.0 0.0 0.0 2.0 4.0 0.0 0.0
42 38 38 0.0 3.0 7.0 93.0 772.0 17.0 2.0
42 38 39 0.0 8.0 17.0 202.0 1397.0 26.0 6.0
42 38 40 0.0 1.0 23.0 268.0 2218.0 41.0 13.0
42 38 41 0.0 1.0 12.0 217.0 1675.0 31.0 6.0
42 38 42 0.0 0.0 8.0 64.0 704.0 18.0 2.0
42 38 43 0.0 0.0 0.0 0.0 2.0 0.0 0.0
42 39 37 0.0 0.0 0.0 0.0 8.0 0.0 0.0
42 39 38 0.0 9.0 16.0 161.0 2134.0 32.0 11.0
42 39 39 0.0 1.0 57.0 441.0 5107.0 92.0 52.0
42 39 40 0.0 7.0 112.0 597.0 6489.0 120.0 99.0
42 39 41 0.0 16.0 70.0 585.0 4338.0 97.0 54.0
42 39 42 0.0 1.0 14.0 257.0 1814.0 37.0 10.0
42 39 43 0.0 0.0 0.0 0.0 6.0 0.0 0.0
42 40 37 0.0 0.0 0.0 0.0 8.0 0.0 0.0
42 40 38 0.0 2.0 45.0 236.0 2879.0 62.0 20.0
42 40 39 0.0 14.0 64.0 730.0 6306.0 110.0 83.0
42 40 40 0.0 5.0 146.0 905.0 9634.0 214.0 206.0
42 40 41 0.0 10.0 93.0 722.0 6453.0 131.0 100.0
42 40 42 0.0 6.0 30.0 287.0 2628.0 50.0 18.0
42 40 43 0.0 0.0 0.0 0.0 6.0 1.0 0.0
42 41 37 0.0 0.0 0.0 1.0 4.0 0.0 0.0
42 41 38 0.0 0.0 69.0 152.0 1806.0 40.0 4.0
42 41 39 0.0 8.0 111.0 375.0 5127.0 97.0 50.0
42 41 40 0.0 12.0 107.0 588.0 6771.0 128.0 87.0
42 41 41 0.0 3.0 82.0 465.0 5402.0 104.0 66.0
42 41 42 0.0 2.0 13.0 211.0 2004.0 41.0 5.0
42 41 43 0.0 0.0 0.0 0.0 8.0 0.0 0.0
42 42 37 0.0 0.0 0.0 0.0 2.0 0.0 0.0
42 42 38 0.0 3.0 5.0 70.0 603.0 11.0 0.0
42 42 39 0.0 0.0 12.0 180.0 1433.0 33.0 5.0
42 42 40 0.0 2.0 65.0 274.0 2919.0 55.0 13.0
42 42 41 0.0 3.0 46.0 202.0 1916.0 37.0 11.0
42 42 42 0.0 1.0 6.0 48.0 1002.0 16.0 0.0
42 42 43 0.0 0.0 0.0 1.0 6.0 0.0 0.0
42 43 39 0.0 0.0 0.0 1.0 7.0 0.0 0.0
42 43 40 0.0 0.0 0.0 0.0 7.0 0.0 0.0
42 43 41 0.0 0.0 0.0 0.0 7.0 0.0 0.0
42 43 42 0.0 0.0 0.0 0.0 3.0 1.0 0.0
43 37 40 0.0 0.0 0.0 0.0 1.0 0.0 0.0
43 37 42 0.0 0.0 0.0 0.0 1.0 0.0 0.0
43 37 43 0.0 0.0 0.0 0.0 1.0 0.0 0.0
43 38 37 0.0 0.0 0.0 0.0 2.0 0.0 0.0
43 38 38 0.0 0.0 0.0 1.0 0.0 0.0 0.0
43 38 39 0.0 0.0 0.0 0.0 4.0 0.0 0.0
43 38 40 0.0 0.0 0.0 0.0 8.0 0.0 0.0
43 38 41 0.0 0.0 0.0 0.0 6.0 0.0 0.0
43 38 42 0.0 0.0 0.0 0.0 10.0 0.0 0.0
43 39 38 0.0 0.0 0.0 0.0 7.0 0.0 0.0
43 39 39 0.0 0.0 0.0 2.0 15.0 0.0 0.0
43 39 40 0.0 0.0 0.0 2.0 26.0 0.0 0.0
43 39 41 0.0 0.0 0.0 0.0 32.0 2.0 0.0
43 39 42 0.0 0.0 0.0 0.0 10.0 0.0 0.0
43 40 37 0.0 0.0 0.0 0.0 2.0 0.0 0.0
43 40 38 0.0 2.0 0.0 0.0 8.0 0.0 0.0
43 40 39 0.0 0.0 0.0 2.0 19.0 1.0 0.0
43 40 40 0.0 0.0 0.0 3.0 50.0 0.0 0.0
43 40 41 0.0 0.0 0.0 2.0 32.0 0.0 0.0
43 40 42 0.0 0.0 0.0 0.0 11.0 0.0 0.0
43 40 43 0.0 0.0 0.0 0.0 4.0 0.0 0.0
43 41 38 0.0 0.0 0.0 0.0 6.0 0.0 0.0
43 41 39 0.0 0.0 1.0 6.0 29.0 1.0 0.0
43 41 40 0.0 0.0 0.0 2.0 28.0 0.0 0.0
43 41 41 0.0 0.0 0.0 3.0 11.0 0.0 0.0
43 41 42 0.0 0.0 1.0 0.0 15.0 0.0 0.0
43 41 43 0.0 0.0 0.0 0.0 6.0 0.0 0.0
43 42 38 0.0 0.0 0.0 0.0 11.0 0.0 0.0
43 42 39 0.0 0.0 0.0 1.0 1.0 0.0 0.0
43 42 40 0.0 0.0 0.0 0.0 9.0 0.0 0.0
43 42 41 0.0 0.0 0.0 0.0 4.0 0.0 0.0
43 42 42 0.0 0.0 0.0 0.0 3.0 0.0 0.0
43 43 41 0.0 0.0 0.0 0.0 1.0 0.0 0.0
