35 37 38 0.0 0.0 0.0 0.0 2.0 0.0 0.0
35 37 40 0.0 0.0 0.0 0.0 3.0 0.0 0.0
35 38 37 0.0 0.0 0.0 0.0 1.0 0.0 0.0
35 38 38 0.0 0.0 0.0 1.0 8.0 0.0 0.0
35 38 39 0.0 0.0 0.0 0.0 11.0 0.0 0.0
35 38 40 0.0 0.0 0.0 0.0 14.0 0.0 0.0
35 38 41 0.0 0.0 0.0 0.0 14.0 0.0 0.0
35 38 42 0.0 0.0 0.0 0.0 1.0 0.0 0.0
35 38 43 0.0 0.0 0.0 0.0 1.0 0.0 0.0
35 39 37 0.0 0.0 0.0 0.0 1.0 0.0 0.0
35 39 38 0.0 0.0 0.0 1.0 5.0 0.0 0.0
35 39 39 0.0 0.0 0.0 9.0 21.0 1.0 0.0
35 39 40 0.0 0.0 0.0 1.0 18.0 0.0 0.0
35 39 41 0.0 0.0 0.0 1.0 25.0 1.0 0.0
35 39 42 0.0 0.0 0.0 1.0 6.0 0.0 0.0
35 39 43 0.0 0.0 0.0 0.0 6.0 0.0 0.0
35 40 37 0.0 0.0 0.0 0.0 1.0 0.0 0.0
35 40 38 0.0 0.0 0.0 2.0 12.0 0.0 0.0
35 40 39 0.0 0.0 0.0 6.0 36.0 1.0 0.0
35 40 40 0.0 0.0 0.0 3.0 29.0 0.0 0.0
35 40 41 0.0 1.0 0.0 7.0 30.0 0.0 0.0
35 40 42 0.0 0.0 0.0 0.0 9.0 0.0 0.0
35 40 43 0.0 0.0 0.0 0.0 5.0 0.0 0.0
35 41 37 0.0 0.0 0.0 0.0 4.0 0.0 0.0
35 41 38 0.0 0.0 0.0 2.0 7.0 0.0 0.0
35 41 39 0.0 0.0 0.0 1.0 13.0 0.0 0.0
35 41 40 0.0 0.0 0.0 2.0 24.0 0.0 0.0
35 41 41 0.0 0.0 0.0 2.0 27.0 0.0 0.0
35 41 42 0.0 0.0 0.0 1.0 10.0 1.0 0.0
35 41 43 0.0 0.0 0.0 1.0 3.0 0.0 0.0
35 42 37 0.0 0.0 0.0 1.0 0.0 0.0 0.0
35 42 38 0.0 0.0 0.0 1.0 6.0 0.0 0.0
35 42 39 0.0 0.0 0.0 1.0 6.0 0.0 0.0
35 42 40 0.0 0.0 0.0 1.0 6.0 0.0 0.0
35 42 41 0.0 0.0 0.0 0.0 6.0 0.0 0.0
35 42 42 0.0 0.0 0.0 0.0 2.0 0.0 0.0
35 43 39 0.0 0.0 0.0 1.0 2.0 0.0 0.0
35 43 40 0.0 0.0 0.0 1.0 2.0 0.0 0.0
35 43 41 0.0 0.0 0.0 0.0 1.0 0.0 0.0
36 35 41 0.0 0.0 0.0 0.0 2.0 0.0 0.0
36 36 37 0.0 0.0 0.0 0.0 8.0 0.0 0.0
36 36 38 0.0 2.0 0.0 6.0 42.0 1.0 0.0
36 36 39 0.0 0.0 0.0 9.0 55.0 1.0 0.0
36 36 40 0.0 0.0 0.0 14.0 64.0 2.0 0.0
36 36 41 0.0 0.0 0.0 7.0 55.0 1.0 0.0
36 36 42 0.0 0.0 0.0 1.0 15.0 0.0 0.0
36 36 43 0.0 0.0 0.0 0.0 2.0 0.0 0.0
36 36 44 0.0 0.0 0.0 1.0 0.0 0.0 0.0
36 37 36 0.0 0.0 0.0 0.0 5.0 0.0 0.0
36 37 37 0.0 1.0 2.0 6.0 90.0 3.0 0.0
36 37 38 0.0 0.0 0.0 24.0 383.0 5.0 1.0
36 37 39 0.0 0.0 1.0 115.0 719.0 17.0 1.0
36 37 40 0.0 0.0 10.0 104.0 960.0 18.0 3.0
36 37 41 0.0 0.0 2.0 112.0 750.0 15.0 1.0
36 37 42 0.0 0.0 1.0 23.0 379.0 5.0 0.0
36 37 43 0.0 0.0 1.0 14.0 60.0 0.0 0.0
36 37 44 0.0 0.0 0.0 0.0 2.0 0.0 0.0
36 38 36 0.0 0.0 0.0 3.0 38.0 1.0 0.0
36 38 37 0.0 0.0 3.0 43.0 386.0 3.0 0.0
36 38 38 0.0 0.0 9.0 178.0 1363.0 32.0 1.0
36 38 39 0.0 2.0 8.0 370.0 2928.0 56.0 13.0
36 38 40 0.0 2.0 9.0 394.0 3677.0 70.0 21.0
36 38 41 0.0 2.0 22.0 320.0 2889.0 51.0 8.0
36 38 42 0.0 3.0 3.0 145.0 1404.0 27.0 3.0
36 38 43 0.0 0.0 0.0 31.0 280.0 8.0 0.0
36 38 44 0.0 0.0 0.0 4.0 31.0 0.0 0.0
36 39 36 0.0 0.0 0.0 5.0 65.0 2.0 0.0
36 39 37 0.0 0.0 0.0 86.0 619.0 10.0 1.0
36 39 38 0.0 4.0 12.0 265.0 2800.0 38.0 10.0
36 39 39 0.0 3.0 15.0 623.0 5561.0 98.0 53.0
36 39 40 0.0 6.0 18.0 747.0 7234.0 131.0 100.0
36 39 41 0.0 17.0 26.0 732.0 5978.0 112.0 68.0
36 39 42 0.0 4.0 19.0 330.0 2875.0 59.0 6.0
36 39 43 0.0 0.0 4.0 79.0 674.0 11.0 1.0
36 39 44 0.0 0.0 0.0 3.0 57.0 0.0 0.0
36 40 36 0.0 0.0 0.0 8.0 66.0 2.0 0.0
36 40 37 0.0 0.0 1.0 129.0 906.0 20.0 2.0
36 40 38 0.0 2.0 14.0 449.0 3429.0 74.0 15.0
36 40 39 0.0 5.0 24.0 867.0 7007.0 143.0 98.0
36 40 40 0.0 8.0 24.0 1014.0 8574.0 142.0 131.0
36 40 41 0.0 10.0 29.0 889.0 6922.0 119.0 97.0
36 40 42 0.0 1.0 3.0 402.0 3522.0 50.0 19.0
36 40 43 0.0 1.0 2.0 105.0 960.0 23.0 0.0
36 40 44 0.0 0.0 0.0 9.0 87.0 4.0 0.0
36 41 36 0.0 0.0 0.0 10.0 66.0 0.0 0.0
36 41 37 0.0 0.0 0.0 74.0 761.0 13.0 0.0
36 41 38 0.0 1.0 13.0 396.0 2612.0 47.0 14.0
36 41 39 0.0 6.0 15.0 593.0 5746.0 109.0 59.0
36 41 40 0.0 3.0 43.0 848.0 7138.0 120.0 94.0
36 41 41 0.0 4.0 16.0 615.0 5928.0 116.0 66.0
36 41 42 0.0 5.0 12.0 344.0 2801.0 48.0 8.0
36 41 43 0.0 0.0 2.0 109.0 665.0 17.0 0.0
36 41 44 0.0 0.0 0.0 5.0 46.0 0.0 0.0
36 42 36 0.0 0.0 0.0 5.0 25.0 0.0 0.0
36 42 37 0.0 4.0 0.0 62.0 280.0 9.0 0.0
36 42 38 0.0 0.0 7.0 173.0 1279.0 22.0 4.0
36 42 39 0.0 1.0 2.0 320.0 2721.0 47.0 17.0
36 42 40 0.0 6.0 13.0 437.0 3734.0 71.0 25.0
36 42 41 0.0 2.0 9.0 321.0 3151.0 58.0 11.0
36 42 42 0.0 0.0 4.0 188.0 1394.0 15.0 1.0
36 42 43 0.0 0.0 0.0 36.0 353.0 9.0 0.0
36 42 44 0.0 0.0 1.0 0.0 22.0 2.0 0.0
36 43 36 0.0 0.0 0.0 1.0 3.0 0.0 0.0
36 43 37 0.0 0.0 0.0 7.0 56.0 2.0 0.0
36 43 38 0.0 0.0 0.0 24.0 317.0 13.0 0.0
36 43 39 0.0 0.0 0.0 82.0 718.0 20.0 0.0
36 43 40 0.0 1.0 0.0 137.0 944.0 28.0 1.0
36 43 41 0.0 0.0 1.0 92.0 732.0 19.0 2.0
36 43 42 0.0 0.0 1.0 46.0 361.0 9.0 0.0
36 43 43 0.0 0.0 0.0 10.0 76.0 0.0 0.0
36 43 44 0.0 0.0 0.0 0.0 4.0 0.0 0.0
36 44 36 0.0 0.0 0.0 0.0 7.0 0.0 0.0
36 44 37 0.0 0.0 0.0 0.0 3.0 0.0 0.0
36 44 38 0.0 0.0 0.0 2.0 10.0 0.0 0.0
36 44 39 0.0 0.0 0.0 4.0 50.0 1.0 0.0
36 44 40 0.0 0.0 0.0 4.0 67.0 0.0 0.0
36 44 41 0.0 0.0 1.0 5.0 42.0 0.0 0.0
36 44 42 0.0 0.0 0.0 3.0 23.0 0.0 0.0
36 44 43 0.0 0.0 0.0 0.0 2.0 0.0 0.0
36 45 40 0.0 0.0 0.0 0.0 2.0 0.0 0.0
37 35 39 0.0 0.0 0.0 0.0 1.0 0.0 0.0
37 35 40 0.0 0.0 0.0 1.0 4.0 0.0 0.0
37 35 41 0.0 0.0 0.0 1.0 2.0 0.0 0.0
37 36 35 0.0 0.0 0.0 0.0 1.0 0.0 0.0
37 36 36 0.0 0.0 0.0 0.0 3.0 0.0 0.0
37 36 37 0.0 0.0 0.0 16.0 127.0 0.0 0.0
37 36 38 0.0 0.0 0.0 60.0 457.0 13.0 0.0
37 36 39 0.0 1.0 3.0 139.0 839.0 19.0 0.0
37 36 40 0.0 0.0 3.0 144.0 1127.0 27.0 0.0
37 36 41 0.0 0.0 1.0 125.0 903.0 23.0 0.0
37 36 42 0.0 0.0 0.0 56.0 360.0 7.0 0.0
37 36 43 0.0 0.0 0.0 5.0 121.0 4.0 1.0
37 36 44 0.0 0.0 0.0 0.0 5.0 0.0 0.0
37 37 36 0.0 0.0 0.0 4.0 97.0 0.0 0.0
37 37 37 0.0 4.0 6.0 172.0 2453.0 48.0 15.0
37 37 38 0.0 1.0 3.0 746.0 7890.0 136.0 143.0
37 37 39 0.0 10.0 30.0 1449.0 14503.0 245.0 541.0
37 37 40 0.0 8.0 39.0 1674.0 16589.0 275.0 761.0
37 37 41 0.0 2.0 27.0 1109.0 13582.0 231.0 444.0
37 37 42 0.0 2.0 17.0 804.0 7483.0 119.0 147.0
37 37 43 0.0 0.0 3.0 296.0 2249.0 44.0 15.0
37 37 44 0.0 0.0 0.0 3.0 52.0 0.0 0.0
37 37 45 0.0 0.0 0.0 0.0 2.0 0.0 0.0
37 38 35 0.0 0.0 0.0 2.0 0.0 0.0 0.0
37 38 36 0.0 0.0 9.0 37.0 442.0 11.0 0.0
37 38 37 0.0 2.0 35.0 949.0 7948.0 152.0 151.0
37 38 38 0.0 33.0 98.0 2482.0 22533.0 351.0 1632.0
37 38 39 0.0 23.0 111.0 3872.0 34872.0 548.0 4985.0
37 38 40 0.0 28.0 113.0 4119.0 37638.0 551.0 6021.0
37 38 41 0.0 13.0 116.0 3563.0 34214.0 470.0 4669.0
37 38 42 0.0 6.0 50.0 2160.0 20694.0 366.0 1231.0
37 38 43 0.0 0.0 19.0 909.0 7604.0 121.0 145.0
37 38 44 0.0 0.0 2.0 39.0 311.0 6.0 0.0
37 39 36 0.0 0.0 3.0 88.0 811.0 18.0 0.0
37 39 37 0.0 16.0 41.0 1628.0 14274.0 263.0 554.0
37 39 38 0.0 16.0 104.0 4023.0 33692.0 509.0 4288.0
37 39 39 0.0 49.0 166.0 5324.0 45606.0 557.0 12043.0
37 39 40 0.0 58.0 205.0 5853.0 47997.0 657.0 15998.0
37 39 41 0.0 45.0 283.0 4640.0 46207.0 655.0 12211.0
37 39 42 0.0 30.0 111.0 3441.0 34731.0 503.0 4667.0
37 39 43 0.0 9.0 46.0 1163.0 13024.0 230.0 415.0
37 39 44 0.0 0.0 3.0 76.0 759.0 13.0 4.0
37 40 35 0.0 0.0 0.0 0.0 3.0 0.0 0.0
37 40 36 0.0 0.0 3.0 115.0 895.0 15.0 2.0
37 40 37 0.0 31.0 60.0 2002.0 15367.0 264.0 668.0
37 40 38 0.0 66.0 149.0 4648.0 37470.0 551.0 6532.0
37 40 39 0.0 103.0 174.0 5747.0 47383.0 605.0 15389.0
37 40 40 0.0 85.0 182.0 6009.0 49437.0 593.0 19041.0
37 40 41 0.0 44.0 179.0 5555.0 47969.0 619.0 15135.0
37 40 42 0.0 62.0 152.0 4215.0 37797.0 519.0 6382.0
37 40 43 0.0 8.0 55.0 1592.0 15861.0 236.0 706.0
37 40 44 0.0 0.0 6.0 97.0 906.0 10.0 5.0
37 40 45 0.0 0.0 0.0 0.0 2.0 0.0 0.0
37 41 36 0.0 0.0 2.0 103.0 689.0 14.0 2.0
37 41 37 0.0 17.0 40.0 1851.0 12328.0 215.0 411.0
37 41 38 0.0 61.0 114.0 4494.0 32336.0 511.0 4183.0
37 41 39 0.0 51.0 158.0 5425.0 44691.0 631.0 11168.0
37 41 40 0.0 51.0 173.0 5401.0 48135.0 610.0 15399.0
37 41 41 0.0 50.0 271.0 5569.0 45864.0 596.0 12500.0
37 41 42 0.0 56.0 160.0 3758.0 33279.0 500.0 4478.0
37 41 43 0.0 2.0 58.0 1342.0 12922.0 252.0 442.0
37 41 44 0.0 0.0 2.0 54.0 648.0 10.0 0.0
37 41 45 0.0 0.0 0.0 0.0 1.0 0.0 0.0
37 42 36 0.0 0.0 2.0 47.0 319.0 4.0 0.0
37 42 37 0.0 25.0 20.0 1013.0 5988.0 124.0 96.0
37 42 38 0.0 37.0 56.0 2277.0 20523.0 328.0 1270.0
37 42 39 0.0 21.0 167.0 3946.0 33332.0 562.0 4524.0
37 42 40 0.0 18.0 143.0 4419.0 37241.0 522.0 6242.0
37 42 41 0.0 34.0 96.0 4167.0 33544.0 518.0 4697.0
37 42 42 0.0 21.0 64.0 2612.0 21340.0 351.0 1437.0
37 42 43 0.0 10.0 41.0 747.0 6595.0 135.0 88.0
37 42 44 0.0 0.0 0.0 37.0 304.0 7.0 0.0
37 43 36 0.0 0.0 0.0 8.0 67.0 4.0 0.0
37 43 37 0.0 0.0 9.0 199.0 1703.0 31.0 1.0
37 43 38 0.0 13.0 16.0 740.0 6451.0 123.0 95.0
37 43 39 0.0 7.0 58.0 1194.0 12191.0 220.0 388.0
37 43 40 0.0 6.0 112.0 1438.0 15471.0 296.0 635.0
37 43 41 0.0 12.0 85.0 1413.0 13684.0 239.0 486.0
37 43 42 0.0 5.0 43.0 758.0 8008.0 153.0 165.0
37 43 43 0.0 0.0 13.0 177.0 2098.0 37.0 7.0
37 43 44 0.0 0.0 0.0 6.0 117.0 3.0 0.0
37 43 45 0.0 0.0 0.0 0.0 1.0 0.0 0.0
37 44 36 0.0 0.0 0.0 0.0 4.0 0.0 0.0
37 44 37 0.0 0.0 1.0 6.0 37.0 0.0 0.0
37 44 38 0.0 0.0 0.0 28.0 277.0 2.0 0.0
37 44 39 0.0 1.0 4.0 81.0 621.0 12.0 1.0
37 44 40 0.0 0.0 0.0 69.0 919.0 14.0 1.0
37 44 41 0.0 0.0 2.0 70.0 728.0 12.0 0.0
37 44 42 0.0 0.0 2.0 45.0 347.0 7.0 1.0
37 44 43 0.0 0.0 0.0 4.0 87.0 6.0 0.0
37 44 44 0.0 0.0 0.0 1.0 9.0 0.0 0.0
37 44 45 0.0 0.0 0.0 0.0 1.0 0.0 0.0
37 45 38 0.0 0.0 0.0 0.0 1.0 0.0 0.0
37 45 39 0.0 0.0 0.0 0.0 1.0 0.0 0.0
37 45 40 0.0 0.0 0.0 0.0 1.0 0.0 0.0
38 35 37 0.0 0.0 0.0 0.0 1.0 0.0 0.0
38 35 38 0.0 0.0 0.0 0.0 9.0 0.0 0.0
38 35 39 0.0 0.0 0.0 1.0 13.0 0.0 0.0
38 35 40 0.0 0.0 0.0 2.0 15.0 0.0 0.0
38 35 41 0.0 0.0 0.0 2.0 14.0 0.0 0.0
38 35 42 0.0 0.0 0.0 0.0 4.0 0.0 0.0
38 35 43 0.0 0.0 0.0 0.0 1.0 0.0 0.0
38 36 36 0.0 0.0 0.0 4.0 35.0 0.0 0.0
38 36 37 0.0 0.0 0.0 73.0 490.0 10.0 0.0
38 36 38 0.0 1.0 6.0 213.0 1552.0 20.0 7.0
38 36 39 0.0 4.0 22.0 499.0 3449.0 65.0 24.0
38 36 40 0.0 0.0 26.0 545.0 3861.0 59.0 24.0
38 36 41 0.0 1.0 14.0 456.0 3022.0 67.0 8.0
38 36 42 0.0 0.0 2.0 221.0 1386.0 28.0 6.0
38 36 43 0.0 1.0 0.0 44.0 360.0 3.0 0.0
38 36 44 0.0 0.0 0.0 3.0 22.0 1.0 0.0
38 37 36 0.0 0.0 1.0 34.0 386.0 4.0 0.0
38 37 37 0.0 0.0 29.0 646.0 8507.0 140.0 178.0
38 37 38 0.0 51.0 159.0 3363.0 23667.0 413.0 1901.0
38 37 39 0.0 43.0 125.0 4999.0 35561.0 551.0 5905.0
38 37 40 0.0 49.0 166.0 5514.0 38524.0 572.0 7398.0
38 37 41 0.0 15.0 134.0 4473.0 34673.0 521.0 5166.0
38 37 42 0.0 21.0 67.0 2606.0 21673.0 372.0 1506.0
38 37 43 0.0 0.0 8.0 671.0 6768.0 124.0 82.0
38 37 44 0.0 0.0 2.0 40.0 376.0 9.0 0.0
38 37 45 0.0 0.0 0.0 0.0 4.0 0.0 0.0
38 38 35 0.0 0.0 0.0 1.0 4.0 0.0 0.0
38 38 36 0.0 2.0 3.0 142.0 1517.0 27.0 3.0
38 38 37 0.0 7.0 64.0 2016.0 23230.0 397.0 1626.0
38 38 38 0.0 38.0 201.0 4684.0 48728.0 608.0 24493.0
38 38 39 0.0 37.0 110.0 5392.0 46949.0 474.0 42564.0
38 38 40 0.0 44.0 195.0 4628.0 45240.0 473.0 49307.0
38 38 41 0.0 40.0 157.0 4883.0 47292.0 470.0 41321.0
38 38 42 0.0 15.0 138.0 4595.0 48419.0 584.0 22305.0
38 38 43 0.0 7.0 67.0 2449.0 21740.0 350.0 1482.0
38 38 44 0.0 0.0 3.0 133.0 1344.0 30.0 5.0
38 38 45 0.0 0.0 0.0 0.0 6.0 0.0 0.0
38 39 35 0.0 0.0 0.0 0.0 8.0 0.0 0.0
38 39 36 0.0 3.0 14.0 318.0 2877.0 57.0 12.0
38 39 37 0.0 78.0 143.0 3983.0 35011.0 554.0 4968.0
38 39 38 0.0 44.0 191.0 5688.0 46182.0 481.0 42419.0
38 39 39 0.0 52.0 166.0 5197.0 40309.0 350.0 64381.0
38 39 40 0.0 28.0 190.0 4405.0 37840.0 308.0 71624.0
38 39 41 0.0 44.0 185.0 4442.0 41503.0 408.0 63221.0
38 39 42 1.0 50.0 259.0 5337.0 47136.0 533.0 40509.0
38 39 43 0.0 31.0 102.0 3523.0 34449.0 540.0 4641.0
38 39 44 0.0 6.0 8.0 294.0 2875.0 55.0 12.0
38 39 45 0.0 0.0 0.0 1.0 5.0 0.0 0.0
38 40 35 0.0 0.0 0.0 1.0 10.0 0.0 0.0
38 40 36 0.0 2.0 25.0 433.0 3537.0 60.0 26.0
38 40 37 0.0 42.0 142.0 4356.0 37174.0 540.0 5828.0
38 40 38 0.0 54.0 195.0 5960.0 44658.0 447.0 47322.0
38 40 39 0.0 59.0 209.0 4643.0 37846.0 362.0 71220.0
38 40 40 0.0 49.0 168.0 4362.0 34332.0 265.0 79895.0
38 40 41 0.0 53.0 231.0 4168.0 38133.0 320.0 71785.0
38 40 42 0.0 44.0 236.0 4525.0 45475.0 457.0 48072.0
38 40 43 0.0 20.0 180.0 3581.0 37793.0 571.0 5927.0
38 40 44 0.0 1.0 15.0 370.0 3518.0 72.0 20.0
38 40 45 0.0 0.0 1.0 3.0 7.0 0.0 0.0
38 41 35 0.0 0.0 0.0 7.0 6.0 0.0 0.0
38 41 36 0.0 1.0 35.0 327.0 2880.0 45.0 16.0
38 41 37 0.0 20.0 160.0 3886.0 32879.0 529.0 4350.0
38 41 38 0.0 92.0 213.0 6457.0 46522.0 473.0 39197.0
38 41 39 0.0 63.0 167.0 4969.0 41088.0 395.0 62356.0
38 41 40 0.0 39.0 168.0 4585.0 37682.0 321.0 72411.0
38 41 41 0.0 88.0 238.0 5781.0 39773.0 355.0 64759.0
38 41 42 0.0 34.0 243.0 4761.0 47914.0 521.0 39662.0
38 41 43 0.0 19.0 145.0 3768.0 34240.0 492.0 4624.0
38 41 44 0.0 0.0 10.0 288.0 2796.0 37.0 11.0
38 41 45 0.0 0.0 0.0 2.0 5.0 0.0 0.0
38 42 35 0.0 0.0 0.0 0.0 2.0 0.0 0.0
38 42 36 0.0 0.0 1.0 167.0 1205.0 25.0 3.0
38 42 37 0.0 16.0 43.0 2325.0 20770.0 357.0 1363.0
38 42 38 0.0 33.0 219.0 4778.0 47952.0 568.0 20618.0
38 42 39 0.0 48.0 256.0 5093.0 47195.0 509.0 39902.0
38 42 40 0.0 50.0 250.0 4751.0 45578.0 458.0 47460.0
38 42 41 0.0 48.0 213.0 5062.0 46830.0 487.0 41519.0
38 42 42 0.0 33.0 255.0 4567.0 48526.0 565.0 23626.0
38 42 43 0.0 7.0 107.0 2378.0 21195.0 360.0 1443.0
38 42 44 0.0 0.0 1.0 184.0 1437.0 26.0 5.0
38 42 45 0.0 0.0 0.0 0.0 2.0 0.0 0.0
38 43 35 0.0 0.0 0.0 0.0 2.0 0.0 0.0
38 43 36 0.0 0.0 0.0 32.0 343.0 9.0 0.0
38 43 37 0.0 5.0 31.0 628.0 6328.0 113.0 100.0
38 43 38 0.0 12.0 102.0 2227.0 20315.0 341.0 1227.0
38 43 39 0.0 46.0 103.0 4158.0 33125.0 525.0 4334.0
38 43 40 0.0 39.0 154.0 4033.0 37501.0 586.0 5973.0
38 43 41 0.0 53.0 120.0 3850.0 33779.0 533.0 4527.0
38 43 42 0.0 24.0 77.0 2172.0 21993.0 344.0 1465.0
38 43 43 0.0 11.0 29.0 854.0 7749.0 142.0 126.0
38 43 44 0.0 0.0 0.0 23.0 324.0 5.0 0.0
38 43 45 0.0 0.0 0.0 0.0 1.0 0.0 0.0
38 44 36 0.0 0.0 0.0 0.0 24.0 0.0 0.0
38 44 37 0.0 0.0 0.0 44.0 278.0 4.0 0.0
38 44 38 0.0 0.0 6.0 161.0 1165.0 21.0 2.0
38 44 39 0.0 1.0 20.0 341.0 2662.0 57.0 10.0
38 44 40 0.0 1.0 22.0 359.0 3465.0 61.0 19.0
38 44 41 0.0 0.0 9.0 203.0 2754.0 44.0 15.0
38 44 42 0.0 1.0 6.0 146.0 1415.0 20.0 1.0
38 44 43 0.0 0.0 3.0 49.0 329.0 6.0 0.0
38 44 44 0.0 0.0 1.0 3.0 30.0 2.0 0.0
38 45 37 0.0 0.0 0.0 0.0 1.0 0.0 0.0
38 45 38 0.0 0.0 0.0 3.0 16.0 0.0 0.0
38 45 39 0.0 0.0 0.0 1.0 11.0 1.0 0.0
38 45 40 0.0 0.0 0.0 0.0 9.0 0.0 0.0
38 45 41 0.0 0.0 0.0 0.0 1.0 0.0 0.0
38 45 42 0.0 0.0 0.0 0.0 2.0 0.0 0.0
38 45 43 0.0 0.0 0.0 0.0 1.0 0.0 0.0
39 35 37 0.0 0.0 0.0 0.0 1.0 0.0 0.0
39 35 38 0.0 0.0 0.0 0.0 11.0 0.0 0.0
39 35 39 0.0 0.0 1.0 3.0 35.0 0.0 0.0
39 35 40 0.0 0.0 0.0 2.0 36.0 0.0 0.0
39 35 41 0.0 0.0 0.0 1.0 32.0 0.0 0.0
39 35 42 0.0 2.0 0.0 0.0 13.0 0.0 0.0
39 35 43 0.0 0.0 0.0 0.0 5.0 0.0 0.0
39 36 36 0.0 0.0 0.0 2.0 44.0 1.0 0.0
39 36 37 0.0 1.0 9.0 175.0 1049.0 22.0 2.0
39 36 38 0.0 3.0 16.0 481.0 3306.0 69.0 17.0
39 36 39 0.0 7.0 13.0 979.0 6668.0 109.0 85.0
39 36 40 0.0 3.0 23.0 998.0 7713.0 162.0 117.0
39 36 41 0.0 6.0 22.0 997.0 5957.0 123.0 66.0
39 36 42 0.0 3.0 11.0 397.0 2854.0 52.0 15.0
39 36 43 0.0 0.0 1.0 92.0 752.0 10.0 2.0
39 36 44 0.0 0.0 0.0 7.0 73.0 3.0 0.0
39 37 35 0.0 0.0 0.0 0.0 1.0 0.0 0.0
39 37 36 0.0 0.0 0.0 110.0 815.0 22.0 0.0
39 37 37 0.0 9.0 36.0 1344.0 14440.0 245.0 549.0
39 37 38 0.0 41.0 115.0 4754.0 36098.0 520.0 5782.0
39 37 39 0.0 21.0 124.0 6571.0 45279.0 599.0 13578.0
39 37 40 0.0 39.0 189.0 6994.0 47242.0 661.0 16855.0
39 37 41 0.0 49.0 125.0 6709.0 44603.0 623.0 12804.0
39 37 42 0.0 24.0 125.0 4825.0 32910.0 525.0 4417.0
39 37 43 0.0 3.0 43.0 1406.0 14081.0 224.0 492.0
39 37 44 0.0 1.0 1.0 94.0 825.0 14.0 2.0
39 38 35 0.0 0.0 0.0 0.0 9.0 1.0 0.0
39 38 36 0.0 0.0 5.0 213.0 3256.0 55.0 19.0
39 38 37 0.0 23.0 83.0 3374.0 35580.0 538.0 5010.0
39 38 38 0.0 54.0 145.0 4764.0 47707.0 472.0 41530.0
39 38 39 0.0 68.0 166.0 5980.0 37192.0 322.0 67384.0
39 38 40 0.0 39.0 187.0 5205.0 35484.0 302.0 74392.0
39 38 41 0.0 72.0 161.0 5846.0 39420.0 348.0 64750.0
39 38 42 0.0 16.0 152.0 5505.0 47252.0 481.0 39537.0
39 38 43 0.0 18.0 149.0 3902.0 35281.0 513.0 5216.0
39 38 44 0.0 1.0 15.0 225.0 2887.0 58.0 19.0
39 38 45 0.0 0.0 0.0 1.0 13.0 0.0 0.0
39 39 35 0.0 0.0 0.0 2.0 30.0 0.0 0.0
39 39 36 0.0 1.0 29.0 496.0 6170.0 122.0 59.0
39 39 37 0.0 75.0 137.0 4822.0 46590.0 618.0 12458.0
39 39 38 0.0 41.0 202.0 4533.0 40418.0 354.0 65082.0
39 39 39 0.0 42.0 103.0 3034.0 23195.0 132.0 111333.0
39 39 40 0.0 36.0 119.0 2784.0 21873.0 116.0 115300.0
39 39 41 0.0 19.0 126.0 2850.0 23741.0 152.0 109796.0
39 39 42 0.0 34.0 189.0 4506.0 40672.0 349.0 64113.0
39 39 43 0.0 36.0 234.0 4644.0 45854.0 585.0 11694.0
39 39 44 0.0 0.0 9.0 548.0 5680.0 107.0 64.0
39 39 45 0.0 0.0 0.0 0.0 16.0 0.0 0.0
39 40 35 0.0 0.0 0.0 0.0 20.0 1.0 0.0
39 40 36 0.0 1.0 28.0 635.0 7279.0 133.0 87.0
39 40 37 0.0 40.0 200.0 5155.0 48181.0 635.0 14819.0
39 40 38 0.0 45.0 141.0 4237.0 37895.0 318.0 71857.0
39 40 39 0.0 25.0 98.0 2904.0 22128.0 123.0 114328.0
39 40 40 0.0 31.0 130.0 2377.0 19278.0 116.0 122873.0
39 40 41 0.0 16.0 120.0 2598.0 22597.0 134.0 113813.0
39 40 42 0.0 46.0 193.0 4381.0 38283.0 320.0 71050.0
39 40 43 0.0 16.0 217.0 5441.0 47871.0 552.0 15190.0
39 40 44 0.0 5.0 20.0 787.0 7135.0 130.0 99.0
39 40 45 0.0 0.0 0.0 1.0 29.0 0.0 0.0
39 41 35 0.0 0.0 0.0 4.0 14.0 1.0 0.0
39 41 36 0.0 1.0 23.0 641.0 5624.0 116.0 61.0
39 41 37 0.0 34.0 187.0 4846.0 45267.0 598.0 11836.0
39 41 38 0.0 43.0 205.0 4772.0 41504.0 367.0 62487.0
39 41 39 0.0 25.0 139.0 2948.0 24543.0 146.0 107535.0
39 41 40 0.0 36.0 142.0 2576.0 22342.0 123.0 115274.0
39 41 41 0.0 28.0 155.0 2760.0 24484.0 157.0 108852.0
39 41 42 0.0 31.0 234.0 4786.0 40975.0 359.0 63388.0
39 41 43 0.0 31.0 218.0 5094.0 45672.0 635.0 11878.0
39 41 44 0.0 0.0 18.0 641.0 5690.0 98.0 56.0
39 41 45 0.0 0.0 0.0 1.0 18.0 0.0 0.0
39 42 35 0.0 0.0 0.0 0.0 10.0 0.0 0.0
39 42 36 0.0 3.0 8.0 237.0 2677.0 54.0 8.0
39 42 37 0.0 28.0 153.0 3524.0 32760.0 458.0 3884.0
39 42 38 0.0 36.0 190.0 5169.0 47275.0 508.0 40020.0
39 42 39 0.0 48.0 226.0 4714.0 41129.0 362.0 62857.0
39 42 40 0.0 34.0 229.0 4101.0 38332.0 318.0 71348.0
39 42 41 0.0 57.0 250.0 4668.0 41322.0 341.0 63948.0
39 42 42 0.0 31.0 324.0 4912.0 46195.0 482.0 44052.0
39 42 43 0.0 11.0 182.0 3332.0 34812.0 520.0 4732.0
39 42 44 0.0 3.0 17.0 350.0 3037.0 55.0 15.0
39 42 45 0.0 0.0 0.0 0.0 11.0 1.0 0.0
39 43 35 0.0 0.0 0.0 0.0 2.0 0.0 0.0
39 43 36 0.0 0.0 2.0 95.0 686.0 13.0 0.0
39 43 37 0.0 2.0 32.0 1092.0 12272.0 202.0 379.0
39 43 38 0.0 15.0 80.0 3542.0 32283.0 518.0 3990.0
39 43 39 0.0 42.0 203.0 5106.0 45316.0 595.0 11639.0
39 43 40 0.0 26.0 240.0 5161.0 48009.0 574.0 15158.0
39 43 41 0.0 29.0 238.0 4953.0 46031.0 570.0 12157.0
39 43 42 0.0 30.0 200.0 3743.0 34724.0 530.0 4903.0
39 43 43 0.0 8.0 60.0 1387.0 14233.0 217.0 557.0
39 43 44 0.0 0.0 3.0 77.0 736.0 11.0 1.0
39 43 45 0.0 0.0 0.0 0.0 1.0 0.0 0.0
39 44 36 0.0 0.0 1.0 2.0 50.0 0.0 0.0
39 44 37 0.0 3.0 0.0 64.0 628.0 9.0 1.0
39 44 38 0.0 6.0 9.0 353.0 2515.0 42.0 12.0
39 44 39 0.0 4.0 11.0 664.0 5540.0 102.0 63.0
39 44 40 0.0 4.0 19.0 673.0 7012.0 123.0 75.0
39 44 41 0.0 2.0 30.0 626.0 5858.0 113.0 58.0
39 44 42 0.0 0.0 7.0 297.0 2965.0 49.0 16.0
39 44 43 0.0 0.0 1.0 78.0 794.0 17.0 0.0
39 44 44 0.0 0.0 0.0 12.0 72.0 4.0 0.0
39 45 38 0.0 0.0 0.0 0.0 7.0 0.0 0.0
39 45 39 0.0 0.0 0.0 1.0 10.0 0.0 0.0
39 45 40 0.0 0.0 0.0 4.0 37.0 2.0 0.0
39 45 41 0.0 0.0 0.0 7.0 6.0 0.0 0.0
39 45 42 0.0 0.0 0.0 3.0 5.0 0.0 0.0
39 45 43 0.0 0.0 0.0 0.0 1.0 0.0 0.0
40 35 36 0.0 0.0 0.0 0.0 1.0 0.0 0.0
40 35 37 0.0 0.0 0.0 1.0 2.0 0.0 0.0
40 35 38 0.0 0.0 0.0 0.0 7.0 0.0 0.0
40 35 39 0.0 0.0 0.0 1.0 28.0 1.0 0.0
40 35 40 0.0 0.0 0.0 3.0 54.0 2.0 0.0
40 35 41 0.0 0.0 0.0 3.0 31.0 1.0 0.0
40 35 42 0.0 0.0 0.0 0.0 16.0 1.0 0.0
40 35 43 0.0 0.0 0.0 0.0 4.0 0.0 0.0
40 36 36 0.0 0.0 0.0 7.0 61.0 0.0 0.0
40 36 37 0.0 2.0 3.0 205.0 1003.0 26.0 1.0
40 36 38 0.0 1.0 10.0 639.0 4106.0 79.0 20.0
40 36 39 0.0 5.0 20.0 1263.0 7383.0 168.0 102.0
40 36 40 0.0 4.0 29.0 1482.0 8958.0 166.0 164.0
40 36 41 0.0 7.0 16.0 1146.0 7259.0 141.0 93.0
40 36 42 0.0 3.0 24.0 581.0 3660.0 70.0 24.0
40 36 43 0.0 2.0 2.0 145.0 991.0 19.0 3.0
40 36 44 0.0 0.0 0.0 10.0 83.0 3.0 0.0
40 37 35 0.0 0.0 0.0 0.0 2.0 0.0 0.0
40 37 36 0.0 0.0 5.0 86.0 1082.0 19.0 1.0
40 37 37 0.0 12.0 30.0 1687.0 17128.0 267.0 817.0
40 37 38 0.0 56.0 129.0 6788.0 37943.0 575.0 7630.0
40 37 39 0.0 51.0 131.0 7338.0 46868.0 635.0 16931.0
40 37 40 0.0 44.0 187.0 8036.0 47748.0 635.0 21686.0
40 37 41 0.0 61.0 200.0 7878.0 46152.0 618.0 16165.0
40 37 42 0.0 38.0 130.0 5071.0 37471.0 580.0 6473.0
40 37 43 0.0 15.0 85.0 1530.0 15805.0 266.0 627.0
40 37 44 0.0 0.0 4.0 83.0 1007.0 16.0 1.0
40 37 45 0.0 0.0 0.0 0.0 2.0 0.0 0.0
40 38 35 0.0 0.0 0.0 1.0 11.0 1.0 0.0
40 38 36 0.0 3.0 14.0 341.0 3954.0 75.0 20.0
40 38 37 0.0 22.0 125.0 4270.0 38678.0 583.0 7091.0
40 38 38 0.0 33.0 125.0 4813.0 44591.0 455.0 50204.0
40 38 39 0.0 34.0 147.0 5390.0 36204.0 287.0 72726.0
40 38 40 0.0 36.0 193.0 5113.0 32401.0 267.0 81620.0
40 38 41 0.0 49.0 162.0 5981.0 36081.0 306.0 72000.0
40 38 42 0.0 34.0 258.0 5043.0 44606.0 432.0 49025.0
40 38 43 0.0 14.0 126.0 4195.0 37868.0 583.0 6511.0
40 38 44 0.0 0.0 12.0 365.0 3797.0 76.0 25.0
40 38 45 0.0 0.0 0.0 5.0 8.0 0.0 0.0
40 39 35 0.0 0.0 0.0 4.0 30.0 0.0 0.0
40 39 36 0.0 4.0 21.0 681.0 7290.0 144.0 89.0
40 39 37 0.0 19.0 183.0 4233.0 50094.0 641.0 15917.0
40 39 38 0.0 37.0 179.0 4070.0 38205.0 322.0 71714.0
40 39 39 0.0 23.0 116.0 2590.0 21639.0 136.0 116402.0
40 39 40 0.0 26.0 112.0 2740.0 17678.0 110.0 126651.0
40 39 41 0.0 35.0 125.0 2968.0 22013.0 130.0 114217.0
40 39 42 0.0 34.0 210.0 4764.0 37659.0 327.0 71425.0
40 39 43 0.0 34.0 206.0 4988.0 48565.0 615.0 15635.0
40 39 44 0.0 2.0 30.0 773.0 7664.0 133.0 96.0
40 39 45 0.0 0.0 0.0 3.0 23.0 0.0 0.0
40 40 35 0.0 0.0 0.0 5.0 29.0 0.0 0.0
40 40 36 0.0 7.0 39.0 904.0 9142.0 174.0 155.0
40 40 37 0.0 32.0 178.0 5142.0 50087.0 613.0 19405.0
40 40 38 0.0 43.0 182.0 3800.0 34474.0 281.0 79930.0
40 40 39 0.0 26.0 108.0 2250.0 19332.0 102.0 122840.0
40 40 40 0.0 18.0 79.0 1491.0 12279.0 32.0 152595.0
40 40 41 0.0 19.0 113.0 2337.0 19121.0 96.0 123797.0
40 40 42 0.0 36.0 186.0 3957.0 34210.0 264.0 80174.0
40 40 43 0.0 22.0 226.0 5762.0 49616.0 602.0 19060.0
40 40 44 0.0 24.0 39.0 1115.0 8454.0 156.0 140.0
40 40 45 0.0 0.0 0.0 4.0 21.0 0.0 0.0
40 41 35 0.0 0.0 0.0 3.0 29.0 0.0 0.0
40 41 36 0.0 1.0 21.0 735.0 7410.0 145.0 79.0
40 41 37 0.0 43.0 194.0 4689.0 49022.0 601.0 16048.0
40 41 38 0.0 25.0 180.0 4205.0 38586.0 329.0 70945.0
40 41 39 0.0 31.0 154.0 2424.0 22509.0 153.0 115195.0
40 41 40 0.0 19.0 120.0 2331.0 19542.0 110.0 123105.0
40 41 41 0.0 21.0 142.0 2628.0 22056.0 124.0 116147.0
40 41 42 0.0 37.0 225.0 4229.0 38244.0 325.0 71591.0
40 41 43 0.0 91.0 300.0 6062.0 47623.0 598.0 16493.0
40 41 44 0.0 7.0 41.0 744.0 7072.0 145.0 104.0
40 41 45 0.0 0.0 0.0 4.0 30.0 2.0 0.0
40 42 35 0.0 0.0 0.0 0.0 9.0 0.0 0.0
40 42 36 0.0 1.0 4.0 331.0 3635.0 74.0 16.0
40 42 37 0.0 17.0 185.0 3638.0 37610.0 552.0 6142.0
40 42 38 0.0 39.0 208.0 4128.0 46086.0 440.0 47441.0
40 42 39 0.0 21.0 196.0 4288.0 38015.0 319.0 71144.0
40 42 40 0.0 31.0 186.0 3969.0 34685.0 266.0 79291.0
40 42 41 0.0 23.0 224.0 4165.0 38078.0 323.0 71829.0
40 42 42 0.0 53.0 253.0 4702.0 44512.0 401.0 49705.0
40 42 43 0.0 24.0 250.0 3902.0 38727.0 528.0 6535.0
40 42 44 0.0 4.0 10.0 439.0 3687.0 73.0 26.0
40 42 45 0.0 0.0 1.0 1.0 18.0 0.0 0.0
40 43 36 0.0 0.0 4.0 81.0 879.0 19.0 2.0
40 43 37 0.0 17.0 54.0 1399.0 15773.0 289.0 633.0
40 43 38 0.0 26.0 155.0 3693.0 36926.0 524.0 5728.0
40 43 39 0.0 57.0 170.0 5467.0 47860.0 617.0 15664.0
40 43 40 0.0 52.0 304.0 5600.0 49617.0 624.0 18841.0
40 43 41 0.0 41.0 194.0 5293.0 48082.0 617.0 15529.0
40 43 42 0.0 42.0 193.0 4089.0 38288.0 547.0 6824.0
40 43 43 0.0 6.0 144.0 1628.0 16794.0 290.0 812.0
40 43 44 0.0 1.0 26.0 91.0 1003.0 22.0 1.0
40 43 45 0.0 0.0 0.0 0.0 1.0 0.0 0.0
40 44 36 0.0 0.0 0.0 5.0 59.0 1.0 0.0
40 44 37 0.0 0.0 2.0 62.0 725.0 11.0 0.0
40 44 38 0.0 3.0 8.0 397.0 3486.0 81.0 17.0
40 44 39 0.0 5.0 36.0 742.0 6876.0 118.0 77.0
40 44 40 0.0 4.0 43.0 983.0 8691.0 160.0 142.0
40 44 41 0.0 3.0 37.0 694.0 7459.0 141.0 84.0
40 44 42 0.0 1.0 9.0 392.0 3619.0 72.0 26.0
40 44 43 0.0 1.0 15.0 99.0 1028.0 25.0 1.0
40 44 44 0.0 0.0 0.0 5.0 74.0 2.0 0.0
40 45 37 0.0 0.0 0.0 0.0 3.0 0.0 0.0
40 45 38 0.0 0.0 0.0 0.0 4.0 1.0 0.0
40 45 39 0.0 0.0 0.0 2.0 31.0 0.0 0.0
40 45 40 0.0 0.0 1.0 0.0 27.0 0.0 0.0
40 45 41 0.0 0.0 0.0 7.0 35.0 1.0 0.0
40 45 42 0.0 0.0 0.0 1.0 7.0 0.0 0.0
40 45 43 0.0 0.0 0.0 0.0 9.0 0.0 0.0
41 35 38 0.0 0.0 0.0 0.0 19.0 0.0 0.0
41 35 39 0.0 0.0 0.0 1.0 21.0 0.0 0.0
41 35 40 0.0 0.0 0.0 4.0 25.0 0.0 0.0
41 35 41 0.0 0.0 1.0 6.0 25.0 1.0 0.0
41 35 42 0.0 0.0 0.0 1.0 6.0 0.0 0.0
41 35 43 0.0 0.0 0.0 1.0 2.0 0.0 0.0
41 36 36 0.0 0.0 0.0 15.0 57.0 0.0 0.0
41 36 37 0.0 0.0 8.0 98.0 741.0 10.0 2.0
41 36 38 0.0 4.0 7.0 515.0 3205.0 54.0 15.0
41 36 39 0.0 15.0 29.0 1107.0 5964.0 96.0 73.0
41 36 40 0.0 6.0 23.0 1200.0 7215.0 126.0 112.0
41 36 41 0.0 2.0 32.0 1016.0 5520.0 115.0 67.0
41 36 42 0.0 1.0 17.0 472.0 3061.0 54.0 27.0
41 36 43 0.0 1.0 1.0 104.0 695.0 12.0 0.0
41 36 44 0.0 0.0 0.0 2.0 66.0 1.0 0.0
41 37 35 0.0 0.0 0.0 0.0 3.0 0.0 0.0
41 37 36 0.0 0.0 1.0 66.0 887.0 19.0 1.0
41 37 37 0.0 22.0 35.0 1814.0 13713.0 233.0 536.0
41 37 38 0.0 19.0 134.0 4216.0 34580.0 540.0 5154.0
41 37 39 0.0 49.0 141.0 6842.0 44645.0 611.0 12996.0
41 37 40 0.0 124.0 134.0 8103.0 45652.0 639.0 16145.0
41 37 41 0.0 76.0 172.0 7471.0 43551.0 621.0 12584.0
41 37 42 0.0 117.0 128.0 5577.0 31561.0 513.0 4455.0
41 37 43 0.0 4.0 55.0 1471.0 13292.0 264.0 457.0
41 37 44 0.0 1.0 3.0 86.0 743.0 12.0 1.0
41 37 45 0.0 0.0 0.0 0.0 2.0 0.0 0.0
41 38 35 0.0 0.0 0.0 2.0 5.0 0.0 0.0
41 38 36 0.0 6.0 13.0 275.0 3078.0 53.0 18.0
41 38 37 0.0 24.0 117.0 3509.0 34989.0 545.0 4661.0
41 38 38 0.0 24.0 157.0 4929.0 48054.0 504.0 40336.0
41 38 39 0.0 59.0 131.0 6240.0 38973.0 365.0 64819.0
41 38 40 0.0 50.0 153.0 6123.0 35984.0 302.0 72497.0
41 38 41 0.0 78.0 201.0 7189.0 37572.0 363.0 65208.0
41 38 42 0.0 41.0 202.0 5296.0 47201.0 502.0 41480.0
41 38 43 0.0 33.0 192.0 3566.0 33687.0 552.0 4563.0
41 38 44 0.0 11.0 5.0 401.0 2752.0 54.0 11.0
41 38 45 0.0 0.0 0.0 2.0 8.0 0.0 0.0
41 39 35 0.0 0.0 0.0 0.0 15.0 0.0 0.0
41 39 36 0.0 1.0 23.0 480.0 6018.0 108.0 85.0
41 39 37 0.0 34.0 189.0 4106.0 47231.0 580.0 13081.0
41 39 38 0.0 34.0 173.0 4202.0 40742.0 351.0 64923.0
41 39 39 0.0 21.0 146.0 2898.0 24111.0 157.0 108703.0
41 39 40 0.0 24.0 132.0 2943.0 22063.0 130.0 114042.0
41 39 41 0.0 28.0 128.0 3116.0 23576.0 173.0 108997.0
41 39 42 0.0 55.0 206.0 4754.0 40688.0 382.0 64241.0
41 39 43 0.0 16.0 216.0 5143.0 45879.0 602.0 12322.0
41 39 44 0.0 4.0 30.0 640.0 5881.0 122.0 50.0
41 39 45 0.0 0.0 1.0 2.0 27.0 2.0 0.0
41 40 35 0.0 0.0 0.0 4.0 33.0 1.0 0.0
41 40 36 0.0 6.0 21.0 811.0 7612.0 136.0 89.0
41 40 37 0.0 35.0 191.0 4808.0 48748.0 614.0 15634.0
41 40 38 0.0 21.0 185.0 3572.0 37943.0 312.0 72278.0
41 40 39 0.0 31.0 142.0 2268.0 22048.0 102.0 117002.0
41 40 40 0.0 29.0 119.0 2235.0 19416.0 129.0 123292.0
41 40 41 0.0 22.0 131.0 2635.0 22426.0 137.0 115376.0
41 40 42 0.0 29.0 250.0 4328.0 37938.0 317.0 71173.0
41 40 43 0.0 27.0 190.0 5387.0 48490.0 599.0 15680.0
41 40 44 0.0 1.0 56.0 883.0 7243.0 153.0 90.0
41 40 45 0.0 0.0 0.0 2.0 18.0 1.0 0.0
41 41 35 0.0 0.0 0.0 1.0 20.0 0.0 0.0
41 41 36 0.0 0.0 26.0 604.0 5731.0 98.0 48.0
41 41 37 0.0 40.0 246.0 4402.0 46369.0 649.0 12393.0
41 41 38 0.0 31.0 204.0 3970.0 41488.0 358.0 63506.0
41 41 39 0.0 14.0 153.0 2548.0 25015.0 140.0 108102.0
41 41 40 0.0 19.0 139.0 2497.0 22650.0 136.0 114813.0
41 41 41 0.0 20.0 159.0 2507.0 23790.0 125.0 110619.0
41 41 42 0.0 31.0 271.0 4514.0 40829.0 361.0 64236.0
41 41 43 0.0 29.0 181.0 4912.0 45846.0 597.0 12242.0
41 41 44 0.0 4.0 18.0 689.0 5945.0 91.0 68.0
41 41 45 0.0 0.0 0.0 3.0 9.0 0.0 0.0
41 42 35 0.0 0.0 0.0 2.0 10.0 0.0 0.0
41 42 36 0.0 0.0 10.0 253.0 2922.0 50.0 12.0
41 42 37 0.0 18.0 165.0 2848.0 34606.0 547.0 4574.0
41 42 38 0.0 64.0 195.0 5153.0 47415.0 514.0 41111.0
41 42 39 0.0 31.0 245.0 4291.0 41515.0 367.0 63538.0
41 42 40 0.0 31.0 220.0 3764.0 37875.0 293.0 72469.0
41 42 41 0.0 39.0 234.0 4741.0 40674.0 357.0 64060.0
41 42 42 0.0 22.0 327.0 4625.0 47108.0 471.0 42043.0
41 42 43 0.0 30.0 140.0 3885.0 34388.0 539.0 4803.0
41 42 44 0.0 0.0 5.0 286.0 3069.0 46.0 13.0
41 42 45 0.0 0.0 0.0 0.0 4.0 0.0 0.0
41 43 35 0.0 0.0 0.0 0.0 3.0 0.0 0.0
41 43 36 0.0 0.0 1.0 79.0 715.0 12.0 0.0
41 43 37 0.0 24.0 30.0 1310.0 13141.0 226.0 478.0
41 43 38 0.0 35.0 171.0 3761.0 33979.0 537.0 4719.0
41 43 39 0.0 57.0 205.0 4479.0 46172.0 639.0 11899.0
41 43 40 0.0 53.0 266.0 5228.0 48346.0 660.0 15366.0
41 43 41 0.0 18.0 310.0 4694.0 46104.0 625.0 12455.0
41 43 42 0.0 5.0 137.0 3382.0 34472.0 482.0 4430.0
41 43 43 0.0 0.0 48.0 1190.0 14368.0 246.0 564.0
41 43 44 0.0 1.0 10.0 137.0 767.0 22.0 0.0
41 44 36 0.0 0.0 1.0 8.0 58.0 1.0 0.0
41 44 37 0.0 0.0 3.0 51.0 726.0 13.0 3.0
41 44 38 0.0 0.0 7.0 318.0 2660.0 65.0 18.0
41 44 39 0.0 3.0 25.0 546.0 5341.0 81.0 54.0
41 44 40 0.0 3.0 43.0 690.0 7158.0 123.0 93.0
41 44 41 0.0 1.0 45.0 610.0 5837.0 117.0 62.0
41 44 42 0.0 1.0 19.0 402.0 2959.0 54.0 18.0
41 44 43 0.0 0.0 2.0 83.0 937.0 16.0 3.0
41 44 44 0.0 0.0 0.0 3.0 62.0 1.0 0.0
41 45 37 0.0 0.0 0.0 0.0 1.0 0.0 0.0
41 45 38 0.0 0.0 0.0 1.0 10.0 0.0 0.0
41 45 39 0.0 0.0 0.0 5.0 14.0 0.0 0.0
41 45 40 0.0 0.0 0.0 2.0 26.0 1.0 0.0
41 45 41 0.0 0.0 0.0 2.0 14.0 0.0 0.0
41 45 42 0.0 0.0 0.0 1.0 9.0 0.0 0.0
42 35 37 0.0 0.0 0.0 0.0 2.0 0.0 0.0
42 35 38 0.0 0.0 0.0 0.0 7.0 0.0 0.0
42 35 39 0.0 0.0 0.0 1.0 9.0 0.0 0.0
42 35 40 0.0 0.0 0.0 5.0 10.0 0.0 0.0
42 35 41 0.0 0.0 0.0 1.0 17.0 1.0 0.0
42 35 42 0.0 0.0 0.0 0.0 5.0 0.0 0.0
42 35 43 0.0 0.0 0.0 0.0 1.0 0.0 0.0
42 35 44 0.0 0.0 0.0 0.0 1.0 0.0 0.0
42 36 36 0.0 0.0 0.0 10.0 21.0 0.0 0.0
42 36 37 0.0 0.0 2.0 50.0 418.0 9.0 0.0
42 36 38 0.0 1.0 0.0 214.0 1471.0 30.0 4.0
42 36 39 0.0 4.0 8.0 498.0 2915.0 54.0 13.0
42 36 40 0.0 4.0 12.0 576.0 3514.0 64.0 29.0
42 36 41 0.0 9.0 7.0 538.0 2628.0 56.0 13.0
42 36 42 0.0 0.0 4.0 250.0 1418.0 29.0 5.0
42 36 43 0.0 0.0 0.0 56.0 291.0 4.0 0.0
42 36 44 0.0 0.0 0.0 0.0 32.0 0.0 0.0
42 37 35 0.0 0.0 0.0 0.0 2.0 0.0 0.0
42 37 36 0.0 0.0 0.0 37.0 363.0 9.0 0.0
42 37 37 0.0 9.0 20.0 709.0 7666.0 138.0 136.0
42 37 38 0.0 33.0 23.0 2891.0 20918.0 375.0 1386.0
42 37 39 0.0 81.0 140.0 4980.0 32569.0 557.0 4644.0
42 37 40 0.0 79.0 125.0 6710.0 35170.0 511.0 6512.0
42 37 41 0.0 46.0 129.0 5688.0 32607.0 462.0 4773.0
42 37 42 0.0 32.0 132.0 3354.0 21598.0 364.0 1687.0
42 37 43 0.0 2.0 49.0 824.0 7414.0 128.0 129.0
42 37 44 0.0 0.0 3.0 45.0 343.0 6.0 0.0
42 37 45 0.0 0.0 0.0 0.0 3.0 1.0 0.0
42 38 35 0.0 0.0 0.0 1.0 4.0 0.0 0.0
42 38 36 0.0 0.0 2.0 135.0 1420.0 28.0 5.0
42 38 37 0.0 12.0 68.0 2061.0 23400.0 403.0 1602.0
42 38 38 0.0 104.0 140.0 6035.0 47039.0 592.0 23310.0
42 38 39 0.0 92.0 177.0 6553.0 46871.0 481.0 38613.0
42 38 40 0.0 50.0 161.0 6026.0 44900.0 464.0 46147.0
42 38 41 0.0 47.0 163.0 6173.0 46141.0 468.0 40368.0
42 38 42 0.0 21.0 238.0 5285.0 47924.0 557.0 22168.0
42 38 43 0.0 13.0 104.0 2340.0 22142.0 349.0 1555.0
42 38 44 0.0 0.0 5.0 164.0 1360.0 33.0 4.0
42 38 45 0.0 0.0 0.0 1.0 1.0 0.0 0.0
42 39 35 0.0 0.0 0.0 0.0 11.0 0.0 0.0
42 39 36 0.0 5.0 9.0 234.0 3035.0 61.0 14.0
42 39 37 0.0 19.0 91.0 3140.0 34887.0 501.0 4741.0
42 39 38 0.0 57.0 168.0 4502.0 47240.0 485.0 42212.0
42 39 39 0.0 32.0 173.0 4228.0 41124.0 350.0 63867.0
42 39 40 0.0 36.0 206.0 4305.0 37822.0 343.0 71641.0
42 39 41 0.0 44.0 254.0 5314.0 40690.0 381.0 62934.0
42 39 42 0.0 61.0 153.0 5748.0 46552.0 468.0 41234.0
42 39 43 0.0 20.0 129.0 3312.0 34477.0 504.0 4791.0
42 39 44 0.0 1.0 11.0 234.0 2961.0 49.0 15.0
42 39 45 0.0 0.0 0.0 0.0 14.0 0.0 0.0
42 40 35 0.0 0.0 0.0 2.0 0.0 0.0 0.0
42 40 36 0.0 1.0 28.0 333.0 3798.0 75.0 23.0
42 40 37 0.0 13.0 147.0 3310.0 39048.0 544.0 6713.0
42 40 38 0.0 12.0 227.0 3988.0 45630.0 430.0 48780.0
42 40 39 0.0 21.0 224.0 3888.0 38781.0 328.0 71109.0
42 40 40 0.0 26.0 203.0 3452.0 34867.0 278.0 80230.0
42 40 41 0.0 24.0 231.0 4181.0 37787.0 314.0 71714.0
42 40 42 0.0 47.0 217.0 4709.0 45121.0 447.0 48791.0
42 40 43 0.0 25.0 148.0 4097.0 37554.0 572.0 6183.0
42 40 44 0.0 1.0 15.0 383.0 3601.0 70.0 16.0
42 40 45 0.0 0.0 0.0 0.0 13.0 1.0 0.0
42 41 35 0.0 0.0 0.0 0.0 7.0 0.0 0.0
42 41 36 0.0 4.0 11.0 282.0 2840.0 63.0 12.0
42 41 37 0.0 16.0 161.0 2589.0 34881.0 585.0 4362.0
42 41 38 0.0 23.0 331.0 3713.0 48598.0 472.0 41402.0
42 41 39 0.0 33.0 277.0 3709.0 41518.0 358.0 64690.0
42 41 40 0.0 45.0 227.0 3565.0 38004.0 278.0 72349.0
42 41 41 0.0 24.0 251.0 3826.0 41314.0 354.0 65200.0
42 41 42 0.0 29.0 196.0 4546.0 47146.0 486.0 41770.0
42 41 43 0.0 14.0 118.0 3223.0 34484.0 512.0 4662.0
42 41 44 0.0 1.0 17.0 358.0 2866.0 44.0 18.0
42 41 45 0.0 0.0 0.0 0.0 4.0 0.0 0.0
42 42 35 0.0 0.0 0.0 1.0 8.0 0.0 0.0
42 42 36 0.0 0.0 6.0 140.0 1453.0 21.0 2.0
42 42 37 0.0 9.0 78.0 2079.0 21608.0 332.0 1462.0
42 42 38 0.0 53.0 171.0 4742.0 48311.0 610.0 21583.0
42 42 39 0.0 20.0 232.0 4644.0 48337.0 493.0 38478.0
42 42 40 0.0 17.0 268.0 4218.0 44973.0 435.0 50099.0
42 42 41 0.0 43.0 338.0 4599.0 47408.0 489.0 41617.0
42 42 42 0.0 21.0 178.0 3640.0 49658.0 542.0 24569.0
42 42 43 0.0 6.0 94.0 2049.0 23403.0 406.0 1646.0
42 42 44 0.0 1.0 10.0 132.0 1511.0 31.0 8.0
42 42 45 0.0 0.0 0.0 0.0 3.0 0.0 0.0
42 43 35 0.0 0.0 0.0 0.0 1.0 0.0 0.0
42 43 36 0.0 0.0 2.0 28.0 405.0 3.0 0.0
42 43 37 0.0 7.0 35.0 810.0 7035.0 124.0 120.0
42 43 38 0.0 15.0 48.0 1922.0 21245.0 355.0 1217.0
42 43 39 0.0 15.0 109.0 3058.0 34006.0 490.0 4421.0
42 43 40 0.0 12.0 204.0 3497.0 37615.0 592.0 5921.0
42 43 41 0.0 25.0 150.0 3605.0 35537.0 492.0 4889.0
42 43 42 0.0 19.0 111.0 2050.0 22250.0 388.0 1512.0
42 43 43 0.0 1.0 31.0 709.0 7560.0 141.0 131.0
42 43 44 0.0 1.0 0.0 32.0 335.0 7.0 0.0
42 44 36 0.0 0.0 0.0 3.0 23.0 0.0 0.0
42 44 37 0.0 1.0 1.0 32.0 274.0 4.0 0.0
42 44 38 0.0 0.0 4.0 119.0 1380.0 25.0 2.0
42 44 39 0.0 1.0 10.0 259.0 2976.0 42.0 13.0
42 44 40 0.0 0.0 7.0 314.0 3747.0 59.0 19.0
42 44 41 0.0 0.0 6.0 256.0 2886.0 52.0 10.0
42 44 42 0.0 0.0 5.0 114.0 1477.0 31.0 2.0
42 44 43 0.0 0.0 0.0 29.0 345.0 6.0 0.0
42 44 44 0.0 0.0 0.0 3.0 35.0 0.0 0.0
42 44 45 0.0 0.0 0.0 0.0 1.0 0.0 0.0
42 45 38 0.0 0.0 0.0 6.0 3.0 0.0 0.0
42 45 39 0.0 0.0 0.0 0.0 13.0 0.0 0.0
42 45 40 0.0 0.0 0.0 2.0 5.0 0.0 0.0
42 45 41 0.0 0.0 0.0 0.0 10.0 0.0 0.0
42 45 42 0.0 0.0 0.0 0.0 3.0 0.0 0.0
43 35 39 0.0 0.0 0.0 0.0 2.0 0.0 0.0
43 35 40 0.0 0.0 0.0 3.0 2.0 0.0 0.0
43 35 41 0.0 0.0 0.0 0.0 1.0 0.0 0.0
43 36 36 0.0 0.0 0.0 0.0 6.0 1.0 0.0
43 36 37 0.0 0.0 3.0 14.0 83.0 2.0 0.0
43 36 38 0.0 2.0 4.0 60.0 280.0 3.0 1.0
43 36 39 0.0 2.0 1.0 112.0 781.0 20.0 1.0
43 36 40 0.0 2.0 4.0 127.0 914.0 18.0 1.0
43 36 41 0.0 1.0 3.0 94.0 701.0 17.0 0.0
43 36 42 0.0 0.0 4.0 77.0 371.0 4.0 0.0
43 36 43 0.0 0.0 0.0 20.0 75.0 0.0 0.0
43 36 44 0.0 0.0 0.0 0.0 13.0 1.0 0.0
43 37 36 0.0 0.0 0.0 9.0 97.0 5.0 0.0
43 37 37 0.0 0.0 0.0 203.0 1952.0 36.0 7.0
43 37 38 0.0 10.0 30.0 790.0 6191.0 99.0 90.0
43 37 39 0.0 10.0 40.0 1548.0 12623.0 219.0 416.0
43 37 40 0.0 13.0 59.0 1568.0 15247.0 254.0 644.0
43 37 41 0.0 1.0 36.0 1607.0 12740.0 198.0 427.0
43 37 42 0.0 1.0 13.0 653.0 7069.0 129.0 109.0
43 37 43 0.0 1.0 5.0 162.0 2046.0 36.0 10.0
43 37 44 0.0 0.0 0.0 9.0 85.0 2.0 0.0
43 38 35 0.0 0.0 0.0 0.0 1.0 0.0 0.0
43 38 36 0.0 0.0 0.0 39.0 361.0 7.0 1.0
43 38 37 0.0 22.0 28.0 729.0 8051.0 140.0 137.0
43 38 38 0.0 21.0 70.0 2039.0 22509.0 374.0 1488.0
43 38 39 0.0 32.0 123.0 3276.0 33172.0 534.0 4024.0
43 38 40 0.0 40.0 131.0 3875.0 37305.0 544.0 5911.0
43 38 41 0.0 23.0 124.0 3973.0 33001.0 515.0 4219.0
43 38 42 0.0 47.0 62.0 2453.0 21218.0 364.0 1376.0
43 38 43 0.0 8.0 28.0 807.0 6877.0 124.0 111.0
43 38 44 0.0 0.0 4.0 45.0 339.0 6.0 0.0
43 39 36 0.0 0.0 3.0 76.0 721.0 10.0 2.0
43 39 37 0.0 2.0 55.0 1131.0 14826.0 254.0 552.0
43 39 38 0.0 27.0 85.0 3364.0 34658.0 529.0 4584.0
43 39 39 0.0 35.0 221.0 4600.0 45599.0 624.0 12112.0
43 39 40 0.0 36.0 205.0 4834.0 48503.0 683.0 15029.0
43 39 41 0.0 40.0 226.0 4869.0 45594.0 576.0 11735.0
43 39 42 0.0 16.0 147.0 3810.0 33813.0 556.0 4475.0
43 39 43 0.0 4.0 46.0 1375.0 14171.0 237.0 512.0
43 39 44 0.0 1.0 2.0 131.0 807.0 15.0 1.0
43 39 45 0.0 0.0 0.0 0.0 2.0 0.0 0.0
43 40 35 0.0 0.0 0.0 1.0 3.0 0.0 0.0
43 40 36 0.0 0.0 12.0 96.0 1021.0 16.0 2.0
43 40 37 0.0 1.0 118.0 1246.0 17031.0 280.0 707.0
43 40 38 0.0 16.0 143.0 3763.0 38418.0 570.0 6675.0
43 40 39 0.0 31.0 226.0 4547.0 49526.0 647.0 15660.0
43 40 40 0.0 13.0 238.0 4511.0 50839.0 555.0 19725.0
43 40 41 0.0 7.0 294.0 4611.0 48710.0 581.0 15976.0
43 40 42 0.0 33.0 156.0 4013.0 38253.0 545.0 6372.0
43 40 43 0.0 23.0 69.0 1714.0 16980.0 296.0 784.0
43 40 44 0.0 0.0 0.0 93.0 976.0 21.0 2.0
43 40 45 0.0 0.0 0.0 0.0 1.0 0.0 0.0
43 41 35 0.0 0.0 0.0 0.0 2.0 0.0 0.0
43 41 36 0.0 0.0 0.0 56.0 740.0 10.0 2.0
43 41 37 0.0 5.0 83.0 1081.0 13792.0 260.0 470.0
43 41 38 0.0 5.0 173.0 2430.0 34864.0 510.0 4520.0
43 41 39 0.0 10.0 273.0 4313.0 46984.0 606.0 12362.0
43 41 40 0.0 17.0 216.0 4177.0 49246.0 585.0 15208.0
43 41 41 0.0 38.0 216.0 4097.0 46408.0 613.0 12555.0
43 41 42 0.0 19.0 171.0 2995.0 35277.0 508.0 4644.0
43 41 43 0.0 0.0 48.0 1214.0 15120.0 261.0 591.0
43 41 44 0.0 0.0 3.0 80.0 784.0 25.0 0.0
43 41 45 0.0 0.0 0.0 0.0 5.0 0.0 0.0
43 42 35 0.0 0.0 0.0 0.0 1.0 0.0 0.0
43 42 36 0.0 0.0 0.0 28.0 353.0 4.0 1.0
43 42 37 0.0 1.0 46.0 508.0 7327.0 126.0 106.0
43 42 38 0.0 7.0 116.0 1838.0 22364.0 367.0 1488.0
43 42 39 0.0 18.0 192.0 3138.0 34686.0 540.0 4680.0
43 42 40 0.0 13.0 182.0 3235.0 39091.0 562.0 6677.0
43 42 41 0.0 37.0 248.0 3405.0 35185.0 556.0 4728.0
43 42 42 0.0 5.0 137.0 1784.0 23664.0 406.0 1677.0
43 42 43 0.0 54.0 27.0 773.0 7921.0 150.0 143.0
43 42 44 0.0 5.0 0.0 47.0 366.0 7.0 0.0
43 42 45 0.0 0.0 0.0 1.0 1.0 0.0 0.0
43 43 36 0.0 0.0 0.0 5.0 99.0 3.0 0.0
43 43 37 0.0 0.0 6.0 203.0 1775.0 36.0 8.0
43 43 38 0.0 2.0 19.0 674.0 6488.0 127.0 100.0
43 43 39 0.0 12.0 65.0 1234.0 13661.0 226.0 476.0
43 43 40 0.0 0.0 70.0 1467.0 17137.0 296.0 736.0
43 43 41 0.0 1.0 91.0 1183.0 14751.0 232.0 567.0
43 43 42 0.0 5.0 31.0 609.0 7878.0 135.0 145.0
43 43 43 0.0 15.0 7.0 210.0 2130.0 47.0 11.0
43 43 44 0.0 0.0 2.0 5.0 98.0 3.0 0.0
43 44 36 0.0 0.0 0.0 1.0 5.0 0.0 0.0
43 44 37 0.0 0.0 0.0 6.0 62.0 1.0 0.0
43 44 38 0.0 0.0 1.0 18.0 308.0 13.0 0.0
43 44 39 0.0 0.0 7.0 127.0 755.0 13.0 1.0
43 44 40 0.0 0.0 9.0 85.0 942.0 19.0 2.0
43 44 41 0.0 0.0 4.0 52.0 812.0 12.0 1.0
43 44 42 0.0 0.0 2.0 47.0 303.0 6.0 0.0
43 44 43 0.0 0.0 1.0 13.0 81.0 0.0 0.0
43 44 44 0.0 0.0 0.0 3.0 2.0 0.0 0.0
43 45 38 0.0 0.0 0.0 0.0 1.0 0.0 0.0
43 45 39 0.0 0.0 0.0 0.0 1.0 0.0 0.0
43 45 40 0.0 0.0 0.0 0.0 1.0 0.0 0.0
43 45 42 0.0 0.0 0.0 0.0 1.0 0.0 0.0
44 36 37 0.0 0.0 0.0 1.0 1.0 0.0 0.0
44 36 38 0.0 0.0 0.0 1.0 7.0 0.0 0.0
44 36 39 0.0 0.0 0.0 5.0 38.0 1.0 0.0
44 36 40 0.0 0.0 0.0 5.0 79.0 2.0 0.0
44 36 41 0.0 0.0 0.0 9.0 69.0 1.0 0.0
44 36 42 0.0 0.0 0.0 0.0 18.0 1.0 0.0
44 36 43 0.0 0.0 0.0 0.0 6.0 0.0 0.0
44 36 44 0.0 0.0 0.0 0.0 1.0 0.0 0.0
44 37 36 0.0 0.0 0.0 1.0 2.0 0.0 0.0
44 37 37 0.0 0.0 0.0 16.0 61.0 3.0 1.0
44 37 38 0.0 0.0 0.0 18.0 357.0 8.0 0.0
44 37 39 0.0 0.0 1.0 52.0 703.0 12.0 1.0
44 37 40 0.0 0.0 13.0 81.0 883.0 17.0 1.0
44 37 41 0.0 0.0 3.0 71.0 779.0 18.0 1.0
44 37 42 0.0 0.0 5.0 43.0 329.0 5.0 0.0
44 37 43 0.0 0.0 0.0 7.0 77.0 0.0 0.0
44 37 44 0.0 0.0 0.0 1.0 4.0 0.0 0.0
44 38 36 0.0 0.0 0.0 2.0 35.0 2.0 0.0
44 38 37 0.0 0.0 2.0 14.0 398.0 7.0 0.0
44 38 38 0.0 0.0 5.0 143.0 1335.0 15.0 2.0
44 38 39 0.0 0.0 13.0 253.0 2688.0 53.0 8.0
44 38 40 0.0 1.0 48.0 396.0 3469.0 70.0 20.0
44 38 41 0.0 0.0 11.0 223.0 2898.0 50.0 9.0
44 38 42 0.0 0.0 12.0 142.0 1360.0 26.0 3.0
44 38 43 0.0 0.0 0.0 47.0 339.0 4.0 0.0
44 38 44 0.0 0.0 0.0 4.0 18.0 0.0 0.0
44 39 35 0.0 0.0 0.0 0.0 1.0 0.0 0.0
44 39 36 0.0 0.0 0.0 10.0 61.0 1.0 0.0
44 39 37 0.0 0.0 5.0 73.0 767.0 11.0 0.0
44 39 38 0.0 0.0 9.0 245.0 2958.0 49.0 10.0
44 39 39 0.0 4.0 31.0 642.0 5713.0 107.0 65.0
44 39 40 0.0 5.0 37.0 614.0 7252.0 139.0 102.0
44 39 41 0.0 0.0 16.0 570.0 5514.0 99.0 44.0
44 39 42 0.0 5.0 8.0 346.0 3083.0 58.0 14.0
44 39 43 0.0 0.0 6.0 118.0 899.0 25.0 2.0
44 39 44 0.0 0.0 3.0 3.0 64.0 0.0 0.0
44 40 36 0.0 0.0 0.0 10.0 109.0 4.0 0.0
44 40 37 0.0 0.0 2.0 70.0 976.0 13.0 2.0
44 40 38 0.0 0.0 21.0 305.0 3754.0 67.0 18.0
44 40 39 0.0 1.0 35.0 597.0 7520.0 133.0 97.0
44 40 40 0.0 6.0 41.0 805.0 9385.0 143.0 170.0
44 40 41 0.0 0.0 50.0 635.0 7331.0 134.0 86.0
44 40 42 0.0 5.0 10.0 326.0 3497.0 76.0 22.0
44 40 43 0.0 1.0 6.0 86.0 865.0 13.0 2.0
44 40 44 0.0 0.0 0.0 12.0 96.0 2.0 0.0
44 41 35 0.0 0.0 0.0 0.0 1.0 0.0 0.0
44 41 36 0.0 0.0 0.0 2.0 69.0 3.0 0.0
44 41 37 0.0 0.0 0.0 79.0 787.0 12.0 1.0
44 41 38 0.0 5.0 5.0 259.0 2889.0 56.0 8.0
44 41 39 0.0 0.0 20.0 553.0 5902.0 96.0 47.0
44 41 40 0.0 5.0 25.0 683.0 7761.0 156.0 107.0
44 41 41 0.0 5.0 31.0 464.0 6002.0 102.0 60.0
44 41 42 0.0 0.0 18.0 375.0 3076.0 65.0 24.0
44 41 43 0.0 1.0 4.0 50.0 807.0 11.0 1.0
44 41 44 0.0 0.0 0.0 6.0 60.0 0.0 0.0
44 42 36 0.0 0.0 0.0 0.0 22.0 1.0 0.0
44 42 37 0.0 0.0 0.0 28.0 346.0 12.0 0.0
44 42 38 0.0 4.0 9.0 118.0 1453.0 26.0 3.0
44 42 39 0.0 0.0 14.0 204.0 3026.0 59.0 11.0
44 42 40 0.0 0.0 14.0 380.0 3774.0 62.0 24.0
44 42 41 0.0 0.0 9.0 248.0 2942.0 48.0 13.0
44 42 42 0.0 1.0 7.0 93.0 1447.0 33.0 6.0
44 42 43 0.0 0.0 1.0 31.0 380.0 4.0 1.0
44 42 44 0.0 0.0 0.0 10.0 33.0 3.0 0.0
44 43 36 0.0 0.0 0.0 0.0 3.0 0.0 0.0
44 43 37 0.0 0.0 0.0 14.0 81.0 0.0 0.0
44 43 38 0.0 0.0 11.0 21.0 384.0 7.0 0.0
44 43 39 0.0 0.0 7.0 64.0 927.0 15.0 1.0
44 43 40 0.0 0.0 4.0 79.0 1050.0 29.0 0.0
44 43 41 0.0 0.0 2.0 86.0 894.0 13.0 4.0
44 43 42 0.0 0.0 3.0 47.0 405.0 9.0 1.0
44 43 43 0.0 0.0 2.0 3.0 89.0 0.0 0.0
44 43 44 0.0 0.0 0.0 0.0 4.0 0.0 0.0
44 44 37 0.0 0.0 0.0 0.0 1.0 0.0 0.0
44 44 38 0.0 0.0 0.0 9.0 26.0 0.0 0.0
44 44 39 0.0 0.0 0.0 8.0 53.0 0.0 0.0
44 44 40 0.0 0.0 2.0 2.0 86.0 2.0 0.0
44 44 41 0.0 0.0 0.0 10.0 69.0 2.0 0.0
44 44 42 0.0 0.0 0.0 2.0 57.0 1.0 0.0
44 44 43 0.0 0.0 0.0 3.0 8.0 0.0 0.0
45 37 38 0.0 0.0 0.0 2.0 2.0 0.0 0.0
45 37 39 0.0 0.0 0.0 0.0 1.0 0.0 0.0
45 37 40 0.0 0.0 0.0 0.0 2.0 0.0 0.0
45 37 41 0.0 0.0 0.0 0.0 2.0 0.0 0.0
45 37 42 0.0 0.0 0.0 0.0 2.0 1.0 0.0
45 38 38 0.0 0.0 0.0 0.0 7.0 0.0 0.0
45 38 39 0.0 0.0 0.0 1.0 8.0 0.0 0.0
45 38 40 0.0 0.0 0.0 2.0 11.0 0.0 0.0
45 38 41 0.0 0.0 0.0 1.0 11.0 0.0 0.0
45 38 42 0.0 0.0 0.0 1.0 2.0 0.0 0.0
45 39 38 0.0 0.0 0.0 3.0 8.0 0.0 0.0
45 39 39 0.0 0.0 0.0 4.0 29.0 1.0 0.0
45 39 40 0.0 0.0 0.0 7.0 25.0 0.0 0.0
45 39 41 0.0 0.0 0.0 1.0 22.0 0.0 0.0
45 39 42 0.0 0.0 0.0 0.0 8.0 0.0 0.0
45 39 43 0.0 0.0 0.0 0.0 1.0 0.0 0.0
45 40 37 0.0 0.0 0.0 2.0 3.0 0.0 0.0
45 40 38 0.0 0.0 0.0 1.0 11.0 0.0 0.0
45 40 39 0.0 0.0 0.0 1.0 33.0 0.0 0.0
45 40 40 0.0 0.0 1.0 4.0 32.0 1.0 0.0
45 40 41 0.0 0.0 0.0 3.0 26.0 2.0 0.0
45 40 42 0.0 0.0 0.0 0.0 6.0 0.0 0.0
45 40 43 0.0 0.0 0.0 0.0 5.0 0.0 0.0
45 41 36 0.0 0.0 0.0 0.0 1.0 0.0 0.0
45 41 37 0.0 0.0 0.0 0.0 1.0 0.0 0.0
45 41 38 0.0 0.0 0.0 1.0 7.0 0.0 0.0
45 41 39 0.0 0.0 0.0 1.0 21.0 0.0 0.0
45 41 40 0.0 1.0 0.0 3.0 39.0 2.0 0.0
45 41 41 0.0 0.0 0.0 2.0 19.0 0.0 0.0
45 41 42 0.0 0.0 0.0 0.0 4.0 0.0 0.0
45 41 43 0.0 0.0 0.0 0.0 5.0 0.0 0.0
45 42 36 0.0 0.0 0.0 0.0 1.0 0.0 0.0
45 42 38 0.0 0.0 0.0 0.0 4.0 0.0 0.0
45 42 39 0.0 0.0 0.0 1.0 8.0 0.0 0.0
45 42 40 0.0 0.0 0.0 0.0 9.0 0.0 0.0
45 42 41 0.0 0.0 0.0 1.0 5.0 0.0 0.0
45 42 42 0.0 0.0 0.0 1.0 5.0 1.0 0.0
45 43 39 0.0 0.0 0.0 0.0 6.0 0.0 0.0
45 43 40 0.0 0.0 0.0 1.0 9.0 0.0 0.0
45 43 41 0.0 0.0 0.0 0.0 1.0 0.0 0.0
