35 39 39 0.0 0.0 0.0 1.0 0.0 0.0 0.0
35 40 39 0.0 0.0 0.0 0.0 1.0 0.0 0.0
35 40 40 0.0 0.0 0.0 0.0 1.0 0.0 0.0
35 40 41 0.0 0.0 0.0 0.0 1.0 0.0 0.0
35 41 38 0.0 0.0 0.0 0.0 1.0 0.0 0.0
35 41 39 0.0 0.0 0.0 0.0 2.0 0.0 0.0
35 42 39 0.0 0.0 0.0 0.0 1.0 0.0 0.0
36 36 38 0.0 0.0 0.0 2.0 1.0 0.0 0.0
36 36 39 0.0 0.0 0.0 1.0 3.0 0.0 0.0
36 36 40 0.0 0.0 0.0 1.0 6.0 0.0 0.0
36 36 41 0.0 0.0 0.0 0.0 6.0 0.0 0.0
36 36 42 0.0 0.0 0.0 1.0 0.0 0.0 0.0
36 37 37 0.0 0.0 0.0 0.0 10.0 0.0 0.0
36 37 38 0.0 0.0 0.0 4.0 32.0 1.0 0.0
36 37 39 0.0 0.0 0.0 16.0 61.0 0.0 0.0
36 37 40 0.0 0.0 3.0 2.0 109.0 2.0 0.0
36 37 41 0.0 0.0 1.0 17.0 77.0 0.0 0.0
36 37 42 0.0 0.0 0.0 0.0 38.0 1.0 0.0
36 37 43 0.0 0.0 0.0 0.0 1.0 0.0 0.0
36 38 36 0.0 0.0 0.0 0.0 1.0 0.0 0.0
36 38 37 0.0 0.0 0.0 2.0 34.0 0.0 0.0
36 38 38 0.0 0.0 0.0 19.0 138.0 1.0 0.0
36 38 39 0.0 0.0 0.0 41.0 357.0 7.0 1.0
36 38 40 0.0 0.0 2.0 55.0 460.0 8.0 0.0
36 38 41 0.0 0.0 1.0 36.0 323.0 5.0 0.0
36 38 42 0.0 0.0 0.0 11.0 141.0 3.0 0.0
36 38 43 0.0 0.0 0.0 1.0 27.0 1.0 0.0
36 39 37 0.0 0.0 0.0 4.0 59.0 1.0 0.0
36 39 38 0.0 1.0 2.0 20.0 311.0 2.0 0.0
36 39 39 0.0 0.0 2.0 105.0 780.0 11.0 0.0
36 39 40 0.0 1.0 8.0 100.0 1103.0 19.0 3.0
36 39 41 0.0 3.0 4.0 113.0 842.0 6.0 1.0
36 39 42 0.0 0.0 1.0 40.0 314.0 8.0 0.0
36 39 43 0.0 0.0 0.0 8.0 57.0 1.0 0.0
36 39 44 0.0 0.0 0.0 0.0 4.0 0.0 0.0
36 40 36 0.0 0.0 0.0 0.0 5.0 0.0 0.0
36 40 37 0.0 0.0 1.0 16.0 74.0 1.0 0.0
36 40 38 0.0 0.0 2.0 50.0 443.0 4.0 0.0
36 40 39 0.0 2.0 5.0 127.0 985.0 16.0 1.0
36 40 40 0.0 1.0 3.0 185.0 1211.0 23.0 4.0
36 40 41 0.0 1.0 7.0 131.0 932.0 23.0 2.0
36 40 42 0.0 0.0 0.0 51.0 439.0 10.0 2.0
36 40 43 0.0 0.0 0.0 11.0 102.0 1.0 0.0
36 40 44 0.0 0.0 0.0 1.0 1.0 0.0 0.0
36 41 36 0.0 0.0 0.0 1.0 1.0 0.0 0.0
36 41 37 0.0 0.0 0.0 5.0 77.0 0.0 0.0
36 41 38 0.0 0.0 2.0 54.0 290.0 10.0 0.0
36 41 39 0.0 1.0 0.0 91.0 823.0 18.0 0.0
36 41 40 0.0 0.0 8.0 123.0 1051.0 24.0 3.0
36 41 41 0.0 0.0 2.0 76.0 855.0 10.0 0.0
36 41 42 0.0 0.0 3.0 36.0 365.0 8.0 0.0
36 41 43 0.0 0.0 0.0 12.0 53.0 2.0 0.0
36 41 44 0.0 0.0 0.0 0.0 3.0 0.0 0.0
36 42 36 0.0 0.0 0.0 1.0 1.0 0.0 0.0
36 42 37 0.0 0.0 0.0 10.0 8.0 0.0 0.0
36 42 38 0.0 0.0 1.0 17.0 145.0 4.0 0.0
36 42 39 0.0 1.0 0.0 45.0 316.0 5.0 0.0
36 42 40 0.0 3.0 2.0 56.0 522.0 12.0 0.0
36 42 41 0.0 1.0 4.0 49.0 392.0 7.0 0.0
36 42 42 0.0 0.0 1.0 18.0 141.0 1.0 0.0
36 42 43 0.0 0.0 0.0 2.0 32.0 0.0 0.0
36 42 44 0.0 0.0 0.0 0.0 1.0 0.0 0.0
36 43 37 0.0 0.0 0.0 0.0 1.0 0.0 0.0
36 43 38 0.0 0.0 0.0 2.0 18.0 0.0 0.0
36 43 39 0.0 0.0 0.0 2.0 62.0 0.0 0.0
36 43 40 0.0 1.0 0.0 12.0 97.0 2.0 0.0
36 43 41 0.0 0.0 0.0 15.0 64.0 1.0 0.0
36 43 42 0.0 0.0 0.0 6.0 26.0 0.0 0.0
36 43 43 0.0 0.0 0.0 2.0 5.0 0.0 0.0
36 43 44 0.0 0.0 0.0 0.0 1.0 0.0 0.0
36 44 36 0.0 0.0 0.0 0.0 2.0 0.0 0.0
36 44 38 0.0 0.0 0.0 0.0 1.0 0.0 0.0
36 44 39 0.0 0.0 0.0 0.0 4.0 1.0 0.0
36 44 40 0.0 0.0 0.0 0.0 2.0 0.0 0.0
36 44 41 0.0 0.0 0.0 0.0 3.0 0.0 0.0
36 44 42 0.0 0.0 0.0 0.0 1.0 0.0 0.0
37 36 37 0.0 0.0 0.0 1.0 7.0 0.0 0.0
37 36 38 0.0 0.0 0.0 7.0 32.0 0.0 0.0
37 36 39 0.0 0.0 0.0 17.0 84.0 4.0 0.0
37 36 40 0.0 0.0 0.0 13.0 72.0 0.0 0.0
37 36 41 0.0 0.0 0.0 12.0 84.0 1.0 0.0
37 36 42 0.0 0.0 0.0 9.0 29.0 0.0 0.0
37 36 43 0.0 0.0 0.0 0.0 18.0 0.0 0.0
37 37 36 0.0 0.0 0.0 0.0 3.0 0.0 0.0
37 37 37 0.0 0.0 1.0 29.0 507.0 11.0 1.0
37 37 38 0.0 0.0 1.0 161.0 1949.0 30.0 6.0
37 37 39 0.0 3.0 7.0 396.0 4131.0 80.0 38.0
37 37 40 0.0 4.0 12.0 510.0 5035.0 102.0 48.0
37 37 41 0.0 0.0 7.0 294.0 3800.0 62.0 23.0
37 37 42 0.0 0.0 5.0 210.0 1812.0 26.0 6.0
37 37 43 0.0 0.0 0.0 80.0 508.0 8.0 0.0
37 37 44 0.0 0.0 0.0 0.0 7.0 0.0 0.0
37 38 36 0.0 0.0 4.0 5.0 56.0 1.0 0.0
37 38 37 0.0 1.0 16.0 260.0 2024.0 36.0 6.0
37 38 38 0.0 6.0 36.0 811.0 7625.0 141.0 141.0
37 38 39 0.0 10.0 50.0 1644.0 14732.0 225.0 584.0
37 38 40 0.0 7.0 57.0 1869.0 16747.0 262.0 717.0
37 38 41 0.0 13.0 65.0 1513.0 14349.0 246.0 565.0
37 38 42 0.0 1.0 22.0 689.0 6453.0 104.0 92.0
37 38 43 0.0 1.0 4.0 255.0 1978.0 54.0 7.0
37 38 44 0.0 0.0 0.0 3.0 26.0 0.0 0.0
37 39 36 0.0 0.0 0.0 8.0 59.0 0.0 0.0
37 39 37 0.0 3.0 17.0 469.0 4058.0 83.0 45.0
37 39 38 0.0 9.0 50.0 1619.0 13702.0 252.0 441.0
37 39 39 0.0 22.0 113.0 2987.0 25159.0 391.0 1983.0
37 39 40 0.0 46.0 159.0 3693.0 30122.0 460.0 3147.0
37 39 41 0.0 31.0 194.0 2593.0 25958.0 442.0 1984.0
37 39 42 0.0 15.0 61.0 1491.0 14419.0 275.0 546.0
37 39 43 0.0 0.0 16.0 316.0 3676.0 59.0 27.0
37 39 44 0.0 0.0 0.0 4.0 82.0 2.0 0.0
37 40 36 0.0 0.0 0.0 5.0 79.0 0.0 0.0
37 40 37 0.0 11.0 26.0 605.0 4443.0 78.0 50.0
37 40 38 0.0 40.0 85.0 2117.0 17326.0 292.0 802.0
37 40 39 0.0 58.0 117.0 3545.0 29129.0 450.0 2919.0
37 40 40 0.0 67.0 149.0 4078.0 33189.0 501.0 4166.0
37 40 41 0.0 31.0 144.0 3418.0 29372.0 451.0 2808.0
37 40 42 0.0 33.0 70.0 2020.0 17109.0 279.0 759.0
37 40 43 0.0 2.0 18.0 487.0 4705.0 88.0 41.0
37 40 44 0.0 0.0 1.0 6.0 84.0 2.0 0.0
37 41 36 0.0 0.0 1.0 15.0 69.0 1.0 0.0
37 41 37 0.0 11.0 14.0 548.0 3354.0 65.0 25.0
37 41 38 0.0 25.0 53.0 1825.0 13002.0 234.0 456.0
37 41 39 0.0 34.0 125.0 3056.0 24271.0 409.0 1755.0
37 41 40 0.0 50.0 135.0 3346.0 29624.0 491.0 2940.0
37 41 41 0.0 28.0 187.0 3309.0 25638.0 452.0 2181.0
37 41 42 0.0 27.0 85.0 1546.0 13737.0 271.0 501.0
37 41 43 0.0 1.0 21.0 358.0 3615.0 61.0 28.0
37 41 44 0.0 0.0 0.0 5.0 37.0 0.0 0.0
37 42 36 0.0 0.0 0.0 1.0 25.0 0.0 0.0
37 42 37 0.0 8.0 4.0 261.0 1384.0 25.0 6.0
37 42 38 0.0 10.0 23.0 725.0 6379.0 127.0 88.0
37 42 39 0.0 10.0 94.0 1631.0 13723.0 249.0 528.0
37 42 40 0.0 7.0 75.0 2121.0 16775.0 311.0 767.0
37 42 41 0.0 13.0 49.0 1810.0 13842.0 266.0 488.0
37 42 42 0.0 12.0 26.0 876.0 6949.0 139.0 97.0
37 42 43 0.0 1.0 10.0 154.0 1545.0 18.0 2.0
37 42 44 0.0 0.0 0.0 4.0 26.0 0.0 0.0
37 43 36 0.0 0.0 0.0 0.0 5.0 0.0 0.0
37 43 37 0.0 0.0 0.0 40.0 319.0 3.0 0.0
37 43 38 0.0 7.0 2.0 208.0 1514.0 31.0 4.0
37 43 39 0.0 1.0 12.0 309.0 3290.0 60.0 24.0
37 43 40 0.0 1.0 36.0 412.0 4506.0 94.0 28.0
37 43 41 0.0 5.0 31.0 419.0 3987.0 66.0 37.0
37 43 42 0.0 0.0 10.0 196.0 1993.0 41.0 9.0
37 43 43 0.0 0.0 4.0 39.0 381.0 5.0 1.0
37 43 44 0.0 0.0 0.0 0.0 9.0 1.0 0.0
37 44 37 0.0 0.0 0.0 0.0 2.0 0.0 0.0
37 44 38 0.0 0.0 0.0 1.0 13.0 0.0 0.0
37 44 39 0.0 1.0 0.0 9.0 48.0 1.0 0.0
37 44 40 0.0 0.0 0.0 1.0 90.0 5.0 0.0
37 44 41 0.0 0.0 0.0 4.0 57.0 2.0 0.0
37 44 42 0.0 0.0 0.0 5.0 26.0 0.0 0.0
37 44 43 0.0 0.0 0.0 0.0 3.0 0.0 0.0
38 35 41 0.0 0.0 0.0 0.0 1.0 0.0 0.0
38 36 36 0.0 0.0 0.0 1.0 0.0 0.0 0.0
38 36 37 0.0 0.0 0.0 3.0 48.0 0.0 0.0
38 36 38 0.0 0.0 0.0 31.0 172.0 2.0 1.0
38 36 39 0.0 0.0 1.0 81.0 434.0 5.0 0.0
38 36 40 0.0 0.0 7.0 95.0 524.0 13.0 0.0
38 36 41 0.0 0.0 5.0 66.0 341.0 6.0 0.0
38 36 42 0.0 0.0 0.0 28.0 158.0 1.0 0.0
38 36 43 0.0 0.0 0.0 3.0 39.0 4.0 0.0
38 36 44 0.0 0.0 0.0 0.0 1.0 0.0 0.0
38 37 36 0.0 0.0 0.0 1.0 37.0 1.0 0.0
38 37 37 0.0 0.0 12.0 171.0 2106.0 53.0 9.0
38 37 38 0.0 26.0 77.0 1251.0 8153.0 150.0 196.0
38 37 39 0.0 24.0 75.0 2387.0 15969.0 268.0 697.0
38 37 40 0.0 33.0 86.0 2794.0 18215.0 353.0 1028.0
38 37 41 0.0 6.0 66.0 1987.0 14761.0 256.0 600.0
38 37 42 0.0 7.0 27.0 845.0 7083.0 110.0 114.0
38 37 43 0.0 0.0 1.0 139.0 1560.0 23.0 4.0
38 37 44 0.0 0.0 0.0 4.0 35.0 1.0 0.0
38 38 36 0.0 0.0 0.0 14.0 155.0 3.0 0.0
38 38 37 0.0 1.0 29.0 607.0 7884.0 144.0 120.0
38 38 38 0.0 32.0 196.0 3579.0 39069.0 559.0 7637.0
38 38 39 0.0 32.0 151.0 5306.0 47274.0 621.0 19236.0
38 38 40 0.0 44.0 230.0 4606.0 49234.0 600.0 24535.0
38 38 41 0.0 43.0 188.0 4740.0 47390.0 575.0 18169.0
38 38 42 0.0 11.0 104.0 3503.0 37278.0 574.0 6561.0
38 38 43 0.0 1.0 18.0 847.0 7082.0 150.0 139.0
38 38 44 0.0 0.0 1.0 12.0 147.0 3.0 0.0
38 39 36 0.0 0.0 1.0 37.0 319.0 3.0 0.0
38 39 37 0.0 49.0 90.0 1743.0 14638.0 255.0 541.0
38 39 38 0.0 55.0 212.0 5931.0 46663.0 615.0 18913.0
38 39 39 0.0 91.0 256.0 6381.0 47542.0 514.0 37407.0
38 39 40 0.0 30.0 285.0 5458.0 46758.0 478.0 45260.0
38 39 41 0.0 48.0 266.0 5266.0 49321.0 569.0 36246.0
38 39 42 1.0 67.0 251.0 5433.0 47156.0 561.0 17417.0
38 39 43 0.0 12.0 44.0 1466.0 14270.0 248.0 503.0
38 39 44 0.0 0.0 1.0 39.0 352.0 8.0 0.0
38 40 36 0.0 1.0 4.0 65.0 434.0 11.0 0.0
38 40 37 0.0 24.0 71.0 1864.0 16106.0 278.0 667.0
38 40 38 0.0 77.0 249.0 6620.0 46722.0 546.0 22865.0
38 40 39 0.0 85.0 265.0 5855.0 46429.0 474.0 45020.0
38 40 40 0.0 69.0 259.0 5654.0 43780.0 421.0 53966.0
38 40 41 0.0 65.0 289.0 4933.0 47290.0 471.0 45393.0
38 40 42 0.0 48.0 300.0 4690.0 48682.0 580.0 23572.0
38 40 43 0.0 6.0 101.0 1543.0 16635.0 261.0 717.0
38 40 44 0.0 0.0 3.0 66.0 451.0 6.0 0.0
38 41 36 0.0 0.0 13.0 44.0 355.0 8.0 0.0
38 41 37 0.0 6.0 82.0 1660.0 13576.0 227.0 475.0
38 41 38 0.0 97.0 251.0 6594.0 45212.0 599.0 16592.0
38 41 39 0.0 81.0 218.0 5978.0 48457.0 503.0 35546.0
38 41 40 0.0 46.0 288.0 5613.0 46158.0 508.0 45878.0
38 41 41 0.0 160.0 308.0 7580.0 46526.0 527.0 37858.0
38 41 42 0.0 43.0 275.0 4520.0 47224.0 574.0 16515.0
38 41 43 0.0 11.0 79.0 1613.0 14340.0 268.0 471.0
38 41 44 0.0 0.0 1.0 39.0 347.0 7.0 1.0
38 42 36 0.0 0.0 0.0 26.0 123.0 2.0 0.0
38 42 37 0.0 4.0 18.0 785.0 6729.0 124.0 105.0
38 42 38 0.0 18.0 186.0 3585.0 35343.0 497.0 5674.0
38 42 39 0.0 68.0 314.0 4944.0 46850.0 619.0 17016.0
38 42 40 0.0 70.0 309.0 5023.0 48715.0 559.0 22932.0
38 42 41 0.0 43.0 249.0 4929.0 47180.0 619.0 18283.0
38 42 42 0.0 35.0 235.0 3550.0 37995.0 589.0 7153.0
38 42 43 0.0 4.0 44.0 800.0 7008.0 140.0 132.0
38 42 44 0.0 0.0 0.0 29.0 167.0 4.0 0.0
38 43 36 0.0 0.0 0.0 3.0 36.0 1.0 0.0
38 43 37 0.0 1.0 8.0 137.0 1586.0 28.0 5.0
38 43 38 0.0 7.0 35.0 712.0 6465.0 122.0 77.0
38 43 39 0.0 19.0 44.0 1727.0 13400.0 234.0 465.0
38 43 40 0.0 16.0 88.0 1784.0 16631.0 311.0 707.0
38 43 41 0.0 31.0 52.0 1616.0 13855.0 257.0 479.0
38 43 42 0.0 5.0 37.0 719.0 7373.0 133.0 123.0
38 43 43 0.0 1.0 8.0 231.0 1927.0 29.0 8.0
38 43 44 0.0 0.0 0.0 1.0 34.0 0.0 0.0
38 44 36 0.0 0.0 0.0 0.0 2.0 0.0 0.0
38 44 37 0.0 0.0 0.0 7.0 32.0 2.0 0.0
38 44 38 0.0 0.0 0.0 13.0 125.0 4.0 0.0
38 44 39 0.0 0.0 2.0 40.0 327.0 4.0 0.0
38 44 40 0.0 0.0 2.0 38.0 402.0 6.0 0.0
38 44 41 0.0 0.0 1.0 19.0 311.0 3.0 0.0
38 44 42 0.0 0.0 0.0 21.0 141.0 3.0 0.0
38 44 43 0.0 0.0 0.0 3.0 27.0 0.0 0.0
38 44 44 0.0 0.0 0.0 0.0 1.0 0.0 0.0
39 35 38 0.0 0.0 0.0 0.0 1.0 0.0 0.0
39 35 39 0.0 0.0 0.0 0.0 1.0 0.0 0.0
39 35 40 0.0 0.0 0.0 0.0 2.0 0.0 0.0
39 36 36 0.0 0.0 0.0 0.0 1.0 0.0 0.0
39 36 37 0.0 0.0 1.0 21.0 106.0 4.0 0.0
39 36 38 0.0 0.0 3.0 80.0 400.0 8.0 0.0
39 36 39 0.0 1.0 2.0 135.0 1009.0 16.0 2.0
39 36 40 0.0 0.0 6.0 150.0 1240.0 26.0 2.0
39 36 41 0.0 2.0 5.0 145.0 831.0 20.0 3.0
39 36 42 0.0 0.0 1.0 43.0 337.0 5.0 0.0
39 36 43 0.0 0.0 0.0 4.0 68.0 2.0 0.0
39 36 44 0.0 0.0 0.0 0.0 7.0 0.0 0.0
39 37 36 0.0 0.0 0.0 11.0 81.0 2.0 0.0
39 37 37 0.0 2.0 9.0 357.0 4142.0 74.0 34.0
39 37 38 0.0 31.0 71.0 2173.0 15972.0 311.0 723.0
39 37 39 0.0 12.0 89.0 4035.0 26415.0 425.0 2407.0
39 37 40 0.0 35.0 152.0 4570.0 30226.0 469.0 3357.0
39 37 41 0.0 38.0 74.0 3830.0 25652.0 439.0 2197.0
39 37 42 0.0 11.0 61.0 2080.0 13490.0 253.0 486.0
39 37 43 0.0 0.0 16.0 381.0 3998.0 75.0 28.0
39 37 44 0.0 0.0 0.0 9.0 75.0 1.0 0.0
39 38 35 0.0 0.0 0.0 0.0 1.0 0.0 0.0
39 38 36 0.0 0.0 0.0 11.0 417.0 4.0 1.0
39 38 37 0.0 7.0 41.0 1429.0 15025.0 273.0 634.0
39 38 38 0.0 64.0 147.0 4484.0 48122.0 570.0 18502.0
39 38 39 0.0 103.0 244.0 7733.0 44564.0 486.0 41301.0
39 38 40 0.0 49.0 218.0 6884.0 44316.0 440.0 48262.0
39 38 41 0.0 93.0 212.0 7446.0 46603.0 518.0 38136.0
39 38 42 0.0 24.0 185.0 5312.0 46523.0 645.0 16586.0
39 38 43 0.0 9.0 94.0 1690.0 15191.0 265.0 579.0
39 38 44 0.0 0.0 1.0 19.0 325.0 9.0 0.0
39 39 35 0.0 0.0 0.0 0.0 1.0 0.0 0.0
39 39 36 0.0 0.0 5.0 54.0 855.0 15.0 3.0
39 39 37 0.0 56.0 96.0 2609.0 26287.0 381.0 2126.0
39 39 38 0.0 64.0 273.0 5285.0 48616.0 526.0 38305.0
39 39 39 0.0 49.0 180.0 3722.0 28918.0 223.0 90926.0
39 39 40 0.0 46.0 192.0 3612.0 27919.0 219.0 95660.0
39 39 41 0.0 44.0 164.0 3490.0 29691.0 238.0 89201.0
39 39 42 0.0 48.0 238.0 5216.0 48797.0 523.0 37576.0
39 39 43 0.0 26.0 172.0 2633.0 24953.0 400.0 1827.0
39 39 44 0.0 0.0 1.0 98.0 799.0 10.0 2.0
39 40 36 0.0 0.0 9.0 84.0 1111.0 19.0 2.0
39 40 37 0.0 28.0 138.0 3138.0 29220.0 454.0 2703.0
39 40 38 0.0 64.0 205.0 5429.0 46881.0 466.0 45335.0
39 40 39 0.0 64.0 178.0 3922.0 28110.0 199.0 94395.0
39 40 40 0.0 43.0 187.0 3334.0 25363.0 167.0 104710.0
39 40 41 0.0 37.0 223.0 3423.0 29380.0 231.0 93257.0
39 40 42 0.0 64.0 316.0 5268.0 46699.0 471.0 44847.0
39 40 43 0.0 5.0 141.0 3404.0 29027.0 481.0 2863.0
39 40 44 0.0 0.0 0.0 131.0 1036.0 20.0 2.0
39 41 36 0.0 0.0 0.0 91.0 754.0 17.0 0.0
39 41 37 0.0 17.0 115.0 2804.0 25032.0 406.0 2010.0
39 41 38 0.0 36.0 244.0 5574.0 49000.0 482.0 35784.0
39 41 39 0.0 46.0 192.0 3716.0 31029.0 241.0 86685.0
39 41 40 0.0 49.0 247.0 3298.0 28578.0 221.0 95078.0
39 41 41 0.0 40.0 256.0 3384.0 30379.0 234.0 88379.0
39 41 42 0.0 34.0 271.0 5855.0 48234.0 515.0 36598.0
39 41 43 0.0 20.0 142.0 2938.0 25487.0 411.0 1904.0
39 41 44 0.0 0.0 1.0 87.0 762.0 15.0 0.0
39 42 36 0.0 0.0 1.0 18.0 352.0 7.0 0.0
39 42 37 0.0 11.0 85.0 1451.0 12685.0 216.0 407.0
39 42 38 0.0 36.0 217.0 5256.0 46650.0 592.0 17225.0
39 42 39 0.0 67.0 308.0 5678.0 48688.0 516.0 35993.0
39 42 40 0.0 56.0 337.0 5201.0 47041.0 499.0 44824.0
39 42 41 0.0 81.0 335.0 5574.0 48858.0 538.0 37202.0
39 42 42 0.0 36.0 406.0 5167.0 47669.0 601.0 20056.0
39 42 43 0.0 2.0 85.0 1380.0 14535.0 273.0 505.0
39 42 44 0.0 0.0 4.0 43.0 335.0 4.0 0.0
39 43 36 0.0 0.0 0.0 18.0 63.0 2.0 0.0
39 43 37 0.0 0.0 8.0 318.0 3351.0 71.0 19.0
39 43 38 0.0 8.0 48.0 1435.0 12878.0 248.0 401.0
39 43 39 0.0 27.0 145.0 2884.0 24786.0 413.0 1859.0
39 43 40 0.0 21.0 161.0 3258.0 29316.0 455.0 2842.0
39 43 41 0.0 26.0 172.0 2907.0 25659.0 420.0 2056.0
39 43 42 0.0 14.0 101.0 1581.0 14549.0 252.0 530.0
39 43 43 0.0 2.0 23.0 424.0 4166.0 97.0 47.0
39 43 44 0.0 0.0 0.0 7.0 63.0 0.0 0.0
39 44 36 0.0 0.0 0.0 0.0 4.0 0.0 0.0
39 44 37 0.0 0.0 0.0 3.0 46.0 0.0 0.0
39 44 38 0.0 2.0 1.0 50.0 287.0 10.0 0.0
39 44 39 0.0 1.0 2.0 102.0 733.0 11.0 0.0
39 44 40 0.0 0.0 2.0 94.0 1006.0 13.0 3.0
39 44 41 0.0 0.0 3.0 88.0 804.0 17.0 2.0
39 44 42 0.0 0.0 0.0 34.0 357.0 6.0 1.0
39 44 43 0.0 0.0 0.0 6.0 57.0 0.0 0.0
39 44 44 0.0 0.0 0.0 0.0 9.0 0.0 0.0
40 35 40 0.0 0.0 0.0 0.0 1.0 0.0 0.0
40 35 41 0.0 0.0 0.0 0.0 2.0 0.0 0.0
40 36 36 0.0 0.0 0.0 0.0 2.0 0.0 0.0
40 36 37 0.0 0.0 0.0 18.0 106.0 1.0 0.0
40 36 38 0.0 0.0 0.0 107.0 517.0 15.0 0.0
40 36 39 0.0 1.0 6.0 182.0 1105.0 28.0 0.0
40 36 40 0.0 0.0 5.0 241.0 1363.0 22.0 3.0
40 36 41 0.0 0.0 3.0 156.0 1057.0 18.0 1.0
40 36 42 0.0 0.0 7.0 73.0 445.0 7.0 0.0
40 36 43 0.0 1.0 0.0 16.0 114.0 5.0 0.0
40 36 44 0.0 0.0 0.0 3.0 5.0 0.0 0.0
40 37 36 0.0 0.0 3.0 8.0 106.0 1.0 0.0
40 37 37 0.0 7.0 12.0 503.0 5243.0 104.0 53.0
40 37 38 0.0 24.0 70.0 3523.0 18469.0 316.0 1098.0
40 37 39 0.0 38.0 70.0 4771.0 30153.0 488.0 3508.0
40 37 40 0.0 28.0 158.0 5839.0 34314.0 550.0 5215.0
40 37 41 0.0 49.0 170.0 5060.0 28787.0 497.0 3271.0
40 37 42 0.0 16.0 84.0 2347.0 17061.0 293.0 848.0
40 37 43 0.0 9.0 34.0 422.0 4545.0 90.0 35.0
40 37 44 0.0 0.0 0.0 6.0 116.0 2.0 0.0
40 38 36 0.0 1.0 3.0 33.0 514.0 8.0 0.0
40 38 37 0.0 20.0 64.0 2033.0 18443.0 323.0 910.0
40 38 38 0.0 53.0 186.0 5023.0 48560.0 559.0 25444.0
40 38 39 0.0 55.0 250.0 6994.0 44689.0 497.0 46260.0
40 38 40 0.0 56.0 266.0 6981.0 41493.0 384.0 56130.0
40 38 41 0.0 73.0 234.0 7677.0 44007.0 496.0 45638.0
40 38 42 0.0 37.0 315.0 5330.0 48495.0 606.0 24304.0
40 38 43 0.0 7.0 66.0 2052.0 17297.0 301.0 787.0
40 38 44 0.0 0.0 3.0 36.0 519.0 8.0 1.0
40 39 35 0.0 0.0 0.0 0.0 1.0 0.0 0.0
40 39 36 0.0 0.0 3.0 98.0 1029.0 12.0 1.0
40 39 37 0.0 9.0 145.0 2606.0 31341.0 512.0 3068.0
40 39 38 0.0 33.0 231.0 5005.0 46634.0 424.0 45590.0
40 39 39 0.0 32.0 192.0 3514.0 27820.0 185.0 96589.0
40 39 40 0.0 65.0 147.0 4077.0 23096.0 160.0 108743.0
40 39 41 0.0 38.0 207.0 3808.0 28792.0 187.0 94154.0
40 39 42 0.0 51.0 272.0 6055.0 46218.0 446.0 44821.0
40 39 43 0.0 23.0 128.0 3126.0 30177.0 484.0 3063.0
40 39 44 0.0 0.0 4.0 109.0 1124.0 26.0 2.0
40 40 35 0.0 0.0 0.0 0.0 2.0 0.0 0.0
40 40 36 0.0 0.0 6.0 146.0 1428.0 21.0 0.0
40 40 37 0.0 25.0 129.0 3577.0 33826.0 538.0 4222.0
40 40 38 0.0 64.0 242.0 4946.0 44215.0 403.0 54475.0
40 40 39 0.0 41.0 158.0 3044.0 25819.0 181.0 104188.0
40 40 40 0.0 21.0 122.0 1896.0 15893.0 76.0 138967.0
40 40 41 0.0 32.0 199.0 3272.0 25455.0 186.0 105350.0
40 40 42 0.0 45.0 347.0 4890.0 44482.0 411.0 54305.0
40 40 43 0.0 27.0 204.0 4011.0 33547.0 482.0 4211.0
40 40 44 0.0 8.0 10.0 196.0 1276.0 17.0 5.0
40 41 36 0.0 0.0 4.0 112.0 1067.0 16.0 2.0
40 41 37 0.0 24.0 114.0 3020.0 30692.0 486.0 3127.0
40 41 38 0.0 43.0 236.0 5427.0 46715.0 474.0 44460.0
40 41 39 0.0 35.0 247.0 3189.0 29213.0 233.0 95094.0
40 41 40 0.0 19.0 199.0 2973.0 25843.0 145.0 104697.0
40 41 41 0.0 37.0 239.0 3329.0 28213.0 203.0 96224.0
40 41 42 0.0 46.0 345.0 5069.0 47306.0 485.0 45091.0
40 41 43 0.0 65.0 224.0 3995.0 30293.0 472.0 3374.0
40 41 44 0.0 1.0 6.0 123.0 1000.0 15.0 1.0
40 41 45 0.0 0.0 0.0 0.0 1.0 0.0 0.0
40 42 36 0.0 0.0 0.0 46.0 453.0 6.0 0.0
40 42 37 0.0 7.0 93.0 1669.0 16884.0 307.0 716.0
40 42 38 0.0 38.0 262.0 4096.0 49443.0 583.0 23066.0
40 42 39 0.0 45.0 272.0 5522.0 46990.0 437.0 44471.0
40 42 40 0.0 49.0 309.0 5253.0 44464.0 429.0 53375.0
40 42 41 0.0 50.0 303.0 5158.0 47106.0 482.0 45221.0
40 42 42 0.0 59.0 339.0 5058.0 48636.0 601.0 24704.0
40 42 43 0.0 15.0 158.0 1809.0 17794.0 309.0 856.0
40 42 44 0.0 0.0 5.0 57.0 472.0 5.0 1.0
40 43 36 0.0 0.0 0.0 7.0 82.0 0.0 0.0
40 43 37 0.0 5.0 10.0 404.0 4625.0 91.0 35.0
40 43 38 0.0 11.0 76.0 1697.0 16147.0 297.0 671.0
40 43 39 0.0 51.0 140.0 3490.0 29275.0 438.0 2895.0
40 43 40 0.0 37.0 222.0 3761.0 33342.0 544.0 4079.0
40 43 41 0.0 23.0 144.0 3239.0 29732.0 455.0 2947.0
40 43 42 0.0 27.0 101.0 1925.0 17930.0 291.0 875.0
40 43 43 0.0 0.0 62.0 506.0 4952.0 82.0 40.0
40 43 44 0.0 0.0 4.0 11.0 89.0 2.0 0.0
40 44 37 0.0 0.0 1.0 7.0 54.0 0.0 0.0
40 44 38 0.0 0.0 1.0 51.0 423.0 7.0 0.0
40 44 39 0.0 0.0 4.0 108.0 917.0 25.0 2.0
40 44 40 0.0 1.0 6.0 155.0 1295.0 25.0 2.0
40 44 41 0.0 0.0 4.0 91.0 1076.0 15.0 2.0
40 44 42 0.0 0.0 0.0 55.0 430.0 7.0 1.0
40 44 43 0.0 0.0 1.0 13.0 89.0 2.0 0.0
40 44 44 0.0 0.0 0.0 0.0 1.0 0.0 0.0
40 45 39 0.0 0.0 0.0 0.0 2.0 1.0 0.0
41 36 36 0.0 0.0 0.0 1.0 4.0 0.0 0.0
41 36 37 0.0 0.0 1.0 15.0 76.0 3.0 0.0
41 36 38 0.0 0.0 1.0 63.0 396.0 7.0 0.0
41 36 39 0.0 3.0 6.0 180.0 863.0 21.0 1.0
41 36 40 0.0 1.0 6.0 173.0 1137.0 16.0 3.0
41 36 41 0.0 1.0 2.0 176.0 841.0 19.0 2.0
41 36 42 0.0 0.0 2.0 61.0 406.0 6.0 0.0
41 36 43 0.0 0.0 0.0 8.0 62.0 1.0 0.0
41 36 44 0.0 0.0 0.0 0.0 1.0 0.0 0.0
41 37 36 0.0 0.0 0.0 17.0 94.0 0.0 0.0
41 37 37 0.0 5.0 5.0 555.0 3842.0 80.0 42.0
41 37 38 0.0 10.0 73.0 1831.0 14950.0 266.0 607.0
41 37 39 0.0 26.0 81.0 4014.0 25649.0 424.0 2279.0
41 37 40 0.0 101.0 104.0 5244.0 28331.0 502.0 3092.0
41 37 41 0.0 54.0 111.0 4471.0 24733.0 439.0 2240.0
41 37 42 0.0 66.0 68.0 2377.0 13039.0 256.0 468.0
41 37 43 0.0 1.0 24.0 370.0 3785.0 81.0 30.0
41 37 44 0.0 0.0 0.0 6.0 85.0 1.0 0.0
41 38 36 0.0 0.0 2.0 33.0 364.0 6.0 0.0
41 38 37 0.0 10.0 52.0 1468.0 14640.0 278.0 501.0
41 38 38 0.0 30.0 157.0 4687.0 47135.0 567.0 17292.0
41 38 39 0.0 109.0 184.0 8167.0 45788.0 496.0 38141.0
41 38 40 0.0 81.0 214.0 8050.0 44005.0 472.0 45958.0
41 38 41 0.0 140.0 243.0 9505.0 44073.0 529.0 38691.0
41 38 42 0.0 46.0 258.0 5285.0 47282.0 622.0 17855.0
41 38 43 0.0 9.0 108.0 1469.0 13964.0 240.0 489.0
41 38 44 0.0 5.0 1.0 55.0 326.0 8.0 0.0
41 39 36 0.0 0.0 5.0 61.0 849.0 14.0 3.0
41 39 37 0.0 22.0 141.0 2287.0 27367.0 423.0 2285.0
41 39 38 0.0 38.0 258.0 4922.0 48671.0 482.0 38519.0
41 39 39 0.0 34.0 176.0 3587.0 29624.0 219.0 88187.0
41 39 40 0.0 44.0 158.0 3899.0 28848.0 199.0 93657.0
41 39 41 0.0 42.0 194.0 3892.0 29430.0 233.0 88623.0
41 39 42 0.0 87.0 271.0 5574.0 48669.0 528.0 37402.0
41 39 43 0.0 9.0 140.0 3049.0 25748.0 423.0 2080.0
41 39 44 0.0 0.0 8.0 75.0 862.0 17.0 0.0
41 40 36 0.0 3.0 5.0 135.0 1036.0 15.0 1.0
41 40 37 0.0 28.0 152.0 2966.0 30054.0 426.0 2882.0
41 40 38 0.0 25.0 262.0 4375.0 47464.0 478.0 45955.0
41 40 39 0.0 25.0 203.0 2855.0 28518.0 185.0 97112.0
41 40 40 0.0 38.0 196.0 2989.0 25632.0 173.0 105039.0
41 40 41 0.0 40.0 193.0 3508.0 28435.0 202.0 95307.0
41 40 42 0.0 33.0 359.0 5517.0 46661.0 467.0 44591.0
41 40 43 0.0 15.0 143.0 3397.0 30165.0 461.0 3059.0
41 40 44 0.0 0.0 14.0 127.0 1058.0 21.0 2.0
41 41 35 0.0 0.0 0.0 0.0 1.0 0.0 0.0
41 41 36 0.0 0.0 5.0 88.0 781.0 22.0 1.0
41 41 37 0.0 28.0 173.0 2569.0 25890.0 386.0 2221.0
41 41 38 0.0 33.0 292.0 4537.0 49605.0 535.0 36964.0
41 41 39 0.0 35.0 199.0 3232.0 31386.0 258.0 87148.0
41 41 40 0.0 24.0 228.0 3409.0 29197.0 190.0 94315.0
41 41 41 0.0 27.0 230.0 3123.0 30158.0 238.0 89964.0
41 41 42 0.0 38.0 413.0 5283.0 48695.0 513.0 37562.0
41 41 43 0.0 26.0 123.0 2726.0 25664.0 407.0 2097.0
41 41 44 0.0 0.0 3.0 102.0 867.0 15.0 0.0
41 42 36 0.0 0.0 2.0 33.0 344.0 6.0 0.0
41 42 37 0.0 4.0 81.0 1186.0 14417.0 253.0 526.0
41 42 38 0.0 92.0 216.0 5294.0 46998.0 619.0 17898.0
41 42 39 0.0 32.0 347.0 5133.0 49381.0 515.0 36461.0
41 42 40 0.0 29.0 293.0 4714.0 47392.0 434.0 45958.0
41 42 41 0.0 71.0 349.0 5881.0 47985.0 458.0 37521.0
41 42 42 0.0 10.0 398.0 4854.0 47778.0 630.0 18386.0
41 42 43 0.0 18.0 69.0 1673.0 14423.0 250.0 526.0
41 42 44 0.0 0.0 0.0 32.0 353.0 4.0 0.0
41 43 36 0.0 0.0 0.0 5.0 46.0 2.0 0.0
41 43 37 0.0 13.0 8.0 368.0 3660.0 82.0 25.0
41 43 38 0.0 19.0 93.0 1607.0 14266.0 236.0 529.0
41 43 39 0.0 33.0 137.0 2546.0 25529.0 446.0 1955.0
41 43 40 0.0 43.0 195.0 3286.0 29542.0 485.0 2923.0
41 43 41 0.0 11.0 219.0 2654.0 26332.0 433.0 2097.0
41 43 42 0.0 0.0 75.0 1477.0 14186.0 244.0 455.0
41 43 43 0.0 0.0 20.0 329.0 4101.0 74.0 30.0
41 43 44 0.0 0.0 0.0 31.0 82.0 4.0 0.0
41 44 36 0.0 0.0 0.0 0.0 1.0 0.0 0.0
41 44 37 0.0 0.0 0.0 5.0 56.0 2.0 0.0
41 44 38 0.0 0.0 0.0 68.0 313.0 3.0 1.0
41 44 39 0.0 0.0 4.0 80.0 693.0 9.0 1.0
41 44 40 0.0 1.0 3.0 94.0 1021.0 20.0 1.0
41 44 41 0.0 0.0 5.0 84.0 811.0 13.0 0.0
41 44 42 0.0 0.0 2.0 59.0 377.0 10.0 1.0
41 44 43 0.0 0.0 0.0 4.0 132.0 3.0 0.0
41 44 44 0.0 0.0 0.0 0.0 3.0 0.0 0.0
42 35 39 0.0 0.0 0.0 1.0 0.0 0.0 0.0
42 35 41 0.0 0.0 0.0 0.0 1.0 0.0 0.0
42 36 36 0.0 0.0 0.0 2.0 2.0 0.0 0.0
42 36 37 0.0 0.0 0.0 3.0 35.0 1.0 0.0
42 36 38 0.0 0.0 0.0 17.0 162.0 2.0 0.0
42 36 39 0.0 0.0 1.0 64.0 360.0 6.0 0.0
42 36 40 0.0 0.0 1.0 76.0 452.0 5.0 0.0
42 36 41 0.0 0.0 2.0 74.0 311.0 6.0 0.0
42 36 42 0.0 0.0 0.0 18.0 160.0 6.0 0.0
42 36 43 0.0 0.0 0.0 4.0 15.0 0.0 0.0
42 36 44 0.0 0.0 0.0 0.0 4.0 0.0 0.0
42 37 36 0.0 0.0 0.0 3.0 36.0 0.0 0.0
42 37 37 0.0 1.0 5.0 143.0 1943.0 39.0 4.0
42 37 38 0.0 12.0 11.0 1049.0 6676.0 140.0 112.0
42 37 39 0.0 29.0 57.0 2190.0 13561.0 253.0 477.0
42 37 40 0.0 43.0 61.0 3222.0 16139.0 313.0 804.0
42 37 41 0.0 17.0 73.0 2465.0 13671.0 281.0 547.0
42 37 42 0.0 11.0 81.0 1218.0 7349.0 130.0 133.0
42 37 43 0.0 0.0 15.0 182.0 1876.0 35.0 5.0
42 37 44 0.0 0.0 0.0 1.0 25.0 1.0 0.0
42 37 45 0.0 0.0 0.0 0.0 1.0 0.0 0.0
42 38 36 0.0 0.0 1.0 11.0 142.0 2.0 0.0
42 38 37 0.0 6.0 38.0 677.0 7877.0 141.0 140.0
42 38 38 0.0 118.0 126.0 4773.0 36602.0 553.0 6972.0
42 38 39 0.0 108.0 214.0 6513.0 45483.0 585.0 15628.0
42 38 40 0.0 54.0 203.0 6316.0 47386.0 551.0 21776.0
42 38 41 0.0 54.0 186.0 6257.0 45493.0 609.0 17402.0
42 38 42 0.0 11.0 200.0 3957.0 36539.0 551.0 6496.0
42 38 43 0.0 7.0 43.0 793.0 7545.0 124.0 148.0
42 38 44 0.0 0.0 0.0 19.0 147.0 3.0 0.0
42 39 36 0.0 1.0 1.0 19.0 402.0 8.0 0.0
42 39 37 0.0 8.0 44.0 1382.0 14780.0 256.0 542.0
42 39 38 0.0 75.0 191.0 4577.0 48088.0 597.0 18765.0
42 39 39 0.0 39.0 232.0 4987.0 48625.0 496.0 37353.0
42 39 40 0.0 52.0 294.0 5120.0 46898.0 455.0 45164.0
42 39 41 0.0 77.0 342.0 6241.0 48134.0 493.0 36025.0
42 39 42 0.0 67.0 168.0 5757.0 46553.0 599.0 18022.0
42 39 43 0.0 6.0 63.0 1471.0 14618.0 260.0 575.0
42 39 44 0.0 0.0 2.0 26.0 393.0 7.0 0.0
42 39 45 0.0 0.0 0.0 0.0 1.0 0.0 0.0
42 40 35 0.0 0.0 0.0 1.0 0.0 0.0 0.0
42 40 36 0.0 0.0 5.0 42.0 483.0 7.0 0.0
42 40 37 0.0 5.0 83.0 1591.0 17914.0 311.0 829.0
42 40 38 0.0 19.0 265.0 4272.0 49487.0 597.0 24143.0
42 40 39 0.0 36.0 331.0 4846.0 47678.0 480.0 44285.0
42 40 40 0.0 34.0 291.0 4436.0 44477.0 418.0 54657.0
42 40 41 0.0 49.0 327.0 5168.0 47186.0 470.0 45105.0
42 40 42 0.0 58.0 269.0 5119.0 48874.0 566.0 23762.0
42 40 43 0.0 8.0 69.0 1827.0 16916.0 265.0 724.0
42 40 44 0.0 0.0 3.0 52.0 466.0 8.0 0.0
42 41 36 0.0 1.0 0.0 39.0 314.0 5.0 0.0
42 41 37 0.0 5.0 91.0 1009.0 14349.0 248.0 473.0
42 41 38 0.0 15.0 434.0 3618.0 48478.0 586.0 18158.0
42 41 39 0.0 28.0 367.0 4245.0 49845.0 515.0 37899.0
42 41 40 0.0 59.0 341.0 4501.0 47285.0 501.0 46037.0
42 41 41 0.0 34.0 370.0 4432.0 49201.0 497.0 38819.0
42 41 42 0.0 49.0 215.0 4653.0 47714.0 586.0 18509.0
42 41 43 0.0 9.0 61.0 1427.0 14210.0 247.0 507.0
42 41 44 0.0 0.0 4.0 48.0 349.0 5.0 1.0
42 42 36 0.0 0.0 0.0 14.0 153.0 4.0 0.0
42 42 37 0.0 4.0 28.0 692.0 7055.0 112.0 107.0
42 42 38 0.0 64.0 132.0 3688.0 35874.0 548.0 6059.0
42 42 39 0.0 16.0 211.0 4698.0 46874.0 613.0 15718.0
42 42 40 0.0 10.0 339.0 4555.0 49159.0 548.0 25486.0
42 42 41 0.0 62.0 388.0 4639.0 47532.0 580.0 18458.0
42 42 42 0.0 14.0 156.0 2855.0 39668.0 557.0 7760.0
42 42 43 0.0 1.0 36.0 727.0 7884.0 163.0 151.0
42 42 44 0.0 0.0 3.0 12.0 148.0 5.0 0.0
42 43 36 0.0 0.0 0.0 3.0 33.0 1.0 0.0
42 43 37 0.0 0.0 11.0 211.0 1675.0 37.0 4.0
42 43 38 0.0 4.0 19.0 616.0 6680.0 127.0 84.0
42 43 39 0.0 6.0 55.0 1218.0 14101.0 246.0 456.0
42 43 40 0.0 4.0 108.0 1582.0 16802.0 292.0 714.0
42 43 41 0.0 10.0 88.0 1637.0 14900.0 260.0 505.0
42 43 42 0.0 9.0 35.0 687.0 7389.0 126.0 114.0
42 43 43 0.0 0.0 5.0 171.0 1887.0 35.0 9.0
42 43 44 0.0 0.0 0.0 1.0 23.0 0.0 0.0
42 44 36 0.0 0.0 0.0 0.0 1.0 0.0 0.0
42 44 37 0.0 0.0 0.0 4.0 13.0 0.0 0.0
42 44 38 0.0 0.0 0.0 14.0 152.0 1.0 1.0
42 44 39 0.0 1.0 4.0 25.0 322.0 7.0 0.0
42 44 40 0.0 0.0 1.0 37.0 473.0 4.0 0.0
42 44 41 0.0 0.0 0.0 26.0 309.0 4.0 0.0
42 44 42 0.0 0.0 2.0 3.0 147.0 1.0 0.0
42 44 43 0.0 0.0 0.0 1.0 35.0 0.0 0.0
42 44 44 0.0 0.0 0.0 0.0 2.0 0.0 0.0
43 36 37 0.0 0.0 0.0 0.0 6.0 0.0 0.0
43 36 38 0.0 2.0 1.0 8.0 36.0 0.0 0.0
43 36 39 0.0 0.0 1.0 9.0 82.0 1.0 0.0
43 36 40 0.0 0.0 0.0 8.0 84.0 0.0 0.0
43 36 41 0.0 0.0 0.0 7.0 58.0 0.0 0.0
43 36 42 0.0 0.0 0.0 10.0 26.0 0.0 0.0
43 36 43 0.0 0.0 0.0 1.0 0.0 0.0 0.0
43 37 36 0.0 0.0 0.0 0.0 12.0 0.0 0.0
43 37 37 0.0 0.0 0.0 33.0 384.0 7.0 0.0
43 37 38 0.0 4.0 9.0 158.0 1413.0 33.0 3.0
43 37 39 0.0 4.0 13.0 429.0 3430.0 67.0 22.0
43 37 40 0.0 1.0 24.0 411.0 4476.0 72.0 40.0
43 37 41 0.0 0.0 9.0 457.0 3452.0 53.0 37.0
43 37 42 0.0 1.0 1.0 145.0 1734.0 34.0 8.0
43 37 43 0.0 0.0 2.0 27.0 451.0 5.0 0.0
43 37 44 0.0 0.0 0.0 0.0 11.0 1.0 0.0
43 38 36 0.0 0.0 0.0 4.0 30.0 0.0 0.0
43 38 37 0.0 6.0 8.0 150.0 2113.0 37.0 11.0
43 38 38 0.0 8.0 18.0 609.0 7433.0 138.0 124.0
43 38 39 0.0 14.0 59.0 1264.0 13219.0 229.0 409.0
43 38 40 0.0 22.0 74.0 1747.0 16493.0 284.0 783.0
43 38 41 0.0 10.0 71.0 1589.0 13395.0 216.0 467.0
43 38 42 0.0 22.0 22.0 794.0 6875.0 131.0 110.0
43 38 43 0.0 2.0 7.0 167.0 1630.0 34.0 4.0
43 38 44 0.0 0.0 0.0 6.0 26.0 0.0 0.0
43 39 36 0.0 0.0 0.0 7.0 56.0 0.0 0.0
43 39 37 0.0 0.0 20.0 281.0 4346.0 86.0 29.0
43 39 38 0.0 11.0 49.0 1381.0 14492.0 262.0 488.0
43 39 39 0.0 10.0 162.0 2671.0 25218.0 409.0 1996.0
43 39 40 0.0 19.0 153.0 3001.0 29662.0 486.0 2847.0
43 39 41 0.0 24.0 156.0 2709.0 25135.0 431.0 1940.0
43 39 42 0.0 5.0 92.0 1587.0 13868.0 233.0 504.0
43 39 43 0.0 1.0 17.0 394.0 3986.0 71.0 45.0
43 39 44 0.0 0.0 0.0 11.0 68.0 0.0 0.0
43 40 36 0.0 0.0 3.0 14.0 86.0 0.0 0.0
43 40 37 0.0 1.0 43.0 355.0 4908.0 82.0 42.0
43 40 38 0.0 16.0 76.0 1868.0 17746.0 314.0 873.0
43 40 39 0.0 24.0 173.0 2837.0 30772.0 462.0 3029.0
43 40 40 0.0 10.0 222.0 3302.0 34741.0 528.0 4396.0
43 40 41 0.0 3.0 237.0 2855.0 30690.0 514.0 3178.0
43 40 42 0.0 23.0 97.0 1800.0 17390.0 326.0 813.0
43 40 43 0.0 6.0 36.0 506.0 5127.0 96.0 52.0
43 40 44 0.0 0.0 0.0 3.0 89.0 0.0 0.0
43 41 36 0.0 0.0 0.0 3.0 63.0 0.0 0.0
43 41 37 0.0 1.0 29.0 338.0 3889.0 72.0 42.0
43 41 38 0.0 4.0 76.0 979.0 14434.0 211.0 507.0
43 41 39 0.0 5.0 195.0 2390.0 26343.0 422.0 2106.0
43 41 40 0.0 11.0 131.0 2597.0 30005.0 466.0 2937.0
43 41 41 0.0 23.0 137.0 2246.0 26474.0 459.0 2090.0
43 41 42 0.0 11.0 89.0 1194.0 14760.0 239.0 502.0
43 41 43 0.0 0.0 18.0 334.0 4482.0 77.0 39.0
43 41 44 0.0 0.0 0.0 4.0 66.0 0.0 0.0
43 42 36 0.0 0.0 0.0 1.0 28.0 0.0 0.0
43 42 37 0.0 0.0 16.0 126.0 1778.0 42.0 6.0
43 42 38 0.0 1.0 44.0 589.0 7446.0 137.0 113.0
43 42 39 0.0 9.0 118.0 1342.0 14349.0 235.0 499.0
43 42 40 0.0 8.0 92.0 1432.0 18097.0 299.0 833.0
43 42 41 0.0 19.0 143.0 1416.0 14842.0 226.0 524.0
43 42 42 0.0 3.0 63.0 543.0 8032.0 138.0 134.0
43 42 43 0.0 21.0 8.0 175.0 2012.0 32.0 4.0
43 42 44 0.0 4.0 0.0 1.0 28.0 0.0 0.0
43 43 36 0.0 0.0 0.0 1.0 4.0 0.0 0.0
43 43 37 0.0 0.0 2.0 41.0 312.0 7.0 0.0
43 43 38 0.0 0.0 6.0 178.0 1533.0 23.0 8.0
43 43 39 0.0 2.0 32.0 332.0 3835.0 71.0 23.0
43 43 40 0.0 0.0 20.0 457.0 5103.0 93.0 52.0
43 43 41 0.0 0.0 37.0 333.0 4210.0 74.0 38.0
43 43 42 0.0 0.0 9.0 140.0 1956.0 34.0 3.0
43 43 43 0.0 7.0 1.0 40.0 410.0 4.0 1.0
43 43 44 0.0 0.0 1.0 0.0 2.0 0.0 0.0
43 44 37 0.0 0.0 0.0 0.0 4.0 1.0 0.0
43 44 38 0.0 0.0 0.0 2.0 19.0 1.0 0.0
43 44 39 0.0 0.0 0.0 12.0 72.0 1.0 0.0
43 44 40 0.0 0.0 0.0 5.0 98.0 1.0 0.0
43 44 41 0.0 0.0 0.0 6.0 74.0 1.0 0.0
43 44 42 0.0 0.0 0.0 3.0 16.0 0.0 0.0
43 44 43 0.0 0.0 0.0 1.0 8.0 0.0 0.0
44 36 39 0.0 0.0 0.0 0.0 2.0 0.0 0.0
44 36 40 0.0 0.0 0.0 0.0 3.0 0.0 0.0
44 36 41 0.0 0.0 0.0 0.0 6.0 0.0 0.0
44 36 43 0.0 0.0 0.0 0.0 2.0 0.0 0.0
44 37 37 0.0 0.0 0.0 2.0 3.0 0.0 0.0
44 37 38 0.0 0.0 0.0 1.0 29.0 0.0 0.0
44 37 39 0.0 0.0 0.0 4.0 54.0 0.0 0.0
44 37 40 0.0 0.0 4.0 5.0 87.0 2.0 0.0
44 37 41 0.0 0.0 0.0 7.0 64.0 1.0 0.0
44 37 42 0.0 0.0 4.0 2.0 29.0 1.0 0.0
44 37 43 0.0 0.0 0.0 0.0 10.0 0.0 0.0
44 38 37 0.0 0.0 0.0 0.0 30.0 1.0 0.0
44 38 38 0.0 0.0 0.0 21.0 168.0 4.0 0.0
44 38 39 0.0 0.0 4.0 30.0 309.0 9.0 0.0
44 38 40 0.0 0.0 13.0 44.0 423.0 11.0 0.0
44 38 41 0.0 0.0 4.0 21.0 367.0 5.0 0.0
44 38 42 0.0 0.0 2.0 13.0 127.0 1.0 0.0
44 38 43 0.0 0.0 0.0 3.0 23.0 0.0 0.0
44 39 36 0.0 0.0 0.0 1.0 3.0 0.0 0.0
44 39 37 0.0 0.0 0.0 3.0 59.0 1.0 0.0
44 39 38 0.0 0.0 1.0 24.0 324.0 8.0 0.0
44 39 39 0.0 0.0 5.0 97.0 751.0 20.0 1.0
44 39 40 0.0 0.0 6.0 92.0 1120.0 16.0 2.0
44 39 41 0.0 0.0 0.0 75.0 733.0 6.0 1.0
44 39 42 0.0 0.0 2.0 55.0 390.0 10.0 0.0
44 39 43 0.0 0.0 1.0 19.0 106.0 4.0 0.0
44 39 44 0.0 0.0 0.0 0.0 5.0 0.0 0.0
44 40 36 0.0 0.0 0.0 0.0 16.0 2.0 0.0
44 40 37 0.0 0.0 0.0 3.0 88.0 3.0 0.0
44 40 38 0.0 0.0 1.0 41.0 469.0 11.0 1.0
44 40 39 0.0 0.0 11.0 94.0 1144.0 19.0 1.0
44 40 40 0.0 0.0 6.0 132.0 1427.0 24.0 3.0
44 40 41 0.0 0.0 10.0 102.0 1052.0 26.0 1.0
44 40 42 0.0 1.0 0.0 31.0 437.0 9.0 0.0
44 40 43 0.0 0.0 0.0 7.0 58.0 0.0 0.0
44 40 44 0.0 0.0 0.0 0.0 5.0 0.0 0.0
44 41 36 0.0 0.0 0.0 0.0 4.0 0.0 0.0
44 41 37 0.0 0.0 0.0 5.0 88.0 1.0 0.0
44 41 38 0.0 0.0 1.0 32.0 325.0 6.0 0.0
44 41 39 0.0 0.0 3.0 75.0 807.0 13.0 0.0
44 41 40 0.0 3.0 6.0 122.0 1191.0 29.0 3.0
44 41 41 0.0 1.0 2.0 68.0 864.0 16.0 0.0
44 41 42 0.0 0.0 0.0 68.0 367.0 10.0 0.0
44 41 43 0.0 0.0 1.0 6.0 103.0 4.0 0.0
44 41 44 0.0 0.0 0.0 0.0 2.0 0.0 0.0
44 42 37 0.0 0.0 0.0 1.0 28.0 2.0 0.0
44 42 38 0.0 1.0 1.0 5.0 131.0 1.0 0.0
44 42 39 0.0 0.0 3.0 19.0 366.0 4.0 0.0
44 42 40 0.0 0.0 3.0 54.0 436.0 7.0 1.0
44 42 41 0.0 0.0 1.0 30.0 390.0 10.0 0.0
44 42 42 0.0 0.0 1.0 15.0 158.0 1.0 0.0
44 42 43 0.0 0.0 1.0 3.0 32.0 2.0 0.0
44 43 37 0.0 0.0 0.0 2.0 4.0 0.0 0.0
44 43 38 0.0 0.0 4.0 2.0 28.0 0.0 0.0
44 43 39 0.0 0.0 0.0 3.0 96.0 2.0 0.0
44 43 40 0.0 0.0 0.0 8.0 76.0 0.0 0.0
44 43 41 0.0 0.0 0.0 5.0 75.0 3.0 0.0
44 43 42 0.0 0.0 0.0 5.0 36.0 0.0 0.0
44 43 43 0.0 0.0 0.0 0.0 5.0 1.0 0.0
44 44 38 0.0 0.0 0.0 0.0 3.0 0.0 0.0
44 44 39 0.0 0.0 0.0 0.0 6.0 1.0 0.0
44 44 40 0.0 0.0 0.0 1.0 6.0 0.0 0.0
44 44 41 0.0 0.0 0.0 2.0 4.0 0.0 0.0
44 44 42 0.0 0.0 0.0 0.0 2.0 0.0 0.0
45 39 40 0.0 0.0 0.0 0.0 1.0 0.0 0.0
45 39 41 0.0 0.0 0.0 0.0 1.0 0.0 0.0
45 40 41 0.0 0.0 0.0 0.0 1.0 0.0 0.0
45 42 39 0.0 0.0 0.0 0.0 1.0 0.0 0.0
