39 38 40 0.0 0.0 0.0 0.0 1.0 0.0 0.0
39 39 39 0.0 0.0 27.0 27.0 365.0 13.0 1.0
39 39 40 0.0 0.0 10.0 14.0 224.0 7.0 0.0
39 39 41 0.0 1.0 11.0 17.0 323.0 11.0 2.0
39 40 39 0.0 4.0 7.0 23.0 153.0 2.0 0.0
39 40 40 0.0 7.0 14.0 56.0 302.0 7.0 0.0
39 40 41 0.0 0.0 6.0 33.0 147.0 3.0 0.0
39 41 39 0.0 0.0 2.0 23.0 218.0 6.0 0.0
39 41 40 0.0 1.0 14.0 9.0 254.0 2.0 0.0
39 41 41 0.0 1.0 21.0 14.0 197.0 4.0 0.0
40 39 39 0.0 1.0 16.0 10.0 358.0 3.0 0.0
40 39 40 0.0 41.0 22.0 368.0 337.0 10.0 0.0
40 39 41 0.0 2.0 1.0 40.0 217.0 7.0 0.0
40 40 39 0.0 3.0 19.0 21.0 292.0 8.0 0.0
40 40 40 10.0 199.0 1387.0 3037.0 23747.0 428.0 2822.0
40 40 41 0.0 5.0 20.0 47.0 292.0 7.0 0.0
40 41 39 0.0 1.0 16.0 32.0 209.0 5.0 0.0
40 41 40 0.0 1.0 6.0 19.0 276.0 4.0 0.0
40 41 41 0.0 1.0 13.0 60.0 208.0 9.0 0.0
41 39 39 0.0 0.0 8.0 8.0 195.0 3.0 0.0
41 39 40 0.0 0.0 4.0 27.0 181.0 1.0 0.0
41 39 41 0.0 1.0 21.0 16.0 244.0 7.0 0.0
41 40 39 0.0 0.0 31.0 11.0 349.0 9.0 0.0
41 40 40 0.0 2.0 23.0 24.0 288.0 5.0 1.0
41 40 41 0.0 0.0 8.0 30.0 252.0 9.0 0.0
41 41 39 0.0 0.0 10.0 18.0 204.0 7.0 0.0
41 41 40 0.0 1.0 5.0 21.0 197.0 3.0 0.0
41 41 41 0.0 2.0 22.0 19.0 238.0 6.0 0.0
41 42 40 0.0 0.0 0.0 0.0 4.0 0.0 0.0
