34 36 37 0.0 0.0 0.0 0.0 1.0 0.0 0.0
34 36 39 0.0 0.0 0.0 0.0 3.0 0.0 0.0
34 36 40 0.0 0.0 0.0 0.0 2.0 0.0 0.0
34 36 41 0.0 0.0 0.0 0.0 2.0 0.0 0.0
34 36 42 0.0 0.0 0.0 0.0 1.0 0.0 0.0
34 37 36 0.0 0.0 0.0 0.0 1.0 0.0 0.0
34 37 38 0.0 0.0 0.0 1.0 9.0 0.0 0.0
34 37 39 0.0 0.0 0.0 2.0 9.0 0.0 0.0
34 37 40 0.0 0.0 0.0 1.0 12.0 0.0 0.0
34 37 41 0.0 0.0 0.0 1.0 11.0 0.0 0.0
34 37 42 0.0 0.0 0.0 1.0 14.0 1.0 0.0
34 37 43 0.0 0.0 0.0 0.0 1.0 0.0 0.0
34 37 44 0.0 0.0 0.0 0.0 1.0 0.0 0.0
34 38 37 0.0 0.0 0.0 0.0 13.0 1.0 0.0
34 38 38 0.0 0.0 0.0 0.0 22.0 1.0 0.0
34 38 39 0.0 0.0 0.0 10.0 34.0 0.0 0.0
34 38 40 0.0 0.0 0.0 3.0 70.0 1.0 0.0
34 38 41 0.0 0.0 0.0 2.0 47.0 0.0 0.0
34 38 42 0.0 0.0 0.0 1.0 21.0 0.0 0.0
34 38 43 0.0 0.0 0.0 0.0 7.0 1.0 0.0
34 39 36 0.0 0.0 0.0 0.0 1.0 0.0 0.0
34 39 37 0.0 0.0 0.0 0.0 17.0 0.0 0.0
34 39 38 0.0 0.0 0.0 3.0 36.0 1.0 0.0
34 39 39 0.0 0.0 0.0 18.0 111.0 1.0 0.0
34 39 40 0.0 0.0 0.0 28.0 157.0 1.0 0.0
34 39 41 0.0 0.0 0.0 13.0 104.0 2.0 0.0
34 39 42 0.0 0.0 0.0 1.0 60.0 0.0 0.0
34 39 43 0.0 0.0 0.0 0.0 15.0 0.0 0.0
34 40 36 0.0 0.0 0.0 0.0 2.0 0.0 0.0
34 40 37 0.0 0.0 0.0 2.0 11.0 0.0 0.0
34 40 38 0.0 0.0 0.0 6.0 46.0 1.0 0.0
34 40 39 0.0 0.0 0.0 24.0 149.0 0.0 0.0
34 40 40 0.0 0.0 0.0 14.0 171.0 3.0 0.0
34 40 41 0.0 0.0 0.0 13.0 159.0 2.0 0.0
34 40 42 0.0 0.0 0.0 1.0 46.0 0.0 0.0
34 40 43 0.0 0.0 0.0 0.0 15.0 1.0 0.0
34 40 44 0.0 0.0 0.0 1.0 1.0 0.0 0.0
34 41 37 0.0 0.0 0.0 0.0 10.0 0.0 0.0
34 41 38 0.0 0.0 0.0 13.0 28.0 1.0 0.0
34 41 39 0.0 0.0 0.0 11.0 133.0 2.0 0.0
34 41 40 0.0 0.0 0.0 18.0 142.0 7.0 0.0
34 41 41 0.0 0.0 0.0 7.0 102.0 2.0 0.0
34 41 42 0.0 0.0 0.0 2.0 45.0 0.0 0.0
34 41 43 0.0 0.0 0.0 1.0 13.0 0.0 0.0
34 41 44 0.0 0.0 0.0 0.0 3.0 0.0 0.0
34 42 36 0.0 0.0 0.0 0.0 4.0 0.0 0.0
34 42 37 0.0 0.0 0.0 2.0 0.0 0.0 0.0
34 42 38 0.0 0.0 0.0 2.0 17.0 0.0 0.0
34 42 39 0.0 0.0 0.0 7.0 65.0 1.0 0.0
34 42 40 0.0 0.0 0.0 5.0 67.0 2.0 0.0
34 42 41 0.0 0.0 0.0 3.0 63.0 1.0 0.0
34 42 42 0.0 0.0 0.0 5.0 18.0 1.0 0.0
34 42 43 0.0 0.0 0.0 0.0 5.0 0.0 0.0
34 43 38 0.0 0.0 0.0 0.0 3.0 0.0 0.0
34 43 39 0.0 0.0 0.0 2.0 13.0 1.0 0.0
34 43 40 0.0 0.0 0.0 0.0 18.0 0.0 0.0
34 43 41 0.0 0.0 0.0 1.0 7.0 0.0 0.0
34 43 42 0.0 0.0 0.0 0.0 9.0 0.0 0.0
34 43 43 0.0 0.0 0.0 1.0 2.0 0.0 0.0
35 35 36 0.0 0.0 0.0 0.0 2.0 0.0 0.0
35 35 37 0.0 0.0 0.0 1.0 5.0 0.0 0.0
35 35 38 0.0 0.0 0.0 2.0 16.0 0.0 0.0
35 35 39 0.0 0.0 0.0 1.0 14.0 0.0 0.0
35 35 40 0.0 0.0 0.0 2.0 53.0 1.0 0.0
35 35 41 0.0 0.0 0.0 0.0 18.0 0.0 0.0
35 35 42 0.0 0.0 0.0 0.0 10.0 0.0 0.0
35 35 44 0.0 0.0 0.0 1.0 0.0 0.0 0.0
35 36 36 0.0 0.0 0.0 1.0 16.0 0.0 0.0
35 36 37 0.0 0.0 0.0 9.0 77.0 0.0 0.0
35 36 38 0.0 0.0 0.0 18.0 274.0 3.0 0.0
35 36 39 0.0 0.0 1.0 78.0 546.0 9.0 1.0
35 36 40 0.0 0.0 0.0 65.0 585.0 10.0 1.0
35 36 41 0.0 0.0 3.0 65.0 478.0 8.0 0.0
35 36 42 0.0 0.0 1.0 32.0 213.0 6.0 0.0
35 36 43 0.0 0.0 0.0 16.0 72.0 1.0 0.0
35 36 44 0.0 0.0 0.0 1.0 6.0 0.0 0.0
35 37 35 0.0 0.0 0.0 0.0 4.0 1.0 0.0
35 37 36 0.0 0.0 0.0 5.0 93.0 2.0 0.0
35 37 37 0.0 0.0 2.0 51.0 555.0 9.0 0.0
35 37 38 0.0 1.0 3.0 186.0 1661.0 25.0 4.0
35 37 39 0.0 0.0 0.0 273.0 2558.0 43.0 9.0
35 37 40 0.0 0.0 2.0 313.0 3162.0 56.0 26.0
35 37 41 0.0 12.0 3.0 323.0 2689.0 46.0 13.0
35 37 42 0.0 0.0 2.0 165.0 1528.0 24.0 4.0
35 37 43 0.0 0.0 0.0 40.0 492.0 12.0 0.0
35 37 44 0.0 0.0 0.0 4.0 70.0 1.0 0.0
35 37 45 0.0 0.0 0.0 0.0 4.0 0.0 0.0
35 38 35 0.0 0.0 0.0 1.0 14.0 0.0 0.0
35 38 36 0.0 1.0 0.0 20.0 289.0 5.0 0.0
35 38 37 0.0 0.0 4.0 154.0 1474.0 36.0 6.0
35 38 38 0.0 5.0 12.0 453.0 4057.0 78.0 33.0
35 38 39 0.0 4.0 22.0 825.0 7563.0 135.0 109.0
35 38 40 0.0 0.0 15.0 870.0 8239.0 135.0 136.0
35 38 41 0.0 2.0 38.0 775.0 7137.0 137.0 104.0
35 38 42 0.0 0.0 7.0 360.0 3907.0 57.0 27.0
35 38 43 0.0 1.0 3.0 169.0 1444.0 29.0 1.0
35 38 44 0.0 0.0 0.0 20.0 207.0 2.0 0.0
35 38 45 0.0 0.0 0.0 0.0 7.0 0.0 0.0
35 39 35 0.0 0.0 0.0 2.0 16.0 1.0 0.0
35 39 36 0.0 0.0 0.0 62.0 490.0 8.0 0.0
35 39 37 0.0 4.0 0.0 356.0 2551.0 49.0 12.0
35 39 38 0.0 6.0 34.0 877.0 7214.0 149.0 121.0
35 39 39 0.0 3.0 22.0 1448.0 11365.0 205.0 283.0
35 39 40 0.0 5.0 34.0 1377.0 13424.0 229.0 395.0
35 39 41 0.0 3.0 18.0 1391.0 11957.0 238.0 282.0
35 39 42 0.0 3.0 10.0 813.0 7118.0 132.0 88.0
35 39 43 0.0 3.0 11.0 266.0 2558.0 51.0 9.0
35 39 44 0.0 0.0 0.0 40.0 485.0 10.0 0.0
35 39 45 0.0 0.0 0.0 0.0 18.0 0.0 0.0
35 40 35 0.0 0.0 0.0 4.0 19.0 1.0 0.0
35 40 36 0.0 0.0 2.0 69.0 469.0 13.0 0.0
35 40 37 0.0 5.0 3.0 354.0 3057.0 57.0 13.0
35 40 38 0.0 0.0 14.0 1062.0 8429.0 154.0 146.0
35 40 39 0.0 27.0 38.0 1696.0 13804.0 230.0 458.0
35 40 40 0.0 8.0 13.0 1685.0 15889.0 251.0 554.0
35 40 41 0.0 31.0 43.0 1546.0 13911.0 248.0 429.0
35 40 42 0.0 1.0 26.0 884.0 8335.0 140.0 138.0
35 40 43 0.0 0.0 7.0 337.0 3142.0 43.0 16.0
35 40 44 0.0 0.0 0.0 51.0 560.0 16.0 1.0
35 40 45 0.0 0.0 0.0 3.0 41.0 0.0 0.0
35 41 35 0.0 0.0 0.0 19.0 29.0 1.0 0.0
35 41 36 0.0 2.0 0.0 49.0 418.0 13.0 0.0
35 41 37 0.0 2.0 4.0 279.0 2392.0 43.0 13.0
35 41 38 0.0 2.0 5.0 799.0 7038.0 132.0 87.0
35 41 39 0.0 0.0 32.0 1301.0 11534.0 190.0 242.0
35 41 40 0.0 3.0 32.0 1434.0 14195.0 253.0 407.0
35 41 41 0.0 4.0 14.0 1395.0 12318.0 218.0 325.0
35 41 42 0.0 3.0 12.0 792.0 7041.0 131.0 97.0
35 41 43 0.0 2.0 9.0 362.0 2634.0 32.0 14.0
35 41 44 0.0 0.0 0.0 37.0 433.0 11.0 0.0
35 41 45 0.0 0.0 0.0 1.0 22.0 0.0 0.0
35 42 35 0.0 0.0 0.0 1.0 9.0 0.0 0.0
35 42 36 0.0 0.0 1.0 22.0 183.0 5.0 0.0
35 42 37 0.0 1.0 2.0 151.0 1335.0 18.0 0.0
35 42 38 0.0 1.0 4.0 449.0 3853.0 83.0 25.0
35 42 39 0.0 1.0 6.0 758.0 7302.0 142.0 102.0
35 42 40 0.0 8.0 21.0 830.0 8345.0 154.0 128.0
35 42 41 0.0 7.0 6.0 790.0 7418.0 129.0 111.0
35 42 42 0.0 5.0 5.0 449.0 4002.0 69.0 25.0
35 42 43 0.0 2.0 3.0 154.0 1320.0 33.0 4.0
35 42 44 0.0 0.0 0.0 17.0 296.0 6.0 1.0
35 42 45 0.0 0.0 0.0 3.0 7.0 1.0 0.0
35 43 35 0.0 0.0 0.0 0.0 1.0 0.0 0.0
35 43 36 0.0 2.0 0.0 9.0 51.0 2.0 0.0
35 43 37 0.0 0.0 1.0 35.0 405.0 5.0 0.0
35 43 38 0.0 2.0 1.0 192.0 1281.0 26.0 4.0
35 43 39 0.0 0.0 2.0 223.0 2591.0 39.0 10.0
35 43 40 0.0 0.0 2.0 346.0 3192.0 72.0 13.0
35 43 41 0.0 0.0 1.0 249.0 2793.0 54.0 6.0
35 43 42 0.0 0.0 3.0 159.0 1388.0 39.0 1.0
35 43 43 0.0 0.0 0.0 47.0 487.0 7.0 0.0
35 43 44 0.0 0.0 0.0 9.0 59.0 0.0 0.0
35 43 45 0.0 0.0 0.0 1.0 4.0 0.0 0.0
35 44 36 0.0 0.0 0.0 1.0 4.0 0.0 0.0
35 44 37 0.0 0.0 0.0 5.0 50.0 1.0 0.0
35 44 38 0.0 1.0 0.0 18.0 198.0 4.0 0.0
35 44 39 0.0 0.0 1.0 72.0 407.0 5.0 0.0
35 44 40 0.0 0.0 3.0 68.0 504.0 7.0 0.0
35 44 41 0.0 1.0 0.0 58.0 599.0 13.0 0.0
35 44 42 0.0 0.0 0.0 25.0 260.0 9.0 0.0
35 44 43 0.0 0.0 0.0 7.0 76.0 1.0 0.0
35 44 44 0.0 0.0 0.0 0.0 9.0 1.0 0.0
35 45 35 0.0 0.0 0.0 0.0 1.0 0.0 0.0
35 45 37 0.0 0.0 0.0 0.0 2.0 0.0 0.0
35 45 38 0.0 0.0 0.0 1.0 8.0 0.0 0.0
35 45 39 0.0 0.0 0.0 1.0 20.0 1.0 0.0
35 45 40 0.0 0.0 1.0 5.0 23.0 1.0 0.0
35 45 41 0.0 0.0 0.0 4.0 22.0 0.0 0.0
35 45 42 0.0 0.0 0.0 0.0 9.0 0.0 0.0
35 45 43 0.0 0.0 0.0 0.0 3.0 0.0 0.0
36 34 37 0.0 0.0 0.0 0.0 1.0 0.0 0.0
36 34 38 0.0 0.0 0.0 0.0 1.0 0.0 0.0
36 34 39 0.0 0.0 0.0 0.0 4.0 0.0 0.0
36 34 40 0.0 0.0 0.0 1.0 0.0 0.0 0.0
36 34 41 0.0 0.0 0.0 0.0 1.0 0.0 0.0
36 34 42 0.0 0.0 0.0 0.0 1.0 0.0 0.0
36 35 36 0.0 0.0 0.0 0.0 15.0 0.0 0.0
36 35 37 0.0 0.0 0.0 11.0 90.0 5.0 0.0
36 35 38 0.0 0.0 0.0 29.0 291.0 0.0 1.0
36 35 39 0.0 0.0 0.0 74.0 592.0 12.0 0.0
36 35 40 0.0 0.0 1.0 79.0 520.0 7.0 0.0
36 35 41 0.0 0.0 2.0 46.0 497.0 12.0 1.0
36 35 42 0.0 0.0 1.0 14.0 242.0 4.0 0.0
36 35 43 0.0 0.0 1.0 4.0 70.0 2.0 0.0
36 35 44 0.0 0.0 0.0 4.0 11.0 0.0 0.0
36 35 45 0.0 0.0 0.0 0.0 2.0 1.0 0.0
36 36 35 0.0 0.0 0.0 1.0 11.0 0.0 0.0
36 36 36 0.0 0.0 3.0 36.0 365.0 6.0 0.0
36 36 37 0.0 0.0 2.0 216.0 2426.0 60.0 10.0
36 36 38 0.0 35.0 1.0 734.0 5798.0 115.0 59.0
36 36 39 0.0 3.0 7.0 963.0 8914.0 143.0 183.0
36 36 40 0.0 1.0 9.0 1061.0 11042.0 204.0 286.0
36 36 41 0.0 2.0 6.0 821.0 8896.0 152.0 176.0
36 36 42 0.0 0.0 4.0 466.0 5311.0 110.0 46.0
36 36 43 0.0 0.0 0.0 254.0 1794.0 40.0 4.0
36 36 44 0.0 0.0 0.0 51.0 347.0 4.0 0.0
36 36 45 0.0 0.0 0.0 4.0 8.0 1.0 0.0
36 37 35 0.0 0.0 0.0 1.0 78.0 0.0 0.0
36 37 36 0.0 4.0 2.0 246.0 2246.0 38.0 7.0
36 37 37 0.0 4.0 19.0 1063.0 9824.0 174.0 212.0
36 37 38 0.0 11.0 22.0 2011.0 21642.0 369.0 1360.0
36 37 39 0.0 22.0 35.0 3278.0 30289.0 479.0 3288.0
36 37 40 0.0 8.0 94.0 3404.0 33642.0 478.0 4216.0
36 37 41 0.0 2.0 52.0 3338.0 30047.0 466.0 3147.0
36 37 42 0.0 6.0 34.0 2009.0 21596.0 338.0 1349.0
36 37 43 0.0 2.0 23.0 910.0 8963.0 153.0 166.0
36 37 44 0.0 0.0 0.0 169.0 2177.0 40.0 13.0
36 37 45 0.0 0.0 0.0 0.0 59.0 1.0 0.0
36 38 34 0.0 0.0 0.0 1.0 0.0 0.0 0.0
36 38 35 0.0 0.0 0.0 17.0 271.0 6.0 0.0
36 38 36 0.0 2.0 12.0 561.0 6220.0 117.0 83.0
36 38 37 0.0 19.0 47.0 2426.0 21648.0 383.0 1368.0
36 38 38 0.0 13.0 112.0 4020.0 38830.0 546.0 6321.0
36 38 39 0.0 33.0 81.0 5331.0 46101.0 600.0 12296.0
36 38 40 0.0 22.0 74.0 4907.0 48876.0 605.0 15420.0
36 38 41 0.0 31.0 156.0 4788.0 46980.0 602.0 12408.0
36 38 42 0.0 13.0 75.0 3973.0 37968.0 548.0 5969.0
36 38 43 0.0 9.0 21.0 1989.0 20224.0 354.0 1096.0
36 38 44 0.0 1.0 4.0 475.0 5425.0 104.0 61.0
36 38 45 0.0 0.0 0.0 20.0 220.0 4.0 0.0
36 38 46 0.0 0.0 0.0 0.0 2.0 0.0 0.0
36 39 34 0.0 0.0 0.0 0.0 1.0 0.0 0.0
36 39 35 0.0 0.0 0.0 48.0 518.0 7.0 0.0
36 39 36 0.0 2.0 12.0 1071.0 9008.0 171.0 188.0
36 39 37 0.0 20.0 45.0 3531.0 29645.0 460.0 3231.0
36 39 38 0.0 37.0 103.0 4867.0 46342.0 640.0 12127.0
36 39 39 0.0 16.0 97.0 5827.0 50348.0 612.0 21690.0
36 39 40 0.0 27.0 77.0 5170.0 51860.0 621.0 25528.0
36 39 41 0.0 53.0 149.0 5586.0 50783.0 602.0 22423.0
36 39 42 0.0 21.0 150.0 4764.0 46308.0 623.0 12530.0
36 39 43 0.0 8.0 41.0 3331.0 29997.0 494.0 3141.0
36 39 44 0.0 0.0 12.0 822.0 8743.0 147.0 186.0
36 39 45 0.0 0.0 0.0 46.0 422.0 12.0 0.0
36 39 46 0.0 0.0 0.0 0.0 7.0 0.0 0.0
36 40 34 0.0 0.0 0.0 0.0 1.0 0.0 0.0
36 40 35 0.0 0.0 1.0 64.0 634.0 11.0 0.0
36 40 36 0.0 8.0 17.0 1349.0 10168.0 221.0 230.0
36 40 37 0.0 22.0 51.0 3721.0 33644.0 497.0 4453.0
36 40 38 0.0 43.0 125.0 5513.0 47851.0 636.0 14933.0
36 40 39 0.0 33.0 101.0 6156.0 50833.0 631.0 25178.0
36 40 40 0.0 32.0 123.0 5752.0 51338.0 552.0 29139.0
36 40 41 0.0 29.0 129.0 5961.0 51434.0 579.0 25478.0
36 40 42 0.0 26.0 92.0 4992.0 48115.0 584.0 14614.0
36 40 43 0.0 20.0 52.0 3548.0 33079.0 497.0 4069.0
36 40 44 0.0 2.0 24.0 971.0 10480.0 180.0 256.0
36 40 45 0.0 0.0 1.0 46.0 600.0 7.0 1.0
36 41 35 0.0 0.0 0.0 35.0 442.0 8.0 0.0
36 41 36 0.0 4.0 6.0 1218.0 8548.0 165.0 164.0
36 41 37 0.0 19.0 42.0 3075.0 29704.0 496.0 3149.0
36 41 38 0.0 42.0 124.0 5621.0 45552.0 606.0 11814.0
36 41 39 0.0 32.0 113.0 5599.0 50606.0 636.0 21660.0
36 41 40 0.0 22.0 160.0 5798.0 51120.0 589.0 25559.0
36 41 41 0.0 42.0 95.0 5513.0 50620.0 583.0 22504.0
36 41 42 0.0 50.0 118.0 4963.0 46206.0 595.0 12474.0
36 41 43 0.0 3.0 64.0 3389.0 29372.0 435.0 3074.0
36 41 44 0.0 6.0 7.0 937.0 9042.0 183.0 189.0
36 41 45 0.0 0.0 1.0 45.0 382.0 11.0 0.0
36 41 46 0.0 0.0 0.0 0.0 1.0 0.0 0.0
36 42 35 0.0 0.0 0.0 20.0 217.0 5.0 0.0
36 42 36 0.0 5.0 11.0 663.0 4828.0 102.0 60.0
36 42 37 0.0 76.0 41.0 3137.0 19267.0 329.0 1188.0
36 42 38 0.0 18.0 118.0 4324.0 37268.0 548.0 5943.0
36 42 39 0.0 16.0 94.0 4909.0 46327.0 623.0 11886.0
36 42 40 0.0 30.0 117.0 5168.0 48228.0 616.0 15106.0
36 42 41 0.0 7.0 93.0 4881.0 46838.0 562.0 13142.0
36 42 42 0.0 10.0 96.0 4211.0 38452.0 543.0 6394.0
36 42 43 0.0 1.0 44.0 2083.0 21400.0 359.0 1279.0
36 42 44 0.0 0.0 10.0 362.0 4877.0 84.0 50.0
36 42 45 0.0 0.0 1.0 28.0 224.0 3.0 0.0
36 43 35 0.0 0.0 0.0 5.0 44.0 2.0 0.0
36 43 36 0.0 6.0 3.0 225.0 1650.0 32.0 7.0
36 43 37 0.0 2.0 3.0 1010.0 8469.0 156.0 167.0
36 43 38 0.0 5.0 34.0 2035.0 20235.0 336.0 1099.0
36 43 39 0.0 14.0 61.0 3067.0 29600.0 479.0 3076.0
36 43 40 0.0 19.0 62.0 3928.0 33115.0 511.0 4206.0
36 43 41 0.0 31.0 28.0 3430.0 29930.0 491.0 3182.0
36 43 42 0.0 9.0 40.0 2226.0 21158.0 344.0 1253.0
36 43 43 0.0 0.0 11.0 916.0 9098.0 160.0 160.0
36 43 44 0.0 0.0 1.0 138.0 1772.0 42.0 5.0
36 43 45 0.0 0.0 0.0 4.0 68.0 1.0 0.0
36 44 35 0.0 0.0 0.0 1.0 0.0 0.0 0.0
36 44 36 0.0 0.0 0.0 24.0 386.0 5.0 0.0
36 44 37 0.0 0.0 5.0 166.0 1751.0 38.0 5.0
36 44 38 0.0 2.0 7.0 427.0 4664.0 76.0 50.0
36 44 39 0.0 0.0 42.0 820.0 8187.0 160.0 137.0
36 44 40 0.0 2.0 37.0 971.0 10095.0 190.0 241.0
36 44 41 0.0 5.0 42.0 923.0 9076.0 145.0 190.0
36 44 42 0.0 3.0 9.0 561.0 5540.0 111.0 59.0
36 44 43 0.0 2.0 6.0 154.0 2227.0 53.0 3.0
36 44 44 0.0 0.0 0.0 30.0 349.0 7.0 1.0
36 44 45 0.0 0.0 0.0 1.0 7.0 0.0 0.0
36 45 36 0.0 0.0 0.0 0.0 2.0 0.0 0.0
36 45 37 0.0 0.0 0.0 2.0 63.0 1.0 0.0
36 45 38 0.0 0.0 0.0 23.0 222.0 5.0 0.0
36 45 39 0.0 0.0 0.0 51.0 368.0 10.0 0.0
36 45 40 0.0 0.0 1.0 53.0 640.0 11.0 1.0
36 45 41 0.0 1.0 1.0 44.0 474.0 12.0 1.0
36 45 42 0.0 0.0 0.0 32.0 275.0 9.0 0.0
36 45 43 0.0 0.0 0.0 7.0 68.0 1.0 0.0
36 45 44 0.0 0.0 0.0 0.0 9.0 0.0 0.0
36 46 38 0.0 0.0 0.0 0.0 1.0 0.0 0.0
36 46 40 0.0 0.0 0.0 0.0 2.0 0.0 0.0
36 46 42 0.0 0.0 0.0 0.0 1.0 0.0 0.0
37 34 37 0.0 0.0 0.0 0.0 2.0 0.0 0.0
37 34 38 0.0 1.0 0.0 1.0 4.0 0.0 0.0
37 34 39 0.0 0.0 0.0 1.0 13.0 0.0 0.0
37 34 40 0.0 0.0 1.0 5.0 21.0 0.0 0.0
37 34 41 0.0 0.0 0.0 1.0 14.0 0.0 0.0
37 34 42 0.0 0.0 0.0 1.0 5.0 0.0 0.0
37 35 35 0.0 0.0 0.0 0.0 4.0 0.0 0.0
37 35 36 0.0 5.0 0.0 21.0 79.0 3.0 0.0
37 35 37 0.0 0.0 0.0 74.0 577.0 10.0 0.0
37 35 38 0.0 2.0 8.0 159.0 1901.0 29.0 3.0
37 35 39 0.0 2.0 7.0 343.0 2946.0 49.0 14.0
37 35 40 0.0 0.0 6.0 512.0 3652.0 63.0 21.0
37 35 41 0.0 0.0 8.0 400.0 2739.0 44.0 13.0
37 35 42 0.0 2.0 4.0 153.0 1493.0 27.0 2.0
37 35 43 0.0 0.0 0.0 30.0 546.0 14.0 0.0
37 35 44 0.0 0.0 0.0 7.0 78.0 2.0 0.0
37 35 45 0.0 0.0 0.0 0.0 2.0 0.0 0.0
37 36 35 0.0 0.0 0.0 12.0 97.0 2.0 0.0
37 36 36 0.0 11.0 1.0 186.0 2178.0 33.0 7.0
37 36 37 0.0 3.0 14.0 1248.0 10435.0 184.0 307.0
37 36 38 0.0 18.0 24.0 2815.0 22815.0 368.0 1698.0
37 36 39 0.0 18.0 82.0 4086.0 31277.0 510.0 3617.0
37 36 40 0.0 6.0 66.0 3750.0 34802.0 579.0 4901.0
37 36 41 0.0 11.0 42.0 3475.0 30831.0 450.0 3481.0
37 36 42 0.0 7.0 23.0 2519.0 20780.0 369.0 1263.0
37 36 43 0.0 0.0 10.0 902.0 9821.0 152.0 226.0
37 36 44 0.0 0.0 1.0 238.0 1941.0 37.0 5.0
37 36 45 0.0 0.0 0.0 1.0 67.0 1.0 0.0
37 37 34 0.0 0.0 0.0 6.0 0.0 0.0 0.0
37 37 35 0.0 0.0 0.0 64.0 557.0 8.0 0.0
37 37 36 0.0 2.0 14.0 863.0 9932.0 179.0 239.0
37 37 37 0.0 18.0 59.0 3498.0 38143.0 597.0 6830.0
37 37 38 0.0 15.0 73.0 5003.0 49740.0 586.0 21570.0
37 37 39 0.0 21.0 80.0 5165.0 49982.0 519.0 34604.0
37 37 40 0.0 17.0 103.0 5215.0 48524.0 490.0 38193.0
37 37 41 0.0 12.0 62.0 4571.0 50487.0 543.0 33154.0
37 37 42 0.0 11.0 63.0 4815.0 49030.0 633.0 20681.0
37 37 43 0.0 1.0 41.0 4423.0 36605.0 528.0 6190.0
37 37 44 0.0 0.0 19.0 818.0 8841.0 171.0 160.0
37 37 45 0.0 0.0 1.0 37.0 582.0 12.0 0.0
37 37 46 0.0 0.0 0.0 0.0 3.0 0.0 0.0
37 38 34 0.0 0.0 0.0 0.0 3.0 0.0 0.0
37 38 35 0.0 0.0 4.0 160.0 1553.0 33.0 4.0
37 38 36 0.0 4.0 110.0 1908.0 23196.0 373.0 1587.0
37 38 37 0.0 29.0 105.0 5547.0 48792.0 534.0 21990.0
37 38 38 0.0 47.0 98.0 5156.0 47349.0 447.0 46953.0
37 38 39 0.0 29.0 87.0 4577.0 41695.0 355.0 63371.0
37 38 40 0.0 30.0 69.0 4510.0 40346.0 351.0 67253.0
37 38 41 0.0 17.0 113.0 4348.0 42427.0 325.0 62832.0
37 38 42 0.0 18.0 92.0 4829.0 48461.0 505.0 45130.0
37 38 43 0.0 6.0 91.0 4994.0 49441.0 587.0 20846.0
37 38 44 0.0 10.0 39.0 2034.0 20918.0 351.0 1235.0
37 38 45 0.0 0.0 0.0 119.0 1438.0 23.0 4.0
37 38 46 0.0 0.0 0.0 0.0 7.0 0.0 0.0
37 39 34 0.0 0.0 0.0 1.0 9.0 0.0 0.0
37 39 35 0.0 5.0 7.0 291.0 2829.0 48.0 16.0
37 39 36 0.0 9.0 98.0 3359.0 31322.0 494.0 3476.0
37 39 37 0.0 27.0 105.0 5311.0 49291.0 508.0 34683.0
37 39 38 0.0 28.0 88.0 4816.0 41932.0 376.0 61778.0
37 39 39 0.0 31.0 77.0 4038.0 34668.0 278.0 79306.0
37 39 40 0.0 36.0 91.0 3830.0 33122.0 252.0 84330.0
37 39 41 0.0 31.0 88.0 3759.0 35308.0 302.0 79050.0
37 39 42 1.0 28.0 95.0 4354.0 41876.0 356.0 62997.0
37 39 43 0.0 21.0 112.0 4778.0 50268.0 546.0 31884.0
37 39 44 0.0 9.0 79.0 2914.0 29964.0 461.0 3039.0
37 39 45 0.0 1.0 8.0 270.0 2685.0 47.0 10.0
37 39 46 0.0 0.0 0.0 1.0 11.0 0.0 0.0
37 40 34 0.0 0.0 0.0 0.0 17.0 1.0 0.0
37 40 35 0.0 3.0 3.0 272.0 3275.0 45.0 20.0
37 40 36 0.0 11.0 70.0 3852.0 32887.0 517.0 4072.0
37 40 37 0.0 49.0 117.0 5799.0 48644.0 525.0 36828.0
37 40 38 0.0 36.0 74.0 4811.0 39831.0 345.0 67326.0
37 40 39 0.0 33.0 109.0 3957.0 33566.0 262.0 83327.0
37 40 40 0.0 28.0 67.0 3624.0 31698.0 265.0 87761.0
37 40 41 0.0 16.0 89.0 3762.0 33503.0 277.0 83479.0
37 40 42 0.0 28.0 111.0 4320.0 40007.0 350.0 67878.0
37 40 43 0.0 28.0 92.0 4839.0 49652.0 513.0 37452.0
37 40 44 0.0 14.0 92.0 3293.0 33160.0 515.0 4088.0
37 40 45 0.0 1.0 4.0 374.0 3155.0 51.0 23.0
37 40 46 0.0 0.0 0.0 3.0 6.0 0.0 0.0
37 41 34 0.0 0.0 0.0 2.0 5.0 0.0 0.0
37 41 35 0.0 2.0 37.0 265.0 2576.0 42.0 16.0
37 41 36 0.0 15.0 43.0 3404.0 29938.0 471.0 3140.0
37 41 37 0.0 60.0 103.0 6457.0 48779.0 535.0 32354.0
37 41 38 0.0 40.0 101.0 5257.0 41614.0 366.0 61474.0
37 41 39 0.0 35.0 95.0 4157.0 35568.0 238.0 78034.0
37 41 40 0.0 21.0 89.0 3637.0 33587.0 282.0 83778.0
37 41 41 0.0 21.0 104.0 3921.0 35085.0 308.0 79527.0
37 41 42 0.0 29.0 133.0 4560.0 42260.0 370.0 61889.0
37 41 43 0.0 12.0 134.0 5206.0 50172.0 540.0 32028.0
37 41 44 0.0 5.0 56.0 2865.0 30228.0 477.0 3111.0
37 41 45 0.0 0.0 9.0 246.0 2612.0 53.0 9.0
37 41 46 0.0 0.0 0.0 0.0 9.0 0.0 0.0
37 42 34 0.0 0.0 0.0 0.0 5.0 0.0 0.0
37 42 35 0.0 0.0 3.0 137.0 1260.0 27.0 2.0
37 42 36 0.0 8.0 45.0 2224.0 19710.0 341.0 1140.0
37 42 37 0.0 70.0 118.0 6620.0 46958.0 582.0 18652.0
37 42 38 0.0 52.0 109.0 5345.0 47827.0 485.0 44226.0
37 42 39 0.0 19.0 158.0 4696.0 42176.0 360.0 62328.0
37 42 40 0.0 22.0 110.0 4684.0 40124.0 344.0 67003.0
37 42 41 0.0 41.0 89.0 4832.0 41595.0 379.0 62763.0
37 42 42 0.0 20.0 104.0 5254.0 47751.0 498.0 46076.0
37 42 43 0.0 28.0 135.0 5321.0 49104.0 579.0 19520.0
37 42 44 0.0 1.0 54.0 2101.0 20710.0 367.0 1183.0
37 42 45 0.0 0.0 4.0 132.0 1534.0 28.0 3.0
37 42 46 0.0 0.0 0.0 0.0 14.0 0.0 0.0
37 43 35 0.0 0.0 0.0 46.0 399.0 5.0 0.0
37 43 36 0.0 4.0 10.0 776.0 8000.0 149.0 142.0
37 43 37 0.0 13.0 96.0 3386.0 35119.0 568.0 5039.0
37 43 38 0.0 39.0 101.0 5491.0 48294.0 630.0 18388.0
37 43 39 0.0 24.0 134.0 5091.0 50385.0 540.0 31073.0
37 43 40 0.0 22.0 162.0 4701.0 50210.0 520.0 36644.0
37 43 41 0.0 29.0 140.0 5208.0 49681.0 557.0 33205.0
37 43 42 0.0 16.0 135.0 4837.0 49871.0 571.0 21751.0
37 43 43 0.0 10.0 103.0 3442.0 36752.0 510.0 5864.0
37 43 44 0.0 0.0 34.0 835.0 9803.0 172.0 224.0
37 43 45 0.0 0.0 0.0 35.0 446.0 9.0 2.0
37 43 46 0.0 0.0 0.0 0.0 3.0 0.0 0.0
37 44 35 0.0 0.0 0.0 2.0 55.0 1.0 0.0
37 44 36 0.0 0.0 4.0 175.0 1806.0 38.0 6.0
37 44 37 0.0 6.0 15.0 779.0 8275.0 146.0 144.0
37 44 38 0.0 8.0 26.0 1897.0 19885.0 354.0 1087.0
37 44 39 0.0 6.0 93.0 3226.0 29595.0 437.0 3008.0
37 44 40 0.0 12.0 48.0 3143.0 32952.0 463.0 4036.0
37 44 41 0.0 14.0 61.0 3127.0 30531.0 467.0 3320.0
37 44 42 0.0 7.0 21.0 2061.0 20926.0 331.0 1237.0
37 44 43 0.0 0.0 14.0 897.0 9762.0 186.0 228.0
37 44 44 0.0 3.0 1.0 240.0 2243.0 51.0 17.0
37 44 45 0.0 0.0 2.0 10.0 70.0 1.0 0.0
37 45 36 0.0 0.0 0.0 4.0 66.0 0.0 0.0
37 45 37 0.0 0.0 0.0 32.0 347.0 6.0 1.0
37 45 38 0.0 1.0 5.0 148.0 1208.0 22.0 0.0
37 45 39 0.0 0.0 12.0 252.0 2319.0 46.0 6.0
37 45 40 0.0 0.0 1.0 235.0 2980.0 60.0 16.0
37 45 41 0.0 5.0 15.0 185.0 2461.0 42.0 3.0
37 45 42 0.0 0.0 4.0 118.0 1418.0 21.0 3.0
37 45 43 0.0 0.0 0.0 52.0 469.0 7.0 0.0
37 45 44 0.0 0.0 0.0 7.0 71.0 0.0 0.0
37 45 45 0.0 0.0 0.0 0.0 2.0 0.0 0.0
37 46 37 0.0 0.0 0.0 0.0 1.0 0.0 0.0
37 46 38 0.0 0.0 0.0 1.0 4.0 0.0 0.0
37 46 39 0.0 0.0 0.0 0.0 18.0 0.0 0.0
37 46 40 0.0 0.0 0.0 1.0 11.0 0.0 0.0
37 46 41 0.0 0.0 0.0 2.0 18.0 1.0 0.0
37 46 42 0.0 0.0 0.0 1.0 6.0 0.0 0.0
37 46 43 0.0 0.0 0.0 1.0 0.0 0.0 0.0
38 34 36 0.0 0.0 0.0 0.0 1.0 0.0 0.0
38 34 37 0.0 0.0 0.0 3.0 13.0 1.0 0.0
38 34 38 0.0 0.0 0.0 8.0 22.0 0.0 0.0
38 34 39 0.0 0.0 0.0 4.0 61.0 2.0 0.0
38 34 40 0.0 0.0 0.0 13.0 69.0 2.0 0.0
38 34 41 0.0 0.0 0.0 12.0 55.0 2.0 0.0
38 34 42 0.0 0.0 0.0 3.0 26.0 1.0 0.0
38 34 43 0.0 0.0 0.0 0.0 5.0 0.0 0.0
38 34 44 0.0 0.0 0.0 0.0 3.0 0.0 0.0
38 35 35 0.0 0.0 0.0 3.0 11.0 0.0 0.0
38 35 36 0.0 0.0 1.0 53.0 367.0 8.0 0.0
38 35 37 0.0 1.0 2.0 218.0 1662.0 36.0 7.0
38 35 38 0.0 6.0 14.0 678.0 4667.0 76.0 42.0
38 35 39 0.0 0.0 5.0 993.0 8070.0 158.0 114.0
38 35 40 0.0 2.0 28.0 1076.0 8879.0 166.0 175.0
38 35 41 0.0 1.0 17.0 904.0 7546.0 133.0 121.0
38 35 42 0.0 0.0 3.0 597.0 4013.0 70.0 30.0
38 35 43 0.0 0.0 3.0 163.0 1372.0 23.0 5.0
38 35 44 0.0 0.0 0.0 16.0 298.0 6.0 0.0
38 35 45 0.0 0.0 0.0 2.0 10.0 0.0 0.0
38 36 35 0.0 0.0 0.0 20.0 249.0 1.0 0.0
38 36 36 0.0 0.0 2.0 644.0 5789.0 122.0 70.0
38 36 37 0.0 5.0 41.0 2574.0 23170.0 381.0 1651.0
38 36 38 0.0 24.0 89.0 4542.0 39456.0 568.0 7267.0
38 36 39 0.0 21.0 144.0 6037.0 46722.0 629.0 14671.0
38 36 40 0.0 11.0 115.0 5965.0 48000.0 612.0 16298.0
38 36 41 0.0 31.0 100.0 5918.0 46207.0 642.0 13086.0
38 36 42 0.0 15.0 51.0 4733.0 37912.0 557.0 6356.0
38 36 43 0.0 13.0 39.0 2417.0 21240.0 352.0 1375.0
38 36 44 0.0 0.0 6.0 513.0 5253.0 95.0 55.0
38 36 45 0.0 0.0 0.0 22.0 230.0 5.0 0.0
38 36 46 0.0 0.0 0.0 2.0 0.0 0.0 0.0
38 37 34 0.0 0.0 0.0 1.0 3.0 0.0 0.0
38 37 35 0.0 0.0 4.0 121.0 1660.0 25.0 3.0
38 37 36 0.0 5.0 21.0 2218.0 22005.0 354.0 1360.0
38 37 37 0.0 15.0 101.0 4494.0 50565.0 575.0 22822.0
38 37 38 0.0 17.0 149.0 5743.0 45726.0 468.0 49426.0
38 37 39 0.0 39.0 82.0 5284.0 39933.0 357.0 65727.0
38 37 40 0.0 28.0 87.0 5089.0 38238.0 322.0 69857.0
38 37 41 0.0 13.0 103.0 4836.0 40856.0 332.0 63807.0
38 37 42 0.0 14.0 85.0 5435.0 46935.0 452.0 46926.0
38 37 43 0.0 6.0 68.0 4921.0 49517.0 591.0 19204.0
38 37 44 0.0 5.0 26.0 2015.0 21637.0 376.0 1313.0
38 37 45 0.0 0.0 4.0 151.0 1364.0 27.0 2.0
38 37 46 0.0 0.0 0.0 0.0 6.0 0.0 0.0
38 38 34 0.0 0.0 0.0 3.0 33.0 1.0 0.0
38 38 35 0.0 0.0 6.0 402.0 4759.0 85.0 40.0
38 38 36 0.0 16.0 70.0 3798.0 39702.0 606.0 6834.0
38 38 37 0.0 26.0 68.0 4390.0 47686.0 443.0 47191.0
38 38 38 0.0 20.0 52.0 3297.0 31310.0 234.0 90369.0
38 38 39 0.0 20.0 54.0 2834.0 24775.0 144.0 106478.0
38 38 40 0.0 14.0 71.0 2648.0 23181.0 140.0 111170.0
38 38 41 0.0 24.0 66.0 2769.0 25315.0 173.0 105440.0
38 38 42 0.0 22.0 62.0 3252.0 32161.0 231.0 88456.0
38 38 43 0.0 11.0 83.0 5142.0 47140.0 472.0 46249.0
38 38 44 0.0 6.0 66.0 3580.0 38263.0 532.0 6067.0
38 38 45 0.0 0.0 10.0 388.0 3904.0 67.0 22.0
38 38 46 0.0 0.0 0.0 5.0 31.0 1.0 0.0
38 39 34 0.0 0.0 1.0 13.0 57.0 2.0 0.0
38 39 35 0.0 1.0 9.0 634.0 7442.0 135.0 92.0
38 39 36 0.0 50.0 130.0 4742.0 46406.0 601.0 12513.0
38 39 37 0.0 48.0 103.0 4585.0 41580.0 349.0 63385.0
38 39 38 0.0 28.0 63.0 2868.0 25285.0 158.0 105996.0
38 39 39 0.0 23.0 48.0 2379.0 18896.0 110.0 121622.0
38 39 40 0.0 22.0 40.0 2048.0 17252.0 93.0 125591.0
38 39 41 0.0 13.0 61.0 2126.0 19454.0 123.0 120810.0
38 39 42 0.0 25.0 76.0 2683.0 25689.0 167.0 104625.0
38 39 43 0.0 21.0 100.0 4345.0 42477.0 366.0 62269.0
38 39 44 0.0 19.0 91.0 4653.0 46088.0 581.0 12353.0
38 39 45 0.0 2.0 5.0 744.0 6809.0 111.0 100.0
38 39 46 0.0 0.0 0.0 2.0 45.0 1.0 0.0
38 40 34 0.0 0.0 0.0 5.0 52.0 0.0 0.0
38 40 35 0.0 2.0 16.0 677.0 8707.0 148.0 148.0
38 40 36 0.0 24.0 144.0 5139.0 48669.0 651.0 15295.0
38 40 37 0.0 42.0 110.0 4412.0 40545.0 355.0 66762.0
38 40 38 0.0 22.0 56.0 2987.0 23141.0 132.0 109968.0
38 40 39 0.0 17.0 46.0 2113.0 17350.0 91.0 125363.0
38 40 40 0.0 18.0 47.0 1852.0 15380.0 83.0 130247.0
38 40 41 0.0 16.0 60.0 1924.0 17123.0 84.0 126153.0
38 40 42 0.0 10.0 82.0 2452.0 23817.0 125.0 110091.0
38 40 43 0.0 13.0 129.0 4102.0 40649.0 303.0 67216.0
38 40 44 0.0 16.0 149.0 4810.0 48666.0 626.0 14941.0
38 40 45 0.0 0.0 18.0 881.0 8204.0 129.0 118.0
38 40 46 0.0 0.0 1.0 2.0 86.0 1.0 0.0
38 41 34 0.0 0.0 1.0 9.0 49.0 0.0 0.0
38 41 35 0.0 1.0 12.0 715.0 6724.0 98.0 80.0
38 41 36 0.0 28.0 158.0 5112.0 45628.0 602.0 12298.0
38 41 37 0.0 27.0 116.0 4809.0 42060.0 372.0 61792.0
38 41 38 0.0 29.0 73.0 3153.0 25695.0 166.0 103808.0
38 41 39 0.0 20.0 58.0 2263.0 19515.0 93.0 120480.0
38 41 40 0.0 21.0 62.0 1979.0 17239.0 98.0 126442.0
38 41 41 0.0 17.0 53.0 2174.0 19061.0 93.0 122168.0
38 41 42 0.0 18.0 98.0 2667.0 25801.0 162.0 104486.0
38 41 43 0.0 23.0 92.0 4618.0 41819.0 368.0 62435.0
38 41 44 0.0 14.0 114.0 4319.0 47073.0 600.0 12172.0
38 41 45 0.0 0.0 8.0 773.0 7113.0 133.0 79.0
38 41 46 0.0 0.0 0.0 9.0 34.0 0.0 0.0
38 42 34 0.0 0.0 0.0 3.0 29.0 1.0 0.0
38 42 35 0.0 0.0 9.0 392.0 3997.0 74.0 25.0
38 42 36 0.0 12.0 49.0 4204.0 36565.0 521.0 5296.0
38 42 37 0.0 30.0 100.0 5086.0 47996.0 455.0 44490.0
38 42 38 0.0 19.0 88.0 3424.0 32731.0 245.0 86466.0
38 42 39 0.0 19.0 75.0 2831.0 25755.0 175.0 104493.0
38 42 40 0.0 9.0 83.0 2572.0 23865.0 154.0 109845.0
38 42 41 0.0 20.0 93.0 2807.0 25667.0 166.0 105251.0
38 42 42 0.0 14.0 92.0 3234.0 31660.0 241.0 89519.0
38 42 43 0.0 15.0 137.0 4985.0 47474.0 471.0 46266.0
38 42 44 0.0 6.0 66.0 4170.0 38283.0 532.0 6246.0
38 42 45 0.0 1.0 11.0 459.0 4130.0 55.0 38.0
38 42 46 0.0 0.0 0.0 0.0 26.0 0.0 0.0
38 43 34 0.0 0.0 0.0 1.0 6.0 0.0 0.0
38 43 35 0.0 0.0 7.0 132.0 1318.0 25.0 4.0
38 43 36 0.0 2.0 22.0 2053.0 19692.0 333.0 1086.0
38 43 37 0.0 24.0 150.0 4631.0 49275.0 620.0 18156.0
38 43 38 0.0 22.0 139.0 5160.0 48172.0 509.0 43772.0
38 43 39 0.0 33.0 112.0 4737.0 42207.0 371.0 61678.0
38 43 40 0.0 26.0 110.0 4448.0 40708.0 356.0 66434.0
38 43 41 0.0 29.0 100.0 4652.0 42092.0 401.0 62288.0
38 43 42 0.0 37.0 106.0 4640.0 48049.0 442.0 46354.0
38 43 43 0.0 16.0 107.0 4856.0 49767.0 606.0 21271.0
38 43 44 0.0 2.0 56.0 1867.0 21491.0 344.0 1318.0
38 43 45 0.0 0.0 0.0 153.0 1536.0 22.0 6.0
38 43 46 0.0 0.0 0.0 0.0 5.0 0.0 0.0
38 44 35 0.0 0.0 0.0 26.0 266.0 10.0 0.0
38 44 36 0.0 4.0 1.0 414.0 4730.0 89.0 34.0
38 44 37 0.0 7.0 61.0 2341.0 19438.0 351.0 1073.0
38 44 38 0.0 26.0 90.0 4067.0 36119.0 531.0 5267.0
38 44 39 0.0 30.0 148.0 4931.0 45859.0 615.0 11976.0
38 44 40 0.0 10.0 126.0 4952.0 48261.0 549.0 14714.0
38 44 41 0.0 19.0 108.0 4351.0 46326.0 598.0 11753.0
38 44 42 0.0 19.0 105.0 3776.0 38237.0 521.0 6230.0
38 44 43 0.0 8.0 79.0 2258.0 20900.0 355.0 1304.0
38 44 44 0.0 1.0 7.0 478.0 5992.0 90.0 68.0
38 44 45 0.0 0.0 2.0 33.0 310.0 8.0 0.0
38 45 35 0.0 0.0 0.0 0.0 11.0 0.0 0.0
38 45 36 0.0 0.0 0.0 16.0 178.0 4.0 0.0
38 45 37 0.0 2.0 1.0 131.0 1228.0 22.0 2.0
38 45 38 0.0 0.0 7.0 474.0 3875.0 66.0 28.0
38 45 39 0.0 4.0 19.0 722.0 6704.0 124.0 104.0
38 45 40 0.0 2.0 30.0 733.0 8442.0 135.0 135.0
38 45 41 0.0 0.0 18.0 634.0 6838.0 133.0 84.0
38 45 42 0.0 0.0 6.0 390.0 4026.0 58.0 32.0
38 45 43 0.0 0.0 3.0 109.0 1607.0 39.0 2.0
38 45 44 0.0 0.0 1.0 32.0 283.0 7.0 0.0
38 45 45 0.0 0.0 0.0 1.0 10.0 1.0 0.0
38 46 37 0.0 0.0 0.0 1.0 2.0 0.0 0.0
38 46 38 0.0 0.0 0.0 1.0 19.0 0.0 0.0
38 46 39 0.0 0.0 0.0 16.0 38.0 1.0 0.0
38 46 40 0.0 0.0 0.0 1.0 34.0 1.0 0.0
38 46 41 0.0 0.0 0.0 6.0 39.0 1.0 0.0
38 46 42 0.0 0.0 0.0 8.0 24.0 0.0 0.0
38 46 43 0.0 0.0 0.0 1.0 5.0 0.0 0.0
39 34 35 0.0 0.0 0.0 0.0 3.0 0.0 0.0
39 34 36 0.0 0.0 0.0 0.0 6.0 0.0 0.0
39 34 37 0.0 0.0 0.0 0.0 12.0 1.0 0.0
39 34 38 0.0 0.0 0.0 7.0 48.0 1.0 0.0
39 34 39 0.0 0.0 0.0 14.0 106.0 2.0 0.0
39 34 40 0.0 0.0 0.0 17.0 142.0 2.0 0.0
39 34 41 0.0 0.0 0.0 16.0 157.0 1.0 0.0
39 34 42 0.0 0.0 0.0 9.0 32.0 0.0 0.0
39 34 43 0.0 0.0 0.0 2.0 14.0 0.0 0.0
39 34 44 0.0 0.0 0.0 0.0 1.0 0.0 0.0
39 35 35 0.0 0.0 0.0 0.0 18.0 0.0 0.0
39 35 36 0.0 0.0 0.0 62.0 589.0 7.0 1.0
39 35 37 0.0 0.0 4.0 365.0 2814.0 45.0 8.0
39 35 38 0.0 4.0 18.0 1032.0 8045.0 154.0 133.0
39 35 39 0.0 6.0 22.0 1686.0 12854.0 230.0 371.0
39 35 40 0.0 6.0 18.0 2128.0 14440.0 254.0 511.0
39 35 41 0.0 5.0 15.0 1555.0 12394.0 214.0 325.0
39 35 42 0.0 5.0 20.0 1128.0 7246.0 135.0 102.0
39 35 43 0.0 1.0 3.0 331.0 2840.0 57.0 11.0
39 35 44 0.0 0.0 0.0 58.0 451.0 17.0 1.0
39 35 45 0.0 0.0 0.0 1.0 18.0 1.0 0.0
39 36 34 0.0 0.0 0.0 0.0 3.0 0.0 0.0
39 36 35 0.0 0.0 4.0 46.0 501.0 11.0 0.0
39 36 36 0.0 0.0 12.0 897.0 9836.0 157.0 210.0
39 36 37 0.0 23.0 67.0 4199.0 32169.0 447.0 4120.0
39 36 38 0.0 37.0 105.0 6053.0 46829.0 609.0 14040.0
39 36 39 0.0 47.0 84.0 6915.0 50258.0 608.0 24267.0
39 36 40 0.0 26.0 102.0 6445.0 50445.0 588.0 27293.0
39 36 41 0.0 21.0 93.0 7176.0 49282.0 592.0 22516.0
39 36 42 0.0 34.0 93.0 5668.0 45513.0 610.0 12316.0
39 36 43 0.0 10.0 38.0 3628.0 30072.0 476.0 3149.0
39 36 44 0.0 3.0 27.0 927.0 8778.0 150.0 168.0
39 36 45 0.0 1.0 1.0 39.0 484.0 7.0 0.0
39 37 34 0.0 0.0 0.0 0.0 11.0 0.0 0.0
39 37 35 0.0 0.0 9.0 247.0 2911.0 54.0 14.0
39 37 36 0.0 12.0 23.0 3056.0 31976.0 508.0 3655.0
39 37 37 0.0 45.0 85.0 5013.0 49885.0 563.0 34728.0
39 37 38 0.0 25.0 84.0 4970.0 40134.0 345.0 65757.0
39 37 39 0.0 8.0 73.0 4510.0 33938.0 264.0 80867.0
39 37 40 0.0 23.0 74.0 4359.0 32202.0 244.0 85254.0
39 37 41 0.0 19.0 69.0 4861.0 34391.0 293.0 79867.0
39 37 42 0.0 25.0 101.0 5404.0 41373.0 380.0 62552.0
39 37 43 0.0 18.0 102.0 5262.0 49578.0 533.0 33801.0
39 37 44 0.0 12.0 32.0 3270.0 30495.0 488.0 3325.0
39 37 45 0.0 0.0 10.0 241.0 2644.0 47.0 5.0
39 37 46 0.0 0.0 0.0 1.0 22.0 0.0 0.0
39 38 34 0.0 0.0 0.0 1.0 48.0 2.0 0.0
39 38 35 0.0 0.0 11.0 589.0 7831.0 155.0 135.0
39 38 36 0.0 17.0 120.0 3930.0 48437.0 594.0 13471.0
39 38 37 0.0 22.0 78.0 4093.0 42050.0 380.0 63822.0
39 38 38 0.0 22.0 65.0 2932.0 25295.0 176.0 105807.0
39 38 39 0.0 17.0 53.0 2424.0 17878.0 94.0 122854.0
39 38 40 0.0 14.0 55.0 2181.0 16712.0 100.0 126904.0
39 38 41 0.0 11.0 57.0 2428.0 18635.0 125.0 121742.0
39 38 42 0.0 19.0 64.0 2977.0 25531.0 168.0 104248.0
39 38 43 0.0 11.0 135.0 4540.0 41523.0 396.0 63602.0
39 38 44 0.0 8.0 138.0 4403.0 46696.0 619.0 12231.0
39 38 45 0.0 1.0 13.0 667.0 7543.0 126.0 96.0
39 38 46 0.0 0.0 0.0 4.0 40.0 2.0 0.0
39 39 34 0.0 0.0 0.0 12.0 83.0 1.0 0.0
39 39 35 0.0 2.0 27.0 1095.0 12195.0 171.0 283.0
39 39 36 0.0 25.0 117.0 4645.0 51936.0 535.0 22732.0
39 39 37 0.0 21.0 76.0 3687.0 35378.0 288.0 80067.0
39 39 38 0.0 17.0 64.0 2090.0 19210.0 97.0 121864.0
39 39 39 0.0 16.0 29.0 1292.0 10637.0 37.0 150090.0
39 39 40 0.0 14.0 35.0 1164.0 9531.0 39.0 151187.0
39 39 41 0.0 6.0 31.0 1363.0 10743.0 49.0 148673.0
39 39 42 0.0 11.0 65.0 2030.0 19232.0 100.0 121143.0
39 39 43 0.0 11.0 102.0 3508.0 35666.0 267.0 78677.0
39 39 44 0.0 15.0 91.0 5199.0 51317.0 628.0 21347.0
39 39 45 0.0 3.0 24.0 1186.0 12022.0 200.0 307.0
39 39 46 0.0 0.0 0.0 13.0 109.0 2.0 0.0
39 40 34 0.0 0.0 0.0 19.0 108.0 2.0 0.0
39 40 35 0.0 4.0 48.0 1364.0 13912.0 241.0 404.0
39 40 36 0.0 23.0 123.0 4703.0 52210.0 592.0 25359.0
39 40 37 0.0 12.0 108.0 3580.0 33962.0 253.0 83235.0
39 40 38 0.0 11.0 53.0 1947.0 17256.0 81.0 125941.0
39 40 39 0.0 8.0 39.0 1071.0 9617.0 34.0 150868.0
39 40 40 0.0 4.0 35.0 961.0 7908.0 31.0 154582.0
39 40 41 0.0 8.0 33.0 1126.0 9838.0 41.0 150470.0
39 40 42 0.0 13.0 61.0 1866.0 17494.0 102.0 125727.0
39 40 43 0.0 19.0 107.0 3541.0 33933.0 272.0 82816.0
39 40 44 0.0 12.0 125.0 5331.0 51518.0 552.0 25339.0
39 40 45 0.0 4.0 19.0 1433.0 13641.0 246.0 400.0
39 40 46 0.0 0.0 0.0 24.0 123.0 2.0 0.0
39 41 34 0.0 0.0 0.0 9.0 87.0 0.0 0.0
39 41 35 0.0 4.0 35.0 1102.0 11595.0 216.0 276.0
39 41 36 0.0 12.0 117.0 4959.0 51113.0 594.0 21489.0
39 41 37 0.0 20.0 96.0 3729.0 35699.0 292.0 78395.0
39 41 38 0.0 20.0 67.0 2128.0 19615.0 127.0 120231.0
39 41 39 0.0 4.0 25.0 1248.0 11076.0 40.0 147446.0
39 41 40 0.0 6.0 44.0 1049.0 9635.0 37.0 151481.0
39 41 41 0.0 12.0 46.0 1200.0 11054.0 50.0 148616.0
39 41 42 0.0 12.0 75.0 2125.0 19526.0 90.0 121035.0
39 41 43 0.0 21.0 122.0 3716.0 35869.0 276.0 78900.0
39 41 44 0.0 11.0 125.0 5568.0 50782.0 614.0 21641.0
39 41 45 0.0 6.0 43.0 1216.0 11566.0 203.0 272.0
39 41 46 0.0 0.0 0.0 3.0 84.0 0.0 0.0
39 42 34 0.0 0.0 0.0 5.0 60.0 2.0 0.0
39 42 35 0.0 0.0 25.0 673.0 6762.0 106.0 87.0
39 42 36 0.0 36.0 72.0 4234.0 45813.0 622.0 11622.0
39 42 37 0.0 37.0 119.0 4307.0 42956.0 404.0 60772.0
39 42 38 0.0 19.0 64.0 2747.0 26127.0 177.0 104135.0
39 42 39 0.0 25.0 55.0 2080.0 19233.0 101.0 121159.0
39 42 40 0.0 13.0 59.0 1931.0 17316.0 78.0 125716.0
39 42 41 0.0 17.0 83.0 1988.0 19141.0 117.0 121949.0
39 42 42 0.0 17.0 88.0 2663.0 25377.0 150.0 106945.0
39 42 43 0.0 11.0 150.0 4075.0 42327.0 371.0 63164.0
39 42 44 0.0 8.0 100.0 5062.0 46443.0 630.0 12851.0
39 42 45 0.0 1.0 13.0 649.0 7322.0 128.0 95.0
39 42 46 0.0 0.0 1.0 7.0 58.0 1.0 0.0
39 43 34 0.0 0.0 0.0 0.0 14.0 0.0 0.0
39 43 35 0.0 2.0 0.0 259.0 2496.0 51.0 7.0
39 43 36 0.0 7.0 54.0 3052.0 29837.0 500.0 3004.0
39 43 37 0.0 13.0 84.0 4653.0 50533.0 528.0 30810.0
39 43 38 0.0 17.0 82.0 4474.0 42938.0 358.0 60265.0
39 43 39 0.0 22.0 104.0 3762.0 35830.0 279.0 78253.0
39 43 40 0.0 15.0 111.0 3569.0 33788.0 266.0 82999.0
39 43 41 0.0 19.0 126.0 3630.0 35718.0 284.0 78611.0
39 43 42 0.0 17.0 158.0 4378.0 42179.0 396.0 63203.0
39 43 43 0.0 24.0 155.0 4786.0 49416.0 557.0 34133.0
39 43 44 0.0 13.0 135.0 2869.0 31255.0 471.0 3249.0
39 43 45 0.0 1.0 10.0 223.0 2781.0 50.0 11.0
39 43 46 0.0 0.0 0.0 0.0 19.0 1.0 0.0
39 44 34 0.0 0.0 0.0 0.0 1.0 0.0 0.0
39 44 35 0.0 0.0 1.0 35.0 470.0 8.0 0.0
39 44 36 0.0 0.0 14.0 777.0 8546.0 163.0 172.0
39 44 37 0.0 25.0 50.0 2725.0 28379.0 472.0 2609.0
39 44 38 0.0 37.0 119.0 5255.0 45331.0 635.0 11571.0
39 44 39 0.0 13.0 101.0 5337.0 50869.0 591.0 20873.0
39 44 40 0.0 19.0 142.0 5246.0 52169.0 538.0 25141.0
39 44 41 0.0 24.0 141.0 5211.0 51050.0 620.0 22114.0
39 44 42 0.0 14.0 86.0 4791.0 46391.0 568.0 12757.0
39 44 43 0.0 16.0 93.0 2804.0 31827.0 505.0 3586.0
39 44 44 0.0 1.0 26.0 915.0 9429.0 181.0 195.0
39 44 45 0.0 0.0 0.0 43.0 387.0 9.0 0.0
39 44 46 0.0 0.0 0.0 0.0 2.0 0.0 0.0
39 45 35 0.0 0.0 0.0 0.0 5.0 0.0 0.0
39 45 36 0.0 0.0 3.0 34.0 424.0 12.0 0.0
39 45 37 0.0 1.0 7.0 264.0 2365.0 44.0 8.0
39 45 38 0.0 2.0 17.0 635.0 6362.0 117.0 74.0
39 45 39 0.0 9.0 40.0 1334.0 11149.0 201.0 252.0
39 45 40 0.0 2.0 14.0 1408.0 13876.0 238.0 377.0
39 45 41 0.0 2.0 30.0 1131.0 11826.0 173.0 282.0
39 45 42 0.0 1.0 22.0 782.0 7002.0 144.0 101.0
39 45 43 0.0 1.0 1.0 261.0 2681.0 45.0 10.0
39 45 44 0.0 0.0 1.0 63.0 553.0 13.0 0.0
39 45 45 0.0 0.0 0.0 2.0 22.0 1.0 0.0
39 46 36 0.0 0.0 0.0 0.0 1.0 0.0 0.0
39 46 37 0.0 0.0 0.0 3.0 4.0 0.0 0.0
39 46 38 0.0 0.0 0.0 5.0 30.0 1.0 0.0
39 46 39 0.0 0.0 0.0 7.0 95.0 5.0 0.0
39 46 40 0.0 0.0 0.0 20.0 136.0 2.0 0.0
39 46 41 0.0 0.0 1.0 10.0 112.0 3.0 0.0
39 46 42 0.0 0.0 0.0 11.0 40.0 0.0 0.0
39 46 43 0.0 0.0 0.0 0.0 11.0 0.0 0.0
39 46 44 0.0 0.0 0.0 0.0 2.0 0.0 0.0
40 34 36 0.0 0.0 0.0 0.0 1.0 0.0 0.0
40 34 37 0.0 0.0 0.0 4.0 23.0 1.0 0.0
40 34 38 0.0 0.0 0.0 12.0 54.0 0.0 0.0
40 34 39 0.0 0.0 1.0 17.0 146.0 4.0 0.0
40 34 40 0.0 1.0 1.0 21.0 183.0 5.0 0.0
40 34 41 0.0 0.0 1.0 20.0 126.0 2.0 0.0
40 34 42 0.0 0.0 0.0 12.0 71.0 2.0 0.0
40 34 43 0.0 0.0 0.0 1.0 32.0 0.0 0.0
40 34 44 0.0 0.0 0.0 0.0 3.0 0.0 0.0
40 35 35 0.0 0.0 0.0 5.0 36.0 0.0 0.0
40 35 36 0.0 0.0 1.0 64.0 627.0 8.0 1.0
40 35 37 0.0 0.0 1.0 546.0 3395.0 64.0 15.0
40 35 38 0.0 5.0 8.0 1426.0 8982.0 203.0 169.0
40 35 39 0.0 6.0 26.0 1900.0 14140.0 236.0 442.0
40 35 40 0.0 9.0 30.0 2496.0 16264.0 279.0 681.0
40 35 41 0.0 7.0 33.0 2033.0 14186.0 225.0 442.0
40 35 42 0.0 4.0 11.0 1219.0 8908.0 151.0 169.0
40 35 43 0.0 1.0 4.0 489.0 3283.0 75.0 24.0
40 35 44 0.0 0.0 0.0 75.0 654.0 15.0 1.0
40 35 45 0.0 0.0 0.0 1.0 28.0 0.0 0.0
40 36 34 0.0 0.0 3.0 0.0 1.0 0.0 0.0
40 36 35 0.0 0.0 1.0 61.0 673.0 9.0 1.0
40 36 36 0.0 4.0 13.0 1020.0 10603.0 188.0 236.0
40 36 37 0.0 36.0 53.0 4804.0 33630.0 528.0 4714.0
40 36 38 0.0 19.0 80.0 6763.0 47583.0 620.0 16685.0
40 36 39 0.0 29.0 101.0 7619.0 49578.0 537.0 27150.0
40 36 40 0.0 26.0 89.0 7497.0 49127.0 561.0 30119.0
40 36 41 0.0 46.0 93.0 7485.0 49624.0 589.0 25906.0
40 36 42 0.0 27.0 93.0 6804.0 46768.0 617.0 15640.0
40 36 43 0.0 20.0 87.0 4469.0 32951.0 513.0 4397.0
40 36 44 0.0 6.0 13.0 1094.0 10807.0 191.0 263.0
40 36 45 0.0 0.0 0.0 66.0 620.0 15.0 1.0
40 36 46 0.0 0.0 0.0 0.0 1.0 0.0 0.0
40 37 34 0.0 0.0 0.0 2.0 18.0 0.0 0.0
40 37 35 0.0 0.0 9.0 303.0 3628.0 68.0 29.0
40 37 36 0.0 17.0 87.0 3250.0 35068.0 532.0 4611.0
40 37 37 0.0 25.0 105.0 5159.0 48674.0 508.0 38475.0
40 37 38 0.0 37.0 80.0 5399.0 37615.0 339.0 70146.0
40 37 39 0.0 23.0 70.0 4678.0 31589.0 273.0 85202.0
40 37 40 0.0 23.0 70.0 4634.0 29932.0 195.0 89086.0
40 37 41 0.0 31.0 97.0 4797.0 32195.0 249.0 83997.0
40 37 42 0.0 20.0 85.0 5129.0 39225.0 386.0 67809.0
40 37 43 0.0 31.0 139.0 5185.0 49017.0 498.0 37377.0
40 37 44 0.0 19.0 100.0 3120.0 34734.0 515.0 4496.0
40 37 45 0.0 0.0 5.0 346.0 3210.0 64.0 15.0
40 37 46 0.0 0.0 0.0 5.0 18.0 0.0 0.0
40 38 34 0.0 0.0 0.0 7.0 67.0 0.0 0.0
40 38 35 0.0 1.0 25.0 858.0 9164.0 159.0 146.0
40 38 36 0.0 11.0 90.0 4429.0 49608.0 584.0 16009.0
40 38 37 0.0 28.0 98.0 4050.0 40081.0 336.0 68820.0
40 38 38 0.0 26.0 58.0 2664.0 22815.0 132.0 111390.0
40 38 39 0.0 19.0 53.0 2195.0 16807.0 97.0 126671.0
40 38 40 0.0 16.0 46.0 2133.0 14515.0 73.0 131273.0
40 38 41 0.0 14.0 57.0 2334.0 16717.0 102.0 125709.0
40 38 42 0.0 25.0 83.0 2748.0 23100.0 153.0 110815.0
40 38 43 0.0 28.0 83.0 4327.0 40057.0 323.0 67731.0
40 38 44 0.0 7.0 109.0 4751.0 48621.0 575.0 15346.0
40 38 45 0.0 8.0 19.0 889.0 8288.0 147.0 148.0
40 38 46 0.0 0.0 0.0 4.0 43.0 3.0 0.0
40 39 34 0.0 0.0 0.0 8.0 129.0 2.0 0.0
40 39 35 0.0 0.0 20.0 1320.0 14655.0 258.0 446.0
40 39 36 0.0 18.0 94.0 4697.0 52596.0 562.0 25944.0
40 39 37 0.0 13.0 85.0 3263.0 33791.0 254.0 84874.0
40 39 38 0.0 12.0 55.0 1745.0 17490.0 94.0 125291.0
40 39 39 0.0 6.0 32.0 1081.0 9386.0 38.0 151801.0
40 39 40 0.0 3.0 31.0 998.0 7767.0 25.0 157275.0
40 39 41 0.0 2.0 34.0 1141.0 9880.0 41.0 150458.0
40 39 42 0.0 13.0 56.0 2024.0 17111.0 99.0 125426.0
40 39 43 0.0 15.0 92.0 3483.0 33646.0 277.0 83687.0
40 39 44 0.0 11.0 117.0 5125.0 51885.0 560.0 26276.0
40 39 45 0.0 0.0 39.0 1501.0 13672.0 226.0 372.0
40 39 46 0.0 0.0 0.0 12.0 119.0 1.0 0.0
40 40 34 0.0 0.0 0.0 13.0 153.0 1.0 0.0
40 40 35 0.0 5.0 28.0 1618.0 16565.0 301.0 520.0
40 40 36 0.0 34.0 120.0 5039.0 52092.0 569.0 29450.0
40 40 37 0.0 26.0 103.0 3146.0 32023.0 243.0 87921.0
40 40 38 0.0 9.0 43.0 1591.0 15447.0 81.0 129473.0
40 40 39 0.0 4.0 35.0 935.0 8239.0 33.0 154437.0
40 40 40 0.0 4.0 29.0 581.0 5447.0 11.0 175893.0
40 40 41 0.0 3.0 30.0 970.0 8090.0 33.0 155482.0
40 40 42 0.0 9.0 72.0 1702.0 15437.0 83.0 130337.0
40 40 43 0.0 21.0 114.0 3376.0 31852.0 252.0 87817.0
40 40 44 0.0 59.0 158.0 5973.0 51251.0 537.0 28885.0
40 40 45 0.0 3.0 30.0 1628.0 16312.0 304.0 567.0
40 40 46 0.0 0.0 0.0 16.0 166.0 3.0 0.0
40 41 34 0.0 0.0 0.0 9.0 146.0 3.0 0.0
40 41 35 0.0 3.0 50.0 1314.0 14321.0 267.0 396.0
40 41 36 0.0 18.0 90.0 4842.0 51939.0 616.0 25650.0
40 41 37 0.0 18.0 100.0 3195.0 33920.0 298.0 83633.0
40 41 38 0.0 16.0 59.0 1808.0 17734.0 85.0 125217.0
40 41 39 0.0 9.0 27.0 1080.0 9623.0 28.0 151399.0
40 41 40 0.0 3.0 40.0 906.0 8062.0 36.0 154798.0
40 41 41 0.0 3.0 38.0 1062.0 9790.0 35.0 152463.0
40 41 42 0.0 12.0 61.0 1887.0 17236.0 101.0 125735.0
40 41 43 0.0 24.0 94.0 3690.0 33117.0 253.0 84756.0
40 41 44 0.0 27.0 149.0 5462.0 52029.0 586.0 25193.0
40 41 45 0.0 10.0 47.0 1530.0 14183.0 255.0 415.0
40 41 46 0.0 0.0 0.0 22.0 129.0 2.0 0.0
40 42 34 0.0 0.0 0.0 7.0 60.0 2.0 0.0
40 42 35 0.0 3.0 15.0 856.0 8460.0 144.0 133.0
40 42 36 0.0 33.0 80.0 4487.0 48599.0 631.0 14862.0
40 42 37 0.0 20.0 126.0 3919.0 40717.0 326.0 67071.0
40 42 38 0.0 8.0 69.0 2312.0 24085.0 159.0 109292.0
40 42 39 0.0 19.0 57.0 1818.0 17762.0 88.0 125088.0
40 42 40 0.0 9.0 72.0 1698.0 15639.0 77.0 129725.0
40 42 41 0.0 13.0 68.0 1768.0 17595.0 105.0 125967.0
40 42 42 0.0 17.0 91.0 2368.0 23404.0 133.0 110908.0
40 42 43 0.0 23.0 152.0 3984.0 40180.0 365.0 68433.0
40 42 44 0.0 38.0 140.0 5284.0 48170.0 594.0 15679.0
40 42 45 0.0 12.0 29.0 929.0 8666.0 136.0 133.0
40 42 46 0.0 0.0 0.0 4.0 63.0 2.0 0.0
40 43 34 0.0 0.0 0.0 2.0 12.0 0.0 0.0
40 43 35 0.0 3.0 3.0 260.0 3355.0 56.0 20.0
40 43 36 0.0 4.0 124.0 3095.0 33038.0 511.0 3976.0
40 43 37 0.0 23.0 120.0 4453.0 50060.0 527.0 36910.0
40 43 38 0.0 24.0 138.0 3985.0 41238.0 314.0 66157.0
40 43 39 0.0 25.0 100.0 3582.0 33655.0 285.0 83248.0
40 43 40 0.0 24.0 114.0 3366.0 32030.0 242.0 87553.0
40 43 41 0.0 25.0 135.0 3512.0 33722.0 243.0 83620.0
40 43 42 0.0 14.0 159.0 4015.0 40070.0 343.0 68094.0
40 43 43 0.0 14.0 201.0 4634.0 49376.0 486.0 38679.0
40 43 44 0.0 14.0 181.0 3348.0 34255.0 488.0 4311.0
40 43 45 0.0 0.0 8.0 328.0 3454.0 57.0 21.0
40 43 46 0.0 0.0 0.0 3.0 20.0 0.0 0.0
40 44 35 0.0 0.0 2.0 56.0 542.0 6.0 0.0
40 44 36 0.0 6.0 7.0 951.0 9951.0 190.0 228.0
40 44 37 0.0 14.0 56.0 3111.0 32312.0 512.0 3772.0
40 44 38 0.0 17.0 94.0 4862.0 47966.0 585.0 14428.0
40 44 39 0.0 38.0 139.0 5541.0 50968.0 573.0 25089.0
40 44 40 0.0 23.0 166.0 5480.0 51608.0 565.0 28947.0
40 44 41 0.0 14.0 138.0 5081.0 51778.0 584.0 25990.0
40 44 42 0.0 7.0 95.0 5094.0 48465.0 602.0 15733.0
40 44 43 0.0 18.0 76.0 3406.0 34513.0 508.0 4439.0
40 44 44 0.0 0.0 45.0 1086.0 11269.0 205.0 288.0
40 44 45 0.0 0.0 2.0 41.0 612.0 9.0 1.0
40 44 46 0.0 0.0 0.0 0.0 4.0 0.0 0.0
40 45 35 0.0 0.0 0.0 2.0 30.0 0.0 0.0
40 45 36 0.0 1.0 2.0 54.0 588.0 17.0 0.0
40 45 37 0.0 0.0 8.0 330.0 3296.0 76.0 20.0
40 45 38 0.0 10.0 20.0 941.0 7628.0 139.0 111.0
40 45 39 0.0 4.0 22.0 1500.0 13632.0 238.0 391.0
40 45 40 0.0 6.0 36.0 1541.0 16063.0 278.0 544.0
40 45 41 0.0 3.0 35.0 1402.0 13994.0 235.0 420.0
40 45 42 0.0 2.0 20.0 867.0 8768.0 173.0 146.0
40 45 43 0.0 2.0 2.0 310.0 3430.0 62.0 25.0
40 45 44 0.0 0.0 0.0 54.0 617.0 12.0 0.0
40 45 45 0.0 0.0 3.0 2.0 27.0 0.0 0.0
40 45 46 0.0 0.0 0.0 0.0 1.0 0.0 0.0
40 46 36 0.0 0.0 0.0 0.0 3.0 0.0 0.0
40 46 37 0.0 0.0 0.0 4.0 11.0 0.0 0.0
40 46 38 0.0 0.0 0.0 9.0 61.0 2.0 0.0
40 46 39 0.0 0.0 0.0 13.0 124.0 1.0 0.0
40 46 40 0.0 0.0 0.0 27.0 173.0 6.0 0.0
40 46 41 0.0 0.0 0.0 12.0 140.0 0.0 0.0
40 46 42 0.0 0.0 0.0 6.0 72.0 2.0 0.0
40 46 43 0.0 0.0 0.0 1.0 13.0 0.0 0.0
40 46 44 0.0 0.0 0.0 0.0 5.0 0.0 0.0
41 34 36 0.0 0.0 0.0 1.0 2.0 0.0 0.0
41 34 37 0.0 0.0 0.0 1.0 13.0 0.0 0.0
41 34 38 0.0 0.0 0.0 6.0 54.0 1.0 0.0
41 34 39 0.0 0.0 0.0 15.0 115.0 4.0 0.0
41 34 40 0.0 0.0 0.0 14.0 133.0 1.0 0.0
41 34 41 0.0 0.0 0.0 15.0 100.0 1.0 0.0
41 34 42 0.0 0.0 0.0 8.0 60.0 0.0 0.0
41 34 43 0.0 0.0 0.0 1.0 8.0 0.0 0.0
41 34 44 0.0 0.0 0.0 0.0 1.0 0.0 0.0
41 35 35 0.0 0.0 0.0 2.0 28.0 0.0 0.0
41 35 36 0.0 0.0 1.0 35.0 573.0 6.0 0.0
41 35 37 0.0 0.0 12.0 340.0 2715.0 51.0 13.0
41 35 38 0.0 9.0 6.0 1055.0 7805.0 144.0 127.0
41 35 39 0.0 6.0 33.0 1771.0 12012.0 241.0 286.0
41 35 40 0.0 22.0 16.0 2240.0 13832.0 241.0 479.0
41 35 41 0.0 12.0 42.0 2106.0 11732.0 213.0 345.0
41 35 42 0.0 10.0 18.0 1074.0 6914.0 125.0 92.0
41 35 43 0.0 1.0 4.0 421.0 2741.0 49.0 22.0
41 35 44 0.0 2.0 0.0 58.0 437.0 8.0 0.0
41 35 45 0.0 0.0 0.0 0.0 31.0 0.0 0.0
41 36 34 0.0 0.0 0.0 0.0 1.0 0.0 0.0
41 36 35 0.0 0.0 0.0 64.0 494.0 6.0 0.0
41 36 36 0.0 9.0 27.0 1281.0 9701.0 188.0 228.0
41 36 37 0.0 7.0 118.0 3675.0 31239.0 540.0 3523.0
41 36 38 0.0 33.0 64.0 6522.0 45890.0 624.0 13703.0
41 36 39 0.0 62.0 91.0 8030.0 48675.0 663.0 23307.0
41 36 40 0.0 36.0 110.0 7406.0 49839.0 565.0 26394.0
41 36 41 0.0 23.0 119.0 7889.0 48585.0 608.0 22437.0
41 36 42 0.0 38.0 151.0 6467.0 45067.0 594.0 13158.0
41 36 43 0.0 8.0 40.0 4157.0 29410.0 501.0 3285.0
41 36 44 0.0 9.0 16.0 852.0 9227.0 174.0 208.0
41 36 45 0.0 2.0 1.0 26.0 515.0 13.0 1.0
41 36 46 0.0 0.0 0.0 0.0 4.0 0.0 0.0
41 37 34 0.0 0.0 0.0 3.0 7.0 0.0 0.0
41 37 35 0.0 1.0 8.0 251.0 2796.0 60.0 11.0
41 37 36 0.0 5.0 66.0 3089.0 32077.0 475.0 3665.0
41 37 37 0.0 40.0 112.0 5794.0 49082.0 512.0 34216.0
41 37 38 0.0 25.0 126.0 5040.0 41044.0 366.0 64127.0
41 37 39 0.0 24.0 74.0 4699.0 33844.0 272.0 80134.0
41 37 40 0.0 43.0 71.0 5100.0 31561.0 283.0 84797.0
41 37 41 0.0 41.0 94.0 5285.0 33710.0 284.0 79401.0
41 37 42 0.0 54.0 115.0 6226.0 40362.0 358.0 62329.0
41 37 43 0.0 23.0 151.0 5357.0 49788.0 566.0 32590.0
41 37 44 0.0 7.0 83.0 3016.0 30187.0 487.0 3163.0
41 37 45 0.0 0.0 4.0 280.0 2793.0 47.0 8.0
41 37 46 0.0 0.0 0.0 2.0 20.0 0.0 0.0
41 38 34 0.0 0.0 0.0 2.0 33.0 1.0 0.0
41 38 35 0.0 4.0 14.0 737.0 7274.0 138.0 113.0
41 38 36 0.0 37.0 65.0 4193.0 47402.0 627.0 13015.0
41 38 37 0.0 19.0 125.0 4244.0 42191.0 334.0 63072.0
41 38 38 0.0 12.0 81.0 2741.0 25455.0 168.0 105334.0
41 38 39 0.0 25.0 48.0 2424.0 18549.0 114.0 121752.0
41 38 40 0.0 11.0 44.0 2361.0 16682.0 72.0 126058.0
41 38 41 0.0 13.0 52.0 2660.0 18168.0 95.0 122118.0
41 38 42 0.0 13.0 66.0 3084.0 25056.0 186.0 105719.0
41 38 43 0.0 26.0 127.0 4627.0 41829.0 332.0 62721.0
41 38 44 0.0 43.0 79.0 5466.0 46303.0 598.0 12681.0
41 38 45 0.0 2.0 18.0 785.0 7153.0 123.0 85.0
41 38 46 0.0 0.0 0.0 2.0 45.0 1.0 0.0
41 39 34 0.0 0.0 0.0 9.0 94.0 3.0 0.0
41 39 35 0.0 7.0 23.0 1075.0 12232.0 203.0 313.0
41 39 36 0.0 8.0 128.0 4309.0 52621.0 612.0 22185.0
41 39 37 0.0 20.0 94.0 3198.0 35423.0 263.0 80211.0
41 39 38 0.0 14.0 76.0 1865.0 19221.0 99.0 121220.0
41 39 39 0.0 19.0 41.0 1282.0 10798.0 45.0 148169.0
41 39 40 0.0 8.0 32.0 1229.0 9750.0 42.0 149871.0
41 39 41 0.0 9.0 40.0 1360.0 10897.0 55.0 148457.0
41 39 42 0.0 13.0 65.0 2154.0 19127.0 101.0 122009.0
41 39 43 0.0 10.0 87.0 3742.0 35373.0 313.0 79165.0
41 39 44 0.0 25.0 117.0 5314.0 51119.0 619.0 22351.0
41 39 45 0.0 5.0 40.0 1312.0 12186.0 233.0 297.0
41 39 46 0.0 0.0 0.0 13.0 111.0 2.0 0.0
41 40 34 0.0 0.0 0.0 9.0 161.0 2.0 0.0
41 40 35 0.0 1.0 13.0 1219.0 14854.0 243.0 466.0
41 40 36 0.0 24.0 105.0 5089.0 51883.0 552.0 26443.0
41 40 37 0.0 21.0 87.0 3063.0 33868.0 238.0 83914.0
41 40 38 0.0 10.0 54.0 1670.0 17417.0 99.0 126230.0
41 40 39 0.0 9.0 32.0 934.0 9591.0 31.0 152946.0
41 40 40 0.0 7.0 36.0 865.0 7978.0 21.0 155003.0
41 40 41 0.0 8.0 44.0 1021.0 9657.0 40.0 151530.0
41 40 42 0.0 17.0 72.0 1823.0 17582.0 102.0 125456.0
41 40 43 0.0 19.0 97.0 3514.0 33684.0 292.0 83721.0
41 40 44 0.0 28.0 140.0 5672.0 51333.0 562.0 26277.0
41 40 45 0.0 8.0 25.0 1600.0 14266.0 259.0 463.0
41 40 46 0.0 0.0 2.0 8.0 141.0 2.0 0.0
41 41 34 0.0 0.0 0.0 14.0 126.0 5.0 0.0
41 41 35 0.0 8.0 14.0 1202.0 11991.0 212.0 291.0
41 41 36 0.0 8.0 117.0 4660.0 51698.0 637.0 21755.0
41 41 37 0.0 31.0 102.0 3243.0 35925.0 285.0 79377.0
41 41 38 0.0 15.0 55.0 1822.0 19494.0 98.0 120601.0
41 41 39 0.0 5.0 53.0 1149.0 11103.0 34.0 147863.0
41 41 40 0.0 9.0 52.0 984.0 9760.0 27.0 150891.0
41 41 41 0.0 5.0 39.0 1120.0 10700.0 35.0 149778.0
41 41 42 0.0 10.0 79.0 2083.0 19267.0 94.0 121493.0
41 41 43 0.0 23.0 108.0 3728.0 35696.0 272.0 79112.0
41 41 44 0.0 18.0 126.0 5265.0 50840.0 658.0 22333.0
41 41 45 0.0 1.0 34.0 1236.0 12027.0 220.0 327.0
41 41 46 0.0 0.0 0.0 8.0 111.0 3.0 0.0
41 42 34 0.0 0.0 0.0 3.0 40.0 1.0 0.0
41 42 35 0.0 1.0 6.0 572.0 7306.0 129.0 86.0
41 42 36 0.0 16.0 115.0 3944.0 47627.0 595.0 12599.0
41 42 37 0.0 18.0 140.0 3778.0 42486.0 362.0 62635.0
41 42 38 0.0 19.0 68.0 2488.0 25855.0 175.0 105502.0
41 42 39 0.0 17.0 76.0 1910.0 19735.0 109.0 121088.0
41 42 40 0.0 12.0 64.0 1647.0 17484.0 97.0 126069.0
41 42 41 0.0 10.0 91.0 1986.0 19348.0 108.0 121326.0
41 42 42 0.0 10.0 104.0 2592.0 25317.0 166.0 106104.0
41 42 43 0.0 24.0 110.0 4371.0 41823.0 351.0 63646.0
41 42 44 0.0 13.0 103.0 4554.0 47182.0 593.0 12751.0
41 42 45 0.0 0.0 15.0 705.0 7370.0 144.0 111.0
41 42 46 0.0 0.0 0.0 7.0 66.0 3.0 0.0
41 43 34 0.0 0.0 0.0 1.0 8.0 0.0 0.0
41 43 35 0.0 0.0 3.0 187.0 2699.0 42.0 8.0
41 43 36 0.0 7.0 70.0 2736.0 30424.0 456.0 3062.0
41 43 37 0.0 31.0 78.0 4893.0 50302.0 571.0 32527.0
41 43 38 0.0 30.0 120.0 4204.0 42282.0 384.0 62384.0
41 43 39 0.0 19.0 118.0 3543.0 35739.0 258.0 79050.0
41 43 40 0.0 28.0 139.0 3457.0 33851.0 260.0 83255.0
41 43 41 0.0 22.0 121.0 3331.0 35675.0 269.0 79297.0
41 43 42 0.0 6.0 120.0 3989.0 42858.0 355.0 62593.0
41 43 43 0.0 4.0 126.0 4484.0 50220.0 509.0 33845.0
41 43 44 0.0 27.0 138.0 3257.0 31160.0 470.0 3308.0
41 43 45 0.0 2.0 3.0 261.0 2790.0 47.0 8.0
41 43 46 0.0 0.0 0.0 1.0 16.0 0.0 0.0
41 44 35 0.0 0.0 0.0 37.0 445.0 7.0 0.0
41 44 36 0.0 1.0 6.0 900.0 8934.0 173.0 176.0
41 44 37 0.0 9.0 67.0 2619.0 30320.0 487.0 3124.0
41 44 38 0.0 20.0 85.0 4506.0 46115.0 597.0 11960.0
41 44 39 0.0 22.0 107.0 4939.0 51363.0 603.0 20683.0
41 44 40 0.0 25.0 156.0 5023.0 51750.0 596.0 25512.0
41 44 41 0.0 8.0 193.0 5226.0 51348.0 619.0 22405.0
41 44 42 0.0 6.0 117.0 5257.0 46969.0 620.0 13087.0
41 44 43 0.0 9.0 81.0 2804.0 32091.0 447.0 3615.0
41 44 44 0.0 3.0 14.0 790.0 9532.0 158.0 187.0
41 44 45 0.0 0.0 4.0 38.0 469.0 12.0 0.0
41 44 46 0.0 0.0 0.0 0.0 4.0 0.0 0.0
41 45 35 0.0 0.0 0.0 0.0 15.0 0.0 0.0
41 45 36 0.0 0.0 0.0 66.0 442.0 5.0 0.0
41 45 37 0.0 0.0 8.0 334.0 2399.0 57.0 13.0
41 45 38 0.0 1.0 13.0 660.0 6967.0 133.0 94.0
41 45 39 0.0 6.0 14.0 1054.0 11809.0 183.0 265.0
41 45 40 0.0 4.0 40.0 1410.0 13424.0 226.0 366.0
41 45 41 0.0 3.0 25.0 1090.0 11907.0 204.0 269.0
41 45 42 0.0 2.0 41.0 681.0 7428.0 130.0 118.0
41 45 43 0.0 0.0 7.0 309.0 2729.0 47.0 12.0
41 45 44 0.0 0.0 0.0 34.0 536.0 5.0 0.0
41 45 45 0.0 0.0 0.0 0.0 23.0 1.0 0.0
41 46 37 0.0 0.0 0.0 2.0 14.0 0.0 0.0
41 46 38 0.0 0.0 0.0 13.0 46.0 0.0 0.0
41 46 39 0.0 0.0 0.0 9.0 95.0 3.0 0.0
41 46 40 0.0 1.0 0.0 24.0 126.0 1.0 0.0
41 46 41 0.0 0.0 1.0 18.0 109.0 3.0 0.0
41 46 42 0.0 0.0 1.0 3.0 44.0 1.0 0.0
41 46 43 0.0 0.0 0.0 1.0 9.0 0.0 0.0
42 34 36 0.0 0.0 0.0 0.0 2.0 0.0 0.0
42 34 37 0.0 0.0 0.0 3.0 8.0 0.0 0.0
42 34 38 0.0 0.0 0.0 6.0 17.0 0.0 0.0
42 34 39 0.0 0.0 0.0 9.0 52.0 1.0 0.0
42 34 40 0.0 0.0 0.0 11.0 54.0 1.0 0.0
42 34 41 0.0 0.0 0.0 5.0 65.0 0.0 1.0
42 34 42 0.0 0.0 0.0 2.0 18.0 0.0 0.0
42 34 43 0.0 0.0 0.0 1.0 1.0 0.0 0.0
42 35 35 0.0 0.0 0.0 2.0 11.0 0.0 0.0
42 35 36 0.0 0.0 0.0 44.0 281.0 7.0 0.0
42 35 37 0.0 1.0 3.0 207.0 1448.0 25.0 3.0
42 35 38 0.0 2.0 6.0 586.0 4357.0 91.0 34.0
42 35 39 0.0 1.0 5.0 1021.0 7536.0 136.0 106.0
42 35 40 0.0 10.0 15.0 1447.0 8253.0 156.0 162.0
42 35 41 0.0 1.0 15.0 1056.0 7127.0 135.0 92.0
42 35 42 0.0 0.0 12.0 611.0 3946.0 86.0 24.0
42 35 43 0.0 0.0 2.0 222.0 1438.0 24.0 1.0
42 35 44 0.0 0.0 0.0 55.0 253.0 3.0 0.0
42 35 45 0.0 0.0 0.0 1.0 3.0 0.0 0.0
42 36 35 0.0 0.0 4.0 19.0 230.0 3.0 0.0
42 36 36 0.0 0.0 4.0 676.0 5644.0 104.0 76.0
42 36 37 0.0 16.0 47.0 2473.0 21633.0 366.0 1353.0
42 36 38 0.0 32.0 44.0 5116.0 37847.0 541.0 6418.0
42 36 39 0.0 35.0 92.0 6586.0 45138.0 586.0 12924.0
42 36 40 0.0 34.0 100.0 6876.0 46982.0 608.0 15468.0
42 36 41 0.0 47.0 86.0 7526.0 43761.0 634.0 12273.0
42 36 42 0.0 14.0 84.0 5850.0 36915.0 571.0 6471.0
42 36 43 0.0 23.0 58.0 2834.0 20424.0 356.0 1276.0
42 36 44 0.0 17.0 11.0 587.0 5605.0 103.0 62.0
42 36 45 0.0 0.0 1.0 14.0 288.0 3.0 0.0
42 36 46 0.0 0.0 0.0 0.0 1.0 0.0 0.0
42 37 34 0.0 0.0 0.0 0.0 3.0 0.0 0.0
42 37 35 0.0 0.0 4.0 152.0 1624.0 39.0 3.0
42 37 36 0.0 9.0 23.0 2229.0 21275.0 360.0 1321.0
42 37 37 0.0 48.0 60.0 5078.0 49116.0 596.0 20807.0
42 37 38 0.0 36.0 77.0 6047.0 46821.0 495.0 45891.0
42 37 39 0.0 86.0 116.0 5735.0 40607.0 352.0 62147.0
42 37 40 0.0 42.0 82.0 6174.0 38208.0 355.0 67593.0
42 37 41 0.0 56.0 97.0 6326.0 40146.0 404.0 63194.0
42 37 42 0.0 38.0 145.0 6281.0 46024.0 454.0 46864.0
42 37 43 0.0 19.0 159.0 5729.0 48624.0 608.0 20670.0
42 37 44 0.0 4.0 39.0 2281.0 21188.0 357.0 1288.0
42 37 45 0.0 3.0 4.0 188.0 1461.0 32.0 4.0
42 37 46 0.0 0.0 0.0 0.0 9.0 0.0 0.0
42 38 34 0.0 0.0 0.0 2.0 31.0 0.0 0.0
42 38 35 0.0 3.0 3.0 323.0 4216.0 71.0 25.0
42 38 36 0.0 11.0 53.0 3475.0 39035.0 569.0 6321.0
42 38 37 0.0 31.0 71.0 4446.0 47532.0 436.0 47826.0
42 38 38 0.0 21.0 71.0 3426.0 31706.0 212.0 89149.0
42 38 39 0.0 32.0 80.0 3117.0 25635.0 196.0 103554.0
42 38 40 0.0 29.0 64.0 3004.0 23469.0 152.0 108622.0
42 38 41 0.0 18.0 77.0 3238.0 25000.0 172.0 104624.0
42 38 42 0.0 17.0 114.0 3674.0 31942.0 231.0 88381.0
42 38 43 0.0 26.0 116.0 5146.0 47226.0 482.0 46634.0
42 38 44 0.0 14.0 100.0 3787.0 37808.0 569.0 6127.0
42 38 45 0.0 0.0 8.0 471.0 3963.0 67.0 28.0
42 38 46 0.0 0.0 0.0 1.0 26.0 0.0 0.0
42 39 34 0.0 0.0 0.0 3.0 34.0 0.0 0.0
42 39 35 0.0 1.0 18.0 636.0 7416.0 151.0 89.0
42 39 36 0.0 28.0 115.0 3935.0 47692.0 633.0 12704.0
42 39 37 0.0 13.0 153.0 3783.0 42844.0 366.0 62848.0
42 39 38 0.0 14.0 67.0 2565.0 25484.0 169.0 105917.0
42 39 39 0.0 19.0 62.0 2085.0 19425.0 120.0 120936.0
42 39 40 0.0 12.0 64.0 1877.0 17363.0 86.0 125844.0
42 39 41 0.0 15.0 68.0 2224.0 19195.0 116.0 120676.0
42 39 42 0.0 15.0 80.0 2772.0 25262.0 169.0 105206.0
42 39 43 0.0 32.0 114.0 4302.0 42499.0 357.0 62749.0
42 39 44 0.0 20.0 68.0 4310.0 46726.0 639.0 12404.0
42 39 45 0.0 2.0 13.0 701.0 7323.0 137.0 108.0
42 39 46 0.0 0.0 0.0 9.0 36.0 2.0 0.0
42 40 34 0.0 0.0 0.0 8.0 68.0 2.0 0.0
42 40 35 0.0 2.0 13.0 749.0 8589.0 148.0 130.0
42 40 36 0.0 13.0 160.0 3998.0 49643.0 582.0 15547.0
42 40 37 0.0 12.0 103.0 3524.0 40814.0 354.0 67818.0
42 40 38 0.0 3.0 59.0 2095.0 23749.0 152.0 110691.0
42 40 39 0.0 6.0 61.0 1577.0 17417.0 76.0 125447.0
42 40 40 0.0 6.0 64.0 1590.0 15691.0 70.0 130122.0
42 40 41 0.0 6.0 60.0 1815.0 17717.0 90.0 125619.0
42 40 42 0.0 6.0 82.0 2396.0 23573.0 156.0 110546.0
42 40 43 0.0 14.0 109.0 4029.0 40413.0 332.0 67068.0
42 40 44 0.0 9.0 120.0 5065.0 49197.0 605.0 15144.0
42 40 45 0.0 1.0 11.0 791.0 8413.0 140.0 139.0
42 40 46 0.0 0.0 0.0 9.0 44.0 1.0 0.0
42 41 34 0.0 0.0 0.0 3.0 48.0 0.0 0.0
42 41 35 0.0 0.0 32.0 663.0 6991.0 137.0 99.0
42 41 36 0.0 24.0 143.0 4149.0 47093.0 582.0 12217.0
42 41 37 0.0 14.0 122.0 3554.0 43391.0 400.0 62335.0
42 41 38 0.0 7.0 99.0 2125.0 26024.0 152.0 105575.0
42 41 39 0.0 6.0 92.0 1634.0 19715.0 106.0 121917.0
42 41 40 0.0 13.0 55.0 1632.0 17396.0 91.0 125824.0
42 41 41 0.0 10.0 73.0 1897.0 19045.0 82.0 122599.0
42 41 42 0.0 12.0 100.0 2412.0 26106.0 170.0 104999.0
42 41 43 0.0 18.0 118.0 3998.0 42717.0 372.0 62778.0
42 41 44 0.0 12.0 128.0 4882.0 46934.0 645.0 12466.0
42 41 45 0.0 6.0 14.0 741.0 7341.0 136.0 113.0
42 41 46 0.0 0.0 0.0 4.0 37.0 1.0 0.0
42 42 34 0.0 0.0 0.0 2.0 32.0 0.0 0.0
42 42 35 0.0 5.0 7.0 332.0 3999.0 76.0 33.0
42 42 36 0.0 7.0 91.0 3196.0 39185.0 546.0 6214.0
42 42 37 0.0 19.0 113.0 4477.0 48287.0 471.0 45808.0
42 42 38 0.0 18.0 88.0 3004.0 32623.0 250.0 87666.0
42 42 39 0.0 17.0 96.0 2457.0 26684.0 180.0 103396.0
42 42 40 0.0 9.0 94.0 2258.0 23386.0 132.0 111419.0
42 42 41 0.0 12.0 119.0 2340.0 25740.0 155.0 105537.0
42 42 42 0.0 15.0 100.0 2749.0 31570.0 230.0 90291.0
42 42 43 0.0 22.0 114.0 4166.0 47694.0 434.0 47513.0
42 42 44 0.0 23.0 126.0 3481.0 39400.0 579.0 6336.0
42 42 45 0.0 4.0 12.0 414.0 4247.0 76.0 32.0
42 42 46 0.0 0.0 0.0 6.0 34.0 1.0 0.0
42 43 34 0.0 0.0 0.0 1.0 4.0 0.0 0.0
42 43 35 0.0 0.0 2.0 84.0 1441.0 18.0 2.0
42 43 36 0.0 12.0 37.0 1783.0 21361.0 358.0 1236.0
42 43 37 0.0 19.0 98.0 4937.0 49035.0 568.0 19604.0
42 43 38 0.0 16.0 121.0 4181.0 49043.0 444.0 44809.0
42 43 39 0.0 14.0 102.0 3823.0 42805.0 346.0 62018.0
42 43 40 0.0 12.0 136.0 3711.0 41057.0 305.0 67276.0
42 43 41 0.0 31.0 137.0 3997.0 42062.0 343.0 63822.0
42 43 42 0.0 12.0 105.0 4280.0 48298.0 456.0 46850.0
42 43 43 0.0 10.0 97.0 4534.0 50149.0 556.0 20966.0
42 43 44 0.0 9.0 83.0 2126.0 22635.0 403.0 1396.0
42 43 45 0.0 0.0 4.0 124.0 1575.0 28.0 3.0
42 43 46 0.0 0.0 0.0 2.0 1.0 0.0 0.0
42 44 35 0.0 0.0 0.0 27.0 225.0 3.0 0.0
42 44 36 0.0 1.0 16.0 490.0 5218.0 86.0 55.0
42 44 37 0.0 8.0 37.0 1858.0 20573.0 348.0 1133.0
42 44 38 0.0 3.0 89.0 3493.0 37916.0 562.0 5840.0
42 44 39 0.0 28.0 85.0 4099.0 47148.0 596.0 12309.0
42 44 40 0.0 10.0 128.0 4245.0 49327.0 662.0 15154.0
42 44 41 0.0 11.0 101.0 4250.0 47203.0 610.0 12505.0
42 44 42 0.0 7.0 105.0 3341.0 39559.0 571.0 6638.0
42 44 43 0.0 5.0 87.0 1763.0 21265.0 345.0 1236.0
42 44 44 0.0 2.0 4.0 487.0 5380.0 94.0 60.0
42 44 45 0.0 0.0 0.0 26.0 301.0 4.0 0.0
42 44 46 0.0 0.0 0.0 0.0 1.0 0.0 0.0
42 45 35 0.0 0.0 0.0 2.0 1.0 0.0 0.0
42 45 36 0.0 0.0 2.0 15.0 218.0 6.0 0.0
42 45 37 0.0 0.0 3.0 125.0 1278.0 20.0 3.0
42 45 38 0.0 0.0 9.0 397.0 4081.0 75.0 27.0
42 45 39 0.0 3.0 16.0 853.0 7188.0 135.0 104.0
42 45 40 0.0 2.0 16.0 834.0 8274.0 163.0 138.0
42 45 41 0.0 0.0 36.0 673.0 7150.0 118.0 89.0
42 45 42 0.0 0.0 14.0 348.0 4388.0 85.0 38.0
42 45 43 0.0 0.0 2.0 99.0 1359.0 22.0 1.0
42 45 44 0.0 0.0 0.0 18.0 321.0 3.0 0.0
42 45 45 0.0 0.0 0.0 2.0 11.0 1.0 0.0
42 46 35 0.0 0.0 0.0 0.0 1.0 0.0 0.0
42 46 37 0.0 0.0 0.0 1.0 11.0 0.0 0.0
42 46 38 0.0 0.0 0.0 1.0 15.0 0.0 0.0
42 46 39 0.0 0.0 0.0 12.0 40.0 0.0 0.0
42 46 40 0.0 0.0 0.0 2.0 66.0 1.0 0.0
42 46 41 0.0 0.0 0.0 5.0 37.0 0.0 0.0
42 46 42 0.0 0.0 0.0 8.0 18.0 0.0 0.0
42 46 43 0.0 0.0 0.0 0.0 15.0 0.0 0.0
42 46 44 0.0 0.0 0.0 0.0 1.0 0.0 0.0
43 34 36 0.0 0.0 0.0 0.0 1.0 0.0 0.0
43 34 38 0.0 0.0 0.0 4.0 11.0 0.0 0.0
43 34 39 0.0 0.0 0.0 1.0 10.0 0.0 0.0
43 34 40 0.0 0.0 0.0 3.0 18.0 0.0 0.0
43 34 41 0.0 0.0 0.0 1.0 14.0 0.0 0.0
43 34 42 0.0 0.0 0.0 0.0 6.0 0.0 0.0
43 34 43 0.0 0.0 0.0 0.0 2.0 0.0 0.0
43 35 35 0.0 0.0 0.0 0.0 4.0 0.0 0.0
43 35 36 0.0 0.0 0.0 14.0 74.0 3.0 0.0
43 35 37 0.0 3.0 1.0 70.0 480.0 6.0 1.0
43 35 38 0.0 0.0 1.0 137.0 1461.0 13.0 5.0
43 35 39 0.0 1.0 6.0 364.0 2740.0 54.0 11.0
43 35 40 0.0 0.0 2.0 475.0 3028.0 57.0 11.0
43 35 41 0.0 5.0 2.0 454.0 2613.0 55.0 13.0
43 35 42 0.0 2.0 1.0 243.0 1454.0 26.0 4.0
43 35 43 0.0 0.0 0.0 63.0 493.0 7.0 0.0
43 35 44 0.0 0.0 0.0 7.0 76.0 2.0 0.0
43 35 45 0.0 0.0 0.0 0.0 1.0 0.0 0.0
43 36 35 0.0 0.0 0.0 13.0 72.0 0.0 0.0
43 36 36 0.0 0.0 6.0 190.0 2169.0 30.0 8.0
43 36 37 0.0 7.0 14.0 1217.0 9021.0 148.0 193.0
43 36 38 0.0 24.0 64.0 2818.0 19811.0 335.0 1129.0
43 36 39 0.0 31.0 47.0 4003.0 29331.0 462.0 3155.0
43 36 40 0.0 37.0 47.0 4625.0 32378.0 531.0 4179.0
43 36 41 0.0 16.0 72.0 3903.0 28980.0 456.0 3064.0
43 36 42 0.0 20.0 36.0 3201.0 20292.0 332.0 1344.0
43 36 43 0.0 13.0 10.0 1269.0 9160.0 159.0 230.0
43 36 44 0.0 0.0 7.0 230.0 1935.0 44.0 6.0
43 36 45 0.0 0.0 0.0 6.0 70.0 1.0 0.0
43 37 34 0.0 0.0 0.0 0.0 3.0 0.0 0.0
43 37 35 0.0 0.0 0.0 42.0 444.0 12.0 0.0
43 37 36 0.0 25.0 10.0 880.0 9940.0 180.0 244.0
43 37 37 0.0 9.0 17.0 3683.0 35836.0 539.0 5441.0
43 37 38 0.0 44.0 99.0 5545.0 48274.0 619.0 18806.0
43 37 39 0.0 25.0 78.0 5836.0 49086.0 484.0 31766.0
43 37 40 0.0 43.0 139.0 5635.0 48872.0 507.0 36109.0
43 37 41 0.0 18.0 102.0 5906.0 49084.0 555.0 32359.0
43 37 42 0.0 17.0 70.0 5150.0 49139.0 599.0 19880.0
43 37 43 0.0 14.0 76.0 3494.0 35770.0 527.0 5576.0
43 37 44 0.0 16.0 20.0 1001.0 9097.0 188.0 201.0
43 37 45 0.0 0.0 4.0 63.0 471.0 10.0 0.0
43 37 46 0.0 0.0 0.0 1.0 1.0 0.0 0.0
43 38 34 0.0 0.0 0.0 0.0 10.0 0.0 0.0
43 38 35 0.0 0.0 1.0 148.0 1451.0 24.0 3.0
43 38 36 0.0 6.0 33.0 1748.0 21915.0 340.0 1337.0
43 38 37 0.0 60.0 73.0 4735.0 49751.0 593.0 21806.0
43 38 38 0.0 34.0 110.0 4536.0 47580.0 452.0 46361.0
43 38 39 0.0 35.0 97.0 4513.0 42606.0 409.0 61063.0
43 38 40 0.0 30.0 95.0 4555.0 40675.0 347.0 66289.0
43 38 41 0.0 17.0 113.0 4899.0 42450.0 384.0 61028.0
43 38 42 0.0 47.0 115.0 5399.0 47108.0 444.0 46153.0
43 38 43 0.0 20.0 105.0 5532.0 48540.0 598.0 19226.0
43 38 44 0.0 6.0 50.0 2194.0 20841.0 323.0 1226.0
43 38 45 0.0 0.0 0.0 169.0 1421.0 28.0 3.0
43 38 46 0.0 0.0 0.0 0.0 1.0 0.0 0.0
43 39 34 0.0 0.0 0.0 3.0 10.0 0.0 0.0
43 39 35 0.0 0.0 6.0 180.0 2633.0 38.0 13.0
43 39 36 0.0 9.0 82.0 2724.0 30744.0 425.0 3309.0
43 39 37 0.0 9.0 115.0 4127.0 50798.0 511.0 34154.0
43 39 38 0.0 20.0 113.0 4074.0 42367.0 368.0 62825.0
43 39 39 0.0 21.0 105.0 3656.0 35796.0 287.0 78993.0
43 39 40 0.0 15.0 101.0 3325.0 33954.0 286.0 83484.0
43 39 41 0.0 29.0 115.0 3770.0 36029.0 274.0 78795.0
43 39 42 0.0 16.0 135.0 4389.0 42623.0 366.0 62101.0
43 39 43 0.0 25.0 111.0 4931.0 49925.0 488.0 34203.0
43 39 44 0.0 12.0 38.0 3456.0 30952.0 478.0 3346.0
43 39 45 0.0 0.0 11.0 250.0 2761.0 48.0 12.0
43 39 46 0.0 0.0 0.0 0.0 13.0 0.0 0.0
43 40 34 0.0 0.0 0.0 2.0 17.0 1.0 0.0
43 40 35 0.0 1.0 4.0 298.0 3319.0 65.0 21.0
43 40 36 0.0 3.0 103.0 2626.0 35437.0 538.0 4509.0
43 40 37 0.0 7.0 208.0 3700.0 50643.0 482.0 38050.0
43 40 38 0.0 10.0 114.0 3597.0 40352.0 306.0 68218.0
43 40 39 0.0 15.0 114.0 3054.0 33912.0 259.0 83859.0
43 40 40 0.0 9.0 78.0 3018.0 31918.0 251.0 88005.0
43 40 41 0.0 15.0 120.0 3154.0 34111.0 267.0 84021.0
43 40 42 0.0 17.0 111.0 3971.0 40510.0 343.0 67817.0
43 40 43 0.0 22.0 99.0 4612.0 49518.0 494.0 38360.0
43 40 44 0.0 11.0 62.0 3177.0 34574.0 520.0 4542.0
43 40 45 0.0 0.0 8.0 304.0 3284.0 60.0 12.0
43 40 46 0.0 0.0 0.0 0.0 16.0 0.0 0.0
43 41 34 0.0 0.0 0.0 1.0 21.0 1.0 0.0
43 41 35 0.0 0.0 7.0 197.0 2801.0 55.0 9.0
43 41 36 0.0 1.0 59.0 2373.0 30542.0 458.0 3102.0
43 41 37 0.0 14.0 182.0 3675.0 51465.0 574.0 33197.0
43 41 38 0.0 4.0 128.0 3314.0 43380.0 343.0 62499.0
43 41 39 0.0 10.0 113.0 3083.0 36006.0 283.0 79525.0
43 41 40 0.0 13.0 114.0 3001.0 34217.0 248.0 83784.0
43 41 41 0.0 28.0 127.0 3178.0 35916.0 290.0 79085.0
43 41 42 0.0 14.0 131.0 3550.0 43172.0 363.0 63135.0
43 41 43 0.0 10.0 142.0 4255.0 50703.0 541.0 34730.0
43 41 44 0.0 4.0 67.0 2946.0 31512.0 477.0 3531.0
43 41 45 0.0 1.0 6.0 327.0 2930.0 57.0 23.0
43 41 46 0.0 0.0 0.0 3.0 7.0 0.0 0.0
43 42 34 0.0 0.0 0.0 0.0 3.0 0.0 0.0
43 42 35 0.0 0.0 5.0 152.0 1417.0 22.0 0.0
43 42 36 0.0 4.0 52.0 1832.0 21052.0 334.0 1245.0
43 42 37 0.0 13.0 149.0 3712.0 49943.0 540.0 19858.0
43 42 38 0.0 8.0 122.0 3935.0 48665.0 440.0 46014.0
43 42 39 0.0 26.0 163.0 3634.0 42802.0 359.0 62789.0
43 42 40 0.0 27.0 135.0 3423.0 40729.0 292.0 68311.0
43 42 41 0.0 23.0 116.0 3739.0 42449.0 396.0 63915.0
43 42 42 0.0 15.0 147.0 3721.0 48561.0 449.0 47882.0
43 42 43 0.0 113.0 123.0 4965.0 49668.0 592.0 21574.0
43 42 44 0.0 48.0 30.0 2279.0 21981.0 298.0 1319.0
43 42 45 0.0 1.0 1.0 249.0 1420.0 28.0 7.0
43 42 46 0.0 0.0 0.0 1.0 3.0 0.0 0.0
43 43 34 0.0 0.0 0.0 0.0 1.0 0.0 0.0
43 43 35 0.0 0.0 0.0 30.0 399.0 7.0 0.0
43 43 36 0.0 2.0 19.0 702.0 9486.0 162.0 205.0
43 43 37 0.0 6.0 79.0 3073.0 35481.0 551.0 5278.0
43 43 38 0.0 32.0 76.0 4814.0 49354.0 618.0 19137.0
43 43 39 0.0 20.0 142.0 4412.0 50868.0 517.0 32827.0
43 43 40 0.0 10.0 144.0 4105.0 49705.0 513.0 38813.0
43 43 41 0.0 9.0 169.0 4088.0 50521.0 498.0 34474.0
43 43 42 0.0 18.0 120.0 3946.0 50833.0 588.0 21582.0
43 43 43 0.0 90.0 66.0 3609.0 37520.0 568.0 6265.0
43 43 44 0.0 4.0 48.0 762.0 10514.0 204.0 246.0
43 43 45 0.0 0.0 0.0 81.0 622.0 16.0 1.0
43 43 46 0.0 0.0 0.0 0.0 4.0 0.0 0.0
43 44 35 0.0 0.0 1.0 5.0 83.0 1.0 0.0
43 44 36 0.0 0.0 1.0 159.0 1732.0 36.0 2.0
43 44 37 0.0 3.0 23.0 835.0 8698.0 162.0 170.0
43 44 38 0.0 5.0 52.0 1724.0 20203.0 343.0 1119.0
43 44 39 0.0 8.0 55.0 3274.0 30373.0 502.0 3191.0
43 44 40 0.0 11.0 103.0 2932.0 33573.0 464.0 4268.0
43 44 41 0.0 0.0 102.0 2404.0 31471.0 474.0 3276.0
43 44 42 0.0 3.0 54.0 1847.0 20863.0 354.0 1201.0
43 44 43 0.0 0.0 29.0 948.0 9868.0 177.0 214.0
43 44 44 0.0 3.0 2.0 227.0 1950.0 37.0 6.0
43 44 45 0.0 0.0 0.0 4.0 88.0 1.0 0.0
43 45 35 0.0 0.0 0.0 2.0 1.0 0.0 0.0
43 45 36 0.0 0.0 1.0 3.0 68.0 0.0 0.0
43 45 37 0.0 0.0 1.0 24.0 354.0 7.0 0.0
43 45 38 0.0 0.0 12.0 122.0 1387.0 24.0 2.0
43 45 39 0.0 0.0 0.0 178.0 2674.0 46.0 13.0
43 45 40 0.0 0.0 6.0 272.0 3088.0 60.0 19.0
43 45 41 0.0 2.0 7.0 242.0 2861.0 64.0 16.0
43 45 42 0.0 0.0 7.0 149.0 1455.0 29.0 5.0
43 45 43 0.0 0.0 0.0 27.0 505.0 3.0 0.0
43 45 44 0.0 0.0 0.0 6.0 87.0 1.0 0.0
43 45 45 0.0 0.0 0.0 0.0 3.0 0.0 0.0
43 46 37 0.0 0.0 0.0 1.0 1.0 0.0 0.0
43 46 38 0.0 0.0 0.0 0.0 5.0 1.0 0.0
43 46 39 0.0 0.0 0.0 1.0 4.0 0.0 0.0
43 46 40 0.0 0.0 0.0 2.0 22.0 0.0 0.0
43 46 41 0.0 0.0 0.0 0.0 8.0 0.0 0.0
43 46 42 0.0 0.0 0.0 0.0 5.0 0.0 0.0
43 46 43 0.0 0.0 0.0 0.0 5.0 0.0 0.0
44 34 38 0.0 0.0 0.0 0.0 1.0 0.0 0.0
44 34 39 0.0 0.0 0.0 0.0 3.0 0.0 0.0
44 34 40 0.0 0.0 0.0 0.0 2.0 0.0 0.0
44 34 41 0.0 0.0 0.0 0.0 1.0 0.0 0.0
44 34 42 0.0 0.0 0.0 0.0 1.0 0.0 0.0
44 35 36 0.0 0.0 0.0 0.0 21.0 0.0 0.0
44 35 37 0.0 0.0 0.0 4.0 63.0 0.0 0.0
44 35 38 0.0 1.0 0.0 22.0 169.0 1.0 0.0
44 35 39 0.0 0.0 0.0 62.0 426.0 15.0 0.0
44 35 40 0.0 2.0 0.0 87.0 599.0 9.0 1.0
44 35 41 0.0 0.0 0.0 44.0 393.0 11.0 0.0
44 35 42 0.0 0.0 1.0 45.0 215.0 6.0 0.0
44 35 43 0.0 0.0 0.0 3.0 70.0 3.0 0.0
44 35 44 0.0 0.0 0.0 0.0 18.0 0.0 0.0
44 36 35 0.0 0.0 0.0 0.0 4.0 0.0 0.0
44 36 36 0.0 0.0 0.0 17.0 318.0 5.0 0.0
44 36 37 0.0 0.0 2.0 185.0 1787.0 37.0 3.0
44 36 38 0.0 1.0 7.0 491.0 4563.0 88.0 41.0
44 36 39 0.0 16.0 29.0 876.0 8509.0 159.0 182.0
44 36 40 0.0 6.0 32.0 1203.0 10358.0 201.0 281.0
44 36 41 0.0 2.0 15.0 1038.0 8414.0 145.0 189.0
44 36 42 0.0 4.0 17.0 547.0 4678.0 79.0 52.0
44 36 43 0.0 0.0 4.0 157.0 1846.0 30.0 7.0
44 36 44 0.0 0.0 0.0 18.0 322.0 6.0 1.0
44 36 45 0.0 0.0 0.0 0.0 9.0 1.0 0.0
44 37 35 0.0 0.0 0.0 5.0 71.0 1.0 0.0
44 37 36 0.0 3.0 2.0 238.0 2109.0 45.0 4.0
44 37 37 0.0 9.0 3.0 1012.0 9047.0 166.0 220.0
44 37 38 0.0 11.0 48.0 1789.0 21263.0 373.0 1236.0
44 37 39 0.0 5.0 53.0 2729.0 29681.0 458.0 2870.0
44 37 40 0.0 9.0 100.0 3209.0 32492.0 492.0 3828.0
44 37 41 0.0 12.0 53.0 3343.0 30202.0 451.0 3183.0
44 37 42 0.0 14.0 77.0 2130.0 20239.0 331.0 1213.0
44 37 43 0.0 4.0 9.0 856.0 8982.0 159.0 171.0
44 37 44 0.0 0.0 2.0 171.0 1706.0 18.0 2.0
44 37 45 0.0 0.0 0.0 6.0 56.0 3.0 0.0
44 38 34 0.0 0.0 0.0 0.0 1.0 0.0 0.0
44 38 35 0.0 0.0 0.0 26.0 169.0 1.0 0.0
44 38 36 0.0 6.0 21.0 383.0 6007.0 105.0 61.0
44 38 37 0.0 8.0 42.0 1799.0 22329.0 366.0 1347.0
44 38 38 0.0 12.0 81.0 4044.0 38554.0 581.0 6162.0
44 38 39 0.0 11.0 103.0 4652.0 46153.0 607.0 11646.0
44 38 40 0.0 6.0 202.0 5140.0 48226.0 617.0 14532.0
44 38 41 0.0 5.0 110.0 4562.0 46689.0 619.0 12289.0
44 38 42 0.0 15.0 109.0 3833.0 37947.0 525.0 5967.0
44 38 43 0.0 14.0 33.0 2283.0 20707.0 384.0 1220.0
44 38 44 0.0 4.0 17.0 627.0 5207.0 116.0 65.0
44 38 45 0.0 0.0 0.0 35.0 215.0 3.0 0.0
44 39 34 0.0 0.0 0.0 0.0 1.0 0.0 0.0
44 39 35 0.0 1.0 1.0 26.0 550.0 4.0 0.0
44 39 36 0.0 8.0 20.0 815.0 9625.0 158.0 192.0
44 39 37 0.0 3.0 115.0 2784.0 31527.0 476.0 3439.0
44 39 38 0.0 22.0 111.0 4057.0 47541.0 609.0 12398.0
44 39 39 0.0 40.0 163.0 5019.0 51265.0 571.0 22016.0
44 39 40 0.0 31.0 163.0 4617.0 52483.0 568.0 25146.0
44 39 41 0.0 19.0 134.0 5088.0 51432.0 597.0 21656.0
44 39 42 0.0 18.0 119.0 4973.0 46663.0 582.0 12964.0
44 39 43 0.0 4.0 60.0 3268.0 31140.0 487.0 3513.0
44 39 44 0.0 2.0 59.0 842.0 9424.0 138.0 200.0
44 39 45 0.0 0.0 0.0 56.0 513.0 8.0 0.0
44 40 34 0.0 0.0 0.0 0.0 1.0 0.0 0.0
44 40 35 0.0 0.0 1.0 50.0 613.0 17.0 0.0
44 40 36 0.0 0.0 23.0 871.0 11628.0 209.0 329.0
44 40 37 0.0 11.0 51.0 2612.0 34763.0 528.0 4177.0
44 40 38 0.0 16.0 135.0 4101.0 49378.0 577.0 15152.0
44 40 39 0.0 12.0 146.0 4129.0 52887.0 589.0 25715.0
44 40 40 0.0 15.0 160.0 4285.0 52726.0 547.0 30065.0
44 40 41 0.0 9.0 198.0 4593.0 52456.0 569.0 25879.0
44 40 42 0.0 24.0 98.0 4279.0 49005.0 589.0 14800.0
44 40 43 0.0 15.0 114.0 3434.0 33701.0 518.0 4184.0
44 40 44 0.0 1.0 11.0 956.0 11500.0 193.0 286.0
44 40 45 0.0 7.0 0.0 62.0 586.0 11.0 0.0
44 40 46 0.0 0.0 0.0 0.0 2.0 0.0 0.0
44 41 34 0.0 0.0 0.0 0.0 2.0 0.0 0.0
44 41 35 0.0 0.0 2.0 31.0 516.0 10.0 0.0
44 41 36 0.0 0.0 26.0 639.0 9253.0 158.0 203.0
44 41 37 0.0 8.0 80.0 2471.0 31468.0 473.0 3322.0
44 41 38 0.0 35.0 113.0 3921.0 46804.0 632.0 12364.0
44 41 39 0.0 8.0 138.0 4364.0 52081.0 645.0 21859.0
44 41 40 0.0 23.0 169.0 4669.0 52670.0 603.0 26482.0
44 41 41 0.0 27.0 145.0 4281.0 51768.0 593.0 22122.0
44 41 42 0.0 6.0 131.0 4490.0 47110.0 573.0 13123.0
44 41 43 0.0 24.0 74.0 2444.0 32020.0 487.0 3536.0
44 41 44 0.0 3.0 16.0 847.0 9757.0 166.0 219.0
44 41 45 0.0 0.0 0.0 69.0 477.0 7.0 0.0
44 42 34 0.0 0.0 0.0 0.0 1.0 0.0 0.0
44 42 35 0.0 0.0 0.0 14.0 199.0 3.0 0.0
44 42 36 0.0 1.0 7.0 296.0 5266.0 98.0 51.0
44 42 37 0.0 7.0 22.0 1562.0 21855.0 368.0 1320.0
44 42 38 0.0 30.0 102.0 3319.0 39340.0 522.0 6084.0
44 42 39 0.0 6.0 123.0 3679.0 47444.0 632.0 12373.0
44 42 40 0.0 19.0 110.0 4493.0 49404.0 611.0 15365.0
44 42 41 0.0 7.0 118.0 4089.0 47849.0 626.0 12581.0
44 42 42 0.0 16.0 113.0 3072.0 39676.0 561.0 6380.0
44 42 43 0.0 13.0 61.0 1847.0 22320.0 391.0 1417.0
44 42 44 0.0 6.0 24.0 646.0 6097.0 122.0 104.0
44 42 45 0.0 0.0 0.0 23.0 252.0 4.0 0.0
44 42 46 0.0 0.0 0.0 0.0 1.0 0.0 0.0
44 43 35 0.0 0.0 0.0 13.0 65.0 0.0 0.0
44 43 36 0.0 0.0 4.0 143.0 1970.0 42.0 7.0
44 43 37 0.0 2.0 19.0 822.0 9161.0 175.0 189.0
44 43 38 0.0 1.0 117.0 1799.0 22027.0 354.0 1345.0
44 43 39 0.0 1.0 77.0 2420.0 32032.0 500.0 3562.0
44 43 40 0.0 8.0 114.0 2825.0 35149.0 557.0 4514.0
44 43 41 0.0 3.0 94.0 2684.0 32876.0 489.0 3708.0
44 43 42 0.0 8.0 85.0 1839.0 22804.0 363.0 1454.0
44 43 43 0.0 2.0 32.0 636.0 10204.0 176.0 219.0
44 43 44 0.0 0.0 3.0 193.0 2163.0 44.0 8.0
44 43 45 0.0 0.0 0.0 3.0 76.0 0.0 0.0
44 44 35 0.0 0.0 0.0 1.0 13.0 0.0 0.0
44 44 36 0.0 0.0 0.0 27.0 305.0 7.0 0.0
44 44 37 0.0 0.0 2.0 220.0 1656.0 36.0 4.0
44 44 38 0.0 2.0 6.0 512.0 5316.0 102.0 53.0
44 44 39 0.0 0.0 23.0 741.0 8984.0 160.0 180.0
44 44 40 0.0 0.0 39.0 691.0 11147.0 171.0 300.0
44 44 41 0.0 5.0 12.0 884.0 9907.0 156.0 207.0
44 44 42 0.0 1.0 9.0 408.0 6261.0 105.0 87.0
44 44 43 0.0 3.0 2.0 211.0 1879.0 33.0 9.0
44 44 44 0.0 3.0 0.0 45.0 316.0 6.0 0.0
44 44 45 0.0 0.0 0.0 4.0 10.0 0.0 0.0
44 45 35 0.0 0.0 0.0 1.0 1.0 0.0 0.0
44 45 36 0.0 0.0 0.0 3.0 15.0 1.0 0.0
44 45 37 0.0 0.0 0.0 11.0 68.0 2.0 0.0
44 45 38 0.0 0.0 1.0 14.0 232.0 4.0 0.0
44 45 39 0.0 0.0 0.0 53.0 466.0 8.0 0.0
44 45 40 0.0 0.0 1.0 51.0 624.0 10.0 0.0
44 45 41 0.0 0.0 1.0 38.0 564.0 13.0 1.0
44 45 42 0.0 0.0 0.0 18.0 207.0 3.0 0.0
44 45 43 0.0 0.0 0.0 4.0 75.0 1.0 0.0
44 45 44 0.0 0.0 0.0 1.0 4.0 0.0 0.0
44 46 38 0.0 0.0 0.0 0.0 3.0 0.0 0.0
44 46 39 0.0 0.0 0.0 0.0 1.0 0.0 0.0
44 46 40 0.0 0.0 0.0 0.0 2.0 0.0 0.0
44 46 41 0.0 0.0 0.0 0.0 1.0 0.0 0.0
45 35 37 0.0 0.0 0.0 0.0 2.0 0.0 0.0
45 35 38 0.0 0.0 0.0 0.0 3.0 0.0 0.0
45 35 39 0.0 0.0 0.0 7.0 39.0 1.0 0.0
45 35 40 0.0 0.0 0.0 5.0 41.0 4.0 0.0
45 35 41 0.0 0.0 0.0 1.0 19.0 0.0 0.0
45 35 42 0.0 0.0 0.0 2.0 11.0 0.0 0.0
45 35 43 0.0 0.0 0.0 0.0 1.0 0.0 0.0
45 36 36 0.0 0.0 0.0 0.0 13.0 0.0 0.0
45 36 37 0.0 0.0 0.0 10.0 96.0 0.0 0.0
45 36 38 0.0 0.0 0.0 39.0 213.0 4.0 0.0
45 36 39 0.0 0.0 1.0 38.0 418.0 9.0 0.0
45 36 40 0.0 0.0 3.0 69.0 498.0 13.0 0.0
45 36 41 0.0 0.0 2.0 29.0 481.0 10.0 0.0
45 36 42 0.0 0.0 1.0 24.0 204.0 5.0 0.0
45 36 43 0.0 0.0 0.0 5.0 48.0 0.0 0.0
45 36 44 0.0 0.0 0.0 0.0 7.0 0.0 0.0
45 37 35 0.0 0.0 0.0 0.0 3.0 0.0 0.0
45 37 36 0.0 0.0 0.0 3.0 72.0 0.0 0.0
45 37 37 0.0 1.0 0.0 57.0 524.0 6.0 0.0
45 37 38 0.0 0.0 1.0 140.0 1501.0 30.0 3.0
45 37 39 0.0 0.0 7.0 231.0 2378.0 40.0 8.0
45 37 40 0.0 0.0 5.0 270.0 2900.0 55.0 16.0
45 37 41 0.0 1.0 10.0 244.0 2598.0 46.0 5.0
45 37 42 0.0 0.0 1.0 162.0 1442.0 27.0 0.0
45 37 43 0.0 0.0 1.0 35.0 492.0 14.0 0.0
45 37 44 0.0 0.0 0.0 10.0 68.0 3.0 0.0
45 38 35 0.0 0.0 0.0 6.0 16.0 1.0 0.0
45 38 36 0.0 0.0 0.0 22.0 305.0 4.0 0.0
45 38 37 0.0 0.0 0.0 117.0 1361.0 28.0 1.0
45 38 38 0.0 1.0 13.0 396.0 3932.0 82.0 39.0
45 38 39 0.0 4.0 18.0 676.0 6527.0 109.0 63.0
45 38 40 0.0 1.0 29.0 864.0 8526.0 168.0 135.0
45 38 41 0.0 2.0 23.0 677.0 7311.0 146.0 96.0
45 38 42 0.0 2.0 7.0 422.0 4076.0 71.0 26.0
45 38 43 0.0 0.0 2.0 142.0 1356.0 25.0 2.0
45 38 44 0.0 0.0 0.0 24.0 237.0 5.0 0.0
45 38 45 0.0 0.0 1.0 1.0 5.0 0.0 0.0
45 39 35 0.0 0.0 0.0 1.0 26.0 0.0 0.0
45 39 36 0.0 0.0 1.0 32.0 469.0 9.0 0.0
45 39 37 0.0 0.0 9.0 262.0 2574.0 60.0 15.0
45 39 38 0.0 1.0 18.0 698.0 7273.0 152.0 84.0
45 39 39 0.0 5.0 30.0 1055.0 12489.0 198.0 326.0
45 39 40 0.0 2.0 28.0 1425.0 14123.0 244.0 450.0
45 39 41 0.0 3.0 34.0 1088.0 12210.0 204.0 285.0
45 39 42 0.0 1.0 10.0 729.0 7152.0 142.0 98.0
45 39 43 0.0 5.0 8.0 267.0 2631.0 53.0 17.0
45 39 44 0.0 0.0 1.0 39.0 543.0 13.0 0.0
45 39 45 0.0 0.0 0.0 3.0 28.0 0.0 0.0
45 40 35 0.0 0.0 0.0 3.0 26.0 0.0 0.0
45 40 36 0.0 0.0 0.0 67.0 578.0 15.0 0.0
45 40 37 0.0 2.0 4.0 320.0 3229.0 56.0 15.0
45 40 38 0.0 4.0 20.0 726.0 8925.0 141.0 144.0
45 40 39 0.0 3.0 27.0 1314.0 14045.0 255.0 449.0
45 40 40 0.0 4.0 46.0 1362.0 16469.0 260.0 605.0
45 40 41 0.0 7.0 36.0 1205.0 14551.0 255.0 468.0
45 40 42 0.0 0.0 15.0 783.0 8463.0 172.0 152.0
45 40 43 0.0 0.0 6.0 338.0 3316.0 49.0 23.0
45 40 44 0.0 0.0 5.0 67.0 708.0 14.0 0.0
45 40 45 0.0 0.0 0.0 3.0 25.0 0.0 0.0
45 41 35 0.0 0.0 0.0 2.0 12.0 1.0 0.0
45 41 36 0.0 0.0 0.0 43.0 547.0 16.0 0.0
45 41 37 0.0 0.0 12.0 254.0 2781.0 49.0 12.0
45 41 38 0.0 5.0 16.0 521.0 7242.0 116.0 79.0
45 41 39 0.0 5.0 12.0 1174.0 12148.0 196.0 273.0
45 41 40 0.0 27.0 30.0 1210.0 14815.0 237.0 438.0
45 41 41 0.0 1.0 28.0 1029.0 12300.0 193.0 310.0
45 41 42 0.0 0.0 18.0 672.0 7179.0 135.0 85.0
45 41 43 0.0 1.0 2.0 371.0 2825.0 49.0 7.0
45 41 44 0.0 0.0 0.0 59.0 576.0 11.0 0.0
45 41 45 0.0 0.0 0.0 1.0 14.0 0.0 0.0
45 42 35 0.0 0.0 0.0 0.0 9.0 0.0 0.0
45 42 36 0.0 0.0 0.0 7.0 312.0 6.0 0.0
45 42 37 0.0 1.0 2.0 148.0 1424.0 21.0 2.0
45 42 38 0.0 0.0 5.0 308.0 3952.0 84.0 32.0
45 42 39 0.0 0.0 7.0 614.0 7033.0 136.0 85.0
45 42 40 0.0 1.0 13.0 652.0 8605.0 155.0 133.0
45 42 41 0.0 5.0 12.0 647.0 7278.0 156.0 91.0
45 42 42 0.0 4.0 7.0 296.0 4525.0 91.0 29.0
45 42 43 0.0 0.0 3.0 100.0 1370.0 23.0 2.0
45 42 44 0.0 0.0 0.0 25.0 284.0 6.0 1.0
45 42 45 0.0 0.0 0.0 0.0 16.0 0.0 0.0
45 43 35 0.0 0.0 0.0 0.0 4.0 0.0 0.0
45 43 36 0.0 0.0 0.0 5.0 68.0 0.0 0.0
45 43 37 0.0 0.0 2.0 29.0 486.0 4.0 0.0
45 43 38 0.0 0.0 1.0 117.0 1665.0 35.0 6.0
45 43 39 0.0 1.0 10.0 242.0 2930.0 58.0 14.0
45 43 40 0.0 0.0 4.0 347.0 3584.0 58.0 17.0
45 43 41 0.0 0.0 2.0 253.0 2826.0 47.0 6.0
45 43 42 0.0 0.0 8.0 180.0 1520.0 27.0 2.0
45 43 43 0.0 2.0 4.0 37.0 519.0 8.0 0.0
45 43 44 0.0 0.0 0.0 0.0 81.0 0.0 0.0
45 43 45 0.0 0.0 0.0 0.0 1.0 0.0 0.0
45 44 36 0.0 0.0 0.0 0.0 9.0 0.0 0.0
45 44 37 0.0 0.0 0.0 4.0 71.0 1.0 0.0
45 44 38 0.0 0.0 0.0 29.0 254.0 2.0 0.0
45 44 39 0.0 0.0 0.0 22.0 470.0 10.0 0.0
45 44 40 0.0 0.0 3.0 65.0 632.0 11.0 2.0
45 44 41 0.0 0.0 1.0 30.0 543.0 6.0 0.0
45 44 42 0.0 0.0 1.0 25.0 301.0 3.0 0.0
45 44 43 0.0 0.0 0.0 0.0 64.0 0.0 0.0
45 44 44 0.0 0.0 0.0 0.0 9.0 0.0 0.0
45 45 37 0.0 0.0 0.0 0.0 3.0 0.0 0.0
45 45 38 0.0 0.0 0.0 0.0 18.0 0.0 0.0
45 45 39 0.0 0.0 0.0 0.0 22.0 0.0 0.0
45 45 40 0.0 0.0 0.0 1.0 31.0 0.0 0.0
45 45 41 0.0 0.0 0.0 1.0 27.0 0.0 0.0
45 45 42 0.0 0.0 0.0 3.0 13.0 0.0 0.0
45 45 43 0.0 0.0 0.0 0.0 13.0 0.0 0.0
45 45 44 0.0 0.0 0.0 0.0 2.0 0.0 0.0
46 36 39 0.0 0.0 0.0 0.0 1.0 0.0 0.0
46 36 40 0.0 0.0 0.0 0.0 2.0 0.0 0.0
46 36 41 0.0 0.0 0.0 0.0 1.0 0.0 0.0
46 36 42 0.0 0.0 0.0 0.0 1.0 0.0 0.0
46 37 38 0.0 0.0 0.0 5.0 5.0 0.0 0.0
46 37 39 0.0 0.0 0.0 2.0 15.0 1.0 0.0
46 37 40 0.0 0.0 0.0 1.0 22.0 0.0 0.0
46 37 41 0.0 0.0 0.0 4.0 5.0 0.0 0.0
46 37 42 0.0 0.0 0.0 0.0 5.0 0.0 0.0
46 37 43 0.0 0.0 0.0 0.0 1.0 0.0 0.0
46 38 36 0.0 0.0 0.0 0.0 1.0 0.0 0.0
46 38 37 0.0 0.0 0.0 0.0 7.0 0.0 0.0
46 38 38 0.0 0.0 0.0 1.0 17.0 0.0 0.0
46 38 39 0.0 0.0 0.0 3.0 50.0 2.0 0.0
46 38 40 0.0 0.0 0.0 4.0 49.0 1.0 0.0
46 38 41 0.0 0.0 0.0 5.0 106.0 4.0 0.0
46 38 42 0.0 0.0 0.0 6.0 22.0 0.0 0.0
46 38 43 0.0 0.0 0.0 0.0 4.0 0.0 0.0
46 39 37 0.0 0.0 0.0 0.0 12.0 0.0 0.0
46 39 38 0.0 0.0 0.0 6.0 39.0 1.0 0.0
46 39 39 0.0 0.0 0.0 13.0 97.0 1.0 0.0
46 39 40 0.0 0.0 1.0 4.0 110.0 2.0 0.0
46 39 41 0.0 0.0 1.0 14.0 119.0 4.0 0.0
46 39 42 0.0 0.0 0.0 6.0 53.0 0.0 0.0
46 39 43 0.0 0.0 0.0 0.0 10.0 0.0 0.0
46 39 44 0.0 0.0 0.0 0.0 1.0 0.0 0.0
46 40 36 0.0 0.0 0.0 0.0 2.0 0.0 0.0
46 40 37 0.0 0.0 0.0 1.0 17.0 0.0 0.0
46 40 38 0.0 0.0 0.0 21.0 50.0 2.0 0.0
46 40 39 0.0 0.0 0.0 12.0 120.0 2.0 0.0
46 40 40 0.0 0.0 0.0 13.0 210.0 2.0 0.0
46 40 41 0.0 0.0 0.0 19.0 129.0 2.0 0.0
46 40 42 0.0 0.0 0.0 7.0 64.0 2.0 0.0
46 40 43 0.0 0.0 0.0 1.0 16.0 0.0 0.0
46 40 44 0.0 0.0 0.0 0.0 2.0 0.0 0.0
46 41 36 0.0 0.0 0.0 0.0 1.0 0.0 0.0
46 41 37 0.0 0.0 0.0 0.0 17.0 0.0 0.0
46 41 38 0.0 0.0 0.0 0.0 46.0 1.0 0.0
46 41 39 0.0 0.0 0.0 5.0 99.0 0.0 0.0
46 41 40 0.0 0.0 1.0 11.0 114.0 1.0 0.0
46 41 41 0.0 0.0 0.0 21.0 102.0 2.0 0.0
46 41 42 0.0 0.0 0.0 7.0 52.0 0.0 0.0
46 41 43 0.0 0.0 0.0 3.0 18.0 1.0 0.0
46 41 44 0.0 0.0 0.0 0.0 5.0 0.0 0.0
46 42 36 0.0 0.0 0.0 0.0 4.0 0.0 0.0
46 42 37 0.0 0.0 0.0 0.0 3.0 0.0 0.0
46 42 38 0.0 0.0 0.0 1.0 18.0 0.0 0.0
46 42 39 0.0 0.0 0.0 5.0 54.0 0.0 0.0
46 42 40 0.0 0.0 0.0 12.0 72.0 0.0 0.0
46 42 41 0.0 0.0 0.0 3.0 50.0 2.0 0.0
46 42 42 0.0 0.0 0.0 0.0 30.0 2.0 0.0
46 42 43 0.0 0.0 0.0 1.0 8.0 0.0 0.0
46 42 44 0.0 0.0 0.0 0.0 2.0 0.0 0.0
46 43 37 0.0 0.0 0.0 0.0 1.0 0.0 0.0
46 43 38 0.0 0.0 0.0 3.0 5.0 0.0 0.0
46 43 39 0.0 0.0 0.0 0.0 12.0 0.0 0.0
46 43 40 0.0 0.0 0.0 0.0 14.0 1.0 0.0
46 43 41 0.0 0.0 0.0 2.0 8.0 0.0 0.0
46 43 42 0.0 0.0 0.0 3.0 2.0 0.0 0.0
46 43 43 0.0 0.0 0.0 0.0 2.0 0.0 0.0
46 44 37 0.0 0.0 0.0 0.0 3.0 1.0 0.0
46 44 40 0.0 0.0 0.0 0.0 1.0 0.0 0.0
47 40 41 0.0 0.0 0.0 0.0 1.0 0.0 0.0
