36 36 41 0.0 0.0 0.0 0.0 2.0 0.0 0.0
36 37 37 0.0 0.0 0.0 0.0 1.0 0.0 0.0
36 37 38 0.0 0.0 0.0 0.0 5.0 1.0 0.0
36 37 39 0.0 0.0 0.0 0.0 4.0 0.0 0.0
36 37 40 0.0 0.0 0.0 0.0 10.0 0.0 0.0
36 37 41 0.0 0.0 0.0 4.0 14.0 1.0 0.0
36 37 42 0.0 0.0 0.0 0.0 5.0 0.0 0.0
36 38 37 0.0 0.0 0.0 0.0 2.0 0.0 0.0
36 38 38 0.0 0.0 0.0 2.0 25.0 1.0 0.0
36 38 39 0.0 0.0 0.0 11.0 67.0 0.0 0.0
36 38 40 0.0 0.0 0.0 10.0 75.0 2.0 0.0
36 38 41 0.0 0.0 0.0 6.0 41.0 1.0 0.0
36 38 42 0.0 0.0 0.0 1.0 21.0 1.0 0.0
36 38 43 0.0 0.0 0.0 0.0 4.0 0.0 0.0
36 39 37 0.0 0.0 0.0 2.0 9.0 0.0 0.0
36 39 38 0.0 0.0 0.0 5.0 51.0 1.0 0.0
36 39 39 0.0 0.0 0.0 20.0 126.0 2.0 0.0
36 39 40 0.0 0.0 1.0 16.0 201.0 5.0 0.0
36 39 41 0.0 2.0 1.0 25.0 144.0 0.0 0.0
36 39 42 0.0 0.0 0.0 8.0 47.0 1.0 0.0
36 39 43 0.0 0.0 0.0 3.0 6.0 0.0 0.0
36 39 44 0.0 0.0 0.0 0.0 1.0 0.0 0.0
36 40 37 0.0 0.0 1.0 3.0 6.0 0.0 0.0
36 40 38 0.0 0.0 0.0 1.0 66.0 0.0 0.0
36 40 39 0.0 0.0 0.0 20.0 191.0 3.0 0.0
36 40 40 0.0 0.0 0.0 33.0 234.0 5.0 0.0
36 40 41 0.0 0.0 1.0 26.0 155.0 1.0 0.0
36 40 42 0.0 0.0 0.0 6.0 68.0 0.0 0.0
36 40 43 0.0 0.0 0.0 1.0 7.0 0.0 0.0
36 41 37 0.0 0.0 0.0 1.0 5.0 0.0 0.0
36 41 38 0.0 0.0 0.0 10.0 33.0 0.0 0.0
36 41 39 0.0 0.0 0.0 11.0 190.0 4.0 0.0
36 41 40 0.0 0.0 3.0 15.0 176.0 4.0 0.0
36 41 41 0.0 0.0 0.0 11.0 144.0 1.0 0.0
36 41 42 0.0 0.0 1.0 5.0 40.0 0.0 0.0
36 41 43 0.0 0.0 0.0 2.0 7.0 0.0 0.0
36 42 37 0.0 0.0 0.0 3.0 1.0 0.0 0.0
36 42 38 0.0 0.0 0.0 5.0 26.0 1.0 0.0
36 42 39 0.0 0.0 0.0 5.0 56.0 3.0 0.0
36 42 40 0.0 0.0 0.0 5.0 100.0 1.0 0.0
36 42 41 0.0 0.0 0.0 9.0 79.0 1.0 0.0
36 42 42 0.0 0.0 0.0 2.0 19.0 0.0 0.0
36 42 43 0.0 0.0 0.0 0.0 3.0 0.0 0.0
36 43 38 0.0 0.0 0.0 1.0 0.0 0.0 0.0
36 43 39 0.0 0.0 0.0 0.0 13.0 0.0 0.0
36 43 40 0.0 0.0 0.0 4.0 19.0 0.0 0.0
36 43 41 0.0 0.0 0.0 4.0 8.0 1.0 0.0
36 43 42 0.0 0.0 0.0 0.0 3.0 0.0 0.0
36 44 41 0.0 0.0 0.0 0.0 2.0 0.0 0.0
37 36 37 0.0 0.0 0.0 0.0 2.0 0.0 0.0
37 36 38 0.0 0.0 0.0 3.0 2.0 0.0 0.0
37 36 39 0.0 0.0 0.0 1.0 10.0 0.0 0.0
37 36 40 0.0 0.0 0.0 1.0 7.0 0.0 0.0
37 36 41 0.0 0.0 0.0 1.0 12.0 0.0 0.0
37 36 42 0.0 0.0 0.0 2.0 3.0 0.0 0.0
37 36 43 0.0 0.0 0.0 0.0 4.0 0.0 0.0
37 37 37 0.0 0.0 0.0 7.0 119.0 4.0 0.0
37 37 38 0.0 0.0 0.0 62.0 662.0 12.0 1.0
37 37 39 0.0 0.0 5.0 128.0 1437.0 34.0 4.0
37 37 40 0.0 3.0 2.0 181.0 1783.0 38.0 2.0
37 37 41 0.0 0.0 2.0 111.0 1267.0 18.0 3.0
37 37 42 0.0 0.0 3.0 71.0 592.0 8.0 0.0
37 37 43 0.0 0.0 0.0 20.0 146.0 1.0 0.0
37 38 36 0.0 0.0 1.0 0.0 7.0 0.0 0.0
37 38 37 0.0 0.0 7.0 82.0 645.0 14.0 0.0
37 38 38 0.0 4.0 19.0 305.0 2997.0 42.0 21.0
37 38 39 0.0 5.0 20.0 713.0 6376.0 108.0 74.0
37 38 40 0.0 4.0 16.0 826.0 7360.0 145.0 120.0
37 38 41 0.0 8.0 34.0 627.0 6139.0 116.0 81.0
37 38 42 0.0 0.0 5.0 250.0 2306.0 33.0 4.0
37 38 43 0.0 1.0 1.0 64.0 616.0 10.0 0.0
37 38 44 0.0 0.0 0.0 1.0 4.0 0.0 0.0
37 39 36 0.0 0.0 0.0 0.0 11.0 0.0 0.0
37 39 37 0.0 1.0 7.0 166.0 1420.0 27.0 3.0
37 39 38 0.0 4.0 18.0 643.0 5722.0 111.0 64.0
37 39 39 0.0 16.0 64.0 1521.0 12303.0 216.0 350.0
37 39 40 0.0 23.0 96.0 1929.0 15902.0 279.0 620.0
37 39 41 0.0 13.0 106.0 1248.0 12901.0 241.0 372.0
37 39 42 0.0 7.0 28.0 659.0 6190.0 111.0 93.0
37 39 43 0.0 0.0 5.0 107.0 1258.0 24.0 4.0
37 39 44 0.0 0.0 0.0 1.0 5.0 0.0 0.0
37 40 36 0.0 0.0 0.0 0.0 11.0 0.0 0.0
37 40 37 0.0 8.0 11.0 217.0 1583.0 26.0 4.0
37 40 38 0.0 25.0 47.0 960.0 7712.0 114.0 134.0
37 40 39 0.0 37.0 73.0 1931.0 15206.0 271.0 618.0
37 40 40 0.0 49.0 77.0 2325.0 18559.0 337.0 885.0
37 40 41 0.0 19.0 86.0 1778.0 15317.0 232.0 544.0
37 40 42 0.0 18.0 32.0 907.0 7591.0 136.0 134.0
37 40 43 0.0 1.0 5.0 173.0 1732.0 42.0 4.0
37 40 44 0.0 0.0 1.0 0.0 8.0 0.0 0.0
37 41 36 0.0 0.0 0.0 6.0 13.0 0.0 0.0
37 41 37 0.0 6.0 9.0 206.0 1188.0 28.0 4.0
37 41 38 0.0 15.0 20.0 808.0 5452.0 97.0 53.0
37 41 39 0.0 20.0 72.0 1509.0 11664.0 200.0 332.0
37 41 40 0.0 30.0 95.0 1771.0 15573.0 275.0 579.0
37 41 41 0.0 17.0 112.0 1667.0 13002.0 223.0 371.0
37 41 42 0.0 11.0 52.0 654.0 5843.0 105.0 75.0
37 41 43 0.0 0.0 5.0 136.0 1281.0 19.0 2.0
37 41 44 0.0 0.0 0.0 1.0 9.0 0.0 0.0
37 42 36 0.0 0.0 0.0 0.0 4.0 0.0 0.0
37 42 37 0.0 4.0 1.0 87.0 436.0 10.0 0.0
37 42 38 0.0 3.0 10.0 274.0 2349.0 61.0 11.0
37 42 39 0.0 7.0 53.0 665.0 5847.0 112.0 78.0
37 42 40 0.0 4.0 31.0 1012.0 7363.0 143.0 108.0
37 42 41 0.0 5.0 24.0 860.0 5830.0 100.0 74.0
37 42 42 0.0 5.0 7.0 353.0 2618.0 43.0 14.0
37 42 43 0.0 0.0 4.0 51.0 491.0 14.0 1.0
37 43 37 0.0 0.0 0.0 9.0 88.0 2.0 0.0
37 43 38 0.0 4.0 1.0 72.0 499.0 3.0 0.0
37 43 39 0.0 1.0 4.0 111.0 1111.0 22.0 2.0
37 43 40 0.0 0.0 16.0 155.0 1559.0 27.0 2.0
37 43 41 0.0 1.0 17.0 162.0 1311.0 28.0 5.0
37 43 42 0.0 0.0 1.0 71.0 688.0 12.0 1.0
37 43 43 0.0 0.0 4.0 11.0 93.0 3.0 0.0
37 43 44 0.0 0.0 0.0 0.0 1.0 0.0 0.0
37 44 38 0.0 0.0 0.0 0.0 4.0 0.0 0.0
37 44 39 0.0 0.0 0.0 2.0 4.0 0.0 0.0
37 44 40 0.0 0.0 0.0 0.0 15.0 0.0 0.0
37 44 41 0.0 0.0 0.0 0.0 7.0 0.0 0.0
37 44 42 0.0 0.0 0.0 0.0 2.0 0.0 0.0
38 36 37 0.0 0.0 0.0 0.0 4.0 0.0 0.0
38 36 38 0.0 0.0 0.0 4.0 19.0 0.0 0.0
38 36 39 0.0 0.0 0.0 16.0 68.0 3.0 0.0
38 36 40 0.0 0.0 1.0 17.0 93.0 2.0 0.0
38 36 41 0.0 0.0 0.0 7.0 49.0 0.0 0.0
38 36 42 0.0 0.0 0.0 4.0 22.0 0.0 0.0
38 36 43 0.0 0.0 0.0 0.0 3.0 0.0 0.0
38 37 36 0.0 0.0 0.0 1.0 4.0 0.0 0.0
38 37 37 0.0 0.0 5.0 66.0 684.0 12.0 2.0
38 37 38 0.0 16.0 27.0 481.0 3249.0 56.0 26.0
38 37 39 0.0 13.0 35.0 1118.0 7152.0 138.0 130.0
38 37 40 0.0 24.0 52.0 1381.0 8400.0 159.0 183.0
38 37 41 0.0 1.0 32.0 845.0 6552.0 106.0 116.0
38 37 42 0.0 2.0 12.0 322.0 2733.0 53.0 9.0
38 37 43 0.0 0.0 0.0 36.0 492.0 9.0 1.0
38 37 44 0.0 0.0 0.0 2.0 7.0 1.0 0.0
38 38 36 0.0 0.0 0.0 1.0 24.0 1.0 0.0
38 38 37 0.0 0.0 18.0 227.0 3022.0 52.0 19.0
38 38 38 0.0 18.0 149.0 2356.0 26528.0 447.0 2553.0
38 38 39 0.0 21.0 135.0 4410.0 39724.0 569.0 8482.0
38 38 40 0.0 33.0 234.0 3814.0 44338.0 584.0 11967.0
38 38 41 0.0 41.0 174.0 3814.0 39252.0 576.0 7906.0
38 38 42 0.0 7.0 61.0 2281.0 24337.0 389.0 2068.0
38 38 43 0.0 1.0 9.0 333.0 2757.0 55.0 21.0
38 38 44 0.0 0.0 0.0 1.0 34.0 0.0 0.0
38 39 36 0.0 0.0 0.0 5.0 45.0 0.0 0.0
38 39 37 0.0 24.0 34.0 751.0 6326.0 109.0 88.0
38 39 38 0.0 44.0 190.0 5011.0 38985.0 558.0 8228.0
38 39 39 0.0 105.0 291.0 6632.0 47257.0 583.0 21224.0
38 39 40 0.0 43.0 348.0 5724.0 49466.0 583.0 27917.0
38 39 41 0.0 60.0 317.0 4992.0 48971.0 596.0 20017.0
38 39 42 1.0 60.0 219.0 4543.0 38090.0 541.0 7311.0
38 39 43 0.0 5.0 25.0 605.0 6293.0 116.0 88.0
38 39 44 0.0 0.0 0.0 5.0 64.0 0.0 0.0
38 40 36 0.0 0.0 0.0 18.0 64.0 1.0 0.0
38 40 37 0.0 11.0 22.0 779.0 7008.0 105.0 95.0
38 40 38 0.0 82.0 236.0 5940.0 40925.0 570.0 10867.0
38 40 39 0.0 80.0 317.0 6106.0 48887.0 579.0 27876.0
38 40 40 0.0 68.0 307.0 6361.0 48651.0 528.0 36182.0
38 40 41 0.0 72.0 341.0 5000.0 50071.0 560.0 27947.0
38 40 42 0.0 37.0 310.0 4075.0 43263.0 597.0 11127.0
38 40 43 0.0 1.0 54.0 676.0 7360.0 123.0 121.0
38 40 44 0.0 0.0 0.0 11.0 72.0 2.0 0.0
38 41 36 0.0 0.0 6.0 4.0 59.0 1.0 0.0
38 41 37 0.0 3.0 52.0 730.0 5734.0 88.0 70.0
38 41 38 0.0 101.0 237.0 5372.0 36128.0 562.0 6923.0
38 41 39 0.0 86.0 224.0 5897.0 48049.0 592.0 19700.0
38 41 40 0.0 54.0 346.0 5913.0 49113.0 555.0 28554.0
38 41 41 0.0 211.0 334.0 8067.0 46076.0 574.0 21528.0
38 41 42 0.0 42.0 268.0 3621.0 37716.0 543.0 6885.0
38 41 43 0.0 6.0 42.0 703.0 6071.0 108.0 64.0
38 41 44 0.0 0.0 1.0 9.0 49.0 0.0 0.0
38 42 36 0.0 0.0 0.0 7.0 19.0 0.0 0.0
38 42 37 0.0 2.0 8.0 309.0 2539.0 48.0 13.0
38 42 38 0.0 14.0 134.0 2341.0 22389.0 363.0 1777.0
38 42 39 0.0 59.0 291.0 4082.0 37916.0 523.0 7129.0
38 42 40 0.0 74.0 309.0 4220.0 43230.0 570.0 10743.0
38 42 41 0.0 36.0 227.0 4142.0 38919.0 593.0 7879.0
38 42 42 0.0 24.0 176.0 2232.0 25411.0 400.0 2381.0
38 42 43 0.0 1.0 22.0 308.0 2671.0 45.0 16.0
38 42 44 0.0 0.0 0.0 7.0 30.0 0.0 0.0
38 43 36 0.0 0.0 0.0 0.0 3.0 0.0 0.0
38 43 37 0.0 1.0 2.0 30.0 505.0 12.0 0.0
38 43 38 0.0 1.0 7.0 305.0 2415.0 57.0 9.0
38 43 39 0.0 20.0 16.0 772.0 5566.0 92.0 61.0
38 43 40 0.0 10.0 42.0 791.0 7179.0 140.0 115.0
38 43 41 0.0 20.0 23.0 706.0 5883.0 111.0 76.0
38 43 42 0.0 4.0 16.0 285.0 2831.0 53.0 17.0
38 43 43 0.0 1.0 4.0 87.0 626.0 10.0 0.0
38 43 44 0.0 0.0 0.0 0.0 7.0 0.0 0.0
38 44 37 0.0 0.0 0.0 0.0 3.0 0.0 0.0
38 44 38 0.0 0.0 0.0 1.0 13.0 0.0 0.0
38 44 39 0.0 0.0 0.0 3.0 64.0 2.0 0.0
38 44 40 0.0 0.0 1.0 7.0 59.0 1.0 0.0
38 44 41 0.0 0.0 0.0 2.0 48.0 0.0 0.0
38 44 42 0.0 0.0 0.0 6.0 31.0 2.0 0.0
38 44 43 0.0 0.0 0.0 0.0 1.0 0.0 0.0
39 36 36 0.0 0.0 0.0 0.0 1.0 0.0 0.0
39 36 37 0.0 0.0 0.0 0.0 11.0 0.0 0.0
39 36 38 0.0 0.0 0.0 20.0 79.0 4.0 0.0
39 36 39 0.0 0.0 1.0 26.0 192.0 2.0 0.0
39 36 40 0.0 0.0 4.0 29.0 240.0 1.0 0.0
39 36 41 0.0 0.0 0.0 28.0 133.0 2.0 0.0
39 36 42 0.0 0.0 0.0 5.0 48.0 1.0 0.0
39 36 43 0.0 0.0 0.0 0.0 5.0 0.0 0.0
39 37 36 0.0 0.0 0.0 1.0 19.0 0.0 0.0
39 37 37 0.0 0.0 3.0 117.0 1435.0 25.0 4.0
39 37 38 0.0 19.0 35.0 1002.0 7119.0 162.0 122.0
39 37 39 0.0 5.0 51.0 2104.0 13544.0 232.0 488.0
39 37 40 0.0 33.0 99.0 2575.0 16302.0 288.0 723.0
39 37 41 0.0 15.0 42.0 2033.0 12922.0 247.0 403.0
39 37 42 0.0 6.0 30.0 906.0 5696.0 102.0 78.0
39 37 43 0.0 0.0 8.0 126.0 1416.0 30.0 4.0
39 37 44 0.0 0.0 0.0 0.0 8.0 0.0 0.0
39 38 36 0.0 0.0 0.0 2.0 73.0 1.0 0.0
39 38 37 0.0 4.0 19.0 615.0 6520.0 126.0 100.0
39 38 38 0.0 57.0 143.0 3499.0 40052.0 564.0 8035.0
39 38 39 0.0 143.0 291.0 8414.0 45350.0 565.0 25183.0
39 38 40 0.0 62.0 249.0 7716.0 47164.0 543.0 30709.0
39 38 41 0.0 118.0 251.0 7626.0 46284.0 582.0 22011.0
39 38 42 0.0 20.0 150.0 4166.0 37596.0 547.0 6797.0
39 38 43 0.0 5.0 50.0 756.0 6499.0 123.0 86.0
39 38 44 0.0 0.0 0.0 4.0 42.0 1.0 0.0
39 39 36 0.0 0.0 0.0 7.0 151.0 1.0 0.0
39 39 37 0.0 30.0 42.0 1283.0 13012.0 232.0 410.0
39 39 38 0.0 60.0 282.0 5297.0 48883.0 600.0 22079.0
39 39 39 0.0 66.0 234.0 4008.0 32283.0 253.0 76575.0
39 39 40 0.0 55.0 255.0 4075.0 32390.0 229.0 80859.0
39 39 41 0.0 46.0 223.0 3849.0 33583.0 290.0 74648.0
39 39 42 0.0 54.0 252.0 5310.0 49003.0 596.0 21251.0
39 39 43 0.0 10.0 102.0 1314.0 12142.0 210.0 328.0
39 39 44 0.0 0.0 0.0 20.0 152.0 2.0 0.0
39 40 36 0.0 0.0 4.0 11.0 220.0 4.0 0.0
39 40 37 0.0 13.0 77.0 1627.0 15145.0 227.0 538.0
39 40 38 0.0 84.0 239.0 5818.0 49255.0 536.0 28134.0
39 40 39 0.0 81.0 232.0 4947.0 32627.0 268.0 79349.0
39 40 40 0.0 62.0 215.0 4122.0 29974.0 224.0 90433.0
39 40 41 0.0 54.0 274.0 4119.0 33702.0 260.0 78226.0
39 40 42 0.0 82.0 374.0 5518.0 49659.0 577.0 27497.0
39 40 43 0.0 1.0 82.0 1758.0 15086.0 267.0 545.0
39 40 44 0.0 0.0 0.0 17.0 185.0 5.0 0.0
39 41 36 0.0 0.0 0.0 20.0 120.0 2.0 0.0
39 41 37 0.0 6.0 64.0 1421.0 12364.0 200.0 368.0
39 41 38 0.0 41.0 303.0 5575.0 48337.0 636.0 19951.0
39 41 39 0.0 54.0 267.0 4147.0 35124.0 296.0 71523.0
39 41 40 0.0 56.0 301.0 3752.0 33381.0 288.0 80088.0
39 41 41 0.0 57.0 329.0 3810.0 34239.0 286.0 73576.0
39 41 42 0.0 50.0 289.0 5884.0 47933.0 545.0 20531.0
39 41 43 0.0 11.0 84.0 1461.0 12402.0 249.0 352.0
39 41 44 0.0 0.0 1.0 9.0 123.0 2.0 0.0
39 42 36 0.0 0.0 0.0 3.0 71.0 0.0 0.0
39 42 37 0.0 4.0 33.0 671.0 5220.0 112.0 62.0
39 42 38 0.0 40.0 156.0 4335.0 37917.0 570.0 7278.0
39 42 39 0.0 89.0 336.0 5690.0 48117.0 585.0 19940.0
39 42 40 0.0 52.0 397.0 5487.0 49585.0 564.0 27409.0
39 42 41 0.0 103.0 379.0 5602.0 48397.0 595.0 21105.0
39 42 42 0.0 30.0 436.0 4374.0 40274.0 568.0 8810.0
39 42 43 0.0 0.0 42.0 548.0 6091.0 109.0 62.0
39 42 44 0.0 0.0 2.0 11.0 51.0 0.0 0.0
39 43 36 0.0 0.0 0.0 3.0 9.0 1.0 0.0
39 43 37 0.0 0.0 2.0 114.0 1141.0 22.0 3.0
39 43 38 0.0 4.0 19.0 601.0 5297.0 74.0 61.0
39 43 39 0.0 15.0 80.0 1445.0 12108.0 215.0 374.0
39 43 40 0.0 13.0 96.0 1735.0 15282.0 296.0 592.0
39 43 41 0.0 9.0 99.0 1447.0 12688.0 224.0 353.0
39 43 42 0.0 8.0 51.0 697.0 6247.0 107.0 72.0
39 43 43 0.0 1.0 7.0 145.0 1493.0 26.0 3.0
39 43 44 0.0 0.0 0.0 0.0 9.0 0.0 0.0
39 44 37 0.0 0.0 0.0 0.0 10.0 0.0 0.0
39 44 38 0.0 0.0 0.0 8.0 40.0 2.0 0.0
39 44 39 0.0 0.0 0.0 9.0 133.0 3.0 0.0
39 44 40 0.0 0.0 1.0 21.0 184.0 4.0 0.0
39 44 41 0.0 0.0 0.0 16.0 145.0 3.0 0.0
39 44 42 0.0 0.0 0.0 2.0 54.0 0.0 0.0
39 44 43 0.0 0.0 0.0 0.0 4.0 0.0 0.0
39 44 44 0.0 0.0 0.0 0.0 1.0 0.0 0.0
40 36 37 0.0 0.0 0.0 3.0 16.0 0.0 0.0
40 36 38 0.0 0.0 0.0 25.0 110.0 3.0 0.0
40 36 39 0.0 1.0 1.0 29.0 205.0 4.0 0.0
40 36 40 0.0 0.0 0.0 41.0 239.0 4.0 0.0
40 36 41 0.0 0.0 0.0 27.0 186.0 4.0 0.0
40 36 42 0.0 0.0 0.0 10.0 75.0 1.0 0.0
40 36 43 0.0 0.0 0.0 2.0 22.0 0.0 0.0
40 36 44 0.0 0.0 0.0 2.0 0.0 0.0 0.0
40 37 36 0.0 0.0 1.0 0.0 14.0 0.0 0.0
40 37 37 0.0 3.0 7.0 187.0 1901.0 34.0 3.0
40 37 38 0.0 15.0 39.0 1731.0 8637.0 165.0 177.0
40 37 39 0.0 21.0 46.0 2704.0 16363.0 331.0 729.0
40 37 40 0.0 11.0 106.0 3419.0 20106.0 360.0 1156.0
40 37 41 0.0 33.0 97.0 2777.0 15323.0 259.0 653.0
40 37 42 0.0 6.0 44.0 1088.0 7697.0 154.0 153.0
40 37 43 0.0 6.0 15.0 128.0 1520.0 21.0 4.0
40 37 44 0.0 0.0 0.0 1.0 10.0 0.0 0.0
40 38 36 0.0 0.0 1.0 3.0 84.0 0.0 0.0
40 38 37 0.0 13.0 44.0 976.0 8345.0 139.0 151.0
40 38 38 0.0 50.0 196.0 4476.0 43954.0 555.0 12567.0
40 38 39 0.0 61.0 273.0 7593.0 47053.0 559.0 29071.0
40 38 40 0.0 62.0 291.0 8027.0 46037.0 525.0 38408.0
40 38 41 0.0 86.0 280.0 8359.0 46751.0 545.0 28530.0
40 38 42 0.0 38.0 357.0 4573.0 43585.0 613.0 11711.0
40 38 43 0.0 3.0 33.0 940.0 7594.0 141.0 134.0
40 38 44 0.0 0.0 3.0 10.0 96.0 2.0 0.0
40 39 36 0.0 0.0 1.0 18.0 201.0 4.0 0.0
40 39 37 0.0 5.0 99.0 1427.0 16719.0 274.0 673.0
40 39 38 0.0 34.0 265.0 5139.0 49759.0 571.0 28489.0
40 39 39 0.0 54.0 223.0 3892.0 32377.0 265.0 81829.0
40 39 40 0.0 102.0 202.0 5452.0 26666.0 191.0 95023.0
40 39 41 0.0 37.0 263.0 4501.0 33407.0 287.0 79114.0
40 39 42 0.0 38.0 294.0 6434.0 48773.0 543.0 27835.0
40 39 43 0.0 14.0 79.0 1704.0 15920.0 291.0 590.0
40 39 44 0.0 0.0 0.0 18.0 215.0 1.0 0.0
40 40 36 0.0 0.0 3.0 23.0 283.0 5.0 0.0
40 40 37 0.0 13.0 81.0 2039.0 18964.0 284.0 989.0
40 40 38 0.0 64.0 304.0 5411.0 49319.0 514.0 36414.0
40 40 39 0.0 43.0 235.0 3777.0 30547.0 222.0 90016.0
40 40 40 0.0 29.0 155.0 2258.0 18694.0 97.0 128486.0
40 40 41 0.0 51.0 275.0 4064.0 30083.0 229.0 91114.0
40 40 42 0.0 51.0 380.0 5496.0 49309.0 527.0 36421.0
40 40 43 0.0 16.0 139.0 2259.0 18747.0 309.0 953.0
40 40 44 0.0 3.0 2.0 38.0 241.0 5.0 0.0
40 41 36 0.0 0.0 0.0 18.0 205.0 6.0 0.0
40 41 37 0.0 16.0 70.0 1562.0 16402.0 276.0 664.0
40 41 38 0.0 65.0 285.0 5739.0 49071.0 564.0 27413.0
40 41 39 0.0 47.0 291.0 3584.0 33637.0 265.0 80196.0
40 41 40 0.0 37.0 255.0 3661.0 30663.0 223.0 90314.0
40 41 41 0.0 47.0 314.0 4002.0 32849.0 287.0 81116.0
40 41 42 0.0 48.0 361.0 5260.0 50158.0 565.0 27707.0
40 41 43 0.0 47.0 150.0 2263.0 16296.0 272.0 732.0
40 41 44 0.0 1.0 1.0 21.0 164.0 4.0 0.0
40 42 36 0.0 0.0 0.0 8.0 76.0 2.0 0.0
40 42 37 0.0 1.0 54.0 771.0 7408.0 122.0 111.0
40 42 38 0.0 26.0 284.0 3487.0 43391.0 570.0 10989.0
40 42 39 0.0 43.0 322.0 6004.0 49361.0 569.0 27021.0
40 42 40 0.0 66.0 416.0 5882.0 49483.0 568.0 35186.0
40 42 41 0.0 53.0 367.0 5553.0 50013.0 621.0 27528.0
40 42 42 0.0 61.0 339.0 4647.0 43465.0 576.0 11997.0
40 42 43 0.0 8.0 85.0 858.0 7911.0 153.0 141.0
40 42 44 0.0 0.0 2.0 6.0 78.0 1.0 0.0
40 43 36 0.0 0.0 0.0 0.0 11.0 1.0 0.0
40 43 37 0.0 1.0 4.0 152.0 1609.0 34.0 4.0
40 43 38 0.0 6.0 38.0 737.0 6920.0 106.0 119.0
40 43 39 0.0 27.0 82.0 1812.0 15422.0 270.0 603.0
40 43 40 0.0 23.0 154.0 2098.0 18399.0 320.0 910.0
40 43 41 0.0 19.0 69.0 1745.0 15576.0 258.0 619.0
40 43 42 0.0 18.0 47.0 844.0 8073.0 161.0 135.0
40 43 43 0.0 0.0 33.0 163.0 1791.0 36.0 3.0
40 43 44 0.0 0.0 1.0 0.0 22.0 0.0 0.0
40 44 37 0.0 0.0 0.0 5.0 3.0 1.0 0.0
40 44 38 0.0 0.0 0.0 9.0 62.0 3.0 0.0
40 44 39 0.0 0.0 0.0 20.0 156.0 2.0 0.0
40 44 40 0.0 0.0 1.0 23.0 250.0 3.0 0.0
40 44 41 0.0 0.0 0.0 18.0 199.0 3.0 1.0
40 44 42 0.0 0.0 0.0 12.0 62.0 0.0 0.0
40 44 43 0.0 0.0 0.0 2.0 16.0 2.0 0.0
41 36 36 0.0 0.0 0.0 0.0 1.0 0.0 0.0
41 36 37 0.0 0.0 0.0 1.0 10.0 0.0 0.0
41 36 38 0.0 0.0 0.0 11.0 60.0 1.0 0.0
41 36 39 0.0 0.0 2.0 30.0 129.0 2.0 0.0
41 36 40 0.0 0.0 2.0 37.0 218.0 3.0 0.0
41 36 41 0.0 0.0 0.0 39.0 159.0 3.0 0.0
41 36 42 0.0 0.0 0.0 10.0 65.0 1.0 0.0
41 36 43 0.0 0.0 0.0 0.0 7.0 0.0 0.0
41 37 36 0.0 0.0 0.0 3.0 13.0 1.0 0.0
41 37 37 0.0 3.0 2.0 203.0 1388.0 30.0 5.0
41 37 38 0.0 6.0 35.0 823.0 6451.0 115.0 102.0
41 37 39 0.0 14.0 47.0 2046.0 12984.0 258.0 453.0
41 37 40 0.0 64.0 49.0 2873.0 14978.0 254.0 621.0
41 37 41 0.0 29.0 66.0 2336.0 12495.0 247.0 398.0
41 37 42 0.0 32.0 33.0 1035.0 5453.0 100.0 79.0
41 37 43 0.0 0.0 5.0 111.0 1333.0 26.0 3.0
41 37 44 0.0 0.0 0.0 0.0 13.0 0.0 0.0
41 38 36 0.0 0.0 0.0 6.0 66.0 1.0 0.0
41 38 37 0.0 3.0 24.0 620.0 6352.0 118.0 66.0
41 38 38 0.0 16.0 139.0 3715.0 38598.0 558.0 7398.0
41 38 39 0.0 128.0 194.0 8681.0 45635.0 586.0 22021.0
41 38 40 0.0 96.0 232.0 8864.0 46313.0 572.0 28529.0
41 38 41 0.0 191.0 252.0 10175.0 43562.0 577.0 22325.0
41 38 42 0.0 48.0 246.0 4272.0 38846.0 533.0 7374.0
41 38 43 0.0 5.0 57.0 613.0 5964.0 116.0 71.0
41 38 44 0.0 0.0 0.0 5.0 43.0 0.0 0.0
41 39 36 0.0 0.0 0.0 10.0 158.0 2.0 0.0
41 39 37 0.0 10.0 73.0 1157.0 14075.0 229.0 417.0
41 39 38 0.0 36.0 301.0 4912.0 49298.0 593.0 22200.0
41 39 39 0.0 52.0 217.0 4159.0 33913.0 331.0 73399.0
41 39 40 0.0 60.0 221.0 4644.0 33519.0 277.0 78675.0
41 39 41 0.0 49.0 267.0 4413.0 33089.0 263.0 73988.0
41 39 42 0.0 79.0 279.0 5571.0 48562.0 595.0 21381.0
41 39 43 0.0 4.0 66.0 1521.0 12763.0 228.0 381.0
41 39 44 0.0 0.0 2.0 22.0 166.0 5.0 0.0
41 40 36 0.0 2.0 0.0 28.0 162.0 3.0 0.0
41 40 37 0.0 18.0 94.0 1644.0 15661.0 266.0 583.0
41 40 38 0.0 35.0 314.0 4380.0 50328.0 575.0 28853.0
41 40 39 0.0 28.0 282.0 3111.0 32924.0 268.0 82398.0
41 40 40 0.0 54.0 267.0 3663.0 30626.0 226.0 90630.0
41 40 41 0.0 57.0 274.0 4145.0 33253.0 282.0 80286.0
41 40 42 0.0 50.0 360.0 5868.0 48769.0 572.0 27495.0
41 40 43 0.0 14.0 80.0 1788.0 15785.0 245.0 599.0
41 40 44 0.0 0.0 3.0 30.0 188.0 5.0 0.0
41 41 36 0.0 0.0 0.0 11.0 128.0 1.0 0.0
41 41 37 0.0 15.0 113.0 1329.0 12955.0 221.0 398.0
41 41 38 0.0 42.0 302.0 4508.0 49480.0 601.0 20853.0
41 41 39 0.0 33.0 262.0 3551.0 35563.0 332.0 72012.0
41 41 40 0.0 33.0 303.0 4070.0 33659.0 270.0 79305.0
41 41 41 0.0 36.0 324.0 3381.0 33522.0 288.0 75464.0
41 41 42 0.0 47.0 510.0 5450.0 48683.0 569.0 21141.0
41 41 43 0.0 14.0 73.0 1387.0 12897.0 212.0 347.0
41 41 44 0.0 0.0 1.0 16.0 153.0 2.0 0.0
41 42 36 0.0 0.0 0.0 6.0 64.0 1.0 0.0
41 42 37 0.0 0.0 43.0 518.0 6228.0 106.0 69.0
41 42 38 0.0 76.0 187.0 4266.0 38544.0 549.0 7602.0
41 42 39 0.0 42.0 362.0 5119.0 49126.0 624.0 20357.0
41 42 40 0.0 36.0 357.0 5040.0 50464.0 592.0 28436.0
41 42 41 0.0 84.0 334.0 5985.0 47973.0 574.0 21453.0
41 42 42 0.0 11.0 365.0 3950.0 39619.0 545.0 7844.0
41 42 43 0.0 11.0 32.0 741.0 6173.0 126.0 88.0
41 42 44 0.0 0.0 0.0 1.0 47.0 2.0 0.0
41 43 37 0.0 8.0 3.0 122.0 1248.0 28.0 2.0
41 43 38 0.0 14.0 48.0 740.0 6129.0 110.0 60.0
41 43 39 0.0 20.0 80.0 1273.0 12490.0 221.0 367.0
41 43 40 0.0 18.0 112.0 1655.0 15408.0 248.0 546.0
41 43 41 0.0 6.0 138.0 1347.0 13102.0 235.0 364.0
41 43 42 0.0 0.0 31.0 635.0 5875.0 92.0 72.0
41 43 43 0.0 0.0 9.0 134.0 1482.0 29.0 2.0
41 43 44 0.0 0.0 0.0 13.0 12.0 0.0 0.0
41 44 37 0.0 0.0 0.0 0.0 7.0 0.0 0.0
41 44 38 0.0 0.0 0.0 10.0 59.0 1.0 0.0
41 44 39 0.0 0.0 0.0 17.0 121.0 0.0 0.0
41 44 40 0.0 0.0 1.0 16.0 196.0 3.0 0.0
41 44 41 0.0 0.0 0.0 19.0 128.0 3.0 0.0
41 44 42 0.0 0.0 0.0 10.0 70.0 0.0 0.0
41 44 43 0.0 0.0 0.0 0.0 32.0 1.0 0.0
42 36 36 0.0 0.0 0.0 2.0 0.0 0.0 0.0
42 36 37 0.0 0.0 0.0 1.0 5.0 0.0 0.0
42 36 38 0.0 0.0 0.0 0.0 25.0 0.0 0.0
42 36 39 0.0 0.0 0.0 18.0 67.0 2.0 0.0
42 36 40 0.0 0.0 0.0 8.0 96.0 5.0 0.0
42 36 41 0.0 0.0 2.0 9.0 66.0 1.0 0.0
42 36 42 0.0 0.0 0.0 3.0 28.0 0.0 0.0
42 37 36 0.0 0.0 0.0 0.0 6.0 0.0 0.0
42 37 37 0.0 0.0 2.0 45.0 607.0 11.0 0.0
42 37 38 0.0 4.0 6.0 388.0 2478.0 40.0 10.0
42 37 39 0.0 18.0 30.0 939.0 5874.0 118.0 62.0
42 37 40 0.0 23.0 18.0 1554.0 7278.0 165.0 116.0
42 37 41 0.0 8.0 45.0 1138.0 5781.0 107.0 85.0
42 37 42 0.0 5.0 51.0 478.0 2760.0 66.0 14.0
42 37 43 0.0 0.0 4.0 53.0 632.0 20.0 0.0
42 38 36 0.0 0.0 0.0 2.0 27.0 1.0 0.0
42 38 37 0.0 1.0 15.0 251.0 3098.0 50.0 12.0
42 38 38 0.0 94.0 97.0 3104.0 24215.0 412.0 2234.0
42 38 39 0.0 90.0 182.0 5195.0 36092.0 600.0 6242.0
42 38 40 0.0 45.0 228.0 5546.0 40907.0 603.0 9990.0
42 38 41 0.0 50.0 178.0 5103.0 37214.0 514.0 7290.0
42 38 42 0.0 5.0 165.0 2552.0 23893.0 405.0 2078.0
42 38 43 0.0 6.0 21.0 320.0 2956.0 48.0 15.0
42 38 44 0.0 0.0 0.0 4.0 24.0 2.0 0.0
42 39 36 0.0 0.0 1.0 2.0 50.0 0.0 0.0
42 39 37 0.0 2.0 29.0 591.0 6288.0 120.0 90.0
42 39 38 0.0 73.0 180.0 3665.0 40031.0 597.0 8212.0
42 39 39 0.0 43.0 290.0 4908.0 48642.0 589.0 21300.0
42 39 40 0.0 56.0 382.0 5251.0 49922.0 624.0 27691.0
42 39 41 0.0 94.0 401.0 6200.0 47591.0 618.0 20037.0
42 39 42 0.0 58.0 158.0 4761.0 38287.0 560.0 7743.0
42 39 43 0.0 3.0 26.0 607.0 6348.0 126.0 98.0
42 39 44 0.0 0.0 1.0 4.0 58.0 0.0 0.0
42 40 36 0.0 0.0 3.0 2.0 80.0 0.0 0.0
42 40 37 0.0 3.0 52.0 771.0 8028.0 144.0 126.0
42 40 38 0.0 19.0 281.0 3723.0 43927.0 567.0 11781.0
42 40 39 0.0 36.0 351.0 5233.0 49714.0 599.0 27117.0
42 40 40 0.0 42.0 345.0 4999.0 49727.0 549.0 36641.0
42 40 41 1.0 54.0 377.0 5443.0 49667.0 552.0 27815.0
42 40 42 0.0 50.0 267.0 4465.0 43454.0 541.0 11288.0
42 40 43 0.0 2.0 33.0 794.0 7545.0 131.0 120.0
42 40 44 0.0 0.0 0.0 4.0 86.0 1.0 0.0
42 41 36 0.0 0.0 0.0 7.0 45.0 1.0 0.0
42 41 37 0.0 2.0 45.0 397.0 6119.0 121.0 73.0
42 41 38 0.0 10.0 409.0 3003.0 39914.0 573.0 7932.0
42 41 39 0.0 25.0 437.0 4213.0 49927.0 541.0 21635.0
42 41 40 0.0 50.0 421.0 4775.0 50363.0 558.0 28486.0
42 41 41 0.0 41.0 438.0 4380.0 49924.0 589.0 22396.0
42 41 42 0.0 55.0 208.0 3939.0 39400.0 560.0 8033.0
42 41 43 0.0 4.0 32.0 631.0 6088.0 92.0 78.0
42 41 44 0.0 0.0 1.0 9.0 62.0 0.0 0.0
42 42 36 0.0 0.0 0.0 1.0 29.0 0.0 0.0
42 42 37 0.0 0.0 15.0 271.0 2661.0 50.0 9.0
42 42 38 0.0 49.0 85.0 2494.0 22924.0 384.0 1917.0
42 42 39 0.0 7.0 195.0 3799.0 36914.0 541.0 6313.0
42 42 40 0.0 11.0 344.0 4082.0 44677.0 564.0 12504.0
42 42 41 0.0 52.0 380.0 3849.0 39456.0 591.0 7937.0
42 42 42 0.0 6.0 140.0 1892.0 27045.0 432.0 2558.0
42 42 43 0.0 1.0 19.0 290.0 3109.0 65.0 17.0
42 42 44 0.0 0.0 1.0 4.0 22.0 1.0 0.0
42 43 36 0.0 0.0 0.0 1.0 2.0 0.0 0.0
42 43 37 0.0 0.0 3.0 72.0 529.0 12.0 0.0
42 43 38 0.0 2.0 10.0 231.0 2574.0 40.0 13.0
42 43 39 0.0 3.0 22.0 502.0 5984.0 104.0 70.0
42 43 40 0.0 3.0 57.0 692.0 7342.0 142.0 108.0
42 43 41 0.0 6.0 44.0 738.0 6292.0 108.0 91.0
42 43 42 0.0 5.0 15.0 259.0 2881.0 51.0 11.0
42 43 43 0.0 0.0 1.0 60.0 604.0 12.0 0.0
42 43 44 0.0 0.0 0.0 0.0 2.0 0.0 0.0
42 44 37 0.0 0.0 0.0 2.0 1.0 0.0 0.0
42 44 38 0.0 0.0 0.0 1.0 27.0 0.0 0.0
42 44 39 0.0 0.0 0.0 1.0 43.0 1.0 0.0
42 44 40 0.0 0.0 0.0 6.0 71.0 1.0 0.0
42 44 41 0.0 0.0 0.0 2.0 62.0 0.0 0.0
42 44 42 0.0 0.0 0.0 1.0 18.0 0.0 0.0
42 44 43 0.0 0.0 0.0 0.0 4.0 0.0 0.0
43 36 38 0.0 0.0 1.0 2.0 8.0 1.0 0.0
43 36 39 0.0 0.0 0.0 2.0 10.0 1.0 0.0
43 36 40 0.0 0.0 0.0 0.0 20.0 1.0 0.0
43 36 41 0.0 0.0 0.0 0.0 6.0 0.0 0.0
43 36 42 0.0 0.0 0.0 3.0 4.0 0.0 0.0
43 37 36 0.0 0.0 0.0 0.0 4.0 0.0 0.0
43 37 37 0.0 0.0 0.0 4.0 104.0 2.0 0.0
43 37 38 0.0 1.0 3.0 46.0 423.0 2.0 2.0
43 37 39 0.0 1.0 5.0 130.0 1166.0 24.0 2.0
43 37 40 0.0 1.0 13.0 134.0 1606.0 21.0 6.0
43 37 41 0.0 0.0 4.0 144.0 1234.0 29.0 6.0
43 37 42 0.0 0.0 0.0 38.0 552.0 8.0 0.0
43 37 43 0.0 0.0 0.0 5.0 119.0 3.0 0.0
43 38 36 0.0 0.0 0.0 0.0 10.0 0.0 0.0
43 38 37 0.0 1.0 6.0 49.0 662.0 8.0 1.0
43 38 38 0.0 5.0 9.0 211.0 2826.0 52.0 13.0
43 38 39 0.0 2.0 30.0 500.0 5712.0 102.0 59.0
43 38 40 0.0 9.0 36.0 790.0 7281.0 138.0 137.0
43 38 41 0.0 3.0 36.0 655.0 5652.0 112.0 72.0
43 38 42 0.0 16.0 5.0 301.0 2679.0 54.0 22.0
43 38 43 0.0 0.0 4.0 52.0 535.0 15.0 1.0
43 38 44 0.0 0.0 0.0 0.0 4.0 0.0 0.0
43 39 36 0.0 0.0 0.0 0.0 8.0 0.0 0.0
43 39 37 0.0 0.0 9.0 101.0 1587.0 25.0 7.0
43 39 38 0.0 4.0 18.0 567.0 6222.0 89.0 84.0
43 39 39 0.0 6.0 93.0 1301.0 12623.0 234.0 356.0
43 39 40 0.0 10.0 93.0 1595.0 15525.0 290.0 579.0
43 39 41 0.0 12.0 92.0 1339.0 12330.0 222.0 370.0
43 39 42 0.0 3.0 54.0 700.0 5887.0 113.0 66.0
43 39 43 0.0 1.0 11.0 133.0 1415.0 26.0 7.0
43 39 44 0.0 0.0 0.0 1.0 10.0 1.0 0.0
43 40 36 0.0 0.0 0.0 4.0 6.0 0.0 0.0
43 40 37 0.0 1.0 20.0 137.0 1761.0 43.0 5.0
43 40 38 0.0 10.0 45.0 896.0 7855.0 130.0 147.0
43 40 39 0.0 13.0 103.0 1475.0 16108.0 305.0 590.0
43 40 40 0.0 10.0 136.0 1817.0 19635.0 340.0 958.0
43 40 41 0.0 5.0 163.0 1530.0 16373.0 257.0 642.0
43 40 42 0.0 16.0 46.0 810.0 7751.0 124.0 124.0
43 40 43 0.0 2.0 16.0 169.0 1843.0 42.0 8.0
43 40 44 0.0 0.0 0.0 1.0 8.0 1.0 0.0
43 41 36 0.0 0.0 0.0 3.0 11.0 0.0 0.0
43 41 37 0.0 0.0 10.0 111.0 1400.0 30.0 2.0
43 41 38 0.0 2.0 35.0 386.0 6101.0 99.0 84.0
43 41 39 0.0 3.0 117.0 1248.0 13094.0 221.0 410.0
43 41 40 0.0 10.0 77.0 1387.0 15705.0 265.0 553.0
43 41 41 0.0 13.0 90.0 1160.0 13224.0 240.0 391.0
43 41 42 0.0 1.0 48.0 510.0 6321.0 122.0 68.0
43 41 43 0.0 0.0 6.0 126.0 1640.0 32.0 6.0
43 41 44 0.0 0.0 0.0 0.0 7.0 0.0 0.0
43 42 36 0.0 0.0 0.0 0.0 2.0 0.0 0.0
43 42 37 0.0 0.0 6.0 32.0 535.0 14.0 0.0
43 42 38 0.0 0.0 24.0 211.0 2944.0 43.0 8.0
43 42 39 0.0 2.0 65.0 592.0 6070.0 110.0 69.0
43 42 40 0.0 5.0 39.0 667.0 8220.0 147.0 121.0
43 42 41 0.0 9.0 81.0 601.0 6348.0 116.0 70.0
43 42 42 0.0 2.0 25.0 189.0 3081.0 51.0 15.0
43 42 43 0.0 13.0 1.0 54.0 695.0 17.0 0.0
43 42 44 0.0 1.0 0.0 0.0 5.0 0.0 0.0
43 43 37 0.0 0.0 0.0 8.0 78.0 1.0 0.0
43 43 38 0.0 0.0 3.0 66.0 466.0 9.0 1.0
43 43 39 0.0 2.0 12.0 124.0 1346.0 33.0 0.0
43 43 40 0.0 0.0 4.0 161.0 1927.0 47.0 7.0
43 43 41 0.0 0.0 20.0 120.0 1475.0 32.0 4.0
43 43 42 0.0 0.0 4.0 50.0 639.0 16.0 0.0
43 43 43 0.0 3.0 0.0 14.0 88.0 1.0 0.0
43 44 38 0.0 0.0 0.0 0.0 2.0 0.0 0.0
43 44 39 0.0 0.0 0.0 2.0 14.0 2.0 0.0
43 44 40 0.0 0.0 0.0 1.0 19.0 1.0 0.0
43 44 41 0.0 0.0 0.0 0.0 8.0 0.0 0.0
43 44 43 0.0 0.0 0.0 0.0 1.0 0.0 0.0
44 37 37 0.0 0.0 0.0 1.0 0.0 0.0 0.0
44 37 38 0.0 0.0 0.0 0.0 5.0 0.0 0.0
44 37 39 0.0 0.0 0.0 0.0 4.0 0.0 0.0
44 37 40 0.0 0.0 1.0 2.0 18.0 2.0 0.0
44 37 41 0.0 0.0 0.0 0.0 9.0 0.0 0.0
44 37 42 0.0 0.0 2.0 0.0 2.0 1.0 0.0
44 38 37 0.0 0.0 0.0 0.0 5.0 0.0 0.0
44 38 38 0.0 0.0 0.0 2.0 40.0 0.0 0.0
44 38 39 0.0 0.0 1.0 6.0 57.0 1.0 0.0
44 38 40 0.0 0.0 3.0 5.0 66.0 1.0 0.0
44 38 41 0.0 0.0 1.0 5.0 66.0 1.0 0.0
44 38 42 0.0 0.0 0.0 1.0 25.0 0.0 0.0
44 38 43 0.0 0.0 0.0 0.0 1.0 0.0 0.0
44 39 37 0.0 0.0 0.0 0.0 6.0 0.0 0.0
44 39 38 0.0 0.0 0.0 0.0 57.0 1.0 0.0
44 39 39 0.0 0.0 0.0 18.0 117.0 0.0 0.0
44 39 40 0.0 0.0 1.0 15.0 215.0 7.0 0.0
44 39 41 0.0 0.0 0.0 20.0 123.0 4.0 0.0
44 39 42 0.0 0.0 0.0 9.0 73.0 2.0 0.0
44 39 43 0.0 0.0 0.0 7.0 23.0 1.0 0.0
44 40 36 0.0 0.0 0.0 0.0 2.0 0.0 0.0
44 40 37 0.0 0.0 0.0 1.0 11.0 0.0 0.0
44 40 38 0.0 0.0 0.0 7.0 91.0 3.0 0.0
44 40 39 0.0 0.0 4.0 21.0 196.0 2.0 0.0
44 40 40 0.0 0.0 0.0 15.0 268.0 2.0 0.0
44 40 41 0.0 0.0 2.0 17.0 184.0 0.0 0.0
44 40 42 0.0 0.0 0.0 10.0 60.0 2.0 0.0
44 40 43 0.0 0.0 0.0 0.0 3.0 0.0 0.0
44 41 37 0.0 0.0 0.0 0.0 11.0 0.0 0.0
44 41 38 0.0 0.0 0.0 5.0 48.0 0.0 0.0
44 41 39 0.0 0.0 0.0 13.0 138.0 3.0 0.0
44 41 40 0.0 0.0 4.0 27.0 247.0 9.0 0.0
44 41 41 0.0 0.0 0.0 19.0 145.0 2.0 0.0
44 41 42 0.0 0.0 0.0 8.0 65.0 1.0 0.0
44 41 43 0.0 0.0 0.0 0.0 21.0 0.0 0.0
44 41 44 0.0 0.0 0.0 0.0 1.0 0.0 0.0
44 42 37 0.0 0.0 0.0 0.0 2.0 0.0 0.0
44 42 38 0.0 0.0 0.0 0.0 21.0 1.0 0.0
44 42 39 0.0 0.0 1.0 4.0 46.0 0.0 0.0
44 42 40 0.0 0.0 0.0 11.0 65.0 0.0 0.0
44 42 41 0.0 0.0 0.0 3.0 51.0 0.0 0.0
44 42 42 0.0 0.0 0.0 2.0 23.0 1.0 0.0
44 42 43 0.0 0.0 0.0 1.0 2.0 0.0 0.0
44 43 37 0.0 0.0 0.0 0.0 1.0 0.0 0.0
44 43 38 0.0 0.0 0.0 0.0 1.0 0.0 0.0
44 43 39 0.0 0.0 0.0 0.0 12.0 0.0 0.0
44 43 40 0.0 0.0 0.0 1.0 9.0 0.0 0.0
44 43 41 0.0 0.0 0.0 0.0 12.0 1.0 0.0
44 43 42 0.0 0.0 0.0 0.0 6.0 0.0 0.0
44 44 38 0.0 0.0 0.0 0.0 1.0 0.0 0.0
44 44 39 0.0 0.0 0.0 0.0 1.0 0.0 0.0
44 44 40 0.0 0.0 0.0 0.0 1.0 0.0 0.0
44 44 41 0.0 0.0 0.0 0.0 1.0 0.0 0.0
