34 36 39 0.0 0.0 0.0 0.0 2.0 0.0 0.0
34 36 40 0.0 0.0 0.0 0.0 1.0 0.0 0.0
34 37 36 0.0 0.0 0.0 0.0 1.0 0.0 0.0
34 37 38 0.0 0.0 0.0 0.0 3.0 1.0 0.0
34 37 39 0.0 0.0 0.0 0.0 2.0 0.0 0.0
34 37 40 0.0 0.0 0.0 0.0 1.0 0.0 0.0
34 37 41 0.0 0.0 0.0 1.0 3.0 0.0 0.0
34 37 42 0.0 0.0 0.0 0.0 5.0 1.0 0.0
34 37 44 0.0 0.0 0.0 0.0 1.0 0.0 0.0
34 38 37 0.0 0.0 0.0 0.0 6.0 0.0 0.0
34 38 38 0.0 0.0 0.0 0.0 6.0 0.0 0.0
34 38 39 0.0 0.0 0.0 6.0 8.0 1.0 0.0
34 38 40 0.0 0.0 0.0 0.0 18.0 1.0 0.0
34 38 41 0.0 0.0 0.0 1.0 17.0 0.0 0.0
34 38 42 0.0 0.0 0.0 0.0 5.0 0.0 0.0
34 38 43 0.0 0.0 0.0 0.0 1.0 0.0 0.0
34 39 37 0.0 0.0 0.0 0.0 6.0 0.0 0.0
34 39 38 0.0 0.0 0.0 1.0 11.0 0.0 0.0
34 39 39 0.0 0.0 0.0 7.0 42.0 0.0 0.0
34 39 40 0.0 0.0 0.0 10.0 43.0 0.0 0.0
34 39 41 0.0 0.0 0.0 4.0 29.0 1.0 0.0
34 39 42 0.0 0.0 0.0 0.0 25.0 1.0 0.0
34 39 43 0.0 0.0 0.0 0.0 3.0 0.0 0.0
34 40 36 0.0 0.0 0.0 0.0 1.0 0.0 0.0
34 40 37 0.0 0.0 0.0 0.0 2.0 0.0 0.0
34 40 38 0.0 0.0 0.0 2.0 18.0 0.0 0.0
34 40 39 0.0 0.0 0.0 11.0 57.0 0.0 0.0
34 40 40 0.0 0.0 0.0 5.0 65.0 1.0 0.0
34 40 41 0.0 0.0 0.0 7.0 43.0 0.0 0.0
34 40 42 0.0 0.0 0.0 0.0 14.0 0.0 0.0
34 40 43 0.0 0.0 0.0 0.0 6.0 0.0 0.0
34 41 37 0.0 0.0 0.0 0.0 1.0 0.0 0.0
34 41 38 0.0 0.0 0.0 7.0 9.0 1.0 0.0
34 41 39 0.0 0.0 0.0 4.0 49.0 0.0 0.0
34 41 40 0.0 0.0 0.0 6.0 42.0 1.0 0.0
34 41 41 0.0 0.0 0.0 1.0 33.0 0.0 0.0
34 41 42 0.0 0.0 0.0 0.0 10.0 0.0 0.0
34 41 43 0.0 0.0 0.0 0.0 6.0 0.0 0.0
34 41 44 0.0 0.0 0.0 0.0 2.0 0.0 0.0
34 42 36 0.0 0.0 0.0 0.0 2.0 0.0 0.0
34 42 37 0.0 0.0 0.0 1.0 0.0 0.0 0.0
34 42 38 0.0 0.0 0.0 0.0 4.0 1.0 0.0
34 42 39 0.0 0.0 0.0 3.0 22.0 1.0 0.0
34 42 40 0.0 0.0 0.0 1.0 26.0 0.0 0.0
34 42 41 0.0 0.0 0.0 1.0 18.0 0.0 0.0
34 42 42 0.0 0.0 0.0 2.0 3.0 0.0 0.0
34 42 43 0.0 0.0 0.0 0.0 2.0 0.0 0.0
34 43 38 0.0 0.0 0.0 0.0 1.0 0.0 0.0
34 43 39 0.0 0.0 0.0 0.0 1.0 0.0 0.0
34 43 40 0.0 0.0 0.0 0.0 2.0 0.0 0.0
34 43 41 0.0 0.0 0.0 0.0 2.0 0.0 0.0
34 43 42 0.0 0.0 0.0 0.0 4.0 0.0 0.0
34 43 43 0.0 0.0 0.0 1.0 0.0 0.0 0.0
35 35 37 0.0 0.0 0.0 1.0 2.0 0.0 0.0
35 35 38 0.0 0.0 0.0 0.0 3.0 0.0 0.0
35 35 39 0.0 0.0 0.0 1.0 3.0 0.0 0.0
35 35 40 0.0 0.0 0.0 0.0 21.0 1.0 0.0
35 35 41 0.0 0.0 0.0 0.0 3.0 0.0 0.0
35 35 42 0.0 0.0 0.0 0.0 2.0 0.0 0.0
35 36 36 0.0 0.0 0.0 0.0 9.0 0.0 0.0
35 36 37 0.0 0.0 0.0 5.0 26.0 1.0 0.0
35 36 38 0.0 0.0 0.0 5.0 118.0 2.0 0.0
35 36 39 0.0 0.0 0.0 36.0 266.0 6.0 1.0
35 36 40 0.0 0.0 0.0 25.0 268.0 4.0 0.0
35 36 41 0.0 0.0 2.0 37.0 218.0 3.0 0.0
35 36 42 0.0 0.0 0.0 16.0 90.0 1.0 0.0
35 36 43 0.0 0.0 0.0 7.0 30.0 0.0 0.0
35 36 44 0.0 0.0 0.0 0.0 1.0 0.0 0.0
35 37 35 0.0 0.0 0.0 0.0 1.0 0.0 0.0
35 37 36 0.0 0.0 0.0 4.0 43.0 2.0 0.0
35 37 37 0.0 0.0 1.0 27.0 263.0 5.0 0.0
35 37 38 0.0 1.0 0.0 86.0 858.0 27.0 2.0
35 37 39 0.0 0.0 0.0 156.0 1344.0 15.0 1.0
35 37 40 0.0 0.0 1.0 189.0 1681.0 31.0 6.0
35 37 41 0.0 9.0 1.0 170.0 1476.0 37.0 2.0
35 37 42 0.0 0.0 1.0 92.0 811.0 15.0 1.0
35 37 43 0.0 0.0 0.0 15.0 236.0 3.0 0.0
35 37 44 0.0 0.0 0.0 1.0 32.0 0.0 0.0
35 37 45 0.0 0.0 0.0 0.0 1.0 0.0 0.0
35 38 35 0.0 0.0 0.0 0.0 6.0 0.0 0.0
35 38 36 0.0 0.0 0.0 9.0 140.0 3.0 0.0
35 38 37 0.0 0.0 3.0 82.0 723.0 12.0 2.0
35 38 38 0.0 0.0 8.0 255.0 2192.0 29.0 9.0
35 38 39 0.0 1.0 14.0 499.0 4456.0 96.0 23.0
35 38 40 0.0 0.0 9.0 510.0 4906.0 84.0 36.0
35 38 41 0.0 2.0 26.0 447.0 4185.0 80.0 26.0
35 38 42 0.0 0.0 5.0 189.0 2197.0 43.0 9.0
35 38 43 0.0 0.0 2.0 92.0 703.0 12.0 0.0
35 38 44 0.0 0.0 0.0 6.0 94.0 2.0 0.0
35 38 45 0.0 0.0 0.0 0.0 4.0 0.0 0.0
35 39 35 0.0 0.0 0.0 0.0 3.0 1.0 0.0
35 39 36 0.0 0.0 0.0 28.0 253.0 2.0 0.0
35 39 37 0.0 3.0 0.0 214.0 1361.0 25.0 3.0
35 39 38 0.0 7.0 26.0 546.0 4190.0 83.0 42.0
35 39 39 0.0 2.0 17.0 910.0 6917.0 126.0 90.0
35 39 40 0.0 4.0 25.0 844.0 8398.0 150.0 118.0
35 39 41 0.0 1.0 11.0 836.0 7291.0 130.0 94.0
35 39 42 0.0 2.0 8.0 469.0 4130.0 86.0 30.0
35 39 43 0.0 3.0 7.0 137.0 1348.0 20.0 0.0
35 39 44 0.0 0.0 0.0 16.0 219.0 1.0 0.0
35 39 45 0.0 0.0 0.0 0.0 11.0 0.0 0.0
35 40 35 0.0 0.0 0.0 1.0 5.0 0.0 0.0
35 40 36 0.0 0.0 0.0 29.0 194.0 4.0 0.0
35 40 37 0.0 3.0 3.0 184.0 1650.0 26.0 3.0
35 40 38 0.0 0.0 10.0 656.0 4981.0 101.0 42.0
35 40 39 0.0 20.0 24.0 1090.0 8803.0 157.0 165.0
35 40 40 0.0 4.0 8.0 1082.0 10175.0 158.0 179.0
35 40 41 0.0 24.0 30.0 963.0 8852.0 150.0 149.0
35 40 42 0.0 1.0 20.0 534.0 4911.0 85.0 50.0
35 40 43 0.0 0.0 3.0 183.0 1675.0 29.0 6.0
35 40 44 0.0 0.0 0.0 28.0 249.0 1.0 1.0
35 40 45 0.0 0.0 0.0 2.0 23.0 1.0 0.0
35 41 35 0.0 0.0 0.0 11.0 11.0 1.0 0.0
35 41 36 0.0 1.0 0.0 20.0 176.0 4.0 0.0
35 41 37 0.0 2.0 1.0 156.0 1239.0 25.0 6.0
35 41 38 0.0 1.0 4.0 462.0 3995.0 75.0 34.0
35 41 39 0.0 0.0 24.0 787.0 6991.0 125.0 74.0
35 41 40 0.0 0.0 21.0 925.0 8908.0 148.0 147.0
35 41 41 0.0 1.0 9.0 870.0 7579.0 117.0 115.0
35 41 42 0.0 2.0 10.0 478.0 4128.0 86.0 29.0
35 41 43 0.0 1.0 6.0 206.0 1397.0 27.0 1.0
35 41 44 0.0 0.0 0.0 21.0 195.0 2.0 0.0
35 41 45 0.0 0.0 0.0 0.0 8.0 0.0 0.0
35 42 35 0.0 0.0 0.0 0.0 1.0 0.0 0.0
35 42 36 0.0 0.0 1.0 7.0 69.0 1.0 0.0
35 42 37 0.0 1.0 1.0 85.0 648.0 7.0 0.0
35 42 38 0.0 1.0 0.0 242.0 2059.0 37.0 9.0
35 42 39 0.0 1.0 3.0 461.0 4279.0 66.0 27.0
35 42 40 0.0 3.0 10.0 487.0 4962.0 90.0 52.0
35 42 41 0.0 4.0 2.0 460.0 4317.0 72.0 25.0
35 42 42 0.0 4.0 2.0 267.0 2156.0 39.0 6.0
35 42 43 0.0 1.0 1.0 81.0 661.0 17.0 1.0
35 42 44 0.0 0.0 0.0 8.0 148.0 2.0 0.0
35 42 45 0.0 0.0 0.0 2.0 2.0 1.0 0.0
35 43 36 0.0 1.0 0.0 4.0 14.0 0.0 0.0
35 43 37 0.0 0.0 0.0 15.0 204.0 5.0 0.0
35 43 38 0.0 1.0 0.0 97.0 639.0 10.0 1.0
35 43 39 0.0 0.0 1.0 112.0 1402.0 29.0 2.0
35 43 40 0.0 0.0 1.0 190.0 1703.0 32.0 4.0
35 43 41 0.0 0.0 1.0 115.0 1541.0 25.0 1.0
35 43 42 0.0 0.0 3.0 77.0 686.0 14.0 0.0
35 43 43 0.0 0.0 0.0 17.0 218.0 5.0 0.0
35 43 44 0.0 0.0 0.0 3.0 27.0 0.0 0.0
35 43 45 0.0 0.0 0.0 0.0 4.0 0.0 0.0
35 44 36 0.0 0.0 0.0 0.0 1.0 0.0 0.0
35 44 37 0.0 0.0 0.0 3.0 21.0 0.0 0.0
35 44 38 0.0 0.0 0.0 5.0 96.0 2.0 0.0
35 44 39 0.0 0.0 0.0 31.0 166.0 1.0 0.0
35 44 40 0.0 0.0 0.0 23.0 220.0 7.0 0.0
35 44 41 0.0 1.0 0.0 30.0 278.0 5.0 0.0
35 44 42 0.0 0.0 0.0 10.0 108.0 2.0 0.0
35 44 43 0.0 0.0 0.0 5.0 34.0 1.0 0.0
35 44 44 0.0 0.0 0.0 0.0 2.0 0.0 0.0
35 45 37 0.0 0.0 0.0 0.0 2.0 0.0 0.0
35 45 38 0.0 0.0 0.0 1.0 4.0 0.0 0.0
35 45 39 0.0 0.0 0.0 0.0 10.0 1.0 0.0
35 45 40 0.0 0.0 1.0 2.0 10.0 0.0 0.0
35 45 41 0.0 0.0 0.0 0.0 13.0 0.0 0.0
35 45 42 0.0 0.0 0.0 0.0 3.0 0.0 0.0
36 34 39 0.0 0.0 0.0 0.0 1.0 0.0 0.0
36 34 40 0.0 0.0 0.0 1.0 0.0 0.0 0.0
36 35 36 0.0 0.0 0.0 0.0 6.0 0.0 0.0
36 35 37 0.0 0.0 0.0 4.0 37.0 0.0 0.0
36 35 38 0.0 0.0 0.0 9.0 158.0 3.0 0.0
36 35 39 0.0 0.0 0.0 36.0 294.0 5.0 0.0
36 35 40 0.0 0.0 0.0 38.0 244.0 5.0 0.0
36 35 41 0.0 0.0 0.0 21.0 261.0 3.0 0.0
36 35 42 0.0 0.0 1.0 10.0 121.0 4.0 0.0
36 35 43 0.0 0.0 0.0 1.0 24.0 0.0 0.0
36 35 44 0.0 0.0 0.0 2.0 6.0 0.0 0.0
36 36 35 0.0 0.0 0.0 1.0 3.0 0.0 0.0
36 36 36 0.0 0.0 2.0 23.0 174.0 2.0 0.0
36 36 37 0.0 0.0 2.0 122.0 1471.0 19.0 3.0
36 36 38 0.0 23.0 1.0 466.0 3611.0 55.0 19.0
36 36 39 0.0 3.0 6.0 625.0 5737.0 123.0 65.0
36 36 40 0.0 1.0 8.0 695.0 7218.0 127.0 108.0
36 36 41 0.0 1.0 5.0 523.0 5656.0 99.0 65.0
36 36 42 0.0 0.0 1.0 293.0 3213.0 56.0 14.0
36 36 43 0.0 0.0 0.0 151.0 1014.0 21.0 2.0
36 36 44 0.0 0.0 0.0 36.0 177.0 5.0 0.0
36 36 45 0.0 0.0 0.0 1.0 4.0 0.0 0.0
36 37 35 0.0 0.0 0.0 1.0 30.0 1.0 0.0
36 37 36 0.0 1.0 1.0 148.0 1339.0 23.0 1.0
36 37 37 0.0 5.0 15.0 687.0 6403.0 115.0 76.0
36 37 38 0.0 10.0 14.0 1440.0 15370.0 272.0 623.0
36 37 39 0.0 15.0 29.0 2511.0 23099.0 372.0 1567.0
36 37 40 0.0 5.0 72.0 2678.0 26311.0 436.0 2147.0
36 37 41 0.0 2.0 42.0 2546.0 22825.0 366.0 1562.0
36 37 42 0.0 5.0 25.0 1410.0 15508.0 265.0 611.0
36 37 43 0.0 0.0 13.0 577.0 5704.0 101.0 65.0
36 37 44 0.0 0.0 0.0 90.0 1274.0 23.0 6.0
36 37 45 0.0 0.0 0.0 0.0 25.0 0.0 0.0
36 38 35 0.0 0.0 0.0 6.0 119.0 1.0 0.0
36 38 36 0.0 1.0 4.0 329.0 3908.0 63.0 30.0
36 38 37 0.0 15.0 35.0 1755.0 15504.0 277.0 643.0
36 38 38 0.0 13.0 104.0 3305.0 31420.0 460.0 3325.0
36 38 39 0.0 31.0 82.0 4686.0 40385.0 630.0 7364.0
36 38 40 0.0 23.0 67.0 4455.0 44094.0 595.0 9683.0
36 38 41 0.0 25.0 142.0 4259.0 41249.0 586.0 7499.0
36 38 42 0.0 9.0 55.0 3297.0 30478.0 491.0 3232.0
36 38 43 0.0 8.0 14.0 1398.0 14318.0 263.0 503.0
36 38 44 0.0 1.0 3.0 294.0 3357.0 53.0 18.0
36 38 45 0.0 0.0 0.0 6.0 97.0 2.0 0.0
36 38 46 0.0 0.0 0.0 0.0 1.0 0.0 0.0
36 39 35 0.0 0.0 0.0 25.0 218.0 9.0 0.0
36 39 36 0.0 0.0 9.0 710.0 5710.0 100.0 67.0
36 39 37 0.0 16.0 36.0 2730.0 22648.0 371.0 1635.0
36 39 38 0.0 39.0 86.0 4216.0 40679.0 581.0 7325.0
36 39 39 0.0 14.0 95.0 5583.0 47643.0 593.0 14640.0
36 39 40 0.0 29.0 94.0 5007.0 50102.0 598.0 17854.0
36 39 41 0.0 46.0 132.0 5383.0 48219.0 602.0 15266.0
36 39 42 0.0 19.0 145.0 4237.0 40794.0 572.0 7622.0
36 39 43 0.0 7.0 36.0 2551.0 22575.0 364.0 1573.0
36 39 44 0.0 0.0 8.0 537.0 5543.0 110.0 66.0
36 39 45 0.0 0.0 0.0 23.0 178.0 3.0 0.0
36 39 46 0.0 0.0 0.0 0.0 3.0 0.0 0.0
36 40 35 0.0 0.0 0.0 34.0 316.0 3.0 0.0
36 40 36 0.0 6.0 9.0 879.0 6593.0 130.0 84.0
36 40 37 0.0 18.0 43.0 2956.0 26150.0 427.0 2275.0
36 40 38 0.0 45.0 119.0 4936.0 43015.0 583.0 9304.0
36 40 39 0.0 37.0 94.0 6016.0 49109.0 621.0 17605.0
36 40 40 0.0 38.0 116.0 5663.0 50664.0 592.0 20900.0
36 40 41 0.0 27.0 123.0 5887.0 49609.0 583.0 17773.0
36 40 42 0.0 26.0 90.0 4576.0 43222.0 628.0 9112.0
36 40 43 0.0 19.0 46.0 2761.0 25780.0 432.0 2090.0
36 40 44 0.0 2.0 14.0 668.0 6857.0 108.0 98.0
36 40 45 0.0 0.0 0.0 20.0 268.0 2.0 0.0
36 41 35 0.0 0.0 0.0 11.0 190.0 4.0 0.0
36 41 36 0.0 1.0 6.0 790.0 5464.0 103.0 59.0
36 41 37 0.0 17.0 34.0 2353.0 22517.0 381.0 1577.0
36 41 38 0.0 33.0 109.0 4898.0 39715.0 581.0 7020.0
36 41 39 0.0 34.0 118.0 5324.0 47701.0 596.0 14679.0
36 41 40 0.0 23.0 160.0 5630.0 49812.0 579.0 17851.0
36 41 41 0.0 38.0 86.0 5259.0 48099.0 616.0 15476.0
36 41 42 0.0 43.0 116.0 4394.0 40521.0 544.0 7483.0
36 41 43 0.0 1.0 49.0 2618.0 22128.0 377.0 1507.0
36 41 44 0.0 3.0 5.0 617.0 5855.0 120.0 70.0
36 41 45 0.0 0.0 0.0 19.0 179.0 1.0 0.0
36 42 35 0.0 0.0 0.0 8.0 85.0 3.0 0.0
36 42 36 0.0 4.0 8.0 420.0 2884.0 52.0 21.0
36 42 37 0.0 54.0 29.0 2208.0 13552.0 230.0 535.0
36 42 38 0.0 16.0 100.0 3477.0 29838.0 445.0 3161.0
36 42 39 0.0 18.0 81.0 4325.0 40096.0 588.0 7137.0
36 42 40 0.0 26.0 101.0 4696.0 43373.0 658.0 9526.0
36 42 41 0.0 6.0 91.0 4356.0 41701.0 589.0 7956.0
36 42 42 0.0 7.0 92.0 3418.0 31264.0 479.0 3393.0
36 42 43 0.0 0.0 29.0 1449.0 15028.0 265.0 579.0
36 42 44 0.0 0.0 9.0 211.0 3031.0 70.0 21.0
36 42 45 0.0 0.0 0.0 11.0 91.0 2.0 0.0
36 43 35 0.0 0.0 0.0 2.0 20.0 0.0 0.0
36 43 36 0.0 4.0 1.0 128.0 940.0 18.0 1.0
36 43 37 0.0 1.0 1.0 664.0 5432.0 107.0 65.0
36 43 38 0.0 5.0 24.0 1420.0 14208.0 232.0 465.0
36 43 39 0.0 12.0 42.0 2379.0 22211.0 376.0 1494.0
36 43 40 0.0 17.0 52.0 3128.0 25825.0 419.0 2133.0
36 43 41 0.0 22.0 28.0 2594.0 22721.0 369.0 1578.0
36 43 42 0.0 5.0 28.0 1591.0 15051.0 240.0 537.0
36 43 43 0.0 0.0 6.0 597.0 5881.0 96.0 55.0
36 43 44 0.0 0.0 0.0 86.0 987.0 17.0 1.0
36 43 45 0.0 0.0 0.0 3.0 35.0 1.0 0.0
36 44 36 0.0 0.0 0.0 13.0 208.0 5.0 0.0
36 44 37 0.0 0.0 3.0 89.0 1000.0 20.0 1.0
36 44 38 0.0 1.0 5.0 259.0 2821.0 43.0 15.0
36 44 39 0.0 0.0 35.0 507.0 5192.0 102.0 48.0
36 44 40 0.0 0.0 25.0 626.0 6543.0 135.0 84.0
36 44 41 0.0 4.0 33.0 622.0 5829.0 88.0 73.0
36 44 42 0.0 0.0 6.0 349.0 3406.0 63.0 20.0
36 44 43 0.0 1.0 3.0 95.0 1281.0 32.0 0.0
36 44 44 0.0 0.0 0.0 15.0 183.0 4.0 0.0
36 44 45 0.0 0.0 0.0 0.0 4.0 0.0 0.0
36 45 37 0.0 0.0 0.0 1.0 22.0 0.0 0.0
36 45 38 0.0 0.0 0.0 11.0 103.0 3.0 0.0
36 45 39 0.0 0.0 0.0 22.0 143.0 1.0 0.0
36 45 40 0.0 0.0 1.0 21.0 311.0 8.0 0.0
36 45 41 0.0 0.0 1.0 22.0 227.0 1.0 0.0
36 45 42 0.0 0.0 0.0 14.0 100.0 0.0 0.0
36 45 43 0.0 0.0 0.0 5.0 34.0 1.0 0.0
36 45 44 0.0 0.0 0.0 0.0 4.0 0.0 0.0
37 34 37 0.0 0.0 0.0 0.0 1.0 0.0 0.0
37 34 38 0.0 1.0 0.0 0.0 1.0 0.0 0.0
37 34 39 0.0 0.0 0.0 0.0 2.0 0.0 0.0
37 34 40 0.0 0.0 1.0 1.0 8.0 0.0 0.0
37 34 41 0.0 0.0 0.0 0.0 3.0 0.0 0.0
37 35 35 0.0 0.0 0.0 0.0 3.0 0.0 0.0
37 35 36 0.0 3.0 0.0 5.0 34.0 2.0 0.0
37 35 37 0.0 0.0 0.0 36.0 280.0 4.0 0.0
37 35 38 0.0 0.0 6.0 67.0 1029.0 20.0 1.0
37 35 39 0.0 1.0 3.0 187.0 1614.0 31.0 5.0
37 35 40 0.0 0.0 5.0 286.0 2040.0 45.0 3.0
37 35 41 0.0 0.0 3.0 216.0 1455.0 38.0 5.0
37 35 42 0.0 0.0 3.0 65.0 755.0 9.0 0.0
37 35 43 0.0 0.0 0.0 15.0 234.0 3.0 0.0
37 35 44 0.0 0.0 0.0 3.0 32.0 1.0 0.0
37 36 35 0.0 0.0 0.0 3.0 33.0 1.0 0.0
37 36 36 0.0 10.0 1.0 96.0 1269.0 21.0 1.0
37 36 37 0.0 2.0 9.0 857.0 6865.0 121.0 130.0
37 36 38 0.0 14.0 19.0 2093.0 16411.0 286.0 809.0
37 36 39 0.0 13.0 65.0 3260.0 23923.0 396.0 1808.0
37 36 40 0.0 3.0 61.0 3005.0 27471.0 456.0 2587.0
37 36 41 0.0 9.0 38.0 2616.0 23611.0 398.0 1815.0
37 36 42 0.0 6.0 19.0 1855.0 14710.0 269.0 537.0
37 36 43 0.0 0.0 7.0 584.0 6482.0 120.0 90.0
37 36 44 0.0 0.0 1.0 147.0 1127.0 20.0 2.0
37 36 45 0.0 0.0 0.0 1.0 30.0 0.0 0.0
37 37 34 0.0 0.0 0.0 2.0 0.0 0.0 0.0
37 37 35 0.0 0.0 0.0 34.0 280.0 3.0 0.0
37 37 36 0.0 2.0 8.0 547.0 6515.0 124.0 104.0
37 37 37 0.0 17.0 55.0 2818.0 31612.0 513.0 3879.0
37 37 38 0.0 14.0 64.0 4656.0 47384.0 603.0 14861.0
37 37 39 0.0 19.0 79.0 5117.0 50464.0 588.0 26404.0
37 37 40 0.0 24.0 97.0 5223.0 49591.0 525.0 29804.0
37 37 41 0.0 13.0 66.0 4532.0 50403.0 575.0 25184.0
37 37 42 0.0 17.0 59.0 4559.0 46260.0 586.0 14138.0
37 37 43 0.0 4.0 35.0 3717.0 29990.0 454.0 3462.0
37 37 44 0.0 0.0 12.0 507.0 5679.0 108.0 55.0
37 37 45 0.0 0.0 0.0 19.0 286.0 6.0 0.0
37 37 46 0.0 0.0 0.0 0.0 2.0 0.0 0.0
37 38 35 0.0 0.0 2.0 85.0 800.0 16.0 2.0
37 38 36 0.0 3.0 81.0 1385.0 16758.0 270.0 709.0
37 38 37 0.0 34.0 117.0 5366.0 46064.0 625.0 15320.0
37 38 38 0.0 49.0 96.0 5359.0 49181.0 535.0 38086.0
37 38 39 0.0 36.0 97.0 4891.0 44842.0 451.0 54382.0
37 38 40 0.0 31.0 86.0 4884.0 43597.0 386.0 58397.0
37 38 41 0.0 25.0 125.0 4684.0 45469.0 451.0 53792.0
37 38 42 0.0 19.0 104.0 5004.0 50376.0 475.0 36080.0
37 38 43 0.0 3.0 92.0 4765.0 46534.0 615.0 14332.0
37 38 44 0.0 4.0 35.0 1459.0 14679.0 237.0 572.0
37 38 45 0.0 0.0 0.0 65.0 718.0 12.0 2.0
37 38 46 0.0 0.0 0.0 0.0 1.0 0.0 0.0
37 39 34 0.0 0.0 0.0 0.0 2.0 0.0 0.0
37 39 35 0.0 3.0 4.0 160.0 1510.0 27.0 3.0
37 39 36 0.0 8.0 81.0 2626.0 24071.0 384.0 1742.0
37 39 37 0.0 24.0 105.0 5373.0 50031.0 577.0 26264.0
37 39 38 0.0 22.0 112.0 5216.0 45085.0 418.0 52797.0
37 39 39 0.0 33.0 90.0 4305.0 37985.0 294.0 71024.0
37 39 40 0.0 41.0 114.0 4285.0 36480.0 260.0 76131.0
37 39 41 0.0 35.0 119.0 4004.0 38562.0 331.0 70753.0
37 39 42 1.0 33.0 96.0 4583.0 45226.0 421.0 53883.0
37 39 43 0.0 22.0 113.0 4692.0 50277.0 563.0 23939.0
37 39 44 0.0 8.0 63.0 2246.0 22579.0 352.0 1519.0
37 39 45 0.0 1.0 4.0 157.0 1403.0 23.0 2.0
37 39 46 0.0 0.0 0.0 0.0 5.0 0.0 0.0
37 40 34 0.0 0.0 0.0 0.0 4.0 0.0 0.0
37 40 35 0.0 2.0 2.0 150.0 1780.0 36.0 4.0
37 40 36 0.0 7.0 60.0 3006.0 25467.0 448.0 2093.0
37 40 37 0.0 48.0 131.0 5990.0 49421.0 543.0 28401.0
37 40 38 0.0 38.0 91.0 5165.0 42725.0 398.0 58628.0
37 40 39 0.0 36.0 115.0 4335.0 36891.0 335.0 75158.0
37 40 40 0.0 34.0 80.0 4033.0 34633.0 235.0 80043.0
37 40 41 0.0 18.0 122.0 4090.0 36624.0 260.0 75458.0
37 40 42 0.0 38.0 115.0 4669.0 43290.0 433.0 59075.0
37 40 43 0.0 30.0 102.0 4985.0 50477.0 558.0 28964.0
37 40 44 0.0 9.0 72.0 2560.0 25826.0 414.0 2098.0
37 40 45 0.0 0.0 4.0 223.0 1692.0 33.0 6.0
37 40 46 0.0 0.0 0.0 2.0 4.0 0.0 0.0
37 41 34 0.0 0.0 0.0 0.0 2.0 0.0 0.0
37 41 35 0.0 0.0 27.0 132.0 1439.0 27.0 4.0
37 41 36 0.0 13.0 27.0 2611.0 22652.0 385.0 1534.0
37 41 37 0.0 63.0 109.0 6576.0 48772.0 600.0 24140.0
37 41 38 0.0 45.0 118.0 5714.0 44734.0 469.0 52429.0
37 41 39 0.0 37.0 105.0 4546.0 38841.0 325.0 69644.0
37 41 40 0.0 28.0 93.0 3985.0 36958.0 268.0 75608.0
37 41 41 0.0 21.0 111.0 4339.0 38559.0 326.0 71183.0
37 41 42 0.0 35.0 143.0 4898.0 45370.0 425.0 52846.0
37 41 43 0.0 9.0 127.0 5193.0 49875.0 607.0 24131.0
37 41 44 0.0 3.0 43.0 2163.0 22897.0 368.0 1469.0
37 41 45 0.0 0.0 5.0 118.0 1353.0 19.0 2.0
37 41 46 0.0 0.0 0.0 0.0 1.0 0.0 0.0
37 42 35 0.0 0.0 2.0 66.0 610.0 16.0 1.0
37 42 36 0.0 6.0 34.0 1578.0 13781.0 227.0 481.0
37 42 37 0.0 68.0 124.0 6349.0 43597.0 547.0 12364.0
37 42 38 0.0 52.0 120.0 5540.0 49337.0 535.0 35391.0
37 42 39 0.0 19.0 177.0 5072.0 45166.0 441.0 53317.0
37 42 40 0.0 24.0 127.0 5071.0 43186.0 412.0 58072.0
37 42 41 0.0 50.0 109.0 5293.0 44988.0 390.0 53547.0
37 42 42 0.0 23.0 108.0 5513.0 49673.0 558.0 37036.0
37 42 43 0.0 26.0 137.0 5035.0 45715.0 613.0 13195.0
37 42 44 0.0 0.0 40.0 1488.0 14552.0 283.0 513.0
37 42 45 0.0 0.0 1.0 65.0 790.0 13.0 0.0
37 42 46 0.0 0.0 0.0 0.0 5.0 1.0 0.0
37 43 35 0.0 0.0 0.0 23.0 196.0 3.0 0.0
37 43 36 0.0 2.0 7.0 510.0 5170.0 87.0 51.0
37 43 37 0.0 8.0 90.0 2744.0 28169.0 438.0 2694.0
37 43 38 0.0 48.0 90.0 5085.0 44886.0 585.0 12329.0
37 43 39 0.0 26.0 143.0 5060.0 50172.0 598.0 23113.0
37 43 40 0.0 17.0 191.0 4819.0 50838.0 610.0 28195.0
37 43 41 0.0 27.0 160.0 5235.0 49723.0 579.0 25077.0
37 43 42 0.0 18.0 126.0 4637.0 47350.0 606.0 15087.0
37 43 43 0.0 8.0 99.0 2779.0 29778.0 440.0 3316.0
37 43 44 0.0 0.0 19.0 564.0 6387.0 103.0 81.0
37 43 45 0.0 0.0 0.0 15.0 183.0 3.0 0.0
37 43 46 0.0 0.0 0.0 0.0 1.0 0.0 0.0
37 44 35 0.0 0.0 0.0 0.0 22.0 1.0 0.0
37 44 36 0.0 0.0 3.0 102.0 1033.0 23.0 2.0
37 44 37 0.0 6.0 9.0 493.0 5243.0 90.0 56.0
37 44 38 0.0 3.0 14.0 1321.0 13991.0 202.0 455.0
37 44 39 0.0 5.0 72.0 2467.0 22246.0 360.0 1453.0
37 44 40 0.0 10.0 37.0 2389.0 25604.0 419.0 2023.0
37 44 41 0.0 15.0 56.0 2406.0 23360.0 390.0 1654.0
37 44 42 0.0 4.0 12.0 1456.0 14735.0 274.0 576.0
37 44 43 0.0 0.0 8.0 568.0 6323.0 119.0 84.0
37 44 44 0.0 2.0 0.0 154.0 1339.0 28.0 6.0
37 44 45 0.0 0.0 1.0 2.0 30.0 1.0 0.0
37 45 36 0.0 0.0 0.0 2.0 23.0 0.0 0.0
37 45 37 0.0 0.0 0.0 10.0 152.0 5.0 0.0
37 45 38 0.0 0.0 3.0 69.0 618.0 8.0 0.0
37 45 39 0.0 0.0 4.0 124.0 1215.0 24.0 1.0
37 45 40 0.0 0.0 0.0 125.0 1610.0 28.0 6.0
37 45 41 0.0 2.0 10.0 81.0 1270.0 20.0 0.0
37 45 42 0.0 0.0 2.0 59.0 747.0 15.0 0.0
37 45 43 0.0 0.0 0.0 21.0 219.0 8.0 0.0
37 45 44 0.0 0.0 0.0 2.0 24.0 1.0 0.0
37 46 38 0.0 0.0 0.0 0.0 1.0 0.0 0.0
37 46 39 0.0 0.0 0.0 0.0 6.0 0.0 0.0
37 46 40 0.0 0.0 0.0 0.0 2.0 0.0 0.0
37 46 41 0.0 0.0 0.0 1.0 2.0 0.0 0.0
37 46 42 0.0 0.0 0.0 0.0 2.0 0.0 0.0
37 46 43 0.0 0.0 0.0 1.0 0.0 0.0 0.0
38 34 37 0.0 0.0 0.0 0.0 7.0 0.0 0.0
38 34 38 0.0 0.0 0.0 1.0 4.0 0.0 0.0
38 34 39 0.0 0.0 0.0 0.0 17.0 0.0 0.0
38 34 40 0.0 0.0 0.0 2.0 15.0 1.0 0.0
38 34 41 0.0 0.0 0.0 4.0 17.0 0.0 0.0
38 34 42 0.0 0.0 0.0 0.0 7.0 0.0 0.0
38 34 43 0.0 0.0 0.0 0.0 1.0 0.0 0.0
38 35 35 0.0 0.0 0.0 0.0 5.0 0.0 0.0
38 35 36 0.0 0.0 0.0 24.0 178.0 2.0 0.0
38 35 37 0.0 0.0 0.0 126.0 865.0 11.0 1.0
38 35 38 0.0 4.0 7.0 381.0 2592.0 40.0 11.0
38 35 39 0.0 0.0 2.0 585.0 4752.0 75.0 27.0
38 35 40 0.0 0.0 14.0 633.0 5286.0 98.0 55.0
38 35 41 0.0 0.0 15.0 523.0 4553.0 74.0 34.0
38 35 42 0.0 0.0 2.0 339.0 2261.0 37.0 8.0
38 35 43 0.0 0.0 2.0 76.0 704.0 10.0 2.0
38 35 44 0.0 0.0 0.0 6.0 124.0 2.0 0.0
38 35 45 0.0 0.0 0.0 0.0 6.0 0.0 0.0
38 36 35 0.0 0.0 0.0 14.0 122.0 3.0 0.0
38 36 36 0.0 0.0 0.0 406.0 3537.0 59.0 23.0
38 36 37 0.0 4.0 30.0 1922.0 16761.0 282.0 793.0
38 36 38 0.0 24.0 82.0 3800.0 32384.0 507.0 3977.0
38 36 39 0.0 19.0 132.0 5422.0 41783.0 550.0 9207.0
38 36 40 0.0 8.0 118.0 5485.0 43774.0 633.0 10406.0
38 36 41 0.0 31.0 98.0 5385.0 40671.0 568.0 8049.0
38 36 42 0.0 12.0 46.0 3888.0 30592.0 472.0 3429.0
38 36 43 0.0 9.0 29.0 1747.0 14961.0 275.0 601.0
38 36 44 0.0 0.0 4.0 320.0 3141.0 56.0 20.0
38 36 45 0.0 0.0 0.0 11.0 108.0 1.0 0.0
38 36 46 0.0 0.0 0.0 1.0 0.0 0.0 0.0
38 37 34 0.0 0.0 0.0 0.0 1.0 0.0 0.0
38 37 35 0.0 0.0 1.0 56.0 867.0 15.0 1.0
38 37 36 0.0 5.0 13.0 1629.0 15618.0 256.0 614.0
38 37 37 0.0 12.0 99.0 4128.0 48400.0 595.0 15912.0
38 37 38 0.0 31.0 149.0 6105.0 47980.0 478.0 40329.0
38 37 39 0.0 33.0 92.0 5732.0 42954.0 394.0 56867.0
38 37 40 0.0 33.0 92.0 5585.0 41401.0 353.0 60995.0
38 37 41 0.0 14.0 117.0 5231.0 44056.0 391.0 54757.0
38 37 42 0.0 17.0 89.0 5614.0 49044.0 532.0 37826.0
38 37 43 0.0 6.0 63.0 4619.0 45915.0 625.0 13030.0
38 37 44 0.0 2.0 25.0 1444.0 15458.0 263.0 592.0
38 37 45 0.0 0.0 4.0 77.0 692.0 11.0 0.0
38 38 34 0.0 0.0 0.0 1.0 11.0 0.0 0.0
38 38 35 0.0 0.0 4.0 224.0 2665.0 59.0 13.0
38 38 36 0.0 12.0 60.0 3044.0 32421.0 457.0 3756.0
38 38 37 0.0 30.0 86.0 4621.0 49837.0 504.0 38174.0
38 38 38 0.0 22.0 71.0 3580.0 34001.0 273.0 82671.0
38 38 39 0.0 26.0 68.0 3182.0 27504.0 186.0 99747.0
38 38 40 0.0 15.0 95.0 2952.0 25514.0 162.0 104681.0
38 38 41 0.0 30.0 71.0 3036.0 27812.0 186.0 98611.0
38 38 42 0.0 26.0 94.0 3576.0 34989.0 250.0 80536.0
38 38 43 0.0 11.0 87.0 5386.0 49203.0 517.0 37127.0
38 38 44 0.0 4.0 59.0 2955.0 30837.0 488.0 3284.0
38 38 45 0.0 0.0 7.0 218.0 2162.0 38.0 6.0
38 38 46 0.0 0.0 0.0 2.0 9.0 1.0 0.0
38 39 34 0.0 0.0 0.0 4.0 17.0 0.0 0.0
38 39 35 0.0 1.0 5.0 365.0 4338.0 75.0 29.0
38 39 36 0.0 45.0 125.0 4250.0 40683.0 560.0 7635.0
38 39 37 0.0 56.0 114.0 4868.0 44683.0 417.0 54427.0
38 39 38 0.0 30.0 77.0 3134.0 27599.0 162.0 99233.0
38 39 39 0.0 28.0 64.0 2638.0 21060.0 143.0 116157.0
38 39 40 0.0 22.0 61.0 2269.0 19193.0 106.0 120536.0
38 39 41 0.0 11.0 74.0 2407.0 21419.0 121.0 115241.0
38 39 42 0.0 28.0 73.0 2944.0 28382.0 209.0 97773.0
38 39 43 0.0 16.0 121.0 4624.0 45544.0 426.0 53316.0
38 39 44 0.0 18.0 83.0 4153.0 40504.0 605.0 7492.0
38 39 45 0.0 2.0 3.0 448.0 4011.0 85.0 32.0
38 39 46 0.0 0.0 0.0 1.0 10.0 0.0 0.0
38 40 34 0.0 0.0 0.0 2.0 9.0 0.0 0.0
38 40 35 0.0 1.0 9.0 380.0 5191.0 97.0 49.0
38 40 36 0.0 21.0 141.0 4580.0 43782.0 600.0 9641.0
38 40 37 0.0 44.0 129.0 4839.0 43704.0 418.0 57834.0
38 40 38 0.0 26.0 75.0 3321.0 25689.0 177.0 103455.0
38 40 39 0.0 20.0 50.0 2310.0 19343.0 90.0 120232.0
38 40 40 0.0 22.0 53.0 2137.0 17323.0 86.0 125501.0
38 40 41 0.0 20.0 82.0 2148.0 19172.0 120.0 120998.0
38 40 42 0.0 17.0 102.0 2684.0 26194.0 172.0 103531.0
38 40 43 0.0 16.0 148.0 4359.0 44035.0 406.0 58488.0
38 40 44 0.0 13.0 136.0 4274.0 43682.0 629.0 9283.0
38 40 45 0.0 0.0 14.0 552.0 4837.0 83.0 43.0
38 40 46 0.0 0.0 0.0 0.0 36.0 1.0 0.0
38 41 34 0.0 0.0 0.0 2.0 12.0 0.0 0.0
38 41 35 0.0 1.0 11.0 421.0 3933.0 59.0 25.0
38 41 36 0.0 27.0 140.0 4563.0 39996.0 560.0 7438.0
38 41 37 0.0 34.0 152.0 5183.0 44824.0 434.0 52937.0
38 41 38 0.0 36.0 89.0 3503.0 28117.0 218.0 96907.0
38 41 39 0.0 32.0 61.0 2610.0 21571.0 135.0 114950.0
38 41 40 0.0 21.0 67.0 2192.0 19315.0 96.0 121257.0
38 41 41 0.0 16.0 75.0 2418.0 21149.0 111.0 116604.0
38 41 42 0.0 18.0 118.0 2950.0 28415.0 193.0 97512.0
38 41 43 0.0 19.0 104.0 4889.0 45071.0 381.0 53360.0
38 41 44 0.0 8.0 114.0 3745.0 41278.0 563.0 7294.0
38 41 45 0.0 0.0 4.0 470.0 4076.0 72.0 24.0
38 41 46 0.0 0.0 0.0 6.0 5.0 0.0 0.0
38 42 34 0.0 0.0 0.0 2.0 11.0 0.0 0.0
38 42 35 0.0 0.0 7.0 236.0 2143.0 48.0 6.0
38 42 36 0.0 13.0 37.0 3374.0 28889.0 477.0 2823.0
38 42 37 0.0 25.0 99.0 5306.0 49481.0 492.0 35816.0
38 42 38 0.0 17.0 102.0 3765.0 35633.0 257.0 78485.0
38 42 39 0.0 26.0 87.0 3070.0 28482.0 186.0 97466.0
38 42 40 0.0 11.0 97.0 2817.0 26333.0 163.0 103352.0
38 42 41 0.0 23.0 107.0 2992.0 28079.0 222.0 98369.0
38 42 42 0.0 15.0 106.0 3501.0 34440.0 280.0 81827.0
38 42 43 0.0 15.0 142.0 5246.0 49726.0 545.0 37154.0
38 42 44 0.0 6.0 49.0 3437.0 30999.0 483.0 3384.0
38 42 45 0.0 1.0 8.0 269.0 2337.0 38.0 16.0
38 42 46 0.0 0.0 0.0 0.0 6.0 1.0 0.0
38 43 34 0.0 0.0 0.0 0.0 2.0 0.0 0.0
38 43 35 0.0 0.0 5.0 73.0 648.0 11.0 1.0
38 43 36 0.0 2.0 10.0 1400.0 13835.0 257.0 485.0
38 43 37 0.0 22.0 154.0 4299.0 45511.0 646.0 12170.0
38 43 38 0.0 21.0 160.0 5335.0 49695.0 537.0 34970.0
38 43 39 0.0 34.0 113.0 5207.0 45278.0 435.0 52641.0
38 43 40 0.0 23.0 126.0 4757.0 43945.0 398.0 57490.0
38 43 41 0.0 42.0 114.0 4957.0 45271.0 389.0 53275.0
38 43 42 0.0 46.0 108.0 4850.0 50028.0 500.0 37447.0
38 43 43 0.0 23.0 124.0 4557.0 47074.0 614.0 14644.0
38 43 44 0.0 2.0 40.0 1327.0 15279.0 284.0 594.0
38 43 45 0.0 0.0 0.0 88.0 798.0 14.0 1.0
38 44 35 0.0 0.0 0.0 8.0 114.0 0.0 0.0
38 44 36 0.0 4.0 0.0 226.0 2853.0 57.0 13.0
38 44 37 0.0 6.0 46.0 1657.0 13556.0 246.0 445.0
38 44 38 0.0 21.0 76.0 3243.0 28765.0 486.0 2757.0
38 44 39 0.0 33.0 148.0 4325.0 40364.0 606.0 7047.0
38 44 40 0.0 11.0 132.0 4575.0 43419.0 618.0 9134.0
38 44 41 0.0 16.0 110.0 3770.0 40223.0 528.0 7031.0
38 44 42 0.0 14.0 87.0 3065.0 30968.0 458.0 3439.0
38 44 43 0.0 7.0 59.0 1659.0 14805.0 273.0 575.0
38 44 44 0.0 1.0 7.0 310.0 3761.0 58.0 20.0
38 44 45 0.0 0.0 0.0 14.0 134.0 4.0 0.0
38 45 35 0.0 0.0 0.0 0.0 4.0 0.0 0.0
38 45 36 0.0 0.0 0.0 7.0 80.0 1.0 0.0
38 45 37 0.0 2.0 1.0 60.0 622.0 15.0 1.0
38 45 38 0.0 0.0 4.0 277.0 2127.0 28.0 4.0
38 45 39 0.0 0.0 7.0 436.0 3811.0 61.0 36.0
38 45 40 0.0 1.0 17.0 426.0 5056.0 80.0 32.0
38 45 41 0.0 0.0 9.0 371.0 3927.0 79.0 16.0
38 45 42 0.0 0.0 1.0 200.0 2215.0 42.0 8.0
38 45 43 0.0 0.0 1.0 56.0 858.0 16.0 1.0
38 45 44 0.0 0.0 0.0 18.0 133.0 3.0 0.0
38 45 45 0.0 0.0 0.0 0.0 2.0 0.0 0.0
38 46 38 0.0 0.0 0.0 0.0 8.0 1.0 0.0
38 46 39 0.0 0.0 0.0 7.0 10.0 0.0 0.0
38 46 40 0.0 0.0 0.0 0.0 14.0 0.0 0.0
38 46 41 0.0 0.0 0.0 3.0 15.0 0.0 0.0
38 46 42 0.0 0.0 0.0 2.0 2.0 0.0 0.0
38 46 43 0.0 0.0 0.0 0.0 2.0 0.0 0.0
39 34 35 0.0 0.0 0.0 0.0 2.0 0.0 0.0
39 34 36 0.0 0.0 0.0 0.0 1.0 0.0 0.0
39 34 37 0.0 0.0 0.0 0.0 2.0 0.0 0.0
39 34 38 0.0 0.0 0.0 2.0 8.0 0.0 0.0
39 34 39 0.0 0.0 0.0 3.0 35.0 0.0 0.0
39 34 40 0.0 0.0 0.0 6.0 44.0 1.0 0.0
39 34 41 0.0 0.0 0.0 5.0 52.0 0.0 0.0
39 34 42 0.0 0.0 0.0 2.0 11.0 0.0 0.0
39 34 43 0.0 0.0 0.0 0.0 2.0 0.0 0.0
39 35 35 0.0 0.0 0.0 0.0 6.0 0.0 0.0
39 35 36 0.0 0.0 0.0 35.0 265.0 1.0 0.0
39 35 37 0.0 0.0 1.0 192.0 1545.0 36.0 1.0
39 35 38 0.0 2.0 10.0 619.0 4798.0 81.0 45.0
39 35 39 0.0 5.0 19.0 1058.0 8080.0 151.0 119.0
39 35 40 0.0 4.0 11.0 1412.0 9341.0 189.0 154.0
39 35 41 0.0 4.0 10.0 941.0 7707.0 145.0 106.0
39 35 42 0.0 4.0 11.0 657.0 4239.0 107.0 34.0
39 35 43 0.0 0.0 1.0 185.0 1528.0 32.0 1.0
39 35 44 0.0 0.0 0.0 30.0 195.0 4.0 0.0
39 35 45 0.0 0.0 0.0 0.0 3.0 0.0 0.0
39 36 34 0.0 0.0 0.0 0.0 1.0 0.0 0.0
39 36 35 0.0 0.0 2.0 21.0 226.0 2.0 0.0
39 36 36 0.0 0.0 12.0 576.0 6345.0 118.0 75.0
39 36 37 0.0 22.0 50.0 3308.0 25185.0 449.0 2112.0
39 36 38 0.0 37.0 102.0 5382.0 41493.0 584.0 8739.0
39 36 39 0.0 43.0 89.0 6687.0 48038.0 629.0 16760.0
39 36 40 0.0 22.0 109.0 6352.0 49301.0 624.0 19336.0
39 36 41 0.0 28.0 96.0 6789.0 46627.0 620.0 15489.0
39 36 42 0.0 25.0 89.0 5011.0 39937.0 518.0 7496.0
39 36 43 0.0 6.0 29.0 2772.0 22823.0 388.0 1532.0
39 36 44 0.0 3.0 17.0 599.0 5577.0 100.0 63.0
39 36 45 0.0 1.0 0.0 19.0 240.0 5.0 0.0
39 37 34 0.0 0.0 0.0 0.0 4.0 0.0 0.0
39 37 35 0.0 0.0 6.0 131.0 1516.0 22.0 4.0
39 37 36 0.0 11.0 19.0 2389.0 24437.0 399.0 1812.0
39 37 37 0.0 50.0 98.0 5018.0 50309.0 553.0 26367.0
39 37 38 0.0 25.0 95.0 5387.0 43218.0 398.0 57076.0
39 37 39 0.0 13.0 76.0 4981.0 37181.0 313.0 72647.0
39 37 40 0.0 22.0 99.0 4792.0 35199.0 304.0 77326.0
39 37 41 0.0 24.0 79.0 5343.0 37489.0 300.0 71477.0
39 37 42 0.0 34.0 108.0 5856.0 44716.0 369.0 53274.0
39 37 43 0.0 16.0 105.0 5255.0 50075.0 531.0 25581.0
39 37 44 0.0 7.0 22.0 2544.0 23211.0 388.0 1579.0
39 37 45 0.0 0.0 7.0 114.0 1421.0 26.0 0.0
39 37 46 0.0 0.0 0.0 0.0 4.0 0.0 0.0
39 38 34 0.0 0.0 0.0 1.0 20.0 0.0 0.0
39 38 35 0.0 0.0 7.0 332.0 4649.0 77.0 43.0
39 38 36 0.0 15.0 117.0 3517.0 43047.0 590.0 8271.0
39 38 37 0.0 27.0 86.0 4386.0 45287.0 394.0 55002.0
39 38 38 0.0 26.0 75.0 3109.0 27872.0 207.0 98887.0
39 38 39 0.0 21.0 67.0 2697.0 19795.0 106.0 117533.0
39 38 40 0.0 16.0 63.0 2483.0 18494.0 118.0 121836.0
39 38 41 0.0 20.0 70.0 2691.0 20980.0 144.0 116204.0
39 38 42 0.0 22.0 68.0 3278.0 28239.0 195.0 97360.0
39 38 43 0.0 14.0 135.0 4946.0 44825.0 406.0 54567.0
39 38 44 0.0 7.0 125.0 3818.0 41130.0 601.0 7275.0
39 38 45 0.0 1.0 7.0 396.0 4450.0 98.0 24.0
39 38 46 0.0 0.0 0.0 2.0 14.0 0.0 0.0
39 39 34 0.0 0.0 0.0 3.0 24.0 1.0 0.0
39 39 35 0.0 1.0 20.0 676.0 7463.0 121.0 96.0
39 39 36 0.0 22.0 114.0 4378.0 49880.0 640.0 15319.0
39 39 37 0.0 29.0 101.0 4067.0 38513.0 298.0 71810.0
39 39 38 0.0 14.0 65.0 2345.0 21217.0 137.0 116330.0
39 39 39 0.0 17.0 32.0 1405.0 11880.0 52.0 146491.0
39 39 40 0.0 11.0 32.0 1312.0 10588.0 41.0 147946.0
39 39 41 0.0 9.0 43.0 1517.0 11891.0 44.0 145105.0
39 39 42 0.0 10.0 66.0 2319.0 21379.0 138.0 115604.0
39 39 43 0.0 9.0 111.0 3819.0 39196.0 338.0 70295.0
39 39 44 0.0 14.0 83.0 5039.0 48398.0 591.0 14294.0
39 39 45 0.0 3.0 14.0 717.0 7414.0 121.0 109.0
39 39 46 0.0 0.0 0.0 3.0 37.0 1.0 0.0
39 40 34 0.0 0.0 0.0 4.0 32.0 0.0 0.0
39 40 35 0.0 2.0 34.0 866.0 8758.0 130.0 128.0
39 40 36 0.0 14.0 118.0 4590.0 50647.0 606.0 17667.0
39 40 37 0.0 13.0 124.0 3928.0 37484.0 325.0 75053.0
39 40 38 0.0 11.0 67.0 2175.0 19119.0 97.0 120912.0
39 40 39 0.0 9.0 50.0 1209.0 10756.0 46.0 147582.0
39 40 40 0.0 4.0 36.0 1110.0 8930.0 42.0 151823.0
39 40 41 0.0 12.0 32.0 1204.0 10955.0 55.0 147243.0
39 40 42 0.0 16.0 69.0 2044.0 19515.0 107.0 120638.0
39 40 43 0.0 21.0 111.0 3988.0 37176.0 282.0 74726.0
39 40 44 0.0 13.0 118.0 5198.0 49990.0 610.0 17665.0
39 40 45 0.0 2.0 11.0 884.0 8559.0 155.0 138.0
39 40 46 0.0 0.0 0.0 10.0 37.0 1.0 0.0
39 41 34 0.0 0.0 0.0 2.0 33.0 0.0 0.0
39 41 35 0.0 1.0 18.0 688.0 7179.0 138.0 104.0
39 41 36 0.0 12.0 114.0 4722.0 48134.0 616.0 14387.0
39 41 37 0.0 30.0 116.0 4036.0 39057.0 319.0 70053.0
39 41 38 0.0 23.0 64.0 2330.0 21691.0 130.0 114610.0
39 41 39 0.0 4.0 35.0 1357.0 12327.0 52.0 143787.0
39 41 40 0.0 9.0 56.0 1120.0 10813.0 36.0 148261.0
39 41 41 0.0 10.0 51.0 1429.0 12399.0 48.0 144898.0
39 41 42 0.0 14.0 92.0 2408.0 21920.0 123.0 115375.0
39 41 43 0.0 20.0 133.0 4171.0 39168.0 349.0 70590.0
39 41 44 0.0 9.0 122.0 5370.0 47893.0 598.0 14611.0
39 41 45 0.0 2.0 25.0 728.0 7054.0 116.0 104.0
39 41 46 0.0 0.0 0.0 1.0 30.0 0.0 0.0
39 42 34 0.0 0.0 0.0 0.0 18.0 0.0 0.0
39 42 35 0.0 0.0 16.0 401.0 3972.0 66.0 26.0
39 42 36 0.0 33.0 63.0 3674.0 39906.0 559.0 7045.0
39 42 37 0.0 43.0 132.0 4682.0 46046.0 453.0 51774.0
39 42 38 0.0 25.0 85.0 3060.0 28633.0 197.0 97299.0
39 42 39 0.0 23.0 69.0 2318.0 21380.0 115.0 115629.0
39 42 40 0.0 15.0 64.0 2138.0 19578.0 111.0 120504.0
39 42 41 0.0 19.0 107.0 2237.0 21145.0 127.0 116364.0
39 42 42 0.0 14.0 108.0 2917.0 27709.0 206.0 100185.0
39 42 43 0.0 12.0 191.0 4428.0 45390.0 388.0 54050.0
39 42 44 0.0 6.0 99.0 4486.0 40867.0 558.0 7794.0
39 42 45 0.0 0.0 8.0 375.0 4208.0 91.0 25.0
39 42 46 0.0 0.0 0.0 2.0 20.0 0.0 0.0
39 43 34 0.0 0.0 0.0 0.0 1.0 0.0 0.0
39 43 35 0.0 1.0 0.0 136.0 1329.0 12.0 1.0
39 43 36 0.0 5.0 45.0 2352.0 22472.0 329.0 1472.0
39 43 37 0.0 18.0 88.0 4606.0 50227.0 577.0 23028.0
39 43 38 0.0 16.0 87.0 4795.0 45834.0 427.0 51249.0
39 43 39 0.0 25.0 107.0 4205.0 39144.0 334.0 69756.0
39 43 40 0.0 17.0 132.0 3821.0 37003.0 296.0 74873.0
39 43 41 0.0 24.0 154.0 4048.0 39206.0 342.0 70153.0
39 43 42 0.0 24.0 178.0 4701.0 44911.0 415.0 54334.0
39 43 43 0.0 25.0 159.0 4884.0 49791.0 591.0 25977.0
39 43 44 0.0 8.0 117.0 2177.0 23647.0 401.0 1628.0
39 43 45 0.0 0.0 5.0 119.0 1481.0 25.0 2.0
39 43 46 0.0 0.0 0.0 0.0 5.0 0.0 0.0
39 44 35 0.0 0.0 1.0 15.0 220.0 4.0 0.0
39 44 36 0.0 0.0 9.0 472.0 5482.0 86.0 67.0
39 44 37 0.0 25.0 41.0 2109.0 20998.0 339.0 1305.0
39 44 38 0.0 38.0 104.0 4650.0 39312.0 565.0 6870.0
39 44 39 0.0 12.0 95.0 5056.0 47657.0 599.0 14174.0
39 44 40 0.0 21.0 138.0 5097.0 50355.0 629.0 17518.0
39 44 41 0.0 18.0 157.0 4980.0 48275.0 610.0 15151.0
39 44 42 0.0 12.0 86.0 4228.0 41018.0 542.0 7678.0
39 44 43 0.0 11.0 80.0 2215.0 24573.0 357.0 1795.0
39 44 44 0.0 1.0 20.0 618.0 6063.0 117.0 70.0
39 44 45 0.0 0.0 0.0 22.0 164.0 2.0 0.0
39 45 35 0.0 0.0 0.0 0.0 2.0 0.0 0.0
39 45 36 0.0 0.0 2.0 17.0 200.0 0.0 0.0
39 45 37 0.0 0.0 3.0 145.0 1240.0 30.0 0.0
39 45 38 0.0 2.0 11.0 370.0 3647.0 74.0 13.0
39 45 39 0.0 7.0 25.0 812.0 6785.0 130.0 73.0
39 45 40 0.0 2.0 12.0 891.0 8680.0 185.0 124.0
39 45 41 0.0 0.0 22.0 659.0 7321.0 139.0 92.0
39 45 42 0.0 1.0 14.0 455.0 4038.0 71.0 39.0
39 45 43 0.0 1.0 0.0 130.0 1409.0 32.0 2.0
39 45 44 0.0 0.0 0.0 24.0 252.0 5.0 0.0
39 45 45 0.0 0.0 0.0 1.0 11.0 0.0 0.0
39 46 37 0.0 0.0 0.0 0.0 1.0 0.0 0.0
39 46 38 0.0 0.0 0.0 3.0 4.0 0.0 0.0
39 46 39 0.0 0.0 0.0 1.0 32.0 0.0 0.0
39 46 40 0.0 0.0 0.0 1.0 43.0 0.0 0.0
39 46 41 0.0 0.0 0.0 6.0 36.0 1.0 0.0
39 46 42 0.0 0.0 0.0 5.0 15.0 0.0 0.0
40 34 37 0.0 0.0 0.0 0.0 8.0 0.0 0.0
40 34 38 0.0 0.0 0.0 5.0 14.0 0.0 0.0
40 34 39 0.0 0.0 0.0 6.0 50.0 2.0 0.0
40 34 40 0.0 1.0 1.0 4.0 52.0 0.0 0.0
40 34 41 0.0 0.0 0.0 3.0 37.0 0.0 0.0
40 34 42 0.0 0.0 0.0 6.0 26.0 1.0 0.0
40 34 43 0.0 0.0 0.0 0.0 11.0 1.0 0.0
40 35 35 0.0 0.0 0.0 2.0 15.0 1.0 0.0
40 35 36 0.0 0.0 0.0 33.0 305.0 5.0 0.0
40 35 37 0.0 0.0 0.0 289.0 1838.0 29.0 4.0
40 35 38 0.0 4.0 7.0 846.0 5471.0 109.0 45.0
40 35 39 0.0 5.0 14.0 1208.0 8931.0 156.0 158.0
40 35 40 0.0 10.0 15.0 1656.0 10640.0 198.0 251.0
40 35 41 0.0 4.0 20.0 1312.0 9015.0 150.0 157.0
40 35 42 0.0 3.0 7.0 716.0 5295.0 101.0 48.0
40 35 43 0.0 1.0 2.0 266.0 1792.0 50.0 8.0
40 35 44 0.0 0.0 0.0 41.0 303.0 10.0 0.0
40 35 45 0.0 0.0 0.0 1.0 12.0 0.0 0.0
40 36 34 0.0 0.0 1.0 0.0 0.0 0.0 0.0
40 36 35 0.0 0.0 0.0 30.0 312.0 7.0 0.0
40 36 36 0.0 4.0 10.0 663.0 6860.0 100.0 89.0
40 36 37 0.0 31.0 46.0 3911.0 26426.0 441.0 2516.0
40 36 38 0.0 18.0 81.0 6122.0 43241.0 603.0 10836.0
40 36 39 0.0 27.0 101.0 7495.0 48203.0 613.0 19311.0
40 36 40 0.0 17.0 102.0 7450.0 48921.0 620.0 21959.0
40 36 41 0.0 59.0 86.0 7451.0 48024.0 648.0 18186.0
40 36 42 0.0 30.0 90.0 6249.0 42228.0 631.0 9931.0
40 36 43 0.0 18.0 70.0 3513.0 25871.0 426.0 2275.0
40 36 44 0.0 6.0 8.0 681.0 7065.0 130.0 100.0
40 36 45 0.0 0.0 0.0 34.0 294.0 6.0 0.0
40 36 46 0.0 0.0 0.0 0.0 1.0 0.0 0.0
40 37 34 0.0 0.0 0.0 0.0 2.0 0.0 0.0
40 37 35 0.0 0.0 6.0 159.0 1937.0 29.0 8.0
40 37 36 0.0 13.0 68.0 2548.0 27582.0 424.0 2426.0
40 37 37 0.0 33.0 103.0 5231.0 49695.0 490.0 29954.0
40 37 38 0.0 37.0 97.0 6112.0 40618.0 388.0 61517.0
40 37 39 0.0 27.0 80.0 5169.0 34719.0 290.0 77087.0
40 37 40 0.0 30.0 67.0 5122.0 32477.0 265.0 81496.0
40 37 41 0.0 31.0 100.0 5256.0 35346.0 302.0 75959.0
40 37 42 0.0 38.0 87.0 5574.0 42295.0 382.0 58912.0
40 37 43 0.0 30.0 165.0 5284.0 49913.0 520.0 28859.0
40 37 44 0.0 13.0 88.0 2414.0 27035.0 444.0 2336.0
40 37 45 0.0 0.0 3.0 188.0 1741.0 38.0 5.0
40 37 46 0.0 0.0 0.0 3.0 2.0 0.0 0.0
40 38 34 0.0 0.0 0.0 3.0 22.0 1.0 0.0
40 38 35 0.0 0.0 20.0 510.0 5446.0 93.0 31.0
40 38 36 0.0 11.0 89.0 4032.0 45045.0 589.0 10140.0
40 38 37 0.0 30.0 105.0 4446.0 43433.0 377.0 59842.0
40 38 38 0.0 24.0 65.0 2947.0 25279.0 157.0 105003.0
40 38 39 0.0 21.0 59.0 2513.0 18778.0 116.0 121510.0
40 38 40 0.0 16.0 54.0 2414.0 16386.0 108.0 126602.0
40 38 41 0.0 14.0 61.0 2695.0 18555.0 91.0 120559.0
40 38 42 0.0 20.0 81.0 3038.0 25615.0 173.0 104305.0
40 38 43 0.0 29.0 102.0 4683.0 43424.0 411.0 58816.0
40 38 44 0.0 8.0 99.0 4253.0 43766.0 606.0 9702.0
40 38 45 0.0 7.0 12.0 554.0 4902.0 80.0 43.0
40 38 46 0.0 0.0 0.0 0.0 13.0 0.0 0.0
40 39 34 0.0 0.0 0.0 3.0 44.0 1.0 0.0
40 39 35 0.0 0.0 16.0 836.0 9307.0 156.0 140.0
40 39 36 0.0 18.0 92.0 4583.0 51281.0 584.0 17940.0
40 39 37 0.0 15.0 108.0 3522.0 37073.0 300.0 76716.0
40 39 38 0.0 17.0 55.0 1928.0 19607.0 103.0 120184.0
40 39 39 0.0 15.0 31.0 1262.0 10434.0 32.0 148618.0
40 39 40 0.0 7.0 42.0 1115.0 8755.0 18.0 154532.0
40 39 41 0.0 6.0 49.0 1261.0 10865.0 36.0 147318.0
40 39 42 0.0 15.0 67.0 2300.0 19040.0 99.0 120356.0
40 39 43 0.0 11.0 118.0 3818.0 36650.0 297.0 75582.0
40 39 44 0.0 13.0 129.0 5060.0 50181.0 642.0 18597.0
40 39 45 0.0 0.0 25.0 961.0 8536.0 149.0 134.0
40 39 46 0.0 0.0 0.0 4.0 48.0 1.0 0.0
40 40 34 0.0 0.0 0.0 6.0 52.0 0.0 0.0
40 40 35 0.0 3.0 20.0 1058.0 10567.0 181.0 181.0
40 40 36 0.0 36.0 121.0 4992.0 51468.0 606.0 21360.0
40 40 37 0.0 25.0 104.0 3392.0 35265.0 276.0 80153.0
40 40 38 0.0 9.0 58.0 1773.0 17294.0 81.0 124956.0
40 40 39 0.0 5.0 40.0 996.0 9259.0 44.0 151628.0
40 40 40 0.0 6.0 31.0 696.0 6041.0 13.0 173846.0
40 40 41 0.0 4.0 39.0 1078.0 9172.0 37.0 152661.0
40 40 42 0.0 12.0 73.0 1899.0 17239.0 98.0 125587.0
40 40 43 0.0 22.0 130.0 3751.0 34871.0 278.0 79990.0
40 40 44 0.0 57.0 164.0 6007.0 50228.0 562.0 20728.0
40 40 45 0.0 3.0 22.0 1001.0 10359.0 170.0 205.0
40 40 46 0.0 0.0 0.0 5.0 55.0 2.0 0.0
40 41 34 0.0 0.0 0.0 3.0 63.0 1.0 0.0
40 41 35 0.0 3.0 33.0 851.0 9086.0 165.0 118.0
40 41 36 0.0 21.0 83.0 4758.0 50296.0 610.0 18120.0
40 41 37 0.0 16.0 110.0 3491.0 37059.0 290.0 75579.0
40 41 38 0.0 16.0 63.0 2058.0 19601.0 116.0 120054.0
40 41 39 0.0 9.0 41.0 1210.0 10760.0 28.0 148195.0
40 41 40 0.0 10.0 37.0 1012.0 9046.0 25.0 152012.0
40 41 41 0.0 3.0 43.0 1202.0 10945.0 38.0 149182.0
40 41 42 0.0 14.0 73.0 2116.0 19322.0 87.0 120589.0
40 41 43 0.0 26.0 120.0 4042.0 36331.0 305.0 76723.0
40 41 44 0.0 34.0 150.0 5267.0 50007.0 633.0 17556.0
40 41 45 0.0 5.0 33.0 992.0 8846.0 161.0 140.0
40 41 46 0.0 0.0 0.0 10.0 39.0 0.0 0.0
40 42 34 0.0 0.0 0.0 2.0 18.0 0.0 0.0
40 42 35 0.0 1.0 9.0 489.0 5046.0 96.0 40.0
40 42 36 0.0 35.0 60.0 3959.0 43835.0 610.0 9229.0
40 42 37 0.0 22.0 136.0 4254.0 44141.0 421.0 58113.0
40 42 38 0.0 17.0 81.0 2551.0 26563.0 180.0 102752.0
40 42 39 0.0 17.0 63.0 2094.0 19986.0 134.0 119730.0
40 42 40 0.0 7.0 78.0 1859.0 17660.0 74.0 124942.0
40 42 41 0.0 17.0 83.0 2073.0 19693.0 107.0 120730.0
40 42 42 0.0 16.0 110.0 2602.0 25528.0 174.0 104653.0
40 42 43 0.0 31.0 172.0 4352.0 43802.0 392.0 59542.0
40 42 44 0.0 39.0 135.0 4822.0 43556.0 628.0 9950.0
40 42 45 0.0 7.0 19.0 544.0 5179.0 95.0 41.0
40 42 46 0.0 0.0 0.0 0.0 18.0 1.0 0.0
40 43 34 0.0 0.0 0.0 0.0 7.0 0.0 0.0
40 43 35 0.0 1.0 1.0 131.0 1799.0 40.0 3.0
40 43 36 0.0 2.0 98.0 2393.0 25650.0 426.0 1992.0
40 43 37 0.0 17.0 124.0 4573.0 50580.0 571.0 28520.0
40 43 38 0.0 24.0 151.0 4342.0 44641.0 389.0 57145.0
40 43 39 0.0 28.0 108.0 3930.0 36985.0 286.0 75159.0
40 43 40 0.0 26.0 135.0 3797.0 35148.0 271.0 79493.0
40 43 41 0.0 27.0 138.0 3861.0 37015.0 316.0 75525.0
40 43 42 0.0 23.0 187.0 4383.0 43380.0 369.0 59253.0
40 43 43 0.0 20.0 215.0 4809.0 50406.0 542.0 30225.0
40 43 44 0.0 14.0 157.0 2595.0 26786.0 432.0 2208.0
40 43 45 0.0 0.0 7.0 182.0 1903.0 27.0 6.0
40 43 46 0.0 0.0 0.0 1.0 5.0 0.0 0.0
40 44 35 0.0 0.0 1.0 24.0 248.0 6.0 0.0
40 44 36 0.0 3.0 3.0 586.0 6457.0 104.0 85.0
40 44 37 0.0 12.0 47.0 2418.0 24760.0 417.0 1919.0
40 44 38 0.0 17.0 88.0 4368.0 42978.0 580.0 9164.0
40 44 39 0.0 43.0 148.0 5376.0 49461.0 582.0 17479.0
40 44 40 0.0 22.0 169.0 5440.0 50982.0 587.0 20848.0
40 44 41 0.0 15.0 149.0 4933.0 50327.0 610.0 18255.0
40 44 42 0.0 9.0 90.0 4599.0 44127.0 574.0 9860.0
40 44 43 0.0 16.0 63.0 2627.0 27070.0 435.0 2327.0
40 44 44 0.0 0.0 34.0 688.0 7411.0 143.0 109.0
40 44 45 0.0 0.0 0.0 17.0 303.0 5.0 1.0
40 44 46 0.0 0.0 0.0 0.0 1.0 0.0 0.0
40 45 35 0.0 0.0 0.0 2.0 8.0 0.0 0.0
40 45 36 0.0 0.0 1.0 29.0 282.0 3.0 0.0
40 45 37 0.0 0.0 2.0 175.0 1832.0 40.0 5.0
40 45 38 0.0 4.0 8.0 553.0 4522.0 69.0 34.0
40 45 39 0.0 2.0 13.0 958.0 8650.0 162.0 140.0
40 45 40 0.0 4.0 28.0 1006.0 10290.0 173.0 209.0
40 45 41 0.0 2.0 24.0 911.0 8716.0 152.0 140.0
40 45 42 0.0 2.0 15.0 521.0 5165.0 96.0 39.0
40 45 43 0.0 2.0 0.0 175.0 1843.0 29.0 6.0
40 45 44 0.0 0.0 0.0 23.0 278.0 2.0 0.0
40 45 45 0.0 0.0 2.0 0.0 10.0 0.0 0.0
40 46 37 0.0 0.0 0.0 3.0 2.0 0.0 0.0
40 46 38 0.0 0.0 0.0 1.0 16.0 1.0 0.0
40 46 39 0.0 0.0 0.0 3.0 42.0 0.0 0.0
40 46 40 0.0 0.0 0.0 9.0 62.0 1.0 0.0
40 46 41 0.0 0.0 0.0 5.0 48.0 2.0 0.0
40 46 42 0.0 0.0 0.0 1.0 29.0 2.0 0.0
40 46 43 0.0 0.0 0.0 0.0 5.0 0.0 0.0
40 46 44 0.0 0.0 0.0 0.0 2.0 0.0 0.0
41 34 37 0.0 0.0 0.0 1.0 4.0 1.0 0.0
41 34 38 0.0 0.0 0.0 1.0 19.0 0.0 0.0
41 34 39 0.0 0.0 0.0 5.0 30.0 0.0 0.0
41 34 40 0.0 0.0 0.0 1.0 36.0 0.0 0.0
41 34 41 0.0 0.0 0.0 5.0 37.0 0.0 0.0
41 34 42 0.0 0.0 0.0 3.0 18.0 0.0 0.0
41 34 43 0.0 0.0 0.0 1.0 3.0 0.0 0.0
41 35 35 0.0 0.0 0.0 1.0 6.0 0.0 0.0
41 35 36 0.0 0.0 1.0 13.0 279.0 2.0 0.0
41 35 37 0.0 0.0 10.0 186.0 1426.0 20.0 0.0
41 35 38 0.0 5.0 4.0 588.0 4670.0 70.0 42.0
41 35 39 0.0 5.0 23.0 1120.0 7403.0 139.0 104.0
41 35 40 0.0 16.0 7.0 1446.0 8879.0 156.0 167.0
41 35 41 0.0 8.0 26.0 1330.0 7190.0 148.0 97.0
41 35 42 0.0 5.0 12.0 619.0 4029.0 68.0 34.0
41 35 43 0.0 1.0 4.0 257.0 1492.0 39.0 3.0
41 35 44 0.0 1.0 0.0 15.0 184.0 3.0 0.0
41 35 45 0.0 0.0 0.0 0.0 11.0 0.0 0.0
41 36 34 0.0 0.0 0.0 0.0 1.0 0.0 0.0
41 36 35 0.0 0.0 0.0 33.0 216.0 4.0 0.0
41 36 36 0.0 5.0 24.0 824.0 6255.0 123.0 91.0
41 36 37 0.0 7.0 101.0 2810.0 23899.0 371.0 1780.0
41 36 38 0.0 30.0 55.0 5883.0 40660.0 616.0 8489.0
41 36 39 0.0 59.0 96.0 7659.0 46555.0 624.0 15994.0
41 36 40 0.0 33.0 109.0 7284.0 48426.0 683.0 18621.0
41 36 41 0.0 24.0 119.0 7599.0 46169.0 591.0 15221.0
41 36 42 0.0 31.0 143.0 5688.0 39840.0 583.0 8068.0
41 36 43 0.0 9.0 30.0 3226.0 22259.0 381.0 1619.0
41 36 44 0.0 6.0 13.0 504.0 6008.0 95.0 77.0
41 36 45 0.0 0.0 0.0 11.0 249.0 4.0 0.0
41 36 46 0.0 0.0 0.0 0.0 1.0 0.0 0.0
41 37 34 0.0 0.0 0.0 2.0 2.0 0.0 0.0
41 37 35 0.0 0.0 5.0 152.0 1505.0 28.0 3.0
41 37 36 0.0 3.0 48.0 2391.0 24830.0 393.0 1852.0
41 37 37 0.0 44.0 104.0 5871.0 49286.0 621.0 26027.0
41 37 38 0.0 25.0 139.0 5425.0 44294.0 404.0 54898.0
41 37 39 0.0 26.0 81.0 5111.0 37021.0 319.0 71966.0
41 37 40 0.0 42.0 94.0 5628.0 34740.0 281.0 76796.0
41 37 41 0.0 48.0 110.0 5788.0 36971.0 322.0 70979.0
41 37 42 0.0 72.0 130.0 6748.0 43314.0 418.0 53218.0
41 37 43 0.0 21.0 155.0 5429.0 49488.0 577.0 24652.0
41 37 44 0.0 6.0 56.0 2348.0 22901.0 347.0 1570.0
41 37 45 0.0 0.0 3.0 132.0 1485.0 30.0 3.0
41 37 46 0.0 0.0 0.0 1.0 6.0 0.0 0.0
41 38 34 0.0 0.0 0.0 1.0 6.0 0.0 0.0
41 38 35 0.0 2.0 13.0 452.0 4237.0 84.0 34.0
41 38 36 0.0 36.0 62.0 3718.0 42048.0 588.0 7887.0
41 38 37 0.0 23.0 147.0 4629.0 45595.0 411.0 53985.0
41 38 38 0.0 14.0 91.0 3016.0 28230.0 191.0 98336.0
41 38 39 0.0 30.0 54.0 2823.0 20650.0 113.0 116311.0
41 38 40 0.0 18.0 64.0 2739.0 18741.0 102.0 120881.0
41 38 41 0.0 16.0 66.0 3022.0 20331.0 120.0 116622.0
41 38 42 0.0 19.0 81.0 3323.0 27722.0 190.0 98951.0
41 38 43 0.0 26.0 158.0 4969.0 45069.0 381.0 53714.0
41 38 44 0.0 46.0 71.0 4918.0 40819.0 565.0 7591.0
41 38 45 0.0 1.0 11.0 481.0 4222.0 81.0 28.0
41 38 46 0.0 0.0 0.0 0.0 9.0 0.0 0.0
41 39 34 0.0 0.0 0.0 1.0 28.0 2.0 0.0
41 39 35 0.0 8.0 13.0 690.0 7572.0 115.0 116.0
41 39 36 0.0 7.0 113.0 4088.0 49662.0 608.0 15203.0
41 39 37 0.0 26.0 102.0 3502.0 38852.0 346.0 71811.0
41 39 38 0.0 15.0 76.0 2149.0 21216.0 135.0 115709.0
41 39 39 0.0 16.0 40.0 1460.0 12176.0 53.0 144512.0
41 39 40 0.0 9.0 38.0 1392.0 10687.0 39.0 146697.0
41 39 41 0.0 10.0 46.0 1540.0 12226.0 43.0 144789.0
41 39 42 0.0 18.0 73.0 2364.0 21109.0 135.0 116592.0
41 39 43 0.0 13.0 99.0 4192.0 38661.0 335.0 70795.0
41 39 44 0.0 16.0 121.0 5040.0 48545.0 608.0 15234.0
41 39 45 0.0 3.0 27.0 782.0 7556.0 132.0 96.0
41 39 46 0.0 0.0 0.0 2.0 38.0 0.0 0.0
41 40 34 0.0 0.0 0.0 3.0 41.0 0.0 0.0
41 40 35 0.0 0.0 8.0 760.0 9388.0 160.0 150.0
41 40 36 0.0 23.0 96.0 5021.0 50317.0 595.0 18707.0
41 40 37 0.0 23.0 103.0 3401.0 37296.0 273.0 75686.0
41 40 38 0.0 12.0 63.0 1814.0 19594.0 115.0 121092.0
41 40 39 0.0 5.0 39.0 1080.0 10756.0 44.0 149789.0
41 40 40 0.0 2.0 45.0 1028.0 9013.0 26.0 152212.0
41 40 41 0.0 11.0 49.0 1172.0 10896.0 43.0 148229.0
41 40 42 0.0 20.0 84.0 2063.0 19550.0 111.0 120306.0
41 40 43 0.0 20.0 117.0 3902.0 36783.0 334.0 75659.0
41 40 44 0.0 28.0 144.0 5606.0 50058.0 625.0 18395.0
41 40 45 0.0 5.0 18.0 1007.0 8852.0 154.0 157.0
41 40 46 0.0 0.0 0.0 3.0 59.0 2.0 0.0
41 41 34 0.0 0.0 0.0 5.0 45.0 0.0 0.0
41 41 35 0.0 6.0 10.0 747.0 7372.0 142.0 103.0
41 41 36 0.0 8.0 116.0 4551.0 49125.0 609.0 14653.0
41 41 37 0.0 33.0 116.0 3552.0 39117.0 316.0 71094.0
41 41 38 0.0 16.0 69.0 2015.0 21799.0 133.0 115057.0
41 41 39 0.0 6.0 60.0 1264.0 12418.0 51.0 144270.0
41 41 40 0.0 11.0 56.0 1132.0 10844.0 25.0 147716.0
41 41 41 0.0 6.0 57.0 1272.0 12171.0 48.0 146060.0
41 41 42 0.0 10.0 92.0 2273.0 21418.0 119.0 115926.0
41 41 43 0.0 22.0 111.0 4104.0 38981.0 312.0 70819.0
41 41 44 0.0 17.0 126.0 5036.0 48319.0 630.0 15209.0
41 41 45 0.0 1.0 27.0 782.0 7524.0 147.0 102.0
41 41 46 0.0 0.0 0.0 3.0 31.0 2.0 0.0
41 42 34 0.0 0.0 0.0 0.0 14.0 0.0 0.0
41 42 35 0.0 0.0 4.0 344.0 4301.0 70.0 25.0
41 42 36 0.0 11.0 119.0 3488.0 41757.0 566.0 7646.0
41 42 37 0.0 23.0 156.0 3929.0 45945.0 421.0 53663.0
41 42 38 0.0 24.0 86.0 2707.0 28244.0 187.0 98732.0
41 42 39 0.0 18.0 94.0 2197.0 21898.0 122.0 115501.0
41 42 40 0.0 11.0 84.0 1887.0 19469.0 97.0 120893.0
41 42 41 0.0 13.0 101.0 2263.0 21507.0 119.0 115779.0
41 42 42 0.0 12.0 135.0 2847.0 27982.0 196.0 99234.0
41 42 43 0.0 21.0 127.0 4745.0 44839.0 414.0 54617.0
41 42 44 0.0 9.0 93.0 3988.0 41439.0 571.0 7801.0
41 42 45 0.0 0.0 7.0 403.0 4320.0 94.0 37.0
41 42 46 0.0 0.0 0.0 2.0 22.0 0.0 0.0
41 43 34 0.0 0.0 0.0 0.0 1.0 0.0 0.0
41 43 35 0.0 0.0 2.0 107.0 1423.0 20.0 2.0
41 43 36 0.0 4.0 47.0 2119.0 22921.0 398.0 1493.0
41 43 37 0.0 42.0 87.0 4863.0 50232.0 532.0 24417.0
41 43 38 0.0 35.0 148.0 4504.0 45496.0 426.0 53442.0
41 43 39 0.0 19.0 134.0 3925.0 39255.0 331.0 70490.0
41 43 40 0.0 29.0 155.0 3844.0 37299.0 307.0 74972.0
41 43 41 0.0 18.0 158.0 3646.0 38798.0 366.0 71074.0
41 43 42 0.0 8.0 129.0 4303.0 46235.0 428.0 53414.0
41 43 43 0.0 2.0 136.0 4404.0 50428.0 599.0 25752.0
41 43 44 0.0 17.0 99.0 2528.0 23699.0 354.0 1632.0
41 43 45 0.0 2.0 3.0 153.0 1489.0 29.0 1.0
41 43 46 0.0 0.0 0.0 0.0 5.0 0.0 0.0
41 44 35 0.0 0.0 0.0 16.0 197.0 4.0 0.0
41 44 36 0.0 0.0 2.0 579.0 5722.0 109.0 69.0
41 44 37 0.0 5.0 50.0 2000.0 23036.0 367.0 1501.0
41 44 38 0.0 12.0 86.0 3981.0 40376.0 587.0 7189.0
41 44 39 0.0 22.0 118.0 4768.0 48102.0 624.0 13732.0
41 44 40 0.0 24.0 156.0 4893.0 50138.0 638.0 17907.0
41 44 41 0.0 7.0 180.0 5074.0 48774.0 614.0 15156.0
41 44 42 0.0 6.0 119.0 4708.0 41351.0 612.0 7947.0
41 44 43 0.0 7.0 65.0 2120.0 24632.0 424.0 1764.0
41 44 44 0.0 2.0 12.0 488.0 6147.0 116.0 63.0
41 44 45 0.0 0.0 4.0 17.0 210.0 5.0 0.0
41 45 35 0.0 0.0 0.0 0.0 4.0 0.0 0.0
41 45 36 0.0 0.0 0.0 31.0 206.0 6.0 0.0
41 45 37 0.0 0.0 3.0 187.0 1269.0 26.0 8.0
41 45 38 0.0 0.0 7.0 379.0 4025.0 74.0 35.0
41 45 39 0.0 3.0 5.0 647.0 7238.0 137.0 83.0
41 45 40 0.0 3.0 26.0 910.0 8378.0 161.0 115.0
41 45 41 0.0 2.0 21.0 652.0 7245.0 127.0 96.0
41 45 42 0.0 1.0 27.0 382.0 4308.0 81.0 45.0
41 45 43 0.0 0.0 3.0 183.0 1508.0 34.0 2.0
41 45 44 0.0 0.0 0.0 18.0 263.0 7.0 0.0
41 45 45 0.0 0.0 0.0 0.0 8.0 0.0 0.0
41 46 37 0.0 0.0 0.0 0.0 9.0 0.0 0.0
41 46 38 0.0 0.0 0.0 1.0 15.0 0.0 0.0
41 46 39 0.0 0.0 0.0 3.0 40.0 0.0 0.0
41 46 40 0.0 0.0 0.0 9.0 37.0 1.0 0.0
41 46 41 0.0 0.0 0.0 6.0 34.0 2.0 0.0
41 46 42 0.0 0.0 0.0 1.0 18.0 0.0 0.0
41 46 43 0.0 0.0 0.0 0.0 4.0 0.0 0.0
42 34 37 0.0 0.0 0.0 2.0 3.0 0.0 0.0
42 34 38 0.0 0.0 0.0 1.0 5.0 0.0 0.0
42 34 39 0.0 0.0 0.0 1.0 11.0 0.0 0.0
42 34 40 0.0 0.0 0.0 2.0 12.0 0.0 0.0
42 34 41 0.0 0.0 0.0 1.0 17.0 0.0 0.0
42 34 42 0.0 0.0 0.0 1.0 8.0 0.0 0.0
42 35 35 0.0 0.0 0.0 1.0 1.0 0.0 0.0
42 35 36 0.0 0.0 0.0 21.0 136.0 4.0 0.0
42 35 37 0.0 1.0 2.0 109.0 732.0 12.0 1.0
42 35 38 0.0 2.0 5.0 323.0 2405.0 47.0 12.0
42 35 39 0.0 1.0 1.0 615.0 4400.0 74.0 33.0
42 35 40 0.0 8.0 10.0 865.0 4869.0 88.0 40.0
42 35 41 0.0 1.0 11.0 642.0 4159.0 86.0 27.0
42 35 42 0.0 0.0 6.0 341.0 2136.0 36.0 8.0
42 35 43 0.0 0.0 1.0 111.0 716.0 12.0 0.0
42 35 44 0.0 0.0 0.0 31.0 107.0 3.0 0.0
42 35 45 0.0 0.0 0.0 1.0 1.0 0.0 0.0
42 36 35 0.0 0.0 1.0 10.0 103.0 4.0 0.0
42 36 36 0.0 0.0 2.0 446.0 3492.0 76.0 27.0
42 36 37 0.0 14.0 39.0 1750.0 15464.0 263.0 620.0
42 36 38 0.0 30.0 34.0 4230.0 30687.0 472.0 3495.0
42 36 39 0.0 33.0 90.0 5819.0 39680.0 494.0 7999.0
42 36 40 0.0 30.0 94.0 6311.0 42544.0 595.0 9738.0
42 36 41 0.0 41.0 75.0 6643.0 38342.0 557.0 7490.0
42 36 42 0.0 13.0 71.0 4883.0 29884.0 512.0 3540.0
42 36 43 0.0 15.0 44.0 2005.0 14316.0 230.0 566.0
42 36 44 0.0 13.0 9.0 363.0 3496.0 69.0 17.0
42 36 45 0.0 0.0 0.0 3.0 122.0 1.0 0.0
42 37 34 0.0 0.0 0.0 0.0 1.0 0.0 0.0
42 37 35 0.0 0.0 3.0 86.0 848.0 18.0 0.0
42 37 36 0.0 7.0 19.0 1600.0 15122.0 235.0 580.0
42 37 37 0.0 47.0 58.0 4777.0 46502.0 607.0 14290.0
42 37 38 0.0 39.0 69.0 6447.0 48595.0 576.0 36830.0
42 37 39 0.0 92.0 129.0 6211.0 43337.0 417.0 53238.0
42 37 40 0.0 56.0 88.0 6865.0 40966.0 390.0 58728.0
42 37 41 0.0 65.0 112.0 6893.0 43101.0 392.0 54181.0
42 37 42 0.0 38.0 162.0 6622.0 47599.0 549.0 38104.0
42 37 43 0.0 14.0 154.0 5384.0 46141.0 614.0 14192.0
42 37 44 0.0 3.0 22.0 1660.0 15076.0 279.0 565.0
42 37 45 0.0 1.0 2.0 100.0 763.0 14.0 1.0
42 37 46 0.0 0.0 0.0 0.0 5.0 0.0 0.0
42 38 34 0.0 0.0 0.0 2.0 12.0 0.0 0.0
42 38 35 0.0 2.0 1.0 176.0 2368.0 28.0 8.0
42 38 36 0.0 8.0 39.0 2805.0 31390.0 461.0 3375.0
42 38 37 0.0 32.0 81.0 4620.0 49710.0 527.0 38799.0
42 38 38 0.0 34.0 87.0 3833.0 34263.0 292.0 81282.0
42 38 39 0.0 35.0 80.0 3488.0 28074.0 182.0 96664.0
42 38 40 0.0 27.0 80.0 3392.0 25618.0 177.0 102238.0
42 38 41 0.0 18.0 84.0 3582.0 27666.0 209.0 97645.0
42 38 42 0.0 18.0 134.0 4046.0 34711.0 303.0 80445.0
42 38 43 0.0 33.0 138.0 5165.0 49128.0 523.0 37720.0
42 38 44 0.0 13.0 84.0 3082.0 30499.0 461.0 3265.0
42 38 45 0.0 0.0 6.0 260.0 2160.0 31.0 4.0
42 38 46 0.0 0.0 0.0 0.0 11.0 0.0 0.0
42 39 34 0.0 0.0 0.0 1.0 9.0 0.0 0.0
42 39 35 0.0 1.0 12.0 381.0 4325.0 73.0 26.0
42 39 36 0.0 25.0 109.0 3463.0 41804.0 603.0 7800.0
42 39 37 0.0 15.0 154.0 4062.0 45980.0 407.0 53763.0
42 39 38 0.0 21.0 75.0 2834.0 28426.0 191.0 99052.0
42 39 39 0.0 22.0 71.0 2274.0 21520.0 102.0 115287.0
42 39 40 0.0 18.0 68.0 2093.0 19275.0 96.0 120732.0
42 39 41 0.0 17.0 94.0 2467.0 21479.0 117.0 115101.0
42 39 42 0.0 27.0 82.0 3226.0 27722.0 199.0 98237.0
42 39 43 0.0 30.0 129.0 4585.0 45964.0 424.0 53513.0
42 39 44 0.0 18.0 62.0 3769.0 41249.0 596.0 7456.0
42 39 45 0.0 2.0 10.0 390.0 4238.0 82.0 28.0
42 39 46 0.0 0.0 0.0 2.0 10.0 0.0 0.0
42 40 34 0.0 0.0 0.0 5.0 25.0 1.0 0.0
42 40 35 0.0 1.0 6.0 448.0 5025.0 83.0 39.0
42 40 36 0.0 12.0 165.0 3671.0 44974.0 672.0 9757.0
42 40 37 0.0 12.0 114.0 3852.0 43908.0 393.0 58945.0
42 40 38 0.0 6.0 82.0 2316.0 26202.0 165.0 104275.0
42 40 39 0.0 9.0 82.0 1821.0 19787.0 101.0 120264.0
42 40 40 0.0 9.0 73.0 1789.0 17548.0 105.0 125418.0
42 40 41 0.0 12.0 73.0 2033.0 19546.0 98.0 120496.0
42 40 42 0.0 15.0 99.0 2529.0 26044.0 182.0 104105.0
42 40 43 0.0 22.0 134.0 4501.0 43802.0 398.0 58119.0
42 40 44 0.0 5.0 111.0 4606.0 44195.0 587.0 9479.0
42 40 45 0.0 0.0 4.0 451.0 5017.0 88.0 48.0
42 40 46 0.0 0.0 0.0 3.0 24.0 0.0 0.0
42 41 34 0.0 0.0 0.0 0.0 15.0 0.0 0.0
42 41 35 0.0 0.0 21.0 368.0 4045.0 66.0 38.0
42 41 36 0.0 29.0 121.0 3723.0 41150.0 562.0 7379.0
42 41 37 0.0 17.0 140.0 3765.0 46737.0 424.0 53266.0
42 41 38 0.0 7.0 103.0 2387.0 28551.0 203.0 98778.0
42 41 39 0.0 8.0 87.0 1890.0 21734.0 127.0 116429.0
42 41 40 0.0 17.0 85.0 1809.0 19478.0 112.0 120834.0
42 41 41 0.0 9.0 97.0 2072.0 21278.0 111.0 117131.0
42 41 42 0.0 10.0 110.0 2704.0 28503.0 219.0 98244.0
42 41 43 0.0 25.0 145.0 4252.0 46250.0 458.0 53653.0
42 41 44 0.0 10.0 101.0 4303.0 41032.0 582.0 7451.0
42 41 45 0.0 5.0 8.0 435.0 4232.0 75.0 39.0
42 41 46 0.0 0.0 0.0 0.0 10.0 0.0 0.0
42 42 34 0.0 0.0 0.0 0.0 11.0 0.0 0.0
42 42 35 0.0 1.0 4.0 184.0 2147.0 39.0 7.0
42 42 36 0.0 5.0 77.0 2601.0 31656.0 474.0 3320.0
42 42 37 0.0 17.0 111.0 4731.0 50322.0 504.0 36720.0
42 42 38 0.0 22.0 107.0 3327.0 35474.0 278.0 79838.0
42 42 39 0.0 16.0 101.0 2730.0 29143.0 219.0 96548.0
42 42 40 0.0 13.0 94.0 2448.0 25742.0 158.0 105027.0
42 42 41 0.0 16.0 120.0 2584.0 28363.0 209.0 98624.0
42 42 42 0.0 15.0 104.0 2939.0 34385.0 247.0 82605.0
42 42 43 0.0 26.0 110.0 4300.0 50001.0 519.0 38548.0
42 42 44 0.0 19.0 115.0 2874.0 31916.0 474.0 3489.0
42 42 45 0.0 4.0 8.0 223.0 2351.0 44.0 11.0
42 42 46 0.0 0.0 0.0 2.0 9.0 0.0 0.0
42 43 34 0.0 0.0 0.0 1.0 1.0 0.0 0.0
42 43 35 0.0 0.0 2.0 48.0 728.0 15.0 0.0
42 43 36 0.0 10.0 30.0 1310.0 15066.0 258.0 574.0
42 43 37 0.0 23.0 98.0 4631.0 45871.0 604.0 13293.0
42 43 38 0.0 17.0 122.0 4306.0 50720.0 513.0 35839.0
42 43 39 0.0 14.0 106.0 4041.0 45999.0 418.0 53064.0
42 43 40 0.0 13.0 139.0 4094.0 44425.0 419.0 58318.0
42 43 41 0.0 33.0 142.0 4267.0 45104.0 457.0 54861.0
42 43 42 0.0 18.0 119.0 4553.0 50420.0 506.0 37738.0
42 43 43 0.0 9.0 99.0 4335.0 47187.0 615.0 14412.0
42 43 44 0.0 9.0 65.0 1544.0 16063.0 277.0 609.0
42 43 45 0.0 0.0 1.0 70.0 823.0 18.0 2.0
42 43 46 0.0 0.0 0.0 1.0 0.0 0.0 0.0
42 44 35 0.0 0.0 0.0 12.0 99.0 1.0 0.0
42 44 36 0.0 1.0 14.0 280.0 3219.0 65.0 14.0
42 44 37 0.0 5.0 30.0 1297.0 14522.0 217.0 469.0
42 44 38 0.0 3.0 74.0 2773.0 30404.0 455.0 3092.0
42 44 39 0.0 32.0 88.0 3578.0 41436.0 592.0 7450.0
42 44 40 0.0 9.0 121.0 3790.0 44529.0 613.0 9474.0
42 44 41 0.0 8.0 81.0 3763.0 41550.0 575.0 7472.0
42 44 42 0.0 3.0 87.0 2719.0 32205.0 479.0 3583.0
42 44 43 0.0 4.0 67.0 1255.0 15054.0 251.0 527.0
42 44 44 0.0 2.0 3.0 293.0 3398.0 65.0 17.0
42 44 45 0.0 0.0 0.0 13.0 153.0 1.0 0.0
42 44 46 0.0 0.0 0.0 0.0 1.0 0.0 0.0
42 45 35 0.0 0.0 0.0 1.0 1.0 0.0 0.0
42 45 36 0.0 0.0 0.0 7.0 83.0 1.0 0.0
42 45 37 0.0 0.0 2.0 66.0 635.0 10.0 0.0
42 45 38 0.0 0.0 2.0 239.0 2249.0 42.0 4.0
42 45 39 0.0 1.0 8.0 473.0 4134.0 79.0 26.0
42 45 40 0.0 2.0 11.0 487.0 4925.0 98.0 45.0
42 45 41 0.0 0.0 23.0 397.0 4148.0 71.0 22.0
42 45 42 0.0 0.0 8.0 200.0 2507.0 43.0 16.0
42 45 43 0.0 0.0 1.0 66.0 650.0 9.0 0.0
42 45 44 0.0 0.0 0.0 12.0 139.0 4.0 0.0
42 45 45 0.0 0.0 0.0 1.0 2.0 0.0 0.0
42 46 37 0.0 0.0 0.0 0.0 3.0 0.0 0.0
42 46 38 0.0 0.0 0.0 0.0 4.0 0.0 0.0
42 46 39 0.0 0.0 0.0 5.0 13.0 0.0 0.0
42 46 40 0.0 0.0 0.0 1.0 19.0 1.0 0.0
42 46 41 0.0 0.0 0.0 1.0 10.0 0.0 0.0
42 46 42 0.0 0.0 0.0 4.0 4.0 0.0 0.0
42 46 43 0.0 0.0 0.0 0.0 7.0 0.0 0.0
43 34 38 0.0 0.0 0.0 2.0 5.0 0.0 0.0
43 34 39 0.0 0.0 0.0 0.0 1.0 0.0 0.0
43 34 40 0.0 0.0 0.0 3.0 4.0 0.0 0.0
43 34 41 0.0 0.0 0.0 0.0 5.0 0.0 0.0
43 34 42 0.0 0.0 0.0 0.0 3.0 0.0 0.0
43 34 43 0.0 0.0 0.0 0.0 1.0 0.0 0.0
43 35 35 0.0 0.0 0.0 0.0 1.0 0.0 0.0
43 35 36 0.0 0.0 0.0 4.0 26.0 1.0 0.0
43 35 37 0.0 1.0 0.0 38.0 238.0 5.0 0.0
43 35 38 0.0 0.0 1.0 70.0 726.0 16.0 1.0
43 35 39 0.0 0.0 5.0 179.0 1496.0 28.0 2.0
43 35 40 0.0 0.0 1.0 269.0 1626.0 29.0 2.0
43 35 41 0.0 4.0 1.0 236.0 1403.0 34.0 5.0
43 35 42 0.0 0.0 0.0 132.0 735.0 14.0 0.0
43 35 43 0.0 0.0 0.0 31.0 236.0 4.0 0.0
43 35 44 0.0 0.0 0.0 3.0 23.0 1.0 0.0
43 35 45 0.0 0.0 0.0 0.0 1.0 0.0 0.0
43 36 35 0.0 0.0 0.0 6.0 31.0 0.0 0.0
43 36 36 0.0 0.0 4.0 109.0 1283.0 23.0 2.0
43 36 37 0.0 2.0 12.0 794.0 5858.0 114.0 72.0
43 36 38 0.0 19.0 55.0 2079.0 13814.0 272.0 465.0
43 36 39 0.0 27.0 41.0 3127.0 22320.0 374.0 1571.0
43 36 40 0.0 36.0 41.0 3620.0 25145.0 457.0 2167.0
43 36 41 0.0 12.0 55.0 2961.0 21883.0 401.0 1522.0
43 36 42 0.0 14.0 26.0 2356.0 14562.0 266.0 602.0
43 36 43 0.0 10.0 3.0 818.0 5955.0 105.0 101.0
43 36 44 0.0 0.0 5.0 135.0 1107.0 26.0 2.0
43 36 45 0.0 0.0 0.0 2.0 30.0 1.0 0.0
43 37 34 0.0 0.0 0.0 0.0 2.0 0.0 0.0
43 37 35 0.0 0.0 0.0 28.0 198.0 3.0 0.0
43 37 36 0.0 16.0 5.0 534.0 6487.0 115.0 86.0
43 37 37 0.0 9.0 10.0 2904.0 29113.0 428.0 3016.0
43 37 38 0.0 36.0 86.0 5265.0 44626.0 628.0 12590.0
43 37 39 0.0 23.0 90.0 5796.0 48997.0 567.0 23881.0
43 37 40 0.0 42.0 140.0 5557.0 49529.0 580.0 27783.0
43 37 41 0.0 16.0 108.0 5917.0 49113.0 559.0 24293.0
43 37 42 0.0 16.0 77.0 4787.0 45943.0 584.0 13561.0
43 37 43 0.0 11.0 63.0 2808.0 29130.0 456.0 3006.0
43 37 44 0.0 9.0 11.0 665.0 5896.0 113.0 73.0
43 37 45 0.0 0.0 2.0 25.0 216.0 4.0 0.0
43 38 34 0.0 0.0 0.0 0.0 4.0 0.0 0.0
43 38 35 0.0 0.0 1.0 78.0 759.0 11.0 1.0
43 38 36 0.0 5.0 24.0 1234.0 15507.0 251.0 603.0
43 38 37 0.0 58.0 87.0 4484.0 47189.0 611.0 15053.0
43 38 38 0.0 35.0 123.0 4772.0 49596.0 495.0 37454.0
43 38 39 0.0 42.0 105.0 4919.0 45884.0 413.0 51983.0
43 38 40 0.0 31.0 112.0 4829.0 43783.0 384.0 57396.0
43 38 41 0.0 23.0 120.0 5235.0 45343.0 427.0 52096.0
43 38 42 0.0 66.0 121.0 5592.0 49011.0 534.0 37131.0
43 38 43 0.0 21.0 113.0 5195.0 45322.0 608.0 12987.0
43 38 44 0.0 5.0 34.0 1570.0 14666.0 256.0 563.0
43 38 45 0.0 0.0 0.0 90.0 721.0 16.0 0.0
43 39 34 0.0 0.0 0.0 1.0 2.0 0.0 0.0
43 39 35 0.0 0.0 3.0 105.0 1366.0 24.0 3.0
43 39 36 0.0 6.0 63.0 2069.0 23492.0 378.0 1628.0
43 39 37 0.0 10.0 134.0 4104.0 51130.0 582.0 26088.0
43 39 38 0.0 26.0 110.0 4374.0 45529.0 415.0 53936.0
43 39 39 0.0 28.0 111.0 3950.0 39246.0 293.0 70472.0
43 39 40 0.0 23.0 106.0 3697.0 37215.0 302.0 75397.0
43 39 41 0.0 28.0 131.0 4204.0 39493.0 345.0 70338.0
43 39 42 0.0 18.0 147.0 4854.0 45475.0 406.0 53108.0
43 39 43 0.0 24.0 123.0 4915.0 50304.0 570.0 26031.0
43 39 44 0.0 9.0 29.0 2674.0 23552.0 395.0 1626.0
43 39 45 0.0 0.0 8.0 125.0 1434.0 25.0 5.0
43 39 46 0.0 0.0 0.0 0.0 4.0 0.0 0.0
43 40 34 0.0 0.0 0.0 0.0 6.0 0.0 0.0
43 40 35 0.0 1.0 1.0 166.0 1811.0 25.0 4.0
43 40 36 0.0 3.0 86.0 2057.0 27773.0 434.0 2330.0
43 40 37 0.0 5.0 216.0 3750.0 51655.0 587.0 29652.0
43 40 38 0.0 14.0 126.0 3958.0 43533.0 389.0 59465.0
43 40 39 0.0 14.0 128.0 3319.0 37333.0 299.0 75722.0
43 40 40 0.0 11.0 107.0 3262.0 35187.0 270.0 80068.0
43 40 41 0.0 14.0 158.0 3442.0 37383.0 270.0 75890.0
43 40 42 0.0 29.0 125.0 4313.0 43460.0 370.0 58969.0
43 40 43 0.0 27.0 107.0 4743.0 50457.0 558.0 29983.0
43 40 44 0.0 9.0 52.0 2503.0 27041.0 452.0 2304.0
43 40 45 0.0 0.0 4.0 151.0 1772.0 31.0 2.0
43 40 46 0.0 0.0 0.0 0.0 5.0 0.0 0.0
43 41 34 0.0 0.0 0.0 0.0 7.0 0.0 0.0
43 41 35 0.0 0.0 3.0 92.0 1500.0 26.0 1.0
43 41 36 0.0 0.0 57.0 1861.0 23015.0 357.0 1535.0
43 41 37 0.0 14.0 196.0 3711.0 51595.0 557.0 24918.0
43 41 38 0.0 4.0 155.0 3566.0 46759.0 438.0 53493.0
43 41 39 0.0 13.0 122.0 3457.0 39252.0 333.0 71205.0
43 41 40 0.0 16.0 145.0 3336.0 37622.0 323.0 75662.0
43 41 41 0.0 28.0 129.0 3480.0 39293.0 347.0 70766.0
43 41 42 0.0 13.0 164.0 3821.0 46195.0 419.0 54121.0
43 41 43 0.0 10.0 144.0 4359.0 51359.0 592.0 26325.0
43 41 44 0.0 3.0 59.0 2256.0 24060.0 395.0 1789.0
43 41 45 0.0 1.0 2.0 154.0 1579.0 32.0 5.0
43 41 46 0.0 0.0 0.0 2.0 1.0 0.0 0.0
43 42 35 0.0 0.0 4.0 83.0 720.0 11.0 0.0
43 42 36 0.0 4.0 30.0 1270.0 14836.0 217.0 550.0
43 42 37 0.0 9.0 144.0 3457.0 47092.0 634.0 13503.0
43 42 38 0.0 13.0 148.0 4121.0 50543.0 511.0 37129.0
43 42 39 0.0 24.0 169.0 3842.0 46213.0 418.0 53973.0
43 42 40 0.0 27.0 155.0 3769.0 44125.0 405.0 59325.0
43 42 41 0.0 31.0 145.0 4100.0 45355.0 400.0 54826.0
43 42 42 0.0 16.0 171.0 3861.0 50906.0 526.0 38807.0
43 42 43 0.0 121.0 116.0 4719.0 46892.0 614.0 14949.0
43 42 44 0.0 38.0 17.0 1633.0 15663.0 263.0 588.0
43 42 45 0.0 0.0 1.0 141.0 743.0 15.0 3.0
43 42 46 0.0 0.0 0.0 1.0 0.0 0.0 0.0
43 43 34 0.0 0.0 0.0 0.0 1.0 0.0 0.0
43 43 35 0.0 0.0 0.0 9.0 190.0 5.0 0.0
43 43 36 0.0 0.0 14.0 434.0 6147.0 98.0 75.0
43 43 37 0.0 8.0 71.0 2520.0 28427.0 416.0 2874.0
43 43 38 0.0 35.0 75.0 4481.0 46272.0 589.0 12853.0
43 43 39 0.0 27.0 152.0 4501.0 50532.0 582.0 24753.0
43 43 40 0.0 10.0 149.0 4159.0 50877.0 552.0 30223.0
43 43 41 0.0 8.0 183.0 4132.0 50809.0 539.0 26211.0
43 43 42 0.0 17.0 115.0 3773.0 48252.0 607.0 14853.0
43 43 43 0.0 80.0 55.0 2982.0 30708.0 489.0 3515.0
43 43 44 0.0 4.0 32.0 512.0 6868.0 124.0 82.0
43 43 45 0.0 0.0 0.0 44.0 316.0 5.0 1.0
43 44 35 0.0 0.0 1.0 2.0 32.0 0.0 0.0
43 44 36 0.0 0.0 1.0 85.0 946.0 20.0 1.0
43 44 37 0.0 1.0 15.0 575.0 5570.0 107.0 57.0
43 44 38 0.0 3.0 37.0 1214.0 14204.0 250.0 480.0
43 44 39 0.0 8.0 43.0 2582.0 22953.0 424.0 1582.0
43 44 40 0.0 9.0 89.0 2324.0 26373.0 411.0 2132.0
43 44 41 0.0 0.0 84.0 1855.0 23747.0 360.0 1622.0
43 44 42 0.0 2.0 39.0 1260.0 14672.0 238.0 512.0
43 44 43 0.0 0.0 21.0 629.0 6286.0 123.0 90.0
43 44 44 0.0 3.0 1.0 142.0 1125.0 17.0 3.0
43 44 45 0.0 0.0 0.0 3.0 39.0 2.0 0.0
43 45 35 0.0 0.0 0.0 1.0 0.0 0.0 0.0
43 45 36 0.0 0.0 0.0 3.0 32.0 0.0 0.0
43 45 37 0.0 0.0 1.0 11.0 170.0 3.0 0.0
43 45 38 0.0 0.0 7.0 68.0 702.0 12.0 0.0
43 45 39 0.0 0.0 0.0 96.0 1385.0 21.0 4.0
43 45 40 0.0 0.0 4.0 136.0 1616.0 28.0 7.0
43 45 41 0.0 2.0 4.0 125.0 1521.0 20.0 2.0
43 45 42 0.0 0.0 5.0 75.0 735.0 15.0 0.0
43 45 43 0.0 0.0 0.0 13.0 246.0 5.0 0.0
43 45 44 0.0 0.0 0.0 1.0 35.0 1.0 0.0
43 45 45 0.0 0.0 0.0 0.0 1.0 0.0 0.0
43 46 39 0.0 0.0 0.0 0.0 1.0 0.0 0.0
43 46 40 0.0 0.0 0.0 1.0 6.0 0.0 0.0
43 46 41 0.0 0.0 0.0 0.0 4.0 0.0 0.0
43 46 42 0.0 0.0 0.0 0.0 1.0 0.0 0.0
43 46 43 0.0 0.0 0.0 0.0 2.0 0.0 0.0
44 34 39 0.0 0.0 0.0 0.0 1.0 0.0 0.0
44 35 36 0.0 0.0 0.0 0.0 10.0 0.0 0.0
44 35 37 0.0 0.0 0.0 2.0 23.0 0.0 0.0
44 35 38 0.0 0.0 0.0 9.0 82.0 0.0 0.0
44 35 39 0.0 0.0 0.0 24.0 200.0 4.0 0.0
44 35 40 0.0 1.0 0.0 40.0 284.0 3.0 1.0
44 35 41 0.0 0.0 0.0 20.0 183.0 4.0 0.0
44 35 42 0.0 0.0 1.0 25.0 103.0 3.0 0.0
44 35 43 0.0 0.0 0.0 2.0 19.0 0.0 0.0
44 35 44 0.0 0.0 0.0 0.0 9.0 0.0 0.0
44 36 35 0.0 0.0 0.0 0.0 2.0 0.0 0.0
44 36 36 0.0 0.0 0.0 8.0 157.0 3.0 0.0
44 36 37 0.0 0.0 1.0 111.0 1011.0 14.0 0.0
44 36 38 0.0 0.0 5.0 313.0 2722.0 60.0 16.0
44 36 39 0.0 9.0 25.0 541.0 5398.0 105.0 70.0
44 36 40 0.0 3.0 22.0 777.0 6823.0 135.0 112.0
44 36 41 0.0 1.0 10.0 687.0 5412.0 100.0 74.0
44 36 42 0.0 1.0 13.0 326.0 2838.0 48.0 21.0
44 36 43 0.0 0.0 2.0 77.0 1076.0 22.0 1.0
44 36 44 0.0 0.0 0.0 10.0 164.0 4.0 0.0
44 36 45 0.0 0.0 0.0 0.0 3.0 0.0 0.0
44 37 35 0.0 0.0 0.0 2.0 28.0 1.0 0.0
44 37 36 0.0 2.0 0.0 139.0 1224.0 22.0 0.0
44 37 37 0.0 7.0 0.0 657.0 5760.0 103.0 92.0
44 37 38 0.0 8.0 33.0 1270.0 15085.0 256.0 581.0
44 37 39 0.0 5.0 46.0 2022.0 22281.0 376.0 1430.0
44 37 40 0.0 6.0 90.0 2531.0 25018.0 384.0 1908.0
44 37 41 0.0 10.0 48.0 2507.0 22955.0 422.0 1540.0
44 37 42 0.0 8.0 63.0 1487.0 14243.0 248.0 544.0
44 37 43 0.0 4.0 5.0 551.0 5831.0 107.0 59.0
44 37 44 0.0 0.0 1.0 85.0 968.0 16.0 1.0
44 37 45 0.0 0.0 0.0 2.0 25.0 0.0 0.0
44 38 35 0.0 0.0 0.0 10.0 69.0 1.0 0.0
44 38 36 0.0 3.0 12.0 255.0 3714.0 71.0 24.0
44 38 37 0.0 5.0 31.0 1254.0 16014.0 279.0 606.0
44 38 38 0.0 8.0 65.0 3259.0 31182.0 486.0 3258.0
44 38 39 0.0 17.0 87.0 4105.0 40283.0 565.0 6955.0
44 38 40 0.0 6.0 202.0 4599.0 43045.0 560.0 9101.0
44 38 41 0.0 2.0 98.0 3977.0 41054.0 623.0 7271.0
44 38 42 0.0 11.0 100.0 3124.0 30497.0 472.0 3154.0
44 38 43 0.0 13.0 23.0 1582.0 14678.0 267.0 549.0
44 38 44 0.0 3.0 14.0 387.0 3183.0 63.0 24.0
44 38 45 0.0 0.0 0.0 5.0 99.0 4.0 0.0
44 39 34 0.0 0.0 0.0 0.0 1.0 0.0 0.0
44 39 35 0.0 1.0 0.0 10.0 257.0 5.0 0.0
44 39 36 0.0 8.0 16.0 516.0 6158.0 119.0 74.0
44 39 37 0.0 3.0 95.0 2181.0 23974.0 431.0 1705.0
44 39 38 0.0 20.0 94.0 3542.0 41763.0 578.0 7419.0
44 39 39 0.0 39.0 168.0 4825.0 48340.0 599.0 15003.0
44 39 40 0.0 25.0 173.0 4513.0 50712.0 653.0 17490.0
44 39 41 0.0 17.0 129.0 4792.0 48671.0 605.0 14614.0
44 39 42 0.0 17.0 118.0 4483.0 41134.0 541.0 8044.0
44 39 43 0.0 3.0 50.0 2538.0 23991.0 396.0 1721.0
44 39 44 0.0 1.0 44.0 549.0 6122.0 114.0 70.0
44 39 45 0.0 0.0 0.0 23.0 254.0 4.0 0.0
44 40 35 0.0 0.0 0.0 17.0 290.0 8.0 0.0
44 40 36 0.0 0.0 17.0 572.0 7662.0 145.0 126.0
44 40 37 0.0 9.0 49.0 2006.0 27022.0 396.0 2157.0
44 40 38 0.0 14.0 131.0 3683.0 44553.0 590.0 9586.0
44 40 39 0.0 10.0 139.0 4047.0 50951.0 623.0 18147.0
44 40 40 0.0 14.0 156.0 4218.0 52230.0 599.0 21777.0
44 40 41 0.0 11.0 197.0 4445.0 50860.0 606.0 18207.0
44 40 42 0.0 18.0 85.0 3847.0 43976.0 570.0 9270.0
44 40 43 0.0 14.0 92.0 2652.0 26300.0 397.0 2141.0
44 40 44 0.0 0.0 8.0 613.0 7463.0 127.0 109.0
44 40 45 0.0 4.0 0.0 27.0 272.0 8.0 0.0
44 40 46 0.0 0.0 0.0 0.0 1.0 0.0 0.0
44 41 35 0.0 0.0 1.0 11.0 230.0 0.0 0.0
44 41 36 0.0 0.0 16.0 399.0 5976.0 97.0 80.0
44 41 37 0.0 6.0 65.0 1939.0 24116.0 390.0 1653.0
44 41 38 0.0 34.0 98.0 3472.0 41090.0 595.0 7454.0
44 41 39 0.0 5.0 139.0 4120.0 49244.0 627.0 14976.0
44 41 40 0.0 28.0 180.0 4541.0 51302.0 592.0 18501.0
44 41 41 0.0 29.0 148.0 4023.0 49206.0 620.0 15135.0
44 41 42 0.0 8.0 115.0 3991.0 41822.0 574.0 8058.0
44 41 43 0.0 17.0 57.0 1874.0 24441.0 386.0 1718.0
44 41 44 0.0 2.0 11.0 547.0 6307.0 124.0 66.0
44 41 45 0.0 0.0 0.0 34.0 227.0 5.0 0.0
44 42 35 0.0 0.0 0.0 5.0 78.0 1.0 0.0
44 42 36 0.0 0.0 3.0 158.0 3244.0 58.0 12.0
44 42 37 0.0 6.0 12.0 1167.0 15621.0 292.0 590.0
44 42 38 0.0 29.0 90.0 2702.0 31857.0 551.0 3271.0
44 42 39 0.0 3.0 120.0 3244.0 41697.0 558.0 7450.0
44 42 40 0.0 13.0 113.0 4171.0 44506.0 599.0 9676.0
44 42 41 0.0 11.0 101.0 3660.0 42243.0 541.0 7620.0
44 42 42 0.0 9.0 103.0 2474.0 32132.0 451.0 3506.0
44 42 43 0.0 10.0 47.0 1346.0 15955.0 260.0 598.0
44 42 44 0.0 4.0 17.0 403.0 3800.0 59.0 34.0
44 42 45 0.0 0.0 0.0 13.0 114.0 3.0 0.0
44 43 35 0.0 0.0 0.0 6.0 27.0 0.0 0.0
44 43 36 0.0 0.0 1.0 81.0 1116.0 22.0 5.0
44 43 37 0.0 0.0 14.0 524.0 5916.0 111.0 70.0
44 43 38 0.0 0.0 99.0 1245.0 15688.0 245.0 610.0
44 43 39 0.0 0.0 57.0 1888.0 24627.0 417.0 1766.0
44 43 40 0.0 4.0 88.0 2237.0 27351.0 443.0 2370.0
44 43 41 0.0 3.0 71.0 2032.0 25368.0 420.0 1816.0
44 43 42 0.0 4.0 71.0 1348.0 16252.0 282.0 667.0
44 43 43 0.0 1.0 24.0 409.0 6596.0 104.0 84.0
44 43 44 0.0 0.0 1.0 118.0 1262.0 22.0 4.0
44 43 45 0.0 0.0 0.0 2.0 32.0 1.0 0.0
44 44 35 0.0 0.0 0.0 0.0 2.0 0.0 0.0
44 44 36 0.0 0.0 0.0 13.0 141.0 3.0 0.0
44 44 37 0.0 0.0 1.0 139.0 945.0 27.0 0.0
44 44 38 0.0 1.0 4.0 325.0 3256.0 60.0 20.0
44 44 39 0.0 0.0 19.0 478.0 5734.0 102.0 69.0
44 44 40 0.0 0.0 31.0 446.0 7334.0 133.0 109.0
44 44 41 0.0 3.0 11.0 597.0 6426.0 101.0 87.0
44 44 42 0.0 0.0 7.0 256.0 3917.0 77.0 29.0
44 44 43 0.0 2.0 1.0 121.0 1087.0 20.0 4.0
44 44 44 0.0 1.0 0.0 27.0 156.0 1.0 0.0
44 44 45 0.0 0.0 0.0 1.0 4.0 0.0 0.0
44 45 36 0.0 0.0 0.0 1.0 2.0 0.0 0.0
44 45 37 0.0 0.0 0.0 8.0 26.0 0.0 0.0
44 45 38 0.0 0.0 0.0 3.0 97.0 2.0 0.0
44 45 39 0.0 0.0 0.0 24.0 225.0 3.0 0.0
44 45 40 0.0 0.0 0.0 23.0 287.0 7.0 0.0
44 45 41 0.0 0.0 0.0 17.0 276.0 6.0 1.0
44 45 42 0.0 0.0 0.0 6.0 84.0 0.0 0.0
44 45 43 0.0 0.0 0.0 2.0 28.0 2.0 0.0
44 45 44 0.0 0.0 0.0 0.0 1.0 0.0 0.0
44 46 38 0.0 0.0 0.0 0.0 1.0 0.0 0.0
45 35 37 0.0 0.0 0.0 0.0 1.0 0.0 0.0
45 35 38 0.0 0.0 0.0 0.0 1.0 0.0 0.0
45 35 39 0.0 0.0 0.0 3.0 15.0 0.0 0.0
45 35 40 0.0 0.0 0.0 3.0 13.0 2.0 0.0
45 35 41 0.0 0.0 0.0 0.0 5.0 0.0 0.0
45 35 42 0.0 0.0 0.0 1.0 1.0 0.0 0.0
45 35 43 0.0 0.0 0.0 0.0 1.0 0.0 0.0
45 36 36 0.0 0.0 0.0 0.0 4.0 0.0 0.0
45 36 37 0.0 0.0 0.0 3.0 43.0 1.0 0.0
45 36 38 0.0 0.0 0.0 18.0 88.0 0.0 0.0
45 36 39 0.0 0.0 0.0 18.0 179.0 2.0 0.0
45 36 40 0.0 0.0 3.0 28.0 227.0 11.0 0.0
45 36 41 0.0 0.0 0.0 11.0 238.0 6.0 0.0
45 36 42 0.0 0.0 0.0 8.0 84.0 3.0 0.0
45 36 43 0.0 0.0 0.0 2.0 17.0 0.0 0.0
45 36 44 0.0 0.0 0.0 0.0 3.0 0.0 0.0
45 37 35 0.0 0.0 0.0 0.0 3.0 0.0 0.0
45 37 36 0.0 0.0 0.0 2.0 26.0 0.0 0.0
45 37 37 0.0 0.0 0.0 24.0 253.0 8.0 0.0
45 37 38 0.0 0.0 1.0 73.0 786.0 17.0 0.0
45 37 39 0.0 0.0 5.0 115.0 1220.0 15.0 1.0
45 37 40 0.0 0.0 5.0 135.0 1541.0 24.0 4.0
45 37 41 0.0 1.0 7.0 129.0 1411.0 26.0 1.0
45 37 42 0.0 0.0 1.0 74.0 742.0 12.0 0.0
45 37 43 0.0 0.0 1.0 13.0 238.0 4.0 0.0
45 37 44 0.0 0.0 0.0 6.0 25.0 1.0 0.0
45 38 35 0.0 0.0 0.0 4.0 7.0 0.0 0.0
45 38 36 0.0 0.0 0.0 10.0 128.0 2.0 0.0
45 38 37 0.0 0.0 0.0 56.0 669.0 16.0 0.0
45 38 38 0.0 1.0 8.0 230.0 2123.0 32.0 12.0
45 38 39 0.0 3.0 9.0 389.0 3688.0 73.0 21.0
45 38 40 0.0 0.0 19.0 523.0 4996.0 77.0 35.0
45 38 41 0.0 1.0 16.0 399.0 4260.0 87.0 31.0
45 38 42 0.0 0.0 2.0 218.0 2281.0 31.0 8.0
45 38 43 0.0 0.0 1.0 87.0 688.0 17.0 1.0
45 38 44 0.0 0.0 0.0 11.0 109.0 5.0 0.0
45 38 45 0.0 0.0 0.0 0.0 1.0 0.0 0.0
45 39 35 0.0 0.0 0.0 0.0 10.0 1.0 0.0
45 39 36 0.0 0.0 0.0 16.0 214.0 4.0 0.0
45 39 37 0.0 0.0 5.0 143.0 1366.0 21.0 7.0
45 39 38 0.0 0.0 9.0 399.0 4140.0 82.0 23.0
45 39 39 0.0 3.0 17.0 637.0 7668.0 139.0 108.0
45 39 40 0.0 1.0 24.0 881.0 9028.0 176.0 174.0
45 39 41 0.0 1.0 22.0 676.0 7623.0 122.0 83.0
45 39 42 0.0 1.0 7.0 416.0 4149.0 71.0 34.0
45 39 43 0.0 2.0 5.0 159.0 1400.0 28.0 5.0
45 39 44 0.0 0.0 1.0 19.0 237.0 4.0 0.0
45 39 45 0.0 0.0 0.0 0.0 9.0 0.0 0.0
45 40 35 0.0 0.0 0.0 2.0 7.0 0.0 0.0
45 40 36 0.0 0.0 0.0 29.0 261.0 1.0 0.0
45 40 37 0.0 0.0 1.0 183.0 1722.0 25.0 3.0
45 40 38 0.0 2.0 13.0 421.0 5301.0 94.0 45.0
45 40 39 0.0 2.0 20.0 829.0 8880.0 179.0 121.0
45 40 40 0.0 2.0 30.0 904.0 10679.0 195.0 212.0
45 40 41 0.0 4.0 22.0 789.0 9282.0 148.0 168.0
45 40 42 0.0 0.0 10.0 447.0 4958.0 88.0 51.0
45 40 43 0.0 0.0 4.0 200.0 1760.0 41.0 3.0
45 40 44 0.0 0.0 4.0 27.0 357.0 8.0 0.0
45 40 45 0.0 0.0 0.0 2.0 12.0 0.0 0.0
45 41 35 0.0 0.0 0.0 0.0 3.0 0.0 0.0
45 41 36 0.0 0.0 0.0 17.0 230.0 3.0 0.0
45 41 37 0.0 0.0 6.0 142.0 1479.0 30.0 2.0
45 41 38 0.0 2.0 13.0 299.0 4167.0 82.0 22.0
45 41 39 0.0 3.0 11.0 717.0 7527.0 141.0 89.0
45 41 40 0.0 14.0 24.0 758.0 9446.0 168.0 151.0
45 41 41 0.0 1.0 17.0 645.0 7643.0 122.0 95.0
45 41 42 0.0 0.0 13.0 405.0 4138.0 74.0 24.0
45 41 43 0.0 1.0 1.0 222.0 1521.0 21.0 1.0
45 41 44 0.0 0.0 0.0 25.0 287.0 6.0 0.0
45 41 45 0.0 0.0 0.0 1.0 5.0 0.0 0.0
45 42 36 0.0 0.0 0.0 0.0 149.0 2.0 0.0
45 42 37 0.0 0.0 1.0 89.0 720.0 11.0 0.0
45 42 38 0.0 0.0 3.0 168.0 2138.0 36.0 8.0
45 42 39 0.0 0.0 3.0 383.0 3938.0 66.0 20.0
45 42 40 0.0 0.0 10.0 403.0 4997.0 117.0 39.0
45 42 41 0.0 3.0 3.0 372.0 4154.0 66.0 30.0
45 42 42 0.0 2.0 0.0 155.0 2526.0 47.0 10.0
45 42 43 0.0 0.0 1.0 49.0 687.0 12.0 0.0
45 42 44 0.0 0.0 0.0 13.0 138.0 2.0 0.0
45 42 45 0.0 0.0 0.0 0.0 5.0 0.0 0.0
45 43 35 0.0 0.0 0.0 0.0 3.0 0.0 0.0
45 43 36 0.0 0.0 0.0 2.0 34.0 1.0 0.0
45 43 37 0.0 0.0 2.0 10.0 236.0 1.0 0.0
45 43 38 0.0 0.0 2.0 53.0 838.0 8.0 2.0
45 43 39 0.0 1.0 6.0 130.0 1525.0 34.0 6.0
45 43 40 0.0 0.0 1.0 207.0 1931.0 38.0 6.0
45 43 41 0.0 0.0 0.0 125.0 1502.0 33.0 2.0
45 43 42 0.0 0.0 5.0 96.0 750.0 18.0 0.0
45 43 43 0.0 1.0 2.0 18.0 255.0 6.0 0.0
45 43 44 0.0 0.0 0.0 0.0 28.0 0.0 0.0
45 44 36 0.0 0.0 0.0 0.0 3.0 0.0 0.0
45 44 37 0.0 0.0 0.0 0.0 31.0 1.0 0.0
45 44 38 0.0 0.0 0.0 14.0 108.0 1.0 0.0
45 44 39 0.0 0.0 0.0 4.0 222.0 3.0 0.0
45 44 40 0.0 0.0 1.0 34.0 309.0 2.0 0.0
45 44 41 0.0 0.0 0.0 13.0 251.0 10.0 0.0
45 44 42 0.0 0.0 0.0 16.0 144.0 2.0 0.0
45 44 43 0.0 0.0 0.0 0.0 29.0 0.0 0.0
45 44 44 0.0 0.0 0.0 0.0 3.0 0.0 0.0
45 45 38 0.0 0.0 0.0 0.0 7.0 0.0 0.0
45 45 39 0.0 0.0 0.0 0.0 5.0 0.0 0.0
45 45 40 0.0 0.0 0.0 0.0 9.0 0.0 0.0
45 45 41 0.0 0.0 0.0 1.0 12.0 0.0 0.0
45 45 42 0.0 0.0 0.0 2.0 5.0 0.0 0.0
45 45 43 0.0 0.0 0.0 0.0 7.0 0.0 0.0
46 36 42 0.0 0.0 0.0 0.0 1.0 0.0 0.0
46 37 38 0.0 0.0 0.0 4.0 1.0 0.0 0.0
46 37 39 0.0 0.0 0.0 0.0 4.0 0.0 0.0
46 37 40 0.0 0.0 0.0 0.0 5.0 0.0 0.0
46 37 41 0.0 0.0 0.0 2.0 2.0 0.0 0.0
46 37 42 0.0 0.0 0.0 0.0 2.0 0.0 0.0
46 37 43 0.0 0.0 0.0 0.0 1.0 0.0 0.0
46 38 37 0.0 0.0 0.0 0.0 1.0 0.0 0.0
46 38 38 0.0 0.0 0.0 0.0 7.0 1.0 0.0
46 38 39 0.0 0.0 0.0 1.0 11.0 0.0 0.0
46 38 40 0.0 0.0 0.0 2.0 10.0 0.0 0.0
46 38 41 0.0 0.0 0.0 4.0 35.0 2.0 0.0
46 38 42 0.0 0.0 0.0 2.0 5.0 0.0 0.0
46 38 43 0.0 0.0 0.0 0.0 2.0 0.0 0.0
46 39 37 0.0 0.0 0.0 0.0 4.0 0.0 0.0
46 39 38 0.0 0.0 0.0 2.0 10.0 0.0 0.0
46 39 39 0.0 0.0 0.0 5.0 30.0 0.0 0.0
46 39 40 0.0 0.0 1.0 1.0 40.0 1.0 0.0
46 39 41 0.0 0.0 0.0 4.0 43.0 1.0 0.0
46 39 42 0.0 0.0 0.0 1.0 22.0 1.0 0.0
46 39 43 0.0 0.0 0.0 0.0 2.0 0.0 0.0
46 40 36 0.0 0.0 0.0 0.0 1.0 0.0 0.0
46 40 37 0.0 0.0 0.0 0.0 2.0 0.0 0.0
46 40 38 0.0 0.0 0.0 10.0 14.0 1.0 0.0
46 40 39 0.0 0.0 0.0 4.0 44.0 0.0 0.0
46 40 40 0.0 0.0 0.0 4.0 75.0 3.0 0.0
46 40 41 0.0 0.0 0.0 6.0 42.0 0.0 0.0
46 40 42 0.0 0.0 0.0 3.0 22.0 0.0 0.0
46 40 43 0.0 0.0 0.0 0.0 6.0 1.0 0.0
46 40 44 0.0 0.0 0.0 0.0 1.0 0.0 0.0
46 41 37 0.0 0.0 0.0 0.0 7.0 2.0 0.0
46 41 38 0.0 0.0 0.0 0.0 16.0 1.0 0.0
46 41 39 0.0 0.0 0.0 1.0 35.0 0.0 0.0
46 41 40 0.0 0.0 0.0 1.0 28.0 0.0 0.0
46 41 41 0.0 0.0 0.0 8.0 33.0 2.0 0.0
46 41 42 0.0 0.0 0.0 2.0 10.0 0.0 0.0
46 41 43 0.0 0.0 0.0 2.0 6.0 0.0 0.0
46 41 44 0.0 0.0 0.0 0.0 1.0 0.0 0.0
46 42 36 0.0 0.0 0.0 0.0 2.0 0.0 0.0
46 42 38 0.0 0.0 0.0 0.0 5.0 0.0 0.0
46 42 39 0.0 0.0 0.0 0.0 13.0 0.0 0.0
46 42 40 0.0 0.0 0.0 4.0 26.0 1.0 0.0
46 42 41 0.0 0.0 0.0 2.0 15.0 0.0 0.0
46 42 42 0.0 0.0 0.0 0.0 10.0 0.0 0.0
46 42 43 0.0 0.0 0.0 1.0 1.0 0.0 0.0
46 42 44 0.0 0.0 0.0 0.0 2.0 0.0 0.0
46 43 38 0.0 0.0 0.0 3.0 0.0 0.0 0.0
46 43 39 0.0 0.0 0.0 0.0 4.0 0.0 0.0
46 43 40 0.0 0.0 0.0 0.0 2.0 0.0 0.0
46 43 42 0.0 0.0 0.0 2.0 1.0 0.0 0.0
46 43 43 0.0 0.0 0.0 0.0 1.0 0.0 0.0
46 44 40 0.0 0.0 0.0 0.0 1.0 0.0 0.0
