37 39 40 0.0 0.0 0.0 0.0 1.0 0.0 0.0
37 40 41 0.0 0.0 0.0 0.0 1.0 0.0 0.0
37 41 38 0.0 0.0 0.0 0.0 1.0 0.0 0.0
37 41 40 0.0 0.0 0.0 0.0 1.0 0.0 0.0
37 42 41 0.0 0.0 0.0 1.0 0.0 0.0 0.0
38 37 40 0.0 0.0 0.0 0.0 1.0 0.0 0.0
38 38 37 0.0 0.0 0.0 0.0 1.0 0.0 0.0
38 38 38 0.0 0.0 1.0 11.0 180.0 5.0 0.0
38 38 39 0.0 0.0 0.0 36.0 453.0 7.0 0.0
38 38 40 0.0 0.0 4.0 25.0 534.0 9.0 0.0
38 38 41 0.0 1.0 1.0 35.0 363.0 7.0 0.0
38 38 42 0.0 0.0 0.0 16.0 139.0 5.0 0.0
38 39 38 0.0 2.0 0.0 52.0 363.0 11.0 0.0
38 39 39 0.0 8.0 6.0 128.0 938.0 16.0 1.0
38 39 40 0.0 2.0 25.0 136.0 1323.0 35.0 4.0
38 39 41 0.0 1.0 11.0 90.0 793.0 18.0 0.0
38 39 42 1.0 0.0 7.0 27.0 325.0 4.0 0.0
38 40 38 0.0 1.0 1.0 76.0 412.0 12.0 0.0
38 40 39 0.0 4.0 16.0 154.0 1238.0 28.0 3.0
38 40 40 0.0 13.0 21.0 318.0 1967.0 38.0 7.0
38 40 41 0.0 0.0 15.0 96.0 1449.0 32.0 3.0
38 40 42 0.0 2.0 8.0 33.0 482.0 13.0 0.0
38 41 38 0.0 3.0 0.0 20.0 304.0 6.0 0.0
38 41 39 0.0 6.0 5.0 109.0 840.0 14.0 1.0
38 41 40 0.0 4.0 38.0 190.0 1393.0 28.0 3.0
38 41 41 0.0 31.0 11.0 231.0 829.0 25.0 1.0
38 41 42 0.0 0.0 4.0 26.0 308.0 6.0 0.0
38 42 38 0.0 0.0 0.0 13.0 103.0 2.0 0.0
38 42 39 0.0 0.0 8.0 27.0 289.0 4.0 0.0
38 42 40 0.0 2.0 7.0 32.0 482.0 9.0 0.0
38 42 41 0.0 0.0 5.0 46.0 315.0 7.0 0.0
38 42 42 0.0 0.0 1.0 9.0 158.0 8.0 0.0
39 37 38 0.0 0.0 0.0 0.0 1.0 0.0 0.0
39 37 39 0.0 0.0 0.0 1.0 1.0 0.0 0.0
39 38 38 0.0 0.0 7.0 27.0 380.0 10.0 0.0
39 38 39 0.0 14.0 21.0 343.0 1399.0 33.0 5.0
39 38 40 0.0 5.0 21.0 376.0 1781.0 34.0 6.0
39 38 41 0.0 3.0 12.0 196.0 1059.0 25.0 1.0
39 38 42 0.0 0.0 6.0 49.0 311.0 5.0 0.0
39 39 38 0.0 0.0 17.0 103.0 1058.0 22.0 1.0
39 39 39 0.0 84.0 496.0 2660.0 27654.0 470.0 3348.0
39 39 40 0.0 71.0 475.0 2460.0 27345.0 420.0 3133.0
39 39 41 0.0 46.0 246.0 2318.0 26504.0 410.0 2854.0
39 39 42 0.0 0.0 5.0 128.0 1071.0 25.0 2.0
39 40 37 0.0 0.0 0.0 0.0 1.0 0.0 0.0
39 40 38 0.0 10.0 8.0 168.0 1543.0 34.0 3.0
39 40 39 0.0 185.0 320.0 4428.0 23717.0 418.0 2703.0
39 40 40 0.0 120.0 426.0 4918.0 30598.0 478.0 4691.0
39 40 41 1.0 46.0 421.0 2697.0 23798.0 424.0 2351.0
39 40 42 0.0 2.0 25.0 122.0 1267.0 24.0 4.0
39 41 37 0.0 0.0 0.0 0.0 2.0 0.0 0.0
39 41 38 0.0 0.0 15.0 95.0 915.0 23.0 3.0
39 41 39 0.0 52.0 278.0 2627.0 22699.0 374.0 2106.0
39 41 40 1.0 50.0 426.0 2404.0 27209.0 436.0 3082.0
39 41 41 0.0 60.0 626.0 2686.0 24448.0 416.0 2455.0
39 41 42 0.0 3.0 7.0 91.0 856.0 17.0 2.0
39 41 43 0.0 0.0 0.0 0.0 1.0 0.0 0.0
39 42 38 0.0 1.0 6.0 44.0 298.0 7.0 1.0
39 42 39 0.0 2.0 7.0 107.0 759.0 23.0 1.0
39 42 40 0.0 6.0 26.0 134.0 1286.0 32.0 3.0
39 42 41 0.0 1.0 17.0 92.0 985.0 23.0 3.0
39 42 42 0.0 2.0 14.0 54.0 386.0 6.0 1.0
40 37 38 0.0 0.0 0.0 0.0 1.0 0.0 0.0
40 37 40 0.0 0.0 2.0 1.0 2.0 0.0 0.0
40 37 41 0.0 0.0 0.0 0.0 1.0 0.0 0.0
40 38 38 0.0 0.0 9.0 46.0 638.0 8.0 0.0
40 38 39 0.0 8.0 13.0 312.0 1470.0 38.0 1.0
40 38 40 0.0 7.0 31.0 502.0 2131.0 38.0 11.0
40 38 41 0.0 10.0 9.0 306.0 1301.0 26.0 4.0
40 38 42 0.0 0.0 30.0 34.0 476.0 5.0 0.0
40 39 37 0.0 0.0 0.0 0.0 3.0 0.0 0.0
40 39 38 0.0 0.0 10.0 145.0 1427.0 18.0 5.0
40 39 39 0.0 59.0 380.0 2132.0 29099.0 449.0 3567.0
40 39 40 0.0 430.0 389.0 13467.0 27150.0 547.0 8255.0
40 39 41 0.0 44.0 407.0 3293.0 24415.0 422.0 2697.0
40 39 42 0.0 1.0 21.0 233.0 1248.0 29.0 6.0
40 39 43 0.0 0.0 0.0 0.0 1.0 0.0 0.0
40 40 37 0.0 0.0 0.0 0.0 2.0 0.0 0.0
40 40 38 0.0 5.0 54.0 197.0 1999.0 37.0 8.0
40 40 39 1.0 114.0 428.0 3959.0 30269.0 466.0 4536.0
40 40 40 0.0 86.0 636.0 3319.0 27150.0 277.0 61038.0
40 40 41 0.0 182.0 601.0 4883.0 30843.0 524.0 5145.0
40 40 42 0.0 0.0 29.0 220.0 1937.0 30.0 9.0
40 40 43 0.0 0.0 0.0 0.0 1.0 0.0 0.0
40 41 37 0.0 0.0 0.0 0.0 3.0 0.0 0.0
40 41 38 0.0 6.0 6.0 182.0 1207.0 20.0 4.0
40 41 39 0.0 42.0 560.0 2705.0 26665.0 491.0 3086.0
40 41 40 1.0 147.0 497.0 3982.0 30327.0 470.0 4566.0
40 41 41 0.0 31.0 537.0 3625.0 26456.0 430.0 3333.0
40 41 42 0.0 4.0 23.0 138.0 1343.0 22.0 2.0
40 41 43 0.0 0.0 0.0 0.0 3.0 0.0 0.0
40 42 38 0.0 1.0 4.0 23.0 424.0 10.0 0.0
40 42 39 0.0 8.0 26.0 190.0 1265.0 21.0 3.0
40 42 40 0.0 16.0 32.0 222.0 1602.0 28.0 6.0
40 42 41 0.0 0.0 21.0 156.0 1275.0 24.0 4.0
40 42 42 0.0 2.0 7.0 54.0 526.0 6.0 0.0
40 43 40 0.0 0.0 0.0 0.0 2.0 0.0 0.0
41 37 39 0.0 0.0 0.0 0.0 2.0 0.0 0.0
41 37 41 0.0 0.0 0.0 0.0 2.0 0.0 0.0
41 37 42 0.0 0.0 0.0 0.0 1.0 0.0 0.0
41 38 38 0.0 0.0 2.0 26.0 367.0 10.0 0.0
41 38 39 0.0 17.0 9.0 242.0 956.0 12.0 2.0
41 38 40 0.0 10.0 10.0 378.0 1377.0 32.0 4.0
41 38 41 0.0 17.0 11.0 353.0 920.0 14.0 3.0
41 38 42 0.0 0.0 3.0 35.0 363.0 6.0 1.0
41 39 38 0.0 0.0 19.0 107.0 1072.0 20.0 2.0
41 39 39 0.0 90.0 316.0 2825.0 23789.0 419.0 2313.0
41 39 40 0.0 22.0 336.0 3212.0 23255.0 395.0 2235.0
41 39 41 0.0 42.0 445.0 2812.0 24815.0 446.0 2719.0
41 39 42 0.0 3.0 12.0 90.0 893.0 18.0 0.0
41 40 37 0.0 0.0 0.0 0.0 1.0 0.0 0.0
41 40 38 0.0 1.0 15.0 99.0 1512.0 35.0 4.0
41 40 39 0.0 34.0 594.0 2333.0 30443.0 480.0 4031.0
41 40 40 1.0 109.0 645.0 3279.0 31462.0 505.0 4675.0
41 40 41 0.0 84.0 407.0 3228.0 26206.0 430.0 2948.0
41 40 42 0.0 3.0 13.0 158.0 1296.0 25.0 1.0
41 41 38 0.0 0.0 16.0 80.0 916.0 19.0 1.0
41 41 39 0.0 16.0 290.0 2166.0 23790.0 382.0 2186.0
41 41 40 0.0 75.0 483.0 3329.0 24605.0 415.0 2696.0
41 41 41 0.0 36.0 647.0 2469.0 26434.0 471.0 3031.0
41 41 42 0.0 3.0 27.0 106.0 880.0 17.0 1.0
41 41 43 0.0 0.0 0.0 0.0 1.0 0.0 0.0
41 42 37 0.0 0.0 0.0 0.0 1.0 0.0 0.0
41 42 38 0.0 7.0 4.0 33.0 356.0 4.0 0.0
41 42 39 0.0 2.0 18.0 103.0 904.0 18.0 1.0
41 42 40 0.0 3.0 26.0 131.0 1502.0 26.0 2.0
41 42 41 0.0 1.0 14.0 161.0 941.0 23.0 0.0
41 42 42 0.0 0.0 12.0 46.0 320.0 7.0 1.0
41 43 39 0.0 0.0 0.0 0.0 1.0 0.0 0.0
41 43 40 0.0 0.0 0.0 1.0 1.0 0.0 0.0
42 38 38 0.0 0.0 4.0 17.0 144.0 4.0 0.0
42 38 39 0.0 0.0 6.0 34.0 198.0 2.0 0.0
42 38 40 0.0 1.0 4.0 40.0 413.0 5.0 0.0
42 38 41 0.0 0.0 2.0 36.0 292.0 8.0 0.0
42 38 42 0.0 0.0 2.0 14.0 116.0 1.0 0.0
42 39 38 0.0 0.0 7.0 28.0 448.0 3.0 1.0
42 39 39 0.0 0.0 17.0 86.0 1031.0 18.0 2.0
42 39 40 0.0 4.0 25.0 116.0 1338.0 29.0 3.0
42 39 41 0.0 2.0 21.0 98.0 766.0 11.0 2.0
42 39 42 0.0 0.0 5.0 44.0 351.0 8.0 0.0
42 40 38 0.0 1.0 13.0 47.0 582.0 10.0 0.0
42 40 39 0.0 4.0 13.0 138.0 1155.0 18.0 2.0
42 40 40 0.0 0.0 48.0 173.0 1978.0 34.0 6.0
42 40 41 0.0 3.0 24.0 136.0 1340.0 25.0 3.0
42 40 42 0.0 0.0 7.0 50.0 509.0 8.0 0.0
42 41 38 0.0 0.0 16.0 32.0 297.0 5.0 0.0
42 41 39 0.0 1.0 32.0 60.0 1041.0 24.0 0.0
42 41 40 0.0 2.0 30.0 89.0 1391.0 26.0 2.0
42 41 41 0.0 0.0 30.0 79.0 1140.0 19.0 5.0
42 41 42 0.0 0.0 3.0 31.0 364.0 4.0 0.0
42 42 38 0.0 0.0 2.0 10.0 89.0 4.0 0.0
42 42 39 0.0 0.0 2.0 37.0 233.0 5.0 0.0
42 42 40 0.0 0.0 22.0 51.0 557.0 14.0 0.0
42 42 41 0.0 0.0 13.0 42.0 372.0 10.0 0.0
42 42 42 0.0 0.0 0.0 9.0 189.0 3.0 0.0
42 43 39 0.0 0.0 0.0 0.0 1.0 0.0 0.0
43 38 42 0.0 0.0 0.0 0.0 1.0 0.0 0.0
43 39 39 0.0 0.0 0.0 0.0 1.0 0.0 0.0
43 40 38 0.0 0.0 0.0 0.0 1.0 0.0 0.0
43 40 39 0.0 0.0 0.0 0.0 2.0 0.0 0.0
43 40 40 0.0 0.0 0.0 0.0 1.0 0.0 0.0
43 40 42 0.0 0.0 0.0 0.0 1.0 0.0 0.0
43 41 43 0.0 0.0 0.0 0.0 1.0 0.0 0.0
