38 38 38 0.0 0.0 0.0 2.0 15.0 0.0 0.0
38 38 39 0.0 0.0 0.0 0.0 70.0 2.0 0.0
38 38 40 0.0 0.0 1.0 2.0 76.0 3.0 0.0
38 38 41 0.0 0.0 0.0 3.0 48.0 1.0 0.0
38 38 42 0.0 0.0 0.0 0.0 10.0 1.0 0.0
38 39 38 0.0 1.0 0.0 8.0 33.0 1.0 0.0
38 39 39 0.0 2.0 3.0 17.0 121.0 5.0 0.0
38 39 40 0.0 0.0 1.0 21.0 189.0 3.0 0.0
38 39 41 0.0 0.0 1.0 7.0 112.0 4.0 0.0
38 39 42 1.0 0.0 2.0 0.0 42.0 1.0 0.0
38 40 38 0.0 1.0 0.0 8.0 52.0 0.0 0.0
38 40 39 0.0 0.0 2.0 16.0 167.0 3.0 0.0
38 40 40 0.0 6.0 2.0 53.0 295.0 9.0 1.0
38 40 41 0.0 0.0 2.0 6.0 203.0 5.0 0.0
38 40 42 0.0 0.0 2.0 3.0 56.0 0.0 0.0
38 41 38 0.0 0.0 0.0 1.0 37.0 0.0 0.0
38 41 39 0.0 0.0 1.0 18.0 105.0 2.0 0.0
38 41 40 0.0 0.0 10.0 22.0 189.0 7.0 0.0
38 41 41 0.0 10.0 6.0 41.0 113.0 4.0 0.0
38 41 42 0.0 0.0 2.0 4.0 30.0 1.0 0.0
38 42 38 0.0 0.0 0.0 0.0 13.0 1.0 0.0
38 42 39 0.0 0.0 1.0 1.0 20.0 1.0 0.0
38 42 40 0.0 0.0 1.0 1.0 69.0 1.0 0.0
38 42 41 0.0 0.0 0.0 10.0 31.0 0.0 0.0
38 42 42 0.0 0.0 1.0 0.0 25.0 0.0 0.0
39 38 38 0.0 0.0 0.0 3.0 51.0 2.0 0.0
39 38 39 0.0 3.0 3.0 66.0 239.0 5.0 0.0
39 38 40 0.0 1.0 1.0 62.0 305.0 6.0 0.0
39 38 41 0.0 0.0 3.0 21.0 153.0 3.0 0.0
39 38 42 0.0 0.0 1.0 4.0 37.0 1.0 0.0
39 39 38 0.0 0.0 5.0 9.0 137.0 1.0 0.0
39 39 39 0.0 37.0 312.0 1186.0 12895.0 252.0 556.0
39 39 40 0.0 30.0 269.0 1028.0 12293.0 220.0 496.0
39 39 41 0.0 23.0 135.0 974.0 12046.0 230.0 445.0
39 39 42 0.0 0.0 1.0 15.0 175.0 4.0 0.0
39 40 38 0.0 3.0 2.0 14.0 238.0 3.0 0.0
39 40 39 0.0 112.0 152.0 1936.0 10393.0 196.0 379.0
39 40 40 0.0 70.0 241.0 2431.0 14766.0 285.0 834.0
39 40 41 3.0 18.0 241.0 1162.0 10073.0 183.0 338.0
39 40 42 0.0 0.0 4.0 24.0 176.0 2.0 0.0
39 41 38 0.0 0.0 3.0 9.0 123.0 4.0 0.0
39 41 39 0.0 30.0 157.0 1158.0 9713.0 190.0 323.0
39 41 40 1.0 31.0 240.0 1031.0 12304.0 256.0 500.0
39 41 41 0.0 38.0 355.0 1208.0 10554.0 206.0 370.0
39 41 42 0.0 0.0 1.0 9.0 95.0 0.0 0.0
39 42 38 0.0 0.0 0.0 6.0 32.0 1.0 0.0
39 42 39 0.0 0.0 2.0 17.0 84.0 0.0 0.0
39 42 40 0.0 1.0 6.0 17.0 171.0 3.0 0.0
39 42 41 0.0 0.0 4.0 17.0 175.0 3.0 0.0
39 42 42 0.0 1.0 5.0 8.0 49.0 1.0 0.0
40 38 38 0.0 0.0 1.0 4.0 74.0 2.0 0.0
40 38 39 0.0 1.0 0.0 34.0 200.0 7.0 0.0
40 38 40 0.0 2.0 4.0 88.0 315.0 7.0 0.0
40 38 41 0.0 0.0 2.0 39.0 182.0 2.0 0.0
40 38 42 0.0 0.0 10.0 2.0 52.0 1.0 0.0
40 39 38 0.0 0.0 2.0 28.0 188.0 5.0 0.0
40 39 39 0.0 20.0 245.0 869.0 13699.0 248.0 556.0
40 39 40 0.0 320.0 285.0 8044.0 14890.0 357.0 1753.0
40 39 41 0.0 17.0 230.0 1506.0 10778.0 235.0 390.0
40 39 42 0.0 0.0 3.0 44.0 171.0 6.0 0.0
40 40 38 0.0 1.0 12.0 35.0 247.0 5.0 1.0
40 40 39 1.0 70.0 258.0 1882.0 14394.0 277.0 723.0
40 40 40 1.0 137.0 1005.0 4113.0 34387.0 440.0 44544.0
40 40 41 0.0 110.0 408.0 2392.0 15110.0 309.0 818.0
40 40 42 0.0 0.0 4.0 26.0 289.0 8.0 0.0
40 41 38 0.0 2.0 0.0 27.0 178.0 3.0 0.0
40 41 39 0.0 26.0 345.0 1230.0 11748.0 205.0 484.0
40 41 40 1.0 96.0 298.0 1845.0 14548.0 276.0 744.0
40 41 41 0.0 22.0 305.0 1733.0 12083.0 215.0 506.0
40 41 42 0.0 0.0 4.0 15.0 175.0 0.0 0.0
40 42 38 0.0 0.0 0.0 0.0 53.0 2.0 0.0
40 42 39 0.0 1.0 6.0 38.0 175.0 3.0 0.0
40 42 40 0.0 2.0 3.0 39.0 181.0 2.0 0.0
40 42 41 0.0 0.0 6.0 17.0 174.0 6.0 0.0
40 42 42 0.0 0.0 2.0 3.0 61.0 0.0 0.0
41 38 38 0.0 0.0 0.0 3.0 50.0 0.0 0.0
41 38 39 0.0 4.0 3.0 43.0 127.0 6.0 0.0
41 38 40 0.0 2.0 1.0 75.0 193.0 10.0 0.0
41 38 41 0.0 6.0 2.0 61.0 120.0 3.0 0.0
41 38 42 0.0 0.0 0.0 4.0 52.0 1.0 0.0
41 39 38 0.0 0.0 5.0 19.0 158.0 5.0 0.0
41 39 39 0.0 39.0 168.0 1174.0 10226.0 203.0 312.0
41 39 40 0.0 10.0 164.0 1343.0 9823.0 190.0 292.0
41 39 41 0.0 30.0 292.0 1173.0 11235.0 200.0 398.0
41 39 42 0.0 0.0 2.0 5.0 115.0 2.0 0.0
41 40 38 0.0 0.0 1.0 9.0 222.0 4.0 0.0
41 40 39 0.0 14.0 349.0 1067.0 14553.0 296.0 653.0
41 40 40 0.0 60.0 418.0 1517.0 15016.0 284.0 785.0
41 40 41 0.0 41.0 204.0 1479.0 11767.0 208.0 414.0
41 40 42 0.0 1.0 1.0 19.0 190.0 10.0 0.0
41 41 38 0.0 0.0 3.0 9.0 113.0 4.0 0.0
41 41 39 0.0 9.0 170.0 964.0 10088.0 175.0 325.0
41 41 40 0.0 45.0 283.0 1464.0 10579.0 203.0 412.0
41 41 41 0.0 23.0 397.0 1175.0 12010.0 206.0 500.0
41 41 42 0.0 2.0 9.0 11.0 92.0 0.0 0.0
41 42 38 0.0 0.0 0.0 1.0 66.0 0.0 0.0
41 42 39 0.0 0.0 3.0 8.0 109.0 2.0 0.0
41 42 40 0.0 1.0 5.0 9.0 219.0 2.0 0.0
41 42 41 0.0 0.0 2.0 30.0 95.0 1.0 0.0
41 42 42 0.0 0.0 0.0 6.0 33.0 0.0 0.0
42 38 38 0.0 0.0 0.0 5.0 21.0 0.0 0.0
42 38 39 0.0 0.0 0.0 1.0 29.0 2.0 0.0
42 38 40 0.0 1.0 1.0 1.0 37.0 0.0 0.0
42 38 41 0.0 0.0 0.0 1.0 37.0 0.0 0.0
42 38 42 0.0 0.0 0.0 1.0 10.0 0.0 0.0
42 39 38 0.0 0.0 0.0 4.0 62.0 2.0 0.0
42 39 39 0.0 0.0 1.0 15.0 149.0 3.0 0.0
42 39 40 0.0 0.0 3.0 11.0 164.0 3.0 0.0
42 39 41 0.0 0.0 3.0 13.0 91.0 1.0 0.0
42 39 42 0.0 0.0 1.0 5.0 58.0 1.0 0.0
42 40 38 0.0 0.0 3.0 7.0 99.0 2.0 0.0
42 40 39 0.0 1.0 1.0 17.0 122.0 1.0 0.0
42 40 40 0.0 0.0 17.0 16.0 251.0 6.0 0.0
42 40 41 0.0 0.0 4.0 13.0 190.0 5.0 0.0
42 40 42 0.0 0.0 0.0 4.0 63.0 1.0 0.0
42 41 38 0.0 0.0 2.0 8.0 49.0 0.0 0.0
42 41 39 0.0 0.0 9.0 6.0 169.0 4.0 0.0
42 41 40 0.0 0.0 8.0 9.0 179.0 3.0 0.0
42 41 41 0.0 0.0 4.0 13.0 149.0 3.0 0.0
42 41 42 0.0 0.0 0.0 3.0 57.0 0.0 0.0
42 42 38 0.0 0.0 0.0 0.0 6.0 0.0 0.0
42 42 39 0.0 0.0 0.0 2.0 21.0 0.0 0.0
42 42 40 0.0 0.0 9.0 4.0 84.0 1.0 0.0
42 42 41 0.0 0.0 2.0 7.0 32.0 1.0 0.0
42 42 42 0.0 0.0 0.0 0.0 39.0 1.0 0.0
