38 38 41 0.0 0.0 0.0 0.0 5.0 0.0 0.0
38 38 42 0.0 0.0 0.0 0.0 1.0 0.0 0.0
38 39 38 0.0 0.0 0.0 0.0 2.0 0.0 0.0
38 39 39 0.0 0.0 1.0 0.0 4.0 0.0 0.0
38 39 40 0.0 0.0 0.0 1.0 4.0 0.0 0.0
38 39 41 0.0 0.0 0.0 0.0 4.0 0.0 0.0
38 40 39 0.0 0.0 0.0 0.0 6.0 0.0 0.0
38 40 40 0.0 2.0 0.0 1.0 14.0 0.0 0.0
38 40 41 0.0 0.0 0.0 0.0 6.0 0.0 0.0
38 40 42 0.0 0.0 0.0 0.0 3.0 0.0 0.0
38 41 38 0.0 0.0 0.0 0.0 1.0 0.0 0.0
38 41 39 0.0 0.0 0.0 0.0 3.0 0.0 0.0
38 41 40 0.0 0.0 0.0 0.0 2.0 0.0 0.0
38 41 41 0.0 3.0 0.0 3.0 6.0 0.0 0.0
38 42 40 0.0 0.0 0.0 0.0 2.0 0.0 0.0
38 42 41 0.0 0.0 0.0 2.0 2.0 0.0 0.0
38 42 42 0.0 0.0 1.0 0.0 0.0 0.0 0.0
39 38 39 0.0 0.0 0.0 7.0 17.0 1.0 0.0
39 38 40 0.0 0.0 0.0 6.0 15.0 2.0 0.0
39 38 41 0.0 0.0 0.0 0.0 7.0 0.0 0.0
39 38 42 0.0 0.0 0.0 0.0 1.0 0.0 0.0
39 39 38 0.0 0.0 0.0 1.0 4.0 0.0 0.0
39 39 39 0.0 8.0 119.0 296.0 3318.0 69.0 27.0
39 39 40 0.0 5.0 87.0 224.0 2917.0 63.0 14.0
39 39 41 0.0 6.0 50.0 223.0 3018.0 66.0 26.0
39 39 42 0.0 0.0 0.0 2.0 11.0 1.0 0.0
39 40 38 0.0 0.0 0.0 0.0 25.0 0.0 0.0
39 40 39 0.0 38.0 46.0 374.0 2412.0 41.0 17.0
39 40 40 0.0 26.0 102.0 610.0 3717.0 84.0 40.0
39 40 41 2.0 6.0 61.0 284.0 2215.0 42.0 12.0
39 40 42 0.0 0.0 0.0 0.0 3.0 0.0 0.0
39 41 38 0.0 0.0 0.0 0.0 2.0 0.0 0.0
39 41 39 0.0 10.0 50.0 282.0 2250.0 43.0 16.0
39 41 40 1.0 8.0 80.0 198.0 2894.0 58.0 21.0
39 41 41 0.0 17.0 132.0 250.0 2394.0 55.0 9.0
39 41 42 0.0 0.0 0.0 1.0 1.0 0.0 0.0
39 42 38 0.0 0.0 0.0 1.0 1.0 0.0 0.0
39 42 39 0.0 0.0 0.0 1.0 3.0 0.0 0.0
39 42 40 0.0 0.0 0.0 1.0 9.0 2.0 0.0
39 42 41 0.0 0.0 0.0 0.0 8.0 0.0 0.0
39 42 42 0.0 0.0 0.0 0.0 1.0 0.0 0.0
40 38 38 0.0 0.0 0.0 0.0 3.0 0.0 0.0
40 38 39 0.0 0.0 0.0 0.0 10.0 0.0 0.0
40 38 40 0.0 0.0 0.0 4.0 13.0 1.0 0.0
40 38 41 0.0 0.0 0.0 1.0 8.0 0.0 0.0
40 38 42 0.0 0.0 2.0 0.0 1.0 0.0 0.0
40 39 38 0.0 0.0 0.0 1.0 3.0 0.0 0.0
40 39 39 0.0 2.0 89.0 170.0 3357.0 61.0 29.0
40 39 40 0.0 141.0 123.0 2582.0 4017.0 122.0 106.0
40 39 41 0.0 5.0 73.0 374.0 2498.0 54.0 16.0
40 39 42 0.0 0.0 0.0 3.0 9.0 1.0 0.0
40 40 38 0.0 0.0 0.0 0.0 8.0 0.0 0.0
40 40 39 1.0 21.0 106.0 454.0 3622.0 67.0 31.0
40 40 40 3.0 210.0 1512.0 4826.0 40329.0 525.0 20797.0
40 40 41 0.0 39.0 147.0 617.0 3758.0 96.0 39.0
40 40 42 0.0 0.0 0.0 1.0 17.0 0.0 0.0
40 41 38 0.0 0.0 0.0 1.0 5.0 1.0 0.0
40 41 39 0.0 10.0 110.0 315.0 2792.0 52.0 25.0
40 41 40 0.0 33.0 100.0 395.0 3496.0 64.0 30.0
40 41 41 0.0 7.0 93.0 478.0 2822.0 65.0 15.0
40 41 42 0.0 0.0 1.0 0.0 6.0 0.0 0.0
40 42 38 0.0 0.0 0.0 0.0 1.0 0.0 0.0
40 42 39 0.0 0.0 2.0 0.0 14.0 0.0 0.0
40 42 40 0.0 0.0 0.0 3.0 5.0 0.0 0.0
41 38 38 0.0 0.0 0.0 0.0 4.0 0.0 0.0
41 38 39 0.0 0.0 0.0 5.0 4.0 0.0 0.0
41 38 40 0.0 0.0 0.0 3.0 3.0 0.0 0.0
41 38 41 0.0 2.0 0.0 2.0 6.0 0.0 0.0
41 38 42 0.0 0.0 0.0 0.0 2.0 0.0 0.0
41 39 38 0.0 0.0 0.0 0.0 8.0 0.0 0.0
41 39 39 0.0 14.0 60.0 243.0 2380.0 42.0 10.0
41 39 40 0.0 3.0 50.0 307.0 2204.0 46.0 9.0
41 39 41 0.0 8.0 92.0 265.0 2713.0 46.0 20.0
41 39 42 0.0 0.0 0.0 0.0 6.0 0.0 0.0
41 40 38 0.0 0.0 0.0 0.0 5.0 0.0 0.0
41 40 39 0.0 4.0 125.0 268.0 3680.0 78.0 26.0
41 40 40 0.0 15.0 181.0 357.0 3516.0 78.0 35.0
41 40 41 0.0 8.0 65.0 351.0 2836.0 41.0 18.0
41 40 42 0.0 0.0 0.0 0.0 6.0 0.0 0.0
41 41 38 0.0 0.0 0.0 0.0 2.0 0.0 0.0
41 41 39 0.0 1.0 55.0 234.0 2284.0 43.0 9.0
41 41 40 0.0 15.0 83.0 334.0 2389.0 47.0 21.0
41 41 41 0.0 9.0 152.0 286.0 2859.0 59.0 17.0
41 41 42 0.0 0.0 0.0 0.0 2.0 0.0 0.0
41 42 38 0.0 0.0 0.0 0.0 6.0 0.0 0.0
41 42 39 0.0 0.0 0.0 0.0 11.0 0.0 0.0
41 42 40 0.0 0.0 0.0 0.0 32.0 0.0 0.0
41 42 41 0.0 0.0 0.0 2.0 3.0 0.0 0.0
42 38 38 0.0 0.0 0.0 0.0 1.0 0.0 0.0
42 38 39 0.0 0.0 0.0 0.0 1.0 0.0 0.0
42 38 41 0.0 0.0 0.0 0.0 2.0 0.0 0.0
42 39 38 0.0 0.0 0.0 0.0 1.0 0.0 0.0
42 39 39 0.0 0.0 0.0 0.0 7.0 0.0 0.0
42 39 40 0.0 0.0 0.0 0.0 7.0 0.0 0.0
42 39 41 0.0 0.0 0.0 1.0 2.0 0.0 0.0
42 40 38 0.0 0.0 1.0 0.0 4.0 0.0 0.0
42 40 39 0.0 0.0 0.0 1.0 5.0 0.0 0.0
42 40 40 0.0 0.0 4.0 0.0 8.0 0.0 0.0
42 40 41 0.0 0.0 0.0 0.0 6.0 0.0 0.0
42 40 42 0.0 0.0 0.0 0.0 1.0 0.0 0.0
42 41 38 0.0 0.0 0.0 1.0 1.0 0.0 0.0
42 41 39 0.0 0.0 1.0 1.0 6.0 0.0 0.0
42 41 40 0.0 0.0 0.0 0.0 3.0 0.0 0.0
42 41 41 0.0 0.0 0.0 0.0 9.0 0.0 0.0
42 41 42 0.0 0.0 0.0 0.0 5.0 0.0 0.0
42 42 40 0.0 0.0 1.0 0.0 5.0 0.0 0.0
