36 37 41 0.0 0.0 0.0 0.0 1.0 0.0 0.0
36 38 40 0.0 0.0 0.0 0.0 1.0 0.0 0.0
36 42 40 0.0 0.0 0.0 0.0 1.0 0.0 0.0
37 37 37 0.0 0.0 0.0 0.0 3.0 0.0 0.0
37 37 38 0.0 0.0 0.0 2.0 14.0 0.0 0.0
37 37 39 0.0 0.0 1.0 0.0 43.0 2.0 0.0
37 37 40 0.0 1.0 0.0 7.0 54.0 1.0 0.0
37 37 41 0.0 0.0 0.0 0.0 32.0 1.0 0.0
37 37 42 0.0 0.0 0.0 2.0 23.0 0.0 0.0
37 37 43 0.0 0.0 0.0 0.0 7.0 0.0 0.0
37 38 37 0.0 0.0 1.0 1.0 11.0 0.0 0.0
37 38 38 0.0 0.0 2.0 9.0 123.0 3.0 0.0
37 38 39 0.0 0.0 0.0 17.0 332.0 7.0 0.0
37 38 40 0.0 0.0 2.0 38.0 335.0 7.0 1.0
37 38 41 0.0 0.0 1.0 32.0 304.0 2.0 0.0
37 38 42 0.0 0.0 0.0 9.0 75.0 1.0 0.0
37 38 43 0.0 0.0 0.0 0.0 5.0 0.0 0.0
37 39 37 0.0 0.0 0.0 8.0 43.0 2.0 0.0
37 39 38 0.0 0.0 2.0 25.0 224.0 4.0 1.0
37 39 39 0.0 1.0 2.0 116.0 742.0 12.0 0.0
37 39 40 0.0 4.0 8.0 148.0 1049.0 14.0 1.0
37 39 41 0.0 2.0 21.0 63.0 762.0 17.0 2.0
37 39 42 0.0 0.0 0.0 47.0 329.0 8.0 0.0
37 39 43 0.0 0.0 0.0 0.0 52.0 1.0 0.0
37 40 37 0.0 0.0 0.0 5.0 45.0 2.0 0.0
37 40 38 0.0 0.0 2.0 49.0 450.0 8.0 1.0
37 40 39 0.0 4.0 10.0 136.0 911.0 16.0 0.0
37 40 40 0.0 3.0 7.0 170.0 1217.0 21.0 1.0
37 40 41 0.0 0.0 7.0 108.0 984.0 16.0 2.0
37 40 42 0.0 6.0 1.0 50.0 365.0 10.0 0.0
37 40 43 0.0 0.0 1.0 9.0 62.0 1.0 0.0
37 41 37 0.0 0.0 1.0 6.0 23.0 2.0 0.0
37 41 38 0.0 2.0 1.0 48.0 204.0 3.0 0.0
37 41 39 0.0 0.0 3.0 95.0 666.0 11.0 1.0
37 41 40 0.0 3.0 4.0 106.0 1045.0 21.0 1.0
37 41 41 0.0 3.0 6.0 108.0 772.0 12.0 0.0
37 41 42 0.0 0.0 5.0 21.0 301.0 3.0 0.0
37 41 43 0.0 0.0 0.0 2.0 34.0 0.0 0.0
37 42 37 0.0 0.0 0.0 3.0 2.0 0.0 0.0
37 42 38 0.0 0.0 0.0 14.0 89.0 2.0 0.0
37 42 39 0.0 2.0 3.0 29.0 261.0 3.0 0.0
37 42 40 0.0 0.0 3.0 46.0 380.0 8.0 0.0
37 42 41 0.0 0.0 0.0 54.0 270.0 4.0 0.0
37 42 42 0.0 0.0 0.0 11.0 86.0 0.0 0.0
37 42 43 0.0 0.0 0.0 0.0 18.0 0.0 0.0
37 43 37 0.0 0.0 0.0 1.0 2.0 1.0 0.0
37 43 38 0.0 0.0 0.0 1.0 21.0 1.0 0.0
37 43 39 0.0 0.0 0.0 2.0 21.0 1.0 0.0
37 43 40 0.0 0.0 1.0 0.0 34.0 0.0 0.0
37 43 41 0.0 0.0 1.0 10.0 40.0 0.0 0.0
37 43 42 0.0 0.0 0.0 0.0 32.0 1.0 0.0
38 36 40 0.0 0.0 0.0 0.0 1.0 0.0 0.0
38 37 37 0.0 0.0 0.0 1.0 24.0 0.0 0.0
38 37 38 0.0 0.0 3.0 24.0 150.0 3.0 0.0
38 37 39 0.0 0.0 2.0 57.0 391.0 10.0 0.0
38 37 40 0.0 2.0 5.0 79.0 424.0 6.0 1.0
38 37 41 0.0 1.0 3.0 42.0 365.0 11.0 0.0
38 37 42 0.0 0.0 0.0 11.0 86.0 2.0 0.0
38 37 43 0.0 0.0 0.0 0.0 7.0 0.0 0.0
38 38 37 0.0 0.0 0.0 3.0 129.0 2.0 0.0
38 38 38 0.0 9.0 57.0 378.0 5098.0 86.0 67.0
38 38 39 0.0 6.0 41.0 1197.0 10977.0 202.0 322.0
38 38 40 0.0 16.0 103.0 1024.0 14744.0 242.0 619.0
38 38 41 0.0 14.0 64.0 927.0 10570.0 182.0 300.0
38 38 42 0.0 0.0 3.0 400.0 4434.0 83.0 48.0
38 38 43 0.0 0.0 0.0 20.0 129.0 4.0 0.0
38 39 37 0.0 2.0 4.0 33.0 308.0 6.0 0.0
38 39 38 0.0 16.0 65.0 1428.0 10590.0 204.0 305.0
38 39 39 0.0 53.0 170.0 3131.0 21684.0 392.0 1615.0
38 39 40 0.0 39.0 271.0 3227.0 27522.0 425.0 2860.0
38 39 41 0.0 23.0 185.0 2168.0 21067.0 360.0 1431.0
38 39 42 1.0 22.0 89.0 1271.0 9845.0 176.0 240.0
38 39 43 0.0 0.0 1.0 38.0 305.0 10.0 0.0
38 40 37 0.0 1.0 1.0 28.0 301.0 6.0 0.0
38 40 38 0.0 28.0 93.0 1977.0 12608.0 216.0 444.0
38 40 39 0.0 64.0 222.0 3482.0 27654.0 444.0 2665.0
38 40 40 0.0 51.0 254.0 4751.0 33877.0 494.0 4873.0
38 40 41 0.0 52.0 255.0 2721.0 28253.0 457.0 2876.0
38 40 42 0.0 19.0 153.0 1246.0 13760.0 263.0 490.0
38 40 43 0.0 0.0 2.0 26.0 331.0 5.0 0.0
38 40 44 0.0 0.0 0.0 0.0 1.0 0.0 0.0
38 41 37 0.0 0.0 4.0 22.0 261.0 5.0 0.0
38 41 38 0.0 52.0 80.0 1408.0 8934.0 186.0 232.0
38 41 39 0.0 59.0 119.0 2533.0 20601.0 369.0 1316.0
38 41 40 0.0 38.0 326.0 3543.0 28061.0 475.0 2890.0
38 41 41 0.0 160.0 185.0 4022.0 20652.0 368.0 1696.0
38 41 42 0.0 11.0 89.0 824.0 9239.0 167.0 226.0
38 41 43 0.0 0.0 4.0 41.0 256.0 6.0 0.0
38 42 37 0.0 0.0 0.0 8.0 81.0 1.0 0.0
38 42 38 0.0 1.0 41.0 379.0 3776.0 73.0 40.0
38 42 39 0.0 16.0 98.0 1030.0 9638.0 165.0 244.0
38 42 40 0.0 38.0 140.0 1192.0 13383.0 245.0 467.0
38 42 41 0.0 16.0 89.0 1133.0 10475.0 186.0 273.0
38 42 42 0.0 1.0 52.0 401.0 4712.0 80.0 63.0
38 42 43 0.0 0.0 0.0 5.0 102.0 2.0 0.0
38 43 37 0.0 0.0 0.0 1.0 5.0 0.0 0.0
38 43 38 0.0 0.0 0.0 14.0 71.0 2.0 0.0
38 43 39 0.0 4.0 1.0 40.0 248.0 5.0 0.0
38 43 40 0.0 0.0 1.0 44.0 302.0 4.0 1.0
38 43 41 0.0 0.0 1.0 25.0 241.0 7.0 0.0
38 43 42 0.0 0.0 1.0 8.0 104.0 2.0 0.0
38 43 43 0.0 0.0 0.0 4.0 15.0 0.0 0.0
39 37 37 0.0 0.0 1.0 0.0 40.0 1.0 0.0
39 37 38 0.0 3.0 3.0 53.0 382.0 8.0 0.0
39 37 39 0.0 0.0 3.0 161.0 913.0 19.0 0.0
39 37 40 0.0 2.0 16.0 165.0 1124.0 19.0 2.0
39 37 41 0.0 2.0 2.0 140.0 820.0 16.0 0.0
39 37 42 0.0 0.0 1.0 40.0 289.0 6.0 0.0
39 37 43 0.0 0.0 0.0 1.0 30.0 0.0 0.0
39 38 37 0.0 0.0 0.0 24.0 341.0 4.0 0.0
39 38 38 0.0 18.0 63.0 823.0 10945.0 186.0 279.0
39 38 39 0.0 106.0 222.0 5037.0 24084.0 420.0 2423.0
39 38 40 0.0 52.0 190.0 4969.0 28886.0 501.0 3580.0
39 38 41 0.0 78.0 148.0 3903.0 21757.0 421.0 1839.0
39 38 42 0.0 5.0 55.0 999.0 9474.0 167.0 240.0
39 38 43 0.0 0.0 4.0 53.0 340.0 4.0 0.0
39 39 37 0.0 4.0 4.0 58.0 751.0 15.0 0.0
39 39 38 0.0 41.0 182.0 2350.0 23124.0 365.0 1686.0
39 39 39 0.0 100.0 463.0 4868.0 43052.0 487.0 39043.0
39 39 40 0.0 96.0 457.0 5077.0 45053.0 522.0 40700.0
39 39 41 0.0 73.0 318.0 4546.0 44397.0 529.0 36681.0
39 39 42 0.0 32.0 150.0 2473.0 22422.0 352.0 1707.0
39 39 43 0.0 1.0 11.0 63.0 669.0 8.0 1.0
39 39 44 0.0 0.0 0.0 0.0 1.0 0.0 0.0
39 40 37 0.0 3.0 5.0 84.0 896.0 26.0 2.0
39 40 38 0.0 66.0 153.0 3222.0 28190.0 456.0 2879.0
39 40 39 0.0 188.0 405.0 7444.0 43322.0 504.0 38836.0
39 40 40 0.0 99.0 454.0 6305.0 43694.0 429.0 48897.0
39 40 41 0.0 78.0 491.0 5358.0 45909.0 518.0 37476.0
39 40 42 0.0 54.0 293.0 3142.0 27325.0 445.0 2647.0
39 40 43 0.0 0.0 8.0 134.0 909.0 19.0 1.0
39 41 37 0.0 0.0 2.0 88.0 786.0 13.0 1.0
39 41 38 0.0 20.0 175.0 2500.0 21011.0 357.0 1397.0
39 41 39 0.0 59.0 356.0 5093.0 45041.0 533.0 33081.0
39 41 40 1.0 69.0 449.0 4634.0 45647.0 446.0 40125.0
39 41 41 0.0 82.0 619.0 4746.0 44459.0 526.0 35478.0
39 41 42 0.0 27.0 170.0 2715.0 21387.0 387.0 1454.0
39 41 43 0.0 0.0 3.0 104.0 767.0 18.0 2.0
39 42 37 0.0 0.0 1.0 31.0 186.0 2.0 0.0
39 42 38 0.0 8.0 63.0 1104.0 9881.0 169.0 270.0
39 42 39 0.0 63.0 179.0 2459.0 20903.0 367.0 1372.0
39 42 40 0.0 50.0 301.0 3035.0 27289.0 443.0 2626.0
39 42 41 0.0 64.0 217.0 2530.0 21690.0 330.0 1604.0
39 42 42 0.0 11.0 206.0 1288.0 11101.0 215.0 325.0
39 42 43 0.0 0.0 3.0 30.0 246.0 7.0 1.0
39 43 37 0.0 0.0 0.0 3.0 18.0 0.0 0.0
39 43 38 0.0 0.0 0.0 27.0 229.0 1.0 0.0
39 43 39 0.0 1.0 7.0 94.0 687.0 19.0 2.0
39 43 40 0.0 1.0 10.0 150.0 892.0 14.0 0.0
39 43 41 0.0 1.0 10.0 90.0 779.0 20.0 1.0
39 43 42 0.0 1.0 4.0 34.0 251.0 2.0 1.0
39 43 43 0.0 0.0 0.0 1.0 46.0 0.0 0.0
40 37 37 0.0 1.0 0.0 3.0 69.0 0.0 0.0
40 37 38 0.0 1.0 1.0 118.0 531.0 15.0 2.0
40 37 39 0.0 0.0 1.0 195.0 1109.0 22.0 2.0
40 37 40 0.0 0.0 18.0 261.0 1502.0 29.0 4.0
40 37 41 0.0 3.0 9.0 211.0 991.0 21.0 0.0
40 37 42 0.0 0.0 3.0 54.0 391.0 6.0 0.0
40 37 43 0.0 0.0 0.0 5.0 41.0 0.0 0.0
40 38 37 0.0 4.0 2.0 56.0 439.0 7.0 0.0
40 38 38 0.0 14.0 87.0 1400.0 15089.0 267.0 687.0
40 38 39 0.0 60.0 213.0 4821.0 27480.0 459.0 3096.0
40 38 40 0.0 57.0 289.0 6402.0 34078.0 534.0 5656.0
40 38 41 0.0 57.0 203.0 5175.0 26533.0 443.0 3021.0
40 38 42 0.0 11.0 222.0 1328.0 14002.0 238.0 549.0
40 38 43 0.0 0.0 2.0 62.0 364.0 7.0 0.0
40 39 37 0.0 0.0 11.0 79.0 1240.0 20.0 2.0
40 39 38 0.0 18.0 194.0 2940.0 28814.0 454.0 2998.0
40 39 39 0.0 79.0 346.0 4457.0 44888.0 478.0 42236.0
40 39 40 0.0 246.0 316.0 11202.0 35436.0 405.0 55559.0
40 39 41 0.0 53.0 475.0 6018.0 45191.0 550.0 38057.0
40 39 42 0.0 33.0 236.0 3716.0 27193.0 439.0 2746.0
40 39 43 0.0 1.0 7.0 104.0 1015.0 15.0 2.0
40 39 44 0.0 0.0 0.0 0.0 1.0 0.0 0.0
40 40 37 0.0 0.0 5.0 122.0 1300.0 29.0 1.0
40 40 38 0.0 75.0 312.0 3723.0 34700.0 523.0 4817.0
40 40 39 0.0 122.0 408.0 5738.0 44902.0 436.0 48158.0
40 40 40 0.0 53.0 302.0 3119.0 24300.0 185.0 98216.0
40 40 41 0.0 116.0 492.0 6404.0 43215.0 457.0 49761.0
40 40 42 0.0 35.0 357.0 3877.0 34606.0 513.0 4828.0
40 40 43 0.0 2.0 17.0 186.0 1256.0 19.0 2.0
40 40 44 0.0 0.0 0.0 0.0 1.0 0.0 0.0
40 41 37 0.0 0.0 4.0 95.0 1191.0 27.0 0.0
40 41 38 0.0 71.0 208.0 3403.0 27116.0 460.0 2725.0
40 41 39 0.0 70.0 556.0 4643.0 45969.0 510.0 39932.0
40 41 40 0.0 125.0 490.0 5614.0 44785.0 468.0 48424.0
40 41 41 0.0 62.0 512.0 5653.0 44915.0 482.0 40884.0
40 41 42 0.0 39.0 272.0 3025.0 27836.0 496.0 2787.0
40 41 43 0.0 16.0 13.0 183.0 1154.0 20.0 5.0
40 41 44 0.0 0.0 0.0 0.0 1.0 0.0 0.0
40 42 37 0.0 0.0 3.0 36.0 329.0 9.0 0.0
40 42 38 0.0 8.0 127.0 1013.0 13629.0 246.0 430.0
40 42 39 0.0 36.0 244.0 3467.0 26874.0 428.0 2693.0
40 42 40 0.0 80.0 378.0 4256.0 33341.0 532.0 4459.0
40 42 41 0.0 42.0 258.0 3051.0 27534.0 453.0 2702.0
40 42 42 0.0 22.0 171.0 1511.0 14167.0 260.0 595.0
40 42 43 0.0 0.0 5.0 59.0 373.0 9.0 0.0
40 43 37 0.0 0.0 0.0 3.0 39.0 1.0 0.0
40 43 38 0.0 0.0 2.0 19.0 327.0 5.0 0.0
40 43 39 0.0 5.0 7.0 129.0 1090.0 22.0 1.0
40 43 40 0.0 0.0 19.0 155.0 1183.0 18.0 3.0
40 43 41 0.0 1.0 0.0 106.0 1080.0 15.0 3.0
40 43 42 0.0 5.0 4.0 46.0 397.0 14.0 0.0
40 43 43 0.0 0.0 2.0 7.0 41.0 0.0 0.0
40 43 44 0.0 0.0 0.0 0.0 1.0 0.0 0.0
41 36 42 0.0 0.0 0.0 0.0 1.0 0.0 0.0
41 37 37 0.0 0.0 0.0 18.0 28.0 1.0 0.0
41 37 38 0.0 2.0 3.0 43.0 335.0 7.0 0.0
41 37 39 0.0 3.0 4.0 117.0 856.0 13.0 0.0
41 37 40 0.0 10.0 1.0 224.0 960.0 23.0 1.0
41 37 41 0.0 5.0 3.0 160.0 796.0 21.0 2.0
41 37 42 0.0 2.0 0.0 53.0 231.0 3.0 0.0
41 37 43 0.0 0.0 0.0 1.0 37.0 1.0 0.0
41 38 37 0.0 0.0 1.0 38.0 302.0 7.0 0.0
41 38 38 0.0 4.0 49.0 908.0 10266.0 165.0 292.0
41 38 39 0.0 93.0 109.0 4531.0 21080.0 377.0 1773.0
41 38 40 0.0 73.0 139.0 5640.0 26150.0 444.0 2969.0
41 38 41 0.0 160.0 143.0 5368.0 20690.0 362.0 1932.0
41 38 42 0.0 20.0 91.0 1072.0 10080.0 176.0 247.0
41 38 43 0.0 0.0 5.0 30.0 255.0 8.0 0.0
41 39 37 0.0 0.0 14.0 92.0 840.0 23.0 2.0
41 39 38 0.0 24.0 202.0 2367.0 23244.0 410.0 1779.0
41 39 39 0.0 100.0 348.0 5487.0 44245.0 493.0 35215.0
41 39 40 1.0 80.0 403.0 6410.0 45469.0 524.0 37121.0
41 39 41 0.0 48.0 476.0 5164.0 43702.0 486.0 35952.0
41 39 42 0.0 48.0 181.0 2568.0 22048.0 366.0 1562.0
41 39 43 0.0 0.0 7.0 90.0 764.0 11.0 2.0
41 40 36 0.0 0.0 0.0 0.0 1.0 0.0 0.0
41 40 37 0.0 0.0 8.0 108.0 948.0 12.0 3.0
41 40 38 0.0 17.0 233.0 2494.0 29319.0 502.0 2910.0
41 40 39 0.0 54.0 490.0 3987.0 44723.0 484.0 43272.0
41 40 40 0.0 103.0 571.0 5231.0 44685.0 451.0 48903.0
41 40 41 0.0 89.0 491.0 5810.0 44593.0 474.0 39959.0
41 40 42 0.0 39.0 248.0 3391.0 27437.0 421.0 2721.0
41 40 43 0.0 0.0 14.0 97.0 1049.0 15.0 5.0
41 41 37 0.0 2.0 3.0 98.0 803.0 20.0 0.0
41 41 38 0.0 9.0 183.0 1984.0 22321.0 360.0 1499.0
41 41 39 0.0 28.0 377.0 4433.0 45572.0 523.0 33599.0
41 41 40 0.0 65.0 572.0 5674.0 45245.0 555.0 38499.0
41 41 41 0.0 48.0 571.0 4169.0 44615.0 488.0 37607.0
41 41 42 0.0 29.0 315.0 2533.0 21999.0 371.0 1600.0
41 41 43 0.0 0.0 8.0 72.0 750.0 20.0 0.0
41 42 37 0.0 0.0 2.0 18.0 301.0 1.0 0.0
41 42 38 0.0 30.0 94.0 1128.0 10232.0 198.0 316.0
41 42 39 0.0 11.0 242.0 2221.0 21394.0 325.0 1478.0
41 42 40 0.0 22.0 279.0 2888.0 28528.0 436.0 2985.0
41 42 41 0.0 48.0 217.0 2995.0 22113.0 402.0 1700.0
41 42 42 0.0 1.0 146.0 1089.0 10549.0 193.0 282.0
41 42 43 0.0 4.0 3.0 41.0 302.0 7.0 0.0
41 43 37 0.0 1.0 0.0 4.0 32.0 1.0 0.0
41 43 38 0.0 0.0 9.0 38.0 303.0 7.0 0.0
41 43 39 0.0 0.0 2.0 66.0 755.0 14.0 0.0
41 43 40 0.0 4.0 10.0 97.0 964.0 20.0 0.0
41 43 41 0.0 0.0 21.0 79.0 785.0 11.0 0.0
41 43 42 0.0 0.0 1.0 19.0 210.0 1.0 0.0
41 43 43 0.0 0.0 0.0 0.0 45.0 0.0 0.0
41 44 38 0.0 0.0 0.0 0.0 1.0 0.0 0.0
42 37 37 0.0 0.0 0.0 0.0 17.0 0.0 0.0
42 37 38 0.0 0.0 0.0 14.0 98.0 0.0 0.0
42 37 39 0.0 1.0 1.0 46.0 288.0 3.0 0.0
42 37 40 0.0 1.0 0.0 77.0 335.0 6.0 0.0
42 37 41 0.0 0.0 5.0 76.0 331.0 9.0 0.0
42 37 42 0.0 0.0 10.0 23.0 116.0 4.0 0.0
42 37 43 0.0 0.0 0.0 0.0 22.0 1.0 0.0
42 38 37 0.0 0.0 1.0 15.0 155.0 1.0 0.0
42 38 38 0.0 20.0 26.0 545.0 4542.0 94.0 54.0
42 38 39 0.0 33.0 58.0 1208.0 8490.0 178.0 169.0
42 38 40 0.0 10.0 89.0 1598.0 12199.0 223.0 427.0
42 38 41 0.0 16.0 56.0 1371.0 9654.0 180.0 259.0
42 38 42 0.0 1.0 47.0 434.0 4320.0 84.0 45.0
42 38 43 0.0 1.0 2.0 8.0 116.0 5.0 0.0
42 39 37 0.0 0.0 3.0 29.0 318.0 1.0 0.0
42 39 38 0.0 28.0 59.0 966.0 11036.0 188.0 344.0
42 39 39 0.0 17.0 177.0 2079.0 22665.0 403.0 1673.0
42 39 40 0.0 39.0 318.0 2776.0 27854.0 439.0 2663.0
42 39 41 0.0 61.0 258.0 2747.0 20658.0 372.0 1412.0
42 39 42 0.0 17.0 65.0 1346.0 10196.0 192.0 271.0
42 39 43 0.0 0.0 1.0 26.0 297.0 5.0 0.0
42 39 44 0.0 0.0 0.0 0.0 1.0 0.0 0.0
42 40 37 0.0 0.0 6.0 45.0 418.0 7.0 0.0
42 40 38 0.0 6.0 158.0 1178.0 14489.0 250.0 590.0
42 40 39 0.0 43.0 223.0 3020.0 27210.0 463.0 2611.0
42 40 40 0.0 36.0 340.0 3402.0 35399.0 576.0 4878.0
42 40 41 0.0 41.0 296.0 3109.0 27868.0 464.0 2715.0
42 40 42 0.0 16.0 119.0 1445.0 13700.0 267.0 538.0
42 40 43 0.0 0.0 2.0 38.0 359.0 5.0 0.0
42 41 37 0.0 0.0 3.0 20.0 277.0 9.0 0.0
42 41 38 0.0 3.0 218.0 834.0 10625.0 181.0 299.0
42 41 39 0.0 17.0 317.0 1875.0 23064.0 368.0 1654.0
42 41 40 0.0 42.0 298.0 2692.0 28588.0 489.0 2850.0
42 41 41 0.0 25.0 265.0 2102.0 23538.0 366.0 1815.0
42 41 42 0.0 18.0 81.0 1028.0 10699.0 191.0 314.0
42 41 43 0.0 1.0 1.0 38.0 339.0 7.0 1.0
42 42 37 0.0 0.0 0.0 13.0 85.0 1.0 0.0
42 42 38 0.0 21.0 15.0 424.0 4016.0 76.0 34.0
42 42 39 0.0 6.0 61.0 1030.0 8835.0 161.0 205.0
42 42 40 0.0 6.0 182.0 1404.0 14945.0 273.0 640.0
42 42 41 0.0 18.0 165.0 1035.0 10414.0 193.0 303.0
42 42 42 0.0 2.0 32.0 332.0 5372.0 104.0 74.0
42 42 43 0.0 0.0 0.0 13.0 119.0 1.0 0.0
42 43 37 0.0 0.0 0.0 3.0 13.0 1.0 0.0
42 43 38 0.0 0.0 0.0 7.0 112.0 4.0 0.0
42 43 39 0.0 0.0 0.0 28.0 284.0 4.0 0.0
42 43 40 0.0 0.0 2.0 34.0 309.0 3.0 0.0
42 43 41 0.0 0.0 1.0 32.0 251.0 7.0 0.0
42 43 42 0.0 2.0 0.0 5.0 105.0 2.0 0.0
42 43 43 0.0 0.0 0.0 1.0 8.0 0.0 0.0
43 37 37 0.0 0.0 0.0 0.0 2.0 0.0 0.0
43 37 38 0.0 1.0 0.0 0.0 6.0 0.0 0.0
43 37 39 0.0 0.0 0.0 1.0 23.0 2.0 0.0
43 37 40 0.0 0.0 4.0 2.0 37.0 1.0 0.0
43 37 41 0.0 0.0 0.0 1.0 33.0 0.0 0.0
43 37 42 0.0 0.0 0.0 0.0 22.0 1.0 0.0
43 37 43 0.0 0.0 0.0 0.0 4.0 0.0 0.0
43 38 37 0.0 0.0 0.0 1.0 28.0 1.0 0.0
43 38 38 0.0 0.0 0.0 10.0 101.0 3.0 0.0
43 38 39 0.0 0.0 1.0 22.0 214.0 5.0 0.0
43 38 40 0.0 0.0 1.0 30.0 357.0 8.0 0.0
43 38 41 0.0 0.0 1.0 23.0 228.0 2.0 0.0
43 38 42 0.0 0.0 0.0 4.0 95.0 2.0 0.0
43 38 43 0.0 0.0 0.0 0.0 11.0 0.0 0.0
43 39 37 0.0 0.0 0.0 1.0 49.0 1.0 0.0
43 39 38 0.0 0.0 0.0 22.0 275.0 8.0 1.0
43 39 39 0.0 0.0 11.0 88.0 729.0 16.0 1.0
43 39 40 0.0 1.0 18.0 112.0 997.0 18.0 3.0
43 39 41 0.0 1.0 8.0 67.0 788.0 12.0 0.0
43 39 42 0.0 0.0 4.0 23.0 294.0 7.0 0.0
43 39 43 0.0 0.0 0.0 6.0 31.0 1.0 0.0
43 40 37 0.0 0.0 0.0 5.0 35.0 0.0 0.0
43 40 38 0.0 4.0 2.0 50.0 370.0 8.0 0.0
43 40 39 0.0 0.0 10.0 77.0 987.0 15.0 5.0
43 40 40 0.0 2.0 10.0 125.0 1426.0 35.0 5.0
43 40 41 0.0 0.0 27.0 79.0 1035.0 28.0 1.0
43 40 42 0.0 0.0 0.0 50.0 340.0 7.0 1.0
43 40 43 0.0 0.0 0.0 2.0 77.0 4.0 0.0
43 41 37 0.0 0.0 0.0 4.0 30.0 0.0 0.0
43 41 38 0.0 0.0 1.0 14.0 273.0 0.0 0.0
43 41 39 0.0 1.0 15.0 82.0 832.0 10.0 2.0
43 41 40 0.0 0.0 9.0 73.0 969.0 16.0 1.0
43 41 41 0.0 0.0 2.0 73.0 776.0 23.0 1.0
43 41 42 0.0 0.0 4.0 24.0 301.0 4.0 0.0
43 41 43 0.0 0.0 0.0 0.0 84.0 2.0 0.0
43 42 37 0.0 0.0 1.0 0.0 5.0 0.0 0.0
43 42 38 0.0 0.0 4.0 8.0 140.0 4.0 0.0
43 42 39 0.0 0.0 7.0 30.0 256.0 11.0 0.0
43 42 40 0.0 1.0 3.0 27.0 397.0 14.0 0.0
43 42 41 0.0 0.0 8.0 29.0 302.0 5.0 0.0
43 42 42 0.0 0.0 1.0 5.0 133.0 5.0 0.0
43 42 43 0.0 2.0 0.0 0.0 10.0 0.0 0.0
43 43 37 0.0 0.0 0.0 0.0 1.0 0.0 0.0
43 43 38 0.0 0.0 0.0 1.0 12.0 0.0 0.0
43 43 39 0.0 0.0 0.0 4.0 26.0 0.0 0.0
43 43 40 0.0 0.0 0.0 5.0 57.0 1.0 0.0
43 43 41 0.0 0.0 0.0 2.0 34.0 0.0 0.0
43 43 42 0.0 0.0 0.0 0.0 17.0 0.0 0.0
43 43 43 0.0 0.0 0.0 0.0 4.0 0.0 0.0
44 38 40 0.0 0.0 0.0 0.0 1.0 0.0 0.0
