39 39 39 0.0 2.0 11.0 7.0 16.0 12.0 0.0
39 39 40 1.0 7.0 17.0 6.0 14.0 14.0 0.0
39 39 41 1.0 2.0 12.0 0.0 13.0 7.0 0.0
39 40 39 0.0 5.0 10.0 2.0 8.0 7.0 0.0
39 40 40 0.0 5.0 13.0 1.0 16.0 10.0 0.0
39 40 41 0.0 2.0 0.0 1.0 0.0 1.0 0.0
39 41 39 0.0 5.0 3.0 11.0 2.0 4.0 0.0
39 41 40 0.0 0.0 2.0 0.0 1.0 1.0 0.0
39 41 41 0.0 1.0 4.0 0.0 4.0 2.0 0.0
40 39 39 1.0 0.0 4.0 0.0 2.0 2.0 0.0
40 39 40 0.0 1.0 23.0 0.0 29.0 12.0 0.0
40 39 41 0.0 0.0 4.0 0.0 11.0 3.0 0.0
40 40 39 0.0 0.0 7.0 0.0 16.0 6.0 0.0
40 40 40 9.0 637.0 1680.0 1712.0 4399.0 1605.0 15.0
40 40 41 0.0 8.0 16.0 7.0 11.0 12.0 0.0
40 41 39 0.0 5.0 8.0 20.0 6.0 7.0 0.0
40 41 40 0.0 1.0 12.0 1.0 18.0 10.0 0.0
40 41 41 0.0 4.0 2.0 2.0 3.0 2.0 0.0
41 39 39 0.0 3.0 6.0 3.0 1.0 5.0 0.0
41 39 40 0.0 1.0 13.0 1.0 13.0 9.0 0.0
41 39 41 0.0 1.0 4.0 1.0 0.0 1.0 0.0
41 40 39 0.0 7.0 4.0 13.0 1.0 6.0 0.0
41 40 40 1.0 27.0 4.0 54.0 1.0 18.0 0.0
41 40 41 0.0 3.0 6.0 5.0 8.0 8.0 0.0
41 41 39 0.0 0.0 5.0 0.0 4.0 3.0 0.0
41 41 40 0.0 3.0 3.0 4.0 0.0 3.0 0.0
41 41 41 1.0 2.0 4.0 0.0 4.0 3.0 0.0
