35 38 41 0.0 0.0 1.0 0.0 0.0 0.0 0.0
35 39 40 0.0 0.0 1.0 0.0 0.0 0.0 0.0
35 39 41 0.0 1.0 0.0 0.0 0.0 0.0 0.0
35 40 39 0.0 0.0 2.0 0.0 2.0 1.0 0.0
35 40 40 0.0 0.0 1.0 0.0 0.0 0.0 0.0
35 40 41 0.0 0.0 1.0 0.0 0.0 0.0 0.0
35 40 42 0.0 0.0 1.0 0.0 0.0 0.0 0.0
35 41 43 0.0 1.0 0.0 0.0 0.0 0.0 0.0
36 36 38 0.0 0.0 2.0 0.0 1.0 1.0 0.0
36 36 39 0.0 2.0 1.0 2.0 0.0 1.0 0.0
36 36 40 0.0 2.0 3.0 2.0 3.0 2.0 0.0
36 36 41 0.0 1.0 3.0 0.0 3.0 1.0 0.0
36 37 37 0.0 1.0 7.0 2.0 3.0 3.0 0.0
36 37 38 0.0 9.0 26.0 3.0 13.0 13.0 0.0
36 37 39 0.0 16.0 65.0 12.0 20.0 28.0 0.0
36 37 40 0.0 42.0 77.0 18.0 39.0 42.0 0.0
36 37 41 0.0 23.0 63.0 10.0 23.0 29.0 0.0
36 37 42 0.0 9.0 26.0 3.0 7.0 9.0 0.0
36 37 43 0.0 2.0 6.0 0.0 1.0 1.0 0.0
36 38 37 0.0 7.0 27.0 1.0 16.0 11.0 0.0
36 38 38 0.0 50.0 135.0 16.0 58.0 63.0 0.0
36 38 39 0.0 106.0 350.0 52.0 175.0 173.0 0.0
36 38 40 0.0 153.0 454.0 69.0 229.0 230.0 0.0
36 38 41 0.0 122.0 347.0 64.0 177.0 181.0 0.0
36 38 42 0.0 64.0 128.0 38.0 54.0 81.0 0.0
36 38 43 0.0 7.0 27.0 1.0 10.0 11.0 0.0
36 39 36 0.0 2.0 4.0 0.0 2.0 2.0 0.0
36 39 37 0.0 35.0 50.0 12.0 33.0 34.0 0.0
36 39 38 0.0 120.0 362.0 61.0 197.0 196.0 0.0
36 39 39 0.0 298.0 734.0 148.0 378.0 422.0 0.0
36 39 40 2.0 416.0 1027.0 233.0 588.0 608.0 0.0
36 39 41 0.0 298.0 743.0 163.0 361.0 403.0 0.0
36 39 42 0.0 93.0 315.0 56.0 155.0 159.0 0.0
36 39 43 0.0 17.0 47.0 6.0 17.0 20.0 0.0
36 39 44 0.0 0.0 2.0 0.0 1.0 0.0 0.0
36 40 36 0.0 0.0 12.0 0.0 0.0 5.0 0.0
36 40 37 0.0 33.0 81.0 18.0 38.0 41.0 0.0
36 40 38 0.0 183.0 484.0 102.0 244.0 285.0 0.0
36 40 39 0.0 392.0 1023.0 187.0 545.0 547.0 0.0
36 40 40 0.0 501.0 1175.0 231.0 641.0 669.0 0.0
36 40 41 0.0 337.0 957.0 205.0 512.0 528.0 0.0
36 40 42 1.0 143.0 399.0 60.0 184.0 205.0 0.0
36 40 43 0.0 15.0 50.0 14.0 11.0 21.0 0.0
36 40 44 0.0 1.0 2.0 2.0 1.0 2.0 0.0
36 41 37 0.0 27.0 69.0 13.0 46.0 42.0 0.0
36 41 38 0.0 111.0 299.0 55.0 169.0 169.0 0.0
36 41 39 0.0 268.0 738.0 145.0 404.0 409.0 0.0
36 41 40 0.0 308.0 915.0 172.0 498.0 513.0 0.0
36 41 41 0.0 258.0 723.0 126.0 385.0 373.0 0.0
36 41 42 0.0 111.0 278.0 49.0 168.0 156.0 0.0
36 41 43 0.0 37.0 47.0 8.0 21.0 27.0 0.0
36 41 44 0.0 0.0 2.0 0.0 2.0 2.0 0.0
36 42 36 0.0 0.0 2.0 0.0 0.0 0.0 0.0
36 42 37 0.0 9.0 28.0 6.0 16.0 16.0 0.0
36 42 38 0.0 33.0 130.0 15.0 56.0 65.0 0.0
36 42 39 0.0 111.0 284.0 50.0 146.0 146.0 0.0
36 42 40 0.0 122.0 314.0 55.0 143.0 167.0 0.0
36 42 41 0.0 117.0 237.0 47.0 132.0 127.0 0.0
36 42 42 0.0 43.0 109.0 17.0 44.0 55.0 0.0
36 42 43 0.0 7.0 21.0 2.0 11.0 11.0 0.0
36 43 37 0.0 4.0 5.0 2.0 1.0 2.0 0.0
36 43 38 0.0 4.0 28.0 3.0 13.0 10.0 0.0
36 43 39 0.0 22.0 44.0 4.0 21.0 19.0 0.0
36 43 40 0.0 13.0 64.0 5.0 27.0 25.0 0.0
36 43 41 0.0 14.0 41.0 7.0 25.0 21.0 0.0
36 43 42 0.0 4.0 17.0 1.0 9.0 8.0 0.0
36 43 43 0.0 0.0 3.0 0.0 1.0 0.0 0.0
36 43 44 0.0 0.0 1.0 0.0 0.0 0.0 0.0
36 44 38 0.0 0.0 2.0 0.0 0.0 0.0 0.0
36 44 40 0.0 1.0 2.0 0.0 0.0 0.0 0.0
36 44 41 0.0 1.0 2.0 0.0 0.0 0.0 0.0
36 44 42 0.0 1.0 0.0 0.0 0.0 0.0 0.0
37 36 37 0.0 2.0 4.0 0.0 0.0 2.0 0.0
37 36 38 0.0 13.0 27.0 5.0 10.0 14.0 0.0
37 36 39 0.0 25.0 56.0 19.0 12.0 30.0 0.0
37 36 40 0.0 35.0 74.0 14.0 47.0 39.0 0.0
37 36 41 0.0 21.0 62.0 9.0 25.0 30.0 0.0
37 36 42 0.0 6.0 25.0 5.0 29.0 20.0 0.0
37 36 43 1.0 2.0 5.0 2.0 3.0 5.0 0.0
37 37 36 0.0 0.0 3.0 0.0 1.0 0.0 0.0
37 37 37 0.0 58.0 198.0 40.0 160.0 120.0 0.0
37 37 38 0.0 335.0 871.0 319.0 794.0 621.0 0.0
37 37 39 0.0 729.0 1978.0 698.0 2136.0 1442.0 3.0
37 37 40 0.0 897.0 2463.0 863.0 2548.0 1817.0 5.0
37 37 41 0.0 692.0 1899.0 677.0 1966.0 1367.0 1.0
37 37 42 0.0 245.0 890.0 185.0 737.0 560.0 1.0
37 37 43 0.0 54.0 158.0 25.0 119.0 97.0 0.0
37 37 44 0.0 2.0 5.0 3.0 1.0 3.0 0.0
37 38 36 0.0 9.0 18.0 4.0 6.0 8.0 0.0
37 38 37 0.0 281.0 896.0 294.0 818.0 600.0 0.0
37 38 38 0.0 1222.0 3666.0 1293.0 4106.0 2639.0 10.0
37 38 39 0.0 2370.0 7099.0 2869.0 8943.0 5265.0 50.0
37 38 40 0.0 3059.0 8473.0 3870.0 10921.0 6407.0 51.0
37 38 41 0.0 2433.0 7171.0 2873.0 8830.0 5307.0 29.0
37 38 42 0.0 1142.0 3583.0 1302.0 4194.0 2653.0 8.0
37 38 43 0.0 234.0 752.0 209.0 663.0 497.0 0.0
37 38 44 0.0 6.0 20.0 5.0 5.0 4.0 0.0
37 39 36 0.0 22.0 58.0 4.0 23.0 27.0 0.0
37 39 37 0.0 706.0 1886.0 642.0 1769.0 1323.0 0.0
37 39 38 0.0 2602.0 6925.0 3415.0 8549.0 5311.0 29.0
37 39 39 0.0 4430.0 12465.0 6374.0 17336.0 9323.0 163.0
37 39 40 0.0 4876.0 14280.0 7239.0 21161.0 10746.0 251.0
37 39 41 0.0 4437.0 12340.0 6200.0 17127.0 9290.0 147.0
37 39 42 0.0 2374.0 6682.0 2763.0 8142.0 4992.0 21.0
37 39 43 0.0 556.0 1869.0 543.0 1807.0 1262.0 1.0
37 39 44 0.0 14.0 63.0 5.0 26.0 28.0 0.0
37 40 36 0.0 28.0 76.0 5.0 32.0 34.0 0.0
37 40 37 0.0 956.0 2339.0 896.0 2328.0 1750.0 2.0
37 40 38 0.0 3130.0 8435.0 4185.0 11085.0 6473.0 54.0
37 40 39 0.0 5099.0 13762.0 7699.0 19958.0 10445.0 222.0
37 40 40 0.0 5797.0 15857.0 8852.0 24268.0 11732.0 343.0
37 40 41 0.0 5015.0 13536.0 7213.0 19458.0 10220.0 206.0
37 40 42 0.0 2909.0 8189.0 3453.0 10347.0 6115.0 62.0
37 40 43 0.0 763.0 2337.0 733.0 2406.0 1603.0 0.0
37 40 44 0.0 24.0 57.0 6.0 20.0 23.0 0.0
37 41 35 0.0 0.0 1.0 0.0 0.0 0.0 0.0
37 41 36 0.0 19.0 58.0 14.0 23.0 28.0 0.0
37 41 37 0.0 772.0 2091.0 682.0 2126.0 1509.0 3.0
37 41 38 0.0 2590.0 6664.0 3154.0 7996.0 5194.0 28.0
37 41 39 0.0 4392.0 11564.0 6304.0 15761.0 8944.0 137.0
37 41 40 0.0 5073.0 13357.0 7212.0 18940.0 10050.0 203.0
37 41 41 0.0 4360.0 11110.0 5801.0 14810.0 8492.0 102.0
37 41 42 0.0 2494.0 6545.0 2943.0 8146.0 5052.0 30.0
37 41 43 0.0 623.0 1780.0 584.0 1619.0 1227.0 2.0
37 41 44 0.0 32.0 53.0 17.0 31.0 33.0 0.0
37 42 36 0.0 9.0 23.0 7.0 8.0 13.0 0.0
37 42 37 0.0 343.0 911.0 327.0 811.0 623.0 0.0
37 42 38 0.0 1184.0 3359.0 1181.0 3645.0 2472.0 4.0
37 42 39 0.0 2532.0 6300.0 2865.0 7508.0 4855.0 29.0
37 42 40 0.0 3049.0 7668.0 3619.0 9569.0 5924.0 34.0
37 42 41 0.0 2289.0 6065.0 2699.0 7249.0 4627.0 22.0
37 42 42 0.0 1239.0 3129.0 1430.0 3338.0 2402.0 6.0
37 42 43 0.0 281.0 666.0 276.0 555.0 466.0 1.0
37 42 44 0.0 4.0 17.0 2.0 6.0 6.0 0.0
37 43 36 0.0 1.0 9.0 0.0 5.0 3.0 0.0
37 43 37 0.0 87.0 189.0 85.0 142.0 138.0 0.0
37 43 38 0.0 292.0 797.0 244.0 674.0 538.0 0.0
37 43 39 0.0 631.0 1660.0 587.0 1601.0 1209.0 0.0
37 43 40 0.0 824.0 1916.0 852.0 1856.0 1398.0 0.0
37 43 41 0.0 640.0 1630.0 642.0 1456.0 1198.0 1.0
37 43 42 0.0 298.0 687.0 245.0 617.0 498.0 0.0
37 43 43 0.0 77.0 153.0 64.0 112.0 106.0 0.0
37 43 44 0.0 0.0 3.0 0.0 1.0 1.0 0.0
37 44 37 0.0 1.0 4.0 0.0 0.0 1.0 0.0
37 44 38 0.0 6.0 15.0 2.0 5.0 6.0 0.0
37 44 39 0.0 15.0 63.0 6.0 28.0 30.0 0.0
37 44 40 0.0 18.0 79.0 9.0 26.0 31.0 0.0
37 44 41 0.0 10.0 52.0 6.0 22.0 24.0 0.0
37 44 42 0.0 3.0 21.0 0.0 3.0 7.0 0.0
37 44 43 0.0 0.0 3.0 0.0 1.0 1.0 0.0
38 35 41 0.0 0.0 1.0 0.0 0.0 0.0 0.0
38 36 37 0.0 12.0 13.0 6.0 10.0 13.0 0.0
38 36 38 0.0 45.0 136.0 18.0 56.0 65.0 0.0
38 36 39 0.0 116.0 331.0 57.0 181.0 182.0 0.0
38 36 40 0.0 152.0 434.0 90.0 204.0 231.0 0.0
38 36 41 0.0 103.0 352.0 37.0 178.0 166.0 0.0
38 36 42 0.0 40.0 122.0 18.0 64.0 53.0 0.0
38 36 43 0.0 11.0 18.0 7.0 7.0 11.0 0.0
38 37 36 0.0 4.0 26.0 1.0 11.0 11.0 0.0
38 37 37 0.0 312.0 935.0 301.0 843.0 634.0 0.0
38 37 38 0.0 1179.0 3629.0 1278.0 4047.0 2603.0 5.0
38 37 39 0.0 2364.0 7035.0 2905.0 8786.0 5217.0 39.0
38 37 40 0.0 3012.0 8556.0 3819.0 10890.0 6397.0 49.0
38 37 41 0.0 2333.0 6983.0 2902.0 8475.0 5131.0 38.0
38 37 42 1.0 1213.0 3475.0 1435.0 3705.0 2539.0 4.0
38 37 43 0.0 250.0 910.0 224.0 867.0 613.0 1.0
38 37 44 0.0 8.0 18.0 2.0 12.0 12.0 0.0
38 38 36 0.0 39.0 99.0 19.0 49.0 50.0 0.0
38 38 37 1.0 1318.0 3422.0 1449.0 3551.0 2576.0 3.0
38 38 38 0.0 4059.0 12212.0 7396.0 22974.0 9231.0 317.0
38 38 39 0.0 5574.0 15160.0 14335.0 38474.0 11309.0 1186.0
38 38 40 0.0 5335.0 15862.0 14871.0 45452.0 11055.0 1617.0
38 38 41 0.0 5375.0 15349.0 13467.0 37970.0 11239.0 1078.0
38 38 42 0.0 3846.0 12192.0 7114.0 24517.0 9171.0 298.0
38 38 43 0.0 1071.0 3647.0 1229.0 4236.0 2612.0 13.0
38 38 44 0.0 54.0 97.0 13.0 56.0 56.0 0.0
38 39 36 0.0 100.0 309.0 58.0 133.0 148.0 0.0
38 39 37 0.0 2361.0 6858.0 2787.0 8273.0 5067.0 26.0
38 39 38 0.0 5559.0 15170.0 15013.0 37551.0 11146.0 1129.0
38 39 39 0.0 5300.0 15522.0 18340.0 56011.0 9820.0 3120.0
38 39 40 0.0 5596.0 15050.0 22288.0 58131.0 9374.0 3800.0
38 39 41 0.0 5767.0 15400.0 20578.0 52791.0 10112.0 2980.0
38 39 42 0.0 5201.0 15460.0 12510.0 37716.0 11153.0 989.0
38 39 43 0.0 2578.0 6474.0 3311.0 7702.0 5028.0 33.0
38 39 44 0.0 116.0 302.0 66.0 141.0 161.0 0.0
38 40 36 0.0 165.0 360.0 70.0 142.0 181.0 0.0
38 40 37 0.0 3036.0 8146.0 3504.0 10170.0 6201.0 42.0
38 40 38 0.0 5702.0 15418.0 16982.0 42673.0 10999.0 1576.0
38 40 39 0.0 5498.0 15502.0 21757.0 57558.0 9563.0 3744.0
38 40 40 0.0 5655.0 14932.0 24025.0 60618.0 8804.0 4540.0
38 40 41 0.0 5670.0 15412.0 20606.0 58036.0 9532.0 3670.0
38 40 42 0.0 5664.0 15479.0 16002.0 42675.0 11113.0 1470.0
38 40 43 0.0 2907.0 7776.0 3417.0 9481.0 5885.0 46.0
38 40 44 0.0 130.0 389.0 58.0 203.0 199.0 0.0
38 40 45 0.0 0.0 1.0 0.0 0.0 0.0 0.0
38 41 36 0.0 122.0 283.0 47.0 136.0 152.0 0.0
38 41 37 0.0 2604.0 6760.0 3116.0 8139.0 5145.0 37.0
38 41 38 0.0 5447.0 14803.0 14198.0 38159.0 10959.0 1163.0
38 41 39 0.0 5945.0 15611.0 20386.0 52430.0 10323.0 2837.0
38 41 40 0.0 5840.0 15666.0 21795.0 56135.0 9963.0 3510.0
38 41 41 0.0 5818.0 15821.0 20222.0 52099.0 10497.0 2757.0
38 41 42 0.0 5454.0 15204.0 13184.0 36523.0 11228.0 1001.0
38 41 43 0.0 2374.0 6598.0 2889.0 7579.0 4917.0 24.0
38 41 44 0.0 98.0 295.0 53.0 137.0 131.0 0.0
38 41 45 0.0 0.0 1.0 0.0 0.0 0.0 0.0
38 42 36 0.0 50.0 118.0 16.0 53.0 56.0 0.0
38 42 37 0.0 1255.0 3272.0 1374.0 3459.0 2382.0 6.0
38 42 38 0.0 4622.0 11417.0 9860.0 22501.0 9139.0 365.0
38 42 39 0.0 5895.0 15146.0 14114.0 35207.0 11499.0 945.0
38 42 40 0.0 6118.0 15151.0 17181.0 39866.0 11181.0 1381.0
38 42 41 0.0 5568.0 15440.0 12810.0 35635.0 11365.0 970.0
38 42 42 0.0 3846.0 11675.0 7019.0 22140.0 8886.0 291.0
38 42 43 0.0 1165.0 3197.0 1261.0 3440.0 2369.0 7.0
38 42 44 0.0 43.0 137.0 26.0 56.0 71.0 0.0
38 43 36 0.0 7.0 16.0 0.0 3.0 5.0 0.0
38 43 37 1.0 379.0 947.0 384.0 983.0 703.0 0.0
38 43 38 0.0 1304.0 3056.0 1412.0 3292.0 2388.0 4.0
38 43 39 0.0 2371.0 6384.0 2523.0 7554.0 4759.0 27.0
38 43 40 0.0 2969.0 7696.0 3549.0 9216.0 5839.0 30.0
38 43 41 0.0 2093.0 6230.0 2448.0 7427.0 4550.0 21.0
38 43 42 0.0 1195.0 3123.0 1252.0 3314.0 2317.0 2.0
38 43 43 0.0 223.0 792.0 190.0 782.0 532.0 0.0
38 43 44 0.0 4.0 19.0 1.0 6.0 6.0 0.0
38 44 36 0.0 0.0 3.0 0.0 2.0 2.0 0.0
38 44 37 0.0 7.0 17.0 0.0 3.0 2.0 0.0
38 44 38 0.0 37.0 122.0 11.0 61.0 49.0 0.0
38 44 39 0.0 90.0 224.0 47.0 126.0 132.0 0.0
38 44 40 0.0 125.0 382.0 67.0 220.0 201.0 0.0
38 44 41 0.0 119.0 277.0 64.0 108.0 141.0 0.0
38 44 42 0.0 36.0 103.0 15.0 39.0 48.0 0.0
38 44 43 0.0 4.0 17.0 2.0 5.0 5.0 0.0
38 44 44 0.0 0.0 3.0 0.0 1.0 1.0 0.0
38 45 40 0.0 0.0 1.0 0.0 0.0 0.0 0.0
39 35 39 0.0 0.0 0.0 0.0 1.0 0.0 0.0
39 35 40 0.0 1.0 2.0 0.0 0.0 0.0 0.0
39 36 36 0.0 3.0 2.0 0.0 0.0 0.0 0.0
39 36 37 0.0 15.0 61.0 7.0 38.0 32.0 0.0
39 36 38 0.0 82.0 345.0 35.0 180.0 165.0 0.0
39 36 39 0.0 258.0 787.0 130.0 454.0 439.0 0.0
39 36 40 0.0 354.0 954.0 174.0 482.0 503.0 0.0
39 36 41 0.0 253.0 742.0 164.0 413.0 392.0 0.0
39 36 42 0.0 117.0 297.0 55.0 170.0 167.0 0.0
39 36 43 0.0 13.0 62.0 5.0 25.0 27.0 0.0
39 37 36 0.0 26.0 52.0 12.0 29.0 29.0 0.0
39 37 37 0.0 609.0 1795.0 619.0 1692.0 1280.0 0.0
39 37 38 0.0 2149.0 6935.0 2421.0 8181.0 4966.0 28.0
39 37 39 0.0 4088.0 12519.0 5641.0 17912.0 9220.0 156.0
39 37 40 0.0 4707.0 14216.0 7006.0 21098.0 10531.0 218.0
39 37 41 0.0 4106.0 12415.0 5578.0 16795.0 9257.0 171.0
39 37 42 0.0 2257.0 7032.0 2728.0 8420.0 5096.0 24.0
39 37 43 0.0 604.0 1771.0 574.0 1736.0 1231.0 0.0
39 37 44 0.0 14.0 50.0 12.0 22.0 24.0 0.0
39 38 36 0.0 96.0 282.0 43.0 166.0 146.0 0.0
39 38 37 0.0 2256.0 6434.0 2731.0 7709.0 4754.0 24.0
39 38 38 0.0 5078.0 15582.0 12202.0 39263.0 11145.0 1111.0
39 38 39 0.0 5451.0 15909.0 19203.0 54476.0 10135.0 3113.0
39 38 40 0.0 5427.0 15576.0 20719.0 58569.0 9292.0 3810.0
39 38 41 0.0 5305.0 15937.0 17867.0 55397.0 10203.0 2967.0
39 38 42 0.0 5664.0 15171.0 14290.0 36733.0 11338.0 1069.0
39 38 43 0.0 2215.0 6442.0 2524.0 7704.0 4735.0 28.0
39 38 44 0.0 111.0 298.0 63.0 144.0 154.0 0.0
39 39 35 0.0 0.0 1.0 0.0 0.0 0.0 0.0
39 39 36 0.0 283.0 717.0 140.0 365.0 380.0 0.0
39 39 37 0.0 4282.0 11792.0 5630.0 16058.0 8899.0 118.0
39 39 38 0.0 5844.0 15994.0 19416.0 52623.0 10590.0 2705.0
39 39 39 0.0 5021.0 13864.0 26334.0 69309.0 6857.0 9098.0
39 39 40 0.0 4926.0 13811.0 27527.0 71908.0 6554.0 10320.0
39 39 41 0.0 4923.0 13823.0 23282.0 71543.0 6902.0 8964.0
39 39 42 0.0 5692.0 15804.0 19972.0 52673.0 10297.0 2851.0
39 39 43 0.0 4243.0 11944.0 5911.0 16235.0 8999.0 132.0
39 39 44 0.0 245.0 696.0 124.0 361.0 361.0 0.0
39 39 45 0.0 1.0 0.0 0.0 0.0 0.0 0.0
39 40 36 0.0 304.0 926.0 174.0 518.0 498.0 0.0
39 40 37 0.0 4974.0 13677.0 7376.0 19546.0 10201.0 238.0
39 40 38 0.0 5621.0 15288.0 21301.0 58084.0 9455.0 3778.0
39 40 39 0.0 5100.0 13571.0 30125.0 69291.0 6425.0 10351.0
39 40 40 1.0 4974.0 13579.0 28229.0 74986.0 5877.0 12521.0
39 40 41 0.0 5145.0 13567.0 31307.0 67921.0 6444.0 10165.0
39 40 42 0.0 5685.0 15383.0 21842.0 56945.0 9596.0 3702.0
39 40 43 0.0 5051.0 13745.0 7326.0 20050.0 10411.0 224.0
39 40 44 0.0 330.0 952.0 165.0 470.0 517.0 0.0
39 41 35 0.0 0.0 1.0 0.0 0.0 0.0 0.0
39 41 36 0.0 279.0 682.0 139.0 338.0 377.0 0.0
39 41 37 0.0 4358.0 11733.0 6218.0 15652.0 8797.0 132.0
39 41 38 0.0 6170.0 15868.0 21775.0 50256.0 10564.0 2705.0
39 41 39 0.0 5171.0 13422.0 33179.0 62165.0 6922.0 8973.0
39 41 40 0.0 5244.0 14088.0 27434.0 71091.0 6688.0 9586.0
39 41 41 0.0 5058.0 13827.0 25138.0 69366.0 6864.0 8720.0
39 41 42 0.0 5932.0 15823.0 21183.0 50637.0 10531.0 2687.0
39 41 43 0.0 4254.0 11657.0 5777.0 16074.0 8803.0 138.0
39 41 44 0.0 258.0 721.0 141.0 373.0 393.0 0.0
39 42 36 0.0 87.0 310.0 33.0 159.0 154.0 0.0
39 42 37 0.0 2542.0 6114.0 2789.0 7308.0 4746.0 27.0
39 42 38 0.0 6205.0 14484.0 16191.0 35321.0 11214.0 1088.0
39 42 39 0.0 6081.0 15828.0 20297.0 51908.0 10462.0 2793.0
39 42 40 0.0 5681.0 15491.0 21074.0 57791.0 9729.0 3602.0
39 42 41 0.0 5864.0 16197.0 19557.0 51606.0 10574.0 2616.0
39 42 42 0.0 5310.0 15167.0 13329.0 37375.0 11259.0 1017.0
39 42 43 0.0 2401.0 6522.0 3002.0 7807.0 4940.0 39.0
39 42 44 0.0 112.0 259.0 65.0 137.0 149.0 0.0
39 43 36 0.0 23.0 41.0 13.0 13.0 22.0 0.0
39 43 37 0.0 731.0 1766.0 736.0 1808.0 1331.0 1.0
39 43 38 0.0 2385.0 6419.0 2709.0 7375.0 4794.0 26.0
39 43 39 0.0 4170.0 11666.0 5384.0 16061.0 8800.0 135.0
39 43 40 0.0 4985.0 13348.0 6891.0 18820.0 10010.0 201.0
39 43 41 0.0 4016.0 11443.0 5433.0 15242.0 8662.0 134.0
39 43 42 0.0 2310.0 6234.0 2837.0 7613.0 4738.0 20.0
39 43 43 0.0 699.0 1747.0 727.0 1707.0 1334.0 0.0
39 43 44 0.0 18.0 67.0 9.0 42.0 41.0 0.0
39 44 36 0.0 0.0 2.0 0.0 0.0 0.0 0.0
39 44 37 0.0 16.0 53.0 6.0 29.0 25.0 0.0
39 44 38 0.0 106.0 268.0 40.0 128.0 130.0 0.0
39 44 39 0.0 244.0 659.0 141.0 354.0 377.0 0.0
39 44 40 0.0 324.0 834.0 153.0 393.0 429.0 0.0
39 44 41 0.0 239.0 660.0 117.0 319.0 343.0 0.0
39 44 42 0.0 131.0 253.0 53.0 116.0 127.0 0.0
39 44 43 0.0 16.0 50.0 5.0 25.0 25.0 0.0
39 44 44 0.0 2.0 4.0 1.0 0.0 1.0 0.0
39 45 38 0.0 0.0 1.0 0.0 0.0 0.0 0.0
40 35 41 0.0 0.0 1.0 0.0 0.0 0.0 0.0
40 35 42 0.0 0.0 1.0 0.0 1.0 1.0 0.0
40 36 36 0.0 4.0 6.0 1.0 2.0 3.0 0.0
40 36 37 0.0 24.0 81.0 18.0 29.0 41.0 0.0
40 36 38 0.0 117.0 422.0 55.0 212.0 207.0 0.0
40 36 39 0.0 339.0 961.0 132.0 539.0 528.0 0.0
40 36 40 0.0 393.0 1328.0 179.0 725.0 674.0 0.0
40 36 41 0.0 317.0 927.0 148.0 503.0 482.0 0.0
40 36 42 0.0 114.0 438.0 53.0 232.0 212.0 0.0
40 36 43 0.0 29.0 63.0 9.0 29.0 29.0 0.0
40 36 44 0.0 0.0 5.0 0.0 2.0 1.0 0.0
40 37 36 0.0 28.0 50.0 22.0 33.0 30.0 0.0
40 37 37 0.0 758.0 2212.0 790.0 2207.0 1574.0 0.0
40 37 38 0.0 2639.0 8360.0 3158.0 10471.0 6007.0 59.0
40 37 39 0.0 4648.0 14123.0 6683.0 20163.0 10332.0 233.0
40 37 40 0.0 5374.0 16211.0 8138.0 24842.0 11809.0 333.0
40 37 41 0.0 4889.0 13733.0 7133.0 20010.0 10365.0 215.0
40 37 42 0.0 2755.0 8262.0 3556.0 10316.0 6104.0 58.0
40 37 43 0.0 791.0 2259.0 760.0 2147.0 1545.0 5.0
40 37 44 0.0 26.0 69.0 13.0 49.0 42.0 0.0
40 38 36 0.0 125.0 364.0 57.0 164.0 184.0 0.0
40 38 37 0.0 2860.0 7843.0 3458.0 9576.0 5878.0 55.0
40 38 38 0.0 5251.0 16261.0 13891.0 43493.0 11268.0 1479.0
40 38 39 0.0 5344.0 15677.0 20469.0 58328.0 9710.0 3648.0
40 38 40 0.0 5218.0 15099.0 22120.0 62835.0 8799.0 4671.0
40 38 41 0.0 5561.0 15673.0 20821.0 58473.0 9618.0 3670.0
40 38 42 0.0 5576.0 15874.0 14908.0 42408.0 11350.0 1472.0
40 38 43 0.0 2984.0 8051.0 3562.0 10337.0 6112.0 46.0
40 38 44 0.0 136.0 351.0 46.0 166.0 160.0 0.0
40 39 36 0.0 356.0 869.0 185.0 481.0 499.0 0.0
40 39 37 0.0 4772.0 13534.0 6977.0 20017.0 10285.0 202.0
40 39 38 0.0 5619.0 15311.0 22168.0 56862.0 9694.0 3657.0
40 39 39 0.0 5012.0 13964.0 26330.0 72401.0 6505.0 10186.0
40 39 40 0.0 4969.0 13523.0 27458.0 75932.0 5963.0 12194.0
40 39 41 0.0 5057.0 13876.0 28600.0 70172.0 6369.0 10135.0
40 39 42 0.0 5590.0 15492.0 21018.0 57791.0 9649.0 3590.0
40 39 43 0.0 5155.0 13652.0 7294.0 19396.0 10431.0 215.0
40 39 44 0.0 350.0 996.0 169.0 499.0 537.0 0.0
40 39 45 0.0 0.0 1.0 0.0 0.0 0.0 0.0
40 40 35 0.0 0.0 3.0 0.0 0.0 0.0 0.0
40 40 36 0.0 434.0 1131.0 219.0 555.0 593.0 0.0
40 40 37 0.0 5876.0 15215.0 8767.0 23968.0 11650.0 309.0
40 40 38 0.0 5634.0 15020.0 23670.0 61361.0 8754.0 4699.0
40 40 39 0.0 5061.0 13671.0 29664.0 73522.0 6067.0 11890.0
40 40 40 0.0 4696.0 12556.0 32770.0 72652.0 4785.0 21103.0
40 40 41 0.0 4926.0 13512.0 30364.0 72702.0 5825.0 12335.0
40 40 42 0.0 5349.0 14891.0 22771.0 62316.0 8871.0 4688.0
40 40 43 0.0 5654.0 15319.0 8706.0 23735.0 11585.0 336.0
40 40 44 0.0 450.0 1219.0 232.0 621.0 667.0 0.0
40 41 36 0.0 330.0 896.0 162.0 445.0 480.0 1.0
40 41 37 0.0 5077.0 13654.0 7083.0 19523.0 10266.0 182.0
40 41 38 0.0 5965.0 15308.0 23696.0 55267.0 9762.0 3729.0
40 41 39 0.0 5171.0 13484.0 28748.0 70776.0 6483.0 10055.0
40 41 40 0.0 5018.0 13650.0 29615.0 73414.0 5986.0 12048.0
40 41 41 0.0 5254.0 13878.0 29003.0 69888.0 6660.0 9973.0
40 41 42 0.0 5879.0 15579.0 21912.0 56651.0 9792.0 3683.0
40 41 43 0.0 4996.0 13812.0 7501.0 20007.0 10461.0 231.0
40 41 44 0.0 322.0 923.0 190.0 503.0 510.0 0.0
40 42 35 0.0 0.0 1.0 0.0 0.0 0.0 0.0
40 42 36 0.0 157.0 347.0 87.0 178.0 201.0 0.0
40 42 37 0.0 3092.0 7796.0 3956.0 9842.0 6135.0 54.0
40 42 38 0.0 6046.0 15159.0 17257.0 41669.0 11221.0 1628.0
40 42 39 0.0 5691.0 15232.0 21391.0 57068.0 9614.0 3645.0
40 42 40 0.0 5608.0 14804.0 23956.0 60751.0 8973.0 4626.0
40 42 41 0.0 5618.0 15724.0 20845.0 56901.0 9776.0 3562.0
40 42 42 0.0 5592.0 15339.0 15336.0 42852.0 11074.0 1508.0
40 42 43 2.0 2969.0 7897.0 3435.0 9738.0 5948.0 46.0
40 42 44 0.0 124.0 401.0 48.0 210.0 201.0 0.0
40 43 36 0.0 23.0 60.0 12.0 24.0 27.0 0.0
40 43 37 0.0 861.0 2240.0 880.0 2298.0 1634.0 2.0
40 43 38 0.0 3040.0 8243.0 3625.0 10306.0 6236.0 50.0
40 43 39 0.0 5022.0 13566.0 7247.0 19819.0 10341.0 217.0
40 43 40 0.0 5593.0 15626.0 8377.0 23799.0 11567.0 306.0
40 43 41 0.0 4784.0 13528.0 6859.0 19598.0 10189.0 195.0
40 43 42 0.0 2889.0 7629.0 3464.0 9268.0 5764.0 35.0
40 43 43 0.0 824.0 2260.0 824.0 2293.0 1656.0 3.0
40 43 44 0.0 28.0 84.0 18.0 30.0 40.0 0.0
40 44 36 0.0 0.0 1.0 0.0 0.0 0.0 0.0
40 44 37 0.0 26.0 59.0 5.0 22.0 28.0 0.0
40 44 38 0.0 138.0 380.0 69.0 196.0 198.0 0.0
40 44 39 0.0 389.0 884.0 191.0 465.0 493.0 0.0
40 44 40 0.0 434.0 1153.0 236.0 590.0 626.0 1.0
40 44 41 0.0 294.0 903.0 140.0 424.0 448.0 0.0
40 44 42 0.0 115.0 342.0 50.0 170.0 165.0 0.0
40 44 43 0.0 20.0 63.0 13.0 30.0 30.0 0.0
40 44 44 0.0 1.0 1.0 1.0 1.0 2.0 0.0
40 45 38 0.0 0.0 1.0 0.0 0.0 0.0 0.0
40 45 39 0.0 0.0 1.0 0.0 0.0 0.0 0.0
40 45 41 0.0 0.0 1.0 0.0 0.0 0.0 0.0
41 35 42 0.0 0.0 1.0 0.0 2.0 1.0 0.0
41 36 36 0.0 0.0 1.0 0.0 0.0 0.0 0.0
41 36 37 0.0 20.0 44.0 5.0 18.0 21.0 0.0
41 36 38 0.0 90.0 309.0 34.0 171.0 157.0 0.0
41 36 39 0.0 230.0 709.0 87.0 395.0 358.0 0.0
41 36 40 0.0 338.0 887.0 144.0 501.0 486.0 0.0
41 36 41 0.0 255.0 709.0 149.0 367.0 379.0 0.0
41 36 42 0.0 106.0 307.0 58.0 140.0 162.0 0.0
41 36 43 0.0 22.0 76.0 11.0 34.0 40.0 0.0
41 36 44 0.0 0.0 6.0 0.0 0.0 0.0 0.0
41 37 36 0.0 9.0 31.0 2.0 12.0 11.0 0.0
41 37 37 0.0 540.0 1626.0 550.0 1505.0 1143.0 3.0
41 37 38 0.0 2079.0 6372.0 2650.0 7777.0 4663.0 32.0
41 37 39 0.0 3892.0 12059.0 5147.0 16503.0 8750.0 149.0
41 37 40 0.0 4719.0 13894.0 6874.0 20184.0 10316.0 223.0
41 37 41 0.0 4058.0 12157.0 5547.0 16860.0 8960.0 145.0
41 37 42 0.0 2344.0 6653.0 2749.0 7931.0 4949.0 27.0
41 37 43 0.0 599.0 1798.0 489.0 1712.0 1246.0 2.0
41 37 44 0.0 25.0 48.0 10.0 23.0 23.0 0.0
41 38 36 0.0 83.0 297.0 34.0 154.0 144.0 0.0
41 38 37 0.0 2278.0 5986.0 2797.0 6999.0 4542.0 14.0
41 38 38 0.0 5290.0 15551.0 11633.0 36665.0 11362.0 949.0
41 38 39 0.0 5651.0 15920.0 18386.0 53827.0 10462.0 2794.0
41 38 40 0.0 5610.0 15538.0 21701.0 57061.0 9712.0 3700.0
41 38 41 0.0 5701.0 15645.0 18509.0 54354.0 10129.0 2942.0
41 38 42 0.0 5528.0 15558.0 13029.0 37084.0 11376.0 1020.0
41 38 43 0.0 2241.0 6509.0 2626.0 7806.0 4790.0 24.0
41 38 44 0.0 113.0 279.0 66.0 131.0 156.0 0.0
41 39 36 0.0 245.0 696.0 96.0 337.0 342.0 0.0
41 39 37 0.0 4319.0 11615.0 5971.0 15606.0 8880.0 126.0
41 39 38 0.0 5843.0 15927.0 19086.0 52051.0 10591.0 2726.0
41 39 39 0.0 5122.0 13839.0 23593.0 70703.0 6967.0 8422.0
41 39 40 0.0 5201.0 13787.0 27120.0 71488.0 6673.0 10157.0
41 39 41 0.0 5054.0 13611.0 26906.0 67994.0 6863.0 8767.0
41 39 42 0.0 5973.0 15747.0 20524.0 52054.0 10483.0 2831.0
41 39 43 0.0 4199.0 11718.0 5832.0 16508.0 8964.0 136.0
41 39 44 0.0 244.0 696.0 120.0 359.0 368.0 0.0
41 39 45 0.0 0.0 1.0 0.0 1.0 1.0 0.0
41 40 35 0.0 0.0 1.0 0.0 0.0 0.0 0.0
41 40 36 0.0 323.0 867.0 164.0 459.0 480.0 0.0
41 40 37 0.0 5000.0 13368.0 7017.0 19404.0 10182.0 219.0
41 40 38 0.0 5941.0 15553.0 21104.0 56542.0 9793.0 3579.0
41 40 39 0.0 5278.0 13773.0 31846.0 67095.0 6505.0 10031.0
41 40 40 0.0 5202.0 13330.0 38410.0 65468.0 5829.0 12599.0
41 40 41 0.0 5448.0 13540.0 29965.0 69201.0 6414.0 10232.0
41 40 42 0.0 5737.0 15347.0 21620.0 57071.0 9324.0 3808.0
41 40 43 0.0 4917.0 13599.0 7069.0 19903.0 10332.0 207.0
41 40 44 0.0 329.0 913.0 172.0 465.0 481.0 0.0
41 41 36 0.0 248.0 710.0 103.0 439.0 389.0 0.0
41 41 37 0.0 4448.0 11561.0 6060.0 15950.0 8959.0 139.0
41 41 38 0.0 5952.0 15391.0 20279.0 52272.0 10363.0 2922.0
41 41 39 0.0 5271.0 13132.0 27772.0 67588.0 6682.0 8923.0
41 41 40 0.0 5240.0 13586.0 33146.0 66605.0 6581.0 10175.0
41 41 41 0.0 5101.0 13745.0 25472.0 69095.0 6821.0 8734.0
41 41 42 0.0 5847.0 16047.0 19006.0 53078.0 10519.0 2748.0
41 41 43 0.0 4124.0 11906.0 5563.0 16681.0 8874.0 141.0
41 41 44 0.0 250.0 718.0 128.0 368.0 383.0 0.0
41 41 45 0.0 0.0 1.0 0.0 0.0 0.0 0.0
41 42 36 0.0 79.0 265.0 39.0 150.0 128.0 0.0
41 42 37 0.0 2544.0 6386.0 3116.0 7844.0 4927.0 33.0
41 42 38 0.0 5603.0 14978.0 13488.0 36803.0 11215.0 1026.0
41 42 39 1.0 5946.0 15709.0 20184.0 52389.0 10406.0 2778.0
41 42 40 0.0 5858.0 15223.0 21945.0 56965.0 9648.0 3674.0
41 42 41 0.0 5875.0 15821.0 19193.0 52967.0 10471.0 2804.0
41 42 42 0.0 5371.0 15020.0 13238.0 36547.0 11076.0 1023.0
41 42 43 0.0 2358.0 6366.0 2746.0 7859.0 4832.0 29.0
41 42 44 0.0 74.0 296.0 32.0 130.0 121.0 0.0
41 43 36 0.0 28.0 50.0 21.0 16.0 27.0 0.0
41 43 37 0.0 584.0 1727.0 552.0 1670.0 1260.0 1.0
41 43 38 0.0 2370.0 6613.0 2688.0 7846.0 4957.0 28.0
41 43 39 0.0 4335.0 11509.0 5798.0 15773.0 8665.0 131.0
41 43 40 0.0 4883.0 13607.0 6794.0 19741.0 10253.0 178.0
41 43 41 0.0 4223.0 11667.0 5477.0 15714.0 8732.0 129.0
41 43 42 0.0 2228.0 6475.0 2590.0 7706.0 4840.0 26.0
41 43 43 0.0 690.0 1767.0 640.0 1706.0 1283.0 3.0
41 43 44 0.0 19.0 65.0 10.0 26.0 31.0 0.0
41 44 36 0.0 0.0 3.0 0.0 2.0 1.0 0.0
41 44 37 0.0 14.0 49.0 2.0 26.0 22.0 0.0
41 44 38 0.0 104.0 330.0 55.0 179.0 160.0 0.0
41 44 39 0.0 251.0 659.0 122.0 346.0 353.0 0.0
41 44 40 0.0 299.0 930.0 154.0 495.0 501.0 0.0
41 44 41 0.0 226.0 679.0 100.0 329.0 352.0 0.0
41 44 42 0.0 92.0 263.0 38.0 129.0 123.0 0.0
41 44 43 0.0 19.0 43.0 6.0 19.0 23.0 0.0
41 44 44 0.0 0.0 2.0 0.0 0.0 1.0 0.0
41 45 39 0.0 2.0 0.0 0.0 0.0 1.0 0.0
41 45 42 0.0 0.0 1.0 0.0 0.0 0.0 0.0
42 36 36 0.0 1.0 0.0 2.0 0.0 1.0 0.0
42 36 37 0.0 9.0 20.0 6.0 7.0 10.0 0.0
42 36 38 0.0 33.0 122.0 5.0 52.0 46.0 0.0
42 36 39 0.0 103.0 290.0 54.0 146.0 148.0 0.0
42 36 40 0.0 139.0 426.0 70.0 224.0 209.0 0.0
42 36 41 0.0 118.0 322.0 56.0 153.0 171.0 0.0
42 36 42 0.0 59.0 144.0 22.0 61.0 76.0 0.0
42 36 43 0.0 5.0 13.0 3.0 3.0 4.0 0.0
42 36 44 0.0 0.0 2.0 0.0 0.0 0.0 0.0
42 37 36 0.0 11.0 9.0 2.0 8.0 8.0 0.0
42 37 37 0.0 186.0 752.0 156.0 611.0 457.0 0.0
42 37 38 0.0 1137.0 3280.0 1140.0 3787.0 2438.0 8.0
42 37 39 0.0 2170.0 6396.0 2527.0 7592.0 4626.0 25.0
42 37 40 0.0 2826.0 8087.0 3552.0 10173.0 6006.0 61.0
42 37 41 0.0 2306.0 6719.0 2548.0 8432.0 4995.0 27.0
42 37 42 0.0 1276.0 3227.0 1404.0 3594.0 2472.0 5.0
42 37 43 0.0 264.0 762.0 227.0 681.0 508.0 0.0
42 37 44 0.0 6.0 27.0 3.0 15.0 13.0 0.0
42 38 36 0.0 48.0 102.0 20.0 46.0 56.0 0.0
42 38 37 0.0 1071.0 2996.0 1117.0 3224.0 2155.0 5.0
42 38 38 1.0 3569.0 11733.0 6298.0 21375.0 8708.0 236.0
42 38 39 0.0 5418.0 15109.0 12606.0 37354.0 11277.0 1005.0
42 38 40 0.0 5532.0 15620.0 14185.0 43100.0 11115.0 1470.0
42 38 41 0.0 5618.0 15360.0 13912.0 35424.0 11405.0 1002.0
42 38 42 0.0 4219.0 11882.0 7987.0 23700.0 9104.0 325.0
42 38 43 0.0 1187.0 3378.0 1307.0 3742.0 2502.0 5.0
42 38 44 0.0 41.0 142.0 14.0 80.0 76.0 0.0
42 39 36 0.0 104.0 242.0 58.0 119.0 142.0 0.0
42 39 37 0.0 2353.0 6144.0 2662.0 7091.0 4660.0 25.0
42 39 38 0.0 5829.0 15018.0 14113.0 33916.0 11276.0 873.0
42 39 39 0.0 6161.0 15622.0 22033.0 49813.0 10358.0 2693.0
42 39 40 0.0 5892.0 15485.0 22177.0 56278.0 9937.0 3581.0
42 39 41 0.0 6042.0 15150.0 22677.0 50643.0 10119.0 2963.0
42 39 42 0.0 5768.0 14667.0 15508.0 35879.0 11154.0 1071.0
42 39 43 0.0 2533.0 6501.0 3069.0 7929.0 4893.0 29.0
42 39 44 0.0 104.0 305.0 50.0 167.0 160.0 0.0
42 40 36 0.0 130.0 322.0 55.0 160.0 167.0 0.0
42 40 37 0.0 2858.0 7755.0 3280.0 9349.0 5782.0 39.0
42 40 38 0.0 5850.0 15482.0 16066.0 42370.0 11221.0 1505.0
42 40 39 0.0 5926.0 15143.0 23401.0 55072.0 9639.0 3599.0
42 40 40 0.0 5949.0 14365.0 26008.0 59222.0 8570.0 4868.0
42 40 41 0.0 6230.0 14930.0 25369.0 53635.0 9579.0 3672.0
42 40 42 0.0 5925.0 15604.0 16277.0 41275.0 11262.0 1425.0
42 40 43 0.0 3043.0 7903.0 3944.0 10304.0 6105.0 45.0
42 40 44 0.0 148.0 400.0 75.0 228.0 215.0 0.0
42 41 36 0.0 84.0 289.0 42.0 152.0 140.0 0.0
42 41 37 0.0 2414.0 6377.0 2749.0 7655.0 4803.0 39.0
42 41 38 1.0 6087.0 14802.0 15504.0 35388.0 11375.0 1039.0
42 41 39 0.0 6307.0 14991.0 23794.0 48850.0 10188.0 2849.0
42 41 40 0.0 5948.0 14886.0 25596.0 54410.0 9490.0 3934.0
42 41 41 0.0 6220.0 15327.0 22740.0 50262.0 10129.0 2860.0
42 41 42 0.0 5686.0 15355.0 13265.0 36958.0 11280.0 1049.0
42 41 43 0.0 2351.0 6303.0 2914.0 7767.0 4764.0 25.0
42 41 44 0.0 94.0 302.0 50.0 171.0 156.0 0.0
42 42 36 0.0 45.0 123.0 16.0 65.0 66.0 0.0
42 42 37 0.0 1248.0 3078.0 1229.0 3233.0 2290.0 5.0
42 42 38 0.0 4452.0 11198.0 8349.0 21998.0 9007.0 307.0
42 42 39 0.0 5963.0 14923.0 14314.0 35964.0 11431.0 1080.0
42 42 40 0.0 5958.0 15259.0 16615.0 42589.0 11111.0 1524.0
42 42 41 0.0 5756.0 14782.0 15130.0 35618.0 11177.0 1019.0
42 42 42 0.0 3877.0 11795.0 6914.0 23355.0 9020.0 324.0
42 42 43 0.0 1076.0 3031.0 1114.0 3138.0 2184.0 2.0
42 42 44 0.0 31.0 129.0 12.0 54.0 57.0 0.0
42 43 36 0.0 11.0 23.0 8.0 6.0 12.0 0.0
42 43 37 0.0 298.0 718.0 246.0 676.0 507.0 0.0
42 43 38 0.0 1295.0 3113.0 1401.0 3254.0 2336.0 6.0
42 43 39 0.0 2459.0 6429.0 2984.0 7417.0 4830.0 29.0
42 43 40 0.0 2821.0 8124.0 3425.0 10380.0 6123.0 44.0
42 43 41 0.0 2452.0 6396.0 2800.0 7590.0 4907.0 33.0
42 43 42 0.0 1094.0 3220.0 1191.0 3459.0 2379.0 3.0
42 43 43 0.0 278.0 787.0 194.0 777.0 547.0 0.0
42 43 44 0.0 6.0 21.0 7.0 8.0 11.0 0.0
42 44 36 0.0 0.0 1.0 0.0 0.0 0.0 0.0
42 44 37 0.0 8.0 18.0 1.0 8.0 8.0 0.0
42 44 38 0.0 31.0 149.0 13.0 76.0 68.0 0.0
42 44 39 0.0 110.0 268.0 60.0 155.0 171.0 0.0
42 44 40 0.0 137.0 371.0 64.0 200.0 190.0 0.0
42 44 41 0.0 106.0 269.0 62.0 147.0 158.0 0.0
42 44 42 0.0 43.0 115.0 23.0 45.0 55.0 0.0
42 44 43 0.0 8.0 17.0 7.0 4.0 9.0 0.0
42 44 44 0.0 0.0 1.0 0.0 1.0 0.0 0.0
43 36 38 0.0 3.0 20.0 0.0 8.0 5.0 0.0
43 36 39 1.0 15.0 50.0 6.0 18.0 21.0 0.0
43 36 40 0.0 29.0 71.0 19.0 51.0 45.0 0.0
43 36 41 0.0 9.0 61.0 4.0 37.0 31.0 0.0
43 36 42 0.0 7.0 13.0 2.0 11.0 6.0 0.0
43 36 43 0.0 1.0 2.0 0.0 2.0 2.0 0.0
43 36 44 0.0 1.0 0.0 0.0 0.0 0.0 0.0
43 37 36 0.0 1.0 4.0 0.0 3.0 3.0 0.0
43 37 37 0.0 32.0 154.0 24.0 124.0 89.0 0.0
43 37 38 0.0 272.0 697.0 238.0 645.0 483.0 1.0
43 37 39 0.0 584.0 1666.0 541.0 1601.0 1175.0 0.0
43 37 40 0.0 805.0 2178.0 705.0 2057.0 1554.0 3.0
43 37 41 1.0 593.0 1688.0 560.0 1660.0 1188.0 0.0
43 37 42 0.0 236.0 726.0 225.0 567.0 444.0 0.0
43 37 43 0.0 62.0 221.0 38.0 157.0 137.0 0.0
43 37 44 0.0 1.0 2.0 0.0 2.0 1.0 0.0
43 38 36 0.0 7.0 15.0 4.0 5.0 7.0 0.0
43 38 37 0.0 246.0 648.0 162.0 616.0 436.0 0.0
43 38 38 0.0 1098.0 3196.0 1135.0 3407.0 2288.0 5.0
43 38 39 0.0 2238.0 6238.0 2597.0 7282.0 4694.0 26.0
43 38 40 0.0 2868.0 7901.0 3684.0 9985.0 5940.0 54.0
43 38 41 0.0 2560.0 6264.0 3240.0 7495.0 4901.0 27.0
43 38 42 0.0 1436.0 3169.0 1645.0 3484.0 2505.0 2.0
43 38 43 0.0 284.0 858.0 254.0 840.0 591.0 0.0
43 38 44 0.0 24.0 23.0 8.0 6.0 18.0 0.0
43 39 36 0.0 21.0 50.0 20.0 29.0 27.0 0.0
43 39 37 1.0 577.0 1569.0 531.0 1445.0 1086.0 0.0
43 39 38 0.0 2434.0 6180.0 2889.0 7104.0 4681.0 21.0
43 39 39 0.0 4505.0 11206.0 6592.0 15018.0 8704.0 134.0
43 39 40 0.0 5666.0 12989.0 8657.0 18723.0 10332.0 242.0
43 39 41 1.0 4565.0 11700.0 6225.0 16188.0 8937.0 132.0
43 39 42 0.0 2651.0 6313.0 3220.0 7922.0 4937.0 34.0
43 39 43 0.0 655.0 1679.0 608.0 1666.0 1236.0 1.0
43 39 44 0.0 19.0 69.0 7.0 38.0 34.0 0.0
43 40 36 0.0 19.0 84.0 2.0 39.0 32.0 0.0
43 40 37 0.0 796.0 2040.0 820.0 1987.0 1479.0 3.0
43 40 38 0.0 3184.0 7691.0 4066.0 9531.0 6052.0 47.0
43 40 39 0.0 5587.0 13147.0 8141.0 19231.0 10281.0 194.0
43 40 40 0.0 6254.0 15082.0 9777.0 22980.0 11751.0 312.0
43 40 41 0.0 5637.0 13508.0 8503.0 19478.0 10710.0 238.0
43 40 42 0.0 3370.0 7792.0 4413.0 9434.0 6195.0 43.0
43 40 43 0.0 789.0 2223.0 713.0 2196.0 1605.0 2.0
43 40 44 0.0 34.0 58.0 21.0 16.0 30.0 0.0
43 41 36 0.0 12.0 34.0 5.0 9.0 14.0 0.0
43 41 37 0.0 622.0 1738.0 542.0 1727.0 1239.0 0.0
43 41 38 0.0 2595.0 6340.0 3145.0 7139.0 4879.0 23.0
43 41 39 0.0 4975.0 11485.0 6882.0 15847.0 9222.0 160.0
43 41 40 0.0 5734.0 13278.0 8692.0 19269.0 10428.0 228.0
43 41 41 0.0 4852.0 11264.0 6950.0 15472.0 9003.0 149.0
43 41 42 0.0 2507.0 6427.0 3043.0 7849.0 4951.0 37.0
43 41 43 0.0 612.0 1787.0 561.0 1756.0 1245.0 1.0
43 41 44 0.0 18.0 50.0 6.0 28.0 28.0 0.0
43 42 36 0.0 7.0 17.0 2.0 9.0 8.0 0.0
43 42 37 0.0 339.0 752.0 304.0 664.0 546.0 0.0
43 42 38 0.0 1357.0 3082.0 1499.0 3406.0 2415.0 4.0
43 42 39 0.0 2647.0 6300.0 3132.0 7571.0 5008.0 32.0
43 42 40 0.0 3400.0 7563.0 4514.0 9356.0 6133.0 50.0
43 42 41 0.0 2834.0 6312.0 3579.0 7599.0 5122.0 31.0
43 42 42 0.0 1335.0 3425.0 1536.0 3727.0 2625.0 5.0
43 42 43 0.0 261.0 860.0 262.0 712.0 571.0 0.0
43 42 44 0.0 5.0 9.0 1.0 2.0 2.0 0.0
43 43 36 0.0 0.0 3.0 0.0 0.0 1.0 0.0
43 43 37 0.0 72.0 153.0 45.0 116.0 104.0 0.0
43 43 38 0.0 281.0 723.0 223.0 637.0 490.0 0.0
43 43 39 0.0 710.0 1872.0 659.0 1767.0 1361.0 2.0
43 43 40 0.0 853.0 2325.0 914.0 2456.0 1722.0 4.0
43 43 41 0.0 614.0 1749.0 629.0 1827.0 1257.0 2.0
43 43 42 0.0 341.0 786.0 310.0 763.0 597.0 1.0
43 43 43 0.0 60.0 192.0 63.0 140.0 125.0 0.0
43 43 44 0.0 1.0 2.0 0.0 0.0 0.0 0.0
43 44 37 0.0 0.0 2.0 0.0 0.0 0.0 0.0
43 44 38 0.0 7.0 13.0 3.0 2.0 4.0 0.0
43 44 39 0.0 10.0 48.0 9.0 15.0 18.0 0.0
43 44 40 0.0 31.0 70.0 7.0 34.0 33.0 0.0
43 44 41 0.0 20.0 56.0 8.0 19.0 25.0 0.0
43 44 42 0.0 9.0 19.0 7.0 14.0 14.0 0.0
43 44 43 0.0 0.0 0.0 0.0 1.0 0.0 0.0
44 36 38 0.0 0.0 1.0 0.0 0.0 0.0 0.0
44 36 39 0.0 2.0 1.0 0.0 1.0 1.0 0.0
44 36 40 0.0 0.0 1.0 0.0 1.0 1.0 0.0
44 36 41 0.0 0.0 1.0 0.0 0.0 0.0 0.0
44 37 37 0.0 0.0 6.0 0.0 4.0 2.0 0.0
44 37 38 0.0 5.0 20.0 1.0 8.0 6.0 0.0
44 37 39 0.0 11.0 44.0 7.0 13.0 15.0 0.0
44 37 40 0.0 14.0 68.0 5.0 30.0 20.0 0.0
44 37 41 0.0 26.0 55.0 7.0 30.0 34.0 0.0
44 37 42 0.0 14.0 22.0 8.0 5.0 11.0 0.0
44 37 43 0.0 2.0 7.0 0.0 2.0 3.0 0.0
44 38 37 0.0 6.0 19.0 0.0 8.0 7.0 0.0
44 38 38 0.0 46.0 108.0 19.0 51.0 56.0 0.0
44 38 39 0.0 132.0 266.0 70.0 134.0 162.0 0.0
44 38 40 0.0 142.0 373.0 56.0 183.0 192.0 0.0
44 38 41 0.0 96.0 263.0 60.0 149.0 146.0 0.0
44 38 42 0.0 64.0 138.0 36.0 56.0 73.0 0.0
44 38 43 0.0 10.0 20.0 8.0 5.0 8.0 0.0
44 38 44 0.0 0.0 2.0 0.0 2.0 1.0 0.0
44 39 36 0.0 2.0 2.0 0.0 1.0 1.0 0.0
44 39 37 0.0 17.0 48.0 6.0 20.0 25.0 0.0
44 39 38 0.0 106.0 288.0 56.0 149.0 145.0 0.0
44 39 39 0.0 277.0 685.0 143.0 376.0 385.0 0.0
44 39 40 0.0 376.0 869.0 155.0 495.0 482.0 0.0
44 39 41 0.0 268.0 678.0 136.0 365.0 377.0 0.0
44 39 42 0.0 134.0 299.0 55.0 165.0 174.0 0.0
44 39 43 0.0 28.0 49.0 17.0 38.0 32.0 0.0
44 39 44 0.0 1.0 3.0 1.0 0.0 0.0 0.0
44 40 36 0.0 0.0 6.0 0.0 3.0 2.0 0.0
44 40 37 0.0 23.0 54.0 12.0 19.0 28.0 0.0
44 40 38 0.0 159.0 335.0 89.0 162.0 185.0 0.0
44 40 39 0.0 381.0 920.0 196.0 470.0 494.0 1.0
44 40 40 0.0 502.0 1231.0 255.0 629.0 697.0 0.0
44 40 41 0.0 417.0 880.0 175.0 488.0 499.0 0.0
44 40 42 0.0 168.0 414.0 85.0 198.0 226.0 0.0
44 40 43 0.0 28.0 81.0 10.0 35.0 37.0 0.0
44 40 44 0.0 0.0 4.0 0.0 0.0 0.0 0.0
44 41 36 0.0 1.0 4.0 0.0 0.0 0.0 0.0
44 41 37 0.0 27.0 57.0 11.0 31.0 36.0 0.0
44 41 38 0.0 102.0 314.0 67.0 165.0 171.0 0.0
44 41 39 0.0 301.0 684.0 158.0 387.0 409.0 0.0
44 41 40 0.0 375.0 933.0 197.0 477.0 505.0 0.0
44 41 41 1.0 309.0 691.0 159.0 327.0 388.0 0.0
44 41 42 0.0 117.0 308.0 47.0 140.0 147.0 0.0
44 41 43 0.0 16.0 46.0 9.0 22.0 29.0 0.0
44 41 44 0.0 0.0 5.0 0.0 5.0 2.0 0.0
44 42 37 0.0 11.0 23.0 1.0 5.0 10.0 0.0
44 42 38 0.0 48.0 144.0 22.0 60.0 76.0 0.0
44 42 39 0.0 117.0 296.0 53.0 134.0 159.0 0.0
44 42 40 0.0 169.0 385.0 71.0 219.0 222.0 0.0
44 42 41 0.0 105.0 243.0 52.0 101.0 123.0 0.0
44 42 42 0.0 58.0 104.0 30.0 44.0 54.0 0.0
44 42 43 0.0 9.0 25.0 4.0 13.0 15.0 0.0
44 43 37 0.0 2.0 5.0 1.0 4.0 2.0 0.0
44 43 38 0.0 9.0 28.0 6.0 12.0 12.0 0.0
44 43 39 0.0 14.0 46.0 7.0 21.0 17.0 0.0
44 43 40 0.0 35.0 61.0 16.0 22.0 34.0 0.0
44 43 41 0.0 41.0 67.0 11.0 36.0 43.0 0.0
44 43 42 0.0 9.0 18.0 2.0 2.0 6.0 0.0
44 43 43 0.0 0.0 13.0 0.0 4.0 4.0 0.0
44 44 39 0.0 0.0 5.0 0.0 2.0 1.0 0.0
44 44 40 0.0 2.0 6.0 0.0 1.0 2.0 0.0
44 44 41 0.0 0.0 1.0 0.0 0.0 0.0 0.0
44 44 42 0.0 0.0 1.0 0.0 1.0 1.0 0.0
45 39 41 0.0 0.0 1.0 0.0 0.0 0.0 0.0
45 40 39 0.0 0.0 1.0 0.0 0.0 0.0 0.0
45 41 39 0.0 1.0 0.0 1.0 0.0 1.0 0.0
45 41 41 0.0 1.0 1.0 0.0 0.0 0.0 0.0
45 41 42 0.0 0.0 1.0 0.0 0.0 0.0 0.0
