34 36 40 0.0 0.0 0.0 0.0 1.0 0.0 0.0
34 37 36 0.0 0.0 0.0 0.0 1.0 0.0 0.0
34 37 39 0.0 0.0 0.0 0.0 1.0 0.0 0.0
34 37 40 0.0 0.0 0.0 0.0 2.0 0.0 0.0
34 38 39 0.0 0.0 0.0 0.0 5.0 0.0 0.0
34 38 40 0.0 0.0 0.0 0.0 6.0 0.0 0.0
34 38 41 0.0 0.0 0.0 1.0 9.0 0.0 0.0
34 38 42 0.0 0.0 0.0 0.0 2.0 0.0 0.0
34 39 37 0.0 0.0 0.0 0.0 3.0 0.0 0.0
34 39 38 0.0 0.0 0.0 1.0 2.0 0.0 0.0
34 39 39 0.0 0.0 0.0 0.0 12.0 1.0 0.0
34 39 40 0.0 0.0 0.0 10.0 5.0 0.0 0.0
34 39 41 0.0 0.0 0.0 3.0 9.0 0.0 0.0
34 39 43 0.0 0.0 0.0 0.0 3.0 0.0 0.0
34 40 36 0.0 0.0 0.0 0.0 1.0 0.0 0.0
34 40 37 0.0 0.0 0.0 1.0 0.0 0.0 0.0
34 40 38 0.0 0.0 0.0 1.0 6.0 2.0 0.0
34 40 39 0.0 0.0 0.0 0.0 29.0 0.0 0.0
34 40 40 0.0 0.0 0.0 2.0 16.0 0.0 0.0
34 40 41 0.0 0.0 0.0 3.0 18.0 1.0 0.0
34 40 42 0.0 0.0 0.0 0.0 2.0 0.0 0.0
34 40 43 0.0 0.0 0.0 0.0 2.0 0.0 0.0
34 41 37 0.0 0.0 0.0 0.0 1.0 0.0 0.0
34 41 38 0.0 0.0 0.0 0.0 4.0 0.0 0.0
34 41 39 0.0 0.0 0.0 0.0 14.0 0.0 0.0
34 41 40 0.0 0.0 0.0 6.0 11.0 0.0 0.0
34 41 41 0.0 0.0 0.0 0.0 7.0 0.0 0.0
34 41 42 0.0 0.0 0.0 0.0 7.0 1.0 0.0
34 42 36 0.0 0.0 0.0 0.0 1.0 0.0 0.0
34 42 38 0.0 0.0 0.0 0.0 3.0 1.0 0.0
34 42 39 0.0 0.0 0.0 3.0 7.0 1.0 0.0
34 42 40 0.0 0.0 0.0 0.0 6.0 0.0 0.0
34 42 41 0.0 0.0 0.0 0.0 1.0 0.0 0.0
34 42 42 0.0 0.0 0.0 0.0 1.0 0.0 0.0
34 42 44 0.0 0.0 0.0 0.0 1.0 0.0 0.0
34 43 38 0.0 0.0 0.0 0.0 2.0 0.0 0.0
34 43 39 0.0 0.0 0.0 0.0 2.0 0.0 0.0
34 43 40 0.0 0.0 0.0 0.0 1.0 0.0 0.0
34 43 41 0.0 0.0 0.0 0.0 2.0 0.0 0.0
35 35 37 0.0 0.0 0.0 0.0 1.0 0.0 0.0
35 35 39 0.0 0.0 0.0 1.0 1.0 0.0 0.0
35 35 40 0.0 0.0 0.0 0.0 2.0 0.0 0.0
35 36 36 0.0 0.0 0.0 0.0 1.0 0.0 0.0
35 36 37 0.0 0.0 0.0 1.0 23.0 1.0 0.0
35 36 38 0.0 0.0 0.0 3.0 65.0 0.0 0.0
35 36 39 0.0 0.0 0.0 9.0 115.0 0.0 0.0
35 36 40 0.0 0.0 0.0 24.0 160.0 3.0 0.0
35 36 41 0.0 0.0 0.0 6.0 140.0 4.0 0.0
35 36 42 0.0 0.0 0.0 5.0 45.0 1.0 0.0
35 36 43 0.0 0.0 0.0 0.0 15.0 0.0 0.0
35 37 35 0.0 0.0 0.0 0.0 2.0 0.0 0.0
35 37 36 0.0 0.0 0.0 2.0 27.0 3.0 0.0
35 37 37 0.0 0.0 0.0 8.0 113.0 1.0 0.0
35 37 38 0.0 0.0 0.0 25.0 464.0 11.0 1.0
35 37 39 0.0 0.0 0.0 103.0 893.0 25.0 2.0
35 37 40 0.0 0.0 0.0 76.0 1105.0 18.0 0.0
35 37 41 0.0 0.0 0.0 91.0 901.0 13.0 4.0
35 37 42 0.0 0.0 0.0 57.0 446.0 10.0 0.0
35 37 43 0.0 0.0 0.0 7.0 109.0 3.0 0.0
35 37 44 0.0 0.0 0.0 1.0 27.0 0.0 0.0
35 38 35 0.0 0.0 0.0 0.0 3.0 0.0 0.0
35 38 36 0.0 0.0 0.0 4.0 60.0 3.0 0.0
35 38 37 0.0 0.0 0.0 48.0 542.0 12.0 2.0
35 38 38 0.0 0.0 0.0 159.0 1457.0 32.0 6.0
35 38 39 0.0 0.0 0.0 235.0 2800.0 57.0 24.0
35 38 40 0.0 0.0 0.0 334.0 3066.0 46.0 15.0
35 38 41 0.0 0.0 0.0 276.0 2373.0 34.0 10.0
35 38 42 0.0 0.0 0.0 96.0 1382.0 21.0 1.0
35 38 43 0.0 0.0 0.0 38.0 418.0 5.0 0.0
35 38 44 0.0 0.0 0.0 3.0 49.0 1.0 0.0
35 39 36 0.0 0.0 0.0 10.0 196.0 5.0 0.0
35 39 37 0.0 0.0 0.0 83.0 839.0 14.0 1.0
35 39 38 0.0 0.0 0.0 217.0 2603.0 53.0 18.0
35 39 39 0.0 0.0 1.0 464.0 4492.0 79.0 55.0
35 39 40 0.0 0.0 0.0 515.0 5381.0 82.0 92.0
35 39 41 0.0 0.0 0.0 442.0 4505.0 67.0 46.0
35 39 42 0.0 0.0 0.0 237.0 2532.0 42.0 21.0
35 39 43 0.0 0.0 0.0 65.0 899.0 16.0 4.0
35 39 44 0.0 0.0 0.0 6.0 111.0 3.0 0.0
35 39 45 0.0 0.0 0.0 0.0 4.0 0.0 0.0
35 40 35 0.0 0.0 0.0 0.0 13.0 0.0 0.0
35 40 36 0.0 0.0 0.0 14.0 261.0 7.0 0.0
35 40 37 0.0 0.0 0.0 141.0 1235.0 19.0 3.0
35 40 38 0.0 0.0 0.0 296.0 3018.0 49.0 16.0
35 40 39 0.0 0.0 0.0 470.0 5499.0 95.0 67.0
35 40 40 0.0 0.0 1.0 531.0 6113.0 120.0 77.0
35 40 41 0.0 0.0 0.0 378.0 5743.0 95.0 68.0
35 40 42 0.0 0.0 0.0 242.0 2661.0 33.0 12.0
35 40 43 0.0 0.0 0.0 137.0 866.0 26.0 3.0
35 40 44 0.0 0.0 0.0 12.0 122.0 1.0 0.0
35 40 45 0.0 0.0 0.0 0.0 7.0 0.0 0.0
35 41 35 0.0 0.0 0.0 1.0 12.0 0.0 0.0
35 41 36 0.0 0.0 0.0 9.0 142.0 1.0 0.0
35 41 37 0.0 0.0 0.0 63.0 920.0 24.0 2.0
35 41 38 0.0 0.0 0.0 255.0 2568.0 47.0 17.0
35 41 39 0.0 0.0 0.0 403.0 4775.0 74.0 63.0
35 41 40 0.0 0.0 0.0 374.0 5407.0 104.0 95.0
35 41 41 0.0 0.0 0.0 391.0 4463.0 83.0 42.0
35 41 42 0.0 0.0 0.0 278.0 2394.0 41.0 14.0
35 41 43 0.0 0.0 0.0 72.0 674.0 9.0 2.0
35 41 44 0.0 0.0 0.0 4.0 108.0 1.0 0.0
35 41 45 0.0 0.0 0.0 0.0 2.0 0.0 0.0
35 42 35 0.0 0.0 0.0 0.0 6.0 0.0 0.0
35 42 36 0.0 0.0 0.0 0.0 75.0 4.0 0.0
35 42 37 0.0 0.0 0.0 21.0 562.0 11.0 0.0
35 42 38 0.0 0.0 0.0 135.0 1478.0 18.0 3.0
35 42 39 0.0 0.0 0.0 198.0 2291.0 46.0 12.0
35 42 40 0.0 0.0 0.0 235.0 3049.0 55.0 16.0
35 42 41 0.0 0.0 0.0 191.0 2389.0 43.0 12.0
35 42 42 0.0 0.0 0.0 98.0 1280.0 24.0 0.0
35 42 43 0.0 0.0 0.0 31.0 410.0 11.0 0.0
35 42 44 0.0 0.0 0.0 2.0 59.0 0.0 0.0
35 42 45 0.0 0.0 0.0 0.0 2.0 0.0 0.0
35 43 36 0.0 0.0 0.0 3.0 19.0 0.0 0.0
35 43 37 0.0 0.0 0.0 14.0 120.0 2.0 0.0
35 43 38 0.0 0.0 0.0 79.0 351.0 5.0 0.0
35 43 39 0.0 0.0 0.0 70.0 759.0 15.0 1.0
35 43 40 0.0 0.0 0.0 111.0 1059.0 24.0 3.0
35 43 41 0.0 0.0 0.0 46.0 770.0 14.0 0.0
35 43 42 0.0 0.0 0.0 36.0 360.0 8.0 0.0
35 43 43 0.0 0.0 0.0 4.0 67.0 3.0 0.0
35 43 44 0.0 0.0 0.0 2.0 15.0 2.0 0.0
35 44 36 0.0 0.0 0.0 0.0 2.0 0.0 0.0
35 44 37 0.0 0.0 0.0 0.0 16.0 0.0 0.0
35 44 38 0.0 0.0 0.0 8.0 50.0 0.0 0.0
35 44 39 0.0 0.0 0.0 8.0 149.0 1.0 0.0
35 44 40 0.0 0.0 0.0 8.0 154.0 3.0 0.0
35 44 41 0.0 0.0 0.0 8.0 153.0 3.0 0.0
35 44 42 0.0 0.0 0.0 1.0 77.0 1.0 0.0
35 44 43 0.0 0.0 0.0 1.0 17.0 0.0 0.0
35 44 44 0.0 0.0 0.0 0.0 3.0 0.0 0.0
35 45 38 0.0 0.0 0.0 0.0 2.0 0.0 0.0
35 45 39 0.0 0.0 0.0 0.0 8.0 0.0 0.0
35 45 40 0.0 0.0 0.0 0.0 1.0 0.0 0.0
35 45 41 0.0 0.0 0.0 0.0 2.0 0.0 0.0
36 35 36 0.0 0.0 0.0 1.0 2.0 0.0 0.0
36 35 37 0.0 0.0 0.0 5.0 16.0 0.0 0.0
36 35 38 0.0 0.0 0.0 5.0 69.0 1.0 0.0
36 35 39 0.0 0.0 0.0 8.0 124.0 1.0 0.0
36 35 40 0.0 0.0 0.0 6.0 117.0 5.0 0.0
36 35 41 0.0 0.0 0.0 13.0 162.0 3.0 0.0
36 35 42 0.0 0.0 0.0 4.0 52.0 1.0 0.0
36 35 43 0.0 0.0 0.0 0.0 23.0 1.0 0.0
36 36 36 0.0 0.0 0.0 16.0 152.0 1.0 0.0
36 36 37 0.0 0.0 0.0 65.0 1095.0 24.0 0.0
36 36 38 0.0 0.0 0.0 151.0 2535.0 40.0 18.0
36 36 39 0.0 0.0 0.0 303.0 4795.0 92.0 79.0
36 36 40 0.0 0.0 0.0 332.0 5590.0 94.0 87.0
36 36 41 0.0 0.0 0.0 367.0 4402.0 85.0 65.0
36 36 42 0.0 0.0 0.0 185.0 2676.0 66.0 12.0
36 36 43 0.0 0.0 0.0 71.0 811.0 11.0 1.0
36 36 44 0.0 0.0 0.0 10.0 97.0 1.0 0.0
36 36 45 0.0 0.0 0.0 0.0 3.0 0.0 0.0
36 37 35 0.0 0.0 0.0 0.0 15.0 0.0 0.0
36 37 36 0.0 0.0 0.0 79.0 1004.0 17.0 1.0
36 37 37 0.0 0.0 0.0 371.0 5421.0 101.0 83.0
36 37 38 0.0 0.0 0.0 963.0 12112.0 187.0 521.0
36 37 39 0.0 0.0 0.0 1504.0 19579.0 303.0 1622.0
36 37 40 0.0 0.0 1.0 1641.0 21498.0 342.0 1985.0
36 37 41 0.0 0.0 0.0 1499.0 18617.0 320.0 1462.0
36 37 42 0.0 0.0 0.0 1247.0 12522.0 222.0 632.0
36 37 43 0.0 0.0 0.0 465.0 4186.0 64.0 59.0
36 37 44 0.0 0.0 0.0 40.0 854.0 8.0 1.0
36 37 45 0.0 0.0 0.0 1.0 8.0 0.0 0.0
36 38 35 0.0 0.0 0.0 7.0 75.0 1.0 0.0
36 38 36 0.0 0.0 0.0 204.0 2772.0 51.0 18.0
36 38 37 0.0 0.0 3.0 1136.0 13890.0 223.0 708.0
36 38 38 0.0 0.0 0.0 2281.0 27287.0 395.0 3944.0
36 38 39 0.0 0.0 0.0 2836.0 34911.0 469.0 8025.0
36 38 40 0.0 0.0 5.0 3058.0 37517.0 534.0 10737.0
36 38 41 0.0 0.0 0.0 2869.0 34529.0 543.0 7595.0
36 38 42 0.0 0.0 0.0 2277.0 26102.0 382.0 3322.0
36 38 43 0.0 0.0 0.0 1342.0 11889.0 192.0 543.0
36 38 44 0.0 0.0 0.0 233.0 2293.0 54.0 12.0
36 38 45 0.0 0.0 0.0 2.0 63.0 3.0 0.0
36 39 35 0.0 0.0 0.0 15.0 155.0 1.0 0.0
36 39 36 0.0 0.0 0.0 434.0 5139.0 103.0 88.0
36 39 37 0.0 0.0 0.0 1525.0 21847.0 336.0 2083.0
36 39 38 0.0 0.0 3.0 3690.0 35002.0 555.0 8574.0
36 39 39 0.0 0.0 4.0 3556.0 41121.0 516.0 16348.0
36 39 40 0.0 0.0 0.0 4154.0 41589.0 522.0 18963.0
36 39 41 0.0 0.0 0.0 3987.0 40170.0 493.0 15481.0
36 39 42 0.0 0.0 0.0 3318.0 33933.0 493.0 7779.0
36 39 43 0.0 0.0 3.0 1630.0 18454.0 282.0 1508.0
36 39 44 0.0 0.0 0.0 319.0 4130.0 70.0 47.0
36 39 45 0.0 0.0 0.0 6.0 126.0 2.0 0.0
36 40 35 0.0 0.0 0.0 24.0 235.0 8.0 0.0
36 40 36 0.0 0.0 0.0 462.0 6574.0 103.0 127.0
36 40 37 0.0 0.0 1.0 1993.0 23631.0 349.0 2622.0
36 40 38 0.0 1.0 2.0 3138.0 37709.0 533.0 10561.0
36 40 39 0.0 0.0 1.0 3608.0 42320.0 507.0 19283.0
36 40 40 0.0 1.0 5.0 3635.0 43066.0 507.0 22454.0
36 40 41 0.0 0.0 1.0 3726.0 41888.0 531.0 18056.0
36 40 42 0.0 0.0 1.0 3486.0 36180.0 507.0 9682.0
36 40 43 0.0 0.0 0.0 2486.0 20637.0 334.0 2066.0
36 40 44 0.0 0.0 0.0 573.0 5174.0 84.0 95.0
36 40 45 0.0 0.0 0.0 17.0 200.0 2.0 0.0
36 41 35 0.0 0.0 0.0 10.0 155.0 5.0 0.0
36 41 36 0.0 0.0 0.0 378.0 5322.0 93.0 94.0
36 41 37 0.0 0.0 2.0 1558.0 20445.0 328.0 1801.0
36 41 38 0.0 1.0 0.0 2604.0 36126.0 515.0 8818.0
36 41 39 0.0 0.0 0.0 3285.0 41586.0 548.0 15726.0
36 41 40 0.0 1.0 2.0 3307.0 42047.0 524.0 18615.0
36 41 41 0.0 0.0 4.0 3809.0 40334.0 528.0 15424.0
36 41 42 0.0 2.0 0.0 3069.0 33888.0 495.0 7365.0
36 41 43 0.0 0.0 0.0 1449.0 19134.0 255.0 1502.0
36 41 44 0.0 0.0 0.0 265.0 4208.0 80.0 41.0
36 41 45 0.0 0.0 0.0 4.0 122.0 1.0 0.0
36 42 35 0.0 0.0 0.0 2.0 50.0 0.0 0.0
36 42 36 0.0 0.0 0.0 266.0 3172.0 45.0 28.0
36 42 37 0.0 0.0 0.0 1149.0 13830.0 210.0 761.0
36 42 38 0.0 0.0 0.0 2194.0 27065.0 425.0 3699.0
36 42 39 0.0 0.0 0.0 3206.0 33781.0 468.0 7597.0
36 42 40 0.0 3.0 0.0 3120.0 36147.0 466.0 9271.0
36 42 41 0.0 0.0 5.0 2853.0 33906.0 474.0 7187.0
36 42 42 0.0 0.0 0.0 1828.0 25669.0 371.0 3060.0
36 42 43 0.0 0.0 0.0 957.0 12854.0 182.0 622.0
36 42 44 0.0 0.0 0.0 149.0 2403.0 35.0 15.0
36 42 45 0.0 0.0 0.0 1.0 57.0 0.0 0.0
36 43 35 0.0 0.0 0.0 0.0 28.0 1.0 0.0
36 43 36 0.0 0.0 0.0 97.0 902.0 18.0 2.0
36 43 37 0.0 0.0 1.0 576.0 5381.0 99.0 82.0
36 43 38 0.0 0.0 0.0 973.0 12396.0 236.0 588.0
36 43 39 0.0 0.0 1.0 1794.0 18713.0 310.0 1491.0
36 43 40 0.0 0.0 0.0 1566.0 21295.0 333.0 1839.0
36 43 41 0.0 0.0 0.0 1644.0 19515.0 335.0 1666.0
36 43 42 0.0 2.0 0.0 797.0 12373.0 222.0 556.0
36 43 43 0.0 0.0 0.0 343.0 4816.0 85.0 73.0
36 43 44 0.0 0.0 0.0 34.0 790.0 14.0 2.0
36 43 45 0.0 0.0 0.0 0.0 14.0 0.0 0.0
36 44 36 0.0 0.0 0.0 17.0 175.0 2.0 0.0
36 44 37 0.0 0.0 0.0 59.0 971.0 19.0 4.0
36 44 38 0.0 0.0 0.0 183.0 2648.0 35.0 23.0
36 44 39 0.0 0.0 0.0 382.0 4807.0 86.0 52.0
36 44 40 0.0 0.0 0.0 479.0 5213.0 110.0 78.0
36 44 41 0.0 0.0 0.0 343.0 4138.0 54.0 49.0
36 44 42 0.0 0.0 0.0 198.0 2393.0 38.0 8.0
36 44 43 0.0 0.0 0.0 69.0 813.0 12.0 2.0
36 44 44 0.0 0.0 0.0 8.0 127.0 2.0 0.0
36 45 37 0.0 0.0 0.0 0.0 16.0 0.0 0.0
36 45 38 0.0 0.0 0.0 4.0 80.0 1.0 0.0
36 45 39 0.0 0.0 0.0 13.0 120.0 6.0 0.0
36 45 40 0.0 0.0 0.0 8.0 153.0 2.0 0.0
36 45 41 0.0 0.0 0.0 3.0 142.0 2.0 0.0
36 45 42 0.0 0.0 0.0 6.0 79.0 1.0 0.0
36 45 43 0.0 0.0 0.0 0.0 33.0 0.0 0.0
37 34 37 0.0 0.0 0.0 0.0 1.0 0.0 0.0
37 34 40 0.0 0.0 0.0 0.0 2.0 0.0 0.0
37 34 42 0.0 0.0 0.0 0.0 1.0 0.0 0.0
37 35 36 0.0 0.0 0.0 0.0 11.0 0.0 0.0
37 35 37 0.0 0.0 0.0 17.0 176.0 2.0 0.0
37 35 38 0.0 0.0 0.0 18.0 338.0 6.0 0.0
37 35 39 0.0 0.0 0.0 68.0 734.0 18.0 3.0
37 35 40 0.0 0.0 0.0 78.0 1009.0 26.0 6.0
37 35 41 0.0 0.0 0.0 74.0 835.0 22.0 4.0
37 35 42 0.0 0.0 0.0 43.0 411.0 6.0 1.0
37 35 43 0.0 0.0 0.0 3.0 126.0 4.0 0.0
37 35 44 0.0 0.0 0.0 5.0 16.0 2.0 0.0
37 35 45 0.0 0.0 0.0 0.0 3.0 0.0 0.0
37 36 35 0.0 0.0 0.0 1.0 14.0 0.0 0.0
37 36 36 0.0 0.0 0.0 82.0 983.0 20.0 4.0
37 36 37 0.0 0.0 0.0 350.0 4527.0 69.0 62.0
37 36 38 0.0 0.0 0.0 1207.0 11438.0 209.0 514.0
37 36 39 0.0 0.0 0.0 1564.0 18765.0 299.0 1493.0
37 36 40 0.0 0.0 0.0 1357.0 22580.0 321.0 2159.0
37 36 41 0.0 0.0 0.0 1556.0 19526.0 316.0 1578.0
37 36 42 0.0 0.0 0.0 817.0 13011.0 207.0 623.0
37 36 43 0.0 0.0 0.0 484.0 4707.0 80.0 74.0
37 36 44 0.0 0.0 0.0 80.0 983.0 17.0 2.0
37 36 45 0.0 0.0 0.0 0.0 17.0 1.0 0.0
37 36 46 0.0 0.0 0.0 0.0 1.0 0.0 0.0
37 37 35 0.0 0.0 0.0 9.0 107.0 0.0 0.0
37 37 36 0.0 0.0 0.0 472.0 5323.0 88.0 85.0
37 37 37 0.0 0.0 0.0 2101.0 29910.0 432.0 5154.0
37 37 38 0.0 0.0 0.0 3028.0 41165.0 529.0 18848.0
37 37 39 0.0 0.0 0.0 3076.0 42851.0 457.0 29693.0
37 37 40 0.0 0.0 1.0 3227.0 41793.0 439.0 35458.0
37 37 41 0.0 1.0 0.0 3262.0 42096.0 495.0 32114.0
37 37 42 0.0 0.0 1.0 3399.0 41379.0 498.0 18709.0
37 37 43 0.0 0.0 0.0 2019.0 26655.0 390.0 3737.0
37 37 44 0.0 0.0 0.0 408.0 5260.0 98.0 99.0
37 37 45 0.0 0.0 0.0 9.0 159.0 3.0 0.0
37 38 34 0.0 0.0 0.0 0.0 1.0 0.0 0.0
37 38 35 0.0 0.0 0.0 56.0 491.0 4.0 0.0
37 38 36 0.0 0.0 0.0 1011.0 12558.0 190.0 593.0
37 38 37 0.0 0.0 0.0 3653.0 41254.0 510.0 19024.0
37 38 38 0.0 0.0 2.0 3983.0 37472.0 362.0 49057.0
37 38 39 0.0 0.0 0.0 2992.0 32093.0 285.0 64806.0
37 38 40 0.0 1.0 1.0 2800.0 29998.0 271.0 69721.0
37 38 41 0.0 0.0 0.0 3244.0 32345.0 329.0 63584.0
37 38 42 0.0 0.0 4.0 3816.0 39150.0 418.0 44927.0
37 38 43 0.0 0.0 0.0 2998.0 40763.0 526.0 17217.0
37 38 44 0.0 0.0 0.0 777.0 12540.0 192.0 589.0
37 38 45 0.0 0.0 0.0 18.0 360.0 5.0 0.0
37 39 34 0.0 0.0 0.0 1.0 0.0 0.0 0.0
37 39 35 0.0 0.0 0.0 83.0 1003.0 16.0 1.0
37 39 36 0.0 0.0 0.0 1641.0 21506.0 367.0 2041.0
37 39 37 0.0 0.0 0.0 3596.0 41383.0 451.0 35394.0
37 39 38 0.0 0.0 4.0 2568.0 31460.0 284.0 67671.0
37 39 39 0.0 0.0 2.0 2413.0 24889.0 195.0 81156.0
37 39 40 0.0 0.0 2.0 2183.0 22974.0 209.0 84344.0
37 39 41 0.0 0.0 1.0 2440.0 24799.0 234.0 80329.0
37 39 42 0.0 0.0 2.0 3233.0 32097.0 289.0 64185.0
37 39 43 0.0 0.0 0.0 3796.0 42224.0 513.0 30464.0
37 39 44 0.0 1.0 0.0 1431.0 19713.0 323.0 1696.0
37 39 45 0.0 0.0 0.0 64.0 800.0 19.0 1.0
37 39 46 0.0 0.0 0.0 0.0 1.0 0.0 0.0
37 40 34 0.0 0.0 0.0 0.0 1.0 0.0 0.0
37 40 35 0.0 0.0 0.0 94.0 1256.0 29.0 2.0
37 40 36 0.0 0.0 0.0 2131.0 23570.0 379.0 2551.0
37 40 37 0.0 4.0 0.0 3524.0 40609.0 434.0 39160.0
37 40 38 0.0 2.0 0.0 2478.0 29476.0 281.0 71714.0
37 40 39 0.0 1.0 0.0 1962.0 22967.0 191.0 85574.0
37 40 40 0.0 0.0 1.0 1807.0 20935.0 194.0 89351.0
37 40 41 0.0 1.0 1.0 2130.0 23078.0 199.0 84530.0
37 40 42 0.0 0.0 0.0 2881.0 30745.0 277.0 67856.0
37 40 43 0.0 0.0 1.0 2967.0 42027.0 408.0 35871.0
37 40 44 0.0 0.0 0.0 1731.0 22068.0 341.0 2188.0
37 40 45 0.0 0.0 0.0 91.0 890.0 14.0 2.0
37 40 46 0.0 0.0 0.0 0.0 4.0 0.0 0.0
37 41 35 0.0 0.0 0.0 59.0 1034.0 14.0 2.0
37 41 36 0.0 0.0 0.0 1497.0 20690.0 296.0 1868.0
37 41 37 0.0 4.0 0.0 2791.0 41578.0 420.0 36723.0
37 41 38 0.0 0.0 0.0 2430.0 32250.0 286.0 65451.0
37 41 39 0.0 0.0 4.0 2074.0 24808.0 234.0 81489.0
37 41 40 0.0 2.0 1.0 2043.0 23222.0 198.0 84368.0
37 41 41 0.0 0.0 0.0 2186.0 26057.0 200.0 78749.0
37 41 42 0.0 0.0 0.0 2755.0 32201.0 272.0 64754.0
37 41 43 0.0 0.0 4.0 3482.0 42262.0 470.0 30791.0
37 41 44 0.0 0.0 0.0 1663.0 19437.0 300.0 1648.0
37 41 45 0.0 0.0 0.0 88.0 877.0 12.0 0.0
37 41 46 0.0 0.0 0.0 0.0 1.0 0.0 0.0
37 42 35 0.0 0.0 0.0 29.0 534.0 12.0 2.0
37 42 36 0.0 0.0 0.0 982.0 13175.0 221.0 684.0
37 42 37 0.0 0.0 0.0 3540.0 41503.0 504.0 19876.0
37 42 38 0.0 1.0 3.0 3373.0 38630.0 415.0 47851.0
37 42 39 0.0 2.0 0.0 2709.0 32053.0 262.0 65320.0
37 42 40 0.0 0.0 1.0 2733.0 30473.0 288.0 68847.0
37 42 41 0.0 0.0 1.0 2379.0 33199.0 301.0 63996.0
37 42 42 0.0 1.0 0.0 2937.0 39688.0 420.0 46046.0
37 42 43 0.0 0.0 0.0 4025.0 40373.0 495.0 18685.0
37 42 44 0.0 0.0 0.0 840.0 12046.0 216.0 513.0
37 42 45 0.0 0.0 0.0 40.0 357.0 6.0 0.0
37 43 35 0.0 0.0 0.0 10.0 171.0 1.0 0.0
37 43 36 0.0 0.0 0.0 422.0 6156.0 111.0 135.0
37 43 37 0.0 0.0 0.0 2564.0 28523.0 415.0 4896.0
37 43 38 0.0 0.0 3.0 3113.0 41212.0 480.0 16996.0
37 43 39 0.0 0.0 1.0 3716.0 41786.0 450.0 32956.0
37 43 40 0.0 0.0 0.0 3590.0 41677.0 454.0 35625.0
37 43 41 0.0 0.0 2.0 3665.0 42320.0 515.0 30470.0
37 43 42 0.0 4.0 0.0 3183.0 41112.0 507.0 18828.0
37 43 43 0.0 0.0 0.0 1779.0 28138.0 436.0 4038.0
37 43 44 0.0 0.0 0.0 416.0 4953.0 92.0 66.0
37 43 45 0.0 0.0 0.0 7.0 118.0 2.0 0.0
37 44 35 0.0 0.0 0.0 0.0 24.0 0.0 0.0
37 44 36 0.0 0.0 0.0 76.0 845.0 20.0 4.0
37 44 37 0.0 0.0 1.0 371.0 4668.0 80.0 67.0
37 44 38 0.0 0.0 0.0 884.0 12654.0 217.0 585.0
37 44 39 0.0 0.0 0.0 1263.0 19177.0 317.0 1465.0
37 44 40 0.0 0.0 0.0 1803.0 21453.0 356.0 2040.0
37 44 41 0.0 0.0 0.0 1599.0 18596.0 279.0 1454.0
37 44 42 0.0 2.0 0.0 1132.0 13205.0 198.0 674.0
37 44 43 0.0 1.0 0.0 381.0 5151.0 90.0 71.0
37 44 44 0.0 0.0 0.0 49.0 730.0 11.0 2.0
37 44 45 0.0 0.0 0.0 1.0 18.0 0.0 0.0
37 45 36 0.0 0.0 0.0 1.0 18.0 0.0 0.0
37 45 37 0.0 0.0 0.0 10.0 133.0 4.0 0.0
37 45 38 0.0 0.0 0.0 18.0 470.0 3.0 1.0
37 45 39 0.0 0.0 0.0 96.0 904.0 13.0 2.0
37 45 40 0.0 0.0 0.0 79.0 1089.0 17.0 4.0
37 45 41 0.0 0.0 0.0 98.0 818.0 17.0 1.0
37 45 42 0.0 0.0 0.0 28.0 408.0 11.0 1.0
37 45 43 0.0 0.0 0.0 9.0 121.0 1.0 0.0
37 45 44 0.0 0.0 0.0 2.0 16.0 0.0 0.0
37 46 39 0.0 0.0 0.0 0.0 1.0 0.0 0.0
38 34 37 0.0 0.0 0.0 0.0 2.0 0.0 0.0
38 34 38 0.0 0.0 0.0 4.0 2.0 0.0 0.0
38 34 39 0.0 0.0 0.0 1.0 12.0 1.0 0.0
38 34 40 0.0 0.0 0.0 1.0 3.0 0.0 0.0
38 34 41 0.0 0.0 0.0 1.0 10.0 0.0 0.0
38 34 42 0.0 0.0 0.0 0.0 3.0 0.0 0.0
38 34 43 0.0 0.0 0.0 1.0 0.0 0.0 0.0
38 35 35 0.0 0.0 0.0 0.0 1.0 0.0 0.0
38 35 36 0.0 0.0 0.0 6.0 66.0 4.0 0.0
38 35 37 0.0 0.0 0.0 30.0 374.0 10.0 0.0
38 35 38 0.0 0.0 0.0 81.0 1353.0 29.0 3.0
38 35 39 0.0 0.0 0.0 181.0 2410.0 39.0 11.0
38 35 40 0.0 0.0 0.0 228.0 2951.0 54.0 21.0
38 35 41 0.0 0.0 0.0 193.0 2537.0 39.0 15.0
38 35 42 0.0 0.0 0.0 147.0 1387.0 24.0 7.0
38 35 43 0.0 0.0 0.0 39.0 455.0 8.0 0.0
38 35 44 0.0 0.0 0.0 7.0 93.0 2.0 0.0
38 35 45 0.0 0.0 0.0 0.0 2.0 0.0 0.0
38 36 35 0.0 0.0 0.0 0.0 53.0 0.0 0.0
38 36 36 0.0 0.0 0.0 201.0 2674.0 43.0 23.0
38 36 37 0.0 0.0 0.0 862.0 13281.0 214.0 622.0
38 36 38 0.0 0.0 0.0 1939.0 25930.0 392.0 3244.0
38 36 39 0.0 0.0 0.0 2941.0 33741.0 494.0 7016.0
38 36 40 0.0 0.0 0.0 2701.0 37141.0 481.0 9702.0
38 36 41 0.0 0.0 4.0 2999.0 35179.0 486.0 8342.0
38 36 42 0.0 0.0 0.0 2302.0 26646.0 393.0 3648.0
38 36 43 0.0 0.0 0.0 1011.0 12902.0 214.0 657.0
38 36 44 0.0 0.0 0.0 187.0 3519.0 50.0 28.0
38 36 45 0.0 0.0 0.0 10.0 73.0 1.0 0.0
38 37 35 0.0 0.0 0.0 23.0 468.0 7.0 0.0
38 37 36 0.0 0.0 2.0 1015.0 11782.0 227.0 496.0
38 37 37 0.0 0.0 0.0 3652.0 41117.0 549.0 19016.0
38 37 38 0.0 0.0 0.0 3172.0 38374.0 346.0 47718.0
38 37 39 0.0 0.0 2.0 2798.0 32987.0 308.0 62859.0
38 37 40 0.0 0.0 0.0 2700.0 30403.0 277.0 68807.0
38 37 41 0.0 0.0 1.0 2373.0 32592.0 291.0 64505.0
38 37 42 0.0 0.0 0.0 3044.0 38519.0 411.0 48615.0
38 37 43 0.0 0.0 0.0 3701.0 40901.0 491.0 20226.0
38 37 44 0.0 0.0 0.0 1101.0 12446.0 218.0 553.0
38 37 45 0.0 0.0 0.0 30.0 509.0 8.0 0.0
38 37 46 0.0 0.0 0.0 0.0 1.0 0.0 0.0
38 38 34 0.0 0.0 0.0 0.0 1.0 0.0 0.0
38 38 35 0.0 0.0 0.0 157.0 1322.0 21.0 4.0
38 38 36 0.0 0.0 0.0 2632.0 27106.0 446.0 3818.0
38 38 37 0.0 0.0 4.0 3876.0 37802.0 374.0 48459.0
38 38 38 0.0 1.0 0.0 1569.0 19591.0 162.0 94863.0
38 38 39 0.0 0.0 2.0 1293.0 14648.0 97.0 106499.0
38 38 40 0.0 2.0 0.0 1119.0 13313.0 105.0 111158.0
38 38 41 0.0 0.0 1.0 1365.0 14643.0 114.0 107087.0
38 38 42 0.0 1.0 0.0 1745.0 21059.0 183.0 91619.0
38 38 43 0.0 1.0 2.0 3294.0 38920.0 379.0 47942.0
38 38 44 0.0 1.0 0.0 2437.0 27270.0 420.0 3952.0
38 38 45 0.0 0.0 0.0 114.0 1576.0 28.0 8.0
38 38 46 0.0 0.0 0.0 0.0 7.0 0.0 0.0
38 39 34 0.0 0.0 0.0 1.0 2.0 0.0 0.0
38 39 35 0.0 0.0 1.0 233.0 2858.0 51.0 16.0
38 39 36 0.0 2.0 1.0 3236.0 35991.0 475.0 9147.0
38 39 37 0.0 6.0 2.0 3275.0 31480.0 312.0 65884.0
38 39 38 0.0 1.0 2.0 1343.0 13829.0 95.0 109354.0
38 39 39 0.0 0.0 0.0 980.0 9707.0 58.0 119173.0
38 39 40 0.0 0.0 0.0 822.0 8708.0 66.0 121685.0
38 39 41 0.0 0.0 1.0 968.0 10070.0 59.0 118994.0
38 39 42 0.0 0.0 2.0 1267.0 15063.0 95.0 106127.0
38 39 43 0.0 0.0 1.0 2608.0 32910.0 304.0 64219.0
38 39 44 0.0 1.0 0.0 2665.0 34995.0 518.0 7790.0
38 39 45 0.0 1.0 0.0 156.0 2727.0 43.0 20.0
38 39 46 0.0 0.0 0.0 1.0 10.0 0.0 0.0
38 40 34 0.0 0.0 0.0 0.0 10.0 0.0 0.0
38 40 35 0.0 0.0 0.0 338.0 3471.0 61.0 36.0
38 40 36 0.0 1.0 0.0 3356.0 38374.0 545.0 11763.0
38 40 37 0.0 2.0 0.0 2471.0 29017.0 262.0 72309.0
38 40 38 0.0 2.0 2.0 1091.0 12356.0 94.0 113082.0
38 40 39 0.0 0.0 1.0 754.0 8622.0 60.0 121886.0
38 40 40 0.0 0.0 1.0 702.0 7554.0 55.0 123799.0
38 40 41 0.0 0.0 0.0 776.0 8856.0 58.0 121045.0
38 40 42 0.0 0.0 1.0 1170.0 13326.0 95.0 109803.0
38 40 43 0.0 2.0 1.0 2308.0 30034.0 263.0 70447.0
38 40 44 0.0 13.0 2.0 3305.0 37028.0 498.0 10251.0
38 40 45 0.0 1.0 0.0 246.0 2939.0 62.0 27.0
38 40 46 0.0 0.0 0.0 2.0 3.0 0.0 0.0
38 41 34 0.0 0.0 0.0 0.0 2.0 0.0 0.0
38 41 35 0.0 0.0 0.0 182.0 2832.0 47.0 18.0
38 41 36 0.0 0.0 0.0 2584.0 36683.0 469.0 9362.0
38 41 37 0.0 0.0 1.0 2716.0 31216.0 267.0 67324.0
38 41 38 0.0 1.0 0.0 1149.0 14173.0 119.0 108546.0
38 41 39 0.0 0.0 0.0 808.0 9759.0 69.0 119226.0
38 41 40 0.0 0.0 0.0 829.0 8686.0 57.0 121080.0
38 41 41 0.0 1.0 2.0 872.0 10224.0 67.0 118389.0
38 41 42 0.0 0.0 0.0 1106.0 14724.0 89.0 106966.0
38 41 43 0.0 1.0 0.0 3030.0 33035.0 332.0 62984.0
38 41 44 0.0 0.0 0.0 3464.0 34398.0 487.0 7795.0
38 41 45 0.0 0.0 0.0 220.0 2506.0 40.0 17.0
38 41 46 0.0 0.0 0.0 0.0 10.0 1.0 0.0
38 42 34 0.0 0.0 0.0 0.0 6.0 0.0 0.0
38 42 35 0.0 0.0 0.0 125.0 1624.0 28.0 7.0
38 42 36 0.0 1.0 0.0 2154.0 28239.0 402.0 4101.0
38 42 37 0.0 0.0 1.0 3022.0 38682.0 417.0 48613.0
38 42 38 0.0 1.0 0.0 1563.0 19428.0 153.0 94549.0
38 42 39 0.0 1.0 0.0 1248.0 14550.0 124.0 107321.0
38 42 40 0.0 1.0 1.0 1211.0 13040.0 100.0 110998.0
38 42 41 0.0 0.0 1.0 1295.0 14419.0 90.0 107374.0
38 42 42 0.0 0.0 1.0 1674.0 20452.0 164.0 92551.0
38 42 43 0.0 1.0 0.0 3283.0 38586.0 373.0 47273.0
38 42 44 0.0 2.0 6.0 2083.0 26400.0 401.0 3399.0
38 42 45 0.0 1.0 0.0 133.0 1433.0 24.0 5.0
38 42 46 0.0 0.0 0.0 0.0 7.0 1.0 0.0
38 43 35 0.0 0.0 0.0 28.0 505.0 14.0 1.0
38 43 36 0.0 0.0 0.0 1094.0 12875.0 195.0 632.0
38 43 37 0.0 0.0 1.0 3569.0 41596.0 496.0 19755.0
38 43 38 0.0 3.0 1.0 2894.0 38833.0 398.0 48243.0
38 43 39 0.0 0.0 1.0 2828.0 32902.0 345.0 63363.0
38 43 40 0.0 1.0 1.0 2504.0 30588.0 268.0 68531.0
38 43 41 0.0 4.0 1.0 2635.0 32403.0 310.0 64550.0
38 43 42 0.0 1.0 3.0 2998.0 38741.0 374.0 48057.0
38 43 43 0.0 0.0 0.0 3684.0 40436.0 487.0 17371.0
38 43 44 0.0 0.0 0.0 1129.0 12774.0 226.0 611.0
38 43 45 0.0 0.0 0.0 56.0 317.0 12.0 0.0
38 43 46 0.0 0.0 0.0 0.0 1.0 0.0 0.0
38 44 35 0.0 0.0 0.0 3.0 56.0 1.0 0.0
38 44 36 0.0 0.0 0.0 262.0 2863.0 54.0 24.0
38 44 37 0.0 0.0 0.0 848.0 12150.0 190.0 553.0
38 44 38 0.0 0.0 1.0 2701.0 27357.0 448.0 3886.0
38 44 39 0.0 0.0 1.0 2558.0 34513.0 493.0 7630.0
38 44 40 0.0 0.0 0.0 3040.0 37394.0 496.0 9905.0
38 44 41 0.0 0.0 0.0 2807.0 34696.0 485.0 7883.0
38 44 42 0.0 0.0 0.0 1920.0 26278.0 406.0 3338.0
38 44 43 0.0 0.0 0.0 1298.0 13028.0 217.0 669.0
38 44 44 0.0 0.0 0.0 279.0 2575.0 46.0 30.0
38 44 45 0.0 0.0 0.0 3.0 63.0 1.0 0.0
38 45 36 0.0 0.0 0.0 7.0 68.0 0.0 0.0
38 45 37 0.0 0.0 0.0 21.0 474.0 11.0 0.0
38 45 38 0.0 0.0 0.0 109.0 1412.0 19.0 2.0
38 45 39 0.0 0.0 1.0 205.0 2676.0 50.0 5.0
38 45 40 0.0 0.0 0.0 178.0 2986.0 56.0 18.0
38 45 41 0.0 1.0 0.0 182.0 2576.0 49.0 11.0
38 45 42 0.0 0.0 0.0 118.0 1356.0 34.0 3.0
38 45 43 0.0 0.0 0.0 31.0 445.0 3.0 1.0
38 45 44 0.0 0.0 0.0 2.0 52.0 1.0 0.0
38 46 39 0.0 0.0 0.0 0.0 4.0 0.0 0.0
38 46 40 0.0 0.0 0.0 0.0 5.0 0.0 0.0
38 46 41 0.0 0.0 0.0 0.0 7.0 0.0 0.0
38 46 42 0.0 0.0 0.0 0.0 3.0 0.0 0.0
39 34 38 0.0 0.0 0.0 0.0 7.0 0.0 0.0
39 34 39 0.0 0.0 0.0 0.0 10.0 1.0 0.0
39 34 40 0.0 0.0 0.0 1.0 22.0 1.0 0.0
39 34 41 0.0 0.0 0.0 0.0 13.0 0.0 0.0
39 34 42 0.0 0.0 0.0 0.0 3.0 0.0 0.0
39 34 43 0.0 0.0 0.0 0.0 1.0 0.0 0.0
39 35 35 0.0 0.0 0.0 0.0 1.0 0.0 0.0
39 35 36 0.0 0.0 0.0 5.0 125.0 1.0 0.0
39 35 37 0.0 0.0 0.0 71.0 849.0 16.0 2.0
39 35 38 0.0 0.0 0.0 195.0 2525.0 46.0 11.0
39 35 39 0.0 0.0 0.0 388.0 4525.0 70.0 51.0
39 35 40 0.0 0.0 0.0 541.0 6016.0 110.0 97.0
39 35 41 0.0 0.0 0.0 437.0 4926.0 67.0 59.0
39 35 42 0.0 0.0 0.0 301.0 2784.0 54.0 20.0
39 35 43 0.0 0.0 0.0 83.0 1058.0 15.0 2.0
39 35 44 0.0 0.0 0.0 9.0 177.0 2.0 0.0
39 35 45 0.0 0.0 0.0 3.0 10.0 1.0 0.0
39 36 35 0.0 0.0 0.0 6.0 95.0 0.0 0.0
39 36 36 0.0 0.0 1.0 432.0 4450.0 65.0 71.0
39 36 37 0.0 0.0 1.0 1457.0 18438.0 283.0 1390.0
39 36 38 0.0 1.0 1.0 2777.0 35459.0 475.0 7896.0
39 36 39 0.0 0.0 0.0 3430.0 41617.0 533.0 16305.0
39 36 40 0.0 2.0 0.0 3880.0 42131.0 543.0 18902.0
39 36 41 0.0 0.0 1.0 4077.0 40385.0 490.0 16418.0
39 36 42 0.0 0.0 0.0 3422.0 34587.0 442.0 8439.0
39 36 43 0.0 2.0 0.0 2131.0 21688.0 363.0 2119.0
39 36 44 0.0 0.0 0.0 599.0 5508.0 96.0 107.0
39 36 45 0.0 0.0 0.0 11.0 106.0 2.0 0.0
39 37 34 0.0 0.0 0.0 0.0 2.0 0.0 0.0
39 37 35 0.0 0.0 0.0 93.0 833.0 14.0 4.0
39 37 36 0.0 0.0 0.0 2073.0 18915.0 292.0 1586.0
39 37 37 0.0 0.0 0.0 3864.0 41622.0 465.0 32717.0
39 37 38 0.0 0.0 0.0 2911.0 32561.0 284.0 64176.0
39 37 39 0.0 0.0 1.0 2297.0 24705.0 205.0 81316.0
39 37 40 0.0 0.0 1.0 2029.0 22825.0 193.0 85247.0
39 37 41 0.0 2.0 1.0 2286.0 25263.0 218.0 80423.0
39 37 42 0.0 0.0 1.0 3110.0 31742.0 322.0 65544.0
39 37 43 0.0 0.0 1.0 3227.0 41761.0 428.0 36572.0
39 37 44 0.0 7.0 0.0 1712.0 21037.0 293.0 1887.0
39 37 45 0.0 0.0 0.0 66.0 1036.0 18.0 4.0
39 37 46 0.0 0.0 0.0 0.0 5.0 1.0 0.0
39 38 34 0.0 0.0 0.0 1.0 4.0 0.0 0.0
39 38 35 0.0 0.0 0.0 192.0 2507.0 52.0 24.0
39 38 36 0.0 0.0 0.0 3130.0 34123.0 471.0 7620.0
39 38 37 0.0 3.0 0.0 2620.0 31877.0 303.0 66155.0
39 38 38 0.0 0.0 1.0 1516.0 14567.0 121.0 106783.0
39 38 39 0.0 0.0 0.0 855.0 9791.0 54.0 119261.0
39 38 40 0.0 0.0 2.0 828.0 8887.0 56.0 120685.0
39 38 41 0.0 0.0 1.0 939.0 9879.0 49.0 118953.0
39 38 42 0.0 0.0 1.0 1275.0 14411.0 109.0 108412.0
39 38 43 0.0 0.0 2.0 2822.0 32188.0 276.0 64887.0
39 38 44 0.0 0.0 0.0 2668.0 37095.0 494.0 9501.0
39 38 45 0.0 0.0 0.0 268.0 2802.0 44.0 12.0
39 38 46 0.0 0.0 0.0 0.0 9.0 0.0 0.0
39 39 34 0.0 0.0 0.0 0.0 10.0 0.0 0.0
39 39 35 0.0 0.0 0.0 366.0 4644.0 76.0 46.0
39 39 36 0.0 0.0 7.0 4059.0 40731.0 537.0 16782.0
39 39 37 0.0 0.0 4.0 2440.0 24918.0 201.0 80855.0
39 39 38 0.0 0.0 0.0 891.0 9773.0 66.0 119584.0
39 39 39 0.0 0.0 0.0 435.0 4484.0 32.0 138732.0
39 39 40 0.0 0.0 0.0 328.0 3756.0 29.0 139917.0
39 39 41 0.0 1.0 0.0 424.0 4535.0 23.0 138025.0
39 39 42 0.0 1.0 0.0 867.0 9746.0 64.0 119235.0
39 39 43 0.0 0.0 1.0 2127.0 25141.0 205.0 80791.0
39 39 44 0.0 0.0 0.0 3615.0 41626.0 511.0 17132.0
39 39 45 0.0 0.0 0.0 471.0 5355.0 86.0 65.0
39 39 46 0.0 0.0 0.0 1.0 14.0 1.0 0.0
39 40 34 0.0 0.0 0.0 1.0 3.0 0.0 0.0
39 40 35 0.0 0.0 0.0 468.0 5718.0 97.0 74.0
39 40 36 0.0 4.0 0.0 4023.0 42149.0 505.0 19928.0
39 40 37 0.0 1.0 1.0 1858.0 22215.0 184.0 86346.0
39 40 38 0.0 0.0 1.0 828.0 8585.0 52.0 121787.0
39 40 39 0.0 0.0 0.0 359.0 3621.0 21.0 141252.0
39 40 40 0.0 0.0 0.0 279.0 3026.0 18.0 141558.0
39 40 41 0.0 0.0 0.0 369.0 3797.0 21.0 140632.0
39 40 42 0.0 0.0 0.0 811.0 8564.0 59.0 121849.0
39 40 43 0.0 0.0 0.0 1898.0 22904.0 194.0 85615.0
39 40 44 0.0 1.0 0.0 3193.0 42689.0 501.0 19809.0
39 40 45 0.0 0.0 0.0 392.0 5778.0 100.0 80.0
39 40 46 0.0 0.0 0.0 0.0 15.0 1.0 0.0
39 41 34 0.0 0.0 0.0 0.0 11.0 0.0 0.0
39 41 35 0.0 0.0 0.0 464.0 4814.0 84.0 75.0
39 41 36 0.0 0.0 0.0 3305.0 41192.0 540.0 16634.0
39 41 37 0.0 0.0 1.0 2015.0 24668.0 207.0 81321.0
39 41 38 0.0 0.0 0.0 804.0 9592.0 50.0 119902.0
39 41 39 0.0 0.0 0.0 367.0 4371.0 31.0 139709.0
39 41 40 0.0 0.0 0.0 366.0 3763.0 19.0 139426.0
39 41 41 0.0 0.0 0.0 427.0 4463.0 16.0 138580.0
39 41 42 0.0 2.0 0.0 960.0 10233.0 67.0 118591.0
39 41 43 0.0 4.0 0.0 2362.0 25552.0 206.0 79496.0
39 41 44 0.0 0.0 0.0 3614.0 40716.0 543.0 15153.0
39 41 45 0.0 0.0 0.0 414.0 4645.0 72.0 57.0
39 41 46 0.0 0.0 0.0 1.0 15.0 1.0 0.0
39 42 34 0.0 0.0 0.0 0.0 4.0 0.0 0.0
39 42 35 0.0 0.0 0.0 230.0 3072.0 60.0 15.0
39 42 36 0.0 0.0 0.0 2911.0 35049.0 466.0 8239.0
39 42 37 0.0 0.0 0.0 2575.0 32538.0 301.0 64819.0
39 42 38 0.0 0.0 1.0 1255.0 14235.0 99.0 107464.0
39 42 39 0.0 2.0 2.0 796.0 9769.0 52.0 119094.0
39 42 40 0.0 1.0 1.0 751.0 8652.0 49.0 121924.0
39 42 41 0.0 0.0 2.0 927.0 9617.0 60.0 119285.0
39 42 42 0.0 0.0 3.0 1346.0 14724.0 115.0 106532.0
39 42 43 0.0 1.0 0.0 2770.0 32558.0 297.0 64448.0
39 42 44 0.0 0.0 0.0 4055.0 34173.0 466.0 7805.0
39 42 45 0.0 0.0 0.0 196.0 2441.0 34.0 12.0
39 42 46 0.0 0.0 0.0 0.0 2.0 0.0 0.0
39 43 35 0.0 0.0 0.0 79.0 904.0 13.0 2.0
39 43 36 0.0 0.0 0.0 1608.0 19120.0 292.0 1585.0
39 43 37 0.0 0.0 1.0 4413.0 41175.0 459.0 31523.0
39 43 38 0.0 2.0 0.0 2625.0 32470.0 302.0 64696.0
39 43 39 0.0 1.0 2.0 2082.0 25369.0 209.0 80334.0
39 43 40 0.0 0.0 1.0 1853.0 23343.0 197.0 84396.0
39 43 41 0.0 0.0 2.0 2164.0 25676.0 219.0 79850.0
39 43 42 0.0 0.0 2.0 2906.0 31919.0 304.0 65471.0
39 43 43 0.0 1.0 0.0 3659.0 41053.0 430.0 32646.0
39 43 44 0.0 0.0 1.0 1527.0 18665.0 310.0 1480.0
39 43 45 0.0 0.0 0.0 70.0 766.0 15.0 2.0
39 43 46 0.0 0.0 0.0 0.0 1.0 0.0 0.0
39 44 34 0.0 0.0 0.0 0.0 1.0 0.0 0.0
39 44 35 0.0 0.0 0.0 6.0 116.0 2.0 0.0
39 44 36 0.0 0.0 0.0 336.0 4294.0 64.0 47.0
39 44 37 0.0 0.0 0.0 1648.0 20383.0 299.0 1842.0
39 44 38 0.0 10.0 0.0 2898.0 35325.0 446.0 8046.0
39 44 39 0.0 0.0 0.0 3230.0 41289.0 525.0 15476.0
39 44 40 0.0 0.0 2.0 3333.0 42608.0 506.0 19406.0
39 44 41 0.0 7.0 0.0 3146.0 40815.0 522.0 14452.0
39 44 42 0.0 2.0 0.0 3152.0 34456.0 492.0 7984.0
39 44 43 0.0 0.0 0.0 1536.0 19631.0 274.0 1709.0
39 44 44 0.0 0.0 0.0 396.0 4690.0 68.0 66.0
39 44 45 0.0 0.0 0.0 18.0 140.0 5.0 0.0
39 45 35 0.0 0.0 0.0 0.0 7.0 0.0 0.0
39 45 36 0.0 0.0 0.0 8.0 117.0 1.0 0.0
39 45 37 0.0 0.0 0.0 89.0 806.0 10.0 1.0
39 45 38 0.0 0.0 0.0 276.0 2706.0 49.0 20.0
39 45 39 0.0 0.0 0.0 311.0 4658.0 68.0 45.0
39 45 40 0.0 0.0 0.0 355.0 5567.0 117.0 88.0
39 45 41 0.0 0.0 0.0 352.0 4789.0 76.0 64.0
39 45 42 0.0 0.0 0.0 193.0 2402.0 36.0 13.0
39 45 43 0.0 0.0 0.0 73.0 866.0 17.0 3.0
39 45 44 0.0 0.0 0.0 14.0 102.0 1.0 0.0
39 45 45 0.0 0.0 0.0 0.0 3.0 0.0 0.0
39 46 38 0.0 0.0 0.0 2.0 2.0 0.0 0.0
39 46 39 0.0 0.0 0.0 2.0 15.0 0.0 0.0
39 46 40 0.0 0.0 0.0 1.0 7.0 0.0 0.0
39 46 41 0.0 0.0 0.0 0.0 12.0 0.0 0.0
39 46 42 0.0 0.0 0.0 0.0 2.0 0.0 0.0
40 34 37 0.0 0.0 0.0 0.0 3.0 0.0 0.0
40 34 38 0.0 0.0 0.0 0.0 8.0 1.0 0.0
40 34 39 0.0 0.0 0.0 2.0 14.0 0.0 0.0
40 34 40 0.0 0.0 0.0 0.0 15.0 1.0 0.0
40 34 41 0.0 0.0 0.0 1.0 22.0 0.0 0.0
40 34 42 0.0 0.0 0.0 0.0 15.0 1.0 0.0
40 35 35 0.0 0.0 0.0 0.0 2.0 0.0 0.0
40 35 36 0.0 0.0 0.0 4.0 181.0 2.0 0.0
40 35 37 0.0 0.0 0.0 113.0 1199.0 27.0 1.0
40 35 38 0.0 0.0 0.0 287.0 3299.0 65.0 29.0
40 35 39 0.0 0.0 0.0 419.0 6169.0 94.0 96.0
40 35 40 0.0 0.0 0.0 605.0 6762.0 105.0 128.0
40 35 41 0.0 0.0 0.0 483.0 6280.0 144.0 110.0
40 35 42 0.0 0.0 0.0 328.0 3445.0 55.0 31.0
40 35 43 0.0 0.0 0.0 112.0 1344.0 21.0 5.0
40 35 44 0.0 0.0 0.0 21.0 266.0 8.0 1.0
40 35 45 0.0 0.0 0.0 1.0 11.0 0.0 0.0
40 36 35 0.0 0.0 0.0 15.0 129.0 1.0 0.0
40 36 36 0.0 0.0 0.0 386.0 5960.0 100.0 108.0
40 36 37 0.0 0.0 0.0 1852.0 22010.0 331.0 2194.0
40 36 38 0.0 0.0 3.0 3029.0 38257.0 540.0 10710.0
40 36 39 0.0 0.0 0.0 3657.0 42103.0 521.0 20264.0
40 36 40 0.0 0.0 2.0 3563.0 42647.0 500.0 24059.0
40 36 41 0.0 1.0 0.0 3271.0 43266.0 536.0 21825.0
40 36 42 0.0 2.0 3.0 3625.0 38662.0 487.0 12079.0
40 36 43 0.0 0.0 0.0 2415.0 26193.0 391.0 3521.0
40 36 44 0.0 0.0 0.0 541.0 7739.0 147.0 173.0
40 36 45 0.0 0.0 0.0 21.0 246.0 7.0 0.0
40 37 35 0.0 0.0 0.0 77.0 1096.0 23.0 2.0
40 37 36 0.0 0.0 0.0 1824.0 22422.0 349.0 2242.0
40 37 37 0.0 0.0 0.0 3220.0 41334.0 466.0 37344.0
40 37 38 0.0 0.0 0.0 2531.0 29759.0 243.0 70259.0
40 37 39 0.0 0.0 0.0 2016.0 22837.0 201.0 85119.0
40 37 40 0.0 0.0 1.0 1960.0 20978.0 177.0 89443.0
40 37 41 0.0 0.0 2.0 1961.0 22261.0 176.0 86337.0
40 37 42 0.0 0.0 1.0 2584.0 28968.0 244.0 72680.0
40 37 43 0.0 1.0 4.0 3673.0 39274.0 414.0 42639.0
40 37 44 0.0 0.0 0.0 1892.0 24728.0 373.0 3099.0
40 37 45 0.0 0.0 0.0 70.0 1356.0 25.0 2.0
40 38 34 0.0 0.0 0.0 0.0 5.0 1.0 0.0
40 38 35 0.0 0.0 0.0 308.0 3160.0 45.0 15.0
40 38 36 0.0 0.0 5.0 2983.0 37689.0 470.0 10087.0
40 38 37 0.0 0.0 3.0 3042.0 30355.0 271.0 68916.0
40 38 38 0.0 0.0 2.0 1188.0 13005.0 93.0 111531.0
40 38 39 0.0 0.0 1.0 798.0 8546.0 50.0 122003.0
40 38 40 0.0 0.0 4.0 661.0 7350.0 42.0 124394.0
40 38 41 0.0 1.0 2.0 722.0 8592.0 55.0 121915.0
40 38 42 0.0 2.0 1.0 994.0 12293.0 86.0 113547.0
40 38 43 0.0 0.0 1.0 2519.0 28944.0 265.0 72455.0
40 38 44 0.0 5.0 2.0 2735.0 39514.0 525.0 12345.0
40 38 45 0.0 0.0 0.0 297.0 3656.0 48.0 24.0
40 38 46 0.0 0.0 0.0 1.0 7.0 0.0 0.0
40 39 34 0.0 0.0 0.0 0.0 9.0 0.0 0.0
40 39 35 0.0 0.0 0.0 463.0 5698.0 87.0 90.0
40 39 36 0.0 0.0 1.0 3463.0 42155.0 467.0 19263.0
40 39 37 0.0 0.0 2.0 1951.0 22975.0 176.0 84951.0
40 39 38 0.0 0.0 0.0 785.0 8493.0 52.0 122167.0
40 39 39 0.0 0.0 0.0 366.0 3737.0 20.0 139574.0
40 39 40 0.0 0.0 0.0 279.0 3096.0 21.0 140896.0
40 39 41 0.0 0.0 0.0 320.0 3631.0 18.0 140656.0
40 39 42 0.0 1.0 0.0 722.0 8414.0 52.0 122261.0
40 39 43 0.0 2.0 1.0 1869.0 22180.0 167.0 87531.0
40 39 44 0.0 0.0 1.0 3502.0 43289.0 492.0 22274.0
40 39 45 0.0 0.0 0.0 474.0 6449.0 104.0 118.0
40 39 46 0.0 0.0 0.0 0.0 13.0 1.0 0.0
40 40 34 0.0 0.0 0.0 1.0 27.0 1.0 0.0
40 40 35 0.0 0.0 0.0 537.0 6708.0 106.0 138.0
40 40 36 0.0 0.0 7.0 3524.0 43045.0 458.0 23749.0
40 40 37 0.0 0.0 2.0 1872.0 21201.0 187.0 89189.0
40 40 38 0.0 0.0 0.0 647.0 7527.0 45.0 124692.0
40 40 39 0.0 0.0 0.0 308.0 3070.0 19.0 140528.0
40 40 40 0.0 0.0 0.0 139.0 1729.0 6.0 156214.0
40 40 41 0.0 0.0 1.0 273.0 2927.0 14.0 141323.0
40 40 42 0.0 0.0 2.0 654.0 7504.0 50.0 123733.0
40 40 43 0.0 9.0 0.0 1805.0 20665.0 156.0 89556.0
40 40 44 0.0 1.0 0.0 3309.0 43468.0 518.0 24749.0
40 40 45 0.0 0.0 3.0 631.0 7158.0 115.0 129.0
40 40 46 0.0 0.0 0.0 5.0 30.0 0.0 0.0
40 41 34 0.0 0.0 0.0 1.0 14.0 0.0 0.0
40 41 35 0.0 0.0 0.0 460.0 5733.0 128.0 83.0
40 41 36 0.0 0.0 3.0 3701.0 42082.0 546.0 19499.0
40 41 37 0.0 0.0 0.0 2193.0 22475.0 201.0 85768.0
40 41 38 0.0 0.0 1.0 735.0 8493.0 53.0 122333.0
40 41 39 0.0 0.0 0.0 317.0 3712.0 15.0 140575.0
40 41 40 0.0 0.0 0.0 257.0 3003.0 14.0 141352.0
40 41 41 0.0 -1.0 0.0 383.0 3797.0 15.0 139879.0
40 41 42 0.0 0.0 0.0 829.0 8545.0 63.0 121102.0
40 41 43 0.0 0.0 0.0 2060.0 22999.0 170.0 84813.0
40 41 44 0.0 0.0 0.0 3518.0 42322.0 520.0 19593.0
40 41 45 0.0 5.0 0.0 390.0 5932.0 104.0 104.0
40 41 46 0.0 0.0 0.0 0.0 14.0 0.0 0.0
40 42 34 0.0 0.0 0.0 0.0 7.0 0.0 0.0
40 42 35 0.0 0.0 0.0 271.0 3347.0 64.0 30.0
40 42 36 0.0 0.0 0.0 2950.0 37855.0 491.0 10434.0
40 42 37 0.0 0.0 1.0 2751.0 30719.0 300.0 69123.0
40 42 38 0.0 0.0 0.0 1194.0 13239.0 93.0 109822.0
40 42 39 0.0 0.0 1.0 735.0 8673.0 54.0 121937.0
40 42 40 0.0 0.0 2.0 638.0 7589.0 47.0 123851.0
40 42 41 0.0 0.0 0.0 802.0 8662.0 55.0 121691.0
40 42 42 0.0 0.0 0.0 1288.0 12716.0 89.0 111353.0
40 42 43 0.0 1.0 0.0 2830.0 30612.0 273.0 68280.0
40 42 44 0.0 1.0 0.0 3103.0 36597.0 493.0 9411.0
40 42 45 0.0 0.0 0.0 218.0 2931.0 36.0 27.0
40 42 46 0.0 0.0 0.0 0.0 4.0 0.0 0.0
40 43 34 0.0 0.0 0.0 0.0 2.0 0.0 0.0
40 43 35 0.0 0.0 0.0 90.0 988.0 24.0 1.0
40 43 36 0.0 0.0 0.0 2048.0 21866.0 332.0 2204.0
40 43 37 0.0 0.0 2.0 3647.0 40637.0 449.0 37963.0
40 43 38 0.0 0.0 5.0 2588.0 30542.0 265.0 68389.0
40 43 39 0.0 0.0 0.0 2009.0 23284.0 201.0 84559.0
40 43 40 0.0 0.0 1.0 1794.0 21373.0 183.0 88497.0
40 43 41 0.0 0.0 2.0 1986.0 22991.0 165.0 85029.0
40 43 42 0.0 1.0 2.0 2773.0 29979.0 279.0 69542.0
40 43 43 0.0 0.0 0.0 3549.0 41496.0 453.0 36111.0
40 43 44 0.0 0.0 0.0 2007.0 21756.0 372.0 2123.0
40 43 45 0.0 0.0 0.0 69.0 1072.0 20.0 2.0
40 43 46 0.0 0.0 0.0 0.0 2.0 0.0 0.0
40 44 35 0.0 0.0 0.0 6.0 131.0 2.0 0.0
40 44 36 0.0 0.0 0.0 630.0 5237.0 87.0 107.0
40 44 37 0.0 0.0 0.0 1827.0 21745.0 336.0 2151.0
40 44 38 0.0 0.0 0.0 2858.0 37357.0 480.0 9757.0
40 44 39 0.0 0.0 2.0 3412.0 42467.0 521.0 19537.0
40 44 40 0.0 0.0 0.0 3459.0 42872.0 514.0 23352.0
40 44 41 0.0 1.0 1.0 3361.0 42638.0 532.0 18798.0
40 44 42 0.0 1.0 0.0 3381.0 36447.0 477.0 9922.0
40 44 43 0.0 0.0 0.0 2230.0 21422.0 347.0 2117.0
40 44 44 0.0 0.0 0.0 476.0 5516.0 95.0 102.0
40 44 45 0.0 0.0 0.0 10.0 115.0 1.0 0.0
40 45 35 0.0 0.0 0.0 0.0 5.0 0.0 0.0
40 45 36 0.0 0.0 0.0 23.0 157.0 4.0 0.0
40 45 37 0.0 0.0 0.0 93.0 1010.0 19.0 5.0
40 45 38 0.0 0.0 0.0 232.0 3192.0 56.0 37.0
40 45 39 0.0 0.0 0.0 365.0 5615.0 96.0 67.0
40 45 40 0.0 0.0 1.0 554.0 6381.0 101.0 108.0
40 45 41 0.0 0.0 0.0 414.0 5229.0 86.0 60.0
40 45 42 0.0 0.0 0.0 194.0 3126.0 52.0 14.0
40 45 43 0.0 0.0 0.0 59.0 953.0 13.0 1.0
40 45 44 0.0 0.0 0.0 21.0 171.0 2.0 0.0
40 45 45 0.0 0.0 0.0 0.0 14.0 0.0 0.0
40 46 38 0.0 0.0 0.0 0.0 3.0 0.0 0.0
40 46 39 0.0 0.0 0.0 1.0 17.0 0.0 0.0
40 46 40 0.0 0.0 0.0 0.0 40.0 0.0 0.0
40 46 41 0.0 0.0 0.0 0.0 9.0 0.0 0.0
41 34 37 0.0 0.0 0.0 0.0 5.0 0.0 0.0
41 34 38 0.0 0.0 0.0 0.0 5.0 0.0 0.0
41 34 39 0.0 0.0 0.0 1.0 13.0 0.0 0.0
41 34 40 0.0 0.0 0.0 0.0 15.0 0.0 0.0
41 34 41 0.0 0.0 0.0 2.0 14.0 1.0 0.0
41 34 42 0.0 0.0 0.0 1.0 4.0 0.0 0.0
41 34 43 0.0 0.0 0.0 0.0 1.0 0.0 0.0
41 35 35 0.0 0.0 0.0 1.0 6.0 0.0 0.0
41 35 36 0.0 0.0 0.0 10.0 122.0 0.0 0.0
41 35 37 0.0 0.0 0.0 82.0 784.0 14.0 0.0
41 35 38 0.0 0.0 0.0 271.0 2691.0 48.0 20.0
41 35 39 0.0 0.0 0.0 392.0 5246.0 75.0 75.0
41 35 40 0.0 0.0 1.0 489.0 6474.0 119.0 105.0
41 35 41 0.0 0.0 0.0 491.0 5593.0 85.0 89.0
41 35 42 0.0 0.0 0.0 271.0 3108.0 57.0 26.0
41 35 43 0.0 0.0 0.0 100.0 1203.0 20.0 0.0
41 35 44 0.0 0.0 0.0 39.0 228.0 2.0 0.0
41 35 45 0.0 0.0 0.0 1.0 14.0 0.0 0.0
41 36 35 0.0 0.0 0.0 15.0 131.0 3.0 0.0
41 36 36 0.0 0.0 0.0 403.0 4961.0 85.0 77.0
41 36 37 0.0 0.0 0.0 1622.0 19869.0 306.0 1727.0
41 36 38 0.0 0.0 1.0 3500.0 35675.0 515.0 9001.0
41 36 39 0.0 1.0 0.0 3265.0 42059.0 529.0 17705.0
41 36 40 0.0 2.0 3.0 3317.0 42918.0 520.0 21460.0
41 36 41 0.0 0.0 1.0 3500.0 42068.0 530.0 18603.0
41 36 42 0.0 0.0 0.0 3264.0 37479.0 476.0 10322.0
41 36 43 0.0 0.0 1.0 1822.0 23973.0 399.0 2709.0
41 36 44 0.0 0.0 0.0 571.0 6895.0 125.0 166.0
41 36 45 0.0 0.0 0.0 14.0 164.0 3.0 0.0
41 37 35 0.0 0.0 0.0 50.0 852.0 22.0 1.0
41 37 36 0.0 0.0 9.0 1948.0 19057.0 297.0 1612.0
41 37 37 0.0 0.0 0.0 3723.0 41463.0 459.0 32733.0
41 37 38 0.0 0.0 1.0 2944.0 32074.0 295.0 64860.0
41 37 39 0.0 1.0 1.0 2197.0 24334.0 204.0 81943.0
41 37 40 0.0 1.0 1.0 1851.0 21921.0 172.0 87537.0
41 37 41 0.0 5.0 0.0 2018.0 23185.0 201.0 84344.0
41 37 42 0.0 1.0 3.0 2409.0 30087.0 232.0 70510.0
41 37 43 0.0 4.0 3.0 2452.0 40159.0 408.0 43021.0
41 37 44 0.0 1.0 0.0 1702.0 24505.0 364.0 2878.0
41 37 45 0.0 0.0 0.0 123.0 1224.0 22.0 3.0
41 37 46 0.0 0.0 0.0 1.0 3.0 0.0 0.0
41 38 34 0.0 0.0 0.0 1.0 8.0 1.0 0.0
41 38 35 0.0 0.0 0.0 241.0 2552.0 47.0 21.0
41 38 36 0.0 0.0 1.0 3321.0 35016.0 483.0 8201.0
41 38 37 0.0 0.0 0.0 3158.0 32557.0 312.0 63747.0
41 38 38 0.0 0.0 1.0 1285.0 14577.0 125.0 107045.0
41 38 39 0.0 1.0 0.0 962.0 9874.0 62.0 119116.0
41 38 40 0.0 0.0 0.0 737.0 8218.0 56.0 123346.0
41 38 41 0.0 0.0 0.0 722.0 8869.0 66.0 121625.0
41 38 42 0.0 2.0 0.0 943.0 12966.0 78.0 112660.0
41 38 43 0.0 0.0 3.0 2274.0 29691.0 258.0 71784.0
41 38 44 0.0 7.0 1.0 2984.0 38264.0 529.0 10812.0
41 38 45 0.0 1.0 0.0 234.0 3696.0 67.0 38.0
41 38 46 0.0 0.0 0.0 0.0 17.0 1.0 0.0
41 39 34 0.0 0.0 0.0 0.0 5.0 0.0 0.0
41 39 35 0.0 0.0 0.0 356.0 4592.0 79.0 56.0
41 39 36 0.0 0.0 0.0 3283.0 41478.0 509.0 16109.0
41 39 37 0.0 0.0 0.0 2241.0 24911.0 227.0 80682.0
41 39 38 0.0 0.0 3.0 855.0 9821.0 61.0 118645.0
41 39 39 0.0 0.0 0.0 385.0 4404.0 21.0 139488.0
41 39 40 0.0 0.0 0.0 322.0 3681.0 24.0 141296.0
41 39 41 0.0 0.0 0.0 304.0 3967.0 23.0 142051.0
41 39 42 0.0 2.0 1.0 741.0 9146.0 66.0 121421.0
41 39 43 0.0 0.0 4.0 1765.0 23073.0 196.0 85091.0
41 39 44 0.0 12.0 2.0 3498.0 42593.0 493.0 20106.0
41 39 45 0.0 0.0 0.0 432.0 5995.0 91.0 89.0
41 39 46 0.0 0.0 0.0 0.0 18.0 0.0 0.0
41 40 34 0.0 0.0 0.0 2.0 11.0 0.0 0.0
41 40 35 0.0 0.0 0.0 385.0 5811.0 104.0 82.0
41 40 36 0.0 2.0 0.0 3099.0 43061.0 515.0 19887.0
41 40 37 0.0 1.0 2.0 1801.0 22704.0 192.0 85655.0
41 40 38 0.0 1.0 0.0 734.0 8755.0 56.0 121947.0
41 40 39 0.0 0.0 1.0 289.0 3707.0 27.0 141250.0
41 40 40 0.0 1.0 0.0 287.0 2863.0 13.0 141931.0
41 40 41 0.0 0.0 0.0 301.0 3643.0 12.0 140162.0
41 40 42 0.0 0.0 1.0 710.0 8325.0 59.0 123120.0
41 40 43 0.0 2.0 2.0 1943.0 22107.0 176.0 87621.0
41 40 44 0.0 2.0 0.0 3534.0 43006.0 511.0 22162.0
41 40 45 0.0 0.0 0.0 463.0 6421.0 114.0 100.0
41 40 46 0.0 0.0 0.0 1.0 11.0 0.0 0.0
41 41 34 0.0 0.0 0.0 0.0 4.0 0.0 0.0
41 41 35 0.0 0.0 0.0 375.0 4726.0 89.0 60.0
41 41 36 0.0 0.0 0.0 3103.0 41664.0 532.0 17155.0
41 41 37 0.0 0.0 3.0 2240.0 25413.0 202.0 80650.0
41 41 38 0.0 0.0 1.0 781.0 9534.0 63.0 119758.0
41 41 39 0.0 0.0 0.0 385.0 4421.0 25.0 138726.0
41 41 40 0.0 0.0 0.0 301.0 3580.0 29.0 140633.0
41 41 41 0.0 0.0 0.0 393.0 4499.0 24.0 139330.0
41 41 42 0.0 0.0 0.0 794.0 9484.0 63.0 119215.0
41 41 43 0.0 0.0 0.0 2001.0 24367.0 199.0 82216.0
41 41 44 0.0 5.0 0.0 3482.0 41495.0 541.0 16978.0
41 41 45 0.0 0.0 0.0 422.0 5101.0 91.0 70.0
41 41 46 0.0 0.0 0.0 1.0 12.0 0.0 0.0
41 42 34 0.0 0.0 0.0 0.0 5.0 0.0 0.0
41 42 35 0.0 0.0 0.0 173.0 2639.0 53.0 16.0
41 42 36 0.0 0.0 0.0 3142.0 35593.0 496.0 8399.0
41 42 37 0.0 0.0 0.0 2922.0 31746.0 309.0 65730.0
41 42 38 0.0 0.0 0.0 1364.0 14368.0 116.0 107789.0
41 42 39 0.0 2.0 0.0 805.0 9892.0 57.0 119046.0
41 42 40 0.0 0.0 2.0 678.0 8759.0 67.0 121787.0
41 42 41 0.0 0.0 0.0 885.0 9747.0 57.0 118827.0
41 42 42 0.0 1.0 1.0 1313.0 14331.0 97.0 108208.0
41 42 43 0.0 0.0 1.0 3282.0 31995.0 269.0 64481.0
41 42 44 0.0 1.0 0.0 3233.0 34549.0 500.0 7805.0
41 42 45 0.0 0.0 0.0 169.0 2532.0 41.0 19.0
41 42 46 0.0 0.0 0.0 0.0 5.0 0.0 0.0
41 43 35 0.0 0.0 0.0 74.0 924.0 16.0 3.0
41 43 36 0.0 0.0 0.0 1935.0 19267.0 328.0 1681.0
41 43 37 0.0 0.0 0.0 4074.0 41569.0 472.0 33185.0
41 43 38 0.0 0.0 0.0 2771.0 31696.0 277.0 65519.0
41 43 39 0.0 1.0 0.0 1908.0 25428.0 203.0 80473.0
41 43 40 0.0 0.0 0.0 1837.0 23083.0 213.0 84477.0
41 43 41 0.0 0.0 2.0 2199.0 25056.0 228.0 80660.0
41 43 42 0.0 2.0 0.0 3170.0 31418.0 306.0 66265.0
41 43 43 0.0 1.0 0.0 4422.0 41039.0 517.0 33182.0
41 43 44 0.0 0.0 0.0 1928.0 19069.0 306.0 1579.0
41 43 45 0.0 0.0 0.0 83.0 766.0 15.0 0.0
41 43 46 0.0 0.0 0.0 0.0 3.0 0.0 0.0
41 44 35 0.0 0.0 0.0 8.0 100.0 2.0 0.0
41 44 36 0.0 0.0 0.0 416.0 5142.0 105.0 56.0
41 44 37 0.0 0.0 0.0 1834.0 19407.0 305.0 1709.0
41 44 38 0.0 0.0 2.0 2482.0 35374.0 483.0 7966.0
41 44 39 0.0 0.0 0.0 3441.0 40806.0 516.0 15649.0
41 44 40 0.0 0.0 0.0 3195.0 42860.0 527.0 19675.0
41 44 41 0.0 0.0 1.0 3546.0 41288.0 535.0 16097.0
41 44 42 0.0 5.0 0.0 2647.0 34845.0 478.0 7558.0
41 44 43 0.0 0.0 0.0 1577.0 20114.0 298.0 1691.0
41 44 44 0.0 0.0 0.0 486.0 4535.0 75.0 50.0
41 44 45 0.0 0.0 0.0 11.0 115.0 3.0 0.0
41 44 46 0.0 0.0 0.0 0.0 1.0 0.0 0.0
41 45 35 0.0 0.0 0.0 0.0 1.0 0.0 0.0
41 45 36 0.0 0.0 0.0 17.0 133.0 1.0 0.0
41 45 37 0.0 0.0 0.0 67.0 827.0 12.0 2.0
41 45 38 0.0 0.0 0.0 153.0 2485.0 36.0 10.0
41 45 39 0.0 0.0 0.0 236.0 4537.0 66.0 45.0
41 45 40 0.0 0.0 0.0 472.0 5338.0 86.0 56.0
41 45 41 0.0 0.0 0.0 339.0 4585.0 80.0 56.0
41 45 42 0.0 0.0 5.0 309.0 2482.0 46.0 17.0
41 45 43 0.0 0.0 0.0 83.0 767.0 14.0 3.0
41 45 44 0.0 0.0 0.0 17.0 139.0 0.0 0.0
41 45 45 0.0 0.0 0.0 0.0 5.0 0.0 0.0
41 46 37 0.0 0.0 0.0 0.0 2.0 0.0 0.0
41 46 38 0.0 0.0 0.0 0.0 2.0 0.0 0.0
41 46 39 0.0 0.0 0.0 2.0 14.0 1.0 0.0
41 46 40 0.0 0.0 0.0 2.0 20.0 0.0 0.0
41 46 41 0.0 0.0 0.0 0.0 20.0 1.0 0.0
41 46 42 0.0 0.0 0.0 1.0 1.0 0.0 0.0
41 46 43 0.0 0.0 0.0 0.0 2.0 0.0 0.0
42 34 37 0.0 0.0 0.0 0.0 4.0 0.0 0.0
42 34 38 0.0 0.0 0.0 0.0 1.0 0.0 0.0
42 34 39 0.0 0.0 0.0 0.0 5.0 0.0 0.0
42 34 40 0.0 0.0 0.0 3.0 9.0 1.0 0.0
42 34 41 0.0 0.0 0.0 0.0 5.0 0.0 0.0
42 34 42 0.0 0.0 0.0 0.0 4.0 0.0 0.0
42 34 43 0.0 0.0 0.0 0.0 1.0 0.0 0.0
42 35 36 0.0 0.0 0.0 10.0 56.0 4.0 0.0
42 35 37 0.0 0.0 0.0 43.0 433.0 13.0 0.0
42 35 38 0.0 0.0 0.0 154.0 1639.0 21.0 7.0
42 35 39 0.0 0.0 0.0 269.0 2850.0 54.0 16.0
42 35 40 0.0 0.0 0.0 293.0 3983.0 57.0 39.0
42 35 41 0.0 0.0 0.0 242.0 3364.0 60.0 36.0
42 35 42 0.0 0.0 0.0 160.0 2000.0 40.0 7.0
42 35 43 0.0 0.0 0.0 82.0 688.0 12.0 1.0
42 35 44 0.0 0.0 0.0 11.0 134.0 3.0 0.0
42 35 45 0.0 0.0 0.0 0.0 1.0 0.0 0.0
42 36 35 0.0 0.0 0.0 6.0 101.0 3.0 0.0
42 36 36 0.0 0.0 0.0 201.0 2772.0 53.0 20.0
42 36 37 0.0 0.0 0.0 1458.0 12498.0 203.0 612.0
42 36 38 0.0 0.0 0.0 2616.0 26195.0 359.0 3462.0
42 36 39 0.0 0.0 0.0 2955.0 36761.0 478.0 9420.0
42 36 40 0.0 0.0 1.0 3308.0 39686.0 484.0 12596.0
42 36 41 0.0 0.0 2.0 3036.0 38028.0 501.0 10846.0
42 36 42 0.0 0.0 0.0 2602.0 31610.0 473.0 5930.0
42 36 43 0.0 0.0 0.0 1662.0 16521.0 294.0 1134.0
42 36 44 0.0 1.0 0.0 272.0 5151.0 102.0 73.0
42 36 45 0.0 0.0 0.0 3.0 110.0 0.0 0.0
42 37 35 0.0 0.0 0.0 22.0 453.0 9.0 0.0
42 37 36 0.0 0.0 0.0 1760.0 12706.0 226.0 704.0
42 37 37 0.0 0.0 0.0 3567.0 41777.0 562.0 20432.0
42 37 38 0.0 1.0 3.0 3467.0 37751.0 370.0 49707.0
42 37 39 0.0 0.0 4.0 2685.0 30739.0 256.0 67935.0
42 37 40 0.0 0.0 3.0 2393.0 28228.0 229.0 73877.0
42 37 41 0.0 1.0 1.0 2340.0 29320.0 240.0 72174.0
42 37 42 0.0 2.0 4.0 2462.0 35977.0 347.0 57448.0
42 37 43 0.0 1.0 4.0 2549.0 42656.0 480.0 28735.0
42 37 44 0.0 1.0 0.0 1471.0 17577.0 299.0 1253.0
42 37 45 0.0 0.0 0.0 59.0 715.0 16.0 0.0
42 38 35 0.0 0.0 0.0 124.0 1368.0 26.0 3.0
42 38 36 0.0 0.0 6.0 2028.0 27778.0 427.0 3992.0
42 38 37 0.0 0.0 4.0 3228.0 38415.0 414.0 48959.0
42 38 38 0.0 0.0 0.0 1489.0 18192.0 135.0 97961.0
42 38 39 0.0 0.0 0.0 1197.0 13674.0 106.0 110117.0
42 38 40 0.0 1.0 0.0 1003.0 11709.0 63.0 114995.0
42 38 41 0.0 0.0 3.0 1028.0 12500.0 80.0 113126.0
42 38 42 0.0 1.0 0.0 1113.0 16496.0 138.0 102881.0
42 38 43 0.0 0.0 0.0 2284.0 35137.0 334.0 59099.0
42 38 44 0.0 0.0 0.0 2103.0 32148.0 458.0 5735.0
42 38 45 0.0 0.0 0.0 177.0 2046.0 34.0 8.0
42 38 46 0.0 0.0 0.0 0.0 3.0 0.0 0.0
42 39 34 0.0 0.0 0.0 0.0 3.0 0.0 0.0
42 39 35 0.0 0.0 1.0 256.0 2551.0 50.0 15.0
42 39 36 0.0 0.0 0.0 2743.0 36024.0 486.0 8635.0
42 39 37 0.0 1.0 0.0 2619.0 31741.0 303.0 65690.0
42 39 38 0.0 0.0 1.0 1160.0 13794.0 77.0 109743.0
42 39 39 0.0 0.0 0.0 848.0 9475.0 73.0 119883.0
42 39 40 0.0 1.0 0.0 733.0 8007.0 48.0 123495.0
42 39 41 0.0 1.0 1.0 684.0 8979.0 52.0 121304.0
42 39 42 0.0 1.0 2.0 935.0 12825.0 85.0 112840.0
42 39 43 0.0 0.0 0.0 2138.0 30367.0 260.0 71403.0
42 39 44 0.0 0.0 0.0 2640.0 38836.0 546.0 11024.0
42 39 45 0.0 1.0 0.0 247.0 3476.0 68.0 25.0
42 39 46 0.0 0.0 0.0 0.0 6.0 0.0 0.0
42 40 34 0.0 0.0 0.0 3.0 16.0 1.0 0.0
42 40 35 0.0 0.0 0.0 203.0 3369.0 75.0 27.0
42 40 36 0.0 0.0 0.0 3264.0 37405.0 466.0 10587.0
42 40 37 0.0 0.0 0.0 2169.0 30574.0 276.0 70272.0
42 40 38 0.0 1.0 0.0 960.0 13108.0 64.0 111641.0
42 40 39 0.0 0.0 1.0 690.0 8460.0 45.0 122990.0
42 40 40 0.0 0.0 2.0 605.0 7461.0 61.0 124425.0
42 40 41 0.0 0.0 1.0 644.0 8330.0 63.0 123194.0
42 40 42 0.0 0.0 0.0 901.0 11948.0 73.0 114053.0
42 40 43 0.0 1.0 0.0 2503.0 28281.0 252.0 73975.0
42 40 44 0.0 2.0 1.0 2919.0 39475.0 495.0 12920.0
42 40 45 0.0 0.0 0.0 315.0 3887.0 64.0 46.0
42 40 46 0.0 0.0 0.0 0.0 6.0 0.0 0.0
42 41 34 0.0 0.0 0.0 1.0 3.0 0.0 0.0
42 41 35 0.0 0.0 0.0 241.0 2837.0 56.0 18.0
42 41 36 0.0 0.0 0.0 2667.0 35504.0 470.0 8417.0
42 41 37 0.0 0.0 2.0 2581.0 32466.0 316.0 64915.0
42 41 38 0.0 0.0 2.0 1052.0 14423.0 105.0 108017.0
42 41 39 0.0 0.0 0.0 762.0 9965.0 67.0 118751.0
42 41 40 0.0 1.0 1.0 669.0 8670.0 58.0 122560.0
42 41 41 0.0 0.0 0.0 807.0 9683.0 55.0 120300.0
42 41 42 0.0 0.0 0.0 1078.0 14052.0 99.0 108885.0
42 41 43 0.0 5.0 0.0 2355.0 30967.0 276.0 68403.0
42 41 44 0.0 1.0 0.0 2898.0 36227.0 501.0 8932.0
42 41 45 0.0 0.0 0.0 274.0 2848.0 45.0 23.0
42 41 46 0.0 0.0 0.0 0.0 4.0 0.0 0.0
42 42 34 0.0 0.0 0.0 0.0 3.0 0.0 0.0
42 42 35 0.0 0.0 0.0 92.0 1366.0 22.0 3.0
42 42 36 0.0 0.0 0.0 2089.0 27350.0 386.0 3850.0
42 42 37 0.0 0.0 2.0 3339.0 38012.0 371.0 49113.0
42 42 38 0.0 0.0 1.0 1819.0 20157.0 163.0 93141.0
42 42 39 0.0 4.0 2.0 1134.0 14452.0 118.0 108018.0
42 42 40 0.0 0.0 0.0 955.0 12823.0 81.0 111731.0
42 42 41 0.0 2.0 0.0 1278.0 13805.0 99.0 108508.0
42 42 42 0.0 0.0 0.0 1642.0 19502.0 138.0 94643.0
42 42 43 0.0 1.0 0.0 3107.0 38457.0 361.0 48385.0
42 42 44 0.0 4.0 1.0 2066.0 26957.0 425.0 3529.0
42 42 45 0.0 0.0 0.0 116.0 1430.0 22.0 3.0
42 42 46 0.0 0.0 0.0 2.0 2.0 0.0 0.0
42 43 35 0.0 0.0 0.0 57.0 492.0 8.0 2.0
42 43 36 0.0 0.0 0.0 1140.0 13013.0 237.0 591.0
42 43 37 0.0 0.0 1.0 4203.0 39934.0 497.0 18469.0
42 43 38 0.0 0.0 0.0 3032.0 38772.0 361.0 48064.0
42 43 39 0.0 0.0 4.0 2188.0 32365.0 282.0 65379.0
42 43 40 0.0 0.0 0.0 2506.0 30916.0 263.0 69373.0
42 43 41 0.0 0.0 0.0 2697.0 32124.0 262.0 65258.0
42 43 42 0.0 1.0 4.0 3363.0 38844.0 423.0 47323.0
42 43 43 0.0 0.0 0.0 3835.0 40890.0 512.0 20302.0
42 43 44 0.0 1.0 0.0 1442.0 12506.0 225.0 595.0
42 43 45 0.0 0.0 0.0 40.0 459.0 7.0 0.0
42 43 46 0.0 0.0 0.0 0.0 6.0 0.0 0.0
42 44 35 0.0 0.0 0.0 5.0 74.0 1.0 0.0
42 44 36 0.0 0.0 0.0 298.0 2755.0 51.0 19.0
42 44 37 0.0 0.0 0.0 1217.0 12284.0 207.0 549.0
42 44 38 0.0 0.0 0.0 2134.0 27283.0 389.0 3648.0
42 44 39 0.0 0.0 0.0 2359.0 35805.0 509.0 8021.0
42 44 40 0.0 1.0 3.0 2791.0 38265.0 522.0 10649.0
42 44 41 0.0 0.0 0.0 3222.0 34483.0 505.0 7658.0
42 44 42 0.0 0.0 0.0 2512.0 26300.0 438.0 3625.0
42 44 43 0.0 0.0 0.0 1089.0 12636.0 215.0 619.0
42 44 44 0.0 0.0 0.0 259.0 2883.0 47.0 36.0
42 44 45 0.0 0.0 0.0 5.0 64.0 1.0 1.0
42 45 35 0.0 0.0 0.0 0.0 4.0 0.0 0.0
42 45 36 0.0 0.0 0.0 2.0 69.0 1.0 0.0
42 45 37 0.0 0.0 0.0 39.0 490.0 9.0 0.0
42 45 38 0.0 0.0 0.0 149.0 1434.0 26.0 2.0
42 45 39 0.0 0.0 0.0 161.0 2639.0 39.0 12.0
42 45 40 0.0 0.0 0.0 253.0 2995.0 45.0 17.0
42 45 41 0.0 0.0 0.0 230.0 2486.0 44.0 15.0
42 45 42 0.0 0.0 0.0 111.0 1323.0 24.0 4.0
42 45 43 0.0 0.0 0.0 52.0 451.0 11.0 0.0
42 45 44 0.0 0.0 0.0 2.0 67.0 0.0 0.0
42 45 45 0.0 0.0 0.0 0.0 5.0 0.0 0.0
42 46 37 0.0 0.0 0.0 0.0 1.0 0.0 0.0
42 46 38 0.0 0.0 0.0 0.0 3.0 0.0 0.0
42 46 39 0.0 0.0 0.0 0.0 2.0 0.0 0.0
42 46 40 0.0 0.0 0.0 0.0 7.0 0.0 0.0
42 46 41 0.0 0.0 0.0 0.0 7.0 1.0 0.0
42 46 42 0.0 0.0 0.0 0.0 1.0 0.0 0.0
43 34 38 0.0 0.0 0.0 0.0 1.0 0.0 0.0
43 34 39 0.0 0.0 0.0 0.0 1.0 0.0 0.0
43 34 41 0.0 0.0 0.0 0.0 1.0 0.0 0.0
43 35 36 0.0 0.0 0.0 4.0 22.0 0.0 0.0
43 35 37 0.0 0.0 0.0 10.0 187.0 1.0 1.0
43 35 38 0.0 0.0 0.0 72.0 591.0 14.0 0.0
43 35 39 0.0 0.0 0.0 88.0 1035.0 16.0 7.0
43 35 40 0.0 0.0 0.0 121.0 1434.0 20.0 8.0
43 35 41 0.0 0.0 0.0 80.0 1198.0 22.0 1.0
43 35 42 0.0 0.0 0.0 41.0 742.0 23.0 0.0
43 35 43 0.0 0.0 0.0 16.0 260.0 4.0 1.0
43 35 44 0.0 0.0 0.0 4.0 70.0 1.0 0.0
43 36 35 0.0 0.0 0.0 5.0 14.0 0.0 0.0
43 36 36 0.0 0.0 0.0 311.0 1083.0 24.0 3.0
43 36 37 0.0 0.0 0.0 584.0 5906.0 114.0 109.0
43 36 38 0.0 0.0 0.0 1407.0 14587.0 226.0 843.0
43 36 39 0.0 0.0 1.0 1657.0 22967.0 340.0 2445.0
43 36 40 0.0 0.0 4.0 2290.0 27068.0 405.0 3948.0
43 36 41 0.0 0.0 0.0 1750.0 24327.0 382.0 2762.0
43 36 42 0.0 0.0 1.0 1151.0 17221.0 283.0 1190.0
43 36 43 0.0 0.0 0.0 691.0 8597.0 160.0 256.0
43 36 44 0.0 0.0 0.0 127.0 2160.0 35.0 6.0
43 36 45 0.0 0.0 0.0 0.0 40.0 1.0 0.0
43 37 35 0.0 0.0 0.0 20.0 176.0 3.0 0.0
43 37 36 0.0 0.0 0.0 405.0 5598.0 94.0 90.0
43 37 37 0.0 0.0 0.0 2119.0 30375.0 442.0 5474.0
43 37 38 0.0 0.0 0.0 4047.0 41384.0 517.0 22921.0
43 37 39 0.0 2.0 1.0 3008.0 40856.0 435.0 39237.0
43 37 40 0.0 0.0 1.0 2804.0 39462.0 420.0 45097.0
43 37 41 0.0 1.0 1.0 3353.0 39563.0 401.0 41508.0
43 37 42 0.0 1.0 1.0 2154.0 43074.0 483.0 29959.0
43 37 43 0.0 0.0 0.0 1540.0 38121.0 505.0 10866.0
43 37 44 0.0 0.0 0.0 740.0 8902.0 157.0 261.0
43 37 45 0.0 0.0 0.0 32.0 238.0 4.0 1.0
43 38 35 0.0 0.0 0.0 30.0 461.0 5.0 0.0
43 38 36 0.0 0.0 0.0 816.0 13006.0 232.0 577.0
43 38 37 0.0 0.0 1.0 3006.0 42373.0 509.0 23994.0
43 38 38 0.0 2.0 0.0 3395.0 36840.0 364.0 51397.0
43 38 39 0.0 2.0 2.0 2523.0 29800.0 264.0 70238.0
43 38 40 0.0 0.0 0.0 2082.0 28038.0 244.0 75589.0
43 38 41 0.0 1.0 0.0 2192.0 29054.0 228.0 73660.0
43 38 42 0.0 1.0 0.0 2264.0 35727.0 331.0 57417.0
43 38 43 0.0 1.0 1.0 2362.0 42764.0 489.0 29355.0
43 38 44 0.0 0.0 0.0 1076.0 18397.0 261.0 1354.0
43 38 45 0.0 0.0 0.0 39.0 738.0 11.0 1.0
43 38 46 0.0 0.0 0.0 0.0 1.0 0.0 0.0
43 39 35 0.0 0.0 0.0 62.0 843.0 15.0 2.0
43 39 36 0.0 0.0 0.0 1605.0 20268.0 309.0 1829.0
43 39 37 0.0 0.0 1.0 2889.0 41956.0 444.0 36462.0
43 39 38 0.0 1.0 5.0 2364.0 32000.0 301.0 66526.0
43 39 39 0.0 1.0 2.0 2009.0 23570.0 216.0 84469.0
43 39 40 0.0 2.0 1.0 1793.0 21902.0 205.0 88256.0
43 39 41 0.0 1.0 1.0 1678.0 22912.0 214.0 85942.0
43 39 42 0.0 0.0 7.0 1923.0 29133.0 246.0 73001.0
43 39 43 0.0 0.0 0.0 2665.0 40402.0 394.0 41591.0
43 39 44 0.0 0.0 0.0 1741.0 25294.0 370.0 3107.0
43 39 45 0.0 0.0 0.0 92.0 1368.0 22.0 3.0
43 39 46 0.0 0.0 0.0 0.0 3.0 0.0 0.0
43 40 35 0.0 0.0 0.0 88.0 1290.0 26.0 3.0
43 40 36 0.0 0.0 0.0 1573.0 23751.0 382.0 2555.0
43 40 37 0.0 0.0 0.0 2577.0 41199.0 428.0 40378.0
43 40 38 0.0 0.0 2.0 2222.0 29978.0 274.0 70829.0
43 40 39 0.0 0.0 0.0 1735.0 22843.0 200.0 85702.0
43 40 40 0.0 0.0 1.0 1431.0 20146.0 138.0 91517.0
43 40 41 0.0 1.0 1.0 1816.0 21958.0 168.0 87986.0
43 40 42 0.0 1.0 2.0 2260.0 28722.0 265.0 73693.0
43 40 43 0.0 0.0 1.0 2606.0 39902.0 416.0 44102.0
43 40 44 0.0 2.0 0.0 2204.0 25899.0 395.0 3389.0
43 40 45 0.0 0.0 0.0 78.0 1607.0 21.0 7.0
43 40 46 0.0 0.0 0.0 0.0 6.0 0.0 0.0
43 41 34 0.0 0.0 0.0 0.0 1.0 0.0 0.0
43 41 35 0.0 0.0 0.0 75.0 972.0 17.0 0.0
43 41 36 0.0 0.0 3.0 1414.0 19346.0 320.0 1521.0
43 41 37 0.0 0.0 0.0 3012.0 42426.0 466.0 33788.0
43 41 38 0.0 0.0 0.0 2238.0 32724.0 275.0 65031.0
43 41 39 0.0 1.0 0.0 1777.0 24870.0 234.0 81751.0
43 41 40 0.0 1.0 4.0 1743.0 23040.0 180.0 86301.0
43 41 41 0.0 2.0 1.0 1714.0 24422.0 225.0 83039.0
43 41 42 0.0 1.0 0.0 2589.0 31980.0 298.0 66498.0
43 41 43 0.0 2.0 0.0 3031.0 41413.0 421.0 36746.0
43 41 44 0.0 0.0 1.0 1743.0 21297.0 296.0 2058.0
43 41 45 0.0 0.0 0.0 105.0 967.0 22.0 2.0
43 41 46 0.0 0.0 0.0 0.0 5.0 0.0 0.0
43 42 35 0.0 0.0 0.0 28.0 466.0 5.0 1.0
43 42 36 0.0 0.0 0.0 845.0 12289.0 199.0 570.0
43 42 37 0.0 0.0 0.0 2889.0 42337.0 494.0 20164.0
43 42 38 0.0 0.0 3.0 2521.0 39457.0 388.0 47922.0
43 42 39 0.0 0.0 1.0 2064.0 32660.0 319.0 65536.0
43 42 40 0.0 1.0 0.0 2032.0 29658.0 271.0 72052.0
43 42 41 0.0 0.0 3.0 2729.0 31688.0 279.0 65916.0
43 42 42 0.0 0.0 0.0 3331.0 37709.0 423.0 50230.0
43 42 43 0.0 3.0 0.0 3755.0 41313.0 522.0 19134.0
43 42 44 0.0 1.0 0.0 995.0 14235.0 240.0 805.0
43 42 45 0.0 0.0 0.0 17.0 511.0 10.0 0.0
43 43 35 0.0 0.0 0.0 20.0 145.0 2.0 0.0
43 43 36 0.0 0.0 0.0 491.0 5271.0 106.0 82.0
43 43 37 0.0 0.0 1.0 1926.0 27090.0 405.0 3831.0
43 43 38 0.0 0.0 0.0 2587.0 42052.0 499.0 19194.0
43 43 39 0.0 0.0 0.0 2220.0 43255.0 436.0 33502.0
43 43 40 0.0 1.0 0.0 3528.0 40477.0 445.0 40645.0
43 43 41 0.0 3.0 0.0 3429.0 41869.0 484.0 34658.0
43 43 42 0.0 5.0 0.0 3930.0 40766.0 537.0 19250.0
43 43 43 0.0 0.0 0.0 1744.0 28622.0 437.0 4306.0
43 43 44 0.0 0.0 0.0 340.0 4777.0 81.0 91.0
43 43 45 0.0 0.0 0.0 3.0 161.0 0.0 0.0
43 44 35 0.0 0.0 0.0 0.0 12.0 0.0 0.0
43 44 36 0.0 0.0 0.0 59.0 876.0 13.0 1.0
43 44 37 0.0 0.0 0.0 416.0 5123.0 94.0 83.0
43 44 38 0.0 0.0 0.0 835.0 12767.0 190.0 585.0
43 44 39 0.0 1.0 0.0 1491.0 20514.0 342.0 1772.0
43 44 40 0.0 0.0 0.0 1759.0 22532.0 384.0 2386.0
43 44 41 0.0 0.0 1.0 1645.0 19985.0 309.0 1738.0
43 44 42 0.0 0.0 0.0 874.0 12458.0 199.0 552.0
43 44 43 0.0 0.0 0.0 438.0 5529.0 102.0 85.0
43 44 44 0.0 0.0 0.0 73.0 944.0 14.0 5.0
43 44 45 0.0 0.0 0.0 1.0 14.0 0.0 0.0
43 45 36 0.0 0.0 0.0 0.0 18.0 0.0 0.0
43 45 37 0.0 0.0 0.0 12.0 154.0 3.0 0.0
43 45 38 0.0 0.0 0.0 43.0 430.0 10.0 0.0
43 45 39 0.0 0.0 0.0 65.0 963.0 16.0 1.0
43 45 40 0.0 0.0 0.0 75.0 1128.0 22.0 1.0
43 45 41 0.0 0.0 0.0 59.0 988.0 15.0 3.0
43 45 42 0.0 0.0 0.0 47.0 401.0 6.0 1.0
43 45 43 0.0 0.0 0.0 12.0 103.0 3.0 0.0
43 45 44 0.0 0.0 0.0 0.0 16.0 0.0 0.0
43 46 37 0.0 0.0 0.0 0.0 1.0 0.0 0.0
43 46 38 0.0 0.0 0.0 0.0 1.0 0.0 0.0
43 46 39 0.0 0.0 0.0 0.0 1.0 0.0 0.0
44 35 36 0.0 0.0 0.0 0.0 2.0 0.0 0.0
44 35 37 0.0 0.0 0.0 0.0 19.0 0.0 0.0
44 35 38 0.0 0.0 0.0 9.0 109.0 2.0 0.0
44 35 39 0.0 0.0 0.0 11.0 259.0 6.0 0.0
44 35 40 0.0 0.0 0.0 27.0 285.0 5.0 0.0
44 35 41 0.0 0.0 0.0 30.0 168.0 4.0 1.0
44 35 42 0.0 0.0 0.0 12.0 107.0 3.0 0.0
44 35 43 0.0 0.0 0.0 1.0 41.0 2.0 0.0
44 35 44 0.0 0.0 0.0 1.0 6.0 0.0 0.0
44 35 45 0.0 0.0 0.0 0.0 2.0 0.0 0.0
44 36 35 0.0 0.0 0.0 0.0 4.0 0.0 0.0
44 36 36 0.0 0.0 0.0 5.0 141.0 0.0 0.0
44 36 37 0.0 0.0 0.0 102.0 1352.0 23.0 10.0
44 36 38 0.0 0.0 0.0 297.0 3352.0 48.0 31.0
44 36 39 0.0 0.0 0.0 630.0 6617.0 112.0 134.0
44 36 40 0.0 0.0 2.0 564.0 7804.0 122.0 199.0
44 36 41 0.0 0.0 0.0 470.0 7174.0 126.0 184.0
44 36 42 0.0 0.0 0.0 375.0 4309.0 73.0 61.0
44 36 43 0.0 0.0 0.0 91.0 1826.0 31.0 6.0
44 36 44 0.0 0.0 0.0 24.0 523.0 8.0 1.0
44 36 45 0.0 0.0 0.0 0.0 10.0 0.0 0.0
44 37 35 0.0 0.0 0.0 1.0 25.0 1.0 0.0
44 37 36 0.0 0.0 0.0 107.0 1199.0 21.0 3.0
44 37 37 0.0 0.0 0.0 507.0 6008.0 102.0 127.0
44 37 38 0.0 0.0 0.0 1375.0 14674.0 252.0 859.0
44 37 39 0.0 0.0 0.0 1914.0 23543.0 399.0 2548.0
44 37 40 0.0 0.0 0.0 2325.0 27651.0 404.0 3947.0
44 37 41 0.0 0.0 0.0 2226.0 25694.0 393.0 3301.0
44 37 42 0.0 0.0 6.0 1268.0 18243.0 294.0 1316.0
44 37 43 0.0 0.0 0.0 447.0 8843.0 138.0 277.0
44 37 44 0.0 0.0 0.0 123.0 1875.0 28.0 7.0
44 37 45 0.0 0.0 0.0 8.0 91.0 1.0 0.0
44 38 35 0.0 0.0 0.0 10.0 62.0 1.0 0.0
44 38 36 0.0 0.0 0.0 261.0 3466.0 64.0 38.0
44 38 37 0.0 0.0 1.0 1193.0 14675.0 228.0 832.0
44 38 38 0.0 0.0 0.0 2012.0 28943.0 412.0 4362.0
44 38 39 0.0 4.0 0.0 2899.0 37806.0 487.0 11048.0
44 38 40 0.0 5.0 4.0 3199.0 40364.0 503.0 14671.0
44 38 41 0.0 0.0 1.0 3117.0 39484.0 527.0 12142.0
44 38 42 0.0 0.0 0.0 1919.0 32696.0 494.0 5976.0
44 38 43 0.0 0.0 0.0 1069.0 18616.0 295.0 1345.0
44 38 44 0.0 0.0 0.0 235.0 4790.0 85.0 72.0
44 38 45 0.0 0.0 0.0 2.0 152.0 3.0 0.0
44 39 35 0.0 0.0 0.0 12.0 90.0 1.0 0.0
44 39 36 0.0 0.0 0.0 433.0 6077.0 123.0 135.0
44 39 37 0.0 0.0 0.0 1602.0 21896.0 347.0 2139.0
44 39 38 0.0 0.0 0.0 2776.0 36655.0 535.0 9374.0
44 39 39 0.0 0.0 0.0 3369.0 42217.0 515.0 18305.0
44 39 40 0.0 1.0 3.0 3298.0 43292.0 504.0 23377.0
44 39 41 0.0 2.0 3.0 3001.0 43267.0 529.0 19628.0
44 39 42 0.0 10.0 2.0 2645.0 39436.0 499.0 11770.0
44 39 43 0.0 0.0 0.0 1459.0 25505.0 394.0 3076.0
44 39 44 0.0 0.0 0.0 474.0 7034.0 118.0 165.0
44 39 45 0.0 0.0 0.0 20.0 230.0 4.0 0.0
44 40 35 0.0 0.0 0.0 11.0 155.0 4.0 0.0
44 40 36 0.0 0.0 0.0 422.0 6267.0 111.0 117.0
44 40 37 0.0 0.0 0.0 1319.0 23645.0 384.0 2463.0
44 40 38 0.0 0.0 1.0 3440.0 38721.0 520.0 12032.0
44 40 39 0.0 0.0 0.0 3037.0 43735.0 498.0 21366.0
44 40 40 0.0 3.0 2.0 3277.0 43484.0 506.0 26876.0
44 40 41 0.0 4.0 2.0 2995.0 43799.0 523.0 23154.0
44 40 42 0.0 0.0 0.0 2822.0 39980.0 548.0 12774.0
44 40 43 0.0 1.0 2.0 2518.0 25641.0 376.0 3424.0
44 40 44 0.0 0.0 0.0 614.0 7900.0 150.0 187.0
44 40 45 0.0 0.0 0.0 23.0 223.0 3.0 0.0
44 41 35 0.0 0.0 0.0 6.0 117.0 0.0 0.0
44 41 36 0.0 0.0 0.0 207.0 5638.0 108.0 94.0
44 41 37 0.0 0.0 0.0 1253.0 21806.0 326.0 2040.0
44 41 38 0.0 0.0 0.0 2551.0 35984.0 504.0 8389.0
44 41 39 0.0 0.0 2.0 2741.0 42616.0 566.0 17421.0
44 41 40 0.0 3.0 2.0 3001.0 43486.0 492.0 22093.0
44 41 41 0.0 0.0 0.0 3112.0 42920.0 495.0 19054.0
44 41 42 0.0 1.0 0.0 2964.0 37838.0 520.0 10167.0
44 41 43 0.0 0.0 0.0 1570.0 21799.0 339.0 2057.0
44 41 44 0.0 0.0 0.0 324.0 5752.0 92.0 103.0
44 41 45 0.0 0.0 0.0 18.0 205.0 1.0 0.0
44 42 35 0.0 0.0 0.0 5.0 63.0 2.0 0.0
44 42 36 0.0 0.0 0.0 112.0 2847.0 49.0 20.0
44 42 37 0.0 0.0 0.0 771.0 13056.0 195.0 615.0
44 42 38 0.0 0.0 0.0 1830.0 27420.0 412.0 3713.0
44 42 39 0.0 0.0 0.0 2300.0 35983.0 519.0 8443.0
44 42 40 0.0 0.0 0.0 2932.0 38506.0 522.0 11191.0
44 42 41 0.0 0.0 0.0 2509.0 37120.0 496.0 9433.0
44 42 42 0.0 4.0 0.0 2197.0 28687.0 417.0 4344.0
44 42 43 0.0 0.0 0.0 1008.0 12528.0 194.0 509.0
44 42 44 0.0 0.0 0.0 275.0 2962.0 57.0 27.0
44 42 45 0.0 0.0 0.0 9.0 90.0 1.0 0.0
44 43 35 0.0 0.0 0.0 2.0 13.0 0.0 0.0
44 43 36 0.0 0.0 0.0 62.0 969.0 15.0 5.0
44 43 37 0.0 0.0 0.0 374.0 4856.0 63.0 76.0
44 43 38 0.0 0.0 0.0 676.0 13951.0 236.0 764.0
44 43 39 0.0 0.0 0.0 1289.0 21334.0 340.0 1857.0
44 43 40 0.0 0.0 0.0 1565.0 22892.0 348.0 2340.0
44 43 41 0.0 0.0 0.0 2107.0 22062.0 335.0 2291.0
44 43 42 0.0 0.0 0.0 1355.0 14257.0 214.0 819.0
44 43 43 0.0 0.0 0.0 361.0 5383.0 95.0 89.0
44 43 44 0.0 0.0 0.0 53.0 1230.0 25.0 3.0
44 43 45 0.0 0.0 0.0 0.0 21.0 0.0 0.0
44 44 36 0.0 0.0 0.0 10.0 148.0 3.0 0.0
44 44 37 0.0 0.0 0.0 34.0 893.0 18.0 3.0
44 44 38 0.0 0.0 0.0 177.0 2744.0 48.0 14.0
44 44 39 0.0 0.0 0.0 265.0 5090.0 81.0 83.0
44 44 40 0.0 0.0 0.0 462.0 6804.0 122.0 153.0
44 44 41 0.0 0.0 0.0 449.0 5653.0 86.0 90.0
44 44 42 0.0 0.0 0.0 235.0 2744.0 56.0 27.0
44 44 43 0.0 0.0 0.0 60.0 829.0 18.0 0.0
44 44 44 0.0 0.0 0.0 11.0 171.0 5.0 0.0
44 45 36 0.0 0.0 0.0 0.0 2.0 0.0 0.0
44 45 37 0.0 0.0 0.0 0.0 15.0 1.0 0.0
44 45 38 0.0 0.0 0.0 4.0 65.0 0.0 0.0
44 45 39 0.0 0.0 0.0 6.0 107.0 3.0 0.0
44 45 40 0.0 0.0 0.0 13.0 197.0 2.0 0.0
44 45 41 0.0 0.0 0.0 17.0 108.0 5.0 0.0
44 45 42 0.0 0.0 0.0 7.0 79.0 2.0 0.0
44 45 43 0.0 0.0 0.0 1.0 14.0 0.0 0.0
44 45 44 0.0 0.0 0.0 0.0 1.0 0.0 0.0
45 35 38 0.0 0.0 0.0 1.0 8.0 0.0 0.0
45 35 39 0.0 0.0 0.0 0.0 9.0 1.0 0.0
45 35 40 0.0 0.0 0.0 2.0 12.0 0.0 0.0
45 35 41 0.0 0.0 0.0 1.0 9.0 0.0 0.0
45 35 42 0.0 0.0 0.0 0.0 6.0 0.0 0.0
45 35 43 0.0 0.0 0.0 0.0 1.0 0.0 0.0
45 35 44 0.0 0.0 0.0 0.0 1.0 0.0 0.0
45 36 36 0.0 0.0 0.0 1.0 4.0 0.0 0.0
45 36 37 0.0 0.0 0.0 1.0 28.0 1.0 0.0
45 36 38 0.0 0.0 0.0 12.0 117.0 1.0 0.0
45 36 39 0.0 0.0 0.0 15.0 228.0 0.0 0.0
45 36 40 0.0 0.0 0.0 33.0 302.0 4.0 0.0
45 36 41 0.0 0.0 1.0 26.0 297.0 6.0 0.0
45 36 42 0.0 0.0 0.0 15.0 128.0 1.0 0.0
45 36 43 0.0 0.0 0.0 3.0 53.0 0.0 0.0
45 36 44 0.0 0.0 0.0 0.0 5.0 0.0 0.0
45 37 36 0.0 0.0 0.0 0.0 32.0 0.0 0.0
45 37 37 0.0 0.0 0.0 28.0 164.0 2.0 0.0
45 37 38 0.0 0.0 0.0 46.0 594.0 9.0 1.0
45 37 39 0.0 0.0 0.0 98.0 1304.0 32.0 10.0
45 37 40 0.0 0.0 0.0 129.0 1790.0 33.0 9.0
45 37 41 0.0 0.0 0.0 91.0 1338.0 18.0 3.0
45 37 42 0.0 0.0 0.0 54.0 632.0 10.0 1.0
45 37 43 0.0 0.0 0.0 38.0 260.0 7.0 0.0
45 37 44 0.0 0.0 0.0 1.0 62.0 0.0 0.0
45 37 45 0.0 0.0 0.0 0.0 1.0 0.0 0.0
45 38 35 0.0 0.0 0.0 1.0 2.0 0.0 0.0
45 38 36 0.0 0.0 0.0 16.0 89.0 2.0 0.0
45 38 37 0.0 0.0 0.0 32.0 580.0 7.0 2.0
45 38 38 0.0 0.0 0.0 115.0 1731.0 31.0 3.0
45 38 39 0.0 0.0 0.0 284.0 3288.0 58.0 28.0
45 38 40 0.0 0.0 1.0 284.0 4106.0 62.0 44.0
45 38 41 0.0 0.0 0.0 243.0 3538.0 68.0 30.0
45 38 42 0.0 0.0 0.0 181.0 2035.0 29.0 8.0
45 38 43 0.0 0.0 0.0 42.0 735.0 14.0 0.0
45 38 44 0.0 0.0 0.0 8.0 123.0 2.0 0.0
45 38 45 0.0 0.0 0.0 0.0 3.0 0.0 0.0
45 39 35 0.0 0.0 0.0 0.0 10.0 0.0 0.0
45 39 36 0.0 0.0 0.0 13.0 163.0 3.0 0.0
45 39 37 0.0 0.0 0.0 64.0 1063.0 14.0 4.0
45 39 38 0.0 0.0 0.0 245.0 3046.0 50.0 17.0
45 39 39 0.0 0.0 0.0 430.0 5497.0 84.0 74.0
45 39 40 0.0 0.0 0.0 513.0 6962.0 114.0 140.0
45 39 41 0.0 0.0 0.0 404.0 6238.0 92.0 98.0
45 39 42 0.0 0.0 0.0 276.0 3730.0 56.0 38.0
45 39 43 0.0 0.0 0.0 84.0 1321.0 22.0 6.0
45 39 44 0.0 0.0 0.0 9.0 249.0 10.0 0.0
45 39 45 0.0 0.0 0.0 5.0 9.0 0.0 0.0
45 40 35 0.0 0.0 0.0 0.0 6.0 0.0 0.0
45 40 36 0.0 0.0 0.0 24.0 206.0 2.0 0.0
45 40 37 0.0 0.0 0.0 94.0 1136.0 17.0 3.0
45 40 38 0.0 0.0 0.0 311.0 3597.0 63.0 27.0
45 40 39 0.0 0.0 0.0 493.0 6454.0 92.0 114.0
45 40 40 0.0 1.0 0.0 480.0 8123.0 124.0 172.0
45 40 41 0.0 0.0 0.0 503.0 6968.0 132.0 138.0
45 40 42 0.0 0.0 0.0 305.0 4098.0 67.0 32.0
45 40 43 0.0 0.0 0.0 93.0 1459.0 19.0 6.0
45 40 44 0.0 0.0 0.0 20.0 260.0 2.0 0.0
45 40 45 0.0 0.0 0.0 0.0 21.0 0.0 0.0
45 41 35 0.0 0.0 0.0 0.0 5.0 0.0 0.0
45 41 36 0.0 0.0 0.0 10.0 148.0 2.0 0.0
45 41 37 0.0 0.0 0.0 60.0 953.0 17.0 2.0
45 41 38 0.0 0.0 0.0 179.0 2851.0 48.0 19.0
45 41 39 0.0 0.0 0.0 296.0 5398.0 86.0 67.0
45 41 40 0.0 0.0 0.0 445.0 6462.0 120.0 113.0
45 41 41 0.0 0.0 0.0 332.0 5957.0 84.0 92.0
45 41 42 0.0 0.0 0.0 189.0 3306.0 54.0 27.0
45 41 43 0.0 0.0 0.0 71.0 1035.0 19.0 1.0
45 41 44 0.0 0.0 0.0 8.0 151.0 3.0 0.0
45 41 45 0.0 0.0 0.0 1.0 12.0 0.0 0.0
45 42 35 0.0 0.0 0.0 0.0 3.0 0.0 0.0
45 42 36 0.0 0.0 0.0 4.0 71.0 0.0 0.0
45 42 37 0.0 0.0 0.0 40.0 488.0 13.0 1.0
45 42 38 0.0 0.0 0.0 78.0 1501.0 26.0 2.0
45 42 39 0.0 0.0 0.0 152.0 2864.0 45.0 24.0
45 42 40 0.0 0.0 0.0 262.0 3527.0 62.0 29.0
45 42 41 0.0 0.0 0.0 273.0 3197.0 46.0 24.0
45 42 42 0.0 0.0 0.0 171.0 1902.0 42.0 10.0
45 42 43 0.0 0.0 0.0 18.0 507.0 8.0 0.0
45 42 44 0.0 0.0 0.0 3.0 80.0 0.0 0.0
45 42 45 0.0 0.0 0.0 0.0 1.0 0.0 0.0
45 43 35 0.0 0.0 0.0 0.0 1.0 0.0 0.0
45 43 36 0.0 0.0 0.0 0.0 11.0 0.0 0.0
45 43 37 0.0 0.0 0.0 15.0 141.0 6.0 0.0
45 43 38 0.0 0.0 0.0 26.0 529.0 8.0 0.0
45 43 39 0.0 0.0 0.0 44.0 891.0 10.0 2.0
45 43 40 0.0 0.0 0.0 78.0 1219.0 21.0 1.0
45 43 41 0.0 0.0 0.0 65.0 1024.0 10.0 4.0
45 43 42 0.0 0.0 0.0 46.0 492.0 12.0 1.0
45 43 43 0.0 0.0 0.0 7.0 128.0 4.0 0.0
45 43 44 0.0 0.0 0.0 2.0 23.0 1.0 0.0
45 44 36 0.0 0.0 0.0 0.0 2.0 0.0 0.0
45 44 37 0.0 0.0 0.0 6.0 24.0 0.0 0.0
45 44 38 0.0 0.0 0.0 7.0 81.0 2.0 0.0
45 44 39 0.0 0.0 0.0 10.0 147.0 1.0 0.0
45 44 40 0.0 0.0 0.0 10.0 205.0 2.0 0.0
45 44 41 0.0 0.0 0.0 4.0 151.0 2.0 0.0
45 44 42 0.0 0.0 0.0 3.0 79.0 0.0 0.0
45 44 43 0.0 0.0 0.0 7.0 13.0 0.0 0.0
45 44 44 0.0 0.0 0.0 1.0 0.0 0.0 0.0
45 45 37 0.0 0.0 0.0 0.0 1.0 0.0 0.0
45 45 38 0.0 0.0 0.0 0.0 6.0 0.0 0.0
45 45 39 0.0 0.0 0.0 0.0 6.0 0.0 0.0
45 45 40 0.0 0.0 0.0 1.0 8.0 0.0 0.0
45 45 41 0.0 0.0 0.0 0.0 6.0 0.0 0.0
45 45 42 0.0 0.0 0.0 0.0 5.0 0.0 0.0
46 36 39 0.0 0.0 0.0 0.0 1.0 0.0 0.0
46 37 38 0.0 0.0 0.0 0.0 1.0 0.0 0.0
46 37 39 0.0 0.0 0.0 1.0 8.0 0.0 0.0
46 37 40 0.0 0.0 0.0 1.0 0.0 0.0 0.0
46 37 41 0.0 0.0 0.0 0.0 6.0 0.0 0.0
46 38 38 0.0 0.0 0.0 0.0 1.0 0.0 0.0
46 38 39 0.0 0.0 0.0 0.0 4.0 0.0 0.0
46 38 40 0.0 0.0 0.0 0.0 13.0 0.0 0.0
46 38 41 0.0 0.0 0.0 2.0 10.0 0.0 0.0
46 38 42 0.0 0.0 0.0 0.0 2.0 0.0 0.0
46 39 38 0.0 0.0 0.0 1.0 8.0 0.0 0.0
46 39 39 0.0 0.0 0.0 4.0 18.0 1.0 0.0
46 39 40 0.0 0.0 0.0 0.0 27.0 0.0 0.0
46 39 41 0.0 0.0 0.0 1.0 20.0 0.0 0.0
46 39 42 0.0 0.0 0.0 1.0 13.0 1.0 0.0
46 39 43 0.0 0.0 0.0 6.0 2.0 0.0 0.0
46 40 38 0.0 0.0 0.0 0.0 5.0 0.0 0.0
46 40 39 0.0 0.0 0.0 0.0 15.0 0.0 0.0
46 40 40 0.0 0.0 0.0 0.0 18.0 1.0 0.0
46 40 41 0.0 0.0 0.0 1.0 23.0 0.0 0.0
46 40 42 0.0 0.0 0.0 0.0 11.0 1.0 0.0
46 40 43 0.0 0.0 0.0 0.0 2.0 0.0 0.0
46 41 38 0.0 0.0 0.0 0.0 9.0 0.0 0.0
46 41 39 0.0 0.0 0.0 1.0 15.0 0.0 0.0
46 41 40 0.0 0.0 0.0 0.0 19.0 0.0 0.0
46 41 41 0.0 0.0 0.0 1.0 21.0 0.0 0.0
46 41 42 0.0 0.0 0.0 0.0 3.0 0.0 0.0
46 41 43 0.0 0.0 0.0 0.0 1.0 0.0 0.0
46 42 38 0.0 0.0 0.0 0.0 4.0 0.0 0.0
46 42 39 0.0 0.0 0.0 0.0 4.0 0.0 0.0
46 42 40 0.0 0.0 0.0 1.0 11.0 0.0 0.0
46 42 41 0.0 0.0 0.0 1.0 11.0 1.0 0.0
46 42 42 0.0 0.0 0.0 0.0 2.0 0.0 0.0
46 43 38 0.0 0.0 0.0 0.0 2.0 0.0 0.0
46 43 39 0.0 0.0 0.0 0.0 1.0 0.0 0.0
46 43 41 0.0 0.0 0.0 0.0 1.0 0.0 0.0
46 43 43 0.0 0.0 0.0 0.0 1.0 0.0 0.0
