35 38 40 0.0 0.0 0.0 0.0 2.0 0.0 0.0
35 38 41 0.0 0.0 0.0 0.0 1.0 0.0 0.0
35 39 38 0.0 0.0 0.0 0.0 1.0 0.0 0.0
35 39 39 0.0 0.0 0.0 0.0 1.0 0.0 0.0
35 39 40 0.0 0.0 0.0 1.0 3.0 0.0 0.0
35 39 41 0.0 0.0 0.0 2.0 3.0 0.0 0.0
35 39 42 0.0 0.0 0.0 0.0 5.0 1.0 0.0
35 40 38 0.0 0.0 0.0 0.0 2.0 0.0 0.0
35 40 39 0.0 0.0 0.0 0.0 2.0 0.0 0.0
35 40 40 0.0 0.0 0.0 0.0 6.0 0.0 0.0
35 40 41 0.0 0.0 0.0 0.0 6.0 0.0 0.0
35 40 43 0.0 0.0 0.0 1.0 1.0 0.0 0.0
35 41 37 0.0 0.0 0.0 0.0 1.0 0.0 0.0
35 41 38 0.0 0.0 0.0 0.0 1.0 0.0 0.0
35 41 39 0.0 0.0 0.0 0.0 12.0 1.0 0.0
35 41 41 0.0 0.0 0.0 2.0 0.0 0.0 0.0
35 41 42 0.0 0.0 0.0 0.0 2.0 0.0 0.0
35 42 39 0.0 0.0 0.0 0.0 2.0 0.0 0.0
35 42 40 0.0 0.0 0.0 0.0 6.0 1.0 0.0
35 42 41 0.0 0.0 0.0 0.0 1.0 0.0 0.0
35 43 38 0.0 0.0 0.0 1.0 0.0 0.0 0.0
35 43 41 0.0 0.0 0.0 0.0 1.0 0.0 0.0
36 36 36 0.0 0.0 0.0 0.0 1.0 0.0 0.0
36 36 37 0.0 0.0 0.0 0.0 4.0 0.0 0.0
36 36 38 0.0 0.0 0.0 1.0 12.0 0.0 0.0
36 36 39 0.0 0.0 0.0 0.0 24.0 1.0 0.0
36 36 40 0.0 0.0 0.0 0.0 30.0 1.0 0.0
36 36 41 0.0 0.0 0.0 2.0 7.0 0.0 0.0
36 36 42 0.0 0.0 0.0 0.0 4.0 0.0 0.0
36 36 43 0.0 0.0 0.0 2.0 0.0 0.0 0.0
36 37 37 0.0 0.0 0.0 1.0 51.0 1.0 0.0
36 37 38 0.0 0.0 0.0 5.0 116.0 3.0 0.0
36 37 39 0.0 0.0 0.0 18.0 349.0 8.0 0.0
36 37 40 0.0 0.0 0.0 44.0 347.0 7.0 0.0
36 37 41 0.0 0.0 0.0 31.0 232.0 7.0 0.0
36 37 42 0.0 0.0 0.0 20.0 173.0 2.0 0.0
36 37 43 0.0 0.0 0.0 1.0 23.0 0.0 0.0
36 37 44 0.0 0.0 0.0 0.0 5.0 0.0 0.0
36 38 36 0.0 0.0 0.0 0.0 3.0 0.0 0.0
36 38 37 0.0 0.0 0.0 17.0 170.0 2.0 0.0
36 38 38 0.0 0.0 0.0 63.0 674.0 11.0 4.0
36 38 39 0.0 0.0 0.0 115.0 1183.0 25.0 3.0
36 38 40 0.0 0.0 0.0 156.0 1774.0 31.0 10.0
36 38 41 0.0 0.0 0.0 91.0 1232.0 24.0 10.0
36 38 42 0.0 0.0 0.0 52.0 506.0 10.0 0.0
36 38 43 0.0 0.0 0.0 27.0 133.0 4.0 0.0
36 38 44 0.0 0.0 0.0 0.0 1.0 0.0 0.0
36 39 36 0.0 0.0 0.0 0.0 21.0 1.0 0.0
36 39 37 0.0 0.0 0.0 27.0 380.0 4.0 0.0
36 39 38 0.0 0.0 0.0 169.0 1242.0 22.0 3.0
36 39 39 0.0 0.0 0.0 272.0 2743.0 36.0 26.0
36 39 40 0.0 0.0 1.0 335.0 3088.0 60.0 23.0
36 39 41 0.0 0.0 0.0 274.0 2660.0 48.0 6.0
36 39 42 0.0 0.0 0.0 131.0 1177.0 14.0 1.0
36 39 43 0.0 0.0 0.0 23.0 309.0 3.0 2.0
36 39 44 0.0 0.0 0.0 1.0 5.0 0.0 0.0
36 40 36 0.0 0.0 0.0 2.0 28.0 0.0 0.0
36 40 37 0.0 0.0 0.0 49.0 421.0 3.0 0.0
36 40 38 0.0 0.0 0.0 140.0 1616.0 35.0 6.0
36 40 39 0.0 0.0 0.0 327.0 3391.0 52.0 32.0
36 40 40 0.0 0.0 1.0 362.0 3888.0 70.0 46.0
36 40 41 0.0 0.0 0.0 297.0 3091.0 49.0 21.0
36 40 42 0.0 0.0 0.0 176.0 1470.0 29.0 5.0
36 40 43 0.0 0.0 0.0 84.0 317.0 11.0 0.0
36 40 44 0.0 0.0 0.0 6.0 28.0 0.0 0.0
36 41 36 0.0 0.0 0.0 2.0 23.0 0.0 0.0
36 41 37 0.0 0.0 1.0 27.0 360.0 11.0 0.0
36 41 38 0.0 0.0 0.0 92.0 1398.0 24.0 4.0
36 41 39 0.0 0.0 0.0 220.0 2664.0 51.0 17.0
36 41 40 0.0 0.0 0.0 276.0 3332.0 52.0 19.0
36 41 41 0.0 0.0 1.0 256.0 2394.0 40.0 15.0
36 41 42 0.0 0.0 0.0 112.0 1134.0 27.0 1.0
36 41 43 0.0 0.0 0.0 21.0 259.0 3.0 0.0
36 41 44 0.0 0.0 0.0 1.0 11.0 0.0 0.0
36 42 36 0.0 0.0 0.0 0.0 21.0 0.0 0.0
36 42 37 0.0 0.0 0.0 25.0 178.0 6.0 0.0
36 42 38 0.0 0.0 0.0 72.0 616.0 17.0 1.0
36 42 39 0.0 0.0 0.0 110.0 1177.0 20.0 3.0
36 42 40 0.0 0.0 0.0 131.0 1449.0 29.0 3.0
36 42 41 0.0 0.0 0.0 123.0 1122.0 23.0 3.0
36 42 42 0.0 0.0 0.0 34.0 526.0 9.0 1.0
36 42 43 0.0 0.0 0.0 14.0 186.0 6.0 0.0
36 42 44 0.0 0.0 0.0 0.0 8.0 0.0 0.0
36 43 37 0.0 0.0 0.0 11.0 28.0 1.0 0.0
36 43 38 0.0 0.0 0.0 13.0 133.0 0.0 0.0
36 43 39 0.0 0.0 0.0 38.0 261.0 8.0 0.0
36 43 40 0.0 0.0 0.0 26.0 333.0 3.0 1.0
36 43 41 0.0 0.0 0.0 23.0 334.0 6.0 0.0
36 43 42 0.0 0.0 0.0 9.0 143.0 3.0 0.0
36 43 43 0.0 0.0 0.0 0.0 22.0 1.0 0.0
36 43 44 0.0 0.0 0.0 0.0 1.0 0.0 0.0
36 44 37 0.0 0.0 0.0 0.0 2.0 0.0 0.0
36 44 38 0.0 0.0 0.0 0.0 10.0 1.0 0.0
36 44 39 0.0 0.0 0.0 1.0 24.0 0.0 0.0
36 44 40 0.0 0.0 0.0 3.0 32.0 2.0 0.0
36 44 41 0.0 0.0 0.0 0.0 16.0 1.0 0.0
36 44 42 0.0 0.0 0.0 2.0 15.0 0.0 0.0
37 35 40 0.0 0.0 0.0 0.0 2.0 0.0 0.0
37 36 36 0.0 0.0 0.0 0.0 1.0 0.0 0.0
37 36 37 0.0 0.0 0.0 3.0 10.0 0.0 0.0
37 36 38 0.0 0.0 0.0 18.0 107.0 3.0 0.0
37 36 39 0.0 0.0 0.0 23.0 250.0 8.0 0.0
37 36 40 0.0 0.0 0.0 22.0 401.0 6.0 1.0
37 36 41 0.0 0.0 0.0 26.0 314.0 7.0 1.0
37 36 42 0.0 0.0 0.0 6.0 120.0 1.0 0.0
37 36 43 0.0 0.0 0.0 8.0 17.0 1.0 0.0
37 36 44 0.0 0.0 0.0 0.0 1.0 0.0 0.0
37 37 36 0.0 0.0 0.0 2.0 29.0 0.0 0.0
37 37 37 0.0 0.0 0.0 106.0 1424.0 37.0 9.0
37 37 38 0.0 0.0 0.0 410.0 4624.0 97.0 77.0
37 37 39 0.0 0.0 0.0 541.0 7912.0 138.0 210.0
37 37 40 0.0 1.0 2.0 791.0 10208.0 199.0 359.0
37 37 41 0.0 1.0 0.0 705.0 8849.0 144.0 301.0
37 37 42 0.0 0.0 0.0 431.0 4683.0 87.0 79.0
37 37 43 0.0 0.0 0.0 100.0 1063.0 25.0 4.0
37 37 44 0.0 0.0 0.0 3.0 33.0 1.0 0.0
37 38 36 0.0 0.0 0.0 14.0 110.0 5.0 0.0
37 38 37 0.0 0.0 0.0 475.0 4742.0 88.0 74.0
37 38 38 0.0 0.0 5.0 1990.0 16056.0 255.0 1139.0
37 38 39 0.0 0.0 0.0 2572.0 25663.0 388.0 3460.0
37 38 40 0.0 4.0 0.0 3178.0 28788.0 422.0 4941.0
37 38 41 0.0 0.0 2.0 2758.0 24499.0 365.0 3272.0
37 38 42 0.0 0.0 3.0 1663.0 13790.0 234.0 822.0
37 38 43 0.0 0.0 0.0 307.0 4283.0 71.0 53.0
37 38 44 0.0 0.0 0.0 8.0 114.0 3.0 0.0
37 39 36 0.0 0.0 0.0 26.0 421.0 5.0 1.0
37 39 37 0.0 0.0 0.0 940.0 10003.0 168.0 383.0
37 39 38 0.0 0.0 14.0 2259.0 27869.0 403.0 4034.0
37 39 39 0.0 0.0 21.0 3770.0 36829.0 455.0 10442.0
37 39 40 0.0 3.0 1.0 4113.0 38821.0 533.0 13198.0
37 39 41 0.0 2.0 4.0 4010.0 35706.0 505.0 9686.0
37 39 42 0.0 0.0 1.0 2918.0 24985.0 387.0 3298.0
37 39 43 0.0 0.0 0.0 807.0 7914.0 146.0 245.0
37 39 44 0.0 0.0 0.0 23.0 307.0 5.0 0.0
37 40 36 0.0 0.0 0.0 51.0 477.0 7.0 0.0
37 40 37 0.0 4.0 0.0 1214.0 11408.0 209.0 503.0
37 40 38 0.0 3.0 6.0 2885.0 30579.0 444.0 5780.0
37 40 39 0.0 0.0 2.0 3601.0 39277.0 515.0 13465.0
37 40 40 0.0 0.0 2.0 3748.0 41275.0 532.0 17507.0
37 40 41 0.0 3.0 2.0 3979.0 38575.0 490.0 12603.0
37 40 42 0.0 0.0 3.0 2913.0 27795.0 429.0 4369.0
37 40 43 0.0 0.0 0.0 791.0 10570.0 179.0 395.0
37 40 44 0.0 0.0 0.0 20.0 413.0 10.0 0.0
37 41 36 0.0 0.0 0.0 23.0 385.0 10.0 0.0
37 41 37 0.0 1.0 0.0 792.0 10859.0 169.0 430.0
37 41 38 0.0 4.0 0.0 2116.0 26734.0 424.0 3735.0
37 41 39 0.0 1.0 4.0 3296.0 37298.0 487.0 10627.0
37 41 40 0.0 8.0 14.0 4048.0 38507.0 491.0 12805.0
37 41 41 0.0 0.0 5.0 3167.0 36038.0 473.0 8889.0
37 41 42 0.0 0.0 1.0 2325.0 25903.0 397.0 3538.0
37 41 43 0.0 0.0 2.0 769.0 8286.0 137.0 238.0
37 41 44 0.0 0.0 0.0 40.0 316.0 9.0 1.0
37 42 36 0.0 0.0 0.0 9.0 165.0 1.0 0.0
37 42 37 0.0 0.0 0.0 486.0 4858.0 76.0 72.0
37 42 38 0.0 5.0 1.0 1455.0 15534.0 228.0 1048.0
37 42 39 0.0 0.0 1.0 2464.0 25741.0 409.0 3646.0
37 42 40 0.0 2.0 6.0 2656.0 28721.0 460.0 4618.0
37 42 41 0.0 0.0 6.0 1867.0 25742.0 402.0 3330.0
37 42 42 0.0 0.0 0.0 1124.0 14622.0 238.0 841.0
37 42 43 0.0 1.0 0.0 552.0 4525.0 80.0 79.0
37 42 44 0.0 0.0 0.0 2.0 106.0 1.0 0.0
37 43 36 0.0 0.0 0.0 2.0 51.0 1.0 0.0
37 43 37 0.0 0.0 0.0 172.0 1395.0 25.0 7.0
37 43 38 0.0 0.0 3.0 325.0 4063.0 73.0 46.0
37 43 39 0.0 0.0 2.0 915.0 9191.0 167.0 328.0
37 43 40 0.0 0.0 1.0 888.0 10090.0 164.0 362.0
37 43 41 0.0 0.0 0.0 811.0 8144.0 144.0 246.0
37 43 42 0.0 2.0 0.0 331.0 4710.0 89.0 70.0
37 43 43 0.0 0.0 0.0 80.0 1153.0 17.0 3.0
37 43 44 0.0 0.0 0.0 3.0 29.0 0.0 0.0
37 44 37 0.0 0.0 0.0 2.0 27.0 1.0 0.0
37 44 38 0.0 0.0 0.0 8.0 142.0 4.0 0.0
37 44 39 0.0 0.0 0.0 13.0 303.0 5.0 0.0
37 44 40 0.0 0.0 0.0 33.0 329.0 7.0 0.0
37 44 41 0.0 0.0 0.0 23.0 258.0 6.0 1.0
37 44 42 0.0 0.0 0.0 17.0 155.0 2.0 0.0
37 44 43 0.0 0.0 0.0 4.0 24.0 1.0 0.0
38 35 39 0.0 0.0 0.0 0.0 6.0 0.0 0.0
38 35 40 0.0 0.0 0.0 0.0 3.0 0.0 0.0
38 36 36 0.0 0.0 0.0 2.0 2.0 0.0 0.0
38 36 37 0.0 0.0 0.0 3.0 182.0 3.0 0.0
38 36 38 0.0 0.0 0.0 37.0 526.0 9.0 2.0
38 36 39 0.0 0.0 0.0 116.0 1081.0 14.0 4.0
38 36 40 0.0 0.0 0.0 101.0 1657.0 34.0 3.0
38 36 41 0.0 0.0 0.0 129.0 1324.0 22.0 4.0
38 36 42 0.0 0.0 0.0 45.0 605.0 9.0 1.0
38 36 43 0.0 0.0 0.0 14.0 154.0 3.0 0.0
38 36 44 0.0 0.0 0.0 0.0 19.0 1.0 0.0
38 37 36 0.0 0.0 0.0 4.0 105.0 3.0 0.0
38 37 37 0.0 0.0 0.0 456.0 4592.0 70.0 83.0
38 37 38 0.0 0.0 1.0 1276.0 15563.0 227.0 1007.0
38 37 39 0.0 0.0 3.0 2485.0 24577.0 358.0 3169.0
38 37 40 0.0 0.0 2.0 2696.0 28467.0 399.0 4609.0
38 37 41 0.0 0.0 2.0 1843.0 26249.0 376.0 3321.0
38 37 42 0.0 0.0 0.0 1279.0 16206.0 278.0 1111.0
38 37 43 0.0 0.0 0.0 550.0 5081.0 87.0 86.0
38 37 44 0.0 0.0 0.0 9.0 113.0 3.0 0.0
38 38 36 0.0 0.0 0.0 70.0 603.0 9.0 2.0
38 38 37 0.0 0.0 0.0 1812.0 15776.0 285.0 1116.0
38 38 38 0.0 0.0 0.0 3135.0 41571.0 493.0 26834.0
38 38 39 0.0 0.0 5.0 3184.0 38505.0 367.0 45101.0
38 38 40 0.0 1.0 6.0 3253.0 35033.0 332.0 54638.0
38 38 41 0.0 3.0 5.0 4029.0 37742.0 405.0 45525.0
38 38 42 0.0 0.0 1.0 3207.0 41228.0 496.0 22645.0
38 38 43 0.0 0.0 0.0 1488.0 15522.0 267.0 1020.0
38 38 44 0.0 0.0 0.0 63.0 588.0 8.0 1.0
38 38 45 0.0 0.0 0.0 0.0 2.0 0.0 0.0
38 39 35 0.0 0.0 0.0 0.0 5.0 0.0 0.0
38 39 36 0.0 1.0 0.0 144.0 1479.0 25.0 4.0
38 39 37 0.0 8.0 0.0 3142.0 25887.0 406.0 3807.0
38 39 38 0.0 1.0 6.0 4351.0 35270.0 355.0 50397.0
38 39 39 0.0 0.0 1.0 3175.0 28318.0 281.0 71558.0
38 39 40 0.0 3.0 2.0 2927.0 25386.0 213.0 78079.0
38 39 41 0.0 2.0 4.0 2818.0 29551.0 289.0 70017.0
38 39 42 0.0 2.0 6.0 3749.0 38191.0 403.0 43792.0
38 39 43 0.0 0.0 2.0 2174.0 25356.0 371.0 3311.0
38 39 44 0.0 0.0 0.0 107.0 1252.0 23.0 4.0
38 39 45 0.0 0.0 0.0 0.0 1.0 0.0 0.0
38 40 35 0.0 0.0 0.0 0.0 1.0 0.0 0.0
38 40 36 0.0 0.0 0.0 200.0 1843.0 29.0 8.0
38 40 37 0.0 0.0 6.0 2878.0 30936.0 431.0 5776.0
38 40 38 0.0 1.0 10.0 2693.0 33521.0 316.0 58708.0
38 40 39 0.0 1.0 9.0 2478.0 25156.0 207.0 79437.0
38 40 40 0.0 3.0 4.0 2215.0 22653.0 198.0 85237.0
38 40 41 0.0 2.0 4.0 2611.0 25727.0 202.0 77659.0
38 40 42 0.0 2.0 7.0 3116.0 35563.0 347.0 52614.0
38 40 43 0.0 0.0 1.0 2340.0 30313.0 457.0 5282.0
38 40 44 0.0 6.0 1.0 148.0 1665.0 29.0 8.0
38 41 35 0.0 0.0 0.0 0.0 7.0 0.0 0.0
38 41 36 0.0 0.0 0.0 113.0 1431.0 25.0 2.0
38 41 37 0.0 0.0 2.0 2711.0 27154.0 400.0 4087.0
38 41 38 0.0 3.0 6.0 2900.0 37222.0 358.0 48685.0
38 41 39 0.0 0.0 1.0 2424.0 29062.0 244.0 71493.0
38 41 40 0.0 0.0 1.0 2523.0 26429.0 230.0 77046.0
38 41 41 0.0 3.0 1.0 2725.0 30241.0 266.0 69065.0
38 41 42 0.0 0.0 7.0 3074.0 38182.0 393.0 46150.0
38 41 43 0.0 0.0 0.0 2614.0 23838.0 397.0 2993.0
38 41 44 0.0 0.0 0.0 165.0 1208.0 23.0 2.0
38 41 45 0.0 0.0 0.0 1.0 2.0 0.0 0.0
38 42 35 0.0 0.0 0.0 0.0 1.0 0.0 0.0
38 42 36 0.0 0.0 0.0 51.0 695.0 11.0 2.0
38 42 37 0.0 0.0 1.0 1339.0 16058.0 275.0 1114.0
38 42 38 0.0 2.0 1.0 3507.0 41436.0 477.0 26619.0
38 42 39 0.0 6.0 8.0 3384.0 38150.0 425.0 46359.0
38 42 40 0.0 2.0 7.0 3401.0 34932.0 384.0 53937.0
38 42 41 0.0 3.0 4.0 3606.0 37530.0 388.0 46614.0
38 42 42 0.0 3.0 0.0 3428.0 41287.0 495.0 23078.0
38 42 43 0.0 2.0 0.0 1357.0 15379.0 276.0 928.0
38 42 44 0.0 0.0 1.0 59.0 689.0 8.0 2.0
38 43 36 0.0 0.0 0.0 10.0 149.0 2.0 0.0
38 43 37 0.0 0.0 0.0 488.0 4840.0 75.0 75.0
38 43 38 0.0 1.0 0.0 1195.0 16143.0 270.0 1051.0
38 43 39 0.0 4.0 1.0 2349.0 24884.0 377.0 3338.0
38 43 40 0.0 0.0 2.0 2743.0 28543.0 399.0 4668.0
38 43 41 0.0 1.0 1.0 2354.0 25926.0 383.0 3518.0
38 43 42 0.0 1.0 4.0 1341.0 15893.0 252.0 1035.0
38 43 43 0.0 0.0 0.0 419.0 4121.0 71.0 55.0
38 43 44 0.0 0.0 0.0 19.0 143.0 4.0 0.0
38 44 36 0.0 0.0 0.0 1.0 8.0 0.0 0.0
38 44 37 0.0 0.0 0.0 9.0 107.0 2.0 0.0
38 44 38 0.0 0.0 0.0 90.0 612.0 9.0 0.0
38 44 39 0.0 0.0 0.0 81.0 1287.0 20.0 2.0
38 44 40 0.0 0.0 0.0 144.0 1576.0 26.0 8.0
38 44 41 0.0 0.0 0.0 105.0 1208.0 16.0 0.0
38 44 42 0.0 0.0 0.0 38.0 575.0 10.0 0.0
38 44 43 0.0 0.0 0.0 30.0 181.0 5.0 0.0
38 44 44 0.0 0.0 0.0 1.0 6.0 0.0 0.0
38 45 39 0.0 0.0 0.0 0.0 3.0 0.0 0.0
38 45 40 0.0 0.0 0.0 0.0 4.0 1.0 0.0
39 35 39 0.0 0.0 0.0 0.0 4.0 1.0 0.0
39 35 40 0.0 0.0 0.0 1.0 4.0 0.0 0.0
39 35 41 0.0 0.0 0.0 1.0 0.0 0.0 0.0
39 35 42 0.0 0.0 0.0 0.0 4.0 0.0 0.0
39 35 44 0.0 0.0 0.0 0.0 1.0 0.0 0.0
39 36 36 0.0 0.0 0.0 3.0 16.0 1.0 0.0
39 36 37 0.0 0.0 0.0 27.0 279.0 8.0 0.0
39 36 38 0.0 0.0 0.0 126.0 1222.0 22.0 4.0
39 36 39 0.0 0.0 0.0 244.0 2825.0 61.0 14.0
39 36 40 0.0 0.0 0.0 345.0 3297.0 62.0 25.0
39 36 41 0.0 0.0 0.0 313.0 2625.0 38.0 13.0
39 36 42 0.0 0.0 0.0 141.0 1236.0 16.0 5.0
39 36 43 0.0 0.0 0.0 50.0 415.0 11.0 0.0
39 36 44 0.0 0.0 0.0 3.0 17.0 1.0 0.0
39 37 36 0.0 0.0 0.0 41.0 274.0 1.0 1.0
39 37 37 0.0 0.0 0.0 851.0 8948.0 164.0 310.0
39 37 38 0.0 0.0 0.0 2280.0 25258.0 387.0 3283.0
39 37 39 0.0 0.0 2.0 3580.0 37131.0 513.0 10227.0
39 37 40 0.0 1.0 7.0 3938.0 39133.0 490.0 13863.0
39 37 41 0.0 1.0 0.0 3756.0 36358.0 521.0 9949.0
39 37 42 0.0 4.0 1.0 3039.0 25640.0 376.0 3681.0
39 37 43 0.0 0.0 0.0 826.0 10755.0 166.0 428.0
39 37 44 0.0 2.0 0.0 31.0 380.0 9.0 0.0
39 38 35 0.0 0.0 0.0 0.0 1.0 0.0 0.0
39 38 36 0.0 0.0 0.0 125.0 1149.0 29.0 2.0
39 38 37 0.0 0.0 5.0 2395.0 26715.0 429.0 3848.0
39 38 38 0.0 0.0 2.0 4699.0 36936.0 376.0 45395.0
39 38 39 0.0 2.0 2.0 2725.0 29404.0 282.0 70949.0
39 38 40 0.0 1.0 5.0 2658.0 26587.0 219.0 76184.0
39 38 41 0.0 1.0 1.0 2872.0 29239.0 260.0 69978.0
39 38 42 0.0 2.0 1.0 4053.0 36977.0 394.0 47573.0
39 38 43 0.0 1.0 0.0 2471.0 25686.0 374.0 3428.0
39 38 44 0.0 0.0 0.0 127.0 1597.0 24.0 6.0
39 38 45 0.0 0.0 0.0 0.0 3.0 0.0 0.0
39 39 35 0.0 0.0 0.0 0.0 3.0 0.0 0.0
39 39 36 0.0 0.0 1.0 341.0 2745.0 48.0 23.0
39 39 37 0.0 0.0 9.0 4028.0 36458.0 509.0 10342.0
39 39 38 0.0 0.0 1.0 2945.0 29326.0 279.0 70975.0
39 39 39 0.0 1.0 3.0 1282.0 12755.0 86.0 112989.0
39 39 40 0.0 0.0 3.0 1094.0 11138.0 77.0 117469.0
39 39 41 0.0 1.0 1.0 1379.0 12750.0 80.0 112356.0
39 39 42 0.0 4.0 4.0 2792.0 29003.0 217.0 71085.0
39 39 43 0.0 0.0 2.0 3091.0 36720.0 510.0 9895.0
39 39 44 0.0 0.0 0.0 288.0 2833.0 58.0 16.0
39 39 45 0.0 0.0 0.0 0.0 3.0 0.0 0.0
39 40 35 0.0 0.0 0.0 0.0 7.0 0.0 0.0
39 40 36 0.0 3.0 0.0 392.0 3352.0 53.0 33.0
39 40 37 0.0 2.0 9.0 3552.0 40518.0 483.0 14779.0
39 40 38 0.0 0.0 6.0 2411.0 25827.0 199.0 78762.0
39 40 39 0.0 0.0 1.0 1066.0 10502.0 71.0 119955.0
39 40 40 0.0 3.0 4.0 934.0 9128.0 56.0 123490.0
39 40 41 0.0 3.0 4.0 1103.0 11009.0 68.0 118407.0
39 40 42 0.0 0.0 4.0 2548.0 25991.0 239.0 78107.0
39 40 43 0.0 17.0 3.0 3538.0 40038.0 538.0 13742.0
39 40 44 0.0 1.0 0.0 263.0 3555.0 59.0 38.0
39 40 45 0.0 0.0 0.0 0.0 4.0 1.0 0.0
39 41 35 0.0 0.0 0.0 0.0 3.0 0.0 0.0
39 41 36 0.0 0.0 0.0 233.0 2845.0 48.0 15.0
39 41 37 0.0 1.0 1.0 3162.0 37534.0 499.0 10611.0
39 41 38 0.0 0.0 3.0 2611.0 29092.0 259.0 71976.0
39 41 39 0.0 0.0 2.0 1166.0 12576.0 92.0 114477.0
39 41 40 0.0 1.0 2.0 1107.0 11428.0 68.0 117066.0
39 41 41 0.0 4.0 1.0 1303.0 13018.0 80.0 112606.0
39 41 42 0.0 2.0 3.0 3234.0 29647.0 306.0 69645.0
39 41 43 0.0 16.0 5.0 3542.0 35667.0 478.0 9452.0
39 41 44 0.0 0.0 0.0 261.0 2415.0 47.0 9.0
39 41 45 0.0 0.0 0.0 1.0 4.0 0.0 0.0
39 42 35 0.0 0.0 0.0 0.0 2.0 1.0 0.0
39 42 36 0.0 0.0 0.0 135.0 1350.0 19.0 4.0
39 42 37 0.0 0.0 2.0 2156.0 26324.0 365.0 3502.0
39 42 38 0.0 0.0 6.0 3466.0 36899.0 362.0 47610.0
39 42 39 0.0 3.0 5.0 2910.0 29284.0 246.0 70775.0
39 42 40 0.0 7.0 3.0 2698.0 25918.0 231.0 77997.0
39 42 41 0.0 4.0 13.0 3021.0 29176.0 269.0 70515.0
39 42 42 0.0 4.0 14.0 4248.0 36996.0 396.0 45813.0
39 42 43 0.0 1.0 0.0 2460.0 25606.0 397.0 3498.0
39 42 44 0.0 0.0 0.0 204.0 1149.0 22.0 2.0
39 42 45 0.0 0.0 0.0 0.0 1.0 0.0 0.0
39 43 35 0.0 0.0 0.0 0.0 1.0 0.0 0.0
39 43 36 0.0 0.0 0.0 31.0 304.0 4.0 0.0
39 43 37 0.0 0.0 0.0 1067.0 8157.0 137.0 229.0
39 43 38 0.0 2.0 3.0 2183.0 25897.0 403.0 3430.0
39 43 39 0.0 5.0 8.0 3191.0 37003.0 505.0 10309.0
39 43 40 0.0 0.0 6.0 3524.0 39338.0 503.0 13230.0
39 43 41 0.0 3.0 0.0 3392.0 36455.0 516.0 9529.0
39 43 42 0.0 1.0 0.0 2549.0 26491.0 383.0 3597.0
39 43 43 0.0 0.0 0.0 937.0 9056.0 185.0 331.0
39 43 44 0.0 0.0 0.0 25.0 235.0 2.0 0.0
39 44 36 0.0 0.0 0.0 0.0 17.0 0.0 0.0
39 44 37 0.0 0.0 0.0 25.0 325.0 3.0 0.0
39 44 38 0.0 1.0 0.0 104.0 1302.0 19.0 3.0
39 44 39 0.0 0.0 0.0 214.0 2601.0 40.0 21.0
39 44 40 0.0 0.0 1.0 280.0 3368.0 52.0 36.0
39 44 41 0.0 0.0 0.0 188.0 2328.0 51.0 11.0
39 44 42 0.0 0.0 0.0 137.0 1263.0 25.0 5.0
39 44 43 0.0 0.0 0.0 18.0 314.0 9.0 0.0
39 44 44 0.0 0.0 0.0 0.0 15.0 0.0 0.0
39 45 38 0.0 0.0 0.0 1.0 1.0 0.0 0.0
39 45 40 0.0 0.0 0.0 0.0 6.0 0.0 0.0
39 45 41 0.0 0.0 0.0 0.0 13.0 0.0 0.0
39 45 42 0.0 0.0 0.0 0.0 1.0 0.0 0.0
40 35 38 0.0 0.0 0.0 0.0 1.0 0.0 0.0
40 35 39 0.0 0.0 0.0 0.0 4.0 0.0 0.0
40 35 41 0.0 0.0 0.0 0.0 4.0 0.0 0.0
40 35 44 0.0 0.0 0.0 0.0 1.0 0.0 0.0
40 36 36 0.0 0.0 0.0 1.0 32.0 0.0 0.0
40 36 37 0.0 0.0 0.0 38.0 394.0 10.0 0.0
40 36 38 0.0 0.0 2.0 135.0 1736.0 35.0 7.0
40 36 39 0.0 1.0 0.0 330.0 3499.0 66.0 28.0
40 36 40 0.0 0.0 0.0 349.0 4494.0 70.0 52.0
40 36 41 0.0 0.0 0.0 324.0 3800.0 65.0 42.0
40 36 42 0.0 0.0 1.0 183.0 1816.0 27.0 10.0
40 36 43 0.0 0.0 0.0 64.0 690.0 11.0 1.0
40 36 44 0.0 0.0 0.0 1.0 55.0 0.0 0.0
40 37 35 0.0 0.0 0.0 0.0 1.0 0.0 0.0
40 37 36 0.0 0.0 0.0 25.0 411.0 9.0 0.0
40 37 37 0.0 0.0 1.0 940.0 10874.0 172.0 451.0
40 37 38 0.0 0.0 0.0 2714.0 29724.0 425.0 5328.0
40 37 39 0.0 6.0 10.0 3971.0 39217.0 512.0 13865.0
40 37 40 0.0 2.0 1.0 3948.0 41026.0 503.0 18025.0
40 37 41 0.0 5.0 2.0 3904.0 39503.0 489.0 14319.0
40 37 42 0.0 0.0 4.0 3244.0 31075.0 436.0 6071.0
40 37 43 0.0 0.0 7.0 1384.0 13211.0 237.0 716.0
40 37 44 0.0 0.0 0.0 44.0 484.0 5.0 0.0
40 38 35 0.0 0.0 0.0 0.0 7.0 0.0 0.0
40 38 36 0.0 0.0 0.0 143.0 1637.0 25.0 3.0
40 38 37 0.0 0.0 6.0 3135.0 27920.0 421.0 4420.0
40 38 38 0.0 0.0 1.0 3519.0 35127.0 368.0 53907.0
40 38 39 0.0 1.0 11.0 2409.0 25710.0 227.0 78989.0
40 38 40 0.0 3.0 5.0 2285.0 21993.0 193.0 86545.0
40 38 41 0.0 4.0 1.0 2273.0 25436.0 196.0 79240.0
40 38 42 0.0 4.0 1.0 2979.0 33593.0 321.0 58521.0
40 38 43 0.0 2.0 4.0 2680.0 31263.0 429.0 5973.0
40 38 44 0.0 0.0 0.0 172.0 2018.0 34.0 7.0
40 38 45 0.0 0.0 0.0 0.0 6.0 0.0 0.0
40 39 35 0.0 0.0 0.0 2.0 3.0 0.0 0.0
40 39 36 0.0 0.0 2.0 286.0 3349.0 47.0 25.0
40 39 37 0.0 0.0 1.0 3621.0 39533.0 529.0 13316.0
40 39 38 0.0 2.0 6.0 2575.0 25248.0 229.0 79311.0
40 39 39 0.0 1.0 2.0 1139.0 11361.0 79.0 117152.0
40 39 40 0.0 0.0 4.0 872.0 9224.0 57.0 123005.0
40 39 41 0.0 3.0 2.0 1125.0 10705.0 73.0 119352.0
40 39 42 0.0 5.0 4.0 2537.0 24781.0 226.0 80156.0
40 39 43 0.0 9.0 12.0 3704.0 40821.0 506.0 15480.0
40 39 44 0.0 0.0 0.0 385.0 4080.0 57.0 50.0
40 39 45 0.0 0.0 0.0 0.0 6.0 0.0 0.0
40 40 35 0.0 0.0 0.0 0.0 6.0 0.0 0.0
40 40 36 0.0 2.0 3.0 422.0 4333.0 79.0 35.0
40 40 37 0.0 0.0 14.0 3896.0 41197.0 541.0 17076.0
40 40 38 0.0 0.0 5.0 2192.0 21803.0 160.0 86623.0
40 40 39 0.0 1.0 1.0 967.0 9559.0 64.0 122097.0
40 40 40 0.0 0.0 1.0 531.0 5080.0 27.0 144788.0
40 40 41 0.0 4.0 1.0 911.0 8796.0 65.0 123964.0
40 40 42 0.0 2.0 7.0 2051.0 21937.0 166.0 86153.0
40 40 43 0.0 9.0 14.0 3961.0 41491.0 483.0 18053.0
40 40 44 0.0 1.0 0.0 376.0 4874.0 92.0 58.0
40 40 45 0.0 0.0 0.0 0.0 3.0 0.0 0.0
40 41 35 0.0 0.0 0.0 1.0 4.0 1.0 0.0
40 41 36 0.0 0.0 0.0 354.0 3341.0 58.0 30.0
40 41 37 0.0 5.0 9.0 4104.0 39222.0 543.0 13669.0
40 41 38 0.0 0.0 5.0 2293.0 25555.0 228.0 79569.0
40 41 39 0.0 0.0 1.0 1040.0 11082.0 90.0 118436.0
40 41 40 0.0 3.0 3.0 854.0 9004.0 42.0 123364.0
40 41 41 0.0 1.0 0.0 1166.0 10789.0 72.0 118004.0
40 41 42 0.0 10.0 5.0 2486.0 26185.0 233.0 77353.0
40 41 43 0.0 4.0 1.0 3905.0 38813.0 538.0 12729.0
40 41 44 0.0 0.0 0.0 298.0 3350.0 58.0 38.0
40 41 45 0.0 0.0 0.0 0.0 2.0 0.0 0.0
40 42 35 0.0 0.0 0.0 0.0 1.0 0.0 0.0
40 42 36 0.0 0.0 0.0 122.0 1718.0 37.0 6.0
40 42 37 0.0 0.0 4.0 2828.0 28419.0 412.0 4653.0
40 42 38 0.0 0.0 9.0 3098.0 34899.0 334.0 53714.0
40 42 39 0.0 6.0 5.0 2302.0 26194.0 240.0 78293.0
40 42 40 0.0 1.0 7.0 1974.0 22908.0 179.0 85243.0
40 42 41 0.0 2.0 7.0 2722.0 25876.0 224.0 77613.0
40 42 42 0.0 2.0 1.0 4018.0 34185.0 349.0 54732.0
40 42 43 0.0 1.0 0.0 2886.0 27828.0 387.0 4184.0
40 42 44 0.0 0.0 0.0 123.0 1417.0 27.0 6.0
40 43 36 0.0 0.0 0.0 45.0 373.0 12.0 0.0
40 43 37 0.0 0.0 0.0 1131.0 10985.0 165.0 474.0
40 43 38 0.0 1.0 4.0 2667.0 28290.0 427.0 4485.0
40 43 39 0.0 2.0 0.0 3542.0 39438.0 533.0 12957.0
40 43 40 0.0 0.0 4.0 3683.0 41067.0 491.0 16660.0
40 43 41 0.0 1.0 2.0 3532.0 39350.0 554.0 13065.0
40 43 42 0.0 7.0 1.0 3139.0 28925.0 439.0 4873.0
40 43 43 0.0 0.0 0.0 947.0 9978.0 177.0 374.0
40 43 44 0.0 0.0 0.0 47.0 353.0 6.0 0.0
40 44 36 0.0 0.0 0.0 2.0 23.0 0.0 0.0
40 44 37 0.0 0.0 0.0 31.0 314.0 2.0 0.0
40 44 38 0.0 0.0 0.0 123.0 1475.0 33.0 0.0
40 44 39 0.0 0.0 1.0 339.0 3400.0 62.0 36.0
40 44 40 0.0 0.0 0.0 355.0 4282.0 79.0 39.0
40 44 41 0.0 0.0 1.0 256.0 3175.0 47.0 24.0
40 44 42 0.0 0.0 0.0 179.0 1510.0 37.0 7.0
40 44 43 0.0 0.0 0.0 55.0 366.0 4.0 0.0
40 44 44 0.0 0.0 0.0 2.0 36.0 0.0 0.0
40 45 38 0.0 0.0 0.0 0.0 3.0 0.0 0.0
40 45 39 0.0 0.0 0.0 1.0 1.0 0.0 0.0
40 45 40 0.0 0.0 0.0 0.0 4.0 0.0 0.0
40 45 41 0.0 0.0 0.0 0.0 4.0 0.0 0.0
41 35 39 0.0 0.0 0.0 0.0 6.0 0.0 0.0
41 35 40 0.0 0.0 0.0 0.0 5.0 0.0 0.0
41 35 41 0.0 0.0 0.0 1.0 2.0 0.0 0.0
41 36 36 0.0 0.0 0.0 1.0 21.0 0.0 0.0
41 36 37 0.0 0.0 0.0 23.0 329.0 2.0 0.0
41 36 38 0.0 0.0 0.0 191.0 1427.0 27.0 7.0
41 36 39 0.0 0.0 0.0 254.0 3029.0 36.0 24.0
41 36 40 0.0 0.0 0.0 296.0 3868.0 71.0 36.0
41 36 41 0.0 0.0 0.0 334.0 3288.0 54.0 23.0
41 36 42 0.0 0.0 0.0 166.0 1635.0 27.0 8.0
41 36 43 0.0 0.0 0.0 44.0 398.0 9.0 0.0
41 36 44 0.0 0.0 0.0 2.0 48.0 1.0 0.0
41 37 36 0.0 0.0 0.0 36.0 278.0 3.0 0.0
41 37 37 0.0 0.0 1.0 856.0 9088.0 159.0 317.0
41 37 38 0.0 0.0 1.0 2430.0 25888.0 430.0 3596.0
41 37 39 0.0 2.0 1.0 3596.0 37328.0 461.0 10749.0
41 37 40 0.0 0.0 1.0 3548.0 40845.0 523.0 15748.0
41 37 41 0.0 7.0 6.0 3997.0 38783.0 511.0 13098.0
41 37 42 0.0 5.0 2.0 2556.0 29959.0 410.0 5212.0
41 37 43 0.0 5.0 8.0 881.0 13876.0 239.0 803.0
41 37 44 0.0 0.0 0.0 56.0 513.0 6.0 1.0
41 37 45 0.0 0.0 0.0 3.0 0.0 0.0 0.0
41 38 35 0.0 0.0 0.0 0.0 1.0 0.0 0.0
41 38 36 0.0 0.0 0.0 141.0 1206.0 22.0 1.0
41 38 37 0.0 0.0 9.0 2919.0 24394.0 403.0 3385.0
41 38 38 0.0 4.0 3.0 4069.0 37525.0 389.0 46028.0
41 38 39 0.0 0.0 1.0 2901.0 28891.0 247.0 71651.0
41 38 40 0.0 1.0 13.0 2446.0 24381.0 219.0 81558.0
41 38 41 0.0 4.0 5.0 2455.0 26846.0 261.0 76800.0
41 38 42 0.0 2.0 5.0 2354.0 34342.0 315.0 57347.0
41 38 43 0.0 0.0 8.0 2596.0 30572.0 433.0 5547.0
41 38 44 0.0 0.0 0.0 147.0 1811.0 26.0 5.0
41 38 45 0.0 0.0 0.0 0.0 9.0 1.0 0.0
41 39 35 0.0 0.0 0.0 0.0 3.0 0.0 0.0
41 39 36 0.0 0.0 0.0 233.0 2702.0 50.0 20.0
41 39 37 0.0 0.0 0.0 3423.0 36446.0 506.0 9772.0
41 39 38 0.0 0.0 1.0 2871.0 30366.0 270.0 68905.0
41 39 39 0.0 0.0 1.0 1259.0 12502.0 91.0 114292.0
41 39 40 0.0 1.0 1.0 1035.0 10651.0 64.0 120139.0
41 39 41 0.0 0.0 2.0 997.0 11421.0 69.0 118699.0
41 39 42 0.0 6.0 7.0 2473.0 27337.0 226.0 76150.0
41 39 43 0.0 6.0 22.0 3088.0 40000.0 534.0 13689.0
41 39 44 0.0 4.0 1.0 327.0 3638.0 69.0 40.0
41 39 45 0.0 0.0 0.0 0.0 4.0 0.0 0.0
41 40 35 0.0 0.0 0.0 0.0 9.0 0.0 0.0
41 40 36 0.0 0.0 0.0 274.0 3659.0 73.0 33.0
41 40 37 0.0 2.0 7.0 3288.0 40262.0 519.0 14018.0
41 40 38 0.0 2.0 1.0 2628.0 25513.0 259.0 78924.0
41 40 39 0.0 1.0 3.0 1024.0 10707.0 70.0 119851.0
41 40 40 0.0 0.0 1.0 848.0 8733.0 49.0 124581.0
41 40 41 0.0 2.0 1.0 936.0 11163.0 70.0 118518.0
41 40 42 0.0 4.0 0.0 2293.0 25050.0 221.0 81032.0
41 40 43 0.0 4.0 1.0 3519.0 40947.0 508.0 15366.0
41 40 44 0.0 0.0 0.0 403.0 3991.0 62.0 43.0
41 40 45 0.0 0.0 0.0 2.0 3.0 0.0 0.0
41 41 35 0.0 0.0 0.0 0.0 2.0 0.0 0.0
41 41 36 0.0 0.0 0.0 205.0 3064.0 62.0 24.0
41 41 37 0.0 0.0 1.0 3520.0 36757.0 479.0 9939.0
41 41 38 0.0 2.0 7.0 2519.0 29884.0 248.0 71430.0
41 41 39 0.0 2.0 4.0 1169.0 13089.0 95.0 112867.0
41 41 40 0.0 4.0 3.0 1031.0 10822.0 68.0 118883.0
41 41 41 0.0 2.0 3.0 1244.0 12653.0 73.0 113960.0
41 41 42 0.0 5.0 3.0 3244.0 29242.0 278.0 70466.0
41 41 43 0.0 1.0 0.0 3491.0 37833.0 501.0 10980.0
41 41 44 0.0 0.0 0.0 237.0 2921.0 60.0 22.0
41 41 45 0.0 0.0 0.0 0.0 12.0 0.0 0.0
41 42 36 0.0 0.0 0.0 138.0 1293.0 29.0 2.0
41 42 37 0.0 0.0 2.0 2703.0 26109.0 397.0 3543.0
41 42 38 0.0 0.0 5.0 4175.0 37120.0 419.0 47099.0
41 42 39 0.0 1.0 7.0 2441.0 30067.0 236.0 70173.0
41 42 40 0.0 4.0 4.0 2342.0 26337.0 242.0 78110.0
41 42 41 0.0 1.0 6.0 2725.0 29792.0 265.0 70251.0
41 42 42 0.0 0.0 0.0 3682.0 36827.0 381.0 48709.0
41 42 43 0.0 0.0 0.0 2852.0 25135.0 420.0 3364.0
41 42 44 0.0 1.0 0.0 110.0 1181.0 23.0 1.0
41 42 45 0.0 0.0 0.0 0.0 1.0 0.0 0.0
41 43 36 0.0 0.0 0.0 23.0 257.0 3.0 0.0
41 43 37 0.0 0.0 1.0 1066.0 9061.0 141.0 328.0
41 43 38 0.0 0.0 0.0 2389.0 26183.0 400.0 3567.0
41 43 39 0.0 1.0 0.0 3019.0 37395.0 500.0 9936.0
41 43 40 0.0 8.0 0.0 3447.0 39037.0 486.0 12912.0
41 43 41 0.0 3.0 7.0 3490.0 36425.0 480.0 10130.0
41 43 42 0.0 9.0 0.0 2744.0 25983.0 417.0 3580.0
41 43 43 0.0 0.0 0.0 1101.0 9076.0 153.0 320.0
41 43 44 0.0 0.0 0.0 36.0 306.0 4.0 0.0
41 43 45 0.0 0.0 0.0 0.0 1.0 0.0 0.0
41 44 36 0.0 0.0 0.0 4.0 20.0 1.0 0.0
41 44 37 0.0 0.0 0.0 31.0 325.0 10.0 0.0
41 44 38 0.0 0.0 0.0 80.0 1274.0 29.0 3.0
41 44 39 0.0 0.0 0.0 188.0 2570.0 46.0 14.0
41 44 40 0.0 0.0 0.0 264.0 3426.0 57.0 31.0
41 44 41 0.0 0.0 0.0 289.0 2585.0 36.0 15.0
41 44 42 0.0 0.0 0.0 111.0 1235.0 23.0 5.0
41 44 43 0.0 0.0 0.0 28.0 311.0 6.0 0.0
41 44 44 0.0 0.0 0.0 0.0 16.0 0.0 0.0
41 45 38 0.0 0.0 0.0 2.0 0.0 0.0 0.0
41 45 39 0.0 0.0 0.0 0.0 3.0 0.0 0.0
41 45 40 0.0 0.0 0.0 1.0 1.0 0.0 0.0
41 45 41 0.0 0.0 0.0 0.0 1.0 0.0 0.0
41 45 42 0.0 0.0 0.0 0.0 1.0 0.0 0.0
42 35 38 0.0 0.0 0.0 0.0 2.0 0.0 0.0
42 35 40 0.0 0.0 0.0 0.0 5.0 0.0 0.0
42 35 41 0.0 0.0 0.0 0.0 7.0 0.0 0.0
42 36 36 0.0 0.0 0.0 1.0 12.0 0.0 0.0
42 36 37 0.0 0.0 0.0 11.0 98.0 1.0 0.0
42 36 38 0.0 0.0 0.0 74.0 602.0 9.0 0.0
42 36 39 0.0 0.0 0.0 120.0 1502.0 24.0 4.0
42 36 40 0.0 0.0 0.0 209.0 2060.0 36.0 10.0
42 36 41 0.0 0.0 0.0 177.0 1800.0 31.0 12.0
42 36 42 0.0 0.0 0.0 105.0 976.0 17.0 0.0
42 36 43 0.0 0.0 0.0 47.0 214.0 2.0 0.0
42 36 44 0.0 0.0 0.0 0.0 34.0 0.0 0.0
42 37 36 0.0 0.0 0.0 38.0 124.0 2.0 0.0
42 37 37 0.0 0.0 0.0 540.0 4994.0 92.0 91.0
42 37 38 0.0 0.0 0.0 1720.0 16291.0 267.0 1204.0
42 37 39 0.0 0.0 6.0 2598.0 28046.0 430.0 4500.0
42 37 40 0.0 2.0 6.0 3026.0 32082.0 450.0 6775.0
42 37 41 0.0 7.0 13.0 2775.0 30964.0 447.0 5784.0
42 37 42 0.0 0.0 2.0 1613.0 21267.0 305.0 2187.0
42 37 43 0.0 0.0 3.0 493.0 8177.0 142.0 240.0
42 37 44 0.0 0.0 0.0 33.0 246.0 1.0 0.0
42 37 45 0.0 0.0 0.0 0.0 1.0 0.0 0.0
42 38 36 0.0 0.0 4.0 33.0 672.0 9.0 2.0
42 38 37 0.0 0.0 4.0 1409.0 16093.0 253.0 1180.0
42 38 38 0.0 1.0 7.0 3321.0 40838.0 466.0 31694.0
42 38 39 0.0 0.0 0.0 3512.0 35994.0 361.0 51405.0
42 38 40 0.0 7.0 3.0 3068.0 31371.0 299.0 62437.0
42 38 41 0.0 3.0 7.0 2530.0 34325.0 361.0 57706.0
42 38 42 0.0 2.0 2.0 2741.0 39704.0 423.0 40014.0
42 38 43 0.0 0.0 0.0 1558.0 22770.0 368.0 2420.0
42 38 44 0.0 0.0 0.0 66.0 955.0 13.0 0.0
42 38 45 0.0 0.0 0.0 0.0 2.0 0.0 0.0
42 39 35 0.0 0.0 0.0 0.0 1.0 0.0 0.0
42 39 36 0.0 0.0 0.0 127.0 1392.0 24.0 7.0
42 39 37 0.0 0.0 1.0 2350.0 26348.0 419.0 3703.0
42 39 38 0.0 0.0 1.0 2977.0 36574.0 406.0 51478.0
42 39 39 0.0 5.0 6.0 2978.0 28854.0 237.0 71935.0
42 39 40 0.0 3.0 3.0 2324.0 23709.0 190.0 82737.0
42 39 41 0.0 4.0 10.0 2417.0 27038.0 241.0 76110.0
42 39 42 0.0 5.0 14.0 2416.0 34272.0 310.0 57727.0
42 39 43 0.0 0.0 0.0 2360.0 30762.0 484.0 5176.0
42 39 44 0.0 0.0 0.0 126.0 1776.0 27.0 6.0
42 39 45 0.0 0.0 0.0 0.0 1.0 0.0 0.0
42 40 36 0.0 0.0 0.0 193.0 1691.0 38.0 5.0
42 40 37 0.0 0.0 2.0 2304.0 30012.0 438.0 5053.0
42 40 38 0.0 0.0 1.0 2809.0 34854.0 332.0 55462.0
42 40 39 0.0 0.0 1.0 2062.0 25627.0 211.0 80426.0
42 40 40 0.0 2.0 2.0 1945.0 21903.0 192.0 87028.0
42 40 41 0.0 0.0 6.0 2086.0 24948.0 208.0 81220.0
42 40 42 0.0 1.0 5.0 2576.0 33148.0 320.0 60612.0
42 40 43 0.0 0.0 2.0 3270.0 32010.0 469.0 6780.0
42 40 44 0.0 0.0 0.0 180.0 2063.0 37.0 10.0
42 40 45 0.0 0.0 0.0 0.0 7.0 0.0 0.0
42 41 35 0.0 0.0 0.0 0.0 1.0 0.0 0.0
42 41 36 0.0 0.0 0.0 105.0 1303.0 17.0 3.0
42 41 37 0.0 0.0 4.0 2455.0 25758.0 413.0 3348.0
42 41 38 0.0 0.0 6.0 2883.0 37946.0 361.0 47557.0
42 41 39 0.0 0.0 2.0 2046.0 30806.0 245.0 70247.0
42 41 40 0.0 2.0 2.0 2039.0 25400.0 213.0 79975.0
42 41 41 0.0 2.0 2.0 2535.0 29194.0 259.0 72269.0
42 41 42 0.0 1.0 2.0 2958.0 37637.0 393.0 48695.0
42 41 43 0.0 11.0 0.0 2381.0 28624.0 475.0 4489.0
42 41 44 0.0 0.0 0.0 123.0 1397.0 28.0 3.0
42 41 45 0.0 0.0 0.0 0.0 1.0 0.0 0.0
42 42 36 0.0 0.0 0.0 55.0 597.0 13.0 0.0
42 42 37 0.0 0.0 0.0 1608.0 16107.0 250.0 1171.0
42 42 38 0.0 5.0 3.0 4265.0 40207.0 511.0 24290.0
42 42 39 0.0 1.0 4.0 2860.0 37616.0 377.0 48276.0
42 42 40 0.0 5.0 0.0 2904.0 34685.0 344.0 56355.0
42 42 41 0.0 1.0 3.0 4100.0 36269.0 380.0 48719.0
42 42 42 0.0 13.0 0.0 3522.0 41159.0 477.0 26243.0
42 42 43 0.0 5.0 0.0 1475.0 16042.0 270.0 1104.0
42 42 44 0.0 0.0 0.0 43.0 631.0 18.0 0.0
42 42 45 0.0 0.0 0.0 0.0 3.0 0.0 0.0
42 43 36 0.0 0.0 0.0 16.0 132.0 3.0 0.0
42 43 37 0.0 0.0 0.0 575.0 4281.0 79.0 80.0
42 43 38 0.0 0.0 0.0 1361.0 15537.0 252.0 923.0
42 43 39 0.0 2.0 6.0 1954.0 26519.0 411.0 3664.0
42 43 40 0.0 0.0 1.0 2735.0 28625.0 410.0 4542.0
42 43 41 0.0 1.0 0.0 2473.0 25777.0 392.0 3611.0
42 43 42 0.0 1.0 1.0 1356.0 15803.0 245.0 1060.0
42 43 43 0.0 0.0 0.0 514.0 4956.0 95.0 85.0
42 43 44 0.0 0.0 0.0 19.0 98.0 2.0 0.0
42 44 36 0.0 0.0 0.0 2.0 6.0 0.0 0.0
42 44 37 0.0 0.0 0.0 9.0 115.0 1.0 0.0
42 44 38 0.0 0.0 0.0 69.0 647.0 10.0 2.0
42 44 39 0.0 0.0 0.0 108.0 1206.0 24.0 5.0
42 44 40 0.0 0.0 0.0 119.0 1664.0 30.0 3.0
42 44 41 0.0 0.0 0.0 129.0 1201.0 27.0 3.0
42 44 42 0.0 0.0 0.0 72.0 598.0 10.0 0.0
42 44 43 0.0 0.0 0.0 6.0 141.0 2.0 0.0
42 44 44 0.0 0.0 0.0 0.0 8.0 0.0 0.0
42 45 39 0.0 0.0 0.0 0.0 1.0 0.0 0.0
42 45 42 0.0 0.0 0.0 1.0 0.0 0.0 0.0
43 36 36 0.0 0.0 0.0 6.0 2.0 0.0 0.0
43 36 37 0.0 0.0 0.0 3.0 43.0 1.0 0.0
43 36 38 0.0 0.0 0.0 22.0 209.0 3.0 0.0
43 36 39 0.0 0.0 0.0 33.0 479.0 11.0 0.0
43 36 40 0.0 0.0 0.0 59.0 696.0 10.0 1.0
43 36 41 0.0 0.0 0.0 41.0 520.0 9.0 0.0
43 36 42 0.0 0.0 0.0 16.0 244.0 5.0 0.0
43 36 43 0.0 0.0 0.0 12.0 58.0 2.0 0.0
43 36 44 0.0 0.0 0.0 2.0 11.0 0.0 0.0
43 37 36 0.0 0.0 0.0 2.0 34.0 1.0 0.0
43 37 37 0.0 0.0 0.0 100.0 1548.0 31.0 5.0
43 37 38 0.0 0.0 0.0 664.0 5838.0 112.0 125.0
43 37 39 0.0 0.0 0.0 923.0 11882.0 197.0 537.0
43 37 40 0.0 1.0 2.0 1210.0 14751.0 232.0 906.0
43 37 41 0.0 0.0 3.0 1137.0 12841.0 195.0 625.0
43 37 42 0.0 0.0 0.0 397.0 8832.0 141.0 291.0
43 37 43 0.0 0.0 0.0 109.0 3022.0 42.0 31.0
43 37 44 0.0 0.0 0.0 19.0 99.0 3.0 0.0
43 38 36 0.0 0.0 0.0 9.0 135.0 0.0 0.0
43 38 37 0.0 0.0 0.0 457.0 6521.0 116.0 162.0
43 38 38 0.0 0.0 1.0 1839.0 17160.0 292.0 1295.0
43 38 39 0.0 0.0 2.0 2584.0 29726.0 449.0 5188.0
43 38 40 0.0 0.0 2.0 2637.0 33683.0 474.0 7521.0
43 38 41 0.0 0.0 1.0 2872.0 32170.0 478.0 6440.0
43 38 42 0.0 0.0 3.0 1522.0 21584.0 382.0 2196.0
43 38 43 0.0 0.0 1.0 496.0 8554.0 149.0 214.0
43 38 44 0.0 0.0 0.0 13.0 280.0 2.0 0.0
43 39 36 0.0 0.0 0.0 36.0 300.0 4.0 0.0
43 39 37 0.0 0.0 0.0 752.0 10887.0 188.0 420.0
43 39 38 0.0 0.0 3.0 2320.0 27260.0 442.0 3996.0
43 39 39 0.0 0.0 6.0 3900.0 38643.0 492.0 12467.0
43 39 40 0.0 7.0 5.0 3716.0 40815.0 526.0 16293.0
43 39 41 0.0 6.0 3.0 3299.0 40612.0 584.0 14128.0
43 39 42 0.0 0.0 18.0 2247.0 32034.0 439.0 6349.0
43 39 43 0.0 0.0 0.0 886.0 13314.0 225.0 635.0
43 39 44 0.0 0.0 0.0 35.0 502.0 11.0 1.0
43 40 35 0.0 0.0 0.0 0.0 4.0 0.0 0.0
43 40 36 0.0 0.0 0.0 33.0 457.0 7.0 0.0
43 40 37 0.0 0.0 0.0 786.0 12783.0 197.0 593.0
43 40 38 0.0 0.0 5.0 2380.0 30360.0 454.0 5097.0
43 40 39 0.0 1.0 5.0 3448.0 39798.0 496.0 13945.0
43 40 40 0.0 0.0 13.0 3128.0 42819.0 517.0 20130.0
43 40 41 0.0 10.0 3.0 3963.0 40302.0 552.0 16188.0
43 40 42 0.0 8.0 1.0 2804.0 32078.0 450.0 6517.0
43 40 43 0.0 0.0 1.0 1045.0 14504.0 222.0 804.0
43 40 44 0.0 0.0 0.0 63.0 517.0 6.0 0.0
43 41 35 0.0 0.0 0.0 0.0 2.0 0.0 0.0
43 41 36 0.0 0.0 1.0 30.0 271.0 5.0 0.0
43 41 37 0.0 0.0 0.0 730.0 9666.0 182.0 347.0
43 41 38 0.0 0.0 2.0 1761.0 26441.0 420.0 3436.0
43 41 39 0.0 0.0 2.0 2767.0 37888.0 521.0 10739.0
43 41 40 0.0 0.0 17.0 3281.0 40393.0 550.0 14980.0
43 41 41 0.0 3.0 0.0 2889.0 38952.0 488.0 12089.0
43 41 42 0.0 0.0 0.0 2339.0 26890.0 400.0 3944.0
43 41 43 0.0 1.0 0.0 816.0 10642.0 171.0 418.0
43 41 44 0.0 0.0 0.0 46.0 392.0 7.0 0.0
43 42 36 0.0 0.0 0.0 5.0 103.0 2.0 0.0
43 42 37 0.0 0.0 0.0 364.0 5179.0 97.0 96.0
43 42 38 0.0 0.0 3.0 992.0 15915.0 269.0 1067.0
43 42 39 0.0 0.0 3.0 1819.0 26539.0 392.0 3509.0
43 42 40 0.0 2.0 2.0 2183.0 31296.0 450.0 5681.0
43 42 41 0.0 1.0 0.0 2594.0 26765.0 419.0 3911.0
43 42 42 0.0 0.0 1.0 1646.0 16843.0 282.0 1209.0
43 42 43 0.0 0.0 0.0 546.0 4422.0 82.0 79.0
43 42 44 0.0 0.0 0.0 6.0 188.0 3.0 0.0
43 43 36 0.0 0.0 0.0 1.0 33.0 0.0 0.0
43 43 37 0.0 0.0 1.0 81.0 1098.0 21.0 4.0
43 43 38 0.0 0.0 0.0 324.0 4877.0 87.0 65.0
43 43 39 0.0 0.0 0.0 441.0 9893.0 165.0 320.0
43 43 40 0.0 1.0 0.0 1254.0 12208.0 201.0 601.0
43 43 41 0.0 4.0 0.0 982.0 9766.0 184.0 339.0
43 43 42 0.0 3.0 0.0 542.0 4693.0 70.0 78.0
43 43 43 0.0 0.0 0.0 68.0 1229.0 19.0 4.0
43 43 44 0.0 0.0 0.0 7.0 19.0 0.0 0.0
43 44 36 0.0 0.0 0.0 0.0 1.0 0.0 0.0
43 44 37 0.0 0.0 0.0 1.0 19.0 0.0 0.0
43 44 38 0.0 0.0 0.0 9.0 145.0 2.0 0.0
43 44 39 0.0 0.0 0.0 41.0 321.0 7.0 0.0
43 44 40 0.0 0.0 0.0 26.0 397.0 8.0 0.0
43 44 41 0.0 0.0 0.0 16.0 348.0 6.0 0.0
43 44 42 0.0 0.0 0.0 4.0 123.0 2.0 0.0
43 44 43 0.0 0.0 0.0 3.0 47.0 0.0 0.0
43 45 39 0.0 0.0 0.0 0.0 1.0 0.0 0.0
44 36 37 0.0 0.0 0.0 0.0 1.0 0.0 0.0
44 36 38 0.0 0.0 0.0 1.0 8.0 0.0 0.0
44 36 39 0.0 0.0 0.0 5.0 44.0 2.0 0.0
44 36 40 0.0 0.0 0.0 0.0 38.0 0.0 0.0
44 36 41 0.0 0.0 0.0 0.0 38.0 0.0 0.0
44 36 42 0.0 0.0 0.0 7.0 27.0 0.0 0.0
44 36 43 0.0 0.0 0.0 2.0 9.0 0.0 0.0
44 36 44 0.0 0.0 0.0 0.0 3.0 0.0 0.0
44 37 36 0.0 0.0 0.0 0.0 3.0 0.0 0.0
44 37 37 0.0 0.0 0.0 4.0 42.0 2.0 0.0
44 37 38 0.0 0.0 0.0 27.0 213.0 2.0 0.0
44 37 39 0.0 0.0 0.0 52.0 491.0 11.0 0.0
44 37 40 0.0 0.0 0.0 75.0 679.0 18.0 0.0
44 37 41 0.0 0.0 0.0 65.0 600.0 13.0 0.0
44 37 42 0.0 0.0 0.0 22.0 293.0 3.0 2.0
44 37 43 0.0 0.0 0.0 3.0 94.0 2.0 0.0
44 37 44 0.0 0.0 0.0 1.0 0.0 0.0 0.0
44 38 36 0.0 0.0 0.0 0.0 19.0 0.0 0.0
44 38 37 0.0 0.0 2.0 21.0 186.0 6.0 0.0
44 38 38 0.0 0.0 0.0 51.0 778.0 19.0 1.0
44 38 39 0.0 0.0 0.0 155.0 1817.0 29.0 10.0
44 38 40 0.0 1.0 2.0 213.0 2507.0 40.0 17.0
44 38 41 0.0 0.0 0.0 195.0 2067.0 48.0 8.0
44 38 42 0.0 0.0 0.0 47.0 1045.0 17.0 2.0
44 38 43 0.0 0.0 0.0 18.0 286.0 10.0 0.0
44 38 44 0.0 0.0 0.0 0.0 17.0 0.0 0.0
44 39 36 0.0 0.0 0.0 0.0 30.0 2.0 0.0
44 39 37 0.0 0.0 0.0 29.0 402.0 6.0 0.0
44 39 38 0.0 0.0 0.0 114.0 1542.0 26.0 7.0
44 39 39 0.0 0.0 0.0 292.0 3134.0 51.0 25.0
44 39 40 0.0 0.0 0.0 341.0 4376.0 79.0 44.0
44 39 41 0.0 1.0 0.0 281.0 3439.0 59.0 30.0
44 39 42 0.0 2.0 0.0 135.0 2023.0 47.0 11.0
44 39 43 0.0 0.0 0.0 16.0 557.0 11.0 0.0
44 39 44 0.0 0.0 0.0 1.0 48.0 1.0 0.0
44 40 36 0.0 0.0 0.0 1.0 26.0 0.0 0.0
44 40 37 0.0 0.0 0.0 28.0 419.0 6.0 0.0
44 40 38 0.0 0.0 0.0 201.0 1817.0 38.0 4.0
44 40 39 0.0 0.0 0.0 303.0 4058.0 80.0 26.0
44 40 40 0.0 1.0 1.0 416.0 5436.0 89.0 86.0
44 40 41 0.0 1.0 0.0 283.0 4412.0 75.0 52.0
44 40 42 0.0 0.0 0.0 148.0 2103.0 34.0 11.0
44 40 43 0.0 0.0 0.0 72.0 610.0 7.0 1.0
44 40 44 0.0 0.0 0.0 6.0 50.0 0.0 0.0
44 41 36 0.0 0.0 0.0 0.0 40.0 2.0 0.0
44 41 37 0.0 0.0 0.0 18.0 397.0 7.0 0.0
44 41 38 0.0 0.0 0.0 96.0 1335.0 28.0 6.0
44 41 39 0.0 0.0 0.0 198.0 2938.0 53.0 13.0
44 41 40 0.0 0.0 1.0 348.0 4177.0 61.0 46.0
44 41 41 0.0 0.0 0.0 273.0 3391.0 68.0 25.0
44 41 42 0.0 0.0 0.0 145.0 1590.0 32.0 9.0
44 41 43 0.0 0.0 0.0 16.0 345.0 7.0 0.0
44 41 44 0.0 0.0 0.0 0.0 22.0 1.0 0.0
44 42 36 0.0 0.0 0.0 0.0 7.0 0.0 0.0
44 42 37 0.0 0.0 0.0 6.0 132.0 3.0 0.0
44 42 38 0.0 0.0 0.0 53.0 634.0 10.0 0.0
44 42 39 0.0 0.0 0.0 102.0 1369.0 35.0 7.0
44 42 40 0.0 0.0 0.0 184.0 1810.0 25.0 10.0
44 42 41 0.0 0.0 0.0 90.0 1612.0 19.0 5.0
44 42 42 0.0 0.0 0.0 54.0 753.0 14.0 1.0
44 42 43 0.0 0.0 0.0 16.0 131.0 4.0 0.0
44 42 44 0.0 0.0 0.0 0.0 7.0 0.0 0.0
44 43 36 0.0 0.0 0.0 1.0 1.0 0.0 0.0
44 43 37 0.0 0.0 0.0 4.0 24.0 0.0 0.0
44 43 38 0.0 0.0 0.0 1.0 155.0 1.0 0.0
44 43 39 0.0 0.0 0.0 18.0 395.0 5.0 1.0
44 43 40 0.0 0.0 0.0 25.0 365.0 7.0 0.0
44 43 41 0.0 0.0 0.0 39.0 425.0 11.0 0.0
44 43 42 0.0 0.0 0.0 38.0 188.0 4.0 0.0
44 43 43 0.0 0.0 0.0 1.0 29.0 1.0 0.0
44 43 44 0.0 0.0 0.0 0.0 6.0 0.0 0.0
44 44 36 0.0 0.0 0.0 0.0 1.0 0.0 0.0
44 44 37 0.0 0.0 0.0 0.0 1.0 0.0 0.0
44 44 38 0.0 0.0 0.0 2.0 6.0 0.0 0.0
44 44 39 0.0 0.0 0.0 1.0 17.0 0.0 0.0
44 44 40 0.0 0.0 0.0 4.0 59.0 0.0 0.0
44 44 41 0.0 0.0 0.0 2.0 33.0 0.0 0.0
44 44 42 0.0 0.0 0.0 0.0 15.0 1.0 0.0
44 44 43 0.0 0.0 0.0 0.0 2.0 0.0 0.0
45 37 40 0.0 0.0 0.0 0.0 2.0 0.0 0.0
45 38 39 0.0 0.0 0.0 0.0 1.0 0.0 0.0
45 38 40 0.0 0.0 0.0 2.0 7.0 0.0 0.0
45 38 41 0.0 0.0 0.0 0.0 2.0 0.0 0.0
45 38 42 0.0 0.0 0.0 1.0 0.0 0.0 0.0
45 39 37 0.0 0.0 0.0 0.0 1.0 0.0 0.0
45 39 38 0.0 0.0 0.0 0.0 1.0 0.0 0.0
45 39 39 0.0 0.0 0.0 0.0 4.0 0.0 0.0
45 39 40 0.0 0.0 0.0 0.0 4.0 0.0 0.0
45 39 41 0.0 0.0 0.0 1.0 5.0 0.0 0.0
45 39 42 0.0 0.0 0.0 2.0 3.0 0.0 0.0
45 39 43 0.0 0.0 0.0 0.0 1.0 0.0 0.0
45 40 38 0.0 0.0 0.0 0.0 1.0 0.0 0.0
45 40 39 0.0 0.0 0.0 0.0 8.0 0.0 0.0
45 40 40 0.0 0.0 0.0 0.0 16.0 2.0 0.0
45 40 41 0.0 0.0 0.0 1.0 4.0 0.0 0.0
45 40 42 0.0 0.0 0.0 1.0 1.0 0.0 0.0
45 41 38 0.0 0.0 0.0 0.0 1.0 0.0 0.0
45 41 39 0.0 0.0 0.0 0.0 7.0 0.0 0.0
45 41 40 0.0 0.0 0.0 0.0 5.0 0.0 0.0
45 41 41 0.0 0.0 0.0 0.0 7.0 0.0 0.0
45 41 42 0.0 0.0 0.0 0.0 1.0 0.0 0.0
45 42 38 0.0 0.0 0.0 0.0 1.0 0.0 0.0
45 42 40 0.0 0.0 0.0 0.0 3.0 0.0 0.0
45 43 38 0.0 0.0 0.0 0.0 2.0 0.0 0.0
