39 39 39 0.0 0.0 1.0 0.0 32.0 0.0 0.0
39 39 40 0.0 0.0 0.0 5.0 46.0 1.0 0.0
39 39 41 0.0 0.0 1.0 8.0 46.0 1.0 0.0
39 40 39 0.0 0.0 6.0 32.0 112.0 3.0 0.0
39 40 40 0.0 0.0 4.0 9.0 70.0 3.0 0.0
39 40 41 0.0 0.0 4.0 1.0 77.0 0.0 1.0
39 41 39 0.0 0.0 3.0 4.0 60.0 1.0 0.0
39 41 40 0.0 0.0 0.0 0.0 36.0 0.0 0.0
39 41 41 0.0 0.0 1.0 5.0 22.0 0.0 0.0
40 39 39 0.0 0.0 0.0 2.0 33.0 2.0 0.0
40 39 40 0.0 2.0 1.0 13.0 50.0 1.0 0.0
40 39 41 0.0 0.0 3.0 14.0 66.0 2.0 0.0
40 40 39 0.0 0.0 0.0 11.0 45.0 1.0 0.0
40 40 40 6.0 129.0 517.0 2261.0 14794.0 247.0 1395.0
40 40 41 1.0 3.0 5.0 6.0 58.0 1.0 0.0
40 41 39 0.0 2.0 1.0 10.0 64.0 3.0 0.0
40 41 40 0.0 0.0 6.0 7.0 67.0 4.0 0.0
40 41 41 0.0 0.0 5.0 15.0 69.0 1.0 0.0
41 39 39 0.0 0.0 2.0 3.0 47.0 0.0 0.0
41 39 40 0.0 1.0 0.0 18.0 94.0 1.0 0.0
41 39 41 1.0 2.0 16.0 7.0 193.0 6.0 0.0
41 40 39 0.0 0.0 7.0 6.0 94.0 1.0 0.0
41 40 40 0.0 0.0 1.0 4.0 88.0 3.0 0.0
41 40 41 0.0 0.0 0.0 1.0 40.0 2.0 0.0
41 41 39 0.0 0.0 2.0 2.0 26.0 0.0 0.0
41 41 40 0.0 0.0 10.0 1.0 62.0 0.0 0.0
41 41 41 0.0 1.0 0.0 4.0 54.0 1.0 0.0
