33 41 39 0.0 0.0 0.0 0.0 2.0 0.0 0.0
34 36 37 0.0 0.0 0.0 0.0 1.0 0.0 0.0
34 36 38 0.0 0.0 0.0 0.0 3.0 0.0 0.0
34 36 40 0.0 0.0 0.0 0.0 7.0 1.0 0.0
34 36 41 0.0 0.0 0.0 0.0 1.0 0.0 0.0
34 36 42 0.0 0.0 0.0 0.0 1.0 0.0 0.0
34 37 36 0.0 0.0 0.0 0.0 2.0 0.0 0.0
34 37 37 0.0 0.0 0.0 0.0 1.0 0.0 0.0
34 37 38 0.0 0.0 0.0 2.0 8.0 0.0 0.0
34 37 39 0.0 0.0 0.0 6.0 22.0 0.0 0.0
34 37 40 0.0 0.0 0.0 1.0 45.0 0.0 0.0
34 37 41 0.0 0.0 0.0 4.0 26.0 0.0 0.0
34 37 42 0.0 0.0 0.0 2.0 16.0 0.0 0.0
34 37 43 0.0 0.0 0.0 0.0 6.0 0.0 0.0
34 38 36 0.0 0.0 0.0 0.0 4.0 0.0 0.0
34 38 37 0.0 0.0 0.0 2.0 8.0 0.0 0.0
34 38 38 0.0 0.0 0.0 3.0 37.0 1.0 0.0
34 38 39 0.0 0.0 0.0 6.0 93.0 2.0 0.0
34 38 40 0.0 0.0 0.0 3.0 98.0 0.0 0.0
34 38 41 0.0 0.0 0.0 23.0 104.0 3.0 0.0
34 38 42 0.0 0.0 0.0 1.0 46.0 0.0 0.0
34 38 43 0.0 0.0 0.0 0.0 5.0 0.0 0.0
34 39 36 0.0 0.0 0.0 0.0 4.0 0.0 0.0
34 39 37 0.0 0.0 0.0 2.0 28.0 0.0 0.0
34 39 38 0.0 0.0 0.0 4.0 75.0 2.0 0.0
34 39 39 0.0 0.0 0.0 28.0 190.0 4.0 0.0
34 39 40 0.0 0.0 0.0 43.0 171.0 4.0 0.0
34 39 41 0.0 0.0 0.0 13.0 209.0 7.0 0.0
34 39 42 0.0 0.0 0.0 6.0 79.0 4.0 0.0
34 39 43 0.0 0.0 0.0 1.0 21.0 0.0 0.0
34 39 44 0.0 0.0 0.0 0.0 1.0 0.0 0.0
34 40 36 0.0 0.0 0.0 0.0 9.0 0.0 0.0
34 40 37 0.0 0.0 0.0 7.0 45.0 0.0 0.0
34 40 38 0.0 0.0 0.0 9.0 115.0 1.0 0.0
34 40 39 0.0 0.0 0.0 11.0 297.0 6.0 0.0
34 40 40 0.0 0.0 0.0 30.0 300.0 7.0 0.0
34 40 41 0.0 0.0 0.0 22.0 241.0 6.0 0.0
34 40 42 0.0 0.0 0.0 3.0 110.0 2.0 0.0
34 40 43 0.0 0.0 0.0 3.0 21.0 0.0 0.0
34 41 36 0.0 0.0 0.0 0.0 5.0 0.0 0.0
34 41 37 0.0 0.0 0.0 3.0 25.0 1.0 0.0
34 41 38 0.0 0.0 0.0 11.0 83.0 3.0 0.0
34 41 39 0.0 0.0 0.0 11.0 174.0 0.0 0.0
34 41 40 0.0 0.0 0.0 40.0 204.0 2.0 0.0
34 41 41 0.0 0.0 0.0 9.0 176.0 3.0 0.0
34 41 42 0.0 0.0 0.0 6.0 94.0 1.0 0.0
34 41 43 0.0 0.0 0.0 1.0 14.0 0.0 0.0
34 41 44 0.0 0.0 0.0 0.0 1.0 0.0 0.0
34 42 36 0.0 0.0 0.0 0.0 3.0 0.0 0.0
34 42 37 0.0 0.0 0.0 1.0 5.0 0.0 0.0
34 42 38 0.0 0.0 0.0 0.0 62.0 2.0 0.0
34 42 39 0.0 0.0 0.0 21.0 96.0 3.0 0.0
34 42 40 0.0 0.0 0.0 14.0 111.0 0.0 0.0
34 42 41 0.0 0.0 0.0 6.0 53.0 1.0 0.0
34 42 42 0.0 0.0 0.0 2.0 23.0 0.0 0.0
34 42 43 0.0 0.0 0.0 1.0 12.0 0.0 0.0
34 42 44 0.0 0.0 0.0 0.0 5.0 0.0 0.0
34 43 35 0.0 0.0 0.0 0.0 2.0 0.0 0.0
34 43 36 0.0 0.0 0.0 0.0 1.0 0.0 0.0
34 43 37 0.0 0.0 0.0 0.0 1.0 0.0 0.0
34 43 38 0.0 0.0 0.0 2.0 15.0 0.0 0.0
34 43 39 0.0 0.0 0.0 0.0 31.0 1.0 0.0
34 43 40 0.0 0.0 0.0 1.0 30.0 0.0 0.0
34 43 41 0.0 0.0 0.0 0.0 22.0 0.0 0.0
34 43 42 0.0 0.0 0.0 0.0 8.0 0.0 0.0
34 44 39 0.0 0.0 0.0 0.0 4.0 0.0 0.0
34 44 40 0.0 0.0 0.0 0.0 2.0 0.0 0.0
34 44 41 0.0 0.0 0.0 0.0 1.0 0.0 0.0
34 44 42 0.0 0.0 0.0 0.0 1.0 0.0 0.0
34 45 39 0.0 0.0 0.0 0.0 1.0 0.0 0.0
35 34 37 0.0 0.0 0.0 0.0 1.0 0.0 0.0
35 35 37 0.0 0.0 0.0 0.0 11.0 0.0 0.0
35 35 38 0.0 0.0 0.0 0.0 18.0 0.0 0.0
35 35 39 0.0 0.0 0.0 5.0 53.0 2.0 0.0
35 35 40 0.0 0.0 0.0 2.0 56.0 0.0 0.0
35 35 41 0.0 0.0 0.0 2.0 47.0 3.0 0.0
35 35 42 0.0 0.0 0.0 2.0 20.0 0.0 0.0
35 35 43 0.0 0.0 0.0 1.0 9.0 0.0 0.0
35 35 44 0.0 0.0 0.0 0.0 3.0 0.0 0.0
35 36 36 0.0 0.0 0.0 0.0 17.0 0.0 0.0
35 36 37 0.0 0.0 0.0 10.0 144.0 3.0 0.0
35 36 38 0.0 0.0 0.0 21.0 465.0 11.0 1.0
35 36 39 0.0 0.0 0.0 57.0 840.0 14.0 2.0
35 36 40 0.0 0.0 0.0 91.0 1078.0 20.0 0.0
35 36 41 0.0 0.0 0.0 42.0 931.0 18.0 2.0
35 36 42 0.0 0.0 0.0 24.0 444.0 8.0 0.0
35 36 43 0.0 0.0 0.0 12.0 149.0 2.0 0.0
35 36 44 0.0 0.0 0.0 1.0 19.0 0.0 0.0
35 37 35 0.0 0.0 0.0 0.0 18.0 0.0 0.0
35 37 36 0.0 0.0 0.0 17.0 212.0 4.0 0.0
35 37 37 0.0 0.0 0.0 52.0 915.0 10.0 3.0
35 37 38 0.0 0.0 0.0 152.0 2557.0 39.0 14.0
35 37 39 0.0 0.0 0.0 421.0 4412.0 73.0 55.0
35 37 40 0.0 0.0 0.0 401.0 5097.0 81.0 61.0
35 37 41 0.0 0.0 0.0 415.0 4445.0 85.0 58.0
35 37 42 0.0 0.0 0.0 255.0 2513.0 40.0 15.0
35 37 43 0.0 0.0 0.0 58.0 829.0 19.0 2.0
35 37 44 0.0 0.0 0.0 15.0 205.0 3.0 0.0
35 37 45 0.0 0.0 0.0 2.0 2.0 0.0 0.0
35 38 35 0.0 0.0 0.0 3.0 32.0 1.0 0.0
35 38 36 0.0 0.0 0.0 42.0 555.0 8.0 1.0
35 38 37 0.0 0.0 0.0 254.0 2807.0 43.0 20.0
35 38 38 0.0 0.0 1.0 603.0 6577.0 109.0 110.0
35 38 39 0.0 0.0 0.0 835.0 10847.0 175.0 353.0
35 38 40 0.0 0.0 0.0 1128.0 11957.0 200.0 482.0
35 38 41 0.0 0.0 0.0 993.0 9561.0 163.0 263.0
35 38 42 0.0 0.0 0.0 461.0 6221.0 122.0 124.0
35 38 43 0.0 0.0 0.0 221.0 2350.0 34.0 21.0
35 38 44 0.0 0.0 0.0 32.0 391.0 6.0 0.0
35 38 45 0.0 0.0 0.0 1.0 23.0 0.0 0.0
35 39 35 0.0 0.0 0.0 0.0 59.0 1.0 0.0
35 39 36 0.0 0.0 0.0 75.0 1142.0 17.0 3.0
35 39 37 0.0 0.0 0.0 377.0 4496.0 65.0 51.0
35 39 38 0.0 0.0 0.0 888.0 10525.0 203.0 346.0
35 39 39 0.0 0.0 3.0 1549.0 15514.0 264.0 895.0
35 39 40 0.0 0.0 0.0 1571.0 17775.0 302.0 1254.0
35 39 41 0.0 0.0 0.0 1461.0 15633.0 240.0 825.0
35 39 42 0.0 0.0 0.0 906.0 10033.0 146.0 319.0
35 39 43 0.0 0.0 0.0 347.0 4308.0 78.0 58.0
35 39 44 0.0 0.0 0.0 72.0 841.0 9.0 1.0
35 39 45 0.0 0.0 0.0 6.0 47.0 0.0 0.0
35 40 35 0.0 0.0 0.0 0.0 119.0 1.0 0.0
35 40 36 0.0 0.0 0.0 98.0 1497.0 27.0 5.0
35 40 37 0.0 0.0 0.0 557.0 5537.0 82.0 86.0
35 40 38 0.0 0.0 0.0 1101.0 11820.0 194.0 455.0
35 40 39 0.0 0.0 0.0 1500.0 17688.0 277.0 1129.0
35 40 40 0.0 0.0 1.0 1622.0 19575.0 302.0 1454.0
35 40 41 0.0 1.0 0.0 1306.0 18224.0 294.0 1284.0
35 40 42 0.0 0.0 0.0 1016.0 10833.0 171.0 380.0
35 40 43 0.0 0.0 0.0 493.0 4557.0 88.0 60.0
35 40 44 0.0 0.0 0.0 98.0 924.0 22.0 3.0
35 40 45 0.0 0.0 0.0 5.0 76.0 0.0 0.0
35 41 35 0.0 0.0 0.0 9.0 79.0 1.0 0.0
35 41 36 0.0 0.0 0.0 91.0 1000.0 21.0 1.0
35 41 37 0.0 0.0 0.0 327.0 4456.0 73.0 65.0
35 41 38 0.0 0.0 0.0 913.0 10275.0 185.0 384.0
35 41 39 0.0 0.0 0.0 1324.0 15909.0 252.0 925.0
35 41 40 0.0 0.0 0.0 1354.0 17510.0 289.0 1146.0
35 41 41 0.0 0.0 0.0 1206.0 15480.0 253.0 877.0
35 41 42 0.0 0.0 0.0 955.0 9677.0 176.0 323.0
35 41 43 0.0 0.0 0.0 320.0 3747.0 65.0 29.0
35 41 44 0.0 0.0 0.0 54.0 785.0 4.0 1.0
35 41 45 0.0 0.0 0.0 4.0 39.0 2.0 0.0
35 42 35 0.0 0.0 0.0 3.0 47.0 1.0 0.0
35 42 36 0.0 0.0 0.0 40.0 528.0 7.0 0.0
35 42 37 0.0 0.0 0.0 166.0 2911.0 54.0 21.0
35 42 38 0.0 0.0 0.0 541.0 6561.0 122.0 125.0
35 42 39 0.0 0.0 0.0 727.0 9549.0 178.0 296.0
35 42 40 0.0 0.0 0.0 878.0 11667.0 221.0 422.0
35 42 41 0.0 0.0 0.0 720.0 9668.0 145.0 313.0
35 42 42 0.0 0.0 0.0 436.0 6002.0 112.0 94.0
35 42 43 0.0 0.0 0.0 154.0 2331.0 46.0 10.0
35 42 44 0.0 0.0 0.0 22.0 496.0 8.0 0.0
35 42 45 0.0 0.0 0.0 0.0 20.0 0.0 0.0
35 43 35 0.0 0.0 0.0 0.0 11.0 0.0 0.0
35 43 36 0.0 0.0 0.0 24.0 181.0 3.0 0.0
35 43 37 0.0 0.0 0.0 80.0 837.0 19.0 1.0
35 43 38 0.0 0.0 0.0 284.0 2279.0 39.0 13.0
35 43 39 0.0 0.0 0.0 336.0 3981.0 68.0 52.0
35 43 40 0.0 0.0 0.0 465.0 4871.0 78.0 56.0
35 43 41 0.0 0.0 0.0 251.0 3958.0 71.0 42.0
35 43 42 0.0 0.0 0.0 157.0 2145.0 37.0 12.0
35 43 43 0.0 0.0 0.0 43.0 734.0 15.0 3.0
35 43 44 0.0 0.0 0.0 12.0 145.0 4.0 0.0
35 43 45 0.0 0.0 0.0 0.0 5.0 0.0 0.0
35 44 36 0.0 0.0 0.0 1.0 27.0 0.0 0.0
35 44 37 0.0 0.0 0.0 8.0 159.0 4.0 0.0
35 44 38 0.0 0.0 0.0 53.0 432.0 10.0 1.0
35 44 39 0.0 0.0 0.0 74.0 889.0 19.0 2.0
35 44 40 0.0 0.0 0.0 84.0 1077.0 26.0 3.0
35 44 41 0.0 0.0 0.0 50.0 912.0 19.0 1.0
35 44 42 0.0 0.0 0.0 34.0 514.0 9.0 0.0
35 44 43 0.0 0.0 0.0 14.0 183.0 5.0 0.0
35 44 44 0.0 0.0 0.0 0.0 22.0 0.0 0.0
35 44 45 0.0 0.0 0.0 0.0 1.0 0.0 0.0
35 45 37 0.0 0.0 0.0 0.0 4.0 0.0 0.0
35 45 38 0.0 0.0 0.0 2.0 31.0 0.0 0.0
35 45 39 0.0 0.0 0.0 1.0 80.0 1.0 0.0
35 45 40 0.0 0.0 0.0 9.0 39.0 0.0 0.0
35 45 41 0.0 0.0 0.0 0.0 53.0 1.0 0.0
35 45 42 0.0 0.0 0.0 0.0 23.0 0.0 0.0
35 45 43 0.0 0.0 0.0 0.0 3.0 0.0 0.0
36 34 38 0.0 0.0 0.0 1.0 0.0 0.0 0.0
36 34 39 0.0 0.0 0.0 0.0 3.0 0.0 0.0
36 34 40 0.0 0.0 0.0 0.0 7.0 0.0 0.0
36 34 41 0.0 0.0 0.0 4.0 8.0 0.0 0.0
36 34 42 0.0 0.0 0.0 2.0 0.0 0.0 0.0
36 35 36 0.0 0.0 0.0 2.0 21.0 2.0 0.0
36 35 37 0.0 0.0 0.0 25.0 126.0 1.0 0.0
36 35 38 0.0 0.0 0.0 37.0 462.0 5.0 0.0
36 35 39 0.0 0.0 0.0 66.0 865.0 16.0 1.0
36 35 40 0.0 0.0 0.0 80.0 949.0 16.0 3.0
36 35 41 0.0 0.0 0.0 84.0 1003.0 15.0 0.0
36 35 42 0.0 0.0 0.0 39.0 422.0 12.0 0.0
36 35 43 0.0 0.0 0.0 7.0 156.0 3.0 0.0
36 35 44 0.0 0.0 0.0 2.0 20.0 1.0 0.0
36 35 45 0.0 0.0 0.0 0.0 1.0 0.0 0.0
36 36 35 0.0 0.0 0.0 3.0 25.0 0.0 0.0
36 36 36 0.0 0.0 0.0 58.0 866.0 19.0 1.0
36 36 37 0.0 0.0 0.0 242.0 4214.0 68.0 49.0
36 36 38 0.0 0.0 0.0 529.0 9006.0 148.0 244.0
36 36 39 0.0 0.0 0.0 891.0 14446.0 229.0 809.0
36 36 40 0.0 0.0 0.0 1020.0 16133.0 263.0 1069.0
36 36 41 0.0 0.0 0.0 1053.0 13529.0 242.0 708.0
36 36 42 0.0 0.0 0.0 566.0 9117.0 143.0 265.0
36 36 43 0.0 0.0 0.0 268.0 3529.0 65.0 29.0
36 36 44 0.0 0.0 0.0 74.0 619.0 8.0 1.0
36 36 45 0.0 0.0 0.0 5.0 28.0 2.0 0.0
36 37 35 0.0 0.0 0.0 5.0 179.0 1.0 0.0
36 37 36 0.0 0.0 0.0 345.0 3949.0 82.0 47.0
36 37 37 0.0 0.0 0.0 1060.0 15653.0 264.0 965.0
36 37 38 0.0 0.0 0.0 2146.0 27970.0 408.0 4160.0
36 37 39 0.0 0.0 1.0 2672.0 36299.0 467.0 9361.0
36 37 40 0.0 0.0 0.0 2947.0 37810.0 528.0 10806.0
36 37 41 0.0 0.0 1.0 2781.0 35554.0 501.0 8517.0
36 37 42 0.0 0.0 0.0 2614.0 28608.0 435.0 4565.0
36 37 43 0.0 0.0 0.0 1292.0 13184.0 212.0 686.0
36 37 44 0.0 0.0 0.0 189.0 3485.0 65.0 30.0
36 37 45 0.0 0.0 0.0 7.0 135.0 2.0 0.0
36 38 34 0.0 0.0 0.0 0.0 2.0 0.0 0.0
36 38 35 0.0 0.0 0.0 36.0 569.0 7.0 2.0
36 38 36 0.0 0.0 0.0 677.0 9322.0 158.0 304.0
36 38 37 0.0 0.0 6.0 2379.0 30269.0 436.0 5169.0
36 38 38 0.0 0.0 0.0 3331.0 41550.0 470.0 16898.0
36 38 39 0.0 0.0 1.0 3444.0 43428.0 552.0 26634.0
36 38 40 0.0 0.0 2.0 3439.0 42818.0 471.0 31670.0
36 38 41 0.0 0.0 0.0 3612.0 43317.0 501.0 26111.0
36 38 42 0.0 0.0 0.0 3395.0 41161.0 523.0 15726.0
36 38 43 0.0 0.0 0.0 2916.0 27450.0 424.0 4263.0
36 38 44 0.0 0.0 0.0 772.0 8194.0 121.0 240.0
36 38 45 0.0 0.0 0.0 13.0 560.0 11.0 0.0
36 38 46 0.0 0.0 0.0 0.0 1.0 0.0 0.0
36 39 34 0.0 0.0 0.0 0.0 1.0 0.0 0.0
36 39 35 0.0 0.0 0.0 97.0 1093.0 21.0 3.0
36 39 36 0.0 0.0 0.0 1179.0 15117.0 234.0 912.0
36 39 37 0.0 0.0 0.0 2686.0 37817.0 514.0 11217.0
36 39 38 0.0 0.0 0.0 4224.0 42245.0 439.0 27964.0
36 39 39 0.0 0.0 3.0 3534.0 41418.0 450.0 40447.0
36 39 40 0.0 0.0 0.0 3843.0 40000.0 420.0 43902.0
36 39 41 0.0 0.0 0.0 3884.0 41111.0 441.0 39237.0
36 39 42 0.0 0.0 1.0 4021.0 42836.0 566.0 26095.0
36 39 43 0.0 0.0 3.0 2937.0 35294.0 491.0 8608.0
36 39 44 0.0 0.0 0.0 982.0 13051.0 199.0 606.0
36 39 45 0.0 0.0 0.0 66.0 837.0 15.0 0.0
36 40 34 0.0 0.0 0.0 0.0 5.0 0.0 0.0
36 40 35 0.0 0.0 0.0 98.0 1432.0 18.0 8.0
36 40 36 0.0 0.0 0.0 1306.0 18357.0 302.0 1367.0
36 40 37 0.0 0.0 0.0 3191.0 39112.0 497.0 13091.0
36 40 38 0.0 1.0 2.0 3468.0 43476.0 508.0 31324.0
36 40 39 0.0 0.0 0.0 3295.0 40527.0 385.0 44453.0
36 40 40 0.0 2.0 2.0 3277.0 38978.0 402.0 48569.0
36 40 41 0.0 0.0 1.0 3506.0 40426.0 418.0 42879.0
36 40 42 0.0 0.0 1.0 3969.0 42861.0 487.0 29803.0
36 40 43 0.0 0.0 0.0 3993.0 36408.0 488.0 10986.0
36 40 44 0.0 0.0 0.0 1510.0 15137.0 241.0 944.0
36 40 45 0.0 0.0 0.0 96.0 1250.0 12.0 2.0
36 40 46 0.0 0.0 0.0 1.0 0.0 0.0 0.0
36 41 34 0.0 0.0 0.0 0.0 3.0 0.0 0.0
36 41 35 0.0 0.0 0.0 79.0 1055.0 13.0 5.0
36 41 36 0.0 0.0 0.0 1050.0 15546.0 273.0 943.0
36 41 37 0.0 0.0 5.0 2605.0 37343.0 475.0 9936.0
36 41 38 0.0 1.0 0.0 3172.0 43334.0 495.0 27921.0
36 41 39 0.0 0.0 0.0 3125.0 41506.0 414.0 39845.0
36 41 40 0.0 2.0 3.0 3152.0 40709.0 457.0 43505.0
36 41 41 0.0 0.0 2.0 3762.0 41157.0 422.0 39248.0
36 41 42 0.0 1.0 0.0 3843.0 42878.0 502.0 25523.0
36 41 43 0.0 0.0 0.0 2657.0 35776.0 527.0 8981.0
36 41 44 0.0 0.0 0.0 884.0 13297.0 239.0 635.0
36 41 45 0.0 0.0 0.0 50.0 855.0 17.0 1.0
36 41 46 0.0 0.0 0.0 1.0 3.0 0.0 0.0
36 42 34 0.0 0.0 0.0 0.0 3.0 0.0 0.0
36 42 35 0.0 0.0 0.0 33.0 477.0 11.0 0.0
36 42 36 0.0 0.0 0.0 776.0 10169.0 158.0 381.0
36 42 37 0.0 0.0 0.0 2343.0 30082.0 400.0 5206.0
36 42 38 0.0 0.0 0.0 3338.0 41500.0 551.0 16229.0
36 42 39 0.0 0.0 0.0 3737.0 42921.0 505.0 25782.0
36 42 40 0.0 3.0 0.0 3583.0 42994.0 460.0 29058.0
36 42 41 0.0 2.0 5.0 3407.0 43369.0 526.0 25244.0
36 42 42 0.0 0.0 1.0 2844.0 41192.0 544.0 14844.0
36 42 43 0.0 0.0 0.0 2116.0 29008.0 432.0 4530.0
36 42 44 0.0 0.0 0.0 552.0 8224.0 150.0 248.0
36 42 45 0.0 0.0 0.0 34.0 545.0 12.0 0.0
36 43 35 0.0 0.0 0.0 18.0 241.0 1.0 0.0
36 43 36 0.0 0.0 0.0 352.0 3617.0 70.0 50.0
36 43 37 0.0 0.0 1.0 1483.0 15344.0 234.0 1068.0
36 43 38 0.0 0.0 0.0 2150.0 28392.0 417.0 4364.0
36 43 39 0.0 0.0 2.0 3175.0 35267.0 527.0 8759.0
36 43 40 0.0 0.0 0.0 2803.0 37877.0 509.0 10751.0
36 43 41 0.0 0.0 0.0 2884.0 36164.0 488.0 9288.0
36 43 42 0.0 2.0 0.0 1865.0 28534.0 438.0 4291.0
36 43 43 0.0 0.0 0.0 1070.0 14378.0 256.0 743.0
36 43 44 0.0 0.0 0.0 167.0 3402.0 53.0 32.0
36 43 45 0.0 0.0 0.0 9.0 135.0 3.0 0.0
36 43 46 0.0 0.0 0.0 0.0 1.0 0.0 0.0
36 44 35 0.0 0.0 0.0 2.0 17.0 0.0 0.0
36 44 36 0.0 0.0 0.0 86.0 840.0 11.0 1.0
36 44 37 0.0 0.0 0.0 257.0 3898.0 54.0 51.0
36 44 38 0.0 0.0 0.0 640.0 8951.0 146.0 255.0
36 44 39 0.0 0.0 0.0 1137.0 14062.0 250.0 731.0
36 44 40 0.0 0.0 0.0 1280.0 15350.0 278.0 947.0
36 44 41 0.0 0.0 0.0 998.0 13197.0 200.0 649.0
36 44 42 0.0 0.0 0.0 665.0 8524.0 144.0 256.0
36 44 43 0.0 1.0 0.0 294.0 3389.0 71.0 39.0
36 44 44 0.0 0.0 0.0 49.0 663.0 12.0 1.0
36 44 45 0.0 0.0 0.0 0.0 15.0 0.0 0.0
36 45 35 0.0 0.0 0.0 0.0 2.0 0.0 0.0
36 45 36 0.0 0.0 0.0 2.0 16.0 0.0 0.0
36 45 37 0.0 0.0 0.0 3.0 133.0 0.0 0.0
36 45 38 0.0 0.0 0.0 52.0 553.0 12.0 0.0
36 45 39 0.0 0.0 0.0 76.0 843.0 8.0 0.0
36 45 40 0.0 0.0 0.0 76.0 1091.0 15.0 3.0
36 45 41 0.0 0.0 0.0 58.0 909.0 20.0 2.0
36 45 42 0.0 0.0 0.0 36.0 498.0 7.0 1.0
36 45 43 0.0 0.0 0.0 14.0 234.0 4.0 1.0
36 45 44 0.0 0.0 0.0 0.0 18.0 2.0 0.0
36 45 45 0.0 0.0 0.0 0.0 1.0 0.0 0.0
36 46 36 0.0 0.0 0.0 0.0 4.0 0.0 0.0
36 46 37 0.0 0.0 0.0 0.0 1.0 0.0 0.0
36 46 38 0.0 0.0 0.0 0.0 1.0 0.0 0.0
36 46 39 0.0 0.0 0.0 0.0 4.0 0.0 0.0
36 46 40 0.0 0.0 0.0 0.0 3.0 0.0 0.0
36 46 41 0.0 0.0 0.0 0.0 8.0 1.0 0.0
37 34 37 0.0 0.0 0.0 0.0 3.0 0.0 0.0
37 34 38 0.0 0.0 0.0 0.0 10.0 0.0 0.0
37 34 39 0.0 0.0 0.0 0.0 25.0 0.0 0.0
37 34 40 0.0 0.0 0.0 5.0 22.0 0.0 0.0
37 34 41 0.0 0.0 0.0 1.0 15.0 1.0 0.0
37 34 42 0.0 0.0 0.0 1.0 10.0 0.0 0.0
37 34 43 0.0 0.0 0.0 1.0 1.0 0.0 0.0
37 34 44 0.0 0.0 0.0 0.0 1.0 0.0 0.0
37 35 35 0.0 0.0 0.0 0.0 8.0 0.0 0.0
37 35 36 0.0 0.0 0.0 3.0 136.0 5.0 0.0
37 35 37 0.0 0.0 0.0 82.0 990.0 24.0 3.0
37 35 38 0.0 0.0 0.0 154.0 2089.0 44.0 10.0
37 35 39 0.0 0.0 0.0 308.0 4025.0 67.0 35.0
37 35 40 0.0 0.0 0.0 380.0 4736.0 75.0 61.0
37 35 41 0.0 0.0 0.0 366.0 4362.0 86.0 46.0
37 35 42 0.0 0.0 0.0 213.0 2362.0 53.0 22.0
37 35 43 0.0 0.0 0.0 34.0 916.0 17.0 0.0
37 35 44 0.0 0.0 0.0 24.0 158.0 0.0 0.0
37 35 45 0.0 0.0 0.0 2.0 29.0 1.0 0.0
37 36 35 0.0 0.0 0.0 18.0 118.0 3.0 0.0
37 36 36 0.0 0.0 0.0 323.0 3946.0 58.0 45.0
37 36 37 0.0 0.0 0.0 988.0 13954.0 221.0 730.0
37 36 38 0.0 0.0 0.0 2630.0 27028.0 441.0 3945.0
37 36 39 0.0 0.0 0.0 2851.0 35558.0 515.0 8818.0
37 36 40 0.0 0.0 0.0 2401.0 39150.0 469.0 11541.0
37 36 41 0.0 0.0 0.0 2803.0 36177.0 510.0 9363.0
37 36 42 0.0 0.0 0.0 1863.0 29137.0 378.0 4651.0
37 36 43 0.0 0.0 0.0 1217.0 14194.0 233.0 797.0
37 36 44 0.0 0.0 0.0 296.0 3771.0 71.0 44.0
37 36 45 0.0 0.0 0.0 4.0 149.0 6.0 0.0
37 36 46 0.0 0.0 0.0 0.0 1.0 0.0 0.0
37 37 34 0.0 0.0 0.0 0.0 5.0 1.0 0.0
37 37 35 0.0 0.0 0.0 61.0 801.0 12.0 0.0
37 37 36 0.0 0.0 0.0 1327.0 15569.0 239.0 975.0
37 37 37 0.0 0.0 0.0 2805.0 41544.0 498.0 19356.0
37 37 38 0.0 0.0 0.0 3021.0 40182.0 400.0 42854.0
37 37 39 0.0 0.0 0.0 2604.0 36039.0 345.0 55553.0
37 37 40 0.0 0.0 0.0 2551.0 33694.0 321.0 61561.0
37 37 41 0.0 0.0 0.0 2648.0 34806.0 306.0 57929.0
37 37 42 0.0 0.0 1.0 3262.0 40150.0 399.0 42767.0
37 37 43 0.0 0.0 1.0 2978.0 40387.0 521.0 15880.0
37 37 44 0.0 0.0 0.0 1116.0 15477.0 255.0 992.0
37 37 45 0.0 0.0 0.0 52.0 1014.0 19.0 3.0
37 37 46 0.0 0.0 0.0 1.0 2.0 0.0 0.0
37 38 34 0.0 0.0 0.0 2.0 7.0 0.0 0.0
37 38 35 0.0 0.0 0.0 294.0 2616.0 51.0 26.0
37 38 36 0.0 1.0 0.0 2383.0 28286.0 441.0 4552.0
37 38 37 0.0 0.0 0.0 3503.0 39998.0 421.0 43138.0
37 38 38 0.0 0.0 0.0 2706.0 28032.0 246.0 74252.0
37 38 39 0.0 0.0 1.0 2007.0 22627.0 180.0 87006.0
37 38 40 0.0 0.0 1.0 1851.0 21028.0 166.0 90979.0
37 38 41 0.0 0.0 1.0 2171.0 22657.0 190.0 86200.0
37 38 42 0.0 0.0 0.0 2836.0 29943.0 285.0 70682.0
37 38 43 0.0 0.0 0.0 2945.0 40912.0 468.0 40517.0
37 38 44 0.0 0.0 0.0 1897.0 28906.0 435.0 4308.0
37 38 45 0.0 0.0 0.0 154.0 2264.0 36.0 11.0
37 38 46 0.0 0.0 0.0 0.0 7.0 0.0 0.0
37 39 34 0.0 0.0 0.0 8.0 39.0 2.0 0.0
37 39 35 0.0 0.0 0.0 378.0 4808.0 86.0 74.0
37 39 36 0.0 0.0 0.0 2918.0 38004.0 521.0 10799.0
37 39 37 0.0 0.0 0.0 2796.0 33449.0 319.0 61489.0
37 39 38 0.0 0.0 2.0 1844.0 21570.0 182.0 89456.0
37 39 39 0.0 0.0 1.0 1541.0 16994.0 113.0 99369.0
37 39 40 0.0 0.0 2.0 1492.0 15874.0 127.0 101353.0
37 39 41 0.0 0.0 3.0 1567.0 16938.0 133.0 98618.0
37 39 42 0.0 0.0 1.0 2115.0 22653.0 157.0 86633.0
37 39 43 0.0 0.0 0.0 3035.0 35331.0 337.0 56557.0
37 39 44 0.0 2.0 0.0 2558.0 36638.0 499.0 9352.0
37 39 45 0.0 0.0 0.0 304.0 4125.0 72.0 40.0
37 39 46 0.0 0.0 0.0 1.0 18.0 0.0 0.0
37 40 34 0.0 0.0 0.0 5.0 35.0 0.0 0.0
37 40 35 0.0 0.0 0.0 415.0 5746.0 110.0 83.0
37 40 36 0.0 1.0 0.0 3443.0 39158.0 559.0 13210.0
37 40 37 0.0 4.0 0.0 2688.0 31989.0 264.0 65008.0
37 40 38 0.0 1.0 0.0 1662.0 20361.0 169.0 92318.0
37 40 39 0.0 0.0 0.0 1321.0 15717.0 103.0 102409.0
37 40 40 0.0 0.0 0.0 1221.0 14357.0 95.0 105009.0
37 40 41 0.0 0.0 1.0 1433.0 15979.0 146.0 101548.0
37 40 42 0.0 0.0 0.0 1880.0 21370.0 188.0 89738.0
37 40 43 0.0 0.0 1.0 2430.0 33542.0 317.0 62155.0
37 40 44 0.0 0.0 0.0 2955.0 37959.0 500.0 11541.0
37 40 45 0.0 0.0 0.0 425.0 4706.0 98.0 61.0
37 40 46 0.0 0.0 0.0 1.0 42.0 0.0 0.0
37 41 34 0.0 0.0 0.0 3.0 20.0 0.0 0.0
37 41 35 0.0 0.0 0.0 318.0 4856.0 86.0 71.0
37 41 36 0.0 0.0 0.0 2576.0 37459.0 500.0 10122.0
37 41 37 0.0 3.0 0.0 2155.0 33141.0 279.0 62472.0
37 41 38 0.0 1.0 0.0 1643.0 22579.0 183.0 87685.0
37 41 39 0.0 0.0 2.0 1375.0 17178.0 143.0 99509.0
37 41 40 0.0 1.0 0.0 1270.0 16005.0 129.0 101318.0
37 41 41 0.0 0.0 0.0 1444.0 18033.0 127.0 97399.0
37 41 42 0.0 3.0 0.0 1845.0 22286.0 190.0 87142.0
37 41 43 0.0 0.0 2.0 2914.0 35421.0 363.0 56900.0
37 41 44 0.0 0.0 0.0 2862.0 36024.0 504.0 9371.0
37 41 45 0.0 0.0 0.0 382.0 4339.0 66.0 47.0
37 41 46 0.0 0.0 0.0 5.0 27.0 0.0 0.0
37 42 34 0.0 0.0 0.0 0.0 24.0 2.0 0.0
37 42 35 0.0 0.0 0.0 185.0 2816.0 47.0 19.0
37 42 36 0.0 0.0 0.0 2113.0 29118.0 411.0 4807.0
37 42 37 0.0 0.0 0.0 3280.0 39439.0 376.0 44621.0
37 42 38 0.0 1.0 0.0 2467.0 28935.0 268.0 73425.0
37 42 39 0.0 0.0 0.0 1794.0 22194.0 173.0 87686.0
37 42 40 0.0 1.0 1.0 1879.0 21296.0 161.0 90114.0
37 42 41 0.0 0.0 1.0 1751.0 23238.0 189.0 86483.0
37 42 42 0.0 2.0 0.0 2133.0 29852.0 244.0 71805.0
37 42 43 0.0 0.0 0.0 3752.0 39392.0 414.0 42491.0
37 42 44 0.0 1.0 0.0 1918.0 28102.0 391.0 3998.0
37 42 45 0.0 0.0 0.0 205.0 2163.0 47.0 15.0
37 42 46 0.0 0.0 0.0 0.0 7.0 0.0 0.0
37 43 34 0.0 0.0 0.0 0.0 6.0 0.0 0.0
37 43 35 0.0 0.0 0.0 79.0 1132.0 25.0 3.0
37 43 36 0.0 0.0 0.0 1181.0 17293.0 272.0 1239.0
37 43 37 0.0 0.0 0.0 3501.0 40721.0 536.0 18329.0
37 43 38 0.0 0.0 2.0 2992.0 41179.0 434.0 40635.0
37 43 39 0.0 0.0 0.0 2880.0 34068.0 303.0 59237.0
37 43 40 0.0 0.0 0.0 2731.0 33313.0 302.0 61826.0
37 43 41 0.0 1.0 0.0 2902.0 35538.0 324.0 56730.0
37 43 42 0.0 2.0 0.0 2954.0 40304.0 410.0 42701.0
37 43 43 0.0 0.0 0.0 2625.0 41505.0 527.0 16704.0
37 43 44 0.0 0.0 0.0 1202.0 14623.0 282.0 796.0
37 43 45 0.0 0.0 0.0 54.0 941.0 13.0 3.0
37 43 46 0.0 0.0 0.0 0.0 5.0 0.0 0.0
37 44 35 0.0 0.0 0.0 6.0 200.0 3.0 1.0
37 44 36 0.0 0.0 0.0 321.0 3466.0 66.0 28.0
37 44 37 0.0 0.0 2.0 1132.0 14343.0 223.0 817.0
37 44 38 0.0 0.0 0.0 1984.0 28842.0 428.0 4415.0
37 44 39 0.0 0.0 1.0 2398.0 36157.0 476.0 8652.0
37 44 40 0.0 0.0 0.0 3173.0 38304.0 497.0 10918.0
37 44 41 0.0 0.0 0.0 2873.0 35424.0 470.0 8778.0
37 44 42 0.0 1.0 0.0 2277.0 28961.0 391.0 4763.0
37 44 43 0.0 3.0 0.0 1199.0 15176.0 267.0 960.0
37 44 44 0.0 0.0 0.0 207.0 3150.0 61.0 29.0
37 44 45 0.0 0.0 0.0 19.0 192.0 5.0 0.0
37 45 35 0.0 0.0 0.0 0.0 3.0 0.0 0.0
37 45 36 0.0 0.0 0.0 10.0 156.0 4.0 0.0
37 45 37 0.0 0.0 0.0 56.0 911.0 20.0 1.0
37 45 38 0.0 0.0 0.0 168.0 2444.0 47.0 15.0
37 45 39 0.0 0.0 0.0 373.0 4292.0 89.0 52.0
37 45 40 0.0 0.0 0.0 410.0 5164.0 88.0 67.0
37 45 41 0.0 0.0 0.0 384.0 4125.0 83.0 42.0
37 45 42 0.0 0.0 0.0 175.0 2297.0 46.0 18.0
37 45 43 0.0 0.0 0.0 66.0 871.0 18.0 1.0
37 45 44 0.0 0.0 0.0 7.0 172.0 3.0 0.0
37 45 45 0.0 0.0 0.0 1.0 7.0 0.0 0.0
37 46 37 0.0 0.0 0.0 1.0 8.0 0.0 0.0
37 46 38 0.0 0.0 0.0 1.0 16.0 0.0 0.0
37 46 39 0.0 0.0 0.0 1.0 26.0 1.0 0.0
37 46 40 0.0 0.0 0.0 4.0 28.0 2.0 0.0
37 46 41 0.0 0.0 0.0 0.0 18.0 0.0 0.0
37 46 42 0.0 0.0 0.0 4.0 24.0 0.0 0.0
38 34 36 0.0 0.0 0.0 0.0 1.0 0.0 0.0
38 34 37 0.0 0.0 0.0 0.0 11.0 1.0 0.0
38 34 38 0.0 0.0 0.0 19.0 45.0 1.0 0.0
38 34 39 0.0 0.0 0.0 18.0 103.0 2.0 0.0
38 34 40 0.0 0.0 0.0 14.0 113.0 1.0 0.0
38 34 41 0.0 0.0 0.0 8.0 122.0 0.0 0.0
38 34 42 0.0 0.0 0.0 0.0 38.0 0.0 0.0
38 34 43 0.0 0.0 0.0 4.0 20.0 0.0 0.0
38 34 44 0.0 0.0 0.0 0.0 2.0 0.0 0.0
38 35 35 0.0 0.0 0.0 0.0 27.0 1.0 0.0
38 35 36 0.0 0.0 0.0 51.0 474.0 6.0 0.0
38 35 37 0.0 0.0 0.0 194.0 2198.0 38.0 14.0
38 35 38 0.0 0.0 0.0 406.0 6135.0 108.0 105.0
38 35 39 0.0 0.0 0.0 731.0 9804.0 168.0 313.0
38 35 40 0.0 0.0 0.0 881.0 11629.0 190.0 440.0
38 35 41 0.0 0.0 0.0 825.0 10149.0 170.0 306.0
38 35 42 0.0 0.0 0.0 644.0 6292.0 106.0 118.0
38 35 43 0.0 0.0 0.0 231.0 2528.0 48.0 12.0
38 35 44 0.0 0.0 0.0 58.0 632.0 12.0 2.0
38 35 45 0.0 0.0 0.0 4.0 35.0 1.0 0.0
38 36 35 0.0 0.0 0.0 29.0 431.0 7.0 0.0
38 36 36 0.0 0.0 0.0 697.0 8955.0 156.0 276.0
38 36 37 0.0 0.0 0.0 1903.0 29722.0 418.0 4709.0
38 36 38 0.0 0.0 0.0 3040.0 41080.0 552.0 15122.0
38 36 39 0.0 0.0 0.0 3717.0 43402.0 484.0 24720.0
38 36 40 0.0 0.0 0.0 3096.0 43697.0 507.0 29905.0
38 36 41 0.0 0.0 3.0 3465.0 43415.0 531.0 27421.0
38 36 42 0.0 0.0 0.0 3460.0 41167.0 533.0 16320.0
38 36 43 0.0 0.0 0.0 2351.0 28881.0 418.0 4690.0
38 36 44 0.0 0.0 0.0 673.0 11125.0 186.0 426.0
38 36 45 0.0 0.0 0.0 85.0 518.0 8.0 1.0
38 36 46 0.0 0.0 0.0 0.0 1.0 0.0 0.0
38 37 34 0.0 0.0 0.0 0.0 24.0 1.0 0.0
38 37 35 0.0 0.0 0.0 163.0 2665.0 42.0 10.0
38 37 36 0.0 0.0 3.0 2280.0 27716.0 426.0 4024.0
38 37 37 0.0 0.0 0.0 3461.0 39789.0 404.0 42984.0
38 37 38 0.0 0.0 0.0 2428.0 28989.0 254.0 72825.0
38 37 39 0.0 0.0 2.0 1962.0 23501.0 182.0 85454.0
38 37 40 0.0 0.0 0.0 1813.0 20969.0 189.0 90146.0
38 37 41 0.0 0.0 1.0 1784.0 22870.0 174.0 86491.0
38 37 42 0.0 0.0 0.0 2276.0 28856.0 252.0 73912.0
38 37 43 0.0 0.0 0.0 3495.0 39028.0 389.0 44556.0
38 37 44 0.0 0.0 0.0 2427.0 28742.0 444.0 4301.0
38 37 45 0.0 0.0 0.0 169.0 2716.0 37.0 19.0
38 37 46 0.0 0.0 0.0 4.0 24.0 0.0 0.0
38 38 34 0.0 0.0 0.0 6.0 55.0 2.0 0.0
38 38 35 0.0 0.0 0.0 666.0 5846.0 93.0 110.0
38 38 36 0.0 0.0 1.0 3900.0 41061.0 508.0 17022.0
38 38 37 0.0 0.0 3.0 2731.0 28567.0 287.0 73748.0
38 38 38 0.0 0.0 1.0 1175.0 14059.0 91.0 110179.0
38 38 39 0.0 0.0 0.0 925.0 10271.0 55.0 118670.0
38 38 40 0.0 0.0 0.0 811.0 9161.0 50.0 122227.0
38 38 41 0.0 0.0 0.0 924.0 10294.0 63.0 119437.0
38 38 42 0.0 0.0 0.0 1148.0 14565.0 92.0 107798.0
38 38 43 0.0 1.0 0.0 2411.0 29154.0 249.0 73496.0
38 38 44 0.0 0.0 0.0 3528.0 41509.0 518.0 17016.0
38 38 45 0.0 0.0 0.0 477.0 6853.0 115.0 150.0
38 38 46 0.0 0.0 0.0 5.0 82.0 1.0 0.0
38 39 34 0.0 0.0 0.0 30.0 105.0 1.0 0.0
38 39 35 0.0 0.0 1.0 874.0 11053.0 183.0 372.0
38 39 36 0.0 1.0 2.0 3823.0 42671.0 481.0 28710.0
38 39 37 0.0 3.0 1.0 2095.0 21884.0 154.0 88182.0
38 39 38 0.0 1.0 1.0 850.0 9801.0 62.0 120985.0
38 39 39 0.0 0.0 0.0 669.0 6715.0 33.0 127564.0
38 39 40 0.0 0.0 0.0 554.0 5886.0 34.0 129347.0
38 39 41 0.0 0.0 0.0 644.0 6837.0 38.0 127582.0
38 39 42 0.0 0.0 3.0 891.0 10314.0 76.0 118468.0
38 39 43 0.0 0.0 1.0 1860.0 22930.0 194.0 86741.0
38 39 44 0.0 0.0 0.0 3150.0 43696.0 471.0 26396.0
38 39 45 0.0 1.0 0.0 637.0 10776.0 203.0 350.0
38 39 46 0.0 0.0 0.0 5.0 114.0 1.0 0.0
38 40 34 0.0 0.0 0.0 16.0 159.0 5.0 0.0
38 40 35 0.0 0.0 0.0 1235.0 12839.0 218.0 561.0
38 40 36 0.0 0.0 0.0 3488.0 42854.0 488.0 33382.0
38 40 37 0.0 0.0 0.0 1631.0 20045.0 155.0 92903.0
38 40 38 0.0 0.0 0.0 710.0 8615.0 44.0 123637.0
38 40 39 0.0 0.0 0.0 496.0 5877.0 39.0 129330.0
38 40 40 0.0 0.0 0.0 464.0 5129.0 29.0 130304.0
38 40 41 0.0 0.0 0.0 555.0 5967.0 33.0 128611.0
38 40 42 0.0 0.0 1.0 753.0 9180.0 66.0 120981.0
38 40 43 0.0 0.0 0.0 1650.0 21038.0 178.0 91270.0
38 40 44 0.0 10.0 1.0 3630.0 42688.0 498.0 30921.0
38 40 45 0.0 1.0 0.0 896.0 11473.0 183.0 420.0
38 40 46 0.0 0.0 0.0 12.0 140.0 4.0 0.0
38 41 34 0.0 0.0 0.0 6.0 99.0 1.0 0.0
38 41 35 0.0 0.0 0.0 714.0 10963.0 176.0 383.0
38 41 36 0.0 0.0 0.0 3082.0 43438.0 499.0 29281.0
38 41 37 0.0 0.0 0.0 1826.0 21951.0 165.0 88837.0
38 41 38 0.0 0.0 0.0 820.0 9926.0 55.0 120126.0
38 41 39 0.0 0.0 0.0 583.0 6648.0 40.0 127589.0
38 41 40 0.0 0.0 0.0 535.0 5952.0 28.0 128572.0
38 41 41 0.0 0.0 0.0 644.0 6957.0 41.0 127067.0
38 41 42 0.0 0.0 0.0 815.0 10206.0 61.0 118864.0
38 41 43 0.0 1.0 0.0 2170.0 23199.0 236.0 85814.0
38 41 44 0.0 0.0 0.0 4016.0 42673.0 513.0 26523.0
38 41 45 0.0 0.0 0.0 872.0 9869.0 168.0 326.0
38 41 46 0.0 0.0 0.0 7.0 108.0 2.0 0.0
38 42 34 0.0 0.0 0.0 5.0 40.0 2.0 0.0
38 42 35 0.0 0.0 0.0 585.0 6904.0 98.0 147.0
38 42 36 0.0 0.0 0.0 3092.0 42074.0 537.0 17637.0
38 42 37 0.0 0.0 0.0 2221.0 28660.0 262.0 73773.0
38 42 38 0.0 0.0 0.0 1110.0 13790.0 98.0 109772.0
38 42 39 0.0 0.0 0.0 827.0 10123.0 65.0 119343.0
38 42 40 0.0 0.0 0.0 792.0 9117.0 51.0 121890.0
38 42 41 0.0 0.0 1.0 883.0 10107.0 69.0 119336.0
38 42 42 0.0 0.0 0.0 1155.0 14228.0 105.0 108473.0
38 42 43 0.0 0.0 0.0 2368.0 29390.0 257.0 72608.0
38 42 44 0.0 1.0 4.0 3305.0 41154.0 499.0 15372.0
38 42 45 0.0 1.0 0.0 519.0 6327.0 119.0 102.0
38 42 46 0.0 0.0 0.0 7.0 67.0 1.0 0.0
38 43 34 0.0 0.0 0.0 0.0 5.0 0.0 0.0
38 43 35 0.0 0.0 0.0 188.0 2730.0 52.0 18.0
38 43 36 0.0 0.0 0.0 2343.0 28794.0 462.0 4612.0
38 43 37 0.0 0.0 1.0 3220.0 40065.0 450.0 44490.0
38 43 38 0.0 4.0 1.0 2129.0 29201.0 256.0 73824.0
38 43 39 0.0 0.0 2.0 1883.0 23022.0 184.0 85895.0
38 43 40 0.0 2.0 0.0 1695.0 21607.0 156.0 89853.0
38 43 41 0.0 1.0 0.0 1853.0 22638.0 195.0 86995.0
38 43 42 0.0 1.0 1.0 2296.0 28706.0 248.0 73441.0
38 43 43 0.0 0.0 0.0 3534.0 39970.0 424.0 41134.0
38 43 44 0.0 0.0 0.0 2401.0 28776.0 391.0 4496.0
38 43 45 0.0 0.0 0.0 223.0 2082.0 31.0 7.0
38 43 46 0.0 0.0 0.0 0.0 11.0 1.0 0.0
38 44 35 0.0 0.0 0.0 31.0 477.0 11.0 0.0
38 44 36 0.0 0.0 0.0 768.0 9431.0 160.0 309.0
38 44 37 0.0 0.0 0.0 1998.0 28098.0 420.0 4151.0
38 44 38 0.0 0.0 1.0 3909.0 41210.0 541.0 17104.0
38 44 39 0.0 0.0 1.0 3137.0 43942.0 533.0 25781.0
38 44 40 0.0 0.0 0.0 3406.0 43408.0 484.0 30384.0
38 44 41 0.0 0.0 2.0 3385.0 43320.0 529.0 26347.0
38 44 42 0.0 0.0 0.0 2952.0 41377.0 546.0 15286.0
38 44 43 0.0 0.0 0.0 2731.0 29028.0 428.0 4749.0
38 44 44 0.0 0.0 0.0 831.0 8823.0 155.0 302.0
38 44 45 0.0 0.0 0.0 42.0 471.0 12.0 0.0
38 45 35 0.0 0.0 0.0 5.0 18.0 0.0 0.0
38 45 36 0.0 0.0 0.0 52.0 480.0 3.0 1.0
38 45 37 0.0 0.0 0.0 154.0 2549.0 38.0 13.0
38 45 38 0.0 0.0 0.0 494.0 6351.0 112.0 104.0
38 45 39 0.0 0.0 2.0 833.0 10602.0 189.0 375.0
38 45 40 0.0 0.0 0.0 809.0 11372.0 180.0 438.0
38 45 41 0.0 1.0 0.0 743.0 10098.0 168.0 329.0
38 45 42 0.0 0.0 0.0 478.0 6256.0 108.0 107.0
38 45 43 0.0 1.0 0.0 199.0 2553.0 51.0 13.0
38 45 44 0.0 0.0 0.0 23.0 555.0 7.0 0.0
38 45 45 0.0 0.0 0.0 7.0 17.0 1.0 0.0
38 46 37 0.0 0.0 0.0 1.0 8.0 0.0 0.0
38 46 38 0.0 0.0 0.0 8.0 60.0 1.0 0.0
38 46 39 0.0 0.0 0.0 11.0 73.0 0.0 0.0
38 46 40 0.0 0.0 0.0 10.0 105.0 2.0 0.0
38 46 41 0.0 0.0 0.0 9.0 95.0 2.0 0.0
38 46 42 0.0 0.0 0.0 5.0 57.0 0.0 0.0
38 46 43 0.0 0.0 0.0 0.0 11.0 0.0 0.0
39 34 36 0.0 0.0 0.0 0.0 7.0 0.0 0.0
39 34 37 0.0 0.0 0.0 3.0 16.0 0.0 0.0
39 34 38 0.0 0.0 0.0 4.0 122.0 1.0 0.0
39 34 39 0.0 0.0 0.0 10.0 187.0 3.0 0.0
39 34 40 0.0 0.0 0.0 20.0 289.0 4.0 0.0
39 34 41 0.0 0.0 0.0 19.0 177.0 5.0 0.0
39 34 42 0.0 0.0 0.0 6.0 104.0 0.0 0.0
39 34 43 0.0 0.0 0.0 0.0 35.0 0.0 0.0
39 34 44 0.0 0.0 0.0 0.0 4.0 0.0 0.0
39 35 35 0.0 0.0 0.0 9.0 48.0 0.0 0.0
39 35 36 0.0 0.0 0.0 67.0 863.0 17.0 5.0
39 35 37 0.0 0.0 0.0 362.0 4107.0 69.0 45.0
39 35 38 0.0 0.0 0.0 817.0 9960.0 174.0 320.0
39 35 39 0.0 0.0 0.0 1257.0 15765.0 295.0 839.0
39 35 40 0.0 0.0 0.0 1666.0 18821.0 301.0 1398.0
39 35 41 0.0 0.0 0.0 1380.0 16318.0 223.0 1021.0
39 35 42 0.0 0.0 0.0 1049.0 11137.0 199.0 421.0
39 35 43 0.0 0.0 0.0 437.0 5042.0 90.0 77.0
39 35 44 0.0 0.0 0.0 79.0 1175.0 15.0 1.0
39 35 45 0.0 0.0 0.0 6.0 86.0 1.0 0.0
39 36 34 0.0 0.0 0.0 2.0 3.0 1.0 0.0
39 36 35 0.0 0.0 0.0 62.0 805.0 15.0 0.0
39 36 36 0.0 0.0 1.0 1253.0 13513.0 248.0 736.0
39 36 37 0.0 0.0 0.0 2776.0 35568.0 473.0 8460.0
39 36 38 0.0 0.0 0.0 3365.0 43488.0 535.0 26931.0
39 36 39 0.0 0.0 0.0 3313.0 41324.0 415.0 40591.0
39 36 40 0.0 1.0 0.0 3645.0 39971.0 454.0 43981.0
39 36 41 0.0 0.0 2.0 3878.0 40762.0 431.0 40429.0
39 36 42 0.0 0.0 0.0 3991.0 42863.0 506.0 27368.0
39 36 43 0.0 3.0 0.0 3380.0 37852.0 533.0 11543.0
39 36 44 0.0 0.0 0.0 1616.0 16026.0 283.0 1028.0
39 36 45 0.0 0.0 0.0 107.0 901.0 15.0 4.0
39 36 46 0.0 0.0 0.0 0.0 8.0 1.0 0.0
39 37 34 0.0 0.0 0.0 0.0 22.0 0.0 0.0
39 37 35 0.0 0.0 0.0 401.0 4155.0 75.0 58.0
39 37 36 0.0 0.0 0.0 3692.0 35410.0 536.0 9245.0
39 37 37 0.0 0.0 1.0 2997.0 34341.0 319.0 58839.0
39 37 38 0.0 0.0 0.0 1992.0 22567.0 171.0 86923.0
39 37 39 0.0 0.0 0.0 1562.0 16904.0 160.0 99312.0
39 37 40 0.0 0.0 1.0 1381.0 15742.0 134.0 101704.0
39 37 41 0.0 2.0 0.0 1520.0 17473.0 122.0 98787.0
39 37 42 0.0 0.0 1.0 2022.0 22252.0 170.0 87634.0
39 37 43 0.0 0.0 0.0 2472.0 33090.0 307.0 62840.0
39 37 44 0.0 7.0 0.0 3010.0 37699.0 521.0 10481.0
39 37 45 0.0 0.0 0.0 324.0 4769.0 98.0 66.0
39 37 46 0.0 0.0 0.0 2.0 41.0 0.0 0.0
39 38 34 0.0 0.0 0.0 5.0 118.0 2.0 0.0
39 38 35 0.0 0.0 1.0 775.0 10180.0 175.0 311.0
39 38 36 0.0 0.0 0.0 3807.0 42706.0 508.0 26113.0
39 38 37 0.0 1.0 0.0 1868.0 22260.0 181.0 88444.0
39 38 38 0.0 0.0 0.0 929.0 10149.0 67.0 118879.0
39 38 39 0.0 0.0 0.0 594.0 6704.0 30.0 127573.0
39 38 40 0.0 0.0 0.0 564.0 6069.0 36.0 128345.0
39 38 41 0.0 0.0 1.0 631.0 6741.0 42.0 127398.0
39 38 42 0.0 0.0 1.0 862.0 10020.0 72.0 120462.0
39 38 43 0.0 0.0 0.0 1856.0 22822.0 185.0 87176.0
39 38 44 0.0 0.0 0.0 3081.0 43833.0 499.0 29552.0
39 38 45 0.0 0.0 0.0 937.0 11138.0 199.0 385.0
39 38 46 0.0 0.0 0.0 12.0 126.0 5.0 1.0
39 39 34 0.0 0.0 0.0 11.0 190.0 4.0 0.0
39 39 35 0.0 0.0 0.0 1321.0 15959.0 232.0 900.0
39 39 36 0.0 0.0 1.0 3867.0 40819.0 450.0 40804.0
39 39 37 0.0 0.0 0.0 1593.0 16901.0 128.0 99147.0
39 39 38 0.0 0.0 0.0 579.0 6568.0 38.0 127882.0
39 39 39 0.0 0.0 0.0 292.0 3047.0 18.0 143058.0
39 39 40 0.0 0.0 0.0 216.0 2628.0 10.0 143400.0
39 39 41 0.0 0.0 0.0 285.0 3185.0 14.0 142273.0
39 39 42 0.0 1.0 0.0 583.0 6702.0 40.0 127636.0
39 39 43 0.0 1.0 0.0 1415.0 17166.0 132.0 99063.0
39 39 44 0.0 0.0 0.0 3431.0 41360.0 459.0 41525.0
39 39 45 0.0 0.0 0.0 1476.0 17554.0 309.0 1075.0
39 39 46 0.0 0.0 0.0 11.0 199.0 3.0 0.0
39 40 34 0.0 0.0 0.0 17.0 224.0 3.0 0.0
39 40 35 0.0 0.0 0.0 1447.0 18599.0 290.0 1258.0
39 40 36 0.0 3.0 1.0 3620.0 39786.0 400.0 45282.0
39 40 37 0.0 1.0 0.0 1266.0 15139.0 121.0 103021.0
39 40 38 0.0 0.0 0.0 531.0 5731.0 16.0 129279.0
39 40 39 0.0 0.0 0.0 252.0 2534.0 18.0 144711.0
39 40 40 0.0 0.0 0.0 168.0 2030.0 10.0 144398.0
39 40 41 0.0 0.0 0.0 210.0 2631.0 17.0 144259.0
39 40 42 0.0 0.0 0.0 513.0 5952.0 33.0 129249.0
39 40 43 0.0 0.0 1.0 1245.0 15724.0 117.0 102262.0
39 40 44 0.0 0.0 0.0 3078.0 40496.0 403.0 44899.0
39 40 45 0.0 0.0 0.0 1365.0 18450.0 302.0 1291.0
39 40 46 0.0 0.0 0.0 13.0 221.0 2.0 0.0
39 41 34 0.0 0.0 0.0 9.0 210.0 3.0 0.0
39 41 35 0.0 0.0 0.0 1481.0 16263.0 253.0 1019.0
39 41 36 0.0 0.0 0.0 3244.0 40955.0 422.0 40720.0
39 41 37 0.0 0.0 0.0 1419.0 16938.0 114.0 99170.0
39 41 38 0.0 0.0 0.0 596.0 6643.0 45.0 128004.0
39 41 39 0.0 0.0 0.0 287.0 3044.0 13.0 143718.0
39 41 40 0.0 0.0 0.0 229.0 2661.0 13.0 142983.0
39 41 41 0.0 0.0 0.0 283.0 3072.0 18.0 142845.0
39 41 42 0.0 0.0 0.0 601.0 6944.0 32.0 127291.0
39 41 43 0.0 0.0 1.0 1659.0 17570.0 136.0 98008.0
39 41 44 0.0 0.0 0.0 3612.0 41491.0 431.0 39022.0
39 41 45 0.0 0.0 0.0 1366.0 15675.0 279.0 996.0
39 41 46 0.0 0.0 0.0 16.0 198.0 2.0 0.0
39 42 34 0.0 0.0 0.0 8.0 89.0 2.0 0.0
39 42 35 0.0 0.0 0.0 842.0 11443.0 183.0 415.0
39 42 36 0.0 0.0 0.0 3556.0 42919.0 507.0 27203.0
39 42 37 0.0 0.0 2.0 1822.0 22927.0 178.0 86993.0
39 42 38 0.0 0.0 0.0 843.0 9993.0 58.0 119246.0
39 42 39 0.0 1.0 1.0 513.0 6640.0 35.0 127434.0
39 42 40 0.0 0.0 0.0 511.0 6018.0 44.0 129287.0
39 42 41 0.0 0.0 1.0 610.0 6761.0 43.0 127739.0
39 42 42 0.0 0.0 0.0 884.0 10248.0 53.0 118656.0
39 42 43 0.0 1.0 0.0 1969.0 22635.0 203.0 86948.0
39 42 44 0.0 0.0 0.0 4615.0 42347.0 526.0 26905.0
39 42 45 0.0 0.0 0.0 794.0 9856.0 163.0 304.0
39 42 46 0.0 0.0 0.0 8.0 95.0 2.0 0.0
39 43 34 0.0 0.0 0.0 1.0 25.0 0.0 0.0
39 43 35 0.0 0.0 0.0 347.0 4334.0 72.0 45.0
39 43 36 0.0 0.0 0.0 2890.0 35650.0 502.0 9076.0
39 43 37 0.0 0.0 1.0 3468.0 34253.0 338.0 57466.0
39 43 38 0.0 1.0 0.0 1819.0 22741.0 194.0 86938.0
39 43 39 0.0 0.0 1.0 1380.0 17361.0 129.0 98564.0
39 43 40 0.0 0.0 0.0 1216.0 16098.0 114.0 101383.0
39 43 41 0.0 1.0 1.0 1445.0 17228.0 130.0 98371.0
39 43 42 0.0 0.0 1.0 1946.0 22312.0 170.0 87801.0
39 43 43 0.0 0.0 0.0 2921.0 34167.0 340.0 58304.0
39 43 44 0.0 0.0 1.0 2946.0 35266.0 459.0 8718.0
39 43 45 0.0 0.0 0.0 384.0 4134.0 82.0 46.0
39 43 46 0.0 0.0 0.0 1.0 25.0 0.0 0.0
39 44 34 0.0 0.0 0.0 0.0 5.0 0.0 0.0
39 44 35 0.0 0.0 0.0 59.0 920.0 23.0 1.0
39 44 36 0.0 0.0 0.0 1058.0 13260.0 190.0 674.0
39 44 37 0.0 0.0 0.0 2921.0 37003.0 508.0 10256.0
39 44 38 0.0 9.0 0.0 3621.0 43394.0 478.0 27008.0
39 44 39 0.0 1.0 0.0 3182.0 41880.0 442.0 39188.0
39 44 40 0.0 0.0 2.0 3206.0 40087.0 395.0 44562.0
39 44 41 0.0 2.0 0.0 3127.0 42438.0 458.0 38041.0
39 44 42 0.0 1.0 0.0 3738.0 43135.0 488.0 26392.0
39 44 43 0.0 0.0 0.0 2776.0 36085.0 505.0 9388.0
39 44 44 0.0 0.0 0.0 1103.0 14032.0 234.0 788.0
39 44 45 0.0 0.0 0.0 72.0 899.0 20.0 2.0
39 44 46 0.0 0.0 0.0 0.0 1.0 0.0 0.0
39 45 35 0.0 0.0 0.0 0.0 62.0 2.0 0.0
39 45 36 0.0 0.0 0.0 60.0 819.0 10.0 4.0
39 45 37 0.0 0.0 0.0 382.0 4179.0 74.0 50.0
39 45 38 0.0 0.0 0.0 902.0 10427.0 199.0 360.0
39 45 39 0.0 0.0 0.0 1078.0 16280.0 265.0 859.0
39 45 40 0.0 0.0 0.0 1205.0 18182.0 282.0 1283.0
39 45 41 0.0 0.0 0.0 1143.0 16324.0 263.0 942.0
39 45 42 0.0 0.0 0.0 754.0 9780.0 169.0 281.0
39 45 43 0.0 0.0 0.0 321.0 4236.0 73.0 43.0
39 45 44 0.0 0.0 0.0 81.0 812.0 8.0 2.0
39 45 45 0.0 0.0 0.0 6.0 60.0 0.0 0.0
39 46 36 0.0 0.0 0.0 0.0 1.0 0.0 0.0
39 46 37 0.0 0.0 0.0 2.0 21.0 0.0 0.0
39 46 38 0.0 0.0 0.0 8.0 72.0 2.0 0.0
39 46 39 0.0 0.0 0.0 5.0 171.0 1.0 0.0
39 46 40 0.0 0.0 0.0 28.0 217.0 4.0 0.0
39 46 41 0.0 0.0 0.0 15.0 174.0 4.0 0.0
39 46 42 0.0 0.0 0.0 7.0 94.0 4.0 0.0
39 46 43 0.0 0.0 0.0 1.0 22.0 0.0 0.0
39 46 44 0.0 0.0 0.0 0.0 3.0 0.0 0.0
40 33 40 0.0 0.0 0.0 0.0 1.0 0.0 0.0
40 34 36 0.0 0.0 0.0 1.0 3.0 0.0 0.0
40 34 37 0.0 0.0 0.0 3.0 31.0 0.0 0.0
40 34 38 0.0 0.0 0.0 13.0 134.0 7.0 0.0
40 34 39 0.0 0.0 0.0 26.0 258.0 5.0 0.0
40 34 40 0.0 0.0 1.0 32.0 359.0 6.0 0.0
40 34 41 0.0 0.0 0.0 29.0 293.0 5.0 0.0
40 34 42 0.0 0.0 0.0 9.0 193.0 6.0 0.0
40 34 43 0.0 0.0 0.0 3.0 42.0 2.0 0.0
40 34 44 0.0 0.0 0.0 0.0 13.0 1.0 0.0
40 34 45 0.0 0.0 0.0 0.0 1.0 0.0 0.0
40 35 35 0.0 0.0 0.0 7.0 85.0 1.0 0.0
40 35 36 0.0 0.0 0.0 67.0 1120.0 24.0 4.0
40 35 37 0.0 0.0 0.0 471.0 5318.0 101.0 78.0
40 35 38 0.0 0.0 0.0 960.0 12229.0 184.0 508.0
40 35 39 0.0 0.0 0.0 1399.0 19531.0 316.0 1426.0
40 35 40 0.0 1.0 0.0 1735.0 20945.0 344.0 1834.0
40 35 41 0.0 0.0 0.0 1466.0 19601.0 310.0 1503.0
40 35 42 0.0 0.0 0.0 1106.0 12830.0 195.0 539.0
40 35 43 0.0 0.0 0.0 501.0 6377.0 115.0 113.0
40 35 44 0.0 0.0 0.0 126.0 1586.0 21.0 10.0
40 35 45 0.0 0.0 0.0 23.0 157.0 5.0 0.0
40 36 34 0.0 0.0 0.0 1.0 2.0 0.0 0.0
40 36 35 0.0 0.0 0.0 85.0 1073.0 18.0 8.0
40 36 36 0.0 0.0 0.0 1070.0 16604.0 286.0 1162.0
40 36 37 0.0 0.0 0.0 3046.0 38193.0 488.0 11522.0
40 36 38 0.0 0.0 5.0 3149.0 43371.0 488.0 32156.0
40 36 39 0.0 0.0 0.0 3361.0 39748.0 392.0 45533.0
40 36 40 0.0 0.0 1.0 2999.0 38509.0 395.0 49905.0
40 36 41 0.0 1.0 0.0 2992.0 39579.0 405.0 47743.0
40 36 42 0.0 2.0 2.0 3751.0 42466.0 482.0 34057.0
40 36 43 0.0 0.0 0.0 3748.0 40493.0 543.0 15943.0
40 36 44 0.0 2.0 0.0 1444.0 20415.0 345.0 1883.0
40 36 45 0.0 0.0 0.0 119.0 1541.0 27.0 7.0
40 36 46 0.0 0.0 0.0 0.0 3.0 0.0 0.0
40 37 34 0.0 0.0 0.0 5.0 33.0 0.0 0.0
40 37 35 0.0 0.0 0.0 339.0 5038.0 78.0 66.0
40 37 36 0.0 0.0 0.0 3069.0 38454.0 543.0 11847.0
40 37 37 0.0 0.0 0.0 2561.0 32916.0 297.0 63313.0
40 37 38 0.0 0.0 0.0 1730.0 20583.0 145.0 91255.0
40 37 39 0.0 0.0 0.0 1328.0 15653.0 115.0 101882.0
40 37 40 0.0 0.0 0.0 1276.0 14508.0 107.0 105227.0
40 37 41 0.0 0.0 0.0 1328.0 15214.0 125.0 102851.0
40 37 42 0.0 0.0 2.0 1796.0 20406.0 168.0 93153.0
40 37 43 0.0 0.0 3.0 2779.0 30256.0 289.0 67902.0
40 37 44 0.0 0.0 0.0 2950.0 39939.0 495.0 14229.0
40 37 45 0.0 0.0 0.0 356.0 6186.0 103.0 103.0
40 37 46 0.0 0.0 0.0 0.0 53.0 2.0 0.0
40 38 34 0.0 0.0 0.0 7.0 100.0 0.0 0.0
40 38 35 0.0 0.0 0.0 1096.0 12033.0 232.0 462.0
40 38 36 0.0 0.0 2.0 3347.0 43561.0 470.0 30926.0
40 38 37 0.0 0.0 0.0 1976.0 20979.0 144.0 90585.0
40 38 38 0.0 0.0 1.0 777.0 8882.0 54.0 122523.0
40 38 39 0.0 0.0 0.0 500.0 5915.0 34.0 129327.0
40 38 40 0.0 0.0 3.0 404.0 4983.0 32.0 130716.0
40 38 41 0.0 0.0 2.0 467.0 5741.0 38.0 129278.0
40 38 42 0.0 0.0 0.0 699.0 8742.0 55.0 123922.0
40 38 43 0.0 0.0 1.0 1601.0 19959.0 154.0 93093.0
40 38 44 0.0 8.0 3.0 2988.0 42960.0 455.0 34473.0
40 38 45 0.0 0.0 0.0 1009.0 13544.0 226.0 590.0
40 38 46 0.0 0.0 0.0 9.0 166.0 2.0 0.0
40 39 34 0.0 0.0 0.0 28.0 238.0 1.0 0.0
40 39 35 0.0 0.0 0.0 1415.0 18239.0 337.0 1281.0
40 39 36 0.0 1.0 2.0 3269.0 40291.0 418.0 44240.0
40 39 37 0.0 0.0 1.0 1427.0 15922.0 123.0 101796.0
40 39 38 0.0 0.0 0.0 509.0 5898.0 40.0 129471.0
40 39 39 0.0 0.0 1.0 247.0 2574.0 19.0 143119.0
40 39 40 0.0 0.0 0.0 185.0 2131.0 6.0 143694.0
40 39 41 0.0 0.0 0.0 203.0 2409.0 9.0 144152.0
40 39 42 0.0 0.0 0.0 489.0 5770.0 26.0 129324.0
40 39 43 0.0 0.0 0.0 1249.0 15295.0 126.0 103730.0
40 39 44 0.0 0.0 1.0 3109.0 39180.0 333.0 48375.0
40 39 45 0.0 0.0 1.0 1452.0 20059.0 318.0 1503.0
40 39 46 0.0 0.0 0.0 11.0 348.0 6.0 0.0
40 40 34 0.0 0.0 0.0 27.0 319.0 7.0 0.0
40 40 35 0.0 0.0 0.0 1781.0 20678.0 356.0 1666.0
40 40 36 0.0 0.0 6.0 3058.0 38584.0 393.0 49593.0
40 40 37 0.0 0.0 3.0 1182.0 14486.0 96.0 105004.0
40 40 38 0.0 0.0 0.0 392.0 5053.0 27.0 131116.0
40 40 39 0.0 0.0 0.0 175.0 1967.0 9.0 143396.0
40 40 40 0.0 0.0 0.0 96.0 1185.0 4.0 158023.0
40 40 41 0.0 0.0 0.0 195.0 1975.0 10.0 144136.0
40 40 42 0.0 1.0 0.0 410.0 5129.0 22.0 130115.0
40 40 43 0.0 6.0 0.0 1209.0 14161.0 102.0 105037.0
40 40 44 0.0 1.0 0.0 2878.0 38348.0 381.0 51093.0
40 40 45 0.0 0.0 3.0 1828.0 21287.0 327.0 1859.0
40 40 46 0.0 0.0 0.0 44.0 392.0 5.0 0.0
40 41 34 0.0 0.0 0.0 18.0 249.0 7.0 0.0
40 41 35 0.0 0.0 0.0 1413.0 18302.0 290.0 1262.0
40 41 36 0.0 0.0 4.0 3396.0 40255.0 391.0 44365.0
40 41 37 0.0 0.0 0.0 1446.0 15309.0 122.0 102583.0
40 41 38 0.0 0.0 1.0 526.0 5973.0 41.0 129523.0
40 41 39 0.0 0.0 1.0 210.0 2615.0 9.0 144093.0
40 41 40 0.0 0.0 0.0 179.0 2024.0 15.0 144138.0
40 41 41 0.0 -1.0 0.0 229.0 2602.0 10.0 143473.0
40 41 42 0.0 0.0 0.0 557.0 5861.0 21.0 128568.0
40 41 43 0.0 0.0 0.0 1326.0 15699.0 112.0 101653.0
40 41 44 0.0 1.0 0.0 3332.0 40117.0 418.0 44999.0
40 41 45 0.0 6.0 0.0 1223.0 18747.0 255.0 1339.0
40 41 46 0.0 0.0 0.0 16.0 222.0 4.0 0.0
40 42 34 0.0 0.0 0.0 6.0 129.0 2.0 0.0
40 42 35 0.0 0.0 0.0 938.0 12432.0 209.0 562.0
40 42 36 0.0 0.0 0.0 3411.0 43452.0 491.0 31203.0
40 42 37 0.0 1.0 0.0 1983.0 21264.0 173.0 90682.0
40 42 38 0.0 0.0 0.0 798.0 9125.0 56.0 120889.0
40 42 39 0.0 0.0 1.0 515.0 6047.0 36.0 129313.0
40 42 40 0.0 0.0 1.0 435.0 5058.0 24.0 130378.0
40 42 41 0.0 0.0 0.0 543.0 6039.0 34.0 129082.0
40 42 42 0.0 0.0 0.0 874.0 9121.0 66.0 122111.0
40 42 43 0.0 0.0 0.0 1852.0 21530.0 161.0 89744.0
40 42 44 0.0 2.0 0.0 3605.0 43392.0 493.0 29475.0
40 42 45 0.0 0.0 0.0 874.0 11411.0 187.0 399.0
40 42 46 0.0 0.0 0.0 10.0 109.0 2.0 0.0
40 43 34 0.0 0.0 0.0 2.0 30.0 0.0 0.0
40 43 35 0.0 0.0 0.0 428.0 4930.0 74.0 67.0
40 43 36 0.0 0.0 2.0 3394.0 38210.0 479.0 11693.0
40 43 37 0.0 0.0 1.0 2838.0 32195.0 331.0 63899.0
40 43 38 0.0 0.0 4.0 1715.0 21406.0 167.0 89667.0
40 43 39 0.0 0.0 0.0 1293.0 16035.0 115.0 101918.0
40 43 40 0.0 0.0 1.0 1221.0 14691.0 112.0 104344.0
40 43 41 0.0 0.0 1.0 1372.0 16014.0 124.0 101861.0
40 43 42 0.0 1.0 2.0 1853.0 20687.0 174.0 90864.0
40 43 43 0.0 0.0 0.0 2821.0 33337.0 305.0 62170.0
40 43 44 0.0 0.0 0.0 3286.0 37541.0 483.0 11387.0
40 43 45 0.0 0.0 0.0 371.0 5007.0 100.0 65.0
40 43 46 0.0 0.0 0.0 0.0 27.0 1.0 0.0
40 44 34 0.0 0.0 0.0 0.0 7.0 1.0 0.0
40 44 35 0.0 0.0 0.0 76.0 973.0 14.0 1.0
40 44 36 0.0 0.0 0.0 1700.0 15480.0 231.0 1020.0
40 44 37 0.0 0.0 0.0 2998.0 38145.0 496.0 11283.0
40 44 38 0.0 0.0 0.0 3244.0 43526.0 471.0 30095.0
40 44 39 0.0 0.0 1.0 3109.0 40551.0 407.0 44619.0
40 44 40 0.0 0.0 0.0 2970.0 38580.0 372.0 49535.0
40 44 41 0.0 1.0 1.0 3111.0 40475.0 410.0 44203.0
40 44 42 0.0 1.0 0.0 3934.0 42728.0 456.0 29997.0
40 44 43 0.0 0.0 0.0 3632.0 37589.0 494.0 11295.0
40 44 44 0.0 0.0 0.0 1366.0 16149.0 290.0 1082.0
40 44 45 0.0 0.0 0.0 109.0 1021.0 24.0 2.0
40 44 46 0.0 0.0 0.0 0.0 2.0 0.0 0.0
40 45 35 0.0 0.0 0.0 3.0 80.0 0.0 0.0
40 45 36 0.0 0.0 0.0 111.0 1138.0 25.0 4.0
40 45 37 0.0 0.0 0.0 431.0 4989.0 90.0 75.0
40 45 38 0.0 0.0 1.0 814.0 12015.0 183.0 479.0
40 45 39 0.0 0.0 1.0 1214.0 18170.0 311.0 1184.0
40 45 40 0.0 0.0 1.0 1613.0 19900.0 316.0 1589.0
40 45 41 0.0 0.0 0.0 1324.0 17789.0 284.0 1056.0
40 45 42 0.0 1.0 0.0 836.0 11883.0 196.0 451.0
40 45 43 0.0 0.0 0.0 343.0 4769.0 77.0 51.0
40 45 44 0.0 0.0 0.0 108.0 1159.0 14.0 6.0
40 45 45 0.0 0.0 0.0 7.0 61.0 0.0 0.0
40 46 36 0.0 0.0 0.0 0.0 2.0 0.0 0.0
40 46 37 0.0 0.0 0.0 3.0 15.0 0.0 0.0
40 46 38 0.0 0.0 0.0 5.0 142.0 2.0 0.0
40 46 39 0.0 0.0 0.0 11.0 253.0 1.0 0.0
40 46 40 0.0 0.0 0.0 9.0 360.0 5.0 0.0
40 46 41 0.0 0.0 0.0 19.0 194.0 6.0 0.0
40 46 42 0.0 0.0 0.0 7.0 122.0 2.0 0.0
40 46 43 0.0 0.0 0.0 1.0 15.0 1.0 0.0
40 46 44 0.0 0.0 0.0 0.0 5.0 0.0 0.0
41 34 35 0.0 0.0 0.0 0.0 1.0 0.0 0.0
41 34 36 0.0 0.0 0.0 0.0 2.0 0.0 0.0
41 34 37 0.0 0.0 0.0 1.0 37.0 0.0 0.0
41 34 38 0.0 0.0 0.0 9.0 106.0 1.0 0.0
41 34 39 0.0 0.0 0.0 14.0 246.0 5.0 0.0
41 34 40 0.0 0.0 0.0 23.0 300.0 3.0 0.0
41 34 41 0.0 0.0 0.0 18.0 233.0 2.0 0.0
41 34 42 0.0 0.0 0.0 12.0 128.0 2.0 0.0
41 34 43 0.0 0.0 0.0 7.0 37.0 0.0 0.0
41 34 44 0.0 0.0 0.0 0.0 4.0 0.0 0.0
41 35 35 0.0 0.0 0.0 12.0 62.0 0.0 0.0
41 35 36 0.0 0.0 0.0 105.0 913.0 16.0 3.0
41 35 37 0.0 0.0 0.0 403.0 4008.0 83.0 35.0
41 35 38 0.0 0.0 0.0 1012.0 10510.0 184.0 379.0
41 35 39 0.0 0.0 0.0 1328.0 17243.0 271.0 1116.0
41 35 40 0.0 0.0 0.0 1470.0 19968.0 342.0 1539.0
41 35 41 0.0 1.0 2.0 1547.0 18122.0 283.0 1327.0
41 35 42 0.0 0.0 0.0 945.0 11811.0 188.0 461.0
41 35 43 0.0 0.0 0.0 463.0 5786.0 78.0 74.0
41 35 44 0.0 0.0 0.0 152.0 1434.0 26.0 4.0
41 35 45 0.0 0.0 0.0 5.0 147.0 4.0 0.0
41 36 34 0.0 0.0 0.0 0.0 2.0 0.0 0.0
41 36 35 0.0 0.0 0.0 127.0 933.0 15.0 0.0
41 36 36 0.0 0.0 0.0 1166.0 14878.0 235.0 832.0
41 36 37 0.0 0.0 0.0 2844.0 36195.0 504.0 9691.0
41 36 38 0.0 0.0 0.0 4038.0 42623.0 472.0 28573.0
41 36 39 0.0 0.0 0.0 3165.0 41008.0 438.0 42286.0
41 36 40 0.0 1.0 2.0 3015.0 39687.0 387.0 47145.0
41 36 41 0.0 0.0 2.0 3329.0 40718.0 432.0 43393.0
41 36 42 0.0 0.0 1.0 3565.0 43007.0 480.0 30990.0
41 36 43 0.0 0.0 2.0 2949.0 39533.0 480.0 13303.0
41 36 44 0.0 0.0 0.0 1395.0 18923.0 307.0 1538.0
41 36 45 0.0 0.0 0.0 118.0 1251.0 21.0 4.0
41 36 46 0.0 0.0 0.0 0.0 7.0 0.0 0.0
41 37 34 0.0 0.0 0.0 2.0 30.0 0.0 0.0
41 37 35 0.0 0.0 0.0 308.0 4372.0 87.0 46.0
41 37 36 0.0 0.0 9.0 3435.0 35733.0 503.0 9201.0
41 37 37 0.0 0.0 0.0 3103.0 34399.0 339.0 58678.0
41 37 38 0.0 0.0 0.0 1975.0 22351.0 209.0 87354.0
41 37 39 0.0 0.0 1.0 1471.0 16705.0 118.0 99622.0
41 37 40 0.0 0.0 1.0 1236.0 15327.0 111.0 103623.0
41 37 41 0.0 1.0 0.0 1343.0 16052.0 109.0 101412.0
41 37 42 0.0 0.0 2.0 1653.0 20824.0 174.0 91846.0
41 37 43 0.0 0.0 1.0 1881.0 31187.0 327.0 68081.0
41 37 44 0.0 0.0 0.0 2684.0 40266.0 540.0 13628.0
41 37 45 0.0 2.0 0.0 452.0 5703.0 94.0 106.0
41 37 46 0.0 0.0 0.0 3.0 52.0 1.0 0.0
41 38 34 0.0 0.0 0.0 7.0 129.0 3.0 0.0
41 38 35 0.0 0.0 0.0 938.0 9970.0 166.0 350.0
41 38 36 0.0 0.0 0.0 3893.0 43153.0 506.0 27339.0
41 38 37 0.0 0.0 0.0 2136.0 22780.0 206.0 86550.0
41 38 38 0.0 0.0 1.0 861.0 10146.0 65.0 119077.0
41 38 39 0.0 0.0 0.0 631.0 6700.0 44.0 127514.0
41 38 40 0.0 0.0 0.0 471.0 5619.0 34.0 130397.0
41 38 41 0.0 0.0 1.0 504.0 6086.0 26.0 129158.0
41 38 42 0.0 0.0 0.0 666.0 8824.0 46.0 123634.0
41 38 43 0.0 0.0 2.0 1565.0 20378.0 178.0 92417.0
41 38 44 0.0 5.0 1.0 3167.0 43297.0 523.0 32035.0
41 38 45 0.0 1.0 0.0 852.0 13258.0 205.0 606.0
41 38 46 0.0 0.0 0.0 6.0 153.0 4.0 0.0
41 39 34 0.0 0.0 0.0 8.0 163.0 1.0 0.0
41 39 35 0.0 0.0 0.0 1177.0 15945.0 274.0 880.0
41 39 36 0.0 0.0 0.0 3186.0 41707.0 446.0 40383.0
41 39 37 0.0 0.0 0.0 1480.0 17007.0 131.0 98870.0
41 39 38 0.0 0.0 1.0 627.0 6754.0 62.0 127060.0
41 39 39 0.0 0.0 0.0 247.0 3069.0 16.0 143693.0
41 39 40 0.0 0.0 0.0 241.0 2498.0 20.0 144665.0
41 39 41 0.0 0.0 0.0 230.0 2856.0 13.0 145856.0
41 39 42 0.0 0.0 0.0 480.0 6178.0 41.0 129247.0
41 39 43 0.0 0.0 1.0 1203.0 15771.0 127.0 102106.0
41 39 44 0.0 6.0 1.0 3164.0 40002.0 375.0 45288.0
41 39 45 0.0 0.0 0.0 1366.0 19026.0 291.0 1356.0
41 39 46 0.0 0.0 0.0 18.0 309.0 2.0 1.0
41 40 34 0.0 0.0 0.0 23.0 208.0 5.0 0.0
41 40 35 0.0 0.0 0.0 1252.0 18623.0 298.0 1316.0
41 40 36 0.0 0.0 0.0 2954.0 40506.0 406.0 44948.0
41 40 37 0.0 0.0 0.0 1228.0 15743.0 106.0 102403.0
41 40 38 0.0 1.0 0.0 482.0 5855.0 37.0 129509.0
41 40 39 0.0 0.0 0.0 189.0 2458.0 9.0 144785.0
41 40 40 0.0 1.0 0.0 175.0 1919.0 12.0 144687.0
41 40 41 0.0 0.0 0.0 193.0 2565.0 12.0 143603.0
41 40 42 0.0 0.0 1.0 461.0 5801.0 36.0 130270.0
41 40 43 0.0 2.0 0.0 1237.0 15081.0 102.0 104015.0
41 40 44 0.0 0.0 0.0 3115.0 39051.0 410.0 48175.0
41 40 45 0.0 0.0 0.0 1417.0 19726.0 331.0 1537.0
41 40 46 0.0 0.0 0.0 19.0 278.0 11.0 0.0
41 41 34 0.0 0.0 0.0 9.0 167.0 4.0 0.0
41 41 35 0.0 0.0 0.0 1256.0 16211.0 269.0 934.0
41 41 36 0.0 0.0 0.0 2998.0 41811.0 470.0 41416.0
41 41 37 0.0 0.0 3.0 1477.0 17314.0 174.0 99206.0
41 41 38 0.0 0.0 0.0 582.0 6545.0 32.0 127930.0
41 41 39 0.0 0.0 0.0 268.0 3126.0 12.0 142855.0
41 41 40 0.0 0.0 0.0 209.0 2511.0 19.0 144034.0
41 41 41 0.0 0.0 0.0 257.0 2986.0 18.0 143544.0
41 41 42 0.0 0.0 0.0 548.0 6516.0 42.0 127410.0
41 41 43 0.0 0.0 0.0 1345.0 16724.0 114.0 99929.0
41 41 44 0.0 4.0 0.0 3382.0 41047.0 392.0 41259.0
41 41 45 0.0 0.0 0.0 1254.0 16692.0 269.0 1017.0
41 41 46 0.0 0.0 0.0 24.0 219.0 6.0 0.0
41 42 34 0.0 0.0 0.0 1.0 81.0 3.0 0.0
41 42 35 0.0 0.0 0.0 637.0 10295.0 190.0 344.0
41 42 36 0.0 0.0 0.0 3728.0 43148.0 486.0 27663.0
41 42 37 0.0 0.0 0.0 1979.0 21872.0 189.0 88261.0
41 42 38 0.0 0.0 1.0 886.0 10133.0 66.0 119691.0
41 42 39 0.0 1.0 0.0 552.0 6776.0 44.0 127470.0
41 42 40 0.0 0.0 1.0 475.0 5939.0 30.0 129328.0
41 42 41 0.0 0.0 0.0 586.0 6633.0 43.0 127045.0
41 42 42 0.0 1.0 1.0 831.0 9999.0 62.0 120032.0
41 42 43 0.0 0.0 1.0 2167.0 22368.0 193.0 87006.0
41 42 44 0.0 2.0 0.0 3898.0 43055.0 459.0 26564.0
41 42 45 0.0 0.0 0.0 712.0 10215.0 174.0 334.0
41 42 46 0.0 0.0 0.0 10.0 110.0 1.0 0.0
41 43 34 0.0 0.0 0.0 2.0 28.0 1.0 0.0
41 43 35 0.0 0.0 0.0 376.0 4494.0 75.0 51.0
41 43 36 0.0 0.0 0.0 3328.0 36065.0 448.0 9595.0
41 43 37 0.0 0.0 0.0 3108.0 33891.0 340.0 59234.0
41 43 38 0.0 0.0 0.0 1802.0 22357.0 186.0 87480.0
41 43 39 0.0 0.0 0.0 1236.0 17269.0 134.0 98577.0
41 43 40 0.0 0.0 0.0 1181.0 15847.0 133.0 101424.0
41 43 41 0.0 0.0 1.0 1437.0 17137.0 137.0 98940.0
41 43 42 0.0 0.0 0.0 2108.0 21695.0 184.0 88245.0
41 43 43 0.0 1.0 0.0 3405.0 33807.0 352.0 59215.0
41 43 44 0.0 0.0 0.0 3410.0 35663.0 497.0 9156.0
41 43 45 0.0 0.0 0.0 372.0 4169.0 67.0 42.0
41 43 46 0.0 0.0 0.0 1.0 39.0 1.0 0.0
41 44 34 0.0 0.0 0.0 0.0 9.0 0.0 0.0
41 44 35 0.0 0.0 0.0 107.0 930.0 15.0 1.0
41 44 36 0.0 0.0 0.0 1163.0 15304.0 243.0 879.0
41 44 37 0.0 0.0 0.0 3269.0 35778.0 506.0 9625.0
41 44 38 0.0 0.0 1.0 3160.0 44034.0 519.0 26810.0
41 44 39 0.0 0.0 0.0 3367.0 41657.0 454.0 39327.0
41 44 40 0.0 0.0 0.0 2982.0 40323.0 407.0 45239.0
41 44 41 0.0 0.0 0.0 3489.0 41377.0 413.0 40062.0
41 44 42 0.0 6.0 0.0 3340.0 43564.0 500.0 25917.0
41 44 43 0.0 0.0 0.0 2905.0 36863.0 476.0 9673.0
41 44 44 0.0 0.0 0.0 1398.0 13540.0 240.0 749.0
41 44 45 0.0 0.0 0.0 76.0 945.0 12.0 2.0
41 44 46 0.0 0.0 0.0 0.0 4.0 0.0 0.0
41 45 35 0.0 0.0 0.0 3.0 46.0 0.0 0.0
41 45 36 0.0 0.0 0.0 97.0 887.0 21.0 0.0
41 45 37 0.0 0.0 0.0 343.0 4320.0 73.0 46.0
41 45 38 0.0 0.0 0.0 635.0 10082.0 162.0 315.0
41 45 39 0.0 0.0 0.0 893.0 15931.0 273.0 901.0
41 45 40 0.0 0.0 0.0 1355.0 17365.0 304.0 1194.0
41 45 41 0.0 0.0 0.0 1129.0 16000.0 264.0 884.0
41 45 42 0.0 0.0 5.0 1119.0 10122.0 173.0 315.0
41 45 43 0.0 0.0 0.0 363.0 4113.0 76.0 53.0
41 45 44 0.0 0.0 0.0 81.0 985.0 19.0 4.0
41 45 45 0.0 0.0 0.0 4.0 53.0 3.0 0.0
41 46 36 0.0 0.0 0.0 0.0 1.0 0.0 0.0
41 46 37 0.0 0.0 0.0 1.0 28.0 0.0 0.0
41 46 38 0.0 0.0 0.0 2.0 89.0 2.0 0.0
41 46 39 0.0 0.0 0.0 27.0 196.0 5.0 0.0
41 46 40 0.0 0.0 0.0 20.0 240.0 7.0 0.0
41 46 41 0.0 0.0 0.0 23.0 198.0 7.0 0.0
41 46 42 0.0 0.0 0.0 5.0 79.0 2.0 0.0
41 46 43 0.0 0.0 0.0 4.0 12.0 0.0 0.0
41 46 44 0.0 0.0 0.0 0.0 1.0 0.0 0.0
42 34 36 0.0 0.0 0.0 0.0 2.0 0.0 0.0
42 34 37 0.0 0.0 0.0 1.0 12.0 0.0 0.0
42 34 38 0.0 0.0 0.0 2.0 46.0 0.0 0.0
42 34 39 0.0 0.0 0.0 1.0 118.0 3.0 0.0
42 34 40 0.0 0.0 0.0 23.0 194.0 4.0 0.0
42 34 41 0.0 0.0 0.0 9.0 100.0 0.0 0.0
42 34 42 0.0 0.0 0.0 6.0 81.0 1.0 0.0
42 34 43 0.0 0.0 0.0 1.0 17.0 0.0 0.0
42 34 44 0.0 0.0 0.0 0.0 9.0 0.0 0.0
42 35 35 0.0 0.0 0.0 3.0 21.0 0.0 0.0
42 35 36 0.0 0.0 0.0 69.0 578.0 15.0 0.0
42 35 37 0.0 0.0 0.0 232.0 2504.0 42.0 15.0
42 35 38 0.0 0.0 0.0 632.0 6928.0 111.0 139.0
42 35 39 0.0 0.0 0.0 941.0 11490.0 196.0 464.0
42 35 40 0.0 0.0 0.0 963.0 14114.0 241.0 673.0
42 35 41 0.0 0.0 0.0 921.0 12614.0 219.0 514.0
42 35 42 0.0 0.0 0.0 615.0 8625.0 151.0 207.0
42 35 43 0.0 0.0 0.0 319.0 3394.0 65.0 41.0
42 35 44 0.0 0.0 0.0 71.0 847.0 13.0 1.0
42 35 45 0.0 0.0 0.0 7.0 40.0 0.0 0.0
42 36 34 0.0 0.0 0.0 2.0 3.0 0.0 0.0
42 36 35 0.0 0.0 0.0 58.0 556.0 10.0 1.0
42 36 36 0.0 0.0 0.0 690.0 9458.0 185.0 326.0
42 36 37 0.0 0.0 0.0 3040.0 28235.0 419.0 4659.0
42 36 38 0.0 1.0 0.0 3957.0 40842.0 525.0 16110.0
42 36 39 0.0 0.0 0.0 3276.0 43398.0 448.0 29370.0
42 36 40 0.0 0.0 0.0 3429.0 42528.0 466.0 35426.0
42 36 41 0.0 0.0 1.0 3400.0 42906.0 460.0 32084.0
42 36 42 0.0 0.0 0.0 3323.0 42983.0 485.0 21967.0
42 36 43 0.0 0.0 0.0 3008.0 33311.0 478.0 7168.0
42 36 44 0.0 1.0 0.0 719.0 15028.0 251.0 820.0
42 36 45 0.0 0.0 0.0 53.0 798.0 18.0 2.0
42 36 46 0.0 0.0 0.0 0.0 1.0 0.0 0.0
42 37 34 0.0 0.0 0.0 0.0 11.0 0.0 0.0
42 37 35 0.0 0.0 0.0 171.0 2494.0 32.0 10.0
42 37 36 0.0 0.0 1.0 3522.0 28486.0 450.0 4964.0
42 37 37 0.0 0.0 0.0 3298.0 39420.0 395.0 45058.0
42 37 38 0.0 0.0 2.0 2506.0 27888.0 211.0 74832.0
42 37 39 0.0 0.0 2.0 1766.0 21461.0 175.0 89463.0
42 37 40 0.0 0.0 1.0 1619.0 19544.0 147.0 93862.0
42 37 41 0.0 1.0 1.0 1520.0 20007.0 156.0 92802.0
42 37 42 0.0 4.0 3.0 1818.0 25785.0 211.0 81254.0
42 37 43 0.0 1.0 4.0 2090.0 36893.0 387.0 54219.0
42 37 44 0.0 2.0 0.0 2680.0 34537.0 510.0 7811.0
42 37 45 0.0 0.0 0.0 254.0 3931.0 65.0 36.0
42 37 46 0.0 0.0 0.0 0.0 12.0 0.0 0.0
42 38 34 0.0 0.0 0.0 6.0 35.0 2.0 0.0
42 38 35 0.0 0.0 0.0 569.0 6503.0 115.0 137.0
42 38 36 0.0 0.0 4.0 3124.0 41879.0 520.0 17188.0
42 38 37 0.0 0.0 2.0 2466.0 28584.0 264.0 74304.0
42 38 38 0.0 0.0 1.0 1034.0 12967.0 105.0 112614.0
42 38 39 0.0 1.0 0.0 833.0 9396.0 60.0 121643.0
42 38 40 0.0 0.0 0.0 671.0 8081.0 50.0 124927.0
42 38 41 0.0 0.0 1.0 664.0 8710.0 53.0 123565.0
42 38 42 0.0 0.0 2.0 769.0 11800.0 74.0 116218.0
42 38 43 0.0 1.0 2.0 1648.0 25162.0 193.0 82772.0
42 38 44 0.0 2.0 0.0 2817.0 43936.0 521.0 21863.0
42 38 45 0.0 0.0 0.0 656.0 8692.0 157.0 218.0
42 38 46 0.0 0.0 0.0 1.0 75.0 1.0 0.0
42 39 34 0.0 0.0 0.0 5.0 130.0 2.0 0.0
42 39 35 0.0 0.0 1.0 918.0 10388.0 173.0 320.0
42 39 36 0.0 0.0 0.0 3344.0 43881.0 507.0 27926.0
42 39 37 0.0 0.0 0.0 1758.0 22393.0 175.0 87753.0
42 39 38 0.0 0.0 0.0 773.0 9815.0 64.0 121225.0
42 39 39 0.0 0.0 2.0 567.0 6402.0 42.0 127940.0
42 39 40 0.0 1.0 0.0 495.0 5501.0 30.0 130310.0
42 39 41 0.0 0.0 0.0 445.0 6120.0 39.0 128976.0
42 39 42 0.0 0.0 1.0 640.0 8948.0 55.0 123489.0
42 39 43 0.0 0.0 0.0 1393.0 20908.0 169.0 92481.0
42 39 44 0.0 0.0 0.0 2925.0 43544.0 482.0 32593.0
42 39 45 0.0 2.0 0.0 870.0 12661.0 198.0 549.0
42 39 46 0.0 0.0 0.0 14.0 136.0 4.0 0.0
42 40 34 0.0 0.0 0.0 15.0 119.0 3.0 0.0
42 40 35 0.0 0.0 0.0 834.0 12548.0 209.0 522.0
42 40 36 0.0 0.0 0.0 3571.0 43059.0 497.0 31521.0
42 40 37 0.0 0.0 0.0 1422.0 21102.0 167.0 91508.0
42 40 38 0.0 1.0 0.0 615.0 8934.0 62.0 122510.0
42 40 39 0.0 0.0 0.0 430.0 5642.0 32.0 130296.0
42 40 40 0.0 0.0 0.0 419.0 5033.0 32.0 130826.0
42 40 41 0.0 0.0 0.0 466.0 5793.0 35.0 130188.0
42 40 42 0.0 0.0 0.0 622.0 8412.0 48.0 124105.0
42 40 43 0.0 0.0 0.0 1589.0 19447.0 135.0 94223.0
42 40 44 0.0 0.0 1.0 3084.0 42886.0 440.0 35254.0
42 40 45 0.0 0.0 0.0 1050.0 13849.0 224.0 662.0
42 40 46 0.0 0.0 0.0 16.0 158.0 3.0 0.0
42 41 34 0.0 0.0 0.0 10.0 112.0 3.0 0.0
42 41 35 0.0 0.0 0.0 802.0 10923.0 179.0 366.0
42 41 36 0.0 0.0 1.0 3284.0 43168.0 495.0 27579.0
42 41 37 0.0 0.0 1.0 1770.0 22768.0 192.0 87236.0
42 41 38 0.0 0.0 0.0 747.0 10094.0 64.0 119817.0
42 41 39 0.0 1.0 0.0 540.0 6941.0 42.0 127012.0
42 41 40 0.0 0.0 0.0 416.0 5814.0 25.0 129973.0
42 41 41 0.0 0.0 0.0 526.0 6530.0 39.0 128657.0
42 41 42 0.0 0.0 0.0 798.0 9511.0 59.0 120504.0
42 41 43 0.0 3.0 0.0 1577.0 21589.0 166.0 89862.0
42 41 44 0.0 0.0 0.0 3402.0 43296.0 524.0 28779.0
42 41 45 0.0 0.0 0.0 951.0 11090.0 187.0 430.0
42 41 46 0.0 0.0 0.0 6.0 138.0 3.0 0.0
42 42 34 0.0 0.0 0.0 1.0 49.0 2.0 0.0
42 42 35 0.0 0.0 0.0 449.0 6326.0 104.0 99.0
42 42 36 0.0 0.0 0.0 3098.0 41849.0 542.0 16699.0
42 42 37 0.0 0.0 0.0 2371.0 27954.0 236.0 74377.0
42 42 38 0.0 0.0 1.0 1175.0 14296.0 102.0 108843.0
42 42 39 0.0 1.0 0.0 750.0 10077.0 59.0 119950.0
42 42 40 0.0 0.0 0.0 638.0 8999.0 56.0 122542.0
42 42 41 0.0 1.0 0.0 799.0 9664.0 58.0 119949.0
42 42 42 0.0 0.0 0.0 1127.0 14005.0 82.0 109858.0
42 42 43 0.0 0.0 0.0 2344.0 28895.0 251.0 73491.0
42 42 44 0.0 4.0 2.0 3105.0 41720.0 538.0 16086.0
42 42 45 0.0 0.0 0.0 539.0 6460.0 114.0 111.0
42 42 46 0.0 0.0 0.0 8.0 51.0 1.0 0.0
42 43 34 0.0 0.0 0.0 0.0 18.0 0.0 0.0
42 43 35 0.0 0.0 0.0 220.0 2677.0 38.0 23.0
42 43 36 0.0 0.0 0.0 2415.0 29174.0 467.0 4707.0
42 43 37 0.0 0.0 1.0 3855.0 39324.0 443.0 42020.0
42 43 38 0.0 0.0 0.0 2204.0 29308.0 252.0 73230.0
42 43 39 0.0 0.0 0.0 1604.0 22712.0 201.0 87420.0
42 43 40 0.0 0.0 1.0 1703.0 21128.0 174.0 91026.0
42 43 41 0.0 0.0 0.0 1777.0 22801.0 178.0 87323.0
42 43 42 0.0 1.0 0.0 2372.0 29222.0 254.0 73095.0
42 43 43 0.0 0.0 0.0 3580.0 39107.0 375.0 44086.0
42 43 44 0.0 1.0 0.0 3063.0 28094.0 407.0 4528.0
42 43 45 0.0 0.0 0.0 223.0 2604.0 41.0 14.0
42 43 46 0.0 0.0 0.0 0.0 46.0 0.0 0.0
42 44 35 0.0 0.0 0.0 50.0 566.0 17.0 0.0
42 44 36 0.0 0.0 0.0 926.0 9455.0 154.0 326.0
42 44 37 0.0 0.0 0.0 2520.0 28287.0 406.0 4166.0
42 44 38 0.0 0.0 0.0 3220.0 41782.0 532.0 16485.0
42 44 39 0.0 0.0 0.0 2870.0 43903.0 483.0 27046.0
42 44 40 0.0 2.0 3.0 3205.0 43606.0 497.0 31736.0
42 44 41 0.0 0.0 0.0 3627.0 43064.0 526.0 26596.0
42 44 42 0.0 0.0 0.0 3748.0 40985.0 525.0 16150.0
42 44 43 0.0 0.0 0.0 2443.0 28469.0 443.0 4526.0
42 44 44 0.0 0.0 0.0 777.0 9576.0 159.0 346.0
42 44 45 0.0 0.0 0.0 49.0 496.0 7.0 2.0
42 44 46 0.0 0.0 0.0 2.0 2.0 0.0 0.0
42 45 35 0.0 0.0 0.0 1.0 47.0 0.0 0.0
42 45 36 0.0 0.0 0.0 42.0 549.0 6.0 1.0
42 45 37 0.0 0.0 0.0 186.0 2664.0 46.0 17.0
42 45 38 0.0 0.0 0.0 561.0 6309.0 98.0 121.0
42 45 39 0.0 0.0 0.0 678.0 10375.0 165.0 311.0
42 45 40 0.0 0.0 0.0 953.0 11534.0 196.0 447.0
42 45 41 0.0 0.0 0.0 978.0 10278.0 185.0 327.0
42 45 42 0.0 0.0 0.0 467.0 6328.0 90.0 94.0
42 45 43 0.0 0.0 0.0 308.0 2501.0 48.0 19.0
42 45 44 0.0 0.0 0.0 29.0 479.0 8.0 0.0
42 45 45 0.0 0.0 0.0 3.0 38.0 2.0 0.0
42 46 37 0.0 0.0 0.0 0.0 11.0 1.0 0.0
42 46 38 0.0 0.0 0.0 4.0 28.0 1.0 0.0
42 46 39 0.0 0.0 0.0 1.0 74.0 1.0 0.0
42 46 40 0.0 0.0 0.0 4.0 126.0 1.0 0.0
42 46 41 0.0 0.0 0.0 9.0 113.0 1.0 0.0
42 46 42 0.0 0.0 0.0 4.0 36.0 1.0 0.0
42 46 43 0.0 0.0 0.0 0.0 9.0 0.0 0.0
43 34 37 0.0 0.0 0.0 0.0 2.0 0.0 0.0
43 34 38 0.0 0.0 0.0 1.0 19.0 0.0 0.0
43 34 39 0.0 0.0 0.0 2.0 45.0 0.0 0.0
43 34 40 0.0 0.0 0.0 5.0 42.0 0.0 0.0
43 34 41 0.0 0.0 0.0 5.0 30.0 0.0 0.0
43 34 42 0.0 0.0 0.0 3.0 14.0 1.0 0.0
43 34 43 0.0 0.0 0.0 0.0 8.0 0.0 0.0
43 34 44 0.0 0.0 0.0 0.0 2.0 0.0 0.0
43 35 35 0.0 0.0 0.0 3.0 14.0 1.0 0.0
43 35 36 0.0 0.0 0.0 15.0 212.0 4.0 0.0
43 35 37 0.0 0.0 0.0 78.0 1069.0 21.0 5.0
43 35 38 0.0 0.0 0.0 284.0 3006.0 53.0 28.0
43 35 39 0.0 0.0 0.0 380.0 5043.0 78.0 67.0
43 35 40 0.0 0.0 0.0 538.0 6509.0 105.0 116.0
43 35 41 0.0 0.0 0.0 447.0 5545.0 88.0 90.0
43 35 42 0.0 0.0 0.0 241.0 3798.0 73.0 30.0
43 35 43 0.0 0.0 0.0 111.0 1522.0 32.0 7.0
43 35 44 0.0 0.0 0.0 20.0 430.0 5.0 0.0
43 35 45 0.0 0.0 0.0 1.0 19.0 0.0 0.0
43 36 34 0.0 0.0 0.0 0.0 3.0 0.0 0.0
43 36 35 0.0 0.0 0.0 16.0 164.0 1.0 0.0
43 36 36 0.0 0.0 0.0 831.0 4001.0 72.0 75.0
43 36 37 0.0 0.0 0.0 1478.0 16843.0 267.0 1169.0
43 36 38 0.0 0.0 0.0 2938.0 31116.0 428.0 5791.0
43 36 39 0.0 0.0 1.0 2637.0 38802.0 523.0 12078.0
43 36 40 0.0 0.0 4.0 3311.0 41277.0 529.0 16469.0
43 36 41 0.0 0.0 1.0 2821.0 39895.0 509.0 13423.0
43 36 42 0.0 0.0 1.0 2221.0 34012.0 441.0 7398.0
43 36 43 0.0 0.0 0.0 1671.0 22016.0 333.0 2259.0
43 36 44 0.0 0.0 0.0 426.0 7384.0 111.0 174.0
43 36 45 0.0 0.0 0.0 18.0 387.0 10.0 0.0
43 37 34 0.0 0.0 0.0 0.0 3.0 0.0 0.0
43 37 35 0.0 0.0 3.0 112.0 1011.0 17.0 1.0
43 37 36 0.0 0.0 0.0 1195.0 16162.0 251.0 1047.0
43 37 37 0.0 0.0 0.0 2825.0 41714.0 516.0 19928.0
43 37 38 0.0 0.0 0.0 3424.0 37818.0 380.0 47728.0
43 37 39 0.0 0.0 2.0 2396.0 32287.0 324.0 64796.0
43 37 40 0.0 0.0 1.0 2113.0 30051.0 239.0 70387.0
43 37 41 0.0 0.0 0.0 2623.0 30873.0 279.0 67062.0
43 37 42 0.0 1.0 0.0 1847.0 36258.0 326.0 55656.0
43 37 43 0.0 0.0 0.0 1862.0 43553.0 460.0 30563.0
43 37 44 0.0 0.0 0.0 1686.0 22268.0 339.0 2299.0
43 37 45 0.0 0.0 0.0 165.0 1503.0 22.0 6.0
43 37 46 0.0 0.0 0.0 0.0 12.0 0.0 0.0
43 38 34 0.0 0.0 0.0 0.0 14.0 0.0 0.0
43 38 35 0.0 0.0 0.0 150.0 2519.0 46.0 17.0
43 38 36 0.0 0.0 0.0 1778.0 29474.0 409.0 4493.0
43 38 37 0.0 0.0 1.0 2793.0 38054.0 383.0 49165.0
43 38 38 0.0 1.0 0.0 2352.0 27304.0 229.0 76172.0
43 38 39 0.0 1.0 0.0 1771.0 20604.0 145.0 91265.0
43 38 40 0.0 0.0 0.0 1445.0 19236.0 183.0 95505.0
43 38 41 0.0 1.0 0.0 1442.0 19942.0 126.0 94140.0
43 38 42 0.0 1.0 0.0 1619.0 25906.0 217.0 81369.0
43 38 43 0.0 1.0 0.0 2023.0 36467.0 352.0 54900.0
43 38 44 0.0 0.0 0.0 2048.0 35539.0 482.0 8191.0
43 38 45 0.0 0.0 0.0 208.0 3763.0 56.0 30.0
43 38 46 0.0 0.0 0.0 0.0 29.0 1.0 0.0
43 39 34 0.0 0.0 0.0 1.0 18.0 2.0 0.0
43 39 35 0.0 0.0 0.0 325.0 4553.0 72.0 57.0
43 39 36 0.0 0.0 0.0 2732.0 36692.0 525.0 9972.0
43 39 37 0.0 0.0 1.0 2344.0 33445.0 332.0 62651.0
43 39 38 0.0 1.0 1.0 1609.0 22247.0 196.0 88357.0
43 39 39 0.0 0.0 0.0 1297.0 16150.0 125.0 101826.0
43 39 40 0.0 2.0 1.0 1125.0 14879.0 97.0 104535.0
43 39 41 0.0 1.0 1.0 1103.0 15900.0 123.0 102621.0
43 39 42 0.0 0.0 1.0 1370.0 20151.0 156.0 93382.0
43 39 43 0.0 1.0 0.0 2113.0 31215.0 259.0 66790.0
43 39 44 0.0 0.0 0.0 2606.0 40553.0 537.0 14329.0
43 39 45 0.0 2.0 0.0 365.0 6158.0 113.0 104.0
43 39 46 0.0 0.0 0.0 1.0 41.0 1.0 0.0
43 40 34 0.0 0.0 0.0 6.0 34.0 1.0 0.0
43 40 35 0.0 0.0 2.0 452.0 5765.0 110.0 94.0
43 40 36 0.0 0.0 1.0 2408.0 39581.0 551.0 12836.0
43 40 37 0.0 0.0 0.0 2032.0 32291.0 267.0 66010.0
43 40 38 0.0 1.0 1.0 1481.0 20944.0 162.0 91817.0
43 40 39 0.0 0.0 0.0 1148.0 15682.0 126.0 102479.0
43 40 40 0.0 1.0 1.0 1007.0 13942.0 92.0 106577.0
43 40 41 0.0 1.0 0.0 1133.0 15248.0 97.0 104403.0
43 40 42 0.0 1.0 1.0 1468.0 20054.0 154.0 94156.0
43 40 43 0.0 1.0 1.0 1967.0 30698.0 261.0 69156.0
43 40 44 0.0 0.0 0.0 3347.0 40329.0 522.0 15478.0
43 40 45 0.0 0.0 0.0 371.0 6932.0 106.0 138.0
43 40 46 0.0 0.0 0.0 3.0 51.0 0.0 0.0
43 41 34 0.0 0.0 0.0 1.0 14.0 0.0 0.0
43 41 35 0.0 0.0 0.0 300.0 4796.0 81.0 53.0
43 41 36 0.0 0.0 1.0 2602.0 36473.0 483.0 9170.0
43 41 37 0.0 0.0 0.0 2326.0 34801.0 323.0 59821.0
43 41 38 0.0 0.0 0.0 1582.0 23117.0 188.0 87327.0
43 41 39 0.0 0.0 0.0 1185.0 16952.0 118.0 99482.0
43 41 40 0.0 0.0 2.0 1145.0 15772.0 120.0 103298.0
43 41 41 0.0 1.0 1.0 1274.0 16578.0 120.0 100585.0
43 41 42 0.0 0.0 0.0 1689.0 22446.0 185.0 88628.0
43 41 43 0.0 1.0 0.0 2340.0 33493.0 320.0 62422.0
43 41 44 0.0 0.0 0.0 2949.0 37658.0 483.0 11035.0
43 41 45 0.0 0.0 0.0 456.0 4976.0 103.0 63.0
43 41 46 0.0 0.0 0.0 2.0 35.0 1.0 0.0
43 42 34 0.0 0.0 0.0 0.0 11.0 0.0 0.0
43 42 35 0.0 0.0 0.0 189.0 2557.0 40.0 15.0
43 42 36 0.0 0.0 0.0 1990.0 28092.0 425.0 4248.0
43 42 37 0.0 0.0 0.0 2698.0 39930.0 386.0 44567.0
43 42 38 0.0 0.0 1.0 2027.0 29231.0 240.0 73394.0
43 42 39 0.0 0.0 0.0 1459.0 22799.0 185.0 87877.0
43 42 40 0.0 1.0 0.0 1398.0 20397.0 144.0 92605.0
43 42 41 0.0 0.0 1.0 1891.0 22577.0 180.0 87842.0
43 42 42 0.0 0.0 0.0 2445.0 27813.0 251.0 75294.0
43 42 43 0.0 2.0 0.0 3485.0 39493.0 364.0 43715.0
43 42 44 0.0 1.0 0.0 2179.0 30750.0 437.0 5368.0
43 42 45 0.0 0.0 0.0 156.0 2865.0 45.0 22.0
43 42 46 0.0 0.0 0.0 2.0 13.0 0.0 0.0
43 43 34 0.0 0.0 0.0 0.0 1.0 0.0 0.0
43 43 35 0.0 0.0 0.0 87.0 997.0 17.0 0.0
43 43 36 0.0 0.0 0.0 1424.0 15257.0 242.0 979.0
43 43 37 0.0 0.0 3.0 2802.0 40942.0 460.0 16399.0
43 43 38 0.0 0.0 1.0 2396.0 40293.0 400.0 43229.0
43 43 39 0.0 0.0 1.0 1830.0 35084.0 318.0 59605.0
43 43 40 0.0 0.0 0.0 2543.0 31425.0 275.0 66579.0
43 43 41 0.0 1.0 0.0 2780.0 34006.0 338.0 60771.0
43 43 42 0.0 2.0 0.0 3646.0 39241.0 381.0 43364.0
43 43 43 0.0 0.0 0.0 2515.0 41857.0 511.0 17478.0
43 43 44 0.0 0.0 0.0 1008.0 14598.0 216.0 843.0
43 43 45 0.0 0.0 0.0 50.0 1028.0 17.0 4.0
43 43 46 0.0 0.0 0.0 0.0 4.0 0.0 0.0
43 44 35 0.0 0.0 0.0 13.0 132.0 5.0 0.0
43 44 36 0.0 0.0 0.0 273.0 3604.0 58.0 35.0
43 44 37 0.0 0.0 0.0 1185.0 14952.0 220.0 844.0
43 44 38 0.0 0.0 0.0 1879.0 29225.0 432.0 4423.0
43 44 39 0.0 1.0 0.0 2731.0 37364.0 469.0 9918.0
43 44 40 0.0 0.0 0.0 2876.0 38534.0 496.0 12016.0
43 44 41 0.0 0.0 1.0 2942.0 36908.0 505.0 9683.0
43 44 42 0.0 0.0 0.0 2016.0 28608.0 403.0 4344.0
43 44 43 0.0 0.0 0.0 1249.0 15942.0 275.0 1064.0
43 44 44 0.0 0.0 0.0 266.0 3736.0 72.0 50.0
43 44 45 0.0 0.0 0.0 20.0 133.0 3.0 0.0
43 45 35 0.0 0.0 0.0 0.0 6.0 0.0 0.0
43 45 36 0.0 0.0 0.0 17.0 181.0 2.0 0.0
43 45 37 0.0 0.0 0.0 80.0 982.0 20.0 2.0
43 45 38 0.0 0.0 0.0 240.0 2506.0 41.0 21.0
43 45 39 0.0 0.0 0.0 313.0 4467.0 86.0 54.0
43 45 40 0.0 0.0 0.0 417.0 5283.0 96.0 85.0
43 45 41 0.0 0.0 0.0 316.0 4617.0 78.0 58.0
43 45 42 0.0 0.0 0.0 233.0 2410.0 52.0 12.0
43 45 43 0.0 0.0 0.0 71.0 883.0 18.0 2.0
43 45 44 0.0 0.0 0.0 10.0 171.0 4.0 0.0
43 45 45 0.0 0.0 0.0 2.0 4.0 0.0 0.0
43 46 35 0.0 0.0 0.0 1.0 0.0 0.0 0.0
43 46 37 0.0 0.0 0.0 0.0 4.0 0.0 0.0
43 46 38 0.0 0.0 0.0 1.0 24.0 2.0 0.0
43 46 39 0.0 0.0 0.0 4.0 26.0 0.0 0.0
43 46 40 0.0 0.0 0.0 5.0 25.0 0.0 0.0
43 46 41 0.0 0.0 0.0 3.0 10.0 0.0 0.0
43 46 42 0.0 0.0 0.0 0.0 11.0 1.0 0.0
43 46 43 0.0 0.0 0.0 0.0 1.0 0.0 0.0
43 46 44 0.0 0.0 0.0 1.0 1.0 0.0 0.0
44 34 37 0.0 0.0 0.0 0.0 1.0 0.0 0.0
44 34 38 0.0 0.0 0.0 0.0 1.0 0.0 0.0
44 34 39 0.0 0.0 0.0 1.0 4.0 1.0 0.0
44 34 40 0.0 0.0 0.0 2.0 6.0 0.0 0.0
44 34 41 0.0 0.0 0.0 1.0 2.0 0.0 0.0
44 34 42 0.0 0.0 0.0 0.0 2.0 0.0 0.0
44 35 35 0.0 0.0 0.0 0.0 1.0 0.0 0.0
44 35 36 0.0 0.0 0.0 1.0 45.0 1.0 0.0
44 35 37 0.0 0.0 0.0 15.0 187.0 2.0 0.0
44 35 38 0.0 0.0 0.0 55.0 733.0 10.0 2.0
44 35 39 0.0 0.0 0.0 104.0 1530.0 26.0 6.0
44 35 40 0.0 0.0 0.0 158.0 1769.0 26.0 4.0
44 35 41 0.0 0.0 0.0 154.0 1283.0 28.0 3.0
44 35 42 0.0 0.0 0.0 57.0 809.0 14.0 2.0
44 35 43 0.0 0.0 0.0 27.0 294.0 7.0 0.0
44 35 44 0.0 0.0 0.0 3.0 90.0 2.0 0.0
44 35 45 0.0 0.0 0.0 0.0 6.0 0.0 0.0
44 36 35 0.0 0.0 0.0 4.0 20.0 0.0 0.0
44 36 36 0.0 0.0 0.0 48.0 833.0 17.0 3.0
44 36 37 0.0 0.0 0.0 374.0 4649.0 80.0 78.0
44 36 38 0.0 0.0 0.0 927.0 10959.0 181.0 486.0
44 36 39 0.0 0.0 0.0 1632.0 18123.0 288.0 1488.0
44 36 40 0.0 0.0 1.0 1434.0 20473.0 317.0 1851.0
44 36 41 0.0 0.0 2.0 1345.0 19433.0 286.0 1613.0
44 36 42 0.0 0.0 0.0 999.0 13285.0 226.0 634.0
44 36 43 0.0 0.0 0.0 317.0 6312.0 92.0 106.0
44 36 44 0.0 0.0 0.0 112.0 2002.0 31.0 6.0
44 36 45 0.0 0.0 0.0 2.0 111.0 1.0 0.0
44 37 34 0.0 0.0 0.0 0.0 1.0 0.0 0.0
44 37 35 0.0 0.0 0.0 10.0 196.0 6.0 0.0
44 37 36 0.0 0.0 0.0 327.0 4548.0 59.0 67.0
44 37 37 0.0 0.0 0.0 1341.0 16921.0 288.0 1143.0
44 37 38 0.0 3.0 0.0 2719.0 31316.0 470.0 5836.0
44 37 39 0.0 1.0 0.0 3055.0 39457.0 548.0 12779.0
44 37 40 0.0 1.0 0.0 3437.0 40983.0 522.0 17103.0
44 37 41 0.0 1.0 0.0 3325.0 40603.0 522.0 15011.0
44 37 42 0.0 0.0 8.0 2333.0 35395.0 460.0 8043.0
44 37 43 0.0 0.0 0.0 1071.0 22634.0 359.0 2301.0
44 37 44 0.0 0.0 0.0 402.0 6828.0 118.0 144.0
44 37 45 0.0 0.0 0.0 32.0 503.0 10.0 0.0
44 37 46 0.0 0.0 0.0 0.0 1.0 0.0 0.0
44 38 34 0.0 0.0 0.0 0.0 1.0 0.0 0.0
44 38 35 0.0 0.0 0.0 47.0 460.0 10.0 0.0
44 38 36 0.0 0.0 0.0 741.0 10740.0 154.0 431.0
44 38 37 0.0 0.0 0.0 2468.0 31108.0 430.0 5664.0
44 38 38 0.0 0.0 0.0 2971.0 42161.0 562.0 18060.0
44 38 39 0.0 2.0 0.0 3178.0 43085.0 522.0 31822.0
44 38 40 0.0 5.0 5.0 3235.0 42151.0 457.0 37678.0
44 38 41 0.0 0.0 0.0 3295.0 43007.0 463.0 34414.0
44 38 42 0.0 0.0 0.0 2632.0 44138.0 520.0 22489.0
44 38 43 0.0 0.0 0.0 1999.0 35865.0 466.0 8534.0
44 38 44 0.0 0.0 0.0 671.0 14257.0 238.0 755.0
44 38 45 0.0 0.0 0.0 30.0 947.0 17.0 3.0
44 38 46 0.0 0.0 0.0 5.0 1.0 0.0 0.0
44 39 34 0.0 0.0 0.0 0.0 5.0 0.0 0.0
44 39 35 0.0 0.0 0.0 86.0 890.0 18.0 0.0
44 39 36 0.0 0.0 0.0 1062.0 16930.0 283.0 1159.0
44 39 37 0.0 0.0 0.0 2699.0 37814.0 508.0 11148.0
44 39 38 0.0 0.0 0.0 3175.0 43816.0 517.0 29394.0
44 39 39 0.0 0.0 0.0 3227.0 41066.0 424.0 43379.0
44 39 40 0.0 1.0 2.0 2852.0 39088.0 390.0 49728.0
44 39 41 0.0 1.0 3.0 2666.0 40515.0 432.0 45116.0
44 39 42 0.0 6.0 1.0 2788.0 43066.0 460.0 33883.0
44 39 43 0.0 0.0 0.0 2349.0 41124.0 535.0 14454.0
44 39 44 0.0 0.0 1.0 1203.0 19318.0 281.0 1639.0
44 39 45 0.0 0.0 0.0 128.0 1600.0 30.0 6.0
44 39 46 0.0 0.0 0.0 0.0 3.0 0.0 0.0
44 40 34 0.0 0.0 0.0 0.0 2.0 0.0 0.0
44 40 35 0.0 0.0 0.0 81.0 1217.0 21.0 2.0
44 40 36 0.0 0.0 0.0 1112.0 17526.0 265.0 1251.0
44 40 37 0.0 0.0 0.0 2260.0 39498.0 506.0 12397.0
44 40 38 0.0 0.0 2.0 3515.0 42741.0 522.0 34295.0
44 40 39 0.0 0.0 0.0 2729.0 40135.0 404.0 47446.0
44 40 40 0.0 1.0 1.0 2678.0 37949.0 384.0 53438.0
44 40 41 0.0 2.0 3.0 2620.0 39403.0 384.0 49231.0
44 40 42 0.0 1.0 0.0 2971.0 43061.0 487.0 35064.0
44 40 43 0.0 1.0 3.0 3636.0 40205.0 477.0 15245.0
44 40 44 0.0 0.0 0.0 1538.0 20562.0 303.0 1822.0
44 40 45 0.0 0.0 0.0 123.0 1572.0 31.0 3.0
44 40 46 0.0 0.0 0.0 0.0 9.0 0.0 0.0
44 41 34 0.0 0.0 0.0 0.0 6.0 0.0 0.0
44 41 35 0.0 0.0 0.0 60.0 931.0 23.0 1.0
44 41 36 0.0 0.0 0.0 702.0 16213.0 238.0 958.0
44 41 37 0.0 0.0 0.0 2146.0 38526.0 506.0 10833.0
44 41 38 0.0 0.0 0.0 2929.0 43856.0 463.0 27647.0
44 41 39 0.0 0.0 3.0 2683.0 41787.0 440.0 41825.0
44 41 40 0.0 0.0 1.0 2666.0 39688.0 385.0 48102.0
44 41 41 0.0 0.0 0.0 2945.0 40967.0 412.0 44104.0
44 41 42 0.0 1.0 0.0 3195.0 43250.0 477.0 31240.0
44 41 43 0.0 0.0 0.0 2635.0 38360.0 535.0 11231.0
44 41 44 0.0 0.0 0.0 989.0 16538.0 264.0 1018.0
44 41 45 0.0 0.0 0.0 96.0 1202.0 29.0 4.0
44 41 46 0.0 0.0 0.0 0.0 4.0 0.0 0.0
44 42 34 0.0 0.0 0.0 0.0 3.0 0.0 0.0
44 42 35 0.0 0.0 0.0 36.0 493.0 10.0 1.0
44 42 36 0.0 0.0 0.0 377.0 9350.0 167.0 270.0
44 42 37 0.0 0.0 0.0 1694.0 29174.0 431.0 4490.0
44 42 38 0.0 0.0 0.0 2686.0 42284.0 528.0 16487.0
44 42 39 0.0 0.0 1.0 2599.0 44033.0 484.0 27554.0
44 42 40 0.0 0.0 0.0 3192.0 43526.0 455.0 32600.0
44 42 41 0.0 0.0 0.0 2837.0 43859.0 472.0 29500.0
44 42 42 0.0 5.0 0.0 3074.0 42046.0 525.0 18307.0
44 42 43 0.0 0.0 0.0 2214.0 28673.0 427.0 4256.0
44 42 44 0.0 0.0 0.0 835.0 9832.0 178.0 368.0
44 42 45 0.0 0.0 0.0 43.0 603.0 5.0 2.0
44 43 35 0.0 0.0 0.0 9.0 134.0 1.0 1.0
44 43 36 0.0 0.0 0.0 207.0 3869.0 62.0 42.0
44 43 37 0.0 0.0 0.0 1039.0 14750.0 219.0 819.0
44 43 38 0.0 0.0 0.0 1492.0 30307.0 393.0 5024.0
44 43 39 0.0 0.0 0.0 2291.0 37814.0 514.0 10376.0
44 43 40 0.0 0.0 0.0 2568.0 39399.0 535.0 12037.0
44 43 41 0.0 0.0 1.0 3382.0 37805.0 522.0 11850.0
44 43 42 0.0 0.0 0.0 2683.0 30422.0 441.0 5639.0
44 43 43 0.0 0.0 0.0 1074.0 15637.0 236.0 964.0
44 43 44 0.0 0.0 0.0 221.0 4437.0 77.0 65.0
44 43 45 0.0 0.0 0.0 8.0 213.0 2.0 0.0
44 43 46 0.0 0.0 0.0 0.0 1.0 0.0 0.0
44 44 35 0.0 0.0 0.0 1.0 19.0 0.0 0.0
44 44 36 0.0 0.0 0.0 48.0 762.0 13.0 1.0
44 44 37 0.0 0.0 0.0 171.0 3789.0 60.0 51.0
44 44 38 0.0 0.0 0.0 537.0 9056.0 160.0 257.0
44 44 39 0.0 0.0 0.0 783.0 15206.0 247.0 848.0
44 44 40 0.0 0.0 0.0 1231.0 18836.0 285.0 1471.0
44 44 41 0.0 0.0 0.0 1199.0 16292.0 259.0 1057.0
44 44 42 0.0 0.0 0.0 836.0 9137.0 141.0 315.0
44 44 43 0.0 0.0 0.0 271.0 3458.0 53.0 40.0
44 44 44 0.0 0.0 0.0 62.0 909.0 21.0 4.0
44 44 45 0.0 0.0 0.0 0.0 22.0 3.0 0.0
44 45 35 0.0 0.0 0.0 0.0 1.0 0.0 0.0
44 45 36 0.0 0.0 0.0 0.0 27.0 0.0 0.0
44 45 37 0.0 0.0 0.0 2.0 162.0 5.0 0.0
44 45 38 0.0 0.0 0.0 34.0 479.0 13.0 1.0
44 45 39 0.0 0.0 0.0 50.0 973.0 27.0 1.0
44 45 40 0.0 0.0 0.0 75.0 1261.0 23.0 3.0
44 45 41 0.0 0.0 0.0 93.0 841.0 10.0 2.0
44 45 42 0.0 0.0 0.0 35.0 586.0 8.0 1.0
44 45 43 0.0 0.0 0.0 8.0 166.0 2.0 0.0
44 45 44 0.0 0.0 0.0 2.0 26.0 0.0 0.0
44 45 45 0.0 0.0 0.0 1.0 0.0 0.0 0.0
44 46 38 0.0 0.0 0.0 0.0 3.0 0.0 0.0
44 46 39 0.0 0.0 0.0 0.0 2.0 0.0 0.0
44 46 40 0.0 0.0 0.0 2.0 5.0 1.0 0.0
44 46 41 0.0 0.0 0.0 1.0 2.0 0.0 0.0
44 46 42 0.0 0.0 0.0 0.0 2.0 0.0 0.0
45 34 40 0.0 0.0 0.0 0.0 2.0 0.0 0.0
45 35 37 0.0 0.0 0.0 0.0 10.0 1.0 0.0
45 35 38 0.0 0.0 0.0 9.0 63.0 2.0 0.0
45 35 39 0.0 0.0 0.0 10.0 98.0 0.0 0.0
45 35 40 0.0 0.0 0.0 19.0 163.0 5.0 0.0
45 35 41 0.0 0.0 0.0 3.0 129.0 1.0 0.0
45 35 42 0.0 0.0 0.0 4.0 70.0 2.0 0.0
45 35 43 0.0 0.0 0.0 2.0 17.0 0.0 0.0
45 35 44 0.0 0.0 0.0 0.0 7.0 0.0 0.0
45 35 45 0.0 0.0 0.0 0.0 1.0 0.0 0.0
45 36 35 0.0 0.0 0.0 0.0 3.0 0.0 0.0
45 36 36 0.0 0.0 0.0 7.0 47.0 2.0 0.0
45 36 37 0.0 0.0 0.0 16.0 236.0 5.0 0.0
45 36 38 0.0 0.0 0.0 69.0 751.0 7.0 3.0
45 36 39 0.0 0.0 0.0 96.0 1567.0 27.0 2.0
45 36 40 0.0 0.0 0.0 159.0 1764.0 27.0 7.0
45 36 41 0.0 0.0 1.0 127.0 1734.0 30.0 10.0
45 36 42 0.0 0.0 0.0 80.0 930.0 13.0 1.0
45 36 43 0.0 0.0 0.0 26.0 343.0 7.0 0.0
45 36 44 0.0 0.0 0.0 1.0 63.0 0.0 0.0
45 36 45 0.0 0.0 0.0 0.0 3.0 0.0 0.0
45 37 35 0.0 0.0 0.0 1.0 11.0 0.0 0.0
45 37 36 0.0 0.0 0.0 18.0 249.0 4.0 1.0
45 37 37 0.0 0.0 0.0 133.0 1081.0 21.0 2.0
45 37 38 0.0 0.0 0.0 221.0 3110.0 53.0 22.0
45 37 39 0.0 0.0 0.0 429.0 5883.0 113.0 116.0
45 37 40 0.0 0.0 0.0 544.0 7513.0 114.0 186.0
45 37 41 0.0 0.0 0.0 403.0 6125.0 95.0 85.0
45 37 42 0.0 0.0 0.0 271.0 3529.0 67.0 30.0
45 37 43 0.0 0.0 0.0 153.0 1652.0 28.0 12.0
45 37 44 0.0 0.0 0.0 16.0 380.0 4.0 0.0
45 37 45 0.0 0.0 0.0 4.0 26.0 1.0 0.0
45 38 35 0.0 0.0 0.0 6.0 48.0 0.0 0.0
45 38 36 0.0 0.0 0.0 65.0 686.0 8.0 2.0
45 38 37 0.0 0.0 0.0 232.0 3137.0 62.0 34.0
45 38 38 0.0 0.0 0.0 532.0 7538.0 127.0 155.0
45 38 39 0.0 0.0 0.0 986.0 12553.0 209.0 529.0
45 38 40 0.0 0.0 1.0 961.0 14973.0 253.0 724.0
45 38 41 0.0 0.0 0.0 853.0 12975.0 192.0 621.0
45 38 42 0.0 0.0 0.0 738.0 8539.0 133.0 239.0
45 38 43 0.0 0.0 0.0 201.0 3826.0 64.0 35.0
45 38 44 0.0 0.0 0.0 46.0 869.0 18.0 1.0
45 38 45 0.0 0.0 0.0 1.0 46.0 1.0 0.0
45 38 46 0.0 0.0 0.0 0.0 1.0 0.0 0.0
45 39 35 0.0 0.0 0.0 7.0 64.0 2.0 0.0
45 39 36 0.0 0.0 0.0 75.0 1120.0 20.0 3.0
45 39 37 0.0 0.0 0.0 342.0 4892.0 89.0 65.0
45 39 38 0.0 0.0 0.0 840.0 11699.0 196.0 427.0
45 39 39 0.0 0.0 0.0 1292.0 17805.0 282.0 1210.0
45 39 40 0.0 0.0 0.0 1422.0 20856.0 352.0 1778.0
45 39 41 0.0 0.0 0.0 1334.0 19587.0 324.0 1419.0
45 39 42 0.0 0.0 0.0 926.0 13468.0 223.0 609.0
45 39 43 0.0 0.0 0.0 380.0 6064.0 104.0 110.0
45 39 44 0.0 0.0 0.0 104.0 1572.0 28.0 7.0
45 39 45 0.0 0.0 0.0 21.0 116.0 2.0 0.0
45 40 35 0.0 0.0 0.0 1.0 108.0 1.0 0.0
45 40 36 0.0 0.0 0.0 120.0 1357.0 19.0 5.0
45 40 37 0.0 0.0 0.0 411.0 5453.0 109.0 77.0
45 40 38 0.0 0.0 0.0 1044.0 13013.0 235.0 559.0
45 40 39 0.0 0.0 0.0 1473.0 20086.0 333.0 1606.0
45 40 40 0.0 1.0 0.0 1359.0 23372.0 332.0 2150.0
45 40 41 0.0 1.0 0.0 1471.0 21396.0 322.0 1734.0
45 40 42 0.0 0.0 1.0 1034.0 14422.0 229.0 702.0
45 40 43 0.0 0.0 0.0 434.0 6561.0 102.0 130.0
45 40 44 0.0 0.0 0.0 128.0 1568.0 38.0 4.0
45 40 45 0.0 0.0 0.0 8.0 131.0 5.0 0.0
45 41 35 0.0 0.0 0.0 3.0 66.0 1.0 0.0
45 41 36 0.0 0.0 0.0 50.0 1090.0 18.0 3.0
45 41 37 0.0 0.0 0.0 332.0 4656.0 80.0 58.0
45 41 38 0.0 0.0 0.0 632.0 11162.0 207.0 360.0
45 41 39 0.0 0.0 0.0 1052.0 17842.0 293.0 1122.0
45 41 40 0.0 0.0 0.0 1288.0 19932.0 301.0 1496.0
45 41 41 0.0 1.0 0.0 1083.0 18865.0 302.0 1281.0
45 41 42 0.0 0.0 0.0 704.0 12507.0 201.0 473.0
45 41 43 0.0 0.0 0.0 340.0 5084.0 88.0 62.0
45 41 44 0.0 0.0 0.0 83.0 1093.0 14.0 4.0
45 41 45 0.0 0.0 0.0 11.0 77.0 2.0 0.0
45 41 46 0.0 0.0 0.0 0.0 1.0 0.0 0.0
45 42 35 0.0 0.0 0.0 0.0 40.0 1.0 0.0
45 42 36 0.0 0.0 0.0 23.0 596.0 6.0 0.0
45 42 37 0.0 0.0 0.0 204.0 2835.0 51.0 22.0
45 42 38 0.0 0.0 0.0 345.0 6583.0 126.0 116.0
45 42 39 0.0 0.0 0.0 581.0 11247.0 182.0 371.0
45 42 40 0.0 0.0 0.0 886.0 12698.0 198.0 525.0
45 42 41 0.0 0.0 0.0 918.0 12239.0 235.0 445.0
45 42 42 0.0 0.0 0.0 717.0 7844.0 139.0 150.0
45 42 43 0.0 0.0 0.0 170.0 2944.0 48.0 16.0
45 42 44 0.0 0.0 0.0 28.0 655.0 7.0 0.0
45 42 45 0.0 0.0 0.0 9.0 33.0 0.0 0.0
45 43 35 0.0 0.0 0.0 1.0 19.0 0.0 0.0
45 43 36 0.0 0.0 0.0 6.0 132.0 2.0 0.0
45 43 37 0.0 0.0 0.0 54.0 942.0 11.0 2.0
45 43 38 0.0 0.0 0.0 147.0 2816.0 42.0 15.0
45 43 39 0.0 0.0 0.0 263.0 4258.0 63.0 38.0
45 43 40 0.0 0.0 0.0 401.0 5620.0 88.0 94.0
45 43 41 0.0 0.0 0.0 289.0 5019.0 89.0 64.0
45 43 42 0.0 0.0 0.0 213.0 2821.0 50.0 19.0
45 43 43 0.0 0.0 0.0 66.0 915.0 25.0 2.0
45 43 44 0.0 0.0 0.0 11.0 182.0 3.0 0.0
45 43 45 0.0 0.0 0.0 1.0 5.0 0.0 0.0
45 44 35 0.0 0.0 0.0 0.0 1.0 0.0 0.0
45 44 36 0.0 0.0 0.0 1.0 22.0 1.0 0.0
45 44 37 0.0 0.0 0.0 23.0 177.0 2.0 1.0
45 44 38 0.0 0.0 0.0 49.0 523.0 9.0 0.0
45 44 39 0.0 0.0 0.0 59.0 1050.0 18.0 3.0
45 44 40 0.0 0.0 0.0 83.0 1412.0 23.0 6.0
45 44 41 0.0 0.0 0.0 92.0 1074.0 16.0 2.0
45 44 42 0.0 0.0 0.0 43.0 595.0 18.0 1.0
45 44 43 0.0 0.0 0.0 31.0 179.0 1.0 0.0
45 44 44 0.0 0.0 0.0 3.0 22.0 0.0 0.0
45 44 45 0.0 0.0 0.0 0.0 2.0 0.0 0.0
45 45 36 0.0 0.0 0.0 0.0 2.0 0.0 0.0
45 45 37 0.0 0.0 0.0 0.0 22.0 1.0 0.0
45 45 38 0.0 0.0 0.0 0.0 49.0 2.0 0.0
45 45 39 0.0 0.0 0.0 2.0 83.0 1.0 0.0
45 45 40 0.0 0.0 0.0 5.0 88.0 3.0 0.0
45 45 41 0.0 0.0 0.0 5.0 82.0 0.0 0.0
45 45 42 0.0 0.0 0.0 5.0 32.0 1.0 0.0
45 45 43 0.0 0.0 0.0 0.0 9.0 0.0 0.0
45 46 40 0.0 0.0 0.0 1.0 0.0 0.0 0.0
46 35 41 0.0 0.0 0.0 0.0 1.0 0.0 0.0
46 35 42 0.0 0.0 0.0 0.0 3.0 0.0 0.0
46 36 38 0.0 0.0 0.0 0.0 3.0 0.0 0.0
46 36 39 0.0 0.0 0.0 2.0 9.0 0.0 0.0
46 36 40 0.0 0.0 0.0 0.0 9.0 0.0 0.0
46 36 41 0.0 0.0 0.0 1.0 3.0 0.0 0.0
46 36 42 0.0 0.0 0.0 0.0 1.0 0.0 0.0
46 37 37 0.0 0.0 0.0 0.0 5.0 0.0 0.0
46 37 38 0.0 0.0 0.0 4.0 29.0 1.0 0.0
46 37 39 0.0 0.0 0.0 3.0 70.0 3.0 0.0
46 37 40 0.0 0.0 0.0 8.0 60.0 0.0 0.0
46 37 41 0.0 0.0 0.0 0.0 55.0 0.0 0.0
46 37 42 0.0 0.0 0.0 3.0 36.0 0.0 0.0
46 37 43 0.0 0.0 0.0 1.0 10.0 1.0 0.0
46 38 36 0.0 0.0 0.0 0.0 3.0 0.0 0.0
46 38 37 0.0 0.0 0.0 0.0 18.0 0.0 0.0
46 38 38 0.0 0.0 0.0 2.0 41.0 0.0 0.0
46 38 39 0.0 0.0 0.0 8.0 105.0 1.0 0.0
46 38 40 0.0 0.0 0.0 7.0 186.0 6.0 0.0
46 38 41 0.0 0.0 0.0 12.0 181.0 0.0 0.0
46 38 42 0.0 0.0 0.0 12.0 67.0 4.0 0.0
46 38 43 0.0 0.0 0.0 1.0 17.0 0.0 0.0
46 39 36 0.0 0.0 0.0 0.0 2.0 0.0 0.0
46 39 37 0.0 0.0 0.0 1.0 32.0 1.0 0.0
46 39 38 0.0 0.0 0.0 10.0 121.0 2.0 0.0
46 39 39 0.0 0.0 0.0 21.0 216.0 2.0 0.0
46 39 40 0.0 0.0 0.0 14.0 358.0 3.0 0.0
46 39 41 0.0 0.0 0.0 25.0 283.0 8.0 0.0
46 39 42 0.0 0.0 0.0 8.0 159.0 1.0 0.0
46 39 43 0.0 0.0 0.0 15.0 44.0 1.0 0.0
46 39 44 0.0 0.0 0.0 2.0 5.0 0.0 0.0
46 40 35 0.0 0.0 0.0 0.0 1.0 0.0 0.0
46 40 36 0.0 0.0 0.0 0.0 5.0 0.0 0.0
46 40 37 0.0 0.0 0.0 1.0 37.0 1.0 0.0
46 40 38 0.0 0.0 0.0 9.0 130.0 3.0 0.0
46 40 39 0.0 0.0 0.0 14.0 271.0 6.0 0.0
46 40 40 0.0 0.0 0.0 15.0 364.0 6.0 0.0
46 40 41 0.0 0.0 0.0 17.0 389.0 7.0 2.0
46 40 42 0.0 0.0 0.0 3.0 198.0 5.0 0.0
46 40 43 0.0 0.0 0.0 1.0 43.0 0.0 0.0
46 40 44 0.0 0.0 0.0 0.0 1.0 0.0 0.0
46 41 36 0.0 0.0 0.0 0.0 4.0 0.0 0.0
46 41 37 0.0 0.0 0.0 0.0 39.0 0.0 0.0
46 41 38 0.0 0.0 0.0 7.0 111.0 3.0 0.0
46 41 39 0.0 0.0 0.0 27.0 233.0 4.0 1.0
46 41 40 0.0 0.0 0.0 20.0 328.0 2.0 2.0
46 41 41 0.0 0.0 0.0 17.0 302.0 2.0 0.0
46 41 42 0.0 0.0 0.0 6.0 150.0 1.0 0.0
46 41 43 0.0 0.0 0.0 2.0 33.0 0.0 0.0
46 41 44 0.0 0.0 0.0 0.0 3.0 0.0 0.0
46 41 45 0.0 0.0 0.0 0.0 1.0 0.0 0.0
46 42 36 0.0 0.0 0.0 0.0 2.0 0.0 0.0
46 42 37 0.0 0.0 0.0 0.0 9.0 0.0 0.0
46 42 38 0.0 0.0 0.0 2.0 58.0 0.0 0.0
46 42 39 0.0 0.0 0.0 4.0 131.0 2.0 0.0
46 42 40 0.0 0.0 0.0 12.0 150.0 2.0 0.0
46 42 41 0.0 0.0 0.0 15.0 123.0 1.0 0.0
46 42 42 0.0 0.0 0.0 5.0 73.0 1.0 0.0
46 42 43 0.0 0.0 0.0 3.0 24.0 1.0 0.0
46 42 44 0.0 0.0 0.0 0.0 2.0 0.0 0.0
46 43 37 0.0 0.0 0.0 1.0 2.0 0.0 0.0
46 43 38 0.0 0.0 0.0 1.0 27.0 0.0 0.0
46 43 39 0.0 0.0 0.0 0.0 26.0 1.0 0.0
46 43 40 0.0 0.0 0.0 2.0 50.0 1.0 0.0
46 43 41 0.0 0.0 0.0 3.0 30.0 1.0 0.0
46 43 42 0.0 0.0 0.0 1.0 12.0 1.0 0.0
46 43 43 0.0 0.0 0.0 1.0 6.0 0.0 0.0
46 43 44 0.0 0.0 0.0 0.0 5.0 0.0 0.0
46 43 45 0.0 0.0 0.0 0.0 1.0 0.0 0.0
46 44 38 0.0 0.0 0.0 1.0 0.0 0.0 0.0
46 44 39 0.0 0.0 0.0 0.0 6.0 0.0 0.0
46 44 40 0.0 0.0 0.0 2.0 2.0 1.0 0.0
46 44 41 0.0 0.0 0.0 0.0 2.0 0.0 0.0
47 40 38 0.0 0.0 0.0 0.0 1.0 0.0 0.0
