38 38 38 0.0 0.0 0.0 1.0 34.0 1.0 0.0
38 38 39 0.0 0.0 2.0 1.0 77.0 2.0 0.0
38 38 40 0.0 0.0 1.0 10.0 130.0 1.0 0.0
38 38 41 0.0 0.0 0.0 4.0 63.0 0.0 0.0
38 38 42 0.0 0.0 0.0 0.0 24.0 1.0 0.0
38 39 38 0.0 2.0 0.0 24.0 102.0 2.0 0.0
38 39 39 0.0 0.0 1.0 58.0 258.0 7.0 0.0
38 39 40 0.0 0.0 1.0 80.0 287.0 9.0 0.0
38 39 41 0.0 0.0 0.0 32.0 224.0 2.0 0.0
38 39 42 0.0 0.0 0.0 4.0 69.0 2.0 0.0
38 40 38 0.0 0.0 1.0 13.0 185.0 1.0 0.0
38 40 39 0.0 0.0 0.0 48.0 331.0 5.0 0.0
38 40 40 0.0 0.0 2.0 43.0 420.0 7.0 0.0
38 40 41 0.0 0.0 0.0 29.0 307.0 5.0 0.0
38 40 42 0.0 0.0 0.0 5.0 92.0 2.0 0.0
38 41 38 0.0 0.0 0.0 16.0 73.0 3.0 0.0
38 41 39 0.0 0.0 0.0 30.0 276.0 7.0 0.0
38 41 40 0.0 0.0 2.0 28.0 292.0 6.0 0.0
38 41 41 0.0 0.0 0.0 16.0 165.0 1.0 0.0
38 41 42 0.0 0.0 0.0 8.0 84.0 1.0 0.0
38 42 38 0.0 0.0 0.0 2.0 32.0 1.0 0.0
38 42 39 0.0 1.0 2.0 6.0 77.0 0.0 0.0
38 42 40 0.0 0.0 0.0 5.0 84.0 1.0 0.0
38 42 41 0.0 0.0 0.0 8.0 82.0 1.0 0.0
38 42 42 0.0 0.0 0.0 0.0 21.0 0.0 0.0
39 38 38 0.0 0.0 0.0 29.0 61.0 0.0 0.0
39 38 39 0.0 0.0 0.0 20.0 234.0 2.0 0.0
39 38 40 0.0 0.0 4.0 28.0 265.0 5.0 0.0
39 38 41 0.0 0.0 1.0 34.0 199.0 3.0 0.0
39 38 42 0.0 0.0 0.0 13.0 69.0 2.0 0.0
39 39 38 0.0 0.0 2.0 39.0 230.0 5.0 0.0
39 39 39 0.0 3.0 43.0 1322.0 13469.0 248.0 865.0
39 39 40 0.0 4.0 37.0 1641.0 15732.0 247.0 1339.0
39 39 41 0.0 11.0 33.0 1828.0 12751.0 208.0 839.0
39 39 42 0.0 0.0 1.0 15.0 256.0 2.0 0.0
39 40 38 0.0 1.0 0.0 41.0 339.0 2.0 0.0
39 40 39 0.0 8.0 35.0 2918.0 19657.0 350.0 2415.0
39 40 40 0.0 25.0 40.0 2571.0 19819.0 324.0 2374.0
39 40 41 0.0 18.0 88.0 1784.0 16619.0 276.0 1551.0
39 40 42 0.0 0.0 0.0 34.0 318.0 8.0 0.0
39 41 38 0.0 0.0 1.0 31.0 254.0 1.0 0.0
39 41 39 0.0 5.0 31.0 1523.0 15167.0 242.0 1157.0
39 41 40 0.0 15.0 67.0 1568.0 15322.0 268.0 1166.0
39 41 41 0.0 27.0 20.0 1520.0 13369.0 234.0 859.0
39 41 42 0.0 0.0 1.0 48.0 199.0 2.0 0.0
39 42 38 0.0 0.0 0.0 12.0 70.0 4.0 0.0
39 42 39 0.0 1.0 1.0 47.0 228.0 4.0 1.0
39 42 40 0.0 0.0 0.0 67.0 284.0 6.0 0.0
39 42 41 0.0 0.0 2.0 32.0 223.0 3.0 0.0
39 42 42 0.0 0.0 0.0 9.0 60.0 0.0 0.0
40 38 38 0.0 0.0 0.0 15.0 90.0 3.0 0.0
40 38 39 0.0 0.0 0.0 33.0 310.0 7.0 0.0
40 38 40 0.0 0.0 1.0 87.0 410.0 6.0 0.0
40 38 41 0.0 0.0 1.0 37.0 362.0 3.0 0.0
40 38 42 0.0 0.0 0.0 16.0 136.0 5.0 0.0
40 39 38 0.0 0.0 0.0 52.0 356.0 4.0 0.0
40 39 39 0.0 0.0 45.0 1774.0 14229.0 216.0 1112.0
40 39 40 0.0 31.0 67.0 2804.0 20328.0 330.0 2533.0
40 39 41 0.0 19.0 84.0 2752.0 18173.0 318.0 1909.0
40 39 42 0.0 5.0 4.0 34.0 313.0 8.0 0.0
40 40 38 0.0 0.0 2.0 58.0 564.0 11.0 3.0
40 40 39 0.0 16.0 48.0 2184.0 17944.0 317.0 1783.0
40 40 40 0.0 33.0 103.0 2544.0 19692.0 214.0 68292.0
40 40 41 0.0 52.0 52.0 2975.0 20284.0 318.0 2524.0
40 40 42 0.0 0.0 4.0 41.0 487.0 6.0 0.0
40 41 38 0.0 0.0 1.0 32.0 412.0 11.0 0.0
40 41 39 0.0 21.0 49.0 2385.0 16613.0 274.0 1543.0
40 41 40 0.0 17.0 111.0 2489.0 21003.0 362.0 2638.0
40 41 41 0.0 33.0 75.0 2898.0 15811.0 267.0 1530.0
40 41 42 0.0 1.0 0.0 20.0 289.0 5.0 0.0
40 42 38 0.0 0.0 0.0 9.0 96.0 0.0 0.0
40 42 39 0.0 0.0 0.0 31.0 303.0 4.0 0.0
40 42 40 0.0 0.0 2.0 32.0 455.0 10.0 0.0
40 42 41 0.0 1.0 0.0 38.0 280.0 8.0 0.0
40 42 42 0.0 0.0 0.0 35.0 109.0 3.0 0.0
40 43 37 0.0 0.0 0.0 0.0 1.0 0.0 0.0
41 38 38 0.0 0.0 0.0 13.0 63.0 3.0 0.0
41 38 39 0.0 0.0 0.0 36.0 231.0 7.0 1.0
41 38 40 0.0 0.0 3.0 54.0 448.0 7.0 0.0
41 38 41 0.0 1.0 3.0 30.0 417.0 11.0 0.0
41 38 42 0.0 0.0 0.0 7.0 240.0 3.0 0.0
41 39 38 0.0 0.0 0.0 16.0 138.0 3.0 0.0
41 39 39 0.0 16.0 21.0 2003.0 14855.0 291.0 1165.0
41 39 40 0.0 46.0 64.0 2553.0 18103.0 309.0 2031.0
41 39 41 1.0 41.0 131.0 1851.0 23355.0 381.0 3207.0
41 39 42 0.0 1.0 2.0 41.0 378.0 6.0 0.0
41 40 38 0.0 0.0 1.0 60.0 307.0 7.0 0.0
41 40 39 0.0 3.0 43.0 1885.0 19109.0 315.0 2036.0
41 40 40 0.0 14.0 42.0 1954.0 21725.0 336.0 2755.0
41 40 41 2.0 14.0 33.0 1484.0 15510.0 271.0 1227.0
41 40 42 0.0 0.0 2.0 38.0 447.0 7.0 0.0
41 41 38 0.0 0.0 0.0 24.0 265.0 6.0 0.0
41 41 39 0.0 1.0 80.0 1241.0 13546.0 249.0 842.0
41 41 40 0.0 24.0 61.0 1774.0 17872.0 294.0 1604.0
41 41 41 0.0 15.0 27.0 1745.0 14155.0 249.0 1100.0
41 41 42 0.0 3.0 0.0 38.0 200.0 1.0 0.0
41 42 38 0.0 0.0 0.0 18.0 72.0 1.0 0.0
41 42 39 0.0 1.0 0.0 12.0 267.0 5.0 0.0
41 42 40 0.0 0.0 0.0 34.0 279.0 7.0 1.0
41 42 41 0.0 0.0 2.0 15.0 205.0 2.0 0.0
41 42 42 0.0 0.0 0.0 11.0 102.0 1.0 0.0
42 37 39 0.0 0.0 0.0 0.0 1.0 0.0 0.0
42 38 38 0.0 0.0 0.0 6.0 93.0 2.0 0.0
42 38 39 0.0 0.0 0.0 10.0 101.0 5.0 0.0
42 38 40 0.0 0.0 0.0 27.0 204.0 4.0 0.0
42 38 41 0.0 0.0 1.0 11.0 170.0 2.0 0.0
42 38 42 0.0 0.0 0.0 9.0 90.0 2.0 0.0
42 39 38 0.0 0.0 0.0 6.0 126.0 4.0 0.0
42 39 39 0.0 0.0 0.0 37.0 240.0 8.0 0.0
42 39 40 0.0 0.0 1.0 62.0 567.0 14.0 0.0
42 39 41 0.0 0.0 1.0 46.0 432.0 9.0 0.0
42 39 42 0.0 0.0 0.0 12.0 242.0 5.0 0.0
42 40 38 0.0 0.0 0.0 13.0 99.0 3.0 0.0
42 40 39 0.0 0.0 0.0 29.0 408.0 10.0 0.0
42 40 40 0.0 0.0 0.0 48.0 539.0 9.0 0.0
42 40 41 0.0 2.0 1.0 56.0 431.0 4.0 1.0
42 40 42 0.0 0.0 0.0 18.0 162.0 1.0 0.0
42 41 38 0.0 0.0 0.0 7.0 75.0 2.0 0.0
42 41 39 0.0 0.0 2.0 17.0 230.0 5.0 0.0
42 41 40 0.0 0.0 2.0 22.0 426.0 10.0 1.0
42 41 41 0.0 0.0 0.0 18.0 248.0 3.0 0.0
42 41 42 0.0 0.0 0.0 9.0 87.0 3.0 0.0
42 42 38 0.0 0.0 0.0 9.0 13.0 1.0 0.0
42 42 39 0.0 0.0 0.0 10.0 91.0 4.0 0.0
42 42 40 0.0 0.0 0.0 9.0 151.0 3.0 0.0
42 42 41 0.0 0.0 0.0 33.0 80.0 1.0 0.0
42 42 42 0.0 0.0 0.0 4.0 18.0 0.0 0.0
