38 38 38 0.0 0.0 0.0 0.0 4.0 0.0 0.0
38 38 39 0.0 0.0 0.0 0.0 6.0 0.0 0.0
38 38 40 0.0 0.0 0.0 0.0 2.0 0.0 0.0
38 38 41 0.0 0.0 0.0 0.0 1.0 0.0 0.0
38 39 38 0.0 0.0 0.0 0.0 5.0 0.0 0.0
38 39 39 0.0 0.0 0.0 0.0 6.0 0.0 0.0
38 39 40 0.0 0.0 0.0 5.0 3.0 0.0 0.0
38 39 41 0.0 0.0 0.0 3.0 11.0 0.0 0.0
38 39 42 0.0 0.0 0.0 0.0 2.0 0.0 0.0
38 40 38 0.0 0.0 0.0 1.0 6.0 0.0 0.0
38 40 39 0.0 0.0 0.0 1.0 8.0 0.0 0.0
38 40 40 0.0 0.0 0.0 1.0 15.0 1.0 0.0
38 40 41 0.0 0.0 0.0 0.0 10.0 0.0 0.0
38 40 42 0.0 0.0 0.0 0.0 2.0 0.0 0.0
38 41 38 0.0 0.0 0.0 2.0 1.0 0.0 0.0
38 41 39 0.0 0.0 0.0 2.0 5.0 0.0 0.0
38 41 40 0.0 0.0 0.0 3.0 3.0 0.0 0.0
38 41 41 0.0 0.0 0.0 2.0 5.0 0.0 0.0
38 41 42 0.0 0.0 0.0 0.0 2.0 0.0 0.0
38 42 38 0.0 0.0 0.0 1.0 2.0 0.0 0.0
38 42 39 0.0 0.0 0.0 0.0 3.0 0.0 0.0
38 42 40 0.0 0.0 0.0 0.0 5.0 0.0 0.0
38 42 41 0.0 0.0 0.0 0.0 3.0 0.0 0.0
38 42 42 0.0 0.0 0.0 0.0 1.0 0.0 0.0
39 38 38 0.0 0.0 0.0 1.0 2.0 0.0 0.0
39 38 39 0.0 0.0 0.0 0.0 7.0 0.0 0.0
39 38 40 0.0 0.0 0.0 0.0 6.0 0.0 0.0
39 38 41 0.0 0.0 0.0 4.0 1.0 0.0 0.0
39 38 42 0.0 0.0 0.0 3.0 1.0 0.0 0.0
39 39 38 0.0 0.0 0.0 2.0 10.0 0.0 0.0
39 39 39 0.0 1.0 17.0 253.0 2803.0 57.0 34.0
39 39 40 0.0 0.0 18.0 386.0 3483.0 59.0 60.0
39 39 41 0.0 6.0 15.0 401.0 2577.0 42.0 22.0
39 39 42 0.0 0.0 0.0 0.0 6.0 0.0 0.0
39 40 38 0.0 0.0 0.0 0.0 11.0 0.0 0.0
39 40 39 0.0 3.0 17.0 776.0 4685.0 95.0 103.0
39 40 40 0.0 10.0 26.0 642.0 4618.0 85.0 80.0
39 40 41 0.0 6.0 50.0 429.0 3727.0 61.0 56.0
39 40 42 0.0 0.0 0.0 0.0 8.0 0.0 0.0
39 41 38 0.0 0.0 0.0 0.0 10.0 0.0 0.0
39 41 39 0.0 1.0 22.0 348.0 3311.0 62.0 36.0
39 41 40 0.0 5.0 26.0 335.0 3223.0 55.0 42.0
39 41 41 0.0 13.0 9.0 312.0 2701.0 45.0 34.0
39 41 42 0.0 0.0 0.0 2.0 4.0 1.0 0.0
39 42 39 0.0 0.0 0.0 2.0 3.0 0.0 0.0
39 42 40 0.0 0.0 0.0 4.0 13.0 0.0 0.0
39 42 41 0.0 0.0 0.0 1.0 9.0 1.0 0.0
39 42 42 0.0 0.0 0.0 2.0 1.0 0.0 0.0
40 38 38 0.0 0.0 0.0 0.0 1.0 0.0 0.0
40 38 39 0.0 0.0 0.0 0.0 8.0 0.0 0.0
40 38 40 0.0 0.0 0.0 4.0 13.0 0.0 0.0
40 38 41 0.0 0.0 0.0 1.0 15.0 0.0 0.0
40 38 42 0.0 0.0 0.0 2.0 0.0 0.0 0.0
40 39 38 0.0 0.0 0.0 1.0 9.0 0.0 0.0
40 39 39 0.0 0.0 22.0 417.0 2926.0 63.0 33.0
40 39 40 0.0 17.0 37.0 761.0 4807.0 96.0 87.0
40 39 41 0.0 10.0 48.0 669.0 4062.0 77.0 67.0
40 39 42 0.0 0.0 0.0 0.0 3.0 0.0 0.0
40 40 38 0.0 0.0 1.0 0.0 17.0 0.0 0.0
40 40 39 0.0 6.0 21.0 519.0 3876.0 78.0 59.0
40 40 40 1.0 104.0 331.0 4467.0 32328.0 365.0 38741.0
40 40 41 1.0 30.0 33.0 751.0 4831.0 97.0 98.0
40 40 42 0.0 0.0 0.0 0.0 11.0 0.0 0.0
40 41 38 0.0 0.0 0.0 0.0 21.0 1.0 0.0
40 41 39 0.0 11.0 20.0 624.0 3652.0 56.0 48.0
40 41 40 0.0 6.0 65.0 661.0 5004.0 96.0 101.0
40 41 41 0.0 13.0 36.0 702.0 3463.0 66.0 62.0
40 41 42 0.0 0.0 0.0 0.0 3.0 0.0 0.0
40 42 38 0.0 0.0 0.0 0.0 3.0 0.0 0.0
40 42 39 0.0 0.0 0.0 2.0 8.0 0.0 0.0
40 42 40 0.0 0.0 0.0 1.0 15.0 0.0 0.0
40 42 41 0.0 0.0 0.0 0.0 3.0 0.0 0.0
40 42 42 0.0 0.0 0.0 3.0 5.0 0.0 0.0
41 38 38 0.0 0.0 0.0 1.0 2.0 0.0 0.0
41 38 39 0.0 0.0 0.0 1.0 8.0 0.0 0.0
41 38 40 0.0 0.0 0.0 0.0 15.0 0.0 0.0
41 38 41 0.0 0.0 0.0 0.0 23.0 1.0 0.0
41 38 42 0.0 0.0 0.0 0.0 9.0 0.0 0.0
41 39 38 0.0 0.0 0.0 0.0 4.0 0.0 0.0
41 39 39 0.0 4.0 11.0 454.0 3198.0 56.0 38.0
41 39 40 0.0 24.0 32.0 641.0 4205.0 74.0 82.0
41 39 41 1.0 21.0 77.0 505.0 6189.0 109.0 183.0
41 39 42 0.0 0.0 0.0 0.0 15.0 0.0 0.0
41 40 38 0.0 0.0 0.0 1.0 10.0 1.0 0.0
41 40 39 0.0 1.0 30.0 491.0 4482.0 83.0 77.0
41 40 40 0.0 5.0 22.0 500.0 5246.0 99.0 98.0
41 40 41 0.0 5.0 13.0 291.0 3284.0 63.0 36.0
41 40 42 0.0 0.0 0.0 0.0 11.0 0.0 0.0
41 41 38 0.0 0.0 0.0 1.0 11.0 0.0 0.0
41 41 39 0.0 1.0 31.0 241.0 2818.0 40.0 26.0
41 41 40 0.0 13.0 32.0 359.0 3881.0 63.0 43.0
41 41 41 0.0 6.0 13.0 403.0 3104.0 64.0 46.0
41 41 42 0.0 2.0 0.0 1.0 7.0 0.0 0.0
41 42 38 0.0 0.0 0.0 1.0 0.0 0.0 0.0
41 42 39 0.0 0.0 0.0 0.0 10.0 0.0 0.0
41 42 40 0.0 0.0 0.0 1.0 9.0 0.0 0.0
41 42 41 0.0 0.0 0.0 0.0 9.0 0.0 0.0
41 42 42 0.0 0.0 0.0 0.0 5.0 0.0 0.0
42 38 38 0.0 0.0 0.0 0.0 11.0 0.0 0.0
42 38 39 0.0 0.0 0.0 0.0 5.0 0.0 0.0
42 38 40 0.0 0.0 0.0 0.0 4.0 0.0 0.0
42 38 41 0.0 0.0 0.0 0.0 4.0 0.0 0.0
42 38 42 0.0 0.0 0.0 1.0 1.0 0.0 0.0
42 39 38 0.0 0.0 0.0 0.0 2.0 0.0 0.0
42 39 39 0.0 0.0 0.0 0.0 9.0 0.0 0.0
42 39 40 0.0 0.0 0.0 2.0 39.0 0.0 0.0
42 39 41 0.0 0.0 0.0 1.0 13.0 0.0 0.0
42 39 42 0.0 0.0 0.0 0.0 10.0 0.0 0.0
42 40 39 0.0 0.0 0.0 1.0 16.0 1.0 0.0
42 40 40 0.0 0.0 0.0 0.0 17.0 1.0 0.0
42 40 41 0.0 0.0 0.0 1.0 25.0 0.0 0.0
42 40 42 0.0 0.0 0.0 0.0 3.0 0.0 0.0
42 41 38 0.0 0.0 0.0 0.0 4.0 0.0 0.0
42 41 39 0.0 0.0 0.0 1.0 2.0 0.0 0.0
42 41 40 0.0 0.0 1.0 1.0 14.0 0.0 0.0
42 41 41 0.0 0.0 0.0 0.0 8.0 1.0 0.0
42 41 42 0.0 0.0 0.0 0.0 1.0 0.0 0.0
42 42 39 0.0 0.0 0.0 0.0 3.0 0.0 0.0
42 42 40 0.0 0.0 0.0 0.0 1.0 0.0 0.0
42 42 41 0.0 0.0 0.0 1.0 1.0 0.0 0.0
