37 37 40 0.0 0.0 0.0 0.0 1.0 0.0 0.0
37 38 39 0.0 0.0 0.0 0.0 1.0 0.0 0.0
37 38 40 0.0 0.0 0.0 0.0 3.0 0.0 0.0
37 39 38 0.0 0.0 1.0 1.0 9.0 0.0 0.0
37 39 39 0.0 0.0 0.0 1.0 16.0 1.0 0.0
37 39 40 0.0 0.0 0.0 4.0 11.0 1.0 0.0
37 39 41 0.0 0.0 0.0 5.0 5.0 0.0 0.0
37 39 42 0.0 0.0 0.0 2.0 1.0 0.0 0.0
37 40 38 0.0 0.0 0.0 0.0 7.0 0.0 0.0
37 40 39 0.0 0.0 0.0 3.0 9.0 1.0 0.0
37 40 40 0.0 0.0 0.0 0.0 15.0 0.0 0.0
37 40 41 0.0 0.0 0.0 4.0 9.0 0.0 0.0
37 40 42 0.0 0.0 0.0 0.0 4.0 0.0 0.0
37 40 43 0.0 0.0 0.0 0.0 3.0 1.0 0.0
37 41 37 0.0 0.0 0.0 0.0 2.0 0.0 0.0
37 41 38 0.0 0.0 0.0 0.0 3.0 0.0 0.0
37 41 39 0.0 0.0 0.0 0.0 4.0 0.0 0.0
37 41 40 0.0 0.0 0.0 0.0 8.0 0.0 0.0
37 41 41 0.0 0.0 0.0 0.0 11.0 0.0 0.0
37 41 42 0.0 0.0 0.0 0.0 5.0 0.0 0.0
37 42 39 0.0 0.0 0.0 0.0 5.0 0.0 0.0
37 42 40 0.0 0.0 0.0 0.0 9.0 1.0 0.0
37 42 41 0.0 0.0 0.0 0.0 3.0 0.0 0.0
37 42 42 0.0 0.0 0.0 0.0 2.0 0.0 0.0
37 42 43 0.0 0.0 0.0 0.0 1.0 0.0 0.0
38 37 39 0.0 0.0 0.0 0.0 2.0 0.0 0.0
38 37 40 0.0 0.0 0.0 0.0 5.0 0.0 0.0
38 37 41 0.0 0.0 0.0 1.0 1.0 0.0 0.0
38 37 42 0.0 0.0 0.0 0.0 4.0 0.0 0.0
38 38 38 0.0 0.0 0.0 35.0 551.0 8.0 1.0
38 38 39 0.0 0.0 5.0 92.0 1107.0 15.0 4.0
38 38 40 0.0 0.0 4.0 157.0 1662.0 32.0 7.0
38 38 41 0.0 1.0 1.0 152.0 1020.0 16.0 1.0
38 38 42 0.0 0.0 0.0 25.0 348.0 4.0 0.0
38 38 43 0.0 0.0 0.0 0.0 1.0 0.0 0.0
38 39 37 0.0 0.0 0.0 0.0 6.0 0.0 0.0
38 39 38 0.0 4.0 3.0 267.0 1396.0 23.0 8.0
38 39 39 0.0 0.0 3.0 575.0 3475.0 63.0 37.0
38 39 40 0.0 2.0 4.0 721.0 4289.0 84.0 77.0
38 39 41 0.0 0.0 1.0 385.0 3183.0 55.0 31.0
38 39 42 0.0 0.0 5.0 89.0 971.0 25.0 1.0
38 39 43 0.0 0.0 0.0 0.0 1.0 0.0 0.0
38 40 37 0.0 0.0 0.0 0.0 4.0 0.0 0.0
38 40 38 0.0 1.0 7.0 205.0 2355.0 55.0 15.0
38 40 39 0.0 5.0 5.0 609.0 4743.0 102.0 72.0
38 40 40 0.0 3.0 7.0 671.0 6227.0 102.0 134.0
38 40 41 0.0 3.0 1.0 536.0 4296.0 75.0 66.0
38 40 42 0.0 0.0 2.0 122.0 1556.0 26.0 7.0
38 40 43 0.0 0.0 0.0 0.0 7.0 0.0 0.0
38 41 37 0.0 0.0 0.0 0.0 3.0 0.0 0.0
38 41 38 0.0 0.0 3.0 144.0 1375.0 24.0 7.0
38 41 39 0.0 0.0 2.0 384.0 3664.0 59.0 35.0
38 41 40 0.0 0.0 4.0 456.0 4673.0 84.0 78.0
38 41 41 0.0 1.0 2.0 318.0 3017.0 54.0 28.0
38 41 42 0.0 0.0 0.0 107.0 1156.0 24.0 4.0
38 41 43 0.0 0.0 0.0 1.0 0.0 0.0 0.0
38 42 38 0.0 0.0 0.0 41.0 501.0 10.0 0.0
38 42 39 0.0 3.0 8.0 117.0 1172.0 20.0 3.0
38 42 40 0.0 0.0 1.0 167.0 1611.0 25.0 7.0
38 42 41 0.0 2.0 0.0 126.0 1251.0 20.0 4.0
38 42 42 0.0 0.0 0.0 23.0 362.0 7.0 0.0
38 43 39 0.0 0.0 0.0 1.0 0.0 0.0 0.0
38 43 40 0.0 0.0 0.0 1.0 1.0 0.0 0.0
38 43 41 0.0 0.0 0.0 1.0 7.0 0.0 0.0
38 43 42 0.0 0.0 0.0 0.0 4.0 0.0 0.0
39 37 39 0.0 0.0 0.0 0.0 3.0 0.0 0.0
39 37 40 0.0 0.0 0.0 2.0 3.0 0.0 0.0
39 37 41 0.0 0.0 0.0 0.0 5.0 0.0 0.0
39 37 42 0.0 0.0 0.0 0.0 1.0 0.0 0.0
39 37 43 0.0 0.0 0.0 0.0 1.0 0.0 0.0
39 38 37 0.0 0.0 0.0 0.0 4.0 0.0 0.0
39 38 38 0.0 0.0 0.0 228.0 1004.0 24.0 3.0
39 38 39 0.0 0.0 0.0 368.0 3362.0 66.0 19.0
39 38 40 0.0 0.0 10.0 515.0 4173.0 68.0 68.0
39 38 41 0.0 1.0 3.0 394.0 3020.0 52.0 40.0
39 38 42 0.0 0.0 0.0 193.0 1187.0 27.0 4.0
39 39 37 0.0 0.0 1.0 0.0 6.0 0.0 0.0
39 39 38 0.0 0.0 4.0 395.0 3275.0 69.0 39.0
39 39 39 0.0 7.0 52.0 3264.0 34901.0 479.0 11589.0
39 39 40 0.0 11.0 34.0 3682.0 37651.0 498.0 14603.0
39 39 41 0.0 17.0 51.0 4583.0 33596.0 504.0 11301.0
39 39 42 0.0 0.0 3.0 372.0 3484.0 45.0 34.0
39 39 43 0.0 0.0 0.0 0.0 5.0 0.0 0.0
39 40 37 0.0 0.0 0.0 1.0 20.0 0.0 0.0
39 40 38 0.0 1.0 1.0 570.0 4774.0 85.0 73.0
39 40 39 0.0 10.0 34.0 5175.0 37592.0 504.0 20822.0
39 40 40 0.0 38.0 44.0 4589.0 39187.0 507.0 21382.0
39 40 41 0.0 22.0 98.0 3836.0 37710.0 489.0 16151.0
39 40 42 0.0 0.0 3.0 531.0 4702.0 93.0 69.0
39 40 43 0.0 0.0 0.0 2.0 5.0 0.0 0.0
39 41 37 0.0 0.0 0.0 1.0 12.0 0.0 0.0
39 41 38 0.0 3.0 4.0 374.0 3556.0 65.0 28.0
39 41 39 0.0 14.0 39.0 3618.0 36477.0 488.0 13713.0
39 41 40 0.0 26.0 82.0 3658.0 37164.0 517.0 14327.0
39 41 41 0.0 43.0 37.0 3875.0 34557.0 482.0 11645.0
39 41 42 0.0 0.0 2.0 427.0 3053.0 55.0 28.0
39 41 43 0.0 0.0 0.0 0.0 9.0 0.0 0.0
39 42 37 0.0 0.0 0.0 0.0 1.0 0.0 0.0
39 42 38 0.0 0.0 1.0 184.0 1356.0 22.0 9.0
39 42 39 0.0 1.0 4.0 447.0 3206.0 55.0 38.0
39 42 40 0.0 0.0 0.0 687.0 4339.0 92.0 55.0
39 42 41 0.0 0.0 4.0 381.0 3279.0 64.0 32.0
39 42 42 0.0 1.0 4.0 165.0 1021.0 21.0 5.0
39 43 38 0.0 0.0 0.0 1.0 4.0 1.0 0.0
39 43 39 0.0 0.0 0.0 0.0 5.0 0.0 0.0
39 43 40 0.0 0.0 0.0 2.0 8.0 0.0 0.0
39 43 41 0.0 0.0 0.0 0.0 7.0 0.0 0.0
39 43 42 0.0 0.0 0.0 0.0 4.0 0.0 0.0
39 43 43 0.0 0.0 0.0 0.0 1.0 0.0 0.0
40 37 38 0.0 0.0 0.0 0.0 4.0 0.0 0.0
40 37 39 0.0 0.0 0.0 1.0 22.0 0.0 0.0
40 37 40 0.0 0.0 0.0 1.0 13.0 0.0 0.0
40 37 41 0.0 0.0 0.0 6.0 11.0 0.0 0.0
40 37 42 0.0 0.0 0.0 0.0 1.0 0.0 0.0
40 37 43 0.0 0.0 0.0 0.0 1.0 0.0 0.0
40 38 37 0.0 0.0 0.0 0.0 8.0 0.0 0.0
40 38 38 0.0 0.0 0.0 198.0 1524.0 25.0 6.0
40 38 39 0.0 1.0 5.0 494.0 4633.0 89.0 71.0
40 38 40 0.0 4.0 9.0 875.0 6623.0 124.0 145.0
40 38 41 0.0 4.0 5.0 549.0 5202.0 84.0 90.0
40 38 42 0.0 0.0 2.0 221.0 2240.0 38.0 11.0
40 38 43 0.0 0.0 0.0 0.0 3.0 0.0 0.0
40 39 37 0.0 0.0 0.0 0.0 17.0 0.0 0.0
40 39 38 0.0 0.0 8.0 612.0 4815.0 88.0 73.0
40 39 39 0.0 1.0 69.0 4339.0 36469.0 530.0 13380.0
40 39 40 0.0 27.0 69.0 4897.0 38866.0 488.0 22082.0
40 39 41 0.0 23.0 59.0 5255.0 37395.0 449.0 18809.0
40 39 42 0.0 14.0 7.0 594.0 5196.0 78.0 82.0
40 39 43 0.0 0.0 0.0 1.0 16.0 1.0 0.0
40 40 37 0.0 0.0 0.0 0.0 13.0 1.0 0.0
40 40 38 0.0 0.0 10.0 794.0 6661.0 125.0 137.0
40 40 39 0.0 20.0 60.0 4318.0 38760.0 458.0 18401.0
40 40 40 0.0 8.0 37.0 1689.0 13605.0 139.0 88435.0
40 40 41 0.0 62.0 48.0 5392.0 38780.0 538.0 22496.0
40 40 42 0.0 4.0 14.0 743.0 7227.0 130.0 145.0
40 40 43 0.0 0.0 0.0 2.0 17.0 0.0 0.0
40 41 37 0.0 0.0 0.0 5.0 5.0 0.0 0.0
40 41 38 0.0 1.0 5.0 519.0 5113.0 90.0 84.0
40 41 39 0.0 21.0 53.0 4776.0 37046.0 505.0 16350.0
40 41 40 0.0 24.0 85.0 4528.0 39469.0 483.0 22332.0
40 41 41 0.0 41.0 62.0 6129.0 35815.0 506.0 16476.0
40 41 42 0.0 8.0 2.0 398.0 4248.0 61.0 43.0
40 41 43 0.0 0.0 0.0 5.0 9.0 0.0 0.0
40 42 37 0.0 0.0 0.0 0.0 3.0 0.0 0.0
40 42 38 0.0 0.0 4.0 180.0 1633.0 27.0 7.0
40 42 39 0.0 5.0 6.0 451.0 4506.0 76.0 67.0
40 42 40 0.0 1.0 7.0 547.0 6424.0 127.0 118.0
40 42 41 0.0 2.0 8.0 559.0 4514.0 77.0 76.0
40 42 42 0.0 0.0 0.0 297.0 1575.0 37.0 9.0
40 43 37 0.0 0.0 0.0 0.0 2.0 0.0 0.0
40 43 38 0.0 0.0 0.0 0.0 2.0 0.0 0.0
40 43 39 0.0 0.0 0.0 1.0 22.0 0.0 0.0
40 43 40 0.0 0.0 0.0 0.0 15.0 0.0 0.0
40 43 41 0.0 0.0 0.0 1.0 11.0 0.0 0.0
40 43 42 0.0 0.0 0.0 0.0 2.0 0.0 0.0
40 43 43 0.0 0.0 0.0 0.0 1.0 0.0 0.0
41 37 38 0.0 0.0 0.0 0.0 1.0 0.0 0.0
41 37 39 0.0 0.0 0.0 1.0 5.0 0.0 0.0
41 37 40 0.0 0.0 0.0 2.0 17.0 0.0 0.0
41 37 41 0.0 0.0 0.0 4.0 3.0 1.0 0.0
41 37 42 0.0 0.0 0.0 0.0 9.0 0.0 0.0
41 37 43 0.0 0.0 0.0 0.0 2.0 0.0 0.0
41 38 37 0.0 0.0 0.0 1.0 1.0 0.0 0.0
41 38 38 0.0 2.0 1.0 161.0 1098.0 13.0 5.0
41 38 39 0.0 1.0 2.0 415.0 3412.0 78.0 30.0
41 38 40 0.0 3.0 11.0 674.0 5493.0 115.0 101.0
41 38 41 0.0 5.0 9.0 491.0 4898.0 88.0 77.0
41 38 42 0.0 2.0 1.0 138.0 2382.0 46.0 7.0
41 38 43 0.0 0.0 0.0 0.0 5.0 0.0 0.0
41 39 37 0.0 0.0 0.0 0.0 4.0 0.0 0.0
41 39 38 0.0 0.0 0.0 314.0 2780.0 45.0 25.0
41 39 39 0.0 16.0 26.0 4564.0 35407.0 498.0 13703.0
41 39 40 0.0 30.0 77.0 5057.0 37467.0 492.0 18789.0
41 39 41 0.0 45.0 106.0 3098.0 38694.0 475.0 23963.0
41 39 42 0.0 1.0 8.0 461.0 4579.0 97.0 62.0
41 39 43 0.0 0.0 2.0 2.0 17.0 0.0 0.0
41 40 37 0.0 0.0 0.0 2.0 16.0 1.0 0.0
41 40 38 0.0 0.0 4.0 611.0 4482.0 80.0 62.0
41 40 39 0.0 5.0 30.0 3667.0 38445.0 481.0 18999.0
41 40 40 0.0 14.0 40.0 3692.0 40628.0 447.0 23208.0
41 40 41 2.0 17.0 42.0 3708.0 37961.0 477.0 14445.0
41 40 42 0.0 1.0 4.0 498.0 5513.0 98.0 94.0
41 40 43 0.0 0.0 0.0 0.0 11.0 0.0 0.0
41 41 37 0.0 0.0 0.0 1.0 5.0 0.0 0.0
41 41 38 0.0 0.0 9.0 284.0 3433.0 39.0 28.0
41 41 39 0.0 3.0 93.0 2895.0 35659.0 470.0 11456.0
41 41 40 0.0 26.0 59.0 3734.0 38291.0 484.0 17274.0
41 41 41 0.0 17.0 27.0 4267.0 34863.0 472.0 12684.0
41 41 42 0.0 11.0 1.0 452.0 3137.0 59.0 41.0
41 41 43 0.0 0.0 0.0 0.0 10.0 0.0 0.0
41 42 37 0.0 0.0 0.0 0.0 1.0 0.0 0.0
41 42 38 0.0 0.0 1.0 206.0 1181.0 16.0 5.0
41 42 39 0.0 4.0 8.0 277.0 3300.0 67.0 34.0
41 42 40 0.0 0.0 1.0 495.0 4653.0 81.0 56.0
41 42 41 0.0 2.0 4.0 361.0 3215.0 50.0 31.0
41 42 42 0.0 0.0 1.0 155.0 1288.0 11.0 6.0
41 42 43 0.0 0.0 0.0 0.0 1.0 0.0 0.0
41 43 38 0.0 0.0 0.0 0.0 4.0 0.0 0.0
41 43 39 0.0 0.0 0.0 0.0 11.0 1.0 0.0
41 43 40 0.0 0.0 0.0 1.0 8.0 0.0 0.0
41 43 41 0.0 0.0 0.0 0.0 7.0 0.0 0.0
41 43 42 0.0 0.0 0.0 0.0 5.0 0.0 0.0
42 37 37 0.0 0.0 0.0 1.0 0.0 0.0 0.0
42 37 38 0.0 0.0 0.0 0.0 1.0 0.0 0.0
42 37 39 0.0 0.0 0.0 0.0 6.0 0.0 0.0
42 37 40 0.0 0.0 0.0 0.0 4.0 0.0 0.0
42 37 41 0.0 0.0 0.0 0.0 4.0 0.0 0.0
42 37 42 0.0 0.0 0.0 0.0 2.0 0.0 0.0
42 38 37 0.0 0.0 0.0 0.0 2.0 1.0 0.0
42 38 38 0.0 0.0 1.0 60.0 822.0 12.0 7.0
42 38 39 0.0 0.0 1.0 157.0 1455.0 22.0 3.0
42 38 40 0.0 2.0 3.0 311.0 2720.0 52.0 21.0
42 38 41 0.0 0.0 2.0 174.0 2232.0 39.0 13.0
42 38 42 0.0 0.0 3.0 83.0 1185.0 22.0 4.0
42 38 43 0.0 0.0 0.0 0.0 3.0 0.0 0.0
42 39 37 0.0 0.0 0.0 1.0 3.0 0.0 0.0
42 39 38 0.0 0.0 0.0 136.0 1722.0 26.0 12.0
42 39 39 0.0 0.0 5.0 492.0 3465.0 64.0 42.0
42 39 40 0.0 0.0 6.0 767.0 6312.0 118.0 117.0
42 39 41 0.0 2.0 9.0 479.0 4635.0 77.0 71.0
42 39 42 0.0 0.0 2.0 130.0 2398.0 34.0 14.0
42 39 43 0.0 0.0 0.0 0.0 7.0 0.0 0.0
42 40 37 0.0 0.0 0.0 0.0 2.0 0.0 0.0
42 40 38 0.0 0.0 3.0 173.0 1813.0 30.0 16.0
42 40 39 0.0 0.0 2.0 391.0 5388.0 85.0 90.0
42 40 40 0.0 2.0 3.0 713.0 7182.0 149.0 156.0
42 40 41 0.0 6.0 11.0 454.0 5620.0 99.0 89.0
42 40 42 0.0 0.0 5.0 209.0 2507.0 48.0 20.0
42 40 43 0.0 0.0 0.0 3.0 2.0 0.0 0.0
42 41 37 0.0 0.0 0.0 0.0 6.0 0.0 0.0
42 41 38 0.0 0.0 1.0 122.0 1251.0 30.0 5.0
42 41 39 0.0 0.0 5.0 246.0 3270.0 61.0 21.0
42 41 40 0.0 2.0 8.0 386.0 5499.0 107.0 91.0
42 41 41 0.0 2.0 2.0 307.0 3502.0 70.0 22.0
42 41 42 0.0 1.0 0.0 102.0 1319.0 23.0 3.0
42 41 43 0.0 0.0 0.0 0.0 2.0 0.0 0.0
42 42 38 0.0 0.0 0.0 69.0 411.0 5.0 0.0
42 42 39 0.0 0.0 3.0 120.0 1393.0 24.0 7.0
42 42 40 0.0 4.0 0.0 170.0 1976.0 35.0 20.0
42 42 41 0.0 1.0 1.0 258.0 1217.0 20.0 1.0
42 42 42 0.0 0.0 0.0 44.0 430.0 6.0 0.0
42 43 38 0.0 0.0 0.0 0.0 2.0 0.0 0.0
42 43 40 0.0 0.0 0.0 0.0 4.0 0.0 0.0
42 43 41 0.0 0.0 0.0 0.0 3.0 0.0 0.0
43 37 41 0.0 0.0 0.0 0.0 2.0 0.0 0.0
43 38 38 0.0 0.0 0.0 0.0 2.0 0.0 0.0
43 38 39 0.0 0.0 0.0 1.0 6.0 1.0 0.0
43 38 40 0.0 0.0 0.0 0.0 19.0 0.0 0.0
43 38 41 0.0 0.0 0.0 2.0 20.0 0.0 0.0
43 38 42 0.0 0.0 0.0 1.0 1.0 0.0 0.0
43 38 43 0.0 0.0 0.0 0.0 1.0 0.0 0.0
43 39 38 0.0 0.0 0.0 0.0 2.0 0.0 0.0
43 39 39 0.0 0.0 0.0 3.0 16.0 0.0 0.0
43 39 40 0.0 0.0 0.0 0.0 14.0 1.0 0.0
43 39 41 0.0 0.0 0.0 1.0 17.0 0.0 0.0
43 39 42 0.0 0.0 0.0 0.0 5.0 0.0 0.0
43 40 38 0.0 0.0 0.0 1.0 1.0 0.0 0.0
43 40 39 0.0 0.0 0.0 1.0 14.0 0.0 0.0
43 40 40 0.0 0.0 0.0 2.0 18.0 1.0 0.0
43 40 41 0.0 0.0 0.0 3.0 9.0 0.0 0.0
43 40 42 0.0 0.0 0.0 2.0 11.0 1.0 0.0
43 40 43 0.0 0.0 0.0 0.0 1.0 0.0 0.0
43 41 37 0.0 0.0 0.0 0.0 1.0 0.0 0.0
43 41 38 0.0 0.0 0.0 0.0 1.0 0.0 0.0
43 41 39 0.0 0.0 0.0 2.0 18.0 0.0 0.0
43 41 40 0.0 0.0 0.0 1.0 21.0 1.0 0.0
43 41 41 0.0 0.0 0.0 0.0 8.0 0.0 0.0
43 41 42 0.0 0.0 0.0 0.0 6.0 0.0 0.0
43 42 39 0.0 0.0 0.0 0.0 3.0 0.0 0.0
43 42 40 0.0 0.0 0.0 1.0 4.0 0.0 0.0
43 42 41 0.0 0.0 0.0 0.0 2.0 0.0 0.0
43 42 42 0.0 0.0 0.0 0.0 3.0 0.0 0.0
