35 41 39 0.0 0.0 0.0 0.0 3.0 0.0 0.0
36 37 38 0.0 0.0 0.0 0.0 2.0 0.0 0.0
36 37 39 0.0 0.0 0.0 0.0 8.0 0.0 0.0
36 37 40 0.0 0.0 0.0 3.0 6.0 0.0 0.0
36 37 41 0.0 0.0 0.0 1.0 2.0 0.0 0.0
36 37 42 0.0 0.0 0.0 0.0 1.0 0.0 0.0
36 38 37 0.0 0.0 0.0 2.0 4.0 0.0 0.0
36 38 38 0.0 0.0 0.0 3.0 18.0 0.0 0.0
36 38 39 0.0 0.0 0.0 2.0 22.0 1.0 0.0
36 38 40 0.0 0.0 0.0 7.0 64.0 1.0 0.0
36 38 41 0.0 0.0 0.0 2.0 27.0 1.0 0.0
36 38 42 0.0 0.0 0.0 0.0 9.0 0.0 0.0
36 38 43 0.0 0.0 0.0 3.0 1.0 1.0 0.0
36 39 37 0.0 0.0 0.0 0.0 3.0 0.0 0.0
36 39 38 0.0 0.0 0.0 6.0 31.0 0.0 0.0
36 39 39 0.0 0.0 0.0 9.0 107.0 0.0 0.0
36 39 40 0.0 0.0 0.0 9.0 83.0 3.0 0.0
36 39 41 0.0 0.0 0.0 8.0 88.0 2.0 0.0
36 39 42 0.0 0.0 0.0 5.0 47.0 2.0 0.0
36 39 43 0.0 0.0 0.0 1.0 14.0 0.0 0.0
36 40 36 0.0 0.0 0.0 0.0 1.0 0.0 0.0
36 40 37 0.0 0.0 0.0 2.0 8.0 0.0 0.0
36 40 38 0.0 0.0 0.0 3.0 47.0 1.0 0.0
36 40 39 0.0 0.0 0.0 10.0 84.0 1.0 0.0
36 40 40 0.0 0.0 0.0 8.0 125.0 2.0 0.0
36 40 41 0.0 0.0 0.0 4.0 107.0 2.0 0.0
36 40 42 0.0 0.0 0.0 11.0 42.0 1.0 0.0
36 40 43 0.0 0.0 0.0 2.0 3.0 0.0 0.0
36 40 44 0.0 0.0 0.0 0.0 2.0 0.0 0.0
36 41 37 0.0 0.0 0.0 2.0 4.0 0.0 0.0
36 41 38 0.0 0.0 0.0 0.0 26.0 0.0 0.0
36 41 39 0.0 0.0 0.0 6.0 77.0 1.0 0.0
36 41 40 0.0 0.0 0.0 9.0 98.0 3.0 0.0
36 41 41 0.0 0.0 0.0 7.0 65.0 1.0 0.0
36 41 42 0.0 0.0 0.0 3.0 25.0 0.0 0.0
36 41 43 0.0 0.0 0.0 0.0 5.0 0.0 0.0
36 42 36 0.0 0.0 0.0 0.0 1.0 0.0 0.0
36 42 37 0.0 0.0 0.0 1.0 7.0 0.0 0.0
36 42 38 0.0 0.0 0.0 6.0 14.0 0.0 0.0
36 42 39 0.0 0.0 0.0 1.0 26.0 2.0 0.0
36 42 40 0.0 0.0 0.0 5.0 20.0 0.0 0.0
36 42 41 0.0 0.0 0.0 5.0 26.0 0.0 0.0
36 42 42 0.0 0.0 0.0 0.0 8.0 0.0 0.0
36 42 43 0.0 0.0 0.0 0.0 4.0 0.0 0.0
36 43 37 0.0 0.0 0.0 0.0 1.0 0.0 0.0
36 43 38 0.0 0.0 0.0 0.0 4.0 0.0 0.0
36 43 39 0.0 0.0 0.0 1.0 3.0 0.0 0.0
36 43 40 0.0 0.0 0.0 0.0 4.0 0.0 0.0
36 43 41 0.0 0.0 0.0 0.0 12.0 0.0 0.0
37 36 39 0.0 0.0 0.0 0.0 6.0 0.0 0.0
37 36 40 0.0 0.0 0.0 0.0 7.0 1.0 0.0
37 36 42 0.0 0.0 0.0 0.0 3.0 0.0 0.0
37 37 37 0.0 0.0 0.0 4.0 89.0 2.0 0.0
37 37 38 0.0 0.0 0.0 34.0 425.0 5.0 0.0
37 37 39 0.0 0.0 0.0 59.0 941.0 18.0 4.0
37 37 40 0.0 0.0 1.0 102.0 1215.0 21.0 3.0
37 37 41 0.0 0.0 0.0 99.0 1030.0 18.0 0.0
37 37 42 0.0 0.0 0.0 50.0 440.0 6.0 0.0
37 37 43 0.0 0.0 0.0 9.0 57.0 2.0 0.0
37 38 36 0.0 0.0 0.0 0.0 1.0 0.0 0.0
37 38 37 0.0 0.0 0.0 61.0 488.0 11.0 1.0
37 38 38 0.0 0.0 1.0 344.0 2353.0 53.0 16.0
37 38 39 0.0 0.0 0.0 512.0 4803.0 71.0 73.0
37 38 40 0.0 2.0 0.0 712.0 6227.0 117.0 135.0
37 38 41 0.0 0.0 0.0 582.0 4641.0 65.0 65.0
37 38 42 0.0 0.0 1.0 264.0 1934.0 31.0 7.0
37 38 43 0.0 0.0 0.0 35.0 400.0 13.0 0.0
37 38 44 0.0 0.0 0.0 0.0 1.0 0.0 0.0
37 39 36 0.0 0.0 0.0 0.0 17.0 0.0 0.0
37 39 37 0.0 0.0 0.0 123.0 1333.0 21.0 1.0
37 39 38 0.0 0.0 9.0 512.0 5571.0 87.0 84.0
37 39 39 0.0 0.0 6.0 1193.0 10744.0 180.0 371.0
37 39 40 0.0 1.0 0.0 1469.0 12460.0 234.0 601.0
37 39 41 0.0 1.0 2.0 1210.0 9880.0 195.0 335.0
37 39 42 0.0 0.0 1.0 642.0 4535.0 81.0 84.0
37 39 43 0.0 0.0 0.0 91.0 877.0 13.0 1.0
37 39 44 0.0 0.0 0.0 0.0 3.0 0.0 0.0
37 40 36 0.0 0.0 0.0 0.0 14.0 1.0 0.0
37 40 37 0.0 0.0 0.0 170.0 1491.0 22.0 8.0
37 40 38 0.0 1.0 4.0 720.0 7095.0 137.0 174.0
37 40 39 0.0 0.0 2.0 1235.0 13115.0 213.0 599.0
37 40 40 0.0 0.0 2.0 1492.0 16083.0 281.0 955.0
37 40 41 0.0 1.0 0.0 1329.0 12248.0 210.0 508.0
37 40 42 0.0 0.0 0.0 672.0 5724.0 92.0 117.0
37 40 43 0.0 0.0 0.0 86.0 1316.0 35.0 6.0
37 40 44 0.0 0.0 0.0 1.0 12.0 0.0 0.0
37 41 36 0.0 0.0 0.0 0.0 8.0 0.0 0.0
37 41 37 0.0 0.0 0.0 94.0 1425.0 21.0 4.0
37 41 38 0.0 3.0 0.0 445.0 5224.0 84.0 68.0
37 41 39 0.0 0.0 1.0 1070.0 10866.0 181.0 420.0
37 41 40 0.0 3.0 9.0 1373.0 12569.0 201.0 544.0
37 41 41 0.0 0.0 3.0 891.0 9576.0 170.0 283.0
37 41 42 0.0 0.0 1.0 472.0 5020.0 90.0 88.0
37 41 43 0.0 0.0 0.0 85.0 840.0 22.0 0.0
37 41 44 0.0 0.0 0.0 0.0 7.0 0.0 0.0
37 42 36 0.0 0.0 0.0 0.0 7.0 0.0 0.0
37 42 37 0.0 0.0 0.0 57.0 471.0 6.0 0.0
37 42 38 0.0 1.0 0.0 251.0 2132.0 31.0 7.0
37 42 39 0.0 0.0 0.0 525.0 5072.0 77.0 86.0
37 42 40 0.0 0.0 3.0 559.0 5950.0 109.0 108.0
37 42 41 0.0 0.0 2.0 335.0 5035.0 82.0 66.0
37 42 42 0.0 0.0 0.0 168.0 2118.0 34.0 11.0
37 42 43 0.0 0.0 0.0 67.0 461.0 8.0 1.0
37 42 44 0.0 0.0 0.0 0.0 5.0 0.0 0.0
37 43 36 0.0 0.0 0.0 0.0 4.0 0.0 0.0
37 43 37 0.0 0.0 0.0 21.0 92.0 1.0 0.0
37 43 38 0.0 0.0 0.0 33.0 328.0 8.0 0.0
37 43 39 0.0 0.0 0.0 128.0 1038.0 22.0 2.0
37 43 40 0.0 0.0 1.0 105.0 1189.0 25.0 2.0
37 43 41 0.0 0.0 0.0 97.0 908.0 8.0 1.0
37 43 42 0.0 1.0 0.0 28.0 462.0 9.0 1.0
37 43 43 0.0 0.0 0.0 5.0 76.0 1.0 0.0
37 44 38 0.0 0.0 0.0 0.0 3.0 0.0 0.0
37 44 39 0.0 0.0 0.0 0.0 2.0 0.0 0.0
37 44 40 0.0 0.0 0.0 0.0 6.0 0.0 0.0
37 44 41 0.0 0.0 0.0 0.0 6.0 0.0 0.0
37 44 42 0.0 0.0 0.0 0.0 9.0 0.0 0.0
37 44 43 0.0 0.0 0.0 0.0 1.0 0.0 0.0
38 36 37 0.0 0.0 0.0 0.0 5.0 0.0 0.0
38 36 38 0.0 0.0 0.0 1.0 6.0 0.0 0.0
38 36 39 0.0 0.0 0.0 2.0 21.0 0.0 0.0
38 36 40 0.0 0.0 0.0 1.0 50.0 1.0 0.0
38 36 41 0.0 0.0 0.0 3.0 28.0 1.0 0.0
38 36 42 0.0 0.0 0.0 0.0 10.0 0.0 0.0
38 36 43 0.0 0.0 0.0 0.0 2.0 0.0 0.0
38 37 36 0.0 0.0 0.0 0.0 1.0 0.0 0.0
38 37 37 0.0 0.0 0.0 47.0 451.0 10.0 1.0
38 37 38 0.0 0.0 0.0 197.0 2224.0 38.0 20.0
38 37 39 0.0 0.0 2.0 498.0 4447.0 74.0 66.0
38 37 40 0.0 0.0 0.0 571.0 5902.0 115.0 109.0
38 37 41 0.0 0.0 0.0 317.0 5092.0 80.0 67.0
38 37 42 0.0 0.0 0.0 168.0 2469.0 50.0 31.0
38 37 43 0.0 0.0 0.0 66.0 536.0 12.0 1.0
38 38 36 0.0 0.0 0.0 2.0 14.0 0.0 0.0
38 38 37 0.0 0.0 0.0 307.0 2304.0 46.0 22.0
38 38 38 0.0 0.0 0.0 1828.0 24822.0 372.0 3343.0
38 38 39 0.0 1.0 12.0 2956.0 35269.0 524.0 9696.0
38 38 40 0.0 5.0 12.0 3521.0 39261.0 532.0 14979.0
38 38 41 0.0 4.0 9.0 3893.0 34826.0 543.0 9729.0
38 38 42 0.0 0.0 1.0 1605.0 21447.0 328.0 2266.0
38 38 43 0.0 0.0 0.0 234.0 2383.0 43.0 16.0
38 38 44 0.0 0.0 0.0 2.0 5.0 0.0 0.0
38 39 36 0.0 0.0 0.0 4.0 38.0 0.0 0.0
38 39 37 0.0 4.0 0.0 657.0 5084.0 80.0 88.0
38 39 38 0.0 8.0 13.0 5007.0 35801.0 486.0 12738.0
38 39 39 0.0 0.0 6.0 4985.0 40573.0 499.0 29291.0
38 39 40 0.0 6.0 5.0 4917.0 39799.0 445.0 36091.0
38 39 41 0.0 0.0 5.0 4236.0 41139.0 499.0 27934.0
38 39 42 0.0 0.0 15.0 3503.0 34319.0 468.0 9075.0
38 39 43 0.0 0.0 0.0 444.0 4875.0 75.0 68.0
38 39 44 0.0 0.0 0.0 3.0 29.0 0.0 0.0
38 40 36 0.0 0.0 0.0 7.0 48.0 2.0 0.0
38 40 37 0.0 0.0 5.0 797.0 7232.0 113.0 166.0
38 40 38 0.0 2.0 30.0 3118.0 40517.0 505.0 18917.0
38 40 39 0.0 3.0 12.0 4398.0 40553.0 457.0 37819.0
38 40 40 0.0 7.0 10.0 3916.0 38678.0 406.0 45509.0
38 40 41 0.0 4.0 10.0 4343.0 40124.0 448.0 36227.0
38 40 42 0.0 4.0 16.0 3453.0 38527.0 495.0 14271.0
38 40 43 0.0 0.0 2.0 500.0 6853.0 131.0 114.0
38 40 44 0.0 2.0 0.0 4.0 56.0 1.0 0.0
38 41 36 0.0 0.0 0.0 1.0 46.0 0.0 0.0
38 41 37 0.0 0.0 1.0 542.0 5628.0 109.0 91.0
38 41 38 0.0 3.0 7.0 3112.0 36817.0 492.0 11596.0
38 41 39 0.0 0.0 5.0 3619.0 41697.0 464.0 29331.0
38 41 40 0.0 2.0 10.0 4081.0 40304.0 467.0 35770.0
38 41 41 0.0 8.0 11.0 3869.0 41787.0 492.0 26272.0
38 41 42 0.0 1.0 5.0 2847.0 35914.0 514.0 10247.0
38 41 43 0.0 1.0 0.0 534.0 4229.0 75.0 58.0
38 41 44 0.0 0.0 0.0 6.0 36.0 0.0 0.0
38 42 36 0.0 0.0 0.0 0.0 15.0 0.0 0.0
38 42 37 0.0 0.0 0.0 194.0 2334.0 40.0 12.0
38 42 38 0.0 1.0 1.0 2158.0 24172.0 369.0 3252.0
38 42 39 0.0 16.0 12.0 3134.0 35740.0 523.0 10153.0
38 42 40 0.0 3.0 5.0 3906.0 38674.0 480.0 14979.0
38 42 41 0.0 3.0 4.0 3490.0 35548.0 503.0 10366.0
38 42 42 0.0 1.0 0.0 1882.0 21640.0 349.0 2383.0
38 42 43 0.0 0.0 0.0 183.0 2208.0 45.0 8.0
38 42 44 0.0 0.0 0.0 1.0 17.0 0.0 0.0
38 43 36 0.0 0.0 0.0 0.0 2.0 0.0 0.0
38 43 37 0.0 0.0 0.0 54.0 518.0 6.0 1.0
38 43 38 0.0 0.0 0.0 171.0 2376.0 42.0 18.0
38 43 39 0.0 2.0 0.0 494.0 4761.0 83.0 58.0
38 43 40 0.0 0.0 2.0 634.0 6049.0 90.0 105.0
38 43 41 0.0 0.0 0.0 468.0 5055.0 82.0 90.0
38 43 42 0.0 0.0 0.0 208.0 2361.0 41.0 17.0
38 43 43 0.0 0.0 0.0 48.0 394.0 10.0 0.0
38 43 44 0.0 0.0 0.0 0.0 3.0 0.0 0.0
38 44 37 0.0 0.0 0.0 0.0 1.0 0.0 0.0
38 44 38 0.0 0.0 0.0 6.0 10.0 0.0 0.0
38 44 39 0.0 0.0 0.0 0.0 31.0 0.0 0.0
38 44 40 0.0 0.0 0.0 2.0 39.0 1.0 0.0
38 44 41 0.0 0.0 0.0 2.0 18.0 0.0 0.0
38 44 42 0.0 0.0 0.0 0.0 18.0 0.0 0.0
38 44 43 0.0 0.0 0.0 3.0 4.0 1.0 0.0
39 36 37 0.0 0.0 0.0 1.0 3.0 0.0 0.0
39 36 38 0.0 0.0 0.0 7.0 27.0 1.0 0.0
39 36 39 0.0 0.0 0.0 9.0 86.0 1.0 0.0
39 36 40 0.0 0.0 0.0 15.0 106.0 3.0 0.0
39 36 41 0.0 0.0 0.0 16.0 106.0 2.0 0.0
39 36 42 0.0 0.0 0.0 0.0 20.0 0.0 0.0
39 36 43 0.0 0.0 0.0 2.0 7.0 0.0 0.0
39 37 36 0.0 0.0 0.0 4.0 8.0 0.0 0.0
39 37 37 0.0 0.0 0.0 116.0 1070.0 19.0 1.0
39 37 38 0.0 0.0 0.0 461.0 4796.0 74.0 57.0
39 37 39 0.0 0.0 0.0 1085.0 10590.0 175.0 372.0
39 37 40 0.0 0.0 6.0 1371.0 13402.0 222.0 621.0
39 37 41 0.0 0.0 0.0 1168.0 10232.0 164.0 376.0
39 37 42 0.0 3.0 1.0 692.0 5023.0 94.0 69.0
39 37 43 0.0 0.0 0.0 133.0 1484.0 28.0 4.0
39 37 44 0.0 0.0 0.0 1.0 10.0 0.0 0.0
39 38 36 0.0 0.0 0.0 2.0 20.0 0.0 0.0
39 38 37 0.0 0.0 1.0 488.0 5428.0 79.0 103.0
39 38 38 0.0 0.0 1.0 4752.0 33773.0 479.0 10164.0
39 38 39 0.0 1.0 1.0 3979.0 41967.0 497.0 28100.0
39 38 40 0.0 4.0 8.0 4351.0 40688.0 478.0 34441.0
39 38 41 0.0 5.0 11.0 4150.0 41363.0 432.0 27544.0
39 38 42 0.0 4.0 1.0 4225.0 35356.0 501.0 11430.0
39 38 43 0.0 0.0 0.0 533.0 4937.0 96.0 70.0
39 38 44 0.0 0.0 0.0 0.0 80.0 1.0 0.0
39 39 36 0.0 0.0 0.0 18.0 81.0 4.0 0.0
39 39 37 0.0 0.0 13.0 1227.0 10344.0 188.0 393.0
39 39 38 0.0 0.0 9.0 4437.0 41504.0 456.0 28264.0
39 39 39 0.0 3.0 11.0 1991.0 20526.0 173.0 87597.0
39 39 40 0.0 5.0 7.0 1947.0 18559.0 146.0 94098.0
39 39 41 0.0 6.0 9.0 2406.0 20343.0 173.0 86906.0
39 39 42 0.0 5.0 11.0 4114.0 41343.0 486.0 28812.0
39 39 43 0.0 0.0 1.0 872.0 10391.0 148.0 348.0
39 39 44 0.0 0.0 0.0 7.0 63.0 1.0 0.0
39 40 36 0.0 0.0 0.0 12.0 91.0 2.0 0.0
39 40 37 0.0 2.0 7.0 1287.0 14074.0 226.0 742.0
39 40 38 0.0 2.0 9.0 4082.0 40894.0 438.0 36975.0
39 40 39 0.0 2.0 11.0 1758.0 16915.0 132.0 97947.0
39 40 40 0.0 7.0 6.0 1853.0 15875.0 116.0 103042.0
39 40 41 0.0 4.0 2.0 1917.0 17929.0 149.0 95518.0
39 40 42 0.0 3.0 15.0 4086.0 40281.0 444.0 36885.0
39 40 43 0.0 13.0 2.0 1216.0 13428.0 222.0 597.0
39 40 44 0.0 0.0 0.0 7.0 127.0 3.0 0.0
39 41 36 0.0 0.0 0.0 9.0 81.0 1.0 0.0
39 41 37 0.0 0.0 1.0 1016.0 11163.0 181.0 445.0
39 41 38 0.0 1.0 10.0 3828.0 41665.0 486.0 29412.0
39 41 39 0.0 1.0 1.0 1906.0 19611.0 170.0 89938.0
39 41 40 0.0 7.0 7.0 1773.0 18834.0 149.0 93497.0
39 41 41 0.0 10.0 16.0 2153.0 20536.0 171.0 87112.0
39 41 42 0.0 3.0 9.0 4853.0 40652.0 500.0 27299.0
39 41 43 0.0 10.0 3.0 1077.0 9941.0 153.0 342.0
39 41 44 0.0 0.0 0.0 17.0 82.0 0.0 0.0
39 42 36 0.0 0.0 0.0 5.0 25.0 2.0 0.0
39 42 37 0.0 0.0 0.0 435.0 4999.0 90.0 86.0
39 42 38 0.0 0.0 11.0 3711.0 35742.0 477.0 11209.0
39 42 39 0.0 4.0 7.0 4519.0 41223.0 499.0 28266.0
39 42 40 0.0 2.0 5.0 4758.0 40282.0 485.0 36004.0
39 42 41 0.0 5.0 15.0 4354.0 41200.0 522.0 28043.0
39 42 42 0.0 10.0 16.0 4265.0 34239.0 517.0 10161.0
39 42 43 0.0 0.0 0.0 527.0 4864.0 73.0 63.0
39 42 44 0.0 0.0 0.0 9.0 26.0 0.0 0.0
39 43 36 0.0 0.0 0.0 0.0 5.0 0.0 0.0
39 43 37 0.0 0.0 0.0 131.0 911.0 15.0 4.0
39 43 38 0.0 1.0 2.0 458.0 4865.0 82.0 84.0
39 43 39 0.0 3.0 7.0 906.0 10597.0 178.0 384.0
39 43 40 0.0 0.0 3.0 1194.0 12918.0 229.0 606.0
39 43 41 0.0 2.0 0.0 1007.0 10140.0 179.0 362.0
39 43 42 0.0 0.0 0.0 528.0 5157.0 83.0 67.0
39 43 43 0.0 0.0 0.0 104.0 1160.0 20.0 4.0
39 43 44 0.0 0.0 0.0 0.0 1.0 0.0 0.0
39 44 37 0.0 0.0 0.0 0.0 5.0 0.0 0.0
39 44 38 0.0 0.0 0.0 2.0 56.0 1.0 0.0
39 44 39 0.0 0.0 0.0 5.0 88.0 3.0 0.0
39 44 40 0.0 0.0 0.0 13.0 134.0 4.0 0.0
39 44 41 0.0 0.0 0.0 5.0 56.0 0.0 0.0
39 44 42 0.0 0.0 0.0 2.0 53.0 1.0 0.0
39 44 43 0.0 0.0 0.0 1.0 5.0 0.0 0.0
40 36 37 0.0 0.0 0.0 0.0 7.0 0.0 0.0
40 36 38 0.0 0.0 0.0 0.0 35.0 1.0 0.0
40 36 39 0.0 0.0 0.0 12.0 82.0 2.0 0.0
40 36 40 0.0 0.0 0.0 7.0 143.0 2.0 0.0
40 36 41 0.0 0.0 0.0 16.0 107.0 1.0 0.0
40 36 42 0.0 0.0 1.0 3.0 65.0 3.0 0.0
40 36 43 0.0 0.0 0.0 1.0 14.0 1.0 0.0
40 37 36 0.0 0.0 0.0 0.0 11.0 0.0 0.0
40 37 37 0.0 0.0 0.0 106.0 1345.0 26.0 3.0
40 37 38 0.0 0.0 0.0 593.0 6611.0 117.0 141.0
40 37 39 0.0 5.0 7.0 1420.0 13431.0 217.0 620.0
40 37 40 0.0 0.0 1.0 1698.0 16524.0 261.0 1132.0
40 37 41 0.0 4.0 3.0 1500.0 13824.0 226.0 739.0
40 37 42 0.0 0.0 2.0 828.0 7169.0 130.0 193.0
40 37 43 0.0 1.0 1.0 239.0 1847.0 41.0 9.0
40 37 44 0.0 0.0 0.0 0.0 9.0 0.0 0.0
40 38 35 0.0 0.0 0.0 0.0 1.0 0.0 0.0
40 38 36 0.0 0.0 0.0 3.0 57.0 2.0 0.0
40 38 37 0.0 0.0 3.0 699.0 5655.0 95.0 114.0
40 38 38 0.0 0.0 4.0 4070.0 38177.0 452.0 15046.0
40 38 39 0.0 0.0 17.0 4006.0 41026.0 457.0 36772.0
40 38 40 0.0 14.0 9.0 4173.0 37972.0 388.0 47122.0
40 38 41 0.0 8.0 3.0 3954.0 40346.0 471.0 38119.0
40 38 42 0.0 1.0 10.0 3537.0 40102.0 507.0 18495.0
40 38 43 0.0 0.0 0.0 612.0 7352.0 130.0 160.0
40 38 44 0.0 0.0 0.0 9.0 64.0 2.0 0.0
40 39 36 0.0 0.0 0.0 8.0 108.0 3.0 0.0
40 39 37 0.0 1.0 1.0 1231.0 12935.0 213.0 577.0
40 39 38 0.0 3.0 6.0 4391.0 40059.0 450.0 37731.0
40 39 39 0.0 1.0 9.0 2030.0 18984.0 130.0 93501.0
40 39 40 0.0 0.0 12.0 1680.0 15888.0 92.0 102910.0
40 39 41 0.0 7.0 7.0 1896.0 17287.0 152.0 97157.0
40 39 42 0.0 18.0 14.0 4122.0 39958.0 412.0 39169.0
40 39 43 0.0 6.0 4.0 1435.0 14783.0 251.0 765.0
40 39 44 0.0 0.0 0.0 14.0 160.0 1.0 0.0
40 40 36 0.0 0.0 0.0 16.0 143.0 6.0 0.0
40 40 37 0.0 2.0 12.0 1521.0 15933.0 284.0 964.0
40 40 38 0.0 0.0 12.0 3969.0 38447.0 401.0 47057.0
40 40 39 0.0 2.0 5.0 1706.0 16943.0 115.0 101163.0
40 40 40 0.0 1.0 1.0 874.0 8337.0 41.0 132281.0
40 40 41 0.0 6.0 8.0 1786.0 15698.0 113.0 103939.0
40 40 42 0.0 9.0 17.0 3642.0 37762.0 362.0 47748.0
40 40 43 0.0 5.0 8.0 1705.0 16641.0 275.0 1056.0
40 40 44 0.0 0.0 0.0 8.0 222.0 7.0 1.0
40 41 36 0.0 0.0 0.0 8.0 110.0 1.0 0.0
40 41 37 0.0 2.0 4.0 1570.0 12893.0 208.0 580.0
40 41 38 0.0 6.0 9.0 3705.0 40618.0 453.0 38008.0
40 41 39 0.0 3.0 5.0 1917.0 18279.0 154.0 95268.0
40 41 40 0.0 4.0 7.0 1710.0 15937.0 113.0 103283.0
40 41 41 0.0 5.0 10.0 2187.0 17787.0 136.0 94834.0
40 41 42 0.0 10.0 3.0 4057.0 41185.0 466.0 35102.0
40 41 43 0.0 1.0 0.0 1412.0 12491.0 209.0 526.0
40 41 44 0.0 0.0 0.0 14.0 111.0 1.0 0.0
40 42 36 0.0 0.0 0.0 2.0 51.0 1.0 0.0
40 42 37 0.0 0.0 2.0 669.0 6017.0 89.0 108.0
40 42 38 0.0 0.0 11.0 3679.0 38749.0 490.0 15097.0
40 42 39 0.0 10.0 21.0 3562.0 41413.0 431.0 36412.0
40 42 40 0.0 1.0 14.0 3464.0 39634.0 404.0 45356.0
40 42 41 0.0 4.0 14.0 4468.0 40335.0 443.0 36138.0
40 42 42 0.0 3.0 0.0 4989.0 37737.0 479.0 15398.0
40 42 43 0.0 1.0 0.0 547.0 5576.0 107.0 104.0
40 42 44 0.0 0.0 0.0 2.0 29.0 1.0 0.0
40 43 36 0.0 0.0 0.0 0.0 2.0 0.0 0.0
40 43 37 0.0 0.0 0.0 148.0 1411.0 28.0 5.0
40 43 38 0.0 0.0 4.0 623.0 5783.0 105.0 120.0
40 43 39 0.0 0.0 2.0 1184.0 12879.0 219.0 574.0
40 43 40 0.0 0.0 4.0 1509.0 15695.0 253.0 869.0
40 43 41 0.0 2.0 0.0 1210.0 12935.0 214.0 584.0
40 43 42 0.0 9.0 0.0 680.0 6241.0 120.0 97.0
40 43 43 0.0 0.0 0.0 112.0 1177.0 18.0 1.0
40 43 44 0.0 0.0 0.0 4.0 2.0 0.0 0.0
40 44 37 0.0 0.0 0.0 0.0 3.0 0.0 0.0
40 44 38 0.0 0.0 0.0 0.0 33.0 0.0 0.0
40 44 39 0.0 0.0 0.0 20.0 114.0 1.0 0.0
40 44 40 0.0 0.0 0.0 9.0 145.0 1.0 0.0
40 44 41 0.0 0.0 0.0 10.0 100.0 6.0 0.0
40 44 42 0.0 0.0 0.0 1.0 31.0 1.0 0.0
40 44 43 0.0 0.0 0.0 2.0 6.0 0.0 0.0
41 36 36 0.0 0.0 0.0 0.0 1.0 0.0 0.0
41 36 37 0.0 0.0 0.0 0.0 7.0 0.0 0.0
41 36 38 0.0 0.0 0.0 7.0 30.0 1.0 0.0
41 36 39 0.0 0.0 0.0 3.0 84.0 1.0 0.0
41 36 40 0.0 0.0 0.0 9.0 129.0 2.0 0.0
41 36 41 0.0 0.0 0.0 12.0 115.0 2.0 0.0
41 36 42 0.0 0.0 0.0 1.0 49.0 0.0 0.0
41 36 43 0.0 0.0 0.0 2.0 5.0 0.0 0.0
41 37 36 0.0 0.0 0.0 0.0 5.0 0.0 0.0
41 37 37 0.0 0.0 0.0 110.0 1072.0 18.0 2.0
41 37 38 0.0 0.0 0.0 520.0 4968.0 93.0 74.0
41 37 39 0.0 0.0 0.0 1078.0 11230.0 194.0 404.0
41 37 40 0.0 0.0 0.0 1350.0 14997.0 244.0 798.0
41 37 41 0.0 3.0 4.0 1521.0 12703.0 210.0 554.0
41 37 42 0.0 5.0 1.0 590.0 6692.0 112.0 154.0
41 37 43 0.0 0.0 5.0 111.0 2109.0 36.0 12.0
41 37 44 0.0 0.0 0.0 2.0 10.0 1.0 0.0
41 38 36 0.0 0.0 0.0 2.0 32.0 0.0 0.0
41 38 37 0.0 0.0 5.0 605.0 4536.0 66.0 79.0
41 38 38 0.0 3.0 4.0 4138.0 34219.0 481.0 10241.0
41 38 39 0.0 2.0 7.0 4554.0 41410.0 499.0 28531.0
41 38 40 0.0 5.0 26.0 4367.0 39488.0 410.0 40688.0
41 38 41 0.0 14.0 12.0 4026.0 40887.0 446.0 34708.0
41 38 42 0.0 7.0 10.0 2661.0 40515.0 503.0 17606.0
41 38 43 0.0 0.0 3.0 668.0 6920.0 119.0 146.0
41 38 44 0.0 0.0 0.0 6.0 69.0 1.0 0.0
41 39 36 0.0 0.0 0.0 9.0 67.0 1.0 0.0
41 39 37 0.0 0.0 1.0 1101.0 10246.0 159.0 364.0
41 39 38 0.0 3.0 5.0 4182.0 41869.0 500.0 26013.0
41 39 39 0.0 6.0 3.0 2115.0 19637.0 165.0 89571.0
41 39 40 0.0 1.0 12.0 1751.0 17507.0 127.0 97607.0
41 39 41 0.0 3.0 6.0 1568.0 17066.0 126.0 96167.0
41 39 42 0.0 5.0 13.0 3923.0 41125.0 459.0 34023.0
41 39 43 0.0 4.0 13.0 1105.0 13609.0 225.0 663.0
41 39 44 0.0 1.0 0.0 15.0 151.0 3.0 0.0
41 40 36 0.0 0.0 0.0 8.0 97.0 0.0 0.0
41 40 37 0.0 2.0 5.0 1156.0 13686.0 229.0 677.0
41 40 38 0.0 3.0 7.0 4425.0 40018.0 442.0 37381.0
41 40 39 0.0 1.0 5.0 1692.0 17728.0 126.0 97275.0
41 40 40 0.0 2.0 4.0 1481.0 15874.0 114.0 104483.0
41 40 41 0.0 8.0 11.0 1806.0 18974.0 163.0 94946.0
41 40 42 0.0 1.0 4.0 3661.0 40441.0 399.0 39878.0
41 40 43 0.0 2.0 0.0 1398.0 14604.0 212.0 804.0
41 40 44 0.0 0.0 0.0 9.0 137.0 7.0 0.0
41 41 36 0.0 0.0 0.0 6.0 117.0 3.0 0.0
41 41 37 0.0 0.0 1.0 1032.0 10421.0 176.0 380.0
41 41 38 0.0 0.0 19.0 3498.0 42172.0 469.0 28723.0
41 41 39 0.0 2.0 19.0 1745.0 20951.0 176.0 87330.0
41 41 40 0.0 7.0 8.0 1718.0 18159.0 155.0 96019.0
41 41 41 0.0 5.0 3.0 2082.0 19974.0 183.0 89019.0
41 41 42 0.0 16.0 4.0 4881.0 40839.0 507.0 28262.0
41 41 43 0.0 0.0 2.0 1034.0 11274.0 182.0 442.0
41 41 44 0.0 0.0 0.0 5.0 78.0 0.0 0.0
41 42 36 0.0 0.0 0.0 2.0 38.0 2.0 0.0
41 42 37 0.0 0.0 1.0 614.0 5077.0 76.0 68.0
41 42 38 0.0 0.0 9.0 4119.0 35344.0 522.0 10823.0
41 42 39 0.0 5.0 18.0 3545.0 41983.0 505.0 27553.0
41 42 40 0.0 2.0 1.0 3766.0 41134.0 426.0 36283.0
41 42 41 0.0 9.0 8.0 4102.0 41305.0 469.0 27677.0
41 42 42 0.0 1.0 4.0 3992.0 36428.0 510.0 11493.0
41 42 43 0.0 0.0 0.0 574.0 4837.0 77.0 75.0
41 42 44 0.0 0.0 0.0 1.0 33.0 1.0 0.0
41 43 36 0.0 0.0 0.0 2.0 8.0 0.0 0.0
41 43 37 0.0 0.0 0.0 133.0 1057.0 22.0 4.0
41 43 38 0.0 0.0 0.0 514.0 5214.0 103.0 86.0
41 43 39 0.0 0.0 3.0 898.0 10434.0 169.0 372.0
41 43 40 0.0 0.0 0.0 1251.0 12644.0 205.0 616.0
41 43 41 0.0 1.0 5.0 1012.0 10246.0 165.0 354.0
41 43 42 0.0 3.0 0.0 551.0 5055.0 107.0 74.0
41 43 43 0.0 0.0 0.0 153.0 1085.0 20.0 2.0
41 43 44 0.0 0.0 0.0 1.0 6.0 0.0 0.0
41 44 37 0.0 0.0 0.0 0.0 1.0 0.0 0.0
41 44 38 0.0 0.0 0.0 3.0 35.0 1.0 0.0
41 44 39 0.0 0.0 0.0 10.0 62.0 2.0 0.0
41 44 40 0.0 0.0 0.0 3.0 89.0 2.0 0.0
41 44 41 0.0 0.0 0.0 8.0 71.0 1.0 0.0
41 44 42 0.0 0.0 0.0 1.0 30.0 0.0 0.0
41 44 43 0.0 0.0 0.0 1.0 6.0 0.0 0.0
41 44 44 0.0 0.0 0.0 0.0 1.0 0.0 0.0
42 36 37 0.0 0.0 0.0 1.0 0.0 0.0 0.0
42 36 38 0.0 0.0 0.0 3.0 15.0 0.0 0.0
42 36 39 0.0 0.0 0.0 1.0 36.0 0.0 0.0
42 36 40 0.0 0.0 0.0 6.0 52.0 0.0 0.0
42 36 41 0.0 0.0 0.0 3.0 50.0 0.0 0.0
42 36 42 0.0 0.0 0.0 5.0 26.0 1.0 0.0
42 36 43 0.0 0.0 0.0 1.0 0.0 0.0 0.0
42 36 44 0.0 0.0 0.0 0.0 2.0 0.0 0.0
42 37 36 0.0 0.0 0.0 7.0 3.0 0.0 0.0
42 37 37 0.0 0.0 0.0 71.0 510.0 15.0 3.0
42 37 38 0.0 0.0 0.0 306.0 2556.0 52.0 20.0
42 37 39 0.0 0.0 4.0 613.0 5907.0 114.0 115.0
42 37 40 0.0 1.0 4.0 774.0 8025.0 149.0 212.0
42 37 41 0.0 1.0 7.0 714.0 7130.0 136.0 172.0
42 37 42 0.0 0.0 0.0 292.0 3788.0 61.0 43.0
42 37 43 0.0 0.0 0.0 59.0 1069.0 14.0 3.0
42 37 44 0.0 0.0 0.0 2.0 9.0 0.0 0.0
42 38 36 0.0 0.0 0.0 0.0 24.0 0.0 0.0
42 38 37 0.0 0.0 2.0 220.0 2414.0 38.0 14.0
42 38 38 0.0 2.0 6.0 2268.0 27763.0 427.0 4882.0
42 38 39 0.0 0.0 2.0 3704.0 37543.0 477.0 13306.0
42 38 40 0.0 10.0 8.0 4050.0 40441.0 526.0 21958.0
42 38 41 0.0 8.0 15.0 2947.0 40303.0 517.0 18003.0
42 38 42 0.0 1.0 9.0 2275.0 33425.0 508.0 7807.0
42 38 43 0.0 0.0 0.0 338.0 4259.0 71.0 53.0
42 38 44 0.0 0.0 0.0 0.0 31.0 0.0 0.0
42 39 36 0.0 0.0 0.0 1.0 39.0 0.0 0.0
42 39 37 0.0 0.0 0.0 478.0 5119.0 75.0 75.0
42 39 38 0.0 0.0 2.0 2995.0 38254.0 520.0 13702.0
42 39 39 0.0 7.0 14.0 4712.0 40785.0 494.0 29350.0
42 39 40 0.0 5.0 8.0 4027.0 39118.0 395.0 42271.0
42 39 41 0.0 6.0 12.0 3768.0 41038.0 438.0 34403.0
42 39 42 0.0 4.0 12.0 2691.0 40552.0 526.0 17835.0
42 39 43 0.0 0.0 0.0 528.0 6805.0 94.0 149.0
42 39 44 0.0 0.0 0.0 6.0 41.0 0.0 0.0
42 40 36 0.0 0.0 0.0 5.0 51.0 0.0 0.0
42 40 37 0.0 0.0 1.0 468.0 6590.0 109.0 134.0
42 40 38 0.0 1.0 6.0 3352.0 39435.0 539.0 16245.0
42 40 39 0.0 0.0 2.0 3173.0 41095.0 472.0 39182.0
42 40 40 0.0 2.0 7.0 3651.0 38296.0 393.0 48156.0
42 40 41 0.0 4.0 12.0 3354.0 40356.0 431.0 40533.0
42 40 42 0.0 1.0 11.0 3198.0 40950.0 527.0 20337.0
42 40 43 0.0 0.0 1.0 856.0 7930.0 134.0 203.0
42 40 44 0.0 0.0 0.0 6.0 49.0 0.0 0.0
42 41 36 0.0 0.0 0.0 5.0 33.0 2.0 0.0
42 41 37 0.0 0.0 4.0 491.0 5003.0 102.0 67.0
42 41 38 0.0 0.0 8.0 2732.0 36888.0 492.0 11058.0
42 41 39 0.0 0.0 8.0 2982.0 42811.0 493.0 27426.0
42 41 40 0.0 4.0 12.0 3153.0 41066.0 452.0 38896.0
42 41 41 0.0 1.0 5.0 3537.0 42135.0 468.0 29684.0
42 41 42 0.0 4.0 3.0 3042.0 37054.0 481.0 11377.0
42 41 43 0.0 3.0 0.0 511.0 6063.0 103.0 109.0
42 41 44 0.0 0.0 0.0 4.0 53.0 1.0 0.0
42 42 36 0.0 0.0 0.0 1.0 11.0 0.0 0.0
42 42 37 0.0 0.0 0.0 260.0 2403.0 49.0 17.0
42 42 38 0.0 3.0 1.0 2627.0 21649.0 334.0 2712.0
42 42 39 0.0 0.0 6.0 2948.0 37116.0 485.0 11424.0
42 42 40 0.0 20.0 3.0 3334.0 39934.0 495.0 17061.0
42 42 41 0.0 5.0 2.0 4680.0 35380.0 488.0 11727.0
42 42 42 0.0 9.0 0.0 2008.0 23945.0 358.0 3112.0
42 42 43 0.0 2.0 0.0 238.0 2289.0 42.0 21.0
42 42 44 0.0 0.0 0.0 2.0 16.0 0.0 0.0
42 43 37 0.0 0.0 0.0 63.0 393.0 8.0 0.0
42 43 38 0.0 0.0 0.0 198.0 2234.0 38.0 10.0
42 43 39 0.0 0.0 2.0 389.0 5465.0 84.0 80.0
42 43 40 0.0 0.0 0.0 614.0 6010.0 122.0 110.0
42 43 41 0.0 0.0 0.0 522.0 4971.0 85.0 83.0
42 43 42 0.0 1.0 1.0 198.0 2217.0 33.0 13.0
42 43 43 0.0 0.0 0.0 51.0 484.0 7.0 1.0
42 43 44 0.0 0.0 0.0 1.0 1.0 0.0 0.0
42 44 37 0.0 0.0 0.0 1.0 2.0 0.0 0.0
42 44 38 0.0 0.0 0.0 2.0 19.0 0.0 0.0
42 44 39 0.0 0.0 0.0 4.0 34.0 1.0 0.0
42 44 40 0.0 0.0 0.0 3.0 53.0 0.0 0.0
42 44 41 0.0 0.0 0.0 3.0 28.0 0.0 0.0
42 44 42 0.0 0.0 0.0 3.0 13.0 0.0 0.0
43 36 38 0.0 0.0 0.0 0.0 2.0 0.0 0.0
43 36 39 0.0 0.0 0.0 0.0 7.0 0.0 0.0
43 36 40 0.0 0.0 0.0 1.0 25.0 0.0 0.0
43 36 41 0.0 0.0 0.0 1.0 14.0 0.0 0.0
43 36 42 0.0 0.0 0.0 0.0 4.0 0.0 0.0
43 36 43 0.0 0.0 0.0 1.0 0.0 0.0 0.0
43 37 36 0.0 0.0 0.0 0.0 1.0 0.0 0.0
43 37 37 0.0 0.0 0.0 10.0 100.0 0.0 0.0
43 37 38 0.0 0.0 0.0 88.0 632.0 16.0 2.0
43 37 39 0.0 0.0 0.0 122.0 1586.0 29.0 5.0
43 37 40 0.0 0.0 0.0 183.0 2186.0 43.0 10.0
43 37 41 0.0 0.0 1.0 183.0 1780.0 32.0 5.0
43 37 42 0.0 0.0 0.0 44.0 1164.0 31.0 1.0
43 37 43 0.0 0.0 0.0 15.0 311.0 8.0 1.0
43 37 44 0.0 0.0 0.0 0.0 4.0 0.0 0.0
43 38 36 0.0 0.0 0.0 0.0 1.0 0.0 0.0
43 38 37 0.0 0.0 0.0 45.0 760.0 17.0 0.0
43 38 38 0.0 0.0 0.0 305.0 2531.0 50.0 16.0
43 38 39 0.0 0.0 3.0 609.0 6866.0 112.0 147.0
43 38 40 0.0 0.0 1.0 707.0 8912.0 138.0 269.0
43 38 41 0.0 0.0 0.0 751.0 7815.0 153.0 198.0
43 38 42 0.0 0.0 3.0 328.0 3809.0 70.0 43.0
43 38 43 0.0 0.0 0.0 58.0 1075.0 22.0 1.0
43 38 44 0.0 0.0 0.0 0.0 8.0 1.0 0.0
43 39 36 0.0 0.0 0.0 0.0 3.0 0.0 0.0
43 39 37 0.0 0.0 0.0 88.0 1495.0 29.0 4.0
43 39 38 0.0 1.0 1.0 508.0 5538.0 110.0 87.0
43 39 39 0.0 0.0 1.0 1343.0 12281.0 217.0 571.0
43 39 40 0.0 6.0 5.0 1504.0 15355.0 243.0 913.0
43 39 41 0.0 2.0 2.0 1191.0 13850.0 220.0 706.0
43 39 42 0.0 0.0 5.0 553.0 7761.0 134.0 193.0
43 39 43 0.0 0.0 0.0 131.0 1841.0 34.0 5.0
43 39 44 0.0 0.0 0.0 1.0 7.0 0.0 0.0
43 40 36 0.0 0.0 0.0 1.0 7.0 0.0 0.0
43 40 37 0.0 0.0 0.0 107.0 1700.0 37.0 9.0
43 40 38 0.0 0.0 2.0 552.0 6624.0 110.0 131.0
43 40 39 0.0 0.0 2.0 1240.0 13586.0 239.0 642.0
43 40 40 0.0 0.0 13.0 1356.0 18684.0 323.0 1299.0
43 40 41 0.0 8.0 1.0 1626.0 15015.0 247.0 841.0
43 40 42 0.0 1.0 1.0 762.0 7808.0 139.0 164.0
43 40 43 0.0 0.0 0.0 168.0 2134.0 35.0 11.0
43 40 44 0.0 0.0 0.0 1.0 7.0 1.0 0.0
43 41 37 0.0 0.0 0.0 101.0 1221.0 22.0 5.0
43 41 38 0.0 0.0 0.0 333.0 5092.0 92.0 71.0
43 41 39 0.0 0.0 0.0 897.0 11121.0 184.0 411.0
43 41 40 0.0 0.0 6.0 1178.0 14611.0 214.0 749.0
43 41 41 0.0 1.0 1.0 950.0 12451.0 201.0 505.0
43 41 42 0.0 0.0 1.0 465.0 5436.0 75.0 82.0
43 41 43 0.0 0.0 0.0 112.0 1413.0 20.0 7.0
43 41 44 0.0 0.0 0.0 2.0 6.0 0.0 0.0
43 42 36 0.0 0.0 0.0 0.0 1.0 0.0 0.0
43 42 37 0.0 0.0 0.0 33.0 556.0 4.0 1.0
43 42 38 0.0 0.0 1.0 141.0 2432.0 46.0 17.0
43 42 39 0.0 0.0 2.0 364.0 5093.0 98.0 71.0
43 42 40 0.0 0.0 1.0 499.0 7242.0 112.0 171.0
43 42 41 0.0 0.0 0.0 575.0 5328.0 73.0 72.0
43 42 42 0.0 0.0 0.0 270.0 2555.0 55.0 20.0
43 42 43 0.0 0.0 0.0 88.0 390.0 8.0 1.0
43 42 44 0.0 0.0 0.0 0.0 2.0 0.0 0.0
43 43 37 0.0 0.0 0.0 2.0 64.0 0.0 0.0
43 43 38 0.0 0.0 0.0 33.0 476.0 12.0 0.0
43 43 39 0.0 0.0 0.0 34.0 1223.0 21.0 4.0
43 43 40 0.0 1.0 0.0 187.0 1607.0 43.0 4.0
43 43 41 0.0 1.0 0.0 111.0 1248.0 32.0 2.0
43 43 42 0.0 0.0 0.0 43.0 474.0 12.0 0.0
43 43 43 0.0 0.0 0.0 4.0 62.0 0.0 0.0
43 44 38 0.0 0.0 0.0 0.0 8.0 1.0 0.0
43 44 39 0.0 0.0 0.0 0.0 4.0 0.0 0.0
43 44 40 0.0 0.0 0.0 0.0 12.0 0.0 0.0
43 44 41 0.0 0.0 0.0 0.0 5.0 0.0 0.0
43 44 42 0.0 0.0 0.0 0.0 3.0 0.0 0.0
43 44 43 0.0 0.0 0.0 0.0 1.0 0.0 0.0
44 37 38 0.0 0.0 0.0 1.0 5.0 0.0 0.0
44 37 39 0.0 0.0 0.0 0.0 13.0 0.0 0.0
44 37 40 0.0 0.0 0.0 4.0 10.0 0.0 0.0
44 37 41 0.0 0.0 0.0 0.0 13.0 0.0 0.0
44 37 42 0.0 0.0 0.0 0.0 11.0 0.0 0.0
44 37 43 0.0 0.0 0.0 0.0 5.0 1.0 0.0
44 38 37 0.0 0.0 0.0 0.0 5.0 0.0 0.0
44 38 38 0.0 0.0 0.0 0.0 21.0 0.0 0.0
44 38 39 0.0 0.0 0.0 4.0 54.0 1.0 0.0
44 38 40 0.0 0.0 0.0 5.0 90.0 3.0 0.0
44 38 41 0.0 0.0 0.0 10.0 69.0 0.0 0.0
44 38 42 0.0 0.0 0.0 1.0 34.0 0.0 0.0
44 38 43 0.0 0.0 0.0 0.0 6.0 0.0 0.0
44 38 44 0.0 0.0 0.0 0.0 2.0 0.0 0.0
44 39 37 0.0 0.0 0.0 0.0 7.0 0.0 0.0
44 39 38 0.0 0.0 0.0 1.0 68.0 2.0 0.0
44 39 39 0.0 0.0 0.0 14.0 96.0 5.0 0.0
44 39 40 0.0 0.0 0.0 13.0 155.0 3.0 0.0
44 39 41 0.0 0.0 0.0 10.0 99.0 4.0 0.0
44 39 42 0.0 0.0 0.0 5.0 61.0 2.0 0.0
44 39 43 0.0 0.0 0.0 1.0 19.0 1.0 0.0
44 39 44 0.0 0.0 0.0 0.0 1.0 0.0 0.0
44 40 37 0.0 0.0 0.0 0.0 3.0 0.0 0.0
44 40 38 0.0 0.0 0.0 9.0 39.0 0.0 0.0
44 40 39 0.0 0.0 0.0 11.0 182.0 4.0 0.0
44 40 40 0.0 0.0 0.0 16.0 223.0 4.0 0.0
44 40 41 0.0 0.0 0.0 3.0 215.0 4.0 0.0
44 40 42 0.0 0.0 0.0 1.0 63.0 1.0 0.0
44 40 43 0.0 0.0 0.0 1.0 22.0 0.0 0.0
44 41 36 0.0 0.0 0.0 0.0 2.0 1.0 0.0
44 41 37 0.0 0.0 0.0 2.0 14.0 1.0 0.0
44 41 38 0.0 0.0 0.0 1.0 40.0 0.0 0.0
44 41 39 0.0 0.0 0.0 7.0 92.0 1.0 0.0
44 41 40 0.0 0.0 0.0 13.0 159.0 4.0 0.0
44 41 41 0.0 0.0 0.0 7.0 134.0 2.0 0.0
44 41 42 0.0 0.0 0.0 1.0 32.0 0.0 0.0
44 41 43 0.0 0.0 0.0 0.0 7.0 0.0 0.0
44 41 44 0.0 0.0 0.0 0.0 1.0 0.0 0.0
44 42 37 0.0 0.0 0.0 0.0 2.0 0.0 0.0
44 42 38 0.0 0.0 0.0 0.0 17.0 0.0 0.0
44 42 39 0.0 0.0 0.0 3.0 35.0 0.0 0.0
44 42 40 0.0 0.0 0.0 2.0 37.0 1.0 0.0
44 42 41 0.0 0.0 0.0 1.0 47.0 0.0 0.0
44 42 42 0.0 0.0 0.0 0.0 14.0 0.0 0.0
44 43 38 0.0 0.0 0.0 0.0 2.0 0.0 0.0
44 43 39 0.0 0.0 0.0 0.0 10.0 0.0 0.0
44 43 40 0.0 0.0 0.0 0.0 6.0 0.0 0.0
44 43 41 0.0 0.0 0.0 0.0 10.0 0.0 0.0
44 43 42 0.0 0.0 0.0 0.0 1.0 0.0 0.0
44 43 43 0.0 0.0 0.0 0.0 2.0 0.0 0.0
44 44 40 0.0 0.0 0.0 0.0 1.0 0.0 0.0
44 44 41 0.0 0.0 0.0 0.0 1.0 0.0 0.0
44 44 42 0.0 0.0 0.0 0.0 1.0 0.0 0.0
