39 39 39 0.0 0.0 2.0 2.0 66.0 3.0 0.0
39 39 40 0.0 0.0 0.0 7.0 85.0 2.0 0.0
39 39 41 0.0 0.0 2.0 13.0 76.0 0.0 0.0
39 40 39 0.0 0.0 9.0 51.0 170.0 4.0 1.0
39 40 40 0.0 0.0 5.0 16.0 118.0 1.0 0.0
39 40 41 0.0 0.0 6.0 7.0 130.0 3.0 1.0
39 41 39 0.0 0.0 5.0 11.0 100.0 2.0 0.0
39 41 40 0.0 0.0 1.0 2.0 74.0 3.0 0.0
39 41 41 0.0 1.0 2.0 7.0 60.0 2.0 0.0
40 39 39 0.0 0.0 0.0 6.0 61.0 1.0 0.0
40 39 40 0.0 2.0 2.0 23.0 107.0 2.0 0.0
40 39 41 0.0 0.0 4.0 26.0 109.0 1.0 0.0
40 40 39 0.0 0.0 1.0 16.0 78.0 1.0 0.0
40 40 40 6.0 141.0 563.0 2814.0 18683.0 329.0 2417.0
40 40 41 1.0 5.0 6.0 10.0 130.0 3.0 0.0
40 41 39 0.0 3.0 1.0 18.0 106.0 1.0 0.0
40 41 40 0.0 0.0 8.0 21.0 126.0 3.0 0.0
40 41 41 0.0 0.0 6.0 23.0 116.0 2.0 0.0
41 39 39 0.0 0.0 2.0 6.0 84.0 2.0 0.0
41 39 40 0.0 1.0 0.0 23.0 142.0 0.0 0.0
41 39 41 1.0 2.0 18.0 14.0 302.0 1.0 0.0
41 40 39 0.0 0.0 8.0 15.0 146.0 5.0 0.0
41 40 40 0.0 0.0 1.0 11.0 161.0 1.0 0.0
41 40 41 0.0 0.0 0.0 2.0 72.0 0.0 0.0
41 41 39 0.0 0.0 2.0 6.0 55.0 0.0 0.0
41 41 40 0.0 0.0 10.0 6.0 118.0 2.0 0.0
41 41 41 0.0 1.0 0.0 11.0 97.0 4.0 0.0
