37 37 38 0.0 0.0 0.0 0.0 11.0 0.0 0.0
37 37 39 0.0 0.0 0.0 1.0 17.0 0.0 0.0
37 37 40 0.0 0.0 0.0 1.0 25.0 0.0 0.0
37 37 41 0.0 0.0 0.0 3.0 12.0 0.0 0.0
37 37 42 0.0 0.0 0.0 2.0 10.0 0.0 0.0
37 38 37 0.0 0.0 0.0 0.0 4.0 0.0 0.0
37 38 38 0.0 0.0 0.0 7.0 73.0 2.0 0.0
37 38 39 0.0 0.0 0.0 16.0 157.0 1.0 0.0
37 38 40 0.0 0.0 0.0 31.0 226.0 3.0 0.0
37 38 41 0.0 0.0 0.0 25.0 155.0 2.0 0.0
37 38 42 0.0 0.0 0.0 11.0 57.0 2.0 0.0
37 38 43 0.0 0.0 0.0 0.0 5.0 0.0 0.0
37 39 37 0.0 0.0 0.0 0.0 26.0 1.0 0.0
37 39 38 0.0 0.0 2.0 20.0 240.0 3.0 0.0
37 39 39 0.0 0.0 0.0 54.0 485.0 9.0 1.0
37 39 40 0.0 0.0 0.0 84.0 608.0 8.0 0.0
37 39 41 0.0 0.0 0.0 64.0 428.0 10.0 0.0
37 39 42 0.0 0.0 0.0 37.0 128.0 0.0 0.0
37 39 43 0.0 0.0 0.0 0.0 11.0 0.0 0.0
37 40 37 0.0 0.0 0.0 6.0 24.0 1.0 0.0
37 40 38 0.0 0.0 0.0 27.0 277.0 4.0 0.0
37 40 39 0.0 0.0 0.0 66.0 593.0 13.0 1.0
37 40 40 0.0 0.0 0.0 80.0 903.0 17.0 2.0
37 40 41 0.0 1.0 0.0 80.0 536.0 15.0 0.0
37 40 42 0.0 0.0 0.0 38.0 207.0 2.0 0.0
37 40 43 0.0 0.0 0.0 1.0 40.0 0.0 0.0
37 41 37 0.0 0.0 0.0 4.0 53.0 2.0 0.0
37 41 38 0.0 0.0 0.0 10.0 199.0 5.0 0.0
37 41 39 0.0 0.0 0.0 60.0 466.0 9.0 0.0
37 41 40 0.0 0.0 2.0 71.0 535.0 9.0 2.0
37 41 41 0.0 0.0 0.0 46.0 414.0 5.0 1.0
37 41 42 0.0 0.0 0.0 15.0 231.0 0.0 0.0
37 41 43 0.0 0.0 0.0 0.0 10.0 0.0 0.0
37 42 37 0.0 0.0 0.0 3.0 8.0 1.0 0.0
37 42 38 0.0 0.0 0.0 11.0 59.0 2.0 0.0
37 42 39 0.0 0.0 0.0 22.0 178.0 4.0 0.0
37 42 40 0.0 0.0 2.0 24.0 215.0 2.0 0.0
37 42 41 0.0 0.0 0.0 13.0 178.0 4.0 0.0
37 42 42 0.0 0.0 0.0 5.0 67.0 3.0 0.0
37 42 43 0.0 0.0 0.0 6.0 7.0 0.0 0.0
37 43 37 0.0 0.0 0.0 1.0 1.0 0.0 0.0
37 43 38 0.0 0.0 0.0 0.0 3.0 0.0 0.0
37 43 39 0.0 0.0 0.0 4.0 13.0 0.0 0.0
37 43 40 0.0 0.0 0.0 3.0 21.0 0.0 0.0
37 43 41 0.0 0.0 0.0 1.0 10.0 0.0 0.0
37 43 42 0.0 0.0 0.0 0.0 7.0 0.0 0.0
38 37 37 0.0 0.0 0.0 0.0 5.0 0.0 0.0
38 37 38 0.0 0.0 0.0 7.0 62.0 3.0 0.0
38 37 39 0.0 0.0 0.0 21.0 144.0 2.0 0.0
38 37 40 0.0 0.0 0.0 14.0 198.0 2.0 0.0
38 37 41 0.0 0.0 0.0 10.0 171.0 3.0 0.0
38 37 42 0.0 0.0 0.0 6.0 90.0 1.0 0.0
38 37 43 0.0 0.0 0.0 5.0 14.0 0.0 0.0
38 38 37 0.0 0.0 0.0 6.0 73.0 1.0 0.0
38 38 38 0.0 0.0 0.0 281.0 4041.0 66.0 71.0
38 38 39 0.0 0.0 8.0 705.0 8089.0 141.0 276.0
38 38 40 0.0 0.0 5.0 1064.0 11399.0 198.0 522.0
38 38 41 0.0 3.0 4.0 1002.0 7954.0 143.0 250.0
38 38 42 0.0 0.0 0.0 232.0 3100.0 53.0 29.0
38 38 43 0.0 0.0 0.0 6.0 82.0 2.0 0.0
38 39 37 0.0 0.0 0.0 33.0 181.0 5.0 0.0
38 39 38 0.0 4.0 11.0 1592.0 9630.0 170.0 401.0
38 39 39 0.0 0.0 10.0 2721.0 19631.0 325.0 2087.0
38 39 40 0.0 8.0 7.0 3368.0 23410.0 341.0 3197.0
38 39 41 0.0 2.0 6.0 2081.0 18907.0 319.0 1740.0
38 39 42 0.0 0.0 11.0 822.0 7475.0 110.0 216.0
38 39 43 0.0 0.0 0.0 18.0 174.0 4.0 0.0
38 40 37 0.0 0.0 0.0 43.0 328.0 7.0 0.0
38 40 38 0.0 1.0 18.0 1125.0 14276.0 221.0 863.0
38 40 39 0.0 9.0 19.0 2879.0 24840.0 396.0 3342.0
38 40 40 0.0 8.0 13.0 3141.0 29671.0 419.0 5237.0
38 40 41 0.0 9.0 11.0 2872.0 23997.0 347.0 2901.0
38 40 42 0.0 1.0 10.0 966.0 11117.0 169.0 480.0
38 40 43 0.0 0.0 0.0 19.0 301.0 7.0 1.0
38 41 37 0.0 0.0 0.0 24.0 210.0 2.0 0.0
38 41 38 0.0 1.0 5.0 823.0 9545.0 166.0 355.0
38 41 39 0.0 0.0 5.0 1928.0 20361.0 290.0 2148.0
38 41 40 0.0 5.0 10.0 2568.0 24147.0 351.0 3042.0
38 41 41 0.0 11.0 7.0 1858.0 18285.0 298.0 1596.0
38 41 42 0.0 0.0 2.0 716.0 8356.0 148.0 282.0
38 41 43 0.0 1.0 0.0 16.0 127.0 5.0 0.0
38 42 37 0.0 0.0 0.0 2.0 72.0 1.0 0.0
38 42 38 0.0 0.0 0.0 352.0 3938.0 82.0 57.0
38 42 39 0.0 14.0 16.0 799.0 8405.0 145.0 280.0
38 42 40 0.0 2.0 4.0 1262.0 11331.0 200.0 530.0
38 42 41 0.0 7.0 0.0 860.0 8603.0 155.0 299.0
38 42 42 0.0 0.0 0.0 265.0 3143.0 61.0 42.0
38 42 43 0.0 0.0 0.0 3.0 69.0 0.0 0.0
38 43 37 0.0 0.0 0.0 0.0 8.0 0.0 0.0
38 43 38 0.0 0.0 0.0 4.0 65.0 2.0 0.0
38 43 39 0.0 0.0 0.0 11.0 166.0 4.0 1.0
38 43 40 0.0 0.0 0.0 26.0 210.0 6.0 1.0
38 43 41 0.0 0.0 0.0 24.0 223.0 9.0 0.0
38 43 42 0.0 0.0 0.0 2.0 84.0 3.0 0.0
38 43 43 0.0 0.0 0.0 1.0 7.0 0.0 0.0
39 37 37 0.0 0.0 0.0 0.0 16.0 0.0 0.0
39 37 38 0.0 0.0 0.0 13.0 170.0 3.0 0.0
39 37 39 0.0 0.0 0.0 64.0 495.0 12.0 0.0
39 37 40 0.0 0.0 1.0 78.0 643.0 11.0 1.0
39 37 41 0.0 0.0 0.0 62.0 431.0 7.0 0.0
39 37 42 0.0 0.0 0.0 31.0 168.0 4.0 0.0
39 37 43 0.0 0.0 0.0 2.0 44.0 1.0 0.0
39 38 37 0.0 0.0 0.0 24.0 212.0 5.0 0.0
39 38 38 0.0 0.0 1.0 1307.0 7917.0 151.0 310.0
39 38 39 0.0 0.0 3.0 1999.0 19612.0 294.0 1719.0
39 38 40 0.0 4.0 15.0 2614.0 22907.0 347.0 2786.0
39 38 41 0.0 1.0 8.0 2144.0 18693.0 308.0 1653.0
39 38 42 0.0 0.0 0.0 1210.0 8852.0 169.0 327.0
39 38 43 0.0 0.0 0.0 28.0 172.0 5.0 0.0
39 38 44 0.0 0.0 0.0 0.0 4.0 0.0 0.0
39 39 37 0.0 0.0 3.0 56.0 517.0 5.0 0.0
39 39 38 0.0 1.0 15.0 2244.0 19417.0 320.0 1687.0
39 39 39 0.0 5.0 35.0 3296.0 36085.0 414.0 45464.0
39 39 40 0.0 9.0 28.0 3566.0 35200.0 385.0 52296.0
39 39 41 0.0 16.0 20.0 4496.0 34852.0 373.0 44927.0
39 39 42 0.0 1.0 15.0 2066.0 19532.0 333.0 1882.0
39 39 43 0.0 0.0 0.0 28.0 517.0 8.0 0.0
39 40 37 0.0 0.0 0.0 51.0 738.0 14.0 2.0
39 40 38 0.0 7.0 9.0 2568.0 24562.0 370.0 3286.0
39 40 39 0.0 6.0 25.0 3802.0 31500.0 326.0 59449.0
39 40 40 0.0 17.0 23.0 3781.0 32083.0 338.0 62642.0
39 40 41 0.0 6.0 38.0 3550.0 33819.0 316.0 54269.0
39 40 42 0.0 6.0 21.0 2642.0 24911.0 421.0 3206.0
39 40 43 0.0 2.0 0.0 75.0 634.0 9.0 0.0
39 41 37 0.0 0.0 0.0 51.0 624.0 9.0 2.0
39 41 38 0.0 3.0 9.0 2010.0 20281.0 329.0 1974.0
39 41 39 0.0 8.0 19.0 3348.0 34390.0 359.0 49355.0
39 41 40 0.0 9.0 46.0 3446.0 34889.0 370.0 51808.0
39 41 41 0.0 30.0 26.0 3816.0 35387.0 420.0 45315.0
39 41 42 0.0 2.0 6.0 2390.0 18719.0 287.0 1726.0
39 41 43 0.0 1.0 0.0 48.0 471.0 7.0 0.0
39 42 37 0.0 0.0 0.0 13.0 165.0 3.0 0.0
39 42 38 0.0 0.0 4.0 1040.0 9174.0 166.0 350.0
39 42 39 0.0 8.0 14.0 2318.0 19101.0 319.0 1842.0
39 42 40 0.0 1.0 5.0 3157.0 23566.0 377.0 3000.0
39 42 41 0.0 2.0 16.0 2205.0 19306.0 309.0 1730.0
39 42 42 0.0 3.0 9.0 1137.0 8033.0 155.0 280.0
39 42 43 0.0 0.0 0.0 19.0 156.0 7.0 0.0
39 43 37 0.0 0.0 0.0 1.0 5.0 0.0 0.0
39 43 38 0.0 0.0 0.0 17.0 172.0 1.0 0.0
39 43 39 0.0 0.0 2.0 49.0 517.0 5.0 0.0
39 43 40 0.0 0.0 1.0 59.0 620.0 12.0 0.0
39 43 41 0.0 0.0 0.0 45.0 495.0 14.0 2.0
39 43 42 0.0 0.0 0.0 34.0 205.0 6.0 0.0
39 43 43 0.0 0.0 0.0 0.0 32.0 0.0 0.0
39 44 42 0.0 0.0 0.0 0.0 1.0 0.0 0.0
40 37 37 0.0 0.0 0.0 1.0 26.0 0.0 0.0
40 37 38 0.0 0.0 0.0 25.0 283.0 6.0 0.0
40 37 39 0.0 0.0 3.0 84.0 692.0 9.0 2.0
40 37 40 0.0 0.0 0.0 87.0 904.0 15.0 3.0
40 37 41 0.0 0.0 0.0 105.0 717.0 10.0 0.0
40 37 42 0.0 0.0 1.0 29.0 272.0 2.0 0.0
40 37 43 0.0 0.0 0.0 6.0 46.0 1.0 0.0
40 38 37 0.0 0.0 0.0 31.0 212.0 4.0 1.0
40 38 38 0.0 0.0 2.0 1342.0 11050.0 217.0 501.0
40 38 39 0.0 2.0 13.0 2594.0 24793.0 392.0 3228.0
40 38 40 0.0 20.0 18.0 3596.0 30665.0 479.0 5936.0
40 38 41 0.0 11.0 6.0 2661.0 25890.0 421.0 3722.0
40 38 42 0.0 0.0 11.0 1302.0 13798.0 218.0 831.0
40 38 43 0.0 0.0 0.0 25.0 275.0 6.0 1.0
40 39 37 0.0 0.0 0.0 63.0 667.0 14.0 0.0
40 39 38 0.0 3.0 14.0 2959.0 25093.0 385.0 3429.0
40 39 39 0.0 2.0 29.0 4031.0 35616.0 370.0 50384.0
40 39 40 0.0 13.0 24.0 3749.0 31642.0 315.0 63150.0
40 39 41 0.0 12.0 26.0 4028.0 32038.0 343.0 57413.0
40 39 42 0.0 31.0 23.0 2904.0 26203.0 446.0 3771.0
40 39 43 0.0 1.0 0.0 80.0 886.0 12.0 2.0
40 40 37 0.0 0.0 1.0 66.0 857.0 14.0 3.0
40 40 38 0.0 0.0 26.0 3435.0 30773.0 446.0 5843.0
40 40 39 0.0 9.0 21.0 3661.0 33959.0 345.0 59094.0
40 40 40 0.0 6.0 18.0 1560.0 13518.0 94.0 109014.0
40 40 41 0.0 35.0 30.0 3934.0 31285.0 322.0 64171.0
40 40 42 0.0 13.0 21.0 3202.0 31517.0 465.0 6376.0
40 40 43 0.0 1.0 2.0 86.0 919.0 13.0 4.0
40 41 37 0.0 0.0 0.0 128.0 619.0 10.0 1.0
40 41 38 0.0 4.0 11.0 2564.0 25731.0 383.0 3552.0
40 41 39 0.0 12.0 26.0 3804.0 33265.0 365.0 54559.0
40 41 40 0.0 18.0 46.0 3429.0 31764.0 308.0 63695.0
40 41 41 0.0 29.0 26.0 4936.0 32050.0 322.0 54702.0
40 41 42 0.0 14.0 4.0 2318.0 23427.0 372.0 2772.0
40 41 43 0.0 0.0 0.0 87.0 607.0 11.0 3.0
40 42 37 0.0 0.0 0.0 25.0 209.0 4.0 0.0
40 42 38 0.0 0.0 8.0 1277.0 11172.0 187.0 547.0
40 42 39 0.0 11.0 20.0 2207.0 24974.0 408.0 3159.0
40 42 40 0.0 4.0 23.0 2675.0 30565.0 428.0 5311.0
40 42 41 0.0 7.0 19.0 2815.0 24010.0 391.0 3137.0
40 42 42 0.0 0.0 0.0 1771.0 11236.0 198.0 568.0
40 42 43 0.0 0.0 0.0 12.0 204.0 6.0 0.0
40 43 37 0.0 0.0 0.0 5.0 22.0 0.0 0.0
40 43 38 0.0 0.0 0.0 45.0 205.0 5.0 1.0
40 43 39 0.0 0.0 0.0 50.0 736.0 14.0 2.0
40 43 40 0.0 0.0 0.0 97.0 781.0 10.0 2.0
40 43 41 0.0 0.0 0.0 64.0 638.0 13.0 2.0
40 43 42 0.0 0.0 0.0 26.0 231.0 3.0 0.0
40 43 43 0.0 0.0 0.0 2.0 22.0 0.0 0.0
41 37 37 0.0 0.0 0.0 0.0 22.0 1.0 0.0
41 37 38 0.0 0.0 0.0 14.0 168.0 6.0 0.0
41 37 39 0.0 0.0 0.0 43.0 476.0 7.0 0.0
41 37 40 0.0 0.0 0.0 72.0 823.0 17.0 0.0
41 37 41 0.0 0.0 3.0 128.0 592.0 10.0 0.0
41 37 42 0.0 0.0 0.0 15.0 288.0 7.0 0.0
41 37 43 0.0 0.0 0.0 3.0 58.0 1.0 0.0
41 38 37 0.0 0.0 2.0 35.0 148.0 3.0 0.0
41 38 38 0.0 2.0 4.0 1057.0 8149.0 144.0 303.0
41 38 39 0.0 1.0 13.0 2269.0 19473.0 308.0 1876.0
41 38 40 0.0 6.0 24.0 3124.0 26764.0 419.0 4186.0
41 38 41 0.0 13.0 10.0 2392.0 23744.0 375.0 3108.0
41 38 42 0.0 8.0 4.0 864.0 13565.0 197.0 756.0
41 38 43 0.0 0.0 0.0 26.0 289.0 8.0 0.0
41 39 37 0.0 0.0 0.0 48.0 465.0 11.0 0.0
41 39 38 0.0 2.0 2.0 1913.0 17889.0 309.0 1419.0
41 39 39 0.0 9.0 19.0 4097.0 34094.0 350.0 48792.0
41 39 40 0.0 9.0 47.0 3975.0 32517.0 350.0 57718.0
41 39 41 0.0 16.0 45.0 2493.0 29274.0 278.0 60427.0
41 39 42 0.0 5.0 20.0 2361.0 23129.0 364.0 2862.0
41 39 43 0.0 0.0 4.0 52.0 741.0 15.0 0.0
41 39 44 0.0 0.0 0.0 0.0 2.0 0.0 0.0
41 40 37 0.0 0.0 0.0 65.0 702.0 18.0 1.0
41 40 38 0.0 4.0 9.0 3074.0 24932.0 375.0 3285.0
41 40 39 0.0 3.0 17.0 3186.0 33137.0 330.0 57170.0
41 40 40 0.0 5.0 19.0 3087.0 31689.0 289.0 64819.0
41 40 41 0.0 5.0 40.0 3468.0 35431.0 354.0 52382.0
41 40 42 0.0 6.0 12.0 2569.0 27032.0 429.0 3882.0
41 40 43 0.0 0.0 0.0 69.0 766.0 17.0 1.0
41 41 37 0.0 0.0 0.0 49.0 473.0 6.0 1.0
41 41 38 0.0 0.0 19.0 1694.0 19934.0 349.0 1836.0
41 41 39 0.0 3.0 45.0 2915.0 36243.0 357.0 45217.0
41 41 40 0.0 8.0 31.0 3113.0 33758.0 320.0 55729.0
41 41 41 0.0 10.0 14.0 3996.0 34720.0 421.0 47278.0
41 41 42 0.0 21.0 1.0 2450.0 18881.0 330.0 1829.0
41 41 43 0.0 0.0 0.0 53.0 546.0 7.0 1.0
41 42 37 0.0 0.0 0.0 33.0 196.0 5.0 0.0
41 42 38 0.0 0.0 9.0 1162.0 8736.0 172.0 293.0
41 42 39 0.0 9.0 15.0 1648.0 19022.0 284.0 1725.0
41 42 40 0.0 0.0 6.0 2337.0 24623.0 354.0 3125.0
41 42 41 0.0 5.0 6.0 2070.0 18920.0 321.0 1800.0
41 42 42 0.0 1.0 3.0 1108.0 9055.0 157.0 338.0
41 42 43 0.0 0.0 0.0 26.0 156.0 3.0 2.0
41 43 37 0.0 0.0 0.0 3.0 19.0 0.0 0.0
41 43 38 0.0 0.0 0.0 25.0 206.0 4.0 0.0
41 43 39 0.0 0.0 0.0 42.0 535.0 9.0 2.0
41 43 40 0.0 0.0 0.0 59.0 657.0 13.0 2.0
41 43 41 0.0 0.0 0.0 50.0 473.0 12.0 0.0
41 43 42 0.0 0.0 0.0 26.0 184.0 2.0 0.0
41 43 43 0.0 0.0 0.0 5.0 15.0 0.0 0.0
42 37 37 0.0 0.0 0.0 5.0 4.0 0.0 0.0
42 37 38 0.0 0.0 0.0 10.0 68.0 3.0 0.0
42 37 39 0.0 0.0 0.0 24.0 216.0 6.0 0.0
42 37 40 0.0 0.0 2.0 32.0 343.0 5.0 0.0
42 37 41 0.0 0.0 0.0 50.0 305.0 5.0 1.0
42 37 42 0.0 0.0 0.0 8.0 134.0 3.0 0.0
42 37 43 0.0 0.0 0.0 0.0 23.0 1.0 0.0
42 38 37 0.0 0.0 0.0 3.0 78.0 1.0 0.0
42 38 38 0.0 0.0 1.0 407.0 5241.0 100.0 115.0
42 38 39 0.0 0.0 1.0 1047.0 10373.0 162.0 405.0
42 38 40 0.0 10.0 5.0 1721.0 15597.0 257.0 1096.0
42 38 41 0.0 2.0 6.0 1022.0 13697.0 252.0 740.0
42 38 42 0.0 0.0 7.0 529.0 7465.0 121.0 226.0
42 38 43 0.0 0.0 0.0 11.0 160.0 0.0 0.0
42 39 37 0.0 0.0 0.0 17.0 152.0 2.0 0.0
42 39 38 0.0 0.0 0.0 857.0 10962.0 195.0 494.0
42 39 39 0.0 2.0 6.0 2478.0 19724.0 309.0 2086.0
42 39 40 0.0 4.0 14.0 3077.0 28163.0 449.0 4863.0
42 39 41 0.0 5.0 18.0 2240.0 23334.0 363.0 2887.0
42 39 42 0.0 1.0 3.0 930.0 13699.0 195.0 797.0
42 39 43 0.0 0.0 0.0 22.0 280.0 4.0 0.0
42 40 37 0.0 0.0 0.0 12.0 209.0 4.0 0.0
42 40 38 0.0 0.0 10.0 1071.0 12227.0 199.0 610.0
42 40 39 0.0 0.0 6.0 2038.0 26852.0 408.0 3813.0
42 40 40 0.0 6.0 8.0 3269.0 31700.0 424.0 6301.0
42 40 41 0.0 6.0 18.0 2324.0 27414.0 437.0 4119.0
42 40 42 0.0 0.0 18.0 1256.0 15021.0 272.0 972.0
42 40 43 0.0 0.0 0.0 47.0 314.0 4.0 0.0
42 40 44 0.0 0.0 0.0 0.0 1.0 0.0 0.0
42 41 37 0.0 0.0 0.0 22.0 174.0 1.0 0.0
42 41 38 0.0 0.0 3.0 704.0 8907.0 135.0 303.0
42 41 39 0.0 0.0 7.0 1373.0 19507.0 315.0 1645.0
42 41 40 0.0 3.0 10.0 2081.0 26613.0 389.0 3912.0
42 41 41 0.0 2.0 11.0 1785.0 20382.0 329.0 1907.0
42 41 42 0.0 2.0 1.0 743.0 9399.0 165.0 332.0
42 41 43 0.0 0.0 0.0 16.0 260.0 5.0 0.0
42 42 37 0.0 0.0 0.0 6.0 64.0 1.0 0.0
42 42 38 0.0 0.0 1.0 474.0 3189.0 57.0 49.0
42 42 39 0.0 0.0 8.0 794.0 9380.0 162.0 346.0
42 42 40 0.0 17.0 2.0 1083.0 12763.0 201.0 684.0
42 42 41 0.0 2.0 3.0 1411.0 9060.0 143.0 340.0
42 42 42 0.0 1.0 1.0 346.0 3749.0 72.0 51.0
42 42 43 0.0 0.0 0.0 11.0 48.0 1.0 0.0
42 43 37 0.0 0.0 0.0 1.0 4.0 0.0 0.0
42 43 38 0.0 0.0 0.0 5.0 56.0 3.0 0.0
42 43 39 0.0 0.0 0.0 13.0 196.0 8.0 0.0
42 43 40 0.0 0.0 0.0 23.0 205.0 7.0 0.0
42 43 41 0.0 0.0 0.0 21.0 210.0 9.0 0.0
42 43 42 0.0 0.0 0.0 3.0 60.0 1.0 0.0
42 43 43 0.0 0.0 0.0 2.0 12.0 0.0 0.0
43 37 37 0.0 0.0 0.0 0.0 1.0 0.0 0.0
43 37 38 0.0 0.0 0.0 1.0 14.0 0.0 0.0
43 37 39 0.0 0.0 0.0 4.0 33.0 0.0 0.0
43 37 40 0.0 0.0 0.0 3.0 51.0 0.0 0.0
43 37 41 0.0 0.0 0.0 5.0 56.0 1.0 0.0
43 37 42 0.0 0.0 0.0 0.0 29.0 1.0 0.0
43 37 43 0.0 0.0 0.0 0.0 5.0 0.0 0.0
43 38 37 0.0 0.0 0.0 0.0 13.0 0.0 0.0
43 38 38 0.0 0.0 0.0 10.0 63.0 1.0 0.0
43 38 39 0.0 0.0 0.0 25.0 323.0 6.0 0.0
43 38 40 0.0 0.0 0.0 34.0 446.0 5.0 0.0
43 38 41 0.0 0.0 0.0 45.0 353.0 9.0 0.0
43 38 42 0.0 0.0 0.0 17.0 139.0 2.0 0.0
43 38 43 0.0 0.0 0.0 1.0 36.0 0.0 0.0
43 39 37 0.0 0.0 0.0 3.0 39.0 1.0 0.0
43 39 38 0.0 0.0 0.0 10.0 210.0 3.0 0.0
43 39 39 0.0 0.0 0.0 80.0 646.0 19.0 0.0
43 39 40 0.0 1.0 1.0 79.0 857.0 15.0 2.0
43 39 41 0.0 0.0 0.0 61.0 756.0 22.0 2.0
43 39 42 0.0 0.0 0.0 23.0 325.0 3.0 0.0
43 39 43 0.0 0.0 0.0 0.0 44.0 0.0 0.0
43 40 37 0.0 0.0 0.0 1.0 46.0 4.0 0.0
43 40 38 0.0 0.0 0.0 23.0 219.0 4.0 0.0
43 40 39 0.0 0.0 0.0 78.0 641.0 10.0 2.0
43 40 40 0.0 0.0 2.0 97.0 1139.0 28.0 0.0
43 40 41 0.0 3.0 0.0 122.0 832.0 17.0 2.0
43 40 42 0.0 0.0 0.0 51.0 331.0 9.0 0.0
43 40 43 0.0 0.0 0.0 9.0 68.0 2.0 0.0
43 41 37 0.0 0.0 0.0 2.0 37.0 0.0 0.0
43 41 38 0.0 0.0 0.0 10.0 171.0 4.0 0.0
43 41 39 0.0 0.0 0.0 48.0 576.0 14.0 0.0
43 41 40 0.0 0.0 0.0 58.0 862.0 20.0 1.0
43 41 41 0.0 0.0 0.0 46.0 658.0 11.0 1.0
43 41 42 0.0 0.0 0.0 19.0 216.0 4.0 0.0
43 41 43 0.0 0.0 0.0 3.0 38.0 1.0 0.0
43 42 37 0.0 0.0 0.0 0.0 11.0 1.0 0.0
43 42 38 0.0 0.0 0.0 2.0 75.0 0.0 0.0
43 42 39 0.0 0.0 0.0 19.0 180.0 0.0 0.0
43 42 40 0.0 0.0 0.0 23.0 319.0 7.0 0.0
43 42 41 0.0 0.0 0.0 22.0 212.0 5.0 0.0
43 42 42 0.0 0.0 0.0 10.0 93.0 3.0 0.0
43 42 43 0.0 0.0 0.0 2.0 11.0 2.0 0.0
43 43 38 0.0 0.0 0.0 2.0 8.0 0.0 0.0
43 43 39 0.0 0.0 0.0 0.0 22.0 0.0 0.0
43 43 40 0.0 0.0 0.0 6.0 35.0 0.0 0.0
43 43 41 0.0 1.0 0.0 0.0 27.0 0.0 0.0
43 43 42 0.0 0.0 0.0 0.0 7.0 0.0 0.0
43 43 43 0.0 0.0 0.0 0.0 1.0 0.0 0.0
44 40 40 0.0 0.0 0.0 0.0 1.0 0.0 0.0
44 41 40 0.0 0.0 0.0 0.0 1.0 0.0 0.0
