34 36 40 0.0 0.0 0.0 0.0 3.0 0.0 0.0
34 37 36 0.0 0.0 0.0 0.0 1.0 0.0 0.0
34 37 39 0.0 0.0 0.0 2.0 2.0 0.0 0.0
34 37 40 0.0 0.0 0.0 1.0 6.0 0.0 0.0
34 37 41 0.0 0.0 0.0 0.0 2.0 0.0 0.0
34 37 42 0.0 0.0 0.0 0.0 4.0 0.0 0.0
34 38 38 0.0 0.0 0.0 1.0 4.0 0.0 0.0
34 38 39 0.0 0.0 0.0 1.0 13.0 1.0 0.0
34 38 40 0.0 0.0 0.0 0.0 14.0 0.0 0.0
34 38 41 0.0 0.0 0.0 5.0 19.0 0.0 0.0
34 38 42 0.0 0.0 0.0 0.0 6.0 0.0 0.0
34 39 37 0.0 0.0 0.0 0.0 7.0 0.0 0.0
34 39 38 0.0 0.0 0.0 2.0 10.0 0.0 0.0
34 39 39 0.0 0.0 0.0 5.0 33.0 0.0 0.0
34 39 40 0.0 0.0 0.0 18.0 13.0 0.0 0.0
34 39 41 0.0 0.0 0.0 8.0 19.0 1.0 0.0
34 39 42 0.0 0.0 0.0 0.0 3.0 0.0 0.0
34 39 43 0.0 0.0 0.0 0.0 4.0 0.0 0.0
34 40 36 0.0 0.0 0.0 0.0 2.0 0.0 0.0
34 40 37 0.0 0.0 0.0 1.0 1.0 0.0 0.0
34 40 38 0.0 0.0 0.0 1.0 20.0 0.0 0.0
34 40 39 0.0 0.0 0.0 0.0 60.0 0.0 0.0
34 40 40 0.0 0.0 0.0 6.0 43.0 1.0 0.0
34 40 41 0.0 0.0 0.0 9.0 58.0 0.0 0.0
34 40 42 0.0 0.0 0.0 0.0 19.0 0.0 0.0
34 40 43 0.0 0.0 0.0 0.0 5.0 0.0 0.0
34 41 36 0.0 0.0 0.0 0.0 1.0 0.0 0.0
34 41 37 0.0 0.0 0.0 0.0 3.0 0.0 0.0
34 41 38 0.0 0.0 0.0 0.0 10.0 1.0 0.0
34 41 39 0.0 0.0 0.0 1.0 35.0 1.0 0.0
34 41 40 0.0 0.0 0.0 12.0 39.0 1.0 0.0
34 41 41 0.0 0.0 0.0 1.0 25.0 0.0 0.0
34 41 42 0.0 0.0 0.0 0.0 18.0 0.0 0.0
34 42 36 0.0 0.0 0.0 0.0 1.0 0.0 0.0
34 42 37 0.0 0.0 0.0 0.0 1.0 0.0 0.0
34 42 38 0.0 0.0 0.0 0.0 9.0 0.0 0.0
34 42 39 0.0 0.0 0.0 6.0 18.0 0.0 0.0
34 42 40 0.0 0.0 0.0 0.0 12.0 0.0 0.0
34 42 41 0.0 0.0 0.0 0.0 7.0 0.0 0.0
34 42 42 0.0 0.0 0.0 0.0 2.0 0.0 0.0
34 42 44 0.0 0.0 0.0 0.0 1.0 0.0 0.0
34 43 38 0.0 0.0 0.0 0.0 3.0 0.0 0.0
34 43 39 0.0 0.0 0.0 0.0 8.0 0.0 0.0
34 43 40 0.0 0.0 0.0 0.0 3.0 0.0 0.0
34 43 41 0.0 0.0 0.0 0.0 3.0 0.0 0.0
35 35 37 0.0 0.0 0.0 0.0 1.0 0.0 0.0
35 35 38 0.0 0.0 0.0 0.0 3.0 0.0 0.0
35 35 39 0.0 0.0 0.0 2.0 5.0 1.0 0.0
35 35 40 0.0 0.0 0.0 0.0 11.0 0.0 0.0
35 35 41 0.0 0.0 0.0 0.0 4.0 0.0 0.0
35 35 42 0.0 0.0 0.0 0.0 1.0 0.0 0.0
35 35 43 0.0 0.0 0.0 0.0 3.0 0.0 0.0
35 36 36 0.0 0.0 0.0 0.0 2.0 0.0 0.0
35 36 37 0.0 0.0 0.0 2.0 35.0 0.0 0.0
35 36 38 0.0 0.0 0.0 5.0 130.0 0.0 0.0
35 36 39 0.0 0.0 0.0 16.0 238.0 5.0 0.0
35 36 40 0.0 0.0 0.0 31.0 312.0 6.0 0.0
35 36 41 0.0 0.0 0.0 15.0 260.0 3.0 0.0
35 36 42 0.0 0.0 0.0 7.0 111.0 1.0 0.0
35 36 43 0.0 0.0 0.0 1.0 38.0 1.0 0.0
35 36 44 0.0 0.0 0.0 0.0 2.0 0.0 0.0
35 37 35 0.0 0.0 0.0 0.0 3.0 0.0 0.0
35 37 36 0.0 0.0 0.0 5.0 49.0 0.0 0.0
35 37 37 0.0 0.0 0.0 17.0 262.0 2.0 0.0
35 37 38 0.0 0.0 0.0 43.0 861.0 9.0 3.0
35 37 39 0.0 0.0 0.0 166.0 1577.0 19.0 6.0
35 37 40 0.0 0.0 0.0 143.0 1963.0 37.0 3.0
35 37 41 0.0 0.0 0.0 152.0 1622.0 34.0 6.0
35 37 42 0.0 0.0 0.0 105.0 812.0 15.0 0.0
35 37 43 0.0 0.0 0.0 20.0 240.0 4.0 0.0
35 37 44 0.0 0.0 0.0 2.0 52.0 1.0 0.0
35 38 35 0.0 0.0 0.0 0.0 6.0 0.0 0.0
35 38 36 0.0 0.0 0.0 12.0 137.0 3.0 0.0
35 38 37 0.0 0.0 0.0 96.0 993.0 14.0 4.0
35 38 38 0.0 0.0 0.0 261.0 2560.0 43.0 16.0
35 38 39 0.0 0.0 0.0 360.0 4556.0 70.0 55.0
35 38 40 0.0 0.0 0.0 517.0 5101.0 117.0 59.0
35 38 41 0.0 0.0 0.0 444.0 3978.0 76.0 39.0
35 38 42 0.0 0.0 0.0 161.0 2456.0 50.0 15.0
35 38 43 0.0 0.0 0.0 77.0 784.0 11.0 2.0
35 38 44 0.0 0.0 0.0 7.0 106.0 0.0 0.0
35 38 45 0.0 0.0 0.0 0.0 1.0 0.0 0.0
35 39 35 0.0 0.0 0.0 0.0 4.0 1.0 0.0
35 39 36 0.0 0.0 0.0 27.0 377.0 5.0 0.0
35 39 37 0.0 0.0 0.0 144.0 1582.0 35.0 4.0
35 39 38 0.0 0.0 0.0 380.0 4382.0 72.0 52.0
35 39 39 0.0 0.0 1.0 713.0 7110.0 128.0 130.0
35 39 40 0.0 0.0 0.0 773.0 8519.0 158.0 230.0
35 39 41 0.0 0.0 0.0 681.0 7097.0 110.0 135.0
35 39 42 0.0 0.0 0.0 391.0 4220.0 81.0 54.0
35 39 43 0.0 0.0 0.0 125.0 1634.0 35.0 9.0
35 39 44 0.0 0.0 0.0 15.0 227.0 2.0 0.0
35 39 45 0.0 0.0 0.0 0.0 7.0 0.0 0.0
35 40 35 0.0 0.0 0.0 0.0 26.0 1.0 0.0
35 40 36 0.0 0.0 0.0 24.0 489.0 5.0 0.0
35 40 37 0.0 0.0 0.0 235.0 2122.0 35.0 12.0
35 40 38 0.0 0.0 0.0 484.0 5030.0 80.0 62.0
35 40 39 0.0 0.0 0.0 743.0 8597.0 134.0 203.0
35 40 40 0.0 0.0 1.0 828.0 9672.0 156.0 253.0
35 40 41 0.0 0.0 0.0 597.0 8858.0 130.0 226.0
35 40 42 0.0 0.0 0.0 408.0 4584.0 91.0 46.0
35 40 43 0.0 0.0 0.0 213.0 1578.0 22.0 5.0
35 40 44 0.0 0.0 0.0 26.0 257.0 4.0 0.0
35 40 45 0.0 0.0 0.0 0.0 17.0 0.0 0.0
35 41 35 0.0 0.0 0.0 2.0 23.0 1.0 0.0
35 41 36 0.0 0.0 0.0 19.0 265.0 3.0 0.0
35 41 37 0.0 0.0 0.0 119.0 1650.0 26.0 8.0
35 41 38 0.0 0.0 0.0 405.0 4272.0 82.0 46.0
35 41 39 0.0 0.0 0.0 624.0 7467.0 130.0 177.0
35 41 40 0.0 0.0 0.0 611.0 8330.0 123.0 207.0
35 41 41 0.0 0.0 0.0 615.0 7203.0 115.0 141.0
35 41 42 0.0 0.0 0.0 430.0 4071.0 68.0 43.0
35 41 43 0.0 0.0 0.0 123.0 1234.0 21.0 2.0
35 41 44 0.0 0.0 0.0 11.0 221.0 5.0 0.0
35 41 45 0.0 0.0 0.0 0.0 8.0 0.0 0.0
35 42 35 0.0 0.0 0.0 0.0 15.0 0.0 0.0
35 42 36 0.0 0.0 0.0 8.0 141.0 0.0 0.0
35 42 37 0.0 0.0 0.0 48.0 992.0 16.0 3.0
35 42 38 0.0 0.0 0.0 202.0 2518.0 37.0 15.0
35 42 39 0.0 0.0 0.0 312.0 3847.0 63.0 34.0
35 42 40 0.0 0.0 0.0 387.0 4945.0 90.0 63.0
35 42 41 0.0 0.0 0.0 344.0 3938.0 75.0 49.0
35 42 42 0.0 0.0 0.0 168.0 2273.0 46.0 11.0
35 42 43 0.0 0.0 0.0 45.0 757.0 9.0 0.0
35 42 44 0.0 0.0 0.0 4.0 115.0 1.0 0.0
35 42 45 0.0 0.0 0.0 0.0 5.0 0.0 0.0
35 43 36 0.0 0.0 0.0 9.0 39.0 1.0 0.0
35 43 37 0.0 0.0 0.0 24.0 225.0 1.0 0.0
35 43 38 0.0 0.0 0.0 112.0 695.0 9.0 3.0
35 43 39 0.0 0.0 0.0 126.0 1420.0 19.0 3.0
35 43 40 0.0 0.0 0.0 174.0 1796.0 28.0 8.0
35 43 41 0.0 0.0 0.0 82.0 1350.0 21.0 1.0
35 43 42 0.0 0.0 0.0 56.0 698.0 14.0 2.0
35 43 43 0.0 0.0 0.0 10.0 170.0 4.0 0.0
35 43 44 0.0 0.0 0.0 2.0 37.0 1.0 0.0
35 44 36 0.0 0.0 0.0 0.0 6.0 0.0 0.0
35 44 37 0.0 0.0 0.0 1.0 33.0 1.0 0.0
35 44 38 0.0 0.0 0.0 18.0 91.0 2.0 0.0
35 44 39 0.0 0.0 0.0 22.0 272.0 4.0 0.0
35 44 40 0.0 0.0 0.0 19.0 317.0 13.0 0.0
35 44 41 0.0 0.0 0.0 19.0 288.0 1.0 0.0
35 44 42 0.0 0.0 0.0 10.0 152.0 3.0 0.0
35 44 43 0.0 0.0 0.0 1.0 39.0 0.0 0.0
35 44 44 0.0 0.0 0.0 0.0 6.0 0.0 0.0
35 45 38 0.0 0.0 0.0 0.0 5.0 0.0 0.0
35 45 39 0.0 0.0 0.0 0.0 17.0 0.0 0.0
35 45 40 0.0 0.0 0.0 0.0 5.0 0.0 0.0
35 45 41 0.0 0.0 0.0 0.0 6.0 0.0 0.0
35 45 42 0.0 0.0 0.0 0.0 2.0 0.0 0.0
35 45 43 0.0 0.0 0.0 0.0 1.0 0.0 0.0
36 34 40 0.0 0.0 0.0 0.0 1.0 0.0 0.0
36 35 36 0.0 0.0 0.0 1.0 3.0 0.0 0.0
36 35 37 0.0 0.0 0.0 8.0 31.0 0.0 0.0
36 35 38 0.0 0.0 0.0 11.0 131.0 2.0 0.0
36 35 39 0.0 0.0 0.0 16.0 260.0 4.0 0.0
36 35 40 0.0 0.0 0.0 16.0 257.0 4.0 0.0
36 35 41 0.0 0.0 0.0 24.0 313.0 3.0 0.0
36 35 42 0.0 0.0 0.0 12.0 104.0 3.0 0.0
36 35 43 0.0 0.0 0.0 0.0 36.0 0.0 0.0
36 35 44 0.0 0.0 0.0 1.0 4.0 0.0 0.0
36 36 35 0.0 0.0 0.0 1.0 2.0 0.0 0.0
36 36 36 0.0 0.0 0.0 23.0 272.0 7.0 0.0
36 36 37 0.0 0.0 0.0 112.0 1738.0 28.0 5.0
36 36 38 0.0 0.0 0.0 226.0 3991.0 73.0 48.0
36 36 39 0.0 0.0 0.0 486.0 7242.0 130.0 180.0
36 36 40 0.0 0.0 0.0 513.0 8222.0 129.0 215.0
36 36 41 0.0 0.0 0.0 545.0 6535.0 109.0 131.0
36 36 42 0.0 0.0 0.0 276.0 4149.0 63.0 34.0
36 36 43 0.0 0.0 0.0 106.0 1358.0 22.0 2.0
36 36 44 0.0 0.0 0.0 20.0 186.0 2.0 0.0
36 36 45 0.0 0.0 0.0 1.0 7.0 0.0 0.0
36 37 35 0.0 0.0 0.0 1.0 32.0 2.0 0.0
36 37 36 0.0 0.0 0.0 147.0 1653.0 36.0 5.0
36 37 37 0.0 0.0 0.0 561.0 7976.0 121.0 209.0
36 37 38 0.0 0.0 0.0 1296.0 16599.0 260.0 1133.0
36 37 39 0.0 0.0 0.0 1886.0 25232.0 367.0 3110.0
36 37 40 0.0 0.0 1.0 2103.0 27423.0 390.0 3718.0
36 37 41 0.0 0.0 0.0 1969.0 24175.0 374.0 2826.0
36 37 42 0.0 0.0 0.0 1666.0 17287.0 277.0 1229.0
36 37 43 0.0 0.0 0.0 677.0 6326.0 104.0 141.0
36 37 44 0.0 0.0 0.0 75.0 1427.0 22.0 2.0
36 37 45 0.0 0.0 0.0 1.0 24.0 0.0 0.0
36 38 35 0.0 0.0 0.0 10.0 152.0 3.0 0.0
36 38 36 0.0 0.0 0.0 330.0 4246.0 78.0 55.0
36 38 37 0.0 0.0 3.0 1550.0 18629.0 293.0 1488.0
36 38 38 0.0 0.0 0.0 2735.0 32977.0 473.0 6900.0
36 38 39 0.0 0.0 0.0 3166.0 39413.0 528.0 12857.0
36 38 40 0.0 0.0 5.0 3313.0 41151.0 513.0 16509.0
36 38 41 0.0 0.0 0.0 3264.0 39120.0 532.0 12296.0
36 38 42 0.0 0.0 0.0 2710.0 32144.0 474.0 6042.0
36 38 43 0.0 0.0 0.0 1828.0 16319.0 244.0 1174.0
36 38 44 0.0 0.0 0.0 363.0 3654.0 70.0 35.0
36 38 45 0.0 0.0 0.0 4.0 147.0 3.0 0.0
36 39 35 0.0 0.0 0.0 26.0 301.0 2.0 0.0
36 39 36 0.0 0.0 0.0 635.0 7523.0 128.0 187.0
36 39 37 0.0 0.0 0.0 1946.0 27533.0 405.0 3992.0
36 39 38 0.0 0.0 2.0 4064.0 39390.0 495.0 13680.0
36 39 39 0.0 0.0 3.0 3656.0 43077.0 501.0 23399.0
36 39 40 0.0 0.0 0.0 4216.0 42763.0 504.0 26502.0
36 39 41 0.0 0.0 0.0 4183.0 42326.0 498.0 22435.0
36 39 42 0.0 0.0 1.0 3670.0 38491.0 492.0 12470.0
36 39 43 0.0 0.0 2.0 2095.0 24061.0 336.0 2846.0
36 39 44 0.0 0.0 0.0 493.0 6266.0 118.0 108.0
36 39 45 0.0 0.0 0.0 15.0 239.0 1.0 0.0
36 40 34 0.0 0.0 0.0 0.0 2.0 0.0 0.0
36 40 35 0.0 0.0 0.0 36.0 456.0 12.0 0.0
36 40 36 0.0 0.0 0.0 674.0 9642.0 154.0 303.0
36 40 37 0.0 0.0 1.0 2500.0 29426.0 418.0 4842.0
36 40 38 0.0 1.0 1.0 3449.0 41286.0 527.0 16347.0
36 40 39 0.0 0.0 0.0 3645.0 43391.0 528.0 26828.0
36 40 40 0.0 1.0 4.0 3614.0 43169.0 435.0 30592.0
36 40 41 0.0 0.0 1.0 3776.0 43169.0 512.0 25565.0
36 40 42 0.0 0.0 1.0 3824.0 40257.0 508.0 15037.0
36 40 43 0.0 0.0 0.0 3066.0 26329.0 403.0 3914.0
36 40 44 0.0 0.0 0.0 822.0 7654.0 121.0 194.0
36 40 45 0.0 0.0 0.0 33.0 390.0 6.0 1.0
36 41 35 0.0 0.0 0.0 23.0 295.0 5.0 0.0
36 41 36 0.0 0.0 0.0 530.0 7845.0 124.0 202.0
36 41 37 0.0 0.0 2.0 1934.0 26288.0 365.0 3373.0
36 41 38 0.0 1.0 0.0 2941.0 40040.0 518.0 13804.0
36 41 39 0.0 0.0 0.0 3356.0 43296.0 497.0 22760.0
36 41 40 0.0 2.0 2.0 3334.0 43222.0 485.0 26196.0
36 41 41 0.0 0.0 5.0 4042.0 42449.0 512.0 22255.0
36 41 42 0.0 2.0 0.0 3460.0 38597.0 476.0 11977.0
36 41 43 0.0 0.0 0.0 1870.0 24918.0 362.0 2885.0
36 41 44 0.0 0.0 0.0 407.0 6457.0 118.0 122.0
36 41 45 0.0 0.0 0.0 11.0 251.0 3.0 0.0
36 42 35 0.0 0.0 0.0 7.0 130.0 4.0 0.0
36 42 36 0.0 0.0 0.0 389.0 4811.0 78.0 82.0
36 42 37 0.0 0.0 0.0 1528.0 18835.0 331.0 1543.0
36 42 38 0.0 0.0 0.0 2636.0 32879.0 475.0 6428.0
36 42 39 0.0 0.0 0.0 3536.0 38408.0 483.0 12222.0
36 42 40 0.0 2.0 0.0 3455.0 40279.0 518.0 14585.0
36 42 41 0.0 1.0 5.0 3164.0 38593.0 513.0 11832.0
36 42 42 0.0 0.0 1.0 2198.0 31706.0 425.0 5599.0
36 42 43 0.0 0.0 0.0 1307.0 17616.0 245.0 1301.0
36 42 44 0.0 0.0 0.0 224.0 3769.0 76.0 52.0
36 42 45 0.0 0.0 0.0 8.0 128.0 3.0 0.0
36 43 35 0.0 0.0 0.0 6.0 59.0 1.0 0.0
36 43 36 0.0 0.0 0.0 154.0 1461.0 21.0 3.0
36 43 37 0.0 0.0 1.0 809.0 7857.0 135.0 217.0
36 43 38 0.0 0.0 0.0 1331.0 17138.0 266.0 1196.0
36 43 39 0.0 0.0 1.0 2290.0 24282.0 379.0 2873.0
36 43 40 0.0 0.0 0.0 2002.0 27320.0 445.0 3573.0
36 43 41 0.0 0.0 0.0 2039.0 25126.0 375.0 3165.0
36 43 42 0.0 2.0 0.0 1134.0 17020.0 289.0 1187.0
36 43 43 0.0 0.0 0.0 547.0 7206.0 130.0 176.0
36 43 44 0.0 0.0 0.0 57.0 1345.0 30.0 4.0
36 43 45 0.0 0.0 0.0 0.0 29.0 1.0 0.0
36 43 46 0.0 0.0 0.0 0.0 1.0 0.0 0.0
36 44 36 0.0 0.0 0.0 29.0 302.0 3.0 0.0
36 44 37 0.0 0.0 0.0 105.0 1602.0 30.0 7.0
36 44 38 0.0 0.0 0.0 287.0 4107.0 69.0 46.0
36 44 39 0.0 0.0 0.0 579.0 7146.0 136.0 130.0
36 44 40 0.0 0.0 0.0 689.0 7699.0 120.0 183.0
36 44 41 0.0 0.0 0.0 492.0 6223.0 86.0 120.0
36 44 42 0.0 0.0 0.0 305.0 3819.0 60.0 31.0
36 44 43 0.0 0.0 0.0 119.0 1360.0 20.0 3.0
36 44 44 0.0 0.0 0.0 15.0 228.0 5.0 0.0
36 44 45 0.0 0.0 0.0 0.0 1.0 0.0 0.0
36 45 36 0.0 0.0 0.0 0.0 1.0 0.0 0.0
36 45 37 0.0 0.0 0.0 1.0 30.0 1.0 0.0
36 45 38 0.0 0.0 0.0 10.0 159.0 4.0 0.0
36 45 39 0.0 0.0 0.0 22.0 255.0 4.0 0.0
36 45 40 0.0 0.0 0.0 21.0 324.0 4.0 0.0
36 45 41 0.0 0.0 0.0 13.0 278.0 8.0 1.0
36 45 42 0.0 0.0 0.0 8.0 155.0 3.0 0.0
36 45 43 0.0 0.0 0.0 2.0 63.0 0.0 0.0
36 45 44 0.0 0.0 0.0 0.0 1.0 0.0 0.0
36 45 45 0.0 0.0 0.0 0.0 1.0 0.0 0.0
36 46 40 0.0 0.0 0.0 0.0 1.0 0.0 0.0
36 46 41 0.0 0.0 0.0 0.0 1.0 0.0 0.0
37 34 37 0.0 0.0 0.0 0.0 1.0 0.0 0.0
37 34 39 0.0 0.0 0.0 0.0 2.0 0.0 0.0
37 34 40 0.0 0.0 0.0 0.0 7.0 0.0 0.0
37 34 42 0.0 0.0 0.0 0.0 1.0 0.0 0.0
37 35 35 0.0 0.0 0.0 0.0 1.0 0.0 0.0
37 35 36 0.0 0.0 0.0 0.0 25.0 0.0 0.0
37 35 37 0.0 0.0 0.0 29.0 327.0 9.0 1.0
37 35 38 0.0 0.0 0.0 35.0 651.0 17.0 1.0
37 35 39 0.0 0.0 0.0 115.0 1372.0 21.0 4.0
37 35 40 0.0 0.0 0.0 136.0 1747.0 30.0 12.0
37 35 41 0.0 0.0 0.0 125.0 1529.0 24.0 7.0
37 35 42 0.0 0.0 0.0 77.0 754.0 8.0 1.0
37 35 43 0.0 0.0 0.0 4.0 257.0 5.0 0.0
37 35 44 0.0 0.0 0.0 9.0 37.0 0.0 0.0
37 35 45 0.0 0.0 0.0 0.0 5.0 0.0 0.0
37 36 35 0.0 0.0 0.0 2.0 28.0 0.0 0.0
37 36 36 0.0 0.0 0.0 143.0 1597.0 34.0 8.0
37 36 37 0.0 0.0 0.0 502.0 6851.0 107.0 156.0
37 36 38 0.0 0.0 0.0 1663.0 15864.0 283.0 1071.0
37 36 39 0.0 0.0 0.0 1966.0 24489.0 356.0 2928.0
37 36 40 0.0 0.0 0.0 1712.0 28475.0 419.0 4136.0
37 36 41 0.0 0.0 0.0 1994.0 25241.0 410.0 3093.0
37 36 42 0.0 0.0 0.0 1122.0 17929.0 269.0 1283.0
37 36 43 0.0 0.0 0.0 682.0 6973.0 101.0 159.0
37 36 44 0.0 0.0 0.0 127.0 1545.0 18.0 5.0
37 36 45 0.0 0.0 0.0 1.0 40.0 0.0 0.0
37 36 46 0.0 0.0 0.0 0.0 1.0 0.0 0.0
37 37 35 0.0 0.0 0.0 21.0 228.0 3.0 0.0
37 37 36 0.0 0.0 0.0 708.0 7854.0 157.0 231.0
37 37 37 0.0 0.0 0.0 2472.0 34908.0 477.0 8597.0
37 37 38 0.0 0.0 0.0 3155.0 42502.0 511.0 25970.0
37 37 39 0.0 0.0 0.0 2944.0 41454.0 490.0 38107.0
37 37 40 0.0 0.0 0.0 3055.0 39726.0 426.0 44215.0
37 37 41 0.0 1.0 0.0 3036.0 40587.0 409.0 40609.0
37 37 42 0.0 0.0 1.0 3495.0 42287.0 489.0 26017.0
37 37 43 0.0 0.0 0.0 2424.0 32347.0 464.0 6495.0
37 37 44 0.0 0.0 0.0 597.0 7762.0 147.0 211.0
37 37 45 0.0 0.0 0.0 19.0 322.0 9.0 1.0
37 38 34 0.0 0.0 0.0 0.0 2.0 0.0 0.0
37 38 35 0.0 0.0 0.0 100.0 902.0 14.0 1.0
37 38 36 0.0 1.0 0.0 1407.0 17266.0 274.0 1257.0
37 38 37 0.0 0.0 0.0 3684.0 42286.0 489.0 26330.0
37 38 38 0.0 0.0 0.0 3661.0 34335.0 342.0 57890.0
37 38 39 0.0 0.0 0.0 2627.0 28563.0 269.0 72933.0
37 38 40 0.0 0.0 1.0 2459.0 26949.0 235.0 77292.0
37 38 41 0.0 0.0 0.0 2873.0 28949.0 271.0 71664.0
37 38 42 0.0 0.0 2.0 3557.0 36365.0 375.0 53736.0
37 38 43 0.0 0.0 0.0 3084.0 42382.0 498.0 24130.0
37 38 44 0.0 0.0 0.0 1113.0 17284.0 259.0 1164.0
37 38 45 0.0 0.0 0.0 45.0 711.0 12.0 0.0
37 38 46 0.0 0.0 0.0 0.0 1.0 0.0 0.0
37 39 34 0.0 0.0 0.0 4.0 0.0 0.0 0.0
37 39 35 0.0 0.0 0.0 154.0 1774.0 31.0 8.0
37 39 36 0.0 0.0 0.0 2113.0 27249.0 408.0 3798.0
37 39 37 0.0 0.0 0.0 3361.0 39401.0 449.0 44212.0
37 39 38 0.0 0.0 3.0 2304.0 27941.0 230.0 75549.0
37 39 39 0.0 0.0 1.0 2056.0 21677.0 170.0 87923.0
37 39 40 0.0 0.0 1.0 1904.0 20294.0 137.0 90638.0
37 39 41 0.0 0.0 1.0 2131.0 21749.0 158.0 87104.0
37 39 42 0.0 0.0 2.0 2791.0 28716.0 244.0 72205.0
37 39 43 0.0 0.0 0.0 3594.0 40950.0 431.0 38992.0
37 39 44 0.0 2.0 0.0 1821.0 25313.0 366.0 3256.0
37 39 45 0.0 0.0 0.0 105.0 1460.0 23.0 4.0
37 39 46 0.0 0.0 0.0 0.0 2.0 0.0 0.0
37 40 34 0.0 0.0 0.0 0.0 5.0 0.0 0.0
37 40 35 0.0 0.0 0.0 152.0 2166.0 33.0 14.0
37 40 36 0.0 1.0 0.0 2657.0 29582.0 454.0 4712.0
37 40 37 0.0 4.0 0.0 3323.0 38324.0 394.0 47796.0
37 40 38 0.0 2.0 0.0 2170.0 26131.0 217.0 79195.0
37 40 39 0.0 1.0 0.0 1680.0 20355.0 169.0 91852.0
37 40 40 0.0 0.0 0.0 1574.0 18474.0 123.0 95145.0
37 40 41 0.0 0.0 0.0 1846.0 20113.0 174.0 90978.0
37 40 42 0.0 0.0 0.0 2523.0 27478.0 234.0 75704.0
37 40 43 0.0 0.0 1.0 2863.0 39803.0 425.0 44750.0
37 40 44 0.0 0.0 0.0 2153.0 27742.0 403.0 4081.0
37 40 45 0.0 0.0 0.0 173.0 1702.0 35.0 7.0
37 40 46 0.0 0.0 0.0 0.0 5.0 0.0 0.0
37 41 35 0.0 0.0 0.0 109.0 1784.0 30.0 10.0
37 41 36 0.0 0.0 0.0 1855.0 26579.0 390.0 3480.0
37 41 37 0.0 3.0 0.0 2605.0 39301.0 377.0 45322.0
37 41 38 0.0 0.0 0.0 2140.0 28889.0 241.0 73430.0
37 41 39 0.0 0.0 3.0 1793.0 22098.0 196.0 88009.0
37 41 40 0.0 1.0 1.0 1733.0 20406.0 190.0 90725.0
37 41 41 0.0 0.0 0.0 1920.0 23039.0 169.0 85484.0
37 41 42 0.0 0.0 0.0 2462.0 28626.0 251.0 72888.0
37 41 43 0.0 0.0 3.0 3314.0 40649.0 414.0 39448.0
37 41 44 0.0 0.0 0.0 2086.0 25072.0 375.0 3127.0
37 41 45 0.0 0.0 0.0 155.0 1569.0 30.0 3.0
37 41 46 0.0 0.0 0.0 1.0 4.0 0.0 0.0
37 42 34 0.0 0.0 0.0 0.0 1.0 0.0 0.0
37 42 35 0.0 0.0 0.0 66.0 976.0 13.0 3.0
37 42 36 0.0 0.0 0.0 1323.0 17931.0 295.0 1395.0
37 42 37 0.0 0.0 0.0 3578.0 42365.0 511.0 27362.0
37 42 38 0.0 1.0 2.0 3153.0 35530.0 371.0 56609.0
37 42 39 0.0 1.0 0.0 2378.0 28528.0 271.0 73432.0
37 42 40 0.0 1.0 1.0 2379.0 27314.0 221.0 76517.0
37 42 41 0.0 0.0 1.0 2153.0 29650.0 251.0 72033.0
37 42 42 0.0 1.0 0.0 2708.0 36597.0 358.0 54995.0
37 42 43 0.0 0.0 0.0 4102.0 41486.0 510.0 25854.0
37 42 44 0.0 0.0 0.0 1167.0 16588.0 243.0 1104.0
37 42 45 0.0 0.0 0.0 75.0 700.0 18.0 1.0
37 43 35 0.0 0.0 0.0 23.0 327.0 9.0 0.0
37 43 36 0.0 0.0 0.0 606.0 8994.0 127.0 283.0
37 43 37 0.0 0.0 0.0 2942.0 33706.0 475.0 7989.0
37 43 38 0.0 0.0 3.0 3242.0 42806.0 511.0 24012.0
37 43 39 0.0 0.0 1.0 3504.0 40027.0 426.0 41780.0
37 43 40 0.0 0.0 0.0 3364.0 39569.0 440.0 44414.0
37 43 41 0.0 0.0 2.0 3496.0 41005.0 456.0 38927.0
37 43 42 0.0 2.0 0.0 3244.0 42374.0 498.0 26025.0
37 43 43 0.0 0.0 0.0 2084.0 33418.0 433.0 6976.0
37 43 44 0.0 0.0 0.0 609.0 7311.0 116.0 156.0
37 43 45 0.0 0.0 0.0 14.0 260.0 6.0 1.0
37 44 35 0.0 0.0 0.0 1.0 52.0 3.0 0.0
37 44 36 0.0 0.0 0.0 138.0 1390.0 22.0 8.0
37 44 37 0.0 0.0 1.0 570.0 7085.0 123.0 166.0
37 44 38 0.0 0.0 0.0 1208.0 17374.0 281.0 1220.0
37 44 39 0.0 0.0 0.0 1656.0 24872.0 376.0 2907.0
37 44 40 0.0 0.0 0.0 2262.0 27376.0 418.0 3833.0
37 44 41 0.0 0.0 0.0 2062.0 24273.0 340.0 2837.0
37 44 42 0.0 1.0 0.0 1487.0 17911.0 294.0 1373.0
37 44 43 0.0 2.0 0.0 578.0 7645.0 125.0 191.0
37 44 44 0.0 0.0 0.0 92.0 1224.0 20.0 6.0
37 44 45 0.0 0.0 0.0 2.0 50.0 3.0 0.0
37 45 35 0.0 0.0 0.0 0.0 1.0 0.0 0.0
37 45 36 0.0 0.0 0.0 1.0 36.0 3.0 0.0
37 45 37 0.0 0.0 0.0 20.0 270.0 2.0 0.0
37 45 38 0.0 0.0 0.0 51.0 833.0 12.0 3.0
37 45 39 0.0 0.0 0.0 154.0 1544.0 23.0 11.0
37 45 40 0.0 0.0 0.0 133.0 1962.0 44.0 6.0
37 45 41 0.0 0.0 0.0 148.0 1486.0 25.0 4.0
37 45 42 0.0 0.0 0.0 51.0 766.0 11.0 2.0
37 45 43 0.0 0.0 0.0 17.0 240.0 5.0 0.0
37 45 44 0.0 0.0 0.0 2.0 39.0 0.0 0.0
37 45 45 0.0 0.0 0.0 0.0 1.0 0.0 0.0
37 46 38 0.0 0.0 0.0 0.0 2.0 0.0 0.0
37 46 39 0.0 0.0 0.0 0.0 1.0 0.0 0.0
37 46 40 0.0 0.0 0.0 1.0 0.0 0.0 0.0
37 46 41 0.0 0.0 0.0 0.0 2.0 0.0 0.0
37 46 42 0.0 0.0 0.0 0.0 6.0 0.0 0.0
38 34 37 0.0 0.0 0.0 0.0 2.0 0.0 0.0
38 34 38 0.0 0.0 0.0 5.0 8.0 2.0 0.0
38 34 39 0.0 0.0 0.0 3.0 22.0 0.0 0.0
38 34 40 0.0 0.0 0.0 4.0 13.0 1.0 0.0
38 34 41 0.0 0.0 0.0 2.0 29.0 1.0 0.0
38 34 42 0.0 0.0 0.0 0.0 5.0 0.0 0.0
38 34 43 0.0 0.0 0.0 1.0 2.0 0.0 0.0
38 35 35 0.0 0.0 0.0 0.0 4.0 0.0 0.0
38 35 36 0.0 0.0 0.0 13.0 135.0 4.0 0.0
38 35 37 0.0 0.0 0.0 63.0 703.0 14.0 0.0
38 35 38 0.0 0.0 0.0 143.0 2367.0 36.0 8.0
38 35 39 0.0 0.0 0.0 301.0 4043.0 70.0 41.0
38 35 40 0.0 0.0 0.0 394.0 4915.0 97.0 56.0
38 35 41 0.0 0.0 0.0 321.0 4235.0 67.0 49.0
38 35 42 0.0 0.0 0.0 252.0 2392.0 33.0 15.0
38 35 43 0.0 0.0 0.0 74.0 841.0 15.0 0.0
38 35 44 0.0 0.0 0.0 15.0 188.0 5.0 0.0
38 35 45 0.0 0.0 0.0 0.0 7.0 1.0 0.0
38 36 35 0.0 0.0 0.0 5.0 110.0 3.0 0.0
38 36 36 0.0 0.0 0.0 315.0 4118.0 73.0 52.0
38 36 37 0.0 0.0 0.0 1142.0 18188.0 290.0 1300.0
38 36 38 0.0 0.0 0.0 2323.0 31845.0 435.0 5878.0
38 36 39 0.0 0.0 0.0 3341.0 38579.0 544.0 11420.0
38 36 40 0.0 0.0 0.0 2940.0 41290.0 545.0 15002.0
38 36 41 0.0 0.0 3.0 3380.0 39714.0 498.0 13242.0
38 36 42 0.0 0.0 0.0 2822.0 32502.0 504.0 6523.0
38 36 43 0.0 0.0 0.0 1419.0 17596.0 269.0 1362.0
38 36 44 0.0 0.0 0.0 318.0 5252.0 89.0 74.0
38 36 45 0.0 0.0 0.0 20.0 148.0 4.0 0.0
38 37 34 0.0 0.0 0.0 0.0 2.0 0.0 0.0
38 37 35 0.0 0.0 0.0 45.0 888.0 16.0 0.0
38 37 36 0.0 0.0 2.0 1384.0 16326.0 276.0 1046.0
38 37 37 0.0 0.0 0.0 3726.0 41895.0 458.0 26361.0
38 37 38 0.0 0.0 0.0 2949.0 35370.0 338.0 56465.0
38 37 39 0.0 0.0 2.0 2513.0 29585.0 255.0 71115.0
38 37 40 0.0 0.0 0.0 2371.0 27116.0 239.0 76558.0
38 37 41 0.0 0.0 1.0 2219.0 29086.0 240.0 72398.0
38 37 42 0.0 0.0 0.0 2811.0 35379.0 327.0 57398.0
38 37 43 0.0 0.0 0.0 3687.0 41838.0 490.0 27670.0
38 37 44 0.0 0.0 0.0 1519.0 17132.0 269.0 1137.0
38 37 45 0.0 0.0 0.0 53.0 946.0 17.0 2.0
38 37 46 0.0 0.0 0.0 1.0 2.0 0.0 0.0
38 38 34 0.0 0.0 0.0 1.0 6.0 0.0 0.0
38 38 35 0.0 0.0 0.0 268.0 2266.0 49.0 18.0
38 38 36 0.0 0.0 0.0 3121.0 32808.0 490.0 6795.0
38 38 37 0.0 0.0 4.0 3541.0 34710.0 337.0 57254.0
38 38 38 0.0 1.0 0.0 1409.0 17519.0 148.0 100371.0
38 38 39 0.0 0.0 1.0 1155.0 13209.0 86.0 110829.0
38 38 40 0.0 0.0 0.0 1022.0 11817.0 96.0 115213.0
38 38 41 0.0 0.0 1.0 1177.0 13059.0 98.0 111596.0
38 38 42 0.0 0.0 0.0 1532.0 18601.0 135.0 97553.0
38 38 43 0.0 1.0 2.0 3009.0 35661.0 340.0 56903.0
38 38 44 0.0 1.0 0.0 2970.0 32953.0 472.0 6920.0
38 38 45 0.0 0.0 0.0 203.0 2681.0 51.0 23.0
38 38 46 0.0 0.0 0.0 0.0 24.0 2.0 0.0
38 39 34 0.0 0.0 0.0 5.0 16.0 2.0 0.0
38 39 35 0.0 0.0 1.0 388.0 4670.0 78.0 52.0
38 39 36 0.0 2.0 1.0 3581.0 39970.0 521.0 14404.0
38 39 37 0.0 4.0 1.0 2881.0 28194.0 238.0 73960.0
38 39 38 0.0 1.0 2.0 1194.0 12198.0 70.0 113655.0
38 39 39 0.0 0.0 0.0 852.0 8568.0 51.0 122307.0
38 39 40 0.0 0.0 0.0 704.0 7709.0 35.0 124505.0
38 39 41 0.0 0.0 0.0 838.0 8731.0 47.0 122255.0
38 39 42 0.0 0.0 2.0 1159.0 13340.0 103.0 110684.0
38 39 43 0.0 0.0 1.0 2426.0 29409.0 246.0 72223.0
38 39 44 0.0 0.0 0.0 2981.0 39462.0 515.0 12561.0
38 39 45 0.0 1.0 0.0 263.0 4523.0 85.0 55.0
38 39 46 0.0 0.0 0.0 1.0 25.0 1.0 0.0
38 40 34 0.0 0.0 0.0 1.0 24.0 0.0 0.0
38 40 35 0.0 0.0 0.0 545.0 5730.0 104.0 86.0
38 40 36 0.0 1.0 0.0 3536.0 41891.0 566.0 17697.0
38 40 37 0.0 1.0 0.0 2156.0 25699.0 205.0 79781.0
38 40 38 0.0 1.0 1.0 921.0 10938.0 62.0 117010.0
38 40 39 0.0 0.0 0.0 650.0 7561.0 60.0 124651.0
38 40 40 0.0 0.0 1.0 619.0 6588.0 39.0 126246.0
38 40 41 0.0 0.0 0.0 689.0 7800.0 52.0 123821.0
38 40 42 0.0 0.0 1.0 1038.0 11755.0 81.0 113949.0
38 40 43 0.0 2.0 1.0 2075.0 26741.0 232.0 78116.0
38 40 44 0.0 12.0 2.0 3551.0 40895.0 533.0 15823.0
38 40 45 0.0 1.0 0.0 399.0 4868.0 83.0 67.0
38 40 46 0.0 0.0 0.0 2.0 10.0 1.0 0.0
38 41 34 0.0 0.0 0.0 1.0 6.0 0.0 0.0
38 41 35 0.0 0.0 0.0 283.0 4694.0 78.0 54.0
38 41 36 0.0 0.0 0.0 2840.0 40971.0 511.0 14605.0
38 41 37 0.0 0.0 1.0 2374.0 27928.0 236.0 75061.0
38 41 38 0.0 0.0 0.0 998.0 12644.0 89.0 112884.0
38 41 39 0.0 0.0 0.0 732.0 8647.0 48.0 122349.0
38 41 40 0.0 0.0 0.0 724.0 7603.0 41.0 123906.0
38 41 41 0.0 1.0 3.0 776.0 8944.0 63.0 121607.0
38 41 42 0.0 0.0 0.0 1000.0 13107.0 93.0 111309.0
38 41 43 0.0 2.0 0.0 2691.0 29502.0 241.0 71182.0
38 41 44 0.0 0.0 0.0 3810.0 38818.0 477.0 12662.0
38 41 45 0.0 0.0 0.0 370.0 4164.0 76.0 47.0
38 41 46 0.0 0.0 0.0 1.0 20.0 0.0 0.0
38 42 34 0.0 0.0 0.0 0.0 11.0 0.0 0.0
38 42 35 0.0 0.0 0.0 215.0 2696.0 46.0 25.0
38 42 36 0.0 0.0 0.0 2535.0 33991.0 516.0 7129.0
38 42 37 0.0 0.0 0.0 2745.0 35525.0 362.0 57516.0
38 42 38 0.0 1.0 0.0 1417.0 17359.0 133.0 100036.0
38 42 39 0.0 0.0 0.0 1104.0 12889.0 107.0 111744.0
38 42 40 0.0 0.0 0.0 1050.0 11704.0 79.0 115076.0
38 42 41 0.0 0.0 2.0 1142.0 12884.0 94.0 111713.0
38 42 42 0.0 0.0 0.0 1478.0 18281.0 132.0 98298.0
38 42 43 0.0 1.0 0.0 3018.0 35629.0 327.0 56006.0
38 42 44 0.0 2.0 6.0 2544.0 32108.0 458.0 6013.0
38 42 45 0.0 1.0 0.0 196.0 2460.0 46.0 14.0
38 42 46 0.0 0.0 0.0 0.0 17.0 0.0 0.0
38 43 35 0.0 0.0 0.0 55.0 927.0 18.0 1.0
38 43 36 0.0 0.0 0.0 1464.0 17391.0 287.0 1345.0
38 43 37 0.0 0.0 0.0 3569.0 42571.0 477.0 27197.0
38 43 38 0.0 5.0 1.0 2640.0 35986.0 321.0 57062.0
38 43 39 0.0 0.0 1.0 2497.0 29338.0 260.0 71600.0
38 43 40 0.0 2.0 1.0 2207.0 27137.0 221.0 76316.0
38 43 41 0.0 3.0 1.0 2372.0 28679.0 245.0 72776.0
38 43 42 0.0 2.0 3.0 2862.0 35531.0 347.0 56890.0
38 43 43 0.0 0.0 0.0 3777.0 41944.0 503.0 24284.0
38 43 44 0.0 0.0 0.0 1509.0 17517.0 304.0 1265.0
38 43 45 0.0 0.0 0.0 103.0 651.0 17.0 1.0
38 43 46 0.0 0.0 0.0 0.0 2.0 0.0 0.0
38 44 35 0.0 0.0 0.0 9.0 120.0 6.0 0.0
38 44 36 0.0 0.0 0.0 382.0 4366.0 65.0 60.0
38 44 37 0.0 0.0 0.0 1195.0 16783.0 266.0 1117.0
38 44 38 0.0 0.0 1.0 3262.0 32926.0 465.0 6881.0
38 44 39 0.0 0.0 1.0 2916.0 39355.0 550.0 12288.0
38 44 40 0.0 0.0 0.0 3290.0 41037.0 503.0 15517.0
38 44 41 0.0 0.0 1.0 3134.0 39374.0 529.0 12496.0
38 44 42 0.0 0.0 0.0 2298.0 32144.0 441.0 5932.0
38 44 43 0.0 0.0 0.0 1691.0 17659.0 301.0 1425.0
38 44 44 0.0 0.0 0.0 409.0 3991.0 63.0 66.0
38 44 45 0.0 0.0 0.0 9.0 130.0 2.0 0.0
38 45 35 0.0 0.0 0.0 1.0 3.0 0.0 0.0
38 45 36 0.0 0.0 0.0 16.0 145.0 1.0 0.0
38 45 37 0.0 0.0 0.0 42.0 875.0 10.0 1.0
38 45 38 0.0 0.0 0.0 193.0 2500.0 43.0 9.0
38 45 39 0.0 0.0 2.0 347.0 4504.0 69.0 46.0
38 45 40 0.0 0.0 0.0 309.0 4875.0 70.0 74.0
38 45 41 0.0 1.0 0.0 328.0 4230.0 65.0 39.0
38 45 42 0.0 0.0 0.0 208.0 2330.0 39.0 12.0
38 45 43 0.0 0.0 0.0 64.0 840.0 18.0 2.0
38 45 44 0.0 0.0 0.0 5.0 134.0 3.0 0.0
38 45 45 0.0 0.0 0.0 1.0 2.0 0.0 0.0
38 46 38 0.0 0.0 0.0 0.0 2.0 0.0 0.0
38 46 39 0.0 0.0 0.0 2.0 11.0 0.0 0.0
38 46 40 0.0 0.0 0.0 1.0 13.0 0.0 0.0
38 46 41 0.0 0.0 0.0 1.0 13.0 0.0 0.0
38 46 42 0.0 0.0 0.0 0.0 8.0 0.0 0.0
38 46 43 0.0 0.0 0.0 0.0 2.0 0.0 0.0
39 34 36 0.0 0.0 0.0 0.0 1.0 0.0 0.0
39 34 37 0.0 0.0 0.0 1.0 0.0 0.0 0.0
39 34 38 0.0 0.0 0.0 0.0 17.0 0.0 0.0
39 34 39 0.0 0.0 0.0 0.0 30.0 1.0 0.0
39 34 40 0.0 0.0 0.0 2.0 56.0 2.0 0.0
39 34 41 0.0 0.0 0.0 1.0 32.0 0.0 0.0
39 34 42 0.0 0.0 0.0 0.0 10.0 0.0 0.0
39 34 43 0.0 0.0 0.0 0.0 2.0 0.0 0.0
39 34 44 0.0 0.0 0.0 0.0 1.0 0.0 0.0
39 35 35 0.0 0.0 0.0 1.0 6.0 0.0 0.0
39 35 36 0.0 0.0 0.0 11.0 242.0 3.0 0.0
39 35 37 0.0 0.0 0.0 135.0 1507.0 23.0 5.0
39 35 38 0.0 0.0 0.0 337.0 4186.0 73.0 50.0
39 35 39 0.0 0.0 1.0 605.0 7207.0 121.0 133.0
39 35 40 0.0 0.0 0.0 837.0 9280.0 150.0 265.0
39 35 41 0.0 0.0 0.0 665.0 7758.0 140.0 174.0
39 35 42 0.0 0.0 0.0 472.0 4747.0 77.0 65.0
39 35 43 0.0 0.0 0.0 163.0 1864.0 29.0 13.0
39 35 44 0.0 0.0 0.0 18.0 373.0 11.0 0.0
39 35 45 0.0 0.0 0.0 4.0 19.0 0.0 0.0
39 36 34 0.0 0.0 0.0 0.0 1.0 0.0 0.0
39 36 35 0.0 0.0 0.0 19.0 205.0 1.0 0.0
39 36 36 0.0 0.0 1.0 631.0 6632.0 107.0 153.0
39 36 37 0.0 0.0 0.0 1858.0 24122.0 383.0 2705.0
39 36 38 0.0 1.0 0.0 3127.0 40013.0 515.0 12693.0
39 36 39 0.0 0.0 0.0 3548.0 42968.0 484.0 23602.0
39 36 40 0.0 1.0 0.0 4010.0 43035.0 502.0 26527.0
39 36 41 0.0 0.0 1.0 4154.0 42117.0 507.0 23536.0
39 36 42 0.0 0.0 0.0 3855.0 39205.0 497.0 13266.0
39 36 43 0.0 2.0 0.0 2601.0 27620.0 457.0 4030.0
39 36 44 0.0 0.0 0.0 868.0 8026.0 144.0 226.0
39 36 45 0.0 0.0 0.0 30.0 253.0 3.0 0.0
39 37 34 0.0 0.0 0.0 0.0 5.0 0.0 0.0
39 37 35 0.0 0.0 0.0 158.0 1468.0 31.0 10.0
39 37 36 0.0 0.0 0.0 2647.0 24574.0 393.0 3039.0
39 37 37 0.0 0.0 0.0 3649.0 39993.0 405.0 41358.0
39 37 38 0.0 0.0 0.0 2626.0 29288.0 260.0 72179.0
39 37 39 0.0 0.0 0.0 1992.0 21709.0 175.0 87968.0
39 37 40 0.0 0.0 1.0 1732.0 20019.0 153.0 91294.0
39 37 41 0.0 2.0 0.0 1994.0 22275.0 182.0 87213.0
39 37 42 0.0 0.0 1.0 2702.0 28352.0 258.0 73505.0
39 37 43 0.0 0.0 0.0 3081.0 39374.0 395.0 45332.0
39 37 44 0.0 7.0 0.0 2154.0 26730.0 414.0 3606.0
39 37 45 0.0 0.0 0.0 107.0 1796.0 29.0 9.0
39 37 46 0.0 0.0 0.0 0.0 6.0 0.0 0.0
39 38 34 0.0 0.0 0.0 1.0 13.0 0.0 0.0
39 38 35 0.0 0.0 0.0 327.0 4167.0 73.0 57.0
39 38 36 0.0 0.0 0.0 3554.0 38700.0 536.0 12337.0
39 38 37 0.0 3.0 0.0 2363.0 28577.0 278.0 74237.0
39 38 38 0.0 0.0 0.0 1282.0 12926.0 104.0 111220.0
39 38 39 0.0 0.0 0.0 739.0 8574.0 53.0 122371.0
39 38 40 0.0 1.0 3.0 722.0 7831.0 53.0 123539.0
39 38 41 0.0 0.0 1.0 827.0 8697.0 53.0 122000.0
39 38 42 0.0 0.0 1.0 1096.0 12769.0 90.0 112956.0
39 38 43 0.0 0.0 2.0 2470.0 28929.0 242.0 72850.0
39 38 44 0.0 0.0 0.0 2932.0 41286.0 535.0 14773.0
39 38 45 0.0 0.0 0.0 423.0 4698.0 69.0 53.0
39 38 46 0.0 0.0 0.0 1.0 25.0 0.0 0.0
39 39 34 0.0 0.0 0.0 2.0 32.0 1.0 0.0
39 39 35 0.0 0.0 0.0 601.0 7329.0 125.0 157.0
39 39 36 0.0 0.0 6.0 4166.0 42503.0 496.0 23961.0
39 39 37 0.0 0.0 4.0 2139.0 21714.0 174.0 87588.0
39 39 38 0.0 0.0 0.0 768.0 8717.0 53.0 122613.0
39 39 39 0.0 0.0 0.0 402.0 3992.0 25.0 140283.0
39 39 40 0.0 0.0 0.0 306.0 3297.0 10.0 141208.0
39 39 41 0.0 0.0 0.0 361.0 4044.0 25.0 139619.0
39 39 42 0.0 0.0 0.0 757.0 8518.0 53.0 122431.0
39 39 43 0.0 0.0 0.0 1833.0 22018.0 171.0 87488.0
39 39 44 0.0 0.0 0.0 3703.0 43255.0 519.0 24347.0
39 39 45 0.0 0.0 0.0 746.0 8370.0 137.0 186.0
39 39 46 0.0 0.0 0.0 2.0 39.0 2.0 0.0
39 40 34 0.0 0.0 0.0 2.0 20.0 0.0 0.0
39 40 35 0.0 0.0 0.0 706.0 9056.0 141.0 218.0
39 40 36 0.0 3.0 0.0 4026.0 42721.0 437.0 27669.0
39 40 37 0.0 1.0 2.0 1637.0 19510.0 166.0 92492.0
39 40 38 0.0 0.0 1.0 724.0 7582.0 36.0 124587.0
39 40 39 0.0 0.0 0.0 308.0 3253.0 19.0 142549.0
39 40 40 0.0 0.0 0.0 247.0 2683.0 15.0 142625.0
39 40 41 0.0 0.0 0.0 312.0 3317.0 12.0 141997.0
39 40 42 0.0 0.0 0.0 739.0 7543.0 42.0 124627.0
39 40 43 0.0 0.0 0.0 1653.0 20125.0 157.0 91761.0
39 40 44 0.0 1.0 0.0 3231.0 43474.0 512.0 27524.0
39 40 45 0.0 0.0 0.0 644.0 8965.0 147.0 217.0
39 40 46 0.0 0.0 0.0 1.0 34.0 0.0 0.0
39 41 34 0.0 0.0 0.0 0.0 30.0 0.0 0.0
39 41 35 0.0 0.0 0.0 712.0 7667.0 116.0 184.0
39 41 36 0.0 0.0 0.0 3390.0 43029.0 500.0 23594.0
39 41 37 0.0 0.0 0.0 1733.0 21840.0 181.0 87886.0
39 41 38 0.0 0.0 0.0 692.0 8449.0 44.0 122954.0
39 41 39 0.0 0.0 0.0 352.0 3884.0 22.0 141153.0
39 41 40 0.0 0.0 0.0 318.0 3417.0 19.0 140751.0
39 41 41 0.0 0.0 0.0 379.0 3923.0 29.0 140164.0
39 41 42 0.0 1.0 0.0 804.0 9004.0 58.0 121854.0
39 41 43 0.0 2.0 0.0 2075.0 22365.0 173.0 86309.0
39 41 44 0.0 0.0 0.0 3754.0 42850.0 519.0 22054.0
39 41 45 0.0 0.0 0.0 646.0 7423.0 122.0 172.0
39 41 46 0.0 0.0 0.0 1.0 35.0 0.0 0.0
39 42 34 0.0 0.0 0.0 1.0 14.0 0.0 0.0
39 42 35 0.0 0.0 0.0 381.0 4949.0 91.0 50.0
39 42 36 0.0 0.0 0.0 3304.0 39444.0 514.0 13226.0
39 42 37 0.0 0.0 3.0 2268.0 29105.0 253.0 72785.0
39 42 38 0.0 0.0 0.0 1105.0 12703.0 84.0 111732.0
39 42 39 0.0 2.0 2.0 658.0 8578.0 54.0 122280.0
39 42 40 0.0 1.0 1.0 677.0 7691.0 55.0 124709.0
39 42 41 0.0 0.0 1.0 831.0 8499.0 45.0 122403.0
39 42 42 0.0 0.0 3.0 1210.0 12982.0 87.0 111030.0
39 42 43 0.0 2.0 0.0 2493.0 29036.0 269.0 72522.0
39 42 44 0.0 0.0 0.0 4396.0 38823.0 498.0 12675.0
39 42 45 0.0 0.0 0.0 321.0 4027.0 68.0 45.0
39 42 46 0.0 0.0 0.0 0.0 10.0 0.0 0.0
39 43 34 0.0 0.0 0.0 0.0 7.0 0.0 0.0
39 43 35 0.0 0.0 0.0 138.0 1562.0 27.0 7.0
39 43 36 0.0 0.0 0.0 2072.0 24634.0 337.0 3029.0
39 43 37 0.0 0.0 1.0 4118.0 39497.0 448.0 40234.0
39 43 38 0.0 1.0 0.0 2297.0 29032.0 237.0 72766.0
39 43 39 0.0 0.0 3.0 1870.0 22230.0 166.0 87006.0
39 43 40 0.0 0.0 0.0 1613.0 20514.0 163.0 90694.0
39 43 41 0.0 0.0 3.0 1874.0 22505.0 168.0 86642.0
39 43 42 0.0 0.0 2.0 2532.0 28488.0 263.0 73396.0
39 43 43 0.0 0.0 0.0 3496.0 39813.0 436.0 41082.0
39 43 44 0.0 0.0 1.0 1989.0 24355.0 380.0 2821.0
39 43 45 0.0 0.0 0.0 131.0 1396.0 20.0 5.0
39 43 46 0.0 0.0 0.0 0.0 5.0 0.0 0.0
39 44 34 0.0 0.0 0.0 0.0 2.0 0.0 0.0
39 44 35 0.0 0.0 0.0 16.0 245.0 3.0 0.0
39 44 36 0.0 0.0 0.0 513.0 6423.0 105.0 118.0
39 44 37 0.0 0.0 0.0 2098.0 26118.0 414.0 3436.0
39 44 38 0.0 11.0 0.0 3269.0 39962.0 596.0 12886.0
39 44 39 0.0 0.0 0.0 3296.0 43286.0 511.0 22440.0
39 44 40 0.0 0.0 2.0 3447.0 43299.0 503.0 27048.0
39 44 41 0.0 8.0 0.0 3270.0 43223.0 482.0 21270.0
39 44 42 0.0 2.0 0.0 3469.0 38892.0 508.0 12745.0
39 44 43 0.0 0.0 0.0 1967.0 25132.0 397.0 3228.0
39 44 44 0.0 0.0 0.0 586.0 6918.0 115.0 163.0
39 44 45 0.0 0.0 0.0 25.0 255.0 4.0 0.0
39 45 35 0.0 0.0 0.0 0.0 15.0 0.0 0.0
39 45 36 0.0 0.0 0.0 17.0 245.0 2.0 0.0
39 45 37 0.0 0.0 0.0 138.0 1465.0 30.0 6.0
39 45 38 0.0 0.0 0.0 400.0 4337.0 80.0 58.0
39 45 39 0.0 0.0 0.0 498.0 7496.0 122.0 139.0
39 45 40 0.0 0.0 0.0 570.0 8769.0 149.0 211.0
39 45 41 0.0 0.0 0.0 561.0 7594.0 126.0 176.0
39 45 42 0.0 0.0 0.0 316.0 4053.0 61.0 38.0
39 45 43 0.0 0.0 0.0 125.0 1534.0 33.0 9.0
39 45 44 0.0 0.0 0.0 24.0 221.0 5.0 0.0
39 45 45 0.0 0.0 0.0 0.0 13.0 1.0 0.0
39 46 37 0.0 0.0 0.0 0.0 4.0 0.0 0.0
39 46 38 0.0 0.0 0.0 3.0 8.0 0.0 0.0
39 46 39 0.0 0.0 0.0 4.0 40.0 0.0 0.0
39 46 40 0.0 0.0 0.0 8.0 23.0 0.0 0.0
39 46 41 0.0 0.0 0.0 1.0 19.0 0.0 0.0
39 46 42 0.0 0.0 0.0 1.0 12.0 1.0 0.0
39 46 43 0.0 0.0 0.0 1.0 1.0 0.0 0.0
39 46 44 0.0 0.0 0.0 0.0 1.0 0.0 0.0
40 34 36 0.0 0.0 0.0 1.0 1.0 0.0 0.0
40 34 37 0.0 0.0 0.0 0.0 5.0 0.0 0.0
40 34 38 0.0 0.0 0.0 1.0 22.0 0.0 0.0
40 34 39 0.0 0.0 0.0 3.0 38.0 0.0 0.0
40 34 40 0.0 0.0 0.0 3.0 41.0 2.0 0.0
40 34 41 0.0 0.0 0.0 3.0 50.0 1.0 0.0
40 34 42 0.0 0.0 0.0 2.0 34.0 0.0 0.0
40 34 43 0.0 0.0 0.0 1.0 5.0 0.0 0.0
40 34 45 0.0 0.0 0.0 0.0 1.0 0.0 0.0
40 35 35 0.0 0.0 0.0 1.0 10.0 0.0 0.0
40 35 36 0.0 0.0 0.0 21.0 355.0 7.0 0.0
40 35 37 0.0 0.0 0.0 193.0 2043.0 27.0 7.0
40 35 38 0.0 0.0 0.0 447.0 5394.0 103.0 84.0
40 35 39 0.0 0.0 0.0 679.0 9533.0 158.0 257.0
40 35 40 0.0 0.0 0.0 892.0 10543.0 197.0 331.0
40 35 41 0.0 0.0 0.0 750.0 9628.0 142.0 301.0
40 35 42 0.0 0.0 0.0 508.0 5648.0 94.0 90.0
40 35 43 0.0 0.0 0.0 198.0 2403.0 34.0 13.0
40 35 44 0.0 0.0 0.0 36.0 512.0 7.0 2.0
40 35 45 0.0 0.0 0.0 9.0 25.0 0.0 0.0
40 36 35 0.0 0.0 0.0 30.0 286.0 6.0 0.0
40 36 36 0.0 0.0 0.0 565.0 8644.0 150.0 257.0
40 36 37 0.0 0.0 0.0 2315.0 27831.0 400.0 4126.0
40 36 38 0.0 0.0 4.0 3268.0 41714.0 524.0 16559.0
40 36 39 0.0 0.0 0.0 3645.0 43029.0 491.0 27967.0
40 36 40 0.0 0.0 2.0 3503.0 42759.0 489.0 32119.0
40 36 41 0.0 0.0 0.0 3292.0 43480.0 482.0 29840.0
40 36 42 0.0 3.0 3.0 3869.0 41618.0 516.0 18231.0
40 36 43 0.0 0.0 0.0 2912.0 31821.0 447.0 6255.0
40 36 44 0.0 0.0 0.0 743.0 11054.0 195.0 413.0
40 36 45 0.0 0.0 0.0 39.0 483.0 9.0 0.0
40 36 46 0.0 0.0 0.0 0.0 1.0 0.0 0.0
40 37 34 0.0 0.0 0.0 0.0 8.0 0.0 0.0
40 37 35 0.0 0.0 0.0 133.0 1906.0 30.0 5.0
40 37 36 0.0 0.0 0.0 2292.0 28247.0 419.0 4321.0
40 37 37 0.0 0.0 0.0 2997.0 39245.0 400.0 46013.0
40 37 38 0.0 0.0 0.0 2266.0 26460.0 243.0 77844.0
40 37 39 0.0 1.0 0.0 1720.0 20110.0 166.0 91268.0
40 37 40 0.0 0.0 0.0 1747.0 18271.0 156.0 95335.0
40 37 41 0.0 0.0 0.0 1712.0 19551.0 150.0 92374.0
40 37 42 0.0 0.0 1.0 2291.0 25757.0 209.0 80201.0
40 37 43 0.0 1.0 6.0 3382.0 36616.0 364.0 51394.0
40 37 44 0.0 0.0 0.0 2348.0 30502.0 479.0 5500.0
40 37 45 0.0 0.0 0.0 128.0 2426.0 45.0 10.0
40 37 46 0.0 0.0 0.0 0.0 3.0 0.0 0.0
40 38 34 0.0 0.0 0.0 1.0 18.0 1.0 0.0
40 38 35 0.0 0.0 0.0 504.0 5274.0 95.0 55.0
40 38 36 0.0 0.0 5.0 3278.0 41599.0 535.0 15689.0
40 38 37 0.0 0.0 3.0 2691.0 27016.0 245.0 76757.0
40 38 38 0.0 0.0 2.0 1031.0 11576.0 81.0 115613.0
40 38 39 0.0 0.0 0.0 667.0 7556.0 42.0 124764.0
40 38 40 0.0 0.0 5.0 590.0 6500.0 49.0 126760.0
40 38 41 0.0 1.0 2.0 655.0 7577.0 47.0 124625.0
40 38 42 0.0 1.0 1.0 860.0 10971.0 67.0 117397.0
40 38 43 0.0 0.0 1.0 2203.0 25774.0 223.0 79976.0
40 38 44 0.0 4.0 2.0 2971.0 42715.0 560.0 18510.0
40 38 45 0.0 0.0 0.0 477.0 5968.0 126.0 83.0
40 38 46 0.0 0.0 0.0 2.0 27.0 0.0 0.0
40 39 34 0.0 0.0 0.0 5.0 33.0 0.0 0.0
40 39 35 0.0 0.0 0.0 701.0 8828.0 146.0 232.0
40 39 36 0.0 1.0 2.0 3547.0 43225.0 548.0 26617.0
40 39 37 0.0 0.0 2.0 1761.0 20354.0 172.0 91120.0
40 39 38 0.0 0.0 0.0 679.0 7631.0 45.0 124818.0
40 39 39 0.0 0.0 0.0 312.0 3328.0 18.0 140884.0
40 39 40 0.0 0.0 0.0 231.0 2695.0 10.0 141950.0
40 39 41 0.0 0.0 0.0 279.0 3224.0 17.0 141996.0
40 39 42 0.0 1.0 0.0 621.0 7372.0 46.0 124949.0
40 39 43 0.0 1.0 0.0 1606.0 19379.0 149.0 93605.0
40 39 44 0.0 0.0 1.0 3486.0 43658.0 482.0 30251.0
40 39 45 0.0 0.0 0.0 711.0 9999.0 182.0 304.0
40 39 46 0.0 0.0 0.0 0.0 49.0 1.0 0.0
40 40 34 0.0 0.0 0.0 5.0 58.0 0.0 0.0
40 40 35 0.0 0.0 0.0 829.0 10293.0 155.0 323.0
40 40 36 0.0 0.0 7.0 3515.0 42923.0 476.0 31923.0
40 40 37 0.0 0.0 2.0 1624.0 18688.0 162.0 94962.0
40 40 38 0.0 0.0 0.0 571.0 6605.0 29.0 127102.0
40 40 39 0.0 0.0 0.0 257.0 2660.0 11.0 141616.0
40 40 40 0.0 0.0 0.0 126.0 1545.0 3.0 156894.0
40 40 41 0.0 0.0 0.0 246.0 2575.0 16.0 142398.0
40 40 42 0.0 0.0 1.0 570.0 6537.0 45.0 126206.0
40 40 43 0.0 9.0 0.0 1521.0 18235.0 118.0 95296.0
40 40 44 0.0 1.0 0.0 3278.0 43017.0 471.0 33086.0
40 40 45 0.0 0.0 3.0 954.0 10895.0 168.0 361.0
40 40 46 0.0 0.0 0.0 11.0 68.0 1.0 0.0
40 41 34 0.0 0.0 0.0 1.0 35.0 0.0 0.0
40 41 35 0.0 0.0 0.0 697.0 8806.0 144.0 222.0
40 41 36 0.0 0.0 3.0 3765.0 42909.0 505.0 27143.0
40 41 37 0.0 0.0 0.0 1964.0 19720.0 159.0 91942.0
40 41 38 0.0 0.0 0.0 685.0 7571.0 46.0 124997.0
40 41 39 0.0 0.0 0.0 279.0 3292.0 22.0 141899.0
40 41 40 0.0 0.0 0.0 226.0 2569.0 18.0 142420.0
40 41 41 0.0 -1.0 0.0 315.0 3371.0 16.0 141232.0
40 41 42 0.0 0.0 0.0 705.0 7623.0 52.0 123804.0
40 41 43 0.0 0.0 0.0 1777.0 20323.0 144.0 90943.0
40 41 44 0.0 0.0 0.0 3609.0 43005.0 521.0 27383.0
40 41 45 0.0 7.0 0.0 624.0 9102.0 127.0 258.0
40 41 46 0.0 0.0 0.0 4.0 39.0 1.0 0.0
40 42 34 0.0 0.0 0.0 1.0 23.0 0.0 0.0
40 42 35 0.0 0.0 0.0 411.0 5479.0 102.0 86.0
40 42 36 0.0 0.0 0.0 3251.0 41448.0 487.0 16152.0
40 42 37 0.0 1.0 1.0 2515.0 27417.0 259.0 76873.0
40 42 38 0.0 0.0 0.0 1031.0 11814.0 94.0 113876.0
40 42 39 0.0 0.0 1.0 625.0 7568.0 39.0 124739.0
40 42 40 0.0 0.0 2.0 547.0 6765.0 38.0 126273.0
40 42 41 0.0 0.0 0.0 704.0 7688.0 52.0 124463.0
40 42 42 0.0 0.0 0.0 1095.0 11467.0 78.0 115319.0
40 42 43 0.0 0.0 0.0 2439.0 27289.0 239.0 76124.0
40 42 44 0.0 2.0 0.0 3401.0 40686.0 462.0 14688.0
40 42 45 0.0 0.0 0.0 368.0 4891.0 94.0 71.0
40 42 46 0.0 0.0 0.0 2.0 20.0 1.0 0.0
40 43 34 0.0 0.0 0.0 0.0 5.0 0.0 0.0
40 43 35 0.0 0.0 0.0 156.0 1831.0 31.0 6.0
40 43 36 0.0 0.0 0.0 2558.0 27784.0 440.0 4195.0
40 43 37 0.0 0.0 2.0 3406.0 38235.0 385.0 46764.0
40 43 38 0.0 0.0 4.0 2264.0 27315.0 258.0 75993.0
40 43 39 0.0 0.0 1.0 1713.0 20363.0 153.0 90973.0
40 43 40 0.0 0.0 1.0 1537.0 18723.0 151.0 94305.0
40 43 41 0.0 0.0 1.0 1751.0 20182.0 156.0 91205.0
40 43 42 0.0 1.0 2.0 2483.0 26811.0 258.0 77218.0
40 43 43 0.0 0.0 0.0 3358.0 39292.0 426.0 44943.0
40 43 44 0.0 0.0 0.0 2469.0 27372.0 387.0 4031.0
40 43 45 0.0 0.0 0.0 127.0 1911.0 27.0 8.0
40 43 46 0.0 0.0 0.0 0.0 3.0 0.0 0.0
40 44 35 0.0 0.0 0.0 17.0 245.0 4.0 0.0
40 44 36 0.0 0.0 0.0 905.0 7783.0 134.0 240.0
40 44 37 0.0 0.0 0.0 2229.0 27596.0 418.0 4021.0
40 44 38 0.0 0.0 0.0 3157.0 41073.0 486.0 15291.0
40 44 39 0.0 0.0 2.0 3420.0 43324.0 465.0 27234.0
40 44 40 0.0 0.0 0.0 3441.0 42981.0 494.0 31540.0
40 44 41 0.0 2.0 1.0 3395.0 43569.0 508.0 26583.0
40 44 42 0.0 1.0 0.0 3710.0 40397.0 477.0 15199.0
40 44 43 0.0 0.0 0.0 2783.0 27251.0 405.0 3921.0
40 44 44 0.0 0.0 0.0 710.0 8180.0 142.0 218.0
40 44 45 0.0 0.0 0.0 32.0 265.0 7.0 1.0
40 45 35 0.0 0.0 0.0 0.0 17.0 1.0 0.0
40 45 36 0.0 0.0 0.0 37.0 312.0 9.0 2.0
40 45 37 0.0 0.0 0.0 172.0 1832.0 22.0 14.0
40 45 38 0.0 0.0 0.0 368.0 5227.0 90.0 90.0
40 45 39 0.0 0.0 0.0 605.0 8825.0 123.0 202.0
40 45 40 0.0 0.0 1.0 869.0 9840.0 195.0 316.0
40 45 41 0.0 0.0 0.0 661.0 8293.0 151.0 172.0
40 45 42 0.0 0.0 0.0 329.0 5123.0 93.0 54.0
40 45 43 0.0 0.0 0.0 128.0 1732.0 27.0 3.0
40 45 44 0.0 0.0 0.0 41.0 342.0 6.0 0.0
40 45 45 0.0 0.0 0.0 1.0 20.0 1.0 0.0
40 46 37 0.0 0.0 0.0 2.0 0.0 0.0 0.0
40 46 38 0.0 0.0 0.0 0.0 19.0 0.0 0.0
40 46 39 0.0 0.0 0.0 4.0 39.0 0.0 0.0
40 46 40 0.0 0.0 0.0 0.0 80.0 0.0 0.0
40 46 41 0.0 0.0 0.0 3.0 26.0 1.0 0.0
40 46 42 0.0 0.0 0.0 0.0 10.0 0.0 0.0
40 46 43 0.0 0.0 0.0 0.0 1.0 0.0 0.0
41 34 36 0.0 0.0 0.0 0.0 2.0 0.0 0.0
41 34 37 0.0 0.0 0.0 0.0 9.0 1.0 0.0
41 34 38 0.0 0.0 0.0 2.0 18.0 1.0 0.0
41 34 39 0.0 0.0 0.0 4.0 39.0 2.0 0.0
41 34 40 0.0 0.0 0.0 1.0 52.0 1.0 0.0
41 34 41 0.0 0.0 0.0 4.0 40.0 0.0 0.0
41 34 42 0.0 0.0 0.0 2.0 13.0 0.0 0.0
41 34 43 0.0 0.0 0.0 0.0 5.0 0.0 0.0
41 34 44 0.0 0.0 0.0 0.0 1.0 0.0 0.0
41 35 35 0.0 0.0 0.0 3.0 10.0 0.0 0.0
41 35 36 0.0 0.0 0.0 26.0 243.0 4.0 0.0
41 35 37 0.0 0.0 0.0 147.0 1414.0 21.0 3.0
41 35 38 0.0 0.0 0.0 452.0 4452.0 70.0 61.0
41 35 39 0.0 0.0 0.0 622.0 8249.0 137.0 203.0
41 35 40 0.0 0.0 1.0 729.0 10039.0 157.0 286.0
41 35 41 0.0 1.0 0.0 754.0 8733.0 138.0 251.0
41 35 42 0.0 0.0 0.0 424.0 5120.0 95.0 67.0
41 35 43 0.0 0.0 0.0 161.0 2114.0 35.0 4.0
41 35 44 0.0 0.0 0.0 61.0 432.0 7.0 1.0
41 35 45 0.0 0.0 0.0 1.0 37.0 1.0 0.0
41 36 35 0.0 0.0 0.0 32.0 266.0 7.0 0.0
41 36 36 0.0 0.0 0.0 589.0 7351.0 137.0 168.0
41 36 37 0.0 0.0 0.0 2040.0 25541.0 376.0 3254.0
41 36 38 0.0 0.0 1.0 3905.0 39653.0 524.0 14175.0
41 36 39 0.0 0.0 0.0 3369.0 43260.0 478.0 25048.0
41 36 40 0.0 2.0 3.0 3347.0 43267.0 475.0 29362.0
41 36 41 0.0 0.0 1.0 3599.0 42943.0 536.0 26223.0
41 36 42 0.0 0.0 0.0 3513.0 41079.0 529.0 15903.0
41 36 43 0.0 0.0 1.0 2290.0 29992.0 476.0 4946.0
41 36 44 0.0 0.0 0.0 790.0 10054.0 187.0 362.0
41 36 45 0.0 0.0 0.0 32.0 356.0 8.0 0.0
41 36 46 0.0 0.0 0.0 0.0 1.0 0.0 0.0
41 37 34 0.0 0.0 0.0 0.0 3.0 0.0 0.0
41 37 35 0.0 0.0 0.0 101.0 1542.0 26.0 3.0
41 37 36 0.0 0.0 10.0 2497.0 24710.0 367.0 3069.0
41 37 37 0.0 0.0 0.0 3568.0 39647.0 426.0 41304.0
41 37 38 0.0 0.0 1.0 2609.0 28619.0 275.0 73018.0
41 37 39 0.0 0.0 1.0 1905.0 21428.0 165.0 88467.0
41 37 40 0.0 0.0 1.0 1574.0 19369.0 143.0 93479.0
41 37 41 0.0 2.0 0.0 1754.0 20560.0 174.0 90594.0
41 37 42 0.0 1.0 2.0 2139.0 26816.0 236.0 78228.0
41 37 43 0.0 2.0 3.0 2280.0 37420.0 332.0 51556.0
41 37 44 0.0 1.0 0.0 2057.0 30490.0 428.0 5159.0
41 37 45 0.0 2.0 0.0 184.0 2203.0 42.0 9.0
41 37 46 0.0 0.0 0.0 1.0 13.0 2.0 0.0
41 38 34 0.0 0.0 0.0 2.0 23.0 0.0 0.0
41 38 35 0.0 0.0 0.0 393.0 4262.0 63.0 43.0
41 38 36 0.0 0.0 0.0 3676.0 39477.0 497.0 13200.0
41 38 37 0.0 0.0 1.0 2795.0 29038.0 250.0 71918.0
41 38 38 0.0 0.0 0.0 1175.0 12942.0 92.0 111482.0
41 38 39 0.0 0.0 0.0 837.0 8605.0 52.0 122232.0
41 38 40 0.0 0.0 0.0 631.0 7243.0 53.0 126028.0
41 38 41 0.0 0.0 0.0 621.0 7790.0 50.0 124422.0
41 38 42 0.0 2.0 0.0 827.0 11463.0 63.0 116696.0
41 38 43 0.0 0.0 3.0 1973.0 26209.0 211.0 79323.0
41 38 44 0.0 8.0 1.0 3151.0 41861.0 465.0 16515.0
41 38 45 0.0 1.0 0.0 390.0 5950.0 108.0 95.0
41 38 46 0.0 0.0 0.0 0.0 31.0 0.0 0.0
41 39 34 0.0 0.0 0.0 1.0 17.0 0.0 0.0
41 39 35 0.0 0.0 0.0 562.0 7351.0 114.0 138.0
41 39 36 0.0 0.0 0.0 3442.0 43156.0 507.0 23224.0
41 39 37 0.0 0.0 0.0 1950.0 21828.0 183.0 87402.0
41 39 38 0.0 0.0 3.0 747.0 8754.0 62.0 121744.0
41 39 39 0.0 0.0 0.0 322.0 3884.0 22.0 141082.0
41 39 40 0.0 0.0 0.0 303.0 3175.0 24.0 142572.0
41 39 41 0.0 0.0 0.0 285.0 3561.0 14.0 143451.0
41 39 42 0.0 1.0 1.0 645.0 7996.0 48.0 124450.0
41 39 43 0.0 0.0 4.0 1597.0 20483.0 162.0 91237.0
41 39 44 0.0 12.0 1.0 3546.0 43030.0 479.0 27820.0
41 39 45 0.0 0.0 0.0 680.0 9202.0 164.0 243.0
41 39 46 0.0 0.0 0.0 3.0 58.0 1.0 0.0
41 40 34 0.0 0.0 0.0 4.0 30.0 0.0 0.0
41 40 35 0.0 0.0 0.0 602.0 9025.0 171.0 270.0
41 40 36 0.0 1.0 0.0 3144.0 43832.0 530.0 27627.0
41 40 37 0.0 0.0 1.0 1568.0 20254.0 155.0 91712.0
41 40 38 0.0 1.0 0.0 611.0 7714.0 58.0 124759.0
41 40 39 0.0 0.0 1.0 251.0 3163.0 12.0 142570.0
41 40 40 0.0 1.0 0.0 246.0 2527.0 20.0 142959.0
41 40 41 0.0 0.0 0.0 238.0 3267.0 20.0 141475.0
41 40 42 0.0 0.0 1.0 595.0 7321.0 37.0 125833.0
41 40 43 0.0 1.0 0.0 1663.0 19504.0 161.0 93592.0
41 40 44 0.0 1.0 0.0 3516.0 43080.0 482.0 30224.0
41 40 45 0.0 0.0 0.0 721.0 9779.0 164.0 275.0
41 40 46 0.0 0.0 0.0 3.0 42.0 0.0 0.0
41 41 34 0.0 0.0 0.0 0.0 26.0 0.0 0.0
41 41 35 0.0 0.0 0.0 604.0 7550.0 106.0 163.0
41 41 36 0.0 0.0 0.0 3237.0 43516.0 493.0 24252.0
41 41 37 0.0 0.0 3.0 1971.0 22392.0 207.0 87381.0
41 41 38 0.0 0.0 1.0 688.0 8476.0 59.0 122853.0
41 41 39 0.0 0.0 0.0 345.0 3923.0 14.0 140261.0
41 41 40 0.0 0.0 0.0 262.0 3176.0 27.0 141936.0
41 41 41 0.0 0.0 1.0 331.0 3904.0 23.0 140916.0
41 41 42 0.0 2.0 0.0 693.0 8350.0 40.0 122237.0
41 41 43 0.0 0.0 0.0 1778.0 21528.0 180.0 88662.0
41 41 44 0.0 6.0 0.0 3520.0 43099.0 479.0 24316.0
41 41 45 0.0 0.0 0.0 616.0 7980.0 111.0 194.0
41 41 46 0.0 0.0 0.0 2.0 44.0 0.0 0.0
41 42 34 0.0 0.0 0.0 0.0 14.0 0.0 0.0
41 42 35 0.0 0.0 0.0 278.0 4404.0 83.0 48.0
41 42 36 0.0 0.0 0.0 3508.0 39741.0 559.0 13523.0
41 42 37 0.0 0.0 0.0 2621.0 28326.0 258.0 73832.0
41 42 38 0.0 0.0 0.0 1163.0 12826.0 78.0 112236.0
41 42 39 0.0 1.0 0.0 701.0 8660.0 41.0 122230.0
41 42 40 0.0 0.0 1.0 622.0 7623.0 44.0 124574.0
41 42 41 0.0 0.0 0.0 774.0 8634.0 58.0 121970.0
41 42 42 0.0 1.0 1.0 1141.0 12656.0 80.0 112619.0
41 42 43 0.0 0.0 1.0 2918.0 28522.0 243.0 72587.0
41 42 44 0.0 1.0 0.0 3685.0 39214.0 498.0 12549.0
41 42 45 0.0 0.0 0.0 299.0 4263.0 59.0 46.0
41 42 46 0.0 0.0 0.0 1.0 21.0 0.0 0.0
41 43 34 0.0 0.0 0.0 0.0 2.0 0.0 0.0
41 43 35 0.0 0.0 0.0 129.0 1599.0 25.0 7.0
41 43 36 0.0 0.0 0.0 2407.0 24991.0 370.0 3219.0
41 43 37 0.0 0.0 0.0 3772.0 39687.0 389.0 41802.0
41 43 38 0.0 0.0 0.0 2403.0 28523.0 256.0 73419.0
41 43 39 0.0 0.0 0.0 1631.0 22363.0 169.0 87103.0
41 43 40 0.0 0.0 0.0 1602.0 20186.0 170.0 90760.0
41 43 41 0.0 0.0 1.0 1920.0 22077.0 166.0 87407.0
41 43 42 0.0 0.0 0.0 2708.0 27807.0 243.0 74408.0
41 43 43 0.0 1.0 0.0 4120.0 39339.0 396.0 41889.0
41 43 44 0.0 0.0 0.0 2455.0 24693.0 381.0 3031.0
41 43 45 0.0 0.0 0.0 136.0 1410.0 23.0 1.0
41 43 46 0.0 0.0 0.0 0.0 6.0 0.0 0.0
41 44 34 0.0 0.0 0.0 0.0 1.0 0.0 0.0
41 44 35 0.0 0.0 0.0 24.0 234.0 5.0 0.0
41 44 36 0.0 0.0 0.0 624.0 7667.0 124.0 171.0
41 44 37 0.0 0.0 0.0 2354.0 24909.0 391.0 3305.0
41 44 38 0.0 0.0 2.0 2852.0 40161.0 542.0 12674.0
41 44 39 0.0 0.0 0.0 3507.0 42874.0 527.0 22610.0
41 44 40 0.0 0.0 0.0 3265.0 43755.0 509.0 27326.0
41 44 41 0.0 0.0 1.0 3625.0 43114.0 514.0 23075.0
41 44 42 0.0 5.0 0.0 3001.0 39431.0 521.0 12191.0
41 44 43 0.0 0.0 0.0 2016.0 25842.0 378.0 3194.0
41 44 44 0.0 0.0 0.0 717.0 6702.0 101.0 137.0
41 44 45 0.0 0.0 0.0 22.0 245.0 5.0 0.0
41 44 46 0.0 0.0 0.0 0.0 2.0 0.0 0.0
41 45 35 0.0 0.0 0.0 1.0 6.0 0.0 0.0
41 45 36 0.0 0.0 0.0 32.0 249.0 7.0 0.0
41 45 37 0.0 0.0 0.0 125.0 1492.0 35.0 6.0
41 45 38 0.0 0.0 0.0 273.0 4201.0 65.0 39.0
41 45 39 0.0 0.0 0.0 396.0 7291.0 108.0 148.0
41 45 40 0.0 0.0 0.0 712.0 8374.0 140.0 183.0
41 45 41 0.0 0.0 0.0 535.0 7366.0 115.0 134.0
41 45 42 0.0 0.0 5.0 504.0 4090.0 73.0 42.0
41 45 43 0.0 0.0 0.0 132.0 1421.0 27.0 5.0
41 45 44 0.0 0.0 0.0 32.0 287.0 6.0 1.0
41 45 45 0.0 0.0 0.0 0.0 10.0 0.0 0.0
41 46 37 0.0 0.0 0.0 0.0 6.0 0.0 0.0
41 46 38 0.0 0.0 0.0 0.0 14.0 0.0 0.0
41 46 39 0.0 0.0 0.0 4.0 30.0 1.0 0.0
41 46 40 0.0 0.0 0.0 5.0 44.0 0.0 0.0
41 46 41 0.0 0.0 0.0 3.0 37.0 1.0 0.0
41 46 42 0.0 0.0 0.0 3.0 12.0 0.0 0.0
41 46 43 0.0 0.0 0.0 0.0 2.0 0.0 0.0
42 34 37 0.0 0.0 0.0 0.0 6.0 0.0 0.0
42 34 38 0.0 0.0 0.0 0.0 4.0 0.0 0.0
42 34 39 0.0 0.0 0.0 0.0 17.0 1.0 0.0
42 34 40 0.0 0.0 0.0 7.0 34.0 1.0 0.0
42 34 41 0.0 0.0 0.0 1.0 14.0 1.0 0.0
42 34 42 0.0 0.0 0.0 2.0 10.0 1.0 0.0
42 34 43 0.0 0.0 0.0 0.0 2.0 0.0 0.0
42 35 35 0.0 0.0 0.0 0.0 1.0 0.0 0.0
42 35 36 0.0 0.0 0.0 23.0 138.0 4.0 0.0
42 35 37 0.0 0.0 0.0 74.0 839.0 15.0 1.0
42 35 38 0.0 0.0 0.0 258.0 2775.0 44.0 16.0
42 35 39 0.0 0.0 0.0 419.0 4826.0 92.0 58.0
42 35 40 0.0 0.0 0.0 447.0 6442.0 114.0 89.0
42 35 41 0.0 0.0 0.0 398.0 5439.0 101.0 83.0
42 35 42 0.0 0.0 0.0 269.0 3463.0 75.0 26.0
42 35 43 0.0 0.0 0.0 123.0 1212.0 16.0 2.0
42 35 44 0.0 0.0 0.0 17.0 256.0 1.0 0.0
42 35 45 0.0 0.0 0.0 1.0 7.0 1.0 0.0
42 36 35 0.0 0.0 0.0 14.0 173.0 3.0 0.0
42 36 36 0.0 0.0 0.0 315.0 4316.0 75.0 61.0
42 36 37 0.0 0.0 0.0 1923.0 17225.0 284.0 1274.0
42 36 38 0.0 1.0 0.0 3138.0 32117.0 489.0 6254.0
42 36 39 0.0 0.0 0.0 3259.0 40705.0 516.0 14640.0
42 36 40 0.0 0.0 0.0 3509.0 42574.0 524.0 18950.0
42 36 41 0.0 0.0 2.0 3329.0 41568.0 495.0 16665.0
42 36 42 0.0 0.0 0.0 2985.0 36813.0 482.0 9858.0
42 36 43 0.0 0.0 0.0 2100.0 21874.0 343.0 2248.0
42 36 44 0.0 1.0 0.0 402.0 7605.0 117.0 161.0
42 36 45 0.0 0.0 0.0 11.0 244.0 7.0 0.0
42 37 35 0.0 0.0 0.0 55.0 844.0 19.0 0.0
42 37 36 0.0 0.0 0.0 2300.0 17445.0 301.0 1418.0
42 37 37 0.0 0.0 0.0 3572.0 42353.0 497.0 28024.0
42 37 38 0.0 1.0 3.0 3178.0 34686.0 328.0 58521.0
42 37 39 0.0 0.0 3.0 2352.0 27551.0 264.0 75725.0
42 37 40 0.0 0.0 3.0 2042.0 25028.0 227.0 81111.0
42 37 41 0.0 1.0 1.0 2128.0 26114.0 198.0 79556.0
42 37 42 0.0 3.0 3.0 2196.0 32473.0 307.0 65838.0
42 37 43 0.0 1.0 6.0 2451.0 41676.0 450.0 36964.0
42 37 44 0.0 1.0 0.0 1868.0 23086.0 393.0 2479.0
42 37 45 0.0 0.0 0.0 91.0 1326.0 19.0 4.0
42 37 46 0.0 0.0 0.0 0.0 1.0 0.0 0.0
42 38 34 0.0 0.0 0.0 1.0 1.0 0.0 0.0
42 38 35 0.0 0.0 0.0 209.0 2466.0 38.0 12.0
42 38 36 0.0 0.0 6.0 2463.0 33421.0 466.0 7012.0
42 38 37 0.0 0.0 5.0 3001.0 35215.0 310.0 57854.0
42 38 38 0.0 1.0 0.0 1295.0 16405.0 129.0 103195.0
42 38 39 0.0 0.0 0.0 1033.0 12099.0 85.0 114398.0
42 38 40 0.0 1.0 0.0 899.0 10281.0 61.0 118694.0
42 38 41 0.0 0.0 2.0 868.0 11084.0 66.0 116981.0
42 38 42 0.0 0.0 0.0 980.0 14843.0 104.0 107686.0
42 38 43 0.0 0.0 0.0 2097.0 31806.0 279.0 67476.0
42 38 44 0.0 0.0 0.0 2405.0 37679.0 496.0 9652.0
42 38 45 0.0 0.0 0.0 279.0 3391.0 57.0 24.0
42 38 46 0.0 0.0 0.0 0.0 11.0 0.0 0.0
42 39 34 0.0 0.0 0.0 1.0 13.0 1.0 0.0
42 39 35 0.0 0.0 1.0 425.0 4270.0 86.0 51.0
42 39 36 0.0 0.0 0.0 3097.0 40434.0 522.0 13672.0
42 39 37 0.0 1.0 0.0 2366.0 28423.0 245.0 73612.0
42 39 38 0.0 1.0 1.0 1025.0 12362.0 89.0 113943.0
42 39 39 0.0 1.0 1.0 722.0 8266.0 50.0 122953.0
42 39 40 0.0 1.0 0.0 623.0 7087.0 44.0 126046.0
42 39 41 0.0 1.0 0.0 612.0 7885.0 48.0 124155.0
42 39 42 0.0 2.0 2.0 839.0 11496.0 76.0 116707.0
42 39 43 0.0 0.0 0.0 1874.0 26724.0 228.0 79227.0
42 39 44 0.0 0.0 0.0 2866.0 42285.0 486.0 16938.0
42 39 45 0.0 2.0 0.0 378.0 5571.0 101.0 85.0
42 39 46 0.0 0.0 0.0 2.0 15.0 0.0 0.0
42 40 34 0.0 0.0 0.0 5.0 25.0 1.0 0.0
42 40 35 0.0 0.0 0.0 327.0 5532.0 96.0 70.0
42 40 36 0.0 0.0 0.0 3584.0 41153.0 526.0 16199.0
42 40 37 0.0 0.0 0.0 1824.0 26911.0 222.0 78161.0
42 40 38 0.0 1.0 0.0 811.0 11579.0 91.0 115755.0
42 40 39 0.0 0.0 0.0 602.0 7436.0 50.0 125738.0
42 40 40 0.0 0.0 2.0 532.0 6522.0 43.0 126830.0
42 40 41 0.0 0.0 1.0 562.0 7293.0 42.0 125818.0
42 40 42 0.0 0.0 0.0 802.0 10665.0 62.0 117737.0
42 40 43 0.0 1.0 0.0 2208.0 25101.0 206.0 81351.0
42 40 44 0.0 0.0 1.0 3125.0 42657.0 556.0 19057.0
42 40 45 0.0 0.0 0.0 475.0 6256.0 87.0 106.0
42 40 46 0.0 0.0 0.0 2.0 24.0 0.0 0.0
42 41 34 0.0 0.0 0.0 2.0 12.0 1.0 0.0
42 41 35 0.0 0.0 0.0 367.0 4594.0 67.0 55.0
42 41 36 0.0 0.0 0.0 3008.0 39819.0 509.0 13422.0
42 41 37 0.0 0.0 1.0 2325.0 28978.0 238.0 72899.0
42 41 38 0.0 0.0 1.0 948.0 12804.0 75.0 112328.0
42 41 39 0.0 0.0 0.0 680.0 8748.0 40.0 121812.0
42 41 40 0.0 1.0 0.0 558.0 7613.0 59.0 125359.0
42 41 41 0.0 0.0 1.0 676.0 8501.0 48.0 123482.0
42 41 42 0.0 0.0 0.0 974.0 12503.0 78.0 113113.0
42 41 43 0.0 2.0 0.0 2053.0 27747.0 201.0 76151.0
42 41 44 0.0 0.0 0.0 3214.0 40451.0 553.0 14232.0
42 41 45 0.0 0.0 0.0 433.0 4773.0 77.0 61.0
42 41 46 0.0 0.0 0.0 0.0 15.0 0.0 0.0
42 42 34 0.0 0.0 0.0 0.0 6.0 0.0 0.0
42 42 35 0.0 0.0 0.0 172.0 2429.0 51.0 9.0
42 42 36 0.0 0.0 0.0 2477.0 33224.0 474.0 6739.0
42 42 37 0.0 0.0 3.0 3018.0 34960.0 322.0 57934.0
42 42 38 0.0 0.0 1.0 1504.0 18128.0 159.0 98650.0
42 42 39 0.0 2.0 2.0 983.0 12889.0 85.0 112401.0
42 42 40 0.0 0.0 0.0 866.0 11629.0 78.0 115601.0
42 42 41 0.0 1.0 0.0 1072.0 12208.0 75.0 112752.0
42 42 42 0.0 0.0 0.0 1444.0 17510.0 125.0 100031.0
42 42 43 0.0 1.0 0.0 2909.0 35387.0 380.0 57137.0
42 42 44 0.0 3.0 1.0 2492.0 32824.0 480.0 6287.0
42 42 45 0.0 0.0 0.0 213.0 2566.0 51.0 11.0
42 42 46 0.0 0.0 0.0 2.0 2.0 0.0 0.0
42 43 34 0.0 0.0 0.0 0.0 2.0 0.0 0.0
42 43 35 0.0 0.0 0.0 99.0 915.0 14.0 3.0
42 43 36 0.0 0.0 0.0 1518.0 17758.0 275.0 1280.0
42 43 37 0.0 0.0 1.0 4168.0 41143.0 497.0 25597.0
42 43 38 0.0 0.0 0.0 2754.0 35787.0 355.0 56785.0
42 43 39 0.0 0.0 2.0 2012.0 28843.0 246.0 73365.0
42 43 40 0.0 0.0 0.0 2193.0 27569.0 231.0 77138.0
42 43 41 0.0 0.0 0.0 2391.0 28841.0 272.0 73155.0
42 43 42 0.0 1.0 2.0 3055.0 35976.0 378.0 56344.0
42 43 43 0.0 0.0 0.0 3840.0 41544.0 449.0 27537.0
42 43 44 0.0 1.0 0.0 1938.0 17065.0 287.0 1226.0
42 43 45 0.0 0.0 0.0 78.0 874.0 15.0 1.0
42 43 46 0.0 0.0 0.0 0.0 17.0 2.0 0.0
42 44 35 0.0 0.0 0.0 13.0 141.0 3.0 0.0
42 44 36 0.0 0.0 0.0 446.0 4292.0 71.0 62.0
42 44 37 0.0 0.0 0.0 1603.0 16924.0 286.0 1146.0
42 44 38 0.0 0.0 0.0 2535.0 33126.0 475.0 6552.0
42 44 39 0.0 0.0 0.0 2614.0 40331.0 550.0 12987.0
42 44 40 0.0 1.0 2.0 3053.0 42028.0 480.0 16276.0
42 44 41 0.0 0.0 0.0 3540.0 39204.0 552.0 12477.0
42 44 42 0.0 0.0 0.0 3064.0 32174.0 475.0 6397.0
42 44 43 0.0 0.0 0.0 1487.0 17202.0 285.0 1301.0
42 44 44 0.0 0.0 0.0 388.0 4408.0 86.0 67.0
42 44 45 0.0 0.0 0.0 14.0 140.0 4.0 1.0
42 45 35 0.0 0.0 0.0 0.0 12.0 0.0 0.0
42 45 36 0.0 0.0 0.0 9.0 144.0 1.0 0.0
42 45 37 0.0 0.0 0.0 74.0 930.0 19.0 1.0
42 45 38 0.0 0.0 0.0 241.0 2496.0 51.0 15.0
42 45 39 0.0 0.0 0.0 279.0 4400.0 94.0 45.0
42 45 40 0.0 0.0 0.0 414.0 4971.0 86.0 62.0
42 45 41 0.0 0.0 0.0 394.0 4216.0 70.0 36.0
42 45 42 0.0 0.0 0.0 204.0 2359.0 42.0 15.0
42 45 43 0.0 0.0 0.0 112.0 824.0 16.0 1.0
42 45 44 0.0 0.0 0.0 8.0 124.0 3.0 0.0
42 45 45 0.0 0.0 0.0 1.0 8.0 1.0 0.0
42 46 37 0.0 0.0 0.0 0.0 2.0 0.0 0.0
42 46 38 0.0 0.0 0.0 0.0 5.0 0.0 0.0
42 46 39 0.0 0.0 0.0 0.0 9.0 0.0 0.0
42 46 40 0.0 0.0 0.0 0.0 25.0 0.0 0.0
42 46 41 0.0 0.0 0.0 1.0 24.0 0.0 0.0
42 46 42 0.0 0.0 0.0 1.0 7.0 1.0 0.0
42 46 43 0.0 0.0 0.0 0.0 1.0 0.0 0.0
43 34 38 0.0 0.0 0.0 0.0 2.0 0.0 0.0
43 34 39 0.0 0.0 0.0 0.0 4.0 0.0 0.0
43 34 40 0.0 0.0 0.0 0.0 7.0 0.0 0.0
43 34 41 0.0 0.0 0.0 0.0 2.0 0.0 0.0
43 34 42 0.0 0.0 0.0 0.0 1.0 0.0 0.0
43 34 43 0.0 0.0 0.0 0.0 2.0 0.0 0.0
43 35 35 0.0 0.0 0.0 0.0 2.0 1.0 0.0
43 35 36 0.0 0.0 0.0 4.0 46.0 2.0 0.0
43 35 37 0.0 0.0 0.0 20.0 335.0 4.0 2.0
43 35 38 0.0 0.0 0.0 105.0 1051.0 20.0 1.0
43 35 39 0.0 0.0 0.0 143.0 1826.0 27.0 14.0
43 35 40 0.0 0.0 0.0 213.0 2580.0 55.0 21.0
43 35 41 0.0 0.0 0.0 150.0 2060.0 36.0 7.0
43 35 42 0.0 0.0 0.0 75.0 1335.0 28.0 2.0
43 35 43 0.0 0.0 0.0 36.0 494.0 11.0 1.0
43 35 44 0.0 0.0 0.0 6.0 125.0 2.0 0.0
43 35 45 0.0 0.0 0.0 0.0 1.0 0.0 0.0
43 36 35 0.0 0.0 0.0 6.0 39.0 2.0 0.0
43 36 36 0.0 0.0 0.0 423.0 1700.0 34.0 10.0
43 36 37 0.0 0.0 0.0 808.0 8639.0 157.0 254.0
43 36 38 0.0 0.0 0.0 1850.0 19651.0 290.0 1765.0
43 36 39 0.0 0.0 1.0 2004.0 28628.0 417.0 4494.0
43 36 40 0.0 0.0 3.0 2758.0 32698.0 466.0 6668.0
43 36 41 0.0 0.0 0.0 2151.0 30213.0 450.0 5050.0
43 36 42 0.0 0.0 1.0 1509.0 22701.0 372.0 2363.0
43 36 43 0.0 0.0 0.0 939.0 12232.0 222.0 543.0
43 36 44 0.0 0.0 0.0 188.0 3308.0 59.0 29.0
43 36 45 0.0 0.0 0.0 0.0 92.0 1.0 0.0
43 37 35 0.0 0.0 1.0 32.0 331.0 9.0 0.0
43 37 36 0.0 0.0 0.0 602.0 8198.0 136.0 216.0
43 37 37 0.0 0.0 0.0 2465.0 35347.0 461.0 8938.0
43 37 38 0.0 0.0 0.0 3932.0 41400.0 491.0 30705.0
43 37 39 0.0 1.0 2.0 2854.0 38240.0 387.0 47930.0
43 37 40 0.0 0.0 2.0 2581.0 36702.0 357.0 53795.0
43 37 41 0.0 0.0 1.0 3146.0 37120.0 354.0 50137.0
43 37 42 0.0 1.0 0.0 2120.0 41686.0 398.0 38279.0
43 37 43 0.0 0.0 0.0 1742.0 41566.0 524.0 16217.0
43 37 44 0.0 0.0 0.0 1012.0 12515.0 220.0 572.0
43 37 45 0.0 0.0 0.0 59.0 429.0 0.0 1.0
43 38 34 0.0 0.0 0.0 0.0 2.0 0.0 0.0
43 38 35 0.0 0.0 0.0 43.0 829.0 16.0 0.0
43 38 36 0.0 0.0 0.0 1124.0 17920.0 318.0 1227.0
43 38 37 0.0 0.0 1.0 2985.0 42215.0 459.0 31971.0
43 38 38 0.0 2.0 0.0 3006.0 33789.0 347.0 60052.0
43 38 39 0.0 2.0 1.0 2253.0 26626.0 232.0 77745.0
43 38 40 0.0 0.0 0.0 1869.0 24899.0 246.0 82889.0
43 38 41 0.0 1.0 1.0 1892.0 25539.0 224.0 81052.0
43 38 42 0.0 1.0 0.0 2027.0 32794.0 294.0 65744.0
43 38 43 0.0 1.0 1.0 2282.0 41589.0 433.0 37555.0
43 38 44 0.0 0.0 0.0 1403.0 24146.0 319.0 2591.0
43 38 45 0.0 0.0 0.0 69.0 1327.0 27.0 4.0
43 38 46 0.0 0.0 0.0 0.0 3.0 0.0 0.0
43 39 34 0.0 0.0 0.0 0.0 2.0 0.0 0.0
43 39 35 0.0 0.0 0.0 118.0 1546.0 26.0 8.0
43 39 36 0.0 0.0 0.0 2024.0 25902.0 368.0 3488.0
43 39 37 0.0 0.0 2.0 2760.0 39582.0 366.0 45310.0
43 39 38 0.0 1.0 2.0 2104.0 28467.0 215.0 74431.0
43 39 39 0.0 0.0 1.0 1683.0 20820.0 163.0 90847.0
43 39 40 0.0 2.0 1.0 1540.0 19205.0 145.0 94245.0
43 39 41 0.0 1.0 1.0 1472.0 20190.0 137.0 91992.0
43 39 42 0.0 0.0 4.0 1700.0 25925.0 238.0 80375.0
43 39 43 0.0 1.0 0.0 2543.0 37751.0 358.0 50128.0
43 39 44 0.0 0.0 0.0 2108.0 31124.0 438.0 5578.0
43 39 45 0.0 1.0 0.0 137.0 2349.0 47.0 12.0
43 39 46 0.0 0.0 0.0 1.0 3.0 0.0 0.0
43 40 34 0.0 0.0 0.0 0.0 2.0 0.0 0.0
43 40 35 0.0 0.0 1.0 158.0 2199.0 38.0 13.0
43 40 36 0.0 0.0 0.0 1913.0 29659.0 408.0 4718.0
43 40 37 0.0 0.0 0.0 2428.0 38531.0 379.0 49163.0
43 40 38 0.0 0.0 2.0 1910.0 26550.0 235.0 78533.0
43 40 39 0.0 0.0 0.0 1498.0 20151.0 157.0 91801.0
43 40 40 0.0 0.0 1.0 1278.0 17739.0 122.0 97051.0
43 40 41 0.0 1.0 1.0 1554.0 19388.0 170.0 94029.0
43 40 42 0.0 1.0 3.0 1990.0 25517.0 232.0 81145.0
43 40 43 0.0 0.0 1.0 2384.0 37064.0 371.0 52808.0
43 40 44 0.0 0.0 0.0 2622.0 31838.0 478.0 6010.0
43 40 45 0.0 0.0 0.0 149.0 2726.0 47.0 22.0
43 40 46 0.0 0.0 0.0 1.0 10.0 0.0 0.0
43 41 34 0.0 0.0 0.0 0.0 1.0 0.0 0.0
43 41 35 0.0 0.0 0.0 122.0 1754.0 32.0 6.0
43 41 36 0.0 0.0 2.0 1835.0 25234.0 388.0 3008.0
43 41 37 0.0 0.0 0.0 2847.0 40557.0 405.0 42549.0
43 41 38 0.0 0.0 0.0 1982.0 29385.0 275.0 73011.0
43 41 39 0.0 1.0 0.0 1580.0 21942.0 165.0 88210.0
43 41 40 0.0 0.0 2.0 1522.0 20275.0 157.0 92542.0
43 41 41 0.0 1.0 1.0 1523.0 21434.0 174.0 89520.0
43 41 42 0.0 0.0 0.0 2247.0 28689.0 247.0 74423.0
43 41 43 0.0 1.0 0.0 2848.0 39180.0 398.0 45445.0
43 41 44 0.0 0.0 1.0 2226.0 27115.0 389.0 3869.0
43 41 45 0.0 0.0 0.0 183.0 1802.0 36.0 5.0
43 41 46 0.0 0.0 0.0 0.0 10.0 0.0 0.0
43 42 34 0.0 0.0 0.0 0.0 1.0 0.0 0.0
43 42 35 0.0 0.0 0.0 65.0 826.0 9.0 1.0
43 42 36 0.0 0.0 0.0 1166.0 16767.0 252.0 1164.0
43 42 37 0.0 0.0 0.0 2956.0 42821.0 497.0 27581.0
43 42 38 0.0 0.0 2.0 2384.0 36315.0 347.0 56772.0
43 42 39 0.0 0.0 1.0 1872.0 29085.0 259.0 73616.0
43 42 40 0.0 1.0 0.0 1792.0 26330.0 229.0 79411.0
43 42 41 0.0 0.0 3.0 2419.0 28399.0 231.0 73732.0
43 42 42 0.0 0.0 0.0 3061.0 34557.0 333.0 59013.0
43 42 43 0.0 4.0 0.0 3780.0 42267.0 483.0 26548.0
43 42 44 0.0 1.0 0.0 1350.0 19275.0 290.0 1565.0
43 42 45 0.0 0.0 0.0 40.0 988.0 12.0 2.0
43 43 35 0.0 0.0 0.0 37.0 290.0 7.0 0.0
43 43 36 0.0 0.0 0.0 742.0 7712.0 139.0 220.0
43 43 37 0.0 0.0 2.0 2294.0 32919.0 509.0 6594.0
43 43 38 0.0 0.0 0.0 2624.0 42949.0 514.0 26418.0
43 43 39 0.0 0.0 0.0 2101.0 41423.0 407.0 42242.0
43 43 40 0.0 1.0 0.0 3260.0 37795.0 383.0 49488.0
43 43 41 0.0 2.0 0.0 3265.0 39788.0 399.0 43334.0
43 43 42 0.0 5.0 0.0 4015.0 41855.0 491.0 26560.0
43 43 43 0.0 0.0 0.0 2041.0 34179.0 454.0 7342.0
43 43 44 0.0 0.0 0.0 508.0 7278.0 133.0 193.0
43 43 45 0.0 0.0 0.0 12.0 296.0 4.0 0.0
43 43 46 0.0 0.0 0.0 0.0 1.0 0.0 0.0
43 44 35 0.0 0.0 0.0 2.0 31.0 1.0 0.0
43 44 36 0.0 0.0 0.0 108.0 1486.0 20.0 1.0
43 44 37 0.0 0.0 0.0 604.0 7470.0 130.0 190.0
43 44 38 0.0 0.0 0.0 1131.0 17634.0 313.0 1182.0
43 44 39 0.0 1.0 0.0 1909.0 26312.0 381.0 3394.0
43 44 40 0.0 0.0 0.0 2180.0 28347.0 437.0 4429.0
43 44 41 0.0 0.0 1.0 2136.0 25802.0 396.0 3238.0
43 44 42 0.0 0.0 0.0 1247.0 17215.0 238.0 1168.0
43 44 43 0.0 0.0 0.0 636.0 8157.0 133.0 208.0
43 44 44 0.0 0.0 0.0 108.0 1542.0 27.0 9.0
43 44 45 0.0 0.0 0.0 4.0 27.0 0.0 0.0
43 45 35 0.0 0.0 0.0 0.0 1.0 0.0 0.0
43 45 36 0.0 0.0 0.0 4.0 45.0 1.0 0.0
43 45 37 0.0 0.0 0.0 22.0 313.0 5.0 0.0
43 45 38 0.0 0.0 0.0 89.0 795.0 14.0 0.0
43 45 39 0.0 0.0 0.0 107.0 1662.0 22.0 8.0
43 45 40 0.0 0.0 0.0 145.0 1944.0 35.0 10.0
43 45 41 0.0 0.0 0.0 111.0 1723.0 26.0 9.0
43 45 42 0.0 0.0 0.0 77.0 777.0 13.0 1.0
43 45 43 0.0 0.0 0.0 28.0 210.0 2.0 0.0
43 45 44 0.0 0.0 0.0 2.0 44.0 2.0 0.0
43 46 37 0.0 0.0 0.0 0.0 1.0 0.0 0.0
43 46 38 0.0 0.0 0.0 0.0 6.0 1.0 0.0
43 46 39 0.0 0.0 0.0 0.0 3.0 0.0 0.0
43 46 40 0.0 0.0 0.0 2.0 2.0 0.0 0.0
43 46 41 0.0 0.0 0.0 3.0 1.0 0.0 0.0
43 46 42 0.0 0.0 0.0 0.0 2.0 0.0 0.0
44 35 35 0.0 0.0 0.0 0.0 1.0 0.0 0.0
44 35 36 0.0 0.0 0.0 0.0 10.0 0.0 0.0
44 35 37 0.0 0.0 0.0 3.0 44.0 1.0 0.0
44 35 38 0.0 0.0 0.0 19.0 220.0 5.0 1.0
44 35 39 0.0 0.0 0.0 28.0 487.0 10.0 0.0
44 35 40 0.0 0.0 0.0 45.0 541.0 9.0 0.0
44 35 41 0.0 0.0 0.0 43.0 381.0 6.0 1.0
44 35 42 0.0 0.0 0.0 18.0 208.0 3.0 0.0
44 35 43 0.0 0.0 0.0 4.0 81.0 2.0 0.0
44 35 44 0.0 0.0 0.0 1.0 22.0 0.0 0.0
44 35 45 0.0 0.0 0.0 0.0 2.0 0.0 0.0
44 36 35 0.0 0.0 0.0 0.0 6.0 0.0 0.0
44 36 36 0.0 0.0 0.0 17.0 294.0 6.0 0.0
44 36 37 0.0 0.0 0.0 161.0 2066.0 37.0 23.0
44 36 38 0.0 0.0 0.0 464.0 5125.0 97.0 86.0
44 36 39 0.0 0.0 0.0 892.0 9544.0 183.0 339.0
44 36 40 0.0 0.0 1.0 804.0 11127.0 199.0 447.0
44 36 41 0.0 0.0 1.0 707.0 10408.0 179.0 413.0
44 36 42 0.0 0.0 0.0 536.0 6451.0 104.0 131.0
44 36 43 0.0 0.0 0.0 145.0 2824.0 45.0 14.0
44 36 44 0.0 0.0 0.0 43.0 853.0 10.0 1.0
44 36 45 0.0 0.0 0.0 0.0 30.0 0.0 0.0
44 37 35 0.0 0.0 0.0 4.0 44.0 0.0 0.0
44 37 36 0.0 0.0 0.0 159.0 1914.0 32.0 16.0
44 37 37 0.0 0.0 0.0 722.0 8717.0 149.0 253.0
44 37 38 0.0 0.0 0.0 1811.0 19868.0 292.0 1778.0
44 37 39 0.0 0.0 0.0 2343.0 29199.0 438.0 4739.0
44 37 40 0.0 0.0 0.0 2802.0 33392.0 503.0 6847.0
44 37 41 0.0 1.0 0.0 2693.0 31475.0 455.0 5872.0
44 37 42 0.0 0.0 6.0 1637.0 23875.0 374.0 2577.0
44 37 43 0.0 0.0 0.0 596.0 12529.0 187.0 587.0
44 37 44 0.0 0.0 0.0 188.0 2979.0 58.0 22.0
44 37 45 0.0 0.0 0.0 11.0 155.0 3.0 0.0
44 38 35 0.0 0.0 0.0 13.0 115.0 2.0 0.0
44 38 36 0.0 0.0 0.0 371.0 5167.0 77.0 80.0
44 38 37 0.0 0.0 0.0 1604.0 19807.0 318.0 1648.0
44 38 38 0.0 0.0 0.0 2375.0 34468.0 450.0 7570.0
44 38 39 0.0 5.0 0.0 3167.0 41267.0 544.0 16859.0
44 38 40 0.0 4.0 3.0 3352.0 42795.0 550.0 21179.0
44 38 41 0.0 0.0 0.0 3342.0 42557.0 539.0 18341.0
44 38 42 0.0 0.0 0.0 2243.0 38169.0 529.0 9941.0
44 38 43 0.0 0.0 0.0 1392.0 24398.0 351.0 2668.0
44 38 44 0.0 0.0 0.0 347.0 7040.0 105.0 165.0
44 38 45 0.0 0.0 0.0 7.0 284.0 5.0 0.0
44 38 46 0.0 0.0 0.0 1.0 0.0 0.0 0.0
44 39 34 0.0 0.0 0.0 0.0 1.0 0.0 0.0
44 39 35 0.0 0.0 0.0 31.0 235.0 6.0 0.0
44 39 36 0.0 0.0 0.0 602.0 8740.0 133.0 294.0
44 39 37 0.0 0.0 0.0 2003.0 27584.0 417.0 3929.0
44 39 38 0.0 0.0 0.0 3023.0 40837.0 528.0 14730.0
44 39 39 0.0 0.0 0.0 3412.0 43626.0 497.0 25873.0
44 39 40 0.0 1.0 3.0 3285.0 43324.0 485.0 31686.0
44 39 41 0.0 1.0 2.0 2948.0 43919.0 489.0 27562.0
44 39 42 0.0 9.0 1.0 2832.0 42549.0 504.0 17855.0
44 39 43 0.0 0.0 0.0 1807.0 31506.0 460.0 5516.0
44 39 44 0.0 0.0 0.0 656.0 10254.0 174.0 368.0
44 39 45 0.0 0.0 0.0 42.0 484.0 12.0 0.0
44 40 34 0.0 0.0 0.0 0.0 2.0 0.0 0.0
44 40 35 0.0 0.0 0.0 23.0 353.0 9.0 0.0
44 40 36 0.0 0.0 0.0 598.0 9184.0 169.0 284.0
44 40 37 0.0 0.0 0.0 1679.0 29488.0 420.0 4477.0
44 40 38 0.0 0.0 1.0 3676.0 41921.0 539.0 18143.0
44 40 39 0.0 0.0 0.0 3079.0 44282.0 484.0 29407.0
44 40 40 0.0 3.0 2.0 3250.0 42754.0 468.0 35335.0
44 40 41 0.0 4.0 2.0 2941.0 43723.0 513.0 31358.0
44 40 42 0.0 0.0 0.0 2984.0 42857.0 527.0 19129.0
44 40 43 0.0 1.0 3.0 2984.0 31325.0 467.0 6041.0
44 40 44 0.0 0.0 0.0 866.0 11188.0 158.0 409.0
44 40 45 0.0 0.0 0.0 35.0 421.0 10.0 0.0
44 41 35 0.0 0.0 0.0 14.0 231.0 3.0 0.0
44 41 36 0.0 0.0 0.0 322.0 8355.0 147.0 212.0
44 41 37 0.0 0.0 0.0 1549.0 27792.0 427.0 3843.0
44 41 38 0.0 0.0 0.0 2806.0 40434.0 487.0 13474.0
44 41 39 0.0 0.0 2.0 2843.0 44064.0 488.0 24562.0
44 41 40 0.0 1.0 2.0 3025.0 43834.0 486.0 30202.0
44 41 41 0.0 1.0 0.0 3205.0 43919.0 498.0 26575.0
44 41 42 0.0 1.0 0.0 3177.0 41345.0 535.0 15847.0
44 41 43 0.0 0.0 0.0 1968.0 27638.0 420.0 3879.0
44 41 44 0.0 0.0 0.0 507.0 8466.0 131.0 225.0
44 41 45 0.0 0.0 0.0 34.0 402.0 8.0 0.0
44 42 35 0.0 0.0 0.0 9.0 123.0 0.0 1.0
44 42 36 0.0 0.0 0.0 171.0 4331.0 73.0 57.0
44 42 37 0.0 0.0 0.0 1056.0 17842.0 278.0 1289.0
44 42 38 0.0 0.0 0.0 2200.0 33281.0 427.0 6514.0
44 42 39 0.0 0.0 0.0 2539.0 40488.0 525.0 13403.0
44 42 40 0.0 0.0 0.0 3116.0 42148.0 551.0 17047.0
44 42 41 0.0 0.0 0.0 2774.0 41329.0 525.0 14665.0
44 42 42 0.0 4.0 0.0 2570.0 34500.0 485.0 7623.0
44 42 43 0.0 0.0 0.0 1330.0 17282.0 280.0 1127.0
44 42 44 0.0 0.0 0.0 401.0 4554.0 85.0 83.0
44 42 45 0.0 0.0 0.0 17.0 178.0 4.0 0.0
44 43 35 0.0 0.0 0.0 2.0 27.0 0.0 0.0
44 43 36 0.0 0.0 0.0 89.0 1614.0 26.0 9.0
44 43 37 0.0 0.0 0.0 544.0 7296.0 122.0 168.0
44 43 38 0.0 0.0 0.0 931.0 18951.0 291.0 1514.0
44 43 39 0.0 0.0 0.0 1632.0 27378.0 411.0 3483.0
44 43 40 0.0 0.0 0.0 1971.0 28767.0 426.0 4290.0
44 43 41 0.0 0.0 0.0 2583.0 27840.0 437.0 4212.0
44 43 42 0.0 0.0 0.0 1749.0 19200.0 333.0 1651.0
44 43 43 0.0 0.0 0.0 516.0 7987.0 133.0 220.0
44 43 44 0.0 0.0 0.0 96.0 1911.0 32.0 10.0
44 43 45 0.0 0.0 0.0 0.0 48.0 2.0 0.0
44 44 35 0.0 0.0 0.0 0.0 1.0 0.0 0.0
44 44 36 0.0 0.0 0.0 20.0 265.0 9.0 1.0
44 44 37 0.0 0.0 0.0 68.0 1532.0 33.0 7.0
44 44 38 0.0 0.0 0.0 260.0 4121.0 68.0 43.0
44 44 39 0.0 0.0 0.0 388.0 7579.0 115.0 189.0
44 44 40 0.0 0.0 0.0 676.0 9831.0 142.0 321.0
44 44 41 0.0 0.0 0.0 654.0 8351.0 156.0 222.0
44 44 42 0.0 0.0 0.0 372.0 4227.0 82.0 56.0
44 44 43 0.0 0.0 0.0 104.0 1383.0 28.0 2.0
44 44 44 0.0 0.0 0.0 21.0 309.0 5.0 0.0
44 44 45 0.0 0.0 0.0 0.0 1.0 0.0 0.0
44 45 36 0.0 0.0 0.0 0.0 7.0 1.0 0.0
44 45 37 0.0 0.0 0.0 0.0 36.0 1.0 0.0
44 45 38 0.0 0.0 0.0 9.0 139.0 3.0 0.0
44 45 39 0.0 0.0 0.0 12.0 247.0 6.0 0.0
44 45 40 0.0 0.0 0.0 26.0 353.0 3.0 0.0
44 45 41 0.0 0.0 0.0 39.0 238.0 7.0 0.0
44 45 42 0.0 0.0 0.0 12.0 166.0 3.0 0.0
44 45 43 0.0 0.0 0.0 1.0 36.0 1.0 0.0
44 45 44 0.0 0.0 0.0 2.0 4.0 0.0 0.0
44 46 39 0.0 0.0 0.0 0.0 1.0 0.0 0.0
44 46 40 0.0 0.0 0.0 0.0 2.0 0.0 0.0
45 34 40 0.0 0.0 0.0 0.0 1.0 0.0 0.0
45 35 37 0.0 0.0 0.0 0.0 2.0 0.0 0.0
45 35 38 0.0 0.0 0.0 3.0 9.0 0.0 0.0
45 35 39 0.0 0.0 0.0 1.0 22.0 0.0 0.0
45 35 40 0.0 0.0 0.0 4.0 30.0 0.0 0.0
45 35 41 0.0 0.0 0.0 1.0 26.0 1.0 0.0
45 35 42 0.0 0.0 0.0 0.0 19.0 0.0 0.0
45 35 43 0.0 0.0 0.0 0.0 4.0 0.0 0.0
45 35 44 0.0 0.0 0.0 0.0 2.0 0.0 0.0
45 36 36 0.0 0.0 0.0 2.0 9.0 0.0 0.0
45 36 37 0.0 0.0 0.0 1.0 59.0 0.0 0.0
45 36 38 0.0 0.0 0.0 24.0 229.0 4.0 0.0
45 36 39 0.0 0.0 0.0 26.0 481.0 6.0 0.0
45 36 40 0.0 0.0 0.0 50.0 577.0 13.0 1.0
45 36 41 0.0 0.0 1.0 42.0 570.0 10.0 0.0
45 36 42 0.0 0.0 0.0 28.0 271.0 6.0 0.0
45 36 43 0.0 0.0 0.0 10.0 98.0 0.0 0.0
45 36 44 0.0 0.0 0.0 1.0 9.0 0.0 0.0
45 37 36 0.0 0.0 0.0 3.0 64.0 1.0 0.0
45 37 37 0.0 0.0 0.0 44.0 323.0 10.0 0.0
45 37 38 0.0 0.0 0.0 85.0 1085.0 24.0 1.0
45 37 39 0.0 0.0 0.0 165.0 2243.0 49.0 13.0
45 37 40 0.0 0.0 0.0 212.0 3050.0 53.0 23.0
45 37 41 0.0 0.0 0.0 153.0 2343.0 40.0 11.0
45 37 42 0.0 0.0 0.0 95.0 1184.0 17.0 3.0
45 37 43 0.0 0.0 0.0 61.0 518.0 13.0 1.0
45 37 44 0.0 0.0 0.0 5.0 112.0 0.0 0.0
45 37 45 0.0 0.0 0.0 0.0 4.0 0.0 0.0
45 38 35 0.0 0.0 0.0 3.0 7.0 0.0 0.0
45 38 36 0.0 0.0 0.0 24.0 178.0 4.0 0.0
45 38 37 0.0 0.0 0.0 78.0 1068.0 21.0 3.0
45 38 38 0.0 0.0 0.0 208.0 3008.0 53.0 16.0
45 38 39 0.0 0.0 0.0 464.0 5428.0 91.0 70.0
45 38 40 0.0 0.0 1.0 429.0 6683.0 128.0 123.0
45 38 41 0.0 0.0 0.0 396.0 5764.0 89.0 106.0
45 38 42 0.0 0.0 0.0 296.0 3488.0 62.0 25.0
45 38 43 0.0 0.0 0.0 73.0 1353.0 13.0 3.0
45 38 44 0.0 0.0 0.0 15.0 244.0 3.0 0.0
45 38 45 0.0 0.0 0.0 0.0 9.0 0.0 0.0
45 39 35 0.0 0.0 0.0 0.0 19.0 0.0 0.0
45 39 36 0.0 0.0 0.0 31.0 340.0 8.0 0.0
45 39 37 0.0 0.0 0.0 113.0 1818.0 28.0 9.0
45 39 38 0.0 0.0 0.0 380.0 5062.0 103.0 55.0
45 39 39 0.0 0.0 0.0 656.0 8563.0 151.0 208.0
45 39 40 0.0 0.0 0.0 761.0 10626.0 159.0 372.0
45 39 41 0.0 0.0 0.0 648.0 9658.0 156.0 257.0
45 39 42 0.0 0.0 0.0 434.0 5974.0 105.0 90.0
45 39 43 0.0 0.0 0.0 145.0 2322.0 48.0 16.0
45 39 44 0.0 0.0 0.0 30.0 499.0 9.0 0.0
45 39 45 0.0 0.0 0.0 9.0 18.0 0.0 0.0
45 40 35 0.0 0.0 0.0 0.0 21.0 0.0 0.0
45 40 36 0.0 0.0 0.0 44.0 415.0 12.0 0.0
45 40 37 0.0 0.0 0.0 175.0 2012.0 32.0 7.0
45 40 38 0.0 0.0 0.0 488.0 5829.0 110.0 94.0
45 40 39 0.0 0.0 0.0 760.0 9907.0 168.0 306.0
45 40 40 0.0 1.0 0.0 711.0 12147.0 225.0 446.0
45 40 41 0.0 1.0 0.0 736.0 10758.0 190.0 346.0
45 40 42 0.0 0.0 1.0 473.0 6620.0 107.0 111.0
45 40 43 0.0 0.0 0.0 161.0 2552.0 55.0 22.0
45 40 44 0.0 0.0 0.0 39.0 500.0 3.0 1.0
45 40 45 0.0 0.0 0.0 0.0 35.0 0.0 0.0
45 41 35 0.0 0.0 0.0 1.0 13.0 2.0 0.0
45 41 36 0.0 0.0 0.0 16.0 314.0 9.0 0.0
45 41 37 0.0 0.0 0.0 111.0 1679.0 35.0 8.0
45 41 38 0.0 0.0 0.0 287.0 4717.0 74.0 49.0
45 41 39 0.0 0.0 0.0 467.0 8535.0 165.0 210.0
45 41 40 0.0 0.0 0.0 668.0 9983.0 170.0 302.0
45 41 41 0.0 0.0 0.0 522.0 9152.0 153.0 234.0
45 41 42 0.0 0.0 0.0 311.0 5481.0 92.0 76.0
45 41 43 0.0 0.0 0.0 119.0 1829.0 28.0 5.0
45 41 44 0.0 0.0 0.0 20.0 307.0 5.0 0.0
45 41 45 0.0 0.0 0.0 4.0 20.0 0.0 0.0
45 42 35 0.0 0.0 0.0 0.0 5.0 0.0 0.0
45 42 36 0.0 0.0 0.0 6.0 160.0 4.0 0.0
45 42 37 0.0 0.0 0.0 81.0 931.0 19.0 2.0
45 42 38 0.0 0.0 0.0 132.0 2580.0 41.0 8.0
45 42 39 0.0 0.0 0.0 258.0 4839.0 85.0 61.0
45 42 40 0.0 0.0 0.0 408.0 5629.0 88.0 100.0
45 42 41 0.0 0.0 0.0 429.0 5247.0 80.0 75.0
45 42 42 0.0 0.0 0.0 284.0 3133.0 40.0 26.0
45 42 43 0.0 0.0 0.0 36.0 928.0 15.0 1.0
45 42 44 0.0 0.0 0.0 7.0 186.0 5.0 0.0
45 42 45 0.0 0.0 0.0 0.0 4.0 0.0 0.0
45 43 35 0.0 0.0 0.0 1.0 3.0 0.0 0.0
45 43 36 0.0 0.0 0.0 2.0 26.0 0.0 0.0
45 43 37 0.0 0.0 0.0 26.0 286.0 5.0 0.0
45 43 38 0.0 0.0 0.0 50.0 985.0 19.0 0.0
45 43 39 0.0 0.0 0.0 81.0 1564.0 21.0 7.0
45 43 40 0.0 0.0 0.0 143.0 2138.0 37.0 10.0
45 43 41 0.0 0.0 0.0 115.0 1846.0 38.0 6.0
45 43 42 0.0 0.0 0.0 79.0 923.0 13.0 3.0
45 43 43 0.0 0.0 0.0 13.0 244.0 4.0 0.0
45 43 44 0.0 0.0 0.0 7.0 50.0 1.0 0.0
45 43 45 0.0 0.0 0.0 0.0 1.0 0.0 0.0
45 44 36 0.0 0.0 0.0 0.0 3.0 0.0 0.0
45 44 37 0.0 0.0 0.0 10.0 42.0 0.0 0.0
45 44 38 0.0 0.0 0.0 14.0 156.0 4.0 0.0
45 44 39 0.0 0.0 0.0 18.0 310.0 2.0 1.0
45 44 40 0.0 0.0 0.0 15.0 427.0 11.0 0.0
45 44 41 0.0 0.0 0.0 23.0 285.0 7.0 0.0
45 44 42 0.0 0.0 0.0 11.0 160.0 0.0 0.0
45 44 43 0.0 0.0 0.0 16.0 36.0 0.0 0.0
45 44 44 0.0 0.0 0.0 1.0 1.0 0.0 0.0
45 45 37 0.0 0.0 0.0 0.0 4.0 0.0 0.0
45 45 38 0.0 0.0 0.0 0.0 10.0 0.0 0.0
45 45 39 0.0 0.0 0.0 0.0 13.0 0.0 0.0
45 45 40 0.0 0.0 0.0 1.0 23.0 0.0 0.0
45 45 41 0.0 0.0 0.0 0.0 18.0 1.0 0.0
45 45 42 0.0 0.0 0.0 1.0 8.0 0.0 0.0
45 45 43 0.0 0.0 0.0 0.0 1.0 0.0 0.0
46 36 39 0.0 0.0 0.0 0.0 2.0 0.0 0.0
46 36 40 0.0 0.0 0.0 0.0 1.0 0.0 0.0
46 37 37 0.0 0.0 0.0 0.0 1.0 0.0 0.0
46 37 38 0.0 0.0 0.0 1.0 3.0 0.0 0.0
46 37 39 0.0 0.0 0.0 1.0 13.0 0.0 0.0
46 37 40 0.0 0.0 0.0 1.0 4.0 0.0 0.0
46 37 41 0.0 0.0 0.0 0.0 12.0 1.0 0.0
46 37 42 0.0 0.0 0.0 0.0 4.0 0.0 0.0
46 37 43 0.0 0.0 0.0 0.0 2.0 0.0 0.0
46 38 38 0.0 0.0 0.0 1.0 7.0 0.0 0.0
46 38 39 0.0 0.0 0.0 0.0 16.0 0.0 0.0
46 38 40 0.0 0.0 0.0 2.0 35.0 0.0 0.0
46 38 41 0.0 0.0 0.0 2.0 32.0 1.0 0.0
46 38 42 0.0 0.0 0.0 2.0 11.0 0.0 0.0
46 38 43 0.0 0.0 0.0 0.0 2.0 0.0 0.0
46 39 37 0.0 0.0 0.0 0.0 2.0 0.0 0.0
46 39 38 0.0 0.0 0.0 1.0 16.0 0.0 0.0
46 39 39 0.0 0.0 0.0 7.0 43.0 2.0 0.0
46 39 40 0.0 0.0 0.0 1.0 72.0 1.0 0.0
46 39 41 0.0 0.0 0.0 2.0 50.0 0.0 0.0
46 39 42 0.0 0.0 0.0 2.0 31.0 0.0 0.0
46 39 43 0.0 0.0 0.0 9.0 6.0 0.0 0.0
46 40 37 0.0 0.0 0.0 0.0 3.0 0.0 0.0
46 40 38 0.0 0.0 0.0 0.0 16.0 1.0 0.0
46 40 39 0.0 0.0 0.0 2.0 43.0 0.0 0.0
46 40 40 0.0 0.0 0.0 2.0 55.0 1.0 0.0
46 40 41 0.0 0.0 0.0 4.0 75.0 1.0 0.0
46 40 42 0.0 0.0 0.0 0.0 31.0 0.0 0.0
46 40 43 0.0 0.0 0.0 0.0 4.0 0.0 0.0
46 41 37 0.0 0.0 0.0 0.0 2.0 0.0 0.0
46 41 38 0.0 0.0 0.0 1.0 20.0 0.0 0.0
46 41 39 0.0 0.0 0.0 5.0 37.0 1.0 0.0
46 41 40 0.0 0.0 0.0 0.0 65.0 2.0 1.0
46 41 41 0.0 0.0 0.0 2.0 53.0 1.0 0.0
46 41 42 0.0 0.0 0.0 1.0 22.0 1.0 0.0
46 41 43 0.0 0.0 0.0 0.0 2.0 0.0 0.0
46 42 38 0.0 0.0 0.0 0.0 8.0 0.0 0.0
46 42 39 0.0 0.0 0.0 0.0 14.0 1.0 0.0
46 42 40 0.0 0.0 0.0 1.0 31.0 1.0 0.0
46 42 41 0.0 0.0 0.0 1.0 22.0 0.0 0.0
46 42 42 0.0 0.0 0.0 1.0 9.0 0.0 0.0
46 42 43 0.0 0.0 0.0 1.0 3.0 0.0 0.0
46 43 38 0.0 0.0 0.0 0.0 7.0 0.0 0.0
46 43 39 0.0 0.0 0.0 0.0 6.0 0.0 0.0
46 43 40 0.0 0.0 0.0 0.0 3.0 0.0 0.0
46 43 41 0.0 0.0 0.0 1.0 4.0 0.0 0.0
46 43 43 0.0 0.0 0.0 0.0 1.0 0.0 0.0
46 44 41 0.0 0.0 0.0 0.0 1.0 0.0 0.0
