38 38 38 0.0 0.0 0.0 1.0 62.0 2.0 0.0
38 38 39 0.0 0.0 2.0 3.0 131.0 3.0 0.0
38 38 40 0.0 0.0 1.0 19.0 211.0 6.0 0.0
38 38 41 0.0 0.0 0.0 16.0 116.0 2.0 0.0
38 38 42 0.0 0.0 0.0 0.0 45.0 1.0 0.0
38 39 37 0.0 0.0 0.0 0.0 1.0 0.0 0.0
38 39 38 0.0 2.0 0.0 45.0 174.0 5.0 0.0
38 39 39 0.0 0.0 1.0 95.0 480.0 13.0 1.0
38 39 40 0.0 0.0 2.0 136.0 536.0 16.0 1.0
38 39 41 0.0 0.0 0.0 53.0 401.0 10.0 0.0
38 39 42 0.0 0.0 0.0 10.0 115.0 2.0 0.0
38 40 38 0.0 0.0 3.0 25.0 322.0 6.0 0.0
38 40 39 0.0 0.0 0.0 81.0 610.0 11.0 0.0
38 40 40 0.0 0.0 2.0 84.0 808.0 11.0 1.0
38 40 41 0.0 0.0 0.0 76.0 589.0 16.0 0.0
38 40 42 0.0 0.0 0.0 15.0 162.0 4.0 0.0
38 41 38 0.0 0.0 0.0 23.0 159.0 3.0 0.0
38 41 39 0.0 0.0 0.0 55.0 504.0 9.0 0.0
38 41 40 0.0 0.0 2.0 52.0 572.0 10.0 0.0
38 41 41 0.0 0.0 0.0 35.0 339.0 2.0 0.0
38 41 42 0.0 0.0 0.0 13.0 140.0 0.0 1.0
38 42 38 0.0 0.0 0.0 2.0 61.0 1.0 0.0
38 42 39 0.0 1.0 4.0 12.0 145.0 5.0 0.0
38 42 40 0.0 0.0 0.0 15.0 170.0 5.0 0.0
38 42 41 0.0 0.0 0.0 15.0 147.0 2.0 0.0
38 42 42 0.0 0.0 0.0 2.0 27.0 0.0 0.0
39 38 38 0.0 0.0 0.0 39.0 109.0 1.0 0.0
39 38 39 0.0 0.0 0.0 45.0 410.0 6.0 0.0
39 38 40 0.0 0.0 4.0 55.0 512.0 8.0 0.0
39 38 41 0.0 0.0 1.0 62.0 378.0 6.0 1.0
39 38 42 0.0 0.0 0.0 22.0 136.0 0.0 0.0
39 39 38 0.0 0.0 2.0 58.0 431.0 9.0 0.0
39 39 39 0.0 6.0 42.0 1677.0 17432.0 291.0 1593.0
39 39 40 0.0 5.0 45.0 2064.0 20008.0 335.0 2348.0
39 39 41 0.0 17.0 46.0 2310.0 16452.0 287.0 1546.0
39 39 42 0.0 0.0 1.0 31.0 464.0 8.0 0.0
39 40 38 0.0 1.0 0.0 75.0 627.0 11.0 1.0
39 40 39 0.0 7.0 36.0 3527.0 24186.0 392.0 4073.0
39 40 40 0.0 29.0 47.0 3122.0 24440.0 362.0 4066.0
39 40 41 0.0 19.0 95.0 2276.0 20940.0 341.0 2744.0
39 40 42 0.0 0.0 1.0 62.0 576.0 8.0 1.0
39 41 38 0.0 0.0 1.0 56.0 465.0 11.0 1.0
39 41 39 0.0 9.0 36.0 1945.0 19288.0 302.0 2131.0
39 41 40 0.0 22.0 74.0 1964.0 19727.0 331.0 2122.0
39 41 41 0.0 31.0 23.0 1961.0 17125.0 287.0 1631.0
39 41 42 0.0 0.0 2.0 83.0 360.0 8.0 0.0
39 41 43 0.0 0.0 0.0 0.0 1.0 0.0 0.0
39 42 38 0.0 0.0 0.0 19.0 149.0 5.0 0.0
39 42 39 0.0 1.0 1.0 77.0 421.0 9.0 1.0
39 42 40 0.0 0.0 0.0 107.0 519.0 14.0 0.0
39 42 41 0.0 0.0 3.0 53.0 385.0 5.0 0.0
39 42 42 0.0 0.0 0.0 16.0 119.0 3.0 0.0
40 38 38 0.0 0.0 0.0 20.0 174.0 2.0 0.0
40 38 39 0.0 0.0 0.0 55.0 571.0 7.0 0.0
40 38 40 0.0 0.0 1.0 145.0 817.0 16.0 0.0
40 38 41 0.0 0.0 2.0 64.0 657.0 13.0 2.0
40 38 42 0.0 0.0 0.0 28.0 247.0 6.0 0.0
40 39 38 0.0 0.0 0.0 93.0 664.0 13.0 1.0
40 39 39 0.0 0.0 51.0 2286.0 18487.0 292.0 1953.0
40 39 40 0.0 30.0 70.0 3381.0 25007.0 409.0 4280.0
40 39 41 0.0 23.0 84.0 3332.0 22612.0 398.0 3437.0
40 39 42 0.0 8.0 4.0 70.0 590.0 12.0 2.0
40 40 38 0.0 0.0 3.0 117.0 964.0 15.0 3.0
40 40 39 0.0 18.0 57.0 2747.0 22500.0 357.0 3107.0
40 40 40 0.0 25.0 80.0 2249.0 17586.0 195.0 72851.0
40 40 41 0.0 56.0 50.0 3609.0 25000.0 402.0 4334.0
40 40 42 0.0 0.0 5.0 80.0 925.0 22.0 1.0
40 41 38 0.0 0.0 1.0 59.0 703.0 12.0 1.0
40 41 39 0.0 22.0 51.0 2920.0 20818.0 330.0 2707.0
40 41 40 0.0 21.0 110.0 3006.0 25579.0 391.0 4445.0
40 41 41 0.0 35.0 83.0 3618.0 20034.0 337.0 2671.0
40 41 42 0.0 1.0 0.0 34.0 509.0 11.0 0.0
40 42 38 0.0 0.0 0.0 17.0 179.0 2.0 0.0
40 42 39 0.0 0.0 2.0 55.0 566.0 11.0 1.0
40 42 40 0.0 0.0 2.0 60.0 835.0 20.0 0.0
40 42 41 0.0 1.0 1.0 62.0 543.0 8.0 0.0
40 42 42 0.0 0.0 0.0 70.0 176.0 4.0 1.0
40 43 37 0.0 0.0 0.0 0.0 1.0 0.0 0.0
41 38 38 0.0 0.0 0.0 25.0 125.0 2.0 0.0
41 38 39 0.0 0.0 0.0 62.0 431.0 3.0 1.0
41 38 40 0.0 1.0 4.0 101.0 813.0 20.0 2.0
41 38 41 0.0 2.0 3.0 60.0 706.0 9.0 1.0
41 38 42 0.0 0.0 0.0 15.0 376.0 4.0 0.0
41 39 38 0.0 0.0 0.0 24.0 286.0 1.0 1.0
41 39 39 0.0 16.0 22.0 2503.0 18794.0 312.0 2151.0
41 39 40 0.0 47.0 67.0 3121.0 22655.0 365.0 3429.0
41 39 41 1.0 44.0 138.0 2230.0 27875.0 410.0 5360.0
41 39 42 0.0 1.0 3.0 81.0 643.0 12.0 2.0
41 40 38 0.0 0.0 1.0 96.0 529.0 7.0 0.0
41 40 39 0.0 3.0 39.0 2317.0 23652.0 346.0 3506.0
41 40 40 0.0 18.0 49.0 2355.0 26603.0 432.0 4566.0
41 40 41 2.0 14.0 33.0 1944.0 19881.0 312.0 2218.0
41 40 42 0.0 1.0 2.0 64.0 751.0 14.0 1.0
41 41 38 0.0 0.0 0.0 40.0 465.0 10.0 0.0
41 41 39 0.0 2.0 89.0 1584.0 17514.0 285.0 1542.0
41 41 40 0.0 23.0 60.0 2198.0 22281.0 350.0 2949.0
41 41 41 0.0 17.0 27.0 2206.0 18176.0 321.0 1929.0
41 41 42 0.0 5.0 0.0 69.0 387.0 4.0 0.0
41 42 38 0.0 0.0 0.0 28.0 140.0 0.0 0.0
41 42 39 0.0 1.0 1.0 30.0 471.0 11.0 0.0
41 42 40 0.0 0.0 0.0 73.0 537.0 7.0 1.0
41 42 41 0.0 0.0 2.0 42.0 391.0 5.0 0.0
41 42 42 0.0 0.0 0.0 21.0 177.0 2.0 0.0
42 37 39 0.0 0.0 0.0 0.0 1.0 0.0 0.0
42 38 38 0.0 0.0 0.0 7.0 138.0 4.0 0.0
42 38 39 0.0 0.0 0.0 16.0 181.0 3.0 0.0
42 38 40 0.0 0.0 0.0 43.0 362.0 8.0 0.0
42 38 41 0.0 0.0 1.0 21.0 316.0 5.0 0.0
42 38 42 0.0 0.0 0.0 16.0 164.0 1.0 0.0
42 39 38 0.0 0.0 0.0 11.0 225.0 4.0 0.0
42 39 39 0.0 0.0 0.0 70.0 432.0 11.0 0.0
42 39 40 0.0 0.0 1.0 123.0 978.0 16.0 1.0
42 39 41 0.0 0.0 1.0 79.0 694.0 9.0 0.0
42 39 42 0.0 0.0 0.0 20.0 399.0 12.0 0.0
42 40 38 0.0 0.0 1.0 23.0 202.0 4.0 0.0
42 40 39 0.0 0.0 0.0 52.0 751.0 13.0 0.0
42 40 40 0.0 0.0 0.0 76.0 962.0 17.0 1.0
42 40 41 0.0 3.0 1.0 80.0 759.0 15.0 1.0
42 40 42 0.0 0.0 1.0 38.0 321.0 0.0 0.0
42 41 37 0.0 0.0 0.0 0.0 1.0 0.0 0.0
42 41 38 0.0 0.0 0.0 11.0 146.0 5.0 0.0
42 41 39 0.0 0.0 2.0 30.0 431.0 7.0 0.0
42 41 40 0.0 0.0 2.0 43.0 740.0 15.0 2.0
42 41 41 0.0 1.0 0.0 37.0 448.0 4.0 0.0
42 41 42 0.0 0.0 0.0 12.0 182.0 6.0 0.0
42 42 38 0.0 0.0 0.0 12.0 30.0 1.0 0.0
42 42 39 0.0 0.0 0.0 19.0 173.0 3.0 1.0
42 42 40 0.0 0.0 0.0 23.0 259.0 7.0 0.0
42 42 41 0.0 0.0 0.0 53.0 156.0 6.0 0.0
42 42 42 0.0 0.0 0.0 5.0 33.0 2.0 0.0
43 39 39 0.0 0.0 0.0 0.0 1.0 0.0 0.0
43 40 39 0.0 0.0 0.0 0.0 1.0 0.0 0.0
43 41 39 0.0 0.0 0.0 0.0 1.0 0.0 0.0
