35 36 39 0.0 0.0 0.0 0.0 3.0 0.0 0.0
35 36 40 0.0 0.0 0.0 1.0 1.0 0.0 0.0
35 37 37 0.0 0.0 0.0 0.0 1.0 0.0 0.0
35 37 38 0.0 0.0 0.0 0.0 9.0 0.0 0.0
35 37 39 0.0 0.0 0.0 4.0 26.0 0.0 0.0
35 37 40 0.0 0.0 0.0 1.0 29.0 0.0 0.0
35 37 41 0.0 0.0 0.0 3.0 26.0 1.0 0.0
35 37 42 0.0 0.0 0.0 5.0 10.0 0.0 0.0
35 38 37 0.0 0.0 0.0 3.0 9.0 0.0 0.0
35 38 38 0.0 0.0 0.0 8.0 31.0 1.0 0.0
35 38 39 0.0 0.0 0.0 5.0 95.0 2.0 0.0
35 38 40 0.0 0.0 0.0 17.0 116.0 1.0 0.0
35 38 41 0.0 0.0 0.0 13.0 61.0 2.0 0.0
35 38 42 0.0 0.0 0.0 1.0 29.0 0.0 0.0
35 38 43 0.0 0.0 0.0 0.0 9.0 0.0 0.0
35 39 36 0.0 0.0 0.0 1.0 3.0 0.0 0.0
35 39 37 0.0 0.0 0.0 2.0 10.0 0.0 0.0
35 39 38 0.0 0.0 0.0 4.0 76.0 1.0 0.0
35 39 39 0.0 0.0 0.0 22.0 170.0 2.0 0.0
35 39 40 0.0 0.0 0.0 28.0 226.0 4.0 0.0
35 39 41 0.0 0.0 0.0 32.0 138.0 1.0 0.0
35 39 42 0.0 0.0 0.0 11.0 97.0 1.0 0.0
35 39 43 0.0 0.0 0.0 0.0 36.0 1.0 0.0
35 40 36 0.0 0.0 0.0 4.0 8.0 0.0 0.0
35 40 37 0.0 0.0 0.0 9.0 35.0 0.0 0.0
35 40 38 0.0 0.0 0.0 13.0 109.0 0.0 0.0
35 40 39 0.0 0.0 0.0 33.0 202.0 3.0 0.0
35 40 40 0.0 0.0 0.0 22.0 226.0 4.0 0.0
35 40 41 0.0 0.0 0.0 7.0 253.0 1.0 0.0
35 40 42 0.0 0.0 0.0 13.0 65.0 2.0 0.0
35 40 43 0.0 0.0 0.0 8.0 13.0 0.0 0.0
35 40 44 0.0 0.0 0.0 0.0 3.0 0.0 0.0
35 41 36 0.0 0.0 0.0 0.0 1.0 0.0 0.0
35 41 37 0.0 0.0 0.0 0.0 18.0 0.0 0.0
35 41 38 0.0 0.0 0.0 7.0 82.0 1.0 0.0
35 41 39 0.0 0.0 0.0 11.0 218.0 8.0 0.0
35 41 40 0.0 0.0 0.0 20.0 213.0 4.0 0.0
35 41 41 0.0 0.0 0.0 16.0 146.0 2.0 0.0
35 41 42 0.0 0.0 0.0 11.0 76.0 1.0 0.0
35 41 43 0.0 0.0 0.0 2.0 10.0 0.0 0.0
35 41 44 0.0 0.0 0.0 0.0 1.0 0.0 0.0
35 42 37 0.0 0.0 0.0 0.0 9.0 1.0 0.0
35 42 38 0.0 0.0 0.0 7.0 43.0 0.0 0.0
35 42 39 0.0 0.0 0.0 4.0 71.0 1.0 0.0
35 42 40 0.0 0.0 0.0 5.0 124.0 3.0 0.0
35 42 41 0.0 0.0 0.0 6.0 86.0 2.0 0.0
35 42 42 0.0 0.0 0.0 4.0 31.0 1.0 0.0
35 42 43 0.0 0.0 0.0 2.0 8.0 1.0 0.0
35 42 44 0.0 0.0 0.0 0.0 1.0 0.0 0.0
35 43 37 0.0 0.0 0.0 0.0 1.0 0.0 0.0
35 43 38 0.0 0.0 0.0 5.0 3.0 0.0 0.0
35 43 39 0.0 0.0 0.0 1.0 8.0 0.0 0.0
35 43 40 0.0 0.0 0.0 3.0 11.0 0.0 0.0
35 43 41 0.0 0.0 0.0 2.0 13.0 0.0 0.0
35 43 42 0.0 0.0 0.0 0.0 2.0 0.0 0.0
35 44 41 0.0 0.0 0.0 0.0 1.0 0.0 0.0
36 35 37 0.0 0.0 0.0 0.0 1.0 0.0 0.0
36 35 38 0.0 0.0 0.0 0.0 1.0 0.0 0.0
36 35 41 0.0 0.0 0.0 0.0 6.0 0.0 0.0
36 36 36 0.0 0.0 0.0 0.0 9.0 0.0 0.0
36 36 37 0.0 0.0 0.0 6.0 73.0 4.0 0.0
36 36 38 0.0 0.0 0.0 7.0 138.0 2.0 0.0
36 36 39 0.0 0.0 0.0 20.0 350.0 3.0 1.0
36 36 40 0.0 0.0 0.0 24.0 437.0 4.0 0.0
36 36 41 0.0 0.0 0.0 43.0 313.0 4.0 0.0
36 36 42 0.0 0.0 0.0 9.0 172.0 6.0 0.0
36 36 43 0.0 0.0 0.0 6.0 44.0 0.0 0.0
36 36 44 0.0 0.0 0.0 1.0 1.0 0.0 0.0
36 37 36 0.0 0.0 0.0 7.0 50.0 1.0 0.0
36 37 37 0.0 0.0 0.0 27.0 527.0 5.0 1.0
36 37 38 0.0 0.0 0.0 113.0 1366.0 32.0 10.0
36 37 39 0.0 0.0 0.0 224.0 2972.0 44.0 16.0
36 37 40 0.0 0.0 0.0 295.0 3437.0 62.0 35.0
36 37 41 0.0 0.0 0.0 243.0 2614.0 50.0 19.0
36 37 42 0.0 0.0 0.0 183.0 1579.0 28.0 16.0
36 37 43 0.0 0.0 0.0 30.0 343.0 7.0 0.0
36 37 44 0.0 0.0 0.0 1.0 45.0 0.0 0.0
36 38 36 0.0 0.0 0.0 12.0 128.0 2.0 0.0
36 38 37 0.0 0.0 2.0 134.0 1837.0 30.0 8.0
36 38 38 0.0 0.0 0.0 502.0 5268.0 72.0 85.0
36 38 39 0.0 0.0 0.0 721.0 8663.0 136.0 215.0
36 38 40 0.0 0.0 2.0 960.0 10985.0 191.0 418.0
36 38 41 0.0 0.0 0.0 695.0 8603.0 122.0 216.0
36 38 42 0.0 0.0 0.0 408.0 4638.0 87.0 55.0
36 38 43 0.0 0.0 0.0 192.0 1395.0 32.0 4.0
36 38 44 0.0 0.0 0.0 13.0 124.0 1.0 0.0
36 38 45 0.0 0.0 0.0 0.0 1.0 0.0 0.0
36 39 35 0.0 0.0 0.0 1.0 3.0 0.0 0.0
36 39 36 0.0 0.0 0.0 23.0 409.0 4.0 0.0
36 39 37 0.0 0.0 0.0 232.0 3522.0 64.0 38.0
36 39 38 0.0 1.0 2.0 1073.0 9134.0 164.0 271.0
36 39 39 0.0 0.0 4.0 1413.0 15314.0 257.0 937.0
36 39 40 0.0 0.0 1.0 1849.0 17077.0 284.0 1143.0
36 39 41 0.0 0.0 0.0 1528.0 14718.0 238.0 804.0
36 39 42 0.0 0.0 0.0 857.0 8323.0 171.0 225.0
36 39 43 0.0 0.0 3.0 251.0 2750.0 50.0 30.0
36 39 44 0.0 0.0 0.0 15.0 300.0 6.0 0.0
36 39 45 0.0 0.0 0.0 0.0 1.0 0.0 0.0
36 40 35 0.0 0.0 0.0 0.0 8.0 0.0 0.0
36 40 36 0.0 0.0 0.0 40.0 540.0 11.0 0.0
36 40 37 0.0 0.0 2.0 372.0 3989.0 76.0 49.0
36 40 38 0.0 0.0 0.0 894.0 10977.0 181.0 395.0
36 40 39 0.0 0.0 0.0 1602.0 17674.0 284.0 1269.0
36 40 40 0.0 0.0 5.0 1730.0 20005.0 293.0 1620.0
36 40 41 0.0 0.0 0.0 1533.0 16473.0 264.0 1041.0
36 40 42 0.0 0.0 0.0 1056.0 10000.0 178.0 349.0
36 40 43 0.0 0.0 0.0 477.0 3171.0 61.0 20.0
36 40 44 0.0 0.0 0.0 72.0 424.0 7.0 1.0
36 40 45 0.0 0.0 0.0 1.0 6.0 0.0 0.0
36 41 35 0.0 0.0 0.0 0.0 3.0 0.0 0.0
36 41 36 0.0 0.0 0.0 29.0 422.0 9.0 1.0
36 41 37 0.0 0.0 1.0 240.0 3194.0 65.0 21.0
36 41 38 0.0 0.0 0.0 682.0 9598.0 144.0 266.0
36 41 39 0.0 0.0 0.0 1267.0 14924.0 255.0 764.0
36 41 40 0.0 2.0 1.0 1426.0 17617.0 254.0 1139.0
36 41 41 0.0 0.0 2.0 1420.0 14517.0 235.0 763.0
36 41 42 0.0 1.0 0.0 785.0 8294.0 132.0 215.0
36 41 43 0.0 0.0 0.0 213.0 2826.0 61.0 22.0
36 41 44 0.0 0.0 0.0 14.0 276.0 5.0 0.0
36 41 45 0.0 0.0 0.0 0.0 2.0 0.0 0.0
36 42 35 0.0 0.0 0.0 0.0 1.0 0.0 0.0
36 42 36 0.0 0.0 0.0 27.0 254.0 3.0 0.0
36 42 37 0.0 0.0 0.0 173.0 1801.0 27.0 11.0
36 42 38 0.0 0.0 0.0 481.0 5109.0 98.0 83.0
36 42 39 0.0 0.0 0.0 824.0 8319.0 149.0 224.0
36 42 40 0.0 1.0 0.0 911.0 9825.0 172.0 277.0
36 42 41 0.0 0.0 0.0 755.0 8096.0 161.0 212.0
36 42 42 0.0 0.0 0.0 276.0 4457.0 79.0 55.0
36 42 43 0.0 0.0 0.0 134.0 1631.0 29.0 5.0
36 42 44 0.0 0.0 0.0 8.0 139.0 2.0 0.0
36 43 36 0.0 0.0 0.0 4.0 35.0 2.0 0.0
36 43 37 0.0 0.0 0.0 63.0 464.0 12.0 0.0
36 43 38 0.0 0.0 0.0 111.0 1488.0 22.0 9.0
36 43 39 0.0 0.0 0.0 320.0 2699.0 58.0 15.0
36 43 40 0.0 0.0 0.0 242.0 3255.0 62.0 29.0
36 43 41 0.0 0.0 0.0 250.0 3024.0 50.0 25.0
36 43 42 0.0 0.0 0.0 89.0 1395.0 25.0 5.0
36 43 43 0.0 0.0 0.0 25.0 375.0 7.0 0.0
36 43 44 0.0 0.0 0.0 0.0 27.0 0.0 0.0
36 44 36 0.0 0.0 0.0 2.0 11.0 1.0 0.0
36 44 37 0.0 0.0 0.0 3.0 37.0 1.0 0.0
36 44 38 0.0 0.0 0.0 15.0 174.0 3.0 0.0
36 44 39 0.0 0.0 0.0 26.0 346.0 4.0 1.0
36 44 40 0.0 0.0 0.0 32.0 407.0 6.0 1.0
36 44 41 0.0 0.0 0.0 28.0 279.0 3.0 0.0
36 44 42 0.0 0.0 0.0 14.0 157.0 2.0 0.0
36 44 43 0.0 0.0 0.0 1.0 25.0 1.0 0.0
36 44 44 0.0 0.0 0.0 0.0 1.0 0.0 0.0
36 45 39 0.0 0.0 0.0 0.0 2.0 0.0 0.0
36 45 41 0.0 0.0 0.0 0.0 3.0 0.0 0.0
37 35 37 0.0 0.0 0.0 0.0 2.0 0.0 0.0
37 35 38 0.0 0.0 0.0 1.0 8.0 0.0 0.0
37 35 39 0.0 0.0 0.0 1.0 14.0 0.0 0.0
37 35 40 0.0 0.0 0.0 0.0 29.0 0.0 0.0
37 35 41 0.0 0.0 0.0 1.0 12.0 0.0 0.0
37 35 42 0.0 0.0 0.0 0.0 6.0 0.0 0.0
37 35 43 0.0 0.0 0.0 0.0 1.0 0.0 0.0
37 36 36 0.0 0.0 0.0 1.0 41.0 0.0 0.0
37 36 37 0.0 0.0 0.0 26.0 348.0 6.0 0.0
37 36 38 0.0 0.0 0.0 149.0 1311.0 23.0 6.0
37 36 39 0.0 0.0 0.0 231.0 2667.0 53.0 22.0
37 36 40 0.0 0.0 0.0 225.0 3700.0 72.0 25.0
37 36 41 0.0 0.0 0.0 266.0 2889.0 46.0 27.0
37 36 42 0.0 0.0 0.0 89.0 1579.0 25.0 10.0
37 36 43 0.0 0.0 0.0 65.0 355.0 6.0 0.0
37 36 44 0.0 0.0 0.0 3.0 39.0 3.0 0.0
37 37 35 0.0 0.0 0.0 0.0 3.0 0.0 0.0
37 37 36 0.0 0.0 0.0 40.0 455.0 3.0 0.0
37 37 37 0.0 0.0 0.0 497.0 7292.0 111.0 152.0
37 37 38 0.0 0.0 0.0 1486.0 18145.0 288.0 1528.0
37 37 39 0.0 0.0 0.0 1916.0 26154.0 413.0 3486.0
37 37 40 0.0 1.0 3.0 2261.0 29981.0 407.0 5336.0
37 37 41 0.0 1.0 1.0 2194.0 27412.0 417.0 4160.0
37 37 42 0.0 0.0 0.0 1528.0 18165.0 291.0 1482.0
37 37 43 0.0 0.0 0.0 457.0 5703.0 93.0 117.0
37 37 44 0.0 0.0 0.0 37.0 486.0 7.0 0.0
37 37 45 0.0 0.0 0.0 0.0 2.0 0.0 0.0
37 38 35 0.0 0.0 0.0 1.0 12.0 0.0 0.0
37 38 36 0.0 0.0 0.0 139.0 1474.0 27.0 6.0
37 38 37 0.0 0.0 2.0 1720.0 18152.0 272.0 1513.0
37 38 38 0.0 0.0 4.0 4096.0 36175.0 462.0 11203.0
37 38 39 0.0 0.0 0.0 3973.0 41979.0 508.0 22102.0
37 38 40 0.0 3.0 1.0 4256.0 41926.0 491.0 26770.0
37 38 41 0.0 0.0 1.0 4329.0 41208.0 486.0 20971.0
37 38 42 0.0 0.0 3.0 3772.0 34228.0 449.0 9092.0
37 38 43 0.0 0.0 0.0 1211.0 16869.0 268.0 1281.0
37 38 44 0.0 0.0 0.0 89.0 1460.0 27.0 3.0
37 38 45 0.0 0.0 0.0 0.0 7.0 0.0 0.0
37 39 35 0.0 0.0 0.0 1.0 23.0 0.0 0.0
37 39 36 0.0 0.0 0.0 290.0 3498.0 64.0 47.0
37 39 37 0.0 0.0 0.0 2638.0 29564.0 435.0 5198.0
37 39 38 0.0 0.0 12.0 3478.0 43097.0 562.0 24227.0
37 39 39 0.0 0.0 7.0 4049.0 40542.0 412.0 39694.0
37 39 40 0.0 2.0 2.0 3995.0 39285.0 409.0 44451.0
37 39 41 0.0 2.0 1.0 4211.0 40588.0 437.0 38644.0
37 39 42 0.0 0.0 2.0 4519.0 41514.0 526.0 21398.0
37 39 43 0.0 0.0 0.0 2558.0 26206.0 422.0 3752.0
37 39 44 0.0 0.0 0.0 237.0 2994.0 58.0 18.0
37 39 45 0.0 0.0 0.0 0.0 9.0 1.0 0.0
37 40 35 0.0 0.0 0.0 1.0 43.0 1.0 0.0
37 40 36 0.0 0.0 0.0 394.0 3958.0 58.0 44.0
37 40 37 0.0 10.0 0.0 3054.0 31681.0 448.0 6298.0
37 40 38 0.0 6.0 4.0 3893.0 42319.0 476.0 28640.0
37 40 39 0.0 1.0 0.0 3638.0 39476.0 404.0 45366.0
37 40 40 0.0 0.0 2.0 3444.0 37769.0 343.0 50745.0
37 40 41 0.0 1.0 2.0 3911.0 39925.0 414.0 43890.0
37 40 42 0.0 0.0 1.0 4194.0 41626.0 502.0 25250.0
37 40 43 0.0 0.0 0.0 2124.0 30696.0 435.0 5419.0
37 40 44 0.0 0.0 0.0 291.0 3581.0 51.0 32.0
37 40 45 0.0 0.0 0.0 2.0 18.0 0.0 0.0
37 41 35 0.0 0.0 0.0 1.0 15.0 0.0 0.0
37 41 36 0.0 0.0 0.0 229.0 3222.0 58.0 37.0
37 41 37 0.0 1.0 0.0 2140.0 30937.0 445.0 5875.0
37 41 38 0.0 2.0 0.0 3253.0 42740.0 534.0 22580.0
37 41 39 0.0 1.0 2.0 3543.0 41075.0 417.0 40040.0
37 41 40 0.0 4.0 9.0 3839.0 39619.0 449.0 44054.0
37 41 41 0.0 2.0 3.0 3650.0 41734.0 450.0 36914.0
37 41 42 0.0 0.0 2.0 3548.0 41846.0 513.0 22333.0
37 41 43 0.0 0.0 2.0 2245.0 26442.0 385.0 3854.0
37 41 44 0.0 0.0 0.0 290.0 2936.0 45.0 21.0
37 41 45 0.0 0.0 0.0 0.0 21.0 0.0 0.0
37 42 35 0.0 0.0 0.0 1.0 18.0 1.0 0.0
37 42 36 0.0 0.0 0.0 115.0 1684.0 27.0 10.0
37 42 37 0.0 0.0 0.0 1758.0 18746.0 312.0 1622.0
37 42 38 0.0 6.0 2.0 3256.0 36477.0 502.0 10459.0
37 42 39 0.0 0.0 0.0 3852.0 42411.0 512.0 22356.0
37 42 40 0.0 1.0 5.0 3817.0 42547.0 535.0 25848.0
37 42 41 0.0 0.0 3.0 2997.0 42582.0 487.0 21303.0
37 42 42 0.0 0.0 0.0 2750.0 36205.0 538.0 9099.0
37 42 43 0.0 0.0 0.0 1979.0 17663.0 295.0 1491.0
37 42 44 0.0 0.0 0.0 85.0 1372.0 26.0 3.0
37 42 45 0.0 0.0 0.0 0.0 5.0 0.0 0.0
37 43 35 0.0 0.0 0.0 0.0 3.0 0.0 0.0
37 43 36 0.0 0.0 0.0 42.0 585.0 9.0 2.0
37 43 37 0.0 0.0 0.0 685.0 6769.0 113.0 157.0
37 43 38 0.0 0.0 5.0 1288.0 16702.0 258.0 1136.0
37 43 39 0.0 0.0 1.0 2694.0 27982.0 462.0 4579.0
37 43 40 0.0 0.0 1.0 2613.0 29885.0 441.0 5364.0
37 43 41 0.0 0.0 0.0 2444.0 26338.0 423.0 3748.0
37 43 42 0.0 5.0 0.0 1408.0 18196.0 285.0 1488.0
37 43 43 0.0 0.0 0.0 403.0 6251.0 94.0 129.0
37 43 44 0.0 0.0 0.0 39.0 443.0 9.0 0.0
37 43 45 0.0 0.0 0.0 0.0 4.0 0.0 0.0
37 44 36 0.0 0.0 0.0 6.0 24.0 0.0 0.0
37 44 37 0.0 0.0 0.0 30.0 413.0 5.0 0.0
37 44 38 0.0 0.0 0.0 92.0 1518.0 29.0 7.0
37 44 39 0.0 0.0 0.0 161.0 2802.0 54.0 16.0
37 44 40 0.0 0.0 0.0 309.0 3396.0 60.0 28.0
37 44 41 0.0 0.0 0.0 235.0 2771.0 45.0 21.0
37 44 42 0.0 0.0 0.0 158.0 1712.0 29.0 6.0
37 44 43 0.0 0.0 0.0 40.0 454.0 12.0 2.0
37 44 44 0.0 0.0 0.0 2.0 27.0 1.0 0.0
37 45 37 0.0 0.0 0.0 0.0 1.0 0.0 0.0
37 45 38 0.0 0.0 0.0 0.0 9.0 0.0 0.0
37 45 39 0.0 0.0 0.0 1.0 20.0 1.0 0.0
37 45 40 0.0 0.0 0.0 2.0 30.0 1.0 0.0
37 45 41 0.0 0.0 0.0 8.0 26.0 2.0 0.0
37 45 42 0.0 0.0 0.0 0.0 6.0 0.0 0.0
38 35 37 0.0 0.0 0.0 1.0 6.0 0.0 0.0
38 35 38 0.0 0.0 0.0 0.0 26.0 1.0 0.0
38 35 39 0.0 0.0 0.0 6.0 77.0 3.0 0.0
38 35 40 0.0 0.0 0.0 5.0 88.0 3.0 0.0
38 35 41 0.0 0.0 0.0 1.0 92.0 0.0 0.0
38 35 42 0.0 0.0 0.0 6.0 46.0 1.0 0.0
38 35 43 0.0 0.0 0.0 1.0 9.0 1.0 0.0
38 35 44 0.0 0.0 0.0 0.0 2.0 0.0 0.0
38 36 36 0.0 0.0 0.0 16.0 143.0 0.0 0.0
38 36 37 0.0 0.0 0.0 85.0 1692.0 28.0 11.0
38 36 38 0.0 0.0 0.0 356.0 4527.0 88.0 63.0
38 36 39 0.0 0.0 0.0 817.0 7906.0 143.0 214.0
38 36 40 0.0 0.0 0.0 700.0 10410.0 198.0 368.0
38 36 41 0.0 0.0 1.0 800.0 8811.0 166.0 290.0
38 36 42 0.0 0.0 0.0 447.0 4960.0 79.0 75.0
38 36 43 0.0 0.0 0.0 140.0 1569.0 26.0 10.0
38 36 44 0.0 0.0 0.0 15.0 257.0 2.0 0.0
38 36 45 0.0 0.0 0.0 0.0 1.0 0.0 0.0
38 37 35 0.0 0.0 0.0 0.0 6.0 0.0 0.0
38 37 36 0.0 0.0 0.0 118.0 1367.0 21.0 4.0
38 37 37 0.0 0.0 0.0 1664.0 18223.0 304.0 1444.0
38 37 38 0.0 0.0 0.0 3056.0 36761.0 538.0 10378.0
38 37 39 0.0 0.0 3.0 3920.0 41222.0 543.0 20792.0
38 37 40 0.0 0.0 0.0 3891.0 42169.0 517.0 25976.0
38 37 41 0.0 0.0 1.0 3064.0 42850.0 510.0 22008.0
38 37 42 0.0 0.0 0.0 2977.0 36889.0 492.0 10888.0
38 37 43 0.0 0.0 0.0 1822.0 18883.0 323.0 1669.0
38 37 44 0.0 0.0 0.0 133.0 1432.0 23.0 5.0
38 37 45 0.0 0.0 0.0 0.0 10.0 0.0 0.0
38 38 35 0.0 0.0 0.0 4.0 23.0 0.0 0.0
38 38 36 0.0 0.0 0.0 537.0 5096.0 75.0 75.0
38 38 37 0.0 0.0 0.0 3986.0 35886.0 500.0 10981.0
38 38 38 0.0 1.0 0.0 2574.0 33542.0 318.0 59459.0
38 38 39 0.0 0.0 6.0 2275.0 26331.0 240.0 77258.0
38 38 40 0.0 1.0 2.0 2123.0 23057.0 193.0 84747.0
38 38 41 0.0 2.0 4.0 2677.0 25859.0 242.0 77924.0
38 38 42 0.0 0.0 0.0 2830.0 35125.0 314.0 54812.0
38 38 43 0.0 0.0 2.0 3266.0 36516.0 474.0 10369.0
38 38 44 0.0 1.0 0.0 492.0 5023.0 93.0 66.0
38 38 45 0.0 0.0 0.0 2.0 58.0 3.0 0.0
38 39 35 0.0 0.0 0.0 2.0 117.0 2.0 0.0
38 39 36 0.0 1.0 0.0 870.0 9572.0 154.0 281.0
38 39 37 0.0 10.0 1.0 4715.0 41275.0 507.0 22879.0
38 39 38 0.0 1.0 3.0 2617.0 24025.0 222.0 81396.0
38 39 39 0.0 0.0 1.0 1824.0 17535.0 134.0 97867.0
38 39 40 0.0 0.0 2.0 1643.0 15886.0 112.0 102119.0
38 39 41 0.0 1.0 1.0 1785.0 18472.0 142.0 96814.0
38 39 42 0.0 2.0 2.0 2542.0 26658.0 239.0 76138.0
38 39 43 0.0 0.0 1.0 3573.0 42240.0 501.0 21317.0
38 39 44 0.0 0.0 0.0 688.0 8715.0 154.0 231.0
38 39 45 0.0 0.0 0.0 1.0 94.0 4.0 0.0
38 40 35 0.0 0.0 0.0 6.0 135.0 1.0 0.0
38 40 36 0.0 0.0 0.0 1063.0 11582.0 188.0 485.0
38 40 37 0.0 1.0 1.0 3764.0 42406.0 476.0 29196.0
38 40 38 0.0 1.0 5.0 1870.0 21794.0 199.0 87604.0
38 40 39 0.0 0.0 5.0 1386.0 15747.0 107.0 102830.0
38 40 40 0.0 3.0 0.0 1310.0 13752.0 99.0 106768.0
38 40 41 0.0 2.0 2.0 1447.0 16001.0 113.0 101634.0
38 40 42 0.0 0.0 1.0 2003.0 23530.0 206.0 82994.0
38 40 43 0.0 0.0 1.0 3271.0 42693.0 478.0 27832.0
38 40 44 0.0 12.0 2.0 1007.0 10781.0 185.0 356.0
38 40 45 0.0 0.0 0.0 11.0 78.0 2.0 0.0
38 41 35 0.0 0.0 0.0 6.0 81.0 2.0 0.0
38 41 36 0.0 0.0 0.0 748.0 9982.0 180.0 317.0
38 41 37 0.0 0.0 3.0 3859.0 42201.0 497.0 24173.0
38 41 38 0.0 4.0 2.0 1956.0 24983.0 202.0 80196.0
38 41 39 0.0 0.0 1.0 1508.0 17961.0 104.0 97893.0
38 41 40 0.0 0.0 1.0 1494.0 16346.0 122.0 101089.0
38 41 41 0.0 2.0 1.0 1637.0 18664.0 137.0 96444.0
38 41 42 0.0 0.0 4.0 2131.0 26035.0 245.0 77805.0
38 41 43 0.0 1.0 0.0 4171.0 41145.0 518.0 20263.0
38 41 44 0.0 0.0 0.0 953.0 8392.0 129.0 228.0
38 41 45 0.0 0.0 0.0 8.0 87.0 1.0 0.0
38 42 35 0.0 0.0 0.0 2.0 41.0 0.0 0.0
38 42 36 0.0 0.0 0.0 426.0 5466.0 92.0 91.0
38 42 37 0.0 0.0 1.0 2979.0 37120.0 507.0 10693.0
38 42 38 0.0 2.0 0.0 2739.0 32890.0 309.0 59693.0
38 42 39 0.0 3.0 4.0 2252.0 25917.0 233.0 78219.0
38 42 40 0.0 1.0 6.0 2195.0 23149.0 202.0 84057.0
38 42 41 0.0 1.0 0.0 2321.0 25474.0 217.0 78441.0
38 42 42 0.0 1.0 1.0 2826.0 34778.0 328.0 55948.0
38 42 43 0.0 2.0 0.0 3143.0 36127.0 451.0 10101.0
38 42 44 0.0 1.0 4.0 412.0 4921.0 76.0 80.0
38 42 45 0.0 0.0 0.0 2.0 35.0 0.0 0.0
38 43 35 0.0 0.0 0.0 1.0 3.0 0.0 0.0
38 43 36 0.0 0.0 0.0 161.0 1605.0 30.0 7.0
38 43 37 0.0 1.0 0.0 1764.0 18640.0 291.0 1531.0
38 43 38 0.0 1.0 0.0 2836.0 37432.0 463.0 10693.0
38 43 39 0.0 3.0 2.0 3841.0 42011.0 489.0 21090.0
38 43 40 0.0 2.0 2.0 3814.0 42208.0 532.0 25775.0
38 43 41 0.0 2.0 1.0 3587.0 41896.0 525.0 22070.0
38 43 42 0.0 1.0 4.0 3003.0 36692.0 488.0 10442.0
38 43 43 0.0 0.0 0.0 1638.0 16645.0 288.0 1230.0
38 43 44 0.0 0.0 0.0 148.0 1563.0 27.0 5.0
38 43 45 0.0 0.0 0.0 2.0 4.0 0.0 0.0
38 44 36 0.0 0.0 0.0 15.0 180.0 1.0 1.0
38 44 37 0.0 0.0 0.0 98.0 1408.0 24.0 6.0
38 44 38 0.0 0.0 1.0 594.0 5258.0 84.0 77.0
38 44 39 0.0 0.0 0.0 660.0 8475.0 147.0 239.0
38 44 40 0.0 0.0 0.0 915.0 10433.0 177.0 349.0
38 44 41 0.0 0.0 0.0 738.0 8563.0 155.0 207.0
38 44 42 0.0 0.0 0.0 384.0 4718.0 80.0 50.0
38 44 43 0.0 0.0 0.0 211.0 1581.0 25.0 14.0
38 44 44 0.0 0.0 0.0 24.0 163.0 3.0 0.0
38 45 37 0.0 0.0 0.0 0.0 9.0 0.0 0.0
38 45 38 0.0 0.0 0.0 1.0 32.0 0.0 0.0
38 45 39 0.0 0.0 0.0 6.0 104.0 2.0 0.0
38 45 40 0.0 0.0 0.0 1.0 116.0 3.0 0.0
38 45 41 0.0 0.0 0.0 4.0 83.0 5.0 0.0
38 45 42 0.0 0.0 0.0 4.0 31.0 0.0 0.0
38 45 43 0.0 0.0 0.0 0.0 7.0 0.0 0.0
39 35 37 0.0 0.0 0.0 2.0 18.0 1.0 0.0
39 35 38 0.0 0.0 0.0 12.0 75.0 1.0 0.0
39 35 39 0.0 0.0 0.0 7.0 202.0 5.0 0.0
39 35 40 0.0 0.0 0.0 15.0 259.0 6.0 0.0
39 35 41 0.0 0.0 0.0 20.0 176.0 3.0 0.0
39 35 42 0.0 0.0 0.0 9.0 116.0 5.0 0.0
39 35 43 0.0 0.0 0.0 3.0 26.0 0.0 0.0
39 35 44 0.0 0.0 0.0 0.0 6.0 0.0 0.0
39 36 36 0.0 0.0 0.0 43.0 315.0 5.0 0.0
39 36 37 0.0 0.0 0.0 237.0 2579.0 50.0 13.0
39 36 38 0.0 0.0 0.0 743.0 8713.0 137.0 213.0
39 36 39 0.0 0.0 0.0 1296.0 15585.0 248.0 888.0
39 36 40 0.0 1.0 2.0 1727.0 17319.0 289.0 1162.0
39 36 41 0.0 0.0 0.0 1625.0 15219.0 250.0 914.0
39 36 42 0.0 0.0 0.0 990.0 8701.0 144.0 231.0
39 36 43 0.0 1.0 0.0 365.0 3522.0 45.0 28.0
39 36 44 0.0 0.0 0.0 49.0 445.0 3.0 1.0
39 36 45 0.0 0.0 0.0 0.0 1.0 0.0 0.0
39 37 35 0.0 0.0 0.0 2.0 5.0 0.0 0.0
39 37 36 0.0 0.0 0.0 343.0 2835.0 49.0 18.0
39 37 37 0.0 0.0 1.0 2614.0 27769.0 412.0 4508.0
39 37 38 0.0 0.0 5.0 3729.0 42300.0 518.0 21480.0
39 37 39 0.0 1.0 0.0 3869.0 40706.0 441.0 40054.0
39 37 40 0.0 2.0 7.0 3724.0 38977.0 415.0 45462.0
39 37 41 0.0 1.0 0.0 3960.0 40840.0 436.0 39028.0
39 37 42 0.0 3.0 1.0 4479.0 41268.0 522.0 22631.0
39 37 43 0.0 0.0 1.0 2396.0 30609.0 450.0 5639.0
39 37 44 0.0 5.0 0.0 299.0 3345.0 53.0 31.0
39 37 45 0.0 0.0 0.0 0.0 23.0 0.0 0.0
39 38 35 0.0 0.0 0.0 5.0 75.0 0.0 0.0
39 38 36 0.0 0.0 0.0 787.0 8295.0 118.0 226.0
39 38 37 0.0 1.0 3.0 3715.0 42179.0 494.0 23108.0
39 38 38 0.0 0.0 1.0 2970.0 25357.0 256.0 77461.0
39 38 39 0.0 1.0 0.0 1725.0 18048.0 163.0 97625.0
39 38 40 0.0 0.0 2.0 1550.0 16477.0 121.0 100743.0
39 38 41 0.0 1.0 0.0 1837.0 18640.0 146.0 96604.0
39 38 42 0.0 0.0 2.0 2571.0 25159.0 212.0 79358.0
39 38 43 0.0 1.0 1.0 3780.0 41840.0 504.0 22158.0
39 38 44 0.0 0.0 0.0 732.0 10218.0 165.0 315.0
39 38 45 0.0 0.0 0.0 8.0 90.0 5.0 0.0
39 39 35 0.0 0.0 0.0 14.0 197.0 6.0 0.0
39 39 36 0.0 0.0 5.0 1684.0 15486.0 271.0 913.0
39 39 37 0.0 0.0 6.0 4185.0 40560.0 466.0 39563.0
39 39 38 0.0 0.0 1.0 1715.0 17911.0 144.0 97938.0
39 39 39 0.0 0.0 1.0 812.0 8282.0 53.0 127401.0
39 39 40 0.0 0.0 2.0 672.0 7189.0 46.0 129952.0
39 39 41 0.0 1.0 0.0 836.0 8170.0 44.0 126692.0
39 39 42 0.0 7.0 2.0 1626.0 18098.0 118.0 97556.0
39 39 43 0.0 1.0 0.0 3406.0 41744.0 449.0 38558.0
39 39 44 0.0 0.0 0.0 1470.0 15776.0 248.0 932.0
39 39 45 0.0 0.0 0.0 20.0 214.0 4.0 0.0
39 40 35 0.0 0.0 0.0 18.0 227.0 2.0 0.0
39 40 36 0.0 3.0 0.0 1889.0 17963.0 314.0 1249.0
39 40 37 0.0 0.0 4.0 3411.0 38848.0 378.0 47273.0
39 40 38 0.0 0.0 3.0 1501.0 15567.0 128.0 102568.0
39 40 39 0.0 0.0 0.0 701.0 6555.0 34.0 132069.0
39 40 40 0.0 0.0 1.0 521.0 5574.0 27.0 133847.0
39 40 41 0.0 3.0 3.0 683.0 7178.0 35.0 130917.0
39 40 42 0.0 0.0 0.0 1637.0 16087.0 120.0 102090.0
39 40 43 0.0 5.0 2.0 3438.0 39494.0 445.0 45811.0
39 40 44 0.0 0.0 1.0 1310.0 18229.0 301.0 1288.0
39 40 45 0.0 0.0 0.0 24.0 225.0 3.0 0.0
39 41 35 0.0 0.0 0.0 30.0 170.0 6.0 0.0
39 41 36 0.0 1.0 0.0 1255.0 15700.0 220.0 909.0
39 41 37 0.0 2.0 3.0 3343.0 41008.0 448.0 40169.0
39 41 38 0.0 0.0 0.0 1531.0 17987.0 137.0 98260.0
39 41 39 0.0 0.0 0.0 734.0 8044.0 41.0 128535.0
39 41 40 0.0 2.0 1.0 653.0 7142.0 38.0 129655.0
39 41 41 0.0 1.0 4.0 782.0 8225.0 41.0 127149.0
39 41 42 0.0 0.0 0.0 1877.0 18155.0 152.0 96656.0
39 41 43 0.0 13.0 0.0 3976.0 40983.0 436.0 37682.0
39 41 44 0.0 0.0 0.0 1401.0 14492.0 281.0 757.0
39 41 45 0.0 0.0 0.0 20.0 177.0 4.0 0.0
39 42 35 0.0 0.0 0.0 9.0 109.0 3.0 0.0
39 42 36 0.0 0.0 0.0 786.0 9083.0 152.0 257.0
39 42 37 0.0 0.0 2.0 3364.0 42332.0 481.0 22336.0
39 42 38 0.0 0.0 6.0 2238.0 25101.0 235.0 78963.0
39 42 39 0.0 2.0 3.0 1699.0 17974.0 133.0 97559.0
39 42 40 0.0 3.0 4.0 1511.0 16173.0 107.0 102263.0
39 42 41 0.0 1.0 6.0 1831.0 18247.0 122.0 97310.0
39 42 42 0.0 2.0 6.0 2721.0 25460.0 219.0 77557.0
39 42 43 0.0 2.0 0.0 3901.0 41453.0 491.0 22210.0
39 42 44 0.0 0.0 0.0 1183.0 8372.0 150.0 222.0
39 42 45 0.0 0.0 0.0 5.0 70.0 0.0 0.0
39 43 35 0.0 0.0 0.0 2.0 25.0 0.0 0.0
39 43 36 0.0 0.0 0.0 246.0 2811.0 49.0 20.0
39 43 37 0.0 0.0 1.0 3121.0 26132.0 451.0 3935.0
39 43 38 0.0 3.0 2.0 3598.0 42471.0 522.0 21773.0
39 43 39 0.0 3.0 6.0 3425.0 41071.0 430.0 39270.0
39 43 40 0.0 0.0 6.0 3384.0 39720.0 388.0 44467.0
39 43 41 0.0 1.0 0.0 3574.0 41403.0 436.0 38250.0
39 43 42 0.0 1.0 0.0 3973.0 42146.0 498.0 22744.0
39 43 43 0.0 0.0 0.0 2651.0 27617.0 386.0 4502.0
39 43 44 0.0 0.0 0.0 263.0 2633.0 44.0 14.0
39 43 45 0.0 0.0 0.0 1.0 14.0 0.0 0.0
39 44 35 0.0 0.0 0.0 0.0 1.0 0.0 0.0
39 44 36 0.0 0.0 0.0 5.0 303.0 8.0 0.0
39 44 37 0.0 0.0 0.0 266.0 3189.0 60.0 21.0
39 44 38 0.0 3.0 0.0 741.0 8916.0 147.0 242.0
39 44 39 0.0 0.0 1.0 1273.0 14929.0 245.0 783.0
39 44 40 0.0 0.0 1.0 1509.0 17503.0 269.0 1196.0
39 44 41 0.0 4.0 0.0 1091.0 13866.0 240.0 690.0
39 44 42 0.0 1.0 1.0 857.0 8831.0 154.0 247.0
39 44 43 0.0 0.0 0.0 240.0 3011.0 59.0 21.0
39 44 44 0.0 0.0 0.0 28.0 355.0 7.0 0.0
39 44 45 0.0 0.0 0.0 0.0 3.0 0.0 0.0
39 45 36 0.0 0.0 0.0 0.0 1.0 0.0 0.0
39 45 37 0.0 0.0 0.0 4.0 12.0 0.0 0.0
39 45 38 0.0 0.0 0.0 19.0 90.0 2.0 0.0
39 45 39 0.0 0.0 0.0 10.0 177.0 5.0 0.0
39 45 40 0.0 0.0 0.0 17.0 224.0 6.0 0.0
39 45 41 0.0 0.0 0.0 6.0 223.0 4.0 0.0
39 45 42 0.0 0.0 0.0 7.0 58.0 2.0 0.0
39 45 43 0.0 0.0 0.0 1.0 24.0 1.0 0.0
40 35 37 0.0 0.0 0.0 6.0 12.0 0.0 0.0
40 35 38 0.0 0.0 0.0 12.0 129.0 2.0 0.0
40 35 39 0.0 0.0 0.0 13.0 284.0 3.0 0.0
40 35 40 0.0 0.0 0.0 24.0 298.0 5.0 0.0
40 35 41 0.0 0.0 0.0 17.0 266.0 2.0 0.0
40 35 42 0.0 0.0 0.0 13.0 109.0 0.0 0.0
40 35 43 0.0 0.0 0.0 4.0 25.0 0.0 0.0
40 35 44 0.0 0.0 0.0 0.0 9.0 0.0 0.0
40 36 35 0.0 0.0 0.0 1.0 2.0 0.0 0.0
40 36 36 0.0 0.0 0.0 21.0 515.0 3.0 1.0
40 36 37 0.0 0.0 0.0 325.0 3519.0 62.0 32.0
40 36 38 0.0 0.0 4.0 925.0 11025.0 170.0 443.0
40 36 39 0.0 0.0 0.0 1658.0 18234.0 318.0 1263.0
40 36 40 0.0 0.0 1.0 1779.0 21286.0 328.0 1903.0
40 36 41 0.0 0.0 0.0 1562.0 19711.0 306.0 1464.0
40 36 42 0.0 0.0 2.0 1202.0 11864.0 206.0 482.0
40 36 43 0.0 0.0 0.0 502.0 4878.0 77.0 84.0
40 36 44 0.0 0.0 0.0 39.0 751.0 14.0 0.0
40 36 45 0.0 0.0 0.0 0.0 2.0 0.0 0.0
40 37 35 0.0 0.0 0.0 2.0 27.0 1.0 0.0
40 37 36 0.0 0.0 0.0 278.0 3594.0 66.0 39.0
40 37 37 0.0 0.0 1.0 2628.0 30531.0 438.0 5799.0
40 37 38 0.0 1.0 0.0 3784.0 42189.0 477.0 27719.0
40 37 39 0.0 1.0 5.0 3894.0 38956.0 395.0 45458.0
40 37 40 0.0 1.0 1.0 3459.0 37015.0 398.0 51543.0
40 37 41 0.0 7.0 4.0 3687.0 39309.0 384.0 46074.0
40 37 42 0.0 0.0 2.0 4048.0 41930.0 479.0 29867.0
40 37 43 0.0 1.0 5.0 3444.0 33835.0 489.0 8146.0
40 37 44 0.0 0.0 0.0 369.0 4433.0 80.0 54.0
40 37 45 0.0 0.0 0.0 0.0 28.0 0.0 0.0
40 38 35 0.0 0.0 0.0 27.0 114.0 3.0 0.0
40 38 36 0.0 0.0 2.0 821.0 10549.0 166.0 379.0
40 38 37 0.0 0.0 9.0 4433.0 42002.0 530.0 25644.0
40 38 38 0.0 1.0 2.0 2191.0 23403.0 204.0 84342.0
40 38 39 0.0 0.0 5.0 1497.0 15512.0 113.0 102949.0
40 38 40 0.0 0.0 2.0 1398.0 13553.0 99.0 107446.0
40 38 41 0.0 1.0 1.0 1443.0 15726.0 132.0 102732.0
40 38 42 0.0 2.0 0.0 1849.0 22306.0 196.0 87489.0
40 38 43 0.0 0.0 3.0 3645.0 42528.0 485.0 29732.0
40 38 44 0.0 3.0 2.0 968.0 12389.0 195.0 525.0
40 38 45 0.0 0.0 0.0 8.0 148.0 3.0 0.0
40 39 35 0.0 0.0 0.0 20.0 245.0 3.0 0.0
40 39 36 0.0 0.0 6.0 1587.0 17581.0 273.0 1200.0
40 39 37 0.0 0.0 0.0 3542.0 39632.0 418.0 44906.0
40 39 38 0.0 2.0 5.0 1503.0 15583.0 97.0 103173.0
40 39 39 0.0 0.0 0.0 689.0 7186.0 45.0 129717.0
40 39 40 0.0 0.0 2.0 479.0 5722.0 35.0 133326.0
40 39 41 0.0 3.0 0.0 633.0 6672.0 35.0 131475.0
40 39 42 0.0 2.0 1.0 1444.0 15338.0 100.0 103369.0
40 39 43 0.0 4.0 2.0 3282.0 38817.0 417.0 48295.0
40 39 44 0.0 2.0 1.0 1831.0 19889.0 346.0 1611.0
40 39 45 0.0 0.0 0.0 17.0 247.0 8.0 0.0
40 40 35 0.0 0.0 0.0 18.0 278.0 6.0 0.0
40 40 36 0.0 3.0 5.0 1839.0 20791.0 322.0 1855.0
40 40 37 0.0 0.0 8.0 3378.0 37933.0 385.0 50377.0
40 40 38 0.0 0.0 0.0 1273.0 13714.0 90.0 107588.0
40 40 39 0.0 0.0 0.0 533.0 5720.0 26.0 132834.0
40 40 40 0.0 0.0 0.0 320.0 3153.0 14.0 151252.0
40 40 41 0.0 1.0 2.0 547.0 5298.0 37.0 133894.0
40 40 42 0.0 0.0 2.0 1265.0 13418.0 106.0 107012.0
40 40 43 0.0 8.0 5.0 3347.0 37710.0 378.0 51343.0
40 40 44 0.0 4.0 0.0 1705.0 21926.0 336.0 2001.0
40 40 45 0.0 0.0 0.0 38.0 331.0 6.0 0.0
40 41 35 0.0 0.0 0.0 22.0 236.0 2.0 0.0
40 41 36 0.0 0.0 1.0 1636.0 17792.0 276.0 1229.0
40 41 37 0.0 2.0 4.0 3998.0 39210.0 404.0 45483.0
40 41 38 0.0 0.0 1.0 1445.0 15658.0 103.0 103333.0
40 41 39 0.0 0.0 1.0 658.0 6960.0 38.0 130985.0
40 41 40 0.0 0.0 0.0 565.0 5476.0 31.0 133655.0
40 41 41 0.0 -1.0 0.0 725.0 6891.0 39.0 130400.0
40 41 42 0.0 2.0 2.0 1594.0 15925.0 108.0 101594.0
40 41 43 0.0 3.0 0.0 3867.0 39810.0 415.0 44114.0
40 41 44 0.0 0.0 0.0 1509.0 17688.0 261.0 1283.0
40 41 45 0.0 0.0 0.0 11.0 227.0 0.0 1.0
40 42 35 0.0 0.0 0.0 12.0 111.0 1.0 0.0
40 42 36 0.0 0.0 0.0 895.0 10945.0 186.0 377.0
40 42 37 0.0 0.0 0.0 3864.0 42211.0 547.0 26030.0
40 42 38 0.0 0.0 1.0 1961.0 23037.0 191.0 83395.0
40 42 39 0.0 3.0 1.0 1384.0 15950.0 112.0 102508.0
40 42 40 0.0 0.0 2.0 1152.0 14006.0 79.0 106562.0
40 42 41 0.0 2.0 1.0 1554.0 16027.0 103.0 101992.0
40 42 42 0.0 4.0 1.0 2493.0 22448.0 193.0 84787.0
40 42 43 0.0 0.0 0.0 4152.0 41961.0 502.0 25118.0
40 42 44 0.0 0.0 0.0 890.0 9784.0 146.0 284.0
40 42 45 0.0 0.0 0.0 7.0 83.0 1.0 0.0
40 43 35 0.0 0.0 0.0 1.0 20.0 0.0 0.0
40 43 36 0.0 0.0 0.0 341.0 3568.0 65.0 31.0
40 43 37 0.0 0.0 1.0 2930.0 31137.0 448.0 6071.0
40 43 38 0.0 2.0 7.0 3858.0 42032.0 538.0 25685.0
40 43 39 0.0 0.0 0.0 3496.0 39867.0 456.0 44308.0
40 43 40 0.0 0.0 3.0 3219.0 38207.0 379.0 49941.0
40 43 41 0.0 0.0 2.0 3558.0 39849.0 415.0 44558.0
40 43 42 0.0 4.0 1.0 4289.0 42249.0 490.0 26492.0
40 43 43 0.0 0.0 0.0 2684.0 29970.0 448.0 5228.0
40 43 44 0.0 0.0 0.0 350.0 3514.0 64.0 38.0
40 43 45 0.0 0.0 0.0 0.0 12.0 0.0 0.0
40 44 35 0.0 0.0 0.0 0.0 2.0 0.0 0.0
40 44 36 0.0 0.0 0.0 65.0 412.0 7.0 0.0
40 44 37 0.0 0.0 0.0 314.0 3355.0 74.0 35.0
40 44 38 0.0 0.0 0.0 805.0 10180.0 157.0 342.0
40 44 39 0.0 2.0 1.0 1607.0 17801.0 298.0 1278.0
40 44 40 0.0 0.0 0.0 1737.0 20830.0 364.0 1829.0
40 44 41 0.0 0.0 1.0 1408.0 17555.0 279.0 1123.0
40 44 42 0.0 0.0 0.0 1037.0 10110.0 160.0 356.0
40 44 43 0.0 0.0 0.0 412.0 3401.0 67.0 42.0
40 44 44 0.0 0.0 0.0 47.0 467.0 14.0 0.0
40 44 45 0.0 0.0 0.0 0.0 1.0 0.0 0.0
40 45 36 0.0 0.0 0.0 1.0 3.0 0.0 0.0
40 45 37 0.0 0.0 0.0 0.0 17.0 0.0 0.0
40 45 38 0.0 0.0 0.0 4.0 100.0 1.0 0.0
40 45 39 0.0 0.0 0.0 16.0 203.0 3.0 0.0
40 45 40 0.0 0.0 0.0 26.0 276.0 3.0 1.0
40 45 41 0.0 0.0 0.0 13.0 165.0 4.0 0.0
40 45 42 0.0 0.0 0.0 3.0 93.0 0.0 0.0
40 45 43 0.0 0.0 0.0 0.0 27.0 0.0 0.0
40 45 44 0.0 0.0 0.0 0.0 1.0 0.0 0.0
41 35 36 0.0 0.0 0.0 1.0 1.0 0.0 0.0
41 35 37 0.0 0.0 0.0 3.0 15.0 2.0 0.0
41 35 38 0.0 0.0 0.0 12.0 78.0 0.0 0.0
41 35 39 0.0 0.0 0.0 23.0 223.0 4.0 0.0
41 35 40 0.0 0.0 0.0 26.0 308.0 4.0 1.0
41 35 41 0.0 0.0 0.0 28.0 266.0 7.0 0.0
41 35 42 0.0 0.0 0.0 14.0 92.0 0.0 0.0
41 35 43 0.0 0.0 0.0 0.0 35.0 1.0 0.0
41 35 44 0.0 0.0 0.0 2.0 4.0 0.0 0.0
41 36 36 0.0 0.0 0.0 20.0 398.0 7.0 1.0
41 36 37 0.0 0.0 0.0 232.0 3041.0 65.0 16.0
41 36 38 0.0 0.0 0.0 1097.0 9277.0 171.0 317.0
41 36 39 0.0 1.0 0.0 1361.0 16397.0 247.0 989.0
41 36 40 0.0 2.0 3.0 1500.0 19476.0 291.0 1541.0
41 36 41 0.0 0.0 1.0 1529.0 17090.0 281.0 1116.0
41 36 42 0.0 0.0 0.0 1035.0 10505.0 166.0 395.0
41 36 43 0.0 0.0 0.0 377.0 4052.0 78.0 30.0
41 36 44 0.0 0.0 0.0 70.0 682.0 10.0 1.0
41 36 45 0.0 0.0 0.0 0.0 2.0 0.0 0.0
41 37 35 0.0 0.0 0.0 1.0 14.0 0.0 0.0
41 37 36 0.0 0.0 3.0 305.0 2736.0 55.0 21.0
41 37 37 0.0 0.0 0.0 2640.0 27767.0 422.0 4589.0
41 37 38 0.0 0.0 1.0 3842.0 41959.0 504.0 22309.0
41 37 39 0.0 1.0 0.0 3701.0 40761.0 427.0 40431.0
41 37 40 0.0 0.0 0.0 3237.0 39019.0 421.0 48520.0
41 37 41 0.0 9.0 4.0 3872.0 39531.0 451.0 44330.0
41 37 42 0.0 4.0 3.0 3544.0 43028.0 498.0 27324.0
41 37 43 0.0 8.0 10.0 2127.0 35155.0 515.0 8268.0
41 37 44 0.0 0.0 0.0 320.0 4320.0 60.0 70.0
41 37 45 0.0 0.0 0.0 8.0 28.0 1.0 0.0
41 38 35 0.0 0.0 0.0 11.0 57.0 0.0 0.0
41 38 36 0.0 0.0 1.0 986.0 8718.0 160.0 255.0
41 38 37 0.0 1.0 5.0 4504.0 40845.0 522.0 21373.0
41 38 38 0.0 0.0 1.0 2532.0 25593.0 247.0 77992.0
41 38 39 0.0 1.0 1.0 1698.0 17811.0 140.0 98067.0
41 38 40 0.0 0.0 4.0 1470.0 15062.0 122.0 104630.0
41 38 41 0.0 2.0 2.0 1408.0 16466.0 118.0 101498.0
41 38 42 0.0 1.0 2.0 1583.0 22350.0 185.0 86599.0
41 38 43 0.0 0.0 11.0 3436.0 42970.0 527.0 28505.0
41 38 44 0.0 3.0 1.0 919.0 11185.0 193.0 426.0
41 38 45 0.0 0.0 0.0 7.0 167.0 1.0 0.0
41 39 35 0.0 0.0 0.0 18.0 171.0 3.0 0.0
41 39 36 0.0 0.0 0.0 1265.0 15227.0 248.0 842.0
41 39 37 0.0 0.0 0.0 3720.0 41413.0 437.0 38916.0
41 39 38 0.0 0.0 1.0 1753.0 18894.0 140.0 96293.0
41 39 39 0.0 0.0 0.0 828.0 8056.0 52.0 128421.0
41 39 40 0.0 0.0 0.0 625.0 6611.0 36.0 132136.0
41 39 41 0.0 0.0 1.0 608.0 7332.0 41.0 131773.0
41 39 42 0.0 0.0 3.0 1479.0 16611.0 122.0 101372.0
41 39 43 0.0 3.0 9.0 3025.0 39645.0 414.0 45334.0
41 39 44 0.0 10.0 2.0 1622.0 18064.0 289.0 1351.0
41 39 45 0.0 0.0 0.0 9.0 268.0 4.0 1.0
41 40 35 0.0 0.0 0.0 11.0 237.0 2.0 0.0
41 40 36 0.0 0.0 0.0 1373.0 18622.0 290.0 1304.0
41 40 37 0.0 0.0 6.0 3237.0 39160.0 411.0 46277.0
41 40 38 0.0 2.0 0.0 1420.0 15536.0 109.0 102941.0
41 40 39 0.0 0.0 1.0 621.0 6780.0 38.0 132027.0
41 40 40 0.0 0.0 0.0 530.0 5410.0 28.0 134493.0
41 40 41 0.0 1.0 2.0 588.0 6942.0 31.0 130856.0
41 40 42 0.0 1.0 1.0 1410.0 15252.0 109.0 104416.0
41 40 43 0.0 3.0 0.0 3402.0 38875.0 413.0 48040.0
41 40 44 0.0 2.0 0.0 1702.0 19945.0 333.0 1576.0
41 40 45 0.0 0.0 0.0 15.0 242.0 4.0 0.0
41 41 35 0.0 0.0 0.0 16.0 187.0 3.0 0.0
41 41 36 0.0 0.0 0.0 1198.0 16244.0 240.0 988.0
41 41 37 0.0 0.0 2.0 3742.0 40999.0 427.0 39353.0
41 41 38 0.0 2.0 4.0 1510.0 18215.0 152.0 98225.0
41 41 39 0.0 2.0 1.0 747.0 8277.0 44.0 127498.0
41 41 40 0.0 2.0 0.0 621.0 6768.0 45.0 131213.0
41 41 41 0.0 0.0 2.0 786.0 8188.0 44.0 128091.0
41 41 42 0.0 2.0 3.0 1790.0 18332.0 135.0 97383.0
41 41 43 0.0 0.0 1.0 3607.0 40659.0 400.0 41149.0
41 41 44 0.0 3.0 0.0 1336.0 15970.0 260.0 964.0
41 41 45 0.0 0.0 0.0 14.0 206.0 1.0 0.0
41 42 35 0.0 0.0 0.0 4.0 71.0 1.0 0.0
41 42 36 0.0 0.0 0.0 942.0 9033.0 149.0 249.0
41 42 37 0.0 0.0 4.0 4050.0 42063.0 518.0 22701.0
41 42 38 0.0 0.0 0.0 2718.0 25105.0 253.0 78997.0
41 42 39 0.0 0.0 1.0 1441.0 18384.0 143.0 97179.0
41 42 40 0.0 0.0 1.0 1407.0 15957.0 120.0 102294.0
41 42 41 0.0 1.0 4.0 1630.0 18095.0 141.0 97239.0
41 42 42 0.0 0.0 2.0 2423.0 24711.0 215.0 79986.0
41 42 43 0.0 0.0 0.0 4456.0 41351.0 559.0 21752.0
41 42 44 0.0 1.0 0.0 835.0 8515.0 135.0 197.0
41 42 45 0.0 0.0 0.0 4.0 84.0 1.0 0.0
41 43 35 0.0 0.0 0.0 0.0 16.0 0.0 0.0
41 43 36 0.0 0.0 0.0 298.0 2839.0 52.0 22.0
41 43 37 0.0 0.0 1.0 2944.0 27870.0 436.0 4717.0
41 43 38 0.0 0.0 1.0 3746.0 42289.0 523.0 22695.0
41 43 39 0.0 3.0 1.0 3186.0 41531.0 436.0 39087.0
41 43 40 0.0 3.0 0.0 3484.0 40013.0 391.0 44110.0
41 43 41 0.0 1.0 5.0 3879.0 41323.0 441.0 38893.0
41 43 42 0.0 7.0 0.0 4340.0 41569.0 511.0 23053.0
41 43 43 0.0 1.0 0.0 3090.0 27601.0 395.0 4650.0
41 43 44 0.0 0.0 0.0 328.0 2744.0 49.0 21.0
41 43 45 0.0 0.0 0.0 3.0 18.0 0.0 0.0
41 44 35 0.0 0.0 0.0 0.0 1.0 0.0 0.0
41 44 36 0.0 0.0 0.0 34.0 415.0 8.0 0.0
41 44 37 0.0 0.0 0.0 307.0 3004.0 43.0 27.0
41 44 38 0.0 0.0 0.0 596.0 8929.0 139.0 231.0
41 44 39 0.0 0.0 0.0 1250.0 14814.0 255.0 777.0
41 44 40 0.0 0.0 0.0 1398.0 17996.0 293.0 1245.0
41 44 41 0.0 0.0 0.0 1404.0 15185.0 270.0 805.0
41 44 42 0.0 1.0 0.0 651.0 8568.0 136.0 234.0
41 44 43 0.0 0.0 0.0 236.0 3040.0 44.0 28.0
41 44 44 0.0 0.0 0.0 36.0 315.0 5.0 0.0
41 44 45 0.0 0.0 0.0 0.0 1.0 0.0 0.0
41 45 37 0.0 0.0 0.0 0.0 20.0 1.0 0.0
41 45 38 0.0 0.0 0.0 7.0 80.0 2.0 0.0
41 45 39 0.0 0.0 0.0 6.0 145.0 2.0 0.0
41 45 40 0.0 0.0 0.0 22.0 197.0 5.0 0.0
41 45 41 0.0 0.0 0.0 3.0 148.0 4.0 0.0
41 45 42 0.0 0.0 2.0 23.0 63.0 2.0 0.0
41 45 43 0.0 0.0 0.0 3.0 15.0 1.0 0.0
41 45 44 0.0 0.0 0.0 2.0 1.0 0.0 0.0
42 35 37 0.0 0.0 0.0 1.0 5.0 0.0 0.0
42 35 38 0.0 0.0 0.0 7.0 62.0 3.0 0.0
42 35 39 0.0 0.0 0.0 6.0 101.0 3.0 0.0
42 35 40 0.0 0.0 0.0 11.0 155.0 5.0 0.0
42 35 41 0.0 0.0 0.0 11.0 143.0 1.0 1.0
42 35 42 0.0 0.0 0.0 7.0 54.0 2.0 0.0
42 35 43 0.0 0.0 0.0 0.0 15.0 0.0 0.0
42 35 44 0.0 0.0 0.0 0.0 1.0 0.0 0.0
42 36 35 0.0 0.0 0.0 0.0 4.0 0.0 0.0
42 36 36 0.0 0.0 0.0 10.0 172.0 3.0 0.0
42 36 37 0.0 0.0 0.0 192.0 1468.0 23.0 9.0
42 36 38 0.0 0.0 0.0 534.0 4650.0 68.0 57.0
42 36 39 0.0 0.0 0.0 884.0 9970.0 153.0 302.0
42 36 40 0.0 0.0 1.0 1178.0 12678.0 224.0 563.0
42 36 41 0.0 0.0 1.0 930.0 11357.0 204.0 448.0
42 36 42 0.0 0.0 0.0 625.0 7050.0 130.0 151.0
42 36 43 0.0 0.0 0.0 276.0 2135.0 34.0 12.0
42 36 44 0.0 0.0 0.0 21.0 501.0 11.0 0.0
42 37 35 0.0 0.0 0.0 0.0 2.0 0.0 0.0
42 37 36 0.0 0.0 0.0 323.0 1497.0 36.0 5.0
42 37 37 0.0 0.0 0.0 1814.0 19159.0 290.0 1704.0
42 37 38 0.0 0.0 1.0 3471.0 37156.0 499.0 11404.0
42 37 39 0.0 1.0 6.0 3783.0 41900.0 534.0 25124.0
42 37 40 0.0 2.0 8.0 3660.0 42046.0 471.0 31358.0
42 37 41 0.0 5.0 10.0 3605.0 42276.0 489.0 29205.0
42 37 42 0.0 1.0 3.0 3021.0 40610.0 513.0 16472.0
42 37 43 0.0 1.0 4.0 1583.0 26075.0 361.0 3514.0
42 37 44 0.0 0.0 0.0 246.0 2450.0 47.0 14.0
42 37 45 0.0 0.0 0.0 1.0 20.0 1.0 0.0
42 38 35 0.0 0.0 0.0 0.0 23.0 0.0 0.0
42 38 36 0.0 0.0 6.0 353.0 5306.0 99.0 80.0
42 38 37 0.0 0.0 5.0 3242.0 36909.0 514.0 11051.0
42 38 38 0.0 0.0 0.0 2492.0 31203.0 292.0 64408.0
42 38 39 0.0 1.0 1.0 2224.0 23987.0 210.0 82394.0
42 38 40 0.0 2.0 5.0 1880.0 20561.0 164.0 90256.0
42 38 41 0.0 2.0 2.0 1761.0 22157.0 155.0 87242.0
42 38 42 0.0 2.0 2.0 1882.0 28258.0 222.0 71927.0
42 38 43 0.0 0.0 0.0 2711.0 41462.0 525.0 17531.0
42 38 44 0.0 0.0 0.0 478.0 6947.0 118.0 144.0
42 38 45 0.0 0.0 0.0 2.0 54.0 1.0 0.0
42 39 35 0.0 0.0 0.0 13.0 92.0 2.0 0.0
42 39 36 0.0 0.0 0.0 722.0 9475.0 162.0 274.0
42 39 37 0.0 1.0 1.0 3610.0 42315.0 496.0 22802.0
42 39 38 0.0 2.0 1.0 1949.0 23980.0 185.0 82415.0
42 39 39 0.0 0.0 2.0 1704.0 17803.0 156.0 98492.0
42 39 40 0.0 1.0 1.0 1379.0 14627.0 116.0 105618.0
42 39 41 0.0 5.0 4.0 1339.0 16652.0 141.0 101066.0
42 39 42 0.0 2.0 9.0 1557.0 22287.0 161.0 86919.0
42 39 43 0.0 0.0 2.0 3152.0 43630.0 492.0 28074.0
42 39 44 0.0 0.0 0.0 804.0 11331.0 231.0 411.0
42 39 45 0.0 0.0 0.0 4.0 112.0 2.0 0.0
42 40 35 0.0 0.0 0.0 10.0 129.0 3.0 0.0
42 40 36 0.0 0.0 0.0 1053.0 10816.0 164.0 383.0
42 40 37 0.0 0.0 0.0 3191.0 42941.0 501.0 27264.0
42 40 38 0.0 1.0 1.0 1776.0 22983.0 163.0 85140.0
42 40 39 0.0 1.0 2.0 1330.0 15456.0 134.0 104199.0
42 40 40 0.0 2.0 6.0 1165.0 13393.0 99.0 107987.0
42 40 41 0.0 1.0 2.0 1315.0 15487.0 109.0 104494.0
42 40 42 0.0 0.0 2.0 1595.0 21370.0 181.0 89154.0
42 40 43 0.0 1.0 1.0 4063.0 41751.0 504.0 31500.0
42 40 44 0.0 0.0 1.0 991.0 12715.0 208.0 521.0
42 40 45 0.0 0.0 0.0 18.0 152.0 3.0 0.0
42 41 35 0.0 0.0 0.0 10.0 86.0 2.0 0.0
42 41 36 0.0 0.0 0.0 718.0 9286.0 170.0 258.0
42 41 37 0.0 0.0 5.0 3659.0 42253.0 529.0 22116.0
42 41 38 0.0 0.0 2.0 2028.0 25637.0 220.0 79199.0
42 41 39 0.0 0.0 2.0 1370.0 18589.0 150.0 97318.0
42 41 40 0.0 2.0 1.0 1245.0 15739.0 111.0 103599.0
42 41 41 0.0 0.0 0.0 1573.0 18132.0 130.0 98553.0
42 41 42 0.0 0.0 0.0 2052.0 25270.0 215.0 80623.0
42 41 43 0.0 12.0 0.0 3439.0 42488.0 496.0 25490.0
42 41 44 0.0 0.0 0.0 811.0 9566.0 149.0 311.0
42 41 45 0.0 0.0 0.0 8.0 80.0 0.0 0.0
42 42 35 0.0 0.0 0.0 0.0 35.0 1.0 0.0
42 42 36 0.0 0.0 0.0 425.0 5254.0 107.0 61.0
42 42 37 0.0 0.0 1.0 3478.0 36786.0 522.0 11024.0
42 42 38 0.0 2.0 2.0 3464.0 33632.0 326.0 56950.0
42 42 39 0.0 0.0 2.0 1962.0 25396.0 221.0 79580.0
42 42 40 0.0 1.0 1.0 1835.0 22466.0 187.0 85863.0
42 42 41 0.0 0.0 0.0 2541.0 24608.0 198.0 80003.0
42 42 42 0.0 9.0 0.0 2840.0 33288.0 310.0 59046.0
42 42 43 0.0 5.0 0.0 3075.0 36733.0 480.0 10770.0
42 42 44 0.0 0.0 0.0 391.0 4991.0 78.0 76.0
42 42 45 0.0 0.0 0.0 5.0 45.0 0.0 0.0
42 43 35 0.0 0.0 0.0 0.0 9.0 1.0 0.0
42 43 36 0.0 0.0 0.0 156.0 1565.0 19.0 5.0
42 43 37 0.0 0.0 2.0 2049.0 17137.0 281.0 1442.0
42 43 38 0.0 0.0 0.0 3126.0 36664.0 527.0 10293.0
42 43 39 0.0 0.0 8.0 2967.0 42685.0 512.0 22668.0
42 43 40 0.0 0.0 1.0 3861.0 42506.0 487.0 25741.0
42 43 41 0.0 0.0 1.0 3754.0 42159.0 510.0 22463.0
42 43 42 0.0 0.0 3.0 3048.0 36202.0 496.0 10578.0
42 43 43 0.0 0.0 0.0 1860.0 18890.0 296.0 1723.0
42 43 44 0.0 0.0 0.0 200.0 1480.0 38.0 5.0
42 43 45 0.0 0.0 0.0 0.0 10.0 0.0 0.0
42 44 35 0.0 0.0 0.0 0.0 1.0 0.0 0.0
42 44 36 0.0 0.0 0.0 31.0 190.0 4.0 0.0
42 44 37 0.0 0.0 0.0 129.0 1414.0 22.0 4.0
42 44 38 0.0 0.0 0.0 441.0 5083.0 71.0 76.0
42 44 39 0.0 0.0 0.0 649.0 8811.0 174.0 212.0
42 44 40 0.0 1.0 0.0 802.0 10884.0 189.0 357.0
42 44 41 0.0 0.0 0.0 822.0 8650.0 135.0 243.0
42 44 42 0.0 0.0 0.0 541.0 4962.0 96.0 65.0
42 44 43 0.0 0.0 0.0 132.0 1613.0 24.0 8.0
42 44 44 0.0 0.0 0.0 24.0 200.0 5.0 0.0
42 45 37 0.0 0.0 0.0 2.0 17.0 0.0 0.0
42 45 38 0.0 0.0 0.0 17.0 28.0 0.0 0.0
42 45 39 0.0 0.0 0.0 3.0 68.0 1.0 0.0
42 45 40 0.0 0.0 0.0 13.0 87.0 0.0 0.0
42 45 41 0.0 0.0 0.0 9.0 61.0 0.0 0.0
42 45 42 0.0 0.0 0.0 5.0 45.0 2.0 0.0
42 45 43 0.0 0.0 0.0 2.0 7.0 0.0 0.0
43 35 37 0.0 0.0 0.0 0.0 7.0 0.0 0.0
43 35 38 0.0 0.0 0.0 0.0 8.0 0.0 0.0
43 35 39 0.0 0.0 0.0 0.0 22.0 0.0 0.0
43 35 40 0.0 0.0 0.0 1.0 37.0 1.0 0.0
43 35 41 0.0 0.0 0.0 4.0 22.0 0.0 0.0
43 35 42 0.0 0.0 0.0 0.0 18.0 0.0 0.0
43 35 43 0.0 0.0 0.0 0.0 5.0 0.0 0.0
43 36 36 0.0 0.0 0.0 48.0 45.0 3.0 0.0
43 36 37 0.0 0.0 0.0 54.0 544.0 9.0 0.0
43 36 38 0.0 0.0 0.0 211.0 1909.0 39.0 11.0
43 36 39 0.0 0.0 0.0 286.0 3889.0 76.0 46.0
43 36 40 0.0 0.0 1.0 498.0 5252.0 100.0 71.0
43 36 41 0.0 0.0 0.0 334.0 4327.0 54.0 53.0
43 36 42 0.0 0.0 0.0 194.0 2444.0 34.0 18.0
43 36 43 0.0 0.0 0.0 100.0 870.0 9.0 2.0
43 36 44 0.0 0.0 0.0 13.0 152.0 3.0 0.0
43 37 35 0.0 0.0 0.0 0.0 2.0 0.0 0.0
43 37 36 0.0 0.0 0.0 48.0 494.0 8.0 0.0
43 37 37 0.0 0.0 0.0 524.0 7524.0 127.0 213.0
43 37 38 0.0 0.0 1.0 2151.0 20977.0 385.0 2111.0
43 37 39 0.0 2.0 0.0 2466.0 32275.0 457.0 6606.0
43 37 40 0.0 2.0 2.0 2699.0 35752.0 493.0 9471.0
43 37 41 0.0 0.0 2.0 3003.0 33127.0 490.0 7649.0
43 37 42 0.0 1.0 1.0 1257.0 26952.0 376.0 3938.0
43 37 43 0.0 0.0 0.0 491.0 12578.0 182.0 589.0
43 37 44 0.0 0.0 0.0 107.0 991.0 20.0 0.0
43 37 45 0.0 0.0 0.0 0.0 4.0 0.0 0.0
43 38 35 0.0 0.0 0.0 1.0 5.0 0.0 0.0
43 38 36 0.0 0.0 0.0 88.0 1596.0 34.0 4.0
43 38 37 0.0 0.0 0.0 1592.0 22401.0 334.0 2465.0
43 38 38 0.0 0.0 1.0 3857.0 37504.0 512.0 12445.0
43 38 39 0.0 1.0 1.0 3609.0 42458.0 509.0 27319.0
43 38 40 0.0 2.0 1.0 3254.0 42507.0 489.0 33059.0
43 38 41 0.0 1.0 0.0 3522.0 42471.0 470.0 30519.0
43 38 42 0.0 4.0 3.0 2714.0 40987.0 526.0 16512.0
43 38 43 0.0 0.0 2.0 1484.0 26638.0 387.0 3671.0
43 38 44 0.0 0.0 0.0 161.0 2674.0 43.0 23.0
43 38 45 0.0 0.0 0.0 2.0 16.0 1.0 0.0
43 39 35 0.0 0.0 0.0 1.0 15.0 0.0 0.0
43 39 36 0.0 0.0 0.0 283.0 3121.0 63.0 33.0
43 39 37 0.0 0.0 0.0 2092.0 31103.0 466.0 5697.0
43 39 38 0.0 0.0 5.0 3479.0 42616.0 537.0 24010.0
43 39 39 0.0 1.0 4.0 3845.0 39801.0 420.0 43703.0
43 39 40 0.0 5.0 6.0 3353.0 38214.0 407.0 49353.0
43 39 41 0.0 2.0 3.0 2942.0 39480.0 404.0 46550.0
43 39 42 0.0 0.0 11.0 2865.0 42956.0 466.0 30191.0
43 39 43 0.0 0.0 0.0 2264.0 34174.0 502.0 7548.0
43 39 44 0.0 0.0 0.0 332.0 4523.0 81.0 67.0
43 39 45 0.0 0.0 0.0 4.0 31.0 0.0 0.0
43 40 35 0.0 0.0 0.0 1.0 45.0 1.0 0.0
43 40 36 0.0 0.0 0.0 291.0 3900.0 62.0 56.0
43 40 37 0.0 0.0 1.0 2125.0 33124.0 474.0 7230.0
43 40 38 0.0 0.0 3.0 3290.0 43056.0 520.0 27604.0
43 40 39 0.0 0.0 2.0 3183.0 39425.0 374.0 46167.0
43 40 40 0.0 0.0 5.0 2594.0 36971.0 325.0 54411.0
43 40 41 0.0 10.0 3.0 3601.0 38185.0 371.0 49065.0
43 40 42 0.0 5.0 0.0 3655.0 42355.0 475.0 30853.0
43 40 43 0.0 0.0 2.0 2492.0 35596.0 489.0 8866.0
43 40 44 0.0 0.0 0.0 475.0 4725.0 81.0 63.0
43 40 45 0.0 0.0 0.0 1.0 48.0 1.0 0.0
43 41 35 0.0 0.0 0.0 1.0 26.0 1.0 0.0
43 41 36 0.0 0.0 2.0 240.0 2814.0 38.0 22.0
43 41 37 0.0 0.0 0.0 2141.0 29069.0 425.0 4741.0
43 41 38 0.0 0.0 0.0 2811.0 43176.0 511.0 22132.0
43 41 39 0.0 0.0 2.0 2900.0 41449.0 452.0 40615.0
43 41 40 0.0 0.0 10.0 3021.0 39004.0 381.0 47231.0
43 41 41 0.0 2.0 1.0 2994.0 40855.0 392.0 42421.0
43 41 42 0.0 1.0 0.0 3612.0 42625.0 483.0 23272.0
43 41 43 0.0 4.0 0.0 2303.0 30667.0 435.0 5681.0
43 41 44 0.0 0.0 0.0 314.0 3440.0 61.0 30.0
43 41 45 0.0 0.0 0.0 4.0 15.0 0.0 0.0
43 42 35 0.0 0.0 0.0 0.0 11.0 0.0 0.0
43 42 36 0.0 0.0 0.0 89.0 1434.0 29.0 5.0
43 42 37 0.0 0.0 1.0 1393.0 19553.0 316.0 1707.0
43 42 38 0.0 0.0 4.0 2301.0 37459.0 522.0 10440.0
43 42 39 0.0 0.0 3.0 2799.0 42872.0 492.0 22532.0
43 42 40 0.0 2.0 2.0 2971.0 43404.0 518.0 29011.0
43 42 41 0.0 1.0 2.0 3897.0 41770.0 508.0 23611.0
43 42 42 0.0 0.0 0.0 3529.0 37375.0 491.0 11766.0
43 42 43 0.0 0.0 0.0 1898.0 17721.0 297.0 1514.0
43 42 44 0.0 1.0 0.0 130.0 1915.0 30.0 8.0
43 42 45 0.0 0.0 0.0 0.0 5.0 1.0 0.0
43 43 35 0.0 0.0 0.0 1.0 1.0 0.0 0.0
43 43 36 0.0 0.0 0.0 33.0 459.0 9.0 1.0
43 43 37 0.0 0.0 1.0 403.0 5886.0 95.0 111.0
43 43 38 0.0 0.0 0.0 1224.0 18692.0 268.0 1506.0
43 43 39 0.0 0.0 0.0 1446.0 29574.0 458.0 4631.0
43 43 40 0.0 2.0 0.0 3171.0 32666.0 482.0 7148.0
43 43 41 0.0 4.0 0.0 2735.0 29073.0 436.0 5037.0
43 43 42 0.0 5.0 0.0 1858.0 18318.0 296.0 1496.0
43 43 43 0.0 0.0 0.0 361.0 6483.0 102.0 128.0
43 43 44 0.0 0.0 0.0 33.0 360.0 7.0 1.0
43 43 45 0.0 0.0 0.0 0.0 2.0 0.0 0.0
43 44 36 0.0 0.0 0.0 1.0 31.0 1.0 0.0
43 44 37 0.0 0.0 0.0 38.0 423.0 8.0 0.0
43 44 38 0.0 0.0 0.0 112.0 1535.0 25.0 5.0
43 44 39 0.0 0.0 0.0 298.0 3132.0 34.0 33.0
43 44 40 0.0 0.0 0.0 315.0 3645.0 55.0 44.0
43 44 41 0.0 0.0 0.0 248.0 3017.0 54.0 26.0
43 44 42 0.0 0.0 0.0 93.0 1414.0 30.0 2.0
43 44 43 0.0 0.0 0.0 51.0 517.0 10.0 1.0
43 44 44 0.0 0.0 0.0 3.0 41.0 1.0 0.0
43 45 37 0.0 0.0 0.0 0.0 4.0 0.0 0.0
43 45 38 0.0 0.0 0.0 0.0 4.0 0.0 0.0
43 45 39 0.0 0.0 0.0 2.0 23.0 0.0 0.0
43 45 40 0.0 0.0 0.0 6.0 17.0 0.0 0.0
43 45 41 0.0 0.0 0.0 0.0 30.0 1.0 0.0
43 45 42 0.0 0.0 0.0 4.0 5.0 0.0 0.0
44 35 39 0.0 0.0 0.0 0.0 3.0 0.0 0.0
44 35 40 0.0 0.0 0.0 0.0 12.0 0.0 0.0
44 35 41 0.0 0.0 0.0 1.0 2.0 0.0 0.0
44 35 42 0.0 0.0 0.0 0.0 1.0 0.0 0.0
44 36 36 0.0 0.0 0.0 0.0 2.0 0.0 0.0
44 36 37 0.0 0.0 0.0 2.0 80.0 1.0 0.0
44 36 38 0.0 0.0 0.0 17.0 232.0 4.0 0.0
44 36 39 0.0 0.0 0.0 74.0 654.0 17.0 2.0
44 36 40 0.0 0.0 2.0 48.0 736.0 11.0 0.0
44 36 41 0.0 0.0 0.0 41.0 664.0 6.0 1.0
44 36 42 0.0 0.0 0.0 46.0 374.0 7.0 0.0
44 36 43 0.0 0.0 0.0 4.0 129.0 2.0 0.0
44 36 44 0.0 0.0 0.0 0.0 27.0 0.0 0.0
44 37 36 0.0 0.0 0.0 7.0 64.0 0.0 0.0
44 37 37 0.0 0.0 0.0 62.0 548.0 12.0 1.0
44 37 38 0.0 0.0 0.0 215.0 1975.0 29.0 5.0
44 37 39 0.0 0.0 0.0 356.0 3991.0 69.0 34.0
44 37 40 0.0 0.0 0.0 510.0 5433.0 101.0 82.0
44 37 41 0.0 0.0 0.0 476.0 4706.0 87.0 73.0
44 37 42 0.0 0.0 5.0 209.0 2622.0 50.0 24.0
44 37 43 0.0 0.0 0.0 43.0 957.0 17.0 1.0
44 37 44 0.0 0.0 0.0 8.0 96.0 2.0 0.0
44 37 45 0.0 0.0 0.0 0.0 5.0 1.0 0.0
44 38 35 0.0 0.0 0.0 0.0 3.0 0.0 0.0
44 38 36 0.0 0.0 0.0 12.0 276.0 1.0 0.0
44 38 37 0.0 0.0 2.0 147.0 1854.0 26.0 4.0
44 38 38 0.0 0.0 0.0 433.0 5839.0 104.0 116.0
44 38 39 0.0 2.0 0.0 876.0 11160.0 171.0 420.0
44 38 40 0.0 6.0 2.0 1118.0 14117.0 237.0 704.0
44 38 41 0.0 0.0 2.0 992.0 12206.0 181.0 520.0
44 38 42 0.0 0.0 0.0 434.0 7314.0 119.0 163.0
44 38 43 0.0 0.0 0.0 161.0 2688.0 43.0 11.0
44 38 44 0.0 0.0 0.0 13.0 390.0 10.0 1.0
44 38 45 0.0 0.0 0.0 0.0 1.0 0.0 0.0
44 39 36 0.0 0.0 0.0 40.0 565.0 8.0 5.0
44 39 37 0.0 0.0 0.0 257.0 3641.0 59.0 35.0
44 39 38 0.0 0.0 0.0 847.0 10097.0 177.0 312.0
44 39 39 0.0 0.0 0.0 1428.0 16974.0 322.0 1126.0
44 39 40 0.0 0.0 1.0 1613.0 20992.0 346.0 1746.0
44 39 41 0.0 3.0 1.0 1395.0 18248.0 284.0 1236.0
44 39 42 0.0 2.0 0.0 806.0 12293.0 173.0 487.0
44 39 43 0.0 0.0 0.0 251.0 4585.0 95.0 56.0
44 39 44 0.0 0.0 0.0 44.0 674.0 17.0 0.0
44 39 45 0.0 0.0 0.0 0.0 10.0 0.0 0.0
44 40 35 0.0 0.0 0.0 0.0 2.0 0.0 0.0
44 40 36 0.0 0.0 0.0 37.0 554.0 15.0 0.0
44 40 37 0.0 0.0 0.0 238.0 3905.0 61.0 32.0
44 40 38 0.0 0.0 0.0 1134.0 11729.0 193.0 454.0
44 40 39 0.0 0.0 0.0 1383.0 19740.0 324.0 1473.0
44 40 40 0.0 2.0 3.0 1764.0 23507.0 360.0 2555.0
44 40 41 0.0 6.0 1.0 1400.0 20975.0 298.0 1712.0
44 40 42 0.0 0.0 0.0 929.0 12824.0 223.0 537.0
44 40 43 0.0 1.0 0.0 562.0 4741.0 93.0 55.0
44 40 44 0.0 0.0 0.0 76.0 742.0 9.0 1.0
44 40 45 0.0 0.0 0.0 1.0 2.0 0.0 0.0
44 41 35 0.0 0.0 0.0 0.0 5.0 0.0 0.0
44 41 36 0.0 0.0 0.0 12.0 470.0 12.0 2.0
44 41 37 0.0 0.0 0.0 184.0 3453.0 47.0 27.0
44 41 38 0.0 0.0 0.0 703.0 9197.0 145.0 259.0
44 41 39 0.0 0.0 0.0 1090.0 16244.0 269.0 944.0
44 41 40 0.0 1.0 3.0 1503.0 20246.0 307.0 1593.0
44 41 41 0.0 1.0 0.0 1374.0 17564.0 274.0 1225.0
44 41 42 0.0 0.0 0.0 883.0 10539.0 197.0 377.0
44 41 43 0.0 0.0 0.0 232.0 3433.0 55.0 27.0
44 41 44 0.0 0.0 0.0 32.0 503.0 4.0 0.0
44 41 45 0.0 0.0 0.0 3.0 4.0 1.0 0.0
44 42 35 0.0 0.0 0.0 0.0 1.0 0.0 0.0
44 42 36 0.0 0.0 0.0 5.0 182.0 2.0 0.0
44 42 37 0.0 0.0 0.0 114.0 1511.0 25.0 5.0
44 42 38 0.0 0.0 1.0 383.0 5172.0 81.0 74.0
44 42 39 0.0 0.0 0.0 650.0 9260.0 145.0 288.0
44 42 40 0.0 0.0 0.0 981.0 11388.0 183.0 467.0
44 42 41 0.0 0.0 0.0 693.0 10386.0 201.0 328.0
44 42 42 0.0 1.0 0.0 431.0 5680.0 85.0 95.0
44 42 43 0.0 0.0 0.0 130.0 1413.0 22.0 7.0
44 42 44 0.0 0.0 0.0 23.0 206.0 2.0 0.0
44 42 45 0.0 0.0 0.0 0.0 2.0 0.0 0.0
44 43 36 0.0 0.0 0.0 5.0 43.0 2.0 0.0
44 43 37 0.0 0.0 0.0 34.0 439.0 8.0 0.0
44 43 38 0.0 0.0 0.0 84.0 1741.0 34.0 11.0
44 43 39 0.0 0.0 0.0 198.0 3357.0 55.0 36.0
44 43 40 0.0 0.0 0.0 257.0 3669.0 57.0 34.0
44 43 41 0.0 0.0 0.0 401.0 3566.0 54.0 30.0
44 43 42 0.0 0.0 0.0 227.0 1834.0 33.0 13.0
44 43 43 0.0 0.0 0.0 25.0 477.0 7.0 1.0
44 43 44 0.0 0.0 0.0 0.0 95.0 2.0 0.0
44 44 36 0.0 0.0 0.0 0.0 9.0 0.0 0.0
44 44 37 0.0 0.0 0.0 2.0 42.0 0.0 0.0
44 44 38 0.0 0.0 0.0 18.0 179.0 3.0 0.0
44 44 39 0.0 0.0 0.0 20.0 385.0 11.0 0.0
44 44 40 0.0 0.0 0.0 38.0 672.0 17.0 2.0
44 44 41 0.0 0.0 0.0 49.0 485.0 11.0 1.0
44 44 42 0.0 0.0 0.0 15.0 182.0 3.0 1.0
44 44 43 0.0 0.0 0.0 1.0 36.0 1.0 0.0
44 44 44 0.0 0.0 0.0 0.0 4.0 0.0 0.0
44 45 39 0.0 0.0 0.0 0.0 1.0 0.0 0.0
44 45 40 0.0 0.0 0.0 0.0 3.0 0.0 0.0
45 36 38 0.0 0.0 0.0 0.0 1.0 0.0 0.0
45 36 39 0.0 0.0 0.0 0.0 3.0 0.0 0.0
45 36 40 0.0 0.0 0.0 0.0 5.0 0.0 0.0
45 36 41 0.0 0.0 0.0 1.0 5.0 0.0 0.0
45 36 42 0.0 0.0 0.0 0.0 5.0 0.0 0.0
45 37 37 0.0 0.0 0.0 2.0 0.0 0.0 0.0
45 37 38 0.0 0.0 0.0 1.0 16.0 0.0 0.0
45 37 39 0.0 0.0 0.0 4.0 35.0 1.0 0.0
45 37 40 0.0 0.0 0.0 5.0 52.0 1.0 0.0
45 37 41 0.0 0.0 0.0 3.0 35.0 1.0 0.0
45 37 42 0.0 0.0 0.0 0.0 5.0 0.0 0.0
45 37 43 0.0 0.0 0.0 0.0 4.0 0.0 0.0
45 38 36 0.0 0.0 0.0 1.0 1.0 0.0 0.0
45 38 37 0.0 0.0 0.0 1.0 9.0 0.0 0.0
45 38 38 0.0 0.0 0.0 5.0 36.0 1.0 0.0
45 38 39 0.0 0.0 0.0 6.0 110.0 3.0 0.0
45 38 40 0.0 0.0 0.0 17.0 164.0 4.0 0.0
45 38 41 0.0 0.0 0.0 9.0 141.0 3.0 0.0
45 38 42 0.0 0.0 0.0 7.0 57.0 0.0 0.0
45 38 43 0.0 0.0 0.0 0.0 11.0 0.0 0.0
45 38 44 0.0 0.0 0.0 0.0 1.0 0.0 0.0
45 39 36 0.0 0.0 0.0 0.0 1.0 0.0 0.0
45 39 37 0.0 0.0 0.0 3.0 24.0 1.0 0.0
45 39 38 0.0 0.0 0.0 9.0 117.0 6.0 0.0
45 39 39 0.0 0.0 0.0 13.0 203.0 2.0 0.0
45 39 40 0.0 0.0 0.0 42.0 327.0 5.0 0.0
45 39 41 0.0 0.0 0.0 19.0 249.0 4.0 0.0
45 39 42 0.0 0.0 0.0 16.0 138.0 2.0 0.0
45 39 43 0.0 0.0 0.0 4.0 26.0 0.0 0.0
45 39 44 0.0 0.0 0.0 0.0 5.0 1.0 0.0
45 40 36 0.0 0.0 0.0 0.0 5.0 0.0 0.0
45 40 37 0.0 0.0 0.0 0.0 24.0 0.0 0.0
45 40 38 0.0 0.0 0.0 12.0 122.0 4.0 0.0
45 40 39 0.0 0.0 0.0 29.0 324.0 4.0 0.0
45 40 40 0.0 0.0 0.0 16.0 394.0 5.0 2.0
45 40 41 0.0 0.0 0.0 16.0 290.0 0.0 0.0
45 40 42 0.0 0.0 0.0 20.0 148.0 0.0 0.0
45 40 43 0.0 0.0 0.0 5.0 35.0 0.0 0.0
45 40 44 0.0 0.0 0.0 0.0 4.0 0.0 0.0
45 41 37 0.0 0.0 0.0 1.0 18.0 1.0 0.0
45 41 38 0.0 0.0 0.0 9.0 100.0 1.0 0.0
45 41 39 0.0 0.0 0.0 5.0 241.0 5.0 0.0
45 41 40 0.0 0.0 0.0 26.0 312.0 5.0 0.0
45 41 41 0.0 0.0 0.0 9.0 275.0 6.0 0.0
45 41 42 0.0 0.0 0.0 3.0 126.0 1.0 0.0
45 41 43 0.0 0.0 0.0 1.0 28.0 1.0 0.0
45 41 44 0.0 0.0 0.0 0.0 2.0 0.0 0.0
45 42 37 0.0 0.0 0.0 1.0 7.0 0.0 0.0
45 42 38 0.0 0.0 0.0 2.0 31.0 1.0 0.0
45 42 39 0.0 0.0 0.0 6.0 95.0 1.0 0.0
45 42 40 0.0 0.0 0.0 11.0 132.0 1.0 0.0
45 42 41 0.0 0.0 0.0 19.0 103.0 2.0 0.0
45 42 42 0.0 0.0 0.0 11.0 71.0 2.0 0.0
45 42 43 0.0 0.0 0.0 0.0 7.0 0.0 0.0
45 43 37 0.0 0.0 0.0 0.0 3.0 0.0 0.0
45 43 38 0.0 0.0 0.0 0.0 15.0 0.0 0.0
45 43 39 0.0 0.0 0.0 1.0 18.0 0.0 0.0
45 43 40 0.0 0.0 0.0 2.0 29.0 0.0 0.0
45 43 41 0.0 0.0 0.0 0.0 14.0 0.0 0.0
45 43 42 0.0 0.0 0.0 0.0 9.0 0.0 0.0
45 43 44 0.0 0.0 0.0 0.0 1.0 0.0 0.0
45 44 37 0.0 0.0 0.0 0.0 1.0 0.0 0.0
45 44 40 0.0 0.0 0.0 0.0 3.0 1.0 0.0
45 44 41 0.0 0.0 0.0 0.0 1.0 0.0 0.0
45 44 42 0.0 0.0 0.0 0.0 1.0 0.0 0.0
