35 41 39 0.0 0.0 0.0 0.0 1.0 0.0 0.0
36 37 38 0.0 0.0 0.0 0.0 2.0 0.0 0.0
36 37 39 0.0 0.0 0.0 0.0 1.0 0.0 0.0
36 37 40 0.0 0.0 0.0 0.0 2.0 0.0 0.0
36 37 41 0.0 0.0 0.0 0.0 1.0 0.0 0.0
36 38 37 0.0 0.0 0.0 1.0 2.0 0.0 0.0
36 38 38 0.0 0.0 0.0 1.0 10.0 0.0 0.0
36 38 39 0.0 0.0 0.0 0.0 8.0 0.0 0.0
36 38 40 0.0 0.0 0.0 3.0 32.0 0.0 0.0
36 38 41 0.0 0.0 0.0 1.0 9.0 0.0 0.0
36 38 42 0.0 0.0 0.0 0.0 3.0 0.0 0.0
36 38 43 0.0 0.0 0.0 1.0 0.0 0.0 0.0
36 39 37 0.0 0.0 0.0 0.0 2.0 0.0 0.0
36 39 38 0.0 0.0 0.0 3.0 11.0 1.0 0.0
36 39 39 0.0 0.0 0.0 5.0 45.0 1.0 0.0
36 39 40 0.0 0.0 0.0 4.0 29.0 0.0 0.0
36 39 41 0.0 0.0 0.0 3.0 33.0 0.0 0.0
36 39 42 0.0 0.0 0.0 0.0 24.0 0.0 0.0
36 39 43 0.0 0.0 0.0 0.0 8.0 1.0 0.0
36 40 37 0.0 0.0 0.0 1.0 3.0 0.0 0.0
36 40 38 0.0 0.0 0.0 0.0 15.0 0.0 0.0
36 40 39 0.0 0.0 0.0 4.0 40.0 1.0 0.0
36 40 40 0.0 0.0 0.0 5.0 40.0 0.0 0.0
36 40 41 0.0 0.0 0.0 1.0 49.0 1.0 0.0
36 40 42 0.0 0.0 0.0 5.0 15.0 0.0 0.0
36 40 43 0.0 0.0 0.0 1.0 0.0 0.0 0.0
36 40 44 0.0 0.0 0.0 0.0 1.0 0.0 0.0
36 41 37 0.0 0.0 0.0 0.0 2.0 0.0 0.0
36 41 38 0.0 0.0 0.0 0.0 8.0 0.0 0.0
36 41 39 0.0 0.0 0.0 4.0 22.0 0.0 0.0
36 41 40 0.0 0.0 0.0 3.0 39.0 0.0 0.0
36 41 41 0.0 0.0 0.0 4.0 22.0 0.0 0.0
36 41 42 0.0 0.0 0.0 3.0 12.0 0.0 0.0
36 41 43 0.0 0.0 0.0 0.0 4.0 0.0 0.0
36 42 37 0.0 0.0 0.0 0.0 3.0 0.0 0.0
36 42 38 0.0 0.0 0.0 4.0 2.0 0.0 0.0
36 42 39 0.0 0.0 0.0 0.0 9.0 0.0 0.0
36 42 40 0.0 0.0 0.0 2.0 5.0 0.0 0.0
36 42 41 0.0 0.0 0.0 1.0 10.0 0.0 0.0
36 42 42 0.0 0.0 0.0 0.0 4.0 0.0 0.0
36 42 43 0.0 0.0 0.0 0.0 2.0 1.0 0.0
36 43 38 0.0 0.0 0.0 0.0 2.0 1.0 0.0
36 43 39 0.0 0.0 0.0 1.0 2.0 0.0 0.0
36 43 41 0.0 0.0 0.0 0.0 9.0 1.0 0.0
37 36 40 0.0 0.0 0.0 0.0 1.0 0.0 0.0
37 37 37 0.0 0.0 0.0 1.0 44.0 0.0 0.0
37 37 38 0.0 0.0 0.0 19.0 237.0 2.0 0.0
37 37 39 0.0 0.0 0.0 36.0 535.0 11.0 0.0
37 37 40 0.0 0.0 1.0 64.0 678.0 13.0 0.0
37 37 41 0.0 0.0 0.0 58.0 577.0 11.0 0.0
37 37 42 0.0 0.0 0.0 28.0 231.0 3.0 0.0
37 37 43 0.0 0.0 0.0 3.0 37.0 0.0 0.0
37 38 37 0.0 0.0 0.0 33.0 275.0 5.0 1.0
37 38 38 0.0 0.0 0.0 204.0 1414.0 22.0 3.0
37 38 39 0.0 0.0 0.0 324.0 3032.0 63.0 29.0
37 38 40 0.0 2.0 0.0 470.0 4106.0 63.0 50.0
37 38 41 0.0 0.0 0.0 374.0 3009.0 51.0 19.0
37 38 42 0.0 0.0 1.0 173.0 1141.0 14.0 1.0
37 38 43 0.0 0.0 0.0 17.0 221.0 6.0 0.0
37 39 36 0.0 0.0 0.0 0.0 5.0 0.0 0.0
37 39 37 0.0 0.0 0.0 73.0 810.0 18.0 1.0
37 39 38 0.0 0.0 7.0 318.0 3660.0 72.0 38.0
37 39 39 0.0 0.0 6.0 792.0 7312.0 130.0 167.0
37 39 40 0.0 1.0 0.0 1022.0 8502.0 167.0 252.0
37 39 41 0.0 1.0 2.0 818.0 6566.0 103.0 121.0
37 39 42 0.0 0.0 1.0 429.0 2802.0 48.0 36.0
37 39 43 0.0 0.0 0.0 42.0 478.0 6.0 0.0
37 40 36 0.0 0.0 0.0 0.0 3.0 0.0 0.0
37 40 37 0.0 0.0 0.0 113.0 872.0 15.0 1.0
37 40 38 0.0 0.0 4.0 491.0 4649.0 78.0 71.0
37 40 39 0.0 0.0 1.0 885.0 8920.0 123.0 235.0
37 40 40 0.0 0.0 2.0 1041.0 11376.0 190.0 396.0
37 40 41 0.0 1.0 0.0 934.0 8412.0 163.0 192.0
37 40 42 0.0 0.0 0.0 461.0 3638.0 78.0 51.0
37 40 43 0.0 0.0 0.0 52.0 801.0 18.0 2.0
37 40 44 0.0 0.0 0.0 0.0 6.0 0.0 0.0
37 41 36 0.0 0.0 0.0 0.0 3.0 0.0 0.0
37 41 37 0.0 0.0 0.0 59.0 876.0 24.0 1.0
37 41 38 0.0 2.0 0.0 294.0 3326.0 44.0 22.0
37 41 39 0.0 0.0 1.0 731.0 7345.0 143.0 158.0
37 41 40 0.0 1.0 8.0 950.0 8655.0 157.0 233.0
37 41 41 0.0 0.0 3.0 603.0 6270.0 111.0 127.0
37 41 42 0.0 0.0 0.0 307.0 3224.0 51.0 42.0
37 41 43 0.0 0.0 0.0 47.0 450.0 5.0 0.0
37 41 44 0.0 0.0 0.0 0.0 3.0 0.0 0.0
37 42 36 0.0 0.0 0.0 0.0 4.0 0.0 0.0
37 42 37 0.0 0.0 0.0 28.0 256.0 1.0 0.0
37 42 38 0.0 0.0 0.0 164.0 1293.0 21.0 3.0
37 42 39 0.0 0.0 0.0 358.0 3297.0 63.0 42.0
37 42 40 0.0 0.0 2.0 369.0 3830.0 68.0 41.0
37 42 41 0.0 0.0 2.0 223.0 3155.0 44.0 18.0
37 42 42 0.0 0.0 0.0 110.0 1290.0 27.0 2.0
37 42 43 0.0 0.0 0.0 46.0 279.0 10.0 0.0
37 42 44 0.0 0.0 0.0 0.0 3.0 0.0 0.0
37 43 37 0.0 0.0 0.0 10.0 46.0 4.0 0.0
37 43 38 0.0 0.0 0.0 11.0 188.0 1.0 0.0
37 43 39 0.0 0.0 0.0 82.0 603.0 14.0 1.0
37 43 40 0.0 0.0 1.0 59.0 689.0 10.0 0.0
37 43 41 0.0 0.0 0.0 51.0 517.0 11.0 0.0
37 43 42 0.0 0.0 0.0 19.0 243.0 5.0 0.0
37 43 43 0.0 0.0 0.0 2.0 43.0 0.0 0.0
37 44 38 0.0 0.0 0.0 0.0 2.0 0.0 0.0
37 44 39 0.0 0.0 0.0 0.0 2.0 0.0 0.0
37 44 40 0.0 0.0 0.0 0.0 2.0 0.0 0.0
37 44 41 0.0 0.0 0.0 0.0 2.0 0.0 0.0
37 44 42 0.0 0.0 0.0 0.0 7.0 0.0 0.0
38 36 37 0.0 0.0 0.0 0.0 2.0 0.0 0.0
38 36 38 0.0 0.0 0.0 0.0 2.0 0.0 0.0
38 36 39 0.0 0.0 0.0 0.0 6.0 0.0 0.0
38 36 40 0.0 0.0 0.0 1.0 17.0 1.0 0.0
38 36 41 0.0 0.0 0.0 2.0 16.0 0.0 0.0
38 36 42 0.0 0.0 0.0 0.0 3.0 0.0 0.0
38 36 43 0.0 0.0 0.0 0.0 1.0 0.0 0.0
38 37 37 0.0 0.0 0.0 35.0 269.0 4.0 0.0
38 37 38 0.0 0.0 0.0 118.0 1365.0 30.0 6.0
38 37 39 0.0 0.0 1.0 308.0 2805.0 59.0 21.0
38 37 40 0.0 0.0 0.0 367.0 3777.0 47.0 43.0
38 37 41 0.0 0.0 0.0 184.0 3293.0 55.0 32.0
38 37 42 0.0 0.0 0.0 94.0 1543.0 28.0 8.0
38 37 43 0.0 0.0 0.0 48.0 329.0 2.0 0.0
38 38 36 0.0 0.0 0.0 0.0 7.0 0.0 0.0
38 38 37 0.0 0.0 0.0 200.0 1436.0 32.0 7.0
38 38 38 0.0 0.0 0.0 1431.0 19737.0 339.0 1832.0
38 38 39 0.0 0.0 13.0 2579.0 30502.0 409.0 5956.0
38 38 40 0.0 3.0 9.0 3175.0 35649.0 486.0 9901.0
38 38 41 0.0 5.0 8.0 3453.0 30053.0 475.0 5993.0
38 38 42 0.0 0.0 0.0 1239.0 16594.0 263.0 1182.0
38 38 43 0.0 0.0 0.0 151.0 1509.0 26.0 6.0
38 38 44 0.0 0.0 0.0 0.0 1.0 0.0 0.0
38 39 36 0.0 0.0 0.0 0.0 15.0 0.0 0.0
38 39 37 0.0 4.0 0.0 435.0 3290.0 63.0 36.0
38 39 38 0.0 6.0 11.0 4569.0 31844.0 447.0 8293.0
38 39 39 0.0 0.0 8.0 4979.0 39931.0 493.0 21841.0
38 39 40 0.0 9.0 6.0 5094.0 40605.0 504.0 27714.0
38 39 41 0.0 1.0 5.0 4117.0 40267.0 502.0 20415.0
38 39 42 0.0 0.0 18.0 3064.0 29360.0 461.0 5526.0
38 39 43 0.0 0.0 0.0 299.0 3157.0 49.0 27.0
38 39 44 0.0 0.0 0.0 2.0 8.0 0.0 0.0
38 40 36 0.0 0.0 0.0 2.0 22.0 0.0 0.0
38 40 37 0.0 0.0 3.0 539.0 4799.0 79.0 64.0
38 40 38 0.0 2.0 27.0 2975.0 37897.0 500.0 13078.0
38 40 39 0.0 5.0 14.0 4572.0 41680.0 501.0 29282.0
38 40 40 0.0 9.0 9.0 4194.0 40860.0 423.0 36617.0
38 40 41 0.0 4.0 11.0 4488.0 41180.0 479.0 27867.0
38 40 42 0.0 3.0 20.0 3218.0 34849.0 484.0 9315.0
38 40 43 0.0 0.0 2.0 320.0 4581.0 74.0 44.0
38 40 44 0.0 1.0 0.0 3.0 20.0 1.0 0.0
38 41 36 0.0 0.0 0.0 1.0 19.0 0.0 0.0
38 41 37 0.0 0.0 0.0 349.0 3681.0 55.0 25.0
38 41 38 0.0 2.0 9.0 2795.0 32496.0 469.0 7314.0
38 41 39 0.0 0.0 5.0 3572.0 41287.0 504.0 21745.0
38 41 40 0.0 1.0 10.0 4179.0 41319.0 501.0 27573.0
38 41 41 0.0 9.0 10.0 3833.0 40651.0 525.0 19199.0
38 41 42 0.0 1.0 5.0 2456.0 31335.0 452.0 6355.0
38 41 43 0.0 1.0 0.0 335.0 2735.0 44.0 19.0
38 41 44 0.0 0.0 0.0 4.0 19.0 0.0 0.0
38 42 36 0.0 0.0 0.0 0.0 9.0 0.0 0.0
38 42 37 0.0 0.0 0.0 108.0 1504.0 33.0 7.0
38 42 38 0.0 1.0 1.0 1727.0 19014.0 293.0 1809.0
38 42 39 0.0 16.0 14.0 2745.0 30935.0 459.0 6357.0
38 42 40 0.0 3.0 7.0 3611.0 35212.0 520.0 9957.0
38 42 41 0.0 4.0 4.0 2975.0 30972.0 403.0 6558.0
38 42 42 0.0 1.0 0.0 1437.0 16716.0 301.0 1254.0
38 42 43 0.0 0.0 0.0 114.0 1394.0 19.0 2.0
38 42 44 0.0 0.0 0.0 1.0 8.0 1.0 0.0
38 43 37 0.0 0.0 0.0 32.0 295.0 4.0 1.0
38 43 38 0.0 0.0 0.0 102.0 1446.0 36.0 4.0
38 43 39 0.0 2.0 0.0 323.0 2988.0 49.0 19.0
38 43 40 0.0 0.0 2.0 423.0 3950.0 68.0 40.0
38 43 41 0.0 0.0 0.0 295.0 3262.0 56.0 29.0
38 43 42 0.0 0.0 0.0 117.0 1412.0 27.0 7.0
38 43 43 0.0 0.0 0.0 26.0 204.0 2.0 0.0
38 43 44 0.0 0.0 0.0 0.0 1.0 0.0 0.0
38 44 38 0.0 0.0 0.0 3.0 3.0 0.0 0.0
38 44 39 0.0 0.0 0.0 0.0 12.0 0.0 0.0
38 44 40 0.0 0.0 0.0 1.0 16.0 1.0 0.0
38 44 41 0.0 0.0 0.0 0.0 6.0 0.0 0.0
38 44 42 0.0 0.0 0.0 0.0 8.0 0.0 0.0
38 44 43 0.0 0.0 0.0 1.0 1.0 0.0 0.0
39 36 38 0.0 0.0 0.0 2.0 9.0 0.0 0.0
39 36 39 0.0 0.0 0.0 4.0 34.0 0.0 0.0
39 36 40 0.0 0.0 0.0 8.0 38.0 0.0 0.0
39 36 41 0.0 0.0 0.0 6.0 46.0 2.0 0.0
39 36 42 0.0 0.0 0.0 0.0 4.0 0.0 0.0
39 36 43 0.0 0.0 0.0 1.0 1.0 0.0 0.0
39 37 36 0.0 0.0 0.0 1.0 1.0 0.0 0.0
39 37 37 0.0 0.0 0.0 74.0 625.0 12.0 1.0
39 37 38 0.0 0.0 0.0 308.0 3011.0 45.0 17.0
39 37 39 0.0 0.0 0.0 735.0 7052.0 94.0 147.0
39 37 40 0.0 0.0 5.0 951.0 9313.0 166.0 275.0
39 37 41 0.0 0.0 0.0 815.0 6862.0 116.0 153.0
39 37 42 0.0 3.0 1.0 451.0 3219.0 59.0 29.0
39 37 43 0.0 0.0 0.0 75.0 889.0 17.0 1.0
39 37 44 0.0 0.0 0.0 0.0 4.0 0.0 0.0
39 38 36 0.0 0.0 0.0 1.0 9.0 0.0 0.0
39 38 37 0.0 0.0 1.0 335.0 3578.0 46.0 35.0
39 38 38 0.0 1.0 1.0 4228.0 29070.0 460.0 6346.0
39 38 39 0.0 2.0 2.0 3946.0 41105.0 523.0 20554.0
39 38 40 0.0 4.0 11.0 4469.0 41282.0 517.0 26191.0
39 38 41 0.0 5.0 12.0 4132.0 40620.0 523.0 19988.0
39 38 42 0.0 6.0 1.0 3839.0 31085.0 447.0 7248.0
39 38 43 0.0 0.0 0.0 334.0 3098.0 56.0 27.0
39 38 44 0.0 0.0 0.0 0.0 38.0 0.0 0.0
39 39 36 0.0 0.0 0.0 9.0 35.0 1.0 0.0
39 39 37 0.0 0.0 10.0 825.0 6986.0 133.0 147.0
39 39 38 0.0 0.0 11.0 4425.0 41109.0 484.0 20479.0
39 39 39 0.0 2.0 12.0 2162.0 22579.0 181.0 81491.0
39 39 40 0.0 9.0 7.0 2120.0 20766.0 184.0 88306.0
39 39 41 0.0 7.0 10.0 2605.0 22253.0 200.0 80865.0
39 39 42 0.0 5.0 14.0 4073.0 40753.0 490.0 21202.0
39 39 43 0.0 0.0 1.0 584.0 6940.0 102.0 144.0
39 39 44 0.0 0.0 0.0 2.0 35.0 2.0 0.0
39 40 36 0.0 0.0 0.0 6.0 31.0 0.0 0.0
39 40 37 0.0 2.0 7.0 926.0 9829.0 150.0 301.0
39 40 38 0.0 3.0 7.0 4141.0 41828.0 461.0 28545.0
39 40 39 0.0 3.0 10.0 1980.0 18431.0 152.0 92691.0
39 40 40 0.0 9.0 8.0 2071.0 17698.0 142.0 97717.0
39 40 41 0.0 3.0 4.0 2137.0 19857.0 151.0 89873.0
39 40 42 0.0 3.0 19.0 4262.0 41220.0 481.0 28564.0
39 40 43 0.0 14.0 1.0 850.0 9222.0 154.0 249.0
39 40 44 0.0 0.0 0.0 1.0 48.0 0.0 0.0
39 41 36 0.0 0.0 0.0 4.0 22.0 0.0 0.0
39 41 37 0.0 0.0 0.0 704.0 7575.0 142.0 207.0
39 41 38 0.0 2.0 15.0 3814.0 40898.0 494.0 21870.0
39 41 39 0.0 3.0 2.0 2074.0 21569.0 195.0 84036.0
39 41 40 0.0 6.0 11.0 2054.0 20811.0 148.0 87597.0
39 41 41 0.0 12.0 19.0 2294.0 22434.0 202.0 81070.0
39 41 42 0.0 4.0 11.0 4811.0 39729.0 490.0 20186.0
39 41 43 0.0 9.0 3.0 761.0 6686.0 128.0 137.0
39 41 44 0.0 0.0 0.0 4.0 33.0 0.0 0.0
39 42 36 0.0 0.0 0.0 1.0 10.0 0.0 0.0
39 42 37 0.0 0.0 0.0 282.0 3130.0 49.0 37.0
39 42 38 0.0 0.0 11.0 3342.0 31300.0 443.0 7247.0
39 42 39 0.0 6.0 7.0 4518.0 40542.0 447.0 20722.0
39 42 40 0.0 2.0 6.0 4934.0 41045.0 521.0 27542.0
39 42 41 0.0 5.0 15.0 4372.0 40452.0 481.0 20691.0
39 42 42 0.0 7.0 15.0 3763.0 29670.0 449.0 6357.0
39 42 43 0.0 0.0 0.0 324.0 3086.0 48.0 24.0
39 42 44 0.0 0.0 0.0 8.0 9.0 0.0 0.0
39 43 37 0.0 0.0 0.0 82.0 535.0 6.0 1.0
39 43 38 0.0 1.0 1.0 278.0 3150.0 49.0 29.0
39 43 39 0.0 4.0 6.0 618.0 7197.0 134.0 153.0
39 43 40 0.0 0.0 2.0 799.0 8892.0 159.0 250.0
39 43 41 0.0 2.0 0.0 668.0 6956.0 129.0 152.0
39 43 42 0.0 0.0 0.0 336.0 3311.0 48.0 23.0
39 43 43 0.0 0.0 0.0 65.0 723.0 9.0 1.0
39 43 44 0.0 0.0 0.0 0.0 1.0 0.0 0.0
39 44 37 0.0 0.0 0.0 0.0 3.0 0.0 0.0
39 44 38 0.0 0.0 0.0 1.0 25.0 0.0 0.0
39 44 39 0.0 0.0 0.0 2.0 39.0 0.0 0.0
39 44 40 0.0 0.0 0.0 8.0 54.0 1.0 0.0
39 44 41 0.0 0.0 0.0 2.0 20.0 0.0 0.0
39 44 42 0.0 0.0 0.0 1.0 23.0 0.0 0.0
39 44 43 0.0 0.0 0.0 1.0 2.0 0.0 0.0
40 36 37 0.0 0.0 0.0 0.0 3.0 0.0 0.0
40 36 38 0.0 0.0 0.0 0.0 13.0 0.0 0.0
40 36 39 0.0 0.0 0.0 6.0 28.0 0.0 0.0
40 36 40 0.0 0.0 0.0 2.0 61.0 2.0 0.0
40 36 41 0.0 0.0 0.0 7.0 44.0 3.0 0.0
40 36 42 0.0 0.0 0.0 0.0 33.0 1.0 0.0
40 36 43 0.0 0.0 0.0 0.0 5.0 1.0 0.0
40 37 36 0.0 0.0 0.0 0.0 6.0 0.0 0.0
40 37 37 0.0 0.0 0.0 67.0 786.0 9.0 1.0
40 37 38 0.0 0.0 0.0 403.0 4367.0 77.0 49.0
40 37 39 0.0 3.0 6.0 988.0 9210.0 154.0 258.0
40 37 40 0.0 0.0 1.0 1206.0 11703.0 189.0 514.0
40 37 41 0.0 5.0 2.0 1038.0 9614.0 161.0 306.0
40 37 42 0.0 0.0 2.0 569.0 4740.0 78.0 77.0
40 37 43 0.0 1.0 1.0 141.0 1102.0 21.0 3.0
40 37 44 0.0 0.0 0.0 0.0 2.0 0.0 0.0
40 38 36 0.0 0.0 0.0 0.0 27.0 1.0 0.0
40 38 37 0.0 0.0 1.0 455.0 3578.0 68.0 49.0
40 38 38 0.0 0.0 3.0 3774.0 34948.0 499.0 9796.0
40 38 39 0.0 1.0 15.0 4179.0 41899.0 495.0 28333.0
40 38 40 0.0 15.0 8.0 4433.0 40163.0 431.0 38270.0
40 38 41 0.0 10.0 4.0 4010.0 41512.0 438.0 29731.0
40 38 42 0.0 1.0 8.0 3331.0 37279.0 494.0 12758.0
40 38 43 0.0 0.0 0.0 434.0 4763.0 89.0 59.0
40 38 44 0.0 0.0 0.0 3.0 25.0 0.0 0.0
40 39 36 0.0 0.0 0.0 3.0 37.0 1.0 0.0
40 39 37 0.0 1.0 1.0 839.0 8968.0 129.0 238.0
40 39 38 0.0 4.0 9.0 4610.0 41127.0 507.0 29270.0
40 39 39 0.0 1.0 8.0 2299.0 21283.0 176.0 87354.0
40 39 40 0.0 3.0 12.0 1929.0 17775.0 117.0 97858.0
40 39 41 0.0 12.0 12.0 2181.0 19012.0 150.0 91568.0
40 39 42 0.0 25.0 15.0 4266.0 41276.0 491.0 30803.0
40 39 43 0.0 3.0 4.0 1012.0 10348.0 175.0 341.0
40 39 44 0.0 0.0 0.0 8.0 61.0 2.0 0.0
40 40 36 0.0 0.0 0.0 5.0 61.0 0.0 0.0
40 40 37 0.0 1.0 9.0 1086.0 11242.0 189.0 417.0
40 40 38 0.0 1.0 19.0 4223.0 40887.0 420.0 38135.0
40 40 39 0.0 2.0 8.0 1957.0 19428.0 157.0 95402.0
40 40 40 0.0 0.0 3.0 985.0 9199.0 55.0 129067.0
40 40 41 0.0 7.0 11.0 2004.0 17454.0 134.0 98675.0
40 40 42 0.0 15.0 19.0 3875.0 40296.0 416.0 38956.0
40 40 43 0.0 5.0 3.0 1192.0 11756.0 210.0 462.0
40 40 44 0.0 0.0 0.0 3.0 104.0 0.0 0.0
40 41 36 0.0 0.0 0.0 5.0 53.0 2.0 0.0
40 41 37 0.0 1.0 2.0 1142.0 8849.0 137.0 263.0
40 41 38 0.0 6.0 12.0 3854.0 41667.0 475.0 29532.0
40 41 39 0.0 3.0 10.0 2134.0 20172.0 187.0 89595.0
40 41 40 0.0 6.0 12.0 1852.0 17838.0 148.0 97982.0
40 41 41 0.0 6.0 10.0 2507.0 19502.0 169.0 89292.0
40 41 42 0.0 14.0 4.0 4138.0 42207.0 531.0 26682.0
40 41 43 0.0 0.0 0.0 978.0 8533.0 154.0 231.0
40 41 44 0.0 0.0 0.0 4.0 45.0 2.0 0.0
40 42 36 0.0 0.0 0.0 0.0 21.0 0.0 0.0
40 42 37 0.0 0.0 2.0 439.0 3820.0 71.0 41.0
40 42 38 0.0 0.0 13.0 3451.0 35288.0 475.0 9969.0
40 42 39 0.0 10.0 23.0 3657.0 42362.0 454.0 27964.0
40 42 40 0.0 3.0 13.0 3608.0 41596.0 458.0 36727.0
40 42 41 0.0 5.0 20.0 4680.0 40970.0 455.0 27886.0
40 42 42 0.0 4.0 0.0 4600.0 34381.0 488.0 10316.0
40 42 43 0.0 1.0 0.0 342.0 3528.0 69.0 36.0
40 42 44 0.0 0.0 0.0 1.0 15.0 0.0 0.0
40 43 37 0.0 0.0 0.0 91.0 827.0 12.0 1.0
40 43 38 0.0 0.0 4.0 404.0 3701.0 68.0 50.0
40 43 39 0.0 0.0 2.0 822.0 8882.0 140.0 239.0
40 43 40 0.0 0.0 4.0 1077.0 10997.0 179.0 374.0
40 43 41 0.0 2.0 0.0 856.0 8940.0 150.0 252.0
40 43 42 0.0 7.0 0.0 438.0 4020.0 62.0 35.0
40 43 43 0.0 0.0 0.0 69.0 679.0 9.0 0.0
40 43 44 0.0 0.0 0.0 2.0 1.0 0.0 0.0
40 44 37 0.0 0.0 0.0 0.0 2.0 0.0 0.0
40 44 38 0.0 0.0 0.0 0.0 13.0 0.0 0.0
40 44 39 0.0 0.0 0.0 7.0 49.0 1.0 0.0
40 44 40 0.0 0.0 0.0 2.0 58.0 0.0 0.0
40 44 41 0.0 0.0 0.0 1.0 34.0 2.0 0.0
40 44 42 0.0 0.0 0.0 1.0 6.0 0.0 0.0
40 44 43 0.0 0.0 0.0 1.0 1.0 0.0 0.0
41 36 38 0.0 0.0 0.0 2.0 14.0 0.0 0.0
41 36 39 0.0 0.0 0.0 3.0 34.0 1.0 0.0
41 36 40 0.0 0.0 0.0 0.0 42.0 0.0 0.0
41 36 41 0.0 0.0 0.0 7.0 48.0 0.0 0.0
41 36 42 0.0 0.0 0.0 0.0 22.0 0.0 0.0
41 36 43 0.0 0.0 0.0 0.0 2.0 0.0 0.0
41 37 36 0.0 0.0 0.0 0.0 4.0 1.0 0.0
41 37 37 0.0 0.0 0.0 65.0 651.0 8.0 1.0
41 37 38 0.0 0.0 0.0 324.0 3096.0 57.0 28.0
41 37 39 0.0 0.0 0.0 754.0 7548.0 135.0 162.0
41 37 40 0.0 0.0 0.0 945.0 10352.0 154.0 351.0
41 37 41 0.0 3.0 4.0 1086.0 8635.0 150.0 238.0
41 37 42 0.0 3.0 0.0 359.0 4418.0 79.0 56.0
41 37 43 0.0 0.0 4.0 69.0 1294.0 28.0 4.0
41 37 44 0.0 0.0 0.0 1.0 2.0 0.0 0.0
41 38 36 0.0 0.0 0.0 0.0 12.0 1.0 0.0
41 38 37 0.0 0.0 5.0 412.0 2887.0 49.0 34.0
41 38 38 0.0 2.0 3.0 3689.0 29800.0 417.0 6371.0
41 38 39 0.0 2.0 7.0 4531.0 40899.0 531.0 20888.0
41 38 40 0.0 4.0 28.0 4503.0 40953.0 454.0 32031.0
41 38 41 0.0 10.0 17.0 4119.0 41408.0 492.0 26518.0
41 38 42 0.0 6.0 10.0 2452.0 37539.0 483.0 12033.0
41 38 43 0.0 0.0 2.0 456.0 4507.0 78.0 60.0
41 38 44 0.0 0.0 0.0 0.0 22.0 0.0 0.0
41 39 36 0.0 0.0 0.0 4.0 19.0 0.0 0.0
41 39 37 0.0 0.0 1.0 752.0 6838.0 113.0 167.0
41 39 38 0.0 3.0 3.0 4092.0 40940.0 507.0 18730.0
41 39 39 0.0 6.0 7.0 2400.0 21304.0 200.0 83790.0
41 39 40 0.0 2.0 16.0 2050.0 19366.0 153.0 92076.0
41 39 41 0.0 1.0 5.0 1658.0 18491.0 134.0 90951.0
41 39 42 0.0 7.0 12.0 3959.0 41580.0 503.0 25999.0
41 39 43 0.0 4.0 12.0 795.0 9410.0 175.0 287.0
41 39 44 0.0 0.0 0.0 8.0 82.0 2.0 0.0
41 40 36 0.0 0.0 0.0 4.0 33.0 0.0 0.0
41 40 37 0.0 0.0 5.0 823.0 9561.0 133.0 281.0
41 40 38 0.0 3.0 10.0 4654.0 40955.0 471.0 28980.0
41 40 39 0.0 1.0 6.0 1836.0 19692.0 173.0 91670.0
41 40 40 0.0 3.0 6.0 1726.0 17800.0 137.0 99183.0
41 40 41 0.0 11.0 20.0 2047.0 21053.0 177.0 89107.0
41 40 42 0.0 2.0 8.0 3779.0 41799.0 461.0 31315.0
41 40 43 0.0 2.0 0.0 994.0 10165.0 179.0 369.0
41 40 44 0.0 0.0 0.0 2.0 52.0 2.0 0.0
41 41 36 0.0 0.0 0.0 2.0 46.0 0.0 0.0
41 41 37 0.0 0.0 0.0 717.0 6993.0 120.0 171.0
41 41 38 0.0 0.0 21.0 3450.0 41602.0 534.0 21123.0
41 41 39 0.0 4.0 22.0 1941.0 23202.0 192.0 81111.0
41 41 40 0.0 9.0 12.0 1871.0 19827.0 151.0 90513.0
41 41 41 0.0 5.0 5.0 2340.0 21810.0 181.0 83108.0
41 41 42 0.0 17.0 4.0 4891.0 40247.0 460.0 20673.0
41 41 43 0.0 0.0 0.0 715.0 7698.0 143.0 166.0
41 41 44 0.0 0.0 0.0 1.0 29.0 1.0 0.0
41 42 36 0.0 0.0 0.0 2.0 17.0 0.0 0.0
41 42 37 0.0 0.0 1.0 395.0 3273.0 53.0 30.0
41 42 38 0.0 0.0 11.0 3655.0 30814.0 455.0 6846.0
41 42 39 0.0 6.0 15.0 3528.0 41134.0 510.0 20185.0
41 42 40 0.0 1.0 1.0 3861.0 41974.0 497.0 27982.0
41 42 41 0.0 9.0 7.0 4048.0 40547.0 524.0 20370.0
41 42 42 0.0 1.0 4.0 3576.0 31852.0 470.0 7332.0
41 42 43 0.0 0.0 0.0 364.0 3061.0 68.0 33.0
41 42 44 0.0 0.0 0.0 0.0 12.0 0.0 0.0
41 43 36 0.0 0.0 0.0 1.0 4.0 0.0 0.0
41 43 37 0.0 0.0 0.0 87.0 610.0 13.0 1.0
41 43 38 0.0 0.0 0.0 344.0 3368.0 65.0 34.0
41 43 39 0.0 0.0 2.0 596.0 7087.0 115.0 154.0
41 43 40 0.0 0.0 0.0 874.0 8731.0 157.0 252.0
41 43 41 0.0 1.0 4.0 686.0 6862.0 127.0 145.0
41 43 42 0.0 2.0 0.0 365.0 3219.0 66.0 25.0
41 43 43 0.0 0.0 0.0 92.0 621.0 8.0 1.0
41 43 44 0.0 0.0 0.0 0.0 5.0 0.0 0.0
41 44 38 0.0 0.0 0.0 1.0 11.0 0.0 0.0
41 44 39 0.0 0.0 0.0 4.0 22.0 0.0 0.0
41 44 40 0.0 0.0 0.0 1.0 34.0 0.0 0.0
41 44 41 0.0 0.0 0.0 0.0 24.0 0.0 0.0
41 44 42 0.0 0.0 0.0 1.0 8.0 0.0 0.0
41 44 43 0.0 0.0 0.0 1.0 1.0 0.0 0.0
42 36 38 0.0 0.0 0.0 2.0 8.0 0.0 0.0
42 36 39 0.0 0.0 0.0 0.0 11.0 1.0 0.0
42 36 40 0.0 0.0 0.0 4.0 25.0 0.0 0.0
42 36 41 0.0 0.0 0.0 1.0 19.0 1.0 0.0
42 36 42 0.0 0.0 0.0 3.0 9.0 0.0 0.0
42 37 36 0.0 0.0 0.0 4.0 1.0 0.0 0.0
42 37 37 0.0 0.0 0.0 48.0 278.0 5.0 3.0
42 37 38 0.0 0.0 0.0 182.0 1540.0 24.0 6.0
42 37 39 0.0 0.0 3.0 405.0 3860.0 81.0 49.0
42 37 40 0.0 1.0 4.0 500.0 5276.0 95.0 89.0
42 37 41 0.0 1.0 4.0 494.0 4708.0 77.0 62.0
42 37 42 0.0 0.0 0.0 175.0 2424.0 40.0 19.0
42 37 43 0.0 0.0 0.0 31.0 643.0 7.0 0.0
42 37 44 0.0 0.0 0.0 1.0 1.0 0.0 0.0
42 38 36 0.0 0.0 0.0 0.0 9.0 0.0 0.0
42 38 37 0.0 0.0 1.0 132.0 1536.0 25.0 6.0
42 38 38 0.0 2.0 3.0 1877.0 22684.0 365.0 2830.0
42 38 39 0.0 0.0 2.0 3285.0 33663.0 458.0 8708.0
42 38 40 0.0 10.0 5.0 3930.0 38623.0 534.0 15539.0
42 38 41 0.0 8.0 12.0 2778.0 37455.0 505.0 12224.0
42 38 42 0.0 1.0 8.0 1934.0 28395.0 425.0 4719.0
42 38 43 0.0 0.0 0.0 215.0 2701.0 37.0 26.0
42 38 44 0.0 0.0 0.0 0.0 12.0 0.0 0.0
42 39 36 0.0 0.0 0.0 0.0 16.0 0.0 0.0
42 39 37 0.0 0.0 0.0 304.0 3274.0 54.0 23.0
42 39 38 0.0 0.0 2.0 2689.0 34401.0 487.0 8903.0
42 39 39 0.0 6.0 13.0 4612.0 40246.0 486.0 21867.0
42 39 40 0.0 3.0 9.0 4249.0 40885.0 452.0 33713.0
42 39 41 0.0 5.0 14.0 3829.0 41535.0 489.0 26349.0
42 39 42 0.0 3.0 11.0 2512.0 37703.0 512.0 12239.0
42 39 43 0.0 0.0 0.0 361.0 4522.0 60.0 53.0
42 39 44 0.0 0.0 0.0 2.0 16.0 1.0 0.0
42 40 36 0.0 0.0 0.0 2.0 24.0 0.0 0.0
42 40 37 0.0 0.0 0.0 290.0 4273.0 67.0 56.0
42 40 38 0.0 0.0 5.0 3043.0 36201.0 450.0 10881.0
42 40 39 0.0 0.0 2.0 3279.0 42513.0 477.0 30704.0
42 40 40 0.0 4.0 8.0 3951.0 40630.0 438.0 39235.0
42 40 41 0.0 4.0 13.0 3442.0 41822.0 460.0 31843.0
42 40 42 0.0 1.0 13.0 3084.0 38671.0 494.0 14207.0
42 40 43 0.0 0.0 0.0 590.0 5271.0 84.0 83.0
42 40 44 0.0 0.0 0.0 1.0 20.0 0.0 0.0
42 41 36 0.0 0.0 0.0 4.0 5.0 0.0 0.0
42 41 37 0.0 0.0 2.0 307.0 3178.0 69.0 28.0
42 41 38 0.0 0.0 7.0 2383.0 32328.0 496.0 7035.0
42 41 39 0.0 0.0 10.0 2902.0 41956.0 530.0 20034.0
42 41 40 0.0 5.0 16.0 3290.0 42315.0 444.0 30308.0
42 41 41 0.0 1.0 6.0 3538.0 41802.0 509.0 22032.0
42 41 42 0.0 5.0 3.0 2665.0 32403.0 438.0 7344.0
42 41 43 0.0 2.0 0.0 322.0 3929.0 72.0 42.0
42 41 44 0.0 0.0 0.0 1.0 23.0 0.0 0.0
42 42 36 0.0 0.0 0.0 0.0 1.0 0.0 0.0
42 42 37 0.0 0.0 0.0 163.0 1478.0 27.0 5.0
42 42 38 0.0 2.0 1.0 2099.0 16775.0 272.0 1490.0
42 42 39 0.0 0.0 4.0 2638.0 32739.0 447.0 7199.0
42 42 40 0.0 23.0 3.0 3064.0 36819.0 506.0 11483.0
42 42 41 0.0 5.0 3.0 4230.0 31234.0 494.0 7521.0
42 42 42 0.0 10.0 0.0 1617.0 18704.0 310.0 1723.0
42 42 43 0.0 1.0 0.0 171.0 1362.0 26.0 7.0
42 42 44 0.0 0.0 0.0 1.0 8.0 0.0 0.0
42 43 37 0.0 0.0 0.0 33.0 209.0 1.0 0.0
42 43 38 0.0 0.0 0.0 123.0 1332.0 24.0 4.0
42 43 39 0.0 0.0 1.0 245.0 3514.0 69.0 32.0
42 43 40 0.0 0.0 0.0 385.0 3850.0 65.0 39.0
42 43 41 0.0 0.0 0.0 331.0 3200.0 53.0 40.0
42 43 42 0.0 0.0 1.0 115.0 1411.0 37.0 3.0
42 43 43 0.0 0.0 0.0 33.0 287.0 4.0 1.0
42 44 37 0.0 0.0 0.0 0.0 1.0 0.0 0.0
42 44 38 0.0 0.0 0.0 0.0 4.0 0.0 0.0
42 44 39 0.0 0.0 0.0 3.0 13.0 0.0 0.0
42 44 40 0.0 0.0 0.0 2.0 23.0 0.0 0.0
42 44 41 0.0 0.0 0.0 1.0 14.0 0.0 0.0
42 44 42 0.0 0.0 0.0 1.0 5.0 0.0 0.0
43 36 39 0.0 0.0 0.0 0.0 1.0 0.0 0.0
43 36 40 0.0 0.0 0.0 0.0 8.0 0.0 0.0
43 36 41 0.0 0.0 0.0 0.0 1.0 0.0 0.0
43 36 42 0.0 0.0 0.0 0.0 1.0 0.0 0.0
43 37 36 0.0 0.0 0.0 0.0 1.0 0.0 0.0
43 37 37 0.0 0.0 0.0 4.0 42.0 2.0 0.0
43 37 38 0.0 0.0 0.0 51.0 344.0 4.0 2.0
43 37 39 0.0 0.0 0.0 83.0 938.0 17.0 1.0
43 37 40 0.0 0.0 0.0 114.0 1377.0 25.0 5.0
43 37 41 0.0 0.0 1.0 109.0 1102.0 21.0 0.0
43 37 42 0.0 0.0 0.0 24.0 668.0 11.0 0.0
43 37 43 0.0 0.0 0.0 9.0 181.0 3.0 0.0
43 37 44 0.0 0.0 0.0 0.0 3.0 0.0 0.0
43 38 37 0.0 0.0 0.0 26.0 442.0 9.0 0.0
43 38 38 0.0 0.0 0.0 195.0 1520.0 32.0 6.0
43 38 39 0.0 0.0 2.0 412.0 4406.0 73.0 62.0
43 38 40 0.0 0.0 1.0 488.0 6005.0 91.0 100.0
43 38 41 0.0 0.0 0.0 495.0 5186.0 106.0 87.0
43 38 42 0.0 0.0 1.0 216.0 2413.0 44.0 20.0
43 38 43 0.0 0.0 0.0 38.0 637.0 14.0 0.0
43 38 44 0.0 0.0 0.0 0.0 3.0 0.0 0.0
43 39 36 0.0 0.0 0.0 0.0 1.0 0.0 0.0
43 39 37 0.0 0.0 0.0 50.0 921.0 15.0 2.0
43 39 38 0.0 0.0 1.0 338.0 3637.0 76.0 31.0
43 39 39 0.0 0.0 1.0 925.0 8410.0 159.0 262.0
43 39 40 0.0 5.0 4.0 1052.0 10892.0 194.0 397.0
43 39 41 0.0 2.0 1.0 796.0 9689.0 159.0 312.0
43 39 42 0.0 0.0 5.0 360.0 5109.0 100.0 65.0
43 39 43 0.0 0.0 0.0 81.0 1169.0 19.0 1.0
43 39 44 0.0 0.0 0.0 1.0 3.0 0.0 0.0
43 40 37 0.0 0.0 0.0 62.0 991.0 11.0 5.0
43 40 38 0.0 0.0 1.0 366.0 4235.0 65.0 52.0
43 40 39 0.0 0.0 1.0 863.0 9375.0 151.0 282.0
43 40 40 0.0 0.0 7.0 978.0 13351.0 220.0 597.0
43 40 41 0.0 7.0 2.0 1170.0 10510.0 168.0 373.0
43 40 42 0.0 1.0 1.0 533.0 5100.0 98.0 78.0
43 40 43 0.0 0.0 0.0 110.0 1308.0 21.0 7.0
43 40 44 0.0 0.0 0.0 0.0 3.0 0.0 0.0
43 41 37 0.0 0.0 0.0 54.0 719.0 12.0 1.0
43 41 38 0.0 0.0 0.0 201.0 3171.0 55.0 22.0
43 41 39 0.0 0.0 0.0 624.0 7615.0 124.0 162.0
43 41 40 0.0 0.0 5.0 830.0 10157.0 180.0 324.0
43 41 41 0.0 1.0 0.0 634.0 8553.0 167.0 217.0
43 41 42 0.0 0.0 1.0 315.0 3496.0 53.0 31.0
43 41 43 0.0 0.0 0.0 55.0 866.0 16.0 2.0
43 41 44 0.0 0.0 0.0 1.0 2.0 0.0 0.0
43 42 37 0.0 0.0 0.0 17.0 332.0 4.0 0.0
43 42 38 0.0 0.0 1.0 78.0 1537.0 40.0 7.0
43 42 39 0.0 0.0 1.0 229.0 3232.0 59.0 21.0
43 42 40 0.0 0.0 1.0 330.0 4772.0 68.0 72.0
43 42 41 0.0 0.0 0.0 387.0 3407.0 65.0 37.0
43 42 42 0.0 0.0 0.0 162.0 1573.0 29.0 9.0
43 42 43 0.0 0.0 0.0 48.0 213.0 7.0 1.0
43 42 44 0.0 0.0 0.0 0.0 1.0 0.0 0.0
43 43 37 0.0 0.0 0.0 0.0 32.0 0.0 0.0
43 43 38 0.0 0.0 0.0 22.0 252.0 8.0 0.0
43 43 39 0.0 0.0 0.0 15.0 723.0 12.0 2.0
43 43 40 0.0 0.0 0.0 111.0 937.0 26.0 2.0
43 43 41 0.0 1.0 0.0 54.0 731.0 17.0 0.0
43 43 42 0.0 0.0 0.0 23.0 281.0 5.0 0.0
43 43 43 0.0 0.0 0.0 2.0 30.0 0.0 0.0
43 44 38 0.0 0.0 0.0 0.0 5.0 0.0 0.0
43 44 39 0.0 0.0 0.0 0.0 2.0 0.0 0.0
43 44 40 0.0 0.0 0.0 0.0 7.0 0.0 0.0
43 44 41 0.0 0.0 0.0 0.0 1.0 0.0 0.0
43 44 42 0.0 0.0 0.0 0.0 2.0 0.0 0.0
44 37 38 0.0 0.0 0.0 0.0 3.0 0.0 0.0
44 37 39 0.0 0.0 0.0 0.0 7.0 0.0 0.0
44 37 40 0.0 0.0 0.0 0.0 4.0 0.0 0.0
44 37 41 0.0 0.0 0.0 0.0 3.0 0.0 0.0
44 37 42 0.0 0.0 0.0 0.0 7.0 0.0 0.0
44 38 37 0.0 0.0 0.0 0.0 1.0 0.0 0.0
44 38 38 0.0 0.0 0.0 0.0 6.0 0.0 0.0
44 38 39 0.0 0.0 0.0 2.0 13.0 1.0 0.0
44 38 40 0.0 0.0 0.0 3.0 36.0 0.0 0.0
44 38 41 0.0 0.0 0.0 6.0 27.0 0.0 0.0
44 38 42 0.0 0.0 0.0 1.0 11.0 0.0 0.0
44 38 43 0.0 0.0 0.0 0.0 2.0 0.0 0.0
44 39 37 0.0 0.0 0.0 0.0 3.0 0.0 0.0
44 39 38 0.0 0.0 0.0 1.0 34.0 2.0 0.0
44 39 39 0.0 0.0 0.0 6.0 30.0 0.0 0.0
44 39 40 0.0 0.0 0.0 6.0 61.0 1.0 0.0
44 39 41 0.0 0.0 0.0 4.0 33.0 0.0 0.0
44 39 42 0.0 0.0 0.0 4.0 26.0 0.0 0.0
44 39 43 0.0 0.0 0.0 1.0 5.0 0.0 0.0
44 40 37 0.0 0.0 0.0 0.0 1.0 0.0 0.0
44 40 38 0.0 0.0 0.0 7.0 18.0 2.0 0.0
44 40 39 0.0 0.0 0.0 6.0 85.0 2.0 0.0
44 40 40 0.0 0.0 0.0 8.0 82.0 2.0 0.0
44 40 41 0.0 0.0 0.0 1.0 90.0 4.0 0.0
44 40 42 0.0 0.0 0.0 0.0 36.0 0.0 0.0
44 40 43 0.0 0.0 0.0 1.0 6.0 0.0 0.0
44 41 37 0.0 0.0 0.0 0.0 5.0 0.0 0.0
44 41 38 0.0 0.0 0.0 0.0 15.0 1.0 0.0
44 41 39 0.0 0.0 0.0 3.0 32.0 0.0 0.0
44 41 40 0.0 0.0 0.0 7.0 74.0 1.0 0.0
44 41 41 0.0 0.0 0.0 1.0 65.0 1.0 0.0
44 41 42 0.0 0.0 0.0 0.0 16.0 0.0 0.0
44 41 43 0.0 0.0 0.0 0.0 3.0 0.0 0.0
44 42 38 0.0 0.0 0.0 0.0 7.0 0.0 0.0
44 42 39 0.0 0.0 0.0 2.0 16.0 0.0 0.0
44 42 40 0.0 0.0 0.0 0.0 14.0 0.0 0.0
44 42 41 0.0 0.0 0.0 0.0 23.0 0.0 0.0
44 42 42 0.0 0.0 0.0 0.0 8.0 0.0 0.0
44 43 38 0.0 0.0 0.0 0.0 2.0 0.0 0.0
44 43 39 0.0 0.0 0.0 0.0 5.0 0.0 0.0
44 43 40 0.0 0.0 0.0 0.0 1.0 0.0 0.0
44 43 41 0.0 0.0 0.0 0.0 7.0 0.0 0.0
44 43 42 0.0 0.0 0.0 0.0 1.0 0.0 0.0
44 44 41 0.0 0.0 0.0 0.0 1.0 0.0 0.0
