38 38 38 0.0 0.0 0.0 0.0 4.0 0.0 0.0
38 38 39 0.0 0.0 0.0 0.0 10.0 0.0 0.0
38 38 40 0.0 0.0 0.0 0.0 9.0 0.0 0.0
38 38 41 0.0 0.0 0.0 0.0 3.0 0.0 0.0
38 39 38 0.0 0.0 0.0 0.0 8.0 0.0 0.0
38 39 39 0.0 0.0 0.0 7.0 18.0 1.0 0.0
38 39 40 0.0 0.0 0.0 11.0 7.0 0.0 0.0
38 39 41 0.0 0.0 0.0 4.0 21.0 0.0 0.0
38 39 42 0.0 0.0 0.0 0.0 3.0 0.0 0.0
38 40 38 0.0 0.0 0.0 1.0 19.0 1.0 0.0
38 40 39 0.0 0.0 0.0 1.0 18.0 0.0 0.0
38 40 40 0.0 0.0 0.0 4.0 25.0 1.0 0.0
38 40 41 0.0 0.0 0.0 1.0 21.0 0.0 0.0
38 40 42 0.0 0.0 0.0 0.0 2.0 0.0 0.0
38 41 38 0.0 0.0 0.0 2.0 3.0 0.0 0.0
38 41 39 0.0 0.0 0.0 6.0 17.0 0.0 0.0
38 41 40 0.0 0.0 0.0 3.0 15.0 0.0 0.0
38 41 41 0.0 0.0 0.0 3.0 11.0 1.0 0.0
38 41 42 0.0 0.0 0.0 0.0 7.0 0.0 0.0
38 42 38 0.0 0.0 0.0 1.0 4.0 0.0 0.0
38 42 39 0.0 0.0 0.0 0.0 9.0 0.0 0.0
38 42 40 0.0 0.0 0.0 0.0 6.0 0.0 0.0
38 42 41 0.0 0.0 0.0 0.0 9.0 0.0 0.0
38 42 42 0.0 0.0 0.0 0.0 2.0 0.0 0.0
39 38 38 0.0 0.0 0.0 3.0 4.0 0.0 0.0
39 38 39 0.0 0.0 0.0 0.0 17.0 0.0 0.0
39 38 40 0.0 0.0 0.0 0.0 15.0 0.0 0.0
39 38 41 0.0 0.0 0.0 6.0 5.0 1.0 0.0
39 38 42 0.0 0.0 0.0 4.0 7.0 0.0 0.0
39 39 38 0.0 0.0 0.0 3.0 16.0 0.0 0.0
39 39 39 0.0 3.0 19.0 365.0 3993.0 75.0 68.0
39 39 40 0.0 0.0 19.0 526.0 4917.0 95.0 113.0
39 39 41 0.0 7.0 20.0 571.0 3697.0 63.0 47.0
39 39 42 0.0 0.0 0.0 0.0 14.0 0.0 0.0
39 40 38 0.0 0.0 0.0 0.0 20.0 1.0 0.0
39 40 39 0.0 4.0 20.0 1077.0 6436.0 119.0 207.0
39 40 40 0.0 13.0 31.0 889.0 6434.0 105.0 171.0
39 40 41 0.0 6.0 58.0 601.0 5223.0 95.0 113.0
39 40 42 0.0 0.0 0.0 1.0 17.0 0.0 0.0
39 41 38 0.0 0.0 0.0 1.0 18.0 1.0 0.0
39 41 39 0.0 2.0 24.0 503.0 4637.0 77.0 81.0
39 41 40 0.0 7.0 33.0 483.0 4520.0 61.0 83.0
39 41 41 0.0 14.0 12.0 447.0 3879.0 60.0 62.0
39 41 42 0.0 0.0 0.0 5.0 8.0 0.0 0.0
39 42 38 0.0 0.0 0.0 0.0 4.0 1.0 0.0
39 42 39 0.0 0.0 0.0 6.0 10.0 1.0 0.0
39 42 40 0.0 0.0 0.0 13.0 25.0 1.0 0.0
39 42 41 0.0 0.0 0.0 4.0 18.0 0.0 0.0
39 42 42 0.0 0.0 0.0 2.0 1.0 0.0 0.0
40 38 38 0.0 0.0 0.0 0.0 3.0 0.0 0.0
40 38 39 0.0 0.0 0.0 1.0 20.0 1.0 0.0
40 38 40 0.0 0.0 0.0 8.0 26.0 0.0 0.0
40 38 41 0.0 0.0 0.0 1.0 31.0 0.0 0.0
40 38 42 0.0 0.0 0.0 2.0 6.0 0.0 0.0
40 39 38 0.0 0.0 0.0 7.0 15.0 0.0 0.0
40 39 39 0.0 0.0 27.0 583.0 4152.0 67.0 71.0
40 39 40 0.0 18.0 41.0 1026.0 6692.0 126.0 181.0
40 39 41 0.0 10.0 56.0 911.0 5713.0 114.0 135.0
40 39 42 0.0 0.0 0.0 1.0 9.0 0.0 0.0
40 40 38 0.0 0.0 1.0 1.0 36.0 0.0 0.0
40 40 39 0.0 7.0 25.0 729.0 5477.0 103.0 116.0
40 40 40 1.0 81.0 262.0 4074.0 29917.0 337.0 45510.0
40 40 41 0.0 39.0 37.0 1014.0 6703.0 118.0 217.0
40 40 42 0.0 0.0 0.0 1.0 25.0 0.0 0.0
40 41 38 0.0 0.0 0.0 0.0 38.0 3.0 0.0
40 41 39 0.0 13.0 24.0 855.0 5086.0 100.0 118.0
40 41 40 0.0 6.0 73.0 912.0 7037.0 132.0 209.0
40 41 41 0.0 17.0 44.0 938.0 4853.0 96.0 125.0
40 41 42 0.0 0.0 0.0 1.0 9.0 0.0 0.0
40 42 38 0.0 0.0 0.0 0.0 9.0 1.0 0.0
40 42 39 0.0 0.0 0.0 3.0 22.0 0.0 0.0
40 42 40 0.0 0.0 0.0 3.0 30.0 0.0 0.0
40 42 41 0.0 0.0 0.0 0.0 12.0 0.0 0.0
40 42 42 0.0 0.0 0.0 5.0 8.0 1.0 0.0
41 38 38 0.0 0.0 0.0 1.0 4.0 0.0 0.0
41 38 39 0.0 0.0 0.0 1.0 12.0 0.0 0.0
41 38 40 0.0 0.0 0.0 2.0 32.0 0.0 0.0
41 38 41 0.0 0.0 0.0 2.0 37.0 0.0 0.0
41 38 42 0.0 0.0 0.0 0.0 25.0 0.0 0.0
41 39 38 0.0 0.0 0.0 0.0 5.0 0.0 0.0
41 39 39 0.0 5.0 14.0 633.0 4439.0 85.0 98.0
41 39 40 0.0 28.0 38.0 844.0 6013.0 117.0 164.0
41 39 41 1.0 30.0 92.0 680.0 8424.0 166.0 317.0
41 39 42 0.0 0.0 0.0 0.0 34.0 0.0 0.0
41 40 38 0.0 0.0 0.0 9.0 21.0 0.0 0.0
41 40 39 0.0 1.0 33.0 658.0 6284.0 135.0 171.0
41 40 40 0.0 7.0 27.0 714.0 7234.0 139.0 220.0
41 40 41 1.0 6.0 15.0 433.0 4636.0 81.0 78.0
41 40 42 0.0 0.0 0.0 1.0 33.0 1.0 0.0
41 41 38 0.0 0.0 0.0 2.0 21.0 1.0 0.0
41 41 39 0.0 1.0 36.0 351.0 3949.0 69.0 53.0
41 41 40 0.0 13.0 41.0 528.0 5418.0 112.0 104.0
41 41 41 0.0 8.0 18.0 561.0 4306.0 80.0 95.0
41 41 42 0.0 2.0 0.0 1.0 10.0 0.0 0.0
41 42 38 0.0 0.0 0.0 1.0 0.0 0.0 0.0
41 42 39 0.0 0.0 0.0 0.0 15.0 0.0 0.0
41 42 40 0.0 0.0 0.0 3.0 17.0 1.0 0.0
41 42 41 0.0 0.0 0.0 0.0 14.0 0.0 0.0
41 42 42 0.0 0.0 0.0 0.0 9.0 1.0 0.0
42 38 38 0.0 0.0 0.0 1.0 19.0 2.0 0.0
42 38 39 0.0 0.0 0.0 0.0 6.0 0.0 0.0
42 38 40 0.0 0.0 0.0 2.0 10.0 0.0 0.0
42 38 41 0.0 0.0 0.0 0.0 7.0 0.0 0.0
42 38 42 0.0 0.0 0.0 2.0 4.0 0.0 0.0
42 39 38 0.0 0.0 0.0 1.0 11.0 0.0 0.0
42 39 39 0.0 0.0 0.0 2.0 17.0 0.0 0.0
42 39 40 0.0 0.0 0.0 4.0 68.0 0.0 0.0
42 39 41 0.0 0.0 1.0 2.0 33.0 1.0 0.0
42 39 42 0.0 0.0 0.0 0.0 21.0 0.0 0.0
42 40 38 0.0 0.0 0.0 0.0 2.0 0.0 0.0
42 40 39 0.0 0.0 0.0 2.0 31.0 0.0 0.0
42 40 40 0.0 0.0 0.0 1.0 29.0 1.0 0.0
42 40 41 0.0 0.0 0.0 3.0 43.0 1.0 0.0
42 40 42 0.0 0.0 0.0 0.0 6.0 0.0 0.0
42 41 38 0.0 0.0 0.0 0.0 4.0 0.0 0.0
42 41 39 0.0 0.0 0.0 2.0 12.0 0.0 0.0
42 41 40 0.0 0.0 1.0 1.0 30.0 1.0 0.0
42 41 41 0.0 0.0 0.0 1.0 15.0 0.0 0.0
42 41 42 0.0 0.0 0.0 0.0 3.0 0.0 0.0
42 42 39 0.0 0.0 0.0 0.0 13.0 2.0 0.0
42 42 40 0.0 0.0 0.0 0.0 8.0 0.0 0.0
42 42 41 0.0 0.0 0.0 2.0 1.0 0.0 0.0
