38 38 38 0.0 0.0 0.0 0.0 4.0 0.0 0.0
38 38 39 0.0 0.0 0.0 0.0 4.0 1.0 0.0
38 39 38 0.0 0.0 0.0 0.0 4.0 0.0 0.0
38 39 39 0.0 0.0 0.0 0.0 3.0 1.0 0.0
38 39 40 0.0 0.0 0.0 3.0 1.0 0.0 0.0
38 39 41 0.0 0.0 0.0 1.0 5.0 0.0 0.0
38 39 42 0.0 0.0 0.0 0.0 2.0 0.0 0.0
38 40 38 0.0 0.0 0.0 0.0 5.0 0.0 0.0
38 40 39 0.0 0.0 0.0 1.0 2.0 0.0 0.0
38 40 40 0.0 0.0 0.0 1.0 8.0 0.0 0.0
38 40 41 0.0 0.0 0.0 0.0 5.0 1.0 0.0
38 40 42 0.0 0.0 0.0 0.0 2.0 0.0 0.0
38 41 38 0.0 0.0 0.0 0.0 1.0 0.0 0.0
38 41 39 0.0 0.0 0.0 0.0 3.0 0.0 0.0
38 41 40 0.0 0.0 0.0 2.0 0.0 0.0 0.0
38 41 41 0.0 0.0 0.0 0.0 2.0 0.0 0.0
38 41 42 0.0 0.0 0.0 0.0 2.0 0.0 0.0
38 42 38 0.0 0.0 0.0 1.0 2.0 0.0 0.0
38 42 40 0.0 0.0 0.0 0.0 3.0 0.0 0.0
38 42 41 0.0 0.0 0.0 0.0 1.0 0.0 0.0
39 38 39 0.0 0.0 0.0 0.0 3.0 0.0 0.0
39 38 40 0.0 0.0 0.0 0.0 4.0 0.0 0.0
39 38 41 0.0 0.0 0.0 3.0 0.0 0.0 0.0
39 38 42 0.0 0.0 0.0 2.0 1.0 1.0 0.0
39 39 38 0.0 0.0 0.0 2.0 6.0 0.0 0.0
39 39 39 0.0 0.0 12.0 172.0 1952.0 44.0 18.0
39 39 40 0.0 0.0 12.0 281.0 2472.0 47.0 24.0
39 39 41 0.0 6.0 13.0 286.0 1810.0 40.0 8.0
39 39 42 0.0 0.0 0.0 0.0 2.0 0.0 0.0
39 40 38 0.0 0.0 0.0 0.0 2.0 0.0 0.0
39 40 39 0.0 2.0 18.0 555.0 3304.0 74.0 50.0
39 40 40 0.0 7.0 15.0 452.0 3209.0 65.0 37.0
39 40 41 0.0 6.0 45.0 306.0 2650.0 44.0 24.0
39 41 38 0.0 0.0 0.0 0.0 6.0 0.0 0.0
39 41 39 0.0 1.0 16.0 254.0 2312.0 40.0 19.0
39 41 40 0.0 3.0 20.0 228.0 2242.0 40.0 19.0
39 41 41 0.0 10.0 9.0 212.0 1867.0 28.0 18.0
39 41 42 0.0 0.0 0.0 1.0 4.0 0.0 0.0
39 42 39 0.0 0.0 0.0 1.0 1.0 0.0 0.0
39 42 40 0.0 0.0 0.0 2.0 3.0 0.0 0.0
39 42 41 0.0 0.0 0.0 1.0 5.0 0.0 0.0
40 38 38 0.0 0.0 0.0 0.0 1.0 0.0 0.0
40 38 39 0.0 0.0 0.0 0.0 4.0 0.0 0.0
40 38 40 0.0 0.0 0.0 3.0 6.0 0.0 0.0
40 38 41 0.0 0.0 0.0 0.0 8.0 0.0 0.0
40 38 42 0.0 0.0 0.0 2.0 0.0 0.0 0.0
40 39 38 0.0 0.0 0.0 0.0 6.0 0.0 0.0
40 39 39 0.0 0.0 13.0 282.0 1986.0 41.0 16.0
40 39 40 0.0 14.0 32.0 544.0 3336.0 60.0 43.0
40 39 41 0.0 7.0 40.0 477.0 2870.0 53.0 40.0
40 39 42 0.0 0.0 0.0 0.0 2.0 0.0 0.0
40 40 38 0.0 0.0 1.0 0.0 7.0 1.0 0.0
40 40 39 0.0 6.0 18.0 359.0 2669.0 57.0 20.0
40 40 40 2.0 126.0 397.0 4769.0 34133.0 432.0 31948.0
40 40 41 1.0 22.0 29.0 534.0 3394.0 66.0 46.0
40 40 42 0.0 0.0 0.0 0.0 4.0 0.0 0.0
40 41 38 0.0 0.0 0.0 0.0 14.0 0.0 0.0
40 41 39 0.0 10.0 15.0 459.0 2508.0 64.0 23.0
40 41 40 0.0 6.0 60.0 462.0 3558.0 64.0 36.0
40 41 41 0.0 10.0 26.0 472.0 2437.0 47.0 22.0
40 42 38 0.0 0.0 0.0 0.0 1.0 0.0 0.0
40 42 39 0.0 0.0 0.0 0.0 4.0 0.0 0.0
40 42 40 0.0 0.0 0.0 0.0 4.0 0.0 0.0
40 42 42 0.0 0.0 0.0 1.0 1.0 0.0 0.0
41 38 38 0.0 0.0 0.0 0.0 1.0 0.0 0.0
41 38 39 0.0 0.0 0.0 0.0 2.0 0.0 0.0
41 38 40 0.0 0.0 0.0 0.0 8.0 0.0 0.0
41 38 41 0.0 0.0 0.0 0.0 12.0 0.0 0.0
41 38 42 0.0 0.0 0.0 0.0 5.0 0.0 0.0
41 39 38 0.0 0.0 0.0 0.0 2.0 0.0 0.0
41 39 39 0.0 3.0 11.0 316.0 2279.0 46.0 19.0
41 39 40 0.0 18.0 23.0 447.0 2953.0 63.0 39.0
41 39 41 1.0 17.0 71.0 357.0 4487.0 78.0 92.0
41 39 42 0.0 0.0 0.0 0.0 5.0 0.0 0.0
41 40 38 0.0 0.0 0.0 0.0 3.0 0.0 0.0
41 40 39 0.0 0.0 26.0 354.0 3165.0 36.0 38.0
41 40 40 0.0 5.0 18.0 343.0 3653.0 70.0 52.0
41 40 41 0.0 4.0 10.0 197.0 2265.0 40.0 18.0
41 40 42 0.0 0.0 0.0 0.0 7.0 0.0 0.0
41 41 38 0.0 0.0 0.0 0.0 4.0 0.0 0.0
41 41 39 0.0 1.0 21.0 182.0 1930.0 28.0 11.0
41 41 40 0.0 11.0 31.0 236.0 2721.0 40.0 21.0
41 41 41 0.0 6.0 11.0 284.0 2136.0 44.0 25.0
41 41 42 0.0 0.0 0.0 0.0 2.0 0.0 0.0
41 42 39 0.0 0.0 0.0 0.0 6.0 0.0 0.0
41 42 41 0.0 0.0 0.0 0.0 2.0 0.0 0.0
41 42 42 0.0 0.0 0.0 0.0 3.0 0.0 0.0
42 38 38 0.0 0.0 0.0 0.0 9.0 0.0 0.0
42 38 39 0.0 0.0 0.0 0.0 2.0 0.0 0.0
42 38 40 0.0 0.0 0.0 0.0 1.0 0.0 0.0
42 38 41 0.0 0.0 0.0 0.0 2.0 0.0 0.0
42 39 38 0.0 0.0 0.0 0.0 1.0 0.0 0.0
42 39 39 0.0 0.0 0.0 0.0 5.0 0.0 0.0
42 39 40 0.0 0.0 0.0 1.0 14.0 0.0 0.0
42 39 41 0.0 0.0 0.0 0.0 6.0 0.0 0.0
42 39 42 0.0 0.0 0.0 0.0 4.0 0.0 0.0
42 40 39 0.0 0.0 0.0 0.0 5.0 0.0 0.0
42 40 40 0.0 0.0 0.0 0.0 5.0 0.0 0.0
42 40 41 0.0 0.0 0.0 0.0 9.0 0.0 0.0
42 40 42 0.0 0.0 0.0 0.0 1.0 0.0 0.0
42 41 38 0.0 0.0 0.0 0.0 1.0 0.0 0.0
42 41 40 0.0 0.0 1.0 0.0 7.0 1.0 0.0
42 41 41 0.0 0.0 0.0 0.0 3.0 0.0 0.0
42 41 42 0.0 0.0 0.0 0.0 1.0 0.0 0.0
42 42 41 0.0 0.0 0.0 1.0 0.0 0.0 0.0
