34 37 36 0.0 0.0 0.0 0.0 1.0 0.0 0.0
34 38 39 0.0 0.0 0.0 0.0 3.0 0.0 0.0
34 38 41 0.0 0.0 0.0 0.0 3.0 0.0 0.0
34 39 39 0.0 0.0 0.0 0.0 5.0 0.0 0.0
34 39 40 0.0 0.0 0.0 7.0 1.0 0.0 0.0
34 39 41 0.0 0.0 0.0 2.0 3.0 0.0 0.0
34 40 38 0.0 0.0 0.0 0.0 3.0 0.0 0.0
34 40 39 0.0 0.0 0.0 0.0 16.0 0.0 0.0
34 40 40 0.0 0.0 0.0 0.0 9.0 1.0 0.0
34 40 41 0.0 0.0 0.0 2.0 8.0 0.0 0.0
34 40 42 0.0 0.0 0.0 0.0 1.0 0.0 0.0
34 40 43 0.0 0.0 0.0 0.0 2.0 0.0 0.0
34 41 38 0.0 0.0 0.0 0.0 1.0 0.0 0.0
34 41 39 0.0 0.0 0.0 0.0 6.0 0.0 0.0
34 41 40 0.0 0.0 0.0 4.0 2.0 0.0 0.0
34 41 41 0.0 0.0 0.0 0.0 5.0 0.0 0.0
34 41 42 0.0 0.0 0.0 0.0 2.0 0.0 0.0
34 42 39 0.0 0.0 0.0 1.0 1.0 0.0 0.0
34 42 40 0.0 0.0 0.0 0.0 3.0 0.0 0.0
34 43 38 0.0 0.0 0.0 0.0 1.0 0.0 0.0
34 43 41 0.0 0.0 0.0 0.0 1.0 0.0 0.0
35 35 40 0.0 0.0 0.0 0.0 1.0 0.0 0.0
35 36 37 0.0 0.0 0.0 1.0 7.0 0.0 0.0
35 36 38 0.0 0.0 0.0 1.0 33.0 0.0 0.0
35 36 39 0.0 0.0 0.0 1.0 48.0 1.0 0.0
35 36 40 0.0 0.0 0.0 13.0 75.0 2.0 0.0
35 36 41 0.0 0.0 0.0 3.0 77.0 2.0 0.0
35 36 42 0.0 0.0 0.0 1.0 19.0 2.0 0.0
35 36 43 0.0 0.0 0.0 0.0 7.0 1.0 0.0
35 37 35 0.0 0.0 0.0 0.0 1.0 0.0 0.0
35 37 36 0.0 0.0 0.0 1.0 10.0 0.0 0.0
35 37 37 0.0 0.0 0.0 4.0 47.0 0.0 0.0
35 37 38 0.0 0.0 0.0 11.0 243.0 6.0 0.0
35 37 39 0.0 0.0 0.0 58.0 468.0 7.0 1.0
35 37 40 0.0 0.0 0.0 38.0 605.0 12.0 0.0
35 37 41 0.0 0.0 0.0 48.0 484.0 9.0 0.0
35 37 42 0.0 0.0 0.0 36.0 232.0 5.0 0.0
35 37 43 0.0 0.0 0.0 4.0 51.0 1.0 0.0
35 37 44 0.0 0.0 0.0 0.0 11.0 0.0 0.0
35 38 35 0.0 0.0 0.0 0.0 3.0 0.0 0.0
35 38 36 0.0 0.0 0.0 0.0 25.0 0.0 0.0
35 38 37 0.0 0.0 0.0 26.0 285.0 5.0 0.0
35 38 38 0.0 0.0 0.0 97.0 789.0 13.0 1.0
35 38 39 0.0 0.0 0.0 141.0 1568.0 28.0 11.0
35 38 40 0.0 0.0 0.0 199.0 1733.0 35.0 5.0
35 38 41 0.0 0.0 0.0 159.0 1315.0 29.0 3.0
35 38 42 0.0 0.0 0.0 59.0 754.0 14.0 0.0
35 38 43 0.0 0.0 0.0 19.0 206.0 4.0 0.0
35 38 44 0.0 0.0 0.0 0.0 17.0 1.0 0.0
35 39 36 0.0 0.0 0.0 6.0 100.0 3.0 0.0
35 39 37 0.0 0.0 0.0 44.0 440.0 9.0 1.0
35 39 38 0.0 0.0 0.0 113.0 1448.0 22.0 4.0
35 39 39 0.0 0.0 0.0 269.0 2699.0 45.0 14.0
35 39 40 0.0 0.0 0.0 308.0 3255.0 67.0 25.0
35 39 41 0.0 0.0 0.0 262.0 2742.0 41.0 15.0
35 39 42 0.0 0.0 0.0 136.0 1434.0 25.0 5.0
35 39 43 0.0 0.0 0.0 32.0 488.0 7.0 1.0
35 39 44 0.0 0.0 0.0 3.0 46.0 1.0 0.0
35 39 45 0.0 0.0 0.0 0.0 2.0 0.0 0.0
35 40 35 0.0 0.0 0.0 0.0 5.0 0.0 0.0
35 40 36 0.0 0.0 0.0 12.0 135.0 3.0 0.0
35 40 37 0.0 0.0 0.0 87.0 672.0 10.0 1.0
35 40 38 0.0 0.0 0.0 170.0 1756.0 37.0 6.0
35 40 39 0.0 0.0 0.0 290.0 3357.0 50.0 22.0
35 40 40 0.0 0.0 0.0 326.0 3674.0 55.0 26.0
35 40 41 0.0 0.0 0.0 230.0 3465.0 65.0 29.0
35 40 42 0.0 0.0 0.0 160.0 1536.0 32.0 4.0
35 40 43 0.0 0.0 0.0 77.0 435.0 8.0 0.0
35 40 44 0.0 0.0 0.0 8.0 53.0 1.0 0.0
35 40 45 0.0 0.0 0.0 0.0 5.0 0.0 0.0
35 41 35 0.0 0.0 0.0 0.0 5.0 0.0 0.0
35 41 36 0.0 0.0 0.0 3.0 81.0 0.0 0.0
35 41 37 0.0 0.0 0.0 31.0 503.0 8.0 1.0
35 41 38 0.0 0.0 0.0 147.0 1442.0 25.0 4.0
35 41 39 0.0 0.0 0.0 234.0 2910.0 50.0 24.0
35 41 40 0.0 0.0 0.0 218.0 3280.0 65.0 25.0
35 41 41 0.0 0.0 0.0 232.0 2608.0 35.0 11.0
35 41 42 0.0 0.0 0.0 166.0 1343.0 20.0 4.0
35 41 43 0.0 0.0 0.0 37.0 340.0 4.0 0.0
35 41 44 0.0 0.0 0.0 1.0 46.0 0.0 0.0
35 41 45 0.0 0.0 0.0 0.0 1.0 0.0 0.0
35 42 35 0.0 0.0 0.0 0.0 4.0 0.0 0.0
35 42 36 0.0 0.0 0.0 0.0 25.0 0.0 0.0
35 42 37 0.0 0.0 0.0 14.0 296.0 3.0 0.0
35 42 38 0.0 0.0 0.0 77.0 832.0 23.0 1.0
35 42 39 0.0 0.0 0.0 117.0 1280.0 18.0 5.0
35 42 40 0.0 0.0 0.0 120.0 1739.0 26.0 5.0
35 42 41 0.0 0.0 0.0 109.0 1353.0 21.0 5.0
35 42 42 0.0 0.0 0.0 54.0 702.0 7.0 0.0
35 42 43 0.0 0.0 0.0 16.0 222.0 10.0 0.0
35 42 44 0.0 0.0 0.0 0.0 28.0 0.0 0.0
35 43 36 0.0 0.0 0.0 1.0 8.0 0.0 0.0
35 43 37 0.0 0.0 0.0 4.0 53.0 1.0 0.0
35 43 38 0.0 0.0 0.0 47.0 150.0 3.0 0.0
35 43 39 0.0 0.0 0.0 39.0 386.0 4.0 0.0
35 43 40 0.0 0.0 0.0 60.0 566.0 6.0 1.0
35 43 41 0.0 0.0 0.0 22.0 407.0 6.0 0.0
35 43 42 0.0 0.0 0.0 19.0 171.0 4.0 0.0
35 43 43 0.0 0.0 0.0 1.0 25.0 0.0 0.0
35 43 44 0.0 0.0 0.0 1.0 7.0 0.0 0.0
35 44 36 0.0 0.0 0.0 0.0 1.0 0.0 0.0
35 44 37 0.0 0.0 0.0 0.0 6.0 0.0 0.0
35 44 38 0.0 0.0 0.0 1.0 16.0 1.0 0.0
35 44 39 0.0 0.0 0.0 6.0 63.0 1.0 0.0
35 44 40 0.0 0.0 0.0 2.0 65.0 1.0 0.0
35 44 41 0.0 0.0 0.0 3.0 72.0 1.0 0.0
35 44 42 0.0 0.0 0.0 0.0 38.0 0.0 0.0
35 44 43 0.0 0.0 0.0 0.0 5.0 0.0 0.0
35 44 44 0.0 0.0 0.0 0.0 1.0 0.0 0.0
35 45 39 0.0 0.0 0.0 0.0 1.0 0.0 0.0
35 45 40 0.0 0.0 0.0 0.0 1.0 0.0 0.0
35 45 41 0.0 0.0 0.0 0.0 1.0 0.0 0.0
36 35 36 0.0 0.0 0.0 0.0 1.0 0.0 0.0
36 35 37 0.0 0.0 0.0 2.0 9.0 0.0 0.0
36 35 38 0.0 0.0 0.0 1.0 35.0 1.0 0.0
36 35 39 0.0 0.0 0.0 1.0 59.0 3.0 0.0
36 35 40 0.0 0.0 0.0 4.0 47.0 0.0 0.0
36 35 41 0.0 0.0 0.0 5.0 83.0 0.0 0.0
36 35 42 0.0 0.0 0.0 1.0 24.0 0.0 0.0
36 35 43 0.0 0.0 0.0 0.0 14.0 0.0 0.0
36 36 36 0.0 0.0 0.0 12.0 83.0 1.0 0.0
36 36 37 0.0 0.0 0.0 46.0 645.0 10.0 0.0
36 36 38 0.0 0.0 0.0 73.0 1543.0 19.0 5.0
36 36 39 0.0 0.0 0.0 192.0 3112.0 49.0 28.0
36 36 40 0.0 0.0 0.0 204.0 3699.0 68.0 42.0
36 36 41 0.0 0.0 0.0 233.0 2852.0 52.0 23.0
36 36 42 0.0 0.0 0.0 106.0 1673.0 32.0 4.0
36 36 43 0.0 0.0 0.0 47.0 490.0 7.0 0.0
36 36 44 0.0 0.0 0.0 5.0 54.0 1.0 0.0
36 36 45 0.0 0.0 0.0 0.0 2.0 0.0 0.0
36 37 35 0.0 0.0 0.0 0.0 6.0 0.0 0.0
36 37 36 0.0 0.0 0.0 46.0 603.0 13.0 1.0
36 37 37 0.0 0.0 0.0 237.0 3543.0 55.0 32.0
36 37 38 0.0 0.0 0.0 682.0 8359.0 140.0 248.0
36 37 39 0.0 0.0 0.0 1120.0 14495.0 283.0 754.0
36 37 40 0.0 0.0 1.0 1258.0 16238.0 242.0 960.0
36 37 41 0.0 0.0 0.0 1129.0 13581.0 219.0 724.0
36 37 42 0.0 0.0 0.0 906.0 8864.0 151.0 288.0
36 37 43 0.0 0.0 0.0 298.0 2772.0 53.0 24.0
36 37 44 0.0 0.0 0.0 27.0 517.0 13.0 0.0
36 37 45 0.0 0.0 0.0 1.0 3.0 0.0 0.0
36 38 35 0.0 0.0 0.0 2.0 32.0 0.0 0.0
36 38 36 0.0 0.0 0.0 128.0 1713.0 24.0 4.0
36 38 37 0.0 0.0 3.0 800.0 9927.0 174.0 338.0
36 38 38 0.0 0.0 0.0 1815.0 21379.0 347.0 2129.0
36 38 39 0.0 0.0 1.0 2382.0 29380.0 432.0 4660.0
36 38 40 0.0 0.0 5.0 2703.0 32602.0 435.0 6504.0
36 38 41 0.0 0.0 0.0 2416.0 28950.0 458.0 4359.0
36 38 42 0.0 0.0 0.0 1771.0 20298.0 349.0 1700.0
36 38 43 0.0 0.0 0.0 968.0 8417.0 149.0 231.0
36 38 44 0.0 0.0 0.0 146.0 1398.0 26.0 4.0
36 38 45 0.0 0.0 0.0 2.0 21.0 1.0 0.0
36 39 35 0.0 0.0 0.0 8.0 74.0 0.0 0.0
36 39 36 0.0 0.0 0.0 284.0 3323.0 57.0 28.0
36 39 37 0.0 0.0 0.0 1173.0 16472.0 289.0 1069.0
36 39 38 0.0 0.0 3.0 3197.0 29394.0 445.0 5016.0
36 39 39 0.0 0.0 5.0 3295.0 37530.0 506.0 10765.0
36 39 40 0.0 0.0 0.0 3986.0 38704.0 563.0 12659.0
36 39 41 0.0 0.0 0.0 3692.0 36354.0 508.0 10043.0
36 39 42 0.0 0.0 0.0 2802.0 28385.0 407.0 4504.0
36 39 43 0.0 0.0 3.0 1183.0 13623.0 228.0 760.0
36 39 44 0.0 0.0 0.0 209.0 2634.0 50.0 22.0
36 39 45 0.0 0.0 0.0 3.0 61.0 2.0 0.0
36 40 35 0.0 0.0 0.0 11.0 104.0 4.0 0.0
36 40 36 0.0 0.0 0.0 295.0 4305.0 73.0 53.0
36 40 37 0.0 0.0 1.0 1516.0 18100.0 306.0 1331.0
36 40 38 0.0 1.0 2.0 2682.0 32790.0 471.0 6362.0
36 40 39 0.0 0.0 0.0 3355.0 39392.0 491.0 12962.0
36 40 40 0.0 2.0 5.0 3436.0 40837.0 522.0 15541.0
36 40 41 0.0 0.0 1.0 3425.0 38576.0 511.0 12013.0
36 40 42 0.0 0.0 2.0 3102.0 31146.0 430.0 5677.0
36 40 43 0.0 0.0 0.0 1908.0 15546.0 267.0 992.0
36 40 44 0.0 0.0 0.0 383.0 3436.0 63.0 41.0
36 40 45 0.0 0.0 0.0 11.0 97.0 3.0 0.0
36 41 35 0.0 0.0 0.0 6.0 76.0 1.0 0.0
36 41 36 0.0 0.0 0.0 245.0 3469.0 60.0 36.0
36 41 37 0.0 0.0 1.0 1162.0 15168.0 254.0 906.0
36 41 38 0.0 1.0 1.0 2240.0 30725.0 444.0 5101.0
36 41 39 0.0 0.0 0.0 3025.0 37666.0 529.0 10060.0
36 41 40 0.0 1.0 2.0 3145.0 39176.0 515.0 12384.0
36 41 41 0.0 0.0 3.0 3501.0 36625.0 484.0 9886.0
36 41 42 0.0 2.0 0.0 2590.0 28215.0 462.0 4202.0
36 41 43 0.0 0.0 0.0 1073.0 14233.0 230.0 730.0
36 41 44 0.0 0.0 0.0 169.0 2711.0 47.0 14.0
36 41 45 0.0 0.0 0.0 1.0 61.0 0.0 0.0
36 42 35 0.0 0.0 0.0 1.0 29.0 0.0 0.0
36 42 36 0.0 0.0 0.0 176.0 2036.0 37.0 16.0
36 42 37 0.0 0.0 0.0 812.0 9946.0 163.0 343.0
36 42 38 0.0 0.0 0.0 1743.0 21161.0 325.0 1999.0
36 42 39 0.0 0.0 0.0 2744.0 28169.0 431.0 4376.0
36 42 40 0.0 2.0 0.0 2729.0 31041.0 447.0 5429.0
36 42 41 0.0 0.0 4.0 2465.0 27882.0 395.0 4154.0
36 42 42 0.0 0.0 0.0 1394.0 19729.0 307.0 1541.0
36 42 43 0.0 0.0 0.0 695.0 9132.0 160.0 298.0
36 42 44 0.0 0.0 0.0 91.0 1533.0 29.0 7.0
36 42 45 0.0 0.0 0.0 0.0 22.0 1.0 0.0
36 43 35 0.0 0.0 0.0 0.0 10.0 1.0 0.0
36 43 36 0.0 0.0 0.0 51.0 514.0 6.0 0.0
36 43 37 0.0 0.0 1.0 405.0 3517.0 71.0 39.0
36 43 38 0.0 0.0 0.0 676.0 8669.0 143.0 270.0
36 43 39 0.0 0.0 1.0 1343.0 13710.0 243.0 713.0
36 43 40 0.0 0.0 0.0 1169.0 15769.0 263.0 931.0
36 43 41 0.0 0.0 0.0 1211.0 14605.0 242.0 829.0
36 43 42 0.0 2.0 0.0 553.0 8623.0 144.0 233.0
36 43 43 0.0 0.0 0.0 221.0 3185.0 48.0 29.0
36 43 44 0.0 0.0 0.0 17.0 443.0 9.0 1.0
36 43 45 0.0 0.0 0.0 0.0 4.0 0.0 0.0
36 44 36 0.0 0.0 0.0 10.0 93.0 2.0 0.0
36 44 37 0.0 0.0 0.0 34.0 542.0 12.0 0.0
36 44 38 0.0 0.0 0.0 126.0 1688.0 26.0 12.0
36 44 39 0.0 0.0 0.0 247.0 3118.0 55.0 23.0
36 44 40 0.0 0.0 0.0 326.0 3392.0 67.0 32.0
36 44 41 0.0 0.0 0.0 232.0 2667.0 47.0 18.0
36 44 42 0.0 0.0 0.0 137.0 1516.0 21.0 1.0
36 44 43 0.0 0.0 0.0 43.0 456.0 13.0 0.0
36 44 44 0.0 0.0 0.0 4.0 60.0 0.0 0.0
36 45 37 0.0 0.0 0.0 0.0 10.0 0.0 0.0
36 45 38 0.0 0.0 0.0 2.0 32.0 2.0 0.0
36 45 39 0.0 0.0 0.0 10.0 54.0 1.0 0.0
36 45 40 0.0 0.0 0.0 3.0 69.0 0.0 0.0
36 45 41 0.0 0.0 0.0 0.0 74.0 2.0 0.0
36 45 42 0.0 0.0 0.0 2.0 32.0 0.0 0.0
36 45 43 0.0 0.0 0.0 0.0 18.0 0.0 0.0
37 34 37 0.0 0.0 0.0 0.0 1.0 0.0 0.0
37 34 40 0.0 0.0 0.0 0.0 1.0 0.0 0.0
37 35 36 0.0 0.0 0.0 0.0 4.0 0.0 0.0
37 35 37 0.0 0.0 0.0 11.0 98.0 0.0 0.0
37 35 38 0.0 0.0 0.0 11.0 166.0 3.0 0.0
37 35 39 0.0 0.0 0.0 36.0 389.0 8.0 2.0
37 35 40 0.0 0.0 0.0 43.0 539.0 12.0 1.0
37 35 41 0.0 0.0 0.0 35.0 438.0 3.0 0.0
37 35 42 0.0 0.0 0.0 23.0 196.0 4.0 0.0
37 35 43 0.0 0.0 0.0 2.0 57.0 2.0 0.0
37 35 44 0.0 0.0 0.0 0.0 5.0 0.0 0.0
37 35 45 0.0 0.0 0.0 0.0 2.0 0.0 0.0
37 36 35 0.0 0.0 0.0 0.0 6.0 0.0 0.0
37 36 36 0.0 0.0 0.0 46.0 572.0 7.0 0.0
37 36 37 0.0 0.0 0.0 234.0 2928.0 51.0 29.0
37 36 38 0.0 0.0 0.0 884.0 7974.0 119.0 250.0
37 36 39 0.0 0.0 0.0 1146.0 13671.0 231.0 699.0
37 36 40 0.0 0.0 0.0 1060.0 16953.0 264.0 1053.0
37 36 41 0.0 0.0 0.0 1168.0 14329.0 211.0 742.0
37 36 42 0.0 0.0 0.0 591.0 9260.0 152.0 283.0
37 36 43 0.0 0.0 0.0 341.0 3026.0 44.0 30.0
37 36 44 0.0 0.0 0.0 54.0 557.0 12.0 1.0
37 36 45 0.0 0.0 0.0 0.0 6.0 0.0 0.0
37 37 35 0.0 0.0 0.0 4.0 56.0 0.0 0.0
37 37 36 0.0 0.0 0.0 322.0 3450.0 51.0 26.0
37 37 37 0.0 0.0 0.0 1738.0 24294.0 386.0 2896.0
37 37 38 0.0 0.0 0.0 2929.0 38536.0 490.0 12834.0
37 37 39 0.0 0.0 0.0 3125.0 42534.0 546.0 22110.0
37 37 40 0.0 0.0 2.0 3276.0 42651.0 501.0 27222.0
37 37 41 0.0 1.0 0.0 3271.0 42317.0 477.0 24214.0
37 37 42 0.0 0.0 0.0 3186.0 38630.0 471.0 12682.0
37 37 43 0.0 0.0 0.0 1628.0 21142.0 336.0 2052.0
37 37 44 0.0 0.0 0.0 280.0 3453.0 58.0 41.0
37 37 45 0.0 0.0 0.0 1.0 75.0 1.0 0.0
37 38 35 0.0 0.0 0.0 36.0 251.0 4.0 0.0
37 38 36 0.0 0.0 0.0 748.0 8882.0 134.0 282.0
37 38 37 0.0 0.0 1.0 3393.0 38434.0 470.0 13010.0
37 38 38 0.0 0.0 3.0 4349.0 39702.0 421.0 40315.0
37 38 39 0.0 0.0 0.0 3293.0 35618.0 346.0 56245.0
37 38 40 0.0 2.0 1.0 3151.0 33534.0 291.0 61385.0
37 38 41 0.0 0.0 0.0 3651.0 35497.0 390.0 55046.0
37 38 42 0.0 0.0 4.0 4075.0 40954.0 454.0 36183.0
37 38 43 0.0 0.0 0.0 2707.0 37728.0 534.0 11442.0
37 38 44 0.0 0.0 0.0 549.0 8851.0 134.0 257.0
37 38 45 0.0 0.0 0.0 6.0 172.0 0.0 0.0
37 39 35 0.0 0.0 0.0 49.0 525.0 12.0 0.0
37 39 36 0.0 0.0 0.0 1261.0 16044.0 264.0 1037.0
37 39 37 0.0 0.0 0.0 3711.0 42150.0 467.0 27118.0
37 39 38 0.0 0.0 8.0 2858.0 35079.0 320.0 59036.0
37 39 39 0.0 0.0 2.0 2809.0 28192.0 251.0 73816.0
37 39 40 0.0 0.0 4.0 2491.0 25935.0 214.0 77558.0
37 39 41 0.0 0.0 1.0 2813.0 28212.0 255.0 72918.0
37 39 42 0.0 0.0 3.0 3687.0 35303.0 361.0 55695.0
37 39 43 0.0 0.0 0.0 3797.0 41732.0 509.0 22593.0
37 39 44 0.0 1.0 0.0 1066.0 14643.0 225.0 807.0
37 39 45 0.0 0.0 0.0 37.0 425.0 3.0 1.0
37 40 35 0.0 0.0 0.0 51.0 666.0 7.0 0.0
37 40 36 0.0 0.0 0.0 1671.0 17890.0 322.0 1274.0
37 40 37 0.0 7.0 0.0 3759.0 42021.0 502.0 30754.0
37 40 38 0.0 3.0 0.0 2741.0 32905.0 306.0 63509.0
37 40 39 0.0 1.0 0.0 2237.0 26030.0 237.0 78741.0
37 40 40 0.0 0.0 1.0 2150.0 23972.0 233.0 82851.0
37 40 41 0.0 1.0 1.0 2451.0 26296.0 221.0 77541.0
37 40 42 0.0 0.0 0.0 3204.0 34166.0 324.0 59500.0
37 40 43 0.0 0.0 1.0 3025.0 43198.0 537.0 27572.0
37 40 44 0.0 0.0 0.0 1341.0 16678.0 297.0 1108.0
37 40 45 0.0 0.0 0.0 38.0 483.0 6.0 0.0
37 40 46 0.0 0.0 0.0 0.0 2.0 0.0 0.0
37 41 35 0.0 0.0 0.0 39.0 517.0 9.0 2.0
37 41 36 0.0 0.0 0.0 1162.0 15391.0 240.0 933.0
37 41 37 0.0 5.0 0.0 2871.0 42524.0 540.0 28433.0
37 41 38 0.0 0.0 0.0 2721.0 35541.0 320.0 57004.0
37 41 39 0.0 0.0 4.0 2377.0 27989.0 268.0 74238.0
37 41 40 0.0 1.0 1.0 2349.0 26423.0 234.0 77464.0
37 41 41 0.0 1.0 0.0 2469.0 29315.0 238.0 71390.0
37 41 42 0.0 0.0 2.0 3069.0 35491.0 352.0 56264.0
37 41 43 0.0 0.0 4.0 3524.0 42181.0 497.0 22996.0
37 41 44 0.0 0.0 0.0 1278.0 14366.0 226.0 790.0
37 41 45 0.0 0.0 0.0 45.0 464.0 9.0 0.0
37 42 35 0.0 0.0 0.0 11.0 275.0 3.0 0.0
37 42 36 0.0 0.0 0.0 702.0 9322.0 143.0 312.0
37 42 37 0.0 0.0 1.0 3362.0 39099.0 572.0 13580.0
37 42 38 0.0 3.0 3.0 3605.0 41000.0 451.0 38929.0
37 42 39 0.0 1.0 1.0 3062.0 35773.0 368.0 56600.0
37 42 40 0.0 0.0 4.0 3072.0 33952.0 343.0 60456.0
37 42 41 0.0 0.0 0.0 2580.0 36835.0 347.0 55321.0
37 42 42 0.0 0.0 0.0 3071.0 41809.0 442.0 37241.0
37 42 43 0.0 0.0 0.0 3793.0 37565.0 505.0 12774.0
37 42 44 0.0 0.0 0.0 561.0 8464.0 138.0 219.0
37 42 45 0.0 0.0 0.0 28.0 157.0 3.0 0.0
37 43 35 0.0 0.0 0.0 7.0 88.0 3.0 0.0
37 43 36 0.0 0.0 0.0 288.0 4114.0 86.0 63.0
37 43 37 0.0 0.0 0.0 2074.0 23139.0 350.0 2838.0
37 43 38 0.0 0.0 3.0 2833.0 37841.0 511.0 11373.0
37 43 39 0.0 0.0 1.0 3842.0 42130.0 513.0 24962.0
37 43 40 0.0 0.0 0.0 3659.0 42470.0 481.0 27347.0
37 43 41 0.0 0.0 1.0 3717.0 42013.0 501.0 22707.0
37 43 42 0.0 3.0 0.0 2990.0 38418.0 521.0 12860.0
37 43 43 0.0 0.0 0.0 1407.0 22419.0 368.0 2227.0
37 43 44 0.0 0.0 0.0 276.0 3202.0 73.0 23.0
37 43 45 0.0 0.0 0.0 3.0 54.0 2.0 0.0
37 44 35 0.0 0.0 0.0 0.0 12.0 1.0 0.0
37 44 36 0.0 0.0 0.0 40.0 460.0 5.0 2.0
37 44 37 0.0 0.0 1.0 242.0 3043.0 49.0 25.0
37 44 38 0.0 0.0 0.0 604.0 8797.0 143.0 249.0
37 44 39 0.0 0.0 0.0 908.0 14153.0 231.0 706.0
37 44 40 0.0 0.0 0.0 1344.0 16111.0 261.0 1018.0
37 44 41 0.0 0.0 0.0 1158.0 13773.0 218.0 725.0
37 44 42 0.0 2.0 0.0 807.0 9343.0 167.0 329.0
37 44 43 0.0 1.0 0.0 271.0 3381.0 61.0 31.0
37 44 44 0.0 0.0 0.0 34.0 423.0 5.0 1.0
37 44 45 0.0 0.0 0.0 0.0 3.0 0.0 0.0
37 45 36 0.0 0.0 0.0 1.0 8.0 0.0 0.0
37 45 37 0.0 0.0 0.0 3.0 66.0 0.0 0.0
37 45 38 0.0 0.0 0.0 6.0 243.0 3.0 0.0
37 45 39 0.0 0.0 0.0 50.0 493.0 10.0 1.0
37 45 40 0.0 0.0 0.0 37.0 574.0 11.0 1.0
37 45 41 0.0 0.0 0.0 51.0 439.0 6.0 1.0
37 45 42 0.0 0.0 0.0 9.0 212.0 4.0 0.0
37 45 43 0.0 0.0 0.0 2.0 59.0 2.0 0.0
37 45 44 0.0 0.0 0.0 0.0 8.0 0.0 0.0
37 46 39 0.0 0.0 0.0 0.0 1.0 0.0 0.0
38 34 39 0.0 0.0 0.0 1.0 4.0 0.0 0.0
38 34 40 0.0 0.0 0.0 0.0 1.0 0.0 0.0
38 34 41 0.0 0.0 0.0 0.0 4.0 0.0 0.0
38 34 42 0.0 0.0 0.0 0.0 2.0 0.0 0.0
38 34 43 0.0 0.0 0.0 1.0 0.0 0.0 0.0
38 35 36 0.0 0.0 0.0 3.0 27.0 0.0 0.0
38 35 37 0.0 0.0 0.0 16.0 183.0 2.0 0.0
38 35 38 0.0 0.0 0.0 43.0 722.0 16.0 3.0
38 35 39 0.0 0.0 0.0 103.0 1392.0 18.0 2.0
38 35 40 0.0 0.0 0.0 127.0 1700.0 33.0 8.0
38 35 41 0.0 0.0 0.0 108.0 1482.0 26.0 4.0
38 35 42 0.0 0.0 0.0 86.0 760.0 13.0 1.0
38 35 43 0.0 0.0 0.0 13.0 230.0 3.0 0.0
38 35 44 0.0 0.0 0.0 2.0 45.0 2.0 0.0
38 36 35 0.0 0.0 0.0 0.0 25.0 0.0 0.0
38 36 36 0.0 0.0 0.0 124.0 1673.0 35.0 6.0
38 36 37 0.0 0.0 0.0 577.0 9317.0 149.0 295.0
38 36 38 0.0 0.0 0.0 1473.0 20074.0 332.0 1691.0
38 36 39 0.0 0.0 0.0 2446.0 27890.0 426.0 4028.0
38 36 40 0.0 0.0 0.0 2316.0 32014.0 464.0 5815.0
38 36 41 0.0 0.0 1.0 2595.0 29766.0 459.0 4792.0
38 36 42 0.0 0.0 0.0 1831.0 20761.0 320.0 1927.0
38 36 43 0.0 0.0 0.0 736.0 9048.0 177.0 297.0
38 36 44 0.0 0.0 0.0 113.0 2302.0 40.0 10.0
38 36 45 0.0 0.0 0.0 5.0 34.0 1.0 0.0
38 37 35 0.0 0.0 0.0 12.0 249.0 6.0 0.0
38 37 36 0.0 0.0 1.0 691.0 8324.0 138.0 206.0
38 37 37 0.0 0.0 0.0 3470.0 38394.0 537.0 12957.0
38 37 38 0.0 0.0 0.0 3355.0 41002.0 435.0 38877.0
38 37 39 0.0 1.0 4.0 3139.0 36329.0 359.0 54238.0
38 37 40 0.0 0.0 0.0 3029.0 33644.0 317.0 60529.0
38 37 41 0.0 0.0 2.0 2587.0 36120.0 329.0 56011.0
38 37 42 0.0 0.0 0.0 3339.0 40973.0 438.0 39750.0
38 37 43 0.0 0.0 0.0 3502.0 38586.0 477.0 13983.0
38 37 44 0.0 0.0 0.0 794.0 8677.0 142.0 257.0
38 37 45 0.0 0.0 0.0 18.0 257.0 1.0 0.0
38 38 35 0.0 0.0 0.0 94.0 720.0 10.0 0.0
38 38 36 0.0 0.0 0.0 2060.0 21398.0 360.0 2012.0
38 38 37 0.0 0.0 3.0 4144.0 40061.0 424.0 39600.0
38 38 38 0.0 1.0 0.0 1704.0 22071.0 179.0 88772.0
38 38 39 0.0 1.0 3.0 1504.0 16381.0 130.0 101696.0
38 38 40 0.0 2.0 0.0 1276.0 14788.0 90.0 106737.0
38 38 41 0.0 1.0 4.0 1599.0 16575.0 121.0 102210.0
38 38 42 0.0 0.0 0.0 1973.0 23547.0 209.0 85182.0
38 38 43 0.0 1.0 2.0 3487.0 41106.0 443.0 38963.0
38 38 44 0.0 1.0 0.0 1949.0 21405.0 306.0 2079.0
38 38 45 0.0 0.0 0.0 61.0 906.0 16.0 2.0
38 38 46 0.0 0.0 0.0 0.0 2.0 0.0 0.0
38 39 35 0.0 0.0 0.0 134.0 1668.0 32.0 4.0
38 39 36 0.0 2.0 1.0 2803.0 30674.0 472.0 5360.0
38 39 37 0.0 5.0 4.0 3725.0 34971.0 345.0 57241.0
38 39 38 0.0 1.0 3.0 1548.0 15434.0 131.0 104598.0
38 39 39 0.0 0.0 0.0 1051.0 10978.0 68.0 115746.0
38 39 40 0.0 0.0 0.0 927.0 9848.0 68.0 118549.0
38 39 41 0.0 0.0 1.0 1120.0 11282.0 74.0 115451.0
38 39 42 0.0 0.0 2.0 1438.0 17083.0 129.0 101078.0
38 39 43 0.0 0.0 1.0 2940.0 36272.0 349.0 55665.0
38 39 44 0.0 1.0 0.0 2235.0 29242.0 434.0 4518.0
38 39 45 0.0 0.0 0.0 89.0 1590.0 26.0 7.0
38 39 46 0.0 0.0 0.0 0.0 5.0 0.0 0.0
38 40 34 0.0 0.0 0.0 0.0 5.0 0.0 0.0
38 40 35 0.0 0.0 0.0 209.0 2019.0 33.0 9.0
38 40 36 0.0 1.0 0.0 2948.0 33669.0 431.0 7195.0
38 40 37 0.0 2.0 0.0 2707.0 32528.0 331.0 64276.0
38 40 38 0.0 2.0 2.0 1184.0 13839.0 108.0 108911.0
38 40 39 0.0 0.0 1.0 873.0 9716.0 72.0 118830.0
38 40 40 0.0 1.0 0.0 806.0 8545.0 55.0 121123.0
38 40 41 0.0 0.0 2.0 880.0 9875.0 70.0 117881.0
38 40 42 0.0 1.0 0.0 1282.0 14967.0 110.0 105286.0
38 40 43 0.0 1.0 1.0 2541.0 33297.0 331.0 62455.0
38 40 44 0.0 17.0 2.0 2871.0 31997.0 454.0 6198.0
38 40 45 0.0 1.0 0.0 139.0 1645.0 29.0 5.0
38 41 35 0.0 0.0 0.0 109.0 1574.0 27.0 6.0
38 41 36 0.0 0.0 0.0 2260.0 31492.0 429.0 5521.0
38 41 37 0.0 2.0 2.0 2983.0 34684.0 326.0 58992.0
38 41 38 0.0 2.0 0.0 1252.0 15823.0 116.0 103896.0
38 41 39 0.0 0.0 0.0 947.0 10949.0 65.0 115852.0
38 41 40 0.0 0.0 0.0 912.0 9893.0 57.0 117928.0
38 41 41 0.0 1.0 2.0 1012.0 11561.0 91.0 114792.0
38 41 42 0.0 0.0 0.0 1260.0 16458.0 108.0 102218.0
38 41 43 0.0 0.0 0.0 3377.0 36439.0 386.0 54138.0
38 41 44 0.0 0.0 0.0 2996.0 28733.0 413.0 4447.0
38 41 45 0.0 0.0 0.0 123.0 1393.0 20.0 6.0
38 41 46 0.0 0.0 0.0 0.0 3.0 0.0 0.0
38 42 34 0.0 0.0 0.0 0.0 4.0 0.0 0.0
38 42 35 0.0 0.0 0.0 73.0 885.0 10.0 2.0
38 42 36 0.0 0.0 0.0 1731.0 22236.0 345.0 2191.0
38 42 37 0.0 0.0 0.0 3264.0 40903.0 459.0 39685.0
38 42 38 0.0 1.0 0.0 1778.0 21938.0 185.0 88377.0
38 42 39 0.0 1.0 1.0 1398.0 16411.0 119.0 102492.0
38 42 40 0.0 1.0 1.0 1364.0 14707.0 107.0 106500.0
38 42 41 0.0 1.0 1.0 1446.0 16207.0 111.0 102569.0
38 42 42 0.0 1.0 1.0 1888.0 22890.0 173.0 86279.0
38 42 43 0.0 2.0 0.0 3442.0 40794.0 461.0 38532.0
38 42 44 0.0 3.0 5.0 1600.0 20512.0 358.0 1783.0
38 42 45 0.0 0.0 0.0 68.0 786.0 8.0 2.0
38 42 46 0.0 0.0 0.0 0.0 4.0 0.0 0.0
38 43 35 0.0 0.0 0.0 15.0 249.0 3.0 0.0
38 43 36 0.0 0.0 0.0 791.0 9077.0 176.0 286.0
38 43 37 0.0 0.0 1.0 3540.0 39084.0 541.0 13383.0
38 43 38 0.0 2.0 0.0 3062.0 40961.0 450.0 39652.0
38 43 39 0.0 1.0 2.0 3138.0 36120.0 335.0 54808.0
38 43 40 0.0 1.0 1.0 2913.0 33807.0 321.0 60343.0
38 43 41 0.0 5.0 1.0 2935.0 35820.0 345.0 55956.0
38 43 42 0.0 1.0 5.0 3245.0 41176.0 455.0 39161.0
38 43 43 0.0 0.0 0.0 3357.0 37288.0 478.0 11577.0
38 43 44 0.0 0.0 0.0 796.0 8920.0 153.0 263.0
38 43 45 0.0 0.0 0.0 25.0 152.0 2.0 0.0
38 44 35 0.0 0.0 0.0 0.0 28.0 0.0 0.0
38 44 36 0.0 0.0 0.0 173.0 1813.0 38.0 8.0
38 44 37 0.0 0.0 0.0 620.0 8498.0 150.0 238.0
38 44 38 0.0 0.0 1.0 2138.0 21449.0 326.0 2067.0
38 44 39 0.0 0.0 1.0 2171.0 28898.0 440.0 4382.0
38 44 40 0.0 0.0 0.0 2587.0 32029.0 437.0 5926.0
38 44 41 0.0 0.0 0.0 2398.0 29179.0 399.0 4440.0
38 44 42 0.0 0.0 0.0 1526.0 20308.0 344.0 1710.0
38 44 43 0.0 0.0 0.0 950.0 9198.0 144.0 322.0
38 44 44 0.0 0.0 0.0 183.0 1615.0 30.0 15.0
38 44 45 0.0 0.0 0.0 1.0 27.0 0.0 0.0
38 45 36 0.0 0.0 0.0 4.0 32.0 1.0 0.0
38 45 37 0.0 0.0 0.0 12.0 231.0 3.0 0.0
38 45 38 0.0 0.0 0.0 69.0 745.0 16.0 1.0
38 45 39 0.0 0.0 0.0 122.0 1534.0 34.0 0.0
38 45 40 0.0 0.0 0.0 100.0 1716.0 33.0 3.0
38 45 41 0.0 1.0 0.0 102.0 1444.0 23.0 2.0
38 45 42 0.0 0.0 0.0 67.0 762.0 11.0 1.0
38 45 43 0.0 0.0 0.0 15.0 210.0 7.0 0.0
38 45 44 0.0 0.0 0.0 1.0 25.0 0.0 0.0
38 46 39 0.0 0.0 0.0 0.0 1.0 0.0 0.0
38 46 41 0.0 0.0 0.0 0.0 4.0 0.0 0.0
38 46 42 0.0 0.0 0.0 0.0 1.0 0.0 0.0
39 34 38 0.0 0.0 0.0 0.0 2.0 0.0 0.0
39 34 39 0.0 0.0 0.0 0.0 2.0 0.0 0.0
39 34 40 0.0 0.0 0.0 1.0 9.0 0.0 0.0
39 34 41 0.0 0.0 0.0 0.0 2.0 0.0 0.0
39 34 42 0.0 0.0 0.0 0.0 2.0 0.0 0.0
39 35 35 0.0 0.0 0.0 0.0 1.0 0.0 0.0
39 35 36 0.0 0.0 0.0 3.0 65.0 0.0 0.0
39 35 37 0.0 0.0 0.0 42.0 465.0 10.0 0.0
39 35 38 0.0 0.0 0.0 106.0 1431.0 20.0 5.0
39 35 39 0.0 0.0 0.0 225.0 2689.0 49.0 14.0
39 35 40 0.0 0.0 0.0 352.0 3715.0 80.0 30.0
39 35 41 0.0 0.0 0.0 251.0 2939.0 43.0 23.0
39 35 42 0.0 0.0 0.0 183.0 1638.0 39.0 6.0
39 35 43 0.0 0.0 0.0 46.0 537.0 11.0 1.0
39 35 44 0.0 0.0 0.0 5.0 91.0 1.0 0.0
39 35 45 0.0 0.0 0.0 1.0 6.0 0.0 0.0
39 36 35 0.0 0.0 0.0 2.0 40.0 0.0 0.0
39 36 36 0.0 0.0 0.0 294.0 2841.0 40.0 30.0
39 36 37 0.0 0.0 1.0 1082.0 13364.0 215.0 660.0
39 36 38 0.0 0.0 0.0 2334.0 29696.0 452.0 4557.0
39 36 39 0.0 0.0 0.0 3113.0 37910.0 482.0 10568.0
39 36 40 0.0 1.0 0.0 3634.0 39465.0 527.0 12538.0
39 36 41 0.0 0.0 1.0 3825.0 37029.0 485.0 10646.0
39 36 42 0.0 0.0 0.0 2991.0 29248.0 410.0 4892.0
39 36 43 0.0 1.0 0.0 1604.0 16337.0 262.0 1077.0
39 36 44 0.0 0.0 0.0 387.0 3585.0 57.0 38.0
39 36 45 0.0 0.0 0.0 5.0 55.0 0.0 0.0
39 37 35 0.0 0.0 0.0 56.0 412.0 9.0 0.0
39 37 36 0.0 0.0 0.0 1564.0 14035.0 224.0 770.0
39 37 37 0.0 0.0 1.0 3867.0 41793.0 492.0 24789.0
39 37 38 0.0 0.0 0.0 3192.0 35946.0 329.0 55609.0
39 37 39 0.0 1.0 3.0 2608.0 27907.0 251.0 74151.0
39 37 40 0.0 0.0 2.0 2358.0 25969.0 243.0 78450.0
39 37 41 0.0 3.0 1.0 2657.0 28328.0 252.0 73140.0
39 37 42 0.0 0.0 0.0 3483.0 34922.0 326.0 57096.0
39 37 43 0.0 0.0 1.0 3329.0 42585.0 531.0 28253.0
39 37 44 0.0 6.0 0.0 1317.0 15645.0 254.0 956.0
39 37 45 0.0 0.0 0.0 34.0 571.0 10.0 1.0
39 38 34 0.0 0.0 0.0 0.0 2.0 0.0 0.0
39 38 35 0.0 0.0 0.0 111.0 1421.0 27.0 9.0
39 38 36 0.0 0.0 0.0 2646.0 28523.0 411.0 4422.0
39 38 37 0.0 2.0 0.0 2930.0 35237.0 343.0 57554.0
39 38 38 0.0 0.0 2.0 1690.0 16285.0 116.0 101896.0
39 38 39 0.0 0.0 0.0 1032.0 11029.0 85.0 115803.0
39 38 40 0.0 0.0 2.0 939.0 9978.0 63.0 117500.0
39 38 41 0.0 0.0 1.0 1074.0 11304.0 75.0 115432.0
39 38 42 0.0 0.0 1.0 1478.0 16123.0 116.0 103516.0
39 38 43 0.0 0.0 2.0 3114.0 35645.0 373.0 56321.0
39 38 44 0.0 0.0 0.0 2254.0 31785.0 442.0 5641.0
39 38 45 0.0 0.0 0.0 129.0 1603.0 25.0 5.0
39 38 46 0.0 0.0 0.0 0.0 2.0 0.0 0.0
39 39 34 0.0 0.0 0.0 0.0 4.0 0.0 0.0
39 39 35 0.0 0.0 0.0 223.0 2714.0 48.0 14.0
39 39 36 0.0 0.0 7.0 3732.0 37438.0 496.0 10952.0
39 39 37 0.0 0.0 3.0 2810.0 28035.0 263.0 73581.0
39 39 38 0.0 0.0 1.0 1001.0 11048.0 73.0 116053.0
39 39 39 0.0 0.0 0.0 461.0 5093.0 34.0 136925.0
39 39 40 0.0 0.0 0.0 377.0 4220.0 25.0 138418.0
39 39 41 0.0 1.0 0.0 486.0 5130.0 26.0 136264.0
39 39 42 0.0 3.0 1.0 1008.0 11070.0 65.0 115767.0
39 39 43 0.0 1.0 1.0 2404.0 28348.0 288.0 73478.0
39 39 44 0.0 0.0 0.0 3381.0 38117.0 465.0 11127.0
39 39 45 0.0 0.0 0.0 304.0 3233.0 63.0 20.0
39 39 46 0.0 0.0 0.0 0.0 8.0 0.0 0.0
39 40 34 0.0 0.0 0.0 1.0 0.0 0.0 0.0
39 40 35 0.0 0.0 0.0 279.0 3446.0 70.0 20.0
39 40 36 0.0 5.0 0.0 3848.0 39497.0 527.0 13343.0
39 40 37 0.0 1.0 1.0 2090.0 25212.0 249.0 79809.0
39 40 38 0.0 0.0 1.0 916.0 9671.0 63.0 118674.0
39 40 39 0.0 0.0 1.0 386.0 4124.0 19.0 139817.0
39 40 40 0.0 0.0 0.0 337.0 3461.0 34.0 140304.0
39 40 41 0.0 1.0 1.0 427.0 4358.0 19.0 139117.0
39 40 42 0.0 0.0 0.0 941.0 9814.0 76.0 118718.0
39 40 43 0.0 0.0 1.0 2131.0 26017.0 199.0 78698.0
39 40 44 0.0 0.0 0.0 3001.0 40049.0 517.0 13392.0
39 40 45 0.0 0.0 0.0 223.0 3490.0 73.0 28.0
39 40 46 0.0 0.0 0.0 0.0 2.0 0.0 0.0
39 41 34 0.0 0.0 0.0 0.0 2.0 0.0 0.0
39 41 35 0.0 0.0 0.0 296.0 2849.0 45.0 31.0
39 41 36 0.0 0.0 0.0 3037.0 37800.0 522.0 10817.0
39 41 37 0.0 0.0 2.0 2273.0 27885.0 243.0 74172.0
39 41 38 0.0 0.0 0.0 918.0 11070.0 85.0 116353.0
39 41 39 0.0 0.0 0.0 412.0 5000.0 20.0 137900.0
39 41 40 0.0 0.0 0.0 412.0 4277.0 18.0 137883.0
39 41 41 0.0 0.0 0.0 485.0 5009.0 24.0 136795.0
39 41 42 0.0 1.0 0.0 1081.0 11296.0 73.0 115003.0
39 41 43 0.0 4.0 0.0 2658.0 28759.0 234.0 72114.0
39 41 44 0.0 0.0 0.0 3337.0 36774.0 532.0 9686.0
39 41 45 0.0 0.0 0.0 240.0 2773.0 61.0 21.0
39 41 46 0.0 0.0 0.0 0.0 4.0 1.0 0.0
39 42 34 0.0 0.0 0.0 0.0 2.0 0.0 0.0
39 42 35 0.0 0.0 0.0 123.0 1765.0 26.0 2.0
39 42 36 0.0 0.0 0.0 2454.0 29492.0 455.0 4799.0
39 42 37 0.0 0.0 1.0 2772.0 35893.0 328.0 56267.0
39 42 38 0.0 0.0 2.0 1379.0 16009.0 117.0 102649.0
39 42 39 0.0 2.0 1.0 948.0 11095.0 77.0 115612.0
39 42 40 0.0 1.0 1.0 871.0 9885.0 65.0 118807.0
39 42 41 0.0 0.0 3.0 1080.0 11074.0 93.0 115797.0
39 42 42 0.0 0.0 3.0 1534.0 16382.0 125.0 101654.0
39 42 43 0.0 1.0 0.0 3090.0 35761.0 347.0 56033.0
39 42 44 0.0 0.0 0.0 3490.0 28322.0 459.0 4500.0
39 42 45 0.0 0.0 0.0 121.0 1353.0 23.0 3.0
39 43 35 0.0 0.0 0.0 48.0 487.0 12.0 0.0
39 43 36 0.0 0.0 0.0 1239.0 14099.0 234.0 783.0
39 43 37 0.0 0.0 1.0 4465.0 41225.0 495.0 23532.0
39 43 38 0.0 3.0 1.0 2901.0 35790.0 354.0 56205.0
39 43 39 0.0 2.0 2.0 2246.0 28553.0 249.0 73126.0
39 43 40 0.0 0.0 2.0 2147.0 26428.0 264.0 77564.0
39 43 41 0.0 0.0 1.0 2411.0 28872.0 255.0 72430.0
39 43 42 0.0 0.0 2.0 3251.0 35519.0 355.0 56787.0
39 43 43 0.0 1.0 0.0 3743.0 41526.0 478.0 24754.0
39 43 44 0.0 0.0 1.0 1168.0 13723.0 211.0 709.0
39 43 45 0.0 0.0 0.0 37.0 410.0 9.0 0.0
39 44 35 0.0 0.0 0.0 4.0 50.0 1.0 0.0
39 44 36 0.0 0.0 0.0 209.0 2752.0 44.0 17.0
39 44 37 0.0 0.0 0.0 1273.0 15136.0 283.0 875.0
39 44 38 0.0 9.0 0.0 2442.0 29743.0 473.0 4612.0
39 44 39 0.0 0.0 1.0 3018.0 37329.0 537.0 9991.0
39 44 40 0.0 0.0 2.0 3137.0 39645.0 525.0 13042.0
39 44 41 0.0 8.0 0.0 2891.0 36546.0 500.0 9195.0
39 44 42 0.0 2.0 0.0 2657.0 28886.0 435.0 4600.0
39 44 43 0.0 0.0 0.0 1136.0 14595.0 223.0 821.0
39 44 44 0.0 0.0 0.0 264.0 2981.0 47.0 30.0
39 44 45 0.0 0.0 0.0 12.0 64.0 2.0 0.0
39 45 35 0.0 0.0 0.0 0.0 1.0 0.0 0.0
39 45 36 0.0 0.0 0.0 4.0 59.0 1.0 0.0
39 45 37 0.0 0.0 0.0 57.0 408.0 4.0 0.0
39 45 38 0.0 0.0 0.0 159.0 1553.0 21.0 5.0
39 45 39 0.0 0.0 0.0 186.0 2784.0 36.0 13.0
39 45 40 0.0 0.0 0.0 209.0 3387.0 55.0 27.0
39 45 41 0.0 0.0 0.0 215.0 2840.0 44.0 20.0
39 45 42 0.0 0.0 0.0 110.0 1320.0 16.0 0.0
39 45 43 0.0 0.0 0.0 42.0 463.0 15.0 2.0
39 45 44 0.0 0.0 0.0 8.0 37.0 2.0 0.0
39 46 38 0.0 0.0 0.0 1.0 0.0 0.0 0.0
39 46 39 0.0 0.0 0.0 2.0 6.0 0.0 0.0
39 46 40 0.0 0.0 0.0 0.0 2.0 0.0 0.0
39 46 41 0.0 0.0 0.0 0.0 4.0 0.0 0.0
40 34 38 0.0 0.0 0.0 0.0 4.0 0.0 0.0
40 34 39 0.0 0.0 0.0 0.0 6.0 0.0 0.0
40 34 40 0.0 0.0 0.0 0.0 7.0 0.0 0.0
40 34 41 0.0 0.0 0.0 0.0 7.0 1.0 0.0
40 34 42 0.0 0.0 0.0 0.0 6.0 0.0 0.0
40 35 36 0.0 0.0 0.0 1.0 100.0 0.0 0.0
40 35 37 0.0 0.0 0.0 59.0 628.0 9.0 1.0
40 35 38 0.0 0.0 0.0 179.0 1906.0 32.0 7.0
40 35 39 0.0 0.0 0.0 243.0 3803.0 71.0 22.0
40 35 40 0.0 0.0 0.0 387.0 4178.0 77.0 38.0
40 35 41 0.0 0.0 0.0 297.0 3846.0 69.0 44.0
40 35 42 0.0 0.0 0.0 195.0 1943.0 37.0 9.0
40 35 43 0.0 0.0 0.0 69.0 744.0 12.0 1.0
40 35 44 0.0 0.0 0.0 10.0 139.0 3.0 0.0
40 35 45 0.0 0.0 0.0 0.0 6.0 0.0 0.0
40 36 35 0.0 0.0 0.0 2.0 61.0 0.0 0.0
40 36 36 0.0 0.0 0.0 244.0 3872.0 70.0 42.0
40 36 37 0.0 0.0 0.0 1394.0 16530.0 277.0 1036.0
40 36 38 0.0 0.0 3.0 2676.0 33012.0 484.0 6442.0
40 36 39 0.0 0.0 0.0 3532.0 39623.0 524.0 13636.0
40 36 40 0.0 0.0 2.0 3373.0 41460.0 520.0 16859.0
40 36 41 0.0 0.0 0.0 3204.0 41192.0 528.0 14870.0
40 36 42 0.0 2.0 3.0 3242.0 33891.0 480.0 7401.0
40 36 43 0.0 0.0 0.0 1916.0 20494.0 364.0 1856.0
40 36 44 0.0 0.0 0.0 364.0 5183.0 82.0 61.0
40 36 45 0.0 0.0 0.0 8.0 117.0 2.0 0.0
40 37 35 0.0 0.0 0.0 42.0 560.0 9.0 0.0
40 37 36 0.0 0.0 0.0 1379.0 16984.0 278.0 1084.0
40 37 37 0.0 0.0 1.0 3402.0 42782.0 484.0 28633.0
40 37 38 0.0 0.0 0.0 2816.0 32890.0 301.0 62289.0
40 37 39 0.0 0.0 0.0 2433.0 25763.0 226.0 78218.0
40 37 40 0.0 0.0 2.0 2159.0 23805.0 199.0 83044.0
40 37 41 0.0 1.0 2.0 2257.0 25695.0 233.0 79388.0
40 37 42 0.0 1.0 1.0 2931.0 32454.0 291.0 64560.0
40 37 43 0.0 2.0 5.0 3863.0 40987.0 452.0 34187.0
40 37 44 0.0 0.0 0.0 1474.0 19189.0 315.0 1634.0
40 37 45 0.0 0.0 0.0 33.0 735.0 15.0 0.0
40 38 34 0.0 0.0 0.0 0.0 3.0 0.0 0.0
40 38 35 0.0 0.0 0.0 190.0 1818.0 34.0 5.0
40 38 36 0.0 0.0 5.0 2546.0 32399.0 430.0 6124.0
40 38 37 0.0 0.0 5.0 3448.0 33799.0 319.0 60537.0
40 38 38 0.0 1.0 1.0 1364.0 14540.0 101.0 107108.0
40 38 39 0.0 0.0 1.0 936.0 9526.0 83.0 119007.0
40 38 40 0.0 0.0 3.0 753.0 8350.0 54.0 121711.0
40 38 41 0.0 1.0 0.0 857.0 9680.0 50.0 118807.0
40 38 42 0.0 2.0 2.0 1150.0 14035.0 101.0 109204.0
40 38 43 0.0 0.0 2.0 2781.0 32601.0 319.0 64383.0
40 38 44 0.0 6.0 2.0 2453.0 34664.0 477.0 7665.0
40 38 45 0.0 0.0 0.0 185.0 2170.0 36.0 7.0
40 38 46 0.0 0.0 0.0 0.0 2.0 0.0 0.0
40 39 34 0.0 0.0 0.0 0.0 3.0 0.0 0.0
40 39 35 0.0 0.0 0.0 295.0 3434.0 60.0 35.0
40 39 36 0.0 0.0 1.0 3275.0 39338.0 515.0 12886.0
40 39 37 0.0 0.0 1.0 2305.0 26111.0 234.0 78120.0
40 39 38 0.0 0.0 0.0 848.0 9658.0 60.0 119140.0
40 39 39 0.0 0.0 0.0 448.0 4305.0 23.0 137986.0
40 39 40 0.0 0.0 0.0 301.0 3541.0 15.0 139685.0
40 39 41 0.0 0.0 0.0 382.0 4094.0 17.0 139259.0
40 39 42 0.0 1.0 0.0 851.0 9658.0 72.0 119104.0
40 39 43 0.0 1.0 1.0 2139.0 25321.0 223.0 80783.0
40 39 44 0.0 0.0 0.0 3429.0 41280.0 557.0 15280.0
40 39 45 0.0 0.0 0.0 296.0 3942.0 71.0 38.0
40 40 34 0.0 0.0 0.0 0.0 7.0 0.0 0.0
40 40 35 0.0 0.0 0.0 331.0 4083.0 69.0 48.0
40 40 36 0.0 2.0 6.0 3458.0 41527.0 501.0 16500.0
40 40 37 0.0 0.0 2.0 2114.0 24175.0 198.0 82644.0
40 40 38 0.0 0.0 0.0 707.0 8446.0 47.0 121998.0
40 40 39 0.0 0.0 0.0 335.0 3471.0 18.0 139352.0
40 40 40 0.0 0.0 0.0 168.0 1908.0 6.0 155489.0
40 40 41 0.0 0.0 1.0 329.0 3389.0 19.0 140090.0
40 40 42 0.0 0.0 3.0 780.0 8576.0 57.0 120915.0
40 40 43 0.0 9.0 1.0 2075.0 23603.0 194.0 83256.0
40 40 44 0.0 3.0 0.0 3248.0 42074.0 562.0 17369.0
40 40 45 0.0 0.0 2.0 396.0 4395.0 71.0 41.0
40 40 46 0.0 0.0 0.0 0.0 11.0 0.0 0.0
40 41 34 0.0 0.0 0.0 1.0 5.0 0.0 0.0
40 41 35 0.0 0.0 0.0 276.0 3393.0 63.0 30.0
40 41 36 0.0 0.0 2.0 3476.0 39344.0 509.0 13084.0
40 41 37 0.0 0.0 0.0 2565.0 25689.0 222.0 78862.0
40 41 38 0.0 0.0 1.0 823.0 9687.0 71.0 119311.0
40 41 39 0.0 0.0 0.0 403.0 4188.0 30.0 139163.0
40 41 40 0.0 1.0 0.0 306.0 3393.0 11.0 140122.0
40 41 41 0.0 -1.0 0.0 414.0 4247.0 12.0 138358.0
40 41 42 0.0 1.0 1.0 929.0 9741.0 60.0 118030.0
40 41 43 0.0 0.0 0.0 2382.0 26308.0 224.0 77863.0
40 41 44 0.0 0.0 0.0 3339.0 39741.0 510.0 13250.0
40 41 45 0.0 5.0 0.0 222.0 3634.0 69.0 34.0
40 41 46 0.0 0.0 0.0 0.0 5.0 0.0 0.0
40 42 34 0.0 0.0 0.0 0.0 1.0 0.0 0.0
40 42 35 0.0 0.0 0.0 150.0 1957.0 37.0 6.0
40 42 36 0.0 0.0 0.0 2530.0 32745.0 471.0 6323.0
40 42 37 0.0 0.0 1.0 3049.0 33987.0 325.0 60901.0
40 42 38 0.0 0.0 1.0 1349.0 14847.0 113.0 105318.0
40 42 39 0.0 1.0 1.0 850.0 9779.0 68.0 118873.0
40 42 40 0.0 0.0 2.0 730.0 8435.0 48.0 121138.0
40 42 41 0.0 0.0 1.0 872.0 9851.0 62.0 118630.0
40 42 42 0.0 0.0 1.0 1472.0 14207.0 90.0 107079.0
40 42 43 0.0 1.0 0.0 3194.0 34076.0 289.0 59865.0
40 42 44 0.0 1.0 0.0 2620.0 31473.0 457.0 5556.0
40 42 45 0.0 0.0 0.0 129.0 1665.0 22.0 5.0
40 42 46 0.0 0.0 0.0 0.0 3.0 0.0 0.0
40 43 35 0.0 0.0 0.0 39.0 548.0 10.0 0.0
40 43 36 0.0 0.0 0.0 1559.0 16480.0 239.0 1106.0
40 43 37 0.0 0.0 3.0 3792.0 41768.0 468.0 29628.0
40 43 38 0.0 0.0 7.0 3007.0 34040.0 347.0 60154.0
40 43 39 0.0 0.0 0.0 2264.0 26392.0 218.0 77689.0
40 43 40 0.0 0.0 2.0 2019.0 24412.0 194.0 82061.0
40 43 41 0.0 0.0 2.0 2320.0 26289.0 228.0 78124.0
40 43 42 0.0 3.0 3.0 3149.0 33399.0 310.0 61278.0
40 43 43 0.0 0.0 0.0 3630.0 42449.0 451.0 27575.0
40 43 44 0.0 0.0 0.0 1505.0 16420.0 251.0 1078.0
40 43 45 0.0 0.0 0.0 38.0 563.0 13.0 0.0
40 43 46 0.0 0.0 0.0 0.0 1.0 0.0 0.0
40 44 35 0.0 0.0 0.0 0.0 68.0 1.0 0.0
40 44 36 0.0 0.0 0.0 435.0 3459.0 62.0 33.0
40 44 37 0.0 0.0 0.0 1412.0 16340.0 271.0 1059.0
40 44 38 0.0 0.0 0.0 2459.0 32044.0 469.0 5768.0
40 44 39 0.0 0.0 3.0 3202.0 39718.0 519.0 13125.0
40 44 40 0.0 0.0 0.0 3340.0 41148.0 492.0 16273.0
40 44 41 0.0 1.0 1.0 3137.0 39640.0 538.0 12561.0
40 44 42 0.0 1.0 0.0 2933.0 31278.0 456.0 6010.0
40 44 43 0.0 0.0 0.0 1695.0 16106.0 251.0 1039.0
40 44 44 0.0 0.0 0.0 304.0 3646.0 72.0 37.0
40 44 45 0.0 0.0 0.0 4.0 44.0 1.0 0.0
40 45 35 0.0 0.0 0.0 0.0 2.0 0.0 0.0
40 45 36 0.0 0.0 0.0 10.0 71.0 3.0 0.0
40 45 37 0.0 0.0 0.0 43.0 511.0 16.0 0.0
40 45 38 0.0 0.0 0.0 137.0 1855.0 32.0 11.0
40 45 39 0.0 0.0 0.0 212.0 3366.0 47.0 21.0
40 45 40 0.0 0.0 0.0 347.0 3876.0 67.0 30.0
40 45 41 0.0 0.0 0.0 247.0 3063.0 50.0 21.0
40 45 42 0.0 0.0 0.0 106.0 1773.0 29.0 3.0
40 45 43 0.0 0.0 0.0 34.0 489.0 7.0 0.0
40 45 44 0.0 0.0 0.0 8.0 84.0 2.0 0.0
40 45 45 0.0 0.0 0.0 0.0 11.0 0.0 0.0
40 46 38 0.0 0.0 0.0 0.0 1.0 0.0 0.0
40 46 39 0.0 0.0 0.0 1.0 2.0 0.0 0.0
40 46 40 0.0 0.0 0.0 0.0 24.0 0.0 0.0
40 46 41 0.0 0.0 0.0 0.0 2.0 0.0 0.0
41 34 37 0.0 0.0 0.0 0.0 3.0 0.0 0.0
41 34 38 0.0 0.0 0.0 0.0 1.0 0.0 0.0
41 34 39 0.0 0.0 0.0 1.0 3.0 0.0 0.0
41 34 40 0.0 0.0 0.0 0.0 2.0 0.0 0.0
41 34 41 0.0 0.0 0.0 0.0 6.0 1.0 0.0
41 35 35 0.0 0.0 0.0 0.0 2.0 0.0 0.0
41 35 36 0.0 0.0 0.0 3.0 46.0 1.0 0.0
41 35 37 0.0 0.0 0.0 37.0 401.0 5.0 0.0
41 35 38 0.0 0.0 0.0 158.0 1557.0 27.0 6.0
41 35 39 0.0 0.0 0.0 238.0 3108.0 53.0 24.0
41 35 40 0.0 0.0 1.0 294.0 3925.0 57.0 40.0
41 35 41 0.0 0.0 0.0 293.0 3427.0 54.0 30.0
41 35 42 0.0 0.0 0.0 157.0 1746.0 28.0 11.0
41 35 43 0.0 0.0 0.0 45.0 650.0 16.0 0.0
41 35 44 0.0 0.0 0.0 22.0 115.0 4.0 0.0
41 35 45 0.0 0.0 0.0 1.0 3.0 0.0 0.0
41 36 35 0.0 0.0 0.0 6.0 56.0 2.0 0.0
41 36 36 0.0 0.0 0.0 255.0 3226.0 54.0 31.0
41 36 37 0.0 0.0 0.0 1201.0 14876.0 239.0 791.0
41 36 38 0.0 0.0 1.0 3036.0 30204.0 457.0 5341.0
41 36 39 0.0 1.0 0.0 3059.0 38687.0 466.0 11692.0
41 36 40 0.0 3.0 1.0 3227.0 40602.0 514.0 14681.0
41 36 41 0.0 0.0 1.0 3293.0 39299.0 501.0 12340.0
41 36 42 0.0 0.0 0.0 2882.0 32396.0 493.0 6217.0
41 36 43 0.0 0.0 1.0 1444.0 18418.0 290.0 1342.0
41 36 44 0.0 0.0 0.0 395.0 4640.0 77.0 66.0
41 36 45 0.0 0.0 0.0 8.0 80.0 0.0 0.0
41 37 35 0.0 0.0 0.0 29.0 441.0 7.0 1.0
41 37 36 0.0 0.0 8.0 1468.0 14103.0 216.0 779.0
41 37 37 0.0 0.0 1.0 3764.0 41612.0 471.0 24772.0
41 37 38 0.0 0.0 1.0 3230.0 35583.0 354.0 56409.0
41 37 39 0.0 1.0 1.0 2467.0 27699.0 229.0 74692.0
41 37 40 0.0 1.0 1.0 2084.0 24816.0 231.0 81004.0
41 37 41 0.0 6.0 1.0 2321.0 26350.0 221.0 77439.0
41 37 42 0.0 2.0 3.0 2710.0 33450.0 290.0 62326.0
41 37 43 0.0 7.0 4.0 2621.0 42054.0 454.0 34395.0
41 37 44 0.0 0.0 0.0 1309.0 18825.0 286.0 1498.0
41 37 45 0.0 0.0 0.0 62.0 638.0 20.0 1.0
41 37 46 0.0 0.0 0.0 0.0 1.0 0.0 0.0
41 38 34 0.0 0.0 0.0 0.0 5.0 1.0 0.0
41 38 35 0.0 0.0 0.0 143.0 1401.0 21.0 6.0
41 38 36 0.0 0.0 1.0 2905.0 29434.0 452.0 4777.0
41 38 37 0.0 0.0 2.0 3563.0 35721.0 343.0 55263.0
41 38 38 0.0 0.0 2.0 1502.0 16300.0 123.0 102191.0
41 38 39 0.0 3.0 1.0 1059.0 11191.0 76.0 115708.0
41 38 40 0.0 0.0 1.0 842.0 9388.0 68.0 120226.0
41 38 41 0.0 2.0 0.0 825.0 10073.0 73.0 118394.0
41 38 42 0.0 3.0 0.0 1045.0 14435.0 100.0 108262.0
41 38 43 0.0 0.0 5.0 2540.0 33346.0 322.0 63470.0
41 38 44 0.0 6.0 2.0 2615.0 33214.0 497.0 6579.0
41 38 45 0.0 1.0 0.0 143.0 2165.0 30.0 12.0
41 38 46 0.0 0.0 0.0 0.0 4.0 1.0 0.0
41 39 35 0.0 0.0 0.0 212.0 2718.0 42.0 13.0
41 39 36 0.0 0.0 0.0 3031.0 37972.0 511.0 10399.0
41 39 37 0.0 0.0 0.0 2504.0 28194.0 239.0 73420.0
41 39 38 0.0 0.0 1.0 1020.0 11258.0 76.0 115071.0
41 39 39 0.0 0.0 0.0 457.0 5057.0 27.0 137683.0
41 39 40 0.0 0.0 0.0 396.0 4095.0 32.0 139861.0
41 39 41 0.0 0.0 0.0 365.0 4423.0 27.0 140477.0
41 39 42 0.0 1.0 2.0 819.0 10260.0 64.0 118301.0
41 39 43 0.0 2.0 5.0 1989.0 26278.0 195.0 78307.0
41 39 44 0.0 10.0 3.0 3403.0 39929.0 542.0 13585.0
41 39 45 0.0 0.0 0.0 255.0 3685.0 58.0 36.0
41 39 46 0.0 0.0 0.0 0.0 7.0 0.0 0.0
41 40 34 0.0 0.0 0.0 0.0 3.0 0.0 0.0
41 40 35 0.0 0.0 0.0 215.0 3538.0 56.0 25.0
41 40 36 0.0 0.0 0.0 2937.0 40306.0 512.0 13444.0
41 40 37 0.0 1.0 4.0 2063.0 25909.0 223.0 78901.0
41 40 38 0.0 2.0 0.0 851.0 9831.0 59.0 118926.0
41 40 39 0.0 0.0 1.0 347.0 4170.0 26.0 139784.0
41 40 40 0.0 1.0 0.0 337.0 3277.0 17.0 140792.0
41 40 41 0.0 0.0 0.0 363.0 4074.0 19.0 138742.0
41 40 42 0.0 1.0 0.0 805.0 9466.0 45.0 120059.0
41 40 43 0.0 1.0 1.0 2176.0 25086.0 234.0 80868.0
41 40 44 0.0 2.0 0.0 3390.0 41058.0 568.0 15208.0
41 40 45 0.0 0.0 0.0 296.0 3900.0 65.0 29.0
41 40 46 0.0 0.0 0.0 0.0 3.0 0.0 0.0
41 41 34 0.0 0.0 0.0 0.0 1.0 0.0 0.0
41 41 35 0.0 0.0 0.0 240.0 2803.0 36.0 24.0
41 41 36 0.0 0.0 0.0 2794.0 38491.0 523.0 11400.0
41 41 37 0.0 0.0 3.0 2594.0 28554.0 260.0 73258.0
41 41 38 0.0 0.0 2.0 864.0 10879.0 64.0 116341.0
41 41 39 0.0 0.0 0.0 437.0 5032.0 18.0 136958.0
41 41 40 0.0 0.0 0.0 324.0 4094.0 15.0 139208.0
41 41 41 0.0 0.0 0.0 452.0 5095.0 30.0 137543.0
41 41 42 0.0 0.0 0.0 925.0 10819.0 64.0 115842.0
41 41 43 0.0 0.0 0.0 2361.0 27502.0 234.0 75072.0
41 41 44 0.0 6.0 0.0 3198.0 38048.0 537.0 11252.0
41 41 45 0.0 0.0 0.0 240.0 3031.0 42.0 18.0
41 41 46 0.0 0.0 0.0 0.0 4.0 0.0 0.0
41 42 34 0.0 0.0 0.0 0.0 2.0 0.0 0.0
41 42 35 0.0 0.0 0.0 94.0 1529.0 25.0 3.0
41 42 36 0.0 0.0 0.0 2705.0 30061.0 483.0 4797.0
41 42 37 0.0 0.0 0.0 3271.0 35012.0 316.0 57218.0
41 42 38 0.0 0.0 0.0 1577.0 16042.0 97.0 102969.0
41 42 39 0.0 2.0 0.0 913.0 11260.0 92.0 115481.0
41 42 40 0.0 0.0 1.0 816.0 9901.0 64.0 118593.0
41 42 41 0.0 0.0 0.0 963.0 11034.0 61.0 115358.0
41 42 42 0.0 1.0 0.0 1492.0 15871.0 98.0 103426.0
41 42 43 0.0 0.0 1.0 3680.0 35495.0 342.0 55888.0
41 42 44 0.0 1.0 0.0 2722.0 28956.0 429.0 4503.0
41 42 45 0.0 0.0 0.0 95.0 1429.0 32.0 7.0
41 43 35 0.0 0.0 0.0 39.0 467.0 12.0 0.0
41 43 36 0.0 0.0 0.0 1406.0 14281.0 248.0 807.0
41 43 37 0.0 0.0 0.0 4081.0 41633.0 529.0 25283.0
41 43 38 0.0 0.0 0.0 3074.0 35138.0 325.0 57031.0
41 43 39 0.0 1.0 0.0 2150.0 28665.0 246.0 73175.0
41 43 40 0.0 0.0 0.0 2157.0 26223.0 211.0 77547.0
41 43 41 0.0 1.0 3.0 2456.0 28040.0 276.0 73507.0
41 43 42 0.0 1.0 0.0 3523.0 34850.0 359.0 57659.0
41 43 43 0.0 1.0 0.0 4460.0 41424.0 518.0 25115.0
41 43 44 0.0 0.0 0.0 1409.0 14063.0 216.0 778.0
41 43 45 0.0 0.0 0.0 38.0 412.0 14.0 0.0
41 43 46 0.0 0.0 0.0 0.0 1.0 0.0 0.0
41 44 35 0.0 0.0 0.0 4.0 41.0 0.0 0.0
41 44 36 0.0 0.0 0.0 263.0 3373.0 48.0 24.0
41 44 37 0.0 0.0 0.0 1371.0 14617.0 224.0 843.0
41 44 38 0.0 0.0 0.0 2102.0 29719.0 431.0 4586.0
41 44 39 0.0 0.0 0.0 3127.0 37144.0 503.0 10040.0
41 44 40 0.0 0.0 0.0 3039.0 40011.0 529.0 13242.0
41 44 41 0.0 0.0 1.0 3277.0 37529.0 521.0 10514.0
41 44 42 0.0 4.0 0.0 2219.0 29076.0 486.0 4335.0
41 44 43 0.0 0.0 0.0 1186.0 14954.0 273.0 799.0
41 44 44 0.0 0.0 0.0 330.0 2911.0 49.0 17.0
41 44 45 0.0 0.0 0.0 8.0 49.0 1.0 0.0
41 45 36 0.0 0.0 0.0 9.0 62.0 0.0 0.0
41 45 37 0.0 0.0 0.0 37.0 421.0 7.0 0.0
41 45 38 0.0 0.0 0.0 92.0 1422.0 27.0 1.0
41 45 39 0.0 0.0 0.0 130.0 2665.0 53.0 15.0
41 45 40 0.0 0.0 0.0 287.0 3157.0 73.0 23.0
41 45 41 0.0 0.0 0.0 201.0 2721.0 43.0 21.0
41 45 42 0.0 0.0 3.0 188.0 1368.0 28.0 6.0
41 45 43 0.0 0.0 0.0 45.0 373.0 5.0 0.0
41 45 44 0.0 0.0 0.0 8.0 58.0 0.0 0.0
41 45 45 0.0 0.0 0.0 0.0 2.0 0.0 0.0
41 46 39 0.0 0.0 0.0 1.0 4.0 0.0 0.0
41 46 40 0.0 0.0 0.0 0.0 9.0 0.0 0.0
41 46 41 0.0 0.0 0.0 0.0 8.0 0.0 0.0
42 34 39 0.0 0.0 0.0 0.0 3.0 0.0 0.0
42 34 40 0.0 0.0 0.0 1.0 5.0 0.0 0.0
42 34 41 0.0 0.0 0.0 0.0 2.0 0.0 0.0
42 34 42 0.0 0.0 0.0 0.0 1.0 0.0 0.0
42 35 36 0.0 0.0 0.0 5.0 21.0 1.0 0.0
42 35 37 0.0 0.0 0.0 24.0 235.0 6.0 0.0
42 35 38 0.0 0.0 0.0 94.0 918.0 24.0 3.0
42 35 39 0.0 0.0 0.0 147.0 1621.0 28.0 3.0
42 35 40 0.0 0.0 0.0 171.0 2292.0 39.0 11.0
42 35 41 0.0 0.0 0.0 124.0 1978.0 31.0 12.0
42 35 42 0.0 0.0 0.0 94.0 1129.0 21.0 2.0
42 35 43 0.0 0.0 0.0 42.0 372.0 5.0 0.0
42 35 44 0.0 0.0 0.0 4.0 64.0 0.0 0.0
42 35 45 0.0 0.0 0.0 0.0 1.0 0.0 0.0
42 36 35 0.0 0.0 0.0 2.0 49.0 1.0 0.0
42 36 36 0.0 0.0 0.0 133.0 1732.0 36.0 5.0
42 36 37 0.0 0.0 0.0 1091.0 8835.0 164.0 272.0
42 36 38 0.0 0.0 0.0 2042.0 20350.0 337.0 1798.0
42 36 39 0.0 0.0 0.0 2639.0 31563.0 503.0 5617.0
42 36 40 0.0 0.0 1.0 2949.0 34901.0 490.0 7899.0
42 36 41 0.0 0.0 1.0 2670.0 33111.0 431.0 6611.0
42 36 42 0.0 0.0 0.0 2208.0 25808.0 382.0 3276.0
42 36 43 0.0 0.0 0.0 1228.0 11890.0 209.0 531.0
42 36 44 0.0 1.0 0.0 191.0 3422.0 52.0 28.0
42 36 45 0.0 0.0 0.0 0.0 49.0 0.0 0.0
42 37 35 0.0 0.0 0.0 10.0 238.0 5.0 0.0
42 37 36 0.0 0.0 0.0 1317.0 8884.0 147.0 313.0
42 37 37 0.0 0.0 0.0 3368.0 39126.0 518.0 14163.0
42 37 38 0.0 0.0 4.0 3683.0 40376.0 426.0 40768.0
42 37 39 0.0 0.0 4.0 2932.0 34268.0 314.0 59695.0
42 37 40 0.0 0.0 4.0 2703.0 31537.0 275.0 65981.0
42 37 41 0.0 2.0 3.0 2661.0 32705.0 304.0 64047.0
42 37 42 0.0 3.0 5.0 2727.0 39042.0 393.0 48724.0
42 37 43 0.0 1.0 4.0 2522.0 42387.0 533.0 21242.0
42 37 44 0.0 0.0 0.0 1093.0 12763.0 226.0 587.0
42 37 45 0.0 0.0 0.0 27.0 384.0 4.0 0.0
42 38 35 0.0 0.0 0.0 66.0 722.0 12.0 0.0
42 38 36 0.0 0.0 8.0 1580.0 21843.0 340.0 2087.0
42 38 37 0.0 0.0 5.0 3419.0 40870.0 405.0 40057.0
42 38 38 0.0 1.0 0.0 1645.0 20300.0 169.0 92318.0
42 38 39 0.0 0.0 0.0 1355.0 15393.0 123.0 105354.0
42 38 40 0.0 1.0 0.0 1170.0 13089.0 82.0 110978.0
42 38 41 0.0 0.0 4.0 1124.0 14165.0 100.0 108838.0
42 38 42 0.0 0.0 0.0 1245.0 18402.0 140.0 97538.0
42 38 43 0.0 0.0 0.0 2467.0 38291.0 383.0 50353.0
42 38 44 0.0 0.0 0.0 1734.0 26250.0 408.0 3093.0
42 38 45 0.0 0.0 0.0 94.0 1148.0 18.0 1.0
42 38 46 0.0 0.0 0.0 0.0 2.0 0.0 0.0
42 39 35 0.0 0.0 0.0 151.0 1453.0 22.0 6.0
42 39 36 0.0 0.0 0.0 2287.0 30456.0 425.0 5062.0
42 39 37 0.0 1.0 0.0 2927.0 35021.0 353.0 57284.0
42 39 38 0.0 0.0 1.0 1235.0 15400.0 113.0 105224.0
42 39 39 0.0 0.0 0.0 945.0 10767.0 83.0 116481.0
42 39 40 0.0 1.0 0.0 840.0 8952.0 63.0 120734.0
42 39 41 0.0 1.0 5.0 775.0 10266.0 75.0 118082.0
42 39 42 0.0 1.0 3.0 1049.0 14360.0 97.0 108548.0
42 39 43 0.0 0.0 0.0 2352.0 33937.0 325.0 63167.0
42 39 44 0.0 0.0 0.0 2338.0 33671.0 469.0 6668.0
42 39 45 0.0 0.0 0.0 133.0 1991.0 40.0 7.0
42 39 46 0.0 0.0 0.0 0.0 1.0 0.0 0.0
42 40 34 0.0 0.0 0.0 0.0 8.0 1.0 0.0
42 40 35 0.0 0.0 0.0 113.0 1962.0 39.0 8.0
42 40 36 0.0 0.0 0.0 2866.0 32338.0 447.0 6347.0
42 40 37 0.0 0.0 1.0 2423.0 33900.0 281.0 62120.0
42 40 38 0.0 2.0 0.0 1106.0 14661.0 101.0 107233.0
42 40 39 0.0 1.0 0.0 778.0 9679.0 74.0 119963.0
42 40 40 0.0 0.0 2.0 659.0 8396.0 54.0 121805.0
42 40 41 0.0 0.0 2.0 750.0 9400.0 49.0 120286.0
42 40 42 0.0 0.0 0.0 1002.0 13498.0 89.0 109946.0
42 40 43 0.0 1.0 0.0 2809.0 31521.0 275.0 66124.0
42 40 44 0.0 1.0 1.0 2623.0 34853.0 478.0 8095.0
42 40 45 0.0 0.0 0.0 197.0 2303.0 39.0 16.0
42 40 46 0.0 0.0 0.0 0.0 1.0 0.0 0.0
42 41 34 0.0 0.0 0.0 1.0 0.0 0.0 0.0
42 41 35 0.0 0.0 0.0 134.0 1623.0 26.0 8.0
42 41 36 0.0 0.0 0.0 2293.0 29997.0 425.0 4927.0
42 41 37 0.0 0.0 3.0 2970.0 35748.0 342.0 56394.0
42 41 38 0.0 0.0 1.0 1207.0 16181.0 124.0 103240.0
42 41 39 0.0 0.0 0.0 862.0 11365.0 84.0 115285.0
42 41 40 0.0 1.0 1.0 784.0 9745.0 56.0 119490.0
42 41 41 0.0 0.0 0.0 933.0 11017.0 69.0 116858.0
42 41 42 0.0 1.0 0.0 1243.0 15731.0 133.0 104255.0
42 41 43 0.0 6.0 0.0 2655.0 34390.0 308.0 60028.0
42 41 44 0.0 0.0 0.0 2539.0 30670.0 463.0 5310.0
42 41 45 0.0 0.0 0.0 158.0 1632.0 25.0 9.0
42 42 35 0.0 0.0 0.0 46.0 730.0 11.0 0.0
42 42 36 0.0 0.0 0.0 1674.0 21710.0 343.0 1967.0
42 42 37 0.0 0.0 2.0 3693.0 40597.0 419.0 40068.0
42 42 38 0.0 0.0 1.0 2082.0 22443.0 205.0 86929.0
42 42 39 0.0 4.0 1.0 1307.0 16065.0 135.0 103207.0
42 42 40 0.0 0.0 0.0 1117.0 14312.0 79.0 107384.0
42 42 41 0.0 1.0 0.0 1472.0 15594.0 115.0 103735.0
42 42 42 0.0 0.0 0.0 1819.0 21874.0 167.0 88493.0
42 42 43 0.0 2.0 0.0 3306.0 40763.0 429.0 39587.0
42 42 44 0.0 3.0 1.0 1595.0 20994.0 327.0 1836.0
42 42 45 0.0 0.0 0.0 72.0 765.0 15.0 1.0
42 42 46 0.0 0.0 0.0 0.0 1.0 0.0 0.0
42 43 35 0.0 0.0 0.0 37.0 251.0 5.0 0.0
42 43 36 0.0 0.0 0.0 807.0 9139.0 160.0 255.0
42 43 37 0.0 0.0 1.0 3969.0 37013.0 513.0 12625.0
42 43 38 0.0 0.0 0.0 3277.0 41545.0 455.0 38919.0
42 43 39 0.0 0.0 3.0 2380.0 35969.0 337.0 56849.0
42 43 40 0.0 0.0 0.0 2860.0 34451.0 296.0 60840.0
42 43 41 0.0 0.0 1.0 3039.0 35646.0 316.0 56650.0
42 43 42 0.0 1.0 8.0 3500.0 41084.0 430.0 38486.0
42 43 43 0.0 0.0 0.0 3645.0 38360.0 485.0 14016.0
42 43 44 0.0 0.0 0.0 1036.0 8779.0 149.0 275.0
42 43 45 0.0 0.0 0.0 17.0 212.0 3.0 0.0
42 43 46 0.0 0.0 0.0 0.0 1.0 0.0 0.0
42 44 35 0.0 0.0 0.0 3.0 30.0 1.0 0.0
42 44 36 0.0 0.0 0.0 198.0 1775.0 30.0 4.0
42 44 37 0.0 0.0 0.0 844.0 8673.0 168.0 233.0
42 44 38 0.0 0.0 0.0 1713.0 21236.0 338.0 1892.0
42 44 39 0.0 0.0 0.0 2011.0 29881.0 440.0 4666.0
42 44 40 0.0 1.0 2.0 2448.0 32978.0 472.0 6407.0
42 44 41 0.0 0.0 0.0 2750.0 28851.0 418.0 4473.0
42 44 42 0.0 0.0 0.0 2005.0 20687.0 326.0 1920.0
42 44 43 0.0 0.0 0.0 818.0 8961.0 170.0 272.0
42 44 44 0.0 0.0 0.0 165.0 1799.0 22.0 11.0
42 44 45 0.0 0.0 0.0 1.0 32.0 0.0 0.0
42 45 35 0.0 0.0 0.0 0.0 2.0 0.0 0.0
42 45 36 0.0 0.0 0.0 2.0 27.0 0.0 0.0
42 45 37 0.0 0.0 0.0 21.0 244.0 2.0 0.0
42 45 38 0.0 0.0 0.0 83.0 786.0 10.0 0.0
42 45 39 0.0 0.0 0.0 81.0 1448.0 30.0 2.0
42 45 40 0.0 0.0 0.0 135.0 1728.0 28.0 6.0
42 45 41 0.0 0.0 0.0 132.0 1349.0 23.0 3.0
42 45 42 0.0 0.0 0.0 64.0 743.0 11.0 1.0
42 45 43 0.0 0.0 0.0 30.0 212.0 5.0 0.0
42 45 44 0.0 0.0 0.0 0.0 29.0 1.0 0.0
42 45 45 0.0 0.0 0.0 0.0 3.0 0.0 0.0
42 46 40 0.0 0.0 0.0 0.0 5.0 0.0 0.0
42 46 41 0.0 0.0 0.0 0.0 3.0 0.0 0.0
43 34 39 0.0 0.0 0.0 0.0 1.0 0.0 0.0
43 35 36 0.0 0.0 0.0 1.0 8.0 1.0 0.0
43 35 37 0.0 0.0 0.0 3.0 99.0 3.0 0.0
43 35 38 0.0 0.0 0.0 34.0 299.0 8.0 0.0
43 35 39 0.0 0.0 0.0 42.0 540.0 6.0 5.0
43 35 40 0.0 0.0 0.0 67.0 768.0 8.0 2.0
43 35 41 0.0 0.0 0.0 46.0 625.0 8.0 0.0
43 35 42 0.0 0.0 0.0 17.0 362.0 4.0 0.0
43 35 43 0.0 0.0 0.0 10.0 125.0 2.0 0.0
43 35 44 0.0 0.0 0.0 3.0 36.0 0.0 0.0
43 36 35 0.0 0.0 0.0 0.0 7.0 1.0 0.0
43 36 36 0.0 0.0 0.0 218.0 649.0 12.0 1.0
43 36 37 0.0 0.0 0.0 399.0 3894.0 68.0 44.0
43 36 38 0.0 0.0 0.0 1001.0 10414.0 198.0 398.0
43 36 39 0.0 0.0 1.0 1268.0 17382.0 296.0 1275.0
43 36 40 0.0 0.0 4.0 1869.0 21462.0 368.0 2097.0
43 36 41 0.0 0.0 0.0 1335.0 18556.0 275.0 1476.0
43 36 42 0.0 0.0 0.0 847.0 12527.0 207.0 593.0
43 36 43 0.0 0.0 0.0 469.0 5828.0 108.0 106.0
43 36 44 0.0 0.0 0.0 77.0 1370.0 20.0 1.0
43 36 45 0.0 0.0 0.0 0.0 16.0 1.0 0.0
43 37 35 0.0 0.0 0.0 10.0 79.0 0.0 0.0
43 37 36 0.0 0.0 0.0 278.0 3679.0 63.0 37.0
43 37 37 0.0 0.0 0.0 1718.0 24736.0 385.0 3181.0
43 37 38 0.0 0.0 0.0 3950.0 39455.0 535.0 16255.0
43 37 39 0.0 3.0 1.0 3129.0 42190.0 454.0 30816.0
43 37 40 0.0 0.0 1.0 3021.0 41741.0 455.0 36399.0
43 37 41 0.0 2.0 1.0 3506.0 41229.0 471.0 32896.0
43 37 42 0.0 1.0 1.0 2154.0 42873.0 530.0 22258.0
43 37 43 0.0 0.0 0.0 1294.0 33251.0 488.0 6896.0
43 37 44 0.0 0.0 0.0 515.0 6103.0 117.0 107.0
43 37 45 0.0 0.0 0.0 17.0 106.0 3.0 0.0
43 38 35 0.0 0.0 0.0 14.0 242.0 6.0 0.0
43 38 36 0.0 0.0 0.0 555.0 9055.0 153.0 254.0
43 38 37 0.0 0.0 1.0 2881.0 40861.0 515.0 17132.0
43 38 38 0.0 3.0 0.0 3656.0 39711.0 404.0 42499.0
43 38 39 0.0 2.0 1.0 2810.0 33255.0 307.0 62130.0
43 38 40 0.0 0.0 0.0 2352.0 31451.0 272.0 67791.0
43 38 41 0.0 1.0 0.0 2481.0 32552.0 295.0 65615.0
43 38 42 0.0 1.0 0.0 2452.0 38719.0 366.0 48785.0
43 38 43 0.0 1.0 1.0 2309.0 42494.0 502.0 21829.0
43 38 44 0.0 0.0 0.0 825.0 13530.0 230.0 625.0
43 38 45 0.0 0.0 0.0 22.0 371.0 9.0 0.0
43 39 35 0.0 0.0 0.0 33.0 435.0 6.0 1.0
43 39 36 0.0 0.0 0.0 1270.0 15002.0 233.0 915.0
43 39 37 0.0 0.0 0.0 2913.0 42773.0 470.0 28155.0
43 39 38 0.0 0.0 7.0 2634.0 35254.0 331.0 58250.0
43 39 39 0.0 1.0 3.0 2317.0 26879.0 244.0 77409.0
43 39 40 0.0 1.0 1.0 2008.0 24726.0 203.0 81694.0
43 39 41 0.0 0.0 1.0 1865.0 25901.0 214.0 79257.0
43 39 42 0.0 0.0 8.0 2169.0 32589.0 281.0 64982.0
43 39 43 0.0 0.0 0.0 2813.0 42162.0 456.0 33078.0
43 39 44 0.0 0.0 0.0 1374.0 19606.0 319.0 1654.0
43 39 45 0.0 0.0 0.0 47.0 745.0 19.0 0.0
43 40 35 0.0 0.0 0.0 48.0 698.0 8.0 0.0
43 40 36 0.0 0.0 0.0 1192.0 18024.0 306.0 1308.0
43 40 37 0.0 0.0 0.0 2701.0 42724.0 437.0 31816.0
43 40 38 0.0 0.0 2.0 2455.0 33417.0 313.0 62717.0
43 40 39 0.0 0.0 0.0 1952.0 25944.0 244.0 78994.0
43 40 40 0.0 0.0 1.0 1638.0 23017.0 185.0 85389.0
43 40 41 0.0 1.0 0.0 2096.0 24859.0 223.0 81423.0
43 40 42 0.0 3.0 1.0 2589.0 32024.0 320.0 65789.0
43 40 43 0.0 0.0 1.0 2762.0 42118.0 422.0 35463.0
43 40 44 0.0 1.0 1.0 1743.0 20160.0 338.0 1775.0
43 40 45 0.0 0.0 0.0 44.0 867.0 16.0 1.0
43 40 46 0.0 0.0 0.0 0.0 3.0 0.0 0.0
43 41 35 0.0 0.0 0.0 39.0 519.0 8.0 0.0
43 41 36 0.0 0.0 3.0 1056.0 14176.0 236.0 736.0
43 41 37 0.0 0.0 0.0 3005.0 42841.0 475.0 25834.0
43 41 38 0.0 0.0 1.0 2417.0 36131.0 353.0 56506.0
43 41 39 0.0 1.0 0.0 1970.0 28172.0 240.0 74609.0
43 41 40 0.0 1.0 3.0 1949.0 25826.0 218.0 79686.0
43 41 41 0.0 2.0 1.0 1912.0 27726.0 222.0 75886.0
43 41 42 0.0 1.0 0.0 2929.0 35406.0 338.0 57990.0
43 41 43 0.0 3.0 0.0 3112.0 42346.0 497.0 28346.0
43 41 44 0.0 0.0 1.0 1346.0 16034.0 227.0 1015.0
43 41 45 0.0 0.0 0.0 61.0 502.0 10.0 1.0
43 42 35 0.0 0.0 0.0 13.0 243.0 4.0 0.0
43 42 36 0.0 0.0 0.0 579.0 8673.0 143.0 242.0
43 42 37 0.0 0.0 0.0 2703.0 39791.0 491.0 13936.0
43 42 38 0.0 0.0 3.0 2671.0 41704.0 408.0 39128.0
43 42 39 0.0 0.0 1.0 2293.0 36209.0 346.0 56942.0
43 42 40 0.0 1.0 1.0 2226.0 33103.0 286.0 63945.0
43 42 41 0.0 0.0 3.0 3086.0 34987.0 349.0 57610.0
43 42 42 0.0 0.0 0.0 3536.0 39957.0 447.0 41596.0
43 42 43 0.0 3.0 0.0 3587.0 38485.0 508.0 12990.0
43 42 44 0.0 1.0 0.0 717.0 10146.0 161.0 385.0
43 42 45 0.0 0.0 0.0 8.0 247.0 4.0 0.0
43 43 35 0.0 0.0 0.0 10.0 61.0 1.0 0.0
43 43 36 0.0 0.0 0.0 319.0 3451.0 69.0 27.0
43 43 37 0.0 0.0 1.0 1514.0 21341.0 338.0 2137.0
43 43 38 0.0 0.0 0.0 2446.0 39183.0 555.0 13065.0
43 43 39 0.0 0.0 1.0 2168.0 43766.0 481.0 25373.0
43 43 40 0.0 2.0 0.0 3718.0 41982.0 470.0 31958.0
43 43 41 0.0 3.0 0.0 3576.0 42474.0 533.0 26457.0
43 43 42 0.0 4.0 0.0 3634.0 38252.0 513.0 13183.0
43 43 43 0.0 0.0 0.0 1413.0 22889.0 361.0 2370.0
43 43 44 0.0 0.0 0.0 240.0 3135.0 59.0 34.0
43 43 45 0.0 0.0 0.0 2.0 91.0 1.0 0.0
43 44 35 0.0 0.0 0.0 0.0 6.0 0.0 0.0
43 44 36 0.0 0.0 0.0 38.0 519.0 8.0 1.0
43 44 37 0.0 0.0 0.0 270.0 3326.0 67.0 37.0
43 44 38 0.0 0.0 0.0 586.0 8955.0 144.0 234.0
43 44 39 0.0 0.0 0.0 1165.0 15286.0 229.0 892.0
43 44 40 0.0 0.0 0.0 1367.0 17074.0 285.0 1214.0
43 44 41 0.0 0.0 1.0 1208.0 14797.0 273.0 874.0
43 44 42 0.0 0.0 0.0 600.0 8644.0 124.0 239.0
43 44 43 0.0 0.0 0.0 305.0 3613.0 55.0 38.0
43 44 44 0.0 0.0 0.0 44.0 577.0 15.0 3.0
43 44 45 0.0 0.0 0.0 1.0 4.0 0.0 0.0
43 45 36 0.0 0.0 0.0 0.0 5.0 0.0 0.0
43 45 37 0.0 0.0 0.0 4.0 78.0 0.0 0.0
43 45 38 0.0 0.0 0.0 17.0 212.0 4.0 0.0
43 45 39 0.0 0.0 0.0 29.0 516.0 7.0 0.0
43 45 40 0.0 0.0 0.0 39.0 611.0 8.0 0.0
43 45 41 0.0 0.0 0.0 27.0 536.0 12.0 1.0
43 45 42 0.0 0.0 0.0 27.0 212.0 5.0 0.0
43 45 43 0.0 0.0 0.0 5.0 49.0 0.0 0.0
43 45 44 0.0 0.0 0.0 0.0 7.0 1.0 0.0
44 35 37 0.0 0.0 0.0 0.0 6.0 0.0 0.0
44 35 38 0.0 0.0 0.0 2.0 59.0 0.0 0.0
44 35 39 0.0 0.0 0.0 4.0 131.0 3.0 0.0
44 35 40 0.0 0.0 0.0 10.0 142.0 3.0 0.0
44 35 41 0.0 0.0 0.0 17.0 75.0 2.0 0.0
44 35 42 0.0 0.0 0.0 5.0 44.0 1.0 0.0
44 35 43 0.0 0.0 0.0 0.0 14.0 0.0 0.0
44 35 44 0.0 0.0 0.0 0.0 2.0 0.0 0.0
44 35 45 0.0 0.0 0.0 0.0 2.0 0.0 0.0
44 36 36 0.0 0.0 0.0 2.0 83.0 0.0 0.0
44 36 37 0.0 0.0 0.0 54.0 823.0 11.0 2.0
44 36 38 0.0 0.0 0.0 188.0 2131.0 40.0 12.0
44 36 39 0.0 0.0 0.0 448.0 4479.0 79.0 57.0
44 36 40 0.0 0.0 2.0 370.0 5271.0 116.0 82.0
44 36 41 0.0 0.0 0.0 330.0 4844.0 98.0 59.0
44 36 42 0.0 0.0 0.0 284.0 2836.0 48.0 23.0
44 36 43 0.0 0.0 0.0 59.0 1193.0 16.0 4.0
44 36 44 0.0 0.0 0.0 13.0 313.0 3.0 0.0
44 36 45 0.0 0.0 0.0 0.0 5.0 0.0 0.0
44 37 35 0.0 0.0 0.0 0.0 9.0 0.0 0.0
44 37 36 0.0 0.0 0.0 70.0 716.0 13.0 2.0
44 37 37 0.0 0.0 0.0 355.0 4123.0 79.0 41.0
44 37 38 0.0 0.0 0.0 1003.0 10486.0 184.0 396.0
44 37 39 0.0 0.0 0.0 1484.0 17813.0 318.0 1335.0
44 37 40 0.0 0.0 0.0 1865.0 21873.0 367.0 2098.0
44 37 41 0.0 0.0 0.0 1770.0 19910.0 293.0 1702.0
44 37 42 0.0 0.0 7.0 900.0 13429.0 216.0 622.0
44 37 43 0.0 0.0 0.0 299.0 5969.0 104.0 112.0
44 37 44 0.0 0.0 0.0 90.0 1183.0 21.0 2.0
44 37 45 0.0 0.0 0.0 3.0 54.0 2.0 0.0
44 38 35 0.0 0.0 0.0 3.0 29.0 0.0 0.0
44 38 36 0.0 0.0 0.0 163.0 2258.0 29.0 18.0
44 38 37 0.0 0.0 1.0 890.0 10638.0 176.0 377.0
44 38 38 0.0 0.0 0.0 1614.0 23121.0 363.0 2310.0
44 38 39 0.0 4.0 0.0 2569.0 32905.0 462.0 6700.0
44 38 40 0.0 6.0 4.0 2891.0 36448.0 492.0 9344.0
44 38 41 0.0 0.0 1.0 2730.0 34714.0 501.0 7482.0
44 38 42 0.0 0.0 0.0 1583.0 26616.0 389.0 3337.0
44 38 43 0.0 0.0 0.0 798.0 13602.0 231.0 623.0
44 38 44 0.0 0.0 0.0 151.0 3144.0 50.0 35.0
44 38 45 0.0 0.0 0.0 1.0 70.0 0.0 0.0
44 39 35 0.0 0.0 0.0 5.0 37.0 3.0 0.0
44 39 36 0.0 0.0 0.0 295.0 4053.0 65.0 55.0
44 39 37 0.0 0.0 0.0 1243.0 16684.0 274.0 1022.0
44 39 38 0.0 0.0 0.0 2387.0 31385.0 456.0 5503.0
44 39 39 0.0 0.0 0.0 3172.0 39097.0 531.0 12187.0
44 39 40 0.0 1.0 4.0 3227.0 41528.0 524.0 16367.0
44 39 41 0.0 2.0 1.0 2832.0 40369.0 518.0 13216.0
44 39 42 0.0 10.0 2.0 2318.0 34694.0 509.0 7286.0
44 39 43 0.0 0.0 0.0 1101.0 19695.0 324.0 1591.0
44 39 44 0.0 0.0 0.0 319.0 4728.0 79.0 66.0
44 39 45 0.0 0.0 0.0 10.0 122.0 2.0 0.0
44 40 35 0.0 0.0 0.0 5.0 73.0 1.0 0.0
44 40 36 0.0 0.0 0.0 304.0 4172.0 73.0 41.0
44 40 37 0.0 0.0 0.0 1014.0 18066.0 309.0 1216.0
44 40 38 0.0 0.0 1.0 3097.0 33986.0 478.0 7358.0
44 40 39 0.0 0.0 0.0 2928.0 41335.0 513.0 14477.0
44 40 40 0.0 3.0 3.0 3282.0 42461.0 505.0 19308.0
44 40 41 0.0 5.0 2.0 2871.0 42108.0 556.0 16061.0
44 40 42 0.0 0.0 0.0 2457.0 35346.0 450.0 7850.0
44 40 43 0.0 1.0 1.0 1996.0 19955.0 367.0 1821.0
44 40 44 0.0 0.0 0.0 430.0 5321.0 90.0 78.0
44 40 45 0.0 0.0 0.0 14.0 93.0 2.0 0.0
44 41 35 0.0 0.0 0.0 4.0 50.0 1.0 0.0
44 41 36 0.0 0.0 0.0 133.0 3710.0 59.0 39.0
44 41 37 0.0 0.0 0.0 920.0 16392.0 252.0 1011.0
44 41 38 0.0 0.0 0.0 2193.0 30262.0 453.0 4796.0
44 41 39 0.0 0.0 2.0 2496.0 39199.0 541.0 11447.0
44 41 40 0.0 3.0 3.0 2850.0 41344.0 497.0 15237.0
44 41 41 0.0 0.0 0.0 2941.0 40001.0 507.0 12728.0
44 41 42 0.0 1.0 0.0 2548.0 32461.0 479.0 6083.0
44 41 43 0.0 0.0 0.0 1185.0 16281.0 271.0 1024.0
44 41 44 0.0 0.0 0.0 216.0 3863.0 71.0 42.0
44 41 45 0.0 0.0 0.0 7.0 104.0 3.0 0.0
44 42 35 0.0 0.0 0.0 1.0 24.0 0.0 0.0
44 42 36 0.0 0.0 0.0 75.0 1777.0 32.0 8.0
44 42 37 0.0 0.0 0.0 578.0 9138.0 141.0 282.0
44 42 38 0.0 0.0 0.0 1444.0 21409.0 350.0 1946.0
44 42 39 0.0 0.0 0.0 2011.0 30220.0 419.0 4956.0
44 42 40 0.0 1.0 0.0 2573.0 33443.0 459.0 6950.0
44 42 41 0.0 0.0 0.0 2165.0 31784.0 443.0 5591.0
44 42 42 0.0 4.0 0.0 1722.0 22559.0 345.0 2320.0
44 42 43 0.0 0.0 0.0 715.0 8717.0 137.0 218.0
44 42 44 0.0 0.0 0.0 176.0 1856.0 33.0 12.0
44 42 45 0.0 0.0 0.0 2.0 38.0 0.0 0.0
44 43 35 0.0 0.0 0.0 1.0 4.0 0.0 0.0
44 43 36 0.0 0.0 0.0 39.0 600.0 14.0 1.0
44 43 37 0.0 0.0 0.0 252.0 3253.0 57.0 34.0
44 43 38 0.0 0.0 0.0 473.0 10036.0 159.0 344.0
44 43 39 0.0 0.0 0.0 971.0 15947.0 263.0 932.0
44 43 40 0.0 0.0 0.0 1172.0 17374.0 273.0 1211.0
44 43 41 0.0 0.0 0.0 1630.0 16605.0 220.0 1150.0
44 43 42 0.0 0.0 0.0 1035.0 10280.0 196.0 393.0
44 43 43 0.0 0.0 0.0 235.0 3519.0 63.0 41.0
44 43 44 0.0 0.0 0.0 23.0 784.0 16.0 2.0
44 43 45 0.0 0.0 0.0 0.0 3.0 0.0 0.0
44 44 36 0.0 0.0 0.0 6.0 75.0 0.0 0.0
44 44 37 0.0 0.0 0.0 21.0 530.0 9.0 1.0
44 44 38 0.0 0.0 0.0 120.0 1689.0 32.0 5.0
44 44 39 0.0 0.0 0.0 183.0 3346.0 46.0 27.0
44 44 40 0.0 0.0 0.0 319.0 4619.0 69.0 67.0
44 44 41 0.0 0.0 0.0 312.0 3731.0 65.0 37.0
44 44 42 0.0 0.0 0.0 152.0 1680.0 25.0 14.0
44 44 43 0.0 0.0 0.0 36.0 492.0 6.0 0.0
44 44 44 0.0 0.0 0.0 3.0 95.0 0.0 0.0
44 45 36 0.0 0.0 0.0 0.0 2.0 0.0 0.0
44 45 37 0.0 0.0 0.0 0.0 6.0 0.0 0.0
44 45 38 0.0 0.0 0.0 2.0 33.0 0.0 0.0
44 45 39 0.0 0.0 0.0 3.0 53.0 2.0 0.0
44 45 40 0.0 0.0 0.0 4.0 102.0 1.0 0.0
44 45 41 0.0 0.0 0.0 7.0 42.0 1.0 0.0
44 45 42 0.0 0.0 0.0 3.0 33.0 0.0 0.0
44 45 43 0.0 0.0 0.0 0.0 3.0 0.0 0.0
45 35 38 0.0 0.0 0.0 1.0 5.0 0.0 0.0
45 35 39 0.0 0.0 0.0 0.0 1.0 0.0 0.0
45 35 40 0.0 0.0 0.0 2.0 5.0 0.0 0.0
45 35 41 0.0 0.0 0.0 0.0 2.0 0.0 0.0
45 35 42 0.0 0.0 0.0 0.0 3.0 0.0 0.0
45 36 36 0.0 0.0 0.0 1.0 0.0 0.0 0.0
45 36 37 0.0 0.0 0.0 0.0 19.0 1.0 0.0
45 36 38 0.0 0.0 0.0 7.0 58.0 0.0 0.0
45 36 39 0.0 0.0 0.0 7.0 116.0 2.0 0.0
45 36 40 0.0 0.0 0.0 15.0 152.0 4.0 0.0
45 36 41 0.0 0.0 0.0 17.0 149.0 3.0 0.0
45 36 42 0.0 0.0 0.0 11.0 54.0 1.0 0.0
45 36 43 0.0 0.0 0.0 2.0 23.0 0.0 0.0
45 37 36 0.0 0.0 0.0 0.0 13.0 0.0 0.0
45 37 37 0.0 0.0 0.0 13.0 79.0 1.0 0.0
45 37 38 0.0 0.0 0.0 25.0 322.0 4.0 0.0
45 37 39 0.0 0.0 0.0 57.0 730.0 15.0 5.0
45 37 40 0.0 0.0 0.0 73.0 1017.0 14.0 2.0
45 37 41 0.0 0.0 0.0 47.0 739.0 13.0 1.0
45 37 42 0.0 0.0 0.0 26.0 310.0 3.0 0.0
45 37 43 0.0 0.0 0.0 23.0 135.0 4.0 0.0
45 37 44 0.0 0.0 0.0 1.0 27.0 0.0 0.0
45 38 35 0.0 0.0 0.0 0.0 2.0 0.0 0.0
45 38 36 0.0 0.0 0.0 11.0 35.0 0.0 0.0
45 38 37 0.0 0.0 0.0 17.0 301.0 13.0 0.0
45 38 38 0.0 0.0 0.0 79.0 968.0 16.0 1.0
45 38 39 0.0 0.0 0.0 165.0 1913.0 27.0 8.0
45 38 40 0.0 0.0 1.0 182.0 2485.0 51.0 11.0
45 38 41 0.0 0.0 0.0 159.0 2083.0 31.0 11.0
45 38 42 0.0 0.0 0.0 112.0 1158.0 17.0 2.0
45 38 43 0.0 0.0 0.0 23.0 365.0 5.0 0.0
45 38 44 0.0 0.0 0.0 3.0 49.0 0.0 0.0
45 38 45 0.0 0.0 0.0 0.0 2.0 0.0 0.0
45 39 35 0.0 0.0 0.0 0.0 5.0 0.0 0.0
45 39 36 0.0 0.0 0.0 6.0 65.0 0.0 0.0
45 39 37 0.0 0.0 0.0 35.0 575.0 8.0 2.0
45 39 38 0.0 0.0 0.0 147.0 1760.0 27.0 5.0
45 39 39 0.0 0.0 0.0 252.0 3317.0 61.0 24.0
45 39 40 0.0 0.0 0.0 328.0 4249.0 79.0 52.0
45 39 41 0.0 0.0 0.0 238.0 3824.0 49.0 32.0
45 39 42 0.0 0.0 0.0 184.0 2242.0 36.0 17.0
45 39 43 0.0 0.0 0.0 49.0 700.0 10.0 1.0
45 39 44 0.0 0.0 0.0 3.0 124.0 1.0 0.0
45 39 45 0.0 0.0 0.0 2.0 5.0 0.0 0.0
45 40 35 0.0 0.0 0.0 0.0 3.0 0.0 0.0
45 40 36 0.0 0.0 0.0 17.0 99.0 2.0 0.0
45 40 37 0.0 0.0 0.0 37.0 612.0 17.0 0.0
45 40 38 0.0 0.0 0.0 197.0 2079.0 39.0 7.0
45 40 39 0.0 0.0 0.0 310.0 3938.0 63.0 37.0
45 40 40 0.0 1.0 0.0 301.0 5079.0 88.0 72.0
45 40 41 0.0 0.0 0.0 316.0 4265.0 62.0 42.0
45 40 42 0.0 0.0 0.0 194.0 2416.0 27.0 11.0
45 40 43 0.0 0.0 0.0 54.0 773.0 9.0 1.0
45 40 44 0.0 0.0 0.0 8.0 131.0 0.0 0.0
45 40 45 0.0 0.0 0.0 0.0 7.0 0.0 0.0
45 41 35 0.0 0.0 0.0 0.0 1.0 0.0 0.0
45 41 36 0.0 0.0 0.0 6.0 75.0 2.0 0.0
45 41 37 0.0 0.0 0.0 27.0 521.0 14.0 0.0
45 41 38 0.0 0.0 0.0 101.0 1614.0 22.0 3.0
45 41 39 0.0 0.0 0.0 186.0 3255.0 64.0 23.0
45 41 40 0.0 0.0 0.0 281.0 3946.0 61.0 35.0
45 41 41 0.0 0.0 0.0 194.0 3600.0 56.0 28.0
45 41 42 0.0 0.0 0.0 105.0 1960.0 27.0 4.0
45 41 43 0.0 0.0 0.0 43.0 575.0 11.0 0.0
45 41 44 0.0 0.0 0.0 4.0 63.0 1.0 0.0
45 41 45 0.0 0.0 0.0 0.0 8.0 0.0 0.0
45 42 35 0.0 0.0 0.0 0.0 1.0 0.0 0.0
45 42 36 0.0 0.0 0.0 1.0 32.0 0.0 0.0
45 42 37 0.0 0.0 0.0 26.0 235.0 8.0 0.0
45 42 38 0.0 0.0 0.0 37.0 845.0 18.0 0.0
45 42 39 0.0 0.0 0.0 96.0 1656.0 26.0 7.0
45 42 40 0.0 0.0 0.0 158.0 2075.0 32.0 11.0
45 42 41 0.0 0.0 0.0 165.0 1855.0 44.0 5.0
45 42 42 0.0 0.0 0.0 98.0 1047.0 18.0 3.0
45 42 43 0.0 0.0 0.0 10.0 264.0 3.0 0.0
45 42 44 0.0 0.0 0.0 1.0 32.0 0.0 0.0
45 42 45 0.0 0.0 0.0 0.0 1.0 0.0 0.0
45 43 35 0.0 0.0 0.0 0.0 1.0 0.0 0.0
45 43 36 0.0 0.0 0.0 0.0 7.0 0.0 0.0
45 43 37 0.0 0.0 0.0 9.0 66.0 1.0 0.0
45 43 38 0.0 0.0 0.0 13.0 275.0 3.0 0.0
45 43 39 0.0 0.0 0.0 27.0 463.0 11.0 0.0
45 43 40 0.0 0.0 0.0 46.0 656.0 6.0 0.0
45 43 41 0.0 0.0 0.0 35.0 506.0 8.0 1.0
45 43 42 0.0 0.0 0.0 23.0 257.0 4.0 0.0
45 43 43 0.0 0.0 0.0 3.0 52.0 2.0 0.0
45 43 44 0.0 0.0 0.0 0.0 10.0 0.0 0.0
45 44 37 0.0 0.0 0.0 2.0 10.0 0.0 0.0
45 44 38 0.0 0.0 0.0 2.0 34.0 1.0 0.0
45 44 39 0.0 0.0 0.0 8.0 69.0 1.0 0.0
45 44 40 0.0 0.0 0.0 3.0 101.0 1.0 0.0
45 44 41 0.0 0.0 0.0 1.0 63.0 0.0 0.0
45 44 42 0.0 0.0 0.0 0.0 37.0 2.0 0.0
45 44 43 0.0 0.0 0.0 3.0 3.0 0.0 0.0
45 44 44 0.0 0.0 0.0 1.0 0.0 0.0 0.0
45 45 38 0.0 0.0 0.0 0.0 4.0 0.0 0.0
45 45 39 0.0 0.0 0.0 0.0 1.0 0.0 0.0
45 45 40 0.0 0.0 0.0 1.0 4.0 0.0 0.0
45 45 42 0.0 0.0 0.0 0.0 1.0 0.0 0.0
46 37 39 0.0 0.0 0.0 0.0 1.0 0.0 0.0
46 37 40 0.0 0.0 0.0 1.0 0.0 0.0 0.0
46 37 41 0.0 0.0 0.0 0.0 1.0 0.0 0.0
46 38 39 0.0 0.0 0.0 0.0 3.0 0.0 0.0
46 38 40 0.0 0.0 0.0 0.0 7.0 0.0 0.0
46 38 41 0.0 0.0 0.0 0.0 2.0 0.0 0.0
46 38 42 0.0 0.0 0.0 0.0 1.0 0.0 0.0
46 39 38 0.0 0.0 0.0 0.0 4.0 0.0 0.0
46 39 39 0.0 0.0 0.0 3.0 6.0 0.0 0.0
46 39 40 0.0 0.0 0.0 0.0 8.0 0.0 0.0
46 39 41 0.0 0.0 0.0 0.0 4.0 0.0 0.0
46 39 42 0.0 0.0 0.0 0.0 3.0 0.0 0.0
46 39 43 0.0 0.0 0.0 1.0 1.0 0.0 0.0
46 40 38 0.0 0.0 0.0 0.0 1.0 0.0 0.0
46 40 39 0.0 0.0 0.0 0.0 2.0 0.0 0.0
46 40 40 0.0 0.0 0.0 0.0 4.0 0.0 0.0
46 40 41 0.0 0.0 0.0 0.0 8.0 0.0 0.0
46 40 42 0.0 0.0 0.0 0.0 1.0 0.0 0.0
46 40 43 0.0 0.0 0.0 0.0 1.0 0.0 0.0
46 41 38 0.0 0.0 0.0 0.0 4.0 0.0 0.0
46 41 39 0.0 0.0 0.0 0.0 5.0 0.0 0.0
46 41 40 0.0 0.0 0.0 0.0 4.0 0.0 0.0
46 41 41 0.0 0.0 0.0 1.0 9.0 0.0 0.0
46 41 43 0.0 0.0 0.0 0.0 1.0 0.0 0.0
46 42 38 0.0 0.0 0.0 0.0 2.0 0.0 0.0
46 42 39 0.0 0.0 0.0 0.0 1.0 0.0 0.0
46 42 40 0.0 0.0 0.0 0.0 5.0 0.0 0.0
46 42 41 0.0 0.0 0.0 0.0 3.0 0.0 0.0
46 42 42 0.0 0.0 0.0 0.0 1.0 0.0 0.0
