35 37 39 0.0 0.0 0.0 0.0 1.0 0.0 0.0
35 37 40 0.0 0.0 0.0 0.0 1.0 0.0 0.0
35 37 41 0.0 0.0 0.0 0.0 2.0 0.0 0.0
35 37 42 0.0 0.0 0.0 0.0 1.0 0.0 0.0
35 38 39 0.0 0.0 0.0 0.0 3.0 0.0 0.0
35 38 40 0.0 0.0 0.0 1.0 8.0 0.0 0.0
35 38 41 0.0 0.0 0.0 0.0 3.0 0.0 0.0
35 39 38 0.0 0.0 0.0 0.0 4.0 0.0 0.0
35 39 39 0.0 0.0 0.0 1.0 11.0 1.0 0.0
35 39 40 0.0 0.0 0.0 2.0 10.0 0.0 0.0
35 39 41 0.0 0.0 0.0 6.0 6.0 0.0 0.0
35 39 42 0.0 0.0 0.0 0.0 6.0 0.0 0.0
35 40 37 0.0 0.0 0.0 0.0 2.0 0.0 0.0
35 40 38 0.0 0.0 0.0 0.0 10.0 0.0 0.0
35 40 39 0.0 0.0 0.0 1.0 12.0 0.0 0.0
35 40 40 0.0 0.0 0.0 1.0 13.0 0.0 0.0
35 40 41 0.0 0.0 0.0 0.0 20.0 1.0 0.0
35 40 42 0.0 0.0 0.0 0.0 1.0 0.0 0.0
35 40 43 0.0 0.0 0.0 2.0 2.0 1.0 0.0
35 41 37 0.0 0.0 0.0 0.0 1.0 0.0 0.0
35 41 38 0.0 0.0 0.0 0.0 4.0 0.0 0.0
35 41 39 0.0 0.0 0.0 1.0 20.0 0.0 0.0
35 41 40 0.0 0.0 0.0 0.0 13.0 1.0 0.0
35 41 41 0.0 0.0 0.0 2.0 8.0 0.0 0.0
35 41 42 0.0 0.0 0.0 0.0 6.0 0.0 0.0
35 42 38 0.0 0.0 0.0 3.0 5.0 0.0 0.0
35 42 39 0.0 0.0 0.0 0.0 5.0 0.0 0.0
35 42 40 0.0 0.0 0.0 0.0 17.0 2.0 0.0
35 42 41 0.0 0.0 0.0 0.0 4.0 0.0 0.0
35 42 42 0.0 0.0 0.0 0.0 2.0 0.0 0.0
35 43 38 0.0 0.0 0.0 2.0 0.0 0.0 0.0
35 43 41 0.0 0.0 0.0 0.0 1.0 0.0 0.0
36 36 36 0.0 0.0 0.0 0.0 3.0 0.0 0.0
36 36 37 0.0 0.0 0.0 0.0 7.0 0.0 0.0
36 36 38 0.0 0.0 0.0 1.0 19.0 0.0 0.0
36 36 39 0.0 0.0 0.0 4.0 44.0 0.0 0.0
36 36 40 0.0 0.0 0.0 2.0 59.0 1.0 0.0
36 36 41 0.0 0.0 0.0 6.0 27.0 1.0 0.0
36 36 42 0.0 0.0 0.0 1.0 14.0 0.0 0.0
36 36 43 0.0 0.0 0.0 2.0 2.0 0.0 0.0
36 37 36 0.0 0.0 0.0 0.0 2.0 0.0 0.0
36 37 37 0.0 0.0 0.0 1.0 99.0 2.0 0.0
36 37 38 0.0 0.0 0.0 19.0 239.0 6.0 0.0
36 37 39 0.0 0.0 0.0 37.0 644.0 8.0 0.0
36 37 40 0.0 0.0 0.0 64.0 669.0 9.0 0.0
36 37 41 0.0 0.0 0.0 45.0 455.0 12.0 0.0
36 37 42 0.0 0.0 0.0 40.0 317.0 6.0 0.0
36 37 43 0.0 0.0 0.0 1.0 48.0 3.0 0.0
36 37 44 0.0 0.0 0.0 0.0 7.0 0.0 0.0
36 38 36 0.0 0.0 0.0 0.0 12.0 2.0 0.0
36 38 37 0.0 0.0 1.0 36.0 341.0 2.0 0.0
36 38 38 0.0 0.0 0.0 116.0 1196.0 21.0 6.0
36 38 39 0.0 0.0 0.0 192.0 2166.0 32.0 9.0
36 38 40 0.0 0.0 0.0 272.0 3006.0 59.0 23.0
36 38 41 0.0 0.0 0.0 171.0 2135.0 48.0 15.0
36 38 42 0.0 0.0 0.0 88.0 996.0 12.0 0.0
36 38 43 0.0 0.0 0.0 38.0 241.0 2.0 0.0
36 38 44 0.0 0.0 0.0 2.0 15.0 0.0 0.0
36 39 36 0.0 0.0 0.0 0.0 61.0 0.0 0.0
36 39 37 0.0 0.0 0.0 39.0 699.0 12.0 1.0
36 39 38 0.0 0.0 0.0 289.0 2291.0 48.0 10.0
36 39 39 0.0 0.0 1.0 434.0 4552.0 83.0 66.0
36 39 40 0.0 0.0 1.0 587.0 5189.0 98.0 75.0
36 39 41 0.0 0.0 0.0 473.0 4423.0 88.0 35.0
36 39 42 0.0 0.0 0.0 227.0 2088.0 34.0 5.0
36 39 43 0.0 0.0 2.0 51.0 560.0 9.0 2.0
36 39 44 0.0 0.0 0.0 1.0 24.0 1.0 0.0
36 40 35 0.0 0.0 0.0 0.0 2.0 1.0 0.0
36 40 36 0.0 0.0 0.0 4.0 74.0 0.0 0.0
36 40 37 0.0 0.0 1.0 93.0 821.0 14.0 1.0
36 40 38 0.0 0.0 0.0 262.0 2871.0 52.0 16.0
36 40 39 0.0 0.0 0.0 525.0 5542.0 98.0 87.0
36 40 40 0.0 0.0 2.0 588.0 6443.0 110.0 113.0
36 40 41 0.0 0.0 0.0 467.0 5109.0 91.0 61.0
36 40 42 0.0 0.0 0.0 325.0 2506.0 32.0 16.0
36 40 43 0.0 0.0 0.0 128.0 610.0 10.0 0.0
36 40 44 0.0 0.0 0.0 13.0 64.0 3.0 0.0
36 41 36 0.0 0.0 0.0 6.0 53.0 1.0 0.0
36 41 37 0.0 0.0 1.0 53.0 674.0 13.0 0.0
36 41 38 0.0 0.0 0.0 162.0 2470.0 43.0 8.0
36 41 39 0.0 0.0 0.0 366.0 4374.0 57.0 51.0
36 41 40 0.0 0.0 0.0 447.0 5353.0 88.0 68.0
36 41 41 0.0 0.0 1.0 444.0 4068.0 64.0 44.0
36 41 42 0.0 1.0 0.0 211.0 1999.0 32.0 7.0
36 41 43 0.0 0.0 0.0 36.0 540.0 11.0 0.0
36 41 44 0.0 0.0 0.0 2.0 35.0 2.0 0.0
36 42 36 0.0 0.0 0.0 2.0 36.0 1.0 0.0
36 42 37 0.0 0.0 0.0 35.0 340.0 6.0 0.0
36 42 38 0.0 0.0 0.0 121.0 1131.0 18.0 4.0
36 42 39 0.0 0.0 0.0 188.0 2003.0 38.0 7.0
36 42 40 0.0 1.0 0.0 226.0 2519.0 38.0 13.0
36 42 41 0.0 0.0 0.0 210.0 1957.0 37.0 11.0
36 42 42 0.0 0.0 0.0 61.0 962.0 19.0 1.0
36 42 43 0.0 0.0 0.0 25.0 305.0 1.0 0.0
36 42 44 0.0 0.0 0.0 0.0 17.0 0.0 0.0
36 43 36 0.0 0.0 0.0 0.0 2.0 0.0 0.0
36 43 37 0.0 0.0 0.0 14.0 62.0 0.0 0.0
36 43 38 0.0 0.0 0.0 28.0 273.0 8.0 0.0
36 43 39 0.0 0.0 0.0 82.0 509.0 11.0 0.0
36 43 40 0.0 0.0 0.0 50.0 632.0 9.0 1.0
36 43 41 0.0 0.0 0.0 45.0 585.0 5.0 2.0
36 43 42 0.0 0.0 0.0 18.0 260.0 3.0 0.0
36 43 43 0.0 0.0 0.0 1.0 53.0 0.0 0.0
36 43 44 0.0 0.0 0.0 0.0 3.0 0.0 0.0
36 44 37 0.0 0.0 0.0 0.0 4.0 0.0 0.0
36 44 38 0.0 0.0 0.0 1.0 22.0 0.0 0.0
36 44 39 0.0 0.0 0.0 3.0 43.0 0.0 0.0
36 44 40 0.0 0.0 0.0 5.0 55.0 1.0 1.0
36 44 41 0.0 0.0 0.0 2.0 33.0 2.0 0.0
36 44 42 0.0 0.0 0.0 4.0 26.0 1.0 0.0
36 44 43 0.0 0.0 0.0 0.0 1.0 0.0 0.0
37 35 40 0.0 0.0 0.0 0.0 5.0 0.0 0.0
37 36 36 0.0 0.0 0.0 0.0 4.0 0.0 0.0
37 36 37 0.0 0.0 0.0 5.0 39.0 0.0 0.0
37 36 38 0.0 0.0 0.0 31.0 214.0 3.0 0.0
37 36 39 0.0 0.0 0.0 44.0 479.0 5.0 0.0
37 36 40 0.0 0.0 0.0 39.0 771.0 15.0 1.0
37 36 41 0.0 0.0 0.0 54.0 571.0 10.0 1.0
37 36 42 0.0 0.0 0.0 13.0 255.0 4.0 0.0
37 36 43 0.0 0.0 0.0 16.0 30.0 0.0 0.0
37 36 44 0.0 0.0 0.0 0.0 3.0 0.0 0.0
37 37 36 0.0 0.0 0.0 3.0 60.0 1.0 0.0
37 37 37 0.0 0.0 0.0 162.0 2205.0 39.0 14.0
37 37 38 0.0 0.0 0.0 600.0 6877.0 139.0 175.0
37 37 39 0.0 0.0 0.0 797.0 11244.0 208.0 438.0
37 37 40 0.0 1.0 3.0 1090.0 14138.0 249.0 778.0
37 37 41 0.0 1.0 0.0 979.0 12404.0 225.0 610.0
37 37 42 0.0 0.0 0.0 605.0 6828.0 132.0 169.0
37 37 43 0.0 0.0 0.0 141.0 1725.0 31.0 10.0
37 37 44 0.0 0.0 0.0 3.0 74.0 2.0 0.0
37 38 36 0.0 0.0 0.0 23.0 235.0 2.0 0.0
37 38 37 0.0 0.0 0.0 661.0 6887.0 137.0 184.0
37 38 38 0.0 0.0 6.0 2583.0 21037.0 353.0 2239.0
37 38 39 0.0 0.0 0.0 3061.0 31061.0 462.0 6152.0
37 38 40 0.0 5.0 0.0 3773.0 34097.0 495.0 8283.0
37 38 41 0.0 0.0 3.0 3334.0 29867.0 456.0 5740.0
37 38 42 0.0 0.0 3.0 2195.0 18429.0 300.0 1623.0
37 38 43 0.0 0.0 0.0 444.0 6286.0 101.0 126.0
37 38 44 0.0 0.0 0.0 22.0 218.0 6.0 0.0
37 39 35 0.0 0.0 0.0 0.0 1.0 0.0 0.0
37 39 36 0.0 0.0 0.0 53.0 787.0 11.0 4.0
37 39 37 0.0 0.0 0.0 1253.0 13858.0 243.0 814.0
37 39 38 0.0 0.0 18.0 2690.0 33499.0 487.0 6950.0
37 39 39 0.0 0.0 18.0 4041.0 40265.0 531.0 15962.0
37 39 40 0.0 4.0 2.0 4282.0 41391.0 511.0 19620.0
37 39 41 0.0 2.0 3.0 4383.0 39457.0 491.0 15045.0
37 39 42 0.0 0.0 1.0 3530.0 30524.0 431.0 5881.0
37 39 43 0.0 0.0 0.0 1146.0 11226.0 194.0 505.0
37 39 44 0.0 0.0 0.0 48.0 596.0 13.0 0.0
37 40 35 0.0 0.0 0.0 0.0 4.0 0.0 0.0
37 40 36 0.0 0.0 0.0 90.0 852.0 10.0 1.0
37 40 37 0.0 8.0 0.0 1577.0 15469.0 267.0 1075.0
37 40 38 0.0 5.0 6.0 3361.0 35388.0 473.0 9470.0
37 40 39 0.0 0.0 1.0 3818.0 41934.0 545.0 19852.0
37 40 40 0.0 0.0 1.0 3909.0 42503.0 515.0 24758.0
37 40 41 0.0 2.0 1.0 4159.0 41422.0 541.0 18845.0
37 40 42 0.0 0.0 1.0 3474.0 33006.0 489.0 7665.0
37 40 43 0.0 0.0 0.0 1067.0 14591.0 249.0 810.0
37 40 44 0.0 0.0 0.0 43.0 744.0 10.0 1.0
37 40 45 0.0 0.0 0.0 0.0 1.0 0.0 0.0
37 41 36 0.0 0.0 0.0 39.0 697.0 10.0 1.0
37 41 37 0.0 1.0 0.0 1098.0 14920.0 226.0 930.0
37 41 38 0.0 7.0 0.0 2590.0 32182.0 464.0 6539.0
37 41 39 0.0 1.0 6.0 3643.0 40835.0 535.0 16207.0
37 41 40 0.0 7.0 15.0 4186.0 41423.0 517.0 19057.0
37 41 41 0.0 2.0 5.0 3476.0 40032.0 541.0 14092.0
37 41 42 0.0 0.0 2.0 2728.0 31536.0 451.0 6253.0
37 41 43 0.0 0.0 3.0 1061.0 11675.0 193.0 524.0
37 41 44 0.0 0.0 0.0 73.0 576.0 8.0 1.0
37 41 45 0.0 0.0 0.0 0.0 1.0 0.0 0.0
37 42 36 0.0 0.0 0.0 21.0 324.0 4.0 0.0
37 42 37 0.0 0.0 0.0 711.0 7115.0 113.0 175.0
37 42 38 0.0 6.0 1.0 1850.0 20673.0 346.0 2019.0
37 42 39 0.0 0.0 1.0 2966.0 31435.0 465.0 6290.0
37 42 40 0.0 2.0 4.0 3137.0 34021.0 469.0 7826.0
37 42 41 0.0 0.0 6.0 2276.0 31595.0 452.0 5781.0
37 42 42 0.0 0.0 0.0 1500.0 19364.0 289.0 1706.0
37 42 43 0.0 0.0 0.0 774.0 6587.0 114.0 171.0
37 42 44 0.0 0.0 0.0 12.0 217.0 2.0 0.0
37 43 36 0.0 0.0 0.0 6.0 102.0 0.0 0.0
37 43 37 0.0 0.0 0.0 239.0 2129.0 36.0 18.0
37 43 38 0.0 0.0 3.0 472.0 5967.0 96.0 105.0
37 43 39 0.0 0.0 2.0 1274.0 12827.0 227.0 669.0
37 43 40 0.0 0.0 1.0 1234.0 14067.0 225.0 777.0
37 43 41 0.0 0.0 0.0 1125.0 11440.0 197.0 521.0
37 43 42 0.0 2.0 0.0 517.0 6848.0 114.0 160.0
37 43 43 0.0 0.0 0.0 122.0 1847.0 36.0 6.0
37 43 44 0.0 0.0 0.0 6.0 61.0 0.0 0.0
37 44 37 0.0 0.0 0.0 4.0 52.0 0.0 0.0
37 44 38 0.0 0.0 0.0 17.0 249.0 4.0 0.0
37 44 39 0.0 0.0 0.0 26.0 581.0 12.0 0.0
37 44 40 0.0 0.0 0.0 55.0 670.0 18.0 1.0
37 44 41 0.0 0.0 0.0 45.0 506.0 9.0 3.0
37 44 42 0.0 0.0 0.0 25.0 312.0 5.0 0.0
37 44 43 0.0 0.0 0.0 8.0 70.0 3.0 0.0
37 44 44 0.0 0.0 0.0 0.0 3.0 0.0 0.0
37 45 39 0.0 0.0 0.0 0.0 1.0 0.0 0.0
37 45 40 0.0 0.0 0.0 1.0 1.0 0.0 0.0
37 45 42 0.0 0.0 0.0 0.0 1.0 0.0 0.0
38 35 38 0.0 0.0 0.0 0.0 2.0 0.0 0.0
38 35 39 0.0 0.0 0.0 0.0 9.0 0.0 0.0
38 35 40 0.0 0.0 0.0 0.0 5.0 0.0 0.0
38 35 41 0.0 0.0 0.0 0.0 1.0 0.0 0.0
38 35 42 0.0 0.0 0.0 0.0 2.0 0.0 0.0
38 35 43 0.0 0.0 0.0 0.0 1.0 0.0 0.0
38 36 36 0.0 0.0 0.0 4.0 13.0 0.0 0.0
38 36 37 0.0 0.0 0.0 8.0 337.0 11.0 0.0
38 36 38 0.0 0.0 0.0 73.0 969.0 8.0 4.0
38 36 39 0.0 0.0 0.0 203.0 1974.0 38.0 7.0
38 36 40 0.0 0.0 0.0 173.0 2845.0 45.0 20.0
38 36 41 0.0 0.0 1.0 207.0 2304.0 50.0 8.0
38 36 42 0.0 0.0 0.0 100.0 1082.0 15.0 5.0
38 36 43 0.0 0.0 0.0 29.0 280.0 4.0 0.0
38 36 44 0.0 0.0 0.0 0.0 36.0 0.0 0.0
38 37 36 0.0 0.0 0.0 15.0 214.0 2.0 0.0
38 37 37 0.0 0.0 0.0 647.0 6820.0 108.0 167.0
38 37 38 0.0 0.0 1.0 1732.0 20608.0 343.0 1949.0
38 37 39 0.0 0.0 4.0 3019.0 29906.0 451.0 5611.0
38 37 40 0.0 0.0 0.0 3190.0 33812.0 472.0 7916.0
38 37 41 0.0 0.0 1.0 2267.0 32068.0 504.0 5874.0
38 37 42 0.0 0.0 0.0 1693.0 21268.0 325.0 2171.0
38 37 43 0.0 0.0 0.0 772.0 7357.0 133.0 202.0
38 37 44 0.0 0.0 0.0 18.0 246.0 5.0 0.0
38 37 45 0.0 0.0 0.0 0.0 1.0 0.0 0.0
38 38 35 0.0 0.0 0.0 0.0 1.0 0.0 0.0
38 38 36 0.0 0.0 0.0 129.0 1126.0 28.0 2.0
38 38 37 0.0 0.0 0.0 2360.0 20773.0 324.0 2196.0
38 38 38 0.0 0.0 0.0 3105.0 40876.0 439.0 34573.0
38 38 39 0.0 0.0 3.0 2967.0 35560.0 360.0 53756.0
38 38 40 0.0 1.0 5.0 2967.0 31927.0 316.0 62817.0
38 38 41 0.0 3.0 4.0 3680.0 35121.0 402.0 54011.0
38 38 42 0.0 0.0 0.0 3238.0 41182.0 448.0 30134.0
38 38 43 0.0 0.0 0.0 1905.0 20530.0 299.0 2006.0
38 38 44 0.0 0.0 0.0 104.0 1070.0 24.0 2.0
38 38 45 0.0 0.0 0.0 0.0 4.0 0.0 0.0
38 39 35 0.0 0.0 0.0 0.0 11.0 1.0 0.0
38 39 36 0.0 1.0 0.0 248.0 2528.0 44.0 11.0
38 39 37 0.0 10.0 0.0 3712.0 31405.0 467.0 6563.0
38 39 38 0.0 0.0 5.0 3880.0 32429.0 320.0 58787.0
38 39 39 0.0 0.0 2.0 2782.0 25226.0 219.0 79080.0
38 39 40 0.0 2.0 2.0 2565.0 22661.0 214.0 84875.0
38 39 41 0.0 2.0 4.0 2512.0 26441.0 216.0 77584.0
38 39 42 0.0 2.0 9.0 3447.0 35673.0 374.0 52323.0
38 39 43 0.0 0.0 1.0 2666.0 31027.0 433.0 5816.0
38 39 44 0.0 0.0 0.0 179.0 2228.0 51.0 13.0
38 39 45 0.0 0.0 0.0 0.0 4.0 0.0 0.0
38 40 35 0.0 0.0 0.0 0.0 6.0 0.0 0.0
38 40 36 0.0 0.0 0.0 319.0 3117.0 48.0 24.0
38 40 37 0.0 0.0 4.0 3283.0 36062.0 506.0 9555.0
38 40 38 0.0 0.0 10.0 2487.0 30185.0 312.0 66668.0
38 40 39 0.0 1.0 6.0 2125.0 22415.0 183.0 86140.0
38 40 40 0.0 2.0 1.0 1918.0 20073.0 140.0 91326.0
38 40 41 0.0 1.0 3.0 2233.0 22726.0 176.0 84637.0
38 40 42 0.0 1.0 4.0 2823.0 32295.0 331.0 60953.0
38 40 43 0.0 0.0 1.0 2743.0 35481.0 503.0 8858.0
38 40 44 0.0 6.0 1.0 267.0 2878.0 57.0 22.0
38 40 45 0.0 0.0 0.0 1.0 2.0 0.0 0.0
38 41 35 0.0 0.0 0.0 0.0 12.0 0.0 0.0
38 41 36 0.0 0.0 0.0 201.0 2514.0 53.0 15.0
38 41 37 0.0 0.0 1.0 3139.0 32728.0 477.0 7019.0
38 41 38 0.0 4.0 4.0 2691.0 34207.0 315.0 57203.0
38 41 39 0.0 0.0 1.0 2162.0 25788.0 235.0 79003.0
38 41 40 0.0 0.0 1.0 2209.0 23322.0 183.0 83941.0
38 41 41 0.0 4.0 1.0 2397.0 27077.0 220.0 76842.0
38 41 42 0.0 0.0 9.0 2882.0 35258.0 347.0 54733.0
38 41 43 0.0 1.0 0.0 3123.0 29634.0 445.0 5313.0
38 41 44 0.0 0.0 0.0 274.0 2117.0 41.0 10.0
38 41 45 0.0 0.0 0.0 1.0 9.0 1.0 0.0
38 42 35 0.0 0.0 0.0 0.0 3.0 0.0 0.0
38 42 36 0.0 0.0 0.0 97.0 1248.0 29.0 6.0
38 42 37 0.0 0.0 2.0 1751.0 21160.0 334.0 2133.0
38 42 38 0.0 2.0 1.0 3409.0 40530.0 445.0 34486.0
38 42 39 0.0 3.0 7.0 3106.0 35218.0 361.0 54937.0
38 42 40 0.0 1.0 7.0 3032.0 31773.0 297.0 62251.0
38 42 41 0.0 3.0 1.0 3279.0 34516.0 367.0 55174.0
38 42 42 0.0 4.0 0.0 3438.0 41261.0 455.0 30723.0
38 42 43 0.0 2.0 0.0 1817.0 20344.0 328.0 1869.0
38 42 44 0.0 0.0 1.0 105.0 1185.0 20.0 5.0
38 42 45 0.0 0.0 0.0 0.0 2.0 0.0 0.0
38 43 36 0.0 0.0 0.0 28.0 301.0 7.0 0.0
38 43 37 0.0 0.0 0.0 688.0 7063.0 117.0 168.0
38 43 38 0.0 1.0 0.0 1602.0 21451.0 325.0 2007.0
38 43 39 0.0 3.0 1.0 2897.0 30491.0 436.0 5823.0
38 43 40 0.0 1.0 2.0 3213.0 33726.0 464.0 7979.0
38 43 41 0.0 1.0 1.0 2762.0 31478.0 456.0 6189.0
38 43 42 0.0 1.0 4.0 1727.0 20895.0 349.0 2034.0
38 43 43 0.0 0.0 0.0 605.0 6063.0 85.0 132.0
38 43 44 0.0 0.0 0.0 28.0 267.0 2.0 0.0
38 44 36 0.0 0.0 0.0 3.0 18.0 0.0 0.0
38 44 37 0.0 0.0 0.0 17.0 226.0 3.0 0.0
38 44 38 0.0 0.0 0.0 142.0 1144.0 21.0 4.0
38 44 39 0.0 0.0 0.0 152.0 2220.0 32.0 9.0
38 44 40 0.0 0.0 0.0 242.0 2759.0 46.0 15.0
38 44 41 0.0 0.0 0.0 177.0 2127.0 30.0 6.0
38 44 42 0.0 0.0 0.0 75.0 1050.0 27.0 0.0
38 44 43 0.0 0.0 0.0 41.0 327.0 8.0 0.0
38 44 44 0.0 0.0 0.0 4.0 17.0 0.0 0.0
38 45 37 0.0 0.0 0.0 0.0 1.0 0.0 0.0
38 45 39 0.0 0.0 0.0 0.0 13.0 0.0 0.0
38 45 40 0.0 0.0 0.0 0.0 10.0 1.0 0.0
38 45 41 0.0 0.0 0.0 0.0 2.0 0.0 0.0
38 45 42 0.0 0.0 0.0 1.0 0.0 0.0 0.0
39 35 38 0.0 0.0 0.0 1.0 2.0 0.0 0.0
39 35 39 0.0 0.0 0.0 0.0 15.0 0.0 0.0
39 35 40 0.0 0.0 0.0 1.0 12.0 0.0 0.0
39 35 41 0.0 0.0 0.0 2.0 12.0 1.0 0.0
39 35 42 0.0 0.0 0.0 0.0 12.0 0.0 0.0
39 35 43 0.0 0.0 0.0 0.0 1.0 0.0 0.0
39 35 44 0.0 0.0 0.0 0.0 2.0 0.0 0.0
39 36 36 0.0 0.0 0.0 5.0 30.0 0.0 0.0
39 36 37 0.0 0.0 0.0 54.0 510.0 7.0 0.0
39 36 38 0.0 0.0 0.0 191.0 2185.0 40.0 12.0
39 36 39 0.0 0.0 0.0 406.0 4627.0 82.0 62.0
39 36 40 0.0 0.0 0.0 567.0 5282.0 87.0 70.0
39 36 41 0.0 0.0 0.0 525.0 4364.0 85.0 47.0
39 36 42 0.0 0.0 0.0 266.0 2128.0 30.0 10.0
39 36 43 0.0 0.0 0.0 80.0 777.0 16.0 2.0
39 36 44 0.0 0.0 0.0 10.0 43.0 0.0 0.0
39 37 36 0.0 0.0 0.0 82.0 537.0 10.0 2.0
39 37 37 0.0 0.0 0.0 1177.0 12547.0 176.0 664.0
39 37 38 0.0 0.0 1.0 2762.0 31138.0 440.0 5681.0
39 37 39 0.0 0.0 1.0 3866.0 40719.0 541.0 15945.0
39 37 40 0.0 1.0 9.0 4157.0 41477.0 524.0 20300.0
39 37 41 0.0 1.0 0.0 4078.0 40055.0 517.0 15453.0
39 37 42 0.0 5.0 2.0 3560.0 31055.0 446.0 6379.0
39 37 43 0.0 0.0 1.0 1153.0 14736.0 232.0 896.0
39 37 44 0.0 2.0 0.0 60.0 714.0 13.0 3.0
39 37 45 0.0 0.0 0.0 0.0 2.0 0.0 0.0
39 38 35 0.0 0.0 0.0 0.0 7.0 0.0 0.0
39 38 36 0.0 0.0 0.0 212.0 2076.0 38.0 11.0
39 38 37 0.0 0.0 7.0 2897.0 32190.0 464.0 6625.0
39 38 38 0.0 0.0 2.0 4297.0 34251.0 356.0 53937.0
39 38 39 0.0 2.0 2.0 2463.0 26095.0 218.0 78515.0
39 38 40 0.0 0.0 6.0 2316.0 23576.0 175.0 83213.0
39 38 41 0.0 1.0 1.0 2549.0 26225.0 219.0 77507.0
39 38 42 0.0 1.0 1.0 3694.0 34256.0 354.0 55971.0
39 38 43 0.0 1.0 0.0 2992.0 31184.0 445.0 6126.0
39 38 44 0.0 0.0 0.0 217.0 2713.0 39.0 15.0
39 38 45 0.0 0.0 0.0 0.0 4.0 0.0 0.0
39 39 35 0.0 0.0 0.0 0.0 14.0 0.0 0.0
39 39 36 0.0 0.0 2.0 539.0 4553.0 83.0 56.0
39 39 37 0.0 0.0 9.0 4320.0 39872.0 470.0 15974.0
39 39 38 0.0 0.0 1.0 2537.0 26140.0 237.0 78670.0
39 39 39 0.0 1.0 2.0 1157.0 11629.0 79.0 117015.0
39 39 40 0.0 0.0 4.0 957.0 10054.0 45.0 121072.0
39 39 41 0.0 1.0 0.0 1229.0 11461.0 65.0 116518.0
39 39 42 0.0 3.0 3.0 2494.0 25765.0 250.0 78511.0
39 39 43 0.0 0.0 2.0 3420.0 40673.0 513.0 15170.0
39 39 44 0.0 0.0 0.0 451.0 4693.0 84.0 41.0
39 39 45 0.0 0.0 0.0 2.0 15.0 2.0 0.0
39 40 35 0.0 0.0 0.0 2.0 14.0 0.0 0.0
39 40 36 0.0 3.0 1.0 635.0 5643.0 101.0 78.0
39 40 37 0.0 1.0 8.0 3695.0 42810.0 513.0 21527.0
39 40 38 0.0 0.0 6.0 2114.0 22743.0 223.0 85655.0
39 40 39 0.0 0.0 1.0 936.0 9423.0 64.0 123417.0
39 40 40 0.0 1.0 2.0 813.0 8046.0 40.0 126579.0
39 40 41 0.0 4.0 4.0 1027.0 9889.0 60.0 121964.0
39 40 42 0.0 0.0 3.0 2313.0 22750.0 173.0 85178.0
39 40 43 0.0 13.0 2.0 3718.0 42622.0 517.0 20399.0
39 40 44 0.0 1.0 0.0 405.0 5671.0 88.0 96.0
39 40 45 0.0 0.0 0.0 0.0 10.0 0.0 0.0
39 41 35 0.0 0.0 0.0 0.0 10.0 0.0 0.0
39 41 36 0.0 0.0 0.0 395.0 4718.0 74.0 53.0
39 41 37 0.0 1.0 1.0 3398.0 41043.0 539.0 16433.0
39 41 38 0.0 0.0 3.0 2294.0 25840.0 213.0 79391.0
39 41 39 0.0 0.0 1.0 1002.0 11288.0 89.0 118585.0
39 41 40 0.0 1.0 1.0 1008.0 10159.0 66.0 120779.0
39 41 41 0.0 3.0 2.0 1158.0 11753.0 77.0 116790.0
39 41 42 0.0 1.0 1.0 2805.0 26246.0 230.0 77417.0
39 41 43 0.0 16.0 3.0 3903.0 39501.0 531.0 14633.0
39 41 44 0.0 0.0 0.0 438.0 4078.0 93.0 40.0
39 41 45 0.0 0.0 0.0 2.0 12.0 0.0 0.0
39 42 35 0.0 0.0 0.0 0.0 10.0 1.0 0.0
39 42 36 0.0 0.0 0.0 209.0 2362.0 42.0 11.0
39 42 37 0.0 0.0 2.0 2601.0 32061.0 476.0 6132.0
39 42 38 0.0 0.0 8.0 3178.0 33993.0 332.0 55943.0
39 42 39 0.0 2.0 4.0 2594.0 26256.0 219.0 78291.0
39 42 40 0.0 5.0 4.0 2347.0 22961.0 195.0 84894.0
39 42 41 0.0 5.0 12.0 2735.0 25967.0 244.0 77938.0
39 42 42 0.0 3.0 9.0 3849.0 34487.0 337.0 54222.0
39 42 43 0.0 2.0 0.0 2972.0 31170.0 472.0 6188.0
39 42 44 0.0 0.0 0.0 350.0 2053.0 44.0 8.0
39 42 45 0.0 0.0 0.0 0.0 5.0 0.0 0.0
39 43 35 0.0 0.0 0.0 0.0 1.0 0.0 0.0
39 43 36 0.0 0.0 0.0 55.0 548.0 9.0 0.0
39 43 37 0.0 0.0 0.0 1448.0 11471.0 225.0 516.0
39 43 38 0.0 2.0 3.0 2659.0 31345.0 436.0 6100.0
39 43 39 0.0 6.0 6.0 3479.0 40548.0 520.0 15703.0
39 43 40 0.0 0.0 7.0 3708.0 41794.0 482.0 19665.0
39 43 41 0.0 2.0 0.0 3685.0 40228.0 486.0 14880.0
39 43 42 0.0 1.0 0.0 3054.0 32136.0 509.0 6357.0
39 43 43 0.0 0.0 0.0 1279.0 12617.0 225.0 705.0
39 43 44 0.0 0.0 0.0 53.0 469.0 9.0 1.0
39 43 45 0.0 0.0 0.0 0.0 1.0 0.0 0.0
39 44 36 0.0 0.0 0.0 0.0 38.0 0.0 0.0
39 44 37 0.0 0.0 0.0 57.0 634.0 14.0 0.0
39 44 38 0.0 2.0 0.0 193.0 2292.0 48.0 10.0
39 44 39 0.0 0.0 0.0 378.0 4345.0 81.0 50.0
39 44 40 0.0 0.0 1.0 469.0 5432.0 86.0 85.0
39 44 41 0.0 1.0 0.0 305.0 3959.0 59.0 35.0
39 44 42 0.0 1.0 0.0 232.0 2213.0 42.0 10.0
39 44 43 0.0 0.0 0.0 42.0 624.0 8.0 0.0
39 44 44 0.0 0.0 0.0 1.0 47.0 1.0 0.0
39 45 37 0.0 0.0 0.0 0.0 1.0 0.0 0.0
39 45 38 0.0 0.0 0.0 4.0 4.0 0.0 0.0
39 45 39 0.0 0.0 0.0 0.0 2.0 0.0 0.0
39 45 40 0.0 0.0 0.0 0.0 16.0 0.0 0.0
39 45 41 0.0 0.0 0.0 0.0 20.0 0.0 0.0
39 45 42 0.0 0.0 0.0 1.0 1.0 0.0 0.0
40 35 38 0.0 0.0 0.0 0.0 9.0 0.0 0.0
40 35 39 0.0 0.0 0.0 0.0 8.0 0.0 0.0
40 35 40 0.0 0.0 0.0 0.0 6.0 0.0 0.0
40 35 41 0.0 0.0 0.0 0.0 11.0 0.0 0.0
40 35 42 0.0 0.0 0.0 0.0 1.0 0.0 0.0
40 35 43 0.0 0.0 0.0 0.0 1.0 0.0 0.0
40 35 44 0.0 0.0 0.0 0.0 1.0 0.0 0.0
40 36 36 0.0 0.0 0.0 4.0 71.0 3.0 0.0
40 36 37 0.0 0.0 0.0 73.0 713.0 20.0 0.0
40 36 38 0.0 0.0 2.0 253.0 2939.0 45.0 20.0
40 36 39 0.0 1.0 0.0 549.0 5662.0 89.0 90.0
40 36 40 0.0 0.0 0.0 566.0 7162.0 112.0 140.0
40 36 41 0.0 0.0 0.0 502.0 6298.0 90.0 103.0
40 36 42 0.0 0.0 2.0 302.0 3133.0 66.0 26.0
40 36 43 0.0 0.0 0.0 115.0 1174.0 13.0 3.0
40 36 44 0.0 0.0 0.0 3.0 119.0 1.0 0.0
40 37 35 0.0 0.0 0.0 0.0 2.0 0.0 0.0
40 37 36 0.0 0.0 0.0 49.0 744.0 14.0 0.0
40 37 37 0.0 0.0 1.0 1302.0 14997.0 250.0 869.0
40 37 38 0.0 0.0 0.0 3217.0 35048.0 532.0 8811.0
40 37 39 0.0 4.0 7.0 4155.0 41584.0 496.0 20324.0
40 37 40 0.0 2.0 1.0 3973.0 42461.0 506.0 25307.0
40 37 41 0.0 5.0 3.0 4094.0 41778.0 488.0 20821.0
40 37 42 0.0 0.0 5.0 3615.0 36032.0 518.0 10106.0
40 37 43 0.0 0.0 7.0 1878.0 17873.0 282.0 1454.0
40 37 44 0.0 0.0 0.0 84.0 946.0 13.0 1.0
40 37 45 0.0 0.0 0.0 0.0 1.0 0.0 0.0
40 38 35 0.0 0.0 0.0 2.0 14.0 0.0 0.0
40 38 36 0.0 0.0 0.0 232.0 2819.0 44.0 16.0
40 38 37 0.0 0.0 7.0 3680.0 33377.0 496.0 7650.0
40 38 38 0.0 0.0 1.0 3066.0 32110.0 313.0 62100.0
40 38 39 0.0 0.0 12.0 2127.0 22485.0 213.0 85930.0
40 38 40 0.0 3.0 4.0 2019.0 19347.0 138.0 92632.0
40 38 41 0.0 4.0 2.0 2030.0 22625.0 193.0 85973.0
40 38 42 0.0 2.0 1.0 2626.0 30473.0 282.0 66528.0
40 38 43 0.0 1.0 5.0 3091.0 36411.0 481.0 9857.0
40 38 44 0.0 0.0 1.0 296.0 3414.0 52.0 23.0
40 38 45 0.0 0.0 0.0 0.0 12.0 0.0 0.0
40 39 35 0.0 0.0 0.0 5.0 15.0 0.0 0.0
40 39 36 0.0 0.0 5.0 485.0 5504.0 101.0 70.0
40 39 37 0.0 0.0 1.0 3834.0 42169.0 488.0 19624.0
40 39 38 0.0 3.0 5.0 2230.0 22325.0 190.0 86148.0
40 39 39 0.0 1.0 1.0 1016.0 9977.0 61.0 120900.0
40 39 40 0.0 0.0 2.0 728.0 8207.0 55.0 125999.0
40 39 41 0.0 5.0 1.0 946.0 9674.0 65.0 122815.0
40 39 42 0.0 5.0 4.0 2192.0 21774.0 151.0 86903.0
40 39 43 0.0 9.0 10.0 3806.0 42687.0 499.0 22401.0
40 39 44 0.0 0.0 0.0 610.0 6608.0 101.0 123.0
40 39 45 0.0 0.0 0.0 1.0 13.0 0.0 0.0
40 40 35 0.0 0.0 0.0 0.0 20.0 0.0 0.0
40 40 36 0.0 2.0 5.0 633.0 6933.0 122.0 126.0
40 40 37 0.0 0.0 12.0 3977.0 42624.0 510.0 24365.0
40 40 38 0.0 0.0 5.0 1867.0 19507.0 145.0 92556.0
40 40 39 0.0 0.0 0.0 810.0 8488.0 54.0 125277.0
40 40 40 0.0 0.0 1.0 477.0 4472.0 18.0 146721.0
40 40 41 0.0 3.0 2.0 832.0 7724.0 40.0 126960.0
40 40 42 0.0 2.0 6.0 1812.0 19127.0 159.0 92260.0
40 40 43 0.0 7.0 13.0 3971.0 42663.0 470.0 25517.0
40 40 44 0.0 1.0 0.0 604.0 7593.0 126.0 159.0
40 40 45 0.0 0.0 0.0 0.0 18.0 1.0 0.0
40 41 35 0.0 0.0 0.0 1.0 16.0 1.0 0.0
40 41 36 0.0 0.0 1.0 560.0 5581.0 103.0 71.0
40 41 37 0.0 3.0 6.0 4436.0 41577.0 527.0 20166.0
40 41 38 0.0 1.0 7.0 2051.0 22622.0 215.0 86296.0
40 41 39 0.0 0.0 1.0 905.0 9955.0 57.0 122031.0
40 41 40 0.0 1.0 4.0 750.0 8010.0 41.0 126362.0
40 41 41 0.0 1.0 0.0 1049.0 9778.0 49.0 121565.0
40 41 42 0.0 7.0 2.0 2215.0 23312.0 221.0 84193.0
40 41 43 0.0 3.0 1.0 4143.0 41509.0 511.0 18964.0
40 41 44 0.0 0.0 0.0 491.0 5609.0 83.0 85.0
40 41 45 0.0 0.0 0.0 0.0 13.0 0.0 0.0
40 42 35 0.0 0.0 0.0 0.0 4.0 0.0 0.0
40 42 36 0.0 0.0 0.0 211.0 2928.0 55.0 22.0
40 42 37 0.0 0.0 3.0 3274.0 34060.0 499.0 7869.0
40 42 38 0.0 0.0 6.0 2754.0 31845.0 307.0 61826.0
40 42 39 0.0 5.0 4.0 2041.0 23231.0 184.0 85161.0
40 42 40 0.0 0.0 5.0 1769.0 20003.0 147.0 91381.0
40 42 41 0.0 2.0 7.0 2435.0 22880.0 199.0 84476.0
40 42 42 0.0 2.0 1.0 3541.0 31181.0 308.0 62920.0
40 42 43 0.0 1.0 1.0 3453.0 33109.0 482.0 7342.0
40 42 44 0.0 0.0 0.0 223.0 2441.0 51.0 22.0
40 43 36 0.0 0.0 0.0 73.0 691.0 16.0 1.0
40 43 37 0.0 0.0 1.0 1493.0 15082.0 239.0 998.0
40 43 38 0.0 1.0 4.0 3201.0 33719.0 504.0 7633.0
40 43 39 0.0 2.0 0.0 3665.0 42127.0 514.0 19291.0
40 43 40 0.0 0.0 4.0 3727.0 42834.0 485.0 23638.0
40 43 41 0.0 0.0 2.0 3774.0 42068.0 533.0 19608.0
40 43 42 0.0 6.0 2.0 3673.0 34120.0 485.0 8229.0
40 43 43 0.0 0.0 0.0 1289.0 13895.0 261.0 823.0
40 43 44 0.0 0.0 0.0 82.0 673.0 18.0 0.0
40 44 36 0.0 0.0 0.0 12.0 47.0 1.0 0.0
40 44 37 0.0 0.0 0.0 54.0 613.0 12.0 0.0
40 44 38 0.0 0.0 0.0 214.0 2633.0 44.0 9.0
40 44 39 0.0 0.0 1.0 515.0 5674.0 88.0 93.0
40 44 40 0.0 0.0 0.0 578.0 6999.0 119.0 116.0
40 44 41 0.0 0.0 1.0 437.0 5277.0 89.0 73.0
40 44 42 0.0 0.0 0.0 305.0 2691.0 51.0 20.0
40 44 43 0.0 0.0 0.0 93.0 651.0 7.0 1.0
40 44 44 0.0 0.0 0.0 6.0 69.0 0.0 0.0
40 45 37 0.0 0.0 0.0 0.0 1.0 0.0 0.0
40 45 38 0.0 0.0 0.0 0.0 10.0 1.0 0.0
40 45 39 0.0 0.0 0.0 2.0 9.0 0.0 0.0
40 45 40 0.0 0.0 0.0 2.0 16.0 0.0 0.0
40 45 41 0.0 0.0 0.0 0.0 9.0 0.0 0.0
40 45 42 0.0 0.0 0.0 0.0 2.0 0.0 0.0
41 35 37 0.0 0.0 0.0 0.0 1.0 0.0 0.0
41 35 38 0.0 0.0 0.0 1.0 2.0 0.0 0.0
41 35 39 0.0 0.0 0.0 1.0 16.0 0.0 0.0
41 35 40 0.0 0.0 0.0 1.0 18.0 2.0 0.0
41 35 41 0.0 0.0 0.0 6.0 8.0 1.0 0.0
41 35 42 0.0 0.0 0.0 0.0 3.0 0.0 0.0
41 35 43 0.0 0.0 0.0 0.0 2.0 0.0 0.0
41 36 36 0.0 0.0 0.0 4.0 61.0 2.0 0.0
41 36 37 0.0 0.0 0.0 47.0 606.0 18.0 0.0
41 36 38 0.0 0.0 0.0 318.0 2387.0 47.0 18.0
41 36 39 0.0 0.0 0.0 398.0 5003.0 96.0 67.0
41 36 40 0.0 0.0 0.0 485.0 6394.0 110.0 102.0
41 36 41 0.0 0.0 0.0 525.0 5394.0 83.0 68.0
41 36 42 0.0 0.0 0.0 301.0 2785.0 47.0 26.0
41 36 43 0.0 0.0 0.0 82.0 801.0 14.0 0.0
41 36 44 0.0 0.0 0.0 8.0 126.0 1.0 0.0
41 37 36 0.0 0.0 2.0 62.0 522.0 12.0 0.0
41 37 37 0.0 0.0 1.0 1202.0 12760.0 201.0 690.0
41 37 38 0.0 1.0 1.0 2958.0 31463.0 477.0 6248.0
41 37 39 0.0 2.0 1.0 3783.0 40700.0 521.0 16455.0
41 37 40 0.0 0.0 1.0 3667.0 42864.0 485.0 22661.0
41 37 41 0.0 7.0 7.0 4263.0 41301.0 512.0 19475.0
41 37 42 0.0 5.0 2.0 2974.0 35109.0 465.0 8772.0
41 37 43 0.0 8.0 9.0 1183.0 18628.0 301.0 1538.0
41 37 44 0.0 0.0 0.0 92.0 944.0 16.0 6.0
41 37 45 0.0 0.0 0.0 4.0 0.0 0.0 0.0
41 38 35 0.0 0.0 0.0 0.0 5.0 0.0 0.0
41 38 36 0.0 0.0 0.0 243.0 2140.0 39.0 10.0
41 38 37 0.0 0.0 6.0 3496.0 29759.0 467.0 5915.0
41 38 38 0.0 3.0 1.0 3643.0 34713.0 344.0 54753.0
41 38 39 0.0 1.0 2.0 2535.0 25747.0 211.0 79141.0
41 38 40 0.0 1.0 9.0 2127.0 21608.0 182.0 88088.0
41 38 41 0.0 3.0 3.0 2201.0 23794.0 217.0 83872.0
41 38 42 0.0 3.0 3.0 2109.0 30920.0 287.0 65563.0
41 38 43 0.0 0.0 10.0 2999.0 35658.0 501.0 9245.0
41 38 44 0.0 0.0 0.0 252.0 3083.0 49.0 21.0
41 38 45 0.0 0.0 0.0 0.0 17.0 0.0 0.0
41 39 35 0.0 0.0 0.0 1.0 8.0 0.0 0.0
41 39 36 0.0 0.0 0.0 382.0 4457.0 77.0 46.0
41 39 37 0.0 0.0 0.0 3710.0 40389.0 524.0 15166.0
41 39 38 0.0 0.0 1.0 2500.0 27122.0 246.0 76789.0
41 39 39 0.0 0.0 0.0 1131.0 11357.0 75.0 118389.0
41 39 40 0.0 1.0 0.0 958.0 9500.0 68.0 123600.0
41 39 41 0.0 0.0 2.0 872.0 10369.0 53.0 122456.0
41 39 42 0.0 1.0 7.0 2175.0 24168.0 207.0 83359.0
41 39 43 0.0 6.0 20.0 3273.0 42615.0 493.0 20163.0
41 39 44 0.0 6.0 1.0 541.0 5811.0 89.0 111.0
41 39 45 0.0 0.0 0.0 0.0 14.0 0.0 0.0
41 40 35 0.0 0.0 0.0 0.0 21.0 0.0 0.0
41 40 36 0.0 0.0 0.0 438.0 5932.0 102.0 98.0
41 40 37 0.0 1.0 6.0 3456.0 42435.0 511.0 20762.0
41 40 38 0.0 1.0 0.0 2222.0 22713.0 182.0 85766.0
41 40 39 0.0 1.0 3.0 892.0 9712.0 73.0 123337.0
41 40 40 0.0 0.0 0.0 773.0 7836.0 53.0 127439.0
41 40 41 0.0 2.0 1.0 827.0 9991.0 68.0 122102.0
41 40 42 0.0 2.0 0.0 1975.0 22126.0 191.0 87841.0
41 40 43 0.0 5.0 3.0 3714.0 42813.0 491.0 22233.0
41 40 44 0.0 0.0 0.0 593.0 6505.0 114.0 101.0
41 40 45 0.0 0.0 0.0 2.0 12.0 0.0 0.0
41 41 35 0.0 0.0 0.0 1.0 14.0 0.0 0.0
41 41 36 0.0 0.0 0.0 333.0 5031.0 84.0 72.0
41 41 37 0.0 0.0 1.0 3862.0 40593.0 527.0 15503.0
41 41 38 0.0 2.0 6.0 2190.0 26424.0 219.0 79082.0
41 41 39 0.0 2.0 2.0 1091.0 11826.0 74.0 116976.0
41 41 40 0.0 4.0 2.0 923.0 9686.0 54.0 122377.0
41 41 41 0.0 1.0 4.0 1132.0 11381.0 69.0 117983.0
41 41 42 0.0 5.0 3.0 2819.0 26123.0 229.0 78109.0
41 41 43 0.0 1.0 1.0 3775.0 41001.0 544.0 16831.0
41 41 44 0.0 0.0 0.0 400.0 4787.0 82.0 67.0
41 41 45 0.0 0.0 0.0 0.0 23.0 1.0 0.0
41 42 36 0.0 0.0 0.0 239.0 2249.0 50.0 9.0
41 42 37 0.0 0.0 1.0 3229.0 31573.0 449.0 6335.0
41 42 38 0.0 0.0 1.0 3787.0 34184.0 347.0 55646.0
41 42 39 0.0 1.0 7.0 2170.0 27112.0 236.0 77658.0
41 42 40 0.0 2.0 3.0 2071.0 23332.0 185.0 85021.0
41 42 41 0.0 1.0 7.0 2389.0 26454.0 234.0 77937.0
41 42 42 0.0 0.0 1.0 3406.0 33712.0 325.0 57132.0
41 42 43 0.0 0.0 0.0 3479.0 30684.0 479.0 5904.0
41 42 44 0.0 1.0 0.0 201.0 2093.0 36.0 9.0
41 42 45 0.0 0.0 0.0 1.0 5.0 0.0 0.0
41 43 36 0.0 0.0 0.0 48.0 509.0 7.0 0.0
41 43 37 0.0 0.0 1.0 1450.0 12712.0 224.0 660.0
41 43 38 0.0 0.0 0.0 2935.0 31884.0 458.0 6201.0
41 43 39 0.0 1.0 1.0 3288.0 41156.0 495.0 15458.0
41 43 40 0.0 8.0 1.0 3657.0 41700.0 494.0 19310.0
41 43 41 0.0 3.0 6.0 3787.0 40333.0 531.0 15495.0
41 43 42 0.0 10.0 0.0 3279.0 31669.0 494.0 6297.0
41 43 43 0.0 0.0 0.0 1466.0 12590.0 193.0 702.0
41 43 44 0.0 0.0 0.0 64.0 566.0 17.0 0.0
41 43 45 0.0 0.0 0.0 0.0 3.0 0.0 0.0
41 44 36 0.0 0.0 0.0 8.0 43.0 0.0 0.0
41 44 37 0.0 0.0 0.0 62.0 619.0 8.0 2.0
41 44 38 0.0 0.0 0.0 162.0 2237.0 36.0 9.0
41 44 39 0.0 0.0 0.0 332.0 4287.0 76.0 40.0
41 44 40 0.0 0.0 0.0 446.0 5644.0 90.0 100.0
41 44 41 0.0 0.0 0.0 452.0 4417.0 66.0 46.0
41 44 42 0.0 0.0 0.0 181.0 2145.0 38.0 14.0
41 44 43 0.0 0.0 0.0 58.0 591.0 16.0 1.0
41 44 44 0.0 0.0 0.0 1.0 40.0 0.0 0.0
41 45 37 0.0 0.0 0.0 0.0 3.0 0.0 0.0
41 45 38 0.0 0.0 0.0 2.0 2.0 0.0 0.0
41 45 39 0.0 0.0 0.0 0.0 9.0 0.0 0.0
41 45 40 0.0 0.0 0.0 1.0 2.0 0.0 0.0
41 45 41 0.0 0.0 0.0 0.0 13.0 0.0 0.0
41 45 42 0.0 0.0 0.0 0.0 4.0 0.0 0.0
41 45 43 0.0 0.0 0.0 0.0 1.0 0.0 0.0
42 35 38 0.0 0.0 0.0 0.0 4.0 1.0 0.0
42 35 39 0.0 0.0 0.0 0.0 2.0 0.0 0.0
42 35 40 0.0 0.0 0.0 0.0 8.0 0.0 0.0
42 35 41 0.0 0.0 0.0 0.0 17.0 0.0 0.0
42 35 42 0.0 0.0 0.0 0.0 1.0 0.0 0.0
42 36 36 0.0 0.0 0.0 1.0 23.0 0.0 0.0
42 36 37 0.0 0.0 0.0 30.0 219.0 6.0 0.0
42 36 38 0.0 0.0 0.0 136.0 1076.0 21.0 3.0
42 36 39 0.0 0.0 0.0 209.0 2607.0 52.0 17.0
42 36 40 0.0 0.0 0.0 346.0 3556.0 59.0 32.0
42 36 41 0.0 0.0 0.0 261.0 3049.0 52.0 32.0
42 36 42 0.0 0.0 0.0 173.0 1693.0 28.0 5.0
42 36 43 0.0 0.0 0.0 70.0 401.0 4.0 1.0
42 36 44 0.0 0.0 0.0 4.0 72.0 2.0 0.0
42 37 36 0.0 0.0 0.0 71.0 237.0 4.0 0.0
42 37 37 0.0 0.0 0.0 752.0 7337.0 144.0 193.0
42 37 38 0.0 0.0 1.0 2184.0 21421.0 377.0 2286.0
42 37 39 0.0 0.0 6.0 3017.0 33200.0 456.0 7633.0
42 37 40 0.0 2.0 7.0 3351.0 36872.0 506.0 10843.0
42 37 41 0.0 7.0 14.0 3211.0 36088.0 484.0 9606.0
42 37 42 0.0 0.0 3.0 2059.0 26743.0 386.0 3950.0
42 37 43 0.0 0.0 3.0 713.0 11439.0 181.0 498.0
42 37 44 0.0 0.0 0.0 59.0 475.0 9.0 0.0
42 37 45 0.0 0.0 0.0 0.0 1.0 0.0 0.0
42 38 36 0.0 0.0 4.0 71.0 1218.0 13.0 5.0
42 38 37 0.0 0.0 5.0 1868.0 21128.0 353.0 2261.0
42 38 38 0.0 1.0 4.0 3186.0 39342.0 399.0 39865.0
42 38 39 0.0 1.0 0.0 3239.0 33339.0 349.0 59660.0
42 38 40 0.0 7.0 3.0 2695.0 28394.0 243.0 70147.0
42 38 41 0.0 3.0 6.0 2289.0 31193.0 278.0 65597.0
42 38 42 0.0 2.0 3.0 2591.0 37281.0 379.0 48378.0
42 38 43 0.0 0.0 0.0 1947.0 28415.0 461.0 4332.0
42 38 44 0.0 0.0 0.0 122.0 1673.0 24.0 3.0
42 38 45 0.0 0.0 0.0 0.0 5.0 0.0 0.0
42 39 35 0.0 0.0 0.0 0.0 3.0 1.0 0.0
42 39 36 0.0 0.0 0.0 212.0 2381.0 43.0 18.0
42 39 37 0.0 0.0 1.0 2845.0 32059.0 521.0 6475.0
42 39 38 0.0 1.0 2.0 2797.0 33191.0 330.0 59788.0
42 39 39 0.0 4.0 4.0 2598.0 25633.0 239.0 79446.0
42 39 40 0.0 2.0 2.0 2040.0 21057.0 193.0 89268.0
42 39 41 0.0 5.0 8.0 2001.0 24093.0 187.0 83107.0
42 39 42 0.0 6.0 15.0 2212.0 31212.0 299.0 65671.0
42 39 43 0.0 1.0 0.0 2791.0 36220.0 503.0 8653.0
42 39 44 0.0 0.0 0.0 204.0 3066.0 51.0 19.0
42 39 45 0.0 0.0 0.0 0.0 5.0 0.0 0.0
42 40 35 0.0 0.0 0.0 0.0 8.0 0.0 0.0
42 40 36 0.0 0.0 0.0 302.0 2890.0 46.0 16.0
42 40 37 0.0 0.0 1.0 2628.0 35122.0 481.0 8562.0
42 40 38 0.0 0.0 0.0 2570.0 31606.0 287.0 63752.0
42 40 39 0.0 1.0 1.0 1857.0 22538.0 176.0 87170.0
42 40 40 0.0 2.0 3.0 1743.0 19367.0 138.0 92962.0
42 40 41 0.0 0.0 3.0 1928.0 22060.0 180.0 87885.0
42 40 42 0.0 1.0 3.0 2277.0 29729.0 267.0 68596.0
42 40 43 0.0 0.0 3.0 3678.0 36688.0 503.0 10942.0
42 40 44 0.0 0.0 0.0 304.0 3554.0 62.0 34.0
42 40 45 0.0 0.0 0.0 0.0 14.0 0.0 0.0
42 41 35 0.0 0.0 0.0 0.0 3.0 0.0 0.0
42 41 36 0.0 0.0 0.0 178.0 2295.0 41.0 5.0
42 41 37 0.0 0.0 4.0 2919.0 31482.0 447.0 5990.0
42 41 38 0.0 0.0 5.0 2696.0 34850.0 312.0 56125.0
42 41 39 0.0 0.0 0.0 1855.0 27457.0 238.0 77805.0
42 41 40 0.0 2.0 0.0 1797.0 22625.0 182.0 86778.0
42 41 41 0.0 1.0 1.0 2227.0 25922.0 225.0 79830.0
42 41 42 0.0 1.0 0.0 2750.0 34627.0 362.0 57137.0
42 41 43 0.0 12.0 0.0 2804.0 34091.0 470.0 7626.0
42 41 44 0.0 0.0 0.0 242.0 2377.0 39.0 11.0
42 41 45 0.0 0.0 0.0 0.0 5.0 0.0 0.0
42 42 35 0.0 0.0 0.0 0.0 2.0 0.0 0.0
42 42 36 0.0 0.0 0.0 89.0 1110.0 22.0 1.0
42 42 37 0.0 0.0 1.0 2064.0 21066.0 320.0 2260.0
42 42 38 0.0 3.0 2.0 4204.0 40015.0 455.0 31879.0
42 42 39 0.0 0.0 5.0 2697.0 34496.0 330.0 56587.0
42 42 40 0.0 4.0 0.0 2542.0 31267.0 308.0 64549.0
42 42 41 0.0 3.0 2.0 3688.0 33475.0 332.0 57125.0
42 42 42 0.0 11.0 0.0 3472.0 40306.0 450.0 34161.0
42 42 43 0.0 3.0 0.0 1895.0 21095.0 310.0 2132.0
42 42 44 0.0 0.0 0.0 95.0 1127.0 18.0 4.0
42 42 45 0.0 0.0 0.0 0.0 4.0 0.0 0.0
42 43 36 0.0 0.0 0.0 35.0 266.0 4.0 0.0
42 43 37 0.0 0.0 0.0 833.0 6308.0 132.0 160.0
42 43 38 0.0 0.0 0.0 1790.0 20641.0 305.0 1931.0
42 43 39 0.0 2.0 7.0 2362.0 32183.0 509.0 6404.0
42 43 40 0.0 0.0 1.0 3191.0 33895.0 467.0 7836.0
42 43 41 0.0 1.0 1.0 2980.0 31422.0 446.0 6303.0
42 43 42 0.0 1.0 1.0 1812.0 20852.0 364.0 2049.0
42 43 43 0.0 0.0 0.0 746.0 7294.0 144.0 191.0
42 43 44 0.0 0.0 0.0 40.0 230.0 4.0 0.0
42 44 36 0.0 0.0 0.0 2.0 14.0 0.0 0.0
42 44 37 0.0 0.0 0.0 16.0 247.0 3.0 0.0
42 44 38 0.0 0.0 0.0 113.0 1170.0 25.0 2.0
42 44 39 0.0 0.0 0.0 161.0 2169.0 36.0 13.0
42 44 40 0.0 0.0 0.0 219.0 2850.0 47.0 16.0
42 44 41 0.0 0.0 0.0 201.0 2128.0 30.0 11.0
42 44 42 0.0 0.0 0.0 139.0 1089.0 22.0 3.0
42 44 43 0.0 0.0 0.0 24.0 284.0 9.0 0.0
42 44 44 0.0 0.0 0.0 1.0 21.0 0.0 0.0
42 45 39 0.0 0.0 0.0 0.0 4.0 0.0 0.0
42 45 40 0.0 0.0 0.0 0.0 2.0 0.0 0.0
42 45 41 0.0 0.0 0.0 0.0 3.0 0.0 0.0
42 45 42 0.0 0.0 0.0 1.0 3.0 0.0 0.0
43 35 39 0.0 0.0 0.0 0.0 1.0 0.0 0.0
43 36 36 0.0 0.0 0.0 9.0 4.0 0.0 0.0
43 36 37 0.0 0.0 0.0 6.0 89.0 1.0 0.0
43 36 38 0.0 0.0 0.0 36.0 393.0 7.0 0.0
43 36 39 0.0 0.0 0.0 60.0 842.0 14.0 1.0
43 36 40 0.0 0.0 0.0 99.0 1206.0 20.0 2.0
43 36 41 0.0 0.0 0.0 81.0 936.0 21.0 1.0
43 36 42 0.0 0.0 0.0 36.0 494.0 12.0 0.0
43 36 43 0.0 0.0 0.0 24.0 132.0 4.0 0.0
43 36 44 0.0 0.0 0.0 2.0 27.0 0.0 0.0
43 37 36 0.0 0.0 0.0 5.0 69.0 0.0 0.0
43 37 37 0.0 0.0 0.0 160.0 2341.0 46.0 14.0
43 37 38 0.0 0.0 1.0 925.0 8368.0 171.0 270.0
43 37 39 0.0 0.0 0.0 1237.0 16315.0 247.0 1121.0
43 37 40 0.0 1.0 1.0 1580.0 19729.0 315.0 1744.0
43 37 41 0.0 0.0 3.0 1578.0 17326.0 302.0 1296.0
43 37 42 0.0 0.0 0.0 553.0 12309.0 220.0 633.0
43 37 43 0.0 0.0 0.0 156.0 4422.0 52.0 66.0
43 37 44 0.0 0.0 0.0 31.0 190.0 3.0 0.0
43 38 36 0.0 0.0 0.0 19.0 272.0 5.0 0.0
43 38 37 0.0 0.0 0.0 650.0 9416.0 177.0 329.0
43 38 38 0.0 0.0 1.0 2381.0 22401.0 339.0 2547.0
43 38 39 0.0 0.0 2.0 2947.0 34930.0 485.0 8676.0
43 38 40 0.0 0.0 2.0 2954.0 38227.0 486.0 11910.0
43 38 41 0.0 0.0 1.0 3241.0 36799.0 510.0 10488.0
43 38 42 0.0 1.0 4.0 1926.0 27154.0 419.0 3934.0
43 38 43 0.0 0.0 2.0 676.0 12088.0 197.0 457.0
43 38 44 0.0 0.0 0.0 29.0 533.0 5.0 0.0
43 39 35 0.0 0.0 0.0 0.0 1.0 0.0 0.0
43 39 36 0.0 0.0 0.0 73.0 596.0 17.0 1.0
43 39 37 0.0 0.0 0.0 1051.0 14905.0 237.0 886.0
43 39 38 0.0 0.0 3.0 2775.0 32851.0 461.0 6876.0
43 39 39 0.0 0.0 6.0 4029.0 41542.0 470.0 18663.0
43 39 40 0.0 8.0 4.0 3917.0 42553.0 532.0 23385.0
43 39 41 0.0 3.0 2.0 3403.0 42791.0 502.0 20886.0
43 39 42 0.0 0.0 16.0 2599.0 37098.0 517.0 10238.0
43 39 43 0.0 0.0 0.0 1183.0 17800.0 255.0 1301.0
43 39 44 0.0 0.0 0.0 54.0 963.0 18.0 3.0
43 39 45 0.0 0.0 0.0 1.0 0.0 0.0 0.0
43 40 35 0.0 0.0 0.0 0.0 6.0 0.0 0.0
43 40 36 0.0 0.0 0.0 58.0 864.0 21.0 0.0
43 40 37 0.0 0.0 0.0 1090.0 17231.0 281.0 1226.0
43 40 38 0.0 0.0 5.0 2798.0 35726.0 510.0 8611.0
43 40 39 0.0 1.0 4.0 3613.0 42531.0 514.0 20427.0
43 40 40 0.0 1.0 14.0 3150.0 43585.0 534.0 27887.0
43 40 41 0.0 15.0 4.0 4118.0 42339.0 496.0 23082.0
43 40 42 0.0 8.0 0.0 3263.0 36978.0 472.0 10610.0
43 40 43 0.0 0.0 1.0 1392.0 19396.0 297.0 1613.0
43 40 44 0.0 0.0 0.0 112.0 961.0 24.0 1.0
43 40 45 0.0 0.0 0.0 0.0 1.0 0.0 0.0
43 41 35 0.0 0.0 0.0 0.0 2.0 0.0 0.0
43 41 36 0.0 0.0 1.0 61.0 527.0 11.0 0.0
43 41 37 0.0 0.0 0.0 978.0 13466.0 214.0 676.0
43 41 38 0.0 0.0 2.0 2084.0 32206.0 442.0 6078.0
43 41 39 0.0 0.0 2.0 3045.0 41531.0 513.0 16354.0
43 41 40 0.0 0.0 15.0 3371.0 42612.0 535.0 21700.0
43 41 41 0.0 3.0 0.0 3157.0 42141.0 549.0 17952.0
43 41 42 0.0 0.0 0.0 2797.0 32435.0 430.0 6750.0
43 41 43 0.0 2.0 0.0 1108.0 14665.0 237.0 861.0
43 41 44 0.0 0.0 0.0 84.0 731.0 14.0 0.0
43 42 36 0.0 0.0 0.0 13.0 213.0 4.0 0.0
43 42 37 0.0 0.0 0.0 556.0 7593.0 141.0 202.0
43 42 38 0.0 0.0 4.0 1315.0 21210.0 334.0 2051.0
43 42 39 0.0 0.0 3.0 2175.0 32158.0 437.0 6200.0
43 42 40 0.0 2.0 3.0 2496.0 36607.0 501.0 9426.0
43 42 41 0.0 1.0 1.0 3069.0 32362.0 489.0 6771.0
43 42 42 0.0 0.0 1.0 2160.0 22072.0 353.0 2383.0
43 42 43 0.0 0.0 0.0 781.0 6569.0 124.0 165.0
43 42 44 0.0 1.0 0.0 14.0 335.0 8.0 0.0
43 43 36 0.0 0.0 0.0 2.0 65.0 0.0 0.0
43 43 37 0.0 0.0 1.0 115.0 1696.0 25.0 6.0
43 43 38 0.0 0.0 0.0 492.0 7130.0 134.0 164.0
43 43 39 0.0 0.0 0.0 615.0 13739.0 225.0 686.0
43 43 40 0.0 1.0 0.0 1672.0 16742.0 287.0 1212.0
43 43 41 0.0 5.0 0.0 1315.0 13457.0 228.0 734.0
43 43 42 0.0 3.0 0.0 761.0 6818.0 116.0 177.0
43 43 43 0.0 0.0 0.0 106.0 1949.0 33.0 7.0
43 43 44 0.0 0.0 0.0 10.0 45.0 0.0 0.0
43 44 36 0.0 0.0 0.0 0.0 3.0 1.0 0.0
43 44 37 0.0 0.0 0.0 5.0 46.0 0.0 0.0
43 44 38 0.0 0.0 0.0 19.0 270.0 1.0 0.0
43 44 39 0.0 0.0 0.0 67.0 596.0 9.0 0.0
43 44 40 0.0 0.0 0.0 54.0 728.0 5.0 1.0
43 44 41 0.0 0.0 0.0 35.0 595.0 7.0 1.0
43 44 42 0.0 0.0 0.0 11.0 235.0 3.0 0.0
43 44 43 0.0 0.0 0.0 14.0 92.0 2.0 0.0
43 44 44 0.0 0.0 0.0 1.0 3.0 0.0 0.0
43 45 39 0.0 0.0 0.0 0.0 1.0 0.0 0.0
43 45 42 0.0 0.0 0.0 1.0 0.0 0.0 0.0
44 36 37 0.0 0.0 0.0 0.0 4.0 0.0 0.0
44 36 38 0.0 0.0 0.0 3.0 23.0 0.0 0.0
44 36 39 0.0 0.0 0.0 15.0 92.0 1.0 0.0
44 36 40 0.0 0.0 0.0 1.0 94.0 1.0 0.0
44 36 41 0.0 0.0 0.0 1.0 90.0 0.0 0.0
44 36 42 0.0 0.0 0.0 11.0 60.0 2.0 0.0
44 36 43 0.0 0.0 0.0 2.0 16.0 0.0 0.0
44 36 44 0.0 0.0 0.0 0.0 5.0 0.0 0.0
44 37 36 0.0 0.0 0.0 0.0 5.0 0.0 0.0
44 37 37 0.0 0.0 0.0 11.0 76.0 1.0 0.0
44 37 38 0.0 0.0 0.0 42.0 382.0 2.0 1.0
44 37 39 0.0 0.0 0.0 94.0 857.0 12.0 0.0
44 37 40 0.0 0.0 0.0 131.0 1238.0 16.0 4.0
44 37 41 0.0 0.0 0.0 112.0 1063.0 16.0 1.0
44 37 42 0.0 0.0 0.0 38.0 551.0 9.0 2.0
44 37 43 0.0 0.0 0.0 8.0 171.0 4.0 0.0
44 37 44 0.0 0.0 0.0 2.0 4.0 0.0 0.0
44 38 36 0.0 0.0 0.0 0.0 41.0 0.0 0.0
44 38 37 0.0 0.0 2.0 31.0 353.0 4.0 0.0
44 38 38 0.0 0.0 0.0 95.0 1368.0 21.0 8.0
44 38 39 0.0 0.0 0.0 264.0 3078.0 67.0 30.0
44 38 40 0.0 2.0 2.0 351.0 4083.0 80.0 45.0
44 38 41 0.0 0.0 1.0 310.0 3477.0 57.0 37.0
44 38 42 0.0 0.0 0.0 98.0 1796.0 27.0 7.0
44 38 43 0.0 0.0 0.0 35.0 576.0 13.0 0.0
44 38 44 0.0 0.0 0.0 0.0 42.0 0.0 0.0
44 39 36 0.0 0.0 0.0 1.0 71.0 3.0 0.0
44 39 37 0.0 0.0 0.0 51.0 732.0 11.0 0.0
44 39 38 0.0 0.0 0.0 207.0 2675.0 51.0 19.0
44 39 39 0.0 0.0 0.0 471.0 5215.0 94.0 74.0
44 39 40 0.0 0.0 0.0 556.0 6966.0 121.0 146.0
44 39 41 0.0 1.0 0.0 440.0 5716.0 93.0 70.0
44 39 42 0.0 2.0 0.0 223.0 3457.0 54.0 26.0
44 39 43 0.0 0.0 0.0 47.0 996.0 24.0 0.0
44 39 44 0.0 0.0 0.0 5.0 95.0 1.0 0.0
44 40 36 0.0 0.0 0.0 3.0 68.0 2.0 0.0
44 40 37 0.0 0.0 0.0 49.0 786.0 22.0 0.0
44 40 38 0.0 0.0 0.0 341.0 3124.0 52.0 18.0
44 40 39 0.0 0.0 0.0 453.0 6551.0 120.0 114.0
44 40 40 0.0 1.0 1.0 644.0 8488.0 150.0 219.0
44 40 41 0.0 2.0 0.0 468.0 7067.0 113.0 133.0
44 40 42 0.0 0.0 0.0 253.0 3602.0 65.0 26.0
44 40 43 0.0 0.0 0.0 119.0 1060.0 20.0 2.0
44 40 44 0.0 0.0 0.0 13.0 102.0 5.0 0.0
44 41 36 0.0 0.0 0.0 0.0 70.0 1.0 0.0
44 41 37 0.0 0.0 0.0 40.0 726.0 15.0 2.0
44 41 38 0.0 0.0 0.0 178.0 2277.0 40.0 13.0
44 41 39 0.0 0.0 0.0 324.0 4787.0 79.0 57.0
44 41 40 0.0 0.0 2.0 537.0 6800.0 125.0 124.0
44 41 41 0.0 0.0 0.0 439.0 5584.0 98.0 96.0
44 41 42 0.0 0.0 0.0 257.0 2760.0 43.0 20.0
44 41 43 0.0 0.0 0.0 34.0 660.0 11.0 0.0
44 41 44 0.0 0.0 0.0 1.0 54.0 1.0 0.0
44 42 36 0.0 0.0 0.0 1.0 14.0 0.0 0.0
44 42 37 0.0 0.0 0.0 23.0 271.0 2.0 0.0
44 42 38 0.0 0.0 0.0 99.0 1138.0 10.0 3.0
44 42 39 0.0 0.0 0.0 175.0 2415.0 43.0 19.0
44 42 40 0.0 0.0 0.0 315.0 3100.0 51.0 29.0
44 42 41 0.0 0.0 0.0 171.0 2702.0 45.0 12.0
44 42 42 0.0 0.0 0.0 104.0 1291.0 23.0 6.0
44 42 43 0.0 0.0 0.0 31.0 254.0 6.0 0.0
44 42 44 0.0 0.0 0.0 1.0 15.0 0.0 0.0
44 43 36 0.0 0.0 0.0 1.0 4.0 0.0 0.0
44 43 37 0.0 0.0 0.0 5.0 55.0 0.0 0.0
44 43 38 0.0 0.0 0.0 7.0 296.0 4.0 0.0
44 43 39 0.0 0.0 0.0 34.0 730.0 9.0 1.0
44 43 40 0.0 0.0 0.0 44.0 701.0 8.0 1.0
44 43 41 0.0 0.0 0.0 90.0 756.0 15.0 1.0
44 43 42 0.0 0.0 0.0 63.0 345.0 9.0 0.0
44 43 43 0.0 0.0 0.0 3.0 74.0 0.0 0.0
44 43 44 0.0 0.0 0.0 0.0 14.0 0.0 0.0
44 44 36 0.0 0.0 0.0 0.0 2.0 0.0 0.0
44 44 37 0.0 0.0 0.0 0.0 3.0 0.0 0.0
44 44 38 0.0 0.0 0.0 3.0 12.0 0.0 0.0
44 44 39 0.0 0.0 0.0 1.0 39.0 0.0 0.0
44 44 40 0.0 0.0 0.0 7.0 104.0 0.0 0.0
44 44 41 0.0 0.0 0.0 6.0 62.0 0.0 0.0
44 44 42 0.0 0.0 0.0 0.0 28.0 1.0 0.0
44 44 43 0.0 0.0 0.0 0.0 4.0 0.0 0.0
45 36 41 0.0 0.0 0.0 0.0 1.0 0.0 0.0
45 37 38 0.0 0.0 0.0 0.0 1.0 0.0 0.0
45 37 39 0.0 0.0 0.0 0.0 1.0 0.0 0.0
45 37 40 0.0 0.0 0.0 0.0 3.0 0.0 0.0
45 37 42 0.0 0.0 0.0 0.0 2.0 0.0 0.0
45 38 39 0.0 0.0 0.0 0.0 8.0 0.0 0.0
45 38 40 0.0 0.0 0.0 3.0 15.0 0.0 0.0
45 38 41 0.0 0.0 0.0 1.0 8.0 0.0 0.0
45 38 42 0.0 0.0 0.0 2.0 2.0 0.0 0.0
45 38 43 0.0 0.0 0.0 0.0 1.0 0.0 0.0
45 39 37 0.0 0.0 0.0 1.0 2.0 0.0 0.0
45 39 38 0.0 0.0 0.0 0.0 5.0 0.0 0.0
45 39 39 0.0 0.0 0.0 2.0 7.0 0.0 0.0
45 39 40 0.0 0.0 0.0 1.0 18.0 0.0 0.0
45 39 41 0.0 0.0 0.0 2.0 16.0 1.0 0.0
45 39 42 0.0 0.0 0.0 4.0 7.0 0.0 0.0
45 39 43 0.0 0.0 0.0 0.0 1.0 0.0 0.0
45 40 38 0.0 0.0 0.0 2.0 8.0 0.0 0.0
45 40 39 0.0 0.0 0.0 2.0 27.0 0.0 0.0
45 40 40 0.0 0.0 0.0 2.0 33.0 0.0 0.0
45 40 41 0.0 0.0 0.0 1.0 15.0 0.0 0.0
45 40 42 0.0 0.0 0.0 1.0 7.0 0.0 0.0
45 41 38 0.0 0.0 0.0 0.0 3.0 0.0 0.0
45 41 39 0.0 0.0 0.0 0.0 15.0 0.0 0.0
45 41 40 0.0 0.0 0.0 1.0 17.0 0.0 0.0
45 41 41 0.0 0.0 0.0 0.0 20.0 0.0 0.0
45 41 42 0.0 0.0 0.0 0.0 5.0 0.0 0.0
45 41 43 0.0 0.0 0.0 1.0 2.0 0.0 0.0
45 42 38 0.0 0.0 0.0 0.0 2.0 0.0 0.0
45 42 39 0.0 0.0 0.0 0.0 2.0 0.0 0.0
45 42 40 0.0 0.0 0.0 0.0 5.0 0.0 0.0
45 42 41 0.0 0.0 0.0 0.0 4.0 0.0 0.0
45 42 42 0.0 0.0 0.0 0.0 1.0 0.0 0.0
45 43 38 0.0 0.0 0.0 0.0 3.0 0.0 0.0
45 43 39 0.0 0.0 0.0 0.0 1.0 0.0 0.0
45 43 40 0.0 0.0 0.0 0.0 2.0 0.0 0.0
