37 38 40 0.0 0.0 0.0 0.0 2.0 0.0 0.0
37 39 41 0.0 0.0 0.0 1.0 0.0 0.0 0.0
37 39 42 0.0 0.0 0.0 1.0 1.0 0.0 0.0
37 40 40 0.0 0.0 0.0 0.0 1.0 0.0 0.0
37 40 41 0.0 0.0 0.0 0.0 3.0 0.0 0.0
37 40 42 0.0 0.0 0.0 0.0 3.0 0.0 0.0
37 41 39 0.0 0.0 0.0 0.0 1.0 0.0 0.0
37 41 41 0.0 0.0 0.0 0.0 1.0 0.0 0.0
37 41 42 0.0 0.0 0.0 0.0 1.0 0.0 0.0
37 42 39 0.0 0.0 0.0 0.0 3.0 0.0 0.0
37 42 40 0.0 0.0 0.0 0.0 3.0 0.0 0.0
38 38 38 0.0 0.0 0.0 14.0 215.0 9.0 0.0
38 38 39 0.0 0.0 2.0 23.0 427.0 5.0 0.0
38 38 40 0.0 0.0 2.0 63.0 614.0 16.0 1.0
38 38 41 0.0 0.0 0.0 47.0 367.0 7.0 0.0
38 38 42 0.0 0.0 0.0 7.0 128.0 1.0 0.0
38 39 37 0.0 0.0 0.0 0.0 2.0 0.0 0.0
38 39 38 0.0 3.0 2.0 118.0 506.0 11.0 2.0
38 39 39 0.0 0.0 1.0 245.0 1382.0 15.0 5.0
38 39 40 0.0 0.0 2.0 333.0 1677.0 33.0 9.0
38 39 41 0.0 0.0 1.0 142.0 1205.0 23.0 3.0
38 39 42 0.0 0.0 3.0 29.0 335.0 2.0 0.0
38 40 37 0.0 0.0 0.0 0.0 1.0 0.0 0.0
38 40 38 0.0 0.0 5.0 82.0 940.0 12.0 1.0
38 40 39 0.0 4.0 3.0 253.0 1843.0 27.0 10.0
38 40 40 0.0 1.0 5.0 252.0 2494.0 38.0 19.0
38 40 41 0.0 1.0 1.0 203.0 1682.0 33.0 12.0
38 40 42 0.0 0.0 0.0 41.0 536.0 5.0 0.0
38 41 38 0.0 0.0 2.0 54.0 481.0 11.0 0.0
38 41 39 0.0 0.0 1.0 151.0 1449.0 27.0 7.0
38 41 40 0.0 0.0 3.0 164.0 1839.0 32.0 11.0
38 41 41 0.0 0.0 0.0 112.0 1106.0 16.0 6.0
38 41 42 0.0 0.0 0.0 41.0 402.0 9.0 1.0
38 42 38 0.0 0.0 0.0 13.0 174.0 4.0 0.0
38 42 39 0.0 2.0 5.0 44.0 417.0 12.0 0.0
38 42 40 0.0 0.0 0.0 61.0 595.0 9.0 2.0
38 42 41 0.0 2.0 0.0 42.0 463.0 8.0 1.0
38 42 42 0.0 0.0 0.0 2.0 110.0 3.0 0.0
38 43 41 0.0 0.0 0.0 0.0 1.0 0.0 0.0
38 43 42 0.0 0.0 0.0 0.0 1.0 0.0 0.0
39 37 41 0.0 0.0 0.0 0.0 2.0 0.0 0.0
39 38 38 0.0 0.0 0.0 101.0 375.0 6.0 1.0
39 38 39 0.0 0.0 0.0 139.0 1266.0 24.0 2.0
39 38 40 0.0 0.0 5.0 194.0 1595.0 39.0 6.0
39 38 41 0.0 0.0 2.0 161.0 1128.0 16.0 3.0
39 38 42 0.0 0.0 0.0 72.0 420.0 7.0 0.0
39 39 38 0.0 0.0 3.0 160.0 1293.0 20.0 8.0
39 39 39 0.0 6.0 53.0 2517.0 26437.0 372.0 4759.0
39 39 40 0.0 11.0 38.0 2931.0 29608.0 444.0 6327.0
39 39 41 0.0 17.0 52.0 3530.0 25191.0 388.0 4603.0
39 39 42 0.0 0.0 3.0 124.0 1335.0 23.0 4.0
39 39 43 0.0 0.0 0.0 0.0 1.0 0.0 0.0
39 40 37 0.0 0.0 0.0 0.0 3.0 0.0 0.0
39 40 38 0.0 1.0 0.0 236.0 1864.0 45.0 5.0
39 40 39 0.0 12.0 39.0 4612.0 32538.0 476.0 10128.0
39 40 40 0.0 33.0 45.0 4123.0 33640.0 520.0 10249.0
39 40 41 0.0 24.0 97.0 3149.0 30373.0 456.0 7156.0
39 40 42 0.0 0.0 1.0 196.0 1781.0 33.0 9.0
39 40 43 0.0 0.0 0.0 0.0 2.0 0.0 0.0
39 41 37 0.0 0.0 0.0 0.0 3.0 1.0 0.0
39 41 38 0.0 0.0 3.0 161.0 1391.0 23.0 7.0
39 41 39 0.0 13.0 42.0 2866.0 28824.0 429.0 5990.0
39 41 40 0.0 22.0 73.0 2901.0 29161.0 406.0 6090.0
39 41 41 0.0 36.0 27.0 3000.0 26162.0 383.0 4780.0
39 41 42 0.0 0.0 2.0 187.0 1181.0 21.0 1.0
39 41 43 0.0 0.0 0.0 0.0 3.0 0.0 0.0
39 42 38 0.0 0.0 1.0 66.0 482.0 13.0 0.0
39 42 39 0.0 1.0 2.0 202.0 1206.0 24.0 9.0
39 42 40 0.0 0.0 0.0 304.0 1547.0 28.0 6.0
39 42 41 0.0 0.0 3.0 150.0 1227.0 25.0 5.0
39 42 42 0.0 0.0 2.0 57.0 373.0 9.0 1.0
39 43 41 0.0 0.0 0.0 0.0 1.0 0.0 0.0
39 43 42 0.0 0.0 0.0 0.0 1.0 0.0 0.0
40 37 39 0.0 0.0 0.0 1.0 5.0 0.0 0.0
40 37 40 0.0 0.0 0.0 0.0 2.0 0.0 0.0
40 38 37 0.0 0.0 0.0 0.0 4.0 1.0 0.0
40 38 38 0.0 0.0 0.0 74.0 568.0 16.0 0.0
40 38 39 0.0 0.0 1.0 188.0 1780.0 36.0 8.0
40 38 40 0.0 2.0 5.0 390.0 2608.0 47.0 16.0
40 38 41 0.0 2.0 2.0 206.0 2015.0 32.0 14.0
40 38 42 0.0 0.0 0.0 82.0 817.0 16.0 1.0
40 39 37 0.0 0.0 0.0 0.0 4.0 0.0 0.0
40 39 38 0.0 0.0 4.0 270.0 1929.0 38.0 7.0
40 39 39 0.0 1.0 68.0 3420.0 28014.0 438.0 5557.0
40 39 40 0.0 29.0 67.0 4347.0 33709.0 452.0 10708.0
40 39 41 0.0 29.0 76.0 4513.0 31360.0 499.0 8909.0
40 39 42 0.0 13.0 5.0 219.0 1979.0 41.0 9.0
40 39 43 0.0 0.0 0.0 0.0 2.0 0.0 0.0
40 40 38 0.0 0.0 5.0 342.0 2693.0 49.0 22.0
40 40 39 0.0 19.0 56.0 3757.0 32157.0 490.0 8376.0
40 40 40 0.0 13.0 53.0 1797.0 14580.0 133.0 81002.0
40 40 41 0.0 60.0 54.0 4762.0 33668.0 465.0 10939.0
40 40 42 0.0 1.0 10.0 282.0 2830.0 44.0 18.0
40 40 43 0.0 0.0 0.0 1.0 2.0 0.0 0.0
40 41 37 0.0 0.0 0.0 1.0 1.0 0.0 0.0
40 41 38 0.0 0.0 4.0 207.0 2019.0 29.0 13.0
40 41 39 0.0 25.0 58.0 3967.0 29886.0 460.0 7349.0
40 41 40 0.0 24.0 97.0 3942.0 34211.0 492.0 10985.0
40 41 41 0.0 33.0 76.0 5152.0 28740.0 450.0 7451.0
40 41 42 0.0 3.0 0.0 143.0 1574.0 32.0 6.0
40 41 43 0.0 0.0 0.0 2.0 0.0 0.0 0.0
40 42 38 0.0 0.0 0.0 75.0 589.0 14.0 1.0
40 42 39 0.0 2.0 4.0 182.0 1704.0 29.0 10.0
40 42 40 0.0 1.0 3.0 192.0 2467.0 41.0 19.0
40 42 41 0.0 1.0 3.0 199.0 1716.0 25.0 8.0
40 42 42 0.0 0.0 0.0 142.0 572.0 12.0 1.0
40 43 37 0.0 0.0 0.0 0.0 1.0 0.0 0.0
40 43 39 0.0 0.0 0.0 0.0 3.0 0.0 0.0
40 43 40 0.0 0.0 0.0 0.0 1.0 0.0 0.0
40 43 41 0.0 0.0 0.0 0.0 1.0 0.0 0.0
41 37 40 0.0 0.0 0.0 0.0 2.0 0.0 0.0
41 37 41 0.0 0.0 0.0 1.0 0.0 0.0 0.0
41 37 42 0.0 0.0 0.0 0.0 1.0 0.0 0.0
41 38 38 0.0 1.0 1.0 73.0 406.0 10.0 0.0
41 38 39 0.0 0.0 1.0 178.0 1273.0 21.0 7.0
41 38 40 0.0 1.0 7.0 283.0 2230.0 35.0 15.0
41 38 41 0.0 3.0 6.0 181.0 2075.0 35.0 8.0
41 38 42 0.0 1.0 0.0 55.0 984.0 18.0 0.0
41 38 43 0.0 0.0 0.0 0.0 1.0 0.0 0.0
41 39 38 0.0 0.0 0.0 98.0 977.0 18.0 3.0
41 39 39 0.0 16.0 21.0 3595.0 27837.0 478.0 5958.0
41 39 40 0.0 38.0 85.0 4304.0 31514.0 462.0 8761.0
41 39 41 1.0 47.0 127.0 2837.0 35494.0 480.0 12592.0
41 39 42 0.0 1.0 4.0 194.0 1867.0 36.0 9.0
41 39 43 0.0 0.0 0.0 0.0 2.0 0.0 0.0
41 40 37 0.0 0.0 0.0 0.0 3.0 0.0 0.0
41 40 38 0.0 0.0 1.0 263.0 1679.0 32.0 5.0
41 40 39 0.0 5.0 41.0 3124.0 32467.0 485.0 9101.0
41 40 40 0.0 17.0 45.0 3203.0 35753.0 522.0 11409.0
41 40 41 2.0 14.0 37.0 2869.0 29829.0 442.0 6139.0
41 40 42 0.0 1.0 3.0 188.0 2194.0 40.0 12.0
41 40 43 0.0 0.0 0.0 0.0 1.0 0.0 0.0
41 41 38 0.0 0.0 6.0 106.0 1404.0 19.0 4.0
41 41 39 0.0 3.0 97.0 2353.0 26856.0 401.0 4677.0
41 41 40 0.0 24.0 74.0 3108.0 31673.0 481.0 7799.0
41 41 41 0.0 23.0 30.0 3214.0 27080.0 427.0 5387.0
41 41 42 0.0 8.0 0.0 177.0 1209.0 20.0 2.0
41 42 38 0.0 0.0 0.0 83.0 398.0 8.0 0.0
41 42 39 0.0 2.0 3.0 93.0 1333.0 15.0 6.0
41 42 40 0.0 0.0 0.0 205.0 1742.0 34.0 9.0
41 42 41 0.0 1.0 4.0 135.0 1195.0 17.0 7.0
41 42 42 0.0 0.0 0.0 61.0 491.0 11.0 1.0
41 43 39 0.0 0.0 0.0 0.0 3.0 0.0 0.0
41 43 40 0.0 0.0 0.0 0.0 1.0 0.0 0.0
42 37 39 0.0 0.0 0.0 0.0 1.0 0.0 0.0
42 38 38 0.0 0.0 0.0 22.0 336.0 2.0 0.0
42 38 39 0.0 0.0 1.0 57.0 552.0 14.0 1.0
42 38 40 0.0 1.0 1.0 124.0 1090.0 24.0 2.0
42 38 41 0.0 0.0 1.0 63.0 899.0 19.0 1.0
42 38 42 0.0 0.0 0.0 37.0 471.0 9.0 1.0
42 39 38 0.0 0.0 0.0 52.0 669.0 11.0 2.0
42 39 39 0.0 0.0 1.0 202.0 1321.0 25.0 1.0
42 39 40 0.0 0.0 2.0 319.0 2640.0 38.0 18.0
42 39 41 0.0 1.0 4.0 203.0 1904.0 38.0 11.0
42 39 42 0.0 0.0 0.0 64.0 1017.0 16.0 3.0
42 40 38 0.0 0.0 1.0 64.0 676.0 14.0 0.0
42 40 39 0.0 0.0 1.0 158.0 2118.0 40.0 10.0
42 40 40 0.0 2.0 0.0 247.0 2815.0 41.0 16.0
42 40 41 0.0 6.0 9.0 175.0 2242.0 40.0 11.0
42 40 42 0.0 0.0 2.0 92.0 1019.0 17.0 4.0
42 41 37 0.0 0.0 0.0 0.0 3.0 1.0 0.0
42 41 38 0.0 0.0 0.0 44.0 469.0 6.0 0.0
42 41 39 0.0 0.0 2.0 86.0 1253.0 16.0 6.0
42 41 40 0.0 1.0 5.0 146.0 2177.0 35.0 16.0
42 41 41 0.0 1.0 1.0 120.0 1295.0 27.0 1.0
42 41 42 0.0 0.0 0.0 40.0 512.0 11.0 0.0
42 42 38 0.0 0.0 0.0 31.0 128.0 1.0 0.0
42 42 39 0.0 0.0 1.0 42.0 534.0 10.0 2.0
42 42 40 0.0 0.0 0.0 58.0 746.0 15.0 0.0
42 42 41 0.0 0.0 0.0 103.0 472.0 5.0 0.0
42 42 42 0.0 0.0 0.0 17.0 141.0 1.0 0.0
43 38 39 0.0 0.0 0.0 0.0 1.0 0.0 0.0
43 38 40 0.0 0.0 0.0 0.0 4.0 0.0 0.0
43 38 41 0.0 0.0 0.0 1.0 2.0 0.0 0.0
43 39 39 0.0 0.0 0.0 0.0 3.0 0.0 0.0
43 39 42 0.0 0.0 0.0 0.0 1.0 0.0 0.0
43 40 39 0.0 0.0 0.0 0.0 2.0 0.0 0.0
43 40 40 0.0 0.0 0.0 0.0 1.0 0.0 0.0
43 41 37 0.0 0.0 0.0 0.0 1.0 0.0 0.0
43 41 38 0.0 0.0 0.0 0.0 1.0 0.0 0.0
43 41 39 0.0 0.0 0.0 0.0 3.0 0.0 0.0
43 41 40 0.0 0.0 0.0 0.0 5.0 0.0 0.0
43 41 41 0.0 0.0 0.0 0.0 2.0 0.0 0.0
43 42 40 0.0 0.0 0.0 0.0 1.0 0.0 0.0
