38 38 38 0.0 0.0 0.0 0.0 8.0 0.0 0.0
38 38 39 0.0 0.0 1.0 0.0 33.0 1.0 0.0
38 38 40 0.0 0.0 0.0 1.0 33.0 0.0 0.0
38 38 41 0.0 0.0 0.0 1.0 14.0 0.0 0.0
38 38 42 0.0 0.0 0.0 0.0 6.0 0.0 0.0
38 39 38 0.0 1.0 0.0 7.0 30.0 0.0 0.0
38 39 39 0.0 0.0 1.0 21.0 64.0 5.0 0.0
38 39 40 0.0 0.0 1.0 31.0 64.0 2.0 0.0
38 39 41 0.0 0.0 0.0 13.0 62.0 1.0 0.0
38 39 42 0.0 0.0 0.0 1.0 16.0 0.0 0.0
38 40 38 0.0 0.0 0.0 4.0 60.0 2.0 0.0
38 40 39 0.0 0.0 0.0 12.0 91.0 1.0 0.0
38 40 40 0.0 0.0 1.0 15.0 115.0 2.0 0.0
38 40 41 0.0 0.0 0.0 9.0 82.0 1.0 0.0
38 40 42 0.0 0.0 0.0 0.0 16.0 0.0 0.0
38 41 38 0.0 0.0 0.0 3.0 20.0 1.0 0.0
38 41 39 0.0 0.0 0.0 11.0 79.0 2.0 0.0
38 41 40 0.0 0.0 2.0 8.0 81.0 1.0 0.0
38 41 41 0.0 0.0 0.0 4.0 45.0 0.0 0.0
38 41 42 0.0 0.0 0.0 1.0 20.0 0.0 0.0
38 42 38 0.0 0.0 0.0 1.0 14.0 0.0 0.0
38 42 39 0.0 0.0 1.0 1.0 26.0 0.0 0.0
38 42 40 0.0 0.0 0.0 1.0 20.0 0.0 0.0
38 42 41 0.0 0.0 0.0 3.0 28.0 0.0 0.0
38 42 42 0.0 0.0 0.0 0.0 7.0 1.0 0.0
39 38 38 0.0 0.0 0.0 10.0 16.0 0.0 0.0
39 38 39 0.0 0.0 0.0 6.0 70.0 1.0 0.0
39 38 40 0.0 0.0 2.0 6.0 69.0 0.0 0.0
39 38 41 0.0 0.0 0.0 11.0 46.0 2.0 0.0
39 38 42 0.0 0.0 0.0 5.0 26.0 0.0 0.0
39 39 38 0.0 0.0 0.0 12.0 61.0 0.0 0.0
39 39 39 0.0 3.0 32.0 733.0 7538.0 132.0 255.0
39 39 40 0.0 2.0 28.0 969.0 9095.0 155.0 413.0
39 39 41 0.0 9.0 26.0 1090.0 7161.0 125.0 216.0
39 39 42 0.0 0.0 1.0 5.0 66.0 0.0 0.0
39 40 38 0.0 0.0 0.0 4.0 80.0 0.0 0.0
39 40 39 0.0 7.0 29.0 1869.0 11874.0 224.0 735.0
39 40 40 0.0 20.0 32.0 1573.0 11872.0 197.0 690.0
39 40 41 0.0 16.0 76.0 1074.0 9708.0 174.0 463.0
39 40 42 0.0 0.0 0.0 2.0 90.0 1.0 0.0
39 41 38 0.0 0.0 0.0 9.0 68.0 1.0 0.0
39 41 39 0.0 3.0 26.0 908.0 8782.0 138.0 335.0
39 41 40 0.0 12.0 46.0 896.0 8674.0 164.0 324.0
39 41 41 0.0 16.0 15.0 851.0 7516.0 139.0 239.0
39 41 42 0.0 0.0 0.0 14.0 47.0 1.0 0.0
39 42 38 0.0 0.0 0.0 2.0 21.0 0.0 0.0
39 42 39 0.0 0.0 0.0 15.0 50.0 0.0 0.0
39 42 40 0.0 0.0 0.0 25.0 82.0 1.0 0.0
39 42 41 0.0 0.0 0.0 9.0 67.0 1.0 0.0
39 42 42 0.0 0.0 0.0 5.0 17.0 1.0 0.0
40 38 38 0.0 0.0 0.0 3.0 25.0 0.0 0.0
40 38 39 0.0 0.0 0.0 7.0 77.0 2.0 0.0
40 38 40 0.0 0.0 1.0 34.0 106.0 3.0 0.0
40 38 41 0.0 0.0 0.0 10.0 105.0 2.0 0.0
40 38 42 0.0 0.0 0.0 5.0 33.0 0.0 0.0
40 39 38 0.0 0.0 0.0 17.0 89.0 1.0 0.0
40 39 39 0.0 0.0 39.0 1035.0 8070.0 127.0 313.0
40 39 40 0.0 24.0 52.0 1783.0 12325.0 214.0 752.0
40 39 41 0.0 15.0 76.0 1598.0 10753.0 208.0 570.0
40 39 42 0.0 0.0 0.0 5.0 63.0 1.0 0.0
40 40 38 0.0 0.0 1.0 11.0 170.0 3.0 0.0
40 40 39 0.0 10.0 33.0 1276.0 10366.0 195.0 534.0
40 40 40 0.0 48.0 159.0 3241.0 24564.0 265.0 57916.0
40 40 41 0.0 48.0 38.0 1811.0 12303.0 232.0 762.0
40 40 42 0.0 0.0 2.0 6.0 136.0 5.0 0.0
40 41 38 0.0 0.0 1.0 6.0 116.0 0.0 0.0
40 41 39 0.0 17.0 33.0 1463.0 9627.0 194.0 440.0
40 41 40 0.0 15.0 95.0 1548.0 12817.0 242.0 806.0
40 41 41 0.0 28.0 57.0 1718.0 9126.0 138.0 465.0
40 41 42 0.0 0.0 0.0 8.0 70.0 1.0 0.0
40 42 38 0.0 0.0 0.0 2.0 27.0 0.0 0.0
40 42 39 0.0 0.0 0.0 8.0 84.0 3.0 0.0
40 42 40 0.0 0.0 1.0 9.0 122.0 1.0 0.0
40 42 41 0.0 0.0 0.0 8.0 60.0 0.0 0.0
40 42 42 0.0 0.0 0.0 12.0 31.0 2.0 0.0
41 38 38 0.0 0.0 0.0 2.0 14.0 0.0 0.0
41 38 39 0.0 0.0 0.0 11.0 55.0 1.0 0.0
41 38 40 0.0 0.0 2.0 19.0 124.0 2.0 0.0
41 38 41 0.0 1.0 0.0 4.0 139.0 3.0 0.0
41 38 42 0.0 0.0 0.0 1.0 92.0 0.0 0.0
41 39 38 0.0 0.0 0.0 1.0 32.0 0.0 0.0
41 39 39 0.0 11.0 16.0 1175.0 8351.0 152.0 345.0
41 39 40 0.0 36.0 50.0 1558.0 10942.0 177.0 658.0
41 39 41 1.0 35.0 117.0 1149.0 14805.0 251.0 1064.0
41 39 42 0.0 1.0 0.0 11.0 123.0 2.0 0.0
41 40 38 0.0 0.0 0.0 25.0 84.0 2.0 0.0
41 40 39 0.0 3.0 38.0 1197.0 11357.0 160.0 668.0
41 40 40 0.0 7.0 38.0 1256.0 13228.0 223.0 814.0
41 40 41 2.0 8.0 25.0 857.0 8766.0 126.0 349.0
41 40 42 0.0 0.0 0.0 6.0 129.0 2.0 0.0
41 41 38 0.0 0.0 0.0 4.0 66.0 1.0 0.0
41 41 39 0.0 1.0 57.0 722.0 7556.0 138.0 212.0
41 41 40 0.0 20.0 50.0 990.0 10259.0 194.0 449.0
41 41 41 0.0 13.0 25.0 1024.0 8023.0 133.0 342.0
41 41 42 0.0 3.0 0.0 12.0 50.0 1.0 0.0
41 42 38 0.0 0.0 0.0 9.0 14.0 1.0 0.0
41 42 39 0.0 0.0 0.0 2.0 80.0 0.0 0.0
41 42 40 0.0 0.0 0.0 8.0 62.0 3.0 0.0
41 42 41 0.0 0.0 1.0 4.0 67.0 1.0 0.0
41 42 42 0.0 0.0 0.0 3.0 26.0 0.0 0.0
42 37 39 0.0 0.0 0.0 0.0 1.0 0.0 0.0
42 38 38 0.0 0.0 0.0 3.0 38.0 0.0 0.0
42 38 39 0.0 0.0 0.0 4.0 19.0 0.0 0.0
42 38 40 0.0 0.0 0.0 7.0 52.0 0.0 0.0
42 38 41 0.0 0.0 1.0 5.0 43.0 1.0 0.0
42 38 42 0.0 0.0 0.0 4.0 18.0 0.0 0.0
42 39 38 0.0 0.0 0.0 1.0 43.0 0.0 0.0
42 39 39 0.0 0.0 0.0 15.0 53.0 0.0 0.0
42 39 40 0.0 0.0 0.0 18.0 184.0 3.0 0.0
42 39 41 0.0 0.0 1.0 17.0 138.0 3.0 0.0
42 39 42 0.0 0.0 0.0 2.0 71.0 1.0 0.0
42 40 38 0.0 0.0 0.0 2.0 19.0 0.0 0.0
42 40 39 0.0 0.0 0.0 5.0 114.0 4.0 0.0
42 40 40 0.0 0.0 0.0 13.0 114.0 4.0 0.0
42 40 41 0.0 1.0 1.0 17.0 147.0 2.0 0.0
42 40 42 0.0 0.0 0.0 3.0 35.0 0.0 0.0
42 41 38 0.0 0.0 0.0 0.0 18.0 1.0 0.0
42 41 39 0.0 0.0 0.0 3.0 58.0 0.0 0.0
42 41 40 0.0 0.0 2.0 3.0 114.0 0.0 0.0
42 41 41 0.0 0.0 0.0 6.0 74.0 4.0 0.0
42 41 42 0.0 0.0 0.0 1.0 23.0 0.0 0.0
42 42 38 0.0 0.0 0.0 4.0 2.0 0.0 0.0
42 42 39 0.0 0.0 0.0 2.0 31.0 0.0 0.0
42 42 40 0.0 0.0 0.0 1.0 38.0 0.0 0.0
42 42 41 0.0 0.0 0.0 9.0 15.0 0.0 0.0
42 42 42 0.0 0.0 0.0 0.0 3.0 0.0 0.0
