35 38 41 0.0 0.0 0.0 0.0 1.0 0.0 0.0
35 39 39 0.0 0.0 0.0 0.0 1.0 0.0 0.0
35 39 41 0.0 0.0 0.0 1.0 0.0 0.0 0.0
35 39 42 0.0 0.0 0.0 0.0 2.0 0.0 0.0
35 40 38 0.0 0.0 0.0 0.0 2.0 0.0 0.0
35 40 40 0.0 0.0 0.0 0.0 3.0 0.0 0.0
35 40 41 0.0 0.0 0.0 0.0 1.0 0.0 0.0
35 41 38 0.0 0.0 0.0 0.0 1.0 0.0 0.0
35 41 39 0.0 0.0 0.0 0.0 6.0 0.0 0.0
35 41 42 0.0 0.0 0.0 0.0 1.0 0.0 0.0
35 42 39 0.0 0.0 0.0 0.0 1.0 0.0 0.0
35 42 40 0.0 0.0 0.0 0.0 1.0 0.0 0.0
36 36 36 0.0 0.0 0.0 0.0 1.0 0.0 0.0
36 36 37 0.0 0.0 0.0 0.0 1.0 0.0 0.0
36 36 38 0.0 0.0 0.0 1.0 5.0 0.0 0.0
36 36 39 0.0 0.0 0.0 0.0 12.0 0.0 0.0
36 36 40 0.0 0.0 0.0 0.0 19.0 0.0 0.0
36 36 41 0.0 0.0 0.0 2.0 0.0 0.0 0.0
36 37 37 0.0 0.0 0.0 0.0 28.0 0.0 0.0
36 37 38 0.0 0.0 0.0 2.0 60.0 1.0 0.0
36 37 39 0.0 0.0 0.0 9.0 177.0 3.0 0.0
36 37 40 0.0 0.0 0.0 19.0 165.0 0.0 0.0
36 37 41 0.0 0.0 0.0 16.0 94.0 1.0 0.0
36 37 42 0.0 0.0 0.0 12.0 90.0 3.0 0.0
36 37 43 0.0 0.0 0.0 1.0 5.0 0.0 0.0
36 37 44 0.0 0.0 0.0 0.0 3.0 0.0 0.0
36 38 36 0.0 0.0 0.0 0.0 1.0 0.0 0.0
36 38 37 0.0 0.0 0.0 12.0 97.0 3.0 0.0
36 38 38 0.0 0.0 0.0 31.0 354.0 5.0 2.0
36 38 39 0.0 0.0 0.0 71.0 619.0 15.0 1.0
36 38 40 0.0 0.0 0.0 85.0 1001.0 25.0 4.0
36 38 41 0.0 0.0 0.0 46.0 686.0 13.0 3.0
36 38 42 0.0 0.0 0.0 29.0 250.0 4.0 0.0
36 38 43 0.0 0.0 0.0 14.0 80.0 0.0 0.0
36 39 36 0.0 0.0 0.0 0.0 6.0 0.0 0.0
36 39 37 0.0 0.0 0.0 16.0 216.0 3.0 0.0
36 39 38 0.0 0.0 0.0 98.0 673.0 9.0 0.0
36 39 39 0.0 0.0 0.0 156.0 1588.0 23.0 8.0
36 39 40 0.0 0.0 0.0 179.0 1720.0 33.0 6.0
36 39 41 0.0 0.0 0.0 157.0 1499.0 28.0 1.0
36 39 42 0.0 0.0 0.0 71.0 682.0 15.0 0.0
36 39 43 0.0 0.0 0.0 9.0 159.0 0.0 0.0
36 39 44 0.0 0.0 0.0 0.0 2.0 0.0 0.0
36 40 36 0.0 0.0 0.0 0.0 7.0 0.0 0.0
36 40 37 0.0 0.0 0.0 24.0 222.0 4.0 0.0
36 40 38 0.0 0.0 0.0 75.0 905.0 25.0 3.0
36 40 39 0.0 0.0 0.0 204.0 1934.0 38.0 12.0
36 40 40 0.0 0.0 1.0 198.0 2219.0 38.0 12.0
36 40 41 0.0 0.0 0.0 168.0 1761.0 37.0 10.0
36 40 42 0.0 0.0 0.0 112.0 839.0 16.0 1.0
36 40 43 0.0 0.0 0.0 52.0 158.0 5.0 0.0
36 40 44 0.0 0.0 0.0 2.0 19.0 0.0 0.0
36 41 36 0.0 0.0 0.0 1.0 11.0 0.0 0.0
36 41 37 0.0 0.0 0.0 10.0 183.0 3.0 0.0
36 41 38 0.0 0.0 0.0 45.0 763.0 8.0 2.0
36 41 39 0.0 0.0 0.0 124.0 1498.0 28.0 5.0
36 41 40 0.0 0.0 0.0 155.0 1912.0 44.0 5.0
36 41 41 0.0 0.0 0.0 142.0 1298.0 20.0 1.0
36 41 42 0.0 0.0 0.0 61.0 587.0 13.0 1.0
36 41 43 0.0 0.0 0.0 7.0 135.0 1.0 0.0
36 41 44 0.0 0.0 0.0 1.0 4.0 0.0 0.0
36 42 36 0.0 0.0 0.0 0.0 12.0 1.0 0.0
36 42 37 0.0 0.0 0.0 13.0 99.0 0.0 0.0
36 42 38 0.0 0.0 0.0 42.0 312.0 3.0 0.0
36 42 39 0.0 0.0 0.0 59.0 639.0 11.0 0.0
36 42 40 0.0 0.0 0.0 83.0 827.0 15.0 1.0
36 42 41 0.0 0.0 0.0 66.0 610.0 13.0 1.0
36 42 42 0.0 0.0 0.0 19.0 273.0 8.0 1.0
36 42 43 0.0 0.0 0.0 9.0 93.0 3.0 0.0
36 42 44 0.0 0.0 0.0 0.0 3.0 0.0 0.0
36 43 37 0.0 0.0 0.0 4.0 11.0 0.0 0.0
36 43 38 0.0 0.0 0.0 5.0 55.0 1.0 0.0
36 43 39 0.0 0.0 0.0 22.0 120.0 2.0 0.0
36 43 40 0.0 0.0 0.0 12.0 153.0 1.0 0.0
36 43 41 0.0 0.0 0.0 7.0 175.0 4.0 0.0
36 43 42 0.0 0.0 0.0 2.0 63.0 1.0 0.0
36 43 43 0.0 0.0 0.0 0.0 10.0 0.0 0.0
36 44 37 0.0 0.0 0.0 0.0 1.0 0.0 0.0
36 44 38 0.0 0.0 0.0 0.0 6.0 0.0 0.0
36 44 39 0.0 0.0 0.0 0.0 11.0 1.0 0.0
36 44 40 0.0 0.0 0.0 1.0 16.0 0.0 0.0
36 44 41 0.0 0.0 0.0 0.0 4.0 0.0 0.0
36 44 42 0.0 0.0 0.0 0.0 8.0 0.0 0.0
37 36 37 0.0 0.0 0.0 2.0 4.0 0.0 0.0
37 36 38 0.0 0.0 0.0 11.0 53.0 0.0 0.0
37 36 39 0.0 0.0 0.0 8.0 115.0 1.0 0.0
37 36 40 0.0 0.0 0.0 9.0 200.0 1.0 1.0
37 36 41 0.0 0.0 0.0 14.0 137.0 0.0 0.0
37 36 42 0.0 0.0 0.0 2.0 48.0 1.0 0.0
37 36 43 0.0 0.0 0.0 5.0 8.0 0.0 0.0
37 37 36 0.0 0.0 0.0 2.0 12.0 0.0 0.0
37 37 37 0.0 0.0 0.0 59.0 855.0 15.0 2.0
37 37 38 0.0 0.0 0.0 266.0 3055.0 39.0 32.0
37 37 39 0.0 0.0 0.0 381.0 5451.0 61.0 89.0
37 37 40 0.0 0.0 1.0 557.0 7261.0 111.0 146.0
37 37 41 0.0 1.0 0.0 503.0 6039.0 95.0 130.0
37 37 42 0.0 0.0 0.0 296.0 3169.0 63.0 30.0
37 37 43 0.0 0.0 0.0 58.0 653.0 9.0 2.0
37 37 44 0.0 0.0 0.0 3.0 14.0 0.0 0.0
37 38 36 0.0 0.0 0.0 5.0 40.0 2.0 0.0
37 38 37 0.0 0.0 0.0 333.0 3167.0 59.0 28.0
37 38 38 0.0 0.0 5.0 1503.0 11796.0 196.0 529.0
37 38 39 0.0 0.0 0.0 1995.0 20131.0 315.0 1793.0
37 38 40 0.0 3.0 0.0 2597.0 23337.0 392.0 2718.0
37 38 41 0.0 0.0 1.0 2217.0 19151.0 318.0 1725.0
37 38 42 0.0 0.0 1.0 1205.0 9976.0 148.0 363.0
37 38 43 0.0 0.0 0.0 218.0 2878.0 38.0 13.0
37 38 44 0.0 0.0 0.0 4.0 47.0 2.0 0.0
37 39 36 0.0 0.0 0.0 10.0 230.0 1.0 0.0
37 39 37 0.0 0.0 0.0 660.0 7037.0 90.0 171.0
37 39 38 0.0 0.0 13.0 1792.0 21866.0 370.0 2222.0
37 39 39 0.0 1.0 16.0 3267.0 31830.0 436.0 6417.0
37 39 40 0.0 3.0 1.0 3659.0 34473.0 467.0 8326.0
37 39 41 0.0 1.0 3.0 3483.0 30626.0 437.0 5781.0
37 39 42 0.0 0.0 1.0 2305.0 19368.0 305.0 1697.0
37 39 43 0.0 0.0 0.0 545.0 5508.0 111.0 111.0
37 39 44 0.0 0.0 0.0 15.0 157.0 2.0 0.0
37 40 36 0.0 0.0 0.0 24.0 248.0 4.0 0.0
37 40 37 0.0 3.0 0.0 880.0 7975.0 150.0 246.0
37 40 38 0.0 4.0 7.0 2358.0 24970.0 394.0 3340.0
37 40 39 0.0 0.0 2.0 3224.0 35032.0 498.0 8487.0
37 40 40 0.0 0.0 2.0 3516.0 38048.0 523.0 11523.0
37 40 41 0.0 1.0 1.0 3516.0 34061.0 450.0 7892.0
37 40 42 0.0 0.0 3.0 2336.0 22096.0 336.0 2417.0
37 40 43 0.0 0.0 0.0 571.0 7380.0 141.0 186.0
37 40 44 0.0 0.0 0.0 7.0 203.0 8.0 0.0
37 41 36 0.0 0.0 0.0 17.0 200.0 3.0 0.0
37 41 37 0.0 1.0 0.0 579.0 7595.0 126.0 196.0
37 41 38 0.0 4.0 0.0 1666.0 20864.0 331.0 1996.0
37 41 39 0.0 0.0 3.0 2874.0 32311.0 483.0 6432.0
37 41 40 0.0 7.0 12.0 3639.0 33979.0 498.0 8096.0
37 41 41 0.0 0.0 5.0 2708.0 30560.0 475.0 5177.0
37 41 42 0.0 0.0 1.0 1832.0 20198.0 326.0 1877.0
37 41 43 0.0 0.0 0.0 533.0 5588.0 104.0 122.0
37 41 44 0.0 0.0 0.0 22.0 174.0 4.0 0.0
37 42 36 0.0 0.0 0.0 4.0 74.0 0.0 0.0
37 42 37 0.0 0.0 0.0 321.0 3277.0 59.0 36.0
37 42 38 0.0 5.0 1.0 1081.0 11226.0 204.0 512.0
37 42 39 0.0 0.0 1.0 1961.0 20299.0 327.0 1936.0
37 42 40 0.0 1.0 6.0 2111.0 22960.0 388.0 2559.0
37 42 41 0.0 0.0 4.0 1478.0 20014.0 346.0 1799.0
37 42 42 0.0 0.0 0.0 813.0 10609.0 177.0 379.0
37 42 43 0.0 1.0 0.0 383.0 3042.0 64.0 32.0
37 42 44 0.0 0.0 0.0 1.0 53.0 1.0 0.0
37 43 36 0.0 0.0 0.0 0.0 27.0 0.0 0.0
37 43 37 0.0 0.0 0.0 111.0 931.0 6.0 2.0
37 43 38 0.0 0.0 3.0 219.0 2662.0 46.0 23.0
37 43 39 0.0 0.0 2.0 660.0 6418.0 110.0 137.0
37 43 40 0.0 0.0 1.0 613.0 7044.0 123.0 165.0
37 43 41 0.0 0.0 0.0 572.0 5622.0 104.0 122.0
37 43 42 0.0 2.0 0.0 226.0 3142.0 61.0 31.0
37 43 43 0.0 0.0 0.0 49.0 738.0 16.0 2.0
37 43 44 0.0 0.0 0.0 2.0 14.0 0.0 0.0
37 44 37 0.0 0.0 0.0 1.0 9.0 0.0 0.0
37 44 38 0.0 0.0 0.0 4.0 68.0 3.0 0.0
37 44 39 0.0 0.0 0.0 8.0 155.0 2.0 0.0
37 44 40 0.0 0.0 0.0 19.0 164.0 3.0 0.0
37 44 41 0.0 0.0 0.0 10.0 131.0 3.0 0.0
37 44 42 0.0 0.0 0.0 8.0 71.0 2.0 0.0
37 44 43 0.0 0.0 0.0 2.0 11.0 0.0 0.0
38 35 39 0.0 0.0 0.0 0.0 1.0 0.0 0.0
38 35 40 0.0 0.0 0.0 0.0 2.0 0.0 0.0
38 36 36 0.0 0.0 0.0 1.0 2.0 0.0 0.0
38 36 37 0.0 0.0 0.0 1.0 87.0 3.0 0.0
38 36 38 0.0 0.0 0.0 12.0 268.0 8.0 0.0
38 36 39 0.0 0.0 0.0 69.0 546.0 12.0 1.0
38 36 40 0.0 0.0 0.0 45.0 897.0 12.0 1.0
38 36 41 0.0 0.0 0.0 68.0 723.0 11.0 2.0
38 36 42 0.0 0.0 0.0 20.0 334.0 6.0 0.0
38 36 43 0.0 0.0 0.0 7.0 76.0 4.0 0.0
38 36 44 0.0 0.0 0.0 0.0 9.0 0.0 0.0
38 37 36 0.0 0.0 0.0 2.0 50.0 0.0 0.0
38 37 37 0.0 0.0 0.0 307.0 3059.0 53.0 37.0
38 37 38 0.0 0.0 0.0 910.0 11268.0 191.0 473.0
38 37 39 0.0 0.0 2.0 1948.0 19032.0 299.0 1676.0
38 37 40 0.0 0.0 1.0 2213.0 22783.0 380.0 2492.0
38 37 41 0.0 0.0 1.0 1433.0 20432.0 307.0 1734.0
38 37 42 0.0 0.0 0.0 939.0 11856.0 197.0 545.0
38 37 43 0.0 0.0 0.0 367.0 3443.0 69.0 45.0
38 37 44 0.0 0.0 0.0 3.0 50.0 1.0 0.0
38 38 36 0.0 0.0 0.0 38.0 323.0 7.0 0.0
38 38 37 0.0 0.0 0.0 1372.0 11453.0 166.0 549.0
38 38 38 0.0 0.0 0.0 3085.0 40719.0 515.0 19781.0
38 38 39 0.0 0.0 6.0 3346.0 40786.0 441.0 36581.0
38 38 40 0.0 2.0 7.0 3503.0 38227.0 416.0 45950.0
38 38 41 0.0 3.0 6.0 4356.0 39727.0 428.0 36998.0
38 38 42 0.0 0.0 1.0 3070.0 39587.0 483.0 16115.0
38 38 43 0.0 0.0 0.0 1095.0 11272.0 195.0 484.0
38 38 44 0.0 0.0 0.0 32.0 311.0 10.0 1.0
38 38 45 0.0 0.0 0.0 0.0 1.0 0.0 0.0
38 39 36 0.0 1.0 0.0 86.0 829.0 12.0 1.0
38 39 37 0.0 8.0 0.0 2513.0 20418.0 373.0 2068.0
38 39 38 0.0 3.0 7.0 4782.0 37693.0 415.0 41892.0
38 39 39 0.0 1.0 2.0 3638.0 31525.0 310.0 63613.0
38 39 40 0.0 3.0 2.0 3379.0 28723.0 278.0 70411.0
38 39 41 0.0 3.0 5.0 3219.0 32723.0 316.0 61849.0
38 39 42 0.0 0.0 10.0 3937.0 40252.0 470.0 35291.0
38 39 43 0.0 0.0 1.0 1700.0 19785.0 297.0 1790.0
38 39 44 0.0 0.0 0.0 57.0 675.0 14.0 2.0
38 40 36 0.0 0.0 0.0 110.0 1058.0 22.0 2.0
38 40 37 0.0 0.0 6.0 2398.0 25288.0 408.0 3259.0
38 40 38 0.0 1.0 16.0 2888.0 36589.0 383.0 50469.0
38 40 39 0.0 2.0 9.0 2879.0 28470.0 259.0 72016.0
38 40 40 0.0 2.0 3.0 2512.0 25535.0 212.0 78418.0
38 40 41 0.0 2.0 7.0 2926.0 29035.0 273.0 70159.0
38 40 42 0.0 3.0 8.0 3407.0 38206.0 435.0 44250.0
38 40 43 0.0 0.0 1.0 1846.0 24547.0 396.0 2962.0
38 40 44 0.0 3.0 1.0 91.0 900.0 14.0 0.0
38 41 35 0.0 0.0 0.0 0.0 2.0 0.0 0.0
38 41 36 0.0 0.0 0.0 54.0 788.0 8.0 0.0
38 41 37 0.0 0.0 2.0 2166.0 21638.0 349.0 2139.0
38 41 38 0.0 3.0 7.0 3070.0 39579.0 424.0 40128.0
38 41 39 0.0 0.0 1.0 2717.0 32449.0 299.0 63576.0
38 41 40 0.0 1.0 2.0 2843.0 29899.0 257.0 69270.0
38 41 41 0.0 5.0 2.0 3075.0 33771.0 319.0 60783.0
38 41 42 0.0 0.0 8.0 3266.0 40355.0 463.0 37647.0
38 41 43 0.0 0.0 0.0 2067.0 18276.0 288.0 1626.0
38 41 44 0.0 0.0 0.0 104.0 706.0 10.0 0.0
38 41 45 0.0 0.0 0.0 1.0 0.0 0.0 0.0
38 42 36 0.0 0.0 0.0 23.0 360.0 4.0 1.0
38 42 37 0.0 0.0 1.0 939.0 11690.0 194.0 523.0
38 42 38 0.0 1.0 1.0 3502.0 40695.0 535.0 19600.0
38 42 39 0.0 13.0 8.0 3514.0 40525.0 449.0 37736.0
38 42 40 0.0 4.0 5.0 3684.0 37770.0 383.0 45428.0
38 42 41 0.0 4.0 2.0 3805.0 39990.0 456.0 37974.0
38 42 42 0.0 3.0 0.0 3238.0 39616.0 506.0 16483.0
38 42 43 0.0 1.0 0.0 991.0 11178.0 193.0 440.0
38 42 44 0.0 0.0 1.0 25.0 363.0 8.0 1.0
38 43 36 0.0 0.0 0.0 6.0 69.0 2.0 0.0
38 43 37 0.0 0.0 0.0 336.0 3180.0 62.0 29.0
38 43 38 0.0 1.0 0.0 865.0 11741.0 178.0 515.0
38 43 39 0.0 4.0 1.0 1861.0 19396.0 292.0 1811.0
38 43 40 0.0 0.0 2.0 2249.0 22920.0 364.0 2537.0
38 43 41 0.0 0.0 1.0 1878.0 20274.0 310.0 1919.0
38 43 42 0.0 1.0 4.0 1010.0 11609.0 213.0 495.0
38 43 43 0.0 0.0 0.0 286.0 2728.0 44.0 25.0
38 43 44 0.0 0.0 0.0 9.0 67.0 1.0 0.0
38 44 36 0.0 0.0 0.0 0.0 2.0 0.0 0.0
38 44 37 0.0 0.0 0.0 6.0 48.0 1.0 0.0
38 44 38 0.0 0.0 0.0 56.0 312.0 5.0 0.0
38 44 39 0.0 0.0 0.0 38.0 714.0 17.0 0.0
38 44 40 0.0 0.0 0.0 86.0 827.0 13.0 3.0
38 44 41 0.0 0.0 0.0 49.0 645.0 11.0 0.0
38 44 42 0.0 0.0 0.0 19.0 318.0 6.0 0.0
38 44 43 0.0 0.0 0.0 20.0 72.0 0.0 0.0
38 44 44 0.0 0.0 0.0 1.0 3.0 0.0 0.0
38 45 39 0.0 0.0 0.0 0.0 1.0 0.0 0.0
38 45 40 0.0 0.0 0.0 0.0 1.0 0.0 0.0
39 35 40 0.0 0.0 0.0 1.0 1.0 0.0 0.0
39 35 42 0.0 0.0 0.0 0.0 1.0 0.0 0.0
39 35 44 0.0 0.0 0.0 0.0 1.0 0.0 0.0
39 36 36 0.0 0.0 0.0 2.0 4.0 0.0 0.0
39 36 37 0.0 0.0 0.0 14.0 129.0 1.0 0.0
39 36 38 0.0 0.0 0.0 74.0 667.0 7.0 1.0
39 36 39 0.0 0.0 0.0 138.0 1570.0 23.0 4.0
39 36 40 0.0 0.0 0.0 211.0 1815.0 36.0 7.0
39 36 41 0.0 0.0 0.0 183.0 1510.0 32.0 5.0
39 36 42 0.0 0.0 0.0 80.0 661.0 12.0 1.0
39 36 43 0.0 0.0 0.0 27.0 222.0 2.0 0.0
39 36 44 0.0 0.0 0.0 1.0 6.0 0.0 0.0
39 37 36 0.0 0.0 0.0 25.0 144.0 1.0 1.0
39 37 37 0.0 0.0 0.0 601.0 6200.0 88.0 154.0
39 37 38 0.0 0.0 1.0 1793.0 19570.0 319.0 1709.0
39 37 39 0.0 0.0 2.0 3067.0 31966.0 388.0 6165.0
39 37 40 0.0 1.0 8.0 3577.0 35012.0 481.0 8883.0
39 37 41 0.0 1.0 0.0 3292.0 31345.0 467.0 5977.0
39 37 42 0.0 3.0 1.0 2483.0 20263.0 329.0 1941.0
39 37 43 0.0 0.0 0.0 583.0 7570.0 131.0 207.0
39 37 44 0.0 1.0 0.0 18.0 186.0 2.0 0.0
39 38 36 0.0 0.0 0.0 69.0 600.0 11.0 1.0
39 38 37 0.0 0.0 2.0 1891.0 21080.0 352.0 2059.0
39 38 38 0.0 0.0 2.0 5015.0 38918.0 462.0 36931.0
39 38 39 0.0 2.0 4.0 3031.0 32936.0 289.0 62790.0
39 38 40 0.0 1.0 5.0 2992.0 29741.0 250.0 68520.0
39 38 41 0.0 3.0 4.0 3251.0 32747.0 280.0 61969.0
39 38 42 0.0 4.0 1.0 4460.0 38919.0 449.0 39066.0
39 38 43 0.0 1.0 0.0 1986.0 20036.0 328.0 1782.0
39 38 44 0.0 0.0 0.0 70.0 910.0 10.0 2.0
39 39 35 0.0 0.0 0.0 0.0 2.0 0.0 0.0
39 39 36 0.0 0.0 1.0 205.0 1544.0 23.0 6.0
39 39 37 0.0 0.0 12.0 3487.0 31644.0 475.0 6177.0
39 39 38 0.0 0.0 2.0 3427.0 32393.0 298.0 63011.0
39 39 39 0.0 1.0 5.0 1446.0 14155.0 87.0 108518.0
39 39 40 0.0 0.0 6.0 1254.0 12325.0 75.0 113471.0
39 39 41 0.0 3.0 1.0 1569.0 14087.0 96.0 107999.0
39 39 42 0.0 4.0 5.0 3183.0 32224.0 321.0 63095.0
39 39 43 0.0 1.0 1.0 2671.0 31710.0 448.0 5867.0
39 39 44 0.0 0.0 0.0 148.0 1610.0 24.0 7.0
39 39 45 0.0 0.0 0.0 0.0 2.0 0.0 0.0
39 40 36 0.0 2.0 0.0 245.0 1861.0 33.0 12.0
39 40 37 0.0 1.0 7.0 3237.0 36425.0 512.0 9422.0
39 40 38 0.0 1.0 4.0 2723.0 29053.0 247.0 71393.0
39 40 39 0.0 1.0 2.0 1130.0 11562.0 62.0 116238.0
39 40 40 0.0 3.0 2.0 1073.0 10210.0 59.0 120172.0
39 40 41 0.0 3.0 5.0 1246.0 12237.0 85.0 114468.0
39 40 42 0.0 0.0 9.0 2942.0 29015.0 247.0 70660.0
39 40 43 0.0 18.0 2.0 3222.0 35875.0 516.0 8646.0
39 40 44 0.0 0.0 0.0 152.0 2057.0 31.0 13.0
39 40 45 0.0 0.0 0.0 0.0 1.0 0.0 0.0
39 41 35 0.0 0.0 0.0 0.0 1.0 0.0 0.0
39 41 36 0.0 0.0 0.0 151.0 1644.0 34.0 8.0
39 41 37 0.0 1.0 1.0 2725.0 32388.0 454.0 6507.0
39 41 38 0.0 0.0 4.0 2983.0 32439.0 291.0 63928.0
39 41 39 0.0 0.0 3.0 1351.0 13769.0 106.0 110158.0
39 41 40 0.0 4.0 3.0 1215.0 12774.0 74.0 112989.0
39 41 41 0.0 6.0 3.0 1473.0 14313.0 106.0 108083.0
39 41 42 0.0 1.0 5.0 3631.0 32483.0 320.0 61650.0
39 41 43 0.0 15.0 4.0 3029.0 30567.0 449.0 5658.0
39 41 44 0.0 0.0 0.0 157.0 1326.0 18.0 4.0
39 41 45 0.0 0.0 0.0 0.0 1.0 0.0 0.0
39 42 36 0.0 0.0 0.0 79.0 744.0 20.0 0.0
39 42 37 0.0 0.0 1.0 1714.0 20588.0 337.0 1885.0
39 42 38 0.0 0.0 6.0 3728.0 39217.0 405.0 39214.0
39 42 39 0.0 4.0 5.0 3339.0 32547.0 317.0 62681.0
39 42 40 0.0 6.0 5.0 3164.0 28955.0 255.0 70481.0
39 42 41 0.0 5.0 12.0 3414.0 32589.0 287.0 62303.0
39 42 42 0.0 4.0 14.0 4573.0 39160.0 418.0 37213.0
39 42 43 0.0 0.0 0.0 1975.0 20078.0 324.0 1845.0
39 42 44 0.0 0.0 0.0 113.0 635.0 17.0 0.0
39 43 36 0.0 0.0 0.0 11.0 150.0 3.0 0.0
39 43 37 0.0 0.0 0.0 778.0 5608.0 108.0 98.0
39 43 38 0.0 1.0 3.0 1744.0 20205.0 310.0 1849.0
39 43 39 0.0 6.0 10.0 2753.0 32172.0 471.0 6255.0
39 43 40 0.0 0.0 6.0 3229.0 35113.0 513.0 8346.0
39 43 41 0.0 3.0 0.0 2900.0 31244.0 423.0 5674.0
39 43 42 0.0 1.0 0.0 2077.0 20817.0 343.0 1919.0
39 43 43 0.0 0.0 0.0 654.0 6366.0 106.0 149.0
39 43 44 0.0 0.0 0.0 8.0 109.0 1.0 0.0
39 44 36 0.0 0.0 0.0 0.0 6.0 0.0 0.0
39 44 37 0.0 0.0 0.0 13.0 188.0 5.0 0.0
39 44 38 0.0 0.0 0.0 59.0 736.0 16.0 1.0
39 44 39 0.0 0.0 0.0 117.0 1506.0 20.0 4.0
39 44 40 0.0 0.0 0.0 167.0 1972.0 33.0 13.0
39 44 41 0.0 0.0 0.0 103.0 1262.0 25.0 3.0
39 44 42 0.0 0.0 0.0 85.0 695.0 5.0 1.0
39 44 43 0.0 0.0 0.0 10.0 146.0 4.0 0.0
39 44 44 0.0 0.0 0.0 0.0 5.0 0.0 0.0
39 45 38 0.0 0.0 0.0 0.0 1.0 0.0 0.0
39 45 40 0.0 0.0 0.0 0.0 1.0 0.0 0.0
39 45 41 0.0 0.0 0.0 0.0 9.0 1.0 0.0
40 35 39 0.0 0.0 0.0 0.0 1.0 0.0 0.0
40 35 41 0.0 0.0 0.0 0.0 1.0 0.0 0.0
40 36 36 0.0 0.0 0.0 1.0 14.0 0.0 0.0
40 36 37 0.0 0.0 0.0 23.0 209.0 1.0 0.0
40 36 38 0.0 0.0 1.0 75.0 967.0 16.0 2.0
40 36 39 0.0 1.0 0.0 193.0 1971.0 25.0 9.0
40 36 40 0.0 0.0 0.0 189.0 2618.0 44.0 14.0
40 36 41 0.0 0.0 0.0 193.0 2185.0 37.0 11.0
40 36 42 0.0 0.0 1.0 89.0 992.0 15.0 2.0
40 36 43 0.0 0.0 0.0 32.0 401.0 10.0 0.0
40 36 44 0.0 0.0 0.0 0.0 27.0 0.0 0.0
40 37 36 0.0 0.0 0.0 7.0 216.0 1.0 0.0
40 37 37 0.0 0.0 1.0 663.0 7667.0 138.0 206.0
40 37 38 0.0 0.0 0.0 2163.0 24399.0 363.0 2927.0
40 37 39 0.0 6.0 11.0 3605.0 35105.0 501.0 8847.0
40 37 40 0.0 1.0 2.0 3658.0 37972.0 508.0 11934.0
40 37 41 0.0 6.0 1.0 3544.0 35208.0 471.0 9198.0
40 37 42 0.0 0.0 3.0 2651.0 25450.0 382.0 3503.0
40 37 43 0.0 0.0 5.0 1018.0 9531.0 154.0 360.0
40 37 44 0.0 0.0 0.0 29.0 242.0 7.0 0.0
40 38 35 0.0 0.0 0.0 0.0 5.0 0.0 0.0
40 38 36 0.0 0.0 0.0 78.0 918.0 13.0 0.0
40 38 37 0.0 0.0 7.0 2547.0 22178.0 359.0 2410.0
40 38 38 0.0 0.0 1.0 3777.0 37732.0 382.0 45472.0
40 38 39 0.0 1.0 15.0 2723.0 29117.0 288.0 71328.0
40 38 40 0.0 3.0 7.0 2581.0 25041.0 234.0 79831.0
40 38 41 0.0 5.0 1.0 2625.0 28608.0 266.0 71938.0
40 38 42 0.0 4.0 3.0 3231.0 36520.0 371.0 50338.0
40 38 43 0.0 1.0 5.0 2190.0 25692.0 372.0 3434.0
40 38 44 0.0 0.0 0.0 101.0 1119.0 25.0 1.0
40 38 45 0.0 0.0 0.0 0.0 2.0 0.0 0.0
40 39 35 0.0 0.0 0.0 1.0 2.0 0.0 0.0
40 39 36 0.0 0.0 1.0 162.0 1946.0 38.0 8.0
40 39 37 0.0 0.0 1.0 3265.0 35343.0 479.0 8218.0
40 39 38 0.0 1.0 5.0 2970.0 28606.0 247.0 71836.0
40 39 39 0.0 1.0 1.0 1305.0 12615.0 87.0 113118.0
40 39 40 0.0 0.0 6.0 983.0 10375.0 67.0 119787.0
40 39 41 0.0 4.0 1.0 1242.0 11890.0 74.0 115538.0
40 39 42 0.0 7.0 5.0 2852.0 27997.0 260.0 72872.0
40 39 43 0.0 9.0 8.0 3355.0 36962.0 491.0 9943.0
40 39 44 0.0 0.0 0.0 238.0 2461.0 40.0 13.0
40 39 45 0.0 0.0 0.0 0.0 1.0 0.0 0.0
40 40 35 0.0 0.0 0.0 0.0 1.0 0.0 0.0
40 40 36 0.0 1.0 3.0 261.0 2542.0 48.0 9.0
40 40 37 0.0 0.0 15.0 3532.0 37916.0 524.0 11283.0
40 40 38 0.0 1.0 8.0 2560.0 24915.0 220.0 79872.0
40 40 39 0.0 2.0 1.0 1076.0 10596.0 61.0 118747.0
40 40 40 0.0 0.0 1.0 568.0 5613.0 29.0 142741.0
40 40 41 0.0 3.0 2.0 1013.0 10040.0 59.0 120628.0
40 40 42 0.0 2.0 7.0 2356.0 24848.0 216.0 79582.0
40 40 43 0.0 13.0 16.0 3761.0 38424.0 524.0 11956.0
40 40 44 0.0 0.0 0.0 220.0 2913.0 43.0 17.0
40 41 36 0.0 0.0 0.0 199.0 1882.0 24.0 9.0
40 41 37 0.0 4.0 8.0 3786.0 34921.0 512.0 8611.0
40 41 38 0.0 2.0 7.0 2631.0 28919.0 256.0 72120.0
40 41 39 0.0 0.0 2.0 1179.0 12331.0 95.0 114548.0
40 41 40 0.0 3.0 1.0 1032.0 10035.0 69.0 120112.0
40 41 41 0.0 2.0 3.0 1354.0 11982.0 89.0 114108.0
40 41 42 0.0 12.0 6.0 2754.0 29689.0 272.0 69606.0
40 41 43 0.0 3.0 2.0 3480.0 34369.0 469.0 7981.0
40 41 44 0.0 0.0 0.0 186.0 1953.0 33.0 10.0
40 42 36 0.0 0.0 0.0 64.0 938.0 25.0 1.0
40 42 37 0.0 0.0 4.0 2278.0 22749.0 344.0 2596.0
40 42 38 0.0 0.0 9.0 3383.0 37669.0 371.0 45405.0
40 42 39 0.0 7.0 10.0 2562.0 29360.0 275.0 70897.0
40 42 40 0.0 1.0 10.0 2238.0 25984.0 241.0 78374.0
40 42 41 0.0 2.0 8.0 3072.0 29085.0 242.0 70074.0
40 42 42 0.0 2.0 1.0 4468.0 36922.0 392.0 46227.0
40 42 43 0.0 1.0 0.0 2287.0 22246.0 383.0 2222.0
40 42 44 0.0 0.0 0.0 69.0 757.0 15.0 1.0
40 43 36 0.0 0.0 0.0 27.0 203.0 7.0 0.0
40 43 37 0.0 0.0 0.0 807.0 7852.0 119.0 227.0
40 43 38 0.0 0.0 4.0 2179.0 22492.0 349.0 2486.0
40 43 39 0.0 1.0 0.0 3152.0 34875.0 502.0 8101.0
40 43 40 0.0 0.0 3.0 3419.0 37767.0 502.0 10853.0
40 43 41 0.0 1.0 0.0 3196.0 34918.0 512.0 8159.0
40 43 42 0.0 6.0 2.0 2568.0 23480.0 371.0 2599.0
40 43 43 0.0 0.0 0.0 685.0 7020.0 109.0 153.0
40 43 44 0.0 0.0 0.0 22.0 175.0 4.0 0.0
40 44 36 0.0 0.0 0.0 1.0 12.0 0.0 0.0
40 44 37 0.0 0.0 0.0 11.0 165.0 1.0 0.0
40 44 38 0.0 0.0 0.0 64.0 786.0 11.0 0.0
40 44 39 0.0 0.0 1.0 199.0 1985.0 40.0 13.0
40 44 40 0.0 0.0 0.0 198.0 2442.0 58.0 5.0
40 44 41 0.0 0.0 1.0 152.0 1846.0 37.0 5.0
40 44 42 0.0 0.0 0.0 98.0 799.0 12.0 1.0
40 44 43 0.0 0.0 0.0 31.0 178.0 6.0 0.0
40 44 44 0.0 0.0 0.0 0.0 21.0 0.0 0.0
40 45 38 0.0 0.0 0.0 0.0 1.0 0.0 0.0
40 45 39 0.0 0.0 0.0 0.0 1.0 0.0 0.0
40 45 40 0.0 0.0 0.0 0.0 3.0 0.0 0.0
40 45 41 0.0 0.0 0.0 0.0 3.0 0.0 0.0
41 35 39 0.0 0.0 0.0 0.0 2.0 0.0 0.0
41 35 40 0.0 0.0 0.0 0.0 1.0 0.0 0.0
41 35 41 0.0 0.0 0.0 0.0 1.0 0.0 0.0
41 36 36 0.0 0.0 0.0 1.0 8.0 0.0 0.0
41 36 37 0.0 0.0 0.0 12.0 164.0 4.0 0.0
41 36 38 0.0 0.0 0.0 114.0 779.0 13.0 0.0
41 36 39 0.0 0.0 0.0 148.0 1736.0 30.0 5.0
41 36 40 0.0 0.0 0.0 167.0 2218.0 42.0 6.0
41 36 41 0.0 0.0 0.0 200.0 1938.0 33.0 7.0
41 36 42 0.0 0.0 1.0 82.0 907.0 16.0 1.0
41 36 43 0.0 0.0 0.0 23.0 177.0 2.0 0.0
41 36 44 0.0 0.0 0.0 2.0 17.0 0.0 0.0
41 37 36 0.0 0.0 0.0 25.0 150.0 5.0 0.0
41 37 37 0.0 0.0 1.0 603.0 6214.0 94.0 155.0
41 37 38 0.0 0.0 0.0 1941.0 20350.0 355.0 1875.0
41 37 39 0.0 0.0 0.0 3144.0 32488.0 461.0 6540.0
41 37 40 0.0 0.0 0.0 3271.0 37221.0 459.0 10284.0
41 37 41 0.0 6.0 7.0 3604.0 34287.0 499.0 8263.0
41 37 42 0.0 5.0 2.0 2082.0 24371.0 421.0 2910.0
41 37 43 0.0 4.0 7.0 639.0 10126.0 179.0 407.0
41 37 44 0.0 0.0 0.0 33.0 280.0 4.0 0.0
41 37 45 0.0 0.0 0.0 2.0 0.0 0.0 0.0
41 38 36 0.0 0.0 0.0 82.0 635.0 10.0 0.0
41 38 37 0.0 0.0 9.0 2314.0 19142.0 335.0 1807.0
41 38 38 0.0 3.0 4.0 4442.0 39466.0 445.0 37438.0
41 38 39 0.0 1.0 2.0 3320.0 32323.0 285.0 63528.0
41 38 40 0.0 3.0 12.0 2830.0 27514.0 229.0 74361.0
41 38 41 0.0 4.0 5.0 2797.0 30176.0 270.0 69116.0
41 38 42 0.0 2.0 6.0 2555.0 37492.0 387.0 48974.0
41 38 43 0.0 0.0 8.0 2172.0 24953.0 392.0 3101.0
41 38 44 0.0 0.0 0.0 69.0 1070.0 17.0 2.0
41 38 45 0.0 0.0 0.0 0.0 1.0 0.0 0.0
41 39 35 0.0 0.0 0.0 0.0 1.0 0.0 0.0
41 39 36 0.0 0.0 0.0 125.0 1515.0 29.0 4.0
41 39 37 0.0 0.0 0.0 3007.0 31190.0 447.0 5905.0
41 39 38 0.0 1.0 2.0 3260.0 33642.0 330.0 60644.0
41 39 39 0.0 1.0 1.0 1424.0 13715.0 105.0 110071.0
41 39 40 0.0 3.0 1.0 1129.0 11760.0 55.0 116347.0
41 39 41 0.0 0.0 3.0 1130.0 12576.0 95.0 114652.0
41 39 42 0.0 6.0 7.0 2794.0 30793.0 301.0 68413.0
41 39 43 0.0 6.0 25.0 2790.0 35741.0 502.0 8753.0
41 39 44 0.0 3.0 0.0 209.0 2136.0 33.0 11.0
41 39 45 0.0 0.0 0.0 0.0 2.0 0.0 0.0
41 40 35 0.0 0.0 0.0 0.0 3.0 0.0 0.0
41 40 36 0.0 0.0 0.0 153.0 2101.0 44.0 7.0
41 40 37 0.0 1.0 8.0 2963.0 35999.0 461.0 8890.0
41 40 38 0.0 2.0 3.0 3026.0 28705.0 263.0 71452.0
41 40 39 0.0 1.0 2.0 1092.0 11851.0 86.0 116059.0
41 40 40 0.0 0.0 2.0 930.0 9936.0 63.0 121364.0
41 40 41 0.0 2.0 2.0 1032.0 12493.0 83.0 114627.0
41 40 42 0.0 1.0 0.0 2548.0 28089.0 257.0 73761.0
41 40 43 0.0 4.0 1.0 3207.0 37066.0 487.0 9921.0
41 40 44 0.0 0.0 0.0 227.0 2298.0 50.0 7.0
41 40 45 0.0 0.0 0.0 1.0 2.0 0.0 0.0
41 41 35 0.0 0.0 0.0 0.0 1.0 0.0 0.0
41 41 36 0.0 0.0 0.0 115.0 1767.0 35.0 6.0
41 41 37 0.0 0.0 1.0 3069.0 31402.0 439.0 6078.0
41 41 38 0.0 3.0 7.0 2817.0 33106.0 279.0 63286.0
41 41 39 0.0 1.0 10.0 1225.0 14377.0 90.0 108509.0
41 41 40 0.0 4.0 4.0 1180.0 12190.0 91.0 114889.0
41 41 41 0.0 2.0 1.0 1415.0 13802.0 110.0 109567.0
41 41 42 0.0 10.0 3.0 3697.0 32332.0 323.0 62367.0
41 41 43 0.0 2.0 0.0 3065.0 32819.0 463.0 6693.0
41 41 44 0.0 0.0 0.0 134.0 1639.0 30.0 10.0
41 41 45 0.0 0.0 0.0 0.0 5.0 0.0 0.0
41 42 36 0.0 0.0 0.0 69.0 702.0 19.0 0.0
41 42 37 0.0 0.0 3.0 2187.0 20587.0 361.0 1900.0
41 42 38 0.0 0.0 8.0 4529.0 39283.0 424.0 38551.0
41 42 39 0.0 3.0 6.0 2736.0 33558.0 344.0 61886.0
41 42 40 0.0 3.0 1.0 2602.0 29835.0 257.0 70525.0
41 42 41 0.0 4.0 5.0 3082.0 33035.0 343.0 62068.0
41 42 42 0.0 0.0 0.0 3974.0 39039.0 415.0 40226.0
41 42 43 0.0 0.0 0.0 2205.0 19607.0 320.0 1759.0
41 42 44 0.0 0.0 0.0 57.0 624.0 10.0 0.0
41 43 36 0.0 0.0 0.0 12.0 120.0 1.0 0.0
41 43 37 0.0 0.0 1.0 794.0 6332.0 101.0 149.0
41 43 38 0.0 1.0 0.0 1905.0 20650.0 312.0 1876.0
41 43 39 0.0 1.0 0.0 2640.0 32131.0 460.0 6002.0
41 43 40 0.0 8.0 0.0 3127.0 34632.0 505.0 8067.0
41 43 41 0.0 3.0 6.0 3026.0 31504.0 468.0 6037.0
41 43 42 0.0 7.0 0.0 2210.0 20413.0 303.0 1875.0
41 43 43 0.0 0.0 0.0 778.0 6319.0 113.0 146.0
41 43 44 0.0 0.0 0.0 23.0 164.0 1.0 0.0
41 44 36 0.0 0.0 0.0 1.0 6.0 0.0 0.0
41 44 37 0.0 0.0 0.0 14.0 166.0 6.0 0.0
41 44 38 0.0 0.0 0.0 39.0 672.0 14.0 0.0
41 44 39 0.0 0.0 0.0 113.0 1496.0 19.0 6.0
41 44 40 0.0 0.0 0.0 142.0 1949.0 38.0 7.0
41 44 41 0.0 0.0 0.0 177.0 1452.0 19.0 4.0
41 44 42 0.0 0.0 0.0 67.0 661.0 8.0 3.0
41 44 43 0.0 0.0 0.0 11.0 170.0 0.0 0.0
41 44 44 0.0 0.0 0.0 0.0 7.0 0.0 0.0
42 35 40 0.0 0.0 0.0 0.0 3.0 1.0 0.0
42 35 41 0.0 0.0 0.0 0.0 3.0 0.0 0.0
42 36 36 0.0 0.0 0.0 1.0 6.0 0.0 0.0
42 36 37 0.0 0.0 0.0 7.0 40.0 0.0 0.0
42 36 38 0.0 0.0 0.0 46.0 311.0 4.0 0.0
42 36 39 0.0 0.0 0.0 68.0 824.0 12.0 2.0
42 36 40 0.0 0.0 0.0 123.0 1179.0 21.0 1.0
42 36 41 0.0 0.0 0.0 103.0 1035.0 28.0 5.0
42 36 42 0.0 0.0 0.0 60.0 509.0 9.0 0.0
42 36 43 0.0 0.0 0.0 30.0 99.0 2.0 0.0
42 36 44 0.0 0.0 0.0 0.0 17.0 0.0 0.0
42 37 36 0.0 0.0 0.0 28.0 52.0 0.0 0.0
42 37 37 0.0 0.0 0.0 374.0 3331.0 69.0 49.0
42 37 38 0.0 0.0 0.0 1253.0 12147.0 188.0 576.0
42 37 39 0.0 0.0 5.0 2122.0 22440.0 349.0 2466.0
42 37 40 0.0 2.0 6.0 2532.0 26675.0 402.0 3924.0
42 37 41 0.0 5.0 10.0 2304.0 25322.0 395.0 3267.0
42 37 42 0.0 0.0 2.0 1235.0 16200.0 235.0 1126.0
42 37 43 0.0 0.0 2.0 347.0 5677.0 93.0 98.0
42 37 44 0.0 0.0 0.0 17.0 145.0 2.0 0.0
42 38 36 0.0 0.0 3.0 18.0 354.0 5.0 0.0
42 38 37 0.0 0.0 2.0 1060.0 11704.0 205.0 586.0
42 38 38 0.0 1.0 8.0 3340.0 40968.0 505.0 24142.0
42 38 39 0.0 1.0 0.0 3737.0 38557.0 397.0 42943.0
42 38 40 0.0 9.0 3.0 3412.0 34452.0 347.0 54261.0
42 38 41 0.0 3.0 13.0 2771.0 37152.0 413.0 49448.0
42 38 42 0.0 3.0 2.0 2768.0 41121.0 448.0 32009.0
42 38 43 0.0 0.0 0.0 1209.0 17542.0 262.0 1304.0
42 38 44 0.0 0.0 0.0 36.0 529.0 7.0 0.0
42 38 45 0.0 0.0 0.0 0.0 1.0 0.0 0.0
42 39 36 0.0 0.0 0.0 74.0 774.0 16.0 5.0
42 39 37 0.0 0.0 0.0 1845.0 20776.0 346.0 1957.0
42 39 38 0.0 0.0 1.0 3152.0 39083.0 403.0 43026.0
42 39 39 0.0 5.0 5.0 3387.0 32040.0 299.0 63817.0
42 39 40 0.0 5.0 7.0 2659.0 26864.0 230.0 75673.0
42 39 41 0.0 3.0 14.0 2745.0 30108.0 263.0 68528.0
42 39 42 0.0 5.0 12.0 2605.0 37377.0 420.0 49282.0
42 39 43 0.0 0.0 0.0 1974.0 24712.0 371.0 2881.0
42 39 44 0.0 0.0 0.0 71.0 972.0 16.0 1.0
42 40 36 0.0 0.0 0.0 100.0 930.0 15.0 0.0
42 40 37 0.0 0.0 2.0 1816.0 24394.0 394.0 2776.0
42 40 38 0.0 0.0 4.0 3043.0 37685.0 384.0 47075.0
42 40 39 0.0 0.0 1.0 2319.0 28775.0 253.0 73077.0
42 40 40 0.0 2.0 3.0 2213.0 24922.0 211.0 80295.0
42 40 41 0.0 1.0 8.0 2374.0 28130.0 257.0 73953.0
42 40 42 0.0 2.0 5.0 2794.0 36254.0 366.0 52348.0
42 40 43 0.0 0.0 3.0 2718.0 26591.0 437.0 3942.0
42 40 44 0.0 0.0 0.0 110.0 1151.0 16.0 2.0
42 40 45 0.0 0.0 0.0 0.0 3.0 0.0 0.0
42 41 36 0.0 0.0 0.0 60.0 687.0 16.0 1.0
42 41 37 0.0 0.0 5.0 1947.0 20070.0 329.0 1778.0
42 41 38 0.0 0.0 4.0 3002.0 40256.0 430.0 39101.0
42 41 39 0.0 0.0 4.0 2258.0 34174.0 309.0 61953.0
42 41 40 0.0 3.0 2.0 2322.0 28615.0 257.0 72616.0
42 41 41 0.0 1.0 4.0 2816.0 32540.0 281.0 64185.0
42 41 42 0.0 2.0 3.0 3240.0 40107.0 441.0 40058.0
42 41 43 0.0 13.0 0.0 1858.0 22840.0 384.0 2516.0
42 41 44 0.0 0.0 0.0 69.0 760.0 17.0 1.0
42 42 36 0.0 0.0 0.0 30.0 301.0 2.0 0.0
42 42 37 0.0 0.0 0.0 1186.0 11762.0 229.0 570.0
42 42 38 0.0 4.0 2.0 4176.0 38762.0 517.0 17654.0
42 42 39 0.0 0.0 5.0 3059.0 40073.0 412.0 39777.0
42 42 40 0.0 6.0 1.0 3096.0 37495.0 390.0 48136.0
42 42 41 0.0 0.0 2.0 4507.0 38501.0 410.0 40299.0
42 42 42 0.0 13.0 0.0 3397.0 40540.0 508.0 19225.0
42 42 43 0.0 4.0 0.0 1114.0 11720.0 227.0 519.0
42 42 44 0.0 0.0 0.0 20.0 337.0 8.0 0.0
42 43 36 0.0 0.0 0.0 9.0 55.0 1.0 0.0
42 43 37 0.0 0.0 0.0 398.0 2811.0 43.0 34.0
42 43 38 0.0 0.0 0.0 1010.0 11259.0 183.0 448.0
42 43 39 0.0 2.0 6.0 1551.0 20959.0 298.0 1980.0
42 43 40 0.0 0.0 1.0 2219.0 22892.0 348.0 2462.0
42 43 41 0.0 2.0 0.0 2019.0 20394.0 332.0 1902.0
42 43 42 0.0 1.0 1.0 1023.0 11541.0 207.0 501.0
42 43 43 0.0 0.0 0.0 361.0 3330.0 64.0 31.0
42 43 44 0.0 0.0 0.0 8.0 45.0 1.0 0.0
42 44 36 0.0 0.0 0.0 1.0 1.0 0.0 0.0
42 44 37 0.0 0.0 0.0 3.0 45.0 2.0 0.0
42 44 38 0.0 0.0 0.0 37.0 337.0 5.0 1.0
42 44 39 0.0 0.0 0.0 55.0 652.0 10.0 1.0
42 44 40 0.0 0.0 0.0 63.0 912.0 13.0 0.0
42 44 41 0.0 0.0 0.0 62.0 640.0 14.0 0.0
42 44 42 0.0 0.0 0.0 32.0 329.0 8.0 0.0
42 44 43 0.0 0.0 0.0 5.0 75.0 1.0 0.0
42 44 44 0.0 0.0 0.0 0.0 2.0 0.0 0.0
42 45 39 0.0 0.0 0.0 0.0 1.0 0.0 0.0
43 36 36 0.0 0.0 0.0 5.0 1.0 0.0 0.0
43 36 37 0.0 0.0 0.0 1.0 21.0 2.0 0.0
43 36 38 0.0 0.0 0.0 11.0 105.0 2.0 0.0
43 36 39 0.0 0.0 0.0 13.0 239.0 4.0 0.0
43 36 40 0.0 0.0 0.0 39.0 380.0 5.0 1.0
43 36 41 0.0 0.0 0.0 24.0 275.0 4.0 0.0
43 36 42 0.0 0.0 0.0 6.0 133.0 1.0 0.0
43 36 43 0.0 0.0 0.0 10.0 32.0 1.0 0.0
43 36 44 0.0 0.0 0.0 0.0 4.0 0.0 0.0
43 37 36 0.0 0.0 0.0 2.0 17.0 0.0 0.0
43 37 37 0.0 0.0 0.0 62.0 977.0 14.0 1.0
43 37 38 0.0 0.0 0.0 464.0 4008.0 63.0 58.0
43 37 39 0.0 0.0 0.0 656.0 8455.0 151.0 245.0
43 37 40 0.0 1.0 2.0 906.0 10769.0 186.0 427.0
43 37 41 0.0 0.0 2.0 831.0 9207.0 149.0 257.0
43 37 42 0.0 0.0 0.0 267.0 6199.0 101.0 127.0
43 37 43 0.0 0.0 0.0 70.0 2047.0 34.0 14.0
43 37 44 0.0 0.0 0.0 12.0 61.0 1.0 0.0
43 38 36 0.0 0.0 0.0 4.0 62.0 1.0 0.0
43 38 37 0.0 0.0 0.0 302.0 4559.0 86.0 55.0
43 38 38 0.0 0.0 2.0 1358.0 12649.0 221.0 637.0
43 38 39 0.0 0.0 5.0 2137.0 24175.0 388.0 2877.0
43 38 40 0.0 0.0 3.0 2234.0 28373.0 409.0 4411.0
43 38 41 0.0 0.0 0.0 2445.0 26646.0 393.0 3678.0
43 38 42 0.0 0.0 3.0 1187.0 16434.0 259.0 1138.0
43 38 43 0.0 0.0 0.0 357.0 5949.0 110.0 84.0
43 38 44 0.0 0.0 0.0 3.0 147.0 0.0 0.0
43 39 36 0.0 0.0 0.0 21.0 146.0 3.0 0.0
43 39 37 0.0 0.0 0.0 511.0 7789.0 141.0 209.0
43 39 38 0.0 0.0 2.0 1882.0 21465.0 352.0 2197.0
43 39 39 0.0 0.0 6.0 3481.0 34129.0 480.0 7739.0
43 39 40 0.0 8.0 5.0 3419.0 37280.0 518.0 10680.0
43 39 41 0.0 4.0 4.0 2908.0 36287.0 464.0 9064.0
43 39 42 0.0 0.0 16.0 1820.0 26349.0 423.0 3674.0
43 39 43 0.0 0.0 0.0 621.0 9595.0 166.0 283.0
43 39 44 0.0 0.0 0.0 17.0 249.0 4.0 0.0
43 40 36 0.0 0.0 0.0 17.0 221.0 4.0 0.0
43 40 37 0.0 0.0 0.0 595.0 9132.0 163.0 269.0
43 40 38 0.0 0.0 5.0 1949.0 24479.0 345.0 2816.0
43 40 39 0.0 1.0 3.0 3064.0 35954.0 467.0 8782.0
43 40 40 0.0 0.0 16.0 2943.0 40322.0 505.0 13666.0
43 40 41 0.0 10.0 2.0 3716.0 36882.0 488.0 10538.0
43 40 42 0.0 7.0 1.0 2372.0 26526.0 408.0 3674.0
43 40 43 0.0 0.0 0.0 753.0 10538.0 160.0 410.0
43 40 44 0.0 0.0 0.0 35.0 270.0 5.0 0.0
43 41 36 0.0 0.0 1.0 15.0 119.0 4.0 0.0
43 41 37 0.0 0.0 0.0 528.0 6751.0 126.0 145.0
43 41 38 0.0 0.0 2.0 1383.0 20661.0 332.0 1801.0
43 41 39 0.0 1.0 2.0 2404.0 32925.0 444.0 6458.0
43 41 40 0.0 0.0 12.0 3007.0 36605.0 487.0 9693.0
43 41 41 0.0 2.0 0.0 2540.0 34298.0 515.0 7480.0
43 41 42 0.0 0.0 1.0 1897.0 21326.0 370.0 2137.0
43 41 43 0.0 0.0 0.0 589.0 7533.0 148.0 189.0
43 41 44 0.0 0.0 0.0 23.0 206.0 7.0 0.0
43 42 36 0.0 0.0 0.0 0.0 44.0 0.0 0.0
43 42 37 0.0 0.0 0.0 258.0 3430.0 43.0 44.0
43 42 38 0.0 0.0 3.0 703.0 11520.0 201.0 530.0
43 42 39 0.0 0.0 3.0 1434.0 20906.0 312.0 1852.0
43 42 40 0.0 2.0 2.0 1735.0 25633.0 384.0 3211.0
43 42 41 0.0 1.0 0.0 2077.0 21194.0 354.0 2081.0
43 42 42 0.0 0.0 0.0 1225.0 12364.0 214.0 594.0
43 42 43 0.0 0.0 0.0 398.0 2962.0 51.0 25.0
43 42 44 0.0 0.0 0.0 2.0 85.0 0.0 0.0
43 43 36 0.0 0.0 0.0 1.0 18.0 1.0 0.0
43 43 37 0.0 0.0 1.0 48.0 693.0 7.0 1.0
43 43 38 0.0 0.0 0.0 226.0 3277.0 46.0 25.0
43 43 39 0.0 0.0 0.0 296.0 6911.0 128.0 137.0
43 43 40 0.0 1.0 0.0 889.0 8752.0 144.0 281.0
43 43 41 0.0 4.0 0.0 688.0 6941.0 123.0 146.0
43 43 42 0.0 2.0 0.0 396.0 3120.0 48.0 36.0
43 43 43 0.0 0.0 0.0 38.0 779.0 13.0 1.0
43 43 44 0.0 0.0 0.0 3.0 7.0 0.0 0.0
43 44 37 0.0 0.0 0.0 0.0 7.0 1.0 0.0
43 44 38 0.0 0.0 0.0 4.0 80.0 4.0 0.0
43 44 39 0.0 0.0 0.0 25.0 156.0 5.0 0.0
43 44 40 0.0 0.0 0.0 16.0 194.0 4.0 0.0
43 44 41 0.0 0.0 0.0 10.0 153.0 1.0 0.0
43 44 42 0.0 0.0 0.0 1.0 63.0 3.0 0.0
43 44 43 0.0 0.0 0.0 0.0 28.0 1.0 0.0
44 36 38 0.0 0.0 0.0 0.0 1.0 0.0 0.0
44 36 39 0.0 0.0 0.0 0.0 21.0 0.0 0.0
44 36 40 0.0 0.0 0.0 0.0 19.0 0.0 0.0
44 36 41 0.0 0.0 0.0 0.0 14.0 1.0 0.0
44 36 42 0.0 0.0 0.0 1.0 7.0 0.0 0.0
44 36 43 0.0 0.0 0.0 2.0 5.0 0.0 0.0
44 36 44 0.0 0.0 0.0 0.0 2.0 0.0 0.0
44 37 37 0.0 0.0 0.0 3.0 17.0 0.0 0.0
44 37 38 0.0 0.0 0.0 12.0 120.0 2.0 0.0
44 37 39 0.0 0.0 0.0 35.0 261.0 5.0 0.0
44 37 40 0.0 0.0 0.0 40.0 351.0 9.0 0.0
44 37 41 0.0 0.0 0.0 32.0 314.0 7.0 0.0
44 37 42 0.0 0.0 0.0 14.0 146.0 3.0 1.0
44 37 43 0.0 0.0 0.0 2.0 49.0 2.0 0.0
44 38 36 0.0 0.0 0.0 0.0 9.0 0.0 0.0
44 38 37 0.0 0.0 1.0 10.0 83.0 0.0 0.0
44 38 38 0.0 0.0 0.0 28.0 421.0 8.0 0.0
44 38 39 0.0 0.0 0.0 86.0 998.0 19.0 2.0
44 38 40 0.0 0.0 1.0 120.0 1478.0 22.0 6.0
44 38 41 0.0 0.0 0.0 114.0 1155.0 24.0 1.0
44 38 42 0.0 0.0 0.0 21.0 595.0 6.0 1.0
44 38 43 0.0 0.0 0.0 12.0 145.0 0.0 0.0
44 38 44 0.0 0.0 0.0 0.0 6.0 0.0 0.0
44 39 36 0.0 0.0 0.0 0.0 8.0 0.0 0.0
44 39 37 0.0 0.0 0.0 16.0 208.0 8.0 0.0
44 39 38 0.0 0.0 0.0 61.0 885.0 12.0 3.0
44 39 39 0.0 0.0 0.0 169.0 1848.0 34.0 6.0
44 39 40 0.0 0.0 0.0 190.0 2575.0 40.0 11.0
44 39 41 0.0 1.0 0.0 164.0 2002.0 33.0 7.0
44 39 42 0.0 1.0 0.0 81.0 1114.0 16.0 3.0
44 39 43 0.0 0.0 0.0 5.0 317.0 4.0 0.0
44 39 44 0.0 0.0 0.0 0.0 21.0 1.0 0.0
44 40 36 0.0 0.0 0.0 0.0 8.0 0.0 0.0
44 40 37 0.0 0.0 0.0 12.0 202.0 5.0 0.0
44 40 38 0.0 0.0 0.0 118.0 1007.0 18.0 0.0
44 40 39 0.0 0.0 0.0 187.0 2417.0 50.0 13.0
44 40 40 0.0 1.0 0.0 248.0 3298.0 67.0 23.0
44 40 41 0.0 0.0 0.0 147.0 2687.0 38.0 15.0
44 40 42 0.0 0.0 0.0 84.0 1236.0 24.0 3.0
44 40 43 0.0 0.0 0.0 37.0 346.0 5.0 0.0
44 40 44 0.0 0.0 0.0 2.0 20.0 2.0 0.0
44 41 36 0.0 0.0 0.0 0.0 16.0 0.0 0.0
44 41 37 0.0 0.0 0.0 12.0 205.0 4.0 0.0
44 41 38 0.0 0.0 0.0 49.0 763.0 10.0 2.0
44 41 39 0.0 0.0 0.0 113.0 1669.0 28.0 5.0
44 41 40 0.0 0.0 1.0 197.0 2405.0 45.0 12.0
44 41 41 0.0 0.0 0.0 159.0 1957.0 42.0 5.0
44 41 42 0.0 0.0 0.0 79.0 862.0 16.0 1.0
44 41 43 0.0 0.0 0.0 11.0 189.0 5.0 0.0
44 41 44 0.0 0.0 0.0 0.0 15.0 0.0 0.0
44 42 36 0.0 0.0 0.0 0.0 2.0 0.0 0.0
44 42 37 0.0 0.0 0.0 3.0 73.0 2.0 0.0
44 42 38 0.0 0.0 0.0 30.0 332.0 5.0 0.0
44 42 39 0.0 0.0 0.0 60.0 733.0 17.0 1.0
44 42 40 0.0 0.0 0.0 115.0 995.0 22.0 3.0
44 42 41 0.0 0.0 0.0 41.0 927.0 17.0 1.0
44 42 42 0.0 0.0 0.0 30.0 396.0 7.0 0.0
44 42 43 0.0 0.0 0.0 3.0 53.0 1.0 0.0
44 42 44 0.0 0.0 0.0 0.0 3.0 0.0 0.0
44 43 37 0.0 0.0 0.0 2.0 8.0 1.0 0.0
44 43 38 0.0 0.0 0.0 1.0 81.0 0.0 0.0
44 43 39 0.0 0.0 0.0 10.0 183.0 3.0 1.0
44 43 40 0.0 0.0 0.0 10.0 181.0 2.0 0.0
44 43 41 0.0 0.0 0.0 21.0 231.0 6.0 0.0
44 43 42 0.0 0.0 0.0 21.0 97.0 2.0 0.0
44 43 43 0.0 0.0 0.0 0.0 14.0 0.0 0.0
44 43 44 0.0 0.0 0.0 0.0 3.0 0.0 0.0
44 44 38 0.0 0.0 0.0 1.0 1.0 0.0 0.0
44 44 39 0.0 0.0 0.0 0.0 3.0 0.0 0.0
44 44 40 0.0 0.0 0.0 3.0 28.0 1.0 0.0
44 44 41 0.0 0.0 0.0 1.0 16.0 0.0 0.0
44 44 42 0.0 0.0 0.0 0.0 7.0 0.0 0.0
44 44 43 0.0 0.0 0.0 0.0 1.0 0.0 0.0
45 37 40 0.0 0.0 0.0 0.0 1.0 0.0 0.0
45 38 41 0.0 0.0 0.0 0.0 1.0 0.0 0.0
45 38 42 0.0 0.0 0.0 1.0 0.0 0.0 0.0
45 39 37 0.0 0.0 0.0 0.0 1.0 0.0 0.0
45 39 39 0.0 0.0 0.0 0.0 1.0 0.0 0.0
45 39 41 0.0 0.0 0.0 1.0 1.0 0.0 0.0
45 39 42 0.0 0.0 0.0 2.0 1.0 0.0 0.0
45 39 43 0.0 0.0 0.0 0.0 1.0 0.0 0.0
45 40 39 0.0 0.0 0.0 0.0 2.0 0.0 0.0
45 40 40 0.0 0.0 0.0 0.0 4.0 0.0 0.0
45 40 41 0.0 0.0 0.0 0.0 2.0 0.0 0.0
45 41 39 0.0 0.0 0.0 0.0 1.0 0.0 0.0
45 41 40 0.0 0.0 0.0 0.0 1.0 0.0 0.0
45 41 41 0.0 0.0 0.0 0.0 2.0 0.0 0.0
