38 38 38 0.0 0.0 0.0 0.0 1.0 0.0 0.0
38 38 39 0.0 0.0 0.0 0.0 1.0 0.0 0.0
38 39 38 0.0 0.0 0.0 0.0 1.0 0.0 0.0
38 40 39 0.0 0.0 0.0 1.0 0.0 0.0 0.0
39 38 41 0.0 0.0 0.0 1.0 0.0 0.0 0.0
39 39 38 0.0 0.0 0.0 0.0 2.0 0.0 0.0
39 39 39 0.0 0.0 7.0 41.0 598.0 10.0 2.0
39 39 40 0.0 0.0 7.0 80.0 678.0 15.0 2.0
39 39 41 0.0 3.0 8.0 96.0 540.0 12.0 0.0
39 40 39 0.0 1.0 16.0 207.0 1011.0 17.0 5.0
39 40 40 0.0 2.0 9.0 134.0 980.0 20.0 3.0
39 40 41 0.0 0.0 21.0 95.0 798.0 18.0 5.0
39 41 39 0.0 1.0 8.0 75.0 686.0 6.0 2.0
39 41 40 0.0 0.0 10.0 75.0 661.0 10.0 0.0
39 41 41 0.0 4.0 5.0 58.0 543.0 13.0 1.0
39 42 41 0.0 0.0 0.0 0.0 3.0 1.0 0.0
40 38 39 0.0 0.0 0.0 0.0 1.0 0.0 0.0
40 38 40 0.0 0.0 0.0 1.0 1.0 0.0 0.0
40 38 42 0.0 0.0 0.0 1.0 0.0 0.0 0.0
40 39 39 0.0 0.0 5.0 80.0 528.0 11.0 1.0
40 39 40 0.0 7.0 14.0 166.0 954.0 14.0 3.0
40 39 41 0.0 5.0 22.0 174.0 845.0 16.0 2.0
40 40 39 0.0 2.0 10.0 97.0 760.0 13.0 0.0
40 40 40 2.0 171.0 554.0 4802.0 33105.0 534.0 13949.0
40 40 41 1.0 14.0 11.0 146.0 1002.0 23.0 3.0
40 41 38 0.0 0.0 0.0 0.0 2.0 0.0 0.0
40 41 39 0.0 6.0 4.0 137.0 741.0 19.0 0.0
40 41 40 0.0 2.0 33.0 165.0 1014.0 13.0 4.0
40 41 41 0.0 1.0 17.0 150.0 718.0 14.0 3.0
41 38 40 0.0 0.0 0.0 0.0 1.0 0.0 0.0
41 38 41 0.0 0.0 0.0 0.0 3.0 0.0 0.0
41 39 39 0.0 1.0 6.0 90.0 668.0 14.0 1.0
41 39 40 0.0 5.0 9.0 123.0 906.0 27.0 2.0
41 39 41 1.0 9.0 38.0 120.0 1491.0 29.0 10.0
41 40 39 0.0 0.0 15.0 95.0 989.0 24.0 4.0
41 40 40 0.0 2.0 3.0 102.0 1129.0 26.0 2.0
41 40 41 0.0 1.0 7.0 40.0 670.0 19.0 4.0
41 41 39 0.0 0.0 13.0 59.0 557.0 17.0 0.0
41 41 40 0.0 2.0 17.0 59.0 848.0 10.0 2.0
41 41 41 0.0 4.0 4.0 83.0 609.0 7.0 0.0
41 42 39 0.0 0.0 0.0 0.0 1.0 0.0 0.0
42 38 38 0.0 0.0 0.0 0.0 2.0 0.0 0.0
42 39 41 0.0 0.0 0.0 0.0 1.0 0.0 0.0
