34 38 39 0.0 0.0 0.0 0.0 2.0 0.0 0.0
34 39 40 0.0 0.0 0.0 1.0 0.0 0.0 0.0
34 40 39 0.0 0.0 0.0 0.0 3.0 0.0 0.0
34 41 39 0.0 0.0 0.0 0.0 2.0 0.0 0.0
34 41 41 0.0 0.0 0.0 0.0 1.0 0.0 0.0
35 35 40 0.0 0.0 0.0 0.0 1.0 0.0 0.0
35 36 37 0.0 0.0 0.0 0.0 1.0 0.0 0.0
35 36 38 0.0 0.0 0.0 0.0 4.0 0.0 0.0
35 36 39 0.0 0.0 0.0 0.0 12.0 1.0 0.0
35 36 40 0.0 0.0 0.0 2.0 10.0 0.0 0.0
35 36 41 0.0 0.0 0.0 0.0 11.0 1.0 0.0
35 37 36 0.0 0.0 0.0 0.0 2.0 0.0 0.0
35 37 37 0.0 0.0 0.0 1.0 15.0 0.0 0.0
35 37 38 0.0 0.0 0.0 1.0 55.0 1.0 0.0
35 37 39 0.0 0.0 0.0 17.0 125.0 3.0 0.0
35 37 40 0.0 0.0 0.0 9.0 153.0 2.0 0.0
35 37 41 0.0 0.0 0.0 17.0 141.0 1.0 0.0
35 37 42 0.0 0.0 0.0 12.0 51.0 0.0 0.0
35 37 43 0.0 0.0 0.0 0.0 7.0 0.0 0.0
35 38 36 0.0 0.0 0.0 0.0 5.0 0.0 0.0
35 38 37 0.0 0.0 0.0 6.0 61.0 1.0 0.0
35 38 38 0.0 0.0 0.0 26.0 199.0 7.0 0.0
35 38 39 0.0 0.0 0.0 37.0 437.0 8.0 0.0
35 38 40 0.0 0.0 0.0 63.0 477.0 9.0 0.0
35 38 41 0.0 0.0 0.0 47.0 366.0 6.0 0.0
35 38 42 0.0 0.0 0.0 13.0 177.0 4.0 0.0
35 38 43 0.0 0.0 0.0 1.0 47.0 1.0 0.0
35 38 44 0.0 0.0 0.0 0.0 2.0 0.0 0.0
35 39 36 0.0 0.0 0.0 1.0 22.0 1.0 0.0
35 39 37 0.0 0.0 0.0 10.0 91.0 0.0 0.0
35 39 38 0.0 0.0 0.0 33.0 374.0 6.0 1.0
35 39 39 0.0 0.0 0.0 91.0 787.0 19.0 0.0
35 39 40 0.0 0.0 0.0 99.0 987.0 17.0 2.0
35 39 41 0.0 0.0 0.0 92.0 772.0 16.0 1.0
35 39 42 0.0 0.0 0.0 43.0 415.0 12.0 0.0
35 39 43 0.0 0.0 0.0 8.0 122.0 1.0 0.0
35 39 44 0.0 0.0 0.0 1.0 6.0 0.0 0.0
35 40 36 0.0 0.0 0.0 8.0 33.0 0.0 0.0
35 40 37 0.0 0.0 0.0 25.0 168.0 7.0 0.0
35 40 38 0.0 0.0 0.0 51.0 494.0 12.0 0.0
35 40 39 0.0 0.0 0.0 93.0 937.0 23.0 4.0
35 40 40 0.0 0.0 0.0 89.0 1105.0 23.0 1.0
35 40 41 0.0 0.0 0.0 57.0 1050.0 23.0 2.0
35 40 42 0.0 0.0 0.0 44.0 386.0 9.0 0.0
35 40 43 0.0 0.0 0.0 27.0 80.0 2.0 0.0
35 40 44 0.0 0.0 0.0 0.0 10.0 0.0 0.0
35 41 36 0.0 0.0 0.0 0.0 19.0 0.0 0.0
35 41 37 0.0 0.0 0.0 3.0 120.0 1.0 0.0
35 41 38 0.0 0.0 0.0 35.0 417.0 7.0 1.0
35 41 39 0.0 0.0 0.0 61.0 950.0 20.0 1.0
35 41 40 0.0 0.0 0.0 73.0 943.0 16.0 3.0
35 41 41 0.0 0.0 0.0 57.0 754.0 13.0 0.0
35 41 42 0.0 0.0 0.0 47.0 351.0 9.0 0.0
35 41 43 0.0 0.0 0.0 16.0 61.0 1.0 0.0
35 41 44 0.0 0.0 0.0 0.0 4.0 0.0 0.0
35 42 36 0.0 0.0 0.0 0.0 3.0 0.0 0.0
35 42 37 0.0 0.0 0.0 3.0 75.0 2.0 0.0
35 42 38 0.0 0.0 0.0 21.0 209.0 5.0 0.0
35 42 39 0.0 0.0 0.0 27.0 332.0 9.0 1.0
35 42 40 0.0 0.0 0.0 30.0 518.0 5.0 1.0
35 42 41 0.0 0.0 0.0 33.0 369.0 16.0 0.0
35 42 42 0.0 0.0 0.0 13.0 168.0 5.0 0.0
35 42 43 0.0 0.0 0.0 10.0 52.0 0.0 0.0
35 42 44 0.0 0.0 0.0 0.0 6.0 0.0 0.0
35 43 37 0.0 0.0 0.0 0.0 11.0 0.0 0.0
35 43 38 0.0 0.0 0.0 18.0 25.0 0.0 0.0
35 43 39 0.0 0.0 0.0 13.0 79.0 2.0 0.0
35 43 40 0.0 0.0 0.0 15.0 117.0 5.0 0.0
35 43 41 0.0 0.0 0.0 5.0 117.0 0.0 0.0
35 43 42 0.0 0.0 0.0 4.0 30.0 0.0 0.0
35 43 43 0.0 0.0 0.0 0.0 1.0 0.0 0.0
35 43 44 0.0 0.0 0.0 0.0 1.0 0.0 0.0
35 44 37 0.0 0.0 0.0 0.0 1.0 0.0 0.0
35 44 38 0.0 0.0 0.0 0.0 2.0 0.0 0.0
35 44 39 0.0 0.0 0.0 1.0 8.0 0.0 0.0
35 44 40 0.0 0.0 0.0 0.0 11.0 0.0 0.0
35 44 41 0.0 0.0 0.0 1.0 15.0 0.0 0.0
35 44 42 0.0 0.0 0.0 0.0 5.0 0.0 0.0
36 35 37 0.0 0.0 0.0 0.0 2.0 0.0 0.0
36 35 38 0.0 0.0 0.0 0.0 5.0 0.0 0.0
36 35 39 0.0 0.0 0.0 0.0 8.0 0.0 0.0
36 35 40 0.0 0.0 0.0 1.0 8.0 1.0 0.0
36 35 41 0.0 0.0 0.0 2.0 19.0 1.0 0.0
36 35 42 0.0 0.0 0.0 0.0 4.0 0.0 0.0
36 35 43 0.0 0.0 0.0 0.0 3.0 0.0 0.0
36 36 36 0.0 0.0 0.0 1.0 20.0 1.0 0.0
36 36 37 0.0 0.0 0.0 18.0 213.0 3.0 0.0
36 36 38 0.0 0.0 0.0 17.0 509.0 10.0 1.0
36 36 39 0.0 0.0 0.0 87.0 1193.0 23.0 7.0
36 36 40 0.0 0.0 0.0 71.0 1435.0 24.0 1.0
36 36 41 0.0 0.0 0.0 93.0 1013.0 18.0 3.0
36 36 42 0.0 0.0 0.0 41.0 608.0 13.0 0.0
36 36 43 0.0 0.0 0.0 20.0 150.0 1.0 0.0
36 36 44 0.0 0.0 0.0 2.0 11.0 1.0 0.0
36 37 35 0.0 0.0 0.0 0.0 2.0 0.0 0.0
36 37 36 0.0 0.0 0.0 14.0 183.0 2.0 0.0
36 37 37 0.0 0.0 0.0 92.0 1377.0 23.0 6.0
36 37 38 0.0 0.0 0.0 317.0 3613.0 64.0 45.0
36 37 39 0.0 0.0 0.0 578.0 7060.0 115.0 139.0
36 37 40 0.0 0.0 1.0 635.0 8120.0 155.0 195.0
36 37 41 0.0 0.0 0.0 580.0 6478.0 108.0 139.0
36 37 42 0.0 0.0 0.0 434.0 3938.0 65.0 60.0
36 37 43 0.0 0.0 0.0 107.0 1044.0 25.0 3.0
36 37 44 0.0 0.0 0.0 7.0 143.0 1.0 0.0
36 38 35 0.0 0.0 0.0 0.0 2.0 0.0 0.0
36 38 36 0.0 0.0 0.0 39.0 557.0 12.0 0.0
36 38 37 0.0 0.0 2.0 362.0 4549.0 84.0 60.0
36 38 38 0.0 0.0 0.0 1033.0 11483.0 199.0 469.0
36 38 39 0.0 0.0 0.0 1435.0 17669.0 292.0 1197.0
36 38 40 0.0 0.0 2.0 1759.0 20952.0 323.0 1886.0
36 38 41 0.0 0.0 0.0 1453.0 17165.0 321.0 1134.0
36 38 42 0.0 0.0 0.0 957.0 10534.0 177.0 348.0
36 38 43 0.0 0.0 0.0 454.0 3666.0 60.0 27.0
36 38 44 0.0 0.0 0.0 53.0 460.0 14.0 0.0
36 38 45 0.0 0.0 0.0 2.0 4.0 0.0 0.0
36 39 35 0.0 0.0 0.0 2.0 10.0 1.0 0.0
36 39 36 0.0 0.0 0.0 101.0 1274.0 27.0 5.0
36 39 37 0.0 0.0 0.0 593.0 8299.0 172.0 248.0
36 39 38 0.0 1.0 2.0 2036.0 18015.0 306.0 1367.0
36 39 39 0.0 0.0 3.0 2408.0 26916.0 415.0 3601.0
36 39 40 0.0 0.0 0.0 3016.0 28453.0 448.0 4506.0
36 39 41 0.0 0.0 0.0 2704.0 25633.0 421.0 3341.0
36 39 42 0.0 0.0 0.0 1673.0 16942.0 299.0 1178.0
36 39 43 0.0 0.0 3.0 607.0 6711.0 103.0 169.0
36 39 44 0.0 0.0 0.0 66.0 979.0 19.0 1.0
36 39 45 0.0 0.0 0.0 1.0 12.0 1.0 0.0
36 40 35 0.0 0.0 0.0 1.0 29.0 1.0 0.0
36 40 36 0.0 0.0 0.0 127.0 1679.0 39.0 8.0
36 40 37 0.0 0.0 2.0 805.0 9316.0 150.0 270.0
36 40 38 0.0 1.0 1.0 1695.0 20871.0 289.0 1852.0
36 40 39 0.0 0.0 0.0 2542.0 29359.0 413.0 4736.0
36 40 40 0.0 0.0 4.0 2698.0 32152.0 457.0 5898.0
36 40 41 0.0 0.0 0.0 2519.0 28358.0 446.0 4200.0
36 40 42 0.0 0.0 1.0 1997.0 19454.0 344.0 1585.0
36 40 43 0.0 0.0 0.0 1005.0 7666.0 135.0 200.0
36 40 44 0.0 0.0 0.0 161.0 1334.0 23.0 8.0
36 40 45 0.0 0.0 0.0 4.0 19.0 1.0 0.0
36 41 35 0.0 0.0 0.0 0.0 14.0 1.0 0.0
36 41 36 0.0 0.0 0.0 96.0 1299.0 20.0 7.0
36 41 37 0.0 0.0 1.0 562.0 7584.0 147.0 194.0
36 41 38 0.0 1.0 1.0 1390.0 18764.0 332.0 1369.0
36 41 39 0.0 0.0 0.0 2176.0 26460.0 375.0 3296.0
36 41 40 0.0 2.0 1.0 2364.0 29114.0 424.0 4446.0
36 41 41 0.0 0.0 3.0 2433.0 25711.0 403.0 3242.0
36 41 42 0.0 1.0 0.0 1570.0 16704.0 280.0 1080.0
36 41 43 0.0 0.0 0.0 529.0 6824.0 106.0 128.0
36 41 44 0.0 0.0 0.0 56.0 985.0 15.0 0.0
36 41 45 0.0 0.0 0.0 1.0 10.0 1.0 0.0
36 42 35 0.0 0.0 0.0 0.0 5.0 0.0 0.0
36 42 36 0.0 0.0 0.0 77.0 743.0 15.0 3.0
36 42 37 0.0 0.0 0.0 391.0 4467.0 86.0 74.0
36 42 38 0.0 0.0 0.0 966.0 11267.0 183.0 465.0
36 42 39 0.0 0.0 0.0 1658.0 16867.0 291.0 1127.0
36 42 40 0.0 2.0 0.0 1758.0 19176.0 300.0 1515.0
36 42 41 0.0 0.0 2.0 1532.0 16503.0 277.0 1068.0
36 42 42 0.0 0.0 0.0 695.0 10233.0 172.0 337.0
36 42 43 0.0 0.0 0.0 332.0 4157.0 68.0 48.0
36 42 44 0.0 0.0 0.0 29.0 526.0 10.0 1.0
36 42 45 0.0 0.0 0.0 0.0 7.0 0.0 0.0
36 43 36 0.0 0.0 0.0 22.0 159.0 4.0 0.0
36 43 37 0.0 0.0 0.0 162.0 1354.0 26.0 8.0
36 43 38 0.0 0.0 0.0 299.0 3795.0 75.0 36.0
36 43 39 0.0 0.0 0.0 671.0 6607.0 112.0 137.0
36 43 40 0.0 0.0 0.0 564.0 7779.0 135.0 180.0
36 43 41 0.0 0.0 0.0 593.0 7253.0 123.0 157.0
36 43 42 0.0 1.0 0.0 251.0 3748.0 61.0 34.0
36 43 43 0.0 0.0 0.0 89.0 1198.0 23.0 6.0
36 43 44 0.0 0.0 0.0 5.0 115.0 4.0 0.0
36 44 36 0.0 0.0 0.0 5.0 35.0 0.0 0.0
36 44 37 0.0 0.0 0.0 10.0 168.0 3.0 0.0
36 44 38 0.0 0.0 0.0 45.0 632.0 7.0 2.0
36 44 39 0.0 0.0 0.0 83.0 1100.0 14.0 4.0
36 44 40 0.0 0.0 0.0 101.0 1261.0 16.0 4.0
36 44 41 0.0 0.0 0.0 80.0 937.0 18.0 0.0
36 44 42 0.0 0.0 0.0 41.0 530.0 7.0 1.0
36 44 43 0.0 0.0 0.0 10.0 124.0 1.0 0.0
36 44 44 0.0 0.0 0.0 3.0 10.0 0.0 0.0
36 45 38 0.0 0.0 0.0 0.0 2.0 0.0 0.0
36 45 39 0.0 0.0 0.0 2.0 9.0 0.0 0.0
36 45 40 0.0 0.0 0.0 0.0 12.0 1.0 0.0
36 45 41 0.0 0.0 0.0 0.0 15.0 1.0 0.0
36 45 42 0.0 0.0 0.0 0.0 6.0 0.0 0.0
36 45 43 0.0 0.0 0.0 0.0 2.0 0.0 0.0
37 35 36 0.0 0.0 0.0 0.0 1.0 0.0 0.0
37 35 37 0.0 0.0 0.0 3.0 17.0 0.0 0.0
37 35 38 0.0 0.0 0.0 1.0 40.0 1.0 0.0
37 35 39 0.0 0.0 0.0 9.0 82.0 1.0 0.0
37 35 40 0.0 0.0 0.0 7.0 133.0 1.0 0.0
37 35 41 0.0 0.0 0.0 5.0 101.0 5.0 0.0
37 35 42 0.0 0.0 0.0 8.0 41.0 1.0 0.0
37 35 43 0.0 0.0 0.0 0.0 4.0 0.0 0.0
37 36 36 0.0 0.0 0.0 15.0 184.0 1.0 0.0
37 36 37 0.0 0.0 0.0 74.0 1093.0 16.0 5.0
37 36 38 0.0 0.0 0.0 395.0 3420.0 55.0 44.0
37 36 39 0.0 0.0 0.0 575.0 6553.0 113.0 127.0
37 36 40 0.0 0.0 0.0 524.0 8561.0 142.0 191.0
37 36 41 0.0 0.0 0.0 588.0 6947.0 118.0 138.0
37 36 42 0.0 0.0 0.0 249.0 4138.0 78.0 52.0
37 36 43 0.0 0.0 0.0 159.0 1160.0 20.0 2.0
37 36 44 0.0 0.0 0.0 12.0 158.0 0.0 1.0
37 37 35 0.0 0.0 0.0 0.0 7.0 1.0 0.0
37 37 36 0.0 0.0 0.0 128.0 1381.0 25.0 5.0
37 37 37 0.0 0.0 0.0 1010.0 14281.0 247.0 769.0
37 37 38 0.0 0.0 0.0 2232.0 29177.0 405.0 4871.0
37 37 39 0.0 0.0 0.0 2677.0 36597.0 466.0 10011.0
37 37 40 0.0 1.0 3.0 3014.0 39307.0 519.0 13601.0
37 37 41 0.0 1.0 0.0 2968.0 37677.0 526.0 11493.0
37 37 42 0.0 0.0 0.0 2384.0 29140.0 459.0 4884.0
37 37 43 0.0 0.0 0.0 906.0 11650.0 204.0 534.0
37 37 44 0.0 0.0 0.0 106.0 1395.0 31.0 7.0
37 37 45 0.0 0.0 0.0 0.0 18.0 0.0 0.0
37 38 35 0.0 0.0 0.0 5.0 56.0 2.0 0.0
37 38 36 0.0 0.0 0.0 331.0 3900.0 74.0 55.0
37 38 37 0.0 0.0 3.0 2670.0 28938.0 421.0 5071.0
37 38 38 0.0 0.0 3.0 4568.0 41225.0 496.0 23557.0
37 38 39 0.0 1.0 0.0 3855.0 40881.0 450.0 38584.0
37 38 40 0.0 3.0 1.0 3828.0 39396.0 394.0 43825.0
37 38 41 0.0 0.0 0.0 4196.0 40863.0 472.0 37088.0
37 38 42 0.0 1.0 3.0 4342.0 40866.0 529.0 20253.0
37 38 43 0.0 0.0 0.0 2017.0 27569.0 422.0 4248.0
37 38 44 0.0 0.0 0.0 258.0 3892.0 73.0 28.0
37 38 45 0.0 0.0 0.0 0.0 39.0 0.0 0.0
37 39 35 0.0 0.0 0.0 13.0 127.0 6.0 0.0
37 39 36 0.0 0.0 0.0 633.0 8035.0 142.0 242.0
37 39 37 0.0 0.0 0.0 3426.0 38951.0 496.0 13364.0
37 39 38 0.0 0.0 10.0 3342.0 41111.0 437.0 41230.0
37 39 39 0.0 0.0 5.0 3488.0 34782.0 343.0 57444.0
37 39 40 0.0 0.0 4.0 3301.0 32854.0 332.0 61895.0
37 39 41 0.0 1.0 1.0 3526.0 35226.0 329.0 56410.0
37 39 42 0.0 0.0 2.0 4316.0 40593.0 398.0 37819.0
37 39 43 0.0 0.0 0.0 3492.0 36549.0 501.0 10374.0
37 39 44 0.0 0.0 0.0 515.0 7086.0 119.0 168.0
37 39 45 0.0 0.0 0.0 10.0 95.0 1.0 0.0
37 40 35 0.0 0.0 0.0 9.0 176.0 2.0 0.0
37 40 36 0.0 0.0 0.0 856.0 8992.0 149.0 287.0
37 40 37 0.0 6.0 0.0 3728.0 40123.0 536.0 15877.0
37 40 38 0.0 4.0 1.0 3468.0 39396.0 389.0 45918.0
37 40 39 0.0 1.0 0.0 2964.0 33147.0 322.0 63068.0
37 40 40 0.0 0.0 1.0 2754.0 30697.0 276.0 68005.0
37 40 41 0.0 2.0 0.0 3244.0 33275.0 303.0 61763.0
37 40 42 0.0 0.0 1.0 3853.0 39625.0 440.0 42061.0
37 40 43 0.0 0.0 1.0 2789.0 39944.0 507.0 13841.0
37 40 44 0.0 0.0 0.0 665.0 8330.0 140.0 225.0
37 40 45 0.0 0.0 0.0 7.0 110.0 0.0 0.0
37 41 35 0.0 0.0 0.0 8.0 115.0 4.0 1.0
37 41 36 0.0 0.0 0.0 574.0 7512.0 128.0 212.0
37 41 37 0.0 3.0 0.0 2713.0 39895.0 479.0 14550.0
37 41 38 0.0 0.0 0.0 3125.0 41446.0 451.0 39257.0
37 41 39 0.0 1.0 5.0 2969.0 35067.0 331.0 58017.0
37 41 40 0.0 2.0 2.0 3123.0 33181.0 298.0 61740.0
37 41 41 0.0 2.0 2.0 3148.0 36372.0 358.0 54677.0
37 41 42 0.0 0.0 2.0 3496.0 41010.0 423.0 38551.0
37 41 43 0.0 0.0 2.0 3093.0 36865.0 489.0 10607.0
37 41 44 0.0 0.0 0.0 667.0 7057.0 132.0 152.0
37 41 45 0.0 0.0 0.0 12.0 113.0 3.0 0.0
37 42 35 0.0 0.0 0.0 1.0 77.0 1.0 0.0
37 42 36 0.0 0.0 0.0 319.0 4180.0 81.0 63.0
37 42 37 0.0 0.0 1.0 2696.0 29711.0 432.0 5297.0
37 42 38 0.0 3.0 3.0 3771.0 42137.0 528.0 22671.0
37 42 39 0.0 1.0 0.0 3601.0 40983.0 432.0 39018.0
37 42 40 0.0 0.0 6.0 3526.0 40037.0 431.0 42776.0
37 42 41 0.0 0.0 1.0 2925.0 41888.0 444.0 37488.0
37 42 42 0.0 0.0 0.0 3147.0 42403.0 498.0 20964.0
37 42 43 0.0 0.0 0.0 2942.0 28210.0 429.0 4943.0
37 42 44 0.0 0.0 0.0 225.0 3659.0 74.0 41.0
37 42 45 0.0 0.0 0.0 6.0 34.0 0.0 0.0
37 43 35 0.0 0.0 0.0 1.0 15.0 0.0 0.0
37 43 36 0.0 0.0 0.0 125.0 1664.0 38.0 10.0
37 43 37 0.0 0.0 0.0 1306.0 13351.0 236.0 707.0
37 43 38 0.0 0.0 7.0 2112.0 27818.0 412.0 4049.0
37 43 39 0.0 0.0 1.0 3517.0 37555.0 541.0 12208.0
37 43 40 0.0 0.0 2.0 3365.0 39263.0 529.0 13748.0
37 43 41 0.0 0.0 1.0 3406.0 36676.0 497.0 10496.0
37 43 42 0.0 5.0 0.0 2274.0 29097.0 434.0 4943.0
37 43 43 0.0 0.0 0.0 813.0 12664.0 240.0 576.0
37 43 44 0.0 0.0 0.0 105.0 1269.0 13.0 4.0
37 43 45 0.0 0.0 0.0 0.0 17.0 0.0 0.0
37 44 36 0.0 0.0 0.0 17.0 131.0 2.0 0.0
37 44 37 0.0 0.0 0.0 98.0 1160.0 19.0 3.0
37 44 38 0.0 0.0 0.0 270.0 3880.0 74.0 40.0
37 44 39 0.0 0.0 0.0 422.0 6838.0 119.0 138.0
37 44 40 0.0 0.0 0.0 680.0 8053.0 140.0 224.0
37 44 41 0.0 0.0 0.0 566.0 6625.0 110.0 145.0
37 44 42 0.0 0.0 0.0 370.0 4255.0 89.0 62.0
37 44 43 0.0 0.0 0.0 111.0 1320.0 24.0 6.0
37 44 44 0.0 0.0 0.0 7.0 128.0 2.0 0.0
37 45 37 0.0 0.0 0.0 0.0 7.0 0.0 0.0
37 45 38 0.0 0.0 0.0 1.0 45.0 1.0 0.0
37 45 39 0.0 0.0 0.0 11.0 118.0 3.0 0.0
37 45 40 0.0 0.0 0.0 8.0 150.0 1.0 1.0
37 45 41 0.0 0.0 0.0 13.0 99.0 1.0 0.0
37 45 42 0.0 0.0 0.0 1.0 37.0 0.0 0.0
37 45 43 0.0 0.0 0.0 0.0 6.0 0.0 0.0
37 45 44 0.0 0.0 0.0 0.0 1.0 0.0 0.0
38 34 39 0.0 0.0 0.0 0.0 1.0 0.0 0.0
38 35 36 0.0 0.0 0.0 0.0 2.0 0.0 0.0
38 35 37 0.0 0.0 0.0 3.0 41.0 0.0 0.0
38 35 38 0.0 0.0 0.0 2.0 182.0 3.0 0.0
38 35 39 0.0 0.0 0.0 25.0 369.0 8.0 0.0
38 35 40 0.0 0.0 0.0 35.0 449.0 12.0 1.0
38 35 41 0.0 0.0 0.0 24.0 398.0 6.0 0.0
38 35 42 0.0 0.0 0.0 32.0 201.0 5.0 0.0
38 35 43 0.0 0.0 0.0 4.0 67.0 1.0 0.0
38 35 44 0.0 0.0 0.0 0.0 11.0 0.0 0.0
38 36 35 0.0 0.0 0.0 0.0 5.0 0.0 0.0
38 36 36 0.0 0.0 0.0 44.0 576.0 6.0 1.0
38 36 37 0.0 0.0 0.0 263.0 4208.0 77.0 64.0
38 36 38 0.0 0.0 0.0 804.0 10513.0 180.0 368.0
38 36 39 0.0 0.0 0.0 1521.0 16382.0 297.0 1028.0
38 36 40 0.0 0.0 0.0 1471.0 20103.0 319.0 1743.0
38 36 41 0.0 0.0 2.0 1573.0 17778.0 255.0 1275.0
38 36 42 0.0 0.0 0.0 994.0 10995.0 189.0 397.0
38 36 43 0.0 0.0 0.0 358.0 4096.0 79.0 46.0
38 36 44 0.0 0.0 0.0 46.0 852.0 17.0 0.0
38 36 45 0.0 0.0 0.0 1.0 5.0 0.0 0.0
38 37 35 0.0 0.0 0.0 2.0 70.0 1.0 0.0
38 37 36 0.0 0.0 0.0 307.0 3614.0 67.0 29.0
38 37 37 0.0 0.0 0.0 2630.0 29070.0 439.0 4987.0
38 37 38 0.0 0.0 0.0 3458.0 42077.0 490.0 22507.0
38 37 39 0.0 0.0 3.0 3755.0 41290.0 461.0 36421.0
38 37 40 0.0 0.0 0.0 3668.0 39690.0 429.0 42926.0
38 37 41 0.0 0.0 2.0 2948.0 41738.0 452.0 38279.0
38 37 42 0.0 0.0 0.0 3416.0 42340.0 500.0 23169.0
38 37 43 0.0 0.0 0.0 2803.0 29882.0 429.0 5495.0
38 37 44 0.0 0.0 0.0 334.0 3754.0 64.0 34.0
38 37 45 0.0 0.0 0.0 1.0 67.0 0.0 0.0
38 38 35 0.0 0.0 0.0 23.0 147.0 3.0 0.0
38 38 36 0.0 0.0 0.0 1148.0 11312.0 195.0 436.0
38 38 37 0.0 0.0 1.0 4390.0 41147.0 492.0 23225.0
38 38 38 0.0 2.0 0.0 2109.0 27607.0 242.0 75034.0
38 38 39 0.0 0.0 3.0 1874.0 20787.0 170.0 90519.0
38 38 40 0.0 2.0 1.0 1673.0 18239.0 132.0 96705.0
38 38 41 0.0 1.0 4.0 2036.0 20481.0 163.0 91132.0
38 38 42 0.0 0.0 0.0 2453.0 28966.0 234.0 70876.0
38 38 43 0.0 0.0 3.0 3702.0 42009.0 491.0 22473.0
38 38 44 0.0 1.0 0.0 1051.0 11421.0 215.0 471.0
38 38 45 0.0 0.0 0.0 10.0 246.0 7.0 1.0
38 39 35 0.0 0.0 0.0 31.0 488.0 10.0 1.0
38 39 36 0.0 1.0 1.0 1738.0 18896.0 282.0 1399.0
38 39 37 0.0 8.0 0.0 4420.0 40362.0 409.0 39481.0
38 39 38 0.0 1.0 3.0 2027.0 19288.0 141.0 93839.0
38 39 39 0.0 0.0 1.0 1423.0 13927.0 98.0 107652.0
38 39 40 0.0 0.0 1.0 1279.0 12544.0 79.0 111280.0
38 39 41 0.0 0.0 1.0 1441.0 14480.0 103.0 107004.0
38 39 42 0.0 1.0 2.0 1937.0 21533.0 148.0 89652.0
38 39 43 0.0 0.0 1.0 3535.0 41777.0 442.0 37775.0
38 39 44 0.0 1.0 0.0 1410.0 17676.0 290.0 1197.0
38 39 45 0.0 0.0 0.0 21.0 435.0 11.0 0.0
38 40 35 0.0 0.0 0.0 47.0 596.0 5.0 1.0
38 40 36 0.0 0.0 1.0 1970.0 22011.0 365.0 2158.0
38 40 37 0.0 2.0 0.0 3393.0 38994.0 378.0 46760.0
38 40 38 0.0 1.0 2.0 1454.0 17358.0 123.0 99241.0
38 40 39 0.0 0.0 2.0 1070.0 12401.0 71.0 111738.0
38 40 40 0.0 1.0 0.0 1081.0 10884.0 70.0 114716.0
38 40 41 0.0 0.0 3.0 1124.0 12566.0 87.0 110627.0
38 40 42 0.0 0.0 1.0 1644.0 18773.0 126.0 95070.0
38 40 43 0.0 0.0 2.0 3061.0 39611.0 437.0 45042.0
38 40 44 0.0 12.0 2.0 1868.0 20550.0 315.0 1796.0
38 40 45 0.0 0.0 0.0 50.0 441.0 9.0 1.0
38 41 35 0.0 0.0 0.0 37.0 417.0 5.0 0.0
38 41 36 0.0 0.0 0.0 1414.0 19660.0 327.0 1535.0
38 41 37 0.0 2.0 3.0 3616.0 40543.0 421.0 41058.0
38 41 38 0.0 3.0 0.0 1589.0 19989.0 173.0 93056.0
38 41 39 0.0 0.0 2.0 1174.0 14068.0 97.0 107780.0
38 41 40 0.0 0.0 1.0 1105.0 12757.0 72.0 110441.0
38 41 41 0.0 1.0 2.0 1272.0 14613.0 116.0 106618.0
38 41 42 0.0 0.0 1.0 1643.0 20534.0 178.0 91153.0
38 41 43 0.0 0.0 0.0 4033.0 41073.0 456.0 36256.0
38 41 44 0.0 0.0 0.0 1845.0 17179.0 289.0 1163.0
38 41 45 0.0 0.0 0.0 43.0 378.0 6.0 1.0
38 42 35 0.0 0.0 0.0 13.0 228.0 7.0 0.0
38 42 36 0.0 0.0 0.0 958.0 11929.0 203.0 512.0
38 42 37 0.0 0.0 0.0 3369.0 42405.0 526.0 23065.0
38 42 38 0.0 1.0 0.0 2187.0 26931.0 226.0 74923.0
38 42 39 0.0 1.0 1.0 1775.0 20640.0 172.0 91326.0
38 42 40 0.0 1.0 5.0 1706.0 18468.0 156.0 96247.0
38 42 41 0.0 2.0 1.0 1818.0 20153.0 155.0 91582.0
38 42 42 0.0 1.0 0.0 2395.0 28587.0 246.0 72092.0
38 42 43 0.0 3.0 0.0 3687.0 41850.0 500.0 22115.0
38 42 44 0.0 3.0 4.0 856.0 10831.0 180.0 398.0
38 42 45 0.0 0.0 0.0 19.0 183.0 2.0 0.0
38 42 46 0.0 0.0 0.0 0.0 1.0 0.0 0.0
38 43 35 0.0 0.0 0.0 4.0 54.0 0.0 0.0
38 43 36 0.0 0.0 0.0 377.0 4121.0 72.0 45.0
38 43 37 0.0 1.0 1.0 2732.0 29585.0 396.0 5207.0
38 43 38 0.0 2.0 0.0 3164.0 42430.0 515.0 23158.0
38 43 39 0.0 3.0 1.0 3606.0 41235.0 435.0 37278.0
38 43 40 0.0 2.0 1.0 3525.0 39953.0 432.0 42716.0
38 43 41 0.0 6.0 1.0 3439.0 41005.0 445.0 38312.0
38 43 42 0.0 2.0 5.0 3345.0 42197.0 529.0 22722.0
38 43 43 0.0 0.0 0.0 2573.0 27266.0 410.0 4314.0
38 43 44 0.0 0.0 0.0 373.0 4026.0 68.0 39.0
38 43 45 0.0 0.0 0.0 6.0 28.0 0.0 0.0
38 44 35 0.0 0.0 0.0 0.0 2.0 0.0 0.0
38 44 36 0.0 0.0 0.0 59.0 619.0 8.0 1.0
38 44 37 0.0 0.0 0.0 278.0 3748.0 66.0 45.0
38 44 38 0.0 0.0 1.0 1239.0 11521.0 199.0 458.0
38 44 39 0.0 0.0 1.0 1328.0 17211.0 294.0 1152.0
38 44 40 0.0 0.0 0.0 1724.0 20140.0 308.0 1752.0
38 44 41 0.0 0.0 0.0 1434.0 17369.0 284.0 1173.0
38 44 42 0.0 0.0 0.0 851.0 10643.0 174.0 379.0
38 44 43 0.0 0.0 0.0 470.0 4141.0 68.0 63.0
38 44 44 0.0 0.0 0.0 77.0 580.0 10.0 0.0
38 44 45 0.0 0.0 0.0 0.0 5.0 0.0 0.0
38 45 36 0.0 0.0 0.0 1.0 3.0 0.0 0.0
38 45 37 0.0 0.0 0.0 2.0 51.0 2.0 0.0
38 45 38 0.0 0.0 0.0 18.0 181.0 3.0 0.0
38 45 39 0.0 0.0 0.0 32.0 425.0 7.0 0.0
38 45 40 0.0 0.0 0.0 20.0 488.0 6.0 1.0
38 45 41 0.0 0.0 0.0 25.0 384.0 4.0 0.0
38 45 42 0.0 0.0 0.0 21.0 176.0 0.0 0.0
38 45 43 0.0 0.0 0.0 2.0 40.0 1.0 0.0
38 45 44 0.0 0.0 0.0 0.0 5.0 0.0 0.0
38 46 41 0.0 0.0 0.0 0.0 1.0 0.0 0.0
39 35 36 0.0 0.0 0.0 0.0 8.0 0.0 0.0
39 35 37 0.0 0.0 0.0 15.0 109.0 2.0 0.0
39 35 38 0.0 0.0 0.0 35.0 353.0 10.0 0.0
39 35 39 0.0 0.0 0.0 67.0 799.0 14.0 1.0
39 35 40 0.0 0.0 0.0 101.0 1169.0 25.0 0.0
39 35 41 0.0 0.0 0.0 87.0 845.0 19.0 3.0
39 35 42 0.0 0.0 0.0 57.0 478.0 9.0 0.0
39 35 43 0.0 0.0 0.0 14.0 129.0 2.0 0.0
39 35 44 0.0 0.0 0.0 2.0 17.0 0.0 0.0
39 35 45 0.0 0.0 0.0 0.0 1.0 0.0 0.0
39 36 35 0.0 0.0 0.0 0.0 5.0 0.0 0.0
39 36 36 0.0 0.0 0.0 122.0 1011.0 14.0 4.0
39 36 37 0.0 0.0 0.0 547.0 6308.0 129.0 133.0
39 36 38 0.0 0.0 1.0 1427.0 17652.0 296.0 1199.0
39 36 39 0.0 0.0 0.0 2238.0 26922.0 417.0 3646.0
39 36 40 0.0 1.0 1.0 2760.0 29148.0 465.0 4433.0
39 36 41 0.0 0.0 0.0 2803.0 26548.0 402.0 3651.0
39 36 42 0.0 0.0 0.0 1892.0 17556.0 299.0 1211.0
39 36 43 0.0 1.0 0.0 812.0 8205.0 140.0 225.0
39 36 44 0.0 0.0 0.0 167.0 1433.0 25.0 3.0
39 36 45 0.0 0.0 0.0 0.0 8.0 0.0 0.0
39 37 35 0.0 0.0 0.0 20.0 80.0 1.0 0.0
39 37 36 0.0 0.0 0.0 785.0 6699.0 128.0 153.0
39 37 37 0.0 0.0 1.0 3533.0 37330.0 518.0 11966.0
39 37 38 0.0 0.0 2.0 3684.0 41280.0 450.0 37908.0
39 37 39 0.0 1.0 1.0 3330.0 34938.0 348.0 57829.0
39 37 40 0.0 1.0 9.0 3151.0 32866.0 345.0 62720.0
39 37 41 0.0 2.0 0.0 3311.0 35164.0 310.0 56877.0
39 37 42 0.0 0.0 1.0 4189.0 40158.0 404.0 39341.0
39 37 43 0.0 0.0 1.0 3101.0 39529.0 523.0 14233.0
39 37 44 0.0 6.0 0.0 665.0 7752.0 131.0 196.0
39 37 45 0.0 0.0 0.0 6.0 143.0 7.0 0.0
39 38 35 0.0 0.0 0.0 28.0 365.0 6.0 2.0
39 38 36 0.0 0.0 0.0 1622.0 17074.0 276.0 1153.0
39 38 37 0.0 1.0 1.0 3495.0 40838.0 419.0 39747.0
39 38 38 0.0 0.0 1.0 2250.0 20315.0 184.0 90758.0
39 38 39 0.0 0.0 0.0 1316.0 14192.0 88.0 107682.0
39 38 40 0.0 0.0 3.0 1146.0 12834.0 87.0 110011.0
39 38 41 0.0 0.0 0.0 1397.0 14386.0 107.0 107015.0
39 38 42 0.0 0.0 1.0 1917.0 20454.0 176.0 92280.0
39 38 43 0.0 1.0 1.0 3654.0 41026.0 457.0 38472.0
39 38 44 0.0 0.0 0.0 1442.0 19850.0 288.0 1560.0
39 38 45 0.0 0.0 0.0 40.0 424.0 6.0 0.0
39 39 35 0.0 0.0 0.0 61.0 818.0 15.0 0.0
39 39 36 0.0 0.0 10.0 2762.0 26751.0 407.0 3727.0
39 39 37 0.0 0.0 5.0 3480.0 34878.0 354.0 57381.0
39 39 38 0.0 1.0 1.0 1304.0 14011.0 104.0 107979.0
39 39 39 0.0 0.0 1.0 598.0 6470.0 30.0 132737.0
39 39 40 0.0 0.0 1.0 511.0 5605.0 30.0 134649.0
39 39 41 0.0 1.0 0.0 675.0 6554.0 33.0 132015.0
39 39 42 0.0 3.0 1.0 1213.0 14178.0 94.0 107576.0
39 39 43 0.0 1.0 0.0 2940.0 35842.0 288.0 56705.0
39 39 44 0.0 0.0 0.0 2468.0 27435.0 409.0 3775.0
39 39 45 0.0 0.0 0.0 102.0 982.0 14.0 1.0
39 40 35 0.0 0.0 0.0 76.0 1006.0 18.0 1.0
39 40 36 0.0 4.0 0.0 3033.0 29594.0 446.0 4897.0
39 40 37 0.0 0.0 3.0 2702.0 31929.0 316.0 64749.0
39 40 38 0.0 0.0 5.0 1161.0 12345.0 89.0 111416.0
39 40 39 0.0 0.0 1.0 515.0 5135.0 25.0 136362.0
39 40 40 0.0 0.0 0.0 403.0 4336.0 21.0 137504.0
39 40 41 0.0 3.0 3.0 527.0 5541.0 33.0 135490.0
39 40 42 0.0 0.0 0.0 1225.0 12613.0 79.0 111202.0
39 40 43 0.0 3.0 1.0 2774.0 32760.0 308.0 63175.0
39 40 44 0.0 0.0 2.0 2198.0 30072.0 415.0 4879.0
39 40 45 0.0 0.0 0.0 68.0 1052.0 15.0 3.0
39 41 35 0.0 0.0 0.0 102.0 821.0 10.0 2.0
39 41 36 0.0 0.0 0.0 2230.0 27115.0 376.0 3627.0
39 41 37 0.0 0.0 1.0 2929.0 35218.0 345.0 57942.0
39 41 38 0.0 0.0 0.0 1195.0 13912.0 108.0 108217.0
39 41 39 0.0 0.0 1.0 545.0 6376.0 33.0 133656.0
39 41 40 0.0 1.0 0.0 511.0 5536.0 17.0 134206.0
39 41 41 0.0 0.0 1.0 619.0 6399.0 41.0 132592.0
39 41 42 0.0 1.0 0.0 1462.0 14284.0 110.0 106668.0
39 41 43 0.0 7.0 0.0 3366.0 35931.0 329.0 55430.0
39 41 44 0.0 0.0 0.0 2393.0 25756.0 402.0 3157.0
39 41 45 0.0 0.0 0.0 67.0 824.0 12.0 1.0
39 42 35 0.0 0.0 0.0 36.0 502.0 10.0 0.0
39 42 36 0.0 0.0 0.0 1528.0 17942.0 268.0 1279.0
39 42 37 0.0 0.0 2.0 3156.0 41207.0 457.0 38696.0
39 42 38 0.0 0.0 4.0 1781.0 20030.0 130.0 91768.0
39 42 39 0.0 2.0 2.0 1279.0 14175.0 109.0 107518.0
39 42 40 0.0 1.0 3.0 1219.0 12779.0 96.0 111438.0
39 42 41 0.0 0.0 5.0 1400.0 14098.0 107.0 107632.0
39 42 42 0.0 0.0 7.0 2038.0 20243.0 154.0 90749.0
39 42 43 0.0 2.0 0.0 3642.0 41022.0 438.0 38434.0
39 42 44 0.0 0.0 0.0 2222.0 16968.0 269.0 1165.0
39 42 45 0.0 0.0 0.0 29.0 366.0 6.0 0.0
39 43 35 0.0 0.0 0.0 10.0 122.0 3.0 0.0
39 43 36 0.0 0.0 0.0 617.0 6795.0 119.0 134.0
39 43 37 0.0 0.0 1.0 4117.0 36246.0 493.0 11028.0
39 43 38 0.0 3.0 1.0 3364.0 41443.0 455.0 38350.0
39 43 39 0.0 2.0 2.0 2862.0 35479.0 324.0 56916.0
39 43 40 0.0 0.0 8.0 2771.0 33594.0 312.0 61907.0
39 43 41 0.0 0.0 0.0 2963.0 35330.0 357.0 56098.0
39 43 42 0.0 0.0 0.0 3865.0 40753.0 426.0 39140.0
39 43 43 0.0 1.0 0.0 3476.0 37385.0 524.0 11868.0
39 43 44 0.0 0.0 0.0 584.0 6526.0 117.0 127.0
39 43 45 0.0 0.0 0.0 9.0 78.0 1.0 0.0
39 44 35 0.0 0.0 0.0 0.0 8.0 0.0 0.0
39 44 36 0.0 0.0 0.0 62.0 984.0 15.0 4.0
39 44 37 0.0 0.0 0.0 638.0 7415.0 133.0 167.0
39 44 38 0.0 5.0 0.0 1461.0 17799.0 305.0 1211.0
39 44 39 0.0 0.0 1.0 2166.0 26103.0 374.0 3258.0
39 44 40 0.0 0.0 1.0 2428.0 29636.0 428.0 4634.0
39 44 41 0.0 6.0 0.0 2023.0 25158.0 369.0 2931.0
39 44 42 0.0 1.0 1.0 1647.0 17433.0 304.0 1260.0
39 44 43 0.0 0.0 0.0 562.0 7173.0 111.0 163.0
39 44 44 0.0 0.0 0.0 98.0 1084.0 23.0 3.0
39 44 45 0.0 0.0 0.0 1.0 12.0 0.0 0.0
39 45 36 0.0 0.0 0.0 0.0 7.0 0.0 0.0
39 45 37 0.0 0.0 0.0 14.0 88.0 0.0 0.0
39 45 38 0.0 0.0 0.0 50.0 440.0 11.0 1.0
39 45 39 0.0 0.0 0.0 45.0 829.0 11.0 1.0
39 45 40 0.0 0.0 0.0 52.0 1015.0 18.0 2.0
39 45 41 0.0 0.0 0.0 58.0 876.0 17.0 4.0
39 45 42 0.0 0.0 0.0 30.0 342.0 6.0 0.0
39 45 43 0.0 0.0 0.0 8.0 126.0 3.0 0.0
39 45 44 0.0 0.0 0.0 0.0 2.0 0.0 0.0
39 46 39 0.0 0.0 0.0 1.0 0.0 0.0 0.0
40 34 40 0.0 0.0 0.0 0.0 1.0 0.0 0.0
40 34 41 0.0 0.0 0.0 0.0 1.0 0.0 0.0
40 35 36 0.0 0.0 0.0 0.0 22.0 0.0 0.0
40 35 37 0.0 0.0 0.0 24.0 142.0 3.0 1.0
40 35 38 0.0 0.0 0.0 51.0 545.0 5.0 0.0
40 35 39 0.0 0.0 0.0 71.0 1215.0 19.0 2.0
40 35 40 0.0 0.0 0.0 140.0 1338.0 30.0 2.0
40 35 41 0.0 0.0 0.0 100.0 1178.0 21.0 5.0
40 35 42 0.0 0.0 0.0 51.0 548.0 11.0 1.0
40 35 43 0.0 0.0 0.0 16.0 168.0 0.0 0.0
40 35 44 0.0 0.0 0.0 2.0 35.0 0.0 0.0
40 35 45 0.0 0.0 0.0 0.0 1.0 0.0 0.0
40 36 35 0.0 0.0 0.0 1.0 10.0 0.0 0.0
40 36 36 0.0 0.0 0.0 92.0 1522.0 34.0 7.0
40 36 37 0.0 0.0 0.0 742.0 8247.0 152.0 205.0
40 36 38 0.0 0.0 3.0 1726.0 20950.0 328.0 1927.0
40 36 39 0.0 0.0 0.0 2670.0 30043.0 439.0 5007.0
40 36 40 0.0 0.0 1.0 2693.0 33434.0 504.0 6687.0
40 36 41 0.0 0.0 0.0 2491.0 31909.0 448.0 5485.0
40 36 42 0.0 1.0 2.0 2213.0 22331.0 397.0 2215.0
40 36 43 0.0 0.0 0.0 1044.0 10775.0 187.0 424.0
40 36 44 0.0 0.0 0.0 150.0 2121.0 44.0 7.0
40 36 45 0.0 0.0 0.0 1.0 21.0 0.0 0.0
40 37 35 0.0 0.0 0.0 12.0 128.0 4.0 0.0
40 37 36 0.0 0.0 0.0 690.0 8385.0 131.0 210.0
40 37 37 0.0 0.0 0.0 3308.0 39770.0 514.0 14510.0
40 37 38 0.0 1.0 0.0 3487.0 39256.0 393.0 44786.0
40 37 39 0.0 1.0 1.0 3208.0 32377.0 296.0 62886.0
40 37 40 0.0 0.0 1.0 2759.0 30551.0 292.0 68288.0
40 37 41 0.0 3.0 2.0 2998.0 32641.0 308.0 63724.0
40 37 42 0.0 1.0 2.0 3555.0 38623.0 369.0 47252.0
40 37 43 0.0 2.0 5.0 4064.0 40470.0 492.0 18915.0
40 37 44 0.0 0.0 0.0 792.0 10000.0 173.0 326.0
40 37 45 0.0 0.0 0.0 5.0 167.0 5.0 0.0
40 38 35 0.0 0.0 0.0 62.0 523.0 10.0 0.0
40 38 36 0.0 0.0 3.0 1600.0 20524.0 335.0 1735.0
40 38 37 0.0 0.0 4.0 4062.0 40041.0 433.0 42530.0
40 38 38 0.0 1.0 2.0 1701.0 18525.0 129.0 96749.0
40 38 39 0.0 0.0 4.0 1193.0 12286.0 82.0 111722.0
40 38 40 0.0 0.0 2.0 1095.0 10583.0 58.0 115337.0
40 38 41 0.0 1.0 0.0 1098.0 12484.0 107.0 111543.0
40 38 42 0.0 1.0 2.0 1480.0 17707.0 124.0 99245.0
40 38 43 0.0 0.0 2.0 3370.0 38981.0 398.0 47103.0
40 38 44 0.0 5.0 2.0 1730.0 23016.0 362.0 2322.0
40 38 45 0.0 0.0 0.0 49.0 610.0 10.0 0.0
40 39 35 0.0 0.0 0.0 107.0 1060.0 16.0 1.0
40 39 36 0.0 0.0 2.0 2527.0 29458.0 438.0 4622.0
40 39 37 0.0 0.0 0.0 2952.0 32979.0 297.0 62535.0
40 39 38 0.0 1.0 3.0 1104.0 12254.0 87.0 112009.0
40 39 39 0.0 0.0 0.0 591.0 5678.0 30.0 134262.0
40 39 40 0.0 0.0 0.0 379.0 4434.0 30.0 136850.0
40 39 41 0.0 0.0 0.0 501.0 5156.0 32.0 135846.0
40 39 42 0.0 0.0 1.0 1142.0 12203.0 87.0 112057.0
40 39 43 0.0 5.0 1.0 2758.0 31940.0 311.0 65640.0
40 39 44 0.0 2.0 0.0 2711.0 31897.0 477.0 5808.0
40 39 45 0.0 0.0 0.0 76.0 1150.0 18.0 4.0
40 40 35 0.0 0.0 0.0 121.0 1247.0 22.0 2.0
40 40 36 0.0 3.0 7.0 2803.0 32608.0 440.0 6427.0
40 40 37 0.0 0.0 6.0 2718.0 31025.0 271.0 67711.0
40 40 38 0.0 0.0 0.0 968.0 10805.0 83.0 115610.0
40 40 39 0.0 0.0 0.0 430.0 4481.0 28.0 136425.0
40 40 40 0.0 0.0 0.0 256.0 2526.0 11.0 153580.0
40 40 41 0.0 0.0 1.0 415.0 4239.0 25.0 137317.0
40 40 42 0.0 0.0 2.0 985.0 10749.0 72.0 114705.0
40 40 43 0.0 11.0 4.0 2727.0 30545.0 261.0 68398.0
40 40 44 0.0 2.0 0.0 2622.0 33868.0 463.0 6949.0
40 40 45 0.0 0.0 0.0 126.0 1369.0 34.0 2.0
40 40 46 0.0 0.0 0.0 0.0 2.0 0.0 0.0
40 41 35 0.0 0.0 0.0 97.0 989.0 19.0 2.0
40 41 36 0.0 1.0 1.0 2678.0 29715.0 426.0 4744.0
40 41 37 0.0 0.0 0.0 3214.0 32650.0 306.0 63307.0
40 41 38 0.0 0.0 1.0 1063.0 12310.0 73.0 112137.0
40 41 39 0.0 0.0 0.0 534.0 5424.0 23.0 135488.0
40 41 40 0.0 1.0 1.0 422.0 4356.0 25.0 137234.0
40 41 41 0.0 -1.0 0.0 525.0 5375.0 33.0 134877.0
40 41 42 0.0 3.0 2.0 1201.0 12447.0 82.0 110690.0
40 41 43 0.0 3.0 0.0 3164.0 33317.0 310.0 61859.0
40 41 44 0.0 0.0 0.0 2474.0 29749.0 465.0 4744.0
40 41 45 0.0 2.0 0.0 62.0 1073.0 16.0 4.0
40 42 35 0.0 0.0 0.0 43.0 513.0 8.0 0.0
40 42 36 0.0 0.0 0.0 1657.0 20970.0 315.0 1802.0
40 42 37 0.0 0.0 0.0 3614.0 40062.0 438.0 43083.0
40 42 38 0.0 0.0 1.0 1541.0 18612.0 149.0 95272.0
40 42 39 0.0 3.0 1.0 1062.0 12613.0 81.0 111497.0
40 42 40 0.0 0.0 2.0 932.0 11062.0 83.0 114595.0
40 42 41 0.0 1.0 0.0 1192.0 12569.0 75.0 111190.0
40 42 42 0.0 1.0 0.0 1940.0 17942.0 127.0 96916.0
40 42 43 0.0 1.0 0.0 3919.0 40130.0 426.0 42019.0
40 42 44 0.0 0.0 0.0 1683.0 19275.0 298.0 1487.0
40 42 45 0.0 0.0 0.0 31.0 439.0 6.0 0.0
40 42 46 0.0 0.0 0.0 0.0 1.0 0.0 0.0
40 43 35 0.0 0.0 0.0 8.0 129.0 1.0 0.0
40 43 36 0.0 0.0 0.0 793.0 8284.0 156.0 233.0
40 43 37 0.0 0.0 1.0 3564.0 39592.0 505.0 15215.0
40 43 38 0.0 1.0 7.0 3537.0 39942.0 424.0 42503.0
40 43 39 0.0 1.0 0.0 2861.0 33270.0 313.0 61987.0
40 43 40 0.0 2.0 1.0 2556.0 31191.0 268.0 67265.0
40 43 41 0.0 0.0 1.0 2987.0 33388.0 351.0 62333.0
40 43 42 0.0 4.0 2.0 3873.0 39538.0 419.0 43705.0
40 43 43 0.0 0.0 0.0 3408.0 39283.0 511.0 13800.0
40 43 44 0.0 0.0 0.0 788.0 8276.0 133.0 219.0
40 43 45 0.0 0.0 0.0 5.0 103.0 1.0 0.0
40 44 35 0.0 0.0 0.0 0.0 10.0 0.0 0.0
40 44 36 0.0 0.0 0.0 184.0 1323.0 16.0 3.0
40 44 37 0.0 0.0 0.0 690.0 8043.0 142.0 228.0
40 44 38 0.0 0.0 0.0 1604.0 19804.0 309.0 1646.0
40 44 39 0.0 1.0 1.0 2517.0 29695.0 436.0 4757.0
40 44 40 0.0 0.0 0.0 2640.0 32563.0 445.0 6414.0
40 44 41 0.0 1.0 1.0 2310.0 29434.0 413.0 4445.0
40 44 42 0.0 0.0 0.0 1934.0 19684.0 341.0 1685.0
40 44 43 0.0 0.0 0.0 901.0 8069.0 130.0 203.0
40 44 44 0.0 0.0 0.0 115.0 1440.0 14.0 2.0
40 44 45 0.0 0.0 0.0 0.0 7.0 0.0 0.0
40 45 36 0.0 0.0 0.0 1.0 15.0 0.0 0.0
40 45 37 0.0 0.0 0.0 8.0 116.0 3.0 0.0
40 45 38 0.0 0.0 0.0 42.0 485.0 8.0 1.0
40 45 39 0.0 0.0 0.0 65.0 997.0 15.0 0.0
40 45 40 0.0 0.0 0.0 107.0 1129.0 18.0 2.0
40 45 41 0.0 0.0 0.0 68.0 842.0 12.0 1.0
40 45 42 0.0 0.0 0.0 16.0 491.0 8.0 0.0
40 45 43 0.0 0.0 0.0 5.0 114.0 4.0 0.0
40 45 44 0.0 0.0 0.0 1.0 11.0 0.0 0.0
40 45 45 0.0 0.0 0.0 0.0 4.0 0.0 0.0
40 46 40 0.0 0.0 0.0 0.0 4.0 0.0 0.0
41 35 35 0.0 0.0 0.0 0.0 1.0 0.0 0.0
41 35 36 0.0 0.0 0.0 2.0 12.0 1.0 0.0
41 35 37 0.0 0.0 0.0 12.0 98.0 2.0 0.0
41 35 38 0.0 0.0 0.0 42.0 408.0 9.0 0.0
41 35 39 0.0 0.0 0.0 77.0 956.0 22.0 2.0
41 35 40 0.0 0.0 0.0 97.0 1223.0 25.0 1.0
41 35 41 0.0 0.0 0.0 100.0 1056.0 17.0 1.0
41 35 42 0.0 0.0 0.0 45.0 451.0 6.0 0.0
41 35 43 0.0 0.0 0.0 3.0 162.0 4.0 0.0
41 35 44 0.0 0.0 0.0 7.0 25.0 1.0 0.0
41 36 35 0.0 0.0 0.0 2.0 6.0 0.0 0.0
41 36 36 0.0 0.0 0.0 94.0 1206.0 15.0 5.0
41 36 37 0.0 0.0 0.0 585.0 7101.0 118.0 174.0
41 36 38 0.0 0.0 0.0 1958.0 18421.0 318.0 1483.0
41 36 39 0.0 1.0 0.0 2291.0 28134.0 415.0 3939.0
41 36 40 0.0 1.0 3.0 2486.0 31323.0 480.0 5524.0
41 36 41 0.0 0.0 1.0 2485.0 29051.0 404.0 4248.0
41 36 42 0.0 0.0 0.0 1892.0 20473.0 290.0 1792.0
41 36 43 0.0 0.0 1.0 778.0 9447.0 182.0 269.0
41 36 44 0.0 0.0 0.0 168.0 1893.0 35.0 8.0
41 36 45 0.0 0.0 0.0 2.0 13.0 0.0 0.0
41 37 35 0.0 0.0 0.0 3.0 90.0 1.0 0.0
41 37 36 0.0 0.0 5.0 743.0 6760.0 121.0 145.0
41 37 37 0.0 0.0 0.0 3453.0 37431.0 533.0 12010.0
41 37 38 0.0 0.0 1.0 3693.0 41006.0 439.0 38753.0
41 37 39 0.0 1.0 0.0 3102.0 34816.0 350.0 58306.0
41 37 40 0.0 0.0 0.0 2618.0 31820.0 306.0 65843.0
41 37 41 0.0 7.0 1.0 3155.0 33107.0 315.0 61737.0
41 37 42 0.0 4.0 3.0 3262.0 39949.0 374.0 44722.0
41 37 43 0.0 6.0 8.0 2641.0 41889.0 511.0 19118.0
41 37 44 0.0 0.0 0.0 713.0 9761.0 166.0 315.0
41 37 45 0.0 0.0 0.0 21.0 154.0 1.0 0.0
41 38 35 0.0 0.0 0.0 44.0 336.0 10.0 0.0
41 38 36 0.0 0.0 1.0 1830.0 17669.0 305.0 1286.0
41 38 37 0.0 0.0 4.0 4201.0 40897.0 445.0 37519.0
41 38 38 0.0 0.0 1.0 1974.0 20273.0 188.0 91113.0
41 38 39 0.0 2.0 1.0 1333.0 14022.0 110.0 107815.0
41 38 40 0.0 0.0 2.0 1150.0 11857.0 63.0 113222.0
41 38 41 0.0 3.0 1.0 1083.0 12817.0 90.0 110839.0
41 38 42 0.0 2.0 0.0 1293.0 17932.0 133.0 98303.0
41 38 43 0.0 0.0 8.0 3114.0 39710.0 422.0 45990.0
41 38 44 0.0 3.0 1.0 1694.0 21182.0 316.0 1965.0
41 38 45 0.0 1.0 0.0 36.0 644.0 12.0 1.0
41 38 46 0.0 0.0 0.0 0.0 1.0 0.0 0.0
41 39 35 0.0 0.0 0.0 81.0 754.0 7.0 1.0
41 39 36 0.0 0.0 0.0 2121.0 26827.0 407.0 3399.0
41 39 37 0.0 0.0 0.0 3156.0 35289.0 343.0 56940.0
41 39 38 0.0 0.0 1.0 1367.0 14563.0 106.0 106606.0
41 39 39 0.0 0.0 1.0 604.0 6348.0 38.0 133551.0
41 39 40 0.0 1.0 0.0 484.0 5358.0 27.0 136305.0
41 39 41 0.0 0.0 0.0 469.0 5803.0 34.0 136570.0
41 39 42 0.0 1.0 2.0 1120.0 12938.0 93.0 110773.0
41 39 43 0.0 1.0 7.0 2480.0 33384.0 304.0 62803.0
41 39 44 0.0 12.0 4.0 2680.0 30060.0 428.0 4923.0
41 39 45 0.0 0.0 0.0 62.0 1120.0 19.0 1.0
41 39 46 0.0 0.0 0.0 0.0 1.0 0.0 0.0
41 40 35 0.0 0.0 0.0 65.0 1070.0 13.0 1.0
41 40 36 0.0 0.0 0.0 2170.0 30482.0 446.0 4894.0
41 40 37 0.0 0.0 7.0 2606.0 32630.0 270.0 63598.0
41 40 38 0.0 3.0 0.0 1093.0 12395.0 73.0 111764.0
41 40 39 0.0 0.0 0.0 469.0 5245.0 21.0 136355.0
41 40 40 0.0 0.0 0.0 398.0 4196.0 32.0 138078.0
41 40 41 0.0 0.0 1.0 482.0 5335.0 29.0 135311.0
41 40 42 0.0 0.0 1.0 1050.0 11987.0 89.0 113070.0
41 40 43 0.0 2.0 1.0 2836.0 31799.0 302.0 65541.0
41 40 44 0.0 2.0 0.0 2738.0 32054.0 509.0 5749.0
41 40 45 0.0 0.0 0.0 70.0 1189.0 15.0 4.0
41 41 35 0.0 0.0 0.0 71.0 831.0 15.0 2.0
41 41 36 0.0 0.0 0.0 2026.0 27829.0 435.0 3937.0
41 41 37 0.0 0.0 3.0 3308.0 35310.0 341.0 56849.0
41 41 38 0.0 0.0 3.0 1106.0 14070.0 110.0 108226.0
41 41 39 0.0 0.0 0.0 569.0 6483.0 30.0 132817.0
41 41 40 0.0 1.0 0.0 471.0 5286.0 26.0 135649.0
41 41 41 0.0 0.0 0.0 595.0 6571.0 32.0 133306.0
41 41 42 0.0 0.0 1.0 1319.0 14153.0 113.0 107613.0
41 41 43 0.0 1.0 1.0 2975.0 34610.0 313.0 58959.0
41 41 44 0.0 8.0 0.0 2348.0 27514.0 427.0 3971.0
41 41 45 0.0 0.0 0.0 71.0 875.0 14.0 2.0
41 42 35 0.0 0.0 0.0 23.0 413.0 10.0 1.0
41 42 36 0.0 0.0 0.0 1751.0 18190.0 295.0 1277.0
41 42 37 0.0 0.0 1.0 3908.0 40744.0 420.0 39399.0
41 42 38 0.0 0.0 0.0 2008.0 20044.0 170.0 92036.0
41 42 39 0.0 1.0 0.0 1103.0 14352.0 87.0 107204.0
41 42 40 0.0 0.0 0.0 1055.0 12744.0 84.0 111278.0
41 42 41 0.0 0.0 0.0 1217.0 14115.0 105.0 107270.0
41 42 42 0.0 0.0 0.0 1942.0 19671.0 151.0 92642.0
41 42 43 0.0 0.0 0.0 4212.0 40694.0 403.0 38026.0
41 42 44 0.0 2.0 0.0 1669.0 17207.0 303.0 1189.0
41 42 45 0.0 0.0 0.0 22.0 421.0 8.0 0.0
41 43 35 0.0 0.0 0.0 4.0 111.0 1.0 0.0
41 43 36 0.0 0.0 0.0 723.0 6934.0 122.0 158.0
41 43 37 0.0 0.0 0.0 3813.0 37424.0 455.0 12289.0
41 43 38 0.0 0.0 1.0 3596.0 40776.0 453.0 39359.0
41 43 39 0.0 3.0 1.0 2679.0 35808.0 340.0 56715.0
41 43 40 0.0 2.0 1.0 2758.0 33394.0 293.0 61832.0
41 43 41 0.0 1.0 8.0 3258.0 35366.0 337.0 56840.0
41 43 42 0.0 5.0 0.0 4100.0 40429.0 460.0 39652.0
41 43 43 0.0 1.0 0.0 4056.0 37237.0 527.0 12381.0
41 43 44 0.0 0.0 0.0 735.0 6789.0 124.0 146.0
41 43 45 0.0 0.0 0.0 9.0 101.0 2.0 0.0
41 44 35 0.0 0.0 0.0 1.0 7.0 0.0 0.0
41 44 36 0.0 0.0 0.0 100.0 1265.0 21.0 1.0
41 44 37 0.0 0.0 0.0 700.0 7169.0 129.0 172.0
41 44 38 0.0 0.0 0.0 1239.0 17884.0 247.0 1200.0
41 44 39 0.0 0.0 0.0 2226.0 26064.0 358.0 3310.0
41 44 40 0.0 0.0 0.0 2271.0 29926.0 385.0 4862.0
41 44 41 0.0 0.0 0.0 2364.0 26750.0 436.0 3445.0
41 44 42 0.0 3.0 0.0 1341.0 17206.0 251.0 1154.0
41 44 43 0.0 0.0 0.0 567.0 7205.0 145.0 148.0
41 44 44 0.0 0.0 0.0 130.0 1060.0 16.0 1.0
41 44 45 0.0 0.0 0.0 2.0 8.0 0.0 0.0
41 45 36 0.0 0.0 0.0 0.0 10.0 0.0 0.0
41 45 37 0.0 0.0 0.0 8.0 87.0 3.0 0.0
41 45 38 0.0 0.0 0.0 18.0 382.0 8.0 0.0
41 45 39 0.0 0.0 0.0 24.0 748.0 14.0 0.0
41 45 40 0.0 0.0 0.0 88.0 973.0 15.0 2.0
41 45 41 0.0 0.0 0.0 54.0 763.0 13.0 0.0
41 45 42 0.0 0.0 2.0 65.0 356.0 4.0 1.0
41 45 43 0.0 0.0 0.0 13.0 77.0 0.0 0.0
41 45 44 0.0 0.0 0.0 3.0 7.0 0.0 0.0
41 46 41 0.0 0.0 0.0 0.0 1.0 0.0 0.0
42 35 36 0.0 0.0 0.0 0.0 5.0 0.0 0.0
42 35 37 0.0 0.0 0.0 7.0 56.0 0.0 0.0
42 35 38 0.0 0.0 0.0 22.0 226.0 1.0 0.0
42 35 39 0.0 0.0 0.0 29.0 446.0 8.0 0.0
42 35 40 0.0 0.0 0.0 53.0 652.0 13.0 3.0
42 35 41 0.0 0.0 0.0 36.0 580.0 13.0 1.0
42 35 42 0.0 0.0 0.0 31.0 268.0 1.0 0.0
42 35 43 0.0 0.0 0.0 6.0 100.0 0.0 0.0
42 35 44 0.0 0.0 0.0 0.0 10.0 0.0 0.0
42 36 35 0.0 0.0 0.0 0.0 10.0 1.0 0.0
42 36 36 0.0 0.0 0.0 32.0 612.0 13.0 2.0
42 36 37 0.0 0.0 0.0 489.0 4001.0 92.0 50.0
42 36 38 0.0 0.0 0.0 1135.0 10606.0 179.0 362.0
42 36 39 0.0 0.0 0.0 1709.0 19619.0 325.0 1574.0
42 36 40 0.0 0.0 1.0 2121.0 23222.0 340.0 2436.0
42 36 41 0.0 0.0 1.0 1751.0 21430.0 310.0 1986.0
42 36 42 0.0 0.0 0.0 1305.0 14570.0 256.0 799.0
42 36 43 0.0 0.0 0.0 614.0 5574.0 91.0 97.0
42 36 44 0.0 0.0 0.0 72.0 1346.0 21.0 5.0
42 36 45 0.0 0.0 0.0 0.0 13.0 0.0 0.0
42 37 35 0.0 0.0 0.0 2.0 39.0 0.0 0.0
42 37 36 0.0 0.0 0.0 671.0 3921.0 63.0 44.0
42 37 37 0.0 0.0 0.0 2758.0 30176.0 438.0 5563.0
42 37 38 0.0 0.0 3.0 3838.0 41981.0 531.0 23976.0
42 37 39 0.0 1.0 7.0 3484.0 40110.0 426.0 42036.0
42 37 40 0.0 1.0 6.0 3304.0 38092.0 392.0 49036.0
42 37 41 0.0 2.0 11.0 3223.0 39151.0 376.0 46359.0
42 37 42 0.0 1.0 4.0 3113.0 42476.0 488.0 31293.0
42 37 43 0.0 1.0 5.0 2197.0 36500.0 511.0 9676.0
42 37 44 0.0 0.0 0.0 551.0 5980.0 114.0 107.0
42 37 45 0.0 0.0 0.0 6.0 116.0 1.0 0.0
42 38 35 0.0 0.0 0.0 20.0 170.0 2.0 0.0
42 38 36 0.0 0.0 6.0 817.0 11822.0 205.0 459.0
42 38 37 0.0 0.0 5.0 3645.0 42294.0 472.0 23426.0
42 38 38 0.0 0.0 0.0 2011.0 25185.0 211.0 79377.0
42 38 39 0.0 0.0 0.0 1706.0 19108.0 164.0 94785.0
42 38 40 0.0 1.0 4.0 1506.0 16534.0 134.0 101420.0
42 38 41 0.0 0.0 3.0 1397.0 17763.0 158.0 98874.0
42 38 42 0.0 1.0 1.0 1563.0 22797.0 156.0 85703.0
42 38 43 0.0 0.0 0.0 2801.0 42715.0 500.0 32828.0
42 38 44 0.0 0.0 0.0 974.0 14720.0 257.0 707.0
42 38 45 0.0 0.0 0.0 25.0 311.0 8.0 0.0
42 39 35 0.0 0.0 0.0 52.0 435.0 4.0 1.0
42 39 36 0.0 0.0 0.0 1389.0 18556.0 318.0 1395.0
42 39 37 0.0 1.0 1.0 3460.0 40888.0 431.0 39539.0
42 39 38 0.0 0.0 1.0 1620.0 19255.0 149.0 94700.0
42 39 39 0.0 1.0 1.0 1244.0 13943.0 107.0 108446.0
42 39 40 0.0 2.0 0.0 1104.0 11431.0 78.0 113965.0
42 39 41 0.0 1.0 6.0 1065.0 13172.0 90.0 110356.0
42 39 42 0.0 1.0 6.0 1287.0 18012.0 134.0 98495.0
42 39 43 0.0 0.0 2.0 2859.0 40195.0 400.0 45603.0
42 39 44 0.0 0.0 0.0 1583.0 21738.0 363.0 1910.0
42 39 45 0.0 0.0 0.0 33.0 573.0 13.0 1.0
42 40 34 0.0 0.0 0.0 0.0 1.0 0.0 0.0
42 40 35 0.0 0.0 0.0 31.0 553.0 12.0 2.0
42 40 36 0.0 0.0 0.0 1915.0 20643.0 324.0 1851.0
42 40 37 0.0 0.0 2.0 2937.0 40125.0 421.0 44624.0
42 40 38 0.0 1.0 0.0 1400.0 18336.0 127.0 97082.0
42 40 39 0.0 1.0 0.0 1022.0 12214.0 87.0 112862.0
42 40 40 0.0 0.0 1.0 851.0 10543.0 69.0 115676.0
42 40 41 0.0 2.0 1.0 989.0 12039.0 74.0 113269.0
42 40 42 0.0 0.0 1.0 1258.0 17119.0 139.0 100468.0
42 40 43 0.0 1.0 1.0 3479.0 37775.0 389.0 49008.0
42 40 44 0.0 0.0 1.0 1745.0 23474.0 351.0 2542.0
42 40 45 0.0 0.0 0.0 64.0 677.0 10.0 0.0
42 41 35 0.0 0.0 0.0 38.0 482.0 11.0 1.0
42 41 36 0.0 0.0 0.0 1422.0 18455.0 290.0 1339.0
42 41 37 0.0 0.0 5.0 3532.0 41416.0 443.0 38604.0
42 41 38 0.0 0.0 1.0 1580.0 20402.0 147.0 92317.0
42 41 39 0.0 0.0 0.0 1081.0 14496.0 102.0 107258.0
42 41 40 0.0 1.0 3.0 1004.0 12388.0 96.0 112351.0
42 41 41 0.0 0.0 0.0 1200.0 14311.0 94.0 108570.0
42 41 42 0.0 1.0 0.0 1604.0 19753.0 162.0 93562.0
42 41 43 0.0 7.0 0.0 3153.0 40203.0 447.0 42396.0
42 41 44 0.0 0.0 0.0 1598.0 18811.0 269.0 1488.0
42 41 45 0.0 0.0 0.0 42.0 449.0 6.0 0.0
42 42 35 0.0 0.0 0.0 10.0 175.0 6.0 0.0
42 42 36 0.0 0.0 0.0 923.0 11468.0 183.0 401.0
42 42 37 0.0 0.0 3.0 3902.0 41970.0 489.0 23439.0
42 42 38 0.0 0.0 3.0 2724.0 27917.0 238.0 72860.0
42 42 39 0.0 2.0 1.0 1603.0 20160.0 160.0 92430.0
42 42 40 0.0 1.0 1.0 1444.0 18161.0 141.0 97568.0
42 42 41 0.0 1.0 0.0 2045.0 19565.0 165.0 92726.0
42 42 42 0.0 4.0 0.0 2299.0 27355.0 231.0 74593.0
42 42 43 0.0 4.0 1.0 3471.0 42025.0 477.0 23108.0
42 42 44 0.0 1.0 0.0 868.0 11049.0 207.0 435.0
42 42 45 0.0 0.0 0.0 16.0 208.0 2.0 0.0
42 43 35 0.0 0.0 0.0 8.0 65.0 1.0 0.0
42 43 36 0.0 0.0 0.0 360.0 4106.0 58.0 48.0
42 43 37 0.0 0.0 2.0 3124.0 27692.0 411.0 4852.0
42 43 38 0.0 0.0 0.0 3516.0 42274.0 514.0 22619.0
42 43 39 0.0 0.0 3.0 2797.0 41791.0 424.0 39046.0
42 43 40 0.0 0.0 0.0 3518.0 40451.0 387.0 42875.0
42 43 41 0.0 0.0 2.0 3539.0 41068.0 469.0 38984.0
42 43 42 0.0 1.0 7.0 3505.0 41637.0 543.0 22455.0
42 43 43 0.0 0.0 0.0 2891.0 29683.0 479.0 5445.0
42 43 44 0.0 0.0 0.0 492.0 3851.0 71.0 42.0
42 43 45 0.0 0.0 0.0 1.0 44.0 1.0 0.0
42 44 35 0.0 0.0 0.0 0.0 5.0 0.0 0.0
42 44 36 0.0 0.0 0.0 73.0 632.0 9.0 0.0
42 44 37 0.0 0.0 0.0 380.0 3747.0 64.0 33.0
42 44 38 0.0 0.0 0.0 932.0 11302.0 186.0 443.0
42 44 39 0.0 0.0 0.0 1288.0 17910.0 279.0 1194.0
42 44 40 0.0 1.0 1.0 1580.0 21000.0 347.0 1846.0
42 44 41 0.0 0.0 0.0 1645.0 17209.0 270.0 1214.0
42 44 42 0.0 0.0 0.0 1115.0 10979.0 200.0 415.0
42 44 43 0.0 0.0 0.0 343.0 4034.0 78.0 49.0
42 44 44 0.0 0.0 0.0 68.0 634.0 12.0 2.0
42 44 45 0.0 0.0 0.0 0.0 7.0 0.0 0.0
42 45 36 0.0 0.0 0.0 0.0 5.0 0.0 0.0
42 45 37 0.0 0.0 0.0 7.0 64.0 1.0 0.0
42 45 38 0.0 0.0 0.0 36.0 186.0 2.0 0.0
42 45 39 0.0 0.0 0.0 21.0 405.0 10.0 0.0
42 45 40 0.0 0.0 0.0 34.0 470.0 13.0 0.0
42 45 41 0.0 0.0 0.0 38.0 340.0 5.0 0.0
42 45 42 0.0 0.0 0.0 20.0 188.0 2.0 0.0
42 45 43 0.0 0.0 0.0 13.0 37.0 0.0 0.0
42 45 44 0.0 0.0 0.0 0.0 4.0 0.0 0.0
42 46 41 0.0 0.0 0.0 0.0 2.0 0.0 0.0
43 35 36 0.0 0.0 0.0 0.0 1.0 0.0 0.0
43 35 37 0.0 0.0 0.0 0.0 25.0 1.0 0.0
43 35 38 0.0 0.0 0.0 5.0 52.0 0.0 0.0
43 35 39 0.0 0.0 0.0 8.0 138.0 3.0 0.0
43 35 40 0.0 0.0 0.0 12.0 195.0 3.0 0.0
43 35 41 0.0 0.0 0.0 16.0 122.0 1.0 0.0
43 35 42 0.0 0.0 0.0 2.0 101.0 1.0 0.0
43 35 43 0.0 0.0 0.0 1.0 21.0 1.0 0.0
43 35 44 0.0 0.0 0.0 0.0 9.0 1.0 0.0
43 36 36 0.0 0.0 0.0 99.0 200.0 8.0 0.0
43 36 37 0.0 0.0 0.0 167.0 1589.0 28.0 6.0
43 36 38 0.0 0.0 0.0 485.0 4880.0 86.0 63.0
43 36 39 0.0 0.0 0.0 641.0 8894.0 152.0 282.0
43 36 40 0.0 0.0 2.0 1055.0 11585.0 185.0 482.0
43 36 41 0.0 0.0 0.0 695.0 9568.0 153.0 337.0
43 36 42 0.0 0.0 0.0 419.0 5929.0 102.0 127.0
43 36 43 0.0 0.0 0.0 230.0 2409.0 35.0 8.0
43 36 44 0.0 0.0 0.0 30.0 477.0 16.0 0.0
43 37 35 0.0 0.0 0.0 1.0 17.0 1.0 0.0
43 37 36 0.0 0.0 0.0 118.0 1428.0 39.0 4.0
43 37 37 0.0 0.0 0.0 1023.0 14604.0 234.0 867.0
43 37 38 0.0 0.0 0.0 3248.0 31840.0 477.0 6616.0
43 37 39 0.0 2.0 1.0 3078.0 40533.0 507.0 16169.0
43 37 40 0.0 0.0 1.0 3106.0 41849.0 515.0 20720.0
43 37 41 0.0 2.0 1.0 3514.0 40458.0 538.0 17948.0
43 37 42 0.0 1.0 1.0 1807.0 37526.0 520.0 10336.0
43 37 43 0.0 0.0 0.0 880.0 22150.0 343.0 2227.0
43 37 44 0.0 0.0 0.0 247.0 2604.0 47.0 14.0
43 37 45 0.0 0.0 0.0 7.0 21.0 0.0 0.0
43 38 35 0.0 0.0 0.0 3.0 54.0 1.0 0.0
43 38 36 0.0 0.0 0.0 229.0 4066.0 61.0 40.0
43 38 37 0.0 0.0 1.0 2380.0 33275.0 460.0 7205.0
43 38 38 0.0 0.0 1.0 4120.0 41891.0 527.0 25460.0
43 38 39 0.0 3.0 1.0 3274.0 39889.0 397.0 44603.0
43 38 40 0.0 1.0 0.0 2896.0 38249.0 377.0 50719.0
43 38 41 0.0 2.0 0.0 3158.0 39228.0 389.0 47913.0
43 38 42 0.0 3.0 0.0 2799.0 42751.0 439.0 31229.0
43 38 43 0.0 0.0 2.0 2032.0 36894.0 468.0 10219.0
43 38 44 0.0 0.0 0.0 392.0 6436.0 105.0 112.0
43 38 45 0.0 0.0 0.0 5.0 94.0 2.0 0.0
43 39 35 0.0 0.0 0.0 7.0 110.0 1.0 0.0
43 39 36 0.0 0.0 0.0 658.0 7257.0 119.0 200.0
43 39 37 0.0 0.0 0.0 2729.0 39981.0 499.0 14380.0
43 39 38 0.0 0.0 6.0 3125.0 40805.0 407.0 40762.0
43 39 39 0.0 1.0 2.0 3139.0 33700.0 315.0 61382.0
43 39 40 0.0 4.0 3.0 2650.0 31443.0 250.0 66638.0
43 39 41 0.0 0.0 2.0 2317.0 33068.0 279.0 63942.0
43 39 42 0.0 0.0 9.0 2615.0 39576.0 372.0 47433.0
43 39 43 0.0 0.0 0.0 2717.0 41313.0 482.0 18073.0
43 39 44 0.0 0.0 0.0 696.0 10239.0 192.0 343.0
43 39 45 0.0 0.0 0.0 8.0 179.0 2.0 0.0
43 40 35 0.0 0.0 0.0 11.0 177.0 5.0 0.0
43 40 36 0.0 0.0 0.0 621.0 9168.0 166.0 306.0
43 40 37 0.0 0.0 0.0 2623.0 41136.0 487.0 17064.0
43 40 38 0.0 0.0 2.0 2995.0 40092.0 387.0 45060.0
43 40 39 0.0 0.0 1.0 2554.0 32825.0 306.0 63455.0
43 40 40 0.0 0.0 4.0 2136.0 29646.0 239.0 71012.0
43 40 41 0.0 5.0 2.0 2809.0 31271.0 279.0 66477.0
43 40 42 0.0 2.0 0.0 3201.0 38498.0 355.0 48543.0
43 40 43 0.0 0.0 1.0 2885.0 41949.0 542.0 20027.0
43 40 44 0.0 1.0 0.0 990.0 10633.0 185.0 375.0
43 40 45 0.0 0.0 0.0 7.0 240.0 3.0 0.0
43 40 46 0.0 0.0 0.0 0.0 1.0 0.0 0.0
43 41 35 0.0 0.0 0.0 14.0 124.0 4.0 0.0
43 41 36 0.0 0.0 3.0 502.0 6786.0 119.0 138.0
43 41 37 0.0 0.0 0.0 2776.0 38903.0 495.0 12495.0
43 41 38 0.0 0.0 1.0 2772.0 41995.0 437.0 38623.0
43 41 39 0.0 0.0 2.0 2515.0 35241.0 297.0 58416.0
43 41 40 0.0 1.0 6.0 2425.0 32560.0 321.0 64497.0
43 41 41 0.0 2.0 2.0 2461.0 34767.0 350.0 59796.0
43 41 42 0.0 1.0 0.0 3476.0 41043.0 453.0 40151.0
43 41 43 0.0 2.0 0.0 2894.0 39627.0 493.0 14361.0
43 41 44 0.0 0.0 1.0 720.0 8009.0 142.0 213.0
43 41 45 0.0 0.0 0.0 20.0 121.0 4.0 0.0
43 42 35 0.0 0.0 0.0 1.0 55.0 1.0 0.0
43 42 36 0.0 0.0 0.0 262.0 3820.0 65.0 44.0
43 42 37 0.0 0.0 1.0 2118.0 30576.0 449.0 5460.0
43 42 38 0.0 0.0 5.0 2681.0 42760.0 491.0 22608.0
43 42 39 0.0 0.0 2.0 2642.0 41737.0 472.0 39044.0
43 42 40 0.0 2.0 1.0 2655.0 39819.0 392.0 46573.0
43 42 41 0.0 1.0 4.0 3657.0 40643.0 411.0 40092.0
43 42 42 0.0 0.0 0.0 3833.0 41985.0 533.0 24695.0
43 42 43 0.0 1.0 0.0 2842.0 28736.0 423.0 4967.0
43 42 44 0.0 1.0 0.0 321.0 4689.0 76.0 74.0
43 42 45 0.0 0.0 0.0 2.0 46.0 2.0 0.0
43 43 35 0.0 0.0 0.0 5.0 12.0 0.0 0.0
43 43 36 0.0 0.0 0.0 121.0 1285.0 24.0 5.0
43 43 37 0.0 0.0 1.0 837.0 11889.0 190.0 524.0
43 43 38 0.0 0.0 0.0 1854.0 29787.0 410.0 4971.0
43 43 39 0.0 0.0 1.0 1892.0 39630.0 507.0 12150.0
43 43 40 0.0 2.0 0.0 3684.0 40657.0 516.0 17025.0
43 43 41 0.0 5.0 0.0 3404.0 38377.0 518.0 13098.0
43 43 42 0.0 6.0 0.0 2808.0 29191.0 428.0 5146.0
43 43 43 0.0 0.0 0.0 794.0 12927.0 213.0 585.0
43 43 44 0.0 0.0 0.0 79.0 1151.0 24.0 3.0
43 43 45 0.0 0.0 0.0 1.0 19.0 0.0 0.0
43 44 36 0.0 0.0 0.0 8.0 165.0 3.0 0.0
43 44 37 0.0 0.0 0.0 107.0 1320.0 25.0 2.0
43 44 38 0.0 0.0 0.0 278.0 3975.0 51.0 48.0
43 44 39 0.0 0.0 0.0 619.0 7626.0 153.0 187.0
43 44 40 0.0 0.0 0.0 720.0 8665.0 164.0 275.0
43 44 41 0.0 0.0 0.0 565.0 7144.0 118.0 171.0
43 44 42 0.0 0.0 0.0 261.0 3848.0 76.0 38.0
43 44 43 0.0 0.0 0.0 126.0 1404.0 27.0 6.0
43 44 44 0.0 0.0 0.0 9.0 185.0 6.0 1.0
43 44 45 0.0 0.0 0.0 0.0 1.0 0.0 0.0
43 45 36 0.0 0.0 0.0 0.0 2.0 0.0 0.0
43 45 37 0.0 0.0 0.0 1.0 27.0 1.0 0.0
43 45 38 0.0 0.0 0.0 1.0 41.0 0.0 0.0
43 45 39 0.0 0.0 0.0 4.0 135.0 1.0 0.0
43 45 40 0.0 0.0 0.0 10.0 147.0 6.0 0.0
43 45 41 0.0 0.0 0.0 5.0 146.0 5.0 0.0
43 45 42 0.0 0.0 0.0 8.0 41.0 0.0 0.0
43 45 43 0.0 0.0 0.0 1.0 5.0 1.0 0.0
44 35 37 0.0 0.0 0.0 0.0 1.0 0.0 0.0
44 35 38 0.0 0.0 0.0 0.0 10.0 0.0 0.0
44 35 39 0.0 0.0 0.0 0.0 23.0 0.0 0.0
44 35 40 0.0 0.0 0.0 4.0 46.0 1.0 0.0
44 35 41 0.0 0.0 0.0 7.0 9.0 1.0 0.0
44 35 42 0.0 0.0 0.0 0.0 5.0 0.0 0.0
44 35 43 0.0 0.0 0.0 0.0 2.0 0.0 0.0
44 36 36 0.0 0.0 0.0 0.0 15.0 0.0 0.0
44 36 37 0.0 0.0 0.0 9.0 285.0 2.0 0.0
44 36 38 0.0 0.0 0.0 64.0 756.0 14.0 0.0
44 36 39 0.0 0.0 0.0 194.0 1825.0 23.0 7.0
44 36 40 0.0 0.0 2.0 138.0 2147.0 38.0 10.0
44 36 41 0.0 0.0 0.0 133.0 1948.0 32.0 5.0
44 36 42 0.0 0.0 0.0 119.0 1086.0 21.0 4.0
44 36 43 0.0 0.0 0.0 20.0 428.0 10.0 0.0
44 36 44 0.0 0.0 0.0 3.0 115.0 4.0 0.0
44 36 45 0.0 0.0 0.0 0.0 1.0 0.0 0.0
44 37 36 0.0 0.0 0.0 23.0 245.0 3.0 0.0
44 37 37 0.0 0.0 0.0 150.0 1644.0 34.0 4.0
44 37 38 0.0 0.0 0.0 472.0 4830.0 88.0 67.0
44 37 39 0.0 0.0 0.0 769.0 9118.0 150.0 293.0
44 37 40 0.0 0.0 0.0 1044.0 11762.0 215.0 491.0
44 37 41 0.0 0.0 0.0 973.0 10555.0 177.0 379.0
44 37 42 0.0 0.0 5.0 461.0 6329.0 112.0 113.0
44 37 43 0.0 0.0 0.0 136.0 2547.0 40.0 18.0
44 37 44 0.0 0.0 0.0 31.0 408.0 5.0 0.0
44 37 45 0.0 0.0 0.0 1.0 14.0 0.0 0.0
44 38 35 0.0 0.0 0.0 0.0 9.0 0.0 0.0
44 38 36 0.0 0.0 0.0 50.0 842.0 17.0 2.0
44 38 37 0.0 0.0 2.0 417.0 4865.0 101.0 50.0
44 38 38 0.0 0.0 0.0 911.0 12659.0 213.0 576.0
44 38 39 0.0 4.0 0.0 1615.0 21312.0 353.0 1965.0
44 38 40 0.0 6.0 3.0 2019.0 25263.0 409.0 2989.0
44 38 41 0.0 0.0 2.0 1823.0 22834.0 362.0 2271.0
44 38 42 0.0 0.0 0.0 920.0 15205.0 236.0 820.0
44 38 43 0.0 0.0 0.0 386.0 6396.0 105.0 103.0
44 38 44 0.0 0.0 0.0 46.0 1221.0 24.0 3.0
44 38 45 0.0 0.0 0.0 0.0 11.0 1.0 0.0
44 39 35 0.0 0.0 0.0 0.0 3.0 0.0 0.0
44 39 36 0.0 0.0 0.0 119.0 1652.0 24.0 10.0
44 39 37 0.0 0.0 0.0 643.0 8458.0 150.0 212.0
44 39 38 0.0 0.0 0.0 1587.0 19494.0 337.0 1577.0
44 39 39 0.0 0.0 1.0 2407.0 28798.0 417.0 4304.0
44 39 40 0.0 0.0 3.0 2579.0 33113.0 510.0 6230.0
44 39 41 0.0 2.0 1.0 2192.0 30105.0 456.0 4832.0
44 39 42 0.0 6.0 1.0 1543.0 22901.0 378.0 2203.0
44 39 43 0.0 0.0 0.0 543.0 10125.0 167.0 345.0
44 39 44 0.0 0.0 0.0 126.0 1978.0 28.0 10.0
44 39 45 0.0 0.0 0.0 1.0 32.0 0.0 0.0
44 40 35 0.0 0.0 0.0 1.0 14.0 0.0 0.0
44 40 36 0.0 0.0 0.0 116.0 1668.0 27.0 7.0
44 40 37 0.0 0.0 0.0 577.0 9109.0 152.0 264.0
44 40 38 0.0 0.0 0.0 2100.0 22157.0 357.0 2206.0
44 40 39 0.0 0.0 0.0 2223.0 31802.0 434.0 5423.0
44 40 40 0.0 3.0 4.0 2674.0 35245.0 521.0 8064.0
44 40 41 0.0 6.0 0.0 2252.0 33163.0 470.0 6185.0
44 40 42 0.0 0.0 0.0 1713.0 23647.0 403.0 2406.0
44 40 43 0.0 1.0 0.0 1143.0 10563.0 175.0 391.0
44 40 44 0.0 0.0 0.0 198.0 2144.0 40.0 11.0
44 40 45 0.0 0.0 0.0 2.0 7.0 0.0 0.0
44 41 35 0.0 0.0 0.0 0.0 10.0 0.0 0.0
44 41 36 0.0 0.0 0.0 43.0 1469.0 22.0 6.0
44 41 37 0.0 0.0 0.0 452.0 8155.0 153.0 194.0
44 41 38 0.0 0.0 0.0 1370.0 18186.0 314.0 1373.0
44 41 39 0.0 0.0 1.0 1841.0 28187.0 460.0 3860.0
44 41 40 0.0 3.0 3.0 2269.0 32040.0 424.0 5899.0
44 41 41 0.0 1.0 0.0 2264.0 29371.0 441.0 4586.0
44 41 42 0.0 0.0 0.0 1683.0 20430.0 319.0 1740.0
44 41 43 0.0 0.0 0.0 576.0 8122.0 129.0 198.0
44 41 44 0.0 0.0 0.0 86.0 1496.0 25.0 7.0
44 41 45 0.0 0.0 0.0 4.0 22.0 2.0 0.0
44 42 35 0.0 0.0 0.0 0.0 3.0 0.0 0.0
44 42 36 0.0 0.0 0.0 21.0 608.0 14.0 0.0
44 42 37 0.0 0.0 0.0 271.0 4013.0 65.0 46.0
44 42 38 0.0 0.0 1.0 818.0 11282.0 169.0 439.0
44 42 39 0.0 0.0 0.0 1247.0 18448.0 290.0 1367.0
44 42 40 0.0 0.0 0.0 1759.0 21612.0 336.0 2108.0
44 42 41 0.0 0.0 0.0 1336.0 19742.0 301.0 1634.0
44 42 42 0.0 2.0 0.0 922.0 12368.0 201.0 534.0
44 42 43 0.0 0.0 0.0 341.0 3788.0 71.0 45.0
44 42 44 0.0 0.0 0.0 64.0 697.0 8.0 0.0
44 42 45 0.0 0.0 0.0 0.0 5.0 0.0 0.0
44 43 35 0.0 0.0 0.0 0.0 1.0 0.0 0.0
44 43 36 0.0 0.0 0.0 11.0 186.0 3.0 0.0
44 43 37 0.0 0.0 0.0 103.0 1269.0 22.0 4.0
44 43 38 0.0 0.0 0.0 226.0 4550.0 83.0 58.0
44 43 39 0.0 0.0 0.0 492.0 7850.0 109.0 203.0
44 43 40 0.0 0.0 0.0 609.0 8686.0 154.0 240.0
44 43 41 0.0 0.0 0.0 849.0 8364.0 162.0 215.0
44 43 42 0.0 0.0 0.0 522.0 4604.0 84.0 72.0
44 43 43 0.0 0.0 0.0 75.0 1393.0 17.0 3.0
44 43 44 0.0 0.0 0.0 3.0 281.0 5.0 1.0
44 44 36 0.0 0.0 0.0 1.0 26.0 0.0 0.0
44 44 37 0.0 0.0 0.0 8.0 151.0 0.0 0.0
44 44 38 0.0 0.0 0.0 54.0 602.0 9.0 1.0
44 44 39 0.0 0.0 0.0 65.0 1274.0 18.0 2.0
44 44 40 0.0 0.0 0.0 117.0 1839.0 24.0 8.0
44 44 41 0.0 0.0 0.0 126.0 1485.0 18.0 9.0
44 44 42 0.0 0.0 0.0 65.0 577.0 15.0 4.0
44 44 43 0.0 0.0 0.0 7.0 152.0 2.0 0.0
44 44 44 0.0 0.0 0.0 0.0 25.0 1.0 0.0
44 45 38 0.0 0.0 0.0 1.0 4.0 0.0 0.0
44 45 39 0.0 0.0 0.0 0.0 11.0 0.0 0.0
44 45 40 0.0 0.0 0.0 1.0 15.0 0.0 0.0
44 45 41 0.0 0.0 0.0 1.0 1.0 0.0 0.0
44 45 42 0.0 0.0 0.0 1.0 4.0 0.0 0.0
44 45 43 0.0 0.0 0.0 0.0 1.0 0.0 0.0
45 35 38 0.0 0.0 0.0 0.0 2.0 1.0 0.0
45 35 40 0.0 0.0 0.0 2.0 0.0 0.0 0.0
45 35 41 0.0 0.0 0.0 0.0 1.0 0.0 0.0
45 35 42 0.0 0.0 0.0 0.0 1.0 0.0 0.0
45 36 37 0.0 0.0 0.0 0.0 2.0 0.0 0.0
45 36 38 0.0 0.0 0.0 1.0 14.0 0.0 0.0
45 36 39 0.0 0.0 0.0 1.0 27.0 0.0 0.0
45 36 40 0.0 0.0 0.0 2.0 37.0 0.0 0.0
45 36 41 0.0 0.0 0.0 6.0 30.0 0.0 0.0
45 36 42 0.0 0.0 0.0 0.0 14.0 1.0 0.0
45 36 43 0.0 0.0 0.0 0.0 3.0 0.0 0.0
45 37 36 0.0 0.0 0.0 0.0 2.0 0.0 0.0
45 37 37 0.0 0.0 0.0 4.0 20.0 0.0 0.0
45 37 38 0.0 0.0 0.0 4.0 78.0 2.0 0.0
45 37 39 0.0 0.0 0.0 16.0 202.0 1.0 0.0
45 37 40 0.0 0.0 0.0 24.0 274.0 3.0 1.0
45 37 41 0.0 0.0 0.0 7.0 181.0 6.0 0.0
45 37 42 0.0 0.0 0.0 3.0 52.0 3.0 0.0
45 37 43 0.0 0.0 0.0 3.0 23.0 0.0 0.0
45 37 44 0.0 0.0 0.0 0.0 5.0 0.0 0.0
45 38 36 0.0 0.0 0.0 3.0 5.0 0.0 0.0
45 38 37 0.0 0.0 0.0 3.0 67.0 0.0 0.0
45 38 38 0.0 0.0 0.0 26.0 240.0 6.0 1.0
45 38 39 0.0 0.0 0.0 51.0 500.0 13.0 0.0
45 38 40 0.0 0.0 1.0 61.0 758.0 10.0 2.0
45 38 41 0.0 0.0 0.0 41.0 598.0 10.0 1.0
45 38 42 0.0 0.0 0.0 32.0 319.0 8.0 0.0
45 38 43 0.0 0.0 0.0 4.0 77.0 1.0 0.0
45 38 44 0.0 0.0 0.0 1.0 14.0 0.0 0.0
45 39 36 0.0 0.0 0.0 2.0 15.0 0.0 0.0
45 39 37 0.0 0.0 0.0 10.0 131.0 4.0 0.0
45 39 38 0.0 0.0 0.0 46.0 470.0 8.0 1.0
45 39 39 0.0 0.0 0.0 67.0 987.0 13.0 1.0
45 39 40 0.0 0.0 0.0 128.0 1346.0 22.0 4.0
45 39 41 0.0 0.0 0.0 82.0 1179.0 17.0 0.0
45 39 42 0.0 0.0 0.0 65.0 643.0 9.0 1.0
45 39 43 0.0 0.0 0.0 9.0 167.0 2.0 0.0
45 39 44 0.0 0.0 0.0 0.0 21.0 0.0 0.0
45 40 36 0.0 0.0 0.0 5.0 21.0 1.0 0.0
45 40 37 0.0 0.0 0.0 5.0 152.0 1.0 0.0
45 40 38 0.0 0.0 0.0 73.0 580.0 12.0 0.0
45 40 39 0.0 0.0 0.0 101.0 1232.0 17.0 5.0
45 40 40 0.0 1.0 0.0 98.0 1599.0 26.0 7.0
45 40 41 0.0 0.0 0.0 98.0 1336.0 20.0 2.0
45 40 42 0.0 0.0 0.0 73.0 692.0 14.0 0.0
45 40 43 0.0 0.0 0.0 13.0 168.0 1.0 0.0
45 40 44 0.0 0.0 0.0 3.0 29.0 1.0 0.0
45 41 36 0.0 0.0 0.0 0.0 15.0 0.0 0.0
45 41 37 0.0 0.0 0.0 4.0 131.0 3.0 0.0
45 41 38 0.0 0.0 0.0 33.0 472.0 12.0 0.0
45 41 39 0.0 0.0 0.0 48.0 1037.0 14.0 1.0
45 41 40 0.0 0.0 0.0 104.0 1237.0 18.0 1.0
45 41 41 0.0 0.0 0.0 47.0 1139.0 25.0 3.0
45 41 42 0.0 0.0 0.0 26.0 583.0 9.0 0.0
45 41 43 0.0 0.0 0.0 4.0 141.0 5.0 0.0
45 41 44 0.0 0.0 0.0 0.0 12.0 0.0 0.0
45 41 45 0.0 0.0 0.0 0.0 2.0 0.0 0.0
45 42 36 0.0 0.0 0.0 0.0 7.0 1.0 0.0
45 42 37 0.0 0.0 0.0 6.0 37.0 0.0 0.0
45 42 38 0.0 0.0 0.0 6.0 204.0 4.0 0.0
45 42 39 0.0 0.0 0.0 31.0 444.0 7.0 0.0
45 42 40 0.0 0.0 0.0 51.0 608.0 10.0 0.0
45 42 41 0.0 0.0 0.0 64.0 551.0 14.0 0.0
45 42 42 0.0 0.0 0.0 39.0 306.0 6.0 1.0
45 42 43 0.0 0.0 0.0 4.0 58.0 1.0 0.0
45 42 44 0.0 0.0 0.0 0.0 5.0 0.0 0.0
45 43 37 0.0 0.0 0.0 2.0 13.0 0.0 0.0
45 43 38 0.0 0.0 0.0 1.0 68.0 0.0 0.0
45 43 39 0.0 0.0 0.0 7.0 97.0 0.0 0.0
45 43 40 0.0 0.0 0.0 13.0 151.0 4.0 0.0
45 43 41 0.0 0.0 0.0 10.0 98.0 2.0 0.0
45 43 42 0.0 0.0 0.0 6.0 60.0 2.0 0.0
45 43 43 0.0 0.0 0.0 0.0 10.0 0.0 0.0
45 43 44 0.0 0.0 0.0 0.0 1.0 0.0 0.0
45 44 37 0.0 0.0 0.0 0.0 1.0 0.0 0.0
45 44 38 0.0 0.0 0.0 0.0 3.0 0.0 0.0
45 44 39 0.0 0.0 0.0 2.0 15.0 0.0 0.0
45 44 40 0.0 0.0 0.0 0.0 17.0 0.0 0.0
45 44 41 0.0 0.0 0.0 0.0 7.0 1.0 0.0
45 44 42 0.0 0.0 0.0 0.0 2.0 0.0 0.0
45 44 43 0.0 0.0 0.0 0.0 1.0 0.0 0.0
46 39 42 0.0 0.0 0.0 0.0 1.0 0.0 0.0
46 40 39 0.0 0.0 0.0 0.0 1.0 0.0 0.0
46 42 40 0.0 0.0 0.0 0.0 1.0 0.0 0.0
