33 36 40 0.0 0.0 0.0 0.0 1.0 0.0 0.0
33 37 39 0.0 0.0 0.0 0.0 1.0 0.0 0.0
33 37 40 0.0 0.0 0.0 0.0 2.0 0.0 0.0
33 37 42 0.0 0.0 0.0 0.0 2.0 0.0 0.0
33 38 39 0.0 0.0 0.0 0.0 1.0 0.0 0.0
33 38 42 0.0 0.0 0.0 0.0 3.0 0.0 0.0
33 38 43 0.0 0.0 0.0 0.0 1.0 0.0 0.0
33 39 37 0.0 0.0 0.0 1.0 0.0 0.0 0.0
33 39 38 0.0 0.0 0.0 0.0 1.0 0.0 0.0
33 39 39 0.0 0.0 0.0 1.0 2.0 0.0 0.0
33 39 40 0.0 0.0 0.0 0.0 4.0 0.0 0.0
33 39 41 0.0 0.0 0.0 0.0 3.0 0.0 0.0
33 39 42 0.0 0.0 0.0 0.0 2.0 0.0 0.0
33 40 38 0.0 0.0 0.0 0.0 1.0 0.0 0.0
33 40 39 0.0 0.0 0.0 0.0 3.0 0.0 0.0
33 40 40 0.0 0.0 0.0 0.0 3.0 0.0 0.0
33 40 41 0.0 0.0 0.0 1.0 6.0 1.0 0.0
33 40 42 0.0 0.0 0.0 0.0 3.0 0.0 0.0
33 41 39 0.0 0.0 0.0 0.0 14.0 0.0 0.0
33 41 40 0.0 0.0 0.0 1.0 5.0 0.0 0.0
33 41 41 0.0 0.0 0.0 0.0 1.0 0.0 0.0
33 41 42 0.0 0.0 0.0 0.0 2.0 0.0 0.0
33 41 43 0.0 0.0 0.0 0.0 1.0 0.0 0.0
33 42 39 0.0 0.0 0.0 1.0 1.0 0.0 0.0
33 42 40 0.0 0.0 0.0 0.0 1.0 0.0 0.0
33 42 41 0.0 0.0 0.0 0.0 2.0 0.0 0.0
34 34 39 0.0 0.0 0.0 0.0 1.0 0.0 0.0
34 35 37 0.0 0.0 0.0 0.0 2.0 0.0 0.0
34 35 38 0.0 0.0 0.0 0.0 2.0 0.0 0.0
34 35 39 0.0 0.0 0.0 0.0 12.0 0.0 0.0
34 35 40 0.0 0.0 0.0 0.0 8.0 1.0 0.0
34 35 41 0.0 0.0 0.0 0.0 9.0 0.0 0.0
34 35 42 0.0 0.0 0.0 1.0 0.0 0.0 0.0
34 35 44 0.0 0.0 0.0 0.0 1.0 0.0 0.0
34 36 36 0.0 0.0 0.0 0.0 5.0 0.0 0.0
34 36 37 0.0 0.0 0.0 2.0 17.0 0.0 0.0
34 36 38 0.0 0.0 0.0 2.0 61.0 0.0 0.0
34 36 39 0.0 0.0 0.0 11.0 70.0 1.0 0.0
34 36 40 0.0 0.0 0.0 8.0 207.0 4.0 0.0
34 36 41 0.0 0.0 0.0 3.0 133.0 4.0 0.0
34 36 42 0.0 0.0 0.0 5.0 57.0 0.0 0.0
34 36 43 0.0 0.0 0.0 1.0 15.0 1.0 0.0
34 36 44 0.0 0.0 0.0 0.0 3.0 0.0 0.0
34 37 35 0.0 0.0 0.0 0.0 3.0 0.0 0.0
34 37 36 0.0 0.0 0.0 1.0 24.0 0.0 0.0
34 37 37 0.0 0.0 0.0 7.0 115.0 4.0 0.0
34 37 38 0.0 0.0 0.0 33.0 342.0 5.0 0.0
34 37 39 0.0 0.0 0.0 67.0 588.0 13.0 2.0
34 37 40 0.0 0.0 0.0 48.0 890.0 13.0 2.0
34 37 41 0.0 0.0 0.0 40.0 667.0 17.0 2.0
34 37 42 0.0 0.0 0.0 31.0 347.0 6.0 0.0
34 37 43 0.0 0.0 0.0 4.0 121.0 7.0 0.0
34 37 44 0.0 0.0 0.0 2.0 23.0 0.0 0.0
34 38 35 0.0 0.0 0.0 0.0 5.0 0.0 0.0
34 38 36 0.0 0.0 0.0 8.0 82.0 3.0 0.0
34 38 37 0.0 0.0 0.0 24.0 397.0 13.0 2.0
34 38 38 0.0 0.0 0.0 83.0 959.0 15.0 2.0
34 38 39 0.0 0.0 0.0 124.0 1800.0 23.0 9.0
34 38 40 0.0 0.0 0.0 168.0 2079.0 32.0 1.0
34 38 41 0.0 0.0 0.0 218.0 1699.0 26.0 8.0
34 38 42 0.0 0.0 0.0 81.0 955.0 15.0 3.0
34 38 43 0.0 0.0 0.0 39.0 296.0 4.0 1.0
34 38 44 0.0 0.0 0.0 9.0 50.0 2.0 0.0
34 38 45 0.0 0.0 0.0 0.0 1.0 0.0 0.0
34 39 35 0.0 0.0 0.0 0.0 7.0 0.0 0.0
34 39 36 0.0 0.0 0.0 4.0 165.0 3.0 0.0
34 39 37 0.0 0.0 0.0 55.0 664.0 9.0 2.0
34 39 38 0.0 0.0 2.0 152.0 1723.0 36.0 2.0
34 39 39 0.0 0.0 0.0 314.0 2955.0 48.0 28.0
34 39 40 0.0 0.0 0.0 460.0 3263.0 64.0 23.0
34 39 41 0.0 0.0 0.0 212.0 2959.0 44.0 15.0
34 39 42 0.0 0.0 0.0 121.0 1525.0 31.0 2.0
34 39 43 0.0 0.0 0.0 57.0 541.0 8.0 1.0
34 39 44 0.0 0.0 0.0 7.0 114.0 3.0 0.0
34 39 45 0.0 0.0 0.0 0.0 3.0 0.0 0.0
34 39 46 0.0 0.0 0.0 0.0 2.0 0.0 0.0
34 40 35 0.0 0.0 0.0 0.0 12.0 0.0 0.0
34 40 36 0.0 0.0 0.0 6.0 164.0 4.0 0.0
34 40 37 0.0 0.0 0.0 80.0 865.0 8.0 2.0
34 40 38 0.0 0.0 0.0 155.0 2121.0 36.0 10.0
34 40 39 0.0 0.0 0.0 220.0 3760.0 56.0 35.0
34 40 40 0.0 0.0 0.0 331.0 4197.0 77.0 34.0
34 40 41 0.0 0.0 0.0 298.0 3520.0 54.0 31.0
34 40 42 0.0 0.0 0.0 129.0 1805.0 40.0 7.0
34 40 43 0.0 0.0 0.0 81.0 659.0 13.0 0.0
34 40 44 0.0 0.0 0.0 2.0 119.0 3.0 0.0
34 40 45 0.0 0.0 0.0 4.0 9.0 0.0 0.0
34 41 35 0.0 0.0 0.0 0.0 14.0 0.0 0.0
34 41 36 0.0 0.0 0.0 12.0 155.0 5.0 0.0
34 41 37 0.0 0.0 0.0 64.0 652.0 14.0 2.0
34 41 38 0.0 0.0 0.0 146.0 1645.0 35.0 11.0
34 41 39 0.0 0.0 0.0 211.0 2740.0 40.0 21.0
34 41 40 0.0 0.0 0.0 286.0 3381.0 56.0 24.0
34 41 41 0.0 0.0 0.0 233.0 2892.0 52.0 19.0
34 41 42 0.0 0.0 0.0 148.0 1661.0 30.0 4.0
34 41 43 0.0 0.0 0.0 37.0 519.0 10.0 0.0
34 41 44 0.0 0.0 0.0 15.0 95.0 1.0 0.0
34 41 45 0.0 0.0 0.0 0.0 16.0 0.0 0.0
34 42 35 0.0 0.0 0.0 0.0 4.0 1.0 0.0
34 42 36 0.0 0.0 0.0 5.0 101.0 1.0 0.0
34 42 37 0.0 0.0 0.0 25.0 363.0 7.0 2.0
34 42 38 0.0 0.0 0.0 58.0 1124.0 13.0 3.0
34 42 39 0.0 0.0 0.0 187.0 1651.0 33.0 5.0
34 42 40 0.0 0.0 0.0 129.0 1953.0 40.0 9.0
34 42 41 0.0 0.0 0.0 94.0 1426.0 18.0 3.0
34 42 42 0.0 0.0 0.0 63.0 833.0 18.0 1.0
34 42 43 0.0 0.0 0.0 33.0 307.0 15.0 0.0
34 42 44 0.0 0.0 0.0 5.0 97.0 0.0 0.0
34 42 45 0.0 0.0 0.0 0.0 3.0 0.0 0.0
34 43 35 0.0 0.0 0.0 0.0 3.0 0.0 0.0
34 43 36 0.0 0.0 0.0 1.0 18.0 0.0 0.0
34 43 37 0.0 0.0 0.0 6.0 132.0 1.0 0.0
34 43 38 0.0 0.0 0.0 28.0 345.0 5.0 0.0
34 43 39 0.0 0.0 0.0 41.0 628.0 18.0 2.0
34 43 40 0.0 0.0 0.0 55.0 701.0 10.0 0.0
34 43 41 0.0 0.0 0.0 34.0 597.0 10.0 0.0
34 43 42 0.0 0.0 0.0 25.0 295.0 4.0 0.0
34 43 43 0.0 0.0 0.0 7.0 87.0 2.0 0.0
34 43 44 0.0 0.0 0.0 0.0 7.0 0.0 0.0
34 44 36 0.0 0.0 0.0 1.0 1.0 0.0 0.0
34 44 37 0.0 0.0 0.0 4.0 12.0 1.0 0.0
34 44 38 0.0 0.0 0.0 2.0 54.0 1.0 0.0
34 44 39 0.0 0.0 0.0 12.0 130.0 2.0 0.0
34 44 40 0.0 0.0 0.0 2.0 150.0 3.0 0.0
34 44 41 0.0 0.0 0.0 4.0 126.0 1.0 0.0
34 44 42 0.0 0.0 0.0 2.0 64.0 3.0 0.0
34 44 43 0.0 0.0 0.0 0.0 12.0 0.0 0.0
34 44 44 0.0 0.0 0.0 5.0 2.0 0.0 0.0
34 45 38 0.0 0.0 0.0 0.0 8.0 0.0 0.0
34 45 39 0.0 0.0 0.0 0.0 3.0 0.0 0.0
34 45 40 0.0 0.0 0.0 0.0 11.0 0.0 0.0
34 45 41 0.0 0.0 0.0 0.0 5.0 0.0 0.0
34 45 42 0.0 0.0 0.0 0.0 6.0 0.0 0.0
34 45 44 0.0 0.0 0.0 0.0 1.0 0.0 0.0
34 46 40 0.0 0.0 0.0 0.0 1.0 0.0 0.0
35 34 37 0.0 0.0 0.0 0.0 2.0 0.0 0.0
35 34 38 0.0 0.0 0.0 0.0 1.0 0.0 0.0
35 34 39 0.0 0.0 0.0 0.0 11.0 0.0 0.0
35 34 40 0.0 0.0 0.0 0.0 5.0 0.0 0.0
35 34 41 0.0 0.0 0.0 1.0 9.0 0.0 0.0
35 34 42 0.0 0.0 0.0 0.0 1.0 0.0 0.0
35 35 35 0.0 0.0 0.0 0.0 1.0 0.0 0.0
35 35 36 0.0 0.0 0.0 0.0 26.0 0.0 0.0
35 35 37 0.0 0.0 0.0 8.0 188.0 2.0 0.0
35 35 38 0.0 0.0 0.0 28.0 468.0 10.0 0.0
35 35 39 0.0 0.0 0.0 66.0 740.0 6.0 3.0
35 35 40 0.0 0.0 0.0 34.0 940.0 8.0 2.0
35 35 41 0.0 0.0 0.0 50.0 775.0 14.0 4.0
35 35 42 0.0 0.0 0.0 33.0 432.0 6.0 0.0
35 35 43 0.0 0.0 0.0 14.0 154.0 5.0 0.0
35 35 44 0.0 0.0 0.0 5.0 31.0 0.0 0.0
35 36 35 0.0 0.0 0.0 3.0 23.0 0.0 0.0
35 36 36 0.0 0.0 0.0 17.0 365.0 4.0 0.0
35 36 37 0.0 0.0 0.0 125.0 1498.0 23.0 10.0
35 36 38 0.0 0.0 0.0 247.0 3919.0 69.0 52.0
35 36 39 0.0 0.0 0.0 372.0 5979.0 96.0 105.0
35 36 40 0.0 0.0 0.0 511.0 7417.0 120.0 174.0
35 36 41 0.0 0.0 0.0 433.0 6456.0 98.0 134.0
35 36 42 0.0 0.0 0.0 300.0 3783.0 72.0 50.0
35 36 43 0.0 0.0 0.0 142.0 1645.0 31.0 7.0
35 36 44 0.0 0.0 0.0 11.0 294.0 7.0 0.0
35 36 45 0.0 0.0 0.0 0.0 22.0 0.0 0.0
35 37 35 0.0 0.0 0.0 7.0 231.0 4.0 0.0
35 37 36 0.0 0.0 1.0 153.0 1775.0 31.0 11.0
35 37 37 0.0 0.0 0.0 360.0 6326.0 119.0 96.0
35 37 38 0.0 0.0 0.0 948.0 13606.0 219.0 636.0
35 37 39 0.0 0.0 0.0 1586.0 19631.0 307.0 1606.0
35 37 40 0.0 0.0 0.0 1680.0 21895.0 354.0 2028.0
35 37 41 0.0 0.0 1.0 1696.0 19190.0 332.0 1621.0
35 37 42 0.0 0.0 0.0 1160.0 13447.0 238.0 713.0
35 37 43 0.0 0.0 0.0 397.0 5982.0 109.0 111.0
35 37 44 0.0 0.0 0.0 188.0 1662.0 28.0 8.0
35 37 45 0.0 0.0 0.0 10.0 125.0 2.0 0.0
35 37 46 0.0 0.0 0.0 0.0 5.0 0.0 0.0
35 38 34 0.0 0.0 0.0 2.0 1.0 0.0 0.0
35 38 35 0.0 0.0 0.0 37.0 508.0 10.0 0.0
35 38 36 0.0 0.0 0.0 301.0 4475.0 71.0 63.0
35 38 37 0.0 0.0 0.0 1202.0 14429.0 255.0 749.0
35 38 38 0.0 0.0 1.0 2079.0 25395.0 390.0 3040.0
35 38 39 0.0 0.0 0.0 2543.0 32910.0 442.0 6487.0
35 38 40 0.0 0.0 0.0 2949.0 34175.0 482.0 7448.0
35 38 41 0.0 0.0 0.0 2910.0 30912.0 473.0 5550.0
35 38 42 0.0 0.0 0.0 1828.0 24528.0 362.0 2677.0
35 38 43 0.0 0.0 0.0 1177.0 13054.0 222.0 655.0
35 38 44 0.0 0.0 0.0 297.0 3549.0 68.0 33.0
35 38 45 0.0 0.0 0.0 17.0 450.0 6.0 1.0
35 38 46 0.0 0.0 0.0 0.0 9.0 0.0 0.0
35 39 34 0.0 0.0 0.0 2.0 4.0 0.0 0.0
35 39 35 0.0 0.0 0.0 56.0 915.0 20.0 2.0
35 39 36 0.0 0.0 0.0 530.0 7423.0 134.0 165.0
35 39 37 0.0 0.0 0.0 1600.0 19973.0 328.0 1681.0
35 39 38 0.0 0.0 0.0 2659.0 32530.0 458.0 6218.0
35 39 39 0.0 0.0 4.0 3548.0 37734.0 540.0 10891.0
35 39 40 0.0 2.0 1.0 3271.0 39932.0 542.0 13358.0
35 39 41 0.0 0.0 0.0 3300.0 38283.0 536.0 10969.0
35 39 42 0.0 0.0 0.0 2673.0 31560.0 481.0 5506.0
35 39 43 0.0 0.0 0.0 1475.0 19125.0 293.0 1572.0
35 39 44 0.0 0.0 0.0 464.0 5988.0 96.0 115.0
35 39 45 0.0 0.0 0.0 60.0 705.0 16.0 0.0
35 39 46 0.0 0.0 0.0 0.0 7.0 0.0 0.0
35 40 34 0.0 0.0 0.0 1.0 19.0 0.0 0.0
35 40 35 0.0 0.0 0.0 76.0 1363.0 12.0 7.0
35 40 36 0.0 0.0 1.0 607.0 9056.0 148.0 273.0
35 40 37 0.0 0.0 0.0 2072.0 22776.0 332.0 2391.0
35 40 38 0.0 0.0 1.0 2850.0 34299.0 471.0 7490.0
35 40 39 0.0 0.0 0.0 3212.0 40085.0 501.0 12930.0
35 40 40 0.0 0.0 0.0 3051.0 40743.0 522.0 14802.0
35 40 41 0.0 2.0 0.0 2989.0 40303.0 527.0 13351.0
35 40 42 0.0 0.0 0.0 2980.0 33267.0 447.0 6434.0
35 40 43 0.0 0.0 2.0 1899.0 19985.0 328.0 1743.0
35 40 44 0.0 0.0 0.0 548.0 6970.0 123.0 169.0
35 40 45 0.0 0.0 0.0 81.0 1045.0 15.0 2.0
35 40 46 0.0 0.0 0.0 0.0 15.0 3.0 0.0
35 41 34 0.0 0.0 0.0 2.0 10.0 0.0 0.0
35 41 35 0.0 0.0 0.0 65.0 980.0 18.0 4.0
35 41 36 0.0 0.0 0.0 553.0 7154.0 118.0 157.0
35 41 37 0.0 0.0 2.0 1386.0 19998.0 295.0 1633.0
35 41 38 0.0 0.0 0.0 2606.0 32079.0 426.0 5983.0
35 41 39 0.0 0.0 0.0 2947.0 38523.0 510.0 11174.0
35 41 40 0.0 0.0 0.0 2944.0 40146.0 516.0 12737.0
35 41 41 0.0 0.0 0.0 2801.0 38615.0 521.0 10712.0
35 41 42 0.0 0.0 0.0 2792.0 31667.0 440.0 5697.0
35 41 43 0.0 0.0 0.0 1505.0 17848.0 292.0 1309.0
35 41 44 0.0 0.0 0.0 442.0 6110.0 111.0 113.0
35 41 45 0.0 0.0 0.0 51.0 698.0 15.0 1.0
35 41 46 0.0 0.0 0.0 1.0 3.0 0.0 0.0
35 42 34 0.0 0.0 0.0 0.0 8.0 0.0 0.0
35 42 35 0.0 0.0 0.0 34.0 560.0 4.0 1.0
35 42 36 0.0 0.0 0.0 285.0 4481.0 85.0 55.0
35 42 37 0.0 0.0 0.0 1004.0 14490.0 263.0 798.0
35 42 38 0.0 0.0 0.0 1949.0 25358.0 359.0 2900.0
35 42 39 0.0 0.0 0.0 2419.0 31257.0 425.0 5247.0
35 42 40 0.0 0.0 0.0 2445.0 34341.0 496.0 7005.0
35 42 41 0.0 0.0 0.0 2224.0 31082.0 458.0 5357.0
35 42 42 0.0 0.0 0.0 1652.0 24719.0 343.0 2685.0
35 42 43 0.0 0.0 0.0 803.0 13168.0 198.0 592.0
35 42 44 0.0 0.0 0.0 259.0 3994.0 83.0 34.0
35 42 45 0.0 0.0 0.0 25.0 371.0 4.0 0.0
35 42 46 0.0 0.0 0.0 0.0 2.0 0.0 0.0
35 43 34 0.0 0.0 0.0 0.0 1.0 0.0 0.0
35 43 35 0.0 0.0 0.0 14.0 230.0 2.0 0.0
35 43 36 0.0 0.0 0.0 180.0 1828.0 27.0 14.0
35 43 37 0.0 0.0 0.0 488.0 6229.0 103.0 119.0
35 43 38 0.0 0.0 0.0 1325.0 12638.0 224.0 591.0
35 43 39 0.0 0.0 0.0 1414.0 18825.0 286.0 1391.0
35 43 40 0.0 0.0 0.0 1818.0 21096.0 333.0 1952.0
35 43 41 0.0 0.0 0.0 1230.0 18801.0 277.0 1320.0
35 43 42 0.0 0.0 0.0 843.0 12349.0 184.0 526.0
35 43 43 0.0 0.0 0.0 349.0 5673.0 75.0 108.0
35 43 44 0.0 0.0 0.0 140.0 1564.0 27.0 6.0
35 43 45 0.0 0.0 0.0 7.0 155.0 2.0 0.0
35 44 34 0.0 0.0 0.0 0.0 2.0 0.0 0.0
35 44 35 0.0 0.0 0.0 1.0 14.0 1.0 0.0
35 44 36 0.0 0.0 0.0 45.0 371.0 4.0 0.0
35 44 37 0.0 0.0 0.0 130.0 1652.0 26.0 12.0
35 44 38 0.0 0.0 0.0 353.0 3845.0 79.0 45.0
35 44 39 0.0 0.0 0.0 464.0 6407.0 108.0 138.0
35 44 40 0.0 0.0 0.0 487.0 7388.0 133.0 154.0
35 44 41 0.0 0.0 0.0 399.0 6406.0 119.0 119.0
35 44 42 0.0 0.0 0.0 306.0 4186.0 63.0 51.0
35 44 43 0.0 0.0 0.0 112.0 1711.0 35.0 3.0
35 44 44 0.0 0.0 0.0 31.0 371.0 5.0 0.0
35 44 45 0.0 0.0 0.0 0.0 13.0 0.0 0.0
35 45 35 0.0 0.0 0.0 0.0 2.0 0.0 0.0
35 45 36 0.0 0.0 0.0 1.0 36.0 1.0 0.0
35 45 37 0.0 0.0 0.0 10.0 143.0 3.0 0.0
35 45 38 0.0 0.0 0.0 53.0 499.0 13.0 0.0
35 45 39 0.0 0.0 0.0 44.0 823.0 10.0 2.0
35 45 40 0.0 0.0 0.0 97.0 808.0 12.0 3.0
35 45 41 0.0 0.0 0.0 34.0 810.0 10.0 3.0
35 45 42 0.0 0.0 0.0 38.0 370.0 4.0 0.0
35 45 43 0.0 0.0 0.0 6.0 113.0 0.0 0.0
35 45 44 0.0 0.0 0.0 1.0 20.0 0.0 0.0
35 45 45 0.0 0.0 0.0 0.0 2.0 1.0 0.0
35 46 37 0.0 0.0 0.0 0.0 1.0 0.0 0.0
35 46 38 0.0 0.0 0.0 0.0 1.0 0.0 0.0
35 46 39 0.0 0.0 0.0 1.0 18.0 0.0 0.0
35 46 40 0.0 0.0 0.0 1.0 11.0 0.0 0.0
35 46 41 0.0 0.0 0.0 1.0 12.0 0.0 0.0
35 46 42 0.0 0.0 0.0 0.0 4.0 0.0 0.0
36 34 36 0.0 0.0 0.0 0.0 3.0 0.0 0.0
36 34 37 0.0 0.0 0.0 0.0 14.0 0.0 0.0
36 34 38 0.0 0.0 0.0 3.0 41.0 0.0 0.0
36 34 39 0.0 0.0 0.0 11.0 107.0 1.0 0.0
36 34 40 0.0 0.0 0.0 6.0 140.0 2.0 0.0
36 34 41 0.0 0.0 0.0 28.0 150.0 6.0 0.0
36 34 42 0.0 0.0 0.0 8.0 90.0 0.0 0.0
36 34 43 0.0 0.0 0.0 4.0 18.0 0.0 0.0
36 34 45 0.0 0.0 0.0 0.0 1.0 0.0 0.0
36 35 35 0.0 0.0 0.0 0.0 41.0 1.0 0.0
36 35 36 0.0 0.0 0.0 12.0 332.0 1.0 0.0
36 35 37 0.0 0.0 0.0 166.0 1585.0 36.0 7.0
36 35 38 0.0 0.0 0.0 319.0 3851.0 63.0 47.0
36 35 39 0.0 0.0 0.0 428.0 6262.0 133.0 96.0
36 35 40 0.0 0.0 0.0 524.0 6973.0 114.0 133.0
36 35 41 0.0 0.0 0.0 574.0 6734.0 106.0 140.0
36 35 42 0.0 0.0 0.0 279.0 3700.0 50.0 31.0
36 35 43 0.0 0.0 0.0 93.0 1699.0 28.0 3.0
36 35 44 0.0 0.0 0.0 31.0 359.0 5.0 1.0
36 35 45 0.0 0.0 0.0 9.0 31.0 1.0 0.0
36 35 46 0.0 0.0 0.0 0.0 1.0 0.0 0.0
36 36 34 0.0 0.0 0.0 1.0 4.0 0.0 0.0
36 36 35 0.0 0.0 0.0 32.0 424.0 10.0 1.0
36 36 36 0.0 0.0 0.0 329.0 4900.0 91.0 71.0
36 36 37 0.0 0.0 0.0 1010.0 17145.0 303.0 1174.0
36 36 38 0.0 0.0 0.0 1605.0 28757.0 378.0 4356.0
36 36 39 0.0 0.0 0.0 2288.0 36146.0 486.0 9004.0
36 36 40 0.0 0.0 0.0 2361.0 37873.0 507.0 10705.0
36 36 41 0.0 0.0 0.0 2554.0 35349.0 436.0 8366.0
36 36 42 0.0 0.0 0.0 1792.0 28962.0 452.0 4435.0
36 36 43 0.0 0.0 0.0 1113.0 15475.0 268.0 914.0
36 36 44 0.0 0.0 0.0 439.0 3847.0 64.0 45.0
36 36 45 0.0 0.0 0.0 43.0 400.0 7.0 1.0
36 36 46 0.0 0.0 0.0 0.0 4.0 0.0 0.0
36 37 34 0.0 0.0 0.0 3.0 20.0 1.0 0.0
36 37 35 0.0 0.0 0.0 78.0 1702.0 32.0 12.0
36 37 36 0.0 0.0 0.0 1292.0 16830.0 276.0 1137.0
36 37 37 0.0 0.0 0.0 2352.0 37518.0 530.0 10390.0
36 37 38 0.0 0.0 0.0 3226.0 43099.0 498.0 24496.0
36 37 39 0.0 0.0 0.0 2988.0 42364.0 421.0 37222.0
36 37 40 0.0 0.0 0.0 3087.0 41279.0 459.0 40449.0
36 37 41 0.0 0.0 0.0 3272.0 42445.0 486.0 35948.0
36 37 42 0.0 0.0 0.0 3754.0 42748.0 464.0 25976.0
36 37 43 0.0 0.0 0.0 3136.0 34509.0 543.0 8234.0
36 37 44 0.0 0.0 0.0 939.0 15008.0 221.0 881.0
36 37 45 0.0 0.0 0.0 77.0 1589.0 31.0 14.0
36 37 46 0.0 0.0 0.0 3.0 27.0 0.0 0.0
36 38 34 0.0 0.0 0.0 6.0 83.0 1.0 0.0
36 38 35 0.0 0.0 0.0 375.0 4166.0 72.0 51.0
36 38 36 0.0 0.0 0.0 2019.0 29252.0 437.0 4624.0
36 38 37 0.0 1.0 5.0 3193.0 43127.0 478.0 27834.0
36 38 38 0.0 0.0 0.0 3049.0 38654.0 357.0 50106.0
36 38 39 0.0 0.0 0.0 2672.0 33824.0 308.0 62098.0
36 38 40 0.0 0.0 1.0 2437.0 31880.0 284.0 66636.0
36 38 41 0.0 0.0 0.0 2702.0 34240.0 318.0 61484.0
36 38 42 0.0 0.0 0.0 3125.0 38908.0 403.0 49034.0
36 38 43 0.0 0.0 0.0 4132.0 42315.0 525.0 24857.0
36 38 44 0.0 0.0 0.0 2289.0 27272.0 371.0 4010.0
36 38 45 0.0 0.0 0.0 236.0 4156.0 77.0 53.0
36 38 46 0.0 0.0 0.0 2.0 48.0 1.0 0.0
36 39 34 0.0 0.0 0.0 11.0 119.0 3.0 0.0
36 39 35 0.0 0.0 0.0 561.0 7375.0 141.0 158.0
36 39 36 0.0 0.0 0.0 2648.0 36924.0 518.0 10005.0
36 39 37 0.0 0.0 0.0 2913.0 41569.0 464.0 40614.0
36 39 38 0.0 0.0 0.0 3112.0 32880.0 304.0 62975.0
36 39 39 0.0 0.0 2.0 2295.0 28045.0 237.0 75112.0
36 39 40 0.0 1.0 0.0 2347.0 26099.0 253.0 77942.0
36 39 41 0.0 0.0 0.0 2414.0 28340.0 270.0 73539.0
36 39 42 0.0 0.0 0.0 2990.0 33815.0 330.0 61500.0
36 39 43 0.0 0.0 6.0 3309.0 41703.0 472.0 36085.0
36 39 44 0.0 0.0 0.0 2524.0 34652.0 461.0 7975.0
36 39 45 0.0 0.0 0.0 471.0 6185.0 96.0 109.0
36 39 46 0.0 0.0 0.0 4.0 116.0 1.0 0.0
36 40 34 0.0 0.0 0.0 26.0 161.0 3.0 0.0
36 40 35 0.0 0.0 0.0 680.0 8868.0 147.0 255.0
36 40 36 0.0 0.0 0.0 2769.0 39189.0 513.0 13076.0
36 40 37 0.0 0.0 0.0 3103.0 40325.0 364.0 43854.0
36 40 38 0.0 1.0 0.0 2431.0 31874.0 284.0 67043.0
36 40 39 0.0 0.0 0.0 2108.0 26471.0 227.0 78075.0
36 40 40 0.0 0.0 0.0 1978.0 24894.0 204.0 81077.0
36 40 41 0.0 0.0 1.0 2196.0 26799.0 218.0 76669.0
36 40 42 0.0 0.0 0.0 2824.0 32110.0 293.0 65223.0
36 40 43 0.0 0.0 0.0 4076.0 40418.0 435.0 40306.0
36 40 44 0.0 0.0 0.0 3314.0 36681.0 505.0 10193.0
36 40 45 0.0 0.0 0.0 614.0 7915.0 167.0 195.0
36 40 46 0.0 0.0 0.0 7.0 185.0 4.0 0.0
36 41 34 0.0 0.0 0.0 4.0 123.0 0.0 0.0
36 41 35 0.0 0.0 0.0 478.0 7154.0 104.0 156.0
36 41 36 0.0 0.0 0.0 2294.0 37173.0 525.0 10158.0
36 41 37 0.0 0.0 1.0 2951.0 42005.0 509.0 38668.0
36 41 38 0.0 0.0 0.0 2459.0 33861.0 308.0 62894.0
36 41 39 0.0 0.0 0.0 2180.0 28468.0 262.0 73541.0
36 41 40 0.0 0.0 0.0 2007.0 26981.0 226.0 77001.0
36 41 41 0.0 0.0 0.0 2386.0 28202.0 272.0 73434.0
36 41 42 0.0 3.0 0.0 2863.0 34341.0 322.0 60516.0
36 41 43 0.0 1.0 0.0 3113.0 41947.0 431.0 36557.0
36 41 44 0.0 0.0 0.0 2331.0 34936.0 455.0 8079.0
36 41 45 0.0 0.0 0.0 373.0 6397.0 106.0 146.0
36 41 46 0.0 0.0 0.0 9.0 111.0 3.0 0.0
36 42 33 0.0 0.0 0.0 0.0 1.0 0.0 0.0
36 42 34 0.0 0.0 0.0 2.0 102.0 1.0 0.0
36 42 35 0.0 0.0 0.0 296.0 4366.0 78.0 62.0
36 42 36 0.0 0.0 0.0 2150.0 30377.0 425.0 5310.0
36 42 37 0.0 0.0 0.0 3206.0 43040.0 444.0 27854.0
36 42 38 0.0 0.0 0.0 2917.0 38826.0 386.0 49493.0
36 42 39 0.0 0.0 0.0 2772.0 34146.0 324.0 60953.0
36 42 40 0.0 4.0 0.0 2603.0 32929.0 303.0 64245.0
36 42 41 0.0 0.0 2.0 2497.0 34660.0 328.0 60618.0
36 42 42 0.0 0.0 1.0 2810.0 39821.0 377.0 47323.0
36 42 43 0.0 0.0 0.0 3225.0 43452.0 471.0 25666.0
36 42 44 0.0 0.0 0.0 1940.0 27234.0 393.0 3755.0
36 42 45 0.0 0.0 0.0 238.0 4089.0 67.0 45.0
36 42 46 0.0 0.0 0.0 12.0 57.0 1.0 0.0
36 43 34 0.0 0.0 0.0 4.0 15.0 1.0 0.0
36 43 35 0.0 0.0 0.0 180.0 2045.0 41.0 9.0
36 43 36 0.0 0.0 0.0 1390.0 15650.0 266.0 1072.0
36 43 37 0.0 0.0 0.0 3322.0 36435.0 479.0 10256.0
36 43 38 0.0 0.0 2.0 3154.0 43398.0 466.0 25167.0
36 43 39 0.0 0.0 0.0 3508.0 41738.0 470.0 36249.0
36 43 40 0.0 0.0 0.0 2900.0 41567.0 413.0 40453.0
36 43 41 0.0 0.0 0.0 3206.0 41943.0 448.0 37370.0
36 43 42 0.0 3.0 0.0 2674.0 43588.0 497.0 24977.0
36 43 43 0.0 0.0 0.0 2596.0 35991.0 485.0 8998.0
36 43 44 0.0 0.0 0.0 769.0 14702.0 263.0 836.0
36 43 45 0.0 0.0 0.0 92.0 1522.0 25.0 6.0
36 43 46 0.0 0.0 0.0 0.0 38.0 0.0 0.0
36 44 34 0.0 0.0 0.0 0.0 10.0 0.0 0.0
36 44 35 0.0 0.0 0.0 33.0 397.0 8.0 0.0
36 44 36 0.0 0.0 0.0 395.0 4917.0 74.0 78.0
36 44 37 0.0 0.0 0.0 1128.0 16416.0 275.0 1028.0
36 44 38 0.0 0.0 0.0 1921.0 28388.0 419.0 4304.0
36 44 39 0.0 0.0 0.0 2857.0 35976.0 513.0 9146.0
36 44 40 0.0 0.0 0.0 2895.0 36921.0 551.0 10311.0
36 44 41 0.0 0.0 0.0 2441.0 34782.0 481.0 8236.0
36 44 42 0.0 0.0 0.0 1978.0 27773.0 392.0 4140.0
36 44 43 0.0 8.0 0.0 1161.0 15079.0 253.0 981.0
36 44 44 0.0 0.0 0.0 280.0 4204.0 68.0 46.0
36 44 45 0.0 0.0 0.0 23.0 417.0 5.0 1.0
36 44 46 0.0 0.0 0.0 0.0 2.0 0.0 0.0
36 45 35 0.0 0.0 0.0 2.0 41.0 0.0 0.0
36 45 36 0.0 0.0 0.0 24.0 316.0 9.0 0.0
36 45 37 0.0 0.0 0.0 53.0 1587.0 27.0 9.0
36 45 38 0.0 0.0 0.0 314.0 4153.0 79.0 61.0
36 45 39 0.0 0.0 0.0 522.0 6170.0 102.0 110.0
36 45 40 0.0 0.0 0.0 536.0 7235.0 118.0 167.0
36 45 41 0.0 0.0 0.0 399.0 6491.0 107.0 127.0
36 45 42 0.0 0.0 0.0 272.0 3985.0 70.0 47.0
36 45 43 0.0 0.0 0.0 125.0 1930.0 31.0 15.0
36 45 44 0.0 0.0 0.0 22.0 354.0 5.0 0.0
36 45 45 0.0 0.0 0.0 2.0 26.0 0.0 0.0
36 45 46 0.0 0.0 0.0 0.0 2.0 0.0 0.0
36 46 36 0.0 0.0 0.0 0.0 23.0 1.0 0.0
36 46 37 0.0 0.0 0.0 0.0 22.0 1.0 0.0
36 46 38 0.0 0.0 0.0 2.0 55.0 2.0 0.0
36 46 39 0.0 0.0 0.0 7.0 153.0 3.0 0.0
36 46 40 0.0 0.0 0.0 13.0 137.0 3.0 0.0
36 46 41 0.0 0.0 0.0 19.0 136.0 6.0 0.0
36 46 42 0.0 0.0 0.0 6.0 57.0 1.0 0.0
36 46 43 0.0 0.0 0.0 5.0 11.0 0.0 0.0
37 33 40 0.0 0.0 0.0 0.0 3.0 0.0 0.0
37 33 42 0.0 0.0 0.0 0.0 1.0 0.0 0.0
37 34 35 0.0 0.0 0.0 0.0 4.0 0.0 0.0
37 34 36 0.0 0.0 0.0 0.0 19.0 0.0 0.0
37 34 37 0.0 0.0 0.0 7.0 116.0 1.0 0.0
37 34 38 0.0 0.0 0.0 16.0 319.0 5.0 0.0
37 34 39 0.0 0.0 0.0 34.0 607.0 10.0 1.0
37 34 40 0.0 0.0 0.0 68.0 748.0 19.0 2.0
37 34 41 0.0 0.0 0.0 51.0 587.0 5.0 1.0
37 34 42 0.0 0.0 0.0 18.0 338.0 7.0 0.0
37 34 43 0.0 0.0 0.0 34.0 121.0 5.0 0.0
37 34 44 0.0 0.0 0.0 2.0 33.0 3.0 0.0
37 34 45 0.0 0.0 0.0 1.0 0.0 0.0 0.0
37 35 35 0.0 0.0 0.0 18.0 178.0 1.0 0.0
37 35 36 0.0 0.0 0.0 103.0 1522.0 32.0 5.0
37 35 37 0.0 0.0 0.0 538.0 6507.0 93.0 142.0
37 35 38 0.0 0.0 0.0 795.0 12425.0 208.0 538.0
37 35 39 0.0 0.0 0.0 1330.0 18745.0 293.0 1319.0
37 35 40 0.0 0.0 0.0 1575.0 20907.0 314.0 1839.0
37 35 41 0.0 0.0 0.0 1603.0 19648.0 317.0 1659.0
37 35 42 0.0 0.0 0.0 1131.0 12792.0 183.0 556.0
37 35 43 0.0 0.0 0.0 332.0 6451.0 101.0 123.0
37 35 44 0.0 0.0 0.0 176.0 1638.0 28.0 8.0
37 35 45 0.0 0.0 0.0 14.0 274.0 2.0 0.0
37 36 34 0.0 0.0 0.0 0.0 15.0 0.0 0.0
37 36 35 0.0 0.0 0.0 162.0 1452.0 31.0 3.0
37 36 36 0.0 0.0 0.0 1225.0 16434.0 255.0 1101.0
37 36 37 0.0 0.0 0.0 2508.0 35716.0 513.0 8629.0
37 36 38 0.0 0.0 0.0 3860.0 42172.0 505.0 24230.0
37 36 39 0.0 0.0 0.0 3332.0 41873.0 425.0 36538.0
37 36 40 0.0 0.0 0.0 2663.0 41580.0 415.0 42060.0
37 36 41 0.0 0.0 1.0 3107.0 42155.0 461.0 37636.0
37 36 42 0.0 0.0 0.0 2769.0 43663.0 498.0 25945.0
37 36 43 0.0 0.0 0.0 2814.0 36036.0 492.0 9105.0
37 36 44 0.0 0.0 0.0 1210.0 15816.0 268.0 1062.0
37 36 45 0.0 0.0 0.0 55.0 1718.0 39.0 6.0
37 36 46 0.0 0.0 0.0 6.0 20.0 1.0 0.0
37 37 34 0.0 0.0 0.0 6.0 108.0 2.0 0.0
37 37 35 0.0 0.0 0.0 425.0 5903.0 100.0 111.0
37 37 36 0.0 0.0 1.0 2975.0 37030.0 489.0 10272.0
37 37 37 0.0 0.0 0.0 2554.0 37619.0 372.0 52025.0
37 37 38 0.0 0.0 0.0 2064.0 27785.0 229.0 76161.0
37 37 39 0.0 0.0 0.0 1720.0 23465.0 185.0 86347.0
37 37 40 0.0 0.0 0.0 1589.0 21433.0 182.0 91055.0
37 37 41 0.0 0.0 0.0 1651.0 22399.0 199.0 87910.0
37 37 42 0.0 0.0 0.0 2204.0 27754.0 229.0 76700.0
37 37 43 0.0 0.0 2.0 2936.0 38923.0 422.0 47656.0
37 37 44 0.0 0.0 0.0 2550.0 36825.0 487.0 10110.0
37 37 45 0.0 0.0 0.0 507.0 6659.0 120.0 144.0
37 37 46 0.0 0.0 0.0 7.0 123.0 2.0 0.0
37 38 34 0.0 0.0 0.0 37.0 348.0 4.0 0.0
37 38 35 0.0 0.0 0.0 1379.0 13737.0 232.0 693.0
37 38 36 0.0 2.0 0.0 3456.0 42668.0 480.0 25679.0
37 38 37 0.0 0.0 0.0 2347.0 27647.0 244.0 76648.0
37 38 38 0.0 0.0 0.0 1555.0 17198.0 120.0 99928.0
37 38 39 0.0 0.0 0.0 1094.0 13652.0 98.0 108614.0
37 38 40 0.0 0.0 0.0 1016.0 12435.0 77.0 111301.0
37 38 41 0.0 0.0 0.0 1224.0 13802.0 94.0 107970.0
37 38 42 0.0 0.0 0.0 1578.0 18517.0 147.0 98157.0
37 38 43 0.0 0.0 0.0 2021.0 28639.0 243.0 74458.0
37 38 44 0.0 0.0 0.0 2751.0 43433.0 496.0 25479.0
37 38 45 0.0 0.0 0.0 820.0 12915.0 193.0 516.0
37 38 46 0.0 0.0 0.0 9.0 318.0 3.0 0.0
37 39 34 0.0 0.0 0.0 83.0 819.0 16.0 2.0
37 39 35 0.0 0.0 0.0 1539.0 20776.0 296.0 1909.0
37 39 36 0.0 0.0 0.0 3228.0 41286.0 408.0 40590.0
37 39 37 0.0 0.0 0.0 1698.0 21032.0 172.0 90903.0
37 39 38 0.0 0.0 0.0 1080.0 13138.0 85.0 110085.0
37 39 39 0.0 0.0 0.0 878.0 10248.0 75.0 116438.0
37 39 40 0.0 0.0 1.0 898.0 9681.0 53.0 117467.0
37 39 41 0.0 0.0 0.0 898.0 10198.0 68.0 115796.0
37 39 42 0.0 0.0 0.0 1189.0 14100.0 95.0 108216.0
37 39 43 0.0 0.0 0.0 1920.0 22663.0 168.0 87372.0
37 39 44 0.0 0.0 0.0 2938.0 42744.0 449.0 37178.0
37 39 45 0.0 0.0 0.0 1414.0 18932.0 309.0 1491.0
37 39 46 0.0 0.0 0.0 39.0 548.0 10.0 0.0
37 40 34 0.0 0.0 0.0 90.0 860.0 18.0 0.0
37 40 35 0.0 0.0 0.0 1710.0 23344.0 374.0 2382.0
37 40 36 0.0 0.0 0.0 3282.0 40375.0 435.0 44457.0
37 40 37 0.0 0.0 0.0 1545.0 19956.0 148.0 93617.0
37 40 38 0.0 0.0 0.0 1015.0 12101.0 67.0 111964.0
37 40 39 0.0 0.0 0.0 740.0 9288.0 54.0 118078.0
37 40 40 0.0 0.0 0.0 741.0 8718.0 61.0 119570.0
37 40 41 0.0 0.0 0.0 822.0 9742.0 81.0 117633.0
37 40 42 0.0 0.0 0.0 1053.0 12966.0 94.0 110462.0
37 40 43 0.0 0.0 1.0 1619.0 21203.0 162.0 91248.0
37 40 44 0.0 0.0 0.0 3039.0 40944.0 403.0 41547.0
37 40 45 0.0 0.0 0.0 1809.0 20583.0 342.0 1781.0
37 40 46 0.0 0.0 0.0 46.0 792.0 14.0 1.0
37 41 34 0.0 0.0 0.0 41.0 676.0 5.0 1.0
37 41 35 0.0 0.0 0.0 1315.0 21208.0 315.0 1831.0
37 41 36 0.0 0.0 0.0 2881.0 42106.0 446.0 38753.0
37 41 37 0.0 2.0 0.0 1485.0 21172.0 162.0 91235.0
37 41 38 0.0 0.0 0.0 991.0 13707.0 96.0 108953.0
37 41 39 0.0 0.0 0.0 792.0 10285.0 68.0 116678.0
37 41 40 0.0 0.0 0.0 758.0 9892.0 82.0 117420.0
37 41 41 0.0 0.0 0.0 839.0 10938.0 74.0 115150.0
37 41 42 0.0 0.0 0.0 1068.0 13746.0 112.0 108389.0
37 41 43 0.0 0.0 2.0 1776.0 22951.0 202.0 87144.0
37 41 44 0.0 0.0 0.0 3188.0 41719.0 451.0 37294.0
37 41 45 0.0 0.0 0.0 1545.0 19264.0 272.0 1547.0
37 41 46 0.0 0.0 0.0 73.0 579.0 9.0 1.0
37 42 34 0.0 0.0 0.0 32.0 460.0 10.0 0.0
37 42 35 0.0 0.0 0.0 943.0 14623.0 234.0 765.0
37 42 36 0.0 0.0 0.0 3095.0 43062.0 481.0 26436.0
37 42 37 0.0 0.0 0.0 2131.0 27026.0 247.0 77811.0
37 42 38 0.0 0.0 0.0 1327.0 17880.0 135.0 99697.0
37 42 39 0.0 0.0 0.0 1079.0 13757.0 110.0 108705.0
37 42 40 0.0 1.0 0.0 1044.0 12730.0 91.0 110546.0
37 42 41 0.0 0.0 0.0 1040.0 13951.0 108.0 108065.0
37 42 42 0.0 1.0 0.0 1351.0 18273.0 146.0 98406.0
37 42 43 0.0 0.0 0.0 2407.0 27689.0 256.0 75834.0
37 42 44 0.0 0.0 0.0 3027.0 43468.0 483.0 24436.0
37 42 45 0.0 0.0 0.0 1019.0 12403.0 194.0 497.0
37 42 46 0.0 0.0 0.0 15.0 301.0 7.0 1.0
37 43 34 0.0 0.0 0.0 14.0 142.0 1.0 0.0
37 43 35 0.0 0.0 0.0 442.0 7201.0 124.0 183.0
37 43 36 0.0 0.0 0.0 2555.0 38708.0 527.0 11700.0
37 43 37 0.0 0.0 0.0 3144.0 37722.0 393.0 50763.0
37 43 38 0.0 0.0 1.0 1978.0 29138.0 251.0 74646.0
37 43 39 0.0 0.0 0.0 1780.0 21984.0 180.0 88876.0
37 43 40 0.0 0.0 0.0 1657.0 21083.0 172.0 91100.0
37 43 41 0.0 0.0 0.0 1745.0 22774.0 204.0 87349.0
37 43 42 0.0 0.0 0.0 1988.0 27459.0 251.0 76442.0
37 43 43 0.0 0.0 0.0 2541.0 38504.0 370.0 49135.0
37 43 44 0.0 0.0 0.0 2792.0 35969.0 496.0 9566.0
37 43 45 0.0 0.0 0.0 395.0 6579.0 116.0 121.0
37 43 46 0.0 0.0 0.0 7.0 88.0 3.0 0.0
37 44 34 0.0 0.0 0.0 0.0 22.0 1.0 0.0
37 44 35 0.0 0.0 0.0 98.0 2014.0 41.0 13.0
37 44 36 0.0 0.0 0.0 1296.0 15209.0 247.0 1001.0
37 44 37 0.0 0.0 1.0 2626.0 35880.0 480.0 9269.0
37 44 38 0.0 0.0 0.0 2923.0 43524.0 487.0 25532.0
37 44 39 0.0 0.0 0.0 2868.0 42746.0 484.0 36340.0
37 44 40 0.0 0.0 0.0 3306.0 41229.0 429.0 41117.0
37 44 41 0.0 0.0 0.0 3212.0 42219.0 426.0 36542.0
37 44 42 0.0 1.0 0.0 3280.0 42999.0 497.0 26054.0
37 44 43 0.0 6.0 0.0 2699.0 37084.0 501.0 10103.0
37 44 44 0.0 0.0 0.0 973.0 14330.0 236.0 796.0
37 44 45 0.0 0.0 0.0 174.0 1675.0 33.0 7.0
37 44 46 0.0 0.0 0.0 0.0 10.0 0.0 0.0
37 45 35 0.0 0.0 0.0 8.0 168.0 2.0 0.0
37 45 36 0.0 0.0 0.0 99.0 1646.0 36.0 6.0
37 45 37 0.0 0.0 0.0 433.0 6300.0 100.0 110.0
37 45 38 0.0 0.0 0.0 897.0 13489.0 236.0 631.0
37 45 39 0.0 0.0 0.0 1509.0 19438.0 314.0 1527.0
37 45 40 0.0 0.0 0.0 1653.0 21996.0 333.0 1969.0
37 45 41 0.0 0.0 0.0 1497.0 18794.0 299.0 1461.0
37 45 42 0.0 0.0 0.0 972.0 12989.0 204.0 568.0
37 45 43 0.0 0.0 0.0 446.0 6024.0 101.0 103.0
37 45 44 0.0 0.0 0.0 95.0 1709.0 23.0 3.0
37 45 45 0.0 0.0 0.0 17.0 153.0 3.0 0.0
37 45 46 0.0 0.0 0.0 1.0 0.0 0.0 0.0
37 46 36 0.0 0.0 0.0 1.0 22.0 0.0 0.0
37 46 37 0.0 0.0 0.0 7.0 167.0 4.0 0.0
37 46 38 0.0 0.0 0.0 26.0 363.0 7.0 0.0
37 46 39 0.0 0.0 0.0 42.0 591.0 7.0 1.0
37 46 40 0.0 0.0 0.0 53.0 766.0 10.0 1.0
37 46 41 0.0 0.0 0.0 41.0 641.0 11.0 1.0
37 46 42 0.0 0.0 0.0 40.0 360.0 10.0 0.0
37 46 43 0.0 0.0 0.0 6.0 99.0 0.0 0.0
37 46 44 0.0 0.0 0.0 4.0 17.0 0.0 0.0
37 46 45 0.0 0.0 0.0 0.0 6.0 0.0 0.0
37 47 37 0.0 0.0 0.0 0.0 1.0 0.0 0.0
37 47 39 0.0 0.0 0.0 0.0 4.0 0.0 0.0
37 47 40 0.0 0.0 0.0 0.0 1.0 0.0 0.0
37 47 41 0.0 0.0 0.0 0.0 1.0 0.0 0.0
38 33 39 0.0 0.0 0.0 0.0 3.0 0.0 0.0
38 33 40 0.0 0.0 0.0 0.0 2.0 0.0 0.0
38 33 41 0.0 0.0 0.0 0.0 2.0 0.0 0.0
38 33 43 0.0 0.0 0.0 0.0 1.0 0.0 0.0
38 34 35 0.0 0.0 0.0 2.0 3.0 0.0 0.0
38 34 36 0.0 0.0 0.0 2.0 55.0 2.0 0.0
38 34 37 0.0 0.0 0.0 13.0 297.0 4.0 0.0
38 34 38 0.0 0.0 0.0 147.0 966.0 19.0 3.0
38 34 39 0.0 0.0 0.0 154.0 1662.0 30.0 14.0
38 34 40 0.0 0.0 0.0 218.0 2001.0 41.0 10.0
38 34 41 0.0 0.0 0.0 134.0 1878.0 32.0 6.0
38 34 42 0.0 0.0 0.0 77.0 947.0 8.0 4.0
38 34 43 0.0 0.0 0.0 36.0 448.0 12.0 0.0
38 34 44 0.0 0.0 0.0 2.0 72.0 1.0 0.0
38 34 45 0.0 0.0 0.0 2.0 2.0 0.0 0.0
38 35 34 0.0 0.0 0.0 0.0 6.0 0.0 0.0
38 35 35 0.0 0.0 0.0 20.0 426.0 9.0 0.0
38 35 36 0.0 0.0 0.0 318.0 3877.0 67.0 44.0
38 35 37 0.0 0.0 0.0 993.0 12376.0 194.0 543.0
38 35 38 0.0 0.0 0.0 1548.0 24909.0 346.0 2605.0
38 35 39 0.0 0.0 0.0 2412.0 31489.0 482.0 5574.0
38 35 40 0.0 0.0 0.0 2415.0 34078.0 438.0 6955.0
38 35 41 0.0 0.0 0.0 2404.0 32098.0 450.0 5749.0
38 35 42 0.0 0.0 0.0 2221.0 24674.0 379.0 2913.0
38 35 43 0.0 0.0 0.0 1176.0 13796.0 240.0 738.0
38 35 44 0.0 0.0 0.0 357.0 4595.0 74.0 65.0
38 35 45 0.0 0.0 0.0 44.0 548.0 8.0 0.0
38 35 46 0.0 0.0 0.0 0.0 10.0 0.0 0.0
38 36 34 0.0 0.0 0.0 5.0 68.0 1.0 0.0
38 36 35 0.0 0.0 0.0 316.0 3854.0 68.0 33.0
38 36 36 0.0 0.0 0.0 2071.0 28677.0 403.0 4507.0
38 36 37 0.0 0.0 0.0 2775.0 43182.0 520.0 26295.0
38 36 38 0.0 0.0 0.0 2957.0 40083.0 406.0 47821.0
38 36 39 0.0 0.0 0.0 2802.0 34712.0 304.0 60095.0
38 36 40 0.0 0.0 0.0 2230.0 32623.0 311.0 65131.0
38 36 41 0.0 0.0 1.0 2562.0 33779.0 304.0 63037.0
38 36 42 0.0 0.0 0.0 3119.0 38496.0 419.0 49464.0
38 36 43 0.0 0.0 0.0 3488.0 43021.0 519.0 26150.0
38 36 44 0.0 0.0 0.0 2063.0 31929.0 435.0 6113.0
38 36 45 0.0 0.0 0.0 465.0 4309.0 85.0 58.0
38 36 46 0.0 0.0 0.0 2.0 63.0 0.0 0.0
38 37 34 0.0 0.0 0.0 40.0 399.0 12.0 0.0
38 37 35 0.0 0.0 0.0 905.0 13961.0 253.0 694.0
38 37 36 0.0 0.0 1.0 3320.0 43124.0 520.0 24585.0
38 37 37 0.0 0.0 0.0 2276.0 27542.0 274.0 76672.0
38 37 38 0.0 0.0 0.0 1400.0 17749.0 112.0 99466.0
38 37 39 0.0 0.0 0.0 1153.0 14148.0 102.0 107636.0
38 37 40 0.0 0.0 0.0 1024.0 13078.0 101.0 110437.0
38 37 41 0.0 0.0 0.0 1066.0 13997.0 105.0 107995.0
38 37 42 0.0 0.0 0.0 1336.0 17518.0 133.0 100062.0
38 37 43 0.0 0.0 0.0 2220.0 27060.0 229.0 77426.0
38 37 44 0.0 0.0 0.0 3451.0 43207.0 511.0 25507.0
38 37 45 0.0 0.0 0.0 899.0 14183.0 219.0 721.0
38 37 46 0.0 0.0 0.0 41.0 379.0 1.0 1.0
38 38 34 0.0 0.0 0.0 84.0 1024.0 15.0 1.0
38 38 35 0.0 0.0 0.0 2352.0 23843.0 343.0 2710.0
38 38 36 0.0 0.0 1.0 3346.0 38018.0 368.0 50565.0
38 38 37 0.0 0.0 0.0 1553.0 17598.0 149.0 100091.0
38 38 38 0.0 0.0 1.0 688.0 8546.0 54.0 124945.0
38 38 39 0.0 0.0 0.0 516.0 6130.0 36.0 129763.0
38 38 40 0.0 0.0 0.0 423.0 5387.0 30.0 132236.0
38 38 41 0.0 0.0 0.0 533.0 6261.0 37.0 130465.0
38 38 42 0.0 0.0 0.0 681.0 8872.0 55.0 122788.0
38 38 43 0.0 0.0 0.0 1411.0 17843.0 150.0 100038.0
38 38 44 0.0 0.0 0.0 3075.0 38624.0 410.0 50060.0
38 38 45 0.0 0.0 0.0 1781.0 26211.0 412.0 3156.0
38 38 46 0.0 0.0 0.0 67.0 1186.0 23.0 0.0
38 39 34 0.0 0.0 0.0 221.0 1678.0 29.0 9.0
38 39 35 0.0 0.0 0.0 2587.0 33121.0 432.0 6464.0
38 39 36 0.0 0.0 1.0 2773.0 32910.0 293.0 64056.0
38 39 37 0.0 0.0 0.0 1246.0 13211.0 82.0 109314.0
38 39 38 0.0 1.0 0.0 452.0 5758.0 28.0 131715.0
38 39 39 0.0 0.0 0.0 357.0 3974.0 21.0 135063.0
38 39 40 0.0 0.0 0.0 319.0 3484.0 26.0 135976.0
38 39 41 0.0 0.0 0.0 339.0 3972.0 21.0 135229.0
38 39 42 0.0 0.0 2.0 529.0 6167.0 28.0 129580.0
38 39 43 0.0 0.0 0.0 1081.0 13834.0 77.0 108416.0
38 39 44 0.0 0.0 0.0 2362.0 34258.0 292.0 61537.0
38 39 45 0.0 2.0 0.0 2074.0 33148.0 481.0 6042.0
38 39 46 0.0 0.0 0.0 101.0 1827.0 26.0 5.0
38 39 47 0.0 0.0 0.0 1.0 1.0 0.0 0.0
38 40 33 0.0 0.0 0.0 0.0 1.0 0.0 0.0
38 40 34 0.0 0.0 0.0 181.0 2322.0 43.0 15.0
38 40 35 0.0 0.0 0.0 3115.0 35466.0 482.0 8131.0
38 40 36 0.0 0.0 0.0 2483.0 30492.0 288.0 68723.0
38 40 37 0.0 0.0 0.0 937.0 12201.0 85.0 112248.0
38 40 38 0.0 0.0 0.0 409.0 5239.0 37.0 133084.0
38 40 39 0.0 0.0 0.0 308.0 3522.0 19.0 135779.0
38 40 40 0.0 0.0 0.0 265.0 2987.0 22.0 135961.0
38 40 41 0.0 0.0 0.0 305.0 3528.0 19.0 135170.0
38 40 42 0.0 0.0 0.0 452.0 5699.0 31.0 130860.0
38 40 43 0.0 1.0 1.0 912.0 12690.0 76.0 111126.0
38 40 44 0.0 6.0 0.0 2656.0 31815.0 279.0 65973.0
38 40 45 0.0 2.0 0.0 2501.0 34174.0 493.0 7010.0
38 40 46 0.0 0.0 0.0 163.0 2105.0 35.0 11.0
38 40 47 0.0 0.0 0.0 0.0 2.0 0.0 0.0
38 41 33 0.0 0.0 0.0 0.0 1.0 0.0 0.0
38 41 34 0.0 0.0 0.0 112.0 1730.0 26.0 11.0
38 41 35 0.0 0.0 0.0 2142.0 33358.0 463.0 6542.0
38 41 36 0.0 0.0 0.0 2355.0 32983.0 252.0 64761.0
38 41 37 0.0 0.0 0.0 1102.0 13354.0 100.0 109812.0
38 41 38 0.0 0.0 0.0 498.0 5730.0 40.0 130902.0
38 41 39 0.0 0.0 0.0 364.0 3919.0 20.0 134766.0
38 41 40 0.0 0.0 0.0 299.0 3552.0 28.0 135144.0
38 41 41 0.0 0.0 0.0 323.0 4153.0 26.0 134590.0
38 41 42 0.0 0.0 0.0 499.0 6190.0 53.0 129969.0
38 41 43 0.0 0.0 0.0 1301.0 14015.0 132.0 107939.0
38 41 44 0.0 0.0 0.0 2931.0 33696.0 322.0 61992.0
38 41 45 0.0 0.0 0.0 2619.0 31569.0 437.0 5711.0
38 41 46 0.0 0.0 0.0 136.0 1751.0 34.0 6.0
38 42 34 0.0 0.0 0.0 63.0 1056.0 12.0 2.0
38 42 35 0.0 0.0 0.0 1907.0 26180.0 389.0 3292.0
38 42 36 0.0 0.0 0.0 2706.0 38343.0 376.0 51422.0
38 42 37 0.0 0.0 0.0 1332.0 17668.0 123.0 99759.0
38 42 38 0.0 0.0 0.0 656.0 8417.0 60.0 124235.0
38 42 39 0.0 0.0 0.0 501.0 6124.0 34.0 130377.0
38 42 40 0.0 0.0 0.0 430.0 5402.0 29.0 131819.0
38 42 41 0.0 0.0 1.0 486.0 6250.0 46.0 130172.0
38 42 42 0.0 0.0 0.0 754.0 8845.0 62.0 123331.0
38 42 43 0.0 0.0 0.0 1393.0 17900.0 130.0 99240.0
38 42 44 0.0 1.0 3.0 3145.0 39187.0 403.0 48258.0
38 42 45 0.0 2.0 1.0 1939.0 24690.0 401.0 2820.0
38 42 46 0.0 0.0 0.0 85.0 907.0 13.0 3.0
38 42 47 0.0 0.0 0.0 0.0 2.0 0.0 0.0
38 43 34 0.0 0.0 0.0 26.0 359.0 9.0 0.0
38 43 35 0.0 0.0 0.0 979.0 14076.0 239.0 708.0
38 43 36 0.0 0.0 0.0 3431.0 42690.0 455.0 25824.0
38 43 37 0.0 0.0 0.0 2071.0 27408.0 220.0 78057.0
38 43 38 0.0 0.0 1.0 1280.0 17710.0 135.0 100343.0
38 43 39 0.0 0.0 0.0 1110.0 14065.0 105.0 107674.0
38 43 40 0.0 0.0 0.0 991.0 13162.0 73.0 110492.0
38 43 41 0.0 0.0 0.0 1043.0 13973.0 95.0 108544.0
38 43 42 0.0 0.0 0.0 1449.0 17647.0 138.0 99607.0
38 43 43 0.0 0.0 0.0 2409.0 28295.0 228.0 74886.0
38 43 44 0.0 0.0 0.0 3450.0 43084.0 511.0 25703.0
38 43 45 0.0 0.0 0.0 1087.0 12169.0 187.0 512.0
38 43 46 0.0 0.0 0.0 22.0 335.0 5.0 0.0
38 44 34 0.0 0.0 0.0 5.0 58.0 2.0 0.0
38 44 35 0.0 0.0 0.0 249.0 4096.0 61.0 49.0
38 44 36 0.0 0.0 0.0 2329.0 29128.0 433.0 4861.0
38 44 37 0.0 0.0 0.0 3089.0 43578.0 508.0 24792.0
38 44 38 0.0 0.0 1.0 3365.0 37902.0 369.0 50486.0
38 44 39 0.0 0.0 0.0 2376.0 34674.0 313.0 61283.0
38 44 40 0.0 1.0 0.0 2425.0 32310.0 279.0 66020.0
38 44 41 0.0 0.0 1.0 2683.0 34298.0 318.0 61665.0
38 44 42 0.0 0.0 0.0 2843.0 39962.0 400.0 47775.0
38 44 43 0.0 0.0 0.0 3675.0 42521.0 493.0 26734.0
38 44 44 0.0 0.0 0.0 2431.0 28046.0 388.0 4401.0
38 44 45 0.0 0.0 0.0 294.0 3657.0 59.0 45.0
38 44 46 0.0 0.0 0.0 2.0 57.0 4.0 0.0
38 45 34 0.0 0.0 0.0 0.0 1.0 0.0 0.0
38 45 35 0.0 0.0 0.0 57.0 401.0 8.0 0.0
38 45 36 0.0 0.0 0.0 312.0 3864.0 77.0 41.0
38 45 37 0.0 0.0 0.0 868.0 13347.0 198.0 623.0
38 45 38 0.0 1.0 0.0 1764.0 25329.0 393.0 2827.0
38 45 39 0.0 0.0 3.0 2382.0 33058.0 509.0 6340.0
38 45 40 0.0 0.0 4.0 2325.0 34115.0 482.0 7008.0
38 45 41 0.0 4.0 0.0 2299.0 31892.0 439.0 5756.0
38 45 42 0.0 0.0 0.0 1739.0 24888.0 365.0 2703.0
38 45 43 0.0 9.0 0.0 1063.0 13520.0 243.0 635.0
38 45 44 0.0 0.0 0.0 255.0 4093.0 79.0 39.0
38 45 45 0.0 0.0 0.0 39.0 428.0 7.0 1.0
38 45 46 0.0 0.0 0.0 0.0 4.0 0.0 0.0
38 46 35 0.0 0.0 0.0 0.0 1.0 0.0 0.0
38 46 36 0.0 0.0 0.0 3.0 54.0 0.0 0.0
38 46 37 0.0 0.0 0.0 21.0 285.0 6.0 0.0
38 46 38 0.0 0.0 0.0 98.0 1132.0 26.0 1.0
38 46 39 0.0 0.0 0.0 156.0 1723.0 24.0 9.0
38 46 40 0.0 0.0 0.0 135.0 2038.0 36.0 7.0
38 46 41 0.0 0.0 0.0 131.0 1700.0 29.0 9.0
38 46 42 0.0 0.0 0.0 81.0 1009.0 21.0 0.0
38 46 43 0.0 0.0 0.0 23.0 341.0 2.0 0.0
38 46 44 0.0 0.0 0.0 1.0 48.0 1.0 0.0
38 46 45 0.0 0.0 0.0 0.0 6.0 0.0 0.0
38 47 37 0.0 0.0 0.0 0.0 1.0 0.0 0.0
38 47 38 0.0 0.0 0.0 0.0 1.0 0.0 0.0
38 47 39 0.0 0.0 0.0 0.0 3.0 0.0 0.0
38 47 40 0.0 0.0 0.0 0.0 2.0 0.0 0.0
38 47 42 0.0 0.0 0.0 0.0 1.0 0.0 0.0
39 33 38 0.0 0.0 0.0 1.0 3.0 0.0 0.0
39 33 39 0.0 0.0 0.0 0.0 9.0 0.0 0.0
39 33 40 0.0 0.0 0.0 0.0 16.0 0.0 0.0
39 33 41 0.0 0.0 0.0 0.0 5.0 1.0 0.0
39 34 35 0.0 0.0 0.0 0.0 9.0 1.0 0.0
39 34 36 0.0 0.0 0.0 7.0 137.0 4.0 0.0
39 34 37 0.0 0.0 0.0 46.0 622.0 12.0 0.0
39 34 38 0.0 0.0 0.0 128.0 1865.0 27.0 7.0
39 34 39 0.0 0.0 0.0 212.0 3060.0 64.0 25.0
39 34 40 0.0 0.0 0.0 282.0 4010.0 71.0 36.0
39 34 41 0.0 0.0 0.0 305.0 3189.0 52.0 26.0
39 34 42 0.0 0.0 0.0 140.0 1854.0 35.0 8.0
39 34 43 0.0 0.0 0.0 49.0 744.0 12.0 0.0
39 34 44 0.0 0.0 0.0 25.0 173.0 2.0 0.0
39 34 45 0.0 0.0 0.0 0.0 17.0 1.0 0.0
39 35 34 0.0 0.0 0.0 0.0 4.0 0.0 0.0
39 35 35 0.0 0.0 0.0 88.0 789.0 12.0 1.0
39 35 36 0.0 0.0 0.0 465.0 6247.0 111.0 111.0
39 35 37 0.0 0.0 0.0 1599.0 19061.0 299.0 1520.0
39 35 38 0.0 0.0 0.0 2376.0 31770.0 451.0 5499.0
39 35 39 0.0 0.0 0.0 3089.0 38322.0 481.0 10933.0
39 35 40 0.0 0.0 0.0 3396.0 40450.0 532.0 14150.0
39 35 41 0.0 0.0 0.0 3097.0 39014.0 536.0 11604.0
39 35 42 0.0 0.0 0.0 2887.0 32794.0 446.0 6714.0
39 35 43 0.0 0.0 0.0 1640.0 21162.0 330.0 2035.0
39 35 44 0.0 0.0 0.0 574.0 7427.0 108.0 154.0
39 35 45 0.0 0.0 0.0 99.0 1146.0 17.0 1.0
39 35 46 0.0 0.0 0.0 0.0 14.0 1.0 0.0
39 36 34 0.0 0.0 0.0 5.0 130.0 5.0 0.0
39 36 35 0.0 0.0 0.0 440.0 6161.0 100.0 104.0
39 36 36 0.0 0.0 1.0 2989.0 34793.0 488.0 8486.0
39 36 37 0.0 0.0 1.0 3141.0 42652.0 465.0 35769.0
39 36 38 0.0 0.0 0.0 2565.0 33627.0 337.0 62098.0
39 36 39 0.0 0.0 0.0 2185.0 28013.0 249.0 74825.0
39 36 40 0.0 1.0 0.0 2264.0 26587.0 234.0 77533.0
39 36 41 0.0 0.0 1.0 2436.0 28151.0 253.0 74496.0
39 36 42 0.0 0.0 0.0 2885.0 33312.0 326.0 62798.0
39 36 43 0.0 1.0 0.0 3561.0 40786.0 452.0 41395.0
39 36 44 0.0 0.0 0.0 3317.0 37322.0 536.0 10932.0
39 36 45 0.0 1.0 0.0 650.0 6679.0 99.0 134.0
39 36 46 0.0 0.0 0.0 6.0 170.0 2.0 0.0
39 37 34 0.0 0.0 0.0 36.0 613.0 8.0 1.0
39 37 35 0.0 0.0 3.0 1721.0 19155.0 329.0 1501.0
39 37 36 0.0 0.0 0.0 4009.0 41452.0 435.0 36975.0
39 37 37 0.0 0.0 0.0 1872.0 21848.0 167.0 89009.0
39 37 38 0.0 0.0 0.0 1100.0 13530.0 93.0 108470.0
39 37 39 0.0 0.0 0.0 852.0 10151.0 53.0 116236.0
39 37 40 0.0 0.0 0.0 817.0 9656.0 61.0 117557.0
39 37 41 0.0 0.0 0.0 804.0 10528.0 77.0 116073.0
39 37 42 0.0 0.0 0.0 1164.0 13326.0 89.0 108921.0
39 37 43 0.0 0.0 0.0 1592.0 20916.0 172.0 91946.0
39 37 44 0.0 1.0 0.0 3225.0 41539.0 458.0 40285.0
39 37 45 0.0 2.0 0.0 1372.0 21071.0 351.0 1766.0
39 37 46 0.0 0.0 0.0 60.0 825.0 14.0 3.0
39 38 33 0.0 0.0 0.0 0.0 2.0 0.0 0.0
39 38 34 0.0 0.0 1.0 151.0 1848.0 23.0 9.0
39 38 35 0.0 0.0 0.0 2421.0 32474.0 504.0 5798.0
39 38 36 0.0 0.0 0.0 2980.0 34065.0 340.0 60951.0
39 38 37 0.0 1.0 1.0 1082.0 13564.0 109.0 109799.0
39 38 38 0.0 0.0 0.0 528.0 6175.0 38.0 129844.0
39 38 39 0.0 0.0 1.0 321.0 3870.0 25.0 135154.0
39 38 40 0.0 0.0 2.0 271.0 3629.0 28.0 134886.0
39 38 41 0.0 0.0 0.0 347.0 4150.0 26.0 134867.0
39 38 42 0.0 0.0 0.0 491.0 5983.0 32.0 131646.0
39 38 43 0.0 3.0 0.0 1080.0 13950.0 116.0 108663.0
39 38 44 0.0 0.0 0.0 2259.0 33084.0 297.0 64933.0
39 38 45 0.0 0.0 0.0 2728.0 33411.0 487.0 6699.0
39 38 46 0.0 0.0 0.0 130.0 1989.0 28.0 7.0
39 38 47 0.0 0.0 0.0 0.0 3.0 0.0 0.0
39 39 33 0.0 0.0 0.0 1.0 6.0 0.0 0.0
39 39 34 0.0 0.0 0.0 184.0 3056.0 50.0 18.0
39 39 35 0.0 0.0 0.0 3076.0 38336.0 506.0 11187.0
39 39 36 0.0 0.0 0.0 2471.0 27396.0 231.0 75169.0
39 39 37 0.0 0.0 0.0 908.0 10279.0 68.0 115978.0
39 39 38 0.0 0.0 1.0 353.0 3967.0 23.0 135150.0
39 39 39 0.0 0.0 0.0 163.0 1891.0 14.0 146774.0
39 39 40 0.0 0.0 0.0 149.0 1632.0 10.0 146527.0
39 39 41 0.0 0.0 0.0 163.0 1863.0 12.0 146043.0
39 39 42 0.0 0.0 0.0 329.0 3968.0 26.0 134950.0
39 39 43 0.0 0.0 0.0 803.0 10532.0 71.0 116095.0
39 39 44 0.0 5.0 0.0 2160.0 27571.0 228.0 75819.0
39 39 45 0.0 0.0 0.0 3121.0 39890.0 529.0 12749.0
39 39 46 0.0 0.0 0.0 264.0 3221.0 52.0 22.0
39 39 47 0.0 0.0 0.0 0.0 4.0 0.0 0.0
39 40 33 0.0 0.0 0.0 0.0 4.0 0.0 0.0
39 40 34 0.0 0.0 0.0 275.0 3423.0 64.0 24.0
39 40 35 0.0 0.0 0.0 3010.0 40702.0 528.0 13872.0
39 40 36 0.0 1.0 0.0 2228.0 25798.0 211.0 78574.0
39 40 37 0.0 0.0 0.0 752.0 9326.0 63.0 118408.0
39 40 38 0.0 1.0 0.0 290.0 3428.0 16.0 135591.0
39 40 39 0.0 0.0 0.0 161.0 1567.0 11.0 147802.0
39 40 40 0.0 0.0 0.0 110.0 1196.0 5.0 146876.0
39 40 41 0.0 0.0 0.0 130.0 1540.0 5.0 147400.0
39 40 42 0.0 0.0 0.0 296.0 3608.0 14.0 135870.0
39 40 43 0.0 0.0 0.0 720.0 9330.0 74.0 117983.0
39 40 44 0.0 0.0 0.0 1991.0 26699.0 253.0 78439.0
39 40 45 0.0 1.0 0.0 2896.0 40239.0 548.0 13676.0
39 40 46 0.0 0.0 0.0 255.0 3524.0 48.0 38.0
39 40 47 0.0 0.0 0.0 2.0 2.0 0.0 0.0
39 41 33 0.0 0.0 0.0 1.0 8.0 0.0 0.0
39 41 34 0.0 0.0 0.0 188.0 3345.0 57.0 29.0
39 41 35 0.0 0.0 0.0 3293.0 38891.0 507.0 11551.0
39 41 36 0.0 0.0 0.0 2135.0 27702.0 222.0 74730.0
39 41 37 0.0 0.0 0.0 831.0 10238.0 68.0 116046.0
39 41 38 0.0 0.0 0.0 355.0 3971.0 21.0 135312.0
39 41 39 0.0 0.0 0.0 163.0 1828.0 14.0 147467.0
39 41 40 0.0 0.0 0.0 127.0 1576.0 4.0 146143.0
39 41 41 0.0 0.0 0.0 188.0 1872.0 6.0 146521.0
39 41 42 0.0 0.0 0.0 339.0 4074.0 19.0 134906.0
39 41 43 0.0 0.0 0.0 888.0 10614.0 76.0 115542.0
39 41 44 0.0 0.0 0.0 2344.0 28770.0 246.0 73411.0
39 41 45 0.0 1.0 0.0 3088.0 38174.0 547.0 11030.0
39 41 46 0.0 0.0 0.0 222.0 3009.0 55.0 30.0
39 41 47 0.0 0.0 0.0 0.0 11.0 1.0 0.0
39 42 34 0.0 0.0 0.0 112.0 1945.0 38.0 10.0
39 42 35 0.0 0.0 0.0 2374.0 33989.0 480.0 6947.0
39 42 36 0.0 0.0 1.0 2691.0 33914.0 302.0 62142.0
39 42 37 0.0 0.0 1.0 1064.0 13631.0 83.0 108606.0
39 42 38 0.0 0.0 0.0 501.0 6192.0 49.0 130008.0
39 42 39 0.0 0.0 0.0 321.0 3931.0 23.0 134841.0
39 42 40 0.0 0.0 0.0 299.0 3605.0 22.0 136030.0
39 42 41 0.0 0.0 0.0 299.0 4108.0 28.0 135222.0
39 42 42 0.0 0.0 0.0 503.0 6305.0 49.0 129823.0
39 42 43 0.0 0.0 0.0 1117.0 13718.0 90.0 108384.0
39 42 44 0.0 0.0 0.0 3358.0 33240.0 329.0 62548.0
39 42 45 0.0 0.0 0.0 2401.0 31623.0 433.0 5659.0
39 42 46 0.0 0.0 0.0 148.0 1677.0 31.0 4.0
39 42 47 0.0 0.0 0.0 0.0 1.0 0.0 0.0
39 43 33 0.0 0.0 0.0 0.0 1.0 0.0 0.0
39 43 34 0.0 0.0 0.0 81.0 652.0 12.0 1.0
39 43 35 0.0 0.0 0.0 1436.0 19484.0 278.0 1520.0
39 43 36 0.0 0.0 0.0 3414.0 41986.0 430.0 36553.0
39 43 37 0.0 0.0 0.0 2021.0 22033.0 167.0 87912.0
39 43 38 0.0 0.0 0.0 1059.0 13810.0 102.0 108348.0
39 43 39 0.0 0.0 0.0 864.0 10478.0 79.0 115701.0
39 43 40 0.0 0.0 0.0 696.0 9684.0 60.0 117484.0
39 43 41 0.0 2.0 0.0 803.0 10821.0 80.0 115132.0
39 43 42 0.0 0.0 0.0 1125.0 13672.0 100.0 109095.0
39 43 43 0.0 0.0 0.0 1828.0 22405.0 186.0 88019.0
39 43 44 0.0 0.0 0.0 3249.0 42135.0 433.0 36345.0
39 43 45 0.0 0.0 0.0 1559.0 18892.0 305.0 1414.0
39 43 46 0.0 0.0 0.0 51.0 629.0 5.0 0.0
39 44 34 0.0 0.0 0.0 10.0 115.0 2.0 0.0
39 44 35 0.0 0.0 0.0 462.0 6549.0 104.0 141.0
39 44 36 0.0 0.0 0.0 2612.0 34927.0 468.0 8268.0
39 44 37 0.0 0.0 0.0 3132.0 41683.0 448.0 38888.0
39 44 38 0.0 5.0 0.0 2649.0 34060.0 312.0 62431.0
39 44 39 0.0 0.0 0.0 2044.0 28514.0 254.0 73899.0
39 44 40 0.0 0.0 0.0 1982.0 26503.0 221.0 78143.0
39 44 41 0.0 0.0 0.0 2128.0 29498.0 263.0 73008.0
39 44 42 0.0 0.0 0.0 2817.0 33981.0 323.0 61608.0
39 44 43 0.0 0.0 0.0 3057.0 41976.0 439.0 37250.0
39 44 44 0.0 0.0 0.0 2714.0 35281.0 480.0 9084.0
39 44 45 0.0 0.0 0.0 487.0 6546.0 112.0 129.0
39 44 46 0.0 0.0 0.0 5.0 101.0 1.0 0.0
39 45 34 0.0 0.0 0.0 1.0 6.0 0.0 0.0
39 45 35 0.0 0.0 0.0 49.0 841.0 14.0 0.0
39 45 36 0.0 0.0 0.0 479.0 6281.0 105.0 122.0
39 45 37 0.0 0.0 0.0 1660.0 19069.0 301.0 1569.0
39 45 38 0.0 0.0 0.0 2661.0 32275.0 463.0 6080.0
39 45 39 0.0 0.0 0.0 2541.0 39183.0 523.0 11289.0
39 45 40 0.0 0.0 1.0 2636.0 40786.0 498.0 13070.0
39 45 41 0.0 0.0 0.0 2722.0 39036.0 521.0 11211.0
39 45 42 0.0 0.0 0.0 2531.0 31248.0 456.0 5457.0
39 45 43 0.0 0.0 0.0 1476.0 19139.0 289.0 1467.0
39 45 44 0.0 0.0 0.0 575.0 6046.0 98.0 114.0
39 45 45 0.0 0.0 0.0 56.0 844.0 15.0 2.0
39 45 46 0.0 0.0 0.0 1.0 8.0 0.0 0.0
39 46 35 0.0 0.0 0.0 0.0 2.0 0.0 0.0
39 46 36 0.0 0.0 0.0 7.0 121.0 3.0 0.0
39 46 37 0.0 0.0 0.0 54.0 524.0 8.0 0.0
39 46 38 0.0 0.0 0.0 150.0 1557.0 25.0 7.0
39 46 39 0.0 0.0 0.0 205.0 2909.0 47.0 24.0
39 46 40 0.0 0.0 0.0 290.0 3312.0 58.0 27.0
39 46 41 0.0 0.0 0.0 204.0 2830.0 48.0 16.0
39 46 42 0.0 0.0 0.0 120.0 1697.0 30.0 3.0
39 46 43 0.0 0.0 0.0 36.0 578.0 8.0 0.0
39 46 44 0.0 0.0 0.0 10.0 101.0 1.0 0.0
39 46 45 0.0 0.0 0.0 1.0 11.0 0.0 0.0
39 46 46 0.0 0.0 0.0 0.0 1.0 0.0 0.0
39 47 39 0.0 0.0 0.0 0.0 3.0 0.0 0.0
39 47 40 0.0 0.0 0.0 0.0 2.0 0.0 0.0
39 47 41 0.0 0.0 0.0 0.0 3.0 0.0 0.0
39 47 42 0.0 0.0 0.0 0.0 1.0 0.0 0.0
40 33 38 0.0 0.0 0.0 1.0 2.0 0.0 0.0
40 33 39 0.0 0.0 0.0 0.0 2.0 0.0 0.0
40 33 40 0.0 0.0 0.0 1.0 12.0 0.0 0.0
40 33 41 0.0 0.0 0.0 0.0 2.0 0.0 0.0
40 33 42 0.0 0.0 0.0 0.0 3.0 0.0 0.0
40 33 43 0.0 0.0 0.0 0.0 1.0 0.0 0.0
40 34 35 0.0 0.0 0.0 1.0 9.0 0.0 0.0
40 34 36 0.0 0.0 0.0 22.0 157.0 4.0 0.0
40 34 37 0.0 0.0 0.0 35.0 815.0 11.0 0.0
40 34 38 0.0 0.0 0.0 163.0 2096.0 31.0 11.0
40 34 39 0.0 0.0 0.0 349.0 3928.0 91.0 23.0
40 34 40 0.0 0.0 2.0 358.0 4887.0 87.0 59.0
40 34 41 0.0 0.0 0.0 321.0 4128.0 72.0 32.0
40 34 42 0.0 0.0 0.0 198.0 2632.0 43.0 15.0
40 34 43 0.0 0.0 0.0 59.0 1016.0 18.0 2.0
40 34 44 0.0 0.0 0.0 8.0 244.0 7.0 0.0
40 34 45 0.0 0.0 0.0 3.0 16.0 0.0 0.0
40 34 46 0.0 0.0 0.0 0.0 1.0 0.0 0.0
40 35 34 0.0 0.0 0.0 0.0 4.0 0.0 0.0
40 35 35 0.0 0.0 0.0 94.0 1070.0 13.0 6.0
40 35 36 0.0 0.0 0.0 498.0 7550.0 141.0 178.0
40 35 37 0.0 0.0 0.0 1846.0 22293.0 358.0 2155.0
40 35 38 0.0 0.0 0.0 2667.0 35019.0 451.0 7464.0
40 35 39 0.0 0.0 0.0 2748.0 41400.0 494.0 14496.0
40 35 40 0.0 2.0 0.0 3371.0 41670.0 506.0 16526.0
40 35 41 0.0 0.0 0.0 3045.0 41368.0 480.0 14957.0
40 35 42 0.0 1.0 0.0 2908.0 35441.0 489.0 8234.0
40 35 43 0.0 0.0 0.0 1906.0 24490.0 391.0 2903.0
40 35 44 0.0 0.0 0.0 708.0 9743.0 176.0 318.0
40 35 45 0.0 0.0 0.0 189.0 1676.0 33.0 7.0
40 35 46 0.0 0.0 0.0 2.0 20.0 1.0 0.0
40 36 34 0.0 0.0 0.0 11.0 160.0 5.0 0.0
40 36 35 0.0 0.0 0.0 582.0 7758.0 162.0 210.0
40 36 36 0.0 0.0 0.0 2430.0 37961.0 500.0 11360.0
40 36 37 0.0 0.0 0.0 3294.0 40589.0 452.0 41457.0
40 36 38 0.0 0.0 1.0 2218.0 31490.0 306.0 67344.0
40 36 39 0.0 0.0 0.0 2168.0 26203.0 233.0 78429.0
40 36 40 0.0 0.0 1.0 1809.0 24453.0 204.0 82313.0
40 36 41 0.0 0.0 0.0 1981.0 25244.0 249.0 80912.0
40 36 42 0.0 1.0 0.0 2661.0 30495.0 306.0 69402.0
40 36 43 0.0 0.0 0.0 3510.0 38806.0 378.0 48433.0
40 36 44 0.0 1.0 0.0 2717.0 40706.0 513.0 15477.0
40 36 45 0.0 0.0 0.0 688.0 9537.0 138.0 285.0
40 36 46 0.0 0.0 0.0 5.0 183.0 6.0 0.0
40 37 33 0.0 0.0 0.0 0.0 1.0 0.0 0.0
40 37 34 0.0 0.0 0.0 70.0 841.0 14.0 3.0
40 37 35 0.0 0.0 0.0 1480.0 21565.0 302.0 1875.0
40 37 36 0.0 0.0 0.0 3244.0 40501.0 430.0 42216.0
40 37 37 0.0 0.0 1.0 1656.0 20645.0 182.0 92482.0
40 37 38 0.0 0.0 0.0 989.0 12615.0 91.0 110970.0
40 37 39 0.0 0.0 0.0 808.0 9492.0 56.0 117482.0
40 37 40 0.0 0.0 1.0 724.0 8592.0 46.0 120053.0
40 37 41 0.0 0.0 0.0 788.0 9276.0 76.0 118266.0
40 37 42 0.0 0.0 2.0 958.0 12170.0 89.0 112961.0
40 37 43 0.0 1.0 0.0 1650.0 19101.0 143.0 95399.0
40 37 44 0.0 1.0 0.0 2871.0 40283.0 410.0 45740.0
40 37 45 0.0 0.0 0.0 1439.0 24571.0 358.0 2557.0
40 37 46 0.0 0.0 0.0 70.0 1077.0 19.0 5.0
40 38 33 0.0 0.0 0.0 0.0 2.0 0.0 0.0
40 38 34 0.0 0.0 0.0 132.0 2094.0 37.0 8.0
40 38 35 0.0 0.0 0.0 3044.0 34618.0 491.0 7613.0
40 38 36 0.0 0.0 0.0 2346.0 32085.0 283.0 66467.0
40 38 37 0.0 0.0 0.0 1060.0 12717.0 76.0 111106.0
40 38 38 0.0 0.0 1.0 497.0 5508.0 31.0 132264.0
40 38 39 0.0 0.0 0.0 317.0 3516.0 19.0 135762.0
40 38 40 0.0 0.0 1.0 259.0 2879.0 17.0 136241.0
40 38 41 0.0 0.0 0.0 289.0 3334.0 14.0 135590.0
40 38 42 0.0 0.0 0.0 378.0 4977.0 19.0 133378.0
40 38 43 0.0 0.0 0.0 893.0 12078.0 86.0 112354.0
40 38 44 0.0 0.0 1.0 2213.0 30700.0 284.0 69470.0
40 38 45 0.0 0.0 0.0 2512.0 36392.0 465.0 8714.0
40 38 46 0.0 0.0 0.0 168.0 2525.0 45.0 13.0
40 38 47 0.0 0.0 0.0 0.0 2.0 0.0 0.0
40 39 33 0.0 0.0 0.0 0.0 11.0 0.0 0.0
40 39 34 0.0 0.0 0.0 289.0 3608.0 60.0 31.0
40 39 35 0.0 0.0 0.0 3040.0 40145.0 471.0 13563.0
40 39 36 0.0 0.0 2.0 2161.0 26533.0 226.0 77771.0
40 39 37 0.0 0.0 0.0 826.0 9521.0 55.0 117957.0
40 39 38 0.0 0.0 0.0 302.0 3446.0 18.0 136047.0
40 39 39 0.0 0.0 0.0 132.0 1558.0 8.0 146177.0
40 39 40 0.0 0.0 0.0 111.0 1268.0 11.0 146137.0
40 39 41 0.0 0.0 0.0 127.0 1537.0 13.0 147053.0
40 39 42 0.0 0.0 0.0 269.0 3426.0 19.0 135608.0
40 39 43 0.0 1.0 0.0 705.0 9141.0 66.0 119109.0
40 39 44 0.0 0.0 0.0 2014.0 25250.0 208.0 81074.0
40 39 45 0.0 1.0 1.0 2958.0 41441.0 544.0 15260.0
40 39 46 0.0 0.0 0.0 254.0 4345.0 63.0 58.0
40 39 47 0.0 0.0 0.0 0.0 4.0 0.0 0.0
40 40 33 0.0 0.0 0.0 2.0 15.0 0.0 0.0
40 40 34 0.0 0.0 0.0 336.0 4271.0 71.0 45.0
40 40 35 0.0 0.0 0.0 3397.0 41386.0 515.0 15935.0
40 40 36 0.0 0.0 3.0 1911.0 24807.0 204.0 81771.0
40 40 37 0.0 0.0 1.0 686.0 8622.0 65.0 119832.0
40 40 38 0.0 1.0 0.0 264.0 2972.0 17.0 136702.0
40 40 39 0.0 0.0 0.0 103.0 1205.0 8.0 145773.0
40 40 40 0.0 0.0 0.0 60.0 671.0 0.0 159565.0
40 40 41 0.0 0.0 0.0 87.0 1198.0 7.0 146559.0
40 40 42 0.0 0.0 0.0 255.0 3036.0 22.0 135864.0
40 40 43 0.0 1.0 0.0 752.0 8580.0 56.0 119425.0
40 40 44 0.0 1.0 0.0 1876.0 24098.0 219.0 83161.0
40 40 45 0.0 0.0 9.0 3400.0 41818.0 521.0 16774.0
40 40 46 0.0 0.0 0.0 394.0 4968.0 78.0 68.0
40 40 47 0.0 0.0 0.0 0.0 10.0 0.0 0.0
40 41 33 0.0 0.0 0.0 0.0 4.0 0.0 0.0
40 41 34 0.0 0.0 0.0 342.0 3709.0 74.0 38.0
40 41 35 0.0 0.0 0.0 2889.0 40263.0 531.0 13521.0
40 41 36 0.0 0.0 1.0 2084.0 26380.0 211.0 77767.0
40 41 37 0.0 0.0 0.0 823.0 9136.0 63.0 118178.0
40 41 38 0.0 0.0 1.0 262.0 3432.0 25.0 136038.0
40 41 39 0.0 0.0 0.0 118.0 1516.0 12.0 147187.0
40 41 40 0.0 0.0 0.0 91.0 1098.0 2.0 146558.0
40 41 41 0.0 -1.0 0.0 133.0 1481.0 1.0 146617.0
40 41 42 0.0 0.0 0.0 300.0 3471.0 22.0 135154.0
40 41 43 0.0 0.0 0.0 807.0 9783.0 51.0 117407.0
40 41 44 0.0 1.0 0.0 2088.0 26712.0 242.0 78566.0
40 41 45 0.0 4.0 0.0 2683.0 40774.0 520.0 13886.0
40 41 46 0.0 0.0 0.0 279.0 3676.0 66.0 42.0
40 41 47 0.0 0.0 0.0 0.0 5.0 0.0 0.0
40 42 33 0.0 0.0 0.0 0.0 1.0 0.0 0.0
40 42 34 0.0 0.0 0.0 138.0 2108.0 38.0 13.0
40 42 35 0.0 0.0 0.0 2605.0 35012.0 506.0 7934.0
40 42 36 0.0 0.0 0.0 2501.0 31782.0 300.0 66901.0
40 42 37 0.0 0.0 0.0 1139.0 12713.0 79.0 111223.0
40 42 38 0.0 0.0 0.0 483.0 5453.0 34.0 130817.0
40 42 39 0.0 0.0 0.0 248.0 3590.0 16.0 136055.0
40 42 40 0.0 0.0 0.0 237.0 3046.0 14.0 135956.0
40 42 41 0.0 0.0 0.0 316.0 3541.0 25.0 135684.0
40 42 42 0.0 0.0 0.0 408.0 5334.0 41.0 132127.0
40 42 43 0.0 0.0 0.0 1076.0 12864.0 85.0 110557.0
40 42 44 0.0 2.0 0.0 2616.0 32740.0 319.0 64980.0
40 42 45 0.0 0.0 0.0 2555.0 33881.0 463.0 6845.0
40 42 46 0.0 0.0 0.0 137.0 2058.0 32.0 5.0
40 42 47 0.0 0.0 0.0 0.0 1.0 0.0 0.0
40 43 33 0.0 0.0 0.0 0.0 1.0 0.0 0.0
40 43 34 0.0 0.0 0.0 60.0 795.0 7.0 0.0
40 43 35 0.0 0.0 0.0 1759.0 21279.0 331.0 1944.0
40 43 36 0.0 0.0 0.0 3358.0 40523.0 429.0 42013.0
40 43 37 0.0 0.0 1.0 1690.0 20240.0 146.0 92625.0
40 43 38 0.0 0.0 1.0 982.0 12948.0 76.0 110146.0
40 43 39 0.0 0.0 0.0 794.0 9765.0 77.0 117861.0
40 43 40 0.0 0.0 0.0 671.0 8885.0 50.0 119234.0
40 43 41 0.0 1.0 1.0 826.0 9737.0 73.0 118068.0
40 43 42 0.0 0.0 1.0 1118.0 12569.0 97.0 110890.0
40 43 43 0.0 0.0 0.0 1718.0 21140.0 159.0 91477.0
40 43 44 0.0 0.0 0.0 3484.0 40701.0 428.0 41177.0
40 43 45 0.0 0.0 0.0 1670.0 21347.0 337.0 1945.0
40 43 46 0.0 0.0 0.0 39.0 774.0 9.0 0.0
40 43 47 0.0 0.0 0.0 0.0 2.0 0.0 0.0
40 44 34 0.0 0.0 0.0 14.0 156.0 2.0 0.0
40 44 35 0.0 0.0 0.0 506.0 7115.0 119.0 151.0
40 44 36 0.0 0.0 0.0 3768.0 36575.0 485.0 10521.0
40 44 37 0.0 0.0 0.0 3258.0 41219.0 413.0 41391.0
40 44 38 0.0 0.0 0.0 2472.0 32593.0 294.0 65414.0
40 44 39 0.0 1.0 1.0 1904.0 26542.0 223.0 78124.0
40 44 40 0.0 0.0 0.0 1850.0 24633.0 224.0 81804.0
40 44 41 0.0 0.0 1.0 2005.0 26550.0 233.0 77819.0
40 44 42 0.0 0.0 0.0 2780.0 32062.0 326.0 65425.0
40 44 43 0.0 0.0 0.0 3679.0 40951.0 424.0 41186.0
40 44 44 0.0 0.0 0.0 3014.0 37556.0 497.0 11091.0
40 44 45 0.0 0.0 0.0 717.0 7216.0 131.0 175.0
40 44 46 0.0 0.0 0.0 16.0 174.0 2.0 0.0
40 45 34 0.0 0.0 0.0 0.0 10.0 1.0 0.0
40 45 35 0.0 0.0 0.0 87.0 1074.0 21.0 2.0
40 45 36 0.0 0.0 0.0 712.0 7658.0 142.0 193.0
40 45 37 0.0 0.0 0.0 1683.0 21299.0 310.0 1964.0
40 45 38 0.0 0.0 1.0 2395.0 34689.0 453.0 7351.0
40 45 39 0.0 0.0 3.0 2691.0 40357.0 524.0 13008.0
40 45 40 0.0 0.0 0.0 3103.0 41137.0 505.0 15602.0
40 45 41 0.0 0.0 0.0 2827.0 40315.0 527.0 12680.0
40 45 42 0.0 2.0 0.0 2362.0 34655.0 500.0 7144.0
40 45 43 0.0 0.0 0.0 1459.0 21088.0 344.0 1808.0
40 45 44 0.0 0.0 0.0 616.0 7466.0 139.0 155.0
40 45 45 0.0 0.0 0.0 66.0 983.0 17.0 2.0
40 45 46 0.0 0.0 0.0 2.0 12.0 0.0 0.0
40 46 35 0.0 0.0 0.0 0.0 11.0 0.0 0.0
40 46 36 0.0 0.0 0.0 5.0 129.0 1.0 0.0
40 46 37 0.0 0.0 0.0 50.0 737.0 14.0 2.0
40 46 38 0.0 0.0 0.0 128.0 2124.0 43.0 8.0
40 46 39 0.0 0.0 0.0 230.0 3399.0 64.0 27.0
40 46 40 0.0 0.0 0.0 229.0 4397.0 92.0 47.0
40 46 41 0.0 0.0 0.0 256.0 3332.0 68.0 20.0
40 46 42 0.0 0.0 0.0 140.0 2077.0 28.0 5.0
40 46 43 0.0 0.0 0.0 52.0 699.0 20.0 0.0
40 46 44 0.0 0.0 0.0 11.0 157.0 1.0 0.0
40 46 45 0.0 0.0 0.0 1.0 6.0 0.0 0.0
40 46 46 0.0 0.0 0.0 0.0 1.0 0.0 0.0
40 47 38 0.0 0.0 0.0 0.0 1.0 0.0 0.0
40 47 39 0.0 0.0 0.0 0.0 13.0 1.0 0.0
40 47 40 0.0 0.0 0.0 0.0 13.0 0.0 0.0
40 47 41 0.0 0.0 0.0 0.0 4.0 0.0 0.0
41 33 38 0.0 0.0 0.0 1.0 1.0 0.0 0.0
41 33 39 0.0 0.0 0.0 2.0 10.0 0.0 0.0
41 33 40 0.0 0.0 0.0 0.0 10.0 0.0 0.0
41 33 41 0.0 0.0 0.0 0.0 2.0 0.0 0.0
41 33 42 0.0 0.0 0.0 0.0 3.0 0.0 0.0
41 33 43 0.0 0.0 0.0 1.0 1.0 0.0 0.0
41 34 35 0.0 0.0 0.0 0.0 9.0 0.0 0.0
41 34 36 0.0 0.0 0.0 3.0 99.0 2.0 0.0
41 34 37 0.0 0.0 0.0 59.0 633.0 12.0 1.0
41 34 38 0.0 0.0 0.0 155.0 1866.0 37.0 9.0
41 34 39 0.0 0.0 0.0 273.0 3552.0 67.0 36.0
41 34 40 0.0 0.0 0.0 319.0 3964.0 78.0 41.0
41 34 41 0.0 0.0 0.0 268.0 3544.0 76.0 26.0
41 34 42 0.0 0.0 0.0 183.0 2072.0 32.0 10.0
41 34 43 0.0 0.0 0.0 71.0 937.0 12.0 1.0
41 34 44 0.0 0.0 0.0 9.0 173.0 2.0 0.0
41 34 45 0.0 0.0 0.0 3.0 21.0 0.0 0.0
41 35 34 0.0 0.0 0.0 0.0 6.0 0.0 0.0
41 35 35 0.0 0.0 0.0 94.0 844.0 19.0 1.0
41 35 36 0.0 0.0 0.0 625.0 6606.0 98.0 164.0
41 35 37 0.0 0.0 0.0 1718.0 18513.0 305.0 1427.0
41 35 38 0.0 0.0 0.0 2848.0 32113.0 469.0 6135.0
41 35 39 0.0 0.0 0.0 2929.0 39800.0 552.0 12445.0
41 35 40 0.0 0.0 0.0 2946.0 41410.0 520.0 15118.0
41 35 41 0.0 0.0 1.0 3224.0 39785.0 520.0 13261.0
41 35 42 0.0 0.0 0.0 2489.0 34628.0 501.0 7220.0
41 35 43 0.0 0.0 0.0 1764.0 23394.0 368.0 2459.0
41 35 44 0.0 0.0 0.0 800.0 8928.0 163.0 278.0
41 35 45 0.0 0.0 0.0 91.0 1521.0 21.0 7.0
41 35 46 0.0 0.0 0.0 0.0 20.0 0.0 0.0
41 36 34 0.0 0.0 0.0 9.0 116.0 3.0 0.0
41 36 35 0.0 0.0 0.0 704.0 6782.0 120.0 131.0
41 36 36 0.0 0.0 1.0 2862.0 36353.0 502.0 9784.0
41 36 37 0.0 0.0 0.0 3272.0 42205.0 465.0 37781.0
41 36 38 0.0 0.0 1.0 2952.0 32806.0 307.0 63657.0
41 36 39 0.0 0.0 0.0 2113.0 27480.0 226.0 76239.0
41 36 40 0.0 1.0 1.0 1864.0 25663.0 224.0 80078.0
41 36 41 0.0 0.0 1.0 2196.0 26898.0 238.0 77161.0
41 36 42 0.0 0.0 0.0 2666.0 31488.0 296.0 66277.0
41 36 43 0.0 0.0 1.0 2871.0 40366.0 410.0 44327.0
41 36 44 0.0 2.0 0.0 2783.0 39665.0 528.0 13605.0
41 36 45 0.0 0.0 0.0 709.0 8399.0 162.0 235.0
41 36 46 0.0 0.0 0.0 10.0 215.0 3.0 0.0
41 37 34 0.0 0.0 0.0 56.0 670.0 19.0 1.0
41 37 35 0.0 0.0 0.0 1429.0 19546.0 340.0 1567.0
41 37 36 0.0 0.0 4.0 3704.0 41594.0 440.0 37513.0
41 37 37 0.0 0.0 0.0 1982.0 22135.0 189.0 88649.0
41 37 38 0.0 0.0 0.0 1179.0 13475.0 84.0 108693.0
41 37 39 0.0 0.0 0.0 805.0 10060.0 54.0 116322.0
41 37 40 0.0 0.0 0.0 713.0 9350.0 66.0 119047.0
41 37 41 0.0 0.0 0.0 805.0 9774.0 50.0 117434.0
41 37 42 0.0 0.0 0.0 920.0 12543.0 86.0 112005.0
41 37 43 0.0 0.0 1.0 1293.0 19633.0 147.0 95350.0
41 37 44 0.0 0.0 1.0 2709.0 40776.0 438.0 45110.0
41 37 45 0.0 4.0 0.0 1747.0 23552.0 366.0 2485.0
41 37 46 0.0 0.0 0.0 70.0 957.0 13.0 4.0
41 38 33 0.0 0.0 0.0 0.0 2.0 1.0 0.0
41 38 34 0.0 0.0 0.0 120.0 1907.0 29.0 8.0
41 38 35 0.0 0.0 0.0 2693.0 31660.0 449.0 5814.0
41 38 36 0.0 0.0 0.0 2852.0 33780.0 327.0 62753.0
41 38 37 0.0 0.0 0.0 1192.0 13796.0 90.0 108183.0
41 38 38 0.0 0.0 0.0 492.0 5982.0 32.0 130060.0
41 38 39 0.0 0.0 0.0 377.0 3834.0 21.0 134865.0
41 38 40 0.0 0.0 0.0 254.0 3273.0 16.0 136614.0
41 38 41 0.0 0.0 0.0 278.0 3731.0 17.0 135784.0
41 38 42 0.0 0.0 1.0 399.0 5370.0 20.0 133227.0
41 38 43 0.0 0.0 0.0 928.0 12297.0 74.0 112217.0
41 38 44 0.0 1.0 2.0 2216.0 31548.0 278.0 67241.0
41 38 45 0.0 2.0 0.0 2262.0 36203.0 486.0 8297.0
41 38 46 0.0 0.0 0.0 130.0 2330.0 43.0 16.0
41 38 47 0.0 0.0 0.0 0.0 1.0 0.0 0.0
41 39 33 0.0 0.0 0.0 0.0 9.0 0.0 0.0
41 39 34 0.0 0.0 0.0 177.0 2916.0 55.0 19.0
41 39 35 0.0 0.0 0.0 2838.0 38656.0 475.0 10935.0
41 39 36 0.0 0.0 0.0 2074.0 27908.0 254.0 74855.0
41 39 37 0.0 0.0 0.0 832.0 10266.0 74.0 115915.0
41 39 38 0.0 0.0 0.0 302.0 3954.0 22.0 134359.0
41 39 39 0.0 0.0 0.0 157.0 1876.0 8.0 147285.0
41 39 40 0.0 0.0 0.0 134.0 1440.0 8.0 147655.0
41 39 41 0.0 0.0 0.0 159.0 1616.0 9.0 149270.0
41 39 42 0.0 0.0 0.0 268.0 3645.0 26.0 136066.0
41 39 43 0.0 0.0 1.0 698.0 9716.0 56.0 117966.0
41 39 44 0.0 5.0 0.0 1919.0 26234.0 218.0 78576.0
41 39 45 0.0 0.0 0.0 2803.0 40694.0 517.0 14096.0
41 39 46 0.0 0.0 0.0 258.0 3990.0 72.0 48.0
41 39 47 0.0 0.0 0.0 1.0 10.0 0.0 0.0
41 40 33 0.0 0.0 0.0 0.0 2.0 0.0 0.0
41 40 34 0.0 0.0 0.0 295.0 3459.0 71.0 34.0
41 40 35 0.0 0.0 0.0 2778.0 40751.0 539.0 13519.0
41 40 36 0.0 0.0 0.0 1869.0 26565.0 241.0 78153.0
41 40 37 0.0 0.0 1.0 657.0 9555.0 62.0 118246.0
41 40 38 0.0 0.0 0.0 256.0 3543.0 13.0 135940.0
41 40 39 0.0 0.0 0.0 131.0 1428.0 6.0 147735.0
41 40 40 0.0 0.0 0.0 90.0 1172.0 6.0 147008.0
41 40 41 0.0 0.0 0.0 140.0 1485.0 7.0 146602.0
41 40 42 0.0 0.0 0.0 240.0 3317.0 19.0 136425.0
41 40 43 0.0 0.0 0.0 703.0 9309.0 72.0 119302.0
41 40 44 0.0 0.0 0.0 1933.0 24988.0 217.0 80615.0
41 40 45 0.0 0.0 0.0 2806.0 41208.0 537.0 15076.0
41 40 46 0.0 0.0 0.0 284.0 4016.0 73.0 35.0
41 40 47 0.0 0.0 0.0 0.0 7.0 1.0 0.0
41 41 33 0.0 0.0 0.0 1.0 2.0 0.0 0.0
41 41 34 0.0 0.0 0.0 192.0 2960.0 52.0 17.0
41 41 35 0.0 0.0 2.0 2977.0 39130.0 546.0 11259.0
41 41 36 0.0 0.0 0.0 1999.0 27647.0 235.0 75817.0
41 41 37 0.0 0.0 1.0 789.0 10553.0 86.0 116465.0
41 41 38 0.0 0.0 0.0 333.0 3944.0 22.0 135213.0
41 41 39 0.0 0.0 0.0 165.0 1918.0 11.0 146558.0
41 41 40 0.0 0.0 0.0 104.0 1512.0 8.0 147120.0
41 41 41 0.0 0.0 0.0 137.0 1890.0 8.0 147046.0
41 41 42 0.0 0.0 0.0 328.0 4193.0 21.0 134469.0
41 41 43 0.0 0.0 0.0 789.0 10385.0 56.0 116492.0
41 41 44 0.0 1.0 0.0 2188.0 27687.0 224.0 75197.0
41 41 45 0.0 0.0 0.0 2807.0 39155.0 509.0 11719.0
41 41 46 0.0 0.0 0.0 269.0 3154.0 61.0 16.0
41 41 47 0.0 0.0 0.0 0.0 3.0 0.0 0.0
41 42 33 0.0 0.0 0.0 0.0 1.0 0.0 0.0
41 42 34 0.0 0.0 0.0 120.0 1748.0 32.0 3.0
41 42 35 0.0 0.0 0.0 2065.0 32510.0 465.0 5913.0
41 42 36 0.0 0.0 0.0 2586.0 32961.0 327.0 63127.0
41 42 37 0.0 0.0 0.0 1087.0 13401.0 87.0 109132.0
41 42 38 0.0 0.0 2.0 474.0 6011.0 38.0 130602.0
41 42 39 0.0 0.0 0.0 286.0 3987.0 17.0 134819.0
41 42 40 0.0 0.0 0.0 260.0 3642.0 19.0 135901.0
41 42 41 0.0 0.0 0.0 319.0 4091.0 26.0 134249.0
41 42 42 0.0 0.0 0.0 453.0 6042.0 36.0 130852.0
41 42 43 0.0 2.0 0.0 1230.0 13541.0 90.0 108610.0
41 42 44 0.0 3.0 0.0 2868.0 33742.0 309.0 62084.0
41 42 45 0.0 0.0 0.0 2163.0 32512.0 464.0 5965.0
41 42 46 0.0 0.0 0.0 155.0 1738.0 22.0 7.0
41 42 47 0.0 0.0 0.0 0.0 2.0 0.0 0.0
41 43 34 0.0 0.0 0.0 52.0 646.0 3.0 1.0
41 43 35 0.0 0.0 0.0 1566.0 20075.0 333.0 1671.0
41 43 36 0.0 0.0 3.0 3529.0 41052.0 438.0 37990.0
41 43 37 0.0 0.0 0.0 1892.0 21644.0 173.0 89143.0
41 43 38 0.0 0.0 0.0 1092.0 13716.0 95.0 108862.0
41 43 39 0.0 0.0 0.0 835.0 10585.0 69.0 115701.0
41 43 40 0.0 0.0 0.0 677.0 9712.0 47.0 117054.0
41 43 41 0.0 0.0 0.0 872.0 10338.0 61.0 115925.0
41 43 42 0.0 0.0 0.0 1110.0 13400.0 87.0 109052.0
41 43 43 0.0 0.0 0.0 2054.0 21669.0 179.0 89215.0
41 43 44 0.0 0.0 0.0 3607.0 41731.0 442.0 37444.0
41 43 45 0.0 0.0 0.0 1606.0 19457.0 335.0 1475.0
41 43 46 0.0 0.0 0.0 33.0 685.0 12.0 2.0
41 44 34 0.0 0.0 0.0 0.0 125.0 1.0 0.0
41 44 35 0.0 0.0 0.0 590.0 6774.0 109.0 153.0
41 44 36 0.0 0.0 0.0 2698.0 36752.0 460.0 9774.0
41 44 37 0.0 0.0 0.0 3597.0 41125.0 390.0 37889.0
41 44 38 0.0 0.0 0.0 2411.0 33841.0 285.0 62533.0
41 44 39 0.0 0.0 0.0 2222.0 28290.0 269.0 73784.0
41 44 40 0.0 0.0 0.0 1879.0 26489.0 261.0 78465.0
41 44 41 0.0 0.0 0.0 2287.0 28249.0 265.0 74249.0
41 44 42 0.0 6.0 0.0 2621.0 34168.0 288.0 61420.0
41 44 43 0.0 0.0 0.0 3263.0 42186.0 488.0 38300.0
41 44 44 0.0 0.0 0.0 3233.0 34601.0 448.0 8713.0
41 44 45 0.0 0.0 0.0 520.0 6406.0 106.0 125.0
41 44 46 0.0 0.0 0.0 8.0 122.0 1.0 0.0
41 45 34 0.0 0.0 0.0 1.0 7.0 0.0 0.0
41 45 35 0.0 0.0 0.0 70.0 876.0 15.0 2.0
41 45 36 0.0 0.0 0.0 594.0 6119.0 105.0 134.0
41 45 37 0.0 0.0 0.0 1545.0 19683.0 309.0 1586.0
41 45 38 0.0 0.0 0.0 2023.0 32501.0 466.0 5710.0
41 45 39 0.0 0.0 0.0 2181.0 39030.0 508.0 10842.0
41 45 40 0.0 0.0 0.0 2907.0 39606.0 529.0 12576.0
41 45 41 0.0 1.0 0.0 2685.0 38769.0 532.0 10945.0
41 45 42 0.0 0.0 3.0 3044.0 32286.0 486.0 6026.0
41 45 43 0.0 0.0 0.0 1602.0 18886.0 297.0 1544.0
41 45 44 0.0 0.0 0.0 519.0 6864.0 117.0 143.0
41 45 45 0.0 0.0 0.0 71.0 736.0 12.0 2.0
41 45 46 0.0 0.0 0.0 0.0 8.0 0.0 0.0
41 46 35 0.0 0.0 0.0 2.0 18.0 1.0 0.0
41 46 36 0.0 0.0 0.0 8.0 93.0 2.0 0.0
41 46 37 0.0 0.0 0.0 40.0 653.0 11.0 1.0
41 46 38 0.0 0.0 0.0 91.0 1747.0 27.0 3.0
41 46 39 0.0 0.0 0.0 292.0 3091.0 44.0 21.0
41 46 40 0.0 0.0 0.0 290.0 3442.0 57.0 19.0
41 46 41 0.0 0.0 1.0 295.0 2820.0 47.0 28.0
41 46 42 0.0 0.0 0.0 148.0 1645.0 25.0 9.0
41 46 43 0.0 0.0 0.0 31.0 595.0 11.0 1.0
41 46 44 0.0 0.0 0.0 15.0 134.0 4.0 0.0
41 46 45 0.0 0.0 0.0 0.0 8.0 1.0 0.0
41 47 38 0.0 0.0 0.0 0.0 2.0 0.0 0.0
41 47 39 0.0 0.0 0.0 0.0 3.0 0.0 0.0
41 47 40 0.0 0.0 0.0 0.0 5.0 1.0 0.0
41 47 41 0.0 0.0 0.0 0.0 2.0 0.0 0.0
41 47 42 0.0 0.0 0.0 0.0 3.0 0.0 0.0
42 33 38 0.0 0.0 0.0 0.0 2.0 0.0 0.0
42 33 39 0.0 0.0 0.0 0.0 9.0 0.0 0.0
42 33 40 0.0 0.0 0.0 0.0 5.0 1.0 0.0
42 33 41 0.0 0.0 0.0 0.0 2.0 0.0 0.0
42 33 42 0.0 0.0 0.0 0.0 2.0 0.0 0.0
42 34 35 0.0 0.0 0.0 3.0 5.0 0.0 0.0
42 34 36 0.0 0.0 0.0 4.0 64.0 0.0 0.0
42 34 37 0.0 0.0 0.0 45.0 354.0 8.0 1.0
42 34 38 0.0 0.0 0.0 56.0 1068.0 14.0 6.0
42 34 39 0.0 0.0 0.0 156.0 2091.0 53.0 13.0
42 34 40 0.0 0.0 0.0 232.0 2676.0 34.0 17.0
42 34 41 0.0 0.0 0.0 140.0 2179.0 35.0 7.0
42 34 42 0.0 0.0 0.0 87.0 1281.0 21.0 3.0
42 34 43 0.0 0.0 0.0 36.0 535.0 10.0 0.0
42 34 44 0.0 0.0 0.0 8.0 142.0 2.0 0.0
42 34 45 0.0 0.0 0.0 1.0 20.0 0.0 0.0
42 35 34 0.0 0.0 0.0 0.0 3.0 0.0 0.0
42 35 35 0.0 0.0 0.0 33.0 464.0 8.0 1.0
42 35 36 0.0 0.0 0.0 489.0 4544.0 78.0 59.0
42 35 37 0.0 0.0 0.0 1217.0 13482.0 253.0 656.0
42 35 38 0.0 0.0 0.0 2140.0 26241.0 395.0 3356.0
42 35 39 0.0 0.0 0.0 2469.0 34021.0 513.0 6994.0
42 35 40 0.0 0.0 0.0 2671.0 37363.0 494.0 9220.0
42 35 41 0.0 0.0 0.0 2549.0 35411.0 497.0 7841.0
42 35 42 0.0 0.0 0.0 2098.0 29416.0 417.0 4431.0
42 35 43 0.0 0.0 0.0 1417.0 16461.0 257.0 1030.0
42 35 44 0.0 0.0 0.0 426.0 6020.0 102.0 109.0
42 35 45 0.0 0.0 0.0 83.0 733.0 11.0 3.0
42 35 46 0.0 0.0 0.0 1.0 12.0 0.0 0.0
42 36 34 0.0 0.0 0.0 12.0 53.0 2.0 0.0
42 36 35 0.0 0.0 0.0 376.0 4253.0 62.0 59.0
42 36 36 0.0 0.0 0.0 2144.0 29351.0 431.0 4863.0
42 36 37 0.0 0.0 0.0 4128.0 42407.0 493.0 25814.0
42 36 38 0.0 0.0 0.0 3537.0 38338.0 384.0 49409.0
42 36 39 0.0 0.0 0.0 2450.0 32739.0 275.0 64997.0
42 36 40 0.0 1.0 0.0 2350.0 30017.0 272.0 70619.0
42 36 41 0.0 0.0 0.0 2408.0 31526.0 282.0 67323.0
42 36 42 0.0 0.0 0.0 2683.0 36313.0 381.0 56735.0
42 36 43 0.0 0.0 0.0 3555.0 42683.0 509.0 32560.0
42 36 44 0.0 0.0 0.0 1937.0 36379.0 466.0 9302.0
42 36 45 0.0 0.0 0.0 411.0 5976.0 89.0 100.0
42 36 46 0.0 0.0 0.0 13.0 87.0 2.0 0.0
42 37 34 0.0 0.0 0.0 28.0 352.0 8.0 0.0
42 37 35 0.0 0.0 1.0 974.0 13288.0 224.0 646.0
42 37 36 0.0 0.0 1.0 4612.0 41593.0 497.0 26922.0
42 37 37 0.0 0.0 0.0 2205.0 26724.0 207.0 78302.0
42 37 38 0.0 0.0 0.0 1457.0 16864.0 127.0 100559.0
42 37 39 0.0 0.0 0.0 1027.0 13057.0 90.0 110235.0
42 37 40 0.0 0.0 0.0 896.0 11806.0 87.0 112637.0
42 37 41 0.0 0.0 0.0 935.0 12290.0 93.0 112126.0
42 37 42 0.0 3.0 2.0 1118.0 15526.0 97.0 104938.0
42 37 43 0.0 0.0 4.0 1414.0 24002.0 156.0 85098.0
42 37 44 0.0 0.0 0.0 2957.0 42688.0 442.0 34201.0
42 37 45 0.0 0.0 0.0 1156.0 18613.0 286.0 1286.0
42 37 46 0.0 0.0 0.0 33.0 572.0 10.0 0.0
42 38 34 0.0 0.0 0.0 75.0 931.0 12.0 0.0
42 38 35 0.0 0.0 1.0 2075.0 25066.0 390.0 2995.0
42 38 36 0.0 0.0 3.0 3004.0 38426.0 383.0 50720.0
42 38 37 0.0 0.0 0.0 1424.0 17361.0 145.0 100070.0
42 38 38 0.0 0.0 2.0 627.0 7993.0 45.0 126287.0
42 38 39 0.0 0.0 0.0 464.0 5638.0 36.0 131854.0
42 38 40 0.0 0.0 0.0 377.0 4907.0 28.0 133904.0
42 38 41 0.0 0.0 0.0 387.0 5339.0 31.0 133104.0
42 38 42 0.0 0.0 1.0 490.0 7304.0 34.0 128719.0
42 38 43 0.0 0.0 0.0 1016.0 15280.0 94.0 105786.0
42 38 44 0.0 2.0 0.0 2277.0 36462.0 330.0 56852.0
42 38 45 0.0 0.0 0.0 2135.0 29447.0 424.0 4560.0
42 38 46 0.0 0.0 0.0 69.0 1483.0 20.0 4.0
42 38 47 0.0 0.0 0.0 0.0 1.0 0.0 0.0
42 39 33 0.0 0.0 0.0 0.0 2.0 0.0 0.0
42 39 34 0.0 0.0 0.0 112.0 1999.0 29.0 7.0
42 39 35 0.0 0.0 0.0 2579.0 32435.0 465.0 6194.0
42 39 36 0.0 0.0 2.0 2445.0 33393.0 295.0 63266.0
42 39 37 0.0 0.0 0.0 1054.0 13619.0 109.0 108739.0
42 39 38 0.0 0.0 0.0 436.0 5844.0 40.0 131866.0
42 39 39 0.0 0.0 0.0 304.0 3863.0 18.0 135051.0
42 39 40 0.0 0.0 0.0 277.0 3233.0 17.0 136410.0
42 39 41 0.0 0.0 0.0 267.0 3693.0 27.0 135759.0
42 39 42 0.0 1.0 0.0 416.0 5389.0 25.0 133268.0
42 39 43 0.0 0.0 0.0 901.0 12424.0 76.0 112389.0
42 39 44 0.0 0.0 0.0 2165.0 31928.0 283.0 67795.0
42 39 45 0.0 0.0 0.0 2417.0 35678.0 512.0 7894.0
42 39 46 0.0 0.0 0.0 161.0 2225.0 30.0 12.0
42 39 47 0.0 0.0 0.0 0.0 3.0 0.0 0.0
42 40 33 0.0 0.0 0.0 0.0 2.0 1.0 0.0
42 40 34 0.0 0.0 0.0 187.0 2127.0 36.0 8.0
42 40 35 0.0 0.0 0.0 2365.0 35834.0 474.0 8086.0
42 40 36 0.0 0.0 0.0 2360.0 31768.0 299.0 66947.0
42 40 37 0.0 0.0 0.0 895.0 12713.0 80.0 111552.0
42 40 38 0.0 0.0 0.0 333.0 5490.0 32.0 132139.0
42 40 39 0.0 0.0 0.0 235.0 3360.0 13.0 136487.0
42 40 40 0.0 0.0 0.0 238.0 2957.0 14.0 136351.0
42 40 41 0.0 0.0 0.0 251.0 3336.0 19.0 136440.0
42 40 42 0.0 0.0 0.0 386.0 5044.0 26.0 133269.0
42 40 43 0.0 0.0 0.0 902.0 11853.0 75.0 113084.0
42 40 44 0.0 0.0 0.0 2212.0 30394.0 273.0 70420.0
42 40 45 0.0 0.0 0.0 2568.0 36658.0 520.0 9066.0
42 40 46 0.0 0.0 0.0 188.0 2460.0 47.0 16.0
42 40 47 0.0 0.0 0.0 0.0 7.0 0.0 0.0
42 41 33 0.0 0.0 0.0 0.0 3.0 0.0 0.0
42 41 34 0.0 0.0 0.0 151.0 1904.0 23.0 10.0
42 41 35 0.0 0.0 0.0 2348.0 32889.0 454.0 6364.0
42 41 36 0.0 0.0 0.0 2334.0 33909.0 305.0 62584.0
42 41 37 0.0 0.0 0.0 941.0 13475.0 118.0 108742.0
42 41 38 0.0 0.0 0.0 475.0 6095.0 32.0 130734.0
42 41 39 0.0 0.0 0.0 297.0 3967.0 23.0 134514.0
42 41 40 0.0 0.0 0.0 260.0 3475.0 28.0 136376.0
42 41 41 0.0 0.0 0.0 332.0 3786.0 18.0 135924.0
42 41 42 0.0 0.0 0.0 488.0 5816.0 33.0 131002.0
42 41 43 0.0 1.0 0.0 1075.0 13169.0 90.0 110491.0
42 41 44 0.0 0.0 0.0 2529.0 33174.0 332.0 64250.0
42 41 45 0.0 0.0 0.0 2589.0 33078.0 474.0 6756.0
42 41 46 0.0 0.0 0.0 132.0 2171.0 37.0 8.0
42 41 47 0.0 0.0 0.0 0.0 3.0 0.0 0.0
42 42 33 0.0 0.0 0.0 0.0 2.0 0.0 0.0
42 42 34 0.0 0.0 0.0 82.0 962.0 14.0 3.0
42 42 35 0.0 0.0 0.0 1725.0 24882.0 393.0 2821.0
42 42 36 0.0 0.0 1.0 2750.0 38563.0 389.0 50264.0
42 42 37 0.0 0.0 0.0 1444.0 17345.0 111.0 99969.0
42 42 38 0.0 0.0 1.0 680.0 8608.0 65.0 123593.0
42 42 39 0.0 0.0 0.0 454.0 6116.0 33.0 130685.0
42 42 40 0.0 0.0 0.0 400.0 5313.0 39.0 132207.0
42 42 41 0.0 2.0 0.0 470.0 5925.0 31.0 130472.0
42 42 42 0.0 0.0 0.0 661.0 8623.0 43.0 124513.0
42 42 43 0.0 0.0 0.0 1385.0 17764.0 131.0 99859.0
42 42 44 0.0 1.0 2.0 2935.0 39053.0 376.0 49436.0
42 42 45 0.0 0.0 0.0 2011.0 25098.0 377.0 2926.0
42 42 46 0.0 0.0 0.0 117.0 1003.0 15.0 3.0
42 43 34 0.0 0.0 0.0 23.0 475.0 14.0 0.0
42 43 35 0.0 0.0 0.0 1211.0 14140.0 219.0 702.0
42 43 36 0.0 0.0 0.0 3533.0 42433.0 496.0 26716.0
42 43 37 0.0 0.0 1.0 2386.0 27799.0 230.0 75664.0
42 43 38 0.0 0.0 0.0 1342.0 17951.0 129.0 99272.0
42 43 39 0.0 0.0 0.0 973.0 13675.0 93.0 108912.0
42 43 40 0.0 0.0 0.0 979.0 12756.0 85.0 111225.0
42 43 41 0.0 0.0 0.0 1076.0 13819.0 97.0 108846.0
42 43 42 0.0 0.0 0.0 1458.0 17760.0 147.0 99382.0
42 43 43 0.0 0.0 0.0 2227.0 26478.0 226.0 77523.0
42 43 44 0.0 2.0 0.0 4256.0 42396.0 509.0 25844.0
42 43 45 0.0 0.0 0.0 1085.0 14114.0 223.0 707.0
42 43 46 0.0 0.0 0.0 22.0 468.0 7.0 1.0
42 44 34 0.0 0.0 0.0 4.0 78.0 3.0 0.0
42 44 35 0.0 0.0 0.0 326.0 4409.0 88.0 43.0
42 44 36 0.0 0.0 0.0 2745.0 28784.0 448.0 4990.0
42 44 37 0.0 0.0 0.0 3533.0 43006.0 464.0 25182.0
42 44 38 0.0 0.0 0.0 2834.0 38796.0 402.0 49843.0
42 44 39 0.0 0.0 0.0 2243.0 34092.0 310.0 62353.0
42 44 40 0.0 1.0 2.0 2351.0 31896.0 284.0 67421.0
42 44 41 0.0 0.0 0.0 2683.0 33715.0 312.0 62110.0
42 44 42 0.0 0.0 0.0 3365.0 38644.0 359.0 49142.0
42 44 43 0.0 0.0 0.0 3576.0 42702.0 449.0 25540.0
42 44 44 0.0 0.0 0.0 2223.0 29424.0 427.0 4891.0
42 44 45 0.0 0.0 0.0 290.0 4018.0 80.0 41.0
42 44 46 0.0 0.0 0.0 17.0 77.0 1.0 0.0
42 45 34 0.0 0.0 0.0 1.0 3.0 0.0 0.0
42 45 35 0.0 0.0 0.0 57.0 590.0 8.0 1.0
42 45 36 0.0 0.0 0.0 305.0 4316.0 90.0 44.0
42 45 37 0.0 0.0 0.0 905.0 13803.0 234.0 637.0
42 45 38 0.0 0.0 0.0 1935.0 25021.0 380.0 2914.0
42 45 39 0.0 0.0 0.0 2132.0 32752.0 479.0 5748.0
42 45 40 0.0 0.0 0.0 2584.0 33644.0 462.0 6994.0
42 45 41 0.0 0.0 0.0 2890.0 32058.0 468.0 5899.0
42 45 42 0.0 0.0 0.0 1707.0 24938.0 385.0 2727.0
42 45 43 0.0 0.0 0.0 1373.0 13563.0 241.0 728.0
42 45 44 0.0 0.0 0.0 268.0 3767.0 53.0 40.0
42 45 45 0.0 0.0 0.0 39.0 500.0 9.0 0.0
42 45 46 0.0 0.0 0.0 0.0 4.0 0.0 0.0
42 46 35 0.0 0.0 0.0 0.0 8.0 0.0 0.0
42 46 36 0.0 0.0 0.0 3.0 54.0 3.0 0.0
42 46 37 0.0 0.0 0.0 16.0 341.0 4.0 0.0
42 46 38 0.0 0.0 0.0 70.0 951.0 17.0 2.0
42 46 39 0.0 0.0 0.0 134.0 1707.0 30.0 2.0
42 46 40 0.0 0.0 0.0 127.0 2004.0 33.0 6.0
42 46 41 0.0 0.0 0.0 156.0 1700.0 26.0 8.0
42 46 42 0.0 0.0 0.0 81.0 917.0 7.0 1.0
42 46 43 0.0 0.0 0.0 29.0 373.0 6.0 0.0
42 46 44 0.0 0.0 0.0 4.0 45.0 0.0 0.0
42 46 45 0.0 0.0 0.0 0.0 8.0 0.0 0.0
42 46 46 0.0 0.0 0.0 0.0 1.0 0.0 0.0
42 47 37 0.0 0.0 0.0 0.0 2.0 0.0 0.0
42 47 40 0.0 0.0 0.0 0.0 1.0 0.0 0.0
42 47 41 0.0 0.0 0.0 0.0 3.0 0.0 0.0
42 47 42 0.0 0.0 0.0 0.0 2.0 0.0 0.0
43 33 39 0.0 0.0 0.0 0.0 1.0 0.0 0.0
43 33 40 0.0 0.0 0.0 0.0 2.0 0.0 0.0
43 34 35 0.0 0.0 0.0 0.0 6.0 0.0 0.0
43 34 36 0.0 0.0 0.0 2.0 16.0 0.0 0.0
43 34 37 0.0 0.0 0.0 6.0 143.0 2.0 0.0
43 34 38 0.0 0.0 0.0 29.0 458.0 9.0 0.0
43 34 39 0.0 0.0 0.0 50.0 883.0 15.0 1.0
43 34 40 0.0 0.0 0.0 62.0 1004.0 19.0 3.0
43 34 41 0.0 0.0 0.0 62.0 898.0 21.0 1.0
43 34 42 0.0 0.0 0.0 30.0 592.0 17.0 1.0
43 34 43 0.0 0.0 0.0 11.0 239.0 5.0 0.0
43 34 44 0.0 0.0 0.0 3.0 36.0 0.0 0.0
43 34 45 0.0 0.0 0.0 0.0 4.0 0.0 0.0
43 35 35 0.0 0.0 0.0 22.0 180.0 2.0 0.0
43 35 36 0.0 0.0 0.0 154.0 1943.0 38.0 9.0
43 35 37 0.0 0.0 0.0 531.0 6950.0 105.0 173.0
43 35 38 0.0 0.0 0.0 1296.0 15272.0 247.0 898.0
43 35 39 0.0 0.0 0.0 1623.0 21619.0 337.0 2017.0
43 35 40 0.0 0.0 0.0 1958.0 24969.0 383.0 2864.0
43 35 41 0.0 0.0 0.0 1647.0 22831.0 325.0 2372.0
43 35 42 0.0 0.0 0.0 1138.0 17924.0 295.0 1210.0
43 35 43 0.0 0.0 0.0 654.0 9264.0 156.0 277.0
43 35 44 0.0 0.0 0.0 176.0 3276.0 48.0 24.0
43 35 45 0.0 0.0 0.0 10.0 411.0 8.0 0.0
43 35 46 0.0 0.0 0.0 0.0 2.0 0.0 0.0
43 36 34 0.0 0.0 0.0 2.0 32.0 0.0 0.0
43 36 35 0.0 0.0 0.0 183.0 1638.0 24.0 11.0
43 36 36 0.0 0.0 0.0 2867.0 16440.0 285.0 1394.0
43 36 37 0.0 0.0 0.0 3207.0 38124.0 519.0 11527.0
43 36 38 0.0 0.0 0.0 3760.0 42650.0 482.0 29568.0
43 36 39 0.0 0.0 0.0 2757.0 41420.0 428.0 42344.0
43 36 40 0.0 0.0 2.0 2943.0 38682.0 386.0 49574.0
43 36 41 0.0 0.0 1.0 2786.0 40625.0 389.0 44635.0
43 36 42 0.0 0.0 0.0 2748.0 43147.0 454.0 33300.0
43 36 43 0.0 0.0 0.0 3027.0 41392.0 520.0 17121.0
43 36 44 0.0 1.0 0.0 1462.0 25170.0 397.0 3117.0
43 36 45 0.0 0.0 0.0 171.0 3135.0 61.0 34.0
43 36 46 0.0 0.0 0.0 1.0 38.0 2.0 0.0
43 37 34 0.0 0.0 0.0 3.0 129.0 4.0 0.0
43 37 35 0.0 0.0 8.0 632.0 6831.0 99.0 135.0
43 37 36 0.0 0.0 0.0 2754.0 37670.0 523.0 10856.0
43 37 37 0.0 0.0 0.0 2512.0 37274.0 378.0 52548.0
43 37 38 0.0 0.0 0.0 2254.0 25663.0 225.0 80100.0
43 37 39 0.0 0.0 0.0 1524.0 20470.0 164.0 93178.0
43 37 40 0.0 0.0 0.0 1310.0 18573.0 136.0 97048.0
43 37 41 0.0 1.0 0.0 1516.0 19624.0 147.0 94658.0
43 37 42 0.0 0.0 0.0 1293.0 23612.0 204.0 86216.0
43 37 43 0.0 0.0 0.0 1510.0 33298.0 296.0 64814.0
43 37 44 0.0 0.0 0.0 2839.0 41510.0 469.0 17632.0
43 37 45 0.0 0.0 0.0 847.0 9489.0 138.0 303.0
43 37 46 0.0 0.0 0.0 11.0 211.0 2.0 1.0
43 38 34 0.0 0.0 0.0 23.0 374.0 7.0 1.0
43 38 35 0.0 0.0 0.0 844.0 13627.0 239.0 640.0
43 38 36 0.0 0.0 0.0 2655.0 43882.0 496.0 25543.0
43 38 37 0.0 0.0 0.0 1800.0 25546.0 208.0 81124.0
43 38 38 0.0 0.0 1.0 1394.0 16752.0 134.0 101255.0
43 38 39 0.0 1.0 0.0 957.0 12634.0 73.0 111026.0
43 38 40 0.0 0.0 0.0 914.0 11575.0 83.0 114093.0
43 38 41 0.0 1.0 0.0 821.0 12068.0 78.0 113461.0
43 38 42 0.0 0.0 0.0 931.0 15857.0 93.0 104693.0
43 38 43 0.0 1.0 2.0 1307.0 23978.0 204.0 85450.0
43 38 44 0.0 0.0 0.0 2392.0 43403.0 460.0 35201.0
43 38 45 0.0 0.0 0.0 915.0 18093.0 276.0 1252.0
43 38 46 0.0 1.0 0.0 19.0 532.0 8.0 0.0
43 39 34 0.0 0.0 0.0 42.0 604.0 13.0 0.0
43 39 35 0.0 0.0 0.0 1329.0 20183.0 310.0 1668.0
43 39 36 0.0 0.0 0.0 2961.0 41916.0 447.0 38561.0
43 39 37 0.0 0.0 0.0 1524.0 21003.0 175.0 91964.0
43 39 38 0.0 0.0 0.0 986.0 13365.0 86.0 109490.0
43 39 39 0.0 0.0 0.0 765.0 9554.0 64.0 118002.0
43 39 40 0.0 1.0 0.0 673.0 9030.0 70.0 119396.0
43 39 41 0.0 1.0 1.0 615.0 9769.0 64.0 118353.0
43 39 42 0.0 0.0 0.0 799.0 12378.0 94.0 112646.0
43 39 43 0.0 0.0 0.0 1427.0 19877.0 153.0 94308.0
43 39 44 0.0 0.0 0.0 2603.0 39900.0 400.0 46121.0
43 39 45 0.0 5.0 0.0 1487.0 24282.0 344.0 2522.0
43 39 46 0.0 0.0 0.0 44.0 995.0 18.0 1.0
43 40 34 0.0 0.0 0.0 64.0 794.0 20.0 1.0
43 40 35 0.0 0.0 5.0 1629.0 23856.0 395.0 2444.0
43 40 36 0.0 0.0 0.0 2511.0 41195.0 430.0 43587.0
43 40 37 0.0 0.0 0.0 1204.0 20493.0 155.0 94123.0
43 40 38 0.0 1.0 0.0 883.0 12484.0 75.0 111748.0
43 40 39 0.0 0.0 0.0 650.0 9415.0 59.0 117970.0
43 40 40 0.0 0.0 0.0 544.0 8408.0 58.0 120635.0
43 40 41 0.0 0.0 0.0 702.0 9085.0 65.0 119782.0
43 40 42 0.0 0.0 1.0 841.0 12029.0 91.0 113390.0
43 40 43 0.0 0.0 2.0 1239.0 19495.0 149.0 96245.0
43 40 44 0.0 0.0 0.0 3095.0 38969.0 372.0 47555.0
43 40 45 0.0 0.0 0.0 1505.0 25926.0 396.0 3059.0
43 40 46 0.0 0.0 0.0 70.0 1030.0 14.0 1.0
43 41 33 0.0 0.0 0.0 0.0 1.0 0.0 0.0
43 41 34 0.0 0.0 0.0 58.0 728.0 20.0 2.0
43 41 35 0.0 0.0 0.0 1230.0 20785.0 333.0 1774.0
43 41 36 0.0 0.0 1.0 2877.0 42734.0 497.0 37544.0
43 41 37 0.0 0.0 0.0 1429.0 22465.0 179.0 89615.0
43 41 38 0.0 0.0 0.0 953.0 13695.0 101.0 108995.0
43 41 39 0.0 0.0 0.0 729.0 10455.0 81.0 116186.0
43 41 40 0.0 0.0 1.0 683.0 9350.0 70.0 118850.0
43 41 41 0.0 0.0 1.0 739.0 10046.0 76.0 117036.0
43 41 42 0.0 0.0 0.0 1012.0 13500.0 86.0 110012.0
43 41 43 0.0 0.0 0.0 1427.0 21021.0 155.0 91682.0
43 41 44 0.0 0.0 0.0 3179.0 41149.0 408.0 40569.0
43 41 45 0.0 0.0 0.0 1982.0 21309.0 353.0 1874.0
43 41 46 0.0 0.0 0.0 45.0 755.0 11.0 2.0
43 41 47 0.0 0.0 0.0 1.0 1.0 0.0 0.0
43 42 33 0.0 0.0 0.0 0.0 2.0 0.0 0.0
43 42 34 0.0 0.0 0.0 26.0 374.0 6.0 0.0
43 42 35 0.0 0.0 0.0 877.0 13500.0 208.0 634.0
43 42 36 0.0 0.0 0.0 2987.0 43665.0 530.0 24661.0
43 42 37 0.0 0.0 0.0 1788.0 27305.0 234.0 77696.0
43 42 38 0.0 0.0 0.0 1200.0 17778.0 100.0 99889.0
43 42 39 0.0 0.0 0.0 860.0 13839.0 101.0 108955.0
43 42 40 0.0 1.0 0.0 877.0 12363.0 89.0 112057.0
43 42 41 0.0 0.0 0.0 1096.0 13688.0 81.0 109179.0
43 42 42 0.0 0.0 0.0 1390.0 17127.0 136.0 100851.0
43 42 43 0.0 0.0 0.0 2268.0 27348.0 247.0 77231.0
43 42 44 0.0 1.0 0.0 3008.0 43223.0 504.0 28153.0
43 42 45 0.0 0.0 0.0 934.0 14710.0 269.0 739.0
43 42 46 0.0 0.0 0.0 33.0 403.0 9.0 0.0
43 42 47 0.0 0.0 0.0 1.0 0.0 0.0 0.0
43 43 34 0.0 0.0 0.0 3.0 107.0 4.0 0.0
43 43 35 0.0 0.0 0.0 503.0 6648.0 113.0 113.0
43 43 36 0.0 0.0 0.0 3012.0 36718.0 497.0 10066.0
43 43 37 0.0 0.0 1.0 2609.0 38722.0 385.0 48628.0
43 43 38 0.0 0.0 1.0 1696.0 28201.0 249.0 76276.0
43 43 39 0.0 0.0 0.0 1177.0 22404.0 149.0 89480.0
43 43 40 0.0 0.0 0.0 1527.0 19561.0 165.0 94897.0
43 43 41 0.0 0.0 0.0 1632.0 21473.0 196.0 90574.0
43 43 42 0.0 1.0 1.0 2281.0 27400.0 213.0 77005.0
43 43 43 0.0 1.0 0.0 2507.0 38520.0 397.0 49963.0
43 43 44 0.0 0.0 0.0 2457.0 36244.0 502.0 9143.0
43 43 45 0.0 0.0 0.0 418.0 6807.0 125.0 171.0
43 43 46 0.0 0.0 0.0 18.0 129.0 2.0 0.0
43 44 34 0.0 0.0 0.0 5.0 16.0 2.0 0.0
43 44 35 0.0 0.0 0.0 131.0 1672.0 35.0 3.0
43 44 36 0.0 0.0 0.0 1185.0 15873.0 251.0 957.0
43 44 37 0.0 0.0 0.0 2655.0 36452.0 453.0 9592.0
43 44 38 0.0 0.0 0.0 2705.0 44296.0 531.0 25508.0
43 44 39 0.0 1.0 0.0 3058.0 41735.0 446.0 38918.0
43 44 40 0.0 0.0 0.0 2992.0 40973.0 437.0 42182.0
43 44 41 0.0 0.0 0.0 3091.0 42049.0 462.0 38573.0
43 44 42 0.0 0.0 0.0 3013.0 43375.0 505.0 25315.0
43 44 43 0.0 0.0 0.0 2606.0 37183.0 507.0 10577.0
43 44 44 0.0 0.0 0.0 1117.0 16012.0 267.0 1012.0
43 44 45 0.0 0.0 0.0 200.0 1613.0 34.0 3.0
43 44 46 0.0 0.0 0.0 1.0 29.0 1.0 0.0
43 45 35 0.0 0.0 0.0 9.0 178.0 3.0 0.0
43 45 36 0.0 0.0 0.0 154.0 1750.0 39.0 13.0
43 45 37 0.0 0.0 0.0 560.0 6717.0 137.0 141.0
43 45 38 0.0 0.0 0.0 1124.0 13522.0 209.0 664.0
43 45 39 0.0 0.0 0.0 1384.0 20019.0 322.0 1645.0
43 45 40 0.0 0.0 0.0 1563.0 22172.0 349.0 2144.0
43 45 41 0.0 0.0 0.0 1430.0 20286.0 324.0 1649.0
43 45 42 0.0 0.0 0.0 1147.0 13272.0 205.0 636.0
43 45 43 0.0 0.0 0.0 454.0 6280.0 94.0 131.0
43 45 44 0.0 0.0 0.0 135.0 1686.0 22.0 12.0
43 45 45 0.0 0.0 0.0 13.0 187.0 0.0 0.0
43 45 46 0.0 0.0 0.0 0.0 1.0 0.0 0.0
43 46 35 0.0 0.0 0.0 2.0 1.0 0.0 0.0
43 46 36 0.0 0.0 0.0 1.0 4.0 0.0 0.0
43 46 37 0.0 0.0 0.0 3.0 168.0 1.0 0.0
43 46 38 0.0 0.0 0.0 42.0 382.0 5.0 0.0
43 46 39 0.0 0.0 0.0 44.0 664.0 14.0 1.0
43 46 40 0.0 0.0 0.0 67.0 701.0 18.0 1.0
43 46 41 0.0 0.0 0.0 51.0 583.0 8.0 0.0
43 46 42 0.0 0.0 0.0 22.0 384.0 4.0 0.0
43 46 43 0.0 0.0 0.0 5.0 111.0 2.0 0.0
43 46 44 0.0 0.0 0.0 4.0 15.0 0.0 0.0
43 47 37 0.0 0.0 0.0 0.0 2.0 0.0 0.0
43 47 39 0.0 0.0 0.0 0.0 2.0 0.0 0.0
43 47 41 0.0 0.0 0.0 0.0 1.0 0.0 0.0
44 34 35 0.0 0.0 0.0 0.0 1.0 0.0 0.0
44 34 36 0.0 0.0 0.0 1.0 8.0 0.0 0.0
44 34 37 0.0 0.0 0.0 2.0 33.0 0.0 0.0
44 34 38 0.0 0.0 0.0 2.0 77.0 1.0 0.0
44 34 39 0.0 0.0 0.0 10.0 187.0 5.0 0.0
44 34 40 0.0 0.0 0.0 11.0 189.0 6.0 0.0
44 34 41 0.0 0.0 0.0 19.0 159.0 4.0 0.0
44 34 42 0.0 0.0 0.0 4.0 139.0 5.0 0.0
44 34 43 0.0 0.0 0.0 3.0 48.0 2.0 0.0
44 34 44 0.0 0.0 0.0 0.0 17.0 0.0 0.0
44 34 45 0.0 0.0 0.0 0.0 2.0 0.0 0.0
44 35 34 0.0 0.0 0.0 0.0 1.0 0.0 0.0
44 35 35 0.0 0.0 0.0 7.0 35.0 0.0 0.0
44 35 36 0.0 0.0 0.0 37.0 531.0 8.0 0.0
44 35 37 0.0 0.0 0.0 170.0 2119.0 36.0 9.0
44 35 38 0.0 0.0 0.0 413.0 5351.0 77.0 90.0
44 35 39 0.0 0.0 0.0 545.0 9204.0 154.0 257.0
44 35 40 0.0 0.0 0.0 795.0 10190.0 161.0 370.0
44 35 41 0.0 0.0 0.0 748.0 8613.0 155.0 232.0
44 35 42 0.0 0.0 0.0 374.0 5819.0 100.0 110.0
44 35 43 0.0 0.0 0.0 184.0 2848.0 61.0 17.0
44 35 44 0.0 0.0 0.0 43.0 977.0 14.0 2.0
44 35 45 0.0 0.0 0.0 10.0 84.0 1.0 0.0
44 36 34 0.0 0.0 0.0 0.0 6.0 0.0 0.0
44 36 35 0.0 0.0 0.0 42.0 427.0 9.0 0.0
44 36 36 0.0 0.0 0.0 310.0 5261.0 91.0 84.0
44 36 37 0.0 0.0 0.0 1515.0 18641.0 311.0 1471.0
44 36 38 0.0 0.0 0.0 2602.0 31489.0 475.0 6055.0
44 36 39 0.0 0.0 0.0 3362.0 38643.0 488.0 13018.0
44 36 40 0.0 0.0 3.0 2724.0 40606.0 488.0 15566.0
44 36 41 0.0 0.0 1.0 2821.0 40188.0 474.0 14217.0
44 36 42 0.0 0.0 0.0 2542.0 34823.0 481.0 8166.0
44 36 43 0.0 0.0 0.0 1118.0 22969.0 350.0 2289.0
44 36 44 0.0 0.0 0.0 507.0 9579.0 176.0 326.0
44 36 45 0.0 0.0 0.0 22.0 991.0 17.0 1.0
44 36 46 0.0 0.0 0.0 0.0 8.0 0.0 0.0
44 37 34 0.0 0.0 0.0 2.0 20.0 0.0 0.0
44 37 35 0.0 0.0 0.0 100.0 2041.0 32.0 17.0
44 37 36 0.0 0.0 0.0 1320.0 18227.0 297.0 1386.0
44 37 37 0.0 0.0 0.0 2814.0 38271.0 511.0 11664.0
44 37 38 0.0 3.0 0.0 3396.0 42646.0 485.0 29658.0
44 37 39 0.0 2.0 0.0 3007.0 40788.0 397.0 43847.0
44 37 40 0.0 0.0 0.0 3133.0 38367.0 364.0 49915.0
44 37 41 0.0 0.0 0.0 3185.0 39337.0 410.0 47300.0
44 37 42 0.0 0.0 4.0 2661.0 43001.0 464.0 34789.0
44 37 43 0.0 0.0 0.0 2064.0 42080.0 515.0 17396.0
44 37 44 0.0 0.0 0.0 1358.0 24005.0 381.0 2700.0
44 37 45 0.0 0.0 0.0 254.0 3506.0 63.0 33.0
44 37 46 0.0 0.0 0.0 0.0 47.0 0.0 0.0
44 38 34 0.0 0.0 0.0 3.0 62.0 0.0 0.0
44 38 35 0.0 0.0 0.0 349.0 4273.0 63.0 43.0
44 38 36 0.0 0.0 0.0 2172.0 31311.0 456.0 5863.0
44 38 37 0.0 0.0 0.0 3280.0 43130.0 504.0 28729.0
44 38 38 0.0 0.0 0.0 2712.0 38308.0 380.0 51928.0
44 38 39 0.0 0.0 0.0 2356.0 31580.0 285.0 67213.0
44 38 40 0.0 3.0 5.0 2071.0 29281.0 237.0 72713.0
44 38 41 0.0 0.0 0.0 2300.0 30840.0 275.0 69364.0
44 38 42 0.0 0.0 0.0 2221.0 36586.0 338.0 57737.0
44 38 43 0.0 0.0 0.0 2395.0 43113.0 457.0 35818.0
44 38 44 0.0 0.0 0.0 1754.0 36290.0 532.0 8528.0
44 38 45 0.0 0.0 0.0 234.0 6519.0 107.0 153.0
44 38 46 0.0 0.0 0.0 17.0 109.0 3.0 1.0
44 39 34 0.0 0.0 0.0 9.0 149.0 2.0 0.0
44 39 35 0.0 0.0 0.0 481.0 6626.0 110.0 132.0
44 39 36 0.0 0.0 0.0 2324.0 38775.0 544.0 11327.0
44 39 37 0.0 0.0 0.0 2883.0 41176.0 446.0 40568.0
44 39 38 0.0 0.0 0.0 2225.0 33076.0 287.0 65078.0
44 39 39 0.0 0.0 0.0 2006.0 26841.0 207.0 77741.0
44 39 40 0.0 0.0 0.0 1743.0 24779.0 210.0 82031.0
44 39 41 0.0 0.0 3.0 1726.0 26633.0 252.0 78293.0
44 39 42 0.0 3.0 1.0 1937.0 31232.0 270.0 68957.0
44 39 43 0.0 0.0 0.0 2243.0 40493.0 384.0 46576.0
44 39 44 0.0 0.0 0.0 2360.0 40635.0 515.0 14143.0
44 39 45 0.0 0.0 0.0 675.0 9748.0 158.0 295.0
44 39 46 0.0 0.0 0.0 22.0 201.0 3.0 0.0
44 40 34 0.0 0.0 0.0 9.0 141.0 1.0 0.0
44 40 35 0.0 0.0 0.0 469.0 8092.0 128.0 231.0
44 40 36 0.0 0.0 0.0 2304.0 39164.0 518.0 11951.0
44 40 37 0.0 0.0 0.0 2298.0 41448.0 416.0 42906.0
44 40 38 0.0 0.0 0.0 2376.0 30933.0 263.0 69616.0
44 40 39 0.0 0.0 0.0 1663.0 25861.0 219.0 80796.0
44 40 40 0.0 1.0 0.0 1551.0 23496.0 191.0 84935.0
44 40 41 0.0 0.0 2.0 1632.0 25081.0 204.0 81663.0
44 40 42 0.0 0.0 0.0 2102.0 30295.0 283.0 70164.0
44 40 43 0.0 0.0 1.0 3244.0 39095.0 398.0 47640.0
44 40 44 0.0 0.0 0.0 2890.0 40634.0 516.0 15280.0
44 40 45 0.0 0.0 0.0 701.0 9755.0 153.0 331.0
44 40 46 0.0 0.0 0.0 11.0 238.0 3.0 0.0
44 41 34 0.0 0.0 0.0 9.0 136.0 5.0 0.0
44 41 35 0.0 0.0 0.0 382.0 6685.0 127.0 132.0
44 41 36 0.0 0.0 0.0 1732.0 38365.0 500.0 10264.0
44 41 37 0.0 0.0 0.0 2429.0 42181.0 381.0 40380.0
44 41 38 0.0 0.0 0.0 2139.0 34192.0 334.0 63257.0
44 41 39 0.0 0.0 0.0 1702.0 27947.0 251.0 76145.0
44 41 40 0.0 0.0 0.0 1712.0 25546.0 191.0 81195.0
44 41 41 0.0 0.0 0.0 1884.0 26699.0 235.0 78093.0
44 41 42 0.0 0.0 0.0 2308.0 32383.0 309.0 66336.0
44 41 43 0.0 1.0 0.0 2747.0 41610.0 432.0 41105.0
44 41 44 0.0 0.0 0.0 2246.0 38557.0 503.0 10976.0
44 41 45 0.0 0.0 0.0 518.0 7972.0 146.0 179.0
44 41 46 0.0 0.0 0.0 11.0 160.0 3.0 0.0
44 42 34 0.0 0.0 0.0 8.0 69.0 1.0 0.0
44 42 35 0.0 0.0 0.0 257.0 4086.0 68.0 50.0
44 42 36 0.0 0.0 0.0 1360.0 29343.0 407.0 4494.0
44 42 37 0.0 0.0 0.0 2475.0 43701.0 489.0 25516.0
44 42 38 0.0 0.0 0.0 2397.0 39487.0 409.0 49713.0
44 42 39 0.0 0.0 0.0 1996.0 34187.0 318.0 62739.0
44 42 40 0.0 0.0 0.0 2212.0 31674.0 271.0 67930.0
44 42 41 0.0 0.0 0.0 2143.0 33200.0 299.0 64634.0
44 42 42 0.0 1.0 0.0 2662.0 37980.0 367.0 52062.0
44 42 43 0.0 1.0 0.0 3111.0 43727.0 522.0 25521.0
44 42 44 0.0 0.0 0.0 2379.0 29882.0 456.0 5167.0
44 42 45 0.0 0.0 0.0 248.0 4721.0 83.0 61.0
44 42 46 0.0 0.0 0.0 2.0 52.0 2.0 0.0
44 43 34 0.0 0.0 0.0 3.0 12.0 2.0 0.0
44 43 35 0.0 0.0 0.0 114.0 1533.0 30.0 6.0
44 43 36 0.0 0.0 0.0 965.0 16604.0 245.0 1138.0
44 43 37 0.0 0.0 0.0 2342.0 36337.0 500.0 9311.0
44 43 38 0.0 0.0 0.0 2164.0 44138.0 481.0 26974.0
44 43 39 0.0 0.0 0.0 2458.0 42562.0 437.0 39208.0
44 43 40 0.0 0.0 0.0 2578.0 41435.0 419.0 42735.0
44 43 41 0.0 0.0 0.0 3325.0 40401.0 447.0 41561.0
44 43 42 0.0 0.0 0.0 3600.0 42760.0 491.0 28521.0
44 43 43 0.0 0.0 0.0 2461.0 37101.0 447.0 10029.0
44 43 44 0.0 0.0 0.0 909.0 18010.0 291.0 1284.0
44 43 45 0.0 0.0 0.0 91.0 1978.0 33.0 12.0
44 43 46 0.0 0.0 0.0 0.0 32.0 0.0 0.0
44 44 34 0.0 0.0 0.0 0.0 4.0 0.0 0.0
44 44 35 0.0 0.0 0.0 19.0 360.0 11.0 0.0
44 44 36 0.0 0.0 0.0 294.0 4557.0 81.0 57.0
44 44 37 0.0 0.0 0.0 826.0 16490.0 280.0 1042.0
44 44 38 0.0 0.0 0.0 1700.0 28967.0 454.0 4390.0
44 44 39 0.0 0.0 0.0 1870.0 37567.0 511.0 9766.0
44 44 40 0.0 0.0 0.0 2487.0 40008.0 502.0 13332.0
44 44 41 0.0 1.0 0.0 2570.0 38069.0 505.0 10807.0
44 44 42 0.0 0.0 0.0 2341.0 28656.0 432.0 4728.0
44 44 43 0.0 0.0 0.0 1124.0 15452.0 249.0 930.0
44 44 44 0.0 0.0 0.0 323.0 5264.0 95.0 106.0
44 44 45 0.0 0.0 0.0 12.0 373.0 7.0 0.0
44 44 46 0.0 0.0 0.0 0.0 4.0 0.0 0.0
44 45 34 0.0 0.0 0.0 0.0 4.0 0.0 0.0
44 45 35 0.0 0.0 0.0 0.0 37.0 1.0 0.0
44 45 36 0.0 0.0 0.0 21.0 371.0 4.0 1.0
44 45 37 0.0 0.0 0.0 96.0 1794.0 33.0 8.0
44 45 38 0.0 0.0 0.0 299.0 4226.0 80.0 47.0
44 45 39 0.0 0.0 0.0 343.0 6839.0 110.0 149.0
44 45 40 0.0 0.0 0.0 435.0 8299.0 150.0 199.0
44 45 41 0.0 0.0 0.0 504.0 6484.0 90.0 116.0
44 45 42 0.0 0.0 0.0 301.0 4512.0 65.0 60.0
44 45 43 0.0 0.0 0.0 81.0 1694.0 33.0 5.0
44 45 44 0.0 0.0 0.0 28.0 422.0 8.0 1.0
44 45 45 0.0 0.0 0.0 9.0 37.0 0.0 0.0
44 46 36 0.0 0.0 0.0 0.0 5.0 0.0 0.0
44 46 37 0.0 0.0 0.0 1.0 32.0 0.0 0.0
44 46 38 0.0 0.0 0.0 5.0 101.0 4.0 0.0
44 46 39 0.0 0.0 0.0 7.0 128.0 2.0 0.0
44 46 40 0.0 0.0 0.0 20.0 138.0 3.0 0.0
44 46 41 0.0 0.0 0.0 12.0 142.0 2.0 0.0
44 46 42 0.0 0.0 0.0 1.0 86.0 0.0 0.0
44 46 43 0.0 0.0 0.0 2.0 24.0 1.0 0.0
44 46 44 0.0 0.0 0.0 1.0 8.0 0.0 0.0
45 34 37 0.0 0.0 0.0 0.0 3.0 0.0 0.0
45 34 38 0.0 0.0 0.0 0.0 3.0 0.0 0.0
45 34 39 0.0 0.0 0.0 0.0 8.0 0.0 0.0
45 34 40 0.0 0.0 0.0 1.0 37.0 2.0 0.0
45 34 41 0.0 0.0 0.0 1.0 13.0 0.0 0.0
45 34 42 0.0 0.0 0.0 1.0 2.0 0.0 0.0
45 34 43 0.0 0.0 0.0 1.0 2.0 0.0 0.0
45 35 35 0.0 0.0 0.0 0.0 1.0 0.0 0.0
45 35 36 0.0 0.0 0.0 2.0 44.0 0.0 0.0
45 35 37 0.0 0.0 0.0 21.0 231.0 2.0 0.0
45 35 38 0.0 0.0 0.0 97.0 745.0 20.0 2.0
45 35 39 0.0 0.0 0.0 111.0 1237.0 26.0 3.0
45 35 40 0.0 0.0 0.0 146.0 1728.0 30.0 9.0
45 35 41 0.0 0.0 0.0 71.0 1562.0 28.0 5.0
45 35 42 0.0 0.0 0.0 38.0 918.0 17.0 0.0
45 35 43 0.0 0.0 0.0 11.0 376.0 4.0 0.0
45 35 44 0.0 0.0 0.0 8.0 99.0 3.0 0.0
45 35 45 0.0 0.0 0.0 0.0 13.0 0.0 0.0
45 36 35 0.0 0.0 0.0 1.0 61.0 1.0 0.0
45 36 36 0.0 0.0 0.0 48.0 548.0 4.0 0.0
45 36 37 0.0 0.0 0.0 177.0 2017.0 36.0 10.0
45 36 38 0.0 0.0 0.0 421.0 5353.0 95.0 95.0
45 36 39 0.0 0.0 0.0 631.0 9201.0 164.0 276.0
45 36 40 0.0 0.0 0.0 783.0 10372.0 183.0 350.0
45 36 41 0.0 0.0 3.0 703.0 9993.0 151.0 349.0
45 36 42 0.0 0.0 0.0 485.0 6297.0 119.0 122.0
45 36 43 0.0 0.0 0.0 211.0 3002.0 57.0 41.0
45 36 44 0.0 0.0 0.0 31.0 823.0 16.0 0.0
45 36 45 0.0 0.0 0.0 5.0 102.0 2.0 0.0
45 37 34 0.0 0.0 0.0 0.0 1.0 0.0 0.0
45 37 35 0.0 0.0 0.0 13.0 250.0 5.0 0.0
45 37 36 0.0 0.0 0.0 158.0 2226.0 41.0 12.0
45 37 37 0.0 0.0 0.0 655.0 7421.0 127.0 179.0
45 37 38 0.0 0.0 0.0 1050.0 15532.0 238.0 932.0
45 37 39 0.0 0.0 0.0 1592.0 23678.0 346.0 2509.0
45 37 40 0.0 0.0 1.0 1936.0 26946.0 414.0 3449.0
45 37 41 0.0 1.0 0.0 1606.0 24289.0 353.0 2578.0
45 37 42 0.0 0.0 0.0 1206.0 17318.0 269.0 1154.0
45 37 43 0.0 0.0 0.0 760.0 10097.0 159.0 327.0
45 37 44 0.0 0.0 0.0 116.0 3204.0 42.0 28.0
45 37 45 0.0 0.0 0.0 34.0 392.0 6.0 1.0
45 37 46 0.0 0.0 0.0 0.0 4.0 0.0 0.0
45 38 34 0.0 0.0 0.0 0.0 2.0 0.0 0.0
45 38 35 0.0 0.0 0.0 50.0 656.0 10.0 0.0
45 38 36 0.0 0.0 0.0 416.0 5030.0 95.0 72.0
45 38 37 0.0 0.0 0.0 1108.0 15362.0 265.0 910.0
45 38 38 0.0 0.0 0.0 1893.0 27581.0 408.0 3574.0
45 38 39 0.0 1.0 0.0 2590.0 35040.0 481.0 7812.0
45 38 40 0.0 0.0 1.0 2329.0 38031.0 478.0 10008.0
45 38 41 0.0 0.0 0.0 2296.0 35465.0 489.0 8258.0
45 38 42 0.0 2.0 1.0 2270.0 29663.0 421.0 4668.0
45 38 43 0.0 0.0 0.0 939.0 17847.0 259.0 1201.0
45 38 44 0.0 0.0 0.0 305.0 6165.0 122.0 101.0
45 38 45 0.0 0.0 0.0 37.0 790.0 16.0 1.0
45 38 46 0.0 0.0 0.0 0.0 9.0 0.0 0.0
45 39 34 0.0 0.0 0.0 0.0 10.0 0.0 0.0
45 39 35 0.0 0.0 0.0 99.0 1073.0 24.0 3.0
45 39 36 0.0 0.0 0.0 544.0 7681.0 140.0 196.0
45 39 37 0.0 0.0 0.0 1327.0 21283.0 331.0 1837.0
45 39 38 0.0 0.0 0.0 2277.0 34493.0 488.0 7013.0
45 39 39 0.0 0.0 0.0 2804.0 39990.0 537.0 13041.0
45 39 40 0.0 0.0 0.0 2720.0 42077.0 511.0 16143.0
45 39 41 0.0 0.0 0.0 2692.0 41273.0 533.0 14381.0
45 39 42 0.0 0.0 2.0 2415.0 36481.0 489.0 8570.0
45 39 43 0.0 0.0 0.0 1429.0 24406.0 373.0 2629.0
45 39 44 0.0 0.0 0.0 598.0 9535.0 163.0 308.0
45 39 45 0.0 0.0 0.0 135.0 1482.0 41.0 6.0
45 39 46 0.0 0.0 0.0 1.0 31.0 1.0 0.0
45 40 34 0.0 0.0 0.0 1.0 5.0 0.0 0.0
45 40 35 0.0 0.0 0.0 51.0 1342.0 20.0 3.0
45 40 36 0.0 0.0 0.0 618.0 8654.0 144.0 244.0
45 40 37 0.0 0.0 0.0 1606.0 23030.0 357.0 2298.0
45 40 38 0.0 0.0 0.0 2591.0 35691.0 496.0 8321.0
45 40 39 0.0 1.0 0.0 2969.0 41146.0 555.0 15306.0
45 40 40 0.0 1.0 0.0 2631.0 43036.0 515.0 18538.0
45 40 41 0.0 2.0 0.0 2799.0 42515.0 559.0 16368.0
45 40 42 0.0 0.0 0.0 2613.0 37535.0 485.0 9609.0
45 40 43 0.0 0.0 0.0 1560.0 25587.0 388.0 2955.0
45 40 44 0.0 0.0 0.0 768.0 9638.0 160.0 309.0
45 40 45 0.0 0.0 0.0 118.0 1654.0 28.0 7.0
45 40 46 0.0 0.0 0.0 1.0 21.0 0.0 0.0
45 41 34 0.0 0.0 0.0 1.0 7.0 0.0 0.0
45 41 35 0.0 0.0 0.0 25.0 966.0 11.0 3.0
45 41 36 0.0 0.0 0.0 422.0 7320.0 135.0 174.0
45 41 37 0.0 0.0 0.0 1330.0 20420.0 310.0 1752.0
45 41 38 0.0 0.0 0.0 1929.0 33930.0 480.0 6597.0
45 41 39 0.0 0.0 0.0 2307.0 39939.0 526.0 12836.0
45 41 40 0.0 0.0 0.0 2601.0 41688.0 528.0 14884.0
45 41 41 0.0 1.0 0.0 2340.0 41125.0 531.0 13864.0
45 41 42 0.0 0.0 0.0 1942.0 35770.0 496.0 7586.0
45 41 43 0.0 0.0 1.0 1407.0 21404.0 334.0 1977.0
45 41 44 0.0 0.0 0.0 520.0 7303.0 97.0 167.0
45 41 45 0.0 0.0 0.0 89.0 1131.0 21.0 2.0
45 41 46 0.0 0.0 0.0 1.0 25.0 1.0 0.0
45 42 34 0.0 0.0 0.0 0.0 9.0 0.0 0.0
45 42 35 0.0 0.0 0.0 20.0 532.0 8.0 0.0
45 42 36 0.0 0.0 0.0 197.0 4446.0 75.0 57.0
45 42 37 0.0 0.0 0.0 882.0 14532.0 197.0 762.0
45 42 38 0.0 0.0 0.0 1412.0 25764.0 415.0 2931.0
45 42 39 0.0 0.0 0.0 1732.0 34126.0 449.0 6514.0
45 42 40 0.0 0.0 0.0 2403.0 35398.0 509.0 7800.0
45 42 41 0.0 0.0 0.0 2575.0 35225.0 506.0 7574.0
45 42 42 0.0 0.0 0.0 2294.0 27703.0 406.0 3859.0
45 42 43 0.0 0.0 0.0 926.0 15157.0 242.0 830.0
45 42 44 0.0 0.0 0.0 241.0 4865.0 84.0 68.0
45 42 45 0.0 0.0 0.0 55.0 552.0 9.0 1.0
45 42 46 0.0 0.0 0.0 0.0 5.0 0.0 0.0
45 43 35 0.0 0.0 0.0 6.0 240.0 3.0 0.0
45 43 36 0.0 0.0 0.0 77.0 1706.0 24.0 13.0
45 43 37 0.0 0.0 0.0 358.0 6744.0 121.0 138.0
45 43 38 0.0 0.0 0.0 694.0 14271.0 219.0 698.0
45 43 39 0.0 0.0 0.0 1209.0 19797.0 305.0 1516.0
45 43 40 0.0 0.0 0.0 1542.0 22991.0 370.0 2359.0
45 43 41 0.0 0.0 0.0 1269.0 21809.0 342.0 1931.0
45 43 42 0.0 0.0 0.0 1102.0 14773.0 257.0 761.0
45 43 43 0.0 0.0 0.0 419.0 6563.0 112.0 117.0
45 43 44 0.0 0.0 0.0 116.0 1857.0 27.0 9.0
45 43 45 0.0 0.0 0.0 31.0 193.0 1.0 0.0
45 43 46 0.0 0.0 0.0 0.0 14.0 0.0 0.0
45 44 35 0.0 0.0 0.0 6.0 34.0 2.0 0.0
45 44 36 0.0 0.0 0.0 22.0 372.0 7.0 0.0
45 44 37 0.0 0.0 0.0 141.0 1757.0 25.0 10.0
45 44 38 0.0 0.0 0.0 250.0 4252.0 65.0 61.0
45 44 39 0.0 0.0 0.0 298.0 7152.0 113.0 154.0
45 44 40 0.0 0.0 0.0 546.0 8775.0 139.0 264.0
45 44 41 0.0 0.0 0.0 578.0 7468.0 111.0 167.0
45 44 42 0.0 0.0 0.0 326.0 4582.0 76.0 62.0
45 44 43 0.0 0.0 0.0 186.0 1765.0 38.0 12.0
45 44 44 0.0 0.0 0.0 20.0 438.0 12.0 1.0
45 44 45 0.0 0.0 0.0 1.0 43.0 2.0 0.0
45 45 36 0.0 0.0 0.0 4.0 31.0 1.0 0.0
45 45 37 0.0 0.0 0.0 7.0 263.0 4.0 0.0
45 45 38 0.0 0.0 0.0 36.0 521.0 10.0 0.0
45 45 39 0.0 0.0 0.0 45.0 1029.0 18.0 2.0
45 45 40 0.0 0.0 0.0 71.0 1214.0 14.0 2.0
45 45 41 0.0 0.0 0.0 64.0 1052.0 22.0 1.0
45 45 42 0.0 0.0 0.0 56.0 499.0 6.0 0.0
45 45 43 0.0 0.0 0.0 7.0 147.0 3.0 0.0
45 45 44 0.0 0.0 0.0 1.0 28.0 1.0 0.0
45 45 45 0.0 0.0 0.0 0.0 1.0 0.0 0.0
45 46 38 0.0 0.0 0.0 0.0 4.0 0.0 0.0
45 46 39 0.0 0.0 0.0 3.0 6.0 1.0 0.0
45 46 40 0.0 0.0 0.0 2.0 17.0 0.0 0.0
45 46 41 0.0 0.0 0.0 0.0 10.0 0.0 0.0
45 46 42 0.0 0.0 0.0 1.0 3.0 0.0 0.0
45 46 43 0.0 0.0 0.0 0.0 2.0 0.0 0.0
46 34 42 0.0 0.0 0.0 1.0 0.0 0.0 0.0
46 35 37 0.0 0.0 0.0 0.0 1.0 0.0 0.0
46 35 38 0.0 0.0 0.0 0.0 4.0 0.0 0.0
46 35 39 0.0 0.0 0.0 1.0 6.0 0.0 0.0
46 35 40 0.0 0.0 0.0 0.0 17.0 0.0 0.0
46 35 41 0.0 0.0 0.0 4.0 36.0 2.0 0.0
46 35 42 0.0 0.0 0.0 1.0 15.0 0.0 0.0
46 35 43 0.0 0.0 0.0 0.0 2.0 0.0 0.0
46 36 35 0.0 0.0 0.0 0.0 1.0 0.0 0.0
46 36 36 0.0 0.0 0.0 0.0 5.0 0.0 0.0
46 36 37 0.0 0.0 0.0 1.0 35.0 0.0 0.0
46 36 38 0.0 0.0 0.0 5.0 78.0 1.0 0.0
46 36 39 0.0 0.0 0.0 24.0 257.0 4.0 0.0
46 36 40 0.0 0.0 0.0 6.0 336.0 9.0 0.0
46 36 41 0.0 0.0 0.0 19.0 264.0 4.0 0.0
46 36 42 0.0 0.0 0.0 7.0 102.0 1.0 0.0
46 36 43 0.0 0.0 0.0 9.0 46.0 0.0 0.0
46 36 44 0.0 0.0 0.0 0.0 6.0 0.0 0.0
46 37 35 0.0 0.0 0.0 0.0 7.0 0.0 0.0
46 37 36 0.0 0.0 0.0 1.0 24.0 1.0 0.0
46 37 37 0.0 0.0 0.0 12.0 145.0 3.0 0.0
46 37 38 0.0 0.0 0.0 62.0 565.0 10.0 1.0
46 37 39 0.0 0.0 0.0 64.0 1008.0 22.0 4.0
46 37 40 0.0 0.0 0.0 92.0 1210.0 23.0 5.0
46 37 41 0.0 0.0 0.0 56.0 910.0 21.0 2.0
46 37 42 0.0 0.0 1.0 33.0 700.0 7.0 1.0
46 37 43 0.0 0.0 0.0 14.0 232.0 4.0 0.0
46 37 44 0.0 0.0 0.0 3.0 49.0 2.0 0.0
46 37 45 0.0 0.0 0.0 1.0 3.0 0.0 0.0
46 38 35 0.0 0.0 0.0 0.0 13.0 0.0 0.0
46 38 36 0.0 0.0 0.0 10.0 76.0 2.0 0.0
46 38 37 0.0 0.0 0.0 12.0 434.0 5.0 0.0
46 38 38 0.0 0.0 0.0 85.0 1135.0 16.0 3.0
46 38 39 0.0 0.0 0.0 140.0 2202.0 52.0 9.0
46 38 40 0.0 0.0 0.0 195.0 2797.0 44.0 17.0
46 38 41 0.0 0.0 0.0 194.0 2532.0 44.0 18.0
46 38 42 0.0 0.0 0.0 123.0 1420.0 22.0 3.0
46 38 43 0.0 0.0 0.0 40.0 607.0 17.0 2.0
46 38 44 0.0 0.0 0.0 4.0 122.0 4.0 0.0
46 38 45 0.0 0.0 0.0 2.0 5.0 0.0 0.0
46 39 35 0.0 0.0 0.0 0.0 11.0 0.0 0.0
46 39 36 0.0 0.0 0.0 9.0 150.0 4.0 0.0
46 39 37 0.0 0.0 0.0 68.0 820.0 15.0 3.0
46 39 38 0.0 0.0 0.0 150.0 2150.0 40.0 7.0
46 39 39 0.0 0.0 0.0 283.0 3459.0 47.0 25.0
46 39 40 0.0 0.0 0.0 288.0 4698.0 90.0 52.0
46 39 41 0.0 0.0 0.0 276.0 4013.0 71.0 44.0
46 39 42 0.0 0.0 0.0 154.0 2453.0 32.0 14.0
46 39 43 0.0 0.0 0.0 91.0 1001.0 24.0 3.0
46 39 44 0.0 0.0 0.0 13.0 187.0 3.0 0.0
46 39 45 0.0 0.0 0.0 1.0 15.0 0.0 0.0
46 40 35 0.0 0.0 0.0 0.0 19.0 0.0 0.0
46 40 36 0.0 0.0 0.0 4.0 178.0 2.0 0.0
46 40 37 0.0 0.0 0.0 47.0 940.0 15.0 0.0
46 40 38 0.0 0.0 0.0 157.0 2334.0 42.0 13.0
46 40 39 0.0 0.0 0.0 257.0 4061.0 65.0 36.0
46 40 40 0.0 0.0 0.0 323.0 5159.0 95.0 65.0
46 40 41 0.0 0.0 0.0 232.0 4640.0 91.0 55.0
46 40 42 0.0 0.0 0.0 189.0 2901.0 61.0 12.0
46 40 43 0.0 0.0 0.0 54.0 1057.0 21.0 4.0
46 40 44 0.0 0.0 0.0 19.0 215.0 3.0 0.0
46 40 45 0.0 0.0 0.0 2.0 15.0 0.0 0.0
46 41 35 0.0 0.0 0.0 0.0 15.0 0.0 0.0
46 41 36 0.0 0.0 0.0 9.0 143.0 3.0 0.0
46 41 37 0.0 0.0 0.0 63.0 802.0 19.0 0.0
46 41 38 0.0 0.0 0.0 123.0 1987.0 25.0 6.0
46 41 39 0.0 0.0 0.0 262.0 3510.0 61.0 17.0
46 41 40 0.0 0.0 0.0 219.0 4218.0 65.0 47.0
46 41 41 0.0 0.0 0.0 212.0 3740.0 64.0 23.0
46 41 42 0.0 0.0 0.0 163.0 2355.0 51.0 12.0
46 41 43 0.0 0.0 0.0 47.0 867.0 12.0 1.0
46 41 44 0.0 0.0 0.0 9.0 196.0 4.0 0.0
46 41 45 0.0 0.0 0.0 0.0 20.0 2.0 0.0
46 42 35 0.0 0.0 0.0 0.0 8.0 0.0 0.0
46 42 36 0.0 0.0 0.0 7.0 86.0 1.0 0.0
46 42 37 0.0 0.0 0.0 22.0 357.0 7.0 1.0
46 42 38 0.0 0.0 0.0 53.0 1110.0 23.0 1.0
46 42 39 0.0 0.0 0.0 112.0 2001.0 23.0 12.0
46 42 40 0.0 0.0 0.0 160.0 2404.0 47.0 12.0
46 42 41 0.0 0.0 0.0 177.0 2188.0 41.0 10.0
46 42 42 0.0 0.0 0.0 77.0 1236.0 26.0 6.0
46 42 43 0.0 0.0 0.0 35.0 485.0 6.0 3.0
46 42 44 0.0 0.0 0.0 2.0 83.0 2.0 0.0
46 42 45 0.0 0.0 0.0 0.0 5.0 1.0 0.0
46 43 36 0.0 0.0 0.0 1.0 34.0 0.0 0.0
46 43 37 0.0 0.0 0.0 10.0 106.0 2.0 0.0
46 43 38 0.0 0.0 0.0 37.0 414.0 11.0 0.0
46 43 39 0.0 0.0 0.0 21.0 731.0 6.0 0.0
46 43 40 0.0 0.0 0.0 62.0 944.0 12.0 1.0
46 43 41 0.0 0.0 0.0 66.0 797.0 19.0 0.0
46 43 42 0.0 0.0 0.0 17.0 503.0 10.0 0.0
46 43 43 0.0 0.0 0.0 17.0 143.0 3.0 0.0
46 43 44 0.0 0.0 0.0 0.0 59.0 2.0 0.0
46 43 45 0.0 0.0 0.0 0.0 3.0 1.0 0.0
46 44 36 0.0 0.0 0.0 0.0 3.0 0.0 0.0
46 44 37 0.0 0.0 0.0 0.0 16.0 0.0 0.0
46 44 38 0.0 0.0 0.0 5.0 63.0 0.0 0.0
46 44 39 0.0 0.0 0.0 8.0 148.0 4.0 0.0
46 44 40 0.0 0.0 0.0 21.0 166.0 4.0 0.0
46 44 41 0.0 0.0 0.0 11.0 159.0 3.0 0.0
46 44 42 0.0 0.0 0.0 4.0 64.0 3.0 0.0
46 44 43 0.0 0.0 0.0 3.0 23.0 1.0 0.0
46 44 44 0.0 0.0 0.0 0.0 5.0 0.0 0.0
46 44 45 0.0 0.0 0.0 0.0 1.0 0.0 0.0
46 45 37 0.0 0.0 0.0 0.0 2.0 0.0 0.0
46 45 38 0.0 0.0 0.0 0.0 6.0 0.0 0.0
46 45 39 0.0 0.0 0.0 0.0 1.0 0.0 0.0
46 45 40 0.0 0.0 0.0 0.0 21.0 1.0 0.0
46 45 41 0.0 0.0 0.0 0.0 29.0 1.0 0.0
46 45 42 0.0 0.0 0.0 0.0 4.0 0.0 0.0
46 45 43 0.0 0.0 0.0 0.0 1.0 0.0 0.0
47 37 39 0.0 0.0 0.0 0.0 1.0 0.0 0.0
47 37 41 0.0 0.0 0.0 0.0 1.0 0.0 0.0
47 38 37 0.0 0.0 0.0 0.0 1.0 0.0 0.0
47 38 38 0.0 0.0 0.0 0.0 3.0 0.0 0.0
47 38 39 0.0 0.0 0.0 0.0 2.0 0.0 0.0
47 38 40 0.0 0.0 0.0 0.0 1.0 0.0 0.0
47 38 41 0.0 0.0 0.0 0.0 6.0 0.0 0.0
47 38 42 0.0 0.0 0.0 0.0 1.0 0.0 0.0
47 38 43 0.0 0.0 0.0 0.0 2.0 0.0 0.0
47 39 37 0.0 0.0 0.0 0.0 2.0 0.0 0.0
47 39 38 0.0 0.0 0.0 0.0 3.0 0.0 0.0
47 39 39 0.0 0.0 0.0 0.0 4.0 0.0 0.0
47 39 40 0.0 0.0 0.0 4.0 15.0 0.0 0.0
47 39 41 0.0 0.0 0.0 0.0 4.0 0.0 0.0
47 39 42 0.0 0.0 0.0 1.0 2.0 0.0 0.0
47 39 43 0.0 0.0 0.0 0.0 1.0 0.0 0.0
47 40 38 0.0 0.0 0.0 0.0 6.0 0.0 0.0
47 40 39 0.0 0.0 0.0 1.0 8.0 0.0 0.0
47 40 40 0.0 0.0 0.0 0.0 7.0 0.0 0.0
47 40 41 0.0 0.0 0.0 0.0 9.0 0.0 0.0
47 40 42 0.0 0.0 0.0 0.0 4.0 0.0 0.0
47 40 43 0.0 0.0 0.0 0.0 2.0 0.0 0.0
47 41 38 0.0 0.0 0.0 0.0 1.0 0.0 0.0
47 41 39 0.0 0.0 0.0 0.0 6.0 0.0 0.0
47 41 40 0.0 0.0 0.0 0.0 7.0 0.0 0.0
47 41 41 0.0 0.0 0.0 3.0 4.0 0.0 0.0
47 41 42 0.0 0.0 0.0 1.0 0.0 0.0 0.0
47 42 39 0.0 0.0 0.0 0.0 1.0 0.0 0.0
47 42 40 0.0 0.0 0.0 0.0 1.0 0.0 0.0
47 42 41 0.0 0.0 0.0 0.0 4.0 0.0 0.0
47 42 42 0.0 0.0 0.0 0.0 4.0 0.0 0.0
47 43 39 0.0 0.0 0.0 0.0 3.0 1.0 0.0
47 44 40 0.0 0.0 0.0 0.0 1.0 0.0 0.0
47 44 41 0.0 0.0 0.0 0.0 1.0 0.0 0.0
