33 37 42 0.0 0.0 0.0 0.0 1.0 0.0 0.0
33 38 42 0.0 0.0 0.0 0.0 1.0 0.0 0.0
33 39 37 0.0 0.0 0.0 1.0 0.0 0.0 0.0
33 39 39 0.0 0.0 0.0 0.0 1.0 0.0 0.0
33 39 40 0.0 0.0 0.0 0.0 1.0 0.0 0.0
33 39 41 0.0 0.0 0.0 0.0 1.0 0.0 0.0
33 39 42 0.0 0.0 0.0 0.0 2.0 0.0 0.0
33 40 38 0.0 0.0 0.0 0.0 1.0 0.0 0.0
33 40 39 0.0 0.0 0.0 0.0 1.0 0.0 0.0
33 40 40 0.0 0.0 0.0 0.0 1.0 0.0 0.0
33 40 41 0.0 0.0 0.0 1.0 1.0 0.0 0.0
33 41 39 0.0 0.0 0.0 0.0 9.0 0.0 0.0
33 41 40 0.0 0.0 0.0 0.0 2.0 0.0 0.0
33 41 41 0.0 0.0 0.0 0.0 1.0 0.0 0.0
33 41 42 0.0 0.0 0.0 0.0 1.0 0.0 0.0
33 42 39 0.0 0.0 0.0 0.0 1.0 0.0 0.0
34 35 37 0.0 0.0 0.0 0.0 1.0 0.0 0.0
34 35 38 0.0 0.0 0.0 0.0 1.0 0.0 0.0
34 35 39 0.0 0.0 0.0 0.0 6.0 0.0 0.0
34 35 41 0.0 0.0 0.0 0.0 4.0 0.0 0.0
34 35 44 0.0 0.0 0.0 0.0 1.0 0.0 0.0
34 36 36 0.0 0.0 0.0 0.0 3.0 0.0 0.0
34 36 37 0.0 0.0 0.0 0.0 10.0 0.0 0.0
34 36 38 0.0 0.0 0.0 0.0 29.0 1.0 0.0
34 36 39 0.0 0.0 0.0 2.0 30.0 2.0 0.0
34 36 40 0.0 0.0 0.0 4.0 100.0 3.0 0.0
34 36 41 0.0 0.0 0.0 1.0 54.0 2.0 0.0
34 36 42 0.0 0.0 0.0 2.0 24.0 1.0 0.0
34 36 43 0.0 0.0 0.0 0.0 8.0 1.0 0.0
34 36 44 0.0 0.0 0.0 0.0 1.0 0.0 0.0
34 37 35 0.0 0.0 0.0 0.0 2.0 0.0 0.0
34 37 36 0.0 0.0 0.0 0.0 11.0 0.0 0.0
34 37 37 0.0 0.0 0.0 3.0 53.0 0.0 0.0
34 37 38 0.0 0.0 0.0 14.0 159.0 5.0 0.0
34 37 39 0.0 0.0 0.0 34.0 304.0 2.0 0.0
34 37 40 0.0 0.0 0.0 25.0 452.0 8.0 0.0
34 37 41 0.0 0.0 0.0 23.0 327.0 3.0 1.0
34 37 42 0.0 0.0 0.0 10.0 169.0 0.0 0.0
34 37 43 0.0 0.0 0.0 1.0 56.0 2.0 0.0
34 37 44 0.0 0.0 0.0 2.0 9.0 1.0 0.0
34 38 35 0.0 0.0 0.0 0.0 1.0 0.0 0.0
34 38 36 0.0 0.0 0.0 2.0 47.0 0.0 0.0
34 38 37 0.0 0.0 0.0 13.0 185.0 1.0 0.0
34 38 38 0.0 0.0 0.0 44.0 497.0 11.0 0.0
34 38 39 0.0 0.0 0.0 67.0 990.0 15.0 1.0
34 38 40 0.0 0.0 0.0 90.0 1088.0 19.0 0.0
34 38 41 0.0 0.0 0.0 130.0 948.0 20.0 1.0
34 38 42 0.0 0.0 0.0 46.0 495.0 11.0 1.0
34 38 43 0.0 0.0 0.0 15.0 132.0 1.0 0.0
34 38 44 0.0 0.0 0.0 4.0 20.0 0.0 0.0
34 38 45 0.0 0.0 0.0 0.0 1.0 0.0 0.0
34 39 35 0.0 0.0 0.0 0.0 1.0 0.0 0.0
34 39 36 0.0 0.0 0.0 2.0 75.0 1.0 0.0
34 39 37 0.0 0.0 0.0 27.0 346.0 8.0 0.0
34 39 38 0.0 0.0 1.0 76.0 913.0 18.0 0.0
34 39 39 0.0 0.0 0.0 204.0 1641.0 29.0 4.0
34 39 40 0.0 0.0 0.0 281.0 1786.0 40.0 6.0
34 39 41 0.0 0.0 0.0 122.0 1671.0 24.0 5.0
34 39 42 0.0 0.0 0.0 65.0 763.0 19.0 1.0
34 39 43 0.0 0.0 0.0 26.0 286.0 9.0 0.0
34 39 44 0.0 0.0 0.0 2.0 47.0 3.0 0.0
34 39 45 0.0 0.0 0.0 0.0 2.0 0.0 0.0
34 40 35 0.0 0.0 0.0 0.0 4.0 0.0 0.0
34 40 36 0.0 0.0 0.0 4.0 75.0 0.0 0.0
34 40 37 0.0 0.0 0.0 34.0 445.0 12.0 1.0
34 40 38 0.0 0.0 0.0 95.0 1131.0 21.0 4.0
34 40 39 0.0 0.0 0.0 120.0 2174.0 39.0 8.0
34 40 40 0.0 0.0 0.0 197.0 2392.0 43.0 8.0
34 40 41 0.0 0.0 0.0 184.0 1999.0 38.0 12.0
34 40 42 0.0 0.0 0.0 72.0 996.0 17.0 0.0
34 40 43 0.0 0.0 0.0 45.0 338.0 9.0 0.0
34 40 44 0.0 0.0 0.0 0.0 47.0 1.0 0.0
34 40 45 0.0 0.0 0.0 3.0 1.0 0.0 0.0
34 41 35 0.0 0.0 0.0 0.0 6.0 1.0 0.0
34 41 36 0.0 0.0 0.0 3.0 82.0 0.0 0.0
34 41 37 0.0 0.0 0.0 27.0 323.0 8.0 0.0
34 41 38 0.0 0.0 0.0 79.0 836.0 10.0 2.0
34 41 39 0.0 0.0 0.0 121.0 1499.0 28.0 6.0
34 41 40 0.0 0.0 0.0 180.0 1855.0 40.0 8.0
34 41 41 0.0 0.0 0.0 133.0 1632.0 34.0 8.0
34 41 42 0.0 0.0 0.0 81.0 894.0 26.0 1.0
34 41 43 0.0 0.0 0.0 15.0 260.0 6.0 0.0
34 41 44 0.0 0.0 0.0 5.0 42.0 2.0 0.0
34 41 45 0.0 0.0 0.0 0.0 8.0 0.0 0.0
34 42 35 0.0 0.0 0.0 0.0 2.0 0.0 0.0
34 42 36 0.0 0.0 0.0 4.0 42.0 0.0 0.0
34 42 37 0.0 0.0 0.0 12.0 151.0 2.0 0.0
34 42 38 0.0 0.0 0.0 28.0 630.0 19.0 1.0
34 42 39 0.0 0.0 0.0 122.0 881.0 12.0 3.0
34 42 40 0.0 0.0 0.0 74.0 1030.0 18.0 4.0
34 42 41 0.0 0.0 0.0 52.0 700.0 10.0 0.0
34 42 42 0.0 0.0 0.0 37.0 422.0 10.0 0.0
34 42 43 0.0 0.0 0.0 17.0 151.0 2.0 0.0
34 42 44 0.0 0.0 0.0 2.0 44.0 0.0 0.0
34 42 45 0.0 0.0 0.0 0.0 1.0 0.0 0.0
34 43 35 0.0 0.0 0.0 0.0 2.0 0.0 0.0
34 43 36 0.0 0.0 0.0 0.0 5.0 0.0 0.0
34 43 37 0.0 0.0 0.0 3.0 60.0 0.0 0.0
34 43 38 0.0 0.0 0.0 12.0 159.0 1.0 0.0
34 43 39 0.0 0.0 0.0 17.0 303.0 6.0 1.0
34 43 40 0.0 0.0 0.0 27.0 370.0 7.0 0.0
34 43 41 0.0 0.0 0.0 14.0 304.0 6.0 0.0
34 43 42 0.0 0.0 0.0 9.0 144.0 3.0 0.0
34 43 43 0.0 0.0 0.0 1.0 42.0 0.0 0.0
34 43 44 0.0 0.0 0.0 0.0 2.0 0.0 0.0
34 44 37 0.0 0.0 0.0 2.0 8.0 0.0 0.0
34 44 38 0.0 0.0 0.0 0.0 19.0 0.0 0.0
34 44 39 0.0 0.0 0.0 4.0 69.0 1.0 0.0
34 44 40 0.0 0.0 0.0 0.0 52.0 0.0 0.0
34 44 41 0.0 0.0 0.0 3.0 57.0 0.0 0.0
34 44 42 0.0 0.0 0.0 0.0 18.0 0.0 0.0
34 44 43 0.0 0.0 0.0 0.0 3.0 0.0 0.0
34 44 44 0.0 0.0 0.0 2.0 0.0 0.0 0.0
34 45 38 0.0 0.0 0.0 0.0 4.0 0.0 0.0
34 45 39 0.0 0.0 0.0 0.0 1.0 0.0 0.0
34 45 40 0.0 0.0 0.0 0.0 5.0 0.0 0.0
34 45 41 0.0 0.0 0.0 0.0 4.0 0.0 0.0
34 45 42 0.0 0.0 0.0 0.0 3.0 0.0 0.0
34 45 44 0.0 0.0 0.0 0.0 1.0 0.0 0.0
35 34 37 0.0 0.0 0.0 0.0 1.0 0.0 0.0
35 34 38 0.0 0.0 0.0 0.0 1.0 0.0 0.0
35 34 39 0.0 0.0 0.0 0.0 4.0 0.0 0.0
35 34 41 0.0 0.0 0.0 0.0 5.0 0.0 0.0
35 35 36 0.0 0.0 0.0 0.0 13.0 0.0 0.0
35 35 37 0.0 0.0 0.0 4.0 96.0 1.0 0.0
35 35 38 0.0 0.0 0.0 16.0 248.0 4.0 0.0
35 35 39 0.0 0.0 0.0 38.0 403.0 7.0 0.0
35 35 40 0.0 0.0 0.0 18.0 523.0 8.0 0.0
35 35 41 0.0 0.0 0.0 32.0 448.0 3.0 3.0
35 35 42 0.0 0.0 0.0 15.0 235.0 3.0 0.0
35 35 43 0.0 0.0 0.0 8.0 68.0 1.0 0.0
35 35 44 0.0 0.0 0.0 1.0 21.0 0.0 0.0
35 36 35 0.0 0.0 0.0 1.0 11.0 1.0 0.0
35 36 36 0.0 0.0 0.0 8.0 193.0 4.0 0.0
35 36 37 0.0 0.0 0.0 73.0 865.0 15.0 6.0
35 36 38 0.0 0.0 0.0 151.0 2463.0 45.0 16.0
35 36 39 0.0 0.0 0.0 237.0 3892.0 65.0 43.0
35 36 40 0.0 0.0 0.0 340.0 4920.0 74.0 68.0
35 36 41 0.0 0.0 0.0 284.0 4180.0 63.0 51.0
35 36 42 0.0 0.0 0.0 197.0 2406.0 35.0 15.0
35 36 43 0.0 0.0 0.0 90.0 967.0 16.0 2.0
35 36 44 0.0 0.0 0.0 4.0 171.0 5.0 0.0
35 36 45 0.0 0.0 0.0 0.0 7.0 0.0 0.0
35 37 35 0.0 0.0 0.0 4.0 120.0 2.0 0.0
35 37 36 0.0 0.0 1.0 91.0 1084.0 18.0 3.0
35 37 37 0.0 0.0 0.0 226.0 4097.0 73.0 31.0
35 37 38 0.0 0.0 0.0 662.0 9464.0 148.0 251.0
35 37 39 0.0 0.0 0.0 1184.0 14499.0 239.0 758.0
35 37 40 0.0 0.0 0.0 1272.0 16254.0 261.0 966.0
35 37 41 0.0 0.0 1.0 1254.0 14091.0 235.0 795.0
35 37 42 0.0 0.0 0.0 843.0 9466.0 157.0 325.0
35 37 43 0.0 0.0 0.0 243.0 3886.0 71.0 42.0
35 37 44 0.0 0.0 0.0 114.0 998.0 14.0 4.0
35 37 45 0.0 0.0 0.0 4.0 61.0 2.0 0.0
35 37 46 0.0 0.0 0.0 0.0 4.0 0.0 0.0
35 38 34 0.0 0.0 0.0 1.0 0.0 0.0 0.0
35 38 35 0.0 0.0 0.0 21.0 278.0 5.0 0.0
35 38 36 0.0 0.0 0.0 188.0 2800.0 43.0 30.0
35 38 37 0.0 0.0 0.0 868.0 10124.0 189.0 319.0
35 38 38 0.0 0.0 1.0 1655.0 19458.0 322.0 1511.0
35 38 39 0.0 0.0 0.0 2085.0 27059.0 424.0 3519.0
35 38 40 0.0 0.0 0.0 2513.0 28444.0 418.0 4296.0
35 38 41 0.0 0.0 0.0 2436.0 24988.0 374.0 2957.0
35 38 42 0.0 0.0 0.0 1372.0 18693.0 280.0 1350.0
35 38 43 0.0 0.0 0.0 831.0 9064.0 155.0 266.0
35 38 44 0.0 0.0 0.0 185.0 2239.0 39.0 11.0
35 38 45 0.0 0.0 0.0 9.0 245.0 5.0 0.0
35 38 46 0.0 0.0 0.0 0.0 5.0 0.0 0.0
35 39 34 0.0 0.0 0.0 2.0 1.0 0.0 0.0
35 39 35 0.0 0.0 0.0 32.0 493.0 11.0 2.0
35 39 36 0.0 0.0 0.0 352.0 4833.0 84.0 70.0
35 39 37 0.0 0.0 0.0 1159.0 14588.0 226.0 825.0
35 39 38 0.0 0.0 0.0 2216.0 26428.0 403.0 3428.0
35 39 39 0.0 0.0 3.0 3094.0 32687.0 452.0 6589.0
35 39 40 0.0 2.0 0.0 2966.0 35486.0 486.0 8243.0
35 39 41 0.0 0.0 0.0 2909.0 33331.0 475.0 6523.0
35 39 42 0.0 0.0 0.0 2224.0 25188.0 380.0 3081.0
35 39 43 0.0 0.0 0.0 1128.0 14038.0 250.0 749.0
35 39 44 0.0 0.0 0.0 311.0 3968.0 70.0 40.0
35 39 45 0.0 0.0 0.0 38.0 366.0 5.0 0.0
35 39 46 0.0 0.0 0.0 0.0 3.0 0.0 0.0
35 40 34 0.0 0.0 0.0 0.0 11.0 0.0 0.0
35 40 35 0.0 0.0 0.0 44.0 754.0 10.0 1.0
35 40 36 0.0 0.0 0.0 410.0 6049.0 108.0 131.0
35 40 37 0.0 0.0 0.0 1589.0 17138.0 271.0 1199.0
35 40 38 0.0 0.0 0.0 2395.0 28407.0 460.0 4229.0
35 40 39 0.0 0.0 0.0 2934.0 35510.0 512.0 8074.0
35 40 40 0.0 0.0 1.0 2762.0 36844.0 508.0 9486.0
35 40 41 0.0 2.0 0.0 2633.0 35900.0 516.0 8315.0
35 40 42 0.0 0.0 0.0 2517.0 27148.0 428.0 3574.0
35 40 43 0.0 0.0 0.0 1403.0 14735.0 227.0 861.0
35 40 44 0.0 0.0 0.0 376.0 4550.0 78.0 65.0
35 40 45 0.0 0.0 0.0 43.0 574.0 14.0 0.0
35 40 46 0.0 0.0 0.0 0.0 2.0 0.0 0.0
35 41 34 0.0 0.0 0.0 0.0 3.0 0.0 0.0
35 41 35 0.0 0.0 0.0 40.0 559.0 9.0 0.0
35 41 36 0.0 0.0 0.0 376.0 4623.0 83.0 57.0
35 41 37 0.0 0.0 0.0 998.0 14702.0 232.0 810.0
35 41 38 0.0 0.0 0.0 2134.0 26265.0 416.0 3367.0
35 41 39 0.0 0.0 0.0 2639.0 33742.0 519.0 6728.0
35 41 40 0.0 0.0 0.0 2615.0 35557.0 514.0 7826.0
35 41 41 0.0 0.0 0.0 2471.0 33394.0 476.0 6386.0
35 41 42 0.0 0.0 0.0 2341.0 25642.0 411.0 3099.0
35 41 43 0.0 0.0 0.0 1091.0 12985.0 251.0 618.0
35 41 44 0.0 0.0 0.0 285.0 3940.0 79.0 40.0
35 41 45 0.0 0.0 0.0 29.0 377.0 4.0 0.0
35 41 46 0.0 0.0 0.0 0.0 1.0 0.0 0.0
35 42 34 0.0 0.0 0.0 0.0 1.0 0.0 0.0
35 42 35 0.0 0.0 0.0 20.0 326.0 6.0 0.0
35 42 36 0.0 0.0 0.0 170.0 2761.0 40.0 15.0
35 42 37 0.0 0.0 0.0 679.0 10268.0 192.0 343.0
35 42 38 0.0 0.0 0.0 1515.0 19405.0 291.0 1448.0
35 42 39 0.0 0.0 0.0 1904.0 25050.0 374.0 2855.0
35 42 40 0.0 0.0 0.0 2103.0 28387.0 391.0 3927.0
35 42 41 0.0 0.0 0.0 1778.0 25006.0 362.0 2867.0
35 42 42 0.0 0.0 0.0 1318.0 18772.0 315.0 1293.0
35 42 43 0.0 0.0 0.0 568.0 9219.0 138.0 226.0
35 42 44 0.0 0.0 0.0 149.0 2496.0 36.0 11.0
35 42 45 0.0 0.0 0.0 10.0 200.0 5.0 0.0
35 43 35 0.0 0.0 0.0 7.0 140.0 2.0 0.0
35 43 36 0.0 0.0 0.0 107.0 1104.0 22.0 4.0
35 43 37 0.0 0.0 0.0 327.0 4091.0 70.0 37.0
35 43 38 0.0 0.0 0.0 950.0 8769.0 151.0 258.0
35 43 39 0.0 0.0 0.0 1066.0 13718.0 231.0 665.0
35 43 40 0.0 0.0 0.0 1379.0 15567.0 258.0 949.0
35 43 41 0.0 0.0 0.0 900.0 13571.0 221.0 634.0
35 43 42 0.0 0.0 0.0 599.0 8598.0 145.0 241.0
35 43 43 0.0 0.0 0.0 227.0 3625.0 68.0 42.0
35 43 44 0.0 0.0 0.0 78.0 922.0 24.0 5.0
35 43 45 0.0 0.0 0.0 5.0 79.0 2.0 0.0
35 44 34 0.0 0.0 0.0 0.0 1.0 0.0 0.0
35 44 35 0.0 0.0 0.0 1.0 5.0 0.0 0.0
35 44 36 0.0 0.0 0.0 26.0 202.0 3.0 0.0
35 44 37 0.0 0.0 0.0 79.0 989.0 19.0 3.0
35 44 38 0.0 0.0 0.0 235.0 2382.0 42.0 16.0
35 44 39 0.0 0.0 0.0 302.0 4164.0 82.0 57.0
35 44 40 0.0 0.0 0.0 342.0 4811.0 85.0 68.0
35 44 41 0.0 0.0 0.0 263.0 4211.0 59.0 51.0
35 44 42 0.0 0.0 0.0 180.0 2633.0 45.0 20.0
35 44 43 0.0 0.0 0.0 66.0 1056.0 13.0 0.0
35 44 44 0.0 0.0 0.0 16.0 197.0 6.0 0.0
35 44 45 0.0 0.0 0.0 0.0 4.0 0.0 0.0
35 45 36 0.0 0.0 0.0 1.0 18.0 0.0 0.0
35 45 37 0.0 0.0 0.0 5.0 62.0 0.0 0.0
35 45 38 0.0 0.0 0.0 30.0 258.0 3.0 0.0
35 45 39 0.0 0.0 0.0 22.0 470.0 9.0 0.0
35 45 40 0.0 0.0 0.0 59.0 422.0 7.0 1.0
35 45 41 0.0 0.0 0.0 11.0 477.0 8.0 0.0
35 45 42 0.0 0.0 0.0 20.0 203.0 4.0 0.0
35 45 43 0.0 0.0 0.0 2.0 46.0 0.0 0.0
35 45 44 0.0 0.0 0.0 0.0 11.0 0.0 0.0
35 45 45 0.0 0.0 0.0 0.0 1.0 0.0 0.0
35 46 37 0.0 0.0 0.0 0.0 1.0 0.0 0.0
35 46 38 0.0 0.0 0.0 0.0 1.0 0.0 0.0
35 46 39 0.0 0.0 0.0 0.0 8.0 0.0 0.0
35 46 40 0.0 0.0 0.0 1.0 9.0 0.0 0.0
35 46 41 0.0 0.0 0.0 1.0 6.0 0.0 0.0
35 46 42 0.0 0.0 0.0 0.0 1.0 0.0 0.0
36 34 36 0.0 0.0 0.0 0.0 1.0 0.0 0.0
36 34 37 0.0 0.0 0.0 0.0 4.0 0.0 0.0
36 34 38 0.0 0.0 0.0 3.0 17.0 0.0 0.0
36 34 39 0.0 0.0 0.0 7.0 42.0 2.0 0.0
36 34 40 0.0 0.0 0.0 3.0 63.0 1.0 0.0
36 34 41 0.0 0.0 0.0 14.0 65.0 2.0 0.0
36 34 42 0.0 0.0 0.0 3.0 33.0 0.0 0.0
36 34 43 0.0 0.0 0.0 2.0 8.0 0.0 0.0
36 34 45 0.0 0.0 0.0 0.0 1.0 0.0 0.0
36 35 35 0.0 0.0 0.0 0.0 11.0 0.0 0.0
36 35 36 0.0 0.0 0.0 3.0 163.0 1.0 0.0
36 35 37 0.0 0.0 0.0 100.0 926.0 11.0 3.0
36 35 38 0.0 0.0 0.0 184.0 2433.0 44.0 20.0
36 35 39 0.0 0.0 0.0 273.0 4052.0 70.0 33.0
36 35 40 0.0 0.0 0.0 350.0 4560.0 87.0 49.0
36 35 41 0.0 0.0 0.0 406.0 4473.0 103.0 50.0
36 35 42 0.0 0.0 0.0 184.0 2335.0 29.0 13.0
36 35 43 0.0 0.0 0.0 56.0 990.0 17.0 0.0
36 35 44 0.0 0.0 0.0 18.0 195.0 5.0 1.0
36 35 45 0.0 0.0 0.0 5.0 14.0 2.0 0.0
36 36 34 0.0 0.0 0.0 0.0 2.0 0.0 0.0
36 36 35 0.0 0.0 0.0 18.0 225.0 3.0 0.0
36 36 36 0.0 0.0 0.0 209.0 3230.0 53.0 32.0
36 36 37 0.0 0.0 0.0 743.0 12517.0 210.0 567.0
36 36 38 0.0 0.0 0.0 1279.0 22884.0 336.0 2386.0
36 36 39 0.0 0.0 0.0 1950.0 30898.0 470.0 5332.0
36 36 40 0.0 0.0 0.0 2017.0 33036.0 478.0 6486.0
36 36 41 0.0 0.0 0.0 2150.0 30029.0 445.0 4949.0
36 36 42 0.0 0.0 0.0 1427.0 23075.0 357.0 2394.0
36 36 43 0.0 0.0 0.0 807.0 11042.0 191.0 462.0
36 36 44 0.0 0.0 0.0 280.0 2492.0 36.0 22.0
36 36 45 0.0 0.0 0.0 22.0 227.0 8.0 0.0
36 37 34 0.0 0.0 0.0 1.0 6.0 0.0 0.0
36 37 35 0.0 0.0 0.0 43.0 1066.0 21.0 5.0
36 37 36 0.0 0.0 0.0 983.0 12184.0 215.0 579.0
36 37 37 0.0 0.0 0.0 2083.0 32487.0 456.0 6306.0
36 37 38 0.0 0.0 0.0 3122.0 41579.0 543.0 17401.0
36 37 39 0.0 0.0 0.0 3070.0 43337.0 477.0 28765.0
36 37 40 0.0 0.0 0.0 3290.0 42799.0 444.0 31726.0
36 37 41 0.0 0.0 0.0 3384.0 43397.0 484.0 27446.0
36 37 42 0.0 0.0 0.0 3686.0 41727.0 562.0 18495.0
36 37 43 0.0 0.0 0.0 2660.0 29123.0 425.0 4910.0
36 37 44 0.0 0.0 0.0 653.0 10854.0 181.0 426.0
36 37 45 0.0 0.0 0.0 48.0 966.0 12.0 4.0
36 37 46 0.0 0.0 0.0 0.0 12.0 0.0 0.0
36 38 34 0.0 0.0 0.0 4.0 43.0 2.0 0.0
36 38 35 0.0 0.0 0.0 235.0 2601.0 45.0 26.0
36 38 36 0.0 0.0 0.0 1648.0 23452.0 371.0 2566.0
36 38 37 0.0 0.0 6.0 3177.0 42321.0 539.0 20172.0
36 38 38 0.0 0.0 0.0 3215.0 41343.0 455.0 41159.0
36 38 39 0.0 0.0 0.0 3010.0 37384.0 397.0 53156.0
36 38 40 0.0 0.0 1.0 2700.0 35431.0 335.0 58099.0
36 38 41 0.0 0.0 0.0 3055.0 37841.0 377.0 52686.0
36 38 42 0.0 0.0 0.0 3356.0 41672.0 462.0 39713.0
36 38 43 0.0 0.0 0.0 4084.0 40559.0 511.0 17687.0
36 38 44 0.0 0.0 0.0 1870.0 21527.0 356.0 2133.0
36 38 45 0.0 0.0 0.0 142.0 2661.0 45.0 15.0
36 38 46 0.0 0.0 0.0 0.0 19.0 0.0 0.0
36 39 34 0.0 0.0 0.0 5.0 52.0 3.0 0.0
36 39 35 0.0 0.0 0.0 376.0 4795.0 84.0 65.0
36 39 36 0.0 0.0 0.0 2281.0 31845.0 444.0 6162.0
36 39 37 0.0 0.0 0.0 2996.0 42963.0 487.0 31932.0
36 39 38 0.0 0.0 0.0 3537.0 36253.0 372.0 54328.0
36 39 39 0.0 0.0 2.0 2616.0 31572.0 295.0 67241.0
36 39 40 0.0 0.0 0.0 2761.0 29697.0 257.0 70181.0
36 39 41 0.0 0.0 0.0 2734.0 31946.0 286.0 65563.0
36 39 42 0.0 0.0 0.0 3351.0 37323.0 382.0 52579.0
36 39 43 0.0 0.0 7.0 3415.0 42692.0 489.0 27581.0
36 39 44 0.0 0.0 0.0 2136.0 29283.0 452.0 4636.0
36 39 45 0.0 0.0 0.0 307.0 3987.0 72.0 47.0
36 39 46 0.0 0.0 0.0 1.0 55.0 1.0 0.0
36 40 34 0.0 0.0 0.0 16.0 76.0 1.0 0.0
36 40 35 0.0 0.0 0.0 482.0 5950.0 108.0 114.0
36 40 36 0.0 0.0 0.0 2436.0 35096.0 546.0 8241.0
36 40 37 0.0 0.0 0.0 3283.0 42208.0 443.0 35038.0
36 40 38 0.0 1.0 0.0 2725.0 35616.0 334.0 58558.0
36 40 39 0.0 0.0 0.0 2385.0 30071.0 273.0 70408.0
36 40 40 0.0 1.0 0.0 2298.0 28106.0 241.0 73838.0
36 40 41 0.0 0.0 2.0 2532.0 30397.0 282.0 68879.0
36 40 42 0.0 0.0 0.0 3204.0 35654.0 340.0 56663.0
36 40 43 0.0 0.0 0.0 4299.0 41691.0 527.0 31617.0
36 40 44 0.0 0.0 0.0 2904.0 31673.0 482.0 6229.0
36 40 45 0.0 0.0 0.0 422.0 5276.0 88.0 82.0
36 40 46 0.0 0.0 0.0 3.0 73.0 2.0 0.0
36 41 34 0.0 0.0 0.0 2.0 42.0 1.0 0.0
36 41 35 0.0 0.0 0.0 344.0 4699.0 85.0 71.0
36 41 36 0.0 0.0 0.0 1996.0 32200.0 491.0 6212.0
36 41 37 0.0 0.0 4.0 3034.0 43295.0 492.0 29905.0
36 41 38 0.0 0.0 0.0 2732.0 37353.0 372.0 54185.0
36 41 39 0.0 0.0 0.0 2490.0 31779.0 293.0 65955.0
36 41 40 0.0 1.0 0.0 2292.0 30385.0 254.0 69425.0
36 41 41 0.0 0.0 0.0 2717.0 31490.0 277.0 65669.0
36 41 42 0.0 2.0 1.0 3200.0 37694.0 377.0 51659.0
36 41 43 0.0 1.0 0.0 3183.0 42922.0 469.0 28088.0
36 41 44 0.0 0.0 0.0 1969.0 29561.0 410.0 4798.0
36 41 45 0.0 0.0 0.0 238.0 4268.0 63.0 54.0
36 41 46 0.0 0.0 0.0 5.0 44.0 1.0 0.0
36 42 34 0.0 0.0 0.0 0.0 55.0 2.0 0.0
36 42 35 0.0 0.0 0.0 199.0 2767.0 41.0 22.0
36 42 36 0.0 0.0 0.0 1764.0 24564.0 358.0 3021.0
36 42 37 0.0 0.0 0.0 3156.0 42282.0 517.0 20110.0
36 42 38 0.0 0.0 0.0 3174.0 41486.0 409.0 40499.0
36 42 39 0.0 0.0 0.0 3124.0 37591.0 373.0 52202.0
36 42 40 0.0 3.0 0.0 2921.0 36322.0 337.0 55689.0
36 42 41 0.0 1.0 4.0 2760.0 38209.0 395.0 51709.0
36 42 42 0.0 0.0 1.0 2960.0 42328.0 471.0 38314.0
36 42 43 0.0 0.0 0.0 3173.0 42293.0 511.0 18334.0
36 42 44 0.0 0.0 0.0 1571.0 21446.0 314.0 1992.0
36 42 45 0.0 0.0 0.0 149.0 2592.0 63.0 15.0
36 42 46 0.0 0.0 0.0 7.0 34.0 1.0 0.0
36 43 34 0.0 0.0 0.0 3.0 6.0 0.0 0.0
36 43 35 0.0 0.0 0.0 99.0 1236.0 30.0 1.0
36 43 36 0.0 0.0 0.0 1032.0 11355.0 169.0 523.0
36 43 37 0.0 0.0 0.0 2929.0 31685.0 481.0 6236.0
36 43 38 0.0 0.0 0.0 3062.0 41930.0 512.0 18115.0
36 43 39 0.0 0.0 2.0 3578.0 42349.0 438.0 27904.0
36 43 40 0.0 0.0 0.0 3024.0 43176.0 457.0 31622.0
36 43 41 0.0 0.0 0.0 3394.0 42876.0 516.0 28745.0
36 43 42 0.0 3.0 0.0 2545.0 42136.0 526.0 17844.0
36 43 43 0.0 0.0 0.0 2255.0 30915.0 426.0 5355.0
36 43 44 0.0 0.0 0.0 570.0 10696.0 176.0 415.0
36 43 45 0.0 0.0 0.0 61.0 918.0 16.0 2.0
36 43 46 0.0 0.0 0.0 0.0 18.0 1.0 0.0
36 44 34 0.0 0.0 0.0 0.0 3.0 0.0 0.0
36 44 35 0.0 0.0 0.0 16.0 199.0 3.0 0.0
36 44 36 0.0 0.0 0.0 274.0 3282.0 55.0 30.0
36 44 37 0.0 0.0 0.0 796.0 12040.0 201.0 500.0
36 44 38 0.0 0.0 0.0 1522.0 22620.0 354.0 2358.0
36 44 39 0.0 0.0 0.0 2409.0 30623.0 430.0 5406.0
36 44 40 0.0 0.0 0.0 2508.0 31825.0 502.0 6324.0
36 44 41 0.0 0.0 0.0 2130.0 29459.0 445.0 4835.0
36 44 42 0.0 0.0 0.0 1567.0 21954.0 321.0 2288.0
36 44 43 0.0 6.0 0.0 868.0 10937.0 174.0 452.0
36 44 44 0.0 0.0 0.0 191.0 2747.0 50.0 13.0
36 44 45 0.0 0.0 0.0 18.0 224.0 4.0 0.0
36 45 35 0.0 0.0 0.0 1.0 24.0 0.0 0.0
36 45 36 0.0 0.0 0.0 11.0 154.0 0.0 0.0
36 45 37 0.0 0.0 0.0 30.0 924.0 14.0 2.0
36 45 38 0.0 0.0 0.0 212.0 2647.0 55.0 21.0
36 45 39 0.0 0.0 0.0 333.0 4080.0 68.0 41.0
36 45 40 0.0 0.0 0.0 354.0 4874.0 96.0 56.0
36 45 41 0.0 0.0 0.0 251.0 4202.0 75.0 49.0
36 45 42 0.0 0.0 0.0 161.0 2523.0 47.0 17.0
36 45 43 0.0 0.0 0.0 85.0 1173.0 12.0 8.0
36 45 44 0.0 0.0 0.0 10.0 191.0 2.0 0.0
36 45 45 0.0 0.0 0.0 0.0 16.0 0.0 0.0
36 45 46 0.0 0.0 0.0 0.0 2.0 0.0 0.0
36 46 36 0.0 0.0 0.0 0.0 13.0 1.0 0.0
36 46 37 0.0 0.0 0.0 0.0 8.0 0.0 0.0
36 46 38 0.0 0.0 0.0 0.0 22.0 0.0 0.0
36 46 39 0.0 0.0 0.0 4.0 85.0 1.0 0.0
36 46 40 0.0 0.0 0.0 7.0 68.0 2.0 0.0
36 46 41 0.0 0.0 0.0 8.0 70.0 2.0 0.0
36 46 42 0.0 0.0 0.0 3.0 19.0 1.0 0.0
36 46 43 0.0 0.0 0.0 2.0 6.0 0.0 0.0
37 33 40 0.0 0.0 0.0 0.0 1.0 0.0 0.0
37 34 35 0.0 0.0 0.0 0.0 2.0 0.0 0.0
37 34 36 0.0 0.0 0.0 0.0 8.0 0.0 0.0
37 34 37 0.0 0.0 0.0 4.0 45.0 0.0 0.0
37 34 38 0.0 0.0 0.0 4.0 122.0 1.0 0.0
37 34 39 0.0 0.0 0.0 17.0 288.0 6.0 0.0
37 34 40 0.0 0.0 0.0 41.0 352.0 5.0 0.0
37 34 41 0.0 0.0 0.0 32.0 280.0 5.0 1.0
37 34 42 0.0 0.0 0.0 8.0 141.0 3.0 0.0
37 34 43 0.0 0.0 0.0 19.0 49.0 0.0 0.0
37 34 44 0.0 0.0 0.0 1.0 15.0 0.0 0.0
37 35 35 0.0 0.0 0.0 12.0 93.0 3.0 0.0
37 35 36 0.0 0.0 0.0 61.0 879.0 11.0 1.0
37 35 37 0.0 0.0 0.0 354.0 4266.0 74.0 58.0
37 35 38 0.0 0.0 0.0 570.0 8479.0 147.0 218.0
37 35 39 0.0 0.0 0.0 981.0 13560.0 217.0 606.0
37 35 40 0.0 0.0 0.0 1168.0 15505.0 254.0 899.0
37 35 41 0.0 0.0 0.0 1127.0 14477.0 249.0 778.0
37 35 42 0.0 0.0 0.0 799.0 8913.0 153.0 239.0
37 35 43 0.0 0.0 0.0 198.0 4157.0 76.0 46.0
37 35 44 0.0 0.0 0.0 102.0 959.0 19.0 4.0
37 35 45 0.0 0.0 0.0 9.0 159.0 4.0 0.0
37 36 34 0.0 0.0 0.0 0.0 7.0 0.0 0.0
37 36 35 0.0 0.0 0.0 94.0 833.0 23.0 0.0
37 36 36 0.0 0.0 0.0 937.0 12100.0 207.0 551.0
37 36 37 0.0 0.0 0.0 2139.0 30192.0 439.0 5153.0
37 36 38 0.0 0.0 0.0 3847.0 40733.0 537.0 17064.0
37 36 39 0.0 0.0 0.0 3453.0 42785.0 487.0 28184.0
37 36 40 0.0 0.0 0.0 2767.0 43510.0 462.0 33110.0
37 36 41 0.0 0.0 1.0 3278.0 43245.0 543.0 28892.0
37 36 42 0.0 0.0 0.0 2709.0 42618.0 545.0 18439.0
37 36 43 0.0 0.0 0.0 2403.0 30572.0 444.0 5454.0
37 36 44 0.0 0.0 0.0 873.0 11538.0 189.0 511.0
37 36 45 0.0 0.0 0.0 35.0 1002.0 14.0 0.0
37 36 46 0.0 0.0 0.0 4.0 6.0 0.0 0.0
37 37 34 0.0 0.0 0.0 5.0 53.0 0.0 0.0
37 37 35 0.0 0.0 0.0 269.0 3835.0 68.0 44.0
37 37 36 0.0 0.0 1.0 2617.0 31997.0 451.0 6283.0
37 37 37 0.0 0.0 0.0 2642.0 40280.0 430.0 43410.0
37 37 38 0.0 0.0 0.0 2327.0 31127.0 277.0 68355.0
37 37 39 0.0 0.0 0.0 1947.0 26334.0 217.0 79478.0
37 37 40 0.0 0.0 0.0 1785.0 24117.0 215.0 84570.0
37 37 41 0.0 0.0 0.0 1873.0 25057.0 194.0 81233.0
37 37 42 0.0 0.0 0.0 2508.0 31128.0 280.0 68647.0
37 37 43 0.0 0.0 2.0 3072.0 41211.0 449.0 38769.0
37 37 44 0.0 0.0 0.0 2224.0 31889.0 471.0 6249.0
37 37 45 0.0 0.0 0.0 329.0 4396.0 68.0 52.0
37 37 46 0.0 0.0 0.0 4.0 44.0 1.0 0.0
37 38 34 0.0 0.0 0.0 16.0 153.0 3.0 0.0
37 38 35 0.0 0.0 0.0 1018.0 9615.0 175.0 294.0
37 38 36 0.0 1.0 0.0 3362.0 41480.0 503.0 18460.0
37 38 37 0.0 0.0 0.0 2661.0 30661.0 275.0 68858.0
37 38 38 0.0 0.0 0.0 1800.0 19606.0 155.0 94471.0
37 38 39 0.0 0.0 0.0 1314.0 15496.0 109.0 103977.0
37 38 40 0.0 0.0 0.0 1178.0 14190.0 102.0 106998.0
37 38 41 0.0 0.0 0.0 1470.0 15676.0 125.0 103254.0
37 38 42 0.0 0.0 0.0 1853.0 21155.0 180.0 92154.0
37 38 43 0.0 0.0 0.0 2243.0 31964.0 305.0 66572.0
37 38 44 0.0 0.0 0.0 2688.0 42219.0 519.0 18132.0
37 38 45 0.0 0.0 0.0 568.0 8975.0 133.0 232.0
37 38 46 0.0 0.0 0.0 1.0 152.0 4.0 0.0
37 39 34 0.0 0.0 0.0 43.0 427.0 4.0 1.0
37 39 35 0.0 0.0 0.0 1151.0 15426.0 261.0 927.0
37 39 36 0.0 0.0 0.0 3330.0 43049.0 485.0 31699.0
37 39 37 0.0 0.0 0.0 1910.0 23646.0 194.0 84500.0
37 39 38 0.0 0.0 0.0 1253.0 14715.0 107.0 105714.0
37 39 39 0.0 0.0 0.0 1017.0 11762.0 68.0 112781.0
37 39 40 0.0 0.0 1.0 1022.0 10993.0 78.0 114043.0
37 39 41 0.0 0.0 0.0 1069.0 11640.0 68.0 112115.0
37 39 42 0.0 0.0 0.0 1382.0 15931.0 129.0 103514.0
37 39 43 0.0 0.0 0.0 2213.0 25555.0 202.0 80478.0
37 39 44 0.0 0.0 0.0 2978.0 43725.0 503.0 28690.0
37 39 45 0.0 0.0 0.0 1070.0 13946.0 187.0 684.0
37 39 46 0.0 0.0 0.0 25.0 260.0 5.0 0.0
37 40 34 0.0 0.0 0.0 55.0 444.0 8.0 0.0
37 40 35 0.0 0.0 0.0 1303.0 17588.0 281.0 1178.0
37 40 36 0.0 0.0 0.0 3512.0 42380.0 445.0 35575.0
37 40 37 0.0 0.0 0.0 1818.0 22700.0 172.0 87349.0
37 40 38 0.0 0.0 0.0 1136.0 13723.0 98.0 107805.0
37 40 39 0.0 0.0 0.0 889.0 10661.0 62.0 114777.0
37 40 40 0.0 0.0 0.0 840.0 9924.0 72.0 116508.0
37 40 41 0.0 0.0 0.0 959.0 11030.0 73.0 114214.0
37 40 42 0.0 0.0 0.0 1233.0 14603.0 98.0 106069.0
37 40 43 0.0 0.0 1.0 1763.0 24003.0 186.0 84805.0
37 40 44 0.0 0.0 0.0 3217.0 42584.0 459.0 32854.0
37 40 45 0.0 0.0 0.0 1340.0 15277.0 225.0 844.0
37 40 46 0.0 0.0 0.0 28.0 423.0 9.0 0.0
37 41 34 0.0 0.0 0.0 22.0 317.0 8.0 1.0
37 41 35 0.0 0.0 0.0 978.0 15635.0 258.0 866.0
37 41 36 0.0 0.0 0.0 2957.0 43141.0 508.0 30223.0
37 41 37 0.0 2.0 0.0 1654.0 23695.0 181.0 84856.0
37 41 38 0.0 0.0 0.0 1115.0 15602.0 110.0 104377.0
37 41 39 0.0 0.0 0.0 955.0 11748.0 86.0 112983.0
37 41 40 0.0 0.0 1.0 866.0 11194.0 69.0 113979.0
37 41 41 0.0 0.0 0.0 950.0 12509.0 97.0 111321.0
37 41 42 0.0 0.0 0.0 1249.0 15588.0 118.0 103769.0
37 41 43 0.0 0.0 1.0 2004.0 25841.0 223.0 80401.0
37 41 44 0.0 0.0 0.0 3287.0 42775.0 488.0 28811.0
37 41 45 0.0 0.0 0.0 1160.0 14202.0 226.0 727.0
37 41 46 0.0 0.0 0.0 33.0 298.0 3.0 0.0
37 42 34 0.0 0.0 0.0 10.0 222.0 2.0 0.0
37 42 35 0.0 0.0 0.0 668.0 10360.0 156.0 319.0
37 42 36 0.0 0.0 0.0 3024.0 41872.0 522.0 19061.0
37 42 37 0.0 0.0 0.0 2400.0 30102.0 255.0 70130.0
37 42 38 0.0 0.0 0.0 1591.0 20179.0 146.0 94040.0
37 42 39 0.0 0.0 1.0 1218.0 15489.0 113.0 104292.0
37 42 40 0.0 0.0 0.0 1193.0 14496.0 111.0 106296.0
37 42 41 0.0 0.0 0.0 1165.0 15832.0 119.0 103505.0
37 42 42 0.0 1.0 0.0 1498.0 20580.0 177.0 92743.0
37 42 43 0.0 0.0 0.0 2766.0 30704.0 280.0 68111.0
37 42 44 0.0 0.0 0.0 2925.0 41959.0 492.0 17176.0
37 42 45 0.0 0.0 0.0 714.0 8519.0 145.0 227.0
37 42 46 0.0 0.0 0.0 7.0 136.0 3.0 0.0
37 43 34 0.0 0.0 0.0 6.0 60.0 1.0 0.0
37 43 35 0.0 0.0 0.0 306.0 4807.0 94.0 64.0
37 43 36 0.0 0.0 0.0 2266.0 34106.0 501.0 7317.0
37 43 37 0.0 0.0 0.0 3357.0 40175.0 452.0 41971.0
37 43 38 0.0 0.0 2.0 2192.0 32381.0 272.0 66702.0
37 43 39 0.0 0.0 0.0 2027.0 24742.0 233.0 82248.0
37 43 40 0.0 0.0 0.0 1920.0 23748.0 168.0 84619.0
37 43 41 0.0 0.0 0.0 2039.0 25777.0 201.0 80443.0
37 43 42 0.0 0.0 0.0 2272.0 30968.0 283.0 68614.0
37 43 43 0.0 0.0 0.0 2673.0 41173.0 440.0 40169.0
37 43 44 0.0 0.0 0.0 2445.0 30864.0 422.0 5872.0
37 43 45 0.0 0.0 0.0 259.0 4285.0 66.0 59.0
37 43 46 0.0 0.0 0.0 0.0 49.0 0.0 0.0
37 44 34 0.0 0.0 0.0 0.0 7.0 0.0 0.0
37 44 35 0.0 0.0 0.0 54.0 1213.0 28.0 2.0
37 44 36 0.0 0.0 0.0 954.0 10936.0 198.0 500.0
37 44 37 0.0 0.0 1.0 2247.0 30732.0 431.0 5504.0
37 44 38 0.0 0.0 0.0 2893.0 42218.0 522.0 18077.0
37 44 39 0.0 0.0 0.0 2850.0 43673.0 515.0 27917.0
37 44 40 0.0 0.0 0.0 3497.0 43037.0 486.0 32169.0
37 44 41 0.0 0.0 0.0 3434.0 43061.0 482.0 28019.0
37 44 42 0.0 1.0 0.0 3171.0 41950.0 534.0 18675.0
37 44 43 0.0 6.0 0.0 2359.0 32063.0 455.0 6168.0
37 44 44 0.0 0.0 0.0 723.0 10285.0 167.0 406.0
37 44 45 0.0 0.0 0.0 111.0 1026.0 25.0 2.0
37 44 46 0.0 0.0 0.0 0.0 1.0 0.0 0.0
37 45 35 0.0 0.0 0.0 3.0 79.0 1.0 0.0
37 45 36 0.0 0.0 0.0 56.0 976.0 19.0 3.0
37 45 37 0.0 0.0 0.0 279.0 4121.0 79.0 47.0
37 45 38 0.0 0.0 0.0 660.0 9405.0 148.0 244.0
37 45 39 0.0 0.0 0.0 1112.0 14209.0 252.0 756.0
37 45 40 0.0 0.0 0.0 1229.0 16459.0 280.0 980.0
37 45 41 0.0 0.0 0.0 1121.0 13782.0 208.0 692.0
37 45 42 0.0 0.0 0.0 686.0 8984.0 158.0 254.0
37 45 43 0.0 0.0 0.0 297.0 3987.0 60.0 31.0
37 45 44 0.0 0.0 0.0 57.0 1055.0 26.0 0.0
37 45 45 0.0 0.0 0.0 9.0 79.0 3.0 0.0
37 46 36 0.0 0.0 0.0 1.0 8.0 1.0 0.0
37 46 37 0.0 0.0 0.0 3.0 74.0 1.0 0.0
37 46 38 0.0 0.0 0.0 9.0 180.0 2.0 0.0
37 46 39 0.0 0.0 0.0 20.0 290.0 4.0 0.0
37 46 40 0.0 0.0 0.0 26.0 378.0 5.0 0.0
37 46 41 0.0 0.0 0.0 14.0 306.0 4.0 0.0
37 46 42 0.0 0.0 0.0 23.0 181.0 2.0 0.0
37 46 43 0.0 0.0 0.0 2.0 38.0 1.0 0.0
37 46 44 0.0 0.0 0.0 3.0 2.0 0.0 0.0
37 46 45 0.0 0.0 0.0 0.0 2.0 0.0 0.0
38 33 39 0.0 0.0 0.0 0.0 1.0 0.0 0.0
38 33 40 0.0 0.0 0.0 0.0 1.0 0.0 0.0
38 34 35 0.0 0.0 0.0 0.0 1.0 0.0 0.0
38 34 36 0.0 0.0 0.0 2.0 28.0 0.0 0.0
38 34 37 0.0 0.0 0.0 5.0 139.0 1.0 0.0
38 34 38 0.0 0.0 0.0 87.0 498.0 10.0 0.0
38 34 39 0.0 0.0 0.0 88.0 934.0 12.0 8.0
38 34 40 0.0 0.0 0.0 117.0 1086.0 28.0 4.0
38 34 41 0.0 0.0 0.0 77.0 1011.0 17.0 1.0
38 34 42 0.0 0.0 0.0 38.0 469.0 9.0 2.0
38 34 43 0.0 0.0 0.0 20.0 208.0 2.0 0.0
38 34 44 0.0 0.0 0.0 2.0 34.0 0.0 0.0
38 35 34 0.0 0.0 0.0 0.0 3.0 0.0 0.0
38 35 35 0.0 0.0 0.0 12.0 232.0 3.0 0.0
38 35 36 0.0 0.0 0.0 208.0 2453.0 36.0 11.0
38 35 37 0.0 0.0 0.0 692.0 8569.0 153.0 218.0
38 35 38 0.0 0.0 0.0 1178.0 18903.0 291.0 1303.0
38 35 39 0.0 0.0 0.0 1937.0 25430.0 352.0 3009.0
38 35 40 0.0 0.0 0.0 2063.0 28297.0 419.0 3956.0
38 35 41 0.0 0.0 0.0 1992.0 26186.0 381.0 3127.0
38 35 42 0.0 0.0 0.0 1744.0 18887.0 305.0 1461.0
38 35 43 0.0 0.0 0.0 836.0 9625.0 160.0 326.0
38 35 44 0.0 0.0 0.0 240.0 2934.0 54.0 23.0
38 35 45 0.0 0.0 0.0 18.0 287.0 6.0 0.0
38 35 46 0.0 0.0 0.0 0.0 2.0 0.0 0.0
38 36 34 0.0 0.0 0.0 3.0 19.0 0.0 0.0
38 36 35 0.0 0.0 0.0 184.0 2379.0 49.0 16.0
38 36 36 0.0 0.0 0.0 1703.0 22831.0 368.0 2413.0
38 36 37 0.0 0.0 0.0 2742.0 42461.0 519.0 18803.0
38 36 38 0.0 0.0 0.0 3147.0 42543.0 435.0 38625.0
38 36 39 0.0 0.0 0.0 3139.0 38062.0 372.0 51170.0
38 36 40 0.0 0.0 0.0 2434.0 36284.0 315.0 56538.0
38 36 41 0.0 0.0 1.0 2856.0 37611.0 390.0 54135.0
38 36 42 0.0 0.0 0.0 3389.0 41379.0 454.0 40429.0
38 36 43 0.0 0.0 0.0 3333.0 41830.0 534.0 18798.0
38 36 44 0.0 0.0 0.0 1679.0 26326.0 371.0 3490.0
38 36 45 0.0 0.0 0.0 299.0 2699.0 56.0 21.0
38 36 46 0.0 0.0 0.0 0.0 25.0 1.0 0.0
38 37 34 0.0 0.0 0.0 14.0 210.0 3.0 0.0
38 37 35 0.0 0.0 0.0 629.0 9761.0 170.0 313.0
38 37 36 0.0 0.0 1.0 3237.0 41713.0 569.0 17244.0
38 37 37 0.0 0.0 0.0 2549.0 30690.0 298.0 68817.0
38 37 38 0.0 0.0 0.0 1600.0 20156.0 158.0 93779.0
38 37 39 0.0 0.0 1.0 1307.0 16194.0 110.0 102889.0
38 37 40 0.0 0.0 0.0 1200.0 14502.0 115.0 106230.0
38 37 41 0.0 0.0 0.0 1170.0 15729.0 113.0 103384.0
38 37 42 0.0 0.0 0.0 1546.0 19751.0 145.0 94558.0
38 37 43 0.0 0.0 0.0 2573.0 30031.0 264.0 69826.0
38 37 44 0.0 0.0 0.0 3338.0 41937.0 524.0 18205.0
38 37 45 0.0 0.0 0.0 640.0 9984.0 154.0 306.0
38 37 46 0.0 0.0 0.0 28.0 203.0 5.0 0.0
38 38 34 0.0 0.0 0.0 41.0 570.0 6.0 1.0
38 38 35 0.0 0.0 0.0 1826.0 18125.0 305.0 1381.0
38 38 36 0.0 0.0 1.0 3672.0 40939.0 432.0 41470.0
38 38 37 0.0 0.0 0.0 1758.0 19841.0 161.0 94407.0
38 38 38 0.0 0.0 1.0 810.0 9729.0 64.0 121751.0
38 38 39 0.0 0.0 0.0 571.0 7095.0 47.0 127479.0
38 38 40 0.0 0.0 0.0 525.0 6216.0 34.0 130119.0
38 38 41 0.0 0.0 0.0 626.0 7010.0 40.0 128232.0
38 38 42 0.0 0.0 0.0 751.0 10228.0 76.0 119612.0
38 38 43 0.0 0.0 0.0 1637.0 20158.0 150.0 94375.0
38 38 44 0.0 0.0 0.0 3303.0 41300.0 423.0 41066.0
38 38 45 0.0 0.0 0.0 1379.0 20120.0 299.0 1607.0
38 38 46 0.0 0.0 0.0 30.0 628.0 6.0 0.0
38 39 34 0.0 0.0 0.0 137.0 901.0 19.0 2.0
38 39 35 0.0 0.0 0.0 2180.0 27188.0 401.0 3565.0
38 39 36 0.0 0.0 1.0 3173.0 36399.0 344.0 55379.0
38 39 37 0.0 0.0 0.0 1431.0 15179.0 119.0 104818.0
38 39 38 0.0 1.0 0.0 553.0 6591.0 41.0 129535.0
38 39 39 0.0 0.0 0.0 435.0 4533.0 24.0 133473.0
38 39 40 0.0 0.0 0.0 383.0 4067.0 21.0 134592.0
38 39 41 0.0 0.0 0.0 392.0 4530.0 33.0 133694.0
38 39 42 0.0 0.0 3.0 586.0 7095.0 40.0 127217.0
38 39 43 0.0 0.0 0.0 1198.0 15798.0 106.0 103765.0
38 39 44 0.0 0.0 0.0 2597.0 37650.0 345.0 52898.0
38 39 45 0.0 1.0 0.0 1711.0 27080.0 403.0 3318.0
38 39 46 0.0 0.0 0.0 51.0 1022.0 16.0 0.0
38 40 34 0.0 0.0 0.0 101.0 1285.0 28.0 4.0
38 40 35 0.0 0.0 0.0 2612.0 29749.0 471.0 4694.0
38 40 36 0.0 0.0 0.0 2758.0 34251.0 316.0 60439.0
38 40 37 0.0 0.0 0.0 1063.0 13695.0 96.0 108127.0
38 40 38 0.0 0.0 0.0 432.0 5965.0 39.0 131152.0
38 40 39 0.0 0.0 0.0 354.0 4005.0 12.0 134433.0
38 40 40 0.0 0.0 0.0 297.0 3394.0 15.0 134795.0
38 40 41 0.0 0.0 0.0 373.0 4020.0 25.0 133809.0
38 40 42 0.0 0.0 1.0 501.0 6381.0 29.0 128854.0
38 40 43 0.0 1.0 0.0 1014.0 14454.0 105.0 106882.0
38 40 44 0.0 5.0 0.0 2993.0 35398.0 322.0 57517.0
38 40 45 0.0 2.0 0.0 2125.0 28269.0 431.0 3863.0
38 40 46 0.0 0.0 0.0 101.0 1100.0 19.0 1.0
38 40 47 0.0 0.0 0.0 0.0 1.0 0.0 0.0
38 41 34 0.0 0.0 0.0 56.0 912.0 16.0 2.0
38 41 35 0.0 0.0 0.0 1761.0 27515.0 423.0 3644.0
38 41 36 0.0 0.0 0.0 2592.0 36716.0 368.0 56059.0
38 41 37 0.0 0.0 0.0 1255.0 15116.0 109.0 105357.0
38 41 38 0.0 0.0 0.0 556.0 6609.0 27.0 128654.0
38 41 39 0.0 0.0 0.0 395.0 4451.0 19.0 133303.0
38 41 40 0.0 0.0 0.0 338.0 4030.0 35.0 133806.0
38 41 41 0.0 0.0 0.0 364.0 4637.0 18.0 133025.0
38 41 42 0.0 0.0 0.0 572.0 7057.0 50.0 127636.0
38 41 43 0.0 0.0 0.0 1468.0 15883.0 121.0 103212.0
38 41 44 0.0 0.0 0.0 3307.0 37024.0 365.0 53224.0
38 41 45 0.0 0.0 0.0 2164.0 25508.0 400.0 3109.0
38 41 46 0.0 0.0 0.0 75.0 954.0 21.0 3.0
38 42 34 0.0 0.0 0.0 39.0 538.0 14.0 1.0
38 42 35 0.0 0.0 0.0 1541.0 20276.0 345.0 1675.0
38 42 36 0.0 0.0 0.0 2889.0 41224.0 435.0 42414.0
38 42 37 0.0 0.0 0.0 1576.0 20218.0 142.0 93984.0
38 42 38 0.0 0.0 0.0 763.0 9515.0 53.0 121264.0
38 42 39 0.0 0.0 0.0 577.0 6809.0 44.0 128090.0
38 42 40 0.0 0.0 0.0 479.0 6267.0 26.0 129770.0
38 42 41 0.0 0.0 1.0 556.0 7082.0 42.0 127855.0
38 42 42 0.0 0.0 0.0 849.0 10081.0 61.0 120090.0
38 42 43 0.0 0.0 0.0 1611.0 20358.0 163.0 93461.0
38 42 44 0.0 1.0 3.0 3344.0 41865.0 450.0 39118.0
38 42 45 0.0 1.0 1.0 1500.0 18722.0 296.0 1460.0
38 42 46 0.0 0.0 0.0 37.0 479.0 4.0 0.0
38 43 34 0.0 0.0 0.0 10.0 160.0 3.0 0.0
38 43 35 0.0 0.0 0.0 701.0 9870.0 159.0 327.0
38 43 36 0.0 0.0 0.0 3351.0 41789.0 538.0 18435.0
38 43 37 0.0 0.0 0.0 2323.0 30572.0 260.0 70390.0
38 43 38 0.0 1.0 1.0 1480.0 20243.0 143.0 94637.0
38 43 39 0.0 0.0 0.0 1267.0 15904.0 105.0 102993.0
38 43 40 0.0 0.0 0.0 1137.0 14827.0 107.0 106167.0
38 43 41 0.0 0.0 0.0 1239.0 15695.0 120.0 103944.0
38 43 42 0.0 0.0 0.0 1611.0 20087.0 148.0 93892.0
38 43 43 0.0 0.0 0.0 2673.0 31449.0 295.0 67000.0
38 43 44 0.0 0.0 0.0 3361.0 41899.0 498.0 18259.0
38 43 45 0.0 0.0 0.0 782.0 8425.0 145.0 203.0
38 43 46 0.0 0.0 0.0 9.0 147.0 1.0 0.0
38 44 34 0.0 0.0 0.0 4.0 22.0 0.0 0.0
38 44 35 0.0 0.0 0.0 154.0 2567.0 56.0 19.0
38 44 36 0.0 0.0 0.0 1885.0 23321.0 366.0 2712.0
38 44 37 0.0 0.0 0.0 3029.0 42015.0 535.0 17650.0
38 44 38 0.0 0.0 1.0 3625.0 40609.0 453.0 41432.0
38 44 39 0.0 0.0 0.0 2654.0 38295.0 355.0 52362.0
38 44 40 0.0 1.0 0.0 2755.0 36014.0 309.0 57377.0
38 44 41 0.0 0.0 2.0 2939.0 37886.0 366.0 52792.0
38 44 42 0.0 0.0 0.0 3045.0 42225.0 393.0 38902.0
38 44 43 0.0 0.0 0.0 3640.0 41681.0 507.0 19133.0
38 44 44 0.0 0.0 0.0 1981.0 22387.0 365.0 2459.0
38 44 45 0.0 0.0 0.0 194.0 2291.0 31.0 17.0
38 44 46 0.0 0.0 0.0 0.0 23.0 0.0 0.0
38 45 35 0.0 0.0 0.0 21.0 207.0 6.0 0.0
38 45 36 0.0 0.0 0.0 203.0 2354.0 32.0 11.0
38 45 37 0.0 0.0 0.0 586.0 9425.0 149.0 269.0
38 45 38 0.0 1.0 0.0 1400.0 19327.0 286.0 1372.0
38 45 39 0.0 0.0 3.0 1957.0 26912.0 423.0 3457.0
38 45 40 0.0 0.0 4.0 1928.0 28430.0 417.0 3844.0
38 45 41 0.0 3.0 0.0 1851.0 25949.0 398.0 3145.0
38 45 42 0.0 0.0 0.0 1381.0 18907.0 275.0 1284.0
38 45 43 0.0 5.0 0.0 740.0 9397.0 155.0 274.0
38 45 44 0.0 0.0 0.0 144.0 2565.0 46.0 16.0
38 45 45 0.0 0.0 0.0 25.0 228.0 7.0 0.0
38 46 36 0.0 0.0 0.0 1.0 18.0 1.0 0.0
38 46 37 0.0 0.0 0.0 11.0 113.0 2.0 0.0
38 46 38 0.0 0.0 0.0 60.0 591.0 6.0 0.0
38 46 39 0.0 0.0 0.0 87.0 912.0 19.0 4.0
38 46 40 0.0 0.0 0.0 83.0 1091.0 27.0 2.0
38 46 41 0.0 0.0 0.0 65.0 913.0 19.0 2.0
38 46 42 0.0 0.0 0.0 48.0 515.0 8.0 0.0
38 46 43 0.0 0.0 0.0 12.0 157.0 4.0 0.0
38 46 44 0.0 0.0 0.0 0.0 18.0 0.0 0.0
38 46 45 0.0 0.0 0.0 0.0 3.0 0.0 0.0
38 47 38 0.0 0.0 0.0 0.0 1.0 0.0 0.0
38 47 42 0.0 0.0 0.0 0.0 1.0 0.0 0.0
39 33 39 0.0 0.0 0.0 0.0 3.0 0.0 0.0
39 33 40 0.0 0.0 0.0 0.0 7.0 0.0 0.0
39 34 35 0.0 0.0 0.0 0.0 2.0 0.0 0.0
39 34 36 0.0 0.0 0.0 4.0 56.0 1.0 0.0
39 34 37 0.0 0.0 0.0 20.0 313.0 4.0 0.0
39 34 38 0.0 0.0 0.0 69.0 1026.0 19.0 2.0
39 34 39 0.0 0.0 0.0 124.0 1722.0 25.0 9.0
39 34 40 0.0 0.0 0.0 154.0 2302.0 39.0 10.0
39 34 41 0.0 0.0 0.0 184.0 1768.0 26.0 7.0
39 34 42 0.0 0.0 0.0 65.0 1003.0 22.0 4.0
39 34 43 0.0 0.0 0.0 27.0 373.0 8.0 0.0
39 34 44 0.0 0.0 0.0 8.0 83.0 0.0 0.0
39 34 45 0.0 0.0 0.0 0.0 4.0 0.0 0.0
39 35 34 0.0 0.0 0.0 0.0 2.0 0.0 0.0
39 35 35 0.0 0.0 0.0 55.0 426.0 12.0 1.0
39 35 36 0.0 0.0 0.0 309.0 4082.0 69.0 43.0
39 35 37 0.0 0.0 0.0 1160.0 13969.0 221.0 707.0
39 35 38 0.0 0.0 0.0 1958.0 25675.0 413.0 3012.0
39 35 39 0.0 0.0 0.0 2704.0 33300.0 448.0 6704.0
39 35 40 0.0 0.0 0.0 3137.0 36301.0 525.0 8910.0
39 35 41 0.0 0.0 0.0 2738.0 34092.0 475.0 7000.0
39 35 42 0.0 0.0 0.0 2401.0 27141.0 377.0 3851.0
39 35 43 0.0 0.0 0.0 1283.0 15778.0 278.0 997.0
39 35 44 0.0 0.0 0.0 383.0 4879.0 73.0 62.0
39 35 45 0.0 0.0 0.0 61.0 661.0 14.0 0.0
39 35 46 0.0 0.0 0.0 0.0 4.0 0.0 0.0
39 36 34 0.0 0.0 0.0 3.0 67.0 0.0 0.0
39 36 35 0.0 0.0 0.0 281.0 3893.0 67.0 39.0
39 36 36 0.0 0.0 1.0 2588.0 29374.0 420.0 5073.0
39 36 37 0.0 0.0 1.0 3191.0 43309.0 512.0 27411.0
39 36 38 0.0 0.0 0.0 2911.0 37210.0 361.0 53363.0
39 36 39 0.0 0.0 0.0 2465.0 31665.0 278.0 67009.0
39 36 40 0.0 1.0 0.0 2625.0 29947.0 250.0 69943.0
39 36 41 0.0 0.0 1.0 2781.0 31461.0 292.0 66657.0
39 36 42 0.0 0.0 0.0 3226.0 36927.0 393.0 53928.0
39 36 43 0.0 1.0 0.0 3762.0 42372.0 453.0 32743.0
39 36 44 0.0 0.0 0.0 2967.0 32411.0 495.0 6759.0
39 36 45 0.0 1.0 0.0 430.0 4406.0 81.0 60.0
39 36 46 0.0 0.0 0.0 3.0 76.0 2.0 0.0
39 37 34 0.0 0.0 0.0 17.0 305.0 2.0 0.0
39 37 35 0.0 0.0 2.0 1227.0 14098.0 230.0 696.0
39 37 36 0.0 0.0 0.0 4093.0 42188.0 480.0 28581.0
39 37 37 0.0 0.0 0.0 2106.0 24790.0 195.0 82196.0
39 37 38 0.0 0.0 0.0 1266.0 15544.0 109.0 103856.0
39 37 39 0.0 0.0 0.0 1008.0 11558.0 69.0 112584.0
39 37 40 0.0 0.0 0.0 937.0 10886.0 80.0 114287.0
39 37 41 0.0 0.0 0.0 964.0 12032.0 68.0 112482.0
39 37 42 0.0 0.0 0.0 1317.0 15259.0 134.0 104421.0
39 37 43 0.0 0.0 0.0 1829.0 23676.0 178.0 85297.0
39 37 44 0.0 1.0 0.0 3349.0 43201.0 502.0 31433.0
39 37 45 0.0 1.0 0.0 1011.0 15603.0 259.0 866.0
39 37 46 0.0 0.0 0.0 28.0 435.0 10.0 1.0
39 38 34 0.0 0.0 0.0 76.0 985.0 13.0 3.0
39 38 35 0.0 0.0 1.0 1986.0 26355.0 373.0 3065.0
39 38 36 0.0 0.0 0.0 3268.0 37287.0 363.0 52294.0
39 38 37 0.0 1.0 2.0 1240.0 15320.0 140.0 105206.0
39 38 38 0.0 0.0 0.0 642.0 7063.0 40.0 127526.0
39 38 39 0.0 0.0 1.0 359.0 4503.0 23.0 133599.0
39 38 40 0.0 0.0 1.0 342.0 4067.0 20.0 133547.0
39 38 41 0.0 0.0 0.0 445.0 4610.0 24.0 133334.0
39 38 42 0.0 0.0 0.0 577.0 6856.0 45.0 129334.0
39 38 43 0.0 1.0 0.0 1241.0 15618.0 110.0 104206.0
39 38 44 0.0 1.0 0.0 2563.0 36699.0 347.0 56374.0
39 38 45 0.0 0.0 0.0 2276.0 27439.0 406.0 3689.0
39 38 46 0.0 0.0 0.0 70.0 1091.0 16.0 3.0
39 38 47 0.0 0.0 0.0 0.0 1.0 0.0 0.0
39 39 33 0.0 0.0 0.0 1.0 2.0 0.0 0.0
39 39 34 0.0 0.0 0.0 118.0 1708.0 30.0 8.0
39 39 35 0.0 0.0 0.0 2675.0 33319.0 436.0 6796.0
39 39 36 0.0 0.0 0.0 2842.0 31265.0 307.0 67206.0
39 39 37 0.0 0.0 0.0 1040.0 11464.0 84.0 112384.0
39 39 38 0.0 0.0 1.0 396.0 4441.0 24.0 133650.0
39 39 39 0.0 0.0 1.0 176.0 2124.0 7.0 146014.0
39 39 40 0.0 0.0 0.0 164.0 1812.0 8.0 145867.0
39 39 41 0.0 0.0 0.0 181.0 2144.0 12.0 145273.0
39 39 42 0.0 0.0 0.0 376.0 4552.0 32.0 133484.0
39 39 43 0.0 0.0 0.0 919.0 12021.0 76.0 112511.0
39 39 44 0.0 3.0 0.0 2450.0 31253.0 286.0 68005.0
39 39 45 0.0 0.0 0.0 2835.0 35362.0 478.0 7859.0
39 39 46 0.0 0.0 0.0 154.0 1822.0 31.0 9.0
39 40 34 0.0 0.0 0.0 161.0 1908.0 31.0 8.0
39 40 35 0.0 0.0 0.0 2706.0 36320.0 541.0 8667.0
39 40 36 0.0 1.0 0.0 2550.0 29302.0 258.0 71101.0
39 40 37 0.0 1.0 0.0 873.0 10435.0 72.0 115224.0
39 40 38 0.0 1.0 0.0 308.0 3900.0 14.0 134341.0
39 40 39 0.0 0.0 0.0 191.0 1744.0 13.0 147144.0
39 40 40 0.0 0.0 0.0 119.0 1362.0 8.0 146364.0
39 40 41 0.0 0.0 0.0 146.0 1753.0 5.0 146755.0
39 40 42 0.0 0.0 0.0 345.0 4077.0 32.0 134539.0
39 40 43 0.0 0.0 0.0 807.0 10466.0 53.0 114751.0
39 40 44 0.0 0.0 0.0 2284.0 29937.0 264.0 71009.0
39 40 45 0.0 1.0 0.0 2639.0 36241.0 480.0 8526.0
39 40 46 0.0 0.0 0.0 148.0 1979.0 30.0 12.0
39 40 47 0.0 0.0 0.0 0.0 1.0 0.0 0.0
39 41 33 0.0 0.0 0.0 1.0 2.0 1.0 0.0
39 41 34 0.0 0.0 0.0 107.0 1918.0 31.0 4.0
39 41 35 0.0 0.0 0.0 2910.0 33959.0 501.0 7120.0
39 41 36 0.0 0.0 0.0 2459.0 31295.0 274.0 66943.0
39 41 37 0.0 0.0 0.0 943.0 11643.0 73.0 112490.0
39 41 38 0.0 0.0 0.0 418.0 4556.0 28.0 133730.0
39 41 39 0.0 0.0 0.0 211.0 2138.0 8.0 146662.0
39 41 40 0.0 0.0 0.0 147.0 1808.0 5.0 145457.0
39 41 41 0.0 0.0 0.0 212.0 2126.0 11.0 145776.0
39 41 42 0.0 0.0 0.0 375.0 4636.0 31.0 133357.0
39 41 43 0.0 0.0 0.0 1020.0 12166.0 83.0 111810.0
39 41 44 0.0 0.0 0.0 2688.0 32230.0 282.0 65431.0
39 41 45 0.0 1.0 0.0 2709.0 33175.0 483.0 6734.0
39 41 46 0.0 0.0 0.0 140.0 1706.0 27.0 6.0
39 41 47 0.0 0.0 0.0 0.0 2.0 0.0 0.0
39 42 34 0.0 0.0 0.0 51.0 1041.0 22.0 2.0
39 42 35 0.0 0.0 0.0 1938.0 28041.0 413.0 3908.0
39 42 36 0.0 0.0 1.0 3001.0 37159.0 382.0 53534.0
39 42 37 0.0 0.0 1.0 1246.0 15527.0 117.0 103996.0
39 42 38 0.0 0.0 0.0 542.0 6954.0 44.0 127746.0
39 42 39 0.0 0.0 0.0 373.0 4521.0 17.0 133306.0
39 42 40 0.0 0.0 0.0 336.0 4148.0 32.0 134645.0
39 42 41 0.0 0.0 0.0 374.0 4604.0 24.0 133674.0
39 42 42 0.0 0.0 0.0 598.0 7123.0 53.0 127486.0
39 42 43 0.0 0.0 0.0 1255.0 15499.0 108.0 103836.0
39 42 44 0.0 0.0 0.0 3730.0 36587.0 335.0 53778.0
39 42 45 0.0 0.0 0.0 1959.0 25430.0 423.0 3120.0
39 42 46 0.0 0.0 0.0 70.0 875.0 14.0 1.0
39 43 33 0.0 0.0 0.0 0.0 1.0 0.0 0.0
39 43 34 0.0 0.0 0.0 43.0 313.0 5.0 1.0
39 43 35 0.0 0.0 0.0 1076.0 14281.0 224.0 726.0
39 43 36 0.0 0.0 0.0 3438.0 42709.0 483.0 28185.0
39 43 37 0.0 0.0 0.0 2371.0 25001.0 216.0 81147.0
39 43 38 0.0 0.0 0.0 1190.0 15612.0 117.0 103882.0
39 43 39 0.0 0.0 0.0 954.0 11779.0 76.0 112157.0
39 43 40 0.0 0.0 0.0 799.0 11037.0 74.0 114147.0
39 43 41 0.0 2.0 0.0 981.0 12190.0 94.0 111537.0
39 43 42 0.0 0.0 1.0 1305.0 15447.0 105.0 104513.0
39 43 43 0.0 0.0 0.0 2067.0 25293.0 193.0 81245.0
39 43 44 0.0 0.0 0.0 3345.0 43130.0 516.0 27878.0
39 43 45 0.0 0.0 0.0 1181.0 13692.0 215.0 696.0
39 43 46 0.0 0.0 0.0 22.0 322.0 6.0 0.0
39 44 34 0.0 0.0 0.0 3.0 59.0 2.0 0.0
39 44 35 0.0 0.0 0.0 295.0 4305.0 85.0 58.0
39 44 36 0.0 0.0 0.0 2262.0 29302.0 479.0 4908.0
39 44 37 0.0 0.0 0.0 3232.0 42929.0 494.0 30380.0
39 44 38 0.0 8.0 0.0 2968.0 37352.0 361.0 53668.0
39 44 39 0.0 0.0 0.0 2385.0 32353.0 312.0 65672.0
39 44 40 0.0 0.0 1.0 2272.0 30128.0 274.0 70450.0
39 44 41 0.0 0.0 0.0 2416.0 33028.0 309.0 64852.0
39 44 42 0.0 0.0 0.0 3031.0 37535.0 340.0 53005.0
39 44 43 0.0 0.0 0.0 3253.0 43092.0 507.0 28606.0
39 44 44 0.0 0.0 0.0 2257.0 30206.0 424.0 5426.0
39 44 45 0.0 0.0 0.0 329.0 4275.0 85.0 41.0
39 44 46 0.0 0.0 0.0 2.0 47.0 0.0 0.0
39 45 35 0.0 0.0 0.0 27.0 450.0 7.0 0.0
39 45 36 0.0 0.0 0.0 301.0 4020.0 58.0 49.0
39 45 37 0.0 0.0 0.0 1270.0 14022.0 233.0 748.0
39 45 38 0.0 0.0 0.0 2243.0 26273.0 390.0 3418.0
39 45 39 0.0 0.0 0.0 2239.0 34212.0 456.0 6788.0
39 45 40 0.0 0.0 1.0 2333.0 36067.0 538.0 8206.0
39 45 41 0.0 0.0 0.0 2438.0 34041.0 444.0 6877.0
39 45 42 0.0 0.0 0.0 2029.0 25255.0 370.0 2932.0
39 45 43 0.0 0.0 0.0 1105.0 13978.0 223.0 677.0
39 45 44 0.0 0.0 0.0 363.0 3876.0 62.0 48.0
39 45 45 0.0 0.0 0.0 37.0 488.0 4.0 2.0
39 45 46 0.0 0.0 0.0 0.0 5.0 0.0 0.0
39 46 35 0.0 0.0 0.0 0.0 2.0 0.0 0.0
39 46 36 0.0 0.0 0.0 1.0 48.0 0.0 0.0
39 46 37 0.0 0.0 0.0 28.0 264.0 5.0 0.0
39 46 38 0.0 0.0 0.0 88.0 799.0 12.0 2.0
39 46 39 0.0 0.0 0.0 122.0 1643.0 28.0 7.0
39 46 40 0.0 0.0 0.0 179.0 1854.0 31.0 7.0
39 46 41 0.0 0.0 0.0 117.0 1551.0 22.0 6.0
39 46 42 0.0 0.0 0.0 60.0 900.0 14.0 2.0
39 46 43 0.0 0.0 0.0 18.0 278.0 6.0 0.0
39 46 44 0.0 0.0 0.0 7.0 54.0 1.0 0.0
39 46 45 0.0 0.0 0.0 0.0 3.0 0.0 0.0
39 47 41 0.0 0.0 0.0 0.0 1.0 0.0 0.0
39 47 42 0.0 0.0 0.0 0.0 1.0 0.0 0.0
40 33 38 0.0 0.0 0.0 1.0 1.0 0.0 0.0
40 33 40 0.0 0.0 0.0 0.0 4.0 0.0 0.0
40 33 42 0.0 0.0 0.0 0.0 1.0 0.0 0.0
40 33 43 0.0 0.0 0.0 0.0 1.0 0.0 0.0
40 34 35 0.0 0.0 0.0 0.0 3.0 0.0 0.0
40 34 36 0.0 0.0 0.0 12.0 74.0 2.0 0.0
40 34 37 0.0 0.0 0.0 19.0 395.0 7.0 0.0
40 34 38 0.0 0.0 0.0 91.0 1140.0 26.0 5.0
40 34 39 0.0 0.0 0.0 209.0 2223.0 53.0 7.0
40 34 40 0.0 0.0 2.0 205.0 2828.0 43.0 14.0
40 34 41 0.0 0.0 0.0 191.0 2386.0 42.0 12.0
40 34 42 0.0 0.0 0.0 111.0 1435.0 30.0 11.0
40 34 43 0.0 0.0 0.0 25.0 515.0 4.0 1.0
40 34 44 0.0 0.0 0.0 1.0 114.0 1.0 0.0
40 34 45 0.0 0.0 0.0 2.0 5.0 1.0 0.0
40 34 46 0.0 0.0 0.0 0.0 1.0 0.0 0.0
40 35 34 0.0 0.0 0.0 0.0 1.0 0.0 0.0
40 35 35 0.0 0.0 0.0 53.0 615.0 10.0 1.0
40 35 36 0.0 0.0 0.0 322.0 4917.0 101.0 79.0
40 35 37 0.0 0.0 0.0 1341.0 16651.0 271.0 1008.0
40 35 38 0.0 0.0 0.0 2243.0 29215.0 444.0 4217.0
40 35 39 0.0 0.0 0.0 2521.0 37036.0 505.0 9165.0
40 35 40 0.0 2.0 0.0 3077.0 38142.0 527.0 10745.0
40 35 41 0.0 0.0 0.0 2755.0 37417.0 499.0 9460.0
40 35 42 0.0 0.0 0.0 2408.0 29967.0 423.0 4769.0
40 35 43 0.0 0.0 0.0 1446.0 18836.0 319.0 1488.0
40 35 44 0.0 0.0 0.0 494.0 6579.0 104.0 138.0
40 35 45 0.0 0.0 0.0 119.0 996.0 13.0 2.0
40 35 46 0.0 0.0 0.0 2.0 5.0 0.0 0.0
40 36 34 0.0 0.0 0.0 6.0 63.0 1.0 0.0
40 36 35 0.0 0.0 0.0 370.0 5122.0 91.0 73.0
40 36 36 0.0 0.0 0.0 2132.0 33266.0 463.0 7007.0
40 36 37 0.0 0.0 0.0 3367.0 42397.0 497.0 32730.0
40 36 38 0.0 0.0 1.0 2434.0 35157.0 331.0 59011.0
40 36 39 0.0 0.0 0.0 2474.0 29492.0 261.0 71122.0
40 36 40 0.0 0.0 1.0 2133.0 27987.0 227.0 74878.0
40 36 41 0.0 0.0 0.0 2220.0 28679.0 245.0 73557.0
40 36 42 0.0 2.0 0.0 2962.0 34121.0 319.0 61029.0
40 36 43 0.0 0.0 0.0 3749.0 41335.0 420.0 39270.0
40 36 44 0.0 1.0 0.0 2475.0 37020.0 540.0 10045.0
40 36 45 0.0 0.0 0.0 478.0 6389.0 93.0 114.0
40 36 46 0.0 0.0 0.0 1.0 75.0 0.0 0.0
40 37 34 0.0 0.0 0.0 38.0 408.0 5.0 3.0
40 37 35 0.0 0.0 0.0 1118.0 16004.0 268.0 935.0
40 37 36 0.0 0.0 0.0 3344.0 42287.0 475.0 33380.0
40 37 37 0.0 0.0 0.0 1850.0 23309.0 188.0 86066.0
40 37 38 0.0 0.0 0.0 1139.0 14246.0 97.0 106828.0
40 37 39 0.0 0.0 0.0 896.0 10695.0 70.0 114329.0
40 37 40 0.0 0.0 1.0 813.0 9806.0 74.0 116987.0
40 37 41 0.0 0.0 0.0 871.0 10588.0 63.0 115009.0
40 37 42 0.0 0.0 2.0 1151.0 13787.0 87.0 108814.0
40 37 43 0.0 1.0 1.0 1832.0 21673.0 176.0 89218.0
40 37 44 0.0 0.0 0.0 2986.0 42576.0 478.0 36705.0
40 37 45 0.0 0.0 0.0 1111.0 18768.0 328.0 1323.0
40 37 46 0.0 0.0 0.0 34.0 553.0 10.0 2.0
40 38 33 0.0 0.0 0.0 0.0 1.0 0.0 0.0
40 38 34 0.0 0.0 0.0 64.0 1130.0 18.0 2.0
40 38 35 0.0 0.0 0.0 2591.0 28800.0 414.0 4301.0
40 38 36 0.0 0.0 1.0 2682.0 35828.0 339.0 57820.0
40 38 37 0.0 0.0 0.0 1246.0 14351.0 116.0 106786.0
40 38 38 0.0 0.0 1.0 564.0 6188.0 42.0 130232.0
40 38 39 0.0 0.0 0.0 346.0 3955.0 10.0 134450.0
40 38 40 0.0 0.0 1.0 292.0 3293.0 25.0 135106.0
40 38 41 0.0 0.0 0.0 328.0 3906.0 10.0 134291.0
40 38 42 0.0 0.0 0.0 468.0 5759.0 40.0 131469.0
40 38 43 0.0 1.0 0.0 1016.0 13746.0 85.0 108205.0
40 38 44 0.0 1.0 1.0 2462.0 34318.0 325.0 61232.0
40 38 45 0.0 0.0 0.0 2154.0 30658.0 434.0 5126.0
40 38 46 0.0 0.0 0.0 95.0 1418.0 29.0 2.0
40 39 33 0.0 0.0 0.0 0.0 5.0 0.0 0.0
40 39 34 0.0 0.0 0.0 185.0 2033.0 34.0 8.0
40 39 35 0.0 0.0 0.0 2746.0 35911.0 472.0 8454.0
40 39 36 0.0 0.0 0.0 2391.0 30052.0 267.0 70211.0
40 39 37 0.0 0.0 0.0 958.0 10942.0 53.0 114527.0
40 39 38 0.0 0.0 0.0 348.0 3990.0 17.0 134664.0
40 39 39 0.0 0.0 0.0 149.0 1822.0 7.0 145531.0
40 39 40 0.0 0.0 0.0 133.0 1443.0 7.0 145623.0
40 39 41 0.0 0.0 0.0 143.0 1718.0 11.0 146477.0
40 39 42 0.0 0.0 0.0 289.0 3947.0 28.0 134311.0
40 39 43 0.0 1.0 0.0 808.0 10399.0 65.0 115873.0
40 39 44 0.0 0.0 0.0 2267.0 28516.0 261.0 73748.0
40 39 45 0.0 0.0 1.0 2714.0 37681.0 511.0 9648.0
40 39 46 0.0 0.0 0.0 141.0 2534.0 37.0 18.0
40 40 33 0.0 0.0 0.0 0.0 5.0 0.0 0.0
40 40 34 0.0 0.0 0.0 198.0 2412.0 45.0 14.0
40 40 35 0.0 0.0 0.0 3160.0 37618.0 506.0 10374.0
40 40 36 0.0 0.0 4.0 2154.0 28134.0 254.0 74579.0
40 40 37 0.0 0.0 2.0 805.0 9992.0 53.0 116635.0
40 40 38 0.0 0.0 0.0 311.0 3428.0 13.0 135511.0
40 40 39 0.0 0.0 0.0 127.0 1406.0 6.0 145253.0
40 40 40 0.0 0.0 0.0 62.0 787.0 3.0 159275.0
40 40 41 0.0 0.0 0.0 123.0 1354.0 5.0 146044.0
40 40 42 0.0 0.0 0.0 264.0 3495.0 26.0 134674.0
40 40 43 0.0 1.0 0.0 889.0 9614.0 71.0 116428.0
40 40 44 0.0 1.0 0.0 2126.0 27441.0 247.0 76190.0
40 40 45 0.0 0.0 9.0 3120.0 38163.0 510.0 11010.0
40 40 46 0.0 0.0 0.0 223.0 2934.0 53.0 20.0
40 40 47 0.0 0.0 0.0 0.0 3.0 1.0 0.0
40 41 33 0.0 0.0 0.0 0.0 1.0 0.0 0.0
40 41 34 0.0 0.0 0.0 187.0 2080.0 42.0 12.0
40 41 35 0.0 0.0 0.0 2628.0 35790.0 481.0 8494.0
40 41 36 0.0 0.0 1.0 2327.0 29852.0 248.0 70251.0
40 41 37 0.0 0.0 0.0 931.0 10425.0 74.0 114977.0
40 41 38 0.0 0.0 1.0 309.0 3999.0 25.0 134680.0
40 41 39 0.0 0.0 0.0 122.0 1728.0 5.0 146561.0
40 41 40 0.0 0.0 0.0 112.0 1328.0 7.0 146039.0
40 41 41 0.0 -1.0 0.0 161.0 1730.0 5.0 145966.0
40 41 42 0.0 0.0 0.0 352.0 3969.0 25.0 133823.0
40 41 43 0.0 0.0 0.0 960.0 11039.0 77.0 114067.0
40 41 44 0.0 1.0 0.0 2467.0 30095.0 289.0 70828.0
40 41 45 0.0 4.0 0.0 2340.0 36657.0 502.0 8688.0
40 41 46 0.0 0.0 0.0 172.0 2028.0 25.0 10.0
40 42 34 0.0 0.0 0.0 73.0 1155.0 16.0 1.0
40 42 35 0.0 0.0 0.0 2148.0 29424.0 453.0 4623.0
40 42 36 0.0 0.0 0.0 2807.0 35555.0 315.0 58333.0
40 42 37 0.0 0.0 0.0 1358.0 14414.0 107.0 106845.0
40 42 38 0.0 0.0 0.0 564.0 6148.0 32.0 128745.0
40 42 39 0.0 0.0 0.0 292.0 4111.0 23.0 134715.0
40 42 40 0.0 0.0 0.0 262.0 3443.0 18.0 134795.0
40 42 41 0.0 0.0 0.0 358.0 4068.0 26.0 134333.0
40 42 42 0.0 0.0 0.0 500.0 6082.0 37.0 130083.0
40 42 43 0.0 0.0 0.0 1262.0 14712.0 104.0 106217.0
40 42 44 0.0 2.0 0.0 2888.0 36289.0 353.0 56406.0
40 42 45 0.0 0.0 0.0 2132.0 27937.0 418.0 3816.0
40 42 46 0.0 0.0 0.0 79.0 1106.0 21.0 0.0
40 43 34 0.0 0.0 0.0 25.0 392.0 5.0 0.0
40 43 35 0.0 0.0 0.0 1343.0 15714.0 245.0 981.0
40 43 36 0.0 0.0 0.0 3554.0 42169.0 467.0 33211.0
40 43 37 0.0 0.0 1.0 1941.0 22862.0 162.0 86251.0
40 43 38 0.0 0.0 1.0 1155.0 14625.0 103.0 105817.0
40 43 39 0.0 0.0 0.0 881.0 11090.0 60.0 114502.0
40 43 40 0.0 0.0 0.0 786.0 10172.0 62.0 116032.0
40 43 41 0.0 1.0 1.0 924.0 11088.0 79.0 114622.0
40 43 42 0.0 0.0 1.0 1261.0 14176.0 110.0 106624.0
40 43 43 0.0 0.0 0.0 1957.0 23938.0 197.0 85040.0
40 43 44 0.0 0.0 0.0 3653.0 42283.0 504.0 32508.0
40 43 45 0.0 0.0 0.0 1263.0 15842.0 283.0 929.0
40 43 46 0.0 0.0 0.0 17.0 381.0 8.0 0.0
40 44 34 0.0 0.0 0.0 7.0 58.0 2.0 0.0
40 44 35 0.0 0.0 0.0 332.0 4667.0 79.0 61.0
40 44 36 0.0 0.0 0.0 3314.0 31675.0 464.0 6506.0
40 44 37 0.0 0.0 0.0 3343.0 43007.0 482.0 32614.0
40 44 38 0.0 0.0 0.0 2740.0 36142.0 357.0 56879.0
40 44 39 0.0 0.0 1.0 2168.0 30090.0 279.0 70681.0
40 44 40 0.0 0.0 0.0 2097.0 28121.0 268.0 74566.0
40 44 41 0.0 1.0 1.0 2270.0 30013.0 259.0 70234.0
40 44 42 0.0 0.0 0.0 3134.0 35557.0 349.0 56970.0
40 44 43 0.0 0.0 0.0 3897.0 42550.0 526.0 32245.0
40 44 44 0.0 0.0 0.0 2627.0 32902.0 448.0 6902.0
40 44 45 0.0 0.0 0.0 479.0 4688.0 92.0 66.0
40 44 46 0.0 0.0 0.0 4.0 82.0 1.0 0.0
40 45 34 0.0 0.0 0.0 0.0 3.0 0.0 0.0
40 45 35 0.0 0.0 0.0 42.0 596.0 15.0 0.0
40 45 36 0.0 0.0 0.0 466.0 5013.0 78.0 69.0
40 45 37 0.0 0.0 0.0 1270.0 15736.0 251.0 965.0
40 45 38 0.0 0.0 1.0 1995.0 28820.0 384.0 4180.0
40 45 39 0.0 0.0 2.0 2376.0 35822.0 490.0 8196.0
40 45 40 0.0 0.0 1.0 2869.0 37445.0 496.0 10003.0
40 45 41 0.0 0.0 0.0 2575.0 35712.0 493.0 7777.0
40 45 42 0.0 2.0 0.0 2049.0 28821.0 419.0 4015.0
40 45 43 0.0 0.0 0.0 1122.0 15473.0 244.0 842.0
40 45 44 0.0 0.0 0.0 411.0 4876.0 88.0 64.0
40 45 45 0.0 0.0 0.0 38.0 559.0 9.0 1.0
40 45 46 0.0 0.0 0.0 0.0 7.0 0.0 0.0
40 46 35 0.0 0.0 0.0 0.0 4.0 0.0 0.0
40 46 36 0.0 0.0 0.0 2.0 51.0 1.0 0.0
40 46 37 0.0 0.0 0.0 26.0 306.0 3.0 0.0
40 46 38 0.0 0.0 0.0 66.0 1157.0 12.0 2.0
40 46 39 0.0 0.0 0.0 123.0 1889.0 26.0 7.0
40 46 40 0.0 0.0 0.0 129.0 2561.0 46.0 13.0
40 46 41 0.0 0.0 0.0 135.0 1822.0 34.0 8.0
40 46 42 0.0 0.0 0.0 82.0 1162.0 20.0 1.0
40 46 43 0.0 0.0 0.0 22.0 333.0 7.0 0.0
40 46 44 0.0 0.0 0.0 5.0 71.0 1.0 0.0
40 46 45 0.0 0.0 0.0 1.0 1.0 0.0 0.0
40 47 39 0.0 0.0 0.0 0.0 6.0 0.0 0.0
40 47 40 0.0 0.0 0.0 0.0 5.0 0.0 0.0
41 33 38 0.0 0.0 0.0 0.0 1.0 0.0 0.0
41 33 39 0.0 0.0 0.0 0.0 1.0 0.0 0.0
41 33 40 0.0 0.0 0.0 0.0 1.0 0.0 0.0
41 33 42 0.0 0.0 0.0 0.0 1.0 0.0 0.0
41 34 35 0.0 0.0 0.0 0.0 6.0 0.0 0.0
41 34 36 0.0 0.0 0.0 3.0 42.0 1.0 0.0
41 34 37 0.0 0.0 0.0 33.0 303.0 4.0 0.0
41 34 38 0.0 0.0 0.0 89.0 997.0 22.0 3.0
41 34 39 0.0 0.0 0.0 148.0 2009.0 36.0 9.0
41 34 40 0.0 0.0 0.0 174.0 2266.0 39.0 14.0
41 34 41 0.0 0.0 0.0 151.0 2009.0 24.0 6.0
41 34 42 0.0 0.0 0.0 115.0 1142.0 29.0 2.0
41 34 43 0.0 0.0 0.0 37.0 440.0 6.0 0.0
41 34 44 0.0 0.0 0.0 2.0 62.0 0.0 0.0
41 34 45 0.0 0.0 0.0 3.0 9.0 0.0 0.0
41 35 34 0.0 0.0 0.0 0.0 2.0 0.0 0.0
41 35 35 0.0 0.0 0.0 52.0 454.0 8.0 1.0
41 35 36 0.0 0.0 0.0 424.0 4307.0 71.0 71.0
41 35 37 0.0 0.0 0.0 1275.0 13375.0 232.0 661.0
41 35 38 0.0 0.0 0.0 2368.0 26252.0 386.0 3514.0
41 35 39 0.0 0.0 0.0 2626.0 35159.0 492.0 7693.0
41 35 40 0.0 0.0 0.0 2729.0 37498.0 521.0 9755.0
41 35 41 0.0 1.0 1.0 2874.0 35649.0 498.0 8300.0
41 35 42 0.0 0.0 0.0 2111.0 28740.0 426.0 4068.0
41 35 43 0.0 0.0 0.0 1360.0 17689.0 286.0 1198.0
41 35 44 0.0 0.0 0.0 576.0 5971.0 92.0 121.0
41 35 45 0.0 0.0 0.0 47.0 899.0 16.0 2.0
41 35 46 0.0 0.0 0.0 0.0 6.0 0.0 0.0
41 36 34 0.0 0.0 0.0 7.0 46.0 0.0 0.0
41 36 35 0.0 0.0 0.0 479.0 4361.0 84.0 54.0
41 36 36 0.0 0.0 0.0 2468.0 31391.0 419.0 5884.0
41 36 37 0.0 0.0 0.0 3387.0 43218.0 493.0 29087.0
41 36 38 0.0 0.0 0.0 3316.0 36076.0 343.0 55140.0
41 36 39 0.0 0.0 0.0 2412.0 31076.0 254.0 68446.0
41 36 40 0.0 1.0 2.0 2145.0 29137.0 242.0 72698.0
41 36 41 0.0 0.0 1.0 2568.0 30388.0 321.0 69634.0
41 36 42 0.0 0.0 0.0 2865.0 35099.0 336.0 57728.0
41 36 43 0.0 0.0 3.0 2987.0 42316.0 478.0 35502.0
41 36 44 0.0 2.0 0.0 2530.0 35412.0 500.0 8768.0
41 36 45 0.0 0.0 0.0 482.0 5542.0 86.0 99.0
41 36 46 0.0 0.0 0.0 4.0 107.0 2.0 0.0
41 37 34 0.0 0.0 0.0 32.0 333.0 3.0 1.0
41 37 35 0.0 0.0 0.0 1064.0 14362.0 243.0 764.0
41 37 36 0.0 0.0 7.0 3843.0 42653.0 465.0 28937.0
41 37 37 0.0 0.0 0.0 2204.0 24856.0 194.0 82167.0
41 37 38 0.0 0.0 0.0 1345.0 15234.0 117.0 104205.0
41 37 39 0.0 0.0 0.0 916.0 11378.0 77.0 112854.0
41 37 40 0.0 0.0 0.0 863.0 10554.0 74.0 115843.0
41 37 41 0.0 0.0 0.0 904.0 11045.0 74.0 114043.0
41 37 42 0.0 0.0 0.0 1107.0 14189.0 90.0 107716.0
41 37 43 0.0 0.0 2.0 1418.0 21962.0 183.0 89422.0
41 37 44 0.0 0.0 0.0 2860.0 42909.0 494.0 36313.0
41 37 45 0.0 3.0 0.0 1322.0 17719.0 298.0 1224.0
41 37 46 0.0 0.0 0.0 41.0 491.0 11.0 1.0
41 38 33 0.0 0.0 0.0 0.0 1.0 0.0 0.0
41 38 34 0.0 0.0 0.0 60.0 1026.0 25.0 3.0
41 38 35 0.0 0.0 0.0 2226.0 25671.0 393.0 3214.0
41 38 36 0.0 0.0 0.0 3155.0 37035.0 381.0 54007.0
41 38 37 0.0 0.0 0.0 1330.0 15547.0 106.0 103665.0
41 38 38 0.0 0.0 0.0 580.0 6736.0 38.0 127856.0
41 38 39 0.0 0.0 0.0 411.0 4453.0 22.0 133380.0
41 38 40 0.0 0.0 0.0 297.0 3757.0 19.0 135363.0
41 38 41 0.0 0.0 0.0 321.0 4122.0 21.0 134441.0
41 38 42 0.0 0.0 1.0 483.0 5953.0 33.0 131262.0
41 38 43 0.0 0.0 0.0 1059.0 13895.0 93.0 108022.0
41 38 44 0.0 2.0 2.0 2497.0 35132.0 308.0 58887.0
41 38 45 0.0 2.0 0.0 1924.0 30432.0 449.0 4808.0
41 38 46 0.0 0.0 0.0 79.0 1288.0 27.0 4.0
41 38 47 0.0 0.0 0.0 0.0 1.0 0.0 0.0
41 39 33 0.0 0.0 0.0 0.0 4.0 0.0 0.0
41 39 34 0.0 0.0 0.0 97.0 1600.0 26.0 5.0
41 39 35 0.0 0.0 0.0 2462.0 33573.0 497.0 6582.0
41 39 36 0.0 0.0 0.0 2396.0 31540.0 276.0 67089.0
41 39 37 0.0 0.0 0.0 950.0 11816.0 66.0 112271.0
41 39 38 0.0 0.0 0.0 364.0 4548.0 29.0 132845.0
41 39 39 0.0 0.0 0.0 179.0 2148.0 14.0 146515.0
41 39 40 0.0 0.0 0.0 166.0 1673.0 8.0 147054.0
41 39 41 0.0 0.0 0.0 173.0 1808.0 7.0 148589.0
41 39 42 0.0 0.0 0.0 292.0 4134.0 15.0 134691.0
41 39 43 0.0 0.0 1.0 834.0 11054.0 77.0 114574.0
41 39 44 0.0 5.0 1.0 2230.0 29587.0 265.0 71225.0
41 39 45 0.0 0.0 0.0 2559.0 36741.0 531.0 8874.0
41 39 46 0.0 0.0 0.0 140.0 2332.0 45.0 18.0
41 39 47 0.0 0.0 0.0 0.0 1.0 0.0 0.0
41 40 34 0.0 0.0 0.0 179.0 1894.0 42.0 9.0
41 40 35 0.0 0.0 0.0 2530.0 36343.0 502.0 8476.0
41 40 36 0.0 0.0 0.0 2119.0 30029.0 285.0 70641.0
41 40 37 0.0 0.0 0.0 750.0 10844.0 67.0 114842.0
41 40 38 0.0 0.0 0.0 306.0 4003.0 15.0 134626.0
41 40 39 0.0 0.0 0.0 145.0 1618.0 6.0 147124.0
41 40 40 0.0 0.0 0.0 100.0 1300.0 7.0 146532.0
41 40 41 0.0 0.0 0.0 151.0 1730.0 6.0 146001.0
41 40 42 0.0 0.0 1.0 312.0 3807.0 22.0 135191.0
41 40 43 0.0 0.0 0.0 807.0 10596.0 77.0 116038.0
41 40 44 0.0 0.0 0.0 2205.0 28354.0 239.0 73350.0
41 40 45 0.0 0.0 0.0 2588.0 37155.0 502.0 9632.0
41 40 46 0.0 0.0 0.0 159.0 2275.0 45.0 9.0
41 41 34 0.0 0.0 0.0 93.0 1621.0 22.0 1.0
41 41 35 0.0 0.0 1.0 2655.0 33932.0 449.0 6804.0
41 41 36 0.0 0.0 0.0 2303.0 31485.0 269.0 67917.0
41 41 37 0.0 0.0 1.0 958.0 12031.0 86.0 112745.0
41 41 38 0.0 0.0 0.0 396.0 4489.0 21.0 133744.0
41 41 39 0.0 0.0 0.0 194.0 2178.0 15.0 145789.0
41 41 40 0.0 0.0 0.0 115.0 1705.0 12.0 146492.0
41 41 41 0.0 0.0 0.0 170.0 2142.0 9.0 146310.0
41 41 42 0.0 0.0 0.0 356.0 4598.0 29.0 133050.0
41 41 43 0.0 1.0 0.0 953.0 11771.0 75.0 112936.0
41 41 44 0.0 1.0 0.0 2475.0 31301.0 309.0 67589.0
41 41 45 0.0 0.0 0.0 2441.0 34391.0 496.0 7179.0
41 41 46 0.0 0.0 0.0 161.0 1720.0 31.0 3.0
41 41 47 0.0 0.0 0.0 0.0 2.0 0.0 0.0
41 42 34 0.0 0.0 0.0 60.0 929.0 17.0 0.0
41 42 35 0.0 0.0 0.0 1665.0 26309.0 387.0 3267.0
41 42 36 0.0 0.0 0.0 2991.0 36498.0 368.0 54425.0
41 42 37 0.0 0.0 0.0 1257.0 14979.0 95.0 104687.0
41 42 38 0.0 0.0 1.0 569.0 6844.0 45.0 128339.0
41 42 39 0.0 0.0 0.0 338.0 4514.0 23.0 133324.0
41 42 40 0.0 0.0 0.0 297.0 4138.0 29.0 134565.0
41 42 41 0.0 0.0 0.0 366.0 4650.0 24.0 132758.0
41 42 42 0.0 0.0 1.0 550.0 6862.0 55.0 128568.0
41 42 43 0.0 1.0 0.0 1414.0 15446.0 132.0 103987.0
41 42 44 0.0 3.0 0.0 3193.0 37324.0 374.0 53185.0
41 42 45 0.0 0.0 0.0 1819.0 26434.0 419.0 3295.0
41 42 46 0.0 0.0 0.0 82.0 924.0 16.0 1.0
41 43 34 0.0 0.0 0.0 32.0 311.0 3.0 0.0
41 43 35 0.0 0.0 0.0 1152.0 14664.0 223.0 799.0
41 43 36 0.0 0.0 2.0 3700.0 42313.0 460.0 29361.0
41 43 37 0.0 0.0 0.0 2163.0 24489.0 227.0 82504.0
41 43 38 0.0 0.0 0.0 1220.0 15418.0 110.0 104335.0
41 43 39 0.0 0.0 0.0 937.0 12018.0 72.0 112056.0
41 43 40 0.0 0.0 0.0 782.0 11009.0 70.0 113733.0
41 43 41 0.0 0.0 0.0 1018.0 11827.0 77.0 112293.0
41 43 42 0.0 0.0 0.0 1313.0 14919.0 107.0 104675.0
41 43 43 0.0 0.0 0.0 2316.0 24456.0 219.0 82537.0
41 43 44 0.0 0.0 0.0 3722.0 42927.0 469.0 28687.0
41 43 45 0.0 0.0 0.0 1172.0 14036.0 214.0 690.0
41 43 46 0.0 0.0 0.0 18.0 354.0 2.0 1.0
41 44 34 0.0 0.0 0.0 0.0 53.0 0.0 0.0
41 44 35 0.0 0.0 0.0 387.0 4460.0 89.0 59.0
41 44 36 0.0 0.0 0.0 2334.0 31619.0 490.0 6010.0
41 44 37 0.0 0.0 0.0 3735.0 42356.0 493.0 29348.0
41 44 38 0.0 0.0 0.0 2681.0 37621.0 330.0 53566.0
41 44 39 0.0 0.0 0.0 2583.0 31685.0 312.0 65992.0
41 44 40 0.0 0.0 0.0 2158.0 29961.0 251.0 70964.0
41 44 41 0.0 0.0 1.0 2598.0 31688.0 308.0 66412.0
41 44 42 0.0 6.0 0.0 2859.0 37665.0 373.0 52661.0
41 44 43 0.0 0.0 0.0 3309.0 43370.0 471.0 29756.0
41 44 44 0.0 0.0 0.0 2812.0 29529.0 431.0 5203.0
41 44 45 0.0 0.0 0.0 344.0 4181.0 77.0 46.0
41 44 46 0.0 0.0 0.0 2.0 54.0 1.0 0.0
41 45 34 0.0 0.0 0.0 0.0 4.0 0.0 0.0
41 45 35 0.0 0.0 0.0 39.0 480.0 6.0 2.0
41 45 36 0.0 0.0 0.0 401.0 3937.0 81.0 54.0
41 45 37 0.0 0.0 0.0 1149.0 14363.0 237.0 720.0
41 45 38 0.0 0.0 0.0 1624.0 26259.0 381.0 3137.0
41 45 39 0.0 0.0 0.0 1897.0 33776.0 481.0 6587.0
41 45 40 0.0 0.0 0.0 2606.0 34857.0 458.0 7905.0
41 45 41 0.0 1.0 0.0 2371.0 33746.0 502.0 6624.0
41 45 42 0.0 0.0 4.0 2558.0 26039.0 411.0 3296.0
41 45 43 0.0 0.0 0.0 1178.0 13747.0 226.0 782.0
41 45 44 0.0 0.0 0.0 350.0 4508.0 93.0 54.0
41 45 45 0.0 0.0 0.0 40.0 405.0 3.0 0.0
41 45 46 0.0 0.0 0.0 0.0 2.0 0.0 0.0
41 46 35 0.0 0.0 0.0 0.0 9.0 0.0 0.0
41 46 36 0.0 0.0 0.0 5.0 39.0 0.0 0.0
41 46 37 0.0 0.0 0.0 13.0 318.0 4.0 0.0
41 46 38 0.0 0.0 0.0 49.0 930.0 20.0 1.0
41 46 39 0.0 0.0 0.0 174.0 1704.0 25.0 6.0
41 46 40 0.0 0.0 0.0 172.0 1948.0 34.0 5.0
41 46 41 0.0 0.0 0.0 169.0 1541.0 21.0 4.0
41 46 42 0.0 0.0 0.0 71.0 875.0 9.0 3.0
41 46 43 0.0 0.0 0.0 17.0 307.0 5.0 1.0
41 46 44 0.0 0.0 0.0 5.0 64.0 3.0 0.0
41 46 45 0.0 0.0 0.0 0.0 2.0 0.0 0.0
41 47 40 0.0 0.0 0.0 0.0 1.0 0.0 0.0
41 47 41 0.0 0.0 0.0 0.0 1.0 0.0 0.0
42 33 38 0.0 0.0 0.0 0.0 1.0 0.0 0.0
42 33 39 0.0 0.0 0.0 0.0 1.0 0.0 0.0
42 33 40 0.0 0.0 0.0 0.0 3.0 0.0 0.0
42 33 41 0.0 0.0 0.0 0.0 1.0 0.0 0.0
42 34 35 0.0 0.0 0.0 1.0 2.0 0.0 0.0
42 34 36 0.0 0.0 0.0 0.0 31.0 0.0 0.0
42 34 37 0.0 0.0 0.0 14.0 164.0 4.0 1.0
42 34 38 0.0 0.0 0.0 26.0 552.0 10.0 2.0
42 34 39 0.0 0.0 0.0 81.0 1119.0 17.0 4.0
42 34 40 0.0 0.0 0.0 136.0 1519.0 29.0 3.0
42 34 41 0.0 0.0 0.0 60.0 1153.0 23.0 1.0
42 34 42 0.0 0.0 0.0 52.0 693.0 13.0 0.0
42 34 43 0.0 0.0 0.0 15.0 233.0 3.0 0.0
42 34 44 0.0 0.0 0.0 2.0 73.0 2.0 0.0
42 34 45 0.0 0.0 0.0 0.0 9.0 0.0 0.0
42 35 34 0.0 0.0 0.0 0.0 2.0 0.0 0.0
42 35 35 0.0 0.0 0.0 20.0 235.0 2.0 0.0
42 35 36 0.0 0.0 0.0 312.0 2885.0 43.0 23.0
42 35 37 0.0 0.0 0.0 837.0 9439.0 170.0 301.0
42 35 38 0.0 0.0 0.0 1693.0 20341.0 309.0 1647.0
42 35 39 0.0 0.0 0.0 2110.0 28060.0 396.0 4004.0
42 35 40 0.0 0.0 0.0 2312.0 31749.0 447.0 5421.0
42 35 41 0.0 0.0 0.0 2160.0 29537.0 404.0 4457.0
42 35 42 0.0 0.0 0.0 1700.0 23300.0 373.0 2381.0
42 35 43 0.0 0.0 0.0 1025.0 11833.0 199.0 496.0
42 35 44 0.0 0.0 0.0 286.0 3908.0 60.0 46.0
42 35 45 0.0 0.0 0.0 42.0 397.0 6.0 0.0
42 35 46 0.0 0.0 0.0 0.0 7.0 0.0 0.0
42 36 34 0.0 0.0 0.0 6.0 16.0 1.0 0.0
42 36 35 0.0 0.0 0.0 235.0 2744.0 46.0 28.0
42 36 36 0.0 0.0 0.0 1711.0 23612.0 369.0 2672.0
42 36 37 0.0 0.0 0.0 4120.0 41117.0 545.0 18532.0
42 36 38 0.0 0.0 0.0 3886.0 40921.0 436.0 40300.0
42 36 39 0.0 0.0 0.0 2717.0 36441.0 340.0 56319.0
42 36 40 0.0 0.0 0.0 2638.0 33836.0 301.0 62292.0
42 36 41 0.0 0.0 0.0 2649.0 35103.0 330.0 58989.0
42 36 42 0.0 0.0 0.0 2942.0 39746.0 400.0 47647.0
42 36 43 0.0 0.0 0.0 3543.0 42816.0 489.0 24454.0
42 36 44 0.0 0.0 0.0 1662.0 31268.0 449.0 5676.0
42 36 45 0.0 0.0 0.0 266.0 3856.0 62.0 36.0
42 36 46 0.0 0.0 0.0 4.0 35.0 0.0 0.0
42 37 34 0.0 0.0 0.0 15.0 170.0 3.0 0.0
42 37 35 0.0 0.0 0.0 657.0 9264.0 167.0 285.0
42 37 36 0.0 0.0 1.0 4641.0 40555.0 509.0 19478.0
42 37 37 0.0 0.0 0.0 2434.0 29876.0 279.0 70680.0
42 37 38 0.0 0.0 2.0 1689.0 19134.0 168.0 94986.0
42 37 39 0.0 0.0 0.0 1175.0 14772.0 103.0 105885.0
42 37 40 0.0 0.0 1.0 1061.0 13403.0 105.0 108614.0
42 37 41 0.0 0.0 0.0 1085.0 13779.0 86.0 108007.0
42 37 42 0.0 3.0 2.0 1239.0 17723.0 130.0 99852.0
42 37 43 0.0 0.0 4.0 1520.0 26954.0 207.0 78228.0
42 37 44 0.0 1.0 0.0 3136.0 43070.0 525.0 25934.0
42 37 45 0.0 0.0 0.0 821.0 13505.0 241.0 565.0
42 37 46 0.0 0.0 0.0 15.0 268.0 2.0 0.0
42 38 34 0.0 0.0 0.0 38.0 488.0 10.0 0.0
42 38 35 0.0 0.0 1.0 1600.0 19224.0 307.0 1543.0
42 38 36 0.0 0.0 4.0 3124.0 41393.0 430.0 41631.0
42 38 37 0.0 0.0 0.0 1676.0 19782.0 183.0 94452.0
42 38 38 0.0 0.0 2.0 703.0 9051.0 52.0 123419.0
42 38 39 0.0 0.0 0.0 548.0 6355.0 30.0 129742.0
42 38 40 0.0 0.0 1.0 440.0 5599.0 24.0 132050.0
42 38 41 0.0 0.0 0.0 432.0 6096.0 41.0 131118.0
42 38 42 0.0 0.0 1.0 505.0 8191.0 57.0 126114.0
42 38 43 0.0 1.0 0.0 1125.0 17468.0 136.0 100823.0
42 38 44 0.0 2.0 0.0 2457.0 39848.0 404.0 47869.0
42 38 45 0.0 0.0 0.0 1677.0 23476.0 363.0 2438.0
42 38 46 0.0 0.0 0.0 41.0 803.0 7.0 1.0
42 39 34 0.0 0.0 0.0 60.0 1084.0 26.0 2.0
42 39 35 0.0 0.0 0.0 2161.0 26412.0 403.0 3413.0
42 39 36 0.0 0.0 2.0 2651.0 36978.0 342.0 54739.0
42 39 37 0.0 0.0 0.0 1156.0 15439.0 105.0 104237.0
42 39 38 0.0 0.0 0.0 500.0 6671.0 42.0 129660.0
42 39 39 0.0 0.0 0.0 333.0 4375.0 20.0 133595.0
42 39 40 0.0 0.0 0.0 330.0 3684.0 23.0 135152.0
42 39 41 0.0 0.0 0.0 299.0 4214.0 25.0 134334.0
42 39 42 0.0 1.0 0.0 454.0 6210.0 46.0 131189.0
42 39 43 0.0 0.0 1.0 1050.0 14140.0 96.0 108100.0
42 39 44 0.0 0.0 0.0 2479.0 35454.0 339.0 59287.0
42 39 45 0.0 2.0 0.0 2026.0 29839.0 430.0 4534.0
42 39 46 0.0 0.0 0.0 75.0 1204.0 15.0 2.0
42 39 47 0.0 0.0 0.0 0.0 1.0 0.0 0.0
42 40 34 0.0 0.0 0.0 110.0 1178.0 22.0 5.0
42 40 35 0.0 0.0 0.0 2032.0 30052.0 448.0 4604.0
42 40 36 0.0 0.0 0.0 2643.0 35255.0 313.0 58609.0
42 40 37 0.0 0.0 0.0 996.0 14500.0 90.0 107302.0
42 40 38 0.0 0.0 0.0 396.0 6342.0 18.0 130072.0
42 40 39 0.0 0.0 0.0 266.0 3810.0 16.0 135234.0
42 40 40 0.0 0.0 0.0 258.0 3380.0 17.0 135234.0
42 40 41 0.0 0.0 0.0 289.0 3794.0 24.0 135169.0
42 40 42 0.0 0.0 0.0 418.0 5700.0 32.0 131374.0
42 40 43 0.0 0.0 0.0 1045.0 13360.0 102.0 109075.0
42 40 44 0.0 0.0 0.0 2463.0 33960.0 327.0 62084.0
42 40 45 0.0 0.0 0.0 2162.0 31054.0 464.0 5402.0
42 40 46 0.0 0.0 0.0 104.0 1380.0 23.0 2.0
42 40 47 0.0 0.0 0.0 0.0 1.0 0.0 0.0
42 41 33 0.0 0.0 0.0 0.0 2.0 0.0 0.0
42 41 34 0.0 0.0 0.0 80.0 1059.0 19.0 3.0
42 41 35 0.0 0.0 0.0 1932.0 27035.0 409.0 3562.0
42 41 36 0.0 0.0 1.0 2673.0 37324.0 360.0 53868.0
42 41 37 0.0 0.0 0.0 1154.0 15297.0 106.0 104204.0
42 41 38 0.0 0.0 0.0 484.0 7092.0 44.0 128402.0
42 41 39 0.0 0.0 1.0 327.0 4567.0 32.0 133038.0
42 41 40 0.0 0.0 0.0 291.0 3905.0 18.0 135060.0
42 41 41 0.0 0.0 0.0 396.0 4425.0 26.0 134401.0
42 41 42 0.0 0.0 0.0 532.0 6609.0 37.0 128770.0
42 41 43 0.0 2.0 0.0 1180.0 14901.0 101.0 106105.0
42 41 44 0.0 0.0 0.0 2788.0 36600.0 349.0 55532.0
42 41 45 0.0 0.0 0.0 2175.0 27171.0 393.0 3731.0
42 41 46 0.0 0.0 0.0 79.0 1209.0 15.0 2.0
42 41 47 0.0 0.0 0.0 0.0 2.0 0.0 0.0
42 42 34 0.0 0.0 0.0 42.0 502.0 4.0 1.0
42 42 35 0.0 0.0 0.0 1343.0 18926.0 301.0 1433.0
42 42 36 0.0 0.0 2.0 2949.0 41367.0 446.0 41174.0
42 42 37 0.0 0.0 0.0 1609.0 19518.0 145.0 94587.0
42 42 38 0.0 0.0 1.0 804.0 9837.0 48.0 120456.0
42 42 39 0.0 0.0 0.0 515.0 6983.0 42.0 128383.0
42 42 40 0.0 0.0 0.0 455.0 6038.0 33.0 130240.0
42 42 41 0.0 2.0 0.0 543.0 6788.0 38.0 128219.0
42 42 42 0.0 0.0 0.0 793.0 9776.0 69.0 121393.0
42 42 43 0.0 0.0 0.0 1630.0 20385.0 158.0 94078.0
42 42 44 0.0 1.0 2.0 3138.0 41532.0 452.0 40415.0
42 42 45 0.0 0.0 0.0 1542.0 19189.0 301.0 1487.0
42 42 46 0.0 0.0 0.0 69.0 525.0 9.0 0.0
42 43 34 0.0 0.0 0.0 9.0 241.0 3.0 0.0
42 43 35 0.0 0.0 0.0 855.0 9893.0 171.0 310.0
42 43 36 0.0 0.0 0.0 3451.0 41742.0 490.0 19103.0
42 43 37 0.0 0.0 0.0 2744.0 30959.0 292.0 67688.0
42 43 38 0.0 0.0 0.0 1547.0 20391.0 152.0 93630.0
42 43 39 0.0 0.0 0.0 1131.0 15617.0 120.0 104283.0
42 43 40 0.0 0.0 0.0 1121.0 14554.0 90.0 106885.0
42 43 41 0.0 0.0 0.0 1242.0 15614.0 120.0 104251.0
42 43 42 0.0 0.0 0.0 1610.0 20236.0 162.0 93668.0
42 43 43 0.0 0.0 0.0 2615.0 29816.0 283.0 69920.0
42 43 44 0.0 2.0 0.0 4130.0 41079.0 557.0 18567.0
42 43 45 0.0 0.0 0.0 792.0 9884.0 166.0 297.0
42 43 46 0.0 0.0 0.0 7.0 261.0 6.0 0.0
42 44 34 0.0 0.0 0.0 1.0 29.0 1.0 0.0
42 44 35 0.0 0.0 0.0 224.0 2781.0 54.0 16.0
42 44 36 0.0 0.0 0.0 2224.0 23157.0 337.0 2752.0
42 44 37 0.0 0.0 0.0 3463.0 41745.0 521.0 17833.0
42 44 38 0.0 0.0 0.0 2994.0 41535.0 440.0 40773.0
42 44 39 0.0 0.0 0.0 2507.0 37483.0 349.0 53712.0
42 44 40 0.0 1.0 2.0 2613.0 35559.0 363.0 58978.0
42 44 41 0.0 0.0 0.0 2989.0 37133.0 355.0 53319.0
42 44 42 0.0 0.0 0.0 3656.0 41295.0 444.0 40084.0
42 44 43 0.0 0.0 0.0 3462.0 41359.0 509.0 18261.0
42 44 44 0.0 0.0 0.0 1797.0 23777.0 348.0 2669.0
42 44 45 0.0 0.0 0.0 200.0 2514.0 51.0 16.0
42 44 46 0.0 0.0 0.0 13.0 30.0 0.0 0.0
42 45 34 0.0 0.0 0.0 0.0 1.0 0.0 0.0
42 45 35 0.0 0.0 0.0 26.0 337.0 9.0 0.0
42 45 36 0.0 0.0 0.0 191.0 2704.0 44.0 17.0
42 45 37 0.0 0.0 0.0 616.0 9699.0 160.0 293.0
42 45 38 0.0 0.0 0.0 1481.0 19194.0 333.0 1436.0
42 45 39 0.0 0.0 0.0 1771.0 26545.0 386.0 3173.0
42 45 40 0.0 0.0 0.0 2199.0 27868.0 392.0 3946.0
42 45 41 0.0 0.0 0.0 2402.0 25992.0 379.0 3329.0
42 45 42 0.0 0.0 0.0 1299.0 18958.0 305.0 1359.0
42 45 43 0.0 0.0 0.0 996.0 9467.0 170.0 329.0
42 45 44 0.0 0.0 0.0 164.0 2384.0 39.0 14.0
42 45 45 0.0 0.0 0.0 27.0 269.0 3.0 0.0
42 45 46 0.0 0.0 0.0 0.0 1.0 0.0 0.0
42 46 35 0.0 0.0 0.0 0.0 1.0 0.0 0.0
42 46 36 0.0 0.0 0.0 1.0 23.0 0.0 0.0
42 46 37 0.0 0.0 0.0 5.0 145.0 2.0 0.0
42 46 38 0.0 0.0 0.0 35.0 482.0 6.0 0.0
42 46 39 0.0 0.0 0.0 70.0 909.0 13.0 0.0
42 46 40 0.0 0.0 0.0 63.0 1088.0 17.0 1.0
42 46 41 0.0 0.0 0.0 81.0 954.0 13.0 2.0
42 46 42 0.0 0.0 0.0 49.0 486.0 12.0 0.0
42 46 43 0.0 0.0 0.0 13.0 183.0 4.0 0.0
42 46 44 0.0 0.0 0.0 0.0 17.0 0.0 0.0
42 46 45 0.0 0.0 0.0 0.0 1.0 0.0 0.0
42 46 46 0.0 0.0 0.0 0.0 1.0 0.0 0.0
42 47 37 0.0 0.0 0.0 0.0 2.0 0.0 0.0
42 47 40 0.0 0.0 0.0 0.0 1.0 0.0 0.0
42 47 41 0.0 0.0 0.0 0.0 1.0 0.0 0.0
42 47 42 0.0 0.0 0.0 0.0 1.0 0.0 0.0
43 34 35 0.0 0.0 0.0 0.0 5.0 0.0 0.0
43 34 36 0.0 0.0 0.0 2.0 6.0 0.0 0.0
43 34 37 0.0 0.0 0.0 5.0 66.0 0.0 0.0
43 34 38 0.0 0.0 0.0 14.0 235.0 3.0 0.0
43 34 39 0.0 0.0 0.0 20.0 457.0 7.0 0.0
43 34 40 0.0 0.0 0.0 35.0 540.0 6.0 0.0
43 34 41 0.0 0.0 0.0 37.0 423.0 7.0 0.0
43 34 42 0.0 0.0 0.0 14.0 286.0 5.0 0.0
43 34 43 0.0 0.0 0.0 4.0 122.0 2.0 0.0
43 34 44 0.0 0.0 0.0 0.0 15.0 1.0 0.0
43 35 35 0.0 0.0 0.0 13.0 99.0 2.0 0.0
43 35 36 0.0 0.0 0.0 79.0 1168.0 16.0 3.0
43 35 37 0.0 0.0 0.0 332.0 4515.0 72.0 73.0
43 35 38 0.0 0.0 0.0 946.0 10848.0 176.0 414.0
43 35 39 0.0 0.0 0.0 1250.0 16005.0 264.0 964.0
43 35 40 0.0 0.0 0.0 1556.0 19073.0 299.0 1493.0
43 35 41 0.0 0.0 0.0 1269.0 17256.0 304.0 1110.0
43 35 42 0.0 0.0 0.0 805.0 12980.0 218.0 557.0
43 35 43 0.0 0.0 0.0 459.0 6277.0 101.0 115.0
43 35 44 0.0 0.0 0.0 96.0 2019.0 29.0 9.0
43 35 45 0.0 0.0 0.0 5.0 215.0 3.0 0.0
43 35 46 0.0 0.0 0.0 0.0 1.0 0.0 0.0
43 36 34 0.0 0.0 0.0 1.0 17.0 0.0 0.0
43 36 35 0.0 0.0 0.0 105.0 1046.0 25.0 5.0
43 36 36 0.0 0.0 0.0 2177.0 12159.0 223.0 722.0
43 36 37 0.0 0.0 0.0 2817.0 33362.0 454.0 7210.0
43 36 38 0.0 0.0 0.0 3756.0 42287.0 527.0 21584.0
43 36 39 0.0 0.0 0.0 2878.0 43165.0 480.0 33517.0
43 36 40 0.0 1.0 2.0 3226.0 41328.0 427.0 40487.0
43 36 41 0.0 0.0 1.0 2963.0 43056.0 461.0 35544.0
43 36 42 0.0 0.0 0.0 2864.0 43552.0 513.0 25072.0
43 36 43 0.0 0.0 0.0 2793.0 38312.0 507.0 11261.0
43 36 44 0.0 1.0 0.0 1089.0 19613.0 260.0 1648.0
43 36 45 0.0 0.0 0.0 114.0 1932.0 28.0 18.0
43 36 46 0.0 0.0 0.0 0.0 19.0 1.0 0.0
43 37 34 0.0 0.0 0.0 1.0 59.0 4.0 0.0
43 37 35 0.0 0.0 7.0 415.0 4483.0 85.0 48.0
43 37 36 0.0 0.0 0.0 2363.0 32796.0 460.0 6630.0
43 37 37 0.0 0.0 0.0 2733.0 39934.0 402.0 43856.0
43 37 38 0.0 0.0 0.0 2515.0 28713.0 262.0 72682.0
43 37 39 0.0 0.0 0.0 1637.0 23027.0 212.0 87010.0
43 37 40 0.0 0.0 0.0 1481.0 21004.0 181.0 91160.0
43 37 41 0.0 0.0 0.0 1749.0 22062.0 169.0 88643.0
43 37 42 0.0 0.0 0.0 1452.0 26434.0 205.0 79420.0
43 37 43 0.0 0.0 0.0 1672.0 36629.0 378.0 56328.0
43 37 44 0.0 0.0 0.0 2734.0 38295.0 554.0 11764.0
43 37 45 0.0 0.0 0.0 577.0 6369.0 114.0 119.0
43 37 46 0.0 0.0 0.0 4.0 118.0 4.0 0.0
43 38 34 0.0 0.0 0.0 13.0 184.0 2.0 0.0
43 38 35 0.0 0.0 0.0 600.0 9493.0 158.0 271.0
43 38 36 0.0 0.0 0.0 2580.0 42552.0 550.0 18239.0
43 38 37 0.0 0.0 0.0 2007.0 28541.0 265.0 73808.0
43 38 38 0.0 0.0 0.0 1625.0 18918.0 144.0 95927.0
43 38 39 0.0 1.0 0.0 1093.0 14303.0 113.0 106772.0
43 38 40 0.0 0.0 0.0 987.0 13127.0 84.0 110254.0
43 38 41 0.0 1.0 1.0 939.0 13704.0 86.0 109337.0
43 38 42 0.0 0.0 0.0 1095.0 17957.0 130.0 99736.0
43 38 43 0.0 1.0 2.0 1456.0 26820.0 243.0 78604.0
43 38 44 0.0 0.0 0.0 2498.0 43919.0 520.0 26758.0
43 38 45 0.0 0.0 0.0 668.0 13099.0 225.0 535.0
43 38 46 0.0 0.0 0.0 8.0 256.0 2.0 0.0
43 39 34 0.0 0.0 0.0 19.0 296.0 4.0 0.0
43 39 35 0.0 0.0 0.0 1013.0 14937.0 241.0 818.0
43 39 36 0.0 0.0 0.0 3105.0 43059.0 479.0 29969.0
43 39 37 0.0 0.0 0.0 1715.0 24060.0 173.0 85360.0
43 39 38 0.0 0.0 0.0 1091.0 15109.0 115.0 104999.0
43 39 39 0.0 0.0 0.0 871.0 10974.0 78.0 114559.0
43 39 40 0.0 1.0 0.0 747.0 10209.0 68.0 116364.0
43 39 41 0.0 1.0 1.0 715.0 10865.0 72.0 115122.0
43 39 42 0.0 0.0 0.0 910.0 13914.0 91.0 108553.0
43 39 43 0.0 0.0 0.0 1613.0 22510.0 196.0 88090.0
43 39 44 0.0 0.0 0.0 2765.0 42312.0 432.0 37133.0
43 39 45 0.0 4.0 0.0 1106.0 18549.0 281.0 1250.0
43 39 46 0.0 0.0 0.0 23.0 527.0 12.0 0.0
43 40 34 0.0 0.0 0.0 34.0 413.0 8.0 0.0
43 40 35 0.0 0.0 6.0 1277.0 17955.0 259.0 1245.0
43 40 36 0.0 0.0 0.0 2632.0 43061.0 456.0 34756.0
43 40 37 0.0 0.0 0.0 1430.0 23133.0 187.0 87886.0
43 40 38 0.0 1.0 0.0 996.0 14250.0 102.0 107545.0
43 40 39 0.0 0.0 0.0 777.0 10804.0 81.0 114675.0
43 40 40 0.0 0.0 1.0 625.0 9605.0 53.0 117703.0
43 40 41 0.0 0.0 0.0 763.0 10332.0 72.0 116590.0
43 40 42 0.0 0.0 1.0 947.0 13594.0 98.0 109352.0
43 40 43 0.0 0.0 1.0 1407.0 21968.0 166.0 90223.0
43 40 44 0.0 0.0 0.0 3343.0 41294.0 431.0 38596.0
43 40 45 0.0 0.0 0.0 1171.0 19988.0 328.0 1544.0
43 40 46 0.0 0.0 0.0 41.0 518.0 10.0 1.0
43 41 34 0.0 0.0 0.0 31.0 359.0 7.0 0.0
43 41 35 0.0 0.0 0.0 950.0 15382.0 274.0 869.0
43 41 36 0.0 0.0 1.0 3001.0 43830.0 507.0 28954.0
43 41 37 0.0 0.0 0.0 1657.0 25062.0 220.0 83051.0
43 41 38 0.0 0.0 0.0 1063.0 15767.0 103.0 104283.0
43 41 39 0.0 0.0 0.0 850.0 11810.0 92.0 112603.0
43 41 40 0.0 0.0 1.0 786.0 10716.0 73.0 115572.0
43 41 41 0.0 1.0 1.0 794.0 11476.0 81.0 113540.0
43 41 42 0.0 1.0 0.0 1150.0 15481.0 113.0 105374.0
43 41 43 0.0 0.0 0.0 1656.0 23861.0 190.0 85141.0
43 41 44 0.0 0.0 0.0 3220.0 42708.0 478.0 31886.0
43 41 45 0.0 0.0 0.0 1495.0 15692.0 247.0 930.0
43 41 46 0.0 0.0 0.0 22.0 364.0 7.0 0.0
43 42 34 0.0 0.0 0.0 10.0 155.0 0.0 0.0
43 42 35 0.0 0.0 0.0 636.0 9281.0 141.0 271.0
43 42 36 0.0 0.0 0.0 2929.0 42076.0 513.0 17474.0
43 42 37 0.0 0.0 0.0 1991.0 30508.0 257.0 70030.0
43 42 38 0.0 0.0 0.0 1375.0 20389.0 162.0 94045.0
43 42 39 0.0 0.0 0.0 980.0 15724.0 102.0 104383.0
43 42 40 0.0 1.0 0.0 954.0 14073.0 106.0 107882.0
43 42 41 0.0 0.0 0.0 1267.0 15558.0 90.0 104660.0
43 42 42 0.0 0.0 0.0 1614.0 19227.0 138.0 95511.0
43 42 43 0.0 0.0 0.0 2575.0 30546.0 269.0 69461.0
43 42 44 0.0 2.0 0.0 2896.0 42435.0 502.0 20455.0
43 42 45 0.0 0.0 0.0 655.0 10450.0 149.0 342.0
43 42 46 0.0 0.0 0.0 8.0 196.0 2.0 0.0
43 43 34 0.0 0.0 0.0 2.0 45.0 2.0 0.0
43 43 35 0.0 0.0 0.0 323.0 4339.0 84.0 41.0
43 43 36 0.0 0.0 0.0 2686.0 31775.0 455.0 6168.0
43 43 37 0.0 0.0 1.0 2834.0 41062.0 431.0 39841.0
43 43 38 0.0 0.0 2.0 1860.0 31455.0 295.0 68592.0
43 43 39 0.0 0.0 0.0 1312.0 25271.0 215.0 82864.0
43 43 40 0.0 0.0 0.0 1740.0 22243.0 163.0 88741.0
43 43 41 0.0 0.0 0.0 1918.0 24268.0 205.0 84031.0
43 43 42 0.0 1.0 1.0 2600.0 30575.0 286.0 69135.0
43 43 43 0.0 1.0 0.0 2604.0 41368.0 438.0 41011.0
43 43 44 0.0 0.0 0.0 2060.0 30844.0 438.0 5475.0
43 43 45 0.0 0.0 0.0 273.0 4488.0 85.0 78.0
43 43 46 0.0 0.0 0.0 6.0 69.0 2.0 0.0
43 44 34 0.0 0.0 0.0 0.0 7.0 0.0 0.0
43 44 35 0.0 0.0 0.0 73.0 981.0 23.0 1.0
43 44 36 0.0 0.0 0.0 872.0 11473.0 204.0 449.0
43 44 37 0.0 0.0 0.0 2314.0 31311.0 453.0 5864.0
43 44 38 0.0 0.0 0.0 2715.0 42829.0 479.0 18233.0
43 44 39 0.0 1.0 0.0 3135.0 43260.0 507.0 30242.0
43 44 40 0.0 0.0 0.0 3086.0 42803.0 513.0 33346.0
43 44 41 0.0 0.0 0.0 3200.0 43160.0 459.0 29867.0
43 44 42 0.0 0.0 0.0 2957.0 42160.0 512.0 17832.0
43 44 43 0.0 0.0 0.0 2363.0 32282.0 464.0 6627.0
43 44 44 0.0 0.0 0.0 813.0 11529.0 173.0 530.0
43 44 45 0.0 0.0 0.0 117.0 950.0 18.0 0.0
43 44 46 0.0 0.0 0.0 0.0 16.0 0.0 0.0
43 45 35 0.0 0.0 0.0 5.0 77.0 2.0 0.0
43 45 36 0.0 0.0 0.0 106.0 1061.0 15.0 5.0
43 45 37 0.0 0.0 0.0 351.0 4399.0 73.0 45.0
43 45 38 0.0 0.0 0.0 798.0 9462.0 134.0 285.0
43 45 39 0.0 0.0 0.0 1021.0 14696.0 246.0 781.0
43 45 40 0.0 0.0 0.0 1198.0 16578.0 277.0 1068.0
43 45 41 0.0 0.0 0.0 1064.0 14927.0 216.0 797.0
43 45 42 0.0 0.0 0.0 809.0 9208.0 174.0 276.0
43 45 43 0.0 0.0 0.0 285.0 4103.0 76.0 54.0
43 45 44 0.0 0.0 0.0 68.0 1031.0 14.0 6.0
43 45 45 0.0 0.0 0.0 7.0 87.0 3.0 0.0
43 45 46 0.0 0.0 0.0 0.0 1.0 0.0 0.0
43 46 35 0.0 0.0 0.0 2.0 0.0 0.0 0.0
43 46 36 0.0 0.0 0.0 0.0 1.0 0.0 0.0
43 46 37 0.0 0.0 0.0 1.0 86.0 1.0 0.0
43 46 38 0.0 0.0 0.0 18.0 179.0 2.0 0.0
43 46 39 0.0 0.0 0.0 29.0 320.0 5.0 1.0
43 46 40 0.0 0.0 0.0 36.0 341.0 6.0 0.0
43 46 41 0.0 0.0 0.0 26.0 275.0 7.0 0.0
43 46 42 0.0 0.0 0.0 6.0 185.0 3.0 0.0
43 46 43 0.0 0.0 0.0 1.0 50.0 0.0 0.0
43 46 44 0.0 0.0 0.0 2.0 8.0 0.0 0.0
44 34 35 0.0 0.0 0.0 0.0 1.0 0.0 0.0
44 34 36 0.0 0.0 0.0 0.0 3.0 0.0 0.0
44 34 37 0.0 0.0 0.0 0.0 21.0 2.0 0.0
44 34 38 0.0 0.0 0.0 0.0 36.0 1.0 0.0
44 34 39 0.0 0.0 0.0 4.0 91.0 1.0 0.0
44 34 40 0.0 0.0 0.0 7.0 93.0 1.0 0.0
44 34 41 0.0 0.0 0.0 13.0 47.0 2.0 0.0
44 34 42 0.0 0.0 0.0 2.0 54.0 1.0 0.0
44 34 43 0.0 0.0 0.0 1.0 18.0 2.0 0.0
44 34 44 0.0 0.0 0.0 0.0 8.0 0.0 0.0
44 34 45 0.0 0.0 0.0 0.0 1.0 0.0 0.0
44 35 34 0.0 0.0 0.0 0.0 1.0 0.0 0.0
44 35 35 0.0 0.0 0.0 0.0 16.0 0.0 0.0
44 35 36 0.0 0.0 0.0 18.0 309.0 5.0 0.0
44 35 37 0.0 0.0 0.0 87.0 1291.0 13.0 1.0
44 35 38 0.0 0.0 0.0 273.0 3468.0 65.0 32.0
44 35 39 0.0 0.0 0.0 368.0 6138.0 83.0 96.0
44 35 40 0.0 0.0 0.0 568.0 6938.0 124.0 151.0
44 35 41 0.0 0.0 0.0 503.0 5791.0 92.0 91.0
44 35 42 0.0 0.0 0.0 248.0 3799.0 70.0 46.0
44 35 43 0.0 0.0 0.0 129.0 1711.0 28.0 7.0
44 35 44 0.0 0.0 0.0 21.0 576.0 12.0 0.0
44 35 45 0.0 0.0 0.0 6.0 50.0 0.0 0.0
44 36 34 0.0 0.0 0.0 0.0 3.0 0.0 0.0
44 36 35 0.0 0.0 0.0 22.0 230.0 3.0 0.0
44 36 36 0.0 0.0 0.0 194.0 3430.0 57.0 34.0
44 36 37 0.0 0.0 0.0 1117.0 13814.0 237.0 740.0
44 36 38 0.0 0.0 0.0 2159.0 25643.0 410.0 3461.0
44 36 39 0.0 0.0 0.0 3013.0 34372.0 465.0 8400.0
44 36 40 0.0 0.0 3.0 2555.0 36997.0 490.0 10215.0
44 36 41 0.0 0.0 1.0 2493.0 36295.0 505.0 9144.0
44 36 42 0.0 0.0 0.0 2175.0 29364.0 441.0 4764.0
44 36 43 0.0 0.0 0.0 862.0 17537.0 292.0 1134.0
44 36 44 0.0 0.0 0.0 367.0 6712.0 118.0 153.0
44 36 45 0.0 0.0 0.0 11.0 576.0 12.0 0.0
44 36 46 0.0 0.0 0.0 0.0 2.0 0.0 0.0
44 37 34 0.0 0.0 0.0 1.0 11.0 0.0 0.0
44 37 35 0.0 0.0 0.0 59.0 1249.0 24.0 2.0
44 37 36 0.0 0.0 0.0 998.0 13425.0 225.0 713.0
44 37 37 0.0 0.0 0.0 2511.0 33636.0 507.0 7207.0
44 37 38 0.0 3.0 0.0 3485.0 42533.0 548.0 21851.0
44 37 39 0.0 2.0 0.0 3247.0 42759.0 481.0 34955.0
44 37 40 0.0 0.0 1.0 3395.0 40729.0 417.0 41051.0
44 37 41 0.0 0.0 0.0 3411.0 41685.0 446.0 38303.0
44 37 42 0.0 0.0 8.0 2740.0 43635.0 472.0 26466.0
44 37 43 0.0 0.0 0.0 1893.0 38949.0 520.0 11538.0
44 37 44 0.0 0.0 0.0 1067.0 18459.0 278.0 1421.0
44 37 45 0.0 0.0 0.0 157.0 2193.0 47.0 6.0
44 37 46 0.0 0.0 0.0 0.0 25.0 1.0 0.0
44 38 34 0.0 0.0 0.0 1.0 25.0 1.0 0.0
44 38 35 0.0 0.0 0.0 227.0 2697.0 40.0 12.0
44 38 36 0.0 0.0 0.0 1804.0 25497.0 403.0 3311.0
44 38 37 0.0 0.0 0.0 3247.0 42584.0 514.0 21057.0
44 38 38 0.0 0.0 0.0 2853.0 41239.0 423.0 42845.0
44 38 39 0.0 1.0 0.0 2656.0 35191.0 338.0 58657.0
44 38 40 0.0 3.0 5.0 2401.0 32997.0 275.0 64530.0
44 38 41 0.0 0.0 0.0 2585.0 34375.0 322.0 61171.0
44 38 42 0.0 0.0 0.0 2412.0 39903.0 411.0 48844.0
44 38 43 0.0 0.0 0.0 2430.0 44012.0 534.0 27393.0
44 38 44 0.0 0.0 0.0 1506.0 30667.0 434.0 5132.0
44 38 45 0.0 0.0 0.0 158.0 4278.0 87.0 52.0
44 38 46 0.0 0.0 0.0 10.0 48.0 2.0 0.0
44 39 34 0.0 0.0 0.0 5.0 68.0 2.0 0.0
44 39 35 0.0 0.0 0.0 325.0 4295.0 81.0 45.0
44 39 36 0.0 0.0 0.0 2097.0 33913.0 464.0 7031.0
44 39 37 0.0 0.0 0.0 3023.0 42825.0 470.0 31859.0
44 39 38 0.0 0.0 0.0 2526.0 36488.0 348.0 56472.0
44 39 39 0.0 0.0 0.0 2330.0 30634.0 280.0 69742.0
44 39 40 0.0 0.0 0.0 2024.0 28266.0 233.0 74742.0
44 39 41 0.0 0.0 3.0 1914.0 30025.0 277.0 70848.0
44 39 42 0.0 4.0 1.0 2229.0 35125.0 344.0 60398.0
44 39 43 0.0 0.0 0.0 2354.0 42853.0 444.0 37512.0
44 39 44 0.0 0.0 0.0 2124.0 36562.0 489.0 9040.0
44 39 45 0.0 0.0 0.0 462.0 6678.0 107.0 109.0
44 39 46 0.0 0.0 0.0 11.0 86.0 1.0 0.0
44 40 34 0.0 0.0 0.0 5.0 63.0 2.0 0.0
44 40 35 0.0 0.0 0.0 317.0 5396.0 96.0 83.0
44 40 36 0.0 0.0 0.0 2058.0 34405.0 476.0 7518.0
44 40 37 0.0 0.0 0.0 2449.0 43261.0 450.0 34007.0
44 40 38 0.0 0.0 0.0 2668.0 34344.0 345.0 61318.0
44 40 39 0.0 0.0 0.0 1906.0 29132.0 252.0 73406.0
44 40 40 0.0 1.0 1.0 1811.0 26771.0 203.0 78027.0
44 40 41 0.0 0.0 2.0 1851.0 28527.0 253.0 74446.0
44 40 42 0.0 0.0 0.0 2351.0 34101.0 319.0 61815.0
44 40 43 0.0 0.0 1.0 3515.0 41556.0 449.0 38706.0
44 40 44 0.0 0.0 0.0 2624.0 36911.0 497.0 9979.0
44 40 45 0.0 0.0 0.0 473.0 6621.0 119.0 150.0
44 40 46 0.0 0.0 0.0 3.0 114.0 0.0 0.0
44 41 34 0.0 0.0 0.0 4.0 62.0 2.0 0.0
44 41 35 0.0 0.0 0.0 238.0 4276.0 73.0 52.0
44 41 36 0.0 0.0 0.0 1474.0 33306.0 450.0 6257.0
44 41 37 0.0 0.0 0.0 2446.0 43709.0 468.0 31618.0
44 41 38 0.0 0.0 0.0 2380.0 37541.0 326.0 54420.0
44 41 39 0.0 0.0 1.0 1904.0 31757.0 292.0 68225.0
44 41 40 0.0 0.0 0.0 1889.0 29067.0 242.0 73788.0
44 41 41 0.0 0.0 0.0 2108.0 30299.0 239.0 70467.0
44 41 42 0.0 0.0 0.0 2645.0 35905.0 346.0 57758.0
44 41 43 0.0 1.0 0.0 2857.0 43267.0 472.0 32261.0
44 41 44 0.0 0.0 0.0 1977.0 33671.0 500.0 6729.0
44 41 45 0.0 0.0 0.0 344.0 5255.0 93.0 67.0
44 41 46 0.0 0.0 0.0 5.0 67.0 2.0 0.0
44 42 34 0.0 0.0 0.0 7.0 29.0 1.0 0.0
44 42 35 0.0 0.0 0.0 173.0 2513.0 44.0 25.0
44 42 36 0.0 0.0 0.0 1042.0 23428.0 352.0 2486.0
44 42 37 0.0 0.0 0.0 2454.0 42447.0 532.0 18236.0
44 42 38 0.0 0.0 0.0 2589.0 42287.0 460.0 40418.0
44 42 39 0.0 0.0 0.0 2210.0 37726.0 385.0 54032.0
44 42 40 0.0 0.0 0.0 2567.0 35436.0 325.0 59376.0
44 42 41 0.0 1.0 0.0 2412.0 36668.0 339.0 56093.0
44 42 42 0.0 2.0 0.0 2920.0 41106.0 384.0 42920.0
44 42 43 0.0 0.0 0.0 3079.0 42384.0 513.0 18040.0
44 42 44 0.0 0.0 0.0 1926.0 24191.0 362.0 2844.0
44 42 45 0.0 0.0 0.0 157.0 3027.0 50.0 26.0
44 42 46 0.0 0.0 0.0 0.0 13.0 1.0 0.0
44 43 34 0.0 0.0 0.0 1.0 4.0 0.0 0.0
44 43 35 0.0 0.0 0.0 68.0 903.0 11.0 3.0
44 43 36 0.0 0.0 0.0 711.0 12178.0 200.0 555.0
44 43 37 0.0 0.0 0.0 2075.0 31140.0 466.0 5555.0
44 43 38 0.0 0.0 0.0 2074.0 43255.0 519.0 19522.0
44 43 39 0.0 0.0 0.0 2553.0 43798.0 470.0 30674.0
44 43 40 0.0 0.0 0.0 2759.0 43395.0 460.0 33804.0
44 43 41 0.0 0.0 0.0 3547.0 41925.0 469.0 32971.0
44 43 42 0.0 0.0 0.0 3577.0 42042.0 474.0 20854.0
44 43 43 0.0 0.0 0.0 2088.0 32152.0 445.0 6174.0
44 43 44 0.0 0.0 0.0 670.0 13362.0 223.0 651.0
44 43 45 0.0 0.0 0.0 54.0 1226.0 20.0 3.0
44 43 46 0.0 0.0 0.0 0.0 13.0 0.0 0.0
44 44 34 0.0 0.0 0.0 0.0 1.0 0.0 0.0
44 44 35 0.0 0.0 0.0 8.0 204.0 6.0 0.0
44 44 36 0.0 0.0 0.0 197.0 3023.0 50.0 20.0
44 44 37 0.0 0.0 0.0 593.0 11932.0 193.0 497.0
44 44 38 0.0 0.0 0.0 1386.0 22981.0 341.0 2323.0
44 44 39 0.0 0.0 0.0 1588.0 32289.0 442.0 5950.0
44 44 40 0.0 0.0 0.0 2265.0 35764.0 505.0 8455.0
44 44 41 0.0 0.0 0.0 2271.0 32966.0 491.0 6714.0
44 44 42 0.0 0.0 0.0 1907.0 23013.0 312.0 2632.0
44 44 43 0.0 0.0 0.0 821.0 11153.0 169.0 462.0
44 44 44 0.0 0.0 0.0 224.0 3541.0 60.0 48.0
44 44 45 0.0 0.0 0.0 3.0 187.0 3.0 0.0
44 44 46 0.0 0.0 0.0 0.0 3.0 0.0 0.0
44 45 34 0.0 0.0 0.0 0.0 2.0 0.0 0.0
44 45 35 0.0 0.0 0.0 0.0 15.0 0.0 0.0
44 45 36 0.0 0.0 0.0 12.0 202.0 3.0 1.0
44 45 37 0.0 0.0 0.0 52.0 1053.0 18.0 4.0
44 45 38 0.0 0.0 0.0 190.0 2647.0 46.0 14.0
44 45 39 0.0 0.0 0.0 212.0 4445.0 71.0 52.0
44 45 40 0.0 0.0 0.0 281.0 5523.0 95.0 81.0
44 45 41 0.0 0.0 0.0 341.0 4150.0 77.0 45.0
44 45 42 0.0 0.0 0.0 190.0 2879.0 60.0 29.0
44 45 43 0.0 0.0 0.0 50.0 1024.0 18.0 1.0
44 45 44 0.0 0.0 0.0 15.0 233.0 2.0 0.0
44 45 45 0.0 0.0 0.0 8.0 15.0 0.0 0.0
44 46 36 0.0 0.0 0.0 0.0 1.0 0.0 0.0
44 46 37 0.0 0.0 0.0 0.0 16.0 1.0 0.0
44 46 38 0.0 0.0 0.0 2.0 41.0 0.0 0.0
44 46 39 0.0 0.0 0.0 5.0 51.0 2.0 0.0
44 46 40 0.0 0.0 0.0 14.0 57.0 2.0 0.0
44 46 41 0.0 0.0 0.0 6.0 70.0 5.0 0.0
44 46 42 0.0 0.0 0.0 1.0 39.0 2.0 0.0
44 46 43 0.0 0.0 0.0 1.0 9.0 0.0 0.0
44 46 44 0.0 0.0 0.0 1.0 1.0 0.0 0.0
45 34 38 0.0 0.0 0.0 0.0 2.0 0.0 0.0
45 34 39 0.0 0.0 0.0 0.0 3.0 0.0 0.0
45 34 40 0.0 0.0 0.0 1.0 19.0 0.0 0.0
45 34 41 0.0 0.0 0.0 0.0 9.0 0.0 0.0
45 34 42 0.0 0.0 0.0 0.0 1.0 0.0 0.0
45 34 43 0.0 0.0 0.0 1.0 2.0 0.0 0.0
45 35 36 0.0 0.0 0.0 1.0 24.0 0.0 0.0
45 35 37 0.0 0.0 0.0 7.0 120.0 2.0 0.0
45 35 38 0.0 0.0 0.0 53.0 403.0 3.0 0.0
45 35 39 0.0 0.0 0.0 67.0 722.0 16.0 1.0
45 35 40 0.0 0.0 0.0 85.0 1013.0 17.0 4.0
45 35 41 0.0 0.0 0.0 34.0 898.0 11.0 1.0
45 35 42 0.0 0.0 0.0 25.0 497.0 10.0 0.0
45 35 43 0.0 0.0 0.0 5.0 189.0 5.0 0.0
45 35 44 0.0 0.0 0.0 5.0 49.0 1.0 0.0
45 35 45 0.0 0.0 0.0 0.0 6.0 0.0 0.0
45 36 35 0.0 0.0 0.0 0.0 29.0 1.0 0.0
45 36 36 0.0 0.0 0.0 26.0 337.0 8.0 0.0
45 36 37 0.0 0.0 0.0 110.0 1222.0 20.0 2.0
45 36 38 0.0 0.0 0.0 267.0 3413.0 69.0 36.0
45 36 39 0.0 0.0 0.0 423.0 6201.0 116.0 116.0
45 36 40 0.0 0.0 0.0 559.0 6991.0 123.0 160.0
45 36 41 0.0 0.0 4.0 483.0 6811.0 130.0 164.0
45 36 42 0.0 0.0 0.0 316.0 4143.0 59.0 58.0
45 36 43 0.0 0.0 0.0 140.0 1880.0 31.0 13.0
45 36 44 0.0 0.0 0.0 19.0 447.0 11.0 0.0
45 36 45 0.0 0.0 0.0 3.0 54.0 1.0 0.0
45 37 34 0.0 0.0 0.0 0.0 1.0 0.0 0.0
45 37 35 0.0 0.0 0.0 5.0 143.0 2.0 0.0
45 37 36 0.0 0.0 0.0 101.0 1366.0 28.0 7.0
45 37 37 0.0 0.0 0.0 458.0 4880.0 97.0 71.0
45 37 38 0.0 0.0 0.0 745.0 11097.0 163.0 406.0
45 37 39 0.0 0.0 0.0 1202.0 17792.0 279.0 1259.0
45 37 40 0.0 0.0 0.0 1540.0 20958.0 352.0 1838.0
45 37 41 0.0 1.0 1.0 1257.0 18454.0 276.0 1269.0
45 37 42 0.0 0.0 0.0 868.0 12410.0 202.0 505.0
45 37 43 0.0 0.0 0.0 528.0 6851.0 138.0 146.0
45 37 44 0.0 0.0 0.0 80.0 1988.0 39.0 12.0
45 37 45 0.0 0.0 0.0 21.0 229.0 7.0 0.0
45 38 35 0.0 0.0 0.0 35.0 359.0 2.0 0.0
45 38 36 0.0 0.0 0.0 276.0 3219.0 74.0 27.0
45 38 37 0.0 0.0 0.0 809.0 10941.0 190.0 397.0
45 38 38 0.0 0.0 0.0 1475.0 21492.0 351.0 1887.0
45 38 39 0.0 0.0 0.0 2228.0 29321.0 448.0 4490.0
45 38 40 0.0 0.0 2.0 2032.0 32703.0 460.0 5873.0
45 38 41 0.0 0.0 0.0 1954.0 30141.0 441.0 4686.0
45 38 42 0.0 1.0 1.0 1864.0 23533.0 386.0 2488.0
45 38 43 0.0 0.0 0.0 695.0 12856.0 218.0 564.0
45 38 44 0.0 0.0 0.0 200.0 3967.0 72.0 35.0
45 38 45 0.0 0.0 0.0 19.0 434.0 5.0 0.0
45 38 46 0.0 0.0 0.0 0.0 3.0 0.0 0.0
45 39 34 0.0 0.0 0.0 0.0 2.0 0.0 0.0
45 39 35 0.0 0.0 0.0 52.0 633.0 9.0 2.0
45 39 36 0.0 0.0 0.0 329.0 5081.0 94.0 76.0
45 39 37 0.0 0.0 0.0 982.0 15785.0 267.0 877.0
45 39 38 0.0 0.0 0.0 1944.0 28554.0 466.0 3972.0
45 39 39 0.0 0.0 0.0 2532.0 35539.0 517.0 8187.0
45 39 40 0.0 0.0 0.0 2463.0 38333.0 515.0 10363.0
45 39 41 0.0 0.0 0.0 2439.0 37210.0 514.0 9183.0
45 39 42 0.0 0.0 2.0 2049.0 30712.0 441.0 4977.0
45 39 43 0.0 0.0 0.0 1124.0 18595.0 282.0 1320.0
45 39 44 0.0 0.0 0.0 411.0 6369.0 124.0 138.0
45 39 45 0.0 0.0 0.0 92.0 846.0 15.0 1.0
45 39 46 0.0 0.0 0.0 0.0 14.0 0.0 0.0
45 40 34 0.0 0.0 0.0 1.0 4.0 0.0 0.0
45 40 35 0.0 0.0 0.0 26.0 768.0 13.0 1.0
45 40 36 0.0 0.0 0.0 447.0 5721.0 96.0 105.0
45 40 37 0.0 0.0 0.0 1188.0 17291.0 283.0 1082.0
45 40 38 0.0 0.0 0.0 2211.0 29953.0 406.0 4914.0
45 40 39 0.0 1.0 0.0 2682.0 37410.0 510.0 9775.0
45 40 40 0.0 2.0 0.0 2469.0 40005.0 510.0 12223.0
45 40 41 0.0 1.0 0.0 2559.0 38807.0 537.0 10530.0
45 40 42 0.0 0.0 0.0 2259.0 32214.0 452.0 5611.0
45 40 43 0.0 0.0 0.0 1222.0 19533.0 322.0 1464.0
45 40 44 0.0 0.0 0.0 530.0 6484.0 125.0 127.0
45 40 45 0.0 0.0 0.0 77.0 1001.0 23.0 3.0
45 40 46 0.0 0.0 0.0 0.0 6.0 0.0 0.0
45 41 34 0.0 0.0 0.0 1.0 0.0 0.0 0.0
45 41 35 0.0 0.0 0.0 16.0 571.0 8.0 0.0
45 41 36 0.0 0.0 0.0 273.0 4746.0 91.0 64.0
45 41 37 0.0 0.0 0.0 1002.0 14997.0 236.0 861.0
45 41 38 0.0 0.0 0.0 1606.0 27982.0 398.0 3710.0
45 41 39 0.0 0.0 0.0 2090.0 35323.0 483.0 8041.0
45 41 40 0.0 0.0 0.0 2377.0 37819.0 499.0 9364.0
45 41 41 0.0 2.0 0.0 2105.0 36786.0 501.0 8618.0
45 41 42 0.0 0.0 0.0 1652.0 29907.0 470.0 4269.0
45 41 43 0.0 0.0 1.0 1047.0 15933.0 246.0 966.0
45 41 44 0.0 0.0 0.0 360.0 4837.0 68.0 70.0
45 41 45 0.0 0.0 0.0 53.0 632.0 10.0 0.0
45 41 46 0.0 0.0 0.0 0.0 11.0 1.0 0.0
45 42 34 0.0 0.0 0.0 0.0 6.0 0.0 0.0
45 42 35 0.0 0.0 0.0 8.0 305.0 5.0 0.0
45 42 36 0.0 0.0 0.0 142.0 2831.0 52.0 17.0
45 42 37 0.0 0.0 0.0 622.0 10278.0 200.0 337.0
45 42 38 0.0 0.0 0.0 1117.0 19764.0 313.0 1443.0
45 42 39 0.0 0.0 0.0 1436.0 28276.0 468.0 3607.0
45 42 40 0.0 0.0 0.0 2006.0 29692.0 440.0 4457.0
45 42 41 0.0 0.0 0.0 2142.0 29426.0 420.0 4296.0
45 42 42 0.0 0.0 0.0 1835.0 21659.0 332.0 2022.0
45 42 43 0.0 0.0 0.0 650.0 10639.0 166.0 400.0
45 42 44 0.0 0.0 0.0 146.0 3087.0 56.0 29.0
45 42 45 0.0 0.0 0.0 37.0 272.0 8.0 1.0
45 42 46 0.0 0.0 0.0 0.0 2.0 0.0 0.0
45 43 35 0.0 0.0 0.0 5.0 110.0 0.0 0.0
45 43 36 0.0 0.0 0.0 45.0 1008.0 18.0 5.0
45 43 37 0.0 0.0 0.0 216.0 4415.0 76.0 58.0
45 43 38 0.0 0.0 0.0 504.0 10036.0 155.0 319.0
45 43 39 0.0 0.0 0.0 884.0 14500.0 244.0 710.0
45 43 40 0.0 0.0 0.0 1160.0 17214.0 295.0 1132.0
45 43 41 0.0 0.0 0.0 929.0 16126.0 273.0 936.0
45 43 42 0.0 0.0 0.0 770.0 10375.0 164.0 357.0
45 43 43 0.0 0.0 0.0 262.0 4204.0 70.0 52.0
45 43 44 0.0 0.0 0.0 70.0 1148.0 19.0 0.0
45 43 45 0.0 0.0 0.0 20.0 95.0 2.0 0.0
45 43 46 0.0 0.0 0.0 0.0 9.0 0.0 0.0
45 44 35 0.0 0.0 0.0 5.0 15.0 1.0 0.0
45 44 36 0.0 0.0 0.0 8.0 199.0 1.0 0.0
45 44 37 0.0 0.0 0.0 85.0 1030.0 16.0 4.0
45 44 38 0.0 0.0 0.0 173.0 2693.0 44.0 21.0
45 44 39 0.0 0.0 0.0 201.0 4727.0 64.0 60.0
45 44 40 0.0 0.0 0.0 382.0 5897.0 94.0 107.0
45 44 41 0.0 0.0 0.0 402.0 4915.0 96.0 68.0
45 44 42 0.0 0.0 0.0 200.0 2972.0 48.0 17.0
45 44 43 0.0 0.0 0.0 114.0 1052.0 13.0 5.0
45 44 44 0.0 0.0 0.0 10.0 221.0 7.0 0.0
45 44 45 0.0 0.0 0.0 1.0 25.0 0.0 0.0
45 45 36 0.0 0.0 0.0 1.0 16.0 0.0 0.0
45 45 37 0.0 0.0 0.0 3.0 137.0 2.0 0.0
45 45 38 0.0 0.0 0.0 16.0 287.0 4.0 0.0
45 45 39 0.0 0.0 0.0 30.0 544.0 10.0 1.0
45 45 40 0.0 0.0 0.0 38.0 665.0 15.0 1.0
45 45 41 0.0 0.0 0.0 34.0 574.0 12.0 0.0
45 45 42 0.0 0.0 0.0 39.0 277.0 4.0 0.0
45 45 43 0.0 0.0 0.0 0.0 82.0 0.0 0.0
45 45 44 0.0 0.0 0.0 0.0 12.0 0.0 0.0
45 45 45 0.0 0.0 0.0 0.0 1.0 0.0 0.0
45 46 38 0.0 0.0 0.0 0.0 2.0 0.0 0.0
45 46 39 0.0 0.0 0.0 0.0 1.0 0.0 0.0
45 46 40 0.0 0.0 0.0 1.0 9.0 0.0 0.0
45 46 41 0.0 0.0 0.0 0.0 5.0 1.0 0.0
45 46 42 0.0 0.0 0.0 0.0 1.0 0.0 0.0
46 35 38 0.0 0.0 0.0 0.0 1.0 0.0 0.0
46 35 39 0.0 0.0 0.0 0.0 1.0 0.0 0.0
46 35 40 0.0 0.0 0.0 0.0 6.0 0.0 0.0
46 35 41 0.0 0.0 0.0 2.0 16.0 1.0 0.0
46 35 42 0.0 0.0 0.0 1.0 6.0 0.0 0.0
46 36 36 0.0 0.0 0.0 0.0 2.0 0.0 0.0
46 36 37 0.0 0.0 0.0 1.0 18.0 1.0 0.0
46 36 38 0.0 0.0 0.0 4.0 33.0 1.0 0.0
46 36 39 0.0 0.0 0.0 13.0 116.0 2.0 0.0
46 36 40 0.0 0.0 0.0 1.0 160.0 2.0 0.0
46 36 41 0.0 0.0 0.0 12.0 107.0 5.0 0.0
46 36 42 0.0 0.0 0.0 5.0 37.0 0.0 0.0
46 36 43 0.0 0.0 0.0 6.0 18.0 0.0 0.0
46 36 44 0.0 0.0 0.0 0.0 1.0 0.0 0.0
46 37 35 0.0 0.0 0.0 0.0 3.0 1.0 0.0
46 37 36 0.0 0.0 0.0 1.0 9.0 0.0 0.0
46 37 37 0.0 0.0 0.0 4.0 63.0 0.0 0.0
46 37 38 0.0 0.0 0.0 34.0 308.0 5.0 0.0
46 37 39 0.0 0.0 0.0 33.0 550.0 8.0 0.0
46 37 40 0.0 0.0 0.0 57.0 628.0 11.0 0.0
46 37 41 0.0 0.0 0.0 26.0 465.0 8.0 0.0
46 37 42 0.0 0.0 0.0 16.0 396.0 8.0 0.0
46 37 43 0.0 0.0 0.0 7.0 123.0 2.0 0.0
46 37 44 0.0 0.0 0.0 1.0 23.0 0.0 0.0
46 37 45 0.0 0.0 0.0 0.0 2.0 0.0 0.0
46 38 35 0.0 0.0 0.0 0.0 3.0 0.0 0.0
46 38 36 0.0 0.0 0.0 2.0 28.0 1.0 0.0
46 38 37 0.0 0.0 0.0 3.0 214.0 5.0 0.0
46 38 38 0.0 0.0 0.0 40.0 585.0 5.0 1.0
46 38 39 0.0 0.0 0.0 72.0 1180.0 19.0 1.0
46 38 40 0.0 0.0 0.0 103.0 1517.0 26.0 7.0
46 38 41 0.0 0.0 0.0 101.0 1434.0 27.0 7.0
46 38 42 0.0 0.0 0.0 76.0 725.0 8.0 1.0
46 38 43 0.0 0.0 0.0 19.0 297.0 9.0 1.0
46 38 44 0.0 0.0 0.0 4.0 52.0 2.0 0.0
46 38 45 0.0 0.0 0.0 2.0 3.0 2.0 0.0
46 39 35 0.0 0.0 0.0 0.0 3.0 0.0 0.0
46 39 36 0.0 0.0 0.0 5.0 68.0 0.0 0.0
46 39 37 0.0 0.0 0.0 42.0 412.0 7.0 2.0
46 39 38 0.0 0.0 0.0 89.0 1201.0 22.0 3.0
46 39 39 0.0 0.0 0.0 166.0 1918.0 19.0 8.0
46 39 40 0.0 0.0 0.0 166.0 2704.0 54.0 11.0
46 39 41 0.0 0.0 0.0 162.0 2342.0 28.0 13.0
46 39 42 0.0 0.0 0.0 94.0 1370.0 29.0 4.0
46 39 43 0.0 0.0 0.0 55.0 494.0 7.0 0.0
46 39 44 0.0 0.0 0.0 9.0 85.0 0.0 0.0
46 39 45 0.0 0.0 0.0 0.0 6.0 0.0 0.0
46 40 35 0.0 0.0 0.0 0.0 7.0 0.0 0.0
46 40 36 0.0 0.0 0.0 4.0 73.0 0.0 0.0
46 40 37 0.0 0.0 0.0 33.0 501.0 9.0 0.0
46 40 38 0.0 0.0 0.0 88.0 1258.0 18.0 3.0
46 40 39 0.0 0.0 0.0 165.0 2321.0 45.0 14.0
46 40 40 0.0 0.0 0.0 189.0 3043.0 43.0 23.0
46 40 41 0.0 0.0 0.0 136.0 2705.0 48.0 19.0
46 40 42 0.0 0.0 0.0 111.0 1616.0 29.0 4.0
46 40 43 0.0 0.0 0.0 22.0 517.0 10.0 2.0
46 40 44 0.0 0.0 0.0 8.0 107.0 2.0 0.0
46 40 45 0.0 0.0 0.0 0.0 6.0 0.0 0.0
46 41 35 0.0 0.0 0.0 0.0 7.0 0.0 0.0
46 41 36 0.0 0.0 0.0 3.0 70.0 2.0 0.0
46 41 37 0.0 0.0 0.0 29.0 421.0 6.0 0.0
46 41 38 0.0 0.0 0.0 72.0 1084.0 15.0 3.0
46 41 39 0.0 0.0 0.0 159.0 1983.0 41.0 6.0
46 41 40 0.0 0.0 0.0 123.0 2456.0 34.0 16.0
46 41 41 0.0 0.0 0.0 113.0 2128.0 23.0 6.0
46 41 42 0.0 0.0 0.0 90.0 1291.0 26.0 2.0
46 41 43 0.0 0.0 0.0 22.0 435.0 10.0 0.0
46 41 44 0.0 0.0 0.0 4.0 99.0 2.0 0.0
46 41 45 0.0 0.0 0.0 0.0 7.0 0.0 0.0
46 42 35 0.0 0.0 0.0 0.0 2.0 0.0 0.0
46 42 36 0.0 0.0 0.0 2.0 30.0 1.0 0.0
46 42 37 0.0 0.0 0.0 9.0 155.0 3.0 0.0
46 42 38 0.0 0.0 0.0 23.0 594.0 7.0 0.0
46 42 39 0.0 0.0 0.0 71.0 1068.0 22.0 4.0
46 42 40 0.0 0.0 0.0 96.0 1303.0 24.0 5.0
46 42 41 0.0 0.0 0.0 105.0 1176.0 15.0 4.0
46 42 42 0.0 0.0 0.0 45.0 646.0 8.0 1.0
46 42 43 0.0 0.0 0.0 21.0 242.0 3.0 0.0
46 42 44 0.0 0.0 0.0 1.0 34.0 1.0 0.0
46 42 45 0.0 0.0 0.0 0.0 2.0 0.0 0.0
46 43 36 0.0 0.0 0.0 0.0 20.0 1.0 0.0
46 43 37 0.0 0.0 0.0 4.0 52.0 1.0 0.0
46 43 38 0.0 0.0 0.0 17.0 214.0 7.0 0.0
46 43 39 0.0 0.0 0.0 11.0 350.0 10.0 0.0
46 43 40 0.0 0.0 0.0 37.0 482.0 5.0 1.0
46 43 41 0.0 0.0 0.0 30.0 384.0 3.0 0.0
46 43 42 0.0 0.0 0.0 5.0 237.0 4.0 0.0
46 43 43 0.0 0.0 0.0 7.0 67.0 1.0 0.0
46 43 44 0.0 0.0 0.0 0.0 34.0 1.0 0.0
46 43 45 0.0 0.0 0.0 0.0 2.0 1.0 0.0
46 44 37 0.0 0.0 0.0 0.0 7.0 0.0 0.0
46 44 38 0.0 0.0 0.0 3.0 28.0 1.0 0.0
46 44 39 0.0 0.0 0.0 4.0 63.0 1.0 0.0
46 44 40 0.0 0.0 0.0 11.0 72.0 3.0 0.0
46 44 41 0.0 0.0 0.0 6.0 76.0 3.0 0.0
46 44 42 0.0 0.0 0.0 1.0 22.0 0.0 0.0
46 44 43 0.0 0.0 0.0 2.0 8.0 0.0 0.0
46 44 44 0.0 0.0 0.0 0.0 2.0 0.0 0.0
46 45 37 0.0 0.0 0.0 0.0 1.0 0.0 0.0
46 45 38 0.0 0.0 0.0 0.0 3.0 0.0 0.0
46 45 40 0.0 0.0 0.0 0.0 9.0 0.0 0.0
46 45 41 0.0 0.0 0.0 0.0 10.0 0.0 0.0
46 45 42 0.0 0.0 0.0 0.0 2.0 0.0 0.0
47 38 37 0.0 0.0 0.0 0.0 1.0 0.0 0.0
47 38 41 0.0 0.0 0.0 0.0 2.0 1.0 0.0
47 39 40 0.0 0.0 0.0 1.0 7.0 0.0 0.0
47 40 38 0.0 0.0 0.0 0.0 3.0 0.0 0.0
47 40 39 0.0 0.0 0.0 0.0 2.0 0.0 0.0
47 40 40 0.0 0.0 0.0 0.0 1.0 0.0 0.0
47 40 41 0.0 0.0 0.0 0.0 2.0 0.0 0.0
47 41 39 0.0 0.0 0.0 0.0 1.0 0.0 0.0
47 41 40 0.0 0.0 0.0 0.0 1.0 0.0 0.0
47 41 41 0.0 0.0 0.0 2.0 0.0 0.0 0.0
47 42 41 0.0 0.0 0.0 0.0 1.0 0.0 0.0
47 42 42 0.0 0.0 0.0 0.0 2.0 1.0 0.0
