36 37 40 0.0 0.0 0.0 0.0 1.0 0.0 0.0
36 38 40 0.0 0.0 0.0 0.0 1.0 0.0 0.0
36 38 42 0.0 0.0 0.0 0.0 2.0 0.0 0.0
36 39 37 0.0 0.0 0.0 0.0 1.0 0.0 0.0
36 39 39 0.0 0.0 0.0 0.0 6.0 0.0 0.0
36 39 43 0.0 0.0 0.0 0.0 1.0 0.0 0.0
36 40 39 0.0 0.0 0.0 0.0 2.0 0.0 0.0
36 40 40 0.0 0.0 0.0 0.0 1.0 0.0 0.0
36 40 41 0.0 0.0 0.0 0.0 3.0 0.0 0.0
36 41 40 0.0 0.0 0.0 0.0 3.0 0.0 0.0
36 41 41 0.0 0.0 0.0 0.0 1.0 0.0 0.0
36 41 42 0.0 0.0 0.0 0.0 1.0 0.0 0.0
37 37 37 0.0 0.0 0.0 0.0 4.0 0.0 0.0
37 37 38 0.0 0.0 0.0 2.0 42.0 1.0 0.0
37 37 39 0.0 0.0 0.0 2.0 75.0 0.0 0.0
37 37 40 0.0 0.0 0.0 3.0 91.0 1.0 0.0
37 37 41 0.0 0.0 0.0 9.0 76.0 2.0 0.0
37 37 42 0.0 0.0 0.0 3.0 32.0 1.0 0.0
37 38 37 0.0 0.0 0.0 3.0 35.0 0.0 0.0
37 38 38 0.0 0.0 0.0 43.0 248.0 7.0 1.0
37 38 39 0.0 0.0 0.0 71.0 576.0 9.0 0.0
37 38 40 0.0 1.0 0.0 95.0 836.0 15.0 1.0
37 38 41 0.0 0.0 0.0 93.0 551.0 9.0 0.0
37 38 42 0.0 0.0 0.0 37.0 197.0 3.0 0.0
37 38 43 0.0 0.0 0.0 1.0 35.0 1.0 0.0
37 39 37 0.0 0.0 0.0 5.0 137.0 2.0 0.0
37 39 38 0.0 0.0 2.0 81.0 797.0 19.0 0.0
37 39 39 0.0 0.0 2.0 195.0 1658.0 33.0 5.0
37 39 40 0.0 0.0 0.0 274.0 2128.0 51.0 13.0
37 39 41 0.0 0.0 1.0 183.0 1503.0 22.0 2.0
37 39 42 0.0 0.0 0.0 104.0 561.0 7.0 2.0
37 39 43 0.0 0.0 0.0 4.0 57.0 2.0 0.0
37 40 37 0.0 0.0 0.0 20.0 127.0 2.0 0.0
37 40 38 0.0 0.0 1.0 107.0 993.0 18.0 2.0
37 40 39 0.0 0.0 1.0 227.0 2147.0 48.0 8.0
37 40 40 0.0 0.0 0.0 251.0 2850.0 42.0 23.0
37 40 41 0.0 1.0 0.0 265.0 1975.0 37.0 6.0
37 40 42 0.0 0.0 0.0 115.0 711.0 15.0 1.0
37 40 43 0.0 0.0 0.0 8.0 131.0 3.0 0.0
37 41 37 0.0 0.0 0.0 8.0 151.0 1.0 0.0
37 41 38 0.0 0.0 0.0 53.0 690.0 13.0 0.0
37 41 39 0.0 0.0 1.0 179.0 1693.0 18.0 7.0
37 41 40 0.0 0.0 3.0 238.0 1974.0 32.0 7.0
37 41 41 0.0 0.0 1.0 146.0 1386.0 24.0 3.0
37 41 42 0.0 0.0 0.0 62.0 702.0 9.0 3.0
37 41 43 0.0 0.0 0.0 4.0 57.0 0.0 0.0
37 42 37 0.0 0.0 0.0 6.0 39.0 0.0 0.0
37 42 38 0.0 0.0 0.0 39.0 254.0 6.0 0.0
37 42 39 0.0 0.0 0.0 74.0 688.0 14.0 0.0
37 42 40 0.0 0.0 2.0 86.0 790.0 21.0 0.0
37 42 41 0.0 0.0 0.0 38.0 644.0 15.0 0.0
37 42 42 0.0 0.0 0.0 22.0 227.0 4.0 0.0
37 42 43 0.0 0.0 0.0 13.0 38.0 1.0 0.0
37 43 37 0.0 0.0 0.0 1.0 1.0 0.0 0.0
37 43 38 0.0 0.0 0.0 0.0 22.0 0.0 0.0
37 43 39 0.0 0.0 0.0 9.0 72.0 2.0 0.0
37 43 40 0.0 0.0 0.0 7.0 104.0 2.0 0.0
37 43 41 0.0 0.0 0.0 7.0 51.0 1.0 0.0
37 43 42 0.0 0.0 0.0 3.0 34.0 0.0 0.0
37 43 43 0.0 0.0 0.0 0.0 2.0 1.0 0.0
38 36 40 0.0 0.0 0.0 0.0 2.0 0.0 0.0
38 36 41 0.0 0.0 0.0 0.0 1.0 0.0 0.0
38 37 37 0.0 0.0 0.0 2.0 30.0 0.0 0.0
38 37 38 0.0 0.0 0.0 17.0 238.0 3.0 0.0
38 37 39 0.0 0.0 1.0 66.0 514.0 10.0 1.0
38 37 40 0.0 0.0 0.0 77.0 781.0 14.0 0.0
38 37 41 0.0 0.0 0.0 29.0 655.0 9.0 1.0
38 37 42 0.0 0.0 0.0 16.0 310.0 9.0 0.0
38 37 43 0.0 0.0 0.0 15.0 69.0 1.0 0.0
38 38 36 0.0 0.0 0.0 0.0 1.0 0.0 0.0
38 38 37 0.0 0.0 0.0 31.0 268.0 6.0 0.0
38 38 38 0.0 0.0 0.0 585.0 8137.0 160.0 259.0
38 38 39 0.0 0.0 10.0 1308.0 15200.0 234.0 1075.0
38 38 40 0.0 1.0 8.0 1849.0 20085.0 303.0 2017.0
38 38 41 0.0 3.0 5.0 1829.0 14933.0 232.0 1000.0
38 38 42 0.0 0.0 0.0 475.0 6365.0 94.0 144.0
38 38 43 0.0 0.0 0.0 24.0 308.0 12.0 0.0
38 39 36 0.0 0.0 0.0 0.0 1.0 0.0 0.0
38 39 37 0.0 0.0 0.0 95.0 649.0 10.0 0.0
38 39 38 0.0 5.0 13.0 2674.0 17400.0 298.0 1583.0
38 39 39 0.0 0.0 10.0 3971.0 29692.0 441.0 6480.0
38 39 40 0.0 11.0 6.0 4521.0 33451.0 450.0 9093.0
38 39 41 0.0 3.0 8.0 3091.0 29320.0 436.0 5661.0
38 39 42 0.0 0.0 13.0 1500.0 14228.0 238.0 895.0
38 39 43 0.0 0.0 0.0 71.0 649.0 9.0 1.0
38 40 37 0.0 0.0 0.0 140.0 1114.0 20.0 4.0
38 40 38 0.0 1.0 24.0 1875.0 23908.0 368.0 3031.0
38 40 39 0.0 6.0 19.0 3964.0 35254.0 471.0 9618.0
38 40 40 0.0 11.0 14.0 4045.0 39112.0 552.0 13870.0
38 40 41 0.0 9.0 12.0 3972.0 34615.0 472.0 8892.0
38 40 42 0.0 1.0 14.0 1791.0 19510.0 326.0 1812.0
38 40 43 0.0 0.0 0.0 81.0 1006.0 23.0 3.0
38 40 44 0.0 0.0 0.0 0.0 1.0 0.0 0.0
38 41 36 0.0 0.0 0.0 0.0 1.0 0.0 0.0
38 41 37 0.0 0.0 0.0 82.0 779.0 12.0 0.0
38 41 38 0.0 2.0 6.0 1443.0 17041.0 273.0 1385.0
38 41 39 0.0 0.0 9.0 2860.0 30851.0 440.0 6377.0
38 41 40 0.0 4.0 10.0 3608.0 34502.0 521.0 9020.0
38 41 41 0.0 11.0 9.0 2873.0 28914.0 408.0 5107.0
38 41 42 0.0 0.0 4.0 1297.0 15748.0 244.0 1039.0
38 41 43 0.0 1.0 0.0 62.0 476.0 5.0 0.0
38 42 37 0.0 0.0 0.0 17.0 277.0 3.0 0.0
38 42 38 0.0 0.0 0.0 700.0 7918.0 126.0 265.0
38 42 39 0.0 12.0 18.0 1429.0 15774.0 262.0 1127.0
38 42 40 0.0 2.0 7.0 2187.0 19999.0 315.0 2011.0
38 42 41 0.0 9.0 0.0 1555.0 15844.0 263.0 1184.0
38 42 42 0.0 1.0 1.0 579.0 6534.0 109.0 161.0
38 42 43 0.0 0.0 0.0 17.0 246.0 5.0 0.0
38 43 37 0.0 0.0 0.0 2.0 55.0 2.0 0.0
38 43 38 0.0 0.0 0.0 16.0 275.0 6.0 0.0
38 43 39 0.0 0.0 0.0 66.0 592.0 8.0 2.0
38 43 40 0.0 0.0 2.0 76.0 816.0 12.0 3.0
38 43 41 0.0 0.0 0.0 66.0 710.0 15.0 1.0
38 43 42 0.0 0.0 0.0 17.0 286.0 9.0 0.0
38 43 43 0.0 0.0 0.0 3.0 32.0 0.0 0.0
38 44 43 0.0 0.0 0.0 0.0 1.0 0.0 0.0
39 36 39 0.0 0.0 0.0 0.0 2.0 1.0 0.0
39 36 40 0.0 0.0 0.0 0.0 2.0 0.0 0.0
39 37 37 0.0 0.0 0.0 12.0 99.0 3.0 0.0
39 37 38 0.0 0.0 0.0 50.0 608.0 10.0 0.0
39 37 39 0.0 0.0 0.0 201.0 1698.0 38.0 6.0
39 37 40 0.0 0.0 2.0 249.0 2285.0 50.0 9.0
39 37 41 0.0 0.0 0.0 196.0 1580.0 30.0 5.0
39 37 42 0.0 1.0 0.0 95.0 674.0 11.0 1.0
39 37 43 0.0 0.0 0.0 11.0 164.0 3.0 0.0
39 38 37 0.0 0.0 0.0 87.0 800.0 17.0 1.0
39 38 38 0.0 0.0 1.0 2292.0 14641.0 254.0 1185.0
39 38 39 0.0 1.0 3.0 2954.0 30357.0 476.0 5678.0
39 38 40 0.0 6.0 20.0 3706.0 33431.0 476.0 8251.0
39 38 41 0.0 2.0 11.0 3203.0 29184.0 477.0 5545.0
39 38 42 0.0 1.0 0.0 2096.0 16256.0 292.0 1297.0
39 38 43 0.0 0.0 0.0 75.0 590.0 5.0 0.0
39 38 44 0.0 0.0 0.0 0.0 11.0 0.0 0.0
39 39 36 0.0 0.0 0.0 0.0 3.0 0.0 0.0
39 39 37 0.0 0.0 6.0 207.0 1695.0 25.0 5.0
39 39 38 0.0 1.0 16.0 3393.0 29913.0 432.0 5616.0
39 39 39 0.0 2.0 24.0 2945.0 30420.0 276.0 60863.0
39 39 40 0.0 11.0 15.0 2879.0 28771.0 263.0 68340.0
39 39 41 0.0 7.0 11.0 3757.0 29667.0 306.0 60356.0
39 39 42 0.0 2.0 14.0 3147.0 30309.0 439.0 5980.0
39 39 43 0.0 0.0 0.0 137.0 1628.0 34.0 8.0
39 39 44 0.0 0.0 0.0 0.0 1.0 0.0 0.0
39 40 36 0.0 0.0 0.0 0.0 2.0 0.0 0.0
39 40 37 0.0 0.0 2.0 230.0 2413.0 35.0 16.0
39 40 38 0.0 8.0 6.0 3586.0 35008.0 535.0 9318.0
39 40 39 0.0 4.0 19.0 2905.0 25452.0 229.0 74301.0
39 40 40 0.0 12.0 13.0 2968.0 25483.0 222.0 78512.0
39 40 41 0.0 9.0 19.0 2990.0 27837.0 273.0 69760.0
39 40 42 0.0 4.0 25.0 3641.0 35131.0 481.0 9428.0
39 40 43 0.0 4.0 0.0 206.0 2135.0 29.0 10.0
39 40 44 0.0 0.0 0.0 0.0 1.0 0.0 0.0
39 41 36 0.0 0.0 0.0 0.0 3.0 0.0 0.0
39 41 37 0.0 0.0 0.0 169.0 1863.0 30.0 12.0
39 41 38 0.0 3.0 12.0 2937.0 30769.0 450.0 6276.0
39 41 39 0.0 8.0 10.0 2705.0 28939.0 260.0 64362.0
39 41 40 0.0 8.0 34.0 2907.0 28656.0 258.0 67574.0
39 41 41 0.0 20.0 18.0 3118.0 30003.0 298.0 60747.0
39 41 42 0.0 4.0 8.0 3624.0 29132.0 458.0 5592.0
39 41 43 0.0 4.0 3.0 141.0 1516.0 21.0 8.0
39 42 37 0.0 0.0 0.0 50.0 626.0 14.0 0.0
39 42 38 0.0 0.0 7.0 1857.0 16500.0 280.0 1332.0
39 42 39 0.0 7.0 10.0 3458.0 29493.0 472.0 5768.0
39 42 40 0.0 0.0 5.0 4336.0 33796.0 458.0 8881.0
39 42 41 0.0 3.0 13.0 3275.0 29683.0 430.0 5762.0
39 42 42 0.0 5.0 11.0 2013.0 15000.0 265.0 1118.0
39 42 43 0.0 0.0 0.0 64.0 605.0 9.0 1.0
39 43 37 0.0 0.0 0.0 11.0 69.0 4.0 0.0
39 43 38 0.0 1.0 0.0 59.0 660.0 14.0 0.0
39 43 39 0.0 1.0 3.0 142.0 1713.0 23.0 2.0
39 43 40 0.0 0.0 2.0 200.0 2134.0 31.0 11.0
39 43 41 0.0 0.0 0.0 165.0 1616.0 21.0 8.0
39 43 42 0.0 0.0 0.0 84.0 728.0 12.0 1.0
39 43 43 0.0 0.0 0.0 9.0 120.0 3.0 0.0
39 44 39 0.0 0.0 0.0 0.0 4.0 0.0 0.0
39 44 40 0.0 0.0 0.0 0.0 2.0 0.0 0.0
39 44 42 0.0 0.0 0.0 1.0 1.0 0.0 0.0
40 36 41 0.0 0.0 0.0 0.0 1.0 0.0 0.0
40 36 42 0.0 0.0 0.0 0.0 7.0 1.0 0.0
40 36 43 0.0 0.0 0.0 0.0 1.0 0.0 0.0
40 37 37 0.0 0.0 0.0 8.0 135.0 3.0 0.0
40 37 38 0.0 0.0 0.0 88.0 985.0 17.0 1.0
40 37 39 0.0 1.0 3.0 241.0 2207.0 40.0 9.0
40 37 40 0.0 0.0 0.0 302.0 3032.0 59.0 28.0
40 37 41 0.0 0.0 1.0 275.0 2385.0 41.0 15.0
40 37 42 0.0 0.0 2.0 118.0 995.0 17.0 5.0
40 37 43 0.0 0.0 0.0 24.0 199.0 5.0 0.0
40 38 37 0.0 0.0 0.0 110.0 717.0 12.0 3.0
40 38 38 0.0 0.0 2.0 2263.0 19498.0 348.0 1955.0
40 38 39 0.0 4.0 15.0 3587.0 35023.0 512.0 9492.0
40 38 40 0.0 20.0 19.0 4525.0 39334.0 540.0 15177.0
40 38 41 0.0 11.0 8.0 3644.0 36051.0 482.0 10181.0
40 38 42 0.0 1.0 12.0 2148.0 23040.0 361.0 2910.0
40 38 43 0.0 0.0 0.0 97.0 1060.0 21.0 5.0
40 38 44 0.0 0.0 0.0 0.0 5.0 1.0 0.0
40 39 36 0.0 0.0 0.0 0.0 1.0 0.0 0.0
40 39 37 0.0 0.0 0.0 194.0 2154.0 29.0 6.0
40 39 38 0.0 3.0 19.0 4025.0 35158.0 468.0 9824.0
40 39 39 0.0 0.0 15.0 3356.0 29597.0 289.0 66630.0
40 39 40 0.0 6.0 16.0 2875.0 25707.0 243.0 78709.0
40 39 41 0.0 13.0 20.0 3166.0 25848.0 232.0 72645.0
40 39 42 0.0 30.0 22.0 3867.0 35989.0 548.0 10816.0
40 39 43 0.0 1.0 0.0 237.0 2696.0 42.0 19.0
40 39 44 0.0 0.0 0.0 1.0 3.0 0.0 0.0
40 40 36 0.0 0.0 0.0 0.0 1.0 0.0 0.0
40 40 37 0.0 0.0 5.0 258.0 2840.0 51.0 29.0
40 40 38 0.0 4.0 26.0 4235.0 39515.0 532.0 15236.0
40 40 39 0.0 3.0 14.0 2867.0 27464.0 248.0 75459.0
40 40 40 0.0 3.0 11.0 1386.0 12052.0 88.0 117679.0
40 40 41 0.0 25.0 21.0 3053.0 24693.0 205.0 79803.0
40 40 42 0.0 13.0 23.0 3962.0 39835.0 522.0 15906.0
40 40 43 0.0 1.0 2.0 293.0 3042.0 71.0 19.0
40 40 44 0.0 0.0 0.0 0.0 9.0 0.0 0.0
40 41 36 0.0 0.0 0.0 0.0 7.0 0.0 0.0
40 41 37 0.0 0.0 0.0 347.0 2109.0 34.0 9.0
40 41 38 0.0 5.0 14.0 3542.0 35827.0 503.0 10063.0
40 41 39 0.0 9.0 18.0 3073.0 27450.0 243.0 69972.0
40 41 40 0.0 17.0 23.0 2772.0 25327.0 227.0 79178.0
40 41 41 0.0 17.0 17.0 3793.0 26375.0 287.0 70095.0
40 41 42 0.0 17.0 3.0 3399.0 34412.0 503.0 8361.0
40 41 43 0.0 0.0 0.0 260.0 2076.0 51.0 10.0
40 41 44 0.0 0.0 0.0 0.0 2.0 0.0 0.0
40 42 37 0.0 0.0 0.0 105.0 769.0 11.0 2.0
40 42 38 0.0 0.0 14.0 2086.0 19905.0 290.0 2005.0
40 42 39 0.0 9.0 18.0 3020.0 35539.0 512.0 9184.0
40 42 40 0.0 3.0 23.0 3513.0 39584.0 532.0 14105.0
40 42 41 0.0 6.0 24.0 4012.0 34223.0 541.0 9020.0
40 42 42 0.0 3.0 0.0 2799.0 19675.0 327.0 2115.0
40 42 43 0.0 0.0 0.0 72.0 728.0 11.0 0.0
40 43 37 0.0 0.0 0.0 14.0 133.0 2.0 0.0
40 43 38 0.0 0.0 2.0 107.0 731.0 5.0 4.0
40 43 39 0.0 0.0 1.0 179.0 2275.0 33.0 14.0
40 43 40 0.0 0.0 0.0 282.0 2686.0 71.0 14.0
40 43 41 0.0 0.0 0.0 223.0 2154.0 42.0 13.0
40 43 42 0.0 2.0 0.0 95.0 855.0 16.0 1.0
40 43 43 0.0 0.0 0.0 12.0 104.0 0.0 0.0
40 44 40 0.0 0.0 0.0 0.0 3.0 0.0 0.0
40 44 41 0.0 0.0 0.0 0.0 2.0 0.0 0.0
41 36 41 0.0 0.0 0.0 1.0 3.0 0.0 0.0
41 37 37 0.0 0.0 0.0 14.0 103.0 2.0 0.0
41 37 38 0.0 0.0 0.0 62.0 594.0 12.0 1.0
41 37 39 0.0 1.0 0.0 161.0 1687.0 36.0 8.0
41 37 40 0.0 0.0 0.0 238.0 2621.0 44.0 16.0
41 37 41 0.0 0.0 3.0 350.0 1999.0 35.0 5.0
41 37 42 0.0 0.0 0.0 60.0 960.0 15.0 3.0
41 37 43 0.0 0.0 0.0 11.0 259.0 6.0 1.0
41 38 37 0.0 0.0 3.0 98.0 546.0 7.0 0.0
41 38 38 0.0 2.0 4.0 1954.0 15162.0 255.0 1156.0
41 38 39 0.0 1.0 16.0 3406.0 29967.0 439.0 5909.0
41 38 40 0.0 6.0 25.0 4214.0 36409.0 518.0 11519.0
41 38 41 0.0 13.0 12.0 3388.0 33726.0 463.0 8643.0
41 38 42 0.0 11.0 6.0 1490.0 22873.0 362.0 2667.0
41 38 43 0.0 0.0 1.0 117.0 961.0 17.0 0.0
41 39 36 0.0 0.0 0.0 0.0 1.0 0.0 0.0
41 39 37 0.0 0.0 0.0 187.0 1555.0 25.0 10.0
41 39 38 0.0 2.0 2.0 2977.0 28616.0 469.0 4838.0
41 39 39 0.0 9.0 11.0 3288.0 28645.0 281.0 63990.0
41 39 40 0.0 5.0 28.0 3079.0 25861.0 266.0 73248.0
41 39 41 0.0 10.0 23.0 2135.0 24197.0 251.0 73570.0
41 39 42 0.0 6.0 23.0 3281.0 33444.0 497.0 8352.0
41 39 43 0.0 1.0 4.0 197.0 2302.0 47.0 15.0
41 39 44 0.0 0.0 0.0 0.0 6.0 0.0 0.0
41 40 36 0.0 0.0 0.0 0.0 3.0 0.0 0.0
41 40 37 0.0 0.0 2.0 214.0 2413.0 41.0 15.0
41 40 38 0.0 5.0 6.0 4118.0 34970.0 494.0 9729.0
41 40 39 0.0 0.0 11.0 2615.0 26942.0 223.0 72582.0
41 40 40 0.0 2.0 14.0 2461.0 25441.0 209.0 80224.0
41 40 41 0.0 7.0 29.0 2815.0 29126.0 279.0 68304.0
41 40 42 0.0 5.0 11.0 3462.0 36777.0 490.0 10992.0
41 40 43 0.0 1.0 0.0 239.0 2539.0 47.0 15.0
41 40 44 0.0 0.0 0.0 0.0 3.0 0.0 0.0
41 41 36 0.0 0.0 0.0 0.0 4.0 0.0 0.0
41 41 37 0.0 0.0 0.0 157.0 1669.0 29.0 8.0
41 41 38 0.0 0.0 21.0 2550.0 30640.0 442.0 5879.0
41 41 39 0.0 6.0 35.0 2398.0 30816.0 283.0 60572.0
41 41 40 0.0 6.0 23.0 2634.0 27402.0 242.0 71184.0
41 41 41 0.0 7.0 12.0 3252.0 29251.0 284.0 62627.0
41 41 42 0.0 22.0 2.0 3722.0 29338.0 415.0 5741.0
41 41 43 0.0 0.0 0.0 162.0 1832.0 35.0 13.0
41 41 44 0.0 0.0 0.0 0.0 1.0 0.0 0.0
41 42 37 0.0 0.0 0.0 94.0 739.0 15.0 2.0
41 42 38 0.0 0.0 11.0 2013.0 15908.0 269.0 1270.0
41 42 39 0.0 10.0 18.0 2585.0 29856.0 467.0 5498.0
41 42 40 0.0 0.0 5.0 3297.0 35016.0 483.0 9153.0
41 42 41 0.0 11.0 12.0 3179.0 29546.0 444.0 5677.0
41 42 42 0.0 2.0 4.0 1944.0 16763.0 268.0 1322.0
41 42 43 0.0 0.0 0.0 86.0 610.0 7.0 2.0
41 42 44 0.0 0.0 0.0 0.0 2.0 0.0 0.0
41 43 37 0.0 0.0 0.0 12.0 92.0 1.0 0.0
41 43 38 0.0 0.0 0.0 87.0 717.0 15.0 2.0
41 43 39 0.0 0.0 1.0 149.0 1677.0 33.0 11.0
41 43 40 0.0 0.0 0.0 222.0 2182.0 29.0 6.0
41 43 41 0.0 0.0 0.0 180.0 1579.0 28.0 8.0
41 43 42 0.0 1.0 0.0 82.0 688.0 13.0 1.0
41 43 43 0.0 0.0 0.0 17.0 80.0 0.0 0.0
41 44 39 0.0 0.0 0.0 0.0 2.0 0.0 0.0
41 44 41 0.0 0.0 0.0 0.0 1.0 0.0 0.0
42 36 42 0.0 0.0 0.0 0.0 1.0 0.0 0.0
42 37 36 0.0 0.0 0.0 1.0 0.0 0.0 0.0
42 37 37 0.0 0.0 0.0 13.0 33.0 0.0 0.0
42 37 38 0.0 0.0 0.0 44.0 285.0 6.0 0.0
42 37 39 0.0 0.0 1.0 97.0 804.0 9.0 4.0
42 37 40 0.0 0.0 3.0 113.0 1201.0 23.0 2.0
42 37 41 0.0 0.0 1.0 141.0 1067.0 20.0 3.0
42 37 42 0.0 0.0 0.0 31.0 469.0 8.0 2.0
42 37 43 0.0 0.0 0.0 4.0 114.0 2.0 0.0
42 38 37 0.0 0.0 0.0 18.0 266.0 4.0 0.0
42 38 38 0.0 0.0 1.0 820.0 10057.0 164.0 464.0
42 38 39 0.0 1.0 1.0 1873.0 18568.0 294.0 1659.0
42 38 40 0.0 12.0 7.0 2691.0 25497.0 424.0 3791.0
42 38 41 0.0 4.0 9.0 1735.0 22933.0 340.0 2749.0
42 38 42 0.0 0.0 6.0 976.0 13783.0 206.0 812.0
42 38 43 0.0 0.0 0.0 42.0 536.0 9.0 1.0
42 38 44 0.0 0.0 0.0 0.0 1.0 0.0 0.0
42 39 36 0.0 0.0 0.0 0.0 1.0 0.0 0.0
42 39 37 0.0 0.0 0.0 63.0 618.0 5.0 0.0
42 39 38 0.0 0.0 1.0 1537.0 19129.0 299.0 1875.0
42 39 39 0.0 3.0 11.0 3596.0 29964.0 463.0 6352.0
42 39 40 0.0 7.0 12.0 3969.0 37473.0 442.0 12635.0
42 39 41 0.0 4.0 18.0 3173.0 33520.0 447.0 8268.0
42 39 42 0.0 2.0 4.0 1556.0 23169.0 342.0 2745.0
42 39 43 0.0 0.0 0.0 89.0 983.0 14.0 4.0
42 40 37 0.0 0.0 0.0 56.0 877.0 14.0 1.0
42 40 38 0.0 0.0 11.0 1831.0 21253.0 340.0 2345.0
42 40 39 0.0 1.0 10.0 2761.0 37251.0 495.0 10591.0
42 40 40 0.0 7.0 5.0 4038.0 40129.0 508.0 15940.0
42 40 41 0.0 7.0 16.0 3080.0 37170.0 482.0 11259.0
42 40 42 0.0 0.0 19.0 1955.0 24937.0 401.0 3467.0
42 40 43 0.0 0.0 0.0 134.0 1132.0 20.0 2.0
42 40 44 0.0 0.0 0.0 0.0 1.0 0.0 0.0
42 41 37 0.0 0.0 0.0 63.0 654.0 15.0 2.0
42 41 38 0.0 0.0 6.0 1295.0 16710.0 278.0 1187.0
42 41 39 0.0 0.0 9.0 2131.0 30396.0 445.0 5507.0
42 41 40 0.0 3.0 15.0 2823.0 36552.0 516.0 10693.0
42 41 41 0.0 2.0 11.0 2654.0 31382.0 463.0 6205.0
42 41 42 0.0 2.0 1.0 1401.0 17017.0 243.0 1376.0
42 41 43 0.0 0.0 0.0 58.0 878.0 12.0 0.0
42 42 37 0.0 0.0 0.0 27.0 257.0 5.0 0.0
42 42 38 0.0 0.0 1.0 920.0 6591.0 129.0 207.0
42 42 39 0.0 0.0 8.0 1412.0 17206.0 281.0 1315.0
42 42 40 0.0 17.0 3.0 1817.0 21964.0 355.0 2568.0
42 42 41 0.0 4.0 2.0 2457.0 16525.0 264.0 1415.0
42 42 42 0.0 4.0 0.0 662.0 7517.0 127.0 227.0
42 42 43 0.0 0.0 0.0 46.0 225.0 4.0 0.0
42 42 44 0.0 0.0 0.0 0.0 1.0 0.0 0.0
42 43 37 0.0 0.0 0.0 4.0 33.0 0.0 0.0
42 43 38 0.0 0.0 0.0 20.0 224.0 3.0 0.0
42 43 39 0.0 0.0 1.0 56.0 683.0 18.0 2.0
42 43 40 0.0 0.0 0.0 86.0 807.0 8.0 1.0
42 43 41 0.0 0.0 0.0 79.0 680.0 15.0 2.0
42 43 42 0.0 0.0 1.0 16.0 268.0 3.0 1.0
42 43 43 0.0 0.0 0.0 9.0 48.0 1.0 0.0
42 44 40 0.0 0.0 0.0 0.0 1.0 0.0 0.0
43 37 37 0.0 0.0 0.0 0.0 4.0 0.0 0.0
43 37 38 0.0 0.0 0.0 12.0 53.0 2.0 0.0
43 37 39 0.0 0.0 0.0 19.0 152.0 3.0 0.0
43 37 40 0.0 0.0 0.0 21.0 227.0 8.0 0.0
43 37 41 0.0 0.0 0.0 20.0 203.0 3.0 0.0
43 37 42 0.0 0.0 0.0 1.0 132.0 2.0 0.0
43 37 43 0.0 0.0 0.0 1.0 24.0 0.0 0.0
43 38 37 0.0 0.0 0.0 1.0 74.0 2.0 0.0
43 38 38 0.0 0.0 0.0 29.0 276.0 4.0 0.0
43 38 39 0.0 0.0 0.0 92.0 1013.0 16.0 3.0
43 38 40 0.0 0.0 0.0 110.0 1410.0 26.0 5.0
43 38 41 0.0 0.0 0.0 125.0 1168.0 17.0 4.0
43 38 42 0.0 0.0 1.0 55.0 488.0 8.0 1.0
43 38 43 0.0 0.0 0.0 4.0 129.0 1.0 0.0
43 39 37 0.0 0.0 0.0 10.0 155.0 2.0 0.0
43 39 38 0.0 0.0 1.0 70.0 737.0 9.0 0.0
43 39 39 0.0 0.0 1.0 256.0 2055.0 45.0 15.0
43 39 40 0.0 2.0 3.0 291.0 2757.0 50.0 17.0
43 39 41 0.0 0.0 0.0 199.0 2507.0 32.0 13.0
43 39 42 0.0 0.0 1.0 81.0 1141.0 19.0 3.0
43 39 43 0.0 0.0 0.0 15.0 197.0 3.0 0.0
43 40 37 0.0 0.0 0.0 13.0 159.0 6.0 0.0
43 40 38 0.0 0.0 0.0 83.0 866.0 12.0 1.0
43 40 39 0.0 0.0 0.0 245.0 2238.0 47.0 15.0
43 40 40 0.0 0.0 4.0 279.0 3653.0 69.0 32.0
43 40 41 0.0 5.0 2.0 326.0 2719.0 49.0 16.0
43 40 42 0.0 1.0 0.0 135.0 1084.0 19.0 5.0
43 40 43 0.0 0.0 0.0 27.0 239.0 2.0 1.0
43 41 37 0.0 0.0 0.0 13.0 127.0 7.0 0.0
43 41 38 0.0 0.0 0.0 37.0 608.0 9.0 1.0
43 41 39 0.0 0.0 0.0 156.0 1789.0 31.0 10.0
43 41 40 0.0 0.0 2.0 204.0 2648.0 43.0 18.0
43 41 41 0.0 0.0 0.0 147.0 2116.0 42.0 9.0
43 41 42 0.0 0.0 0.0 66.0 730.0 14.0 2.0
43 41 43 0.0 0.0 0.0 9.0 140.0 2.0 0.0
43 42 37 0.0 0.0 0.0 0.0 59.0 2.0 0.0
43 42 38 0.0 0.0 0.0 11.0 293.0 6.0 0.0
43 42 39 0.0 0.0 0.0 47.0 668.0 14.0 1.0
43 42 40 0.0 0.0 0.0 85.0 1070.0 21.0 3.0
43 42 41 0.0 1.0 0.0 93.0 722.0 8.0 2.0
43 42 42 0.0 0.0 0.0 41.0 278.0 6.0 0.0
43 42 43 0.0 0.0 0.0 5.0 31.0 0.0 0.0
43 43 37 0.0 0.0 0.0 0.0 4.0 0.0 0.0
43 43 38 0.0 0.0 0.0 3.0 31.0 1.0 0.0
43 43 39 0.0 0.0 0.0 0.0 105.0 2.0 0.0
43 43 40 0.0 0.0 0.0 23.0 151.0 5.0 0.0
43 43 41 0.0 1.0 0.0 6.0 138.0 5.0 0.0
43 43 42 0.0 0.0 0.0 3.0 33.0 1.0 0.0
43 43 43 0.0 0.0 0.0 0.0 5.0 0.0 0.0
43 44 38 0.0 0.0 0.0 0.0 1.0 0.0 0.0
44 37 38 0.0 0.0 0.0 0.0 1.0 0.0 0.0
44 37 42 0.0 0.0 0.0 0.0 1.0 0.0 0.0
44 38 40 0.0 0.0 0.0 0.0 1.0 0.0 0.0
44 38 42 0.0 0.0 0.0 1.0 0.0 0.0 0.0
44 39 40 0.0 0.0 0.0 1.0 1.0 0.0 0.0
44 39 41 0.0 0.0 0.0 0.0 1.0 0.0 0.0
44 39 42 0.0 0.0 0.0 0.0 1.0 0.0 0.0
44 40 39 0.0 0.0 0.0 0.0 6.0 0.0 0.0
44 40 40 0.0 0.0 0.0 0.0 5.0 1.0 0.0
44 40 41 0.0 0.0 0.0 0.0 5.0 0.0 0.0
44 40 42 0.0 0.0 0.0 0.0 2.0 1.0 0.0
44 41 39 0.0 0.0 0.0 0.0 1.0 0.0 0.0
44 41 40 0.0 0.0 0.0 0.0 3.0 1.0 0.0
44 41 41 0.0 0.0 0.0 0.0 3.0 1.0 0.0
44 43 39 0.0 0.0 0.0 0.0 1.0 0.0 0.0
