35 37 38 0.0 0.0 0.0 0.0 1.0 0.0 0.0
35 37 39 0.0 0.0 0.0 0.0 1.0 0.0 0.0
35 37 40 0.0 0.0 0.0 0.0 7.0 2.0 0.0
35 37 41 0.0 0.0 0.0 1.0 6.0 0.0 0.0
35 37 42 0.0 0.0 0.0 0.0 1.0 0.0 0.0
35 38 38 0.0 0.0 0.0 1.0 3.0 0.0 0.0
35 38 39 0.0 0.0 0.0 0.0 12.0 1.0 0.0
35 38 40 0.0 0.0 0.0 1.0 21.0 0.0 0.0
35 38 41 0.0 0.0 0.0 0.0 9.0 0.0 0.0
35 38 42 0.0 0.0 0.0 0.0 3.0 0.0 0.0
35 38 43 0.0 0.0 0.0 0.0 1.0 0.0 0.0
35 39 38 0.0 0.0 0.0 0.0 14.0 0.0 0.0
35 39 39 0.0 0.0 0.0 5.0 22.0 1.0 0.0
35 39 40 0.0 0.0 0.0 4.0 31.0 1.0 0.0
35 39 41 0.0 0.0 0.0 9.0 25.0 0.0 0.0
35 39 42 0.0 0.0 0.0 4.0 27.0 1.0 0.0
35 39 43 0.0 0.0 0.0 0.0 5.0 0.0 0.0
35 40 36 0.0 0.0 0.0 1.0 3.0 0.0 0.0
35 40 37 0.0 0.0 0.0 3.0 6.0 0.0 0.0
35 40 38 0.0 0.0 0.0 1.0 27.0 0.0 0.0
35 40 39 0.0 0.0 0.0 5.0 34.0 0.0 0.0
35 40 40 0.0 0.0 0.0 2.0 47.0 1.0 0.0
35 40 41 0.0 0.0 0.0 0.0 48.0 1.0 0.0
35 40 42 0.0 0.0 0.0 0.0 7.0 0.0 0.0
35 40 43 0.0 0.0 0.0 3.0 3.0 1.0 0.0
35 41 37 0.0 0.0 0.0 0.0 3.0 0.0 0.0
35 41 38 0.0 0.0 0.0 0.0 14.0 0.0 0.0
35 41 39 0.0 0.0 0.0 2.0 42.0 0.0 0.0
35 41 40 0.0 0.0 0.0 0.0 40.0 2.0 0.0
35 41 41 0.0 0.0 0.0 4.0 26.0 0.0 0.0
35 41 42 0.0 0.0 0.0 0.0 16.0 0.0 0.0
35 41 43 0.0 0.0 0.0 0.0 1.0 0.0 0.0
35 42 38 0.0 0.0 0.0 3.0 12.0 1.0 0.0
35 42 39 0.0 0.0 0.0 0.0 15.0 0.0 0.0
35 42 40 0.0 0.0 0.0 0.0 26.0 0.0 0.0
35 42 41 0.0 0.0 0.0 0.0 10.0 0.0 0.0
35 42 42 0.0 0.0 0.0 1.0 6.0 0.0 0.0
35 43 38 0.0 0.0 0.0 3.0 0.0 0.0 0.0
35 43 40 0.0 0.0 0.0 0.0 2.0 0.0 0.0
35 43 41 0.0 0.0 0.0 0.0 1.0 0.0 0.0
36 36 36 0.0 0.0 0.0 0.0 4.0 0.0 0.0
36 36 37 0.0 0.0 0.0 0.0 18.0 1.0 0.0
36 36 38 0.0 0.0 0.0 2.0 37.0 0.0 0.0
36 36 39 0.0 0.0 0.0 4.0 84.0 0.0 0.0
36 36 40 0.0 0.0 0.0 6.0 124.0 1.0 0.0
36 36 41 0.0 0.0 0.0 14.0 65.0 1.0 0.0
36 36 42 0.0 0.0 0.0 5.0 44.0 0.0 0.0
36 36 43 0.0 0.0 0.0 2.0 6.0 0.0 0.0
36 37 36 0.0 0.0 0.0 0.0 9.0 0.0 0.0
36 37 37 0.0 0.0 0.0 5.0 169.0 2.0 0.0
36 37 38 0.0 0.0 0.0 34.0 434.0 10.0 1.0
36 37 39 0.0 0.0 0.0 78.0 1089.0 26.0 0.0
36 37 40 0.0 0.0 0.0 106.0 1235.0 18.0 0.0
36 37 41 0.0 0.0 0.0 80.0 880.0 17.0 1.0
36 37 42 0.0 0.0 0.0 73.0 560.0 6.0 0.0
36 37 43 0.0 0.0 0.0 12.0 90.0 0.0 0.0
36 37 44 0.0 0.0 0.0 0.0 12.0 2.0 0.0
36 38 36 0.0 0.0 0.0 0.0 28.0 1.0 0.0
36 38 37 0.0 0.0 1.0 49.0 624.0 8.0 1.0
36 38 38 0.0 0.0 0.0 190.0 2081.0 43.0 16.0
36 38 39 0.0 0.0 0.0 324.0 3615.0 65.0 33.0
36 38 40 0.0 0.0 1.0 441.0 4871.0 88.0 59.0
36 38 41 0.0 0.0 0.0 288.0 3572.0 54.0 33.0
36 38 42 0.0 0.0 0.0 145.0 1719.0 30.0 3.0
36 38 43 0.0 0.0 0.0 71.0 437.0 12.0 0.0
36 38 44 0.0 0.0 0.0 5.0 31.0 1.0 0.0
36 39 35 0.0 0.0 0.0 0.0 1.0 0.0 0.0
36 39 36 0.0 0.0 0.0 5.0 109.0 3.0 0.0
36 39 37 0.0 0.0 0.0 74.0 1315.0 16.0 3.0
36 39 38 0.0 0.0 0.0 460.0 3861.0 76.0 35.0
36 39 39 0.0 0.0 4.0 658.0 7260.0 101.0 158.0
36 39 40 0.0 0.0 1.0 906.0 8197.0 146.0 194.0
36 39 41 0.0 0.0 0.0 727.0 6909.0 114.0 137.0
36 39 42 0.0 0.0 0.0 357.0 3480.0 52.0 24.0
36 39 43 0.0 0.0 2.0 90.0 997.0 15.0 3.0
36 39 44 0.0 0.0 0.0 4.0 57.0 0.0 0.0
36 40 35 0.0 0.0 0.0 0.0 3.0 0.0 0.0
36 40 36 0.0 0.0 0.0 6.0 151.0 2.0 0.0
36 40 37 0.0 0.0 1.0 157.0 1427.0 23.0 2.0
36 40 38 0.0 0.0 0.0 415.0 4656.0 76.0 50.0
36 40 39 0.0 0.0 0.0 781.0 8539.0 147.0 242.0
36 40 40 0.0 0.0 3.0 874.0 9853.0 166.0 293.0
36 40 41 0.0 0.0 0.0 766.0 7908.0 145.0 190.0
36 40 42 0.0 0.0 0.0 498.0 4190.0 69.0 43.0
36 40 43 0.0 0.0 0.0 213.0 1118.0 16.0 2.0
36 40 44 0.0 0.0 0.0 21.0 122.0 2.0 0.0
36 40 45 0.0 0.0 0.0 1.0 2.0 0.0 0.0
36 41 36 0.0 0.0 0.0 7.0 123.0 5.0 0.0
36 41 37 0.0 0.0 1.0 80.0 1166.0 19.0 2.0
36 41 38 0.0 0.0 0.0 257.0 4065.0 69.0 26.0
36 41 39 0.0 0.0 0.0 592.0 6924.0 110.0 136.0
36 41 40 0.0 1.0 0.0 711.0 8449.0 171.0 193.0
36 41 41 0.0 0.0 2.0 684.0 6422.0 105.0 137.0
36 41 42 0.0 1.0 0.0 349.0 3357.0 69.0 27.0
36 41 43 0.0 0.0 0.0 69.0 973.0 12.0 1.0
36 41 44 0.0 0.0 0.0 2.0 71.0 2.0 0.0
36 42 36 0.0 0.0 0.0 4.0 67.0 2.0 0.0
36 42 37 0.0 0.0 0.0 67.0 630.0 7.0 0.0
36 42 38 0.0 0.0 0.0 198.0 1944.0 43.0 12.0
36 42 39 0.0 0.0 0.0 339.0 3414.0 60.0 25.0
36 42 40 0.0 1.0 0.0 394.0 4158.0 77.0 33.0
36 42 41 0.0 0.0 0.0 328.0 3306.0 54.0 24.0
36 42 42 0.0 0.0 0.0 102.0 1661.0 26.0 6.0
36 42 43 0.0 0.0 0.0 42.0 557.0 9.0 0.0
36 42 44 0.0 0.0 0.0 0.0 33.0 0.0 0.0
36 43 36 0.0 0.0 0.0 0.0 8.0 0.0 0.0
36 43 37 0.0 0.0 0.0 28.0 134.0 1.0 0.0
36 43 38 0.0 0.0 0.0 54.0 500.0 10.0 0.0
36 43 39 0.0 0.0 0.0 121.0 960.0 14.0 0.0
36 43 40 0.0 0.0 0.0 83.0 1171.0 20.0 2.0
36 43 41 0.0 0.0 0.0 90.0 1092.0 22.0 4.0
36 43 42 0.0 0.0 0.0 30.0 466.0 10.0 1.0
36 43 43 0.0 0.0 0.0 3.0 95.0 0.0 0.0
36 43 44 0.0 0.0 0.0 0.0 8.0 0.0 0.0
36 44 36 0.0 0.0 0.0 1.0 1.0 0.0 0.0
36 44 37 0.0 0.0 0.0 0.0 7.0 0.0 0.0
36 44 38 0.0 0.0 0.0 5.0 44.0 0.0 0.0
36 44 39 0.0 0.0 0.0 4.0 79.0 0.0 0.0
36 44 40 0.0 0.0 0.0 9.0 112.0 3.0 1.0
36 44 41 0.0 0.0 0.0 2.0 61.0 0.0 0.0
36 44 42 0.0 0.0 0.0 5.0 46.0 0.0 0.0
36 44 43 0.0 0.0 0.0 0.0 4.0 0.0 0.0
37 35 38 0.0 0.0 0.0 0.0 1.0 0.0 0.0
37 35 39 0.0 0.0 0.0 0.0 3.0 0.0 0.0
37 35 40 0.0 0.0 0.0 0.0 8.0 0.0 0.0
37 35 41 0.0 0.0 0.0 0.0 1.0 0.0 0.0
37 36 36 0.0 0.0 0.0 0.0 8.0 0.0 0.0
37 36 37 0.0 0.0 0.0 9.0 88.0 1.0 0.0
37 36 38 0.0 0.0 0.0 54.0 392.0 4.0 3.0
37 36 39 0.0 0.0 0.0 90.0 877.0 15.0 1.0
37 36 40 0.0 0.0 0.0 82.0 1343.0 15.0 3.0
37 36 41 0.0 0.0 0.0 93.0 1008.0 17.0 2.0
37 36 42 0.0 0.0 0.0 24.0 512.0 12.0 1.0
37 36 43 0.0 0.0 0.0 29.0 83.0 5.0 0.0
37 36 44 0.0 0.0 0.0 2.0 6.0 0.0 0.0
37 37 36 0.0 0.0 0.0 11.0 125.0 2.0 0.0
37 37 37 0.0 0.0 0.0 243.0 3345.0 56.0 30.0
37 37 38 0.0 0.0 0.0 812.0 9790.0 167.0 376.0
37 37 39 0.0 0.0 0.0 1097.0 15395.0 254.0 937.0
37 37 40 0.0 1.0 3.0 1488.0 18973.0 288.0 1604.0
37 37 41 0.0 1.0 0.0 1317.0 16731.0 262.0 1212.0
37 37 42 0.0 0.0 0.0 851.0 9780.0 185.0 363.0
37 37 43 0.0 0.0 0.0 206.0 2587.0 45.0 29.0
37 37 44 0.0 0.0 0.0 11.0 137.0 2.0 0.0
37 38 36 0.0 0.0 0.0 41.0 431.0 11.0 2.0
37 38 37 0.0 0.0 0.0 940.0 9789.0 165.0 377.0
37 38 38 0.0 0.0 4.0 3180.0 26388.0 400.0 4056.0
37 38 39 0.0 0.0 0.0 3480.0 35796.0 446.0 10104.0
37 38 40 0.0 5.0 0.0 4063.0 38182.0 506.0 13051.0
37 38 41 0.0 0.0 7.0 3787.0 34886.0 485.0 9449.0
37 38 42 0.0 0.0 4.0 2770.0 23824.0 409.0 3092.0
37 38 43 0.0 0.0 0.0 628.0 9041.0 130.0 293.0
37 38 44 0.0 0.0 0.0 34.0 447.0 6.0 0.0
37 39 35 0.0 0.0 0.0 0.0 2.0 0.0 0.0
37 39 36 0.0 0.0 0.0 100.0 1293.0 21.0 7.0
37 39 37 0.0 0.0 0.0 1662.0 18517.0 290.0 1576.0
37 39 38 0.0 0.0 16.0 3057.0 38191.0 508.0 11265.0
37 39 39 0.0 0.0 17.0 4215.0 42031.0 518.0 22991.0
37 39 40 0.0 4.0 2.0 4320.0 42196.0 508.0 27188.0
37 39 41 0.0 2.0 4.0 4496.0 41687.0 509.0 21866.0
37 39 42 0.0 0.0 1.0 4026.0 35631.0 483.0 9710.0
37 39 43 0.0 0.0 0.0 1516.0 15581.0 286.0 1038.0
37 39 44 0.0 0.0 0.0 86.0 1072.0 24.0 1.0
37 40 35 0.0 0.0 0.0 1.0 10.0 1.0 0.0
37 40 36 0.0 0.0 0.0 145.0 1475.0 23.0 2.0
37 40 37 0.0 9.0 0.0 2019.0 20383.0 334.0 2030.0
37 40 38 0.0 8.0 5.0 3683.0 39132.0 518.0 14577.0
37 40 39 0.0 0.0 2.0 3949.0 43058.0 525.0 27468.0
37 40 40 0.0 0.0 1.0 3845.0 42058.0 490.0 33015.0
37 40 41 0.0 1.0 2.0 4254.0 42794.0 540.0 26202.0
37 40 42 0.0 0.0 1.0 3842.0 37262.0 507.0 12195.0
37 40 43 0.0 0.0 0.0 1371.0 19511.0 301.0 1653.0
37 40 44 0.0 0.0 0.0 113.0 1302.0 34.0 2.0
37 40 45 0.0 0.0 0.0 0.0 3.0 0.0 0.0
37 41 35 0.0 0.0 0.0 0.0 1.0 0.0 0.0
37 41 36 0.0 0.0 0.0 85.0 1225.0 32.0 3.0
37 41 37 0.0 1.0 0.0 1437.0 19962.0 336.0 1773.0
37 41 38 0.0 4.0 1.0 2912.0 36948.0 489.0 10535.0
37 41 39 0.0 1.0 4.0 3726.0 42733.0 498.0 23244.0
37 41 40 0.0 6.0 13.0 4243.0 42272.0 514.0 26646.0
37 41 41 0.0 1.0 5.0 3661.0 42292.0 500.0 20694.0
37 41 42 0.0 0.0 2.0 3151.0 36317.0 486.0 10218.0
37 41 43 0.0 0.0 3.0 1435.0 16042.0 260.0 1054.0
37 41 44 0.0 0.0 0.0 113.0 1054.0 17.0 2.0
37 41 45 0.0 0.0 0.0 0.0 5.0 0.0 0.0
37 42 35 0.0 0.0 0.0 0.0 1.0 0.0 0.0
37 42 36 0.0 0.0 0.0 48.0 574.0 16.0 0.0
37 42 37 0.0 0.0 0.0 947.0 10137.0 180.0 400.0
37 42 38 0.0 5.0 1.0 2417.0 26241.0 415.0 3673.0
37 42 39 0.0 0.0 1.0 3369.0 36454.0 496.0 10244.0
37 42 40 0.0 2.0 4.0 3508.0 38468.0 497.0 12407.0
37 42 41 0.0 0.0 7.0 2625.0 36388.0 497.0 9633.0
37 42 42 0.0 0.0 0.0 1887.0 25077.0 369.0 3099.0
37 42 43 0.0 0.0 0.0 1097.0 9431.0 184.0 371.0
37 42 44 0.0 0.0 0.0 25.0 423.0 6.0 0.0
37 43 36 0.0 0.0 0.0 8.0 202.0 1.0 0.0
37 43 37 0.0 0.0 0.0 334.0 3172.0 44.0 41.0
37 43 38 0.0 0.0 3.0 651.0 8626.0 155.0 244.0
37 43 39 0.0 0.0 2.0 1659.0 17252.0 291.0 1372.0
37 43 40 0.0 0.0 0.0 1672.0 18851.0 335.0 1572.0
37 43 41 0.0 0.0 0.0 1501.0 15693.0 249.0 1086.0
37 43 42 0.0 3.0 0.0 741.0 9759.0 176.0 371.0
37 43 43 0.0 0.0 0.0 182.0 2820.0 49.0 23.0
37 43 44 0.0 0.0 0.0 12.0 120.0 4.0 0.0
37 44 36 0.0 0.0 0.0 2.0 2.0 0.0 0.0
37 44 37 0.0 0.0 0.0 8.0 103.0 0.0 0.0
37 44 38 0.0 0.0 0.0 36.0 474.0 10.0 0.0
37 44 39 0.0 0.0 0.0 52.0 1006.0 21.0 0.0
37 44 40 0.0 0.0 0.0 104.0 1230.0 17.0 4.0
37 44 41 0.0 0.0 0.0 89.0 952.0 13.0 5.0
37 44 42 0.0 0.0 0.0 53.0 558.0 12.0 0.0
37 44 43 0.0 0.0 0.0 13.0 142.0 2.0 0.0
37 44 44 0.0 0.0 0.0 0.0 5.0 0.0 0.0
37 45 38 0.0 0.0 0.0 0.0 3.0 0.0 0.0
37 45 39 0.0 0.0 0.0 0.0 3.0 0.0 0.0
37 45 40 0.0 0.0 0.0 1.0 2.0 0.0 0.0
37 45 41 0.0 0.0 0.0 3.0 3.0 0.0 0.0
37 45 42 0.0 0.0 0.0 0.0 1.0 0.0 0.0
38 35 38 0.0 0.0 0.0 0.0 4.0 0.0 0.0
38 35 39 0.0 0.0 0.0 0.0 14.0 0.0 0.0
38 35 40 0.0 0.0 0.0 0.0 9.0 0.0 0.0
38 35 41 0.0 0.0 0.0 0.0 6.0 1.0 0.0
38 35 42 0.0 0.0 0.0 0.0 6.0 0.0 0.0
38 35 43 0.0 0.0 0.0 0.0 2.0 0.0 0.0
38 36 36 0.0 0.0 0.0 8.0 28.0 0.0 0.0
38 36 37 0.0 0.0 0.0 20.0 589.0 13.0 1.0
38 36 38 0.0 0.0 0.0 124.0 1704.0 27.0 7.0
38 36 39 0.0 0.0 0.0 338.0 3266.0 64.0 25.0
38 36 40 0.0 0.0 0.0 268.0 4573.0 80.0 66.0
38 36 41 0.0 0.0 1.0 347.0 3674.0 59.0 37.0
38 36 42 0.0 0.0 0.0 191.0 1869.0 31.0 17.0
38 36 43 0.0 0.0 0.0 43.0 525.0 13.0 0.0
38 36 44 0.0 0.0 0.0 2.0 77.0 1.0 0.0
38 37 36 0.0 0.0 0.0 38.0 419.0 9.0 0.0
38 37 37 0.0 0.0 0.0 941.0 9794.0 173.0 359.0
38 37 38 0.0 0.0 1.0 2164.0 26281.0 390.0 3635.0
38 37 39 0.0 0.0 4.0 3441.0 35037.0 506.0 9267.0
38 37 40 0.0 0.0 0.0 3547.0 38400.0 486.0 12554.0
38 37 41 0.0 0.0 1.0 2654.0 37123.0 506.0 9880.0
38 37 42 0.0 0.0 0.0 2097.0 26789.0 405.0 3990.0
38 37 43 0.0 0.0 0.0 1068.0 10319.0 177.0 447.0
38 37 44 0.0 0.0 0.0 28.0 479.0 6.0 0.0
38 37 45 0.0 0.0 0.0 0.0 3.0 0.0 0.0
38 38 35 0.0 0.0 0.0 0.0 2.0 0.0 0.0
38 38 36 0.0 0.0 0.0 216.0 1920.0 26.0 10.0
38 38 37 0.0 0.0 0.0 2943.0 26008.0 421.0 3999.0
38 38 38 0.0 0.0 0.0 2983.0 38752.0 431.0 43003.0
38 38 39 0.0 0.0 5.0 2703.0 32482.0 310.0 62001.0
38 38 40 0.0 1.0 5.0 2706.0 28670.0 270.0 70693.0
38 38 41 0.0 3.0 4.0 3341.0 32034.0 331.0 62401.0
38 38 42 0.0 0.0 0.0 3176.0 39637.0 409.0 38342.0
38 38 43 0.0 0.0 0.0 2355.0 26082.0 382.0 3680.0
38 38 44 0.0 0.0 0.0 175.0 1885.0 33.0 8.0
38 38 45 0.0 0.0 0.0 0.0 13.0 1.0 0.0
38 39 35 0.0 0.0 0.0 1.0 23.0 0.0 0.0
38 39 36 0.0 1.0 0.0 392.0 4109.0 74.0 33.0
38 39 37 0.0 11.0 0.0 4217.0 36184.0 492.0 10583.0
38 39 38 0.0 0.0 3.0 3483.0 29379.0 289.0 66828.0
38 39 39 0.0 1.0 3.0 2396.0 22276.0 174.0 86041.0
38 39 40 0.0 1.0 1.0 2225.0 20116.0 168.0 91204.0
38 39 41 0.0 1.0 4.0 2202.0 23468.0 195.0 84576.0
38 39 42 0.0 1.0 7.0 3154.0 32898.0 338.0 60663.0
38 39 43 0.0 0.0 1.0 3081.0 35944.0 479.0 9546.0
38 39 44 0.0 0.0 0.0 287.0 3637.0 64.0 36.0
38 39 45 0.0 0.0 0.0 0.0 20.0 0.0 0.0
38 40 35 0.0 0.0 0.0 1.0 20.0 0.0 0.0
38 40 36 0.0 0.0 0.0 517.0 5131.0 80.0 70.0
38 40 37 0.0 0.0 4.0 3574.0 39925.0 527.0 14775.0
38 40 38 0.0 0.0 7.0 2286.0 27142.0 255.0 74089.0
38 40 39 0.0 0.0 6.0 1873.0 19797.0 142.0 92258.0
38 40 40 0.0 1.0 1.0 1706.0 17671.0 151.0 96971.0
38 40 41 0.0 1.0 4.0 1984.0 20074.0 175.0 90899.0
38 40 42 0.0 1.0 5.0 2577.0 29245.0 294.0 68686.0
38 40 43 0.0 0.0 1.0 3005.0 39613.0 489.0 13914.0
38 40 44 0.0 9.0 2.0 449.0 4641.0 80.0 55.0
38 40 45 0.0 0.0 0.0 1.0 7.0 0.0 0.0
38 41 35 0.0 0.0 0.0 2.0 22.0 0.0 0.0
38 41 36 0.0 0.0 0.0 332.0 4166.0 72.0 38.0
38 41 37 0.0 0.0 1.0 3530.0 37444.0 534.0 11385.0
38 41 38 0.0 6.0 3.0 2417.0 31126.0 276.0 65282.0
38 41 39 0.0 0.0 1.0 1914.0 22865.0 191.0 85862.0
38 41 40 0.0 0.0 1.0 1959.0 20696.0 165.0 90026.0
38 41 41 0.0 2.0 0.0 2144.0 23843.0 205.0 84004.0
38 41 42 0.0 0.0 5.0 2600.0 31838.0 267.0 63016.0
38 41 43 0.0 1.0 0.0 3629.0 34701.0 500.0 8941.0
38 41 44 0.0 0.0 0.0 425.0 3498.0 61.0 31.0
38 41 45 0.0 0.0 0.0 2.0 16.0 0.0 0.0
38 42 35 0.0 0.0 0.0 0.0 7.0 0.0 0.0
38 42 36 0.0 0.0 0.0 156.0 2118.0 33.0 12.0
38 42 37 0.0 0.0 1.0 2165.0 26859.0 391.0 3853.0
38 42 38 0.0 1.0 1.0 3156.0 38590.0 404.0 42881.0
38 42 39 0.0 3.0 5.0 2770.0 32070.0 312.0 63252.0
38 42 40 0.0 1.0 9.0 2702.0 28718.0 275.0 69997.0
38 42 41 0.0 3.0 1.0 2957.0 31421.0 296.0 63316.0
38 42 42 0.0 4.0 0.0 3319.0 39968.0 384.0 38879.0
38 42 43 0.0 3.0 0.0 2310.0 25865.0 436.0 3508.0
38 42 44 0.0 0.0 2.0 165.0 1943.0 32.0 18.0
38 42 45 0.0 0.0 0.0 1.0 4.0 0.0 0.0
38 43 36 0.0 0.0 0.0 52.0 535.0 7.0 0.0
38 43 37 0.0 0.0 0.0 973.0 10082.0 167.0 385.0
38 43 38 0.0 1.0 0.0 2011.0 26966.0 423.0 3793.0
38 43 39 0.0 3.0 1.0 3322.0 35681.0 441.0 9437.0
38 43 40 0.0 1.0 3.0 3554.0 37894.0 496.0 12625.0
38 43 41 0.0 1.0 1.0 3135.0 36454.0 512.0 10089.0
38 43 42 0.0 1.0 3.0 2196.0 26433.0 398.0 3699.0
38 43 43 0.0 0.0 0.0 876.0 8795.0 153.0 270.0
38 43 44 0.0 0.0 0.0 49.0 521.0 9.0 1.0
38 44 36 0.0 0.0 0.0 4.0 43.0 1.0 0.0
38 44 37 0.0 0.0 0.0 36.0 433.0 6.0 0.0
38 44 38 0.0 0.0 0.0 246.0 1973.0 27.0 10.0
38 44 39 0.0 0.0 0.0 252.0 3596.0 63.0 34.0
38 44 40 0.0 0.0 0.0 387.0 4508.0 90.0 58.0
38 44 41 0.0 0.0 0.0 284.0 3515.0 56.0 28.0
38 44 42 0.0 0.0 0.0 145.0 1808.0 29.0 5.0
38 44 43 0.0 0.0 0.0 74.0 547.0 8.0 0.0
38 44 44 0.0 0.0 0.0 5.0 40.0 0.0 0.0
38 45 37 0.0 0.0 0.0 0.0 2.0 0.0 0.0
38 45 38 0.0 0.0 0.0 0.0 2.0 0.0 0.0
38 45 39 0.0 0.0 0.0 0.0 21.0 0.0 0.0
38 45 40 0.0 0.0 0.0 0.0 20.0 0.0 0.0
38 45 41 0.0 0.0 0.0 0.0 6.0 0.0 0.0
38 45 42 0.0 0.0 0.0 1.0 1.0 0.0 0.0
39 35 37 0.0 0.0 0.0 0.0 1.0 0.0 0.0
39 35 38 0.0 0.0 0.0 2.0 13.0 0.0 0.0
39 35 39 0.0 0.0 0.0 0.0 38.0 2.0 0.0
39 35 40 0.0 0.0 0.0 2.0 41.0 1.0 0.0
39 35 41 0.0 0.0 0.0 4.0 34.0 0.0 0.0
39 35 42 0.0 0.0 0.0 2.0 29.0 0.0 0.0
39 35 43 0.0 0.0 0.0 2.0 1.0 0.0 0.0
39 35 44 0.0 0.0 0.0 0.0 2.0 0.0 0.0
39 36 36 0.0 0.0 0.0 9.0 70.0 0.0 0.0
39 36 37 0.0 0.0 0.0 96.0 889.0 15.0 2.0
39 36 38 0.0 0.0 0.0 313.0 3604.0 62.0 32.0
39 36 39 0.0 0.0 0.0 658.0 7276.0 131.0 174.0
39 36 40 0.0 0.0 0.0 902.0 8246.0 130.0 199.0
39 36 41 0.0 0.0 0.0 830.0 7020.0 129.0 135.0
39 36 42 0.0 0.0 0.0 418.0 3590.0 54.0 33.0
39 36 43 0.0 1.0 0.0 139.0 1313.0 24.0 5.0
39 36 44 0.0 0.0 0.0 18.0 102.0 1.0 0.0
39 36 45 0.0 0.0 0.0 0.0 1.0 0.0 0.0
39 37 36 0.0 0.0 0.0 140.0 1005.0 18.0 3.0
39 37 37 0.0 0.0 0.0 1585.0 17056.0 295.0 1323.0
39 37 38 0.0 0.0 2.0 3173.0 36225.0 523.0 9518.0
39 37 39 0.0 0.0 1.0 4049.0 42435.0 491.0 22954.0
39 37 40 0.0 2.0 10.0 4149.0 42077.0 515.0 28000.0
39 37 41 0.0 2.0 0.0 4168.0 42025.0 486.0 22250.0
39 37 42 0.0 4.0 2.0 4060.0 36128.0 544.0 10317.0
39 37 43 0.0 0.0 1.0 1541.0 19553.0 320.0 1768.0
39 37 44 0.0 3.0 0.0 122.0 1232.0 22.0 5.0
39 37 45 0.0 0.0 0.0 0.0 6.0 0.0 0.0
39 38 35 0.0 0.0 0.0 0.0 17.0 1.0 0.0
39 38 36 0.0 0.0 0.0 339.0 3449.0 56.0 30.0
39 38 37 0.0 1.0 6.0 3269.0 36950.0 522.0 10795.0
39 38 38 0.0 0.0 2.0 3756.0 31352.0 313.0 62226.0
39 38 39 0.0 1.0 0.0 2233.0 23026.0 180.0 85589.0
39 38 40 0.0 0.0 4.0 2034.0 20993.0 166.0 89566.0
39 38 41 0.0 1.0 2.0 2257.0 23500.0 215.0 84325.0
39 38 42 0.0 1.0 0.0 3347.0 31306.0 302.0 64082.0
39 38 43 0.0 2.0 0.0 3433.0 36017.0 466.0 10053.0
39 38 44 0.0 0.0 0.0 335.0 4420.0 89.0 48.0
39 38 45 0.0 0.0 0.0 0.0 15.0 0.0 0.0
39 39 35 0.0 0.0 0.0 2.0 24.0 0.0 0.0
39 39 36 0.0 0.0 2.0 828.0 7223.0 124.0 167.0
39 39 37 0.0 0.0 6.0 4530.0 41822.0 503.0 22752.0
39 39 38 0.0 0.0 0.0 2232.0 23116.0 201.0 85748.0
39 39 39 0.0 0.0 1.0 1020.0 10466.0 62.0 120860.0
39 39 40 0.0 0.0 2.0 844.0 9146.0 67.0 124340.0
39 39 41 0.0 1.0 0.0 1075.0 10229.0 52.0 120218.0
39 39 42 0.0 2.0 4.0 2224.0 23032.0 187.0 85466.0
39 39 43 0.0 0.0 1.0 3555.0 42727.0 502.0 21991.0
39 39 44 0.0 0.0 0.0 686.0 7450.0 135.0 135.0
39 39 45 0.0 0.0 0.0 5.0 36.0 1.0 0.0
39 40 35 0.0 0.0 0.0 4.0 38.0 1.0 0.0
39 40 36 0.0 3.0 0.0 948.0 8767.0 122.0 214.0
39 40 37 0.0 1.0 6.0 3690.0 42816.0 453.0 29512.0
39 40 38 0.0 0.0 3.0 1827.0 20092.0 158.0 91802.0
39 40 39 0.0 0.0 2.0 847.0 8631.0 59.0 126461.0
39 40 40 0.0 1.0 2.0 710.0 7079.0 33.0 129287.0
39 40 41 0.0 4.0 3.0 884.0 8885.0 53.0 125270.0
39 40 42 0.0 0.0 1.0 2002.0 20150.0 160.0 91434.0
39 40 43 0.0 8.0 1.0 3740.0 43129.0 488.0 28196.0
39 40 44 0.0 0.0 1.0 640.0 8856.0 145.0 236.0
39 40 45 0.0 0.0 0.0 1.0 37.0 2.0 0.0
39 41 35 0.0 0.0 0.0 4.0 30.0 0.0 0.0
39 41 36 0.0 0.0 0.0 607.0 7400.0 132.0 156.0
39 41 37 0.0 1.0 2.0 3537.0 42624.0 497.0 23449.0
39 41 38 0.0 0.0 3.0 1982.0 22768.0 167.0 86372.0
39 41 39 0.0 0.0 2.0 922.0 10121.0 51.0 122177.0
39 41 40 0.0 1.0 1.0 862.0 9150.0 55.0 123978.0
39 41 41 0.0 1.0 2.0 1029.0 10525.0 56.0 120532.0
39 41 42 0.0 0.0 1.0 2471.0 23292.0 203.0 84471.0
39 41 43 0.0 17.0 3.0 4029.0 41656.0 501.0 21336.0
39 41 44 0.0 0.0 0.0 662.0 6507.0 107.0 128.0
39 41 45 0.0 0.0 0.0 5.0 29.0 1.0 0.0
39 42 35 0.0 0.0 0.0 1.0 26.0 0.0 0.0
39 42 36 0.0 0.0 0.0 352.0 3824.0 58.0 35.0
39 42 37 0.0 0.0 1.0 2943.0 36980.0 490.0 10144.0
39 42 38 0.0 0.0 5.0 2894.0 31065.0 296.0 64064.0
39 42 39 0.0 1.0 2.0 2165.0 23294.0 204.0 85451.0
39 42 40 0.0 4.0 4.0 2073.0 20405.0 154.0 91132.0
39 42 41 0.0 4.0 9.0 2451.0 23169.0 244.0 84957.0
39 42 42 0.0 3.0 8.0 3406.0 31466.0 316.0 62426.0
39 42 43 0.0 1.0 0.0 3394.0 36056.0 514.0 10179.0
39 42 44 0.0 0.0 0.0 530.0 3379.0 64.0 26.0
39 42 45 0.0 0.0 0.0 0.0 15.0 0.0 0.0
39 43 35 0.0 0.0 0.0 0.0 5.0 0.0 0.0
39 43 36 0.0 0.0 0.0 106.0 1012.0 12.0 2.0
39 43 37 0.0 0.0 1.0 1939.0 15645.0 267.0 1081.0
39 43 38 0.0 2.0 3.0 3140.0 36225.0 481.0 9995.0
39 43 39 0.0 6.0 7.0 3580.0 42552.0 524.0 22544.0
39 43 40 0.0 0.0 6.0 3764.0 42725.0 484.0 27089.0
39 43 41 0.0 2.0 0.0 3780.0 42343.0 512.0 21625.0
39 43 42 0.0 1.0 0.0 3496.0 36692.0 505.0 10545.0
39 43 43 0.0 0.0 0.0 1695.0 17041.0 250.0 1402.0
39 43 44 0.0 0.0 0.0 91.0 896.0 13.0 4.0
39 43 45 0.0 0.0 0.0 0.0 1.0 0.0 0.0
39 44 36 0.0 0.0 0.0 1.0 82.0 0.0 0.0
39 44 37 0.0 0.0 0.0 109.0 1132.0 16.0 0.0
39 44 38 0.0 3.0 0.0 302.0 3771.0 78.0 36.0
39 44 39 0.0 0.0 0.0 604.0 6895.0 121.0 144.0
39 44 40 0.0 0.0 1.0 726.0 8498.0 155.0 231.0
39 44 41 0.0 2.0 0.0 502.0 6312.0 109.0 104.0
39 44 42 0.0 1.0 0.0 345.0 3727.0 74.0 25.0
39 44 43 0.0 0.0 0.0 79.0 1088.0 16.0 3.0
39 44 44 0.0 0.0 0.0 6.0 88.0 2.0 0.0
39 45 37 0.0 0.0 0.0 0.0 1.0 0.0 0.0
39 45 38 0.0 0.0 0.0 8.0 14.0 0.0 0.0
39 45 39 0.0 0.0 0.0 2.0 17.0 1.0 0.0
39 45 40 0.0 0.0 0.0 2.0 39.0 0.0 0.0
39 45 41 0.0 0.0 0.0 0.0 46.0 1.0 0.0
39 45 42 0.0 0.0 0.0 1.0 5.0 0.0 0.0
39 45 43 0.0 0.0 0.0 0.0 1.0 0.0 0.0
40 35 38 0.0 0.0 0.0 1.0 29.0 0.0 0.0
40 35 39 0.0 0.0 0.0 0.0 41.0 2.0 0.0
40 35 40 0.0 0.0 0.0 3.0 47.0 1.0 0.0
40 35 41 0.0 0.0 0.0 2.0 41.0 1.0 0.0
40 35 42 0.0 0.0 0.0 1.0 16.0 1.0 0.0
40 35 43 0.0 0.0 0.0 0.0 3.0 0.0 0.0
40 35 44 0.0 0.0 0.0 0.0 1.0 0.0 0.0
40 36 36 0.0 0.0 0.0 6.0 152.0 3.0 0.0
40 36 37 0.0 0.0 0.0 124.0 1240.0 23.0 0.0
40 36 38 0.0 0.0 3.0 408.0 4804.0 86.0 67.0
40 36 39 0.0 1.0 0.0 810.0 8866.0 168.0 250.0
40 36 40 0.0 0.0 0.0 858.0 10976.0 191.0 351.0
40 36 41 0.0 0.0 0.0 814.0 9754.0 183.0 269.0
40 36 42 0.0 0.0 3.0 510.0 5125.0 94.0 78.0
40 36 43 0.0 0.0 0.0 201.0 1919.0 31.0 7.0
40 36 44 0.0 0.0 0.0 6.0 232.0 2.0 0.0
40 37 35 0.0 0.0 0.0 1.0 5.0 1.0 0.0
40 37 36 0.0 0.0 0.0 93.0 1326.0 26.0 3.0
40 37 37 0.0 0.0 1.0 1751.0 19699.0 320.0 1769.0
40 37 38 0.0 0.0 0.0 3496.0 38974.0 499.0 13742.0
40 37 39 0.0 3.0 5.0 4146.0 42517.0 495.0 27773.0
40 37 40 0.0 2.0 1.0 3858.0 42023.0 462.0 33718.0
40 37 41 0.0 5.0 3.0 4098.0 42262.0 490.0 28685.0
40 37 42 0.0 0.0 7.0 3917.0 39763.0 472.0 15510.0
40 37 43 0.0 1.0 9.0 2393.0 23147.0 349.0 2811.0
40 37 44 0.0 0.0 0.0 148.0 1657.0 31.0 4.0
40 37 45 0.0 0.0 0.0 0.0 5.0 0.0 0.0
40 38 35 0.0 0.0 0.0 7.0 27.0 1.0 0.0
40 38 36 0.0 0.0 2.0 376.0 4564.0 69.0 57.0
40 38 37 0.0 0.0 6.0 4127.0 37794.0 494.0 12272.0
40 38 38 0.0 0.0 2.0 2696.0 29164.0 252.0 69937.0
40 38 39 0.0 1.0 9.0 1901.0 19662.0 166.0 92156.0
40 38 40 0.0 2.0 3.0 1755.0 17104.0 109.0 98073.0
40 38 41 0.0 2.0 0.0 1868.0 20006.0 168.0 92014.0
40 38 42 0.0 2.0 0.0 2368.0 27534.0 239.0 73935.0
40 38 43 0.0 0.0 5.0 3447.0 40122.0 519.0 15163.0
40 38 44 0.0 2.0 1.0 458.0 5456.0 88.0 81.0
40 38 45 0.0 0.0 0.0 1.0 28.0 0.0 0.0
40 39 35 0.0 0.0 0.0 7.0 45.0 1.0 0.0
40 39 36 0.0 0.0 5.0 772.0 8523.0 150.0 221.0
40 39 37 0.0 0.0 0.0 3959.0 42870.0 522.0 27384.0
40 39 38 0.0 3.0 8.0 1920.0 19795.0 180.0 92438.0
40 39 39 0.0 0.0 1.0 917.0 8989.0 58.0 124167.0
40 39 40 0.0 0.0 1.0 653.0 7233.0 47.0 128720.0
40 39 41 0.0 3.0 1.0 794.0 8561.0 59.0 126066.0
40 39 42 0.0 4.0 3.0 1941.0 19163.0 141.0 93020.0
40 39 43 0.0 6.0 10.0 3730.0 42864.0 499.0 30525.0
40 39 44 0.0 2.0 0.0 917.0 10129.0 186.0 327.0
40 39 45 0.0 0.0 0.0 5.0 41.0 1.0 0.0
40 40 35 0.0 0.0 0.0 2.0 52.0 2.0 0.0
40 40 36 0.0 3.0 6.0 953.0 10734.0 187.0 352.0
40 40 37 0.0 0.0 12.0 3869.0 42485.0 510.0 32578.0
40 40 38 0.0 0.0 4.0 1628.0 17365.0 134.0 97981.0
40 40 39 0.0 0.0 0.0 674.0 7417.0 33.0 128132.0
40 40 40 0.0 0.0 0.0 414.0 4045.0 16.0 148407.0
40 40 41 0.0 2.0 3.0 728.0 6833.0 38.0 129533.0
40 40 42 0.0 2.0 3.0 1610.0 16883.0 116.0 97755.0
40 40 43 0.0 7.0 8.0 3830.0 42226.0 444.0 33786.0
40 40 44 0.0 1.0 0.0 905.0 11434.0 197.0 398.0
40 40 45 0.0 0.0 0.0 5.0 44.0 0.0 0.0
40 41 35 0.0 0.0 0.0 4.0 42.0 0.0 0.0
40 41 36 0.0 0.0 1.0 825.0 8669.0 148.0 222.0
40 41 37 0.0 2.0 6.0 4443.0 42359.0 499.0 27866.0
40 41 38 0.0 1.0 7.0 1817.0 20201.0 158.0 92411.0
40 41 39 0.0 0.0 1.0 789.0 8875.0 43.0 125416.0
40 41 40 0.0 1.0 3.0 702.0 7135.0 36.0 128981.0
40 41 41 0.0 1.0 1.0 902.0 8807.0 55.0 124778.0
40 41 42 0.0 4.0 2.0 1968.0 20504.0 161.0 90575.0
40 41 43 0.0 3.0 1.0 4212.0 42520.0 484.0 26600.0
40 41 44 0.0 0.0 0.0 747.0 8733.0 154.0 226.0
40 41 45 0.0 0.0 0.0 0.0 47.0 1.0 0.0
40 42 35 0.0 0.0 0.0 1.0 14.0 0.0 0.0
40 42 36 0.0 0.0 0.0 373.0 4737.0 83.0 66.0
40 42 37 0.0 0.0 1.0 3671.0 38363.0 528.0 12533.0
40 42 38 0.0 0.0 3.0 2486.0 28642.0 253.0 69519.0
40 42 39 0.0 3.0 4.0 1800.0 20613.0 163.0 91449.0
40 42 40 0.0 0.0 4.0 1567.0 17652.0 134.0 96951.0
40 42 41 0.0 1.0 5.0 2149.0 20384.0 161.0 90779.0
40 42 42 0.0 2.0 1.0 3157.0 28042.0 255.0 70837.0
40 42 43 0.0 2.0 1.0 3823.0 37409.0 494.0 12030.0
40 42 44 0.0 0.0 0.0 372.0 4039.0 64.0 49.0
40 42 45 0.0 0.0 0.0 0.0 11.0 0.0 0.0
40 43 36 0.0 0.0 0.0 127.0 1278.0 27.0 5.0
40 43 37 0.0 0.0 1.0 1917.0 20021.0 337.0 1942.0
40 43 38 0.0 1.0 4.0 3589.0 38179.0 478.0 12175.0
40 43 39 0.0 2.0 0.0 3719.0 42951.0 470.0 26840.0
40 43 40 0.0 0.0 6.0 3687.0 42726.0 454.0 31819.0
40 43 41 0.0 0.0 1.0 3815.0 42916.0 482.0 27331.0
40 43 42 0.0 5.0 2.0 4057.0 38343.0 520.0 12968.0
40 43 43 0.0 0.0 0.0 1720.0 18723.0 281.0 1551.0
40 43 44 0.0 0.0 0.0 142.0 1269.0 40.0 1.0
40 44 36 0.0 0.0 0.0 26.0 98.0 3.0 0.0
40 44 37 0.0 0.0 0.0 109.0 1137.0 16.0 2.0
40 44 38 0.0 0.0 0.0 348.0 4333.0 62.0 43.0
40 44 39 0.0 1.0 1.0 793.0 8641.0 132.0 242.0
40 44 40 0.0 0.0 0.0 891.0 10672.0 174.0 344.0
40 44 41 0.0 0.0 2.0 663.0 8427.0 136.0 195.0
40 44 42 0.0 0.0 0.0 467.0 4343.0 77.0 50.0
40 44 43 0.0 0.0 0.0 168.0 1187.0 27.0 1.0
40 44 44 0.0 0.0 0.0 11.0 121.0 1.0 0.0
40 45 37 0.0 0.0 0.0 0.0 3.0 0.0 0.0
40 45 38 0.0 0.0 0.0 0.0 22.0 1.0 0.0
40 45 39 0.0 0.0 0.0 2.0 29.0 0.0 0.0
40 45 40 0.0 0.0 0.0 5.0 57.0 2.0 0.0
40 45 41 0.0 0.0 0.0 2.0 24.0 1.0 0.0
40 45 42 0.0 0.0 0.0 0.0 11.0 1.0 0.0
40 45 43 0.0 0.0 0.0 0.0 6.0 0.0 0.0
41 35 37 0.0 0.0 0.0 1.0 2.0 0.0 0.0
41 35 38 0.0 0.0 0.0 4.0 6.0 0.0 0.0
41 35 39 0.0 0.0 0.0 6.0 37.0 0.0 0.0
41 35 40 0.0 0.0 0.0 5.0 50.0 1.0 0.0
41 35 41 0.0 0.0 0.0 8.0 37.0 0.0 0.0
41 35 42 0.0 0.0 0.0 0.0 20.0 1.0 0.0
41 35 43 0.0 0.0 0.0 0.0 5.0 0.0 0.0
41 36 36 0.0 0.0 0.0 4.0 117.0 2.0 0.0
41 36 37 0.0 0.0 0.0 79.0 1070.0 23.0 2.0
41 36 38 0.0 0.0 0.0 510.0 3852.0 56.0 52.0
41 36 39 0.0 0.0 0.0 636.0 7761.0 147.0 176.0
41 36 40 0.0 1.0 1.0 748.0 9736.0 191.0 287.0
41 36 41 0.0 0.0 0.0 778.0 8361.0 137.0 194.0
41 36 42 0.0 0.0 0.0 469.0 4550.0 78.0 68.0
41 36 43 0.0 0.0 0.0 140.0 1432.0 25.0 2.0
41 36 44 0.0 0.0 0.0 21.0 226.0 2.0 0.0
41 37 36 0.0 0.0 2.0 109.0 955.0 16.0 0.0
41 37 37 0.0 0.0 0.0 1626.0 17160.0 241.0 1393.0
41 37 38 0.0 1.0 1.0 3394.0 36384.0 497.0 10161.0
41 37 39 0.0 2.0 0.0 3953.0 42502.0 512.0 23550.0
41 37 40 0.0 0.0 1.0 3625.0 42969.0 479.0 30680.0
41 37 41 0.0 8.0 7.0 4282.0 42223.0 485.0 27067.0
41 37 42 0.0 4.0 2.0 3277.0 39257.0 524.0 13602.0
41 37 43 0.0 9.0 10.0 1464.0 24057.0 357.0 2821.0
41 37 44 0.0 0.0 0.0 143.0 1683.0 35.0 8.0
41 37 45 0.0 0.0 0.0 8.0 0.0 0.0 0.0
41 38 35 0.0 0.0 0.0 1.0 9.0 0.0 0.0
41 38 36 0.0 0.0 0.0 424.0 3557.0 63.0 32.0
41 38 37 0.0 0.0 6.0 3969.0 34848.0 471.0 9607.0
41 38 38 0.0 2.0 1.0 3224.0 31587.0 297.0 62951.0
41 38 39 0.0 2.0 1.0 2194.0 22893.0 184.0 86056.0
41 38 40 0.0 1.0 6.0 1837.0 19221.0 147.0 94109.0
41 38 41 0.0 4.0 1.0 1864.0 21128.0 170.0 90290.0
41 38 42 0.0 2.0 2.0 1906.0 27793.0 253.0 73088.0
41 38 43 0.0 0.0 11.0 3290.0 39684.0 525.0 14245.0
41 38 44 0.0 1.0 0.0 410.0 4999.0 101.0 61.0
41 38 45 0.0 0.0 0.0 0.0 33.0 0.0 0.0
41 39 35 0.0 0.0 0.0 3.0 30.0 1.0 0.0
41 39 36 0.0 0.0 0.0 606.0 7085.0 126.0 137.0
41 39 37 0.0 0.0 0.0 3881.0 42627.0 524.0 21999.0
41 39 38 0.0 0.0 1.0 2149.0 24072.0 187.0 83892.0
41 39 39 0.0 1.0 0.0 1016.0 10146.0 52.0 122057.0
41 39 40 0.0 0.0 0.0 835.0 8398.0 52.0 126742.0
41 39 41 0.0 0.0 1.0 769.0 9241.0 71.0 125932.0
41 39 42 0.0 1.0 6.0 1995.0 21191.0 184.0 89905.0
41 39 43 0.0 5.0 15.0 3265.0 43081.0 512.0 28016.0
41 39 44 0.0 7.0 2.0 817.0 8899.0 126.0 275.0
41 39 45 0.0 0.0 0.0 1.0 46.0 0.0 0.0
41 40 35 0.0 0.0 0.0 2.0 44.0 1.0 0.0
41 40 36 0.0 0.0 0.0 684.0 9124.0 159.0 253.0
41 40 37 0.0 1.0 4.0 3521.0 43134.0 503.0 28522.0
41 40 38 0.0 1.0 0.0 1923.0 19940.0 149.0 92086.0
41 40 39 0.0 1.0 0.0 793.0 8742.0 47.0 126452.0
41 40 40 0.0 0.0 0.0 675.0 6855.0 32.0 130090.0
41 40 41 0.0 1.0 1.0 709.0 8799.0 37.0 125359.0
41 40 42 0.0 1.0 0.0 1726.0 19530.0 150.0 93858.0
41 40 43 0.0 3.0 3.0 3746.0 43124.0 520.0 30199.0
41 40 44 0.0 0.0 0.0 874.0 9936.0 166.0 277.0
41 40 45 0.0 0.0 0.0 3.0 36.0 1.0 0.0
41 41 35 0.0 0.0 0.0 4.0 24.0 0.0 0.0
41 41 36 0.0 0.0 0.0 518.0 7872.0 138.0 191.0
41 41 37 0.0 0.0 1.0 3891.0 42517.0 472.0 22491.0
41 41 38 0.0 2.0 5.0 1921.0 23352.0 186.0 86049.0
41 41 39 0.0 2.0 2.0 985.0 10606.0 74.0 120879.0
41 41 40 0.0 3.0 2.0 813.0 8725.0 60.0 125589.0
41 41 41 0.0 1.0 3.0 1002.0 10208.0 66.0 121709.0
41 41 42 0.0 4.0 3.0 2434.0 23184.0 185.0 85143.0
41 41 43 0.0 0.0 0.0 3853.0 42799.0 459.0 24019.0
41 41 44 0.0 1.0 0.0 619.0 7459.0 138.0 182.0
41 41 45 0.0 0.0 0.0 3.0 45.0 2.0 0.0
41 42 35 0.0 0.0 0.0 0.0 2.0 0.0 0.0
41 42 36 0.0 0.0 0.0 394.0 3702.0 66.0 30.0
41 42 37 0.0 0.0 3.0 3637.0 36618.0 491.0 10309.0
41 42 38 0.0 0.0 0.0 3414.0 31178.0 272.0 63843.0
41 42 39 0.0 1.0 5.0 1882.0 23908.0 206.0 84874.0
41 42 40 0.0 2.0 1.0 1812.0 20486.0 165.0 91371.0
41 42 41 0.0 1.0 4.0 2162.0 23575.0 206.0 84928.0
41 42 42 0.0 0.0 2.0 3042.0 30699.0 264.0 65098.0
41 42 43 0.0 0.0 0.0 3967.0 35699.0 490.0 9671.0
41 42 44 0.0 1.0 0.0 358.0 3521.0 57.0 29.0
41 42 45 0.0 0.0 0.0 1.0 18.0 1.0 0.0
41 43 35 0.0 0.0 0.0 0.0 2.0 0.0 0.0
41 43 36 0.0 0.0 0.0 103.0 977.0 21.0 2.0
41 43 37 0.0 0.0 1.0 1902.0 17254.0 285.0 1354.0
41 43 38 0.0 0.0 0.0 3365.0 36651.0 505.0 10386.0
41 43 39 0.0 2.0 1.0 3387.0 42719.0 476.0 22454.0
41 43 40 0.0 5.0 1.0 3753.0 42736.0 537.0 26816.0
41 43 41 0.0 3.0 7.0 3964.0 42437.0 500.0 22310.0
41 43 42 0.0 10.0 0.0 3794.0 36743.0 535.0 10401.0
41 43 43 0.0 0.0 0.0 1957.0 17029.0 296.0 1405.0
41 43 44 0.0 0.0 0.0 110.0 990.0 21.0 0.0
41 43 45 0.0 0.0 0.0 0.0 3.0 0.0 0.0
41 44 36 0.0 0.0 0.0 11.0 106.0 2.0 0.0
41 44 37 0.0 0.0 0.0 118.0 1074.0 11.0 5.0
41 44 38 0.0 0.0 0.0 258.0 3690.0 59.0 36.0
41 44 39 0.0 0.0 0.0 562.0 6771.0 114.0 134.0
41 44 40 0.0 0.0 0.0 695.0 8693.0 150.0 232.0
41 44 41 0.0 0.0 0.0 662.0 7019.0 112.0 123.0
41 44 42 0.0 0.0 0.0 294.0 3545.0 68.0 38.0
41 44 43 0.0 0.0 0.0 93.0 1054.0 19.0 4.0
41 44 44 0.0 0.0 0.0 3.0 82.0 2.0 0.0
41 45 37 0.0 0.0 0.0 0.0 4.0 0.0 0.0
41 45 38 0.0 0.0 0.0 2.0 10.0 0.0 0.0
41 45 39 0.0 0.0 0.0 0.0 23.0 1.0 0.0
41 45 40 0.0 0.0 0.0 4.0 27.0 0.0 0.0
41 45 41 0.0 0.0 0.0 1.0 28.0 1.0 0.0
41 45 42 0.0 0.0 0.0 4.0 6.0 0.0 0.0
41 45 43 0.0 0.0 0.0 0.0 5.0 0.0 0.0
42 35 38 0.0 0.0 0.0 0.0 9.0 0.0 0.0
42 35 39 0.0 0.0 0.0 0.0 15.0 0.0 0.0
42 35 40 0.0 0.0 0.0 1.0 27.0 0.0 0.0
42 35 41 0.0 0.0 0.0 1.0 31.0 0.0 0.0
42 35 42 0.0 0.0 0.0 1.0 4.0 0.0 0.0
42 35 43 0.0 0.0 0.0 0.0 1.0 0.0 0.0
42 36 36 0.0 0.0 0.0 3.0 50.0 2.0 0.0
42 36 37 0.0 0.0 0.0 57.0 450.0 7.0 0.0
42 36 38 0.0 0.0 0.0 220.0 1798.0 23.0 11.0
42 36 39 0.0 0.0 0.0 367.0 4320.0 87.0 45.0
42 36 40 0.0 0.0 0.0 527.0 5759.0 90.0 95.0
42 36 41 0.0 0.0 0.0 421.0 5049.0 80.0 69.0
42 36 42 0.0 0.0 0.0 283.0 2865.0 56.0 21.0
42 36 43 0.0 0.0 0.0 111.0 728.0 10.0 2.0
42 36 44 0.0 0.0 0.0 7.0 158.0 4.0 0.0
42 37 36 0.0 0.0 0.0 125.0 467.0 8.0 0.0
42 37 37 0.0 0.0 0.0 1032.0 10399.0 186.0 417.0
42 37 38 0.0 0.0 1.0 2675.0 27134.0 421.0 4121.0
42 37 39 0.0 0.0 8.0 3417.0 37590.0 494.0 12236.0
42 37 40 0.0 3.0 7.0 3567.0 40195.0 490.0 16399.0
42 37 41 0.0 7.0 11.0 3528.0 39917.0 514.0 14837.0
42 37 42 0.0 0.0 5.0 2430.0 32445.0 485.0 6769.0
42 37 43 0.0 1.0 5.0 951.0 15531.0 258.0 1006.0
42 37 44 0.0 0.0 0.0 98.0 853.0 16.0 0.0
42 37 45 0.0 0.0 0.0 0.0 2.0 0.0 0.0
42 38 35 0.0 0.0 0.0 0.0 1.0 0.0 0.0
42 38 36 0.0 0.0 5.0 123.0 2083.0 35.0 14.0
42 38 37 0.0 0.0 5.0 2351.0 26777.0 395.0 4032.0
42 38 38 0.0 1.0 3.0 2994.0 36937.0 359.0 48266.0
42 38 39 0.0 1.0 0.0 2861.0 30045.0 264.0 67784.0
42 38 40 0.0 4.0 2.0 2368.0 25545.0 215.0 77326.0
42 38 41 0.0 2.0 5.0 2101.0 27966.0 243.0 73368.0
42 38 42 0.0 2.0 2.0 2408.0 34303.0 318.0 56607.0
42 38 43 0.0 0.0 0.0 2293.0 33721.0 496.0 7433.0
42 38 44 0.0 0.0 0.0 208.0 2850.0 43.0 17.0
42 38 45 0.0 0.0 0.0 0.0 12.0 0.0 0.0
42 39 35 0.0 0.0 0.0 0.0 10.0 0.0 0.0
42 39 36 0.0 0.0 0.0 327.0 3977.0 63.0 46.0
42 39 37 0.0 0.0 1.0 3236.0 37047.0 505.0 10477.0
42 39 38 0.0 1.0 1.0 2494.0 29998.0 289.0 67829.0
42 39 39 0.0 0.0 3.0 2289.0 22707.0 174.0 86442.0
42 39 40 0.0 2.0 2.0 1816.0 18752.0 143.0 95188.0
42 39 41 0.0 5.0 8.0 1766.0 21229.0 168.0 89686.0
42 39 42 0.0 4.0 13.0 1993.0 27960.0 265.0 73324.0
42 39 43 0.0 0.0 2.0 3094.0 40389.0 501.0 13828.0
42 39 44 0.0 0.0 0.0 349.0 4933.0 77.0 66.0
42 39 45 0.0 0.0 0.0 0.0 15.0 0.0 0.0
42 40 35 0.0 0.0 0.0 1.0 24.0 0.0 0.0
42 40 36 0.0 0.0 0.0 469.0 4650.0 81.0 59.0
42 40 37 0.0 0.0 1.0 2929.0 39218.0 521.0 13474.0
42 40 38 0.0 0.0 0.0 2253.0 28590.0 227.0 71360.0
42 40 39 0.0 1.0 1.0 1659.0 19784.0 162.0 93465.0
42 40 40 0.0 1.0 4.0 1491.0 17122.0 132.0 98479.0
42 40 41 0.0 0.0 3.0 1693.0 19510.0 148.0 93952.0
42 40 42 0.0 1.0 2.0 2031.0 26557.0 222.0 76051.0
42 40 43 0.0 1.0 2.0 4000.0 40023.0 506.0 16601.0
42 40 44 0.0 0.0 0.0 489.0 5618.0 103.0 89.0
42 40 45 0.0 0.0 0.0 3.0 25.0 0.0 0.0
42 41 35 0.0 0.0 0.0 1.0 11.0 0.0 0.0
42 41 36 0.0 0.0 0.0 312.0 3845.0 72.0 34.0
42 41 37 0.0 0.0 4.0 3325.0 36595.0 532.0 9918.0
42 41 38 0.0 0.0 5.0 2482.0 31545.0 276.0 64225.0
42 41 39 0.0 0.0 2.0 1679.0 24133.0 217.0 84929.0
42 41 40 0.0 2.0 0.0 1595.0 20116.0 153.0 92837.0
42 41 41 0.0 0.0 0.0 1973.0 22926.0 199.0 86660.0
42 41 42 0.0 0.0 0.0 2507.0 31633.0 309.0 65431.0
42 41 43 0.0 12.0 0.0 3141.0 38455.0 567.0 12280.0
42 41 44 0.0 0.0 0.0 377.0 4026.0 75.0 41.0
42 41 45 0.0 0.0 0.0 1.0 16.0 0.0 0.0
42 42 35 0.0 0.0 0.0 0.0 7.0 0.0 0.0
42 42 36 0.0 0.0 0.0 157.0 1974.0 34.0 8.0
42 42 37 0.0 0.0 2.0 2606.0 26635.0 409.0 4046.0
42 42 38 0.0 3.0 2.0 4049.0 38694.0 439.0 39971.0
42 42 39 0.0 0.0 4.0 2405.0 31248.0 306.0 64771.0
42 42 40 0.0 2.0 0.0 2242.0 28316.0 248.0 72154.0
42 42 41 0.0 1.0 1.0 3278.0 30317.0 299.0 65293.0
42 42 42 0.0 13.0 0.0 3332.0 38609.0 410.0 42320.0
42 42 43 0.0 3.0 0.0 2290.0 26641.0 384.0 3909.0
42 42 44 0.0 0.0 0.0 166.0 1919.0 40.0 12.0
42 42 45 0.0 0.0 0.0 0.0 9.0 1.0 0.0
42 43 36 0.0 0.0 0.0 62.0 484.0 6.0 1.0
42 43 37 0.0 0.0 1.0 1134.0 9064.0 142.0 339.0
42 43 38 0.0 0.0 0.0 2266.0 26228.0 385.0 3587.0
42 43 39 0.0 1.0 9.0 2669.0 37115.0 506.0 10384.0
42 43 40 0.0 0.0 1.0 3549.0 38082.0 515.0 12493.0
42 43 41 0.0 0.0 1.0 3388.0 36346.0 510.0 10287.0
42 43 42 0.0 1.0 2.0 2291.0 26219.0 368.0 3798.0
42 43 43 0.0 0.0 0.0 1073.0 10245.0 166.0 427.0
42 43 44 0.0 0.0 0.0 71.0 448.0 8.0 0.0
42 44 36 0.0 0.0 0.0 10.0 44.0 1.0 0.0
42 44 37 0.0 0.0 0.0 28.0 472.0 10.0 0.0
42 44 38 0.0 0.0 0.0 188.0 2000.0 34.0 6.0
42 44 39 0.0 0.0 0.0 266.0 3656.0 47.0 32.0
42 44 40 0.0 0.0 0.0 360.0 4674.0 87.0 61.0
42 44 41 0.0 0.0 0.0 354.0 3558.0 68.0 38.0
42 44 42 0.0 0.0 0.0 222.0 1881.0 44.0 10.0
42 44 43 0.0 0.0 0.0 47.0 545.0 12.0 0.0
42 44 44 0.0 0.0 0.0 4.0 49.0 1.0 0.0
42 45 37 0.0 0.0 0.0 0.0 2.0 0.0 0.0
42 45 38 0.0 0.0 0.0 1.0 2.0 0.0 0.0
42 45 39 0.0 0.0 0.0 0.0 12.0 0.0 0.0
42 45 40 0.0 0.0 0.0 2.0 7.0 0.0 0.0
42 45 41 0.0 0.0 0.0 0.0 13.0 0.0 0.0
42 45 42 0.0 0.0 0.0 2.0 6.0 0.0 0.0
43 35 37 0.0 0.0 0.0 0.0 1.0 0.0 0.0
43 35 39 0.0 0.0 0.0 0.0 3.0 0.0 0.0
43 35 40 0.0 0.0 0.0 0.0 9.0 1.0 0.0
43 35 41 0.0 0.0 0.0 0.0 2.0 0.0 0.0
43 35 42 0.0 0.0 0.0 0.0 1.0 0.0 0.0
43 35 43 0.0 0.0 0.0 0.0 1.0 0.0 0.0
43 36 36 0.0 0.0 0.0 17.0 13.0 1.0 0.0
43 36 37 0.0 0.0 0.0 15.0 171.0 2.0 0.0
43 36 38 0.0 0.0 0.0 68.0 686.0 11.0 0.0
43 36 39 0.0 0.0 0.0 115.0 1497.0 27.0 7.0
43 36 40 0.0 0.0 0.0 184.0 2034.0 24.0 7.0
43 36 41 0.0 0.0 0.0 134.0 1646.0 32.0 8.0
43 36 42 0.0 0.0 0.0 72.0 892.0 14.0 1.0
43 36 43 0.0 0.0 0.0 38.0 261.0 8.0 0.0
43 36 44 0.0 0.0 0.0 6.0 43.0 0.0 0.0
43 37 36 0.0 0.0 0.0 16.0 144.0 0.0 0.0
43 37 37 0.0 0.0 0.0 241.0 3508.0 70.0 34.0
43 37 38 0.0 0.0 1.0 1225.0 11697.0 190.0 554.0
43 37 39 0.0 0.0 0.0 1652.0 21135.0 337.0 2146.0
43 37 40 0.0 1.0 2.0 1959.0 25082.0 404.0 3312.0
43 37 41 0.0 0.0 3.0 2077.0 22533.0 368.0 2502.0
43 37 42 0.0 0.0 0.0 768.0 16434.0 247.0 1218.0
43 37 43 0.0 0.0 0.0 252.0 6428.0 112.0 148.0
43 37 44 0.0 0.0 0.0 47.0 340.0 7.0 0.0
43 38 36 0.0 0.0 0.0 31.0 495.0 3.0 1.0
43 38 37 0.0 0.0 0.0 905.0 12975.0 213.0 671.0
43 38 38 0.0 0.0 1.0 2963.0 27915.0 438.0 4574.0
43 38 39 0.0 0.0 4.0 3300.0 39168.0 559.0 13571.0
43 38 40 0.0 1.0 2.0 3216.0 41399.0 520.0 17698.0
43 38 41 0.0 0.0 1.0 3468.0 40567.0 508.0 15759.0
43 38 42 0.0 1.0 3.0 2267.0 32826.0 459.0 6745.0
43 38 43 0.0 0.0 2.0 901.0 16339.0 276.0 1002.0
43 38 44 0.0 0.0 0.0 49.0 949.0 15.0 5.0
43 38 45 0.0 0.0 0.0 0.0 2.0 0.0 0.0
43 39 35 0.0 0.0 0.0 0.0 2.0 0.0 0.0
43 39 36 0.0 0.0 0.0 116.0 1099.0 19.0 6.0
43 39 37 0.0 0.0 0.0 1394.0 19961.0 356.0 1745.0
43 39 38 0.0 0.0 4.0 3167.0 37612.0 507.0 11185.0
43 39 39 0.0 0.0 5.0 4078.0 42707.0 501.0 26256.0
43 39 40 0.0 10.0 5.0 3905.0 42483.0 435.0 31471.0
43 39 41 0.0 3.0 2.0 3343.0 43290.0 482.0 28821.0
43 39 42 0.0 0.0 15.0 2803.0 40635.0 535.0 15595.0
43 39 43 0.0 0.0 0.0 1533.0 23024.0 358.0 2474.0
43 39 44 0.0 0.0 0.0 122.0 1708.0 40.0 10.0
43 39 45 0.0 0.0 0.0 1.0 5.0 0.0 0.0
43 40 35 0.0 0.0 0.0 0.0 15.0 0.0 0.0
43 40 36 0.0 0.0 0.0 99.0 1502.0 17.0 5.0
43 40 37 0.0 0.0 0.0 1445.0 22347.0 364.0 2389.0
43 40 38 0.0 0.0 7.0 3114.0 39704.0 508.0 13599.0
43 40 39 0.0 1.0 3.0 3656.0 43030.0 467.0 28350.0
43 40 40 0.0 1.0 8.0 2972.0 42517.0 440.0 36383.0
43 40 41 0.0 13.0 2.0 4017.0 42346.0 475.0 31276.0
43 40 42 0.0 10.0 0.0 3544.0 40301.0 518.0 16175.0
43 40 43 0.0 0.0 1.0 1791.0 24700.0 370.0 3047.0
43 40 44 0.0 0.0 0.0 190.0 1739.0 34.0 6.0
43 40 45 0.0 0.0 0.0 0.0 5.0 0.0 0.0
43 41 35 0.0 0.0 0.0 0.0 4.0 0.0 0.0
43 41 36 0.0 0.0 1.0 99.0 990.0 15.0 0.0
43 41 37 0.0 0.0 0.0 1323.0 18256.0 290.0 1395.0
43 41 38 0.0 0.0 2.0 2402.0 37351.0 497.0 10046.0
43 41 39 0.0 0.0 3.0 3108.0 43137.0 472.0 23524.0
43 41 40 0.0 0.0 13.0 3369.0 42792.0 441.0 29642.0
43 41 41 0.0 4.0 1.0 3177.0 43410.0 508.0 25306.0
43 41 42 0.0 0.0 0.0 3169.0 37298.0 505.0 10869.0
43 41 43 0.0 2.0 0.0 1463.0 19627.0 319.0 1724.0
43 41 44 0.0 0.0 0.0 134.0 1229.0 21.0 1.0
43 41 45 0.0 0.0 0.0 0.0 2.0 0.0 0.0
43 42 35 0.0 0.0 0.0 0.0 1.0 0.0 0.0
43 42 36 0.0 0.0 0.0 26.0 419.0 7.0 1.0
43 42 37 0.0 0.0 0.0 777.0 10747.0 171.0 424.0
43 42 38 0.0 0.0 4.0 1644.0 26773.0 404.0 3680.0
43 42 39 0.0 0.0 5.0 2525.0 37211.0 540.0 10249.0
43 42 40 0.0 2.0 3.0 2786.0 40653.0 527.0 14600.0
43 42 41 0.0 1.0 1.0 3441.0 37003.0 558.0 11043.0
43 42 42 0.0 0.0 0.0 2651.0 27502.0 415.0 4397.0
43 42 43 0.0 0.0 0.0 1075.0 9437.0 152.0 370.0
43 42 44 0.0 1.0 0.0 41.0 635.0 12.0 0.0
43 42 45 0.0 0.0 0.0 0.0 1.0 0.0 0.0
43 43 36 0.0 0.0 0.0 7.0 132.0 1.0 0.0
43 43 37 0.0 0.0 1.0 164.0 2590.0 37.0 19.0
43 43 38 0.0 0.0 0.0 655.0 10137.0 156.0 359.0
43 43 39 0.0 0.0 0.0 853.0 18347.0 279.0 1431.0
43 43 40 0.0 1.0 0.0 2177.0 21912.0 358.0 2327.0
43 43 41 0.0 5.0 0.0 1753.0 18140.0 322.0 1477.0
43 43 42 0.0 3.0 0.0 1037.0 9756.0 163.0 384.0
43 43 43 0.0 0.0 0.0 165.0 2964.0 39.0 22.0
43 43 44 0.0 0.0 0.0 13.0 102.0 1.0 0.0
43 44 36 0.0 0.0 0.0 0.0 6.0 0.0 0.0
43 44 37 0.0 0.0 0.0 12.0 107.0 3.0 0.0
43 44 38 0.0 0.0 0.0 29.0 511.0 11.0 0.0
43 44 39 0.0 0.0 0.0 120.0 1109.0 27.0 2.0
43 44 40 0.0 0.0 0.0 100.0 1342.0 24.0 2.0
43 44 41 0.0 0.0 0.0 72.0 1051.0 9.0 4.0
43 44 42 0.0 0.0 0.0 27.0 468.0 9.0 0.0
43 44 43 0.0 0.0 0.0 19.0 159.0 4.0 0.0
43 44 44 0.0 0.0 0.0 1.0 5.0 1.0 0.0
43 45 39 0.0 0.0 0.0 0.0 6.0 1.0 0.0
43 45 41 0.0 0.0 0.0 0.0 5.0 0.0 0.0
43 45 42 0.0 0.0 0.0 2.0 0.0 0.0 0.0
44 35 40 0.0 0.0 0.0 0.0 1.0 0.0 0.0
44 36 36 0.0 0.0 0.0 0.0 1.0 0.0 0.0
44 36 37 0.0 0.0 0.0 0.0 14.0 0.0 0.0
44 36 38 0.0 0.0 0.0 7.0 50.0 1.0 0.0
44 36 39 0.0 0.0 0.0 27.0 184.0 3.0 0.0
44 36 40 0.0 0.0 0.0 8.0 196.0 0.0 0.0
44 36 41 0.0 0.0 0.0 7.0 177.0 2.0 0.0
44 36 42 0.0 0.0 0.0 16.0 126.0 4.0 0.0
44 36 43 0.0 0.0 0.0 2.0 30.0 0.0 0.0
44 36 44 0.0 0.0 0.0 0.0 7.0 0.0 0.0
44 37 36 0.0 0.0 0.0 1.0 11.0 1.0 0.0
44 37 37 0.0 0.0 0.0 30.0 156.0 4.0 0.0
44 37 38 0.0 0.0 0.0 74.0 684.0 18.0 1.0
44 37 39 0.0 0.0 0.0 148.0 1509.0 29.0 0.0
44 37 40 0.0 0.0 0.0 194.0 2125.0 30.0 12.0
44 37 41 0.0 0.0 0.0 194.0 1813.0 25.0 10.0
44 37 42 0.0 0.0 2.0 73.0 949.0 20.0 5.0
44 37 43 0.0 0.0 0.0 12.0 312.0 3.0 0.0
44 37 44 0.0 0.0 0.0 4.0 16.0 0.0 0.0
44 38 36 0.0 0.0 0.0 1.0 68.0 2.0 0.0
44 38 37 0.0 0.0 2.0 51.0 638.0 8.0 0.0
44 38 38 0.0 0.0 0.0 164.0 2341.0 41.0 25.0
44 38 39 0.0 0.0 0.0 412.0 4905.0 89.0 76.0
44 38 40 0.0 3.0 2.0 566.0 6532.0 116.0 125.0
44 38 41 0.0 0.0 3.0 463.0 5504.0 93.0 93.0
44 38 42 0.0 0.0 0.0 159.0 3025.0 54.0 17.0
44 38 43 0.0 0.0 0.0 53.0 971.0 15.0 1.0
44 38 44 0.0 0.0 0.0 0.0 98.0 1.0 0.0
44 38 45 0.0 0.0 0.0 0.0 1.0 0.0 0.0
44 39 36 0.0 0.0 0.0 8.0 143.0 4.0 0.0
44 39 37 0.0 0.0 0.0 90.0 1306.0 28.0 2.0
44 39 38 0.0 0.0 0.0 344.0 4322.0 67.0 59.0
44 39 39 0.0 0.0 0.0 698.0 8126.0 147.0 190.0
44 39 40 0.0 0.0 0.0 840.0 10735.0 168.0 348.0
44 39 41 0.0 2.0 0.0 667.0 8926.0 147.0 229.0
44 39 42 0.0 2.0 0.0 367.0 5495.0 114.0 78.0
44 39 43 0.0 0.0 0.0 82.0 1753.0 25.0 4.0
44 39 44 0.0 0.0 0.0 12.0 193.0 2.0 0.0
44 40 36 0.0 0.0 0.0 10.0 147.0 2.0 0.0
44 40 37 0.0 0.0 0.0 90.0 1368.0 19.0 2.0
44 40 38 0.0 0.0 0.0 554.0 5148.0 94.0 73.0
44 40 39 0.0 0.0 0.0 697.0 9846.0 158.0 311.0
44 40 40 0.0 2.0 2.0 955.0 12570.0 211.0 535.0
44 40 41 0.0 3.0 0.0 702.0 10741.0 162.0 350.0
44 40 42 0.0 0.0 0.0 433.0 5775.0 105.0 81.0
44 40 43 0.0 0.0 0.0 202.0 1825.0 33.0 5.0
44 40 44 0.0 0.0 0.0 23.0 210.0 6.0 0.0
44 41 36 0.0 0.0 0.0 1.0 132.0 2.0 1.0
44 41 37 0.0 0.0 0.0 66.0 1267.0 19.0 5.0
44 41 38 0.0 0.0 0.0 296.0 3763.0 52.0 40.0
44 41 39 0.0 0.0 0.0 507.0 7519.0 119.0 155.0
44 41 40 0.0 0.0 2.0 789.0 10282.0 169.0 311.0
44 41 41 0.0 0.0 0.0 696.0 8644.0 141.0 234.0
44 41 42 0.0 0.0 0.0 394.0 4544.0 70.0 54.0
44 41 43 0.0 0.0 0.0 71.0 1208.0 25.0 2.0
44 41 44 0.0 0.0 0.0 4.0 135.0 1.0 0.0
44 42 36 0.0 0.0 0.0 1.0 32.0 2.0 0.0
44 42 37 0.0 0.0 0.0 40.0 529.0 9.0 0.0
44 42 38 0.0 0.0 0.0 143.0 1984.0 46.0 9.0
44 42 39 0.0 0.0 0.0 288.0 3911.0 73.0 54.0
44 42 40 0.0 0.0 0.0 466.0 4958.0 85.0 83.0
44 42 41 0.0 0.0 0.0 278.0 4486.0 64.0 40.0
44 42 42 0.0 0.0 0.0 167.0 2201.0 43.0 15.0
44 42 43 0.0 0.0 0.0 54.0 478.0 3.0 0.0
44 42 44 0.0 0.0 0.0 5.0 43.0 2.0 0.0
44 43 36 0.0 0.0 0.0 1.0 8.0 0.0 0.0
44 43 37 0.0 0.0 0.0 7.0 119.0 1.0 0.0
44 43 38 0.0 0.0 0.0 25.0 593.0 15.0 0.0
44 43 39 0.0 0.0 0.0 65.0 1256.0 28.0 4.0
44 43 40 0.0 0.0 0.0 85.0 1309.0 26.0 6.0
44 43 41 0.0 0.0 0.0 159.0 1358.0 29.0 1.0
44 43 42 0.0 0.0 0.0 105.0 638.0 14.0 0.0
44 43 43 0.0 0.0 0.0 10.0 151.0 1.0 0.0
44 43 44 0.0 0.0 0.0 0.0 26.0 1.0 0.0
44 44 36 0.0 0.0 0.0 0.0 4.0 0.0 0.0
44 44 37 0.0 0.0 0.0 0.0 9.0 1.0 0.0
44 44 38 0.0 0.0 0.0 5.0 34.0 2.0 0.0
44 44 39 0.0 0.0 0.0 6.0 93.0 1.0 0.0
44 44 40 0.0 0.0 0.0 13.0 200.0 7.0 0.0
44 44 41 0.0 0.0 0.0 11.0 142.0 3.0 0.0
44 44 42 0.0 0.0 0.0 2.0 47.0 0.0 0.0
44 44 43 0.0 0.0 0.0 0.0 11.0 1.0 0.0
44 44 44 0.0 0.0 0.0 0.0 1.0 0.0 0.0
45 36 41 0.0 0.0 0.0 0.0 2.0 0.0 0.0
45 37 38 0.0 0.0 0.0 0.0 2.0 0.0 0.0
45 37 39 0.0 0.0 0.0 0.0 3.0 0.0 0.0
45 37 40 0.0 0.0 0.0 0.0 18.0 0.0 0.0
45 37 41 0.0 0.0 0.0 0.0 4.0 0.0 0.0
45 37 42 0.0 0.0 0.0 0.0 2.0 0.0 0.0
45 38 37 0.0 0.0 0.0 0.0 1.0 0.0 0.0
45 38 38 0.0 0.0 0.0 1.0 2.0 0.0 0.0
45 38 39 0.0 0.0 0.0 0.0 19.0 1.0 0.0
45 38 40 0.0 0.0 0.0 5.0 32.0 1.0 0.0
45 38 41 0.0 0.0 0.0 2.0 32.0 2.0 0.0
45 38 42 0.0 0.0 0.0 2.0 6.0 0.0 0.0
45 38 43 0.0 0.0 0.0 0.0 3.0 0.0 0.0
45 39 37 0.0 0.0 0.0 1.0 3.0 0.0 0.0
45 39 38 0.0 0.0 0.0 2.0 17.0 1.0 0.0
45 39 39 0.0 0.0 0.0 4.0 30.0 2.0 0.0
45 39 40 0.0 0.0 0.0 2.0 57.0 1.0 0.0
45 39 41 0.0 0.0 0.0 3.0 47.0 0.0 0.0
45 39 42 0.0 0.0 0.0 5.0 21.0 1.0 0.0
45 39 43 0.0 0.0 0.0 1.0 3.0 0.0 0.0
45 40 36 0.0 0.0 0.0 0.0 1.0 0.0 0.0
45 40 37 0.0 0.0 0.0 0.0 4.0 1.0 0.0
45 40 38 0.0 0.0 0.0 3.0 24.0 1.0 0.0
45 40 39 0.0 0.0 0.0 5.0 62.0 0.0 0.0
45 40 40 0.0 0.0 0.0 6.0 79.0 3.0 0.0
45 40 41 0.0 0.0 0.0 4.0 45.0 1.0 0.0
45 40 42 0.0 0.0 0.0 5.0 20.0 0.0 0.0
45 40 43 0.0 0.0 0.0 0.0 3.0 0.0 0.0
45 41 38 0.0 0.0 0.0 3.0 13.0 1.0 0.0
45 41 39 0.0 0.0 0.0 1.0 36.0 1.0 0.0
45 41 40 0.0 0.0 0.0 5.0 44.0 1.0 0.0
45 41 41 0.0 0.0 0.0 0.0 53.0 1.0 0.0
45 41 42 0.0 0.0 0.0 0.0 13.0 0.0 0.0
45 41 43 0.0 0.0 0.0 1.0 3.0 0.0 0.0
45 42 37 0.0 0.0 0.0 0.0 2.0 0.0 0.0
45 42 38 0.0 0.0 0.0 1.0 3.0 0.0 0.0
45 42 39 0.0 0.0 0.0 0.0 6.0 0.0 0.0
45 42 40 0.0 0.0 0.0 0.0 20.0 0.0 0.0
45 42 41 0.0 0.0 0.0 3.0 12.0 0.0 0.0
45 42 42 0.0 0.0 0.0 1.0 4.0 0.0 0.0
45 42 43 0.0 0.0 0.0 0.0 1.0 0.0 0.0
45 43 38 0.0 0.0 0.0 0.0 4.0 0.0 0.0
45 43 39 0.0 0.0 0.0 0.0 3.0 0.0 0.0
45 43 40 0.0 0.0 0.0 0.0 5.0 0.0 0.0
45 43 41 0.0 0.0 0.0 0.0 2.0 0.0 0.0
45 44 37 0.0 0.0 0.0 0.0 1.0 0.0 0.0
