1.0
1.0
0.3856332703213611
0.3305785123966942
0.26315789473684204
0.18705470353822
0.11854653950663327
0.09198897163029193
0.07272705948583225
0.05348298676748582
0.039556698208555216
0.03229439363954411
0.028166576527852896
0.025016262153895227
0.021426057481816255
0.020249974541404682
0.01926759458086956
0.01814136379927337
0.01796681585473709
0.016777338720551885
0.01652395630491279
0.0160557484556283
0.015403757709490071
0.015146625187219636
0.01491678175243291
0.014709780895566432
0.014431352345088582
0.013845356330915597
0.01345007781796906
0.013178107725215249
0.012850096353769958
0.012366772420483632
0.012027563690934261
0.01170616756026849
0.01147234343983838
0.011230164259383769
0.011017783349333775
0.010746799120257734
0.010559291477691812
0.010339944721175907
0.010145771426107748
0.009918500419160004
0.009713455675988952
0.00947239629337282
0.009236224752307457
0.00898869619600571
0.008766752648821265
0.00854369460957366
0.008330849709998497
0.008135414229162379
0.007954989320804682
0.007779679398082979
0.007606709973983822
0.007434994621884208
0.0072699977926991895
0.007105955584059841
0.006942126262369479
0.006773137522519887
0.0066206525352067785
0.0064878137094788865
0.00633060872339171
0.006173892314822134
0.006021923995042257
0.005879641869729898
0.005743254310331556
0.005605903157582569
0.005465301938399513
0.005332496627714758
0.005207040689878714
0.005074291865938117
0.004945510189833752
0.004828220477745061
0.00471382248828357
0.004602323816658759
0.004492327512097144
0.004385441528393958
0.004277830832759249
0.004173644014798039
0.00407105502386003
0.003969177091684168
0.0038730924792005116
0.00377794147801436
0.003680210613823502
0.003592724559052958
0.003503387932694745
0.003419443221053757
0.0033316580401658723
0.003252999038721942
0.0031702917958404213
0.0030920857645092307
0.00301760187469736
0.0029431190607231627
0.0028661865509216162
0.002794176945763156
0.002722529081899457
0.0026512260153994686
0.002582904238756698
0.0025172809963072062
0.0024534187202706944
0.0023897694426247493
0.0023276236871926552
0.002267586550827201
0.002208241645147928
0.002150606765005344
0.002095411573562079
0.00204195746467463
0.001990297159833363
0.001939030877442791
0.0018916336435197624
0.0018438506246177837
0.0017984167542240506
0.0017545479734433606
0.0017110766093843919
0.0016704361202480801
0.001630785075657558
0.0015897815377512606
0.0015506017595117837
0.0015129525301737217
0.0014748702823922863
0.0014385844832837495
0.0014021997326304455
0.001367789028563068
0.0013341829908990533
0.0013007644759346483
0.0012683143973888727
0.0012366927410720709
0.0012053483824960853
0.0011759067769850722
0.0011470011047905366
0.0011178598293089628
0.0010900601763552409
0.0010623327369926495
0.001035875859315435
0.001008997733046272
0.0009836656676939172
0.0009583862765512918
0.0009341846848724452
0.0009101976421292623
0.0008873687740439238
0.0008649999045875524
0.0008432307275834617
0.0008217760071752752
0.0008004964639248394
0.0007797701602370906
0.0007598026721564444
0.0007410279864474496
0.0007227390659185903
0.000704755607325942
0.0006870136268809641
0.0006695795188626233
0.0006521419276063364
0.0006355731602858611
0.0006191431683880412
0.0006032441848957635
0.0005881718628750039
0.0005729813045849803
0.0005581798348560624
0.0005439131051538854
0.0005304503552809926
0.000517021873346936
0.000504006630085861
0.0004910181850014911
0.00047852771340755885
0.00046636052370406295
0.00045478988754691616
0.00044334766682442534
0.0004324914219683466
0.000421459659421098
0.0004108064379814882
0.00040044960638352
0.00039041648033192645
0.00038031595668475593
0.00037046550267306626
0.00036093197008970625
0.00035126911447876466
0.00034212490255771636
0.00033311478778718864
0.00032443889161255286
0.00031588464900469113
0.0003075098591078321
0.0002993942334543345
0.00029136530336176434
0.00028369212887916005
0.0002763494452364477
0.0002692050049055743
0.00026205030602348287
0.00025526785934631226
0.00024885760697456805
0.00024262234891626774
0.00023647703034736177
0.00023046549162702502
0.00022455673477826668
0.00021878552220406803
0.00021327602504847014
0.00020794113627171956
0.00020272032760794835
0.0001977363846789729
0.00019268183407904
0.00018774344244009306
0.00018281593191170944
0.00017806403903475036
0.0001734491598142613
0.00016910682298003485
0.00016474079269471325
0.00016056875518511964
0.00015643841881392813
0.00015243033215250236
0.00014852492666289754
0.00014469387030701598
0.0001408972422389812
0.0001372365014041766
0.00013377004591445877
0.00013027611837849144
0.00012695980760171825
0.0001236920443767215
0.0001204855436399439
0.00011747095360534048
0.00011457109624658721
0.00011169252625163812
0.00010886694503312719
0.00010620693588386894
0.00010361346497191444
0.00010101499288614387
9.847235383558486e-5
9.598627990637161e-5
9.350983962052677e-5
9.107488326760615e-5
8.876434385584176e-5
8.647891741515455e-5
8.427129948194931e-5
8.2079443032024e-5
8.0006903323172e-5
7.79369727787554e-5
7.591998869116837e-5
7.397139644252682e-5
7.201385370767716e-5
7.012866431377813e-5
6.831708789187965e-5
6.657285771507919e-5
6.489534932601668e-5
6.317963478322171e-5
6.15719005163305e-5
6.00050823872209e-5
5.8435593315586425e-5
5.691188830274219e-5
5.549597501631108e-5
5.4083679437595714e-5
5.2726572880463685e-5
5.1375136817638086e-5
5.0036379945647e-5
4.874267133311914e-5
4.748903103767136e-5
0.0
0.0
0.0
0.0
0.0
0.0
0.0
0.0
0.0
0.0
0.0
0.0
0.0
0.0
0.0
0.0
0.0
0.0
0.0
0.0
0.0
0.0
0.0
0.0
0.0
0.0
0.0
0.0
0.0
0.0
0.0
0.0
0.0
0.0
0.0
0.0
0.0
0.0
0.0
0.0
0.0
0.0
0.0
0.0
0.0
0.0
0.0
0.0
0.0
0.0
0.0
0.0
0.0
0.0
0.0
0.0
0.0
0.0
0.0
0.0
0.0
0.0
0.0
0.0
0.0
0.0
0.0
0.0
0.0
0.0
0.0
0.0
0.0
0.0
0.0
0.0
0.0
0.0
0.0
0.0
0.0
0.0
0.0
0.0
0.0
0.0
0.0
0.0
0.0
0.0
0.0
0.0
0.0
0.0
0.0
0.0
0.0
0.0
0.0
0.0
0.0
0.0
0.0
0.0
0.0
0.0
0.0
0.0
0.0
0.0
0.0
0.0
0.0
0.0
0.0
0.0
0.0
0.0
0.0
0.0
0.0
0.0
0.0
0.0
0.0
0.0
0.0
0.0
0.0
0.0
0.0
0.0
0.0
0.0
0.0
0.0
0.0
0.0
0.0
0.0
0.0
0.0
0.0
0.0
0.0
0.0
0.0
0.0
0.0
0.0
0.0
0.0
0.0
0.0
0.0
0.0
0.0
0.0
0.0
0.0
0.0
0.0
0.0
0.0
0.0
0.0
0.0
0.0
0.0
0.0
0.0
0.0
0.0
0.0
0.0
0.0
0.0
0.0
0.0
0.0
0.0
0.0
0.0
0.0
0.0
0.0
0.0
0.0
0.0
0.0
0.0
0.0
0.0
0.0
0.0
0.0
0.0
0.0
0.0
0.0
0.0
0.0
0.0
0.0
0.0
0.0
0.0
0.0
0.0
0.0
0.0
0.0
0.0
0.0
0.0
0.0
0.0
0.0
0.0
0.0
0.0
0.0
0.0
0.0
0.0
0.0
0.0
0.0
0.0
0.0
0.0
0.0
0.0
0.0
0.0
0.0
0.0
0.0
0.0
0.0
0.0
0.0
0.0
0.0
0.0
0.0
0.0
0.0
0.0
0.0
0.0
0.0
0.0
0.0
0.0
0.0
0.0
0.0
0.0
0.0
0.0
0.0
0.0
0.0
0.0
0.0
0.0
0.0
0.0
0.0
0.0
0.0
0.0
0.0
0.0
0.0
0.0
0.0
0.0
0.0
0.0
0.0
0.0
0.0
0.0
0.0
0.0
0.0
0.0
0.0
0.0
0.0
0.0
0.0
0.0
0.0
0.0
0.0
0.0
0.0
0.0
0.0
0.0
0.0
0.0
0.0
0.0
0.0
0.0
0.0
0.0
0.0
0.0
0.0
0.0
0.0
0.0
0.0
0.0
0.0
0.0
0.0
0.0
0.0
0.0
0.0
0.0
0.0
0.0
0.0
0.0
0.0
0.0
0.0
0.0
0.0
0.0
0.0
0.0
0.0
0.0
0.0
0.0
0.0
0.0
0.0
0.0
0.0
0.0
0.0
0.0
0.0
0.0
0.0
0.0
0.0
0.0
0.0
0.0
0.0
0.0
0.0
0.0
0.0
0.0
0.0
0.0
0.0
0.0
0.0
0.0
0.0
0.0
0.0
0.0
0.0
0.0
0.0
0.0
0.0
0.0
0.0
0.0
0.0
0.0
0.0
0.0
0.0
0.0
0.0
0.0
0.0
0.0
0.0
0.0
0.0
0.0
0.0
0.0
0.0
0.0
0.0
0.0
0.0
0.0
0.0
0.0
0.0
0.0
0.0
0.0
0.0
0.0
0.0
0.0
0.0
0.0
0.0
0.0
0.0
0.0
0.0
0.0
0.0
0.0
0.0
0.0
0.0
0.0
0.0
0.0
0.0
0.0
0.0
0.0
0.0
0.0
0.0
0.0
0.0
0.0
0.0
0.0
0.0
0.0
0.0
0.0
0.0
0.0
0.0
0.0
0.0
0.0
0.0
0.0
0.0
0.0
0.0
0.0
0.0
0.0
0.0
0.0
0.0
0.0
0.0
0.0
0.0
0.0
0.0
0.0
0.0
0.0
0.0
0.0
0.0
0.0
0.0
0.0
0.0
0.0
0.0
0.0
0.0
0.0
0.0
0.0
0.0
0.0
0.0
0.0
0.0
0.0
0.0
0.0
0.0
0.0
0.0
0.0
0.0
0.0
0.0
0.0
0.0
0.0
0.0
0.0
0.0
0.0
0.0
0.0
0.0
0.0
0.0
0.0
0.0
0.0
0.0
0.0
0.0
0.0
0.0
0.0
0.0
0.0
0.0
0.0
0.0
0.0
0.0
0.0
0.0
0.0
0.0
0.0
0.0
0.0
0.0
0.0
0.0
0.0
0.0
0.0
0.0
0.0
0.0
0.0
0.0
0.0
0.0
0.0
0.0
0.0
0.0
0.0
0.0
0.0
0.0
0.0
0.0
0.0
0.0
0.0
0.0
0.0
0.0
0.0
0.0
0.0
0.0
0.0
0.0
0.0
0.0
0.0
0.0
0.0
0.0
0.0
0.0
0.0
0.0
0.0
0.0
0.0
0.0
0.0
0.0
0.0
0.0
0.0
0.0
0.0
0.0
0.0
0.0
0.0
0.0
0.0
0.0
0.0
0.0
0.0
0.0
0.0
0.0
0.0
0.0
0.0
0.0
0.0
0.0
0.0
0.0
0.0
0.0
0.0
0.0
0.0
0.0
0.0
0.0
0.0
0.0
0.0
0.0
0.0
0.0
0.0
0.0
0.0
0.0
0.0
0.0
0.0
0.0
0.0
0.0
0.0
0.0
0.0
0.0
0.0
0.0
0.0
0.0
0.0
0.0
0.0
0.0
0.0
0.0
0.0
0.0
0.0
0.0
0.0
0.0
0.0
0.0
0.0
0.0
0.0
0.0
0.0
0.0
0.0
0.0
0.0
0.0
0.0
0.0
0.0
0.0
0.0
0.0
0.0
0.0
0.0
0.0
0.0
0.0
0.0
0.0
0.0
0.0
0.0
0.0
0.0
0.0
0.0
0.0
0.0
0.0
0.0
0.0
0.0
0.0
0.0
0.0
0.0
0.0
0.0
0.0
0.0
0.0
0.0
0.0
0.0
0.0
0.0
0.0
0.0
0.0
0.0
0.0
0.0
0.0
0.0
0.0
0.0
0.0
0.0
0.0
0.0
0.0
0.0
0.0
0.0
0.0
0.0
0.0
0.0
0.0
0.0
0.0
0.0
0.0
0.0
0.0
0.0
0.0
0.0
0.0
0.0
0.0
0.0
0.0
0.0
0.0
0.0
0.0
0.0
0.0
0.0
0.0
0.0
0.0
0.0
0.0
0.0
0.0
0.0
0.0
0.0
0.0
0.0
0.0
0.0
0.0
0.0
0.0
0.0
0.0
0.0
0.0
0.0
0.0
0.0
0.0
0.0
0.0
0.0
0.0
0.0
0.0
0.0
0.0
0.0
0.0
0.0
0.0
0.0
0.0
0.0
0.0
0.0
0.0
0.0
0.0
0.0
0.0
0.0
0.0
0.0
0.0
0.0
0.0
0.0
0.0
0.0
0.0
0.0
0.0
0.0
0.0
0.0
0.0
0.0
0.0
0.0
0.0
0.0
0.0
0.0
0.0
0.0
0.0
0.0
0.0
0.0
0.0
0.0
0.0
0.0
0.0
0.0
0.0
0.0
0.0
0.0
0.0
0.0
0.0
0.0
0.0
0.0
0.0
0.0
0.0
0.0
0.0
0.0
0.0
0.0
0.0
0.0
0.0
0.0
0.0
0.0
0.0
0.0
0.0
0.0
0.0
0.0
0.0
0.0
0.0
0.0
0.0
0.0
0.0
0.0
0.0
0.0
0.0
0.0
0.0
0.0
0.0
0.0
0.0
0.0
0.0
0.0
0.0
0.0
0.0
0.0
0.0
0.0
0.0
0.0
0.0
0.0
0.0
0.0
0.0
0.0
0.0
0.0
0.0
0.0
0.0
0.0
0.0
0.0
0.0
0.0
0.0
0.0
0.0
0.0
0.0
0.0
0.0
0.0
0.0
0.0
0.0
0.0
0.0
0.0
0.0
0.0
0.0
0.0
0.0
0.0
0.0
0.0
0.0
0.0
0.0
0.0
0.0
0.0
0.0
0.0
0.0
0.0
0.0
0.0
0.0
0.0
0.0
0.0
0.0
0.0
0.0
0.0
0.0
0.0
0.0
0.0
0.0
0.0
0.0
0.0
0.0
0.0
0.0
0.0
0.0
0.0
0.0
0.0
0.0
0.0
0.0
0.0
0.0
0.0
0.0
0.0
0.0
0.0
0.0
0.0
0.0
0.0
0.0
0.0
0.0
0.0
0.0
0.0
0.0
0.0
0.0
0.0
0.0
0.0
0.0
0.0
0.0
0.0
