10.0
10.0
23.0
33.0
57.0
91.0
137.0
197.0
292.0
460.0
697.0
1021.0
1505.0
2095.0
2975.0
4162.0
5836.0
8074.0
10971.0
14812.0
19638.0
25567.0
32643.0
41143.0
50981.0
62722.0
77225.0
95730.0
119762.0
151976.0
195074.0
252790.0
329143.0
426283.0
546257.0
688828.0
852599.0
1.033092e6
1.227797e6
1.433121e6
1.653189e6
1.898912e6
2.179718e6
2.509529e6
2.89647e6
3.337848e6
3.824806e6
4.345422e6
4.881582e6
5.433418e6
5.998224e6
6.592237e6
7.233308e6
7.9343e6
8.701452e6
9.524485e6
1.0387587e7
1.1278968e7
1.2196587e7
1.3143492e7
1.4140157e7
1.5189865e7
1.6301366e7
1.7463403e7
1.8667994e7
1.9897633e7
2.1155974e7
2.2452321e7
2.3798367e7
2.5207407e7
2.6688548e7
2.8223916e7
2.9799024e7
3.1396544e7
3.3016855e7
3.4667813e7
3.6380343e7
3.8162462e7
4.0025456e7
4.1944604e7
4.3902856e7
4.5883914e7
4.7879543e7
4.9905237e7
5.1983611e7
5.4138975e7
5.6364447e7
5.8669045e7
6.1008667e7
6.3366447e7
6.5735833e7
6.8145465e7
7.0618931e7
7.3170485e7
7.5795021e7
7.8469693e7
8.1196277e7
8.3927031e7
8.6674539e7
8.946008e7
9.2317592e7
9.5256465e7
9.8291618e7
1.01375763e8
1.0448025e8
1.07603777e8
1.10729811e8
1.13910642e8
1.17175338e8
1.20520334e8
1.23944155e8
1.27423583e8
1.30907913e8
1.34402049e8
1.37921867e8
1.4149019e8
1.45145749e8
1.4890128e8
1.52720938e8
1.56557507e8
1.60418865e8
1.64296168e8
1.68216585e8
1.72204226e8
1.76286304e8
1.80446911e8
1.8468568e8
1.8893742e8
1.93186459e8
1.97441852e8
2.01752242e8
2.06138926e8
2.106392e8
2.15216882e8
2.19835227e8
2.24443008e8
2.29053899e8
2.3369861e8
2.38407567e8
2.43215906e8
2.48113988e8
2.53065761e8
2.58057402e8
2.63054433e8
2.68060189e8
2.73104608e8
2.78219155e8
2.83421811e8
2.88732362e8
2.9407791e8
2.994658e8
3.04830992e8
3.10230154e8
3.15679801e8
3.21225967e8
3.26869444e8
3.32587683e8
3.38363464e8
3.44141167e8
3.49887095e8
3.55685046e8
3.6154602e8
3.67506398e8
3.73591817e8
3.79748602e8
3.85924081e8
3.92064491e8
3.98207014e8
4.04378341e8
4.10650426e8
4.17020036e8
4.23496811e8
4.30012335e8
4.36521975e8
4.43025962e8
4.49538218e8
4.5612491e8
4.62849062e8
4.69664342e8
4.76529398e8
4.8341525e8
4.90300143e8
4.97166486e8
5.04107871e8
5.11108906e8
5.18250038e8
5.25492535e8
5.32783144e8
5.40090697e8
5.47357015e8
5.54620718e8
5.61940203e8
5.69389567e8
5.76972653e8
5.8463502e8
5.92331829e8
5.99972038e8
6.07589522e8
6.15278906e8
6.23021357e8
6.30909378e8
6.38910911e8
6.46959872e8
6.55037161e8
6.63059447e8
6.71112841e8
6.79195611e8
6.87396717e8
6.95747852e8
7.04132422e8
7.12605776e8
7.21022826e8
7.29412715e8
7.37803377e8
7.46293605e8
7.54898968e8
7.63620795e8
7.72450774e8
7.81260029e8
7.90068087e8
7.98844234e8
8.07666127e8
8.16617757e8
8.25700564e8
8.34859645e8
8.44071147e8
8.53221864e8
8.62377283e8
8.71569713e8
8.80804553e8
8.90209959e8
8.99720724e8
9.09291853e8
9.18900738e8
9.28426612e8
9.37972942e8
9.47553988e8
9.5722427e8
9.6706386e8
9.77029621e8
9.87014279e8
9.96924031e8
1.006831298e9
1.016734559e9
1.02672604e9
1.036875447e9
1.047200126e9
1.057519875e9
1.06784988e9
1.078156115e9
1.088418735e9
1.098762715e9
0.0
0.0
0.0
0.0
0.0
0.0
0.0
0.0
0.0
0.0
0.0
0.0
0.0
0.0
0.0
0.0
0.0
0.0
0.0
0.0
0.0
0.0
0.0
0.0
0.0
0.0
0.0
0.0
0.0
0.0
0.0
0.0
0.0
0.0
0.0
0.0
0.0
0.0
0.0
0.0
0.0
0.0
0.0
0.0
0.0
0.0
0.0
0.0
0.0
0.0
0.0
0.0
0.0
0.0
0.0
0.0
0.0
0.0
0.0
0.0
0.0
0.0
0.0
0.0
0.0
0.0
0.0
0.0
0.0
0.0
0.0
0.0
0.0
0.0
0.0
0.0
0.0
0.0
0.0
0.0
0.0
0.0
0.0
0.0
0.0
0.0
0.0
0.0
0.0
0.0
0.0
0.0
0.0
0.0
0.0
0.0
0.0
0.0
0.0
0.0
0.0
0.0
0.0
0.0
0.0
0.0
0.0
0.0
0.0
0.0
0.0
0.0
0.0
0.0
0.0
0.0
0.0
0.0
0.0
0.0
0.0
0.0
0.0
0.0
0.0
0.0
0.0
0.0
0.0
0.0
0.0
0.0
0.0
0.0
0.0
0.0
0.0
0.0
0.0
0.0
0.0
0.0
0.0
0.0
0.0
0.0
0.0
0.0
0.0
0.0
0.0
0.0
0.0
0.0
0.0
0.0
0.0
0.0
0.0
0.0
0.0
0.0
0.0
0.0
0.0
0.0
0.0
0.0
0.0
0.0
0.0
0.0
0.0
0.0
0.0
0.0
0.0
0.0
0.0
0.0
0.0
0.0
0.0
0.0
0.0
0.0
0.0
0.0
0.0
0.0
0.0
0.0
0.0
0.0
0.0
0.0
0.0
0.0
0.0
0.0
0.0
0.0
0.0
0.0
0.0
0.0
0.0
0.0
0.0
0.0
0.0
0.0
0.0
0.0
0.0
0.0
0.0
0.0
0.0
0.0
0.0
0.0
0.0
0.0
0.0
0.0
0.0
0.0
0.0
0.0
0.0
0.0
0.0
0.0
0.0
0.0
0.0
0.0
0.0
0.0
0.0
0.0
0.0
0.0
0.0
0.0
0.0
0.0
0.0
0.0
0.0
0.0
0.0
0.0
0.0
0.0
0.0
0.0
0.0
0.0
0.0
0.0
0.0
0.0
0.0
0.0
0.0
0.0
0.0
0.0
0.0
0.0
0.0
0.0
0.0
0.0
0.0
0.0
0.0
0.0
0.0
0.0
0.0
0.0
0.0
0.0
0.0
0.0
0.0
0.0
0.0
0.0
0.0
0.0
0.0
0.0
0.0
0.0
0.0
0.0
0.0
0.0
0.0
0.0
0.0
0.0
0.0
0.0
0.0
0.0
0.0
0.0
0.0
0.0
0.0
0.0
0.0
0.0
0.0
0.0
0.0
0.0
0.0
0.0
0.0
0.0
0.0
0.0
0.0
0.0
0.0
0.0
0.0
0.0
0.0
0.0
0.0
0.0
0.0
0.0
0.0
0.0
0.0
0.0
0.0
0.0
0.0
0.0
0.0
0.0
0.0
0.0
0.0
0.0
0.0
0.0
0.0
0.0
0.0
0.0
0.0
0.0
0.0
0.0
0.0
0.0
0.0
0.0
0.0
0.0
0.0
0.0
0.0
0.0
0.0
0.0
0.0
0.0
0.0
0.0
0.0
0.0
0.0
0.0
0.0
0.0
0.0
0.0
0.0
0.0
0.0
0.0
0.0
0.0
0.0
0.0
0.0
0.0
0.0
0.0
0.0
0.0
0.0
0.0
0.0
0.0
0.0
0.0
0.0
0.0
0.0
0.0
0.0
0.0
0.0
0.0
0.0
0.0
0.0
0.0
0.0
0.0
0.0
0.0
0.0
0.0
0.0
0.0
0.0
0.0
0.0
0.0
0.0
0.0
0.0
0.0
0.0
0.0
0.0
0.0
0.0
0.0
0.0
0.0
0.0
0.0
0.0
0.0
0.0
0.0
0.0
0.0
0.0
0.0
0.0
0.0
0.0
0.0
0.0
0.0
0.0
0.0
0.0
0.0
0.0
0.0
0.0
0.0
0.0
0.0
0.0
0.0
0.0
0.0
0.0
0.0
0.0
0.0
0.0
0.0
0.0
0.0
0.0
0.0
0.0
0.0
0.0
0.0
0.0
0.0
0.0
0.0
0.0
0.0
0.0
0.0
0.0
0.0
0.0
0.0
0.0
0.0
0.0
0.0
0.0
0.0
0.0
0.0
0.0
0.0
0.0
0.0
0.0
0.0
0.0
0.0
0.0
0.0
0.0
0.0
0.0
0.0
0.0
0.0
0.0
0.0
0.0
0.0
0.0
0.0
0.0
0.0
0.0
0.0
0.0
0.0
0.0
0.0
0.0
0.0
0.0
0.0
0.0
0.0
0.0
0.0
0.0
0.0
0.0
0.0
0.0
0.0
0.0
0.0
0.0
0.0
0.0
0.0
0.0
0.0
0.0
0.0
0.0
0.0
0.0
0.0
0.0
0.0
0.0
0.0
0.0
0.0
0.0
0.0
0.0
0.0
0.0
0.0
0.0
0.0
0.0
0.0
0.0
0.0
0.0
0.0
0.0
0.0
0.0
0.0
0.0
0.0
0.0
0.0
0.0
0.0
0.0
0.0
0.0
0.0
0.0
0.0
0.0
0.0
0.0
0.0
0.0
0.0
0.0
0.0
0.0
0.0
0.0
0.0
0.0
0.0
0.0
0.0
0.0
0.0
0.0
0.0
0.0
0.0
0.0
0.0
0.0
0.0
0.0
0.0
0.0
0.0
0.0
0.0
0.0
0.0
0.0
0.0
0.0
0.0
0.0
0.0
0.0
0.0
0.0
0.0
0.0
0.0
0.0
0.0
0.0
0.0
0.0
0.0
0.0
0.0
0.0
0.0
0.0
0.0
0.0
0.0
0.0
0.0
0.0
0.0
0.0
0.0
0.0
0.0
0.0
0.0
0.0
0.0
0.0
0.0
0.0
0.0
0.0
0.0
0.0
0.0
0.0
0.0
0.0
0.0
0.0
0.0
0.0
0.0
0.0
0.0
0.0
0.0
0.0
0.0
0.0
0.0
0.0
0.0
0.0
0.0
0.0
0.0
0.0
0.0
0.0
0.0
0.0
0.0
0.0
0.0
0.0
0.0
0.0
0.0
0.0
0.0
0.0
0.0
0.0
0.0
0.0
0.0
0.0
0.0
0.0
0.0
0.0
0.0
0.0
0.0
0.0
0.0
0.0
0.0
0.0
0.0
0.0
0.0
0.0
0.0
0.0
0.0
0.0
0.0
0.0
0.0
0.0
0.0
0.0
0.0
0.0
0.0
0.0
0.0
0.0
0.0
0.0
0.0
0.0
0.0
0.0
0.0
0.0
0.0
0.0
0.0
0.0
0.0
0.0
0.0
0.0
0.0
0.0
0.0
0.0
0.0
0.0
0.0
0.0
0.0
0.0
0.0
0.0
0.0
0.0
0.0
0.0
0.0
0.0
0.0
0.0
0.0
0.0
0.0
0.0
0.0
0.0
0.0
0.0
0.0
0.0
0.0
0.0
0.0
0.0
0.0
0.0
0.0
0.0
0.0
0.0
0.0
0.0
0.0
0.0
0.0
0.0
0.0
0.0
0.0
0.0
0.0
0.0
0.0
0.0
0.0
0.0
0.0
0.0
0.0
0.0
0.0
0.0
0.0
0.0
0.0
0.0
0.0
0.0
0.0
0.0
0.0
0.0
0.0
0.0
0.0
0.0
0.0
0.0
0.0
0.0
0.0
0.0
0.0
0.0
0.0
0.0
0.0
0.0
0.0
0.0
0.0
0.0
0.0
0.0
0.0
0.0
0.0
0.0
0.0
0.0
0.0
0.0
0.0
0.0
0.0
0.0
0.0
0.0
0.0
0.0
0.0
0.0
0.0
0.0
0.0
0.0
0.0
0.0
0.0
0.0
0.0
0.0
0.0
0.0
0.0
0.0
0.0
0.0
0.0
0.0
0.0
0.0
0.0
0.0
0.0
0.0
0.0
0.0
0.0
0.0
0.0
0.0
0.0
0.0
0.0
0.0
0.0
0.0
0.0
0.0
0.0
0.0
0.0
0.0
0.0
0.0
0.0
0.0
0.0
0.0
0.0
0.0
0.0
0.0
0.0
0.0
0.0
0.0
0.0
0.0
0.0
0.0
0.0
0.0
0.0
0.0
0.0
0.0
0.0
0.0
0.0
0.0
0.0
0.0
0.0
0.0
0.0
0.0
0.0
0.0
0.0
0.0
0.0
0.0
0.0
0.0
0.0
0.0
0.0
0.0
0.0
0.0
0.0
0.0
0.0
0.0
0.0
0.0
0.0
0.0
0.0
0.0
0.0
0.0
0.0
0.0
0.0
0.0
0.0
0.0
0.0
0.0
0.0
0.0
0.0
0.0
