35 38 39 0.0 0.0 1.0 0.0 0.0 0.0 0.0
35 38 40 0.0 1.0 0.0 0.0 0.0 0.0 0.0
35 39 40 0.0 2.0 0.0 0.0 0.0 1.0 0.0
35 39 41 0.0 0.0 1.0 0.0 0.0 0.0 0.0
35 40 39 0.0 1.0 0.0 0.0 0.0 0.0 0.0
35 40 40 0.0 1.0 0.0 0.0 0.0 0.0 0.0
35 40 41 0.0 0.0 1.0 0.0 0.0 0.0 0.0
35 41 38 0.0 0.0 1.0 0.0 0.0 0.0 0.0
35 41 40 0.0 0.0 1.0 0.0 0.0 0.0 0.0
35 42 40 0.0 1.0 0.0 0.0 0.0 0.0 0.0
35 42 41 0.0 0.0 1.0 0.0 0.0 0.0 0.0
36 36 38 0.0 0.0 1.0 0.0 0.0 0.0 0.0
36 36 39 0.0 4.0 1.0 4.0 1.0 4.0 0.0
36 36 41 0.0 0.0 3.0 0.0 1.0 1.0 0.0
36 36 42 0.0 0.0 2.0 0.0 0.0 1.0 0.0
36 37 37 0.0 4.0 6.0 2.0 3.0 5.0 0.0
36 37 38 0.0 10.0 22.0 3.0 7.0 10.0 0.0
36 37 39 0.0 18.0 57.0 7.0 22.0 24.0 0.0
36 37 40 0.0 23.0 79.0 11.0 30.0 31.0 0.0
36 37 41 0.0 22.0 61.0 18.0 24.0 37.0 0.0
36 37 42 0.0 12.0 19.0 0.0 6.0 6.0 0.0
36 37 43 0.0 2.0 2.0 1.0 0.0 1.0 0.0
36 38 37 0.0 10.0 25.0 5.0 13.0 15.0 0.0
36 38 38 0.0 50.0 100.0 30.0 45.0 64.0 0.0
36 38 39 0.0 111.0 323.0 51.0 145.0 172.0 0.0
36 38 40 0.0 138.0 412.0 77.0 217.0 212.0 0.0
36 38 41 0.0 113.0 348.0 55.0 148.0 170.0 0.0
36 38 42 0.0 37.0 149.0 21.0 64.0 69.0 0.0
36 38 43 0.0 3.0 37.0 1.0 18.0 15.0 0.0
36 38 44 0.0 1.0 1.0 0.0 0.0 0.0 0.0
36 39 36 0.0 2.0 1.0 1.0 1.0 2.0 0.0
36 39 37 0.0 25.0 58.0 7.0 18.0 33.0 0.0
36 39 38 0.0 123.0 318.0 53.0 153.0 170.0 0.0
36 39 39 1.0 267.0 787.0 165.0 390.0 417.0 0.0
36 39 40 1.0 344.0 1103.0 175.0 633.0 601.0 0.0
36 39 41 0.0 299.0 831.0 173.0 443.0 465.0 0.0
36 39 42 0.0 118.0 353.0 58.0 211.0 197.0 0.0
36 39 43 0.0 19.0 88.0 9.0 36.0 41.0 0.0
36 39 44 0.0 1.0 4.0 0.0 0.0 0.0 0.0
36 40 36 0.0 0.0 2.0 0.0 0.0 0.0 0.0
36 40 37 0.0 31.0 79.0 10.0 34.0 37.0 0.0
36 40 38 0.0 140.0 475.0 54.0 222.0 241.0 0.0
36 40 39 0.0 396.0 1114.0 190.0 580.0 581.0 0.0
36 40 40 1.0 484.0 1577.0 241.0 894.0 833.0 0.0
36 40 41 0.0 394.0 1229.0 206.0 684.0 663.0 0.0
36 40 42 0.0 162.0 517.0 81.0 219.0 254.0 1.0
36 40 43 0.0 25.0 96.0 18.0 38.0 45.0 0.0
36 40 44 0.0 2.0 3.0 1.0 2.0 1.0 0.0
36 41 36 0.0 1.0 2.0 1.0 0.0 1.0 0.0
36 41 37 0.0 21.0 56.0 11.0 27.0 34.0 0.0
36 41 38 0.0 110.0 379.0 62.0 210.0 213.0 0.0
36 41 39 0.0 296.0 867.0 140.0 503.0 460.0 0.0
36 41 40 0.0 388.0 1198.0 231.0 675.0 660.0 1.0
36 41 41 0.0 266.0 962.0 141.0 473.0 476.0 0.0
36 41 42 0.0 104.0 375.0 44.0 228.0 183.0 0.0
36 41 43 0.0 22.0 70.0 12.0 35.0 36.0 0.0
36 41 44 0.0 0.0 3.0 0.0 3.0 2.0 0.0
36 42 36 0.0 0.0 2.0 0.0 0.0 0.0 0.0
36 42 37 0.0 5.0 25.0 2.0 12.0 12.0 0.0
36 42 38 0.0 55.0 160.0 18.0 93.0 91.0 0.0
36 42 39 0.0 119.0 405.0 55.0 209.0 216.0 0.0
36 42 40 0.0 161.0 555.0 87.0 314.0 285.0 1.0
36 42 41 0.0 135.0 467.0 84.0 284.0 249.0 0.0
36 42 42 0.0 55.0 219.0 20.0 126.0 114.0 0.0
36 42 43 0.0 4.0 34.0 2.0 11.0 14.0 0.0
36 42 44 0.0 1.0 1.0 0.0 0.0 0.0 0.0
36 43 37 0.0 1.0 4.0 0.0 1.0 2.0 0.0
36 43 38 0.0 10.0 30.0 6.0 24.0 20.0 0.0
36 43 39 0.0 33.0 71.0 18.0 33.0 41.0 0.0
36 43 40 0.0 26.0 121.0 8.0 57.0 58.0 0.0
36 43 41 0.0 34.0 64.0 30.0 42.0 43.0 0.0
36 43 42 0.0 11.0 26.0 5.0 21.0 15.0 0.0
36 43 43 0.0 5.0 4.0 8.0 1.0 6.0 0.0
36 43 44 0.0 0.0 1.0 0.0 1.0 1.0 0.0
36 44 37 0.0 0.0 1.0 0.0 0.0 0.0 0.0
36 44 38 0.0 2.0 5.0 0.0 4.0 4.0 0.0
36 44 39 0.0 3.0 4.0 0.0 2.0 3.0 0.0
36 44 40 0.0 0.0 7.0 0.0 4.0 4.0 0.0
36 44 41 0.0 1.0 3.0 0.0 0.0 0.0 0.0
36 44 42 0.0 0.0 3.0 0.0 1.0 1.0 0.0
37 36 37 0.0 4.0 2.0 2.0 0.0 2.0 0.0
37 36 38 0.0 12.0 20.0 1.0 7.0 9.0 0.0
37 36 39 0.0 23.0 73.0 12.0 33.0 40.0 0.0
37 36 40 0.0 23.0 69.0 10.0 29.0 35.0 0.0
37 36 41 0.0 24.0 56.0 8.0 20.0 30.0 0.0
37 36 42 0.0 11.0 21.0 4.0 9.0 12.0 0.0
37 36 43 0.0 1.0 3.0 1.0 1.0 2.0 0.0
37 37 36 0.0 0.0 9.0 0.0 5.0 5.0 0.0
37 37 37 0.0 62.0 186.0 47.0 166.0 118.0 0.0
37 37 38 0.0 330.0 843.0 266.0 756.0 592.0 0.0
37 37 39 0.0 606.0 1667.0 562.0 1551.0 1160.0 1.0
37 37 40 0.0 757.0 2367.0 721.0 2325.0 1628.0 4.0
37 37 41 0.0 550.0 1745.0 519.0 1686.0 1185.0 2.0
37 37 42 0.0 301.0 901.0 233.0 789.0 614.0 2.0
37 37 43 0.0 47.0 145.0 30.0 115.0 92.0 0.0
37 37 44 0.0 0.0 2.0 0.0 2.0 1.0 0.0
37 38 36 0.0 3.0 23.0 4.0 10.0 10.0 0.0
37 38 37 0.0 307.0 890.0 316.0 905.0 651.0 0.0
37 38 38 0.0 1058.0 3245.0 1081.0 3517.0 2304.0 9.0
37 38 39 0.0 2353.0 6594.0 2924.0 7744.0 4929.0 41.0
37 38 40 0.0 2720.0 8334.0 3290.0 10213.0 6128.0 68.0
37 38 41 0.0 2418.0 6946.0 2813.0 8241.0 5184.0 47.0
37 38 42 0.0 1140.0 3492.0 1253.0 3798.0 2517.0 8.0
37 38 43 0.0 275.0 849.0 288.0 799.0 604.0 1.0
37 38 44 0.0 7.0 33.0 5.0 13.0 15.0 0.0
37 39 36 0.0 9.0 60.0 2.0 29.0 28.0 0.0
37 39 37 0.0 559.0 1795.0 551.0 1741.0 1215.0 1.0
37 39 38 1.0 2397.0 6664.0 3086.0 7983.0 5054.0 38.0
37 39 39 1.0 3980.0 12436.0 5339.0 17247.0 9202.0 227.0
37 39 40 0.0 4475.0 14861.0 6491.0 21796.0 10641.0 307.0
37 39 41 0.0 4099.0 12758.0 5612.0 17452.0 9188.0 209.0
37 39 42 0.0 2288.0 7250.0 2675.0 9030.0 5305.0 54.0
37 39 43 0.0 663.0 2175.0 672.0 2340.0 1496.0 1.0
37 39 44 0.0 22.0 92.0 12.0 43.0 36.0 0.0
37 40 36 0.0 28.0 72.0 9.0 46.0 39.0 0.0
37 40 37 0.0 652.0 2177.0 626.0 1965.0 1450.0 4.0
37 40 38 0.0 2759.0 8392.0 3250.0 10511.0 6183.0 62.0
37 40 39 0.0 4803.0 14571.0 7243.0 21492.0 10616.0 334.0
37 40 40 0.0 5136.0 16988.0 7946.0 27666.0 12083.0 544.0
37 40 41 0.0 4644.0 15390.0 6677.0 23083.0 10997.0 354.0
37 40 42 0.0 2827.0 9170.0 3424.0 11771.0 6622.0 80.0
37 40 43 0.0 836.0 3090.0 836.0 3254.0 2107.0 7.0
37 40 44 1.0 42.0 137.0 23.0 79.0 73.0 0.0
37 41 35 0.0 1.0 0.0 0.0 0.0 0.0 0.0
37 41 36 0.0 16.0 63.0 11.0 35.0 33.0 0.0
37 41 37 0.0 520.0 1646.0 493.0 1480.0 1112.0 1.0
37 41 38 0.0 2202.0 6938.0 2680.0 8387.0 5083.0 37.0
37 41 39 0.0 4049.0 12782.0 5772.0 18470.0 9323.0 242.0
37 41 40 0.0 5081.0 15004.0 7520.0 22875.0 11000.0 404.0
37 41 41 1.0 3947.0 13800.0 5470.0 20297.0 9882.0 269.0
37 41 42 2.0 2289.0 8051.0 2830.0 10333.0 5799.0 67.0
37 41 43 0.0 661.0 2295.0 711.0 2522.0 1552.0 3.0
37 41 44 0.0 17.0 94.0 6.0 42.0 39.0 0.0
37 42 36 0.0 11.0 20.0 9.0 9.0 11.0 0.0
37 42 37 0.0 258.0 721.0 234.0 575.0 465.0 0.0
37 42 38 0.0 1157.0 3684.0 1201.0 4290.0 2661.0 12.0
37 42 39 0.0 2424.0 7512.0 2923.0 9593.0 5518.0 42.0
37 42 40 0.0 2967.0 9487.0 3582.0 12474.0 6923.0 77.0
37 42 41 0.0 2433.0 7966.0 2970.0 10427.0 5833.0 63.0
37 42 42 0.0 1167.0 4122.0 1233.0 4729.0 2887.0 8.0
37 42 43 0.0 305.0 1166.0 245.0 1215.0 774.0 1.0
37 42 44 0.0 10.0 23.0 4.0 6.0 12.0 0.0
37 43 36 0.0 4.0 0.0 1.0 0.0 1.0 0.0
37 43 37 0.0 68.0 167.0 42.0 86.0 103.0 0.0
37 43 38 0.0 333.0 919.0 292.0 861.0 652.0 1.0
37 43 39 0.0 760.0 2098.0 715.0 2174.0 1513.0 3.0
37 43 40 0.0 964.0 2690.0 948.0 2886.0 1946.0 2.0
37 43 41 0.0 704.0 2117.0 709.0 2218.0 1537.0 0.0
37 43 42 0.0 371.0 1134.0 374.0 1089.0 785.0 1.0
37 43 43 0.0 78.0 278.0 49.0 243.0 170.0 0.0
37 43 44 0.0 2.0 8.0 0.0 0.0 2.0 0.0
37 44 37 0.0 0.0 3.0 0.0 0.0 0.0 0.0
37 44 38 0.0 19.0 25.0 6.0 12.0 16.0 0.0
37 44 39 0.0 19.0 84.0 8.0 51.0 47.0 0.0
37 44 40 0.0 23.0 112.0 12.0 48.0 52.0 0.0
37 44 41 0.0 36.0 91.0 19.0 24.0 45.0 0.0
37 44 42 0.0 5.0 55.0 3.0 23.0 24.0 0.0
37 44 43 0.0 0.0 14.0 0.0 9.0 5.0 0.0
38 35 41 0.0 1.0 0.0 1.0 0.0 1.0 0.0
38 36 36 0.0 0.0 1.0 0.0 1.0 1.0 0.0
38 36 37 0.0 4.0 28.0 4.0 20.0 15.0 0.0
38 36 38 0.0 53.0 130.0 18.0 63.0 60.0 0.0
38 36 39 0.0 112.0 343.0 47.0 170.0 183.0 0.0
38 36 40 0.0 140.0 386.0 60.0 217.0 188.0 0.0
38 36 41 0.0 101.0 365.0 33.0 179.0 183.0 0.0
38 36 42 0.0 48.0 120.0 15.0 40.0 51.0 0.0
38 36 43 0.0 10.0 26.0 8.0 5.0 9.0 0.0
38 36 44 0.0 0.0 5.0 0.0 0.0 1.0 0.0
38 37 36 0.0 11.0 16.0 3.0 6.0 11.0 0.0
38 37 37 0.0 244.0 858.0 278.0 781.0 559.0 1.0
38 37 38 0.0 1050.0 3327.0 1031.0 3772.0 2398.0 9.0
38 37 39 0.0 2155.0 6432.0 2660.0 7574.0 4749.0 37.0
38 37 40 0.0 2789.0 8251.0 3606.0 10147.0 6120.0 62.0
38 37 41 1.0 2351.0 6797.0 2678.0 8338.0 5080.0 40.0
38 37 42 0.0 1260.0 3421.0 1395.0 3729.0 2563.0 13.0
38 37 43 0.0 351.0 896.0 285.0 895.0 637.0 0.0
38 37 44 0.0 7.0 47.0 2.0 22.0 17.0 0.0
38 38 36 0.0 41.0 99.0 20.0 63.0 53.0 0.0
38 38 37 0.0 1069.0 3203.0 1172.0 3390.0 2236.0 4.0
38 38 38 0.0 4170.0 11316.0 8334.0 22515.0 8894.0 466.0
38 38 39 0.0 5567.0 15340.0 13168.0 36935.0 11233.0 1398.0
38 38 40 0.0 5206.0 16309.0 12833.0 45227.0 11216.0 2053.0
38 38 41 1.0 5430.0 15422.0 12946.0 37703.0 11306.0 1432.0
38 38 42 0.0 3831.0 11994.0 6816.0 22514.0 9110.0 414.0
38 38 43 0.0 1308.0 3738.0 1332.0 4243.0 2765.0 13.0
38 38 44 0.0 65.0 166.0 28.0 66.0 81.0 0.0
38 38 45 0.0 0.0 1.0 0.0 0.0 0.0 0.0
38 39 36 0.0 127.0 327.0 62.0 152.0 169.0 0.0
38 39 37 0.0 2196.0 6763.0 2561.0 8077.0 4903.0 35.0
38 39 38 1.0 5013.0 15567.0 11012.0 38880.0 11127.0 1320.0
38 39 39 0.0 5261.0 16113.0 17694.0 54451.0 10351.0 3754.0
38 39 40 0.0 5376.0 15734.0 20059.0 57837.0 9689.0 4812.0
38 39 41 0.0 5524.0 16176.0 17025.0 54815.0 10437.0 3738.0
38 39 42 0.0 5263.0 15643.0 12336.0 40611.0 11227.0 1548.0
38 39 43 0.0 2614.0 7816.0 3348.0 9718.0 5760.0 58.0
38 39 44 0.0 137.0 449.0 86.0 250.0 249.0 0.0
38 40 36 0.0 144.0 400.0 63.0 209.0 199.0 0.0
38 40 37 0.0 2703.0 8126.0 3264.0 9980.0 5962.0 71.0
38 40 38 0.0 5247.0 16194.0 13201.0 43681.0 11253.0 1888.0
38 40 39 0.0 5159.0 15550.0 18756.0 59983.0 9314.0 5088.0
38 40 40 0.0 4948.0 15050.0 19156.0 65158.0 8413.0 6714.0
38 40 41 0.0 5269.0 15572.0 18861.0 60587.0 9292.0 5222.0
38 40 42 0.0 5184.0 15440.0 14849.0 46962.0 10757.0 2441.0
38 40 43 1.0 3174.0 9264.0 4376.0 12235.0 6975.0 101.0
38 40 44 0.0 171.0 501.0 76.0 239.0 246.0 0.0
38 40 45 0.0 1.0 0.0 0.0 0.0 0.0 0.0
38 41 36 0.0 87.0 294.0 32.0 136.0 124.0 0.0
38 41 37 0.0 2327.0 6438.0 2875.0 8014.0 4874.0 41.0
38 41 38 0.0 5560.0 15434.0 12964.0 35789.0 11403.0 1247.0
38 41 39 0.0 5209.0 15983.0 17051.0 55983.0 10178.0 4034.0
38 41 40 0.0 4743.0 15373.0 17169.0 63214.0 9050.0 5466.0
38 41 41 0.0 5165.0 15863.0 16229.0 58419.0 10052.0 4257.0
38 41 42 0.0 4861.0 15821.0 11279.0 43151.0 11019.0 1800.0
38 41 43 0.0 2594.0 7797.0 3269.0 9785.0 5803.0 63.0
38 41 44 0.0 148.0 416.0 71.0 187.0 220.0 0.0
38 41 45 0.0 0.0 1.0 0.0 0.0 0.0 0.0
38 42 36 0.0 63.0 138.0 27.0 76.0 76.0 0.0
38 42 37 0.0 1259.0 3306.0 1396.0 3568.0 2449.0 10.0
38 42 38 0.0 4097.0 12056.0 7370.0 22441.0 9227.0 400.0
38 42 39 0.0 5274.0 15513.0 13411.0 39945.0 11088.0 1634.0
38 42 40 0.0 5022.0 15774.0 14499.0 46902.0 10850.0 2477.0
38 42 41 0.0 5266.0 15291.0 14270.0 40501.0 10919.0 1760.0
38 42 42 0.0 3534.0 13054.0 6938.0 26826.0 9523.0 473.0
38 42 43 0.0 1237.0 3911.0 1485.0 4279.0 2761.0 8.0
38 42 44 0.0 67.0 186.0 27.0 90.0 94.0 0.0
38 43 36 0.0 8.0 15.0 2.0 8.0 8.0 0.0
38 43 37 0.0 407.0 720.0 417.0 663.0 599.0 0.0
38 43 38 0.0 1307.0 3418.0 1541.0 3947.0 2654.0 15.0
38 43 39 0.0 2470.0 7434.0 3060.0 9282.0 5479.0 42.0
38 43 40 0.0 2975.0 9404.0 3664.0 12527.0 6998.0 81.0
38 43 41 0.0 2568.0 7965.0 3153.0 10370.0 5923.0 58.0
38 43 42 0.0 1316.0 4368.0 1494.0 5515.0 3154.0 7.0
38 43 43 0.0 290.0 978.0 207.0 928.0 630.0 1.0
38 43 44 0.0 7.0 28.0 2.0 14.0 11.0 0.0
38 44 37 0.0 6.0 22.0 3.0 12.0 10.0 0.0
38 44 38 0.0 46.0 158.0 18.0 67.0 69.0 0.0
38 44 39 0.0 121.0 364.0 52.0 193.0 187.0 0.0
38 44 40 0.0 180.0 503.0 87.0 257.0 275.0 0.0
38 44 41 0.0 151.0 454.0 78.0 266.0 250.0 0.0
38 44 42 0.0 54.0 202.0 16.0 107.0 100.0 0.0
38 44 43 0.0 9.0 29.0 3.0 12.0 10.0 0.0
38 44 44 0.0 0.0 1.0 0.0 0.0 0.0 0.0
39 35 39 0.0 0.0 1.0 0.0 1.0 1.0 0.0
39 35 42 0.0 0.0 2.0 0.0 0.0 0.0 0.0
39 36 36 0.0 0.0 3.0 0.0 0.0 1.0 0.0
39 36 37 0.0 32.0 37.0 16.0 25.0 33.0 0.0
39 36 38 0.0 107.0 314.0 57.0 142.0 156.0 0.0
39 36 39 0.0 242.0 678.0 132.0 341.0 365.0 0.0
39 36 40 0.0 367.0 997.0 206.0 529.0 561.0 0.0
39 36 41 0.0 308.0 694.0 169.0 354.0 392.0 0.0
39 36 42 0.0 100.0 309.0 40.0 152.0 150.0 0.0
39 36 43 0.0 23.0 65.0 12.0 14.0 31.0 0.0
39 36 44 0.0 1.0 3.0 0.0 0.0 0.0 0.0
39 37 36 0.0 13.0 69.0 2.0 22.0 25.0 0.0
39 37 37 0.0 595.0 1749.0 547.0 1702.0 1194.0 2.0
39 37 38 1.0 2340.0 6261.0 2973.0 7872.0 4705.0 33.0
39 37 39 2.0 4170.0 12092.0 5523.0 16488.0 9093.0 189.0
39 37 40 0.0 4990.0 13944.0 7354.0 20431.0 10461.0 298.0
39 37 41 0.0 4398.0 12061.0 6199.0 16796.0 9182.0 197.0
39 37 42 0.0 2670.0 7157.0 3360.0 8783.0 5465.0 52.0
39 37 43 0.0 765.0 1956.0 873.0 1946.0 1467.0 5.0
39 37 44 0.0 29.0 75.0 13.0 41.0 39.0 0.0
39 38 36 0.0 118.0 275.0 46.0 141.0 150.0 0.0
39 38 37 0.0 2227.0 6564.0 2704.0 8022.0 4769.0 36.0
39 38 38 0.0 5073.0 15859.0 11732.0 37563.0 11145.0 1310.0
39 38 39 0.0 5655.0 15942.0 17866.0 53316.0 10188.0 3741.0
39 38 40 0.0 5394.0 15628.0 18820.0 59451.0 9385.0 4971.0
39 38 41 0.0 5721.0 15565.0 19540.0 53272.0 10001.0 4060.0
39 38 42 0.0 5329.0 15007.0 13228.0 39752.0 10906.0 1642.0
39 38 43 0.0 2657.0 7421.0 3317.0 9312.0 5644.0 73.0
39 38 44 0.0 134.0 397.0 65.0 201.0 217.0 0.0
39 39 35 0.0 0.0 1.0 0.0 0.0 0.0 0.0
39 39 36 0.0 262.0 765.0 119.0 411.0 413.0 0.0
39 39 37 0.0 4005.0 12175.0 5614.0 16731.0 8905.0 185.0
39 39 38 0.0 5389.0 16294.0 16898.0 53910.0 10395.0 3605.0
39 39 39 0.0 4866.0 13831.0 20989.0 71435.0 6709.0 11766.0
39 39 40 0.0 4920.0 13806.0 24343.0 71861.0 6486.0 13191.0
39 39 41 0.0 4913.0 13559.0 22221.0 70922.0 6622.0 11920.0
39 39 42 0.0 5640.0 15512.0 19051.0 54464.0 9979.0 4264.0
39 39 43 0.0 4641.0 12824.0 6514.0 18608.0 9609.0 245.0
39 39 44 0.0 326.0 907.0 163.0 484.0 494.0 0.0
39 39 45 0.0 0.0 2.0 0.0 0.0 0.0 0.0
39 40 35 0.0 0.0 1.0 0.0 0.0 0.0 0.0
39 40 36 0.0 414.0 1010.0 220.0 544.0 578.0 0.0
39 40 37 0.0 4951.0 13733.0 7084.0 20187.0 10404.0 311.0
39 40 38 0.0 5474.0 15458.0 20285.0 57318.0 9602.0 4932.0
39 40 39 0.0 4939.0 13987.0 23454.0 72402.0 6465.0 13181.0
39 40 40 0.0 4585.0 13614.0 22434.0 77831.0 5797.0 16127.0
39 40 41 0.0 4940.0 13862.0 22187.0 74160.0 6249.0 13930.0
39 40 42 0.0 5567.0 14924.0 21908.0 58172.0 9080.0 5331.0
39 40 43 0.0 5411.0 14646.0 8351.0 22392.0 11013.0 388.0
39 40 44 0.0 461.0 1157.0 226.0 658.0 663.0 0.0
39 40 45 0.0 1.0 0.0 1.0 1.0 1.0 0.0
39 41 36 0.0 265.0 742.0 159.0 408.0 407.0 0.0
39 41 37 0.0 4086.0 12182.0 5664.0 16895.0 8989.0 193.0
39 41 38 0.0 5461.0 15787.0 18097.0 53982.0 10215.0 3836.0
39 41 39 0.0 4952.0 14023.0 24099.0 68540.0 6984.0 11154.0
39 41 40 0.0 4597.0 13795.0 22093.0 74581.0 6125.0 14816.0
39 41 41 0.0 4694.0 13653.0 20313.0 73118.0 6493.0 12236.0
39 41 42 0.0 5622.0 15909.0 18970.0 54764.0 10101.0 4205.0
39 41 43 0.0 4723.0 12726.0 6610.0 18269.0 9725.0 246.0
39 41 44 0.0 358.0 972.0 185.0 510.0 538.0 0.0
39 41 45 0.0 1.0 0.0 1.0 0.0 1.0 0.0
39 42 36 0.0 111.0 325.0 52.0 173.0 176.0 0.0
39 42 37 0.0 2403.0 6420.0 3030.0 7572.0 4858.0 43.0
39 42 38 0.0 5558.0 15535.0 14098.0 37237.0 11347.0 1515.0
39 42 39 0.0 5467.0 15741.0 18633.0 54619.0 9946.0 4049.0
39 42 40 0.0 5158.0 15392.0 19779.0 60032.0 9101.0 5331.0
39 42 41 0.0 5075.0 15681.0 16848.0 58129.0 9676.0 4403.0
39 42 42 0.0 5078.0 16029.0 12342.0 41345.0 11160.0 1654.0
39 42 43 0.0 2421.0 7411.0 2742.0 9325.0 5502.0 48.0
39 42 44 0.0 180.0 370.0 97.0 176.0 215.0 0.0
39 43 36 0.0 17.0 48.0 15.0 28.0 28.0 0.0
39 43 37 0.0 589.0 1778.0 587.0 1662.0 1207.0 3.0
39 43 38 0.0 2481.0 6607.0 3033.0 7977.0 5061.0 46.0
39 43 39 0.0 4427.0 12416.0 6135.0 17593.0 9299.0 177.0
39 43 40 1.0 5055.0 14797.0 7361.0 22147.0 10917.0 360.0
39 43 41 0.0 4269.0 13220.0 6000.0 19601.0 9776.0 254.0
39 43 42 0.0 2646.0 7765.0 3217.0 9761.0 5868.0 60.0
39 43 43 0.0 691.0 2043.0 728.0 1900.0 1409.0 3.0
39 43 44 0.0 17.0 73.0 2.0 37.0 30.0 0.0
39 44 36 0.0 2.0 3.0 0.0 2.0 1.0 0.0
39 44 37 0.0 21.0 54.0 10.0 24.0 32.0 0.0
39 44 38 0.0 135.0 307.0 78.0 174.0 177.0 0.0
39 44 39 0.0 324.0 820.0 173.0 444.0 449.0 0.0
39 44 40 0.0 366.0 1064.0 193.0 539.0 559.0 0.0
39 44 41 0.0 295.0 926.0 126.0 478.0 487.0 0.0
39 44 42 0.0 130.0 395.0 66.0 190.0 194.0 0.0
39 44 43 0.0 22.0 83.0 9.0 37.0 36.0 0.0
39 44 44 0.0 2.0 1.0 0.0 0.0 1.0 0.0
39 45 42 0.0 0.0 1.0 0.0 0.0 0.0 0.0
40 35 39 0.0 1.0 0.0 0.0 0.0 0.0 0.0
40 35 40 0.0 0.0 1.0 0.0 0.0 0.0 0.0
40 36 36 0.0 0.0 4.0 0.0 0.0 0.0 0.0
40 36 37 0.0 24.0 67.0 10.0 29.0 35.0 0.0
40 36 38 0.0 178.0 397.0 106.0 192.0 233.0 0.0
40 36 39 0.0 360.0 940.0 175.0 540.0 519.0 0.0
40 36 40 0.0 477.0 1253.0 239.0 646.0 665.0 0.0
40 36 41 0.0 348.0 995.0 183.0 482.0 502.0 0.0
40 36 42 0.0 158.0 461.0 77.0 194.0 241.0 0.0
40 36 43 0.0 26.0 112.0 12.0 57.0 52.0 0.0
40 36 44 0.0 2.0 2.0 1.0 0.0 1.0 0.0
40 37 36 0.0 33.0 72.0 20.0 38.0 42.0 0.0
40 37 37 0.0 746.0 2078.0 770.0 2045.0 1485.0 2.0
40 37 38 0.0 2845.0 7840.0 3497.0 9657.0 5905.0 55.0
40 37 39 0.0 5077.0 13451.0 7255.0 19420.0 10158.0 275.0
40 37 40 0.0 5770.0 15664.0 8945.0 24509.0 11736.0 451.0
40 37 41 0.0 5312.0 13850.0 7919.0 20323.0 10622.0 287.0
40 37 42 0.0 3169.0 8348.0 3778.0 10452.0 6382.0 71.0
40 37 43 0.0 843.0 2641.0 878.0 2833.0 1873.0 7.0
40 37 44 0.0 29.0 90.0 16.0 49.0 40.0 0.0
40 38 36 0.0 162.0 412.0 91.0 186.0 220.0 0.0
40 38 37 0.0 2823.0 8208.0 3597.0 10515.0 6173.0 78.0
40 38 38 0.0 5388.0 15622.0 13902.0 43067.0 11079.0 1987.0
40 38 39 0.0 5682.0 15424.0 20832.0 56356.0 9594.0 4796.0
40 38 40 0.0 5536.0 14785.0 22380.0 61379.0 8741.0 6201.0
40 38 41 0.0 5638.0 15080.0 20807.0 57706.0 9330.0 5253.0
40 38 42 0.0 5616.0 14967.0 16566.0 44219.0 10804.0 2368.0
40 38 43 0.0 3554.0 8796.0 4641.0 11261.0 6891.0 83.0
40 38 44 0.0 192.0 531.0 119.0 260.0 301.0 0.0
40 38 45 0.0 0.0 1.0 0.0 0.0 0.0 0.0
40 39 36 0.0 368.0 990.0 191.0 487.0 524.0 0.0
40 39 37 0.0 4853.0 14103.0 6826.0 20932.0 10424.0 262.0
40 39 38 0.0 5398.0 15140.0 19355.0 58782.0 9259.0 5032.0
40 39 39 0.0 5043.0 13596.0 23364.0 72483.0 6524.0 13085.0
40 39 40 0.0 4955.0 13234.0 26016.0 73576.0 5743.0 16270.0
40 39 41 0.0 5166.0 13510.0 24374.0 72016.0 6290.0 13952.0
40 39 42 0.0 5857.0 15018.0 21606.0 57928.0 9405.0 5388.0
40 39 43 0.0 5587.0 14186.0 8372.0 21272.0 10856.0 385.0
40 39 44 0.0 482.0 1145.0 288.0 652.0 695.0 0.0
40 39 45 0.0 0.0 1.0 0.0 0.0 0.0 0.0
40 40 35 0.0 0.0 1.0 0.0 0.0 0.0 0.0
40 40 36 0.0 467.0 1321.0 231.0 674.0 704.0 0.0
40 40 37 0.0 5638.0 15987.0 8697.0 25048.0 11826.0 459.0
40 40 38 0.0 5367.0 14318.0 22788.0 61271.0 8626.0 6529.0
40 40 39 0.0 4822.0 13497.0 22518.0 77439.0 5752.0 16614.0
40 40 40 0.0 4634.0 12353.0 24637.0 74774.0 4594.0 26932.0
40 40 41 0.0 5087.0 13090.0 30022.0 69632.0 5739.0 16933.0
40 40 42 0.0 5576.0 14502.0 23235.0 61726.0 8597.0 6561.0
40 40 43 0.0 6309.0 16015.0 10189.0 26198.0 12123.0 554.0
40 40 44 0.0 591.0 1553.0 324.0 896.0 875.0 0.0
40 40 45 0.0 0.0 2.0 0.0 0.0 0.0 0.0
40 41 35 0.0 0.0 2.0 0.0 0.0 0.0 0.0
40 41 36 0.0 353.0 992.0 187.0 511.0 540.0 0.0
40 41 37 0.0 5102.0 13911.0 7384.0 20250.0 10436.0 330.0
40 41 38 0.0 5551.0 15216.0 20959.0 57501.0 9275.0 5089.0
40 41 39 0.0 5188.0 13694.0 28466.0 67065.0 6367.0 13618.0
40 41 40 0.0 4907.0 13632.0 23699.0 76165.0 5827.0 16413.0
40 41 41 0.0 4864.0 13782.0 26248.0 70357.0 6391.0 13874.0
40 41 42 0.0 5523.0 15065.0 21076.0 58201.0 9287.0 5263.0
40 41 43 0.0 5743.0 14251.0 8607.0 20881.0 10963.0 337.0
40 41 44 0.0 460.0 1123.0 262.0 625.0 644.0 0.0
40 42 36 0.0 149.0 416.0 71.0 256.0 232.0 0.0
40 42 37 0.0 3013.0 7988.0 3651.0 9831.0 6109.0 55.0
40 42 38 0.0 5868.0 15532.0 15903.0 41394.0 11214.0 1969.0
40 42 39 0.0 5533.0 15121.0 20848.0 58043.0 9230.0 5222.0
40 42 40 0.0 5187.0 14842.0 20994.0 63579.0 8628.0 6577.0
40 42 41 0.0 5503.0 15324.0 20140.0 58704.0 9322.0 5301.0
40 42 42 0.0 5678.0 15700.0 15416.0 44674.0 11237.0 2266.0
40 42 43 0.0 3257.0 8423.0 4122.0 10747.0 6553.0 81.0
40 42 44 0.0 184.0 452.0 96.0 258.0 255.0 0.0
40 43 36 1.0 35.0 70.0 10.0 21.0 33.0 0.0
40 43 37 0.0 835.0 2246.0 815.0 2113.0 1596.0 3.0
40 43 38 0.0 3064.0 8511.0 3767.0 10547.0 6442.0 57.0
40 43 39 0.0 5144.0 13835.0 7587.0 20325.0 10447.0 283.0
40 43 40 0.0 5512.0 16129.0 8471.0 25421.0 11896.0 518.0
40 43 41 0.0 4987.0 14362.0 7237.0 21789.0 10749.0 335.0
40 43 42 0.0 3005.0 9022.0 4014.0 11711.0 6638.0 86.0
40 43 43 0.0 845.0 2641.0 744.0 2821.0 1887.0 2.0
40 43 44 0.0 30.0 82.0 11.0 39.0 41.0 0.0
40 44 36 0.0 3.0 6.0 0.0 1.0 2.0 0.0
40 44 37 0.0 35.0 61.0 12.0 21.0 30.0 0.0
40 44 38 0.0 143.0 460.0 88.0 227.0 244.0 1.0
40 44 39 0.0 344.0 1154.0 162.0 621.0 585.0 0.0
40 44 40 0.0 478.0 1438.0 243.0 787.0 761.0 0.0
40 44 41 0.0 377.0 1123.0 238.0 591.0 600.0 0.0
40 44 42 0.0 185.0 464.0 127.0 275.0 265.0 0.0
40 44 43 0.0 42.0 92.0 25.0 34.0 57.0 0.0
40 44 44 0.0 1.0 8.0 2.0 3.0 5.0 0.0
40 45 39 0.0 0.0 1.0 0.0 0.0 0.0 0.0
40 45 41 0.0 0.0 1.0 0.0 0.0 0.0 0.0
41 35 38 0.0 0.0 1.0 0.0 0.0 0.0 0.0
41 35 39 0.0 1.0 1.0 0.0 0.0 0.0 0.0
41 36 36 0.0 1.0 1.0 0.0 0.0 0.0 0.0
41 36 37 0.0 28.0 57.0 15.0 27.0 29.0 0.0
41 36 38 0.0 113.0 259.0 40.0 133.0 133.0 0.0
41 36 39 0.0 266.0 733.0 121.0 413.0 401.0 0.0
41 36 40 0.0 388.0 885.0 208.0 430.0 472.0 0.0
41 36 41 0.0 318.0 721.0 145.0 404.0 396.0 0.0
41 36 42 0.0 116.0 312.0 61.0 131.0 159.0 0.0
41 36 43 0.0 25.0 51.0 7.0 24.0 25.0 0.0
41 36 44 0.0 0.0 1.0 0.0 0.0 0.0 0.0
41 37 36 0.0 38.0 61.0 22.0 19.0 37.0 0.0
41 37 37 0.0 675.0 1770.0 572.0 1808.0 1301.0 2.0
41 37 38 0.0 2355.0 6297.0 2603.0 7463.0 4691.0 32.0
41 37 39 0.0 4394.0 11416.0 5807.0 15691.0 8695.0 170.0
41 37 40 0.0 5337.0 13488.0 7832.0 19420.0 10354.0 309.0
41 37 41 0.0 4537.0 12077.0 6262.0 16812.0 9203.0 194.0
41 37 42 0.0 2655.0 7100.0 3318.0 8916.0 5435.0 48.0
41 37 43 0.0 834.0 2044.0 838.0 2177.0 1562.0 1.0
41 37 44 0.0 37.0 52.0 21.0 23.0 36.0 0.0
41 38 36 0.0 128.0 325.0 55.0 184.0 185.0 0.0
41 38 37 0.0 2462.0 6745.0 3027.0 8754.0 5089.0 48.0
41 38 38 0.0 6133.0 15002.0 14671.0 34355.0 11407.0 1271.0
41 38 39 0.0 6156.0 15292.0 20857.0 50441.0 10244.0 3722.0
41 38 40 0.0 5849.0 14978.0 20475.0 57507.0 9505.0 4959.0
41 38 41 0.0 6130.0 15615.0 19965.0 51834.0 10280.0 3713.0
41 38 42 0.0 5700.0 14866.0 13311.0 38466.0 11049.0 1555.0
41 38 43 0.0 2802.0 7080.0 3377.0 8716.0 5415.0 54.0
41 38 44 0.0 175.0 352.0 91.0 166.0 217.0 0.0
41 39 36 0.0 293.0 804.0 119.0 399.0 405.0 0.0
41 39 37 0.0 4465.0 12028.0 6481.0 16924.0 9098.0 189.0
41 39 38 0.0 5581.0 15120.0 18917.0 53892.0 9757.0 4012.0
41 39 39 0.0 5071.0 13352.0 28247.0 64215.0 6574.0 11761.0
41 39 40 1.0 5279.0 13591.0 26771.0 68926.0 6418.0 13561.0
41 39 41 0.0 5203.0 13037.0 28148.0 64367.0 6606.0 11890.0
41 39 42 0.0 6046.0 14904.0 21287.0 51722.0 9982.0 4101.0
41 39 43 0.0 5190.0 11958.0 7656.0 16971.0 9568.0 220.0
41 39 44 0.0 356.0 915.0 166.0 486.0 505.0 0.0
41 40 35 0.0 0.0 1.0 0.0 0.0 0.0 0.0
41 40 36 0.0 429.0 1009.0 230.0 522.0 604.0 0.0
41 40 37 0.0 4802.0 14171.0 7039.0 21646.0 10492.0 304.0
41 40 38 0.0 5705.0 15435.0 19895.0 57991.0 9685.0 4894.0
41 40 39 0.0 4944.0 13592.0 24858.0 71467.0 6261.0 14080.0
41 40 40 0.0 5161.0 13537.0 26032.0 73759.0 5870.0 15708.0
41 40 41 0.0 5240.0 13481.0 25782.0 70126.0 6479.0 13387.0
41 40 42 0.0 6014.0 14668.0 24504.0 54525.0 9000.0 5321.0
41 40 43 0.0 5773.0 13721.0 8744.0 20566.0 10720.0 343.0
41 40 44 0.0 510.0 1127.0 276.0 555.0 652.0 0.0
41 40 45 0.0 0.0 1.0 0.0 1.0 1.0 0.0
41 41 35 0.0 1.0 1.0 1.0 0.0 1.0 0.0
41 41 36 0.0 274.0 815.0 147.0 415.0 452.0 0.0
41 41 37 0.0 4419.0 12432.0 6119.0 17383.0 9270.0 232.0
41 41 38 0.0 5438.0 15525.0 17862.0 55267.0 10062.0 3943.0
41 41 39 0.0 5105.0 13378.0 24533.0 67685.0 6656.0 11680.0
41 41 40 0.0 5095.0 13819.0 24830.0 71486.0 6470.0 13345.0
41 41 41 0.0 5098.0 13320.0 24574.0 68243.0 6979.0 11399.0
41 41 42 0.0 6233.0 15191.0 21151.0 51554.0 10074.0 3985.0
41 41 43 0.0 5012.0 12087.0 7238.0 16969.0 9473.0 209.0
41 41 44 0.0 368.0 886.0 199.0 486.0 517.0 1.0
41 41 45 0.0 1.0 0.0 0.0 0.0 0.0 0.0
41 42 36 0.0 104.0 290.0 51.0 149.0 158.0 0.0
41 42 37 1.0 2546.0 7027.0 2975.0 8814.0 5294.0 48.0
41 42 38 0.0 5964.0 14888.0 14785.0 35596.0 11278.0 1391.0
41 42 39 0.0 5869.0 15531.0 19553.0 52882.0 10301.0 3886.0
41 42 40 0.0 5671.0 15443.0 20208.0 57547.0 9581.0 4990.0
41 42 41 0.0 5585.0 15836.0 18106.0 54190.0 10281.0 3867.0
41 42 42 0.0 5960.0 15232.0 14457.0 36414.0 11278.0 1454.0
41 42 43 0.0 2546.0 6798.0 3179.0 8346.0 5162.0 58.0
41 42 44 0.0 133.0 368.0 71.0 231.0 214.0 0.0
41 43 36 0.0 21.0 55.0 8.0 32.0 29.0 0.0
41 43 37 0.0 683.0 1722.0 604.0 1635.0 1227.0 1.0
41 43 38 0.0 2604.0 6769.0 3142.0 8475.0 5242.0 36.0
41 43 39 0.0 4639.0 11967.0 6458.0 16911.0 9171.0 209.0
41 43 40 0.0 4981.0 14386.0 7129.0 21243.0 10739.0 334.0
41 43 41 0.0 4407.0 12290.0 6116.0 17419.0 9206.0 199.0
41 43 42 1.0 2424.0 6977.0 2946.0 8687.0 5244.0 50.0
41 43 43 0.0 659.0 1920.0 608.0 1898.0 1373.0 3.0
41 43 44 0.0 22.0 71.0 9.0 33.0 38.0 0.0
41 44 36 0.0 2.0 0.0 1.0 0.0 1.0 0.0
41 44 37 0.0 19.0 63.0 10.0 39.0 34.0 0.0
41 44 38 0.0 122.0 348.0 62.0 171.0 186.0 0.0
41 44 39 0.0 271.0 821.0 132.0 444.0 451.0 0.0
41 44 40 0.0 323.0 1006.0 164.0 573.0 532.0 0.0
41 44 41 0.0 266.0 848.0 157.0 428.0 449.0 0.0
41 44 42 0.0 102.0 330.0 48.0 196.0 168.0 0.0
41 44 43 0.0 26.0 82.0 7.0 35.0 34.0 0.0
41 44 44 0.0 0.0 6.0 0.0 2.0 1.0 0.0
41 45 39 0.0 0.0 1.0 0.0 1.0 1.0 0.0
41 45 40 0.0 1.0 2.0 0.0 0.0 0.0 0.0
41 45 41 0.0 1.0 1.0 0.0 0.0 0.0 0.0
42 35 40 0.0 0.0 1.0 0.0 0.0 0.0 0.0
42 36 36 0.0 0.0 1.0 0.0 1.0 1.0 0.0
42 36 37 0.0 4.0 12.0 1.0 6.0 5.0 0.0
42 36 38 0.0 33.0 120.0 25.0 48.0 56.0 0.0
42 36 39 0.0 109.0 285.0 54.0 144.0 145.0 0.0
42 36 40 0.0 158.0 380.0 66.0 200.0 210.0 0.0
42 36 41 1.0 109.0 299.0 57.0 145.0 144.0 0.0
42 36 42 0.0 55.0 150.0 25.0 52.0 76.0 0.0
42 36 43 0.0 8.0 21.0 2.0 8.0 9.0 0.0
42 37 36 0.0 17.0 44.0 13.0 24.0 28.0 0.0
42 37 37 0.0 375.0 675.0 283.0 612.0 511.0 0.0
42 37 38 0.0 1289.0 3005.0 1303.0 2992.0 2292.0 7.0
42 37 39 0.0 2593.0 6232.0 3112.0 7273.0 4876.0 31.0
42 37 40 0.0 3064.0 7728.0 3685.0 9808.0 6066.0 48.0
42 37 41 0.0 2576.0 6570.0 2987.0 8005.0 4984.0 47.0
42 37 42 0.0 1329.0 3380.0 1337.0 3657.0 2517.0 12.0
42 37 43 0.0 326.0 960.0 283.0 897.0 657.0 0.0
42 37 44 0.0 14.0 31.0 10.0 12.0 16.0 0.0
42 38 36 0.0 53.0 142.0 27.0 67.0 80.0 0.0
42 38 37 0.0 1379.0 3522.0 1497.0 4017.0 2627.0 16.0
42 38 38 0.0 4980.0 11228.0 9801.0 21853.0 9367.0 443.0
42 38 39 0.0 6291.0 14486.0 14982.0 34123.0 11336.0 1295.0
42 38 40 0.0 6216.0 14998.0 17561.0 39328.0 11081.0 1896.0
42 38 41 0.0 5889.0 14655.0 14768.0 36563.0 11171.0 1459.0
42 38 42 0.0 4740.0 11746.0 9843.0 24536.0 9418.0 559.0
42 38 43 0.0 1530.0 3564.0 1844.0 3786.0 2804.0 5.0
42 38 44 0.0 65.0 142.0 29.0 52.0 71.0 0.0
42 39 35 0.0 1.0 0.0 0.0 0.0 0.0 0.0
42 39 36 0.0 129.0 374.0 70.0 201.0 196.0 0.0
42 39 37 0.0 2586.0 6693.0 3162.0 8557.0 5141.0 50.0
42 39 38 0.0 5588.0 14864.0 13858.0 39294.0 11073.0 1684.0
42 39 39 0.0 6046.0 15233.0 21905.0 50378.0 10159.0 3787.0
42 39 40 0.0 6046.0 15172.0 22375.0 55014.0 9522.0 4833.0
42 39 41 0.0 6235.0 15086.0 20886.0 51575.0 10081.0 3785.0
42 39 42 0.0 6041.0 14707.0 14947.0 37540.0 11178.0 1530.0
42 39 43 0.0 2902.0 6735.0 3807.0 8296.0 5403.0 60.0
42 39 44 0.0 148.0 337.0 82.0 188.0 198.0 0.0
42 40 36 0.0 158.0 444.0 78.0 237.0 248.0 0.0
42 40 37 0.0 2959.0 8598.0 3700.0 11222.0 6445.0 68.0
42 40 38 1.0 6120.0 15071.0 17268.0 41000.0 11109.0 2036.0
42 40 39 0.0 5889.0 14796.0 23424.0 55010.0 9401.0 5026.0
42 40 40 0.0 5684.0 14562.0 22536.0 60986.0 8461.0 6295.0
42 40 41 0.0 6099.0 15007.0 22260.0 55323.0 9491.0 4940.0
42 40 42 0.0 5972.0 15134.0 16227.0 41682.0 10961.0 2042.0
42 40 43 0.0 3571.0 8100.0 4552.0 10243.0 6478.0 67.0
42 40 44 0.0 208.0 446.0 94.0 218.0 256.0 0.0
42 40 45 0.0 1.0 0.0 0.0 0.0 0.0 0.0
42 41 35 0.0 0.0 2.0 0.0 0.0 1.0 0.0
42 41 36 0.0 136.0 350.0 89.0 169.0 209.0 0.0
42 41 37 0.0 2466.0 6910.0 2953.0 8614.0 5192.0 51.0
42 41 38 0.0 5468.0 14815.0 13446.0 39196.0 10908.0 1615.0
42 41 39 0.0 6135.0 15734.0 19932.0 51302.0 10569.0 3652.0
42 41 40 0.0 5643.0 15088.0 19699.0 58195.0 9667.0 4942.0
42 41 41 0.0 5938.0 15699.0 20039.0 51246.0 10314.0 3811.0
42 41 42 0.0 6158.0 14679.0 14457.0 35785.0 11214.0 1388.0
42 41 43 0.0 2768.0 6765.0 3522.0 8192.0 5340.0 40.0
42 41 44 0.0 134.0 339.0 85.0 163.0 190.0 1.0
42 41 45 0.0 0.0 1.0 0.0 0.0 0.0 0.0
42 42 36 0.0 49.0 130.0 31.0 75.0 74.0 0.0
42 42 37 0.0 1229.0 3352.0 1438.0 3756.0 2529.0 7.0
42 42 38 0.0 4395.0 12006.0 8263.0 23107.0 9337.0 442.0
42 42 39 0.0 5831.0 14801.0 14350.0 36058.0 11243.0 1483.0
42 42 40 0.0 5993.0 15304.0 15869.0 40886.0 11307.0 2011.0
42 42 41 0.0 5597.0 15268.0 12827.0 37395.0 11195.0 1422.0
42 42 42 0.0 4505.0 11480.0 8098.0 21586.0 9136.0 391.0
42 42 43 0.0 1420.0 3280.0 1533.0 3728.0 2613.0 9.0
42 42 44 0.0 62.0 157.0 43.0 61.0 82.0 0.0
42 43 36 0.0 4.0 22.0 2.0 9.0 6.0 0.0
42 43 37 0.0 348.0 757.0 311.0 622.0 547.0 0.0
42 43 38 0.0 1394.0 3400.0 1549.0 3713.0 2600.0 8.0
42 43 39 0.0 2355.0 6333.0 2791.0 7495.0 4784.0 31.0
42 43 40 0.0 2991.0 8167.0 3650.0 10562.0 6236.0 69.0
42 43 41 0.0 2317.0 6709.0 2769.0 8069.0 5047.0 39.0
42 43 42 0.0 1208.0 3308.0 1359.0 3621.0 2442.0 7.0
42 43 43 0.0 342.0 715.0 301.0 605.0 502.0 0.0
42 43 44 0.0 13.0 25.0 11.0 11.0 13.0 0.0
42 44 37 0.0 8.0 14.0 1.0 8.0 6.0 0.0
42 44 38 0.0 36.0 145.0 16.0 67.0 66.0 0.0
42 44 39 0.0 126.0 301.0 46.0 182.0 170.0 0.0
42 44 40 0.0 133.0 453.0 57.0 191.0 218.0 0.0
42 44 41 0.0 102.0 303.0 49.0 165.0 166.0 0.0
42 44 42 0.0 53.0 129.0 40.0 49.0 75.0 0.0
42 44 43 0.0 4.0 20.0 3.0 11.0 8.0 0.0
42 44 44 0.0 1.0 1.0 1.0 3.0 2.0 0.0
42 45 38 0.0 0.0 1.0 0.0 0.0 0.0 0.0
43 36 37 0.0 1.0 4.0 2.0 1.0 3.0 0.0
43 36 38 0.0 10.0 20.0 4.0 6.0 13.0 0.0
43 36 39 0.0 17.0 48.0 10.0 16.0 22.0 0.0
43 36 40 0.0 29.0 102.0 10.0 50.0 44.0 0.0
43 36 41 0.0 16.0 46.0 5.0 28.0 25.0 0.0
43 36 42 0.0 7.0 19.0 3.0 8.0 7.0 0.0
43 36 43 0.0 3.0 4.0 4.0 3.0 4.0 0.0
43 37 36 0.0 1.0 4.0 0.0 0.0 0.0 0.0
43 37 37 0.0 76.0 195.0 56.0 158.0 129.0 0.0
43 37 38 0.0 324.0 708.0 274.0 578.0 495.0 1.0
43 37 39 0.0 716.0 1616.0 661.0 1570.0 1222.0 2.0
43 37 40 0.0 965.0 2091.0 970.0 2017.0 1604.0 2.0
43 37 41 0.0 767.0 1661.0 751.0 1468.0 1274.0 2.0
43 37 42 0.0 388.0 856.0 393.0 750.0 657.0 2.0
43 37 43 0.0 91.0 223.0 82.0 186.0 151.0 0.0
43 37 44 0.0 3.0 6.0 0.0 1.0 2.0 0.0
43 38 36 0.0 9.0 28.0 3.0 12.0 11.0 0.0
43 38 37 0.0 385.0 893.0 391.0 881.0 680.0 0.0
43 38 38 0.0 1427.0 3258.0 1608.0 3727.0 2593.0 9.0
43 38 39 0.0 2721.0 6326.0 3191.0 7654.0 5019.0 39.0
43 38 40 0.0 3354.0 7637.0 4164.0 9434.0 6105.0 54.0
43 38 41 0.0 2714.0 6437.0 3383.0 7507.0 5097.0 42.0
43 38 42 0.0 1467.0 3424.0 1487.0 3652.0 2641.0 6.0
43 38 43 0.0 452.0 879.0 491.0 781.0 686.0 0.0
43 38 44 0.0 19.0 30.0 4.0 19.0 18.0 0.0
43 39 36 0.0 15.0 61.0 2.0 37.0 31.0 0.0
43 39 37 0.0 729.0 1882.0 697.0 1851.0 1345.0 5.0
43 39 38 0.0 2717.0 6445.0 3333.0 7838.0 5103.0 38.0
43 39 39 0.0 5031.0 11287.0 6858.0 15767.0 8981.0 203.0
43 39 40 0.0 5648.0 13196.0 7939.0 18991.0 10390.0 286.0
43 39 41 0.0 4833.0 11382.0 6565.0 15461.0 8930.0 170.0
43 39 42 0.0 2726.0 6586.0 3147.0 8078.0 5155.0 39.0
43 39 43 0.0 736.0 1890.0 745.0 1823.0 1382.0 3.0
43 39 44 0.0 24.0 59.0 8.0 21.0 29.0 0.0
43 40 36 0.0 31.0 100.0 10.0 40.0 53.0 0.0
43 40 37 0.0 888.0 2394.0 864.0 2486.0 1718.0 3.0
43 40 38 2.0 3407.0 7804.0 4307.0 9919.0 6253.0 76.0
43 40 39 0.0 5398.0 13126.0 7752.0 18771.0 10247.0 253.0
43 40 40 0.0 5949.0 15347.0 9247.0 23623.0 11797.0 462.0
43 40 41 0.0 5286.0 13385.0 7603.0 19121.0 10347.0 261.0
43 40 42 0.0 3221.0 7836.0 3952.0 9906.0 6087.0 56.0
43 40 43 0.0 861.0 2281.0 890.0 2294.0 1643.0 2.0
43 40 44 0.0 34.0 84.0 18.0 39.0 38.0 0.0
43 41 36 0.0 24.0 65.0 10.0 20.0 24.0 0.0
43 41 37 0.0 748.0 1821.0 826.0 1772.0 1362.0 1.0
43 41 38 0.0 2732.0 6559.0 3209.0 7978.0 5218.0 38.0
43 41 39 0.0 4937.0 11179.0 6801.0 15200.0 9002.0 169.0
43 41 40 0.0 5242.0 13219.0 7408.0 19127.0 10155.0 280.0
43 41 41 0.0 4400.0 11477.0 6154.0 15560.0 8864.0 197.0
43 41 42 0.0 2713.0 6370.0 3104.0 7795.0 5078.0 35.0
43 41 43 0.0 787.0 1702.0 684.0 1693.0 1325.0 3.0
43 41 44 0.0 28.0 72.0 17.0 28.0 39.0 0.0
43 42 36 0.0 11.0 25.0 4.0 8.0 14.0 0.0
43 42 37 0.0 319.0 889.0 249.0 775.0 592.0 0.0
43 42 38 0.0 1177.0 3281.0 1236.0 3927.0 2436.0 8.0
43 42 39 0.0 2407.0 6657.0 2908.0 7618.0 4965.0 47.0
43 42 40 0.0 2915.0 7864.0 3506.0 9515.0 5940.0 66.0
43 42 41 0.0 2511.0 6555.0 2908.0 7623.0 4939.0 41.0
43 42 42 0.0 1285.0 3230.0 1357.0 3609.0 2480.0 6.0
43 42 43 1.0 278.0 774.0 309.0 689.0 540.0 1.0
43 42 44 0.0 9.0 28.0 5.0 15.0 14.0 0.0
43 43 36 0.0 1.0 4.0 0.0 4.0 3.0 0.0
43 43 37 0.0 64.0 200.0 44.0 155.0 128.0 0.0
43 43 38 0.0 346.0 805.0 359.0 710.0 593.0 1.0
43 43 39 0.0 737.0 1731.0 682.0 1678.0 1267.0 2.0
43 43 40 0.0 802.0 2011.0 711.0 2030.0 1438.0 6.0
43 43 41 0.0 600.0 1703.0 485.0 1779.0 1175.0 1.0
43 43 42 0.0 254.0 820.0 234.0 690.0 538.0 0.0
43 43 43 0.0 69.0 176.0 52.0 112.0 112.0 0.0
43 43 44 0.0 1.0 4.0 0.0 0.0 0.0 0.0
43 44 37 0.0 2.0 6.0 1.0 2.0 1.0 0.0
43 44 38 0.0 7.0 12.0 3.0 2.0 5.0 0.0
43 44 39 0.0 20.0 53.0 15.0 26.0 28.0 0.0
43 44 40 0.0 18.0 88.0 5.0 41.0 37.0 0.0
43 44 41 0.0 16.0 62.0 10.0 22.0 27.0 0.0
43 44 42 0.0 15.0 30.0 12.0 10.0 15.0 0.0
43 44 43 0.0 1.0 5.0 0.0 3.0 3.0 0.0
44 36 38 0.0 0.0 2.0 0.0 0.0 0.0 0.0
44 36 39 0.0 2.0 9.0 0.0 4.0 4.0 0.0
44 36 40 0.0 0.0 1.0 0.0 0.0 0.0 0.0
44 36 41 0.0 2.0 2.0 0.0 1.0 1.0 0.0
44 36 42 0.0 0.0 1.0 0.0 0.0 0.0 0.0
44 36 43 0.0 2.0 0.0 0.0 0.0 1.0 0.0
44 37 37 0.0 1.0 7.0 1.0 3.0 3.0 0.0
44 37 38 0.0 11.0 31.0 1.0 8.0 10.0 0.0
44 37 39 0.0 16.0 54.0 5.0 15.0 18.0 0.0
44 37 40 0.0 27.0 62.0 7.0 18.0 30.0 0.0
44 37 41 0.0 27.0 48.0 8.0 35.0 31.0 0.0
44 37 42 0.0 5.0 32.0 4.0 11.0 12.0 0.0
44 37 43 0.0 0.0 8.0 0.0 1.0 3.0 0.0
44 38 36 0.0 1.0 4.0 0.0 0.0 2.0 0.0
44 38 37 0.0 6.0 30.0 7.0 17.0 18.0 0.0
44 38 38 0.0 56.0 117.0 34.0 62.0 69.0 0.0
44 38 39 0.0 106.0 288.0 59.0 127.0 143.0 0.0
44 38 40 0.0 156.0 405.0 69.0 204.0 197.0 0.0
44 38 41 0.0 113.0 308.0 56.0 147.0 159.0 0.0
44 38 42 0.0 47.0 124.0 23.0 71.0 70.0 0.0
44 38 43 0.0 10.0 20.0 5.0 3.0 10.0 0.0
44 38 44 0.0 0.0 2.0 0.0 0.0 0.0 0.0
44 39 36 0.0 0.0 4.0 0.0 0.0 0.0 0.0
44 39 37 0.0 27.0 51.0 18.0 31.0 31.0 0.0
44 39 38 0.0 131.0 319.0 68.0 160.0 177.0 0.0
44 39 39 0.0 317.0 655.0 151.0 321.0 379.0 0.0
44 39 40 0.0 400.0 919.0 205.0 489.0 500.0 0.0
44 39 41 0.0 272.0 613.0 131.0 339.0 350.0 0.0
44 39 42 0.0 131.0 281.0 85.0 157.0 172.0 0.0
44 39 43 0.0 31.0 61.0 24.0 22.0 38.0 0.0
44 39 44 0.0 2.0 2.0 0.0 0.0 0.0 0.0
44 40 36 0.0 0.0 6.0 0.0 1.0 1.0 0.0
44 40 37 0.0 14.0 98.0 12.0 44.0 43.0 0.0
44 40 38 0.0 146.0 414.0 86.0 233.0 235.0 0.0
44 40 39 0.0 404.0 901.0 183.0 534.0 535.0 0.0
44 40 40 0.0 540.0 1171.0 262.0 637.0 674.0 0.0
44 40 41 0.0 352.0 949.0 153.0 496.0 493.0 0.0
44 40 42 0.0 156.0 382.0 83.0 175.0 194.0 0.0
44 40 43 0.0 33.0 71.0 21.0 31.0 46.0 0.0
44 40 44 0.0 0.0 2.0 0.0 3.0 2.0 0.0
44 41 36 0.0 0.0 6.0 0.0 2.0 2.0 0.0
44 41 37 0.0 24.0 39.0 15.0 18.0 25.0 0.0
44 41 38 0.0 112.0 310.0 62.0 155.0 158.0 0.0
44 41 39 0.0 265.0 681.0 119.0 356.0 366.0 0.0
44 41 40 0.0 378.0 888.0 191.0 508.0 512.0 0.0
44 41 41 0.0 265.0 715.0 145.0 383.0 371.0 0.0
44 41 42 0.0 106.0 243.0 48.0 107.0 124.0 0.0
44 41 43 0.0 18.0 68.0 7.0 17.0 24.0 0.0
44 41 44 0.0 1.0 4.0 0.0 1.0 2.0 0.0
44 42 36 0.0 3.0 0.0 0.0 0.0 0.0 0.0
44 42 37 0.0 9.0 29.0 0.0 10.0 11.0 0.0
44 42 38 0.0 53.0 130.0 17.0 56.0 65.0 0.0
44 42 39 0.0 113.0 278.0 52.0 152.0 166.0 0.0
44 42 40 0.0 141.0 345.0 73.0 164.0 183.0 0.0
44 42 41 0.0 123.0 266.0 54.0 140.0 152.0 0.0
44 42 42 0.0 63.0 113.0 28.0 58.0 71.0 0.0
44 42 43 0.0 4.0 16.0 1.0 5.0 6.0 0.0
44 43 37 0.0 0.0 7.0 0.0 4.0 2.0 0.0
44 43 38 0.0 4.0 16.0 1.0 6.0 4.0 0.0
44 43 39 0.0 33.0 57.0 15.0 28.0 30.0 0.0
44 43 40 0.0 24.0 60.0 12.0 11.0 25.0 0.0
44 43 41 1.0 17.0 56.0 7.0 27.0 32.0 0.0
44 43 42 0.0 4.0 18.0 1.0 4.0 3.0 0.0
44 43 43 0.0 1.0 1.0 0.0 0.0 0.0 0.0
44 44 38 0.0 0.0 1.0 0.0 0.0 0.0 0.0
44 44 39 0.0 1.0 4.0 0.0 1.0 1.0 0.0
44 44 40 0.0 0.0 1.0 0.0 0.0 0.0 0.0
45 38 38 0.0 0.0 1.0 0.0 0.0 0.0 0.0
45 39 39 0.0 0.0 1.0 0.0 0.0 0.0 0.0
45 40 38 0.0 0.0 1.0 0.0 0.0 0.0 0.0
45 40 40 0.0 1.0 0.0 0.0 0.0 0.0 0.0
45 41 38 0.0 1.0 0.0 0.0 0.0 0.0 0.0
45 41 41 0.0 0.0 1.0 0.0 0.0 0.0 0.0
