37 39 40 0.0 0.0 1.0 0.0 0.0 0.0 0.0
37 40 39 0.0 0.0 1.0 0.0 0.0 0.0 0.0
37 41 40 0.0 0.0 1.0 0.0 0.0 0.0 0.0
38 38 38 0.0 9.0 16.0 18.0 10.0 14.0 0.0
38 38 39 0.0 14.0 32.0 9.0 20.0 17.0 0.0
38 38 40 0.0 11.0 46.0 11.0 37.0 28.0 0.0
38 38 41 0.0 14.0 28.0 3.0 18.0 15.0 0.0
38 38 42 0.0 2.0 11.0 2.0 13.0 8.0 0.0
38 39 38 0.0 3.0 40.0 1.0 22.0 20.0 0.0
38 39 39 0.0 42.0 111.0 59.0 98.0 81.0 0.0
38 39 40 0.0 67.0 134.0 81.0 117.0 100.0 0.0
38 39 41 0.0 24.0 93.0 27.0 102.0 55.0 0.0
38 39 42 0.0 9.0 38.0 6.0 32.0 21.0 0.0
38 40 38 0.0 14.0 35.0 14.0 34.0 22.0 0.0
38 40 39 2.0 57.0 187.0 41.0 177.0 126.0 0.0
38 40 40 0.0 75.0 282.0 70.0 262.0 192.0 0.0
38 40 41 0.0 64.0 175.0 63.0 160.0 122.0 0.0
38 40 42 0.0 22.0 70.0 13.0 50.0 45.0 0.0
38 41 38 0.0 13.0 19.0 18.0 19.0 18.0 0.0
38 41 39 0.0 47.0 148.0 55.0 174.0 106.0 0.0
38 41 40 0.0 40.0 249.0 40.0 233.0 139.0 0.0
38 41 41 0.0 28.0 161.0 27.0 162.0 94.0 0.0
38 41 42 0.0 10.0 74.0 10.0 72.0 47.0 0.0
38 42 38 0.0 5.0 10.0 4.0 15.0 10.0 0.0
38 42 39 0.0 15.0 53.0 8.0 47.0 33.0 0.0
38 42 40 0.0 26.0 79.0 23.0 72.0 60.0 0.0
38 42 41 0.0 23.0 57.0 27.0 75.0 50.0 0.0
38 42 42 0.0 1.0 16.0 0.0 8.0 3.0 0.0
39 37 40 0.0 0.0 1.0 0.0 0.0 0.0 0.0
39 38 38 0.0 6.0 39.0 7.0 43.0 27.0 0.0
39 38 39 0.0 34.0 105.0 32.0 95.0 69.0 0.0
39 38 40 0.0 32.0 183.0 21.0 156.0 118.0 0.0
39 38 41 0.0 78.0 101.0 84.0 98.0 102.0 0.0
39 38 42 0.0 14.0 65.0 7.0 66.0 37.0 0.0
39 39 38 0.0 26.0 104.0 24.0 101.0 68.0 0.0
39 39 39 1.0 979.0 3383.0 2289.0 7443.0 2900.0 31.0
39 39 40 0.0 1209.0 3191.0 2656.0 6987.0 2903.0 31.0
39 39 41 1.0 1026.0 3299.0 2262.0 7709.0 2833.0 41.0
39 39 42 0.0 54.0 158.0 45.0 186.0 113.0 0.0
39 40 38 0.0 65.0 137.0 65.0 95.0 99.0 0.0
39 40 39 1.0 1117.0 3188.0 2413.0 7273.0 2812.0 30.0
39 40 40 1.0 1419.0 5182.0 3126.0 12359.0 4297.0 105.0
39 40 41 1.0 1136.0 4092.0 2538.0 9705.0 3487.0 60.0
39 40 42 0.0 88.0 204.0 80.0 178.0 167.0 0.0
39 41 38 0.0 46.0 129.0 47.0 108.0 86.0 0.0
39 41 39 0.0 1078.0 2754.0 2294.0 5798.0 2540.0 23.0
39 41 40 0.0 1495.0 5043.0 3577.0 13464.0 4412.0 142.0
39 41 41 1.0 965.0 3621.0 2047.0 8329.0 3041.0 50.0
39 41 42 0.0 32.0 123.0 37.0 86.0 67.0 0.0
39 42 38 0.0 17.0 42.0 26.0 48.0 30.0 0.0
39 42 39 0.0 54.0 123.0 60.0 101.0 89.0 0.0
39 42 40 0.0 55.0 194.0 60.0 157.0 127.0 0.0
39 42 41 0.0 32.0 229.0 26.0 298.0 142.0 0.0
39 42 42 0.0 11.0 30.0 4.0 39.0 23.0 0.0
40 38 38 0.0 12.0 51.0 11.0 38.0 27.0 0.0
40 38 39 0.0 47.0 122.0 33.0 128.0 82.0 0.0
40 38 40 0.0 96.0 226.0 76.0 198.0 163.0 0.0
40 38 41 0.0 73.0 176.0 71.0 149.0 127.0 0.0
40 38 42 0.0 32.0 72.0 41.0 70.0 58.0 0.0
40 39 38 0.0 45.0 188.0 36.0 179.0 118.0 0.0
40 39 39 1.0 1069.0 3144.0 2427.0 6913.0 2791.0 32.0
40 39 40 0.0 1807.0 4824.0 4187.0 11318.0 4316.0 101.0
40 39 41 0.0 1305.0 4007.0 2892.0 9467.0 3478.0 57.0
40 39 42 0.0 71.0 178.0 83.0 157.0 129.0 0.0
40 40 38 0.0 120.0 215.0 157.0 175.0 171.0 0.0
40 40 39 1.0 1424.0 5494.0 3646.0 14508.0 4603.0 156.0
40 40 40 0.0 1249.0 3575.0 15480.0 45572.0 3581.0 4412.0
40 40 41 0.0 2541.0 4717.0 6674.0 11589.0 4763.0 155.0
40 40 42 0.0 80.0 256.0 69.0 231.0 167.0 0.0
40 41 38 1.0 47.0 162.0 34.0 160.0 105.0 0.0
40 41 39 0.0 1785.0 3172.0 4104.0 7174.0 3240.0 56.0
40 41 40 1.0 1491.0 4952.0 3410.0 12368.0 4206.0 133.0
40 41 41 1.0 1463.0 3462.0 3156.0 7760.0 3205.0 48.0
40 41 42 0.0 48.0 161.0 45.0 151.0 109.0 0.0
40 42 38 0.0 12.0 46.0 9.0 33.0 28.0 0.0
40 42 39 0.0 74.0 162.0 77.0 151.0 121.0 0.0
40 42 40 0.0 62.0 270.0 43.0 253.0 172.0 0.0
40 42 41 0.0 54.0 182.0 50.0 187.0 125.0 0.0
40 42 42 1.0 19.0 65.0 23.0 55.0 44.0 0.0
41 38 38 0.0 11.0 19.0 4.0 8.0 7.0 0.0
41 38 39 0.0 47.0 81.0 37.0 58.0 63.0 0.0
41 38 40 0.0 50.0 157.0 43.0 135.0 106.0 0.0
41 38 41 0.0 33.0 99.0 19.0 85.0 63.0 0.0
41 38 42 0.0 15.0 48.0 18.0 48.0 31.0 0.0
41 39 38 0.0 59.0 183.0 40.0 165.0 125.0 0.0
41 39 39 0.0 1561.0 2725.0 3760.0 5924.0 2813.0 37.0
41 39 40 0.0 1449.0 3263.0 3090.0 7177.0 3064.0 57.0
41 39 41 1.0 1566.0 3021.0 3668.0 7014.0 3048.0 49.0
41 39 42 0.0 65.0 144.0 78.0 127.0 103.0 0.0
41 40 38 1.0 37.0 150.0 38.0 152.0 102.0 0.0
41 40 39 0.0 1507.0 4119.0 3832.0 10420.0 3686.0 84.0
41 40 40 2.0 1629.0 4431.0 3611.0 10200.0 3969.0 75.0
41 40 41 0.0 1228.0 3298.0 2782.0 7313.0 2981.0 42.0
41 40 42 0.0 127.0 168.0 231.0 158.0 161.0 0.0
41 41 38 1.0 36.0 153.0 24.0 145.0 93.0 0.0
41 41 39 0.0 1171.0 2862.0 2661.0 6533.0 2629.0 42.0
41 41 40 0.0 1285.0 3546.0 2801.0 7771.0 3151.0 42.0
41 41 41 0.0 1097.0 2969.0 2301.0 6870.0 2646.0 39.0
41 41 42 0.0 66.0 118.0 68.0 102.0 95.0 0.0
41 42 38 0.0 7.0 25.0 7.0 28.0 14.0 0.0
41 42 39 0.0 40.0 113.0 32.0 110.0 76.0 0.0
41 42 40 0.0 46.0 131.0 31.0 117.0 88.0 0.0
41 42 41 0.0 28.0 117.0 15.0 86.0 63.0 0.0
41 42 42 0.0 9.0 26.0 5.0 16.0 13.0 0.0
42 38 38 0.0 4.0 19.0 3.0 17.0 13.0 0.0
42 38 39 0.0 17.0 15.0 12.0 16.0 15.0 0.0
42 38 40 0.0 23.0 24.0 18.0 18.0 22.0 0.0
42 38 41 0.0 15.0 29.0 15.0 20.0 18.0 0.0
42 38 42 0.0 11.0 22.0 12.0 11.0 14.0 0.0
42 39 38 1.0 15.0 59.0 3.0 44.0 35.0 0.0
42 39 39 0.0 69.0 79.0 76.0 77.0 74.0 0.0
42 39 40 0.0 46.0 102.0 40.0 118.0 83.0 0.0
42 39 41 0.0 49.0 98.0 53.0 101.0 77.0 0.0
42 39 42 0.0 12.0 42.0 26.0 61.0 36.0 0.0
42 40 38 0.0 19.0 36.0 21.0 30.0 30.0 0.0
42 40 39 0.0 81.0 132.0 81.0 117.0 115.0 0.0
42 40 40 0.0 82.0 202.0 82.0 181.0 140.0 0.0
42 40 41 0.0 59.0 122.0 50.0 128.0 95.0 0.0
42 40 42 0.0 20.0 53.0 10.0 38.0 39.0 0.0
42 41 38 0.0 18.0 63.0 16.0 54.0 43.0 0.0
42 41 39 0.0 40.0 80.0 36.0 64.0 52.0 0.0
42 41 40 0.0 46.0 155.0 53.0 140.0 101.0 0.0
42 41 41 0.0 44.0 79.0 23.0 74.0 58.0 0.0
42 41 42 0.0 11.0 39.0 6.0 33.0 26.0 0.0
42 42 38 0.0 7.0 13.0 10.0 8.0 13.0 0.0
42 42 39 0.0 12.0 34.0 14.0 31.0 22.0 0.0
42 42 40 0.0 15.0 33.0 17.0 33.0 24.0 0.0
42 42 41 0.0 11.0 43.0 18.0 30.0 29.0 0.0
42 42 42 0.0 2.0 3.0 0.0 3.0 2.0 0.0
