35 39 38 0.0 0.0 1.0 0.0 0.0 0.0 0.0
35 39 40 0.0 0.0 1.0 0.0 0.0 0.0 0.0
35 40 38 0.0 0.0 1.0 0.0 0.0 0.0 0.0
35 40 40 0.0 0.0 3.0 0.0 1.0 1.0 0.0
35 40 42 0.0 1.0 0.0 1.0 0.0 0.0 0.0
35 41 39 0.0 0.0 1.0 0.0 1.0 1.0 0.0
35 41 40 0.0 0.0 1.0 0.0 0.0 0.0 0.0
35 44 39 0.0 0.0 1.0 0.0 0.0 0.0 0.0
36 36 39 0.0 0.0 2.0 0.0 1.0 1.0 0.0
36 36 40 0.0 2.0 6.0 0.0 3.0 3.0 0.0
36 36 41 0.0 0.0 2.0 0.0 0.0 0.0 0.0
36 36 42 0.0 2.0 1.0 0.0 1.0 0.0 0.0
36 37 37 0.0 5.0 7.0 1.0 4.0 6.0 0.0
36 37 38 0.0 9.0 22.0 3.0 12.0 11.0 0.0
36 37 39 0.0 24.0 66.0 10.0 25.0 28.0 0.0
36 37 40 0.0 27.0 88.0 5.0 36.0 42.0 0.0
36 37 41 0.0 28.0 48.0 14.0 17.0 23.0 0.0
36 37 42 0.0 10.0 26.0 3.0 11.0 11.0 0.0
36 37 43 0.0 4.0 3.0 1.0 2.0 3.0 0.0
36 38 36 0.0 0.0 3.0 0.0 0.0 0.0 0.0
36 38 37 0.0 6.0 23.0 7.0 11.0 11.0 0.0
36 38 38 0.0 89.0 145.0 32.0 78.0 95.0 0.0
36 38 39 0.0 146.0 349.0 81.0 165.0 191.0 0.0
36 38 40 1.0 171.0 414.0 118.0 200.0 242.0 0.0
36 38 41 0.0 147.0 329.0 71.0 151.0 185.0 0.0
36 38 42 0.0 94.0 141.0 49.0 62.0 80.0 0.0
36 38 43 0.0 10.0 25.0 5.0 10.0 16.0 0.0
36 39 36 0.0 0.0 4.0 0.0 0.0 0.0 0.0
36 39 37 0.0 28.0 73.0 14.0 31.0 36.0 0.0
36 39 38 0.0 151.0 333.0 54.0 189.0 186.0 0.0
36 39 39 0.0 361.0 810.0 171.0 401.0 472.0 0.0
36 39 40 0.0 507.0 1011.0 273.0 499.0 609.0 0.0
36 39 41 0.0 365.0 743.0 199.0 376.0 443.0 0.0
36 39 42 0.0 118.0 315.0 50.0 175.0 154.0 0.0
36 39 43 0.0 15.0 52.0 5.0 15.0 25.0 0.0
36 39 44 0.0 1.0 5.0 0.0 4.0 2.0 0.0
36 40 36 0.0 1.0 7.0 0.0 2.0 3.0 0.0
36 40 37 0.0 30.0 83.0 7.0 27.0 27.0 0.0
36 40 38 0.0 210.0 441.0 86.0 218.0 240.0 0.0
36 40 39 0.0 472.0 976.0 260.0 533.0 582.0 0.0
36 40 40 0.0 543.0 1377.0 272.0 724.0 775.0 0.0
36 40 41 0.0 424.0 1038.0 216.0 494.0 556.0 0.0
36 40 42 0.0 171.0 423.0 79.0 207.0 227.0 0.0
36 40 43 0.0 30.0 57.0 7.0 17.0 27.0 0.0
36 40 44 0.0 3.0 3.0 1.0 0.0 1.0 0.0
36 41 36 0.0 0.0 3.0 0.0 1.0 2.0 0.0
36 41 37 0.0 26.0 99.0 12.0 46.0 42.0 0.0
36 41 38 0.0 119.0 363.0 58.0 183.0 184.0 0.0
36 41 39 0.0 356.0 801.0 177.0 384.0 461.0 0.0
36 41 40 0.0 395.0 1108.0 195.0 589.0 614.0 0.0
36 41 41 0.0 314.0 732.0 181.0 360.0 429.0 0.0
36 41 42 0.0 136.0 334.0 52.0 169.0 183.0 0.0
36 41 43 0.0 28.0 68.0 7.0 23.0 30.0 0.0
36 41 44 0.0 3.0 3.0 0.0 1.0 2.0 0.0
36 42 36 0.0 0.0 2.0 0.0 1.0 1.0 0.0
36 42 37 0.0 5.0 27.0 3.0 11.0 11.0 0.0
36 42 38 0.0 65.0 163.0 42.0 71.0 79.0 0.0
36 42 39 0.0 148.0 364.0 70.0 180.0 193.0 0.0
36 42 40 0.0 172.0 462.0 103.0 212.0 243.0 0.0
36 42 41 0.0 138.0 360.0 55.0 166.0 179.0 0.0
36 42 42 0.0 47.0 158.0 26.0 78.0 81.0 0.0
36 42 43 0.0 10.0 19.0 6.0 13.0 11.0 0.0
36 43 37 0.0 0.0 4.0 0.0 3.0 1.0 0.0
36 43 38 0.0 13.0 24.0 6.0 6.0 12.0 0.0
36 43 39 0.0 27.0 72.0 7.0 30.0 34.0 0.0
36 43 40 0.0 30.0 70.0 10.0 22.0 34.0 0.0
36 43 41 0.0 21.0 77.0 9.0 38.0 39.0 0.0
36 43 42 0.0 9.0 18.0 3.0 12.0 14.0 0.0
36 43 43 0.0 0.0 6.0 0.0 3.0 1.0 0.0
36 44 37 0.0 0.0 1.0 0.0 1.0 1.0 0.0
36 44 38 0.0 0.0 1.0 0.0 0.0 0.0 0.0
36 44 39 0.0 2.0 5.0 0.0 2.0 2.0 0.0
36 44 40 0.0 2.0 0.0 0.0 0.0 1.0 0.0
36 44 41 0.0 0.0 5.0 0.0 1.0 2.0 0.0
36 44 42 0.0 0.0 5.0 0.0 1.0 2.0 0.0
37 36 37 0.0 0.0 1.0 0.0 0.0 0.0 0.0
37 36 38 0.0 10.0 12.0 7.0 11.0 12.0 0.0
37 36 39 0.0 29.0 52.0 13.0 29.0 30.0 0.0
37 36 40 0.0 46.0 78.0 28.0 33.0 48.0 0.0
37 36 41 0.0 35.0 58.0 18.0 25.0 35.0 0.0
37 36 42 0.0 15.0 30.0 3.0 11.0 13.0 0.0
37 36 43 0.0 0.0 2.0 0.0 0.0 0.0 0.0
37 36 44 0.0 0.0 1.0 0.0 0.0 0.0 0.0
37 37 36 0.0 4.0 17.0 0.0 16.0 11.0 0.0
37 37 37 0.0 82.0 228.0 49.0 183.0 158.0 0.0
37 37 38 0.0 346.0 835.0 264.0 663.0 557.0 0.0
37 37 39 0.0 855.0 1728.0 867.0 1605.0 1390.0 1.0
37 37 40 1.0 1139.0 2103.0 1149.0 1877.0 1683.0 1.0
37 37 41 0.0 839.0 1851.0 764.0 1725.0 1396.0 0.0
37 37 42 0.0 401.0 796.0 325.0 701.0 596.0 0.0
37 37 43 0.0 71.0 217.0 44.0 181.0 140.0 0.0
37 37 44 0.0 1.0 4.0 0.0 2.0 1.0 0.0
37 38 36 0.0 15.0 29.0 3.0 9.0 15.0 0.0
37 38 37 0.0 320.0 908.0 237.0 777.0 597.0 0.0
37 38 38 0.0 1430.0 3648.0 1513.0 4097.0 2728.0 6.0
37 38 39 0.0 3227.0 6912.0 3853.0 8467.0 5615.0 31.0
37 38 40 0.0 3768.0 7909.0 4590.0 9609.0 6348.0 48.0
37 38 41 0.0 3046.0 6762.0 3715.0 8230.0 5476.0 21.0
37 38 42 0.0 1637.0 3236.0 1726.0 3406.0 2654.0 7.0
37 38 43 0.0 383.0 887.0 338.0 817.0 657.0 0.0
37 38 44 0.0 16.0 30.0 4.0 8.0 14.0 0.0
37 38 45 0.0 1.0 0.0 0.0 0.0 0.0 0.0
37 39 36 0.0 24.0 58.0 9.0 19.0 20.0 0.0
37 39 37 0.0 822.0 1997.0 783.0 2008.0 1483.0 5.0
37 39 38 0.0 3106.0 7419.0 3789.0 8988.0 5823.0 47.0
37 39 39 0.0 5250.0 12238.0 7117.0 16906.0 9628.0 167.0
37 39 40 0.0 6492.0 13792.0 9362.0 19524.0 11210.0 255.0
37 39 41 0.0 5505.0 12166.0 7718.0 16506.0 9765.0 165.0
37 39 42 0.0 3028.0 6528.0 3569.0 7540.0 5252.0 33.0
37 39 43 0.0 865.0 1655.0 814.0 1546.0 1313.0 1.0
37 39 44 0.0 30.0 69.0 6.0 30.0 34.0 0.0
37 40 36 0.0 46.0 106.0 15.0 43.0 56.0 0.0
37 40 37 0.0 1103.0 2663.0 1137.0 2734.0 1992.0 7.0
37 40 38 0.0 3548.0 8744.0 4444.0 10610.0 6870.0 48.0
37 40 39 0.0 6271.0 14142.0 8747.0 20299.0 11188.0 236.0
37 40 40 0.0 7121.0 15782.0 10714.0 24046.0 12486.0 382.0
37 40 41 0.0 6118.0 13835.0 8559.0 20351.0 11000.0 230.0
37 40 42 0.0 3590.0 8195.0 4420.0 9885.0 6532.0 53.0
37 40 43 0.0 959.0 2249.0 933.0 2205.0 1701.0 1.0
37 40 44 0.0 34.0 75.0 14.0 42.0 39.0 0.0
37 41 36 0.0 21.0 76.0 4.0 31.0 30.0 0.0
37 41 37 0.0 886.0 2165.0 908.0 2205.0 1630.0 0.0
37 41 38 0.0 3067.0 7322.0 3794.0 8810.0 5841.0 43.0
37 41 39 0.0 5159.0 12530.0 7084.0 17179.0 9653.0 155.0
37 41 40 0.0 5923.0 14272.0 8274.0 20770.0 11077.0 252.0
37 41 41 0.0 5059.0 11996.0 6680.0 16043.0 9364.0 126.0
37 41 42 0.0 2944.0 6942.0 3529.0 8173.0 5328.0 34.0
37 41 43 0.0 617.0 1930.0 497.0 1832.0 1319.0 1.0
37 41 44 0.0 41.0 72.0 23.0 34.0 45.0 0.0
37 42 36 0.0 16.0 25.0 10.0 9.0 14.0 0.0
37 42 37 0.0 382.0 991.0 297.0 923.0 688.0 0.0
37 42 38 0.0 1572.0 3874.0 1647.0 4413.0 2976.0 7.0
37 42 39 0.0 2869.0 7312.0 3521.0 8732.0 5664.0 40.0
37 42 40 0.0 3344.0 8706.0 3947.0 11036.0 6732.0 57.0
37 42 41 0.0 2868.0 6882.0 3284.0 8149.0 5327.0 37.0
37 42 42 0.0 1351.0 3396.0 1446.0 3710.0 2566.0 8.0
37 42 43 0.0 333.0 831.0 311.0 636.0 557.0 0.0
37 42 44 0.0 7.0 43.0 1.0 20.0 13.0 0.0
37 43 36 0.0 0.0 9.0 0.0 0.0 2.0 0.0
37 43 37 0.0 83.0 184.0 64.0 109.0 116.0 0.0
37 43 38 0.0 400.0 1082.0 381.0 1042.0 769.0 0.0
37 43 39 0.0 805.0 2192.0 749.0 2209.0 1582.0 3.0
37 43 40 0.0 978.0 2576.0 990.0 2453.0 1927.0 2.0
37 43 41 0.0 688.0 2109.0 619.0 2033.0 1448.0 0.0
37 43 42 0.0 351.0 916.0 319.0 767.0 639.0 0.0
37 43 43 0.0 95.0 183.0 70.0 137.0 115.0 0.0
37 43 44 0.0 1.0 4.0 0.0 0.0 0.0 0.0
37 44 36 0.0 1.0 0.0 0.0 0.0 0.0 0.0
37 44 37 0.0 1.0 5.0 0.0 1.0 1.0 0.0
37 44 38 0.0 12.0 34.0 6.0 13.0 14.0 0.0
37 44 39 0.0 22.0 69.0 11.0 25.0 30.0 0.0
37 44 40 0.0 41.0 115.0 17.0 66.0 63.0 0.0
37 44 41 0.0 24.0 80.0 8.0 43.0 38.0 0.0
37 44 42 0.0 14.0 27.0 11.0 8.0 14.0 0.0
37 44 43 0.0 2.0 11.0 0.0 9.0 6.0 0.0
37 44 44 0.0 1.0 0.0 0.0 0.0 0.0 0.0
38 35 40 0.0 1.0 0.0 0.0 0.0 0.0 0.0
38 36 37 0.0 8.0 26.0 2.0 12.0 8.0 0.0
38 36 38 0.0 79.0 148.0 30.0 63.0 78.0 0.0
38 36 39 0.0 173.0 366.0 88.0 178.0 220.0 0.0
38 36 40 0.0 234.0 428.0 112.0 210.0 249.0 0.0
38 36 41 0.0 157.0 330.0 85.0 171.0 181.0 0.0
38 36 42 0.0 74.0 133.0 39.0 74.0 74.0 0.0
38 36 43 0.0 20.0 22.0 8.0 10.0 14.0 0.0
38 37 36 0.0 6.0 17.0 3.0 10.0 8.0 0.0
38 37 37 0.0 323.0 783.0 239.0 669.0 551.0 0.0
38 37 38 0.0 1435.0 3393.0 1514.0 3588.0 2587.0 2.0
38 37 39 0.0 3063.0 6797.0 3553.0 8007.0 5351.0 31.0
38 37 40 0.0 3763.0 7967.0 4504.0 9692.0 6432.0 44.0
38 37 41 0.0 3154.0 6967.0 3772.0 8574.0 5673.0 36.0
38 37 42 0.0 1652.0 3503.0 1800.0 3933.0 2826.0 8.0
38 37 43 0.0 365.0 801.0 288.0 619.0 541.0 0.0
38 37 44 0.0 26.0 31.0 5.0 12.0 18.0 0.0
38 38 36 0.0 51.0 133.0 30.0 49.0 73.0 0.0
38 38 37 0.0 1448.0 3650.0 1630.0 4082.0 2791.0 5.0
38 38 38 0.0 5095.0 11945.0 9071.0 22940.0 9571.0 390.0
38 38 39 0.0 6963.0 15205.0 16612.0 35955.0 11767.0 1378.0
38 38 40 0.0 7473.0 15235.0 20131.0 38904.0 11971.0 1850.0
38 38 41 0.0 7156.0 14561.0 17629.0 35670.0 11742.0 1381.0
38 38 42 0.0 5137.0 11600.0 9352.0 22275.0 9486.0 334.0
38 38 43 0.0 1531.0 3558.0 1672.0 3776.0 2780.0 9.0
38 38 44 0.0 62.0 166.0 30.0 81.0 100.0 0.0
38 39 35 0.0 1.0 2.0 0.0 0.0 1.0 0.0
38 39 36 0.0 166.0 368.0 87.0 186.0 228.0 0.0
38 39 37 0.0 3025.0 7294.0 3945.0 8860.0 5783.0 41.0
38 39 38 0.0 6510.0 15313.0 14966.0 37300.0 11748.0 1355.0
38 39 39 0.0 7054.0 15895.0 22736.0 51414.0 10754.0 3850.0
38 39 40 0.0 6856.0 15164.0 24445.0 56255.0 9803.0 5260.0
38 39 41 0.0 7113.0 15573.0 22519.0 50983.0 10637.0 3681.0
38 39 42 0.0 6970.0 14754.0 17116.0 35822.0 11566.0 1387.0
38 39 43 0.0 3110.0 6862.0 3762.0 8211.0 5576.0 28.0
38 39 44 0.0 154.0 355.0 66.0 193.0 210.0 0.0
38 39 45 0.0 0.0 3.0 0.0 3.0 3.0 0.0
38 40 35 0.0 0.0 2.0 0.0 0.0 1.0 0.0
38 40 36 0.0 182.0 455.0 89.0 219.0 242.0 0.0
38 40 37 0.0 3680.0 8437.0 4399.0 10469.0 6649.0 61.0
38 40 38 0.0 6342.0 15528.0 16488.0 45050.0 11375.0 2131.0
38 40 39 0.0 6792.0 15667.0 23266.0 56859.0 9940.0 5153.0
38 40 40 0.0 6477.0 14902.0 25681.0 59777.0 9007.0 6774.0
38 40 41 0.0 6924.0 15472.0 24123.0 55500.0 9999.0 5017.0
38 40 42 0.0 6982.0 15773.0 16774.0 42321.0 11898.0 1909.0
38 40 43 0.0 3753.0 8327.0 4372.0 10335.0 6600.0 64.0
38 40 44 0.0 212.0 453.0 140.0 270.0 288.0 0.0
38 41 35 0.0 0.0 2.0 0.0 0.0 0.0 0.0
38 41 36 0.0 155.0 366.0 77.0 166.0 194.0 0.0
38 41 37 0.0 3037.0 7238.0 3720.0 8765.0 5721.0 37.0
38 41 38 0.0 6193.0 15207.0 14997.0 39604.0 11462.0 1503.0
38 41 39 0.0 6412.0 15733.0 20292.0 55138.0 10239.0 4124.0
38 41 40 0.0 6723.0 15773.0 23004.0 56470.0 9999.0 4976.0
38 41 41 0.0 6824.0 15833.0 22103.0 51718.0 10493.0 3702.0
38 41 42 0.0 6911.0 15180.0 15866.0 36375.0 11814.0 1347.0
38 41 43 0.0 3089.0 7265.0 3579.0 8651.0 5737.0 37.0
38 41 44 0.0 165.0 381.0 89.0 178.0 225.0 0.0
38 42 35 0.0 0.0 1.0 0.0 0.0 0.0 0.0
38 42 36 0.0 85.0 164.0 28.0 58.0 85.0 0.0
38 42 37 0.0 1426.0 3816.0 1395.0 4020.0 2864.0 5.0
38 42 38 0.0 4511.0 12860.0 8714.0 25635.0 9809.0 460.0
38 42 39 0.0 6142.0 15673.0 14261.0 40080.0 11592.0 1449.0
38 42 40 0.0 6347.0 16190.0 16089.0 43778.0 11585.0 1935.0
38 42 41 0.0 6323.0 15440.0 14257.0 39112.0 11625.0 1357.0
38 42 42 0.0 4912.0 12246.0 8974.0 23054.0 9766.0 364.0
38 42 43 0.0 1634.0 3804.0 1785.0 4007.0 2941.0 7.0
38 42 44 0.0 65.0 162.0 30.0 84.0 84.0 0.0
38 43 36 0.0 16.0 20.0 1.0 7.0 8.0 0.0
38 43 37 0.0 344.0 919.0 276.0 817.0 656.0 0.0
38 43 38 0.0 1397.0 3939.0 1472.0 4419.0 2902.0 6.0
38 43 39 0.0 2887.0 7471.0 3368.0 9021.0 5797.0 31.0
38 43 40 0.0 3646.0 8652.0 4700.0 10977.0 6923.0 68.0
38 43 41 0.0 2861.0 7521.0 3393.0 9411.0 5789.0 40.0
38 43 42 0.0 1663.0 3825.0 1867.0 4517.0 3034.0 7.0
38 43 43 0.0 553.0 1043.0 579.0 1087.0 843.0 0.0
38 43 44 0.0 10.0 27.0 2.0 8.0 10.0 0.0
38 44 36 0.0 1.0 0.0 0.0 0.0 0.0 0.0
38 44 37 0.0 14.0 32.0 3.0 7.0 13.0 0.0
38 44 38 0.0 68.0 177.0 28.0 75.0 93.0 0.0
38 44 39 0.0 137.0 403.0 86.0 197.0 210.0 0.0
38 44 40 0.0 202.0 468.0 114.0 249.0 267.0 0.0
38 44 41 0.0 185.0 397.0 85.0 169.0 214.0 0.0
38 44 42 0.0 79.0 196.0 37.0 95.0 92.0 0.0
38 44 43 0.0 14.0 34.0 4.0 10.0 11.0 0.0
38 44 44 0.0 4.0 3.0 2.0 3.0 4.0 0.0
38 45 41 0.0 1.0 0.0 0.0 0.0 0.0 0.0
39 36 36 0.0 1.0 1.0 0.0 0.0 0.0 0.0
39 36 37 0.0 37.0 68.0 8.0 44.0 37.0 0.0
39 36 38 0.0 161.0 381.0 73.0 224.0 237.0 0.0
39 36 39 0.0 406.0 809.0 240.0 411.0 494.0 0.0
39 36 40 0.0 518.0 1149.0 260.0 648.0 697.0 0.0
39 36 41 0.0 434.0 955.0 254.0 518.0 608.0 0.0
39 36 42 0.0 177.0 356.0 108.0 165.0 204.0 0.0
39 36 43 0.0 37.0 87.0 18.0 40.0 45.0 0.0
39 36 44 0.0 0.0 4.0 0.0 2.0 1.0 0.0
39 37 36 0.0 27.0 73.0 7.0 36.0 32.0 0.0
39 37 37 0.0 893.0 1857.0 780.0 1786.0 1402.0 2.0
39 37 38 0.0 3215.0 6796.0 3795.0 8051.0 5523.0 42.0
39 37 39 0.0 5481.0 12186.0 7338.0 17172.0 9764.0 135.0
39 37 40 0.0 6593.0 13987.0 9514.0 20418.0 11294.0 279.0
39 37 41 0.0 5648.0 12336.0 7800.0 16964.0 9917.0 167.0
39 37 42 0.0 3282.0 7040.0 4145.0 8486.0 5793.0 41.0
39 37 43 0.0 825.0 2074.0 771.0 2051.0 1522.0 1.0
39 37 44 0.0 45.0 67.0 24.0 19.0 40.0 0.0
39 38 35 0.0 0.0 1.0 0.0 1.0 1.0 0.0
39 38 36 0.0 150.0 395.0 65.0 207.0 218.0 0.0
39 38 37 0.0 3145.0 6855.0 3726.0 8378.0 5510.0 30.0
39 38 38 0.0 6594.0 15776.0 14510.0 37644.0 11921.0 1368.0
39 38 39 0.0 7074.0 15924.0 21962.0 51824.0 10689.0 3825.0
39 38 40 0.0 7003.0 15368.0 24731.0 55701.0 9855.0 5109.0
39 38 41 0.0 7238.0 15529.0 22714.0 51208.0 10680.0 3933.0
39 38 42 0.0 6923.0 15395.0 15713.0 36782.0 11830.0 1370.0
39 38 43 0.0 3253.0 7205.0 3866.0 8805.0 5754.0 42.0
39 38 44 0.0 154.0 429.0 62.0 215.0 228.0 0.0
39 39 36 0.0 330.0 873.0 160.0 474.0 483.0 0.0
39 39 37 0.0 5609.0 12169.0 7874.0 17268.0 9859.0 183.0
39 39 38 0.0 6985.0 15468.0 23074.0 51497.0 10252.0 4052.0
39 39 39 0.0 6101.0 13775.0 26858.0 67281.0 6931.0 13246.0
39 39 40 0.0 6317.0 13942.0 29696.0 67443.0 6572.0 15317.0
39 39 41 0.0 6350.0 13653.0 29085.0 64341.0 6967.0 13524.0
39 39 42 0.0 7042.0 15678.0 23406.0 50869.0 10545.0 3856.0
39 39 43 0.0 5631.0 12224.0 7764.0 17580.0 9912.0 181.0
39 39 44 0.0 459.0 980.0 222.0 539.0 581.0 0.0
39 40 35 0.0 0.0 1.0 0.0 0.0 0.0 0.0
39 40 36 0.0 460.0 1143.0 226.0 621.0 640.0 0.0
39 40 37 0.0 6104.0 14144.0 8795.0 20591.0 11105.0 265.0
39 40 38 0.0 6741.0 15476.0 23240.0 56844.0 9745.0 5231.0
39 40 39 0.0 6073.0 14040.0 27253.0 69903.0 6691.0 15380.0
39 40 40 0.0 6025.0 14067.0 29164.0 70527.0 6076.0 18895.0
39 40 41 0.0 6354.0 13937.0 25367.0 72157.0 6635.0 15053.0
39 40 42 0.0 7034.0 15391.0 23856.0 56800.0 9713.0 5230.0
39 40 43 0.0 6576.0 14254.0 9732.0 21371.0 11556.0 281.0
39 40 44 0.0 452.0 1125.0 218.0 605.0 613.0 0.0
39 40 45 0.0 0.0 2.0 0.0 1.0 1.0 0.0
39 41 35 0.0 1.0 0.0 0.0 0.0 0.0 0.0
39 41 36 0.0 348.0 800.0 147.0 434.0 464.0 0.0
39 41 37 0.0 5237.0 12659.0 7214.0 17418.0 9886.0 182.0
39 41 38 0.0 6584.0 16440.0 20211.0 53352.0 10767.0 3643.0
39 41 39 0.0 5792.0 14070.0 23870.0 70501.0 6868.0 13369.0
39 41 40 0.0 6217.0 14291.0 25231.0 72025.0 6686.0 14946.0
39 41 41 0.0 6114.0 13938.0 28541.0 65191.0 7042.0 13023.0
39 41 42 0.0 6778.0 16032.0 21822.0 52977.0 10481.0 3976.0
39 41 43 0.0 5628.0 12562.0 7849.0 18081.0 10217.0 195.0
39 41 44 0.0 459.0 956.0 232.0 538.0 558.0 0.0
39 42 36 0.0 165.0 344.0 75.0 120.0 171.0 0.0
39 42 37 0.0 3014.0 7067.0 3673.0 8304.0 5520.0 35.0
39 42 38 0.0 6250.0 15753.0 14978.0 38398.0 11653.0 1338.0
39 42 39 0.0 6442.0 16278.0 19935.0 54431.0 10649.0 3822.0
39 42 40 0.0 6515.0 15431.0 21897.0 58634.0 9647.0 5176.0
39 42 41 0.0 6550.0 15391.0 22643.0 53098.0 10304.0 4281.0
39 42 42 0.0 6281.0 14752.0 16269.0 40240.0 11113.0 1685.0
39 42 43 0.0 3041.0 7341.0 3658.0 9378.0 5788.0 52.0
39 42 44 0.0 163.0 397.0 78.0 193.0 216.0 0.0
39 42 45 0.0 0.0 2.0 0.0 0.0 0.0 0.0
39 43 36 0.0 23.0 57.0 5.0 32.0 24.0 0.0
39 43 37 0.0 789.0 1922.0 794.0 1899.0 1391.0 0.0
39 43 38 0.0 2761.0 7255.0 3260.0 8591.0 5510.0 32.0
39 43 39 0.0 5141.0 12684.0 7388.0 17365.0 9754.0 162.0
39 43 40 0.0 5913.0 14837.0 8567.0 21713.0 11450.0 287.0
39 43 41 0.0 5399.0 12901.0 7530.0 18483.0 10194.0 198.0
39 43 42 0.0 3471.0 7567.0 4537.0 9472.0 6140.0 51.0
39 43 43 0.0 945.0 2196.0 935.0 2273.0 1684.0 1.0
39 43 44 0.0 38.0 96.0 26.0 42.0 55.0 0.0
39 43 45 0.0 0.0 1.0 0.0 0.0 0.0 0.0
39 44 36 0.0 3.0 6.0 1.0 2.0 4.0 0.0
39 44 37 0.0 31.0 60.0 7.0 21.0 24.0 0.0
39 44 38 0.0 136.0 373.0 79.0 179.0 209.0 0.0
39 44 39 0.0 360.0 873.0 220.0 469.0 510.0 0.0
39 44 40 0.0 493.0 1268.0 279.0 683.0 707.0 0.0
39 44 41 0.0 395.0 920.0 178.0 504.0 505.0 0.0
39 44 42 0.0 166.0 449.0 92.0 296.0 255.0 0.0
39 44 43 0.0 31.0 99.0 13.0 29.0 45.0 0.0
39 44 44 0.0 4.0 10.0 0.0 3.0 6.0 0.0
39 45 39 0.0 1.0 3.0 0.0 0.0 0.0 0.0
39 45 40 0.0 1.0 1.0 0.0 0.0 0.0 0.0
39 45 41 0.0 1.0 1.0 0.0 0.0 0.0 0.0
39 45 42 0.0 1.0 0.0 0.0 0.0 0.0 0.0
40 35 39 0.0 0.0 1.0 0.0 0.0 0.0 0.0
40 35 40 0.0 1.0 0.0 0.0 0.0 0.0 0.0
40 35 41 0.0 1.0 0.0 0.0 0.0 0.0 0.0
40 36 36 0.0 1.0 5.0 0.0 0.0 0.0 0.0
40 36 37 0.0 42.0 112.0 14.0 50.0 58.0 0.0
40 36 38 0.0 195.0 578.0 88.0 334.0 294.0 0.0
40 36 39 0.0 548.0 1264.0 277.0 717.0 773.0 0.0
40 36 40 1.0 698.0 1532.0 375.0 852.0 924.0 0.0
40 36 41 0.0 492.0 1192.0 278.0 672.0 715.0 0.0
40 36 42 0.0 218.0 502.0 98.0 275.0 286.0 0.0
40 36 43 0.0 45.0 94.0 18.0 52.0 56.0 0.0
40 36 44 0.0 0.0 4.0 0.0 2.0 2.0 0.0
40 37 36 0.0 35.0 82.0 10.0 35.0 37.0 0.0
40 37 37 0.0 1252.0 2430.0 1331.0 2374.0 1940.0 6.0
40 37 38 0.0 3910.0 8753.0 5092.0 10931.0 7020.0 52.0
40 37 39 0.0 6362.0 14659.0 9066.0 21648.0 11445.0 269.0
40 37 40 0.0 7350.0 16244.0 11242.0 26035.0 12817.0 494.0
40 37 41 0.0 6563.0 14511.0 9638.0 21246.0 11402.0 271.0
40 37 42 0.0 3794.0 8737.0 4747.0 10943.0 6915.0 59.0
40 37 43 0.0 1194.0 2677.0 1262.0 2726.0 2060.0 3.0
40 37 44 0.0 55.0 110.0 24.0 57.0 64.0 0.0
40 38 35 0.0 0.0 1.0 0.0 0.0 0.0 0.0
40 38 36 0.0 232.0 481.0 119.0 240.0 291.0 0.0
40 38 37 0.0 3929.0 8675.0 4613.0 11314.0 7029.0 58.0
40 38 38 0.0 7214.0 15170.0 20966.0 40696.0 11362.0 2248.0
40 38 39 0.0 6915.0 15361.0 24153.0 56417.0 9759.0 5334.0
40 38 40 1.0 6808.0 14864.0 26894.0 59592.0 8836.0 7073.0
40 38 41 0.0 6888.0 15377.0 24840.0 56132.0 9777.0 5377.0
40 38 42 0.0 6953.0 15171.0 18459.0 43460.0 11317.0 2123.0
40 38 43 0.0 4059.0 8793.0 5042.0 11003.0 7038.0 59.0
40 38 44 0.0 215.0 563.0 103.0 280.0 289.0 0.0
40 38 45 0.0 1.0 1.0 0.0 0.0 0.0 0.0
40 39 35 0.0 1.0 0.0 0.0 0.0 0.0 0.0
40 39 36 0.0 495.0 1023.0 226.0 526.0 576.0 0.0
40 39 37 0.0 6376.0 14347.0 9189.0 21166.0 11452.0 282.0
40 39 38 0.0 6883.0 15434.0 23515.0 57364.0 9831.0 5133.0
40 39 39 0.0 6158.0 13904.0 27312.0 69949.0 6511.0 15347.0
40 39 40 0.0 6295.0 13715.0 28788.0 71725.0 5942.0 18811.0
40 39 41 0.0 6273.0 13751.0 30280.0 66754.0 6468.0 16045.0
40 39 42 0.0 6732.0 15405.0 23852.0 57552.0 9553.0 5483.0
40 39 43 0.0 6656.0 14514.0 9692.0 21306.0 11520.0 308.0
40 39 44 1.0 511.0 1232.0 242.0 643.0 696.0 0.0
40 40 36 0.0 622.0 1428.0 317.0 709.0 811.0 0.0
40 40 37 0.0 6833.0 16202.0 10402.0 25194.0 12580.0 383.0
40 40 38 0.0 6658.0 15134.0 25972.0 59882.0 8911.0 6745.0
40 40 39 0.0 6040.0 14014.0 29531.0 70741.0 6017.0 18756.0
40 40 40 0.0 5686.0 12862.0 26197.0 70912.0 4620.0 33277.0
40 40 41 0.0 6203.0 13957.0 29044.0 71127.0 6092.0 18804.0
40 40 42 1.0 6783.0 14901.0 25374.0 61269.0 8905.0 6985.0
40 40 43 0.0 7196.0 16080.0 11414.0 25988.0 12687.0 459.0
40 40 44 0.0 728.0 1579.0 373.0 883.0 923.0 0.0
40 40 45 0.0 1.0 3.0 0.0 0.0 1.0 0.0
40 41 35 0.0 0.0 1.0 0.0 0.0 0.0 0.0
40 41 36 0.0 509.0 1028.0 301.0 510.0 616.0 0.0
40 41 37 0.0 6042.0 14447.0 8407.0 21046.0 11062.0 210.0
40 41 38 0.0 6833.0 15789.0 23254.0 56852.0 10072.0 5026.0
40 41 39 0.0 6106.0 14475.0 26595.0 70486.0 6644.0 14892.0
40 41 40 0.0 6092.0 13811.0 28356.0 71752.0 5755.0 19225.0
40 41 41 0.0 6200.0 13750.0 27430.0 69832.0 6438.0 16689.0
40 41 42 0.0 6749.0 15349.0 24766.0 56674.0 9679.0 5392.0
40 41 43 0.0 6315.0 14840.0 9213.0 21894.0 11603.0 274.0
40 41 44 0.0 548.0 1233.0 284.0 678.0 732.0 0.0
40 41 45 0.0 0.0 1.0 0.0 0.0 0.0 0.0
40 42 36 0.0 209.0 464.0 87.0 285.0 269.0 0.0
40 42 37 0.0 3466.0 8337.0 4345.0 10066.0 6520.0 35.0
40 42 38 0.0 6301.0 16298.0 15805.0 44110.0 11642.0 1962.0
40 42 39 0.0 6488.0 15611.0 22287.0 58206.0 9764.0 5075.0
40 42 40 0.0 6575.0 15178.0 25274.0 61358.0 8946.0 6822.0
40 42 41 1.0 6647.0 15585.0 24133.0 57285.0 9648.0 5547.0
40 42 42 0.0 6961.0 15401.0 19384.0 42965.0 11325.0 2215.0
40 42 43 0.0 3981.0 9262.0 5146.0 11796.0 7409.0 85.0
40 42 44 0.0 244.0 522.0 131.0 253.0 302.0 0.0
40 42 45 0.0 1.0 0.0 0.0 0.0 0.0 0.0
40 43 36 0.0 42.0 85.0 22.0 35.0 50.0 0.0
40 43 37 0.0 987.0 2387.0 984.0 2208.0 1772.0 6.0
40 43 38 0.0 3305.0 8910.0 4059.0 10944.0 6695.0 56.0
40 43 39 0.0 5871.0 14604.0 8328.0 21578.0 11179.0 251.0
40 43 40 0.0 6801.0 16468.0 10541.0 26158.0 12568.0 424.0
40 43 41 0.0 6266.0 14825.0 9088.0 22728.0 11517.0 284.0
40 43 42 0.0 3979.0 9130.0 5027.0 11482.0 7217.0 73.0
40 43 43 0.0 1288.0 2896.0 1334.0 3008.0 2258.0 2.0
40 43 44 0.0 51.0 91.0 26.0 31.0 55.0 0.0
40 44 36 0.0 1.0 2.0 0.0 0.0 0.0 0.0
40 44 37 0.0 21.0 67.0 6.0 23.0 26.0 0.0
40 44 38 0.0 194.0 487.0 103.0 264.0 290.0 0.0
40 44 39 0.0 454.0 1157.0 241.0 599.0 641.0 0.0
40 44 40 0.0 628.0 1621.0 340.0 840.0 919.0 0.0
40 44 41 0.0 508.0 1147.0 291.0 597.0 668.0 0.0
40 44 42 0.0 298.0 590.0 168.0 305.0 380.0 0.0
40 44 43 0.0 58.0 106.0 33.0 51.0 68.0 0.0
40 44 44 0.0 1.0 9.0 0.0 3.0 2.0 0.0
40 45 40 0.0 2.0 4.0 1.0 2.0 3.0 0.0
40 45 41 0.0 0.0 2.0 0.0 1.0 1.0 0.0
40 45 42 0.0 0.0 2.0 0.0 0.0 0.0 0.0
41 35 39 0.0 1.0 0.0 0.0 0.0 0.0 0.0
41 35 40 0.0 0.0 3.0 0.0 0.0 1.0 0.0
41 35 41 0.0 1.0 1.0 0.0 0.0 0.0 0.0
41 36 36 0.0 3.0 2.0 0.0 0.0 0.0 0.0
41 36 37 0.0 32.0 71.0 10.0 45.0 45.0 0.0
41 36 38 1.0 188.0 417.0 99.0 205.0 252.0 0.0
41 36 39 0.0 409.0 939.0 212.0 561.0 538.0 1.0
41 36 40 0.0 539.0 1201.0 333.0 667.0 729.0 1.0
41 36 41 0.0 377.0 961.0 197.0 478.0 533.0 0.0
41 36 42 0.0 193.0 393.0 107.0 179.0 217.0 0.0
41 36 43 0.0 34.0 81.0 14.0 34.0 44.0 0.0
41 36 44 0.0 0.0 6.0 0.0 0.0 0.0 0.0
41 37 36 0.0 49.0 92.0 13.0 51.0 54.0 0.0
41 37 37 0.0 991.0 1984.0 1075.0 1878.0 1572.0 3.0
41 37 38 0.0 3247.0 7194.0 4052.0 9187.0 5838.0 38.0
41 37 39 0.0 5614.0 12771.0 7855.0 18215.0 10101.0 185.0
41 37 40 0.0 6593.0 14970.0 9626.0 22421.0 11789.0 302.0
41 37 41 0.0 5510.0 13074.0 7604.0 18814.0 10319.0 184.0
41 37 42 0.0 3303.0 7589.0 4240.0 9312.0 6082.0 48.0
41 37 43 0.0 995.0 2240.0 995.0 2236.0 1749.0 3.0
41 37 44 0.0 25.0 69.0 9.0 21.0 27.0 0.0
41 38 36 0.0 167.0 409.0 84.0 232.0 241.0 0.0
41 38 37 0.0 3098.0 7157.0 4033.0 8544.0 5688.0 41.0
41 38 38 0.0 6651.0 15260.0 16191.0 38373.0 11711.0 1609.0
41 38 39 0.0 7079.0 15354.0 22555.0 52699.0 10354.0 4181.0
41 38 40 0.0 6738.0 15336.0 24267.0 57452.0 9368.0 5750.0
41 38 41 0.0 7068.0 15588.0 22428.0 53835.0 10408.0 4394.0
41 38 42 1.0 6726.0 15396.0 16504.0 39147.0 11535.0 1573.0
41 38 43 0.0 3267.0 7616.0 3840.0 9409.0 5962.0 40.0
41 38 44 0.0 191.0 445.0 73.0 226.0 246.0 0.0
41 38 45 0.0 1.0 0.0 0.0 0.0 0.0 0.0
41 39 36 0.0 357.0 871.0 189.0 452.0 509.0 0.0
41 39 37 0.0 5428.0 12646.0 7429.0 17408.0 9855.0 167.0
41 39 38 0.0 6871.0 15681.0 21822.0 53186.0 10367.0 4167.0
41 39 39 0.0 6261.0 13824.0 30723.0 63304.0 6907.0 14003.0
41 39 40 0.0 6110.0 13967.0 26548.0 71081.0 6506.0 16156.0
41 39 41 0.0 6043.0 13717.0 25866.0 69345.0 6773.0 14606.0
41 39 42 0.0 6799.0 15549.0 22401.0 53989.0 10306.0 4269.0
41 39 43 0.0 5537.0 13127.0 7730.0 18931.0 10289.0 216.0
41 39 44 0.0 428.0 1065.0 233.0 597.0 629.0 0.0
41 39 45 0.0 0.0 1.0 0.0 0.0 0.0 0.0
41 40 35 0.0 1.0 0.0 0.0 0.0 0.0 0.0
41 40 36 0.0 454.0 1149.0 182.0 592.0 646.0 0.0
41 40 37 0.0 6100.0 14378.0 8792.0 20559.0 11171.0 266.0
41 40 38 0.0 6872.0 15790.0 22407.0 57796.0 9966.0 5092.0
41 40 39 0.0 6303.0 13836.0 29416.0 67781.0 6584.0 15995.0
41 40 40 0.0 6152.0 13707.0 29759.0 70300.0 6042.0 19112.0
41 40 41 0.0 6251.0 14382.0 29173.0 68660.0 6643.0 15789.0
41 40 42 0.0 6855.0 15023.0 24089.0 58075.0 9589.0 5627.0
41 40 43 0.0 6615.0 14738.0 9775.0 21615.0 11598.0 297.0
41 40 44 0.0 586.0 1348.0 321.0 761.0 813.0 0.0
41 40 45 0.0 0.0 1.0 0.0 0.0 0.0 0.0
41 41 35 0.0 0.0 1.0 0.0 0.0 0.0 0.0
41 41 36 0.0 379.0 809.0 201.0 411.0 462.0 0.0
41 41 37 0.0 5471.0 12345.0 7265.0 16692.0 9674.0 151.0
41 41 38 1.0 6941.0 15733.0 22193.0 52568.0 10683.0 3871.0
41 41 39 0.0 6190.0 14237.0 26515.0 67222.0 7182.0 12840.0
41 41 40 0.0 6209.0 14350.0 27218.0 70334.0 6581.0 15662.0
41 41 41 0.0 6300.0 14038.0 26840.0 67227.0 7010.0 13534.0
41 41 42 0.0 6987.0 15611.0 22612.0 53210.0 10343.0 4122.0
41 41 43 0.0 5714.0 13046.0 8147.0 18325.0 10402.0 213.0
41 41 44 0.0 410.0 960.0 231.0 514.0 579.0 0.0
41 41 45 0.0 0.0 1.0 0.0 2.0 1.0 0.0
41 42 36 0.0 130.0 358.0 60.0 201.0 199.0 0.0
41 42 37 0.0 3051.0 6938.0 3675.0 8070.0 5455.0 35.0
41 42 38 0.0 6425.0 15842.0 14322.0 37313.0 11887.0 1239.0
41 42 39 0.0 6741.0 16034.0 21176.0 53592.0 10685.0 3935.0
41 42 40 0.0 6805.0 15633.0 23853.0 57175.0 9771.0 5325.0
41 42 41 0.0 6805.0 15825.0 21502.0 54066.0 10474.0 4242.0
41 42 42 1.0 6821.0 15220.0 16612.0 38912.0 11666.0 1569.0
41 42 43 0.0 3415.0 7392.0 4090.0 9164.0 6003.0 29.0
41 42 44 0.0 189.0 420.0 88.0 217.0 243.0 0.0
41 43 36 0.0 30.0 52.0 7.0 23.0 26.0 0.0
41 43 37 0.0 795.0 2012.0 766.0 2163.0 1513.0 1.0
41 43 38 0.0 3067.0 6935.0 3785.0 8342.0 5547.0 24.0
41 43 39 0.0 5124.0 12409.0 7032.0 17421.0 9667.0 171.0
41 43 40 0.0 6217.0 14671.0 8923.0 21729.0 11359.0 269.0
41 43 41 0.0 5627.0 12742.0 7756.0 17724.0 9947.0 157.0
41 43 42 0.0 3283.0 7278.0 4067.0 8878.0 5856.0 34.0
41 43 43 0.0 980.0 2101.0 882.0 2159.0 1641.0 1.0
41 43 44 0.0 29.0 75.0 8.0 36.0 33.0 0.0
41 44 36 0.0 0.0 5.0 0.0 3.0 3.0 0.0
41 44 37 0.0 29.0 72.0 14.0 42.0 37.0 0.0
41 44 38 0.0 138.0 354.0 52.0 172.0 185.0 0.0
41 44 39 0.0 356.0 899.0 211.0 510.0 531.0 0.0
41 44 40 0.0 475.0 1223.0 248.0 684.0 702.0 0.0
41 44 41 0.0 374.0 958.0 186.0 508.0 538.0 0.0
41 44 42 0.0 171.0 384.0 95.0 183.0 205.0 0.0
41 44 43 0.0 42.0 72.0 17.0 28.0 38.0 0.0
41 44 44 0.0 3.0 5.0 0.0 1.0 2.0 0.0
41 45 38 0.0 1.0 0.0 0.0 0.0 0.0 0.0
41 45 40 0.0 1.0 0.0 0.0 0.0 0.0 0.0
41 45 41 0.0 1.0 0.0 0.0 0.0 0.0 0.0
41 45 42 0.0 0.0 1.0 0.0 0.0 0.0 0.0
42 35 38 0.0 0.0 2.0 0.0 0.0 1.0 0.0
42 35 39 0.0 0.0 1.0 0.0 1.0 1.0 0.0
42 36 36 0.0 2.0 1.0 1.0 0.0 1.0 0.0
42 36 37 0.0 14.0 29.0 2.0 17.0 17.0 0.0
42 36 38 0.0 84.0 173.0 35.0 80.0 96.0 0.0
42 36 39 1.0 192.0 400.0 82.0 167.0 224.0 0.0
42 36 40 0.0 207.0 591.0 116.0 322.0 329.0 0.0
42 36 41 1.0 162.0 427.0 78.0 199.0 212.0 0.0
42 36 42 0.0 76.0 193.0 35.0 106.0 105.0 0.0
42 36 43 0.0 14.0 36.0 4.0 22.0 16.0 0.0
42 36 44 0.0 0.0 1.0 0.0 0.0 0.0 0.0
42 37 36 0.0 24.0 32.0 13.0 8.0 20.0 0.0
42 37 37 0.0 420.0 935.0 399.0 886.0 693.0 0.0
42 37 38 0.0 1737.0 3667.0 1977.0 4097.0 2990.0 8.0
42 37 39 0.0 3262.0 7681.0 3847.0 9707.0 6022.0 40.0
42 37 40 0.0 4076.0 9215.0 5375.0 11977.0 7462.0 83.0
42 37 41 0.0 3282.0 8034.0 4013.0 10070.0 6367.0 42.0
42 37 42 0.0 1789.0 4033.0 1907.0 4406.0 3161.0 8.0
42 37 43 0.0 448.0 1082.0 374.0 972.0 758.0 0.0
42 37 44 0.0 13.0 36.0 4.0 12.0 13.0 0.0
42 38 35 0.0 0.0 2.0 0.0 0.0 0.0 0.0
42 38 36 0.0 73.0 132.0 28.0 71.0 68.0 0.0
42 38 37 0.0 1709.0 3724.0 1713.0 4109.0 2896.0 10.0
42 38 38 0.0 5984.0 11844.0 11618.0 21929.0 10069.0 401.0
42 38 39 0.0 6990.0 15632.0 16426.0 37631.0 11891.0 1475.0
42 38 40 0.0 6611.0 15164.0 18046.0 47092.0 10904.0 2491.0
42 38 41 0.0 6720.0 15316.0 16749.0 40290.0 11540.0 1688.0
42 38 42 0.0 5317.0 12582.0 10796.0 28233.0 10107.0 613.0
42 38 43 0.0 1912.0 4325.0 2354.0 4923.0 3486.0 12.0
42 38 44 0.0 82.0 197.0 41.0 74.0 95.0 0.0
42 39 36 0.0 181.0 372.0 82.0 151.0 194.0 0.0
42 39 37 0.0 3183.0 7379.0 3770.0 9248.0 5907.0 35.0
42 39 38 0.0 6708.0 15092.0 17390.0 38231.0 11625.0 1599.0
42 39 39 0.0 6936.0 15529.0 22730.0 53362.0 10425.0 4185.0
42 39 40 0.0 6764.0 15264.0 24230.0 58224.0 9313.0 5673.0
42 39 41 0.0 6793.0 15699.0 22385.0 54462.0 10097.0 4365.0
42 39 42 0.0 6510.0 15856.0 15776.0 41062.0 11680.0 1729.0
42 39 43 0.0 3312.0 8004.0 4303.0 10451.0 6405.0 51.0
42 39 44 0.0 183.0 461.0 122.0 261.0 276.0 0.0
42 40 36 0.0 228.0 454.0 106.0 203.0 271.0 0.0
42 40 37 0.0 4000.0 8726.0 5089.0 10673.0 7069.0 74.0
42 40 38 0.0 7299.0 15713.0 18707.0 42206.0 11717.0 2029.0
42 40 39 0.0 6970.0 15280.0 25666.0 55573.0 9818.0 5521.0
42 40 40 0.0 6739.0 15115.0 26179.0 60721.0 8843.0 6891.0
42 40 41 0.0 6804.0 15405.0 23952.0 57965.0 9514.0 5756.0
42 40 42 0.0 6824.0 15434.0 19158.0 43805.0 11349.0 2277.0
42 40 43 0.0 4193.0 9287.0 5419.0 11870.0 7461.0 66.0
42 40 44 0.0 245.0 551.0 109.0 258.0 298.0 0.0
42 41 36 0.0 203.0 310.0 111.0 160.0 204.0 0.0
42 41 37 1.0 3017.0 6893.0 3652.0 8344.0 5584.0 29.0
42 41 38 0.0 6896.0 14987.0 16599.0 37840.0 11512.0 1514.0
42 41 39 0.0 7039.0 15264.0 24807.0 50749.0 10332.0 4377.0
42 41 40 0.0 6928.0 15597.0 24190.0 57133.0 9934.0 5238.0
42 41 41 0.0 6790.0 15931.0 22841.0 52582.0 10548.0 4110.0
42 41 42 0.0 7089.0 15179.0 17182.0 37489.0 11850.0 1504.0
42 41 43 0.0 3442.0 7490.0 4246.0 9253.0 6047.0 45.0
42 41 44 0.0 184.0 463.0 103.0 219.0 253.0 0.0
42 41 45 0.0 0.0 1.0 0.0 0.0 0.0 0.0
42 42 36 0.0 80.0 178.0 34.0 79.0 97.0 0.0
42 42 37 0.0 1475.0 3574.0 1724.0 4020.0 2822.0 8.0
42 42 38 0.0 5187.0 11605.0 9591.0 22379.0 9613.0 367.0
42 42 39 0.0 6597.0 15632.0 15213.0 37702.0 11869.0 1377.0
42 42 40 0.0 6757.0 15654.0 18673.0 42986.0 11461.0 2066.0
42 42 41 1.0 6778.0 15600.0 15716.0 37751.0 11948.0 1386.0
42 42 42 0.0 5336.0 12102.0 9023.0 22415.0 9935.0 350.0
42 42 43 0.0 1578.0 3805.0 1753.0 4153.0 2955.0 9.0
42 42 44 0.0 93.0 169.0 37.0 73.0 92.0 0.0
42 43 36 0.0 7.0 30.0 3.0 8.0 15.0 0.0
42 43 37 0.0 380.0 776.0 316.0 636.0 577.0 0.0
42 43 38 0.0 1504.0 3818.0 1596.0 4179.0 2887.0 7.0
42 43 39 0.0 2990.0 7329.0 3695.0 9074.0 5766.0 39.0
42 43 40 0.0 3814.0 8760.0 4672.0 11062.0 6868.0 68.0
42 43 41 0.0 3243.0 7254.0 4019.0 8629.0 5794.0 34.0
42 43 42 0.0 1582.0 3942.0 1747.0 4462.0 3086.0 7.0
42 43 43 0.0 466.0 961.0 417.0 950.0 759.0 0.0
42 43 44 0.0 17.0 41.0 3.0 15.0 17.0 0.0
42 44 36 0.0 0.0 2.0 0.0 0.0 0.0 0.0
42 44 37 0.0 8.0 34.0 2.0 15.0 13.0 0.0
42 44 38 0.0 60.0 147.0 21.0 83.0 80.0 0.0
42 44 39 0.0 139.0 360.0 64.0 200.0 199.0 0.0
42 44 40 0.0 212.0 470.0 117.0 239.0 283.0 0.0
42 44 41 0.0 136.0 411.0 70.0 201.0 210.0 0.0
42 44 42 0.0 89.0 204.0 52.0 90.0 112.0 0.0
42 44 43 0.0 16.0 31.0 6.0 9.0 14.0 0.0
42 44 44 0.0 0.0 2.0 0.0 1.0 1.0 0.0
42 45 38 0.0 0.0 1.0 0.0 0.0 0.0 0.0
42 45 39 0.0 0.0 1.0 0.0 0.0 0.0 0.0
42 45 41 0.0 0.0 1.0 0.0 0.0 0.0 0.0
43 36 37 0.0 1.0 6.0 1.0 2.0 3.0 0.0
43 36 38 0.0 20.0 39.0 16.0 18.0 21.0 0.0
43 36 39 0.0 42.0 119.0 21.0 71.0 69.0 0.0
43 36 40 0.0 52.0 102.0 25.0 50.0 57.0 0.0
43 36 41 0.0 44.0 87.0 15.0 47.0 49.0 0.0
43 36 42 0.0 12.0 39.0 4.0 25.0 21.0 0.0
43 36 43 0.0 3.0 6.0 0.0 1.0 1.0 0.0
43 37 36 0.0 2.0 8.0 0.0 5.0 5.0 0.0
43 37 37 0.0 116.0 225.0 78.0 148.0 151.0 0.0
43 37 38 0.0 371.0 991.0 312.0 875.0 665.0 0.0
43 37 39 0.0 965.0 2230.0 956.0 2270.0 1689.0 1.0
43 37 40 0.0 1170.0 2917.0 1127.0 3050.0 2142.0 2.0
43 37 41 0.0 1017.0 2676.0 1030.0 2972.0 2011.0 2.0
43 37 42 0.0 501.0 1131.0 465.0 1053.0 862.0 0.0
43 37 43 0.0 169.0 270.0 220.0 236.0 218.0 0.0
43 37 44 0.0 3.0 8.0 0.0 3.0 3.0 0.0
43 38 36 0.0 13.0 25.0 4.0 14.0 17.0 0.0
43 38 37 0.0 566.0 960.0 562.0 800.0 757.0 0.0
43 38 38 0.0 1829.0 3938.0 1945.0 4372.0 3174.0 19.0
43 38 39 0.0 3619.0 7784.0 4455.0 9739.0 6320.0 57.0
43 38 40 0.0 4127.0 9505.0 5406.0 12652.0 7637.0 91.0
43 38 41 0.0 3499.0 7966.0 4441.0 9871.0 6355.0 50.0
43 38 42 0.0 1729.0 4446.0 2047.0 5092.0 3423.0 11.0
43 38 43 0.0 456.0 1218.0 364.0 1228.0 880.0 1.0
43 38 44 0.0 14.0 47.0 2.0 23.0 15.0 0.0
43 39 36 0.0 53.0 77.0 34.0 35.0 54.0 0.0
43 39 37 0.0 974.0 1905.0 899.0 1908.0 1473.0 1.0
43 39 38 1.0 3500.0 7005.0 4229.0 8274.0 5737.0 46.0
43 39 39 0.0 5958.0 12919.0 8293.0 18522.0 10481.0 215.0
43 39 40 0.0 6613.0 14927.0 10080.0 22872.0 11784.0 348.0
43 39 41 0.0 5546.0 13559.0 7593.0 19569.0 10577.0 176.0
43 39 42 0.0 3276.0 8112.0 4031.0 10553.0 6355.0 46.0
43 39 43 0.0 919.0 2353.0 896.0 2378.0 1703.0 2.0
43 39 44 0.0 34.0 111.0 10.0 43.0 44.0 0.0
43 40 36 0.0 42.0 91.0 17.0 36.0 52.0 0.0
43 40 37 0.0 1159.0 2224.0 1146.0 2161.0 1722.0 1.0
43 40 38 1.0 4101.0 8761.0 5231.0 11254.0 7114.0 74.0
43 40 39 0.0 6687.0 14497.0 9773.0 21617.0 11707.0 301.0
43 40 40 0.0 7292.0 16228.0 11999.0 26197.0 12809.0 484.0
43 40 41 0.0 6314.0 14885.0 9306.0 23340.0 11566.0 340.0
43 40 42 0.0 4096.0 9383.0 5191.0 11949.0 7477.0 80.0
43 40 43 0.0 1295.0 2779.0 1256.0 2904.0 2172.0 2.0
43 40 44 0.0 61.0 104.0 33.0 46.0 58.0 0.0
43 41 36 0.0 25.0 70.0 17.0 34.0 42.0 0.0
43 41 37 0.0 955.0 1881.0 941.0 1912.0 1513.0 3.0
43 41 38 0.0 3557.0 6833.0 4269.0 8313.0 5725.0 43.0
43 41 39 0.0 5871.0 12334.0 8524.0 17049.0 10134.0 196.0
43 41 40 0.0 6762.0 14287.0 10241.0 21111.0 11506.0 285.0
43 41 41 0.0 5537.0 12925.0 7388.0 18830.0 10322.0 160.0
43 41 42 0.0 3311.0 7587.0 3992.0 9264.0 6017.0 49.0
43 41 43 0.0 981.0 2067.0 1124.0 2084.0 1677.0 1.0
43 41 44 0.0 30.0 68.0 20.0 33.0 45.0 0.0
43 42 36 0.0 17.0 27.0 6.0 8.0 14.0 0.0
43 42 37 0.0 409.0 854.0 324.0 706.0 639.0 0.0
43 42 38 0.0 1666.0 3556.0 1832.0 3810.0 2801.0 9.0
43 42 39 0.0 3036.0 7029.0 3548.0 8538.0 5494.0 44.0
43 42 40 0.0 4145.0 8668.0 5380.0 11186.0 7115.0 79.0
43 42 41 0.0 3192.0 7388.0 3650.0 9095.0 5893.0 41.0
43 42 42 0.0 1627.0 3729.0 1896.0 4040.0 2946.0 6.0
43 42 43 0.0 430.0 836.0 382.0 693.0 640.0 0.0
43 42 44 0.0 26.0 28.0 8.0 15.0 16.0 0.0
43 43 36 0.0 4.0 7.0 0.0 2.0 4.0 0.0
43 43 37 0.0 96.0 208.0 64.0 151.0 141.0 0.0
43 43 38 0.0 367.0 1012.0 272.0 940.0 692.0 0.0
43 43 39 0.0 867.0 1911.0 880.0 1942.0 1464.0 2.0
43 43 40 0.0 1156.0 2459.0 1166.0 2326.0 1916.0 1.0
43 43 41 0.0 855.0 1975.0 825.0 1791.0 1445.0 1.0
43 43 42 0.0 373.0 909.0 308.0 810.0 661.0 0.0
43 43 43 0.0 103.0 194.0 91.0 165.0 139.0 0.0
43 43 44 0.0 2.0 4.0 1.0 2.0 2.0 0.0
43 44 37 0.0 1.0 5.0 0.0 0.0 0.0 0.0
43 44 38 0.0 15.0 33.0 9.0 9.0 17.0 0.0
43 44 39 0.0 31.0 72.0 19.0 29.0 37.0 0.0
43 44 40 0.0 36.0 89.0 18.0 35.0 44.0 0.0
43 44 41 0.0 25.0 73.0 16.0 28.0 40.0 0.0
43 44 42 0.0 15.0 31.0 7.0 4.0 12.0 0.0
43 44 43 0.0 5.0 5.0 3.0 2.0 4.0 0.0
44 36 40 0.0 2.0 6.0 1.0 4.0 4.0 0.0
44 36 41 0.0 5.0 6.0 6.0 1.0 4.0 0.0
44 36 42 0.0 2.0 2.0 3.0 0.0 1.0 0.0
44 37 37 0.0 2.0 8.0 2.0 3.0 7.0 0.0
44 37 38 0.0 18.0 32.0 5.0 10.0 14.0 0.0
44 37 39 0.0 40.0 107.0 28.0 33.0 54.0 0.0
44 37 40 0.0 50.0 111.0 27.0 52.0 62.0 0.0
44 37 41 0.0 35.0 82.0 15.0 35.0 41.0 0.0
44 37 42 0.0 16.0 51.0 13.0 24.0 29.0 0.0
44 37 43 0.0 7.0 10.0 1.0 1.0 6.0 0.0
44 38 36 0.0 1.0 3.0 0.0 2.0 1.0 0.0
44 38 37 0.0 11.0 21.0 10.0 8.0 13.0 0.0
44 38 38 0.0 89.0 159.0 45.0 79.0 102.0 0.0
44 38 39 0.0 183.0 499.0 95.0 234.0 264.0 0.0
44 38 40 1.0 262.0 627.0 126.0 369.0 364.0 0.0
44 38 41 0.0 204.0 505.0 86.0 284.0 286.0 0.0
44 38 42 0.0 103.0 230.0 71.0 94.0 121.0 0.0
44 38 43 0.0 16.0 26.0 10.0 14.0 13.0 0.0
44 38 44 0.0 0.0 6.0 0.0 3.0 4.0 0.0
44 39 36 0.0 1.0 3.0 0.0 0.0 0.0 0.0
44 39 37 0.0 30.0 73.0 16.0 42.0 42.0 0.0
44 39 38 0.0 182.0 403.0 125.0 211.0 245.0 0.0
44 39 39 0.0 420.0 990.0 245.0 473.0 579.0 0.0
44 39 40 1.0 583.0 1375.0 341.0 692.0 806.0 0.0
44 39 41 0.0 457.0 1025.0 238.0 575.0 606.0 0.0
44 39 42 0.0 167.0 459.0 101.0 232.0 254.0 0.0
44 39 43 0.0 40.0 82.0 13.0 33.0 34.0 0.0
44 39 44 0.0 1.0 5.0 0.0 2.0 1.0 0.0
44 40 36 0.0 4.0 3.0 0.0 1.0 2.0 0.0
44 40 37 0.0 40.0 91.0 13.0 54.0 50.0 0.0
44 40 38 0.0 249.0 513.0 133.0 230.0 285.0 0.0
44 40 39 0.0 532.0 1264.0 289.0 677.0 737.0 0.0
44 40 40 0.0 734.0 1710.0 374.0 964.0 1023.0 0.0
44 40 41 0.0 610.0 1291.0 321.0 659.0 764.0 1.0
44 40 42 0.0 268.0 611.0 138.0 343.0 362.0 0.0
44 40 43 0.0 34.0 139.0 15.0 59.0 62.0 0.0
44 40 44 0.0 3.0 7.0 2.0 2.0 3.0 0.0
44 41 36 0.0 3.0 3.0 1.0 1.0 1.0 0.0
44 41 37 0.0 31.0 68.0 4.0 23.0 33.0 0.0
44 41 38 0.0 209.0 416.0 123.0 212.0 255.0 0.0
44 41 39 0.0 407.0 957.0 188.0 486.0 528.0 0.0
44 41 40 1.0 637.0 1286.0 346.0 752.0 778.0 0.0
44 41 41 0.0 401.0 1040.0 210.0 520.0 574.0 0.0
44 41 42 0.0 189.0 448.0 90.0 231.0 246.0 0.0
44 41 43 0.0 37.0 68.0 9.0 26.0 29.0 0.0
44 41 44 0.0 0.0 5.0 0.0 1.0 1.0 0.0
44 42 36 0.0 0.0 2.0 0.0 0.0 0.0 0.0
44 42 37 0.0 15.0 28.0 6.0 11.0 15.0 0.0
44 42 38 0.0 92.0 136.0 39.0 57.0 76.0 0.0
44 42 39 0.0 195.0 417.0 98.0 216.0 240.0 0.0
44 42 40 0.0 297.0 528.0 159.0 290.0 340.0 0.0
44 42 41 0.0 184.0 419.0 90.0 190.0 221.0 0.0
44 42 42 0.0 92.0 179.0 42.0 69.0 104.0 0.0
44 42 43 0.0 17.0 25.0 12.0 15.0 19.0 0.0
44 42 44 0.0 0.0 1.0 0.0 0.0 0.0 0.0
44 43 37 0.0 1.0 2.0 1.0 0.0 1.0 0.0
44 43 38 0.0 14.0 30.0 6.0 13.0 14.0 0.0
44 43 39 0.0 29.0 74.0 21.0 27.0 41.0 0.0
44 43 40 0.0 36.0 89.0 9.0 48.0 48.0 0.0
44 43 41 0.0 34.0 76.0 17.0 32.0 44.0 0.0
44 43 42 0.0 8.0 27.0 1.0 14.0 14.0 0.0
44 43 43 0.0 2.0 4.0 0.0 4.0 3.0 0.0
44 44 39 0.0 3.0 2.0 2.0 1.0 2.0 0.0
44 44 40 0.0 3.0 5.0 0.0 3.0 3.0 0.0
44 44 41 0.0 1.0 4.0 0.0 0.0 1.0 0.0
45 37 41 0.0 1.0 0.0 0.0 0.0 0.0 0.0
45 38 40 0.0 1.0 0.0 0.0 0.0 0.0 0.0
45 39 39 0.0 2.0 0.0 0.0 0.0 0.0 0.0
45 39 40 0.0 0.0 2.0 0.0 1.0 1.0 0.0
45 39 41 0.0 1.0 2.0 0.0 0.0 0.0 0.0
45 40 39 0.0 1.0 1.0 0.0 0.0 0.0 0.0
45 40 40 0.0 2.0 1.0 2.0 0.0 2.0 0.0
45 40 41 0.0 0.0 1.0 0.0 0.0 0.0 0.0
45 40 42 0.0 0.0 1.0 0.0 1.0 1.0 0.0
45 41 40 0.0 0.0 2.0 0.0 0.0 0.0 0.0
45 41 41 0.0 1.0 1.0 0.0 0.0 0.0 0.0
