38 38 38 0.0 2.0 18.0 1.0 20.0 10.0 0.0
38 38 39 0.0 14.0 26.0 11.0 21.0 17.0 0.0
38 38 40 0.0 25.0 25.0 12.0 20.0 22.0 0.0
38 38 41 0.0 18.0 41.0 16.0 36.0 37.0 0.0
38 38 42 0.0 3.0 18.0 7.0 17.0 7.0 0.0
38 39 38 0.0 9.0 33.0 10.0 18.0 18.0 0.0
38 39 39 0.0 35.0 107.0 29.0 182.0 82.0 0.0
38 39 40 0.0 76.0 137.0 71.0 96.0 112.0 0.0
38 39 41 0.0 28.0 88.0 24.0 68.0 46.0 0.0
38 39 42 0.0 18.0 23.0 4.0 19.0 15.0 0.0
38 40 38 0.0 17.0 73.0 21.0 50.0 46.0 0.0
38 40 39 0.0 75.0 171.0 66.0 147.0 122.0 0.0
38 40 40 0.0 108.0 183.0 110.0 153.0 146.0 0.0
38 40 41 0.0 62.0 126.0 45.0 82.0 85.0 0.0
38 40 42 0.0 11.0 49.0 12.0 43.0 30.0 0.0
38 41 38 0.0 18.0 38.0 15.0 42.0 32.0 0.0
38 41 39 0.0 44.0 155.0 37.0 152.0 106.0 0.0
38 41 40 0.0 52.0 112.0 30.0 86.0 83.0 0.0
38 41 41 0.0 39.0 106.0 34.0 88.0 61.0 0.0
38 41 42 0.0 11.0 29.0 1.0 26.0 20.0 0.0
38 42 38 0.0 8.0 14.0 5.0 13.0 11.0 0.0
38 42 39 0.0 18.0 52.0 10.0 65.0 41.0 0.0
38 42 40 0.0 21.0 63.0 13.0 56.0 39.0 0.0
38 42 41 0.0 3.0 67.0 2.0 85.0 43.0 0.0
38 42 42 0.0 2.0 9.0 2.0 9.0 9.0 0.0
39 38 38 0.0 6.0 33.0 2.0 34.0 23.0 0.0
39 38 39 0.0 38.0 95.0 31.0 95.0 66.0 0.0
39 38 40 0.0 61.0 129.0 42.0 117.0 100.0 0.0
39 38 41 0.0 48.0 152.0 35.0 168.0 121.0 0.0
39 38 42 0.0 12.0 35.0 12.0 20.0 22.0 0.0
39 39 38 0.0 79.0 102.0 73.0 93.0 87.0 0.0
39 39 39 1.0 1265.0 2979.0 2844.0 6572.0 2842.0 29.0
39 39 40 0.0 1652.0 3166.0 3642.0 7231.0 3136.0 39.0
39 39 41 0.0 1376.0 2527.0 2965.0 5715.0 2591.0 28.0
39 39 42 0.0 70.0 102.0 79.0 98.0 87.0 0.0
39 40 38 0.0 74.0 170.0 68.0 150.0 113.0 0.0
39 40 39 1.0 1523.0 3467.0 3313.0 8097.0 3268.0 42.0
39 40 40 0.0 2266.0 4499.0 5188.0 10333.0 4471.0 107.0
39 40 41 0.0 1249.0 3756.0 2793.0 8543.0 3404.0 39.0
39 40 42 0.0 71.0 164.0 45.0 144.0 114.0 0.0
39 41 38 0.0 25.0 91.0 17.0 76.0 56.0 0.0
39 41 39 0.0 1182.0 3444.0 2749.0 8101.0 3092.0 40.0
39 41 40 1.0 1250.0 3677.0 2665.0 8573.0 3299.0 39.0
39 41 41 1.0 1314.0 2533.0 2985.0 5691.0 2514.0 28.0
39 41 42 0.0 48.0 111.0 36.0 125.0 92.0 0.0
39 42 38 0.0 21.0 37.0 17.0 20.0 25.0 0.0
39 42 39 0.0 46.0 101.0 47.0 121.0 81.0 0.0
39 42 40 0.0 54.0 173.0 44.0 151.0 111.0 0.0
39 42 41 0.0 82.0 141.0 62.0 103.0 110.0 0.0
39 42 42 1.0 23.0 110.0 26.0 208.0 75.0 0.0
39 43 39 0.0 1.0 0.0 0.0 0.0 0.0 0.0
40 38 38 0.0 63.0 29.0 95.0 13.0 45.0 0.0
40 38 39 0.0 46.0 129.0 40.0 95.0 86.0 0.0
40 38 40 0.0 129.0 216.0 114.0 216.0 188.0 0.0
40 38 41 0.0 72.0 152.0 55.0 147.0 105.0 0.0
40 38 42 0.0 16.0 64.0 15.0 49.0 34.0 0.0
40 39 38 0.0 69.0 167.0 61.0 159.0 119.0 0.0
40 39 39 0.0 1382.0 3518.0 2938.0 8068.0 3266.0 45.0
40 39 40 2.0 2075.0 4664.0 5018.0 11394.0 4528.0 108.0
40 39 41 0.0 1697.0 3207.0 3895.0 7309.0 3237.0 48.0
40 39 42 0.0 71.0 170.0 54.0 171.0 125.0 0.0
40 40 38 0.0 106.0 193.0 92.0 195.0 156.0 0.0
40 40 39 2.0 2136.0 4490.0 5364.0 10720.0 4392.0 106.0
40 40 40 0.0 1464.0 3266.0 18822.0 44935.0 3673.0 5570.0
40 40 41 1.0 2127.0 4527.0 5235.0 11172.0 4385.0 80.0
40 40 42 0.0 92.0 254.0 92.0 248.0 189.0 0.0
40 40 43 0.0 3.0 0.0 2.0 0.0 2.0 0.0
40 41 38 0.0 63.0 151.0 57.0 110.0 111.0 0.0
40 41 39 0.0 1375.0 3316.0 3033.0 7582.0 3066.0 45.0
40 41 40 1.0 2139.0 5048.0 5553.0 12552.0 4738.0 129.0
40 41 41 0.0 1856.0 4224.0 4327.0 10726.0 4040.0 84.0
40 41 42 0.0 85.0 161.0 65.0 129.0 119.0 0.0
40 42 38 0.0 13.0 76.0 7.0 64.0 49.0 0.0
40 42 39 0.0 53.0 190.0 43.0 157.0 132.0 0.0
40 42 40 1.0 103.0 265.0 89.0 196.0 177.0 0.0
40 42 41 0.0 98.0 185.0 111.0 173.0 162.0 0.0
40 42 42 0.0 22.0 61.0 26.0 52.0 40.0 0.0
40 43 41 0.0 0.0 3.0 0.0 1.0 2.0 0.0
40 43 42 0.0 0.0 1.0 0.0 1.0 1.0 0.0
41 38 38 0.0 19.0 38.0 22.0 33.0 32.0 0.0
41 38 39 0.0 63.0 143.0 51.0 162.0 113.0 0.0
41 38 40 1.0 63.0 198.0 51.0 170.0 129.0 0.0
41 38 41 0.0 46.0 130.0 31.0 105.0 82.0 0.0
41 38 42 0.0 19.0 32.0 24.0 47.0 31.0 0.0
41 39 38 0.0 32.0 172.0 31.0 217.0 101.0 0.0
41 39 39 0.0 1645.0 2751.0 3841.0 6419.0 2928.0 42.0
41 39 40 1.0 1548.0 4066.0 3425.0 9884.0 3712.0 64.0
41 39 41 1.0 1526.0 3899.0 3251.0 9508.0 3586.0 67.0
41 39 42 0.0 49.0 132.0 29.0 102.0 85.0 0.0
41 40 38 0.0 38.0 164.0 19.0 145.0 93.0 0.0
41 40 39 0.0 1743.0 3448.0 4025.0 8052.0 3451.0 69.0
41 40 40 0.0 2218.0 4588.0 5195.0 10648.0 4453.0 113.0
41 40 41 0.0 1637.0 3382.0 3754.0 7984.0 3313.0 44.0
41 40 42 0.0 81.0 194.0 61.0 211.0 151.0 0.0
41 41 38 1.0 45.0 110.0 46.0 90.0 78.0 0.0
41 41 39 0.0 1121.0 2617.0 2453.0 6100.0 2528.0 37.0
41 41 40 0.0 1507.0 3538.0 3247.0 8409.0 3294.0 48.0
41 41 41 0.0 1226.0 2984.0 2678.0 6719.0 2811.0 32.0
41 41 42 0.0 48.0 107.0 51.0 94.0 86.0 0.0
41 42 38 0.0 6.0 39.0 4.0 27.0 20.0 0.0
41 42 39 0.0 46.0 123.0 59.0 93.0 87.0 0.0
41 42 40 0.0 70.0 150.0 69.0 103.0 104.0 0.0
41 42 41 0.0 49.0 142.0 38.0 153.0 92.0 0.0
41 42 42 0.0 23.0 42.0 33.0 38.0 36.0 0.0
42 38 38 0.0 19.0 14.0 7.0 21.0 16.0 0.0
42 38 39 0.0 15.0 40.0 11.0 39.0 31.0 0.0
42 38 40 0.0 27.0 160.0 28.0 284.0 120.0 0.0
42 38 41 0.0 20.0 50.0 12.0 38.0 36.0 0.0
42 38 42 0.0 4.0 36.0 1.0 35.0 19.0 0.0
42 39 38 0.0 16.0 59.0 3.0 42.0 37.0 0.0
42 39 39 0.0 56.0 106.0 57.0 119.0 88.0 0.0
42 39 40 0.0 89.0 249.0 69.0 266.0 179.0 0.0
42 39 41 0.0 54.0 152.0 58.0 120.0 97.0 0.0
42 39 42 0.0 10.0 46.0 9.0 58.0 30.0 0.0
42 40 38 0.0 20.0 44.0 11.0 31.0 26.0 0.0
42 40 39 0.0 93.0 174.0 85.0 173.0 141.0 0.0
42 40 40 0.0 119.0 195.0 101.0 179.0 165.0 0.0
42 40 41 0.0 79.0 215.0 72.0 233.0 156.0 0.0
42 40 42 0.0 33.0 54.0 38.0 35.0 47.0 0.0
42 41 38 0.0 10.0 56.0 9.0 56.0 37.0 0.0
42 41 39 0.0 90.0 109.0 90.0 98.0 118.0 0.0
42 41 40 0.0 65.0 171.0 40.0 211.0 114.0 0.0
42 41 41 0.0 48.0 101.0 25.0 102.0 74.0 0.0
42 41 42 0.0 9.0 26.0 7.0 17.0 18.0 0.0
42 42 38 0.0 2.0 14.0 0.0 17.0 10.0 0.0
42 42 39 0.0 11.0 29.0 11.0 34.0 19.0 0.0
42 42 40 0.0 17.0 46.0 13.0 30.0 29.0 0.0
42 42 41 0.0 10.0 43.0 9.0 41.0 28.0 0.0
42 42 42 0.0 0.0 11.0 0.0 6.0 4.0 0.0
43 38 40 0.0 0.0 1.0 0.0 0.0 0.0 0.0
43 41 39 0.0 1.0 0.0 0.0 0.0 0.0 0.0
