37 37 38 0.0 0.0 0.0 5.0 0.0 0.0 0.0
37 37 39 0.0 0.0 0.0 1.0 0.0 0.0 0.0
37 37 40 0.0 0.0 0.0 5.0 0.0 0.0 0.0
37 37 41 0.0 0.0 0.0 4.0 2.0 1.0 0.0
37 38 37 0.0 0.0 0.0 6.0 0.0 0.0 0.0
37 38 38 0.0 0.0 0.0 23.0 0.0 0.0 0.0
37 38 39 0.0 0.0 0.0 68.0 0.0 1.0 0.0
37 38 40 0.0 0.0 0.0 57.0 0.0 1.0 0.0
37 38 41 0.0 0.0 0.0 36.0 0.0 3.0 0.0
37 38 42 0.0 0.0 0.0 4.0 0.0 0.0 0.0
37 38 43 0.0 0.0 0.0 3.0 0.0 1.0 0.0
37 39 37 0.0 0.0 0.0 4.0 0.0 0.0 0.0
37 39 38 0.0 0.0 0.0 34.0 0.0 0.0 0.0
37 39 39 0.0 0.0 0.0 101.0 1.0 6.0 0.0
37 39 40 0.0 0.0 0.0 136.0 0.0 5.0 0.0
37 39 41 0.0 0.0 0.0 98.0 2.0 5.0 0.0
37 39 42 0.0 0.0 0.0 32.0 0.0 2.0 0.0
37 39 43 0.0 0.0 0.0 6.0 0.0 0.0 0.0
37 40 37 0.0 0.0 0.0 2.0 0.0 0.0 0.0
37 40 38 0.0 0.0 0.0 53.0 0.0 3.0 0.0
37 40 39 0.0 0.0 0.0 141.0 1.0 7.0 0.0
37 40 40 0.0 0.0 0.0 223.0 1.0 10.0 0.0
37 40 41 0.0 0.0 0.0 123.0 0.0 7.0 0.0
37 40 42 0.0 0.0 0.0 45.0 0.0 1.0 0.0
37 40 43 0.0 0.0 0.0 11.0 0.0 0.0 0.0
37 41 37 0.0 0.0 0.0 4.0 0.0 0.0 0.0
37 41 38 0.0 0.0 0.0 30.0 0.0 0.0 0.0
37 41 39 0.0 0.0 0.0 99.0 2.0 6.0 0.0
37 41 40 0.0 0.0 0.0 157.0 1.0 5.0 0.0
37 41 41 0.0 0.0 0.0 103.0 0.0 4.0 0.0
37 41 42 0.0 0.0 0.0 29.0 0.0 1.0 0.0
37 41 43 0.0 0.0 0.0 1.0 1.0 0.0 0.0
37 42 38 0.0 0.0 0.0 6.0 0.0 0.0 0.0
37 42 39 0.0 0.0 0.0 34.0 0.0 2.0 0.0
37 42 40 0.0 0.0 0.0 47.0 1.0 5.0 0.0
37 42 41 0.0 0.0 0.0 23.0 0.0 0.0 0.0
37 42 42 0.0 0.0 0.0 8.0 0.0 0.0 0.0
37 42 43 0.0 0.0 0.0 2.0 0.0 0.0 0.0
37 43 38 0.0 0.0 0.0 10.0 0.0 0.0 0.0
37 43 39 0.0 0.0 0.0 1.0 0.0 0.0 0.0
37 43 40 0.0 0.0 0.0 1.0 0.0 0.0 0.0
37 43 41 0.0 0.0 0.0 3.0 0.0 0.0 0.0
37 43 42 0.0 0.0 0.0 4.0 0.0 0.0 0.0
38 37 38 0.0 0.0 0.0 11.0 0.0 0.0 0.0
38 37 39 0.0 0.0 0.0 19.0 0.0 1.0 0.0
38 37 40 0.0 0.0 0.0 37.0 0.0 1.0 0.0
38 37 41 0.0 0.0 0.0 35.0 0.0 1.0 0.0
38 37 42 0.0 0.0 0.0 20.0 0.0 1.0 0.0
38 37 43 0.0 0.0 0.0 7.0 0.0 1.0 0.0
38 38 37 0.0 0.0 0.0 25.0 0.0 0.0 0.0
38 38 38 0.0 0.0 0.0 1715.0 28.0 72.0 9.0
38 38 39 0.0 0.0 0.0 4162.0 45.0 161.0 39.0
38 38 40 0.0 0.0 0.0 5702.0 70.0 215.0 82.0
38 38 41 0.0 0.0 0.0 3593.0 69.0 136.0 39.0
38 38 42 0.0 0.0 0.0 1265.0 5.0 43.0 2.0
38 38 43 0.0 0.0 0.0 9.0 0.0 0.0 0.0
38 39 37 0.0 0.0 0.0 53.0 1.0 2.0 0.0
38 39 38 0.0 0.0 0.0 3822.0 38.0 122.0 23.0
38 39 39 0.0 0.0 0.0 10479.0 184.0 377.0 275.0
38 39 40 0.0 0.0 0.0 12684.0 176.0 435.0 352.0
38 39 41 0.0 0.0 0.0 9687.0 130.0 379.0 230.0
38 39 42 0.0 0.0 0.0 3483.0 36.0 136.0 25.0
38 39 43 0.0 0.0 0.0 52.0 1.0 2.0 0.0
38 40 37 0.0 0.0 0.0 50.0 0.0 2.0 0.0
38 40 38 0.0 0.0 0.0 5510.0 53.0 212.0 68.0
38 40 39 0.0 0.0 0.0 13071.0 257.0 502.0 409.0
38 40 40 0.0 0.0 0.0 17003.0 284.0 609.0 794.0
38 40 41 0.0 0.0 0.0 12597.0 144.0 473.0 406.0
38 40 42 0.0 0.0 0.0 4543.0 79.0 177.0 47.0
38 40 43 0.0 0.0 0.0 43.0 4.0 1.0 0.0
38 41 37 0.0 0.0 0.0 40.0 0.0 1.0 0.0
38 41 38 0.0 0.0 0.0 3822.0 126.0 164.0 33.0
38 41 39 0.0 0.0 0.0 10278.0 113.0 376.0 231.0
38 41 40 0.0 0.0 0.0 13142.0 200.0 497.0 437.0
38 41 41 0.0 0.0 0.0 9041.0 118.0 345.0 189.0
38 41 42 0.0 0.0 0.0 3208.0 62.0 119.0 15.0
38 41 43 0.0 0.0 0.0 45.0 0.0 2.0 0.0
38 42 37 0.0 0.0 0.0 16.0 0.0 1.0 0.0
38 42 38 0.0 0.0 0.0 2053.0 16.0 95.0 7.0
38 42 39 0.0 0.0 0.0 3372.0 47.0 126.0 27.0
38 42 40 0.0 0.0 0.0 4773.0 83.0 194.0 52.0
38 42 41 0.0 0.0 0.0 3271.0 47.0 120.0 31.0
38 42 42 0.0 0.0 0.0 1181.0 16.0 49.0 3.0
38 42 43 0.0 0.0 0.0 15.0 0.0 0.0 0.0
38 43 37 0.0 0.0 0.0 1.0 0.0 0.0 0.0
38 43 38 0.0 0.0 0.0 17.0 0.0 1.0 0.0
38 43 39 0.0 0.0 0.0 39.0 0.0 1.0 0.0
38 43 40 0.0 0.0 0.0 64.0 2.0 1.0 0.0
38 43 41 0.0 0.0 0.0 26.0 0.0 0.0 0.0
38 43 42 0.0 0.0 0.0 7.0 0.0 0.0 0.0
38 43 43 0.0 0.0 0.0 4.0 0.0 1.0 0.0
39 37 37 0.0 0.0 0.0 3.0 0.0 0.0 0.0
39 37 38 0.0 0.0 0.0 26.0 0.0 1.0 0.0
39 37 39 0.0 0.0 0.0 131.0 3.0 5.0 0.0
39 37 40 0.0 0.0 0.0 141.0 1.0 6.0 0.0
39 37 41 0.0 0.0 0.0 133.0 1.0 6.0 0.0
39 37 42 0.0 0.0 0.0 24.0 1.0 1.0 0.0
39 37 43 0.0 0.0 0.0 6.0 1.0 0.0 0.0
39 38 37 0.0 0.0 0.0 27.0 2.0 1.0 0.0
39 38 38 0.0 0.0 0.0 3925.0 74.0 150.0 35.0
39 38 39 0.0 0.0 0.0 9485.0 133.0 352.0 219.0
39 38 40 0.0 0.0 0.0 12652.0 211.0 459.0 388.0
39 38 41 0.0 0.0 0.0 9676.0 116.0 352.0 241.0
39 38 42 0.0 0.0 0.0 4231.0 73.0 143.0 36.0
39 38 43 0.0 0.0 0.0 38.0 1.0 0.0 0.0
39 39 37 0.0 0.0 0.0 129.0 0.0 6.0 0.0
39 39 38 0.0 0.0 0.0 10535.0 118.0 384.0 276.0
39 39 39 0.0 0.0 0.0 43347.0 1351.0 1269.0 19771.0
39 39 40 0.0 0.0 0.0 44780.0 1247.0 1196.0 21756.0
39 39 41 0.0 0.0 0.0 43026.0 1006.0 1202.0 16942.0
39 39 42 0.0 0.0 0.0 10110.0 210.0 396.0 268.0
39 39 43 0.0 0.0 0.0 117.0 0.0 2.0 0.0
39 40 37 0.0 0.0 0.0 166.0 0.0 3.0 0.0
39 40 38 0.0 0.0 0.0 13927.0 193.0 491.0 469.0
39 40 39 0.0 0.0 0.0 45035.0 1038.0 1200.0 21117.0
39 40 40 0.0 0.0 0.0 45929.0 1177.0 1150.0 29705.0
39 40 41 0.0 0.0 0.0 43919.0 1728.0 1202.0 20576.0
39 40 42 0.0 0.0 0.0 13343.0 185.0 478.0 444.0
39 40 43 0.0 0.0 0.0 133.0 8.0 7.0 0.0
39 41 37 0.0 0.0 0.0 111.0 2.0 7.0 0.0
39 41 38 0.0 0.0 0.0 10320.0 118.0 404.0 229.0
39 41 39 0.0 0.0 0.0 43701.0 905.0 1253.0 19426.0
39 41 40 0.0 0.0 0.0 44731.0 1316.0 1281.0 20391.0
39 41 41 0.0 0.0 0.0 42793.0 939.0 1270.0 16081.0
39 41 42 0.0 0.0 0.0 9385.0 99.0 353.0 217.0
39 41 43 0.0 0.0 0.0 144.0 0.0 11.0 0.0
39 42 37 0.0 0.0 0.0 48.0 0.0 1.0 0.0
39 42 38 0.0 0.0 0.0 4410.0 56.0 167.0 41.0
39 42 39 0.0 0.0 0.0 9960.0 135.0 382.0 230.0
39 42 40 0.0 0.0 0.0 13761.0 209.0 488.0 442.0
39 42 41 0.0 0.0 0.0 9830.0 95.0 353.0 258.0
39 42 42 0.0 0.0 0.0 3857.0 41.0 145.0 35.0
39 42 43 0.0 0.0 0.0 35.0 0.0 1.0 0.0
39 43 37 0.0 0.0 0.0 4.0 0.0 0.0 0.0
39 43 38 0.0 0.0 0.0 41.0 0.0 1.0 0.0
39 43 39 0.0 0.0 0.0 101.0 1.0 5.0 0.0
39 43 40 0.0 0.0 0.0 173.0 0.0 5.0 0.0
39 43 41 0.0 0.0 0.0 97.0 1.0 3.0 0.0
39 43 42 0.0 0.0 0.0 36.0 0.0 0.0 0.0
39 43 43 0.0 0.0 0.0 2.0 0.0 1.0 0.0
40 37 37 0.0 0.0 0.0 3.0 0.0 0.0 0.0
40 37 38 0.0 0.0 0.0 65.0 1.0 5.0 0.0
40 37 39 0.0 0.0 0.0 134.0 3.0 6.0 0.0
40 37 40 0.0 0.0 0.0 219.0 0.0 10.0 0.0
40 37 41 0.0 0.0 0.0 169.0 1.0 8.0 0.0
40 37 42 0.0 0.0 0.0 48.0 0.0 1.0 0.0
40 37 43 0.0 0.0 0.0 4.0 0.0 0.0 0.0
40 38 37 0.0 0.0 0.0 69.0 0.0 3.0 0.0
40 38 38 0.0 0.0 0.0 5319.0 115.0 207.0 77.0
40 38 39 0.0 0.0 0.0 14419.0 286.0 539.0 580.0
40 38 40 0.0 0.0 0.0 18921.0 284.0 676.0 976.0
40 38 41 0.0 0.0 0.0 13491.0 195.0 476.0 439.0
40 38 42 0.0 0.0 0.0 6047.0 120.0 248.0 93.0
40 38 43 0.0 0.0 0.0 51.0 0.0 3.0 0.0
40 39 37 0.0 0.0 0.0 124.0 6.0 5.0 0.0
40 39 38 0.0 0.0 0.0 13646.0 211.0 470.0 501.0
40 39 39 0.0 0.0 0.0 44770.0 1402.0 1282.0 22395.0
40 39 40 0.0 0.0 0.0 46179.0 1469.0 1198.0 28743.0
40 39 41 0.0 0.0 0.0 44690.0 1398.0 1264.0 24280.0
40 39 42 0.0 0.0 0.0 13977.0 181.0 532.0 510.0
40 39 43 0.0 0.0 0.0 163.0 2.0 6.0 0.0
40 40 37 0.0 0.0 0.0 187.0 1.0 6.0 1.0
40 40 38 0.0 0.0 0.0 17808.0 224.0 618.0 887.0
40 40 39 0.0 0.0 0.0 45511.0 1168.0 1163.0 30091.0
40 40 40 0.0 0.0 0.0 22123.0 1629.0 447.0 79801.0
40 40 41 0.0 0.0 0.0 45557.0 1160.0 1138.0 31003.0
40 40 42 0.0 0.0 0.0 18466.0 244.0 689.0 864.0
40 40 43 0.0 0.0 0.0 218.0 1.0 8.0 0.0
40 41 37 0.0 0.0 0.0 161.0 0.0 6.0 0.0
40 41 38 0.0 0.0 0.0 14257.0 229.0 568.0 503.0
40 41 39 0.0 0.0 0.0 45231.0 906.0 1306.0 22931.0
40 41 40 0.0 0.0 0.0 46123.0 1086.0 1165.0 30309.0
40 41 41 0.0 0.0 0.0 44928.0 1138.0 1234.0 22950.0
40 41 42 0.0 0.0 0.0 13405.0 151.0 481.0 432.0
40 41 43 0.0 0.0 0.0 143.0 0.0 5.0 0.0
40 42 37 0.0 0.0 0.0 60.0 0.0 3.0 0.0
40 42 38 0.0 0.0 0.0 5831.0 74.0 214.0 78.0
40 42 39 0.0 0.0 0.0 13204.0 224.0 472.0 447.0
40 42 40 0.0 0.0 0.0 17593.0 244.0 656.0 840.0
40 42 41 0.0 0.0 0.0 12832.0 136.0 484.0 385.0
40 42 42 0.0 0.0 0.0 5161.0 57.0 220.0 49.0
40 42 43 0.0 0.0 0.0 34.0 0.0 1.0 0.0
40 43 37 0.0 0.0 0.0 7.0 0.0 0.0 0.0
40 43 38 0.0 0.0 0.0 68.0 0.0 6.0 0.0
40 43 39 0.0 0.0 0.0 193.0 0.0 12.0 0.0
40 43 40 0.0 0.0 0.0 173.0 0.0 7.0 0.0
40 43 41 0.0 0.0 0.0 134.0 1.0 2.0 1.0
40 43 42 0.0 0.0 0.0 32.0 0.0 0.0 0.0
40 43 43 0.0 0.0 0.0 2.0 0.0 0.0 0.0
41 37 37 0.0 0.0 0.0 3.0 0.0 0.0 0.0
41 37 38 0.0 0.0 0.0 50.0 2.0 3.0 0.0
41 37 39 0.0 0.0 0.0 140.0 0.0 2.0 0.0
41 37 40 0.0 0.0 0.0 156.0 0.0 2.0 0.0
41 37 41 0.0 0.0 0.0 99.0 1.0 2.0 0.0
41 37 42 0.0 0.0 0.0 53.0 1.0 4.0 0.0
41 37 43 0.0 0.0 0.0 2.0 0.0 0.0 0.0
41 38 37 0.0 0.0 0.0 44.0 0.0 1.0 0.0
41 38 38 0.0 0.0 0.0 3885.0 67.0 155.0 38.0
41 38 39 0.0 0.0 0.0 9474.0 175.0 370.0 259.0
41 38 40 0.0 0.0 0.0 13551.0 255.0 547.0 469.0
41 38 41 0.0 0.0 0.0 10424.0 135.0 392.0 264.0
41 38 42 0.0 0.0 0.0 4423.0 61.0 170.0 31.0
41 38 43 0.0 0.0 0.0 41.0 0.0 0.0 0.0
41 39 37 0.0 0.0 0.0 119.0 3.0 5.0 0.0
41 39 38 0.0 0.0 0.0 10495.0 131.0 386.0 263.0
41 39 39 0.0 0.0 0.0 42756.0 1348.0 1259.0 18137.0
41 39 40 0.0 0.0 0.0 44309.0 1631.0 1191.0 23406.0
41 39 41 0.0 0.0 0.0 43730.0 1075.0 1257.0 20540.0
41 39 42 0.0 0.0 0.0 10932.0 143.0 444.0 275.0
41 39 43 0.0 0.0 0.0 110.0 1.0 3.0 0.0
41 40 37 0.0 0.0 0.0 147.0 2.0 5.0 0.0
41 40 38 0.0 0.0 0.0 13549.0 185.0 522.0 471.0
41 40 39 0.0 0.0 0.0 45086.0 1036.0 1180.0 23070.0
41 40 40 0.0 0.0 0.0 46539.0 1420.0 1197.0 27574.0
41 40 41 0.0 0.0 0.0 44973.0 1217.0 1262.0 23056.0
41 40 42 0.0 0.0 0.0 14245.0 203.0 522.0 519.0
41 40 43 0.0 0.0 0.0 171.0 0.0 4.0 0.0
41 41 37 0.0 0.0 0.0 144.0 2.0 9.0 0.0
41 41 38 0.0 0.0 0.0 10562.0 128.0 387.0 251.0
41 41 39 0.0 0.0 0.0 42957.0 1275.0 1219.0 18324.0
41 41 40 0.0 0.0 0.0 45193.0 910.0 1297.0 21696.0
41 41 41 0.0 0.0 0.0 42535.0 1401.0 1220.0 18067.0
41 41 42 0.0 0.0 0.0 10494.0 199.0 409.0 235.0
41 41 43 0.0 0.0 0.0 114.0 0.0 5.0 0.0
41 42 37 0.0 0.0 0.0 54.0 0.0 2.0 0.0
41 42 38 0.0 0.0 0.0 3874.0 65.0 144.0 29.0
41 42 39 0.0 0.0 0.0 10434.0 99.0 370.0 313.0
41 42 40 0.0 0.0 0.0 13952.0 237.0 498.0 448.0
41 42 41 0.0 0.0 0.0 9879.0 140.0 383.0 237.0
41 42 42 0.0 0.0 0.0 3677.0 57.0 155.0 42.0
41 42 43 0.0 0.0 0.0 44.0 0.0 0.0 0.0
41 43 37 0.0 0.0 0.0 17.0 0.0 0.0 0.0
41 43 38 0.0 0.0 0.0 47.0 0.0 1.0 0.0
41 43 39 0.0 0.0 0.0 107.0 1.0 1.0 0.0
41 43 40 0.0 0.0 0.0 208.0 0.0 7.0 0.0
41 43 41 0.0 0.0 0.0 129.0 0.0 3.0 0.0
41 43 42 0.0 0.0 0.0 40.0 0.0 0.0 0.0
41 43 43 0.0 0.0 0.0 3.0 0.0 0.0 0.0
42 37 38 0.0 0.0 0.0 11.0 0.0 0.0 0.0
42 37 39 0.0 0.0 0.0 42.0 0.0 1.0 0.0
42 37 40 0.0 0.0 0.0 56.0 3.0 2.0 0.0
42 37 41 0.0 0.0 0.0 66.0 0.0 5.0 0.0
42 37 42 0.0 0.0 0.0 17.0 0.0 2.0 0.0
42 37 43 0.0 0.0 0.0 1.0 0.0 0.0 0.0
42 38 37 0.0 0.0 0.0 13.0 0.0 0.0 0.0
42 38 38 0.0 0.0 0.0 1540.0 20.0 55.0 11.0
42 38 39 0.0 0.0 0.0 4211.0 91.0 143.0 41.0
42 38 40 0.0 0.0 0.0 5753.0 161.0 220.0 81.0
42 38 41 0.0 0.0 0.0 4374.0 32.0 179.0 48.0
42 38 42 0.0 0.0 0.0 2059.0 57.0 79.0 13.0
42 38 43 0.0 0.0 0.0 21.0 0.0 1.0 0.0
42 39 37 0.0 0.0 0.0 32.0 0.0 1.0 0.0
42 39 38 0.0 0.0 0.0 3711.0 61.0 147.0 30.0
42 39 39 0.0 0.0 0.0 9687.0 222.0 359.0 216.0
42 39 40 0.0 0.0 0.0 12751.0 249.0 489.0 425.0
42 39 41 0.0 0.0 0.0 10422.0 158.0 389.0 282.0
42 39 42 0.0 0.0 0.0 4678.0 54.0 174.0 49.0
42 39 43 0.0 0.0 0.0 43.0 0.0 1.0 0.0
42 40 37 0.0 0.0 0.0 63.0 2.0 3.0 0.0
42 40 38 0.0 0.0 0.0 5657.0 78.0 211.0 75.0
42 40 39 0.0 0.0 0.0 13525.0 201.0 468.0 461.0
42 40 40 0.0 0.0 0.0 17334.0 325.0 638.0 806.0
42 40 41 0.0 0.0 0.0 13594.0 256.0 505.0 481.0
42 40 42 0.0 0.0 0.0 5638.0 48.0 212.0 63.0
42 40 43 0.0 0.0 0.0 50.0 0.0 4.0 0.0
42 41 37 0.0 0.0 0.0 24.0 1.0 0.0 0.0
42 41 38 0.0 0.0 0.0 3891.0 46.0 159.0 28.0
42 41 39 0.0 0.0 0.0 9494.0 149.0 370.0 207.0
42 41 40 0.0 0.0 0.0 13238.0 201.0 488.0 394.0
42 41 41 0.0 0.0 0.0 10328.0 161.0 376.0 236.0
42 41 42 0.0 0.0 0.0 3905.0 40.0 147.0 35.0
42 41 43 0.0 0.0 0.0 44.0 0.0 1.0 0.0
42 42 37 0.0 0.0 0.0 17.0 0.0 0.0 0.0
42 42 38 0.0 0.0 0.0 1208.0 13.0 35.0 3.0
42 42 39 0.0 0.0 0.0 3667.0 47.0 131.0 33.0
42 42 40 0.0 0.0 0.0 5678.0 77.0 218.0 67.0
42 42 41 0.0 0.0 0.0 3731.0 75.0 151.0 22.0
42 42 42 0.0 0.0 0.0 1276.0 21.0 53.0 3.0
42 42 43 0.0 0.0 0.0 8.0 0.0 0.0 0.0
42 43 37 0.0 0.0 0.0 0.0 1.0 0.0 0.0
42 43 38 0.0 0.0 0.0 28.0 0.0 3.0 0.0
42 43 39 0.0 0.0 0.0 44.0 0.0 3.0 0.0
42 43 40 0.0 0.0 0.0 69.0 1.0 1.0 0.0
42 43 41 0.0 0.0 0.0 42.0 0.0 0.0 0.0
42 43 42 0.0 0.0 0.0 12.0 0.0 2.0 0.0
42 43 43 0.0 0.0 0.0 1.0 0.0 0.0 0.0
43 37 38 0.0 0.0 0.0 8.0 0.0 1.0 0.0
43 37 39 0.0 0.0 0.0 7.0 0.0 0.0 0.0
43 37 40 0.0 0.0 0.0 3.0 0.0 0.0 0.0
43 37 41 0.0 0.0 0.0 8.0 0.0 0.0 0.0
43 38 37 0.0 0.0 0.0 6.0 0.0 0.0 0.0
43 38 38 0.0 0.0 0.0 19.0 1.0 1.0 0.0
43 38 39 0.0 0.0 0.0 38.0 0.0 2.0 0.0
43 38 40 0.0 0.0 0.0 37.0 0.0 2.0 0.0
43 38 41 0.0 0.0 0.0 28.0 0.0 1.0 0.0
43 38 42 0.0 0.0 0.0 10.0 0.0 1.0 0.0
43 39 37 0.0 0.0 0.0 3.0 0.0 0.0 0.0
43 39 38 0.0 0.0 0.0 27.0 1.0 1.0 0.0
43 39 39 0.0 0.0 0.0 98.0 3.0 4.0 0.0
43 39 40 0.0 0.0 0.0 154.0 0.0 5.0 0.0
43 39 41 0.0 0.0 0.0 74.0 0.0 0.0 0.0
43 39 42 0.0 0.0 0.0 33.0 0.0 0.0 0.0
43 39 43 0.0 0.0 0.0 10.0 0.0 0.0 0.0
43 40 37 0.0 0.0 0.0 3.0 0.0 0.0 0.0
43 40 38 0.0 0.0 0.0 49.0 2.0 1.0 0.0
43 40 39 0.0 0.0 0.0 140.0 1.0 5.0 0.0
43 40 40 0.0 0.0 0.0 167.0 5.0 5.0 0.0
43 40 41 0.0 0.0 0.0 109.0 2.0 2.0 0.0
43 40 42 0.0 0.0 0.0 63.0 0.0 3.0 0.0
43 40 43 0.0 0.0 0.0 4.0 0.0 0.0 0.0
43 41 37 0.0 0.0 0.0 6.0 0.0 1.0 0.0
43 41 38 0.0 0.0 0.0 46.0 0.0 2.0 0.0
43 41 39 0.0 0.0 0.0 75.0 0.0 2.0 0.0
43 41 40 0.0 0.0 0.0 176.0 0.0 14.0 0.0
43 41 41 0.0 0.0 0.0 93.0 6.0 3.0 0.0
43 41 42 0.0 0.0 0.0 48.0 4.0 3.0 0.0
43 41 43 0.0 0.0 0.0 2.0 0.0 0.0 0.0
43 42 37 0.0 0.0 0.0 5.0 0.0 0.0 0.0
43 42 38 0.0 0.0 0.0 7.0 0.0 0.0 0.0
43 42 39 0.0 0.0 0.0 50.0 0.0 3.0 0.0
43 42 40 0.0 0.0 0.0 61.0 1.0 5.0 0.0
43 42 41 0.0 0.0 0.0 46.0 0.0 1.0 0.0
43 42 42 0.0 0.0 0.0 7.0 0.0 0.0 0.0
43 43 39 0.0 0.0 0.0 10.0 0.0 0.0 0.0
43 43 40 0.0 0.0 0.0 5.0 0.0 0.0 0.0
43 43 41 0.0 0.0 0.0 5.0 0.0 0.0 0.0
