36 38 39 0.0 0.0 0.0 3.0 0.0 0.0 0.0
36 38 40 0.0 0.0 0.0 2.0 0.0 0.0 0.0
36 38 41 0.0 0.0 0.0 3.0 0.0 0.0 0.0
36 38 42 0.0 0.0 0.0 3.0 0.0 0.0 0.0
36 39 38 0.0 0.0 0.0 4.0 0.0 0.0 0.0
36 39 39 0.0 0.0 0.0 8.0 0.0 1.0 0.0
36 39 40 0.0 0.0 0.0 8.0 0.0 0.0 0.0
36 39 41 0.0 0.0 0.0 4.0 0.0 0.0 0.0
36 39 42 0.0 0.0 0.0 1.0 0.0 0.0 0.0
36 40 38 0.0 0.0 0.0 3.0 0.0 0.0 0.0
36 40 39 0.0 0.0 0.0 4.0 0.0 0.0 0.0
36 40 40 0.0 0.0 0.0 16.0 0.0 0.0 0.0
36 40 41 0.0 0.0 0.0 7.0 0.0 0.0 0.0
36 40 42 0.0 0.0 0.0 2.0 0.0 0.0 0.0
36 40 43 0.0 0.0 0.0 1.0 0.0 0.0 0.0
36 41 38 0.0 0.0 0.0 2.0 0.0 0.0 0.0
36 41 39 0.0 0.0 0.0 4.0 0.0 0.0 0.0
36 41 40 0.0 0.0 0.0 13.0 0.0 0.0 0.0
36 41 41 0.0 0.0 0.0 2.0 0.0 0.0 0.0
36 42 39 0.0 0.0 0.0 4.0 0.0 0.0 0.0
37 37 37 0.0 0.0 0.0 18.0 0.0 1.0 0.0
37 37 38 0.0 0.0 0.0 120.0 1.0 1.0 0.0
37 37 39 0.0 0.0 0.0 244.0 0.0 12.0 0.0
37 37 40 0.0 0.0 0.0 260.0 2.0 15.0 1.0
37 37 41 0.0 0.0 0.0 257.0 12.0 7.0 1.0
37 37 42 0.0 0.0 0.0 79.0 1.0 4.0 0.0
37 37 43 0.0 0.0 0.0 6.0 0.0 0.0 0.0
37 38 36 0.0 0.0 0.0 1.0 0.0 0.0 0.0
37 38 37 0.0 0.0 0.0 121.0 0.0 4.0 0.0
37 38 38 0.0 0.0 0.0 610.0 3.0 21.0 1.0
37 38 39 0.0 0.0 0.0 1450.0 17.0 52.0 4.0
37 38 40 0.0 0.0 0.0 1857.0 6.0 74.0 0.0
37 38 41 0.0 0.0 0.0 1399.0 8.0 50.0 2.0
37 38 42 0.0 0.0 0.0 453.0 4.0 17.0 1.0
37 38 43 0.0 0.0 0.0 49.0 1.0 2.0 0.0
37 39 37 0.0 0.0 0.0 230.0 0.0 8.0 0.0
37 39 38 0.0 0.0 0.0 1330.0 16.0 41.0 6.0
37 39 39 0.0 0.0 0.0 3345.0 31.0 129.0 14.0
37 39 40 0.0 0.0 0.0 4159.0 38.0 147.0 27.0
37 39 41 0.0 0.0 0.0 3163.0 30.0 119.0 15.0
37 39 42 0.0 0.0 0.0 1348.0 5.0 59.0 0.0
37 39 43 0.0 0.0 0.0 214.0 0.0 5.0 0.0
37 39 44 0.0 0.0 0.0 1.0 0.0 0.0 0.0
37 40 37 0.0 0.0 0.0 306.0 1.0 12.0 0.0
37 40 38 0.0 0.0 0.0 1819.0 17.0 67.0 6.0
37 40 39 0.0 0.0 0.0 4220.0 34.0 156.0 26.0
37 40 40 0.0 0.0 0.0 5729.0 35.0 243.0 56.0
37 40 41 0.0 0.0 0.0 3964.0 15.0 133.0 35.0
37 40 42 0.0 0.0 0.0 1647.0 12.0 52.0 3.0
37 40 43 0.0 0.0 0.0 262.0 1.0 7.0 0.0
37 40 44 0.0 0.0 0.0 2.0 0.0 0.0 0.0
37 41 36 0.0 0.0 0.0 1.0 0.0 0.0 0.0
37 41 37 0.0 0.0 0.0 262.0 3.0 14.0 0.0
37 41 38 0.0 0.0 0.0 1396.0 19.0 63.0 2.0
37 41 39 0.0 0.0 0.0 3256.0 30.0 116.0 21.0
37 41 40 0.0 0.0 0.0 4234.0 25.0 148.0 31.0
37 41 41 0.0 0.0 0.0 2994.0 20.0 133.0 16.0
37 41 42 0.0 0.0 0.0 1204.0 9.0 53.0 1.0
37 41 43 0.0 0.0 0.0 173.0 2.0 5.0 0.0
37 42 37 0.0 0.0 0.0 92.0 0.0 4.0 0.0
37 42 38 0.0 0.0 0.0 501.0 2.0 19.0 2.0
37 42 39 0.0 0.0 0.0 1274.0 2.0 58.0 2.0
37 42 40 0.0 0.0 0.0 1810.0 7.0 66.0 6.0
37 42 41 0.0 0.0 0.0 1093.0 7.0 43.0 0.0
37 42 42 0.0 0.0 0.0 381.0 1.0 11.0 1.0
37 42 43 0.0 0.0 0.0 70.0 0.0 2.0 0.0
37 43 37 0.0 0.0 0.0 28.0 0.0 1.0 0.0
37 43 38 0.0 0.0 0.0 119.0 0.0 6.0 0.0
37 43 39 0.0 0.0 0.0 212.0 0.0 6.0 0.0
37 43 40 0.0 0.0 0.0 236.0 0.0 8.0 0.0
37 43 41 0.0 0.0 0.0 157.0 0.0 3.0 0.0
37 43 42 0.0 0.0 0.0 68.0 4.0 1.0 0.0
37 43 43 0.0 0.0 0.0 11.0 0.0 0.0 0.0
38 36 38 0.0 0.0 0.0 1.0 0.0 0.0 0.0
38 36 39 0.0 0.0 0.0 2.0 0.0 0.0 0.0
38 36 41 0.0 0.0 0.0 2.0 0.0 0.0 0.0
38 37 37 0.0 0.0 0.0 84.0 1.0 2.0 0.0
38 37 38 0.0 0.0 0.0 505.0 5.0 26.0 1.0
38 37 39 0.0 0.0 0.0 1254.0 8.0 47.0 5.0
38 37 40 0.0 0.0 0.0 1623.0 13.0 79.0 3.0
38 37 41 0.0 0.0 0.0 1388.0 10.0 58.0 6.0
38 37 42 0.0 0.0 0.0 504.0 0.0 24.0 0.0
38 37 43 0.0 0.0 0.0 142.0 0.0 4.0 0.0
38 38 37 0.0 0.0 0.0 728.0 2.0 39.0 0.0
38 38 38 0.0 0.0 0.0 11063.0 126.0 434.0 370.0
38 38 39 0.0 0.0 0.0 21812.0 184.0 791.0 1543.0
38 38 40 0.0 0.0 0.0 27105.0 250.0 992.0 2754.0
38 38 41 0.0 0.0 0.0 20572.0 285.0 715.0 1337.0
38 38 42 0.0 0.0 0.0 9206.0 46.0 347.0 222.0
38 38 43 0.0 0.0 0.0 464.0 3.0 15.0 0.0
38 38 44 0.0 0.0 0.0 2.0 0.0 0.0 0.0
38 39 36 0.0 0.0 0.0 3.0 0.0 0.0 0.0
38 39 37 0.0 0.0 0.0 1499.0 8.0 48.0 5.0
38 39 38 0.0 0.0 0.0 20839.0 169.0 735.0 1473.0
38 39 39 0.0 0.0 0.0 38019.0 546.0 1196.0 6985.0
38 39 40 0.0 0.0 0.0 42021.0 467.0 1303.0 9487.0
38 39 41 0.0 0.0 0.0 36715.0 480.0 1217.0 6208.0
38 39 42 0.0 0.0 0.0 19895.0 178.0 712.0 1210.0
38 39 43 0.0 0.0 0.0 1451.0 11.0 54.0 4.0
38 39 44 0.0 0.0 0.0 8.0 0.0 0.0 0.0
38 40 36 0.0 0.0 0.0 7.0 0.0 1.0 0.0
38 40 37 0.0 0.0 0.0 1866.0 13.0 75.0 6.0
38 40 38 0.0 0.0 0.0 27066.0 237.0 953.0 2688.0
38 40 39 0.0 0.0 0.0 42202.0 583.0 1272.0 10019.0
38 40 40 0.0 0.0 0.0 46373.0 722.0 1338.0 14520.0
38 40 41 0.0 0.0 0.0 41785.0 467.0 1286.0 9461.0
38 40 42 0.0 0.0 0.0 24456.0 283.0 854.0 2052.0
38 40 43 0.0 0.0 0.0 1671.0 22.0 64.0 3.0
38 40 44 0.0 0.0 0.0 3.0 0.0 0.0 0.0
38 41 36 0.0 0.0 0.0 4.0 0.0 0.0 0.0
38 41 37 0.0 0.0 0.0 1406.0 5.0 56.0 2.0
38 41 38 0.0 0.0 0.0 20892.0 405.0 740.0 1514.0
38 41 39 0.0 0.0 0.0 37583.0 343.0 1215.0 6768.0
38 41 40 0.0 0.0 0.0 42213.0 538.0 1303.0 9876.0
38 41 41 0.0 0.0 0.0 35998.0 416.0 1190.0 5702.0
38 41 42 0.0 0.0 0.0 19087.0 276.0 692.0 1124.0
38 41 43 0.0 0.0 0.0 1338.0 1.0 49.0 3.0
38 41 44 0.0 0.0 0.0 2.0 0.0 0.0 0.0
38 42 37 0.0 0.0 0.0 570.0 3.0 21.0 0.0
38 42 38 0.0 0.0 0.0 12253.0 64.0 440.0 460.0
38 42 39 0.0 0.0 0.0 19536.0 192.0 707.0 1220.0
38 42 40 0.0 0.0 0.0 25007.0 298.0 888.0 2127.0
38 42 41 0.0 0.0 0.0 19363.0 199.0 687.0 1224.0
38 42 42 0.0 0.0 0.0 8923.0 84.0 318.0 186.0
38 42 43 0.0 0.0 0.0 441.0 4.0 14.0 1.0
38 43 37 0.0 0.0 0.0 136.0 0.0 5.0 0.0
38 43 38 0.0 0.0 0.0 631.0 4.0 25.0 0.0
38 43 39 0.0 0.0 0.0 1432.0 15.0 53.0 3.0
38 43 40 0.0 0.0 0.0 1847.0 22.0 61.0 3.0
38 43 41 0.0 0.0 0.0 1242.0 9.0 44.0 2.0
38 43 42 0.0 0.0 0.0 501.0 3.0 19.0 0.0
38 43 43 0.0 0.0 0.0 107.0 0.0 3.0 0.0
38 43 44 0.0 0.0 0.0 1.0 0.0 0.0 0.0
38 44 39 0.0 0.0 0.0 2.0 0.0 0.0 0.0
38 44 40 0.0 0.0 0.0 6.0 0.0 0.0 0.0
38 44 41 0.0 0.0 0.0 4.0 0.0 0.0 0.0
39 36 38 0.0 0.0 0.0 3.0 0.0 0.0 0.0
39 36 39 0.0 0.0 0.0 1.0 0.0 0.0 0.0
39 36 40 0.0 0.0 0.0 10.0 0.0 1.0 0.0
39 36 41 0.0 0.0 0.0 2.0 0.0 0.0 0.0
39 36 42 0.0 0.0 0.0 2.0 0.0 0.0 0.0
39 37 37 0.0 0.0 0.0 233.0 0.0 11.0 0.0
39 37 38 0.0 0.0 0.0 1329.0 8.0 43.0 3.0
39 37 39 0.0 0.0 0.0 3379.0 25.0 115.0 27.0
39 37 40 0.0 0.0 0.0 4305.0 28.0 160.0 33.0
39 37 41 0.0 0.0 0.0 3577.0 35.0 152.0 22.0
39 37 42 0.0 0.0 0.0 1342.0 11.0 52.0 3.0
39 37 43 0.0 0.0 0.0 273.0 5.0 14.0 0.0
39 38 37 0.0 0.0 0.0 1473.0 17.0 50.0 3.0
39 38 38 0.0 0.0 0.0 21099.0 270.0 749.0 1450.0
39 38 39 0.0 0.0 0.0 36587.0 443.0 1173.0 6184.0
39 38 40 0.0 0.0 0.0 41966.0 612.0 1283.0 9365.0
39 38 41 0.0 0.0 0.0 36870.0 440.0 1155.0 6314.0
39 38 42 0.0 0.0 0.0 22017.0 265.0 745.0 1615.0
39 38 43 0.0 0.0 0.0 1524.0 20.0 58.0 2.0
39 39 36 0.0 0.0 0.0 4.0 0.0 0.0 0.0
39 39 37 0.0 0.0 0.0 3462.0 25.0 132.0 23.0
39 39 38 0.0 0.0 0.0 38329.0 316.0 1135.0 6977.0
39 39 39 0.0 0.0 0.0 37354.0 1136.0 875.0 52719.0
39 39 40 0.0 0.0 0.0 37565.0 1130.0 826.0 57297.0
39 39 41 0.0 0.0 0.0 38562.0 971.0 890.0 49521.0
39 39 42 0.0 0.0 0.0 37222.0 560.0 1192.0 6747.0
39 39 43 0.0 0.0 0.0 3425.0 19.0 127.0 17.0
39 39 44 0.0 0.0 0.0 8.0 0.0 0.0 0.0
39 40 36 0.0 0.0 0.0 14.0 0.0 1.0 0.0
39 40 37 0.0 0.0 0.0 4636.0 31.0 176.0 46.0
39 40 38 0.0 0.0 0.0 42956.0 559.0 1312.0 10447.0
39 40 39 0.0 0.0 0.0 38164.0 947.0 872.0 56602.0
39 40 40 0.0 0.0 0.0 35100.0 924.0 722.0 68075.0
39 40 41 0.0 0.0 0.0 37620.0 1444.0 875.0 55411.0
39 40 42 0.0 0.0 0.0 42172.0 564.0 1249.0 10075.0
39 40 43 0.0 0.0 0.0 4594.0 44.0 172.0 34.0
39 40 44 0.0 0.0 0.0 8.0 0.0 0.0 0.0
39 41 36 0.0 0.0 0.0 9.0 0.0 1.0 0.0
39 41 37 0.0 0.0 0.0 3506.0 23.0 139.0 17.0
39 41 38 0.0 0.0 0.0 37858.0 404.0 1160.0 6804.0
39 41 39 0.0 0.0 0.0 37326.0 842.0 836.0 52561.0
39 41 40 0.0 0.0 0.0 38123.0 1146.0 879.0 55929.0
39 41 41 0.0 0.0 0.0 39114.0 926.0 945.0 48432.0
39 41 42 0.0 0.0 0.0 36550.0 341.0 1189.0 6098.0
39 41 43 0.0 0.0 0.0 3473.0 12.0 109.0 23.0
39 41 44 0.0 0.0 0.0 9.0 0.0 0.0 0.0
39 42 36 0.0 0.0 0.0 2.0 0.0 0.0 0.0
39 42 37 0.0 0.0 0.0 1604.0 7.0 79.0 1.0
39 42 38 0.0 0.0 0.0 22950.0 233.0 830.0 1816.0
39 42 39 0.0 0.0 0.0 37319.0 372.0 1163.0 6459.0
39 42 40 0.0 0.0 0.0 42566.0 531.0 1250.0 10185.0
39 42 41 0.0 0.0 0.0 36521.0 348.0 1180.0 6402.0
39 42 42 0.0 0.0 0.0 20962.0 186.0 794.0 1456.0
39 42 43 0.0 0.0 0.0 1279.0 6.0 39.0 2.0
39 42 44 0.0 0.0 0.0 2.0 0.0 0.0 0.0
39 43 37 0.0 0.0 0.0 268.0 2.0 11.0 0.0
39 43 38 0.0 0.0 0.0 1438.0 6.0 64.0 2.0
39 43 39 0.0 0.0 0.0 3223.0 21.0 100.0 20.0
39 43 40 0.0 0.0 0.0 4240.0 22.0 154.0 31.0
39 43 41 0.0 0.0 0.0 3173.0 27.0 118.0 19.0
39 43 42 0.0 0.0 0.0 1425.0 8.0 51.0 2.0
39 43 43 0.0 0.0 0.0 264.0 1.0 12.0 0.0
39 43 44 0.0 0.0 0.0 1.0 0.0 0.0 0.0
39 44 38 0.0 0.0 0.0 3.0 0.0 0.0 0.0
39 44 39 0.0 0.0 0.0 3.0 0.0 0.0 0.0
39 44 40 0.0 0.0 0.0 8.0 0.0 1.0 0.0
39 44 41 0.0 0.0 0.0 4.0 0.0 0.0 0.0
39 44 42 0.0 0.0 0.0 2.0 0.0 0.0 0.0
40 36 37 0.0 0.0 0.0 2.0 0.0 0.0 0.0
40 36 38 0.0 0.0 0.0 3.0 0.0 0.0 0.0
40 36 39 0.0 0.0 0.0 11.0 0.0 1.0 0.0
40 36 40 0.0 0.0 0.0 16.0 0.0 1.0 0.0
40 36 41 0.0 0.0 0.0 5.0 0.0 0.0 0.0
40 36 42 0.0 0.0 0.0 5.0 0.0 0.0 0.0
40 36 43 0.0 0.0 0.0 2.0 0.0 1.0 0.0
40 37 37 0.0 0.0 0.0 320.0 1.0 6.0 0.0
40 37 38 0.0 0.0 0.0 1911.0 12.0 68.0 5.0
40 37 39 0.0 0.0 0.0 4621.0 59.0 200.0 28.0
40 37 40 0.0 0.0 0.0 5706.0 38.0 182.0 64.0
40 37 41 0.0 0.0 0.0 4670.0 22.0 168.0 33.0
40 37 42 0.0 0.0 0.0 1849.0 12.0 67.0 8.0
40 37 43 0.0 0.0 0.0 381.0 5.0 16.0 0.0
40 38 36 0.0 0.0 0.0 3.0 0.0 0.0 0.0
40 38 37 0.0 0.0 0.0 1887.0 12.0 77.0 3.0
40 38 38 0.0 0.0 0.0 26384.0 418.0 957.0 2583.0
40 38 39 0.0 0.0 0.0 43079.0 697.0 1282.0 11042.0
40 38 40 0.0 0.0 0.0 46969.0 651.0 1335.0 16049.0
40 38 41 0.0 0.0 0.0 42389.0 544.0 1269.0 10136.0
40 38 42 0.0 0.0 0.0 27806.0 363.0 988.0 2943.0
40 38 43 0.0 0.0 0.0 2079.0 11.0 76.0 3.0
40 39 36 0.0 0.0 0.0 6.0 0.0 0.0 0.0
40 39 37 0.0 0.0 0.0 4680.0 41.0 198.0 23.0
40 39 38 0.0 0.0 0.0 42434.0 602.0 1322.0 10313.0
40 39 39 0.0 0.0 0.0 37204.0 1249.0 828.0 58069.0
40 39 40 0.0 0.0 0.0 35604.0 1222.0 767.0 67424.0
40 39 41 0.0 0.0 0.0 36249.0 1131.0 793.0 60008.0
40 39 42 0.0 0.0 0.0 42849.0 515.0 1308.0 10708.0
40 39 43 0.0 0.0 0.0 4421.0 31.0 174.0 30.0
40 39 44 0.0 0.0 0.0 10.0 0.0 0.0 0.0
40 40 36 0.0 0.0 0.0 14.0 0.0 0.0 0.0
40 40 37 0.0 0.0 0.0 5826.0 36.0 241.0 61.0
40 40 38 0.0 0.0 0.0 47228.0 541.0 1373.0 15192.0
40 40 39 0.0 0.0 0.0 35138.0 907.0 715.0 68192.0
40 40 40 0.0 0.0 0.0 20891.0 923.0 346.0 106389.0
40 40 41 0.0 0.0 0.0 34629.0 995.0 709.0 69275.0
40 40 42 0.0 0.0 0.0 47023.0 579.0 1346.0 15482.0
40 40 43 0.0 0.0 0.0 5794.0 28.0 236.0 61.0
40 40 44 0.0 0.0 0.0 23.0 0.0 2.0 0.0
40 41 36 0.0 0.0 0.0 8.0 0.0 0.0 0.0
40 41 37 0.0 0.0 0.0 4757.0 36.0 201.0 44.0
40 41 38 0.0 0.0 0.0 43308.0 579.0 1352.0 10908.0
40 41 39 0.0 0.0 0.0 37296.0 855.0 849.0 58452.0
40 41 40 0.0 0.0 0.0 35209.0 857.0 717.0 68871.0
40 41 41 0.0 0.0 0.0 36958.0 1003.0 814.0 58481.0
40 41 42 0.0 0.0 0.0 42443.0 505.0 1200.0 9947.0
40 41 43 0.0 0.0 0.0 4301.0 17.0 152.0 37.0
40 41 44 0.0 0.0 0.0 9.0 0.0 0.0 0.0
40 42 36 0.0 0.0 0.0 2.0 0.0 0.0 0.0
40 42 37 0.0 0.0 0.0 2003.0 18.0 91.0 2.0
40 42 38 0.0 0.0 0.0 27559.0 272.0 946.0 2804.0
40 42 39 0.0 0.0 0.0 42426.0 567.0 1245.0 9933.0
40 42 40 0.0 0.0 0.0 46581.0 555.0 1340.0 14800.0
40 42 41 0.0 0.0 0.0 41752.0 415.0 1291.0 9438.0
40 42 42 0.0 0.0 0.0 25771.0 284.0 886.0 2418.0
40 42 43 0.0 0.0 0.0 1754.0 3.0 66.0 4.0
40 42 44 0.0 0.0 0.0 1.0 0.0 0.0 0.0
40 43 36 0.0 0.0 0.0 2.0 0.0 0.0 0.0
40 43 37 0.0 0.0 0.0 352.0 0.0 9.0 0.0
40 43 38 0.0 0.0 0.0 2017.0 11.0 88.0 6.0
40 43 39 0.0 0.0 0.0 4604.0 15.0 174.0 42.0
40 43 40 0.0 0.0 0.0 5821.0 46.0 226.0 46.0
40 43 41 0.0 0.0 0.0 4346.0 24.0 182.0 25.0
40 43 42 0.0 0.0 0.0 1686.0 6.0 68.0 2.0
40 43 43 0.0 0.0 0.0 312.0 1.0 17.0 0.0
40 44 39 0.0 0.0 0.0 9.0 0.0 0.0 0.0
40 44 40 0.0 0.0 0.0 9.0 0.0 0.0 0.0
40 44 41 0.0 0.0 0.0 6.0 0.0 0.0 0.0
40 44 42 0.0 0.0 0.0 3.0 0.0 0.0 0.0
40 44 43 0.0 0.0 0.0 1.0 0.0 0.0 0.0
41 36 38 0.0 0.0 0.0 5.0 0.0 0.0 0.0
41 36 39 0.0 0.0 0.0 10.0 0.0 1.0 0.0
41 36 40 0.0 0.0 0.0 5.0 0.0 0.0 0.0
41 36 41 0.0 0.0 0.0 8.0 0.0 0.0 0.0
41 36 42 0.0 0.0 0.0 2.0 0.0 0.0 0.0
41 37 36 0.0 0.0 0.0 1.0 0.0 0.0 0.0
41 37 37 0.0 0.0 0.0 195.0 2.0 7.0 0.0
41 37 38 0.0 0.0 0.0 1453.0 29.0 68.0 1.0
41 37 39 0.0 0.0 0.0 3711.0 26.0 132.0 14.0
41 37 40 0.0 0.0 0.0 4625.0 24.0 160.0 47.0
41 37 41 0.0 0.0 0.0 3416.0 25.0 106.0 23.0
41 37 42 0.0 0.0 0.0 1518.0 14.0 58.0 1.0
41 37 43 0.0 0.0 0.0 268.0 0.0 11.0 0.0
41 38 36 0.0 0.0 0.0 14.0 0.0 3.0 0.0
41 38 37 0.0 0.0 0.0 1537.0 12.0 53.0 6.0
41 38 38 0.0 0.0 0.0 21175.0 263.0 770.0 1498.0
41 38 39 0.0 0.0 0.0 36639.0 560.0 1162.0 6295.0
41 38 40 0.0 0.0 0.0 42548.0 726.0 1288.0 10412.0
41 38 41 0.0 0.0 0.0 38097.0 454.0 1222.0 6914.0
41 38 42 0.0 0.0 0.0 23105.0 218.0 867.0 1745.0
41 38 43 0.0 0.0 0.0 1509.0 6.0 56.0 2.0
41 38 44 0.0 0.0 0.0 1.0 0.0 0.0 0.0
41 39 36 0.0 0.0 0.0 4.0 0.0 0.0 0.0
41 39 37 0.0 0.0 0.0 3669.0 29.0 148.0 18.0
41 39 38 0.0 0.0 0.0 37854.0 393.0 1199.0 7049.0
41 39 39 0.0 0.0 0.0 37923.0 1215.0 838.0 50448.0
41 39 40 0.0 0.0 0.0 36762.0 1301.0 754.0 58879.0
41 39 41 0.0 0.0 0.0 36663.0 930.0 898.0 53644.0
41 39 42 0.0 0.0 0.0 38840.0 438.0 1263.0 7348.0
41 39 43 0.0 0.0 0.0 3391.0 26.0 128.0 24.0
41 39 44 0.0 0.0 0.0 4.0 0.0 0.0 0.0
41 40 36 0.0 0.0 0.0 9.0 0.0 0.0 0.0
41 40 37 0.0 0.0 0.0 4378.0 47.0 181.0 35.0
41 40 38 0.0 0.0 0.0 42444.0 517.0 1288.0 10252.0
41 40 39 0.0 0.0 0.0 36911.0 944.0 792.0 58750.0
41 40 40 0.0 0.0 0.0 35757.0 1128.0 749.0 66228.0
41 40 41 0.0 0.0 0.0 36532.0 1072.0 831.0 58683.0
41 40 42 0.0 0.0 0.0 43245.0 535.0 1320.0 10875.0
41 40 43 0.0 0.0 0.0 4751.0 37.0 170.0 41.0
41 40 44 0.0 0.0 0.0 12.0 0.0 0.0 0.0
41 41 36 0.0 0.0 0.0 7.0 0.0 0.0 0.0
41 41 37 0.0 0.0 0.0 3778.0 25.0 133.0 24.0
41 41 38 0.0 0.0 0.0 38345.0 358.0 1175.0 6863.0
41 41 39 0.0 0.0 0.0 37883.0 1081.0 878.0 51422.0
41 41 40 0.0 0.0 0.0 37975.0 847.0 832.0 57228.0
41 41 41 0.0 0.0 0.0 37893.0 1213.0 872.0 50646.0
41 41 42 0.0 0.0 0.0 37835.0 545.0 1208.0 7173.0
41 41 43 0.0 0.0 0.0 3521.0 20.0 136.0 21.0
41 41 44 0.0 0.0 0.0 7.0 0.0 1.0 0.0
41 42 36 0.0 0.0 0.0 3.0 0.0 0.0 0.0
41 42 37 0.0 0.0 0.0 1533.0 12.0 66.0 4.0
41 42 38 0.0 0.0 0.0 20949.0 242.0 753.0 1465.0
41 42 39 0.0 0.0 0.0 37955.0 353.0 1237.0 6872.0
41 42 40 0.0 0.0 0.0 42650.0 574.0 1318.0 10634.0
41 42 41 0.0 0.0 0.0 37278.0 455.0 1148.0 6413.0
41 42 42 0.0 0.0 0.0 20161.0 225.0 707.0 1332.0
41 42 43 0.0 0.0 0.0 1432.0 13.0 58.0 3.0
41 43 36 0.0 0.0 0.0 2.0 0.0 0.0 0.0
41 43 37 0.0 0.0 0.0 312.0 0.0 9.0 1.0
41 43 38 0.0 0.0 0.0 1500.0 6.0 50.0 4.0
41 43 39 0.0 0.0 0.0 3410.0 17.0 125.0 23.0
41 43 40 0.0 0.0 0.0 4770.0 29.0 178.0 37.0
41 43 41 0.0 0.0 0.0 3516.0 31.0 150.0 26.0
41 43 42 0.0 0.0 0.0 1336.0 9.0 61.0 2.0
41 43 43 0.0 0.0 0.0 154.0 1.0 6.0 0.0
41 44 38 0.0 0.0 0.0 6.0 0.0 0.0 0.0
41 44 39 0.0 0.0 0.0 7.0 0.0 1.0 0.0
41 44 40 0.0 0.0 0.0 14.0 0.0 0.0 0.0
41 44 41 0.0 0.0 0.0 1.0 0.0 0.0 0.0
41 44 42 0.0 0.0 0.0 1.0 0.0 0.0 0.0
42 36 38 0.0 0.0 0.0 1.0 0.0 0.0 0.0
42 36 39 0.0 0.0 0.0 4.0 0.0 0.0 0.0
42 36 40 0.0 0.0 0.0 8.0 0.0 1.0 0.0
42 36 41 0.0 0.0 0.0 4.0 0.0 0.0 0.0
42 36 42 0.0 0.0 0.0 2.0 0.0 1.0 0.0
42 37 37 0.0 0.0 0.0 112.0 4.0 6.0 0.0
42 37 38 0.0 0.0 0.0 497.0 3.0 21.0 0.0
42 37 39 0.0 0.0 0.0 1434.0 6.0 52.0 4.0
42 37 40 0.0 0.0 0.0 2061.0 30.0 82.0 8.0
42 37 41 0.0 0.0 0.0 1642.0 17.0 52.0 5.0
42 37 42 0.0 0.0 0.0 712.0 1.0 28.0 2.0
42 37 43 0.0 0.0 0.0 109.0 0.0 3.0 0.0
42 37 44 0.0 0.0 0.0 2.0 0.0 0.0 0.0
42 38 36 0.0 0.0 0.0 1.0 0.0 0.0 0.0
42 38 37 0.0 0.0 0.0 613.0 1.0 27.0 1.0
42 38 38 0.0 0.0 0.0 10464.0 125.0 405.0 308.0
42 38 39 0.0 0.0 0.0 21719.0 369.0 751.0 1617.0
42 38 40 0.0 0.0 0.0 27313.0 496.0 1027.0 2864.0
42 38 41 0.0 0.0 0.0 22769.0 185.0 780.0 1802.0
42 38 42 0.0 0.0 0.0 12203.0 178.0 477.0 429.0
42 38 43 0.0 0.0 0.0 700.0 2.0 28.0 1.0
42 39 36 0.0 0.0 0.0 4.0 0.0 0.0 0.0
42 39 37 0.0 0.0 0.0 1421.0 9.0 55.0 1.0
42 39 38 0.0 0.0 0.0 20462.0 252.0 705.0 1476.0
42 39 39 0.0 0.0 0.0 36745.0 595.0 1153.0 6353.0
42 39 40 0.0 0.0 0.0 42250.0 694.0 1263.0 9721.0
42 39 41 0.0 0.0 0.0 37852.0 468.0 1208.0 6954.0
42 39 42 0.0 0.0 0.0 23081.0 209.0 761.0 1848.0
42 39 43 0.0 0.0 0.0 1575.0 10.0 57.0 7.0
42 39 44 0.0 0.0 0.0 2.0 0.0 0.0 0.0
42 40 36 0.0 0.0 0.0 4.0 0.0 0.0 0.0
42 40 37 0.0 0.0 0.0 1993.0 13.0 70.0 11.0
42 40 38 0.0 0.0 0.0 27475.0 307.0 952.0 2850.0
42 40 39 0.0 0.0 0.0 42263.0 590.0 1349.0 10104.0
42 40 40 0.0 0.0 0.0 46626.0 809.0 1381.0 14642.0
42 40 41 0.0 0.0 0.0 42769.0 675.0 1251.0 10330.0
42 40 42 0.0 0.0 0.0 27356.0 226.0 932.0 2788.0
42 40 43 0.0 0.0 0.0 1886.0 11.0 70.0 3.0
42 40 44 0.0 0.0 0.0 3.0 0.0 0.0 0.0
42 41 36 0.0 0.0 0.0 2.0 0.0 0.0 0.0
42 41 37 0.0 0.0 0.0 1360.0 11.0 59.0 2.0
42 41 38 0.0 0.0 0.0 20880.0 168.0 710.0 1472.0
42 41 39 0.0 0.0 0.0 36648.0 504.0 1161.0 6084.0
42 41 40 0.0 0.0 0.0 42460.0 522.0 1286.0 10044.0
42 41 41 0.0 0.0 0.0 37444.0 467.0 1149.0 6787.0
42 41 42 0.0 0.0 0.0 21032.0 216.0 718.0 1473.0
42 41 43 0.0 0.0 0.0 1478.0 3.0 50.0 1.0
42 41 44 0.0 0.0 0.0 4.0 0.0 0.0 0.0
42 42 37 0.0 0.0 0.0 542.0 0.0 27.0 0.0
42 42 38 0.0 0.0 0.0 8872.0 56.0 340.0 184.0
42 42 39 0.0 0.0 0.0 20580.0 205.0 748.0 1407.0
42 42 40 0.0 0.0 0.0 27375.0 270.0 899.0 2861.0
42 42 41 0.0 0.0 0.0 21177.0 288.0 789.0 1359.0
42 42 42 0.0 0.0 0.0 9269.0 129.0 344.0 222.0
42 42 43 0.0 0.0 0.0 515.0 8.0 21.0 1.0
42 42 44 0.0 0.0 0.0 1.0 0.0 0.0 0.0
42 43 37 0.0 0.0 0.0 82.0 8.0 1.0 0.0
42 43 38 0.0 0.0 0.0 553.0 2.0 18.0 0.0
42 43 39 0.0 0.0 0.0 1404.0 6.0 52.0 3.0
42 43 40 0.0 0.0 0.0 2006.0 11.0 71.0 8.0
42 43 41 0.0 0.0 0.0 1466.0 10.0 50.0 1.0
42 43 42 0.0 0.0 0.0 563.0 2.0 20.0 0.0
42 43 43 0.0 0.0 0.0 66.0 2.0 0.0 0.0
42 44 39 0.0 0.0 0.0 3.0 0.0 1.0 0.0
42 44 40 0.0 0.0 0.0 1.0 0.0 0.0 0.0
42 44 41 0.0 0.0 0.0 2.0 0.0 0.0 0.0
42 44 42 0.0 0.0 0.0 2.0 0.0 0.0 0.0
43 37 37 0.0 0.0 0.0 6.0 0.0 0.0 0.0
43 37 38 0.0 0.0 0.0 141.0 0.0 1.0 0.0
43 37 39 0.0 0.0 0.0 235.0 1.0 10.0 0.0
43 37 40 0.0 0.0 0.0 320.0 4.0 8.0 0.0
43 37 41 0.0 0.0 0.0 270.0 2.0 11.0 0.0
43 37 42 0.0 0.0 0.0 88.0 0.0 6.0 0.0
43 37 43 0.0 0.0 0.0 18.0 0.0 0.0 0.0
43 38 37 0.0 0.0 0.0 98.0 2.0 5.0 0.0
43 38 38 0.0 0.0 0.0 603.0 7.0 25.0 1.0
43 38 39 0.0 0.0 0.0 1424.0 11.0 58.0 2.0
43 38 40 0.0 0.0 0.0 1850.0 13.0 58.0 5.0
43 38 41 0.0 0.0 0.0 1407.0 12.0 52.0 3.0
43 38 42 0.0 0.0 0.0 590.0 2.0 24.0 0.0
43 38 43 0.0 0.0 0.0 99.0 0.0 2.0 0.0
43 39 37 0.0 0.0 0.0 238.0 1.0 9.0 0.0
43 39 38 0.0 0.0 0.0 1388.0 15.0 54.0 2.0
43 39 39 0.0 0.0 0.0 3125.0 26.0 115.0 21.0
43 39 40 0.0 0.0 0.0 4465.0 55.0 169.0 35.0
43 39 41 0.0 0.0 0.0 3134.0 28.0 113.0 20.0
43 39 42 0.0 0.0 0.0 1397.0 10.0 60.0 5.0
43 39 43 0.0 0.0 0.0 297.0 1.0 13.0 0.0
43 40 37 0.0 0.0 0.0 287.0 0.0 11.0 0.0
43 40 38 0.0 0.0 0.0 1841.0 16.0 75.0 4.0
43 40 39 0.0 0.0 0.0 4212.0 31.0 151.0 23.0
43 40 40 0.0 0.0 0.0 5443.0 51.0 212.0 45.0
43 40 41 0.0 0.0 0.0 4134.0 37.0 165.0 37.0
43 40 42 0.0 0.0 0.0 1945.0 11.0 70.0 7.0
43 40 43 0.0 0.0 0.0 397.0 2.0 19.0 0.0
43 41 37 0.0 0.0 0.0 273.0 0.0 6.0 0.0
43 41 38 0.0 0.0 0.0 1451.0 10.0 57.0 3.0
43 41 39 0.0 0.0 0.0 3116.0 15.0 126.0 16.0
43 41 40 0.0 0.0 0.0 4559.0 32.0 153.0 36.0
43 41 41 0.0 0.0 0.0 3426.0 28.0 130.0 20.0
43 41 42 0.0 0.0 0.0 1400.0 30.0 41.0 1.0
43 41 43 0.0 0.0 0.0 239.0 0.0 11.0 0.0
43 41 44 0.0 0.0 0.0 2.0 0.0 1.0 0.0
43 42 37 0.0 0.0 0.0 137.0 0.0 10.0 0.0
43 42 38 0.0 0.0 0.0 450.0 1.0 20.0 1.0
43 42 39 0.0 0.0 0.0 1612.0 5.0 61.0 4.0
43 42 40 0.0 0.0 0.0 1848.0 9.0 79.0 11.0
43 42 41 0.0 0.0 0.0 1482.0 13.0 44.0 5.0
43 42 42 0.0 0.0 0.0 513.0 7.0 20.0 1.0
43 42 43 0.0 0.0 0.0 74.0 0.0 0.0 0.0
43 42 44 0.0 0.0 0.0 1.0 0.0 0.0 0.0
43 43 37 0.0 0.0 0.0 2.0 0.0 0.0 0.0
43 43 38 0.0 0.0 0.0 68.0 0.0 2.0 0.0
43 43 39 0.0 0.0 0.0 235.0 1.0 5.0 0.0
43 43 40 0.0 0.0 0.0 301.0 0.0 8.0 0.0
43 43 41 0.0 0.0 0.0 197.0 4.0 10.0 0.0
43 43 42 0.0 0.0 0.0 75.0 0.0 2.0 0.0
43 43 43 0.0 0.0 0.0 12.0 0.0 1.0 0.0
44 38 39 0.0 0.0 0.0 2.0 0.0 0.0 0.0
44 38 40 0.0 0.0 0.0 5.0 0.0 0.0 0.0
44 38 41 0.0 0.0 0.0 4.0 0.0 0.0 0.0
44 38 42 0.0 0.0 0.0 1.0 0.0 0.0 0.0
44 39 38 0.0 0.0 0.0 2.0 0.0 0.0 0.0
44 39 39 0.0 0.0 0.0 3.0 0.0 0.0 0.0
44 39 40 0.0 0.0 0.0 11.0 0.0 0.0 0.0
44 39 41 0.0 0.0 0.0 4.0 0.0 0.0 0.0
44 39 42 0.0 0.0 0.0 4.0 0.0 0.0 0.0
44 39 44 0.0 0.0 0.0 1.0 0.0 0.0 0.0
44 40 38 0.0 0.0 0.0 1.0 0.0 0.0 0.0
44 40 39 0.0 0.0 0.0 4.0 0.0 0.0 0.0
44 40 40 0.0 0.0 0.0 18.0 0.0 0.0 0.0
44 40 41 0.0 0.0 0.0 9.0 0.0 0.0 0.0
44 40 42 0.0 0.0 0.0 2.0 0.0 0.0 0.0
44 41 38 0.0 0.0 0.0 2.0 0.0 0.0 0.0
44 41 39 0.0 0.0 0.0 8.0 0.0 0.0 0.0
44 41 40 0.0 0.0 0.0 11.0 0.0 1.0 0.0
44 41 41 0.0 0.0 0.0 6.0 0.0 1.0 0.0
44 41 42 0.0 0.0 0.0 2.0 0.0 0.0 0.0
44 42 38 0.0 0.0 0.0 5.0 0.0 0.0 0.0
44 42 39 0.0 0.0 0.0 3.0 0.0 1.0 0.0
44 42 41 0.0 0.0 0.0 4.0 0.0 0.0 0.0
44 42 42 0.0 0.0 0.0 5.0 0.0 1.0 0.0
44 43 39 0.0 0.0 0.0 1.0 0.0 0.0 0.0
