34 37 40 0.0 0.0 0.0 2.0 0.0 0.0 0.0
34 41 41 0.0 0.0 0.0 1.0 0.0 0.0 0.0
34 41 42 0.0 0.0 0.0 8.0 0.0 1.0 0.0
34 42 40 0.0 0.0 0.0 1.0 0.0 0.0 0.0
35 36 37 0.0 0.0 0.0 2.0 0.0 0.0 0.0
35 36 38 0.0 0.0 0.0 2.0 0.0 0.0 0.0
35 36 39 0.0 0.0 0.0 13.0 0.0 0.0 0.0
35 36 40 0.0 0.0 0.0 20.0 0.0 1.0 0.0
35 36 41 0.0 0.0 0.0 8.0 0.0 0.0 0.0
35 36 42 0.0 0.0 0.0 4.0 0.0 1.0 0.0
35 37 36 0.0 0.0 0.0 2.0 0.0 1.0 0.0
35 37 37 0.0 0.0 0.0 16.0 0.0 0.0 0.0
35 37 38 0.0 0.0 0.0 70.0 1.0 1.0 0.0
35 37 39 0.0 0.0 0.0 127.0 0.0 4.0 0.0
35 37 40 0.0 0.0 0.0 175.0 0.0 14.0 0.0
35 37 41 0.0 0.0 0.0 128.0 0.0 3.0 0.0
35 37 42 0.0 0.0 0.0 62.0 0.0 5.0 0.0
35 37 43 0.0 0.0 0.0 23.0 0.0 0.0 0.0
35 37 44 0.0 0.0 0.0 2.0 0.0 1.0 0.0
35 38 36 0.0 0.0 0.0 8.0 0.0 0.0 0.0
35 38 37 0.0 0.0 0.0 71.0 0.0 1.0 0.0
35 38 38 0.0 0.0 0.0 233.0 0.0 6.0 0.0
35 38 39 0.0 0.0 0.0 475.0 0.0 20.0 0.0
35 38 40 0.0 0.0 0.0 613.0 2.0 22.0 0.0
35 38 41 0.0 0.0 0.0 471.0 2.0 13.0 0.0
35 38 42 0.0 0.0 0.0 241.0 0.0 10.0 0.0
35 38 43 0.0 0.0 0.0 68.0 0.0 2.0 0.0
35 38 44 0.0 0.0 0.0 5.0 0.0 0.0 0.0
35 39 36 0.0 0.0 0.0 14.0 0.0 0.0 0.0
35 39 37 0.0 0.0 0.0 172.0 0.0 6.0 0.0
35 39 38 0.0 0.0 0.0 508.0 4.0 16.0 0.0
35 39 39 0.0 0.0 0.0 1072.0 0.0 40.0 4.0
35 39 40 0.0 0.0 0.0 1249.0 0.0 37.0 1.0
35 39 41 0.0 0.0 0.0 878.0 3.0 29.0 1.0
35 39 42 0.0 0.0 0.0 461.0 1.0 21.0 0.0
35 39 43 0.0 0.0 0.0 120.0 0.0 5.0 0.0
35 39 44 0.0 0.0 0.0 11.0 0.0 0.0 0.0
35 40 36 0.0 0.0 0.0 15.0 0.0 0.0 0.0
35 40 37 0.0 0.0 0.0 146.0 3.0 5.0 0.0
35 40 38 0.0 0.0 0.0 601.0 0.0 19.0 0.0
35 40 39 0.0 0.0 0.0 1251.0 1.0 43.0 1.0
35 40 40 0.0 0.0 0.0 1465.0 0.0 41.0 2.0
35 40 41 0.0 0.0 0.0 1322.0 1.0 53.0 0.0
35 40 42 0.0 0.0 0.0 590.0 0.0 21.0 1.0
35 40 43 0.0 0.0 0.0 131.0 0.0 5.0 0.0
35 40 44 0.0 0.0 0.0 13.0 0.0 0.0 0.0
35 41 36 0.0 0.0 0.0 10.0 1.0 0.0 0.0
35 41 37 0.0 0.0 0.0 137.0 0.0 3.0 0.0
35 41 38 0.0 0.0 0.0 461.0 1.0 10.0 0.0
35 41 39 0.0 0.0 0.0 1096.0 1.0 35.0 4.0
35 41 40 0.0 0.0 0.0 1187.0 4.0 52.0 4.0
35 41 41 0.0 0.0 0.0 936.0 0.0 41.0 1.0
35 41 42 0.0 0.0 0.0 513.0 4.0 14.0 0.0
35 41 43 0.0 0.0 0.0 122.0 0.0 4.0 0.0
35 41 44 0.0 0.0 0.0 8.0 0.0 0.0 0.0
35 42 36 0.0 0.0 0.0 3.0 0.0 0.0 0.0
35 42 37 0.0 0.0 0.0 37.0 0.0 1.0 0.0
35 42 38 0.0 0.0 0.0 225.0 0.0 13.0 0.0
35 42 39 0.0 0.0 0.0 492.0 1.0 26.0 1.0
35 42 40 0.0 0.0 0.0 647.0 1.0 29.0 2.0
35 42 41 0.0 0.0 0.0 377.0 3.0 5.0 0.0
35 42 42 0.0 0.0 0.0 194.0 2.0 4.0 0.0
35 42 43 0.0 0.0 0.0 57.0 0.0 1.0 0.0
35 42 44 0.0 0.0 0.0 1.0 0.0 0.0 0.0
35 43 37 0.0 0.0 0.0 11.0 0.0 0.0 0.0
35 43 38 0.0 0.0 0.0 62.0 0.0 2.0 0.0
35 43 39 0.0 0.0 0.0 135.0 0.0 7.0 0.0
35 43 40 0.0 0.0 0.0 133.0 0.0 6.0 0.0
35 43 41 0.0 0.0 0.0 122.0 0.0 3.0 0.0
35 43 42 0.0 0.0 0.0 44.0 0.0 1.0 0.0
35 43 43 0.0 0.0 0.0 12.0 0.0 0.0 0.0
35 44 37 0.0 0.0 0.0 1.0 0.0 0.0 0.0
35 44 38 0.0 0.0 0.0 9.0 0.0 0.0 0.0
35 44 39 0.0 0.0 0.0 18.0 0.0 1.0 0.0
35 44 40 0.0 0.0 0.0 11.0 0.0 0.0 0.0
35 44 41 0.0 0.0 0.0 13.0 0.0 1.0 0.0
35 44 42 0.0 0.0 0.0 2.0 0.0 0.0 0.0
35 45 39 0.0 0.0 0.0 1.0 0.0 0.0 0.0
36 35 37 0.0 0.0 0.0 2.0 0.0 0.0 0.0
36 35 38 0.0 0.0 0.0 3.0 0.0 0.0 0.0
36 35 39 0.0 0.0 0.0 7.0 0.0 0.0 0.0
36 35 40 0.0 0.0 0.0 6.0 0.0 0.0 0.0
36 35 41 0.0 0.0 0.0 8.0 0.0 0.0 0.0
36 35 42 0.0 0.0 0.0 5.0 0.0 0.0 0.0
36 35 43 0.0 0.0 0.0 1.0 0.0 0.0 0.0
36 36 36 0.0 0.0 0.0 21.0 0.0 0.0 0.0
36 36 37 0.0 0.0 0.0 145.0 0.0 5.0 0.0
36 36 38 0.0 0.0 0.0 616.0 2.0 23.0 0.0
36 36 39 0.0 0.0 0.0 1194.0 1.0 50.0 2.0
36 36 40 0.0 0.0 0.0 1450.0 4.0 54.0 6.0
36 36 41 0.0 0.0 0.0 1123.0 2.0 49.0 1.0
36 36 42 0.0 0.0 0.0 687.0 5.0 25.0 1.0
36 36 43 0.0 0.0 0.0 155.0 0.0 7.0 0.0
36 36 44 0.0 0.0 0.0 8.0 0.0 0.0 0.0
36 37 36 0.0 0.0 0.0 192.0 0.0 6.0 0.0
36 37 37 0.0 0.0 0.0 1384.0 0.0 49.0 3.0
36 37 38 0.0 0.0 0.0 4341.0 7.0 174.0 33.0
36 37 39 0.0 0.0 0.0 7445.0 35.0 281.0 124.0
36 37 40 0.0 0.0 0.0 8990.0 14.0 349.0 140.0
36 37 41 0.0 0.0 0.0 7080.0 4.0 289.0 100.0
36 37 42 0.0 0.0 0.0 3918.0 3.0 145.0 39.0
36 37 43 0.0 0.0 0.0 1187.0 6.0 50.0 1.0
36 37 44 0.0 0.0 0.0 130.0 0.0 7.0 0.0
36 38 35 0.0 0.0 0.0 6.0 0.0 0.0 0.0
36 38 36 0.0 0.0 0.0 599.0 4.0 27.0 0.0
36 38 37 0.0 0.0 0.0 4134.0 7.0 162.0 30.0
36 38 38 0.0 0.0 0.0 11408.0 27.0 412.0 302.0
36 38 39 0.0 0.0 0.0 19836.0 36.0 702.0 987.0
36 38 40 0.0 0.0 0.0 21040.0 50.0 718.0 1172.0
36 38 41 0.0 0.0 0.0 18303.0 50.0 673.0 779.0
36 38 42 0.0 0.0 0.0 10948.0 25.0 410.0 263.0
36 38 43 0.0 0.0 0.0 3675.0 7.0 158.0 32.0
36 38 44 0.0 0.0 0.0 636.0 0.0 34.0 1.0
36 38 45 0.0 0.0 0.0 1.0 0.0 0.0 0.0
36 39 35 0.0 0.0 0.0 26.0 0.0 2.0 0.0
36 39 36 0.0 0.0 0.0 1128.0 5.0 31.0 3.0
36 39 37 0.0 0.0 0.0 7252.0 30.0 263.0 126.0
36 39 38 0.0 0.0 0.0 19259.0 60.0 679.0 940.0
36 39 39 0.0 0.0 0.0 29117.0 61.0 1025.0 2640.0
36 39 40 0.0 0.0 0.0 31720.0 114.0 1115.0 3211.0
36 39 41 0.0 0.0 0.0 28420.0 86.0 959.0 2499.0
36 39 42 0.0 0.0 0.0 17807.0 53.0 657.0 833.0
36 39 43 0.0 0.0 0.0 6715.0 14.0 247.0 101.0
36 39 44 0.0 0.0 0.0 1079.0 0.0 48.0 0.0
36 40 35 0.0 0.0 0.0 19.0 0.0 1.0 0.0
36 40 36 0.0 0.0 0.0 1595.0 8.0 54.0 7.0
36 40 37 0.0 0.0 0.0 9324.0 20.0 338.0 188.0
36 40 38 0.0 0.0 0.0 22423.0 49.0 780.0 1345.0
36 40 39 0.0 0.0 0.0 32948.0 72.0 1104.0 3643.0
36 40 40 0.0 0.0 0.0 36318.0 112.0 1183.0 4826.0
36 40 41 0.0 0.0 0.0 31882.0 92.0 1034.0 3307.0
36 40 42 0.0 0.0 0.0 21300.0 40.0 772.0 1225.0
36 40 43 0.0 0.0 0.0 8159.0 19.0 318.0 119.0
36 40 44 0.0 0.0 0.0 1260.0 0.0 50.0 4.0
36 40 45 0.0 0.0 0.0 22.0 0.0 0.0 0.0
36 41 35 0.0 0.0 0.0 15.0 0.0 2.0 0.0
36 41 36 0.0 0.0 0.0 1254.0 7.0 59.0 1.0
36 41 37 0.0 0.0 0.0 7337.0 35.0 262.0 89.0
36 41 38 0.0 0.0 0.0 18831.0 45.0 648.0 946.0
36 41 39 0.0 0.0 0.0 28920.0 119.0 954.0 2501.0
36 41 40 0.0 0.0 0.0 32547.0 89.0 1068.0 3557.0
36 41 41 0.0 0.0 0.0 27662.0 108.0 999.0 2337.0
36 41 42 0.0 0.0 0.0 17888.0 56.0 635.0 755.0
36 41 43 0.0 0.0 0.0 6820.0 23.0 256.0 87.0
36 41 44 0.0 0.0 0.0 1075.0 3.0 37.0 0.0
36 41 45 0.0 0.0 0.0 11.0 0.0 1.0 0.0
36 42 35 0.0 0.0 0.0 8.0 0.0 1.0 0.0
36 42 36 0.0 0.0 0.0 651.0 1.0 24.0 3.0
36 42 37 0.0 0.0 0.0 3722.0 13.0 147.0 18.0
36 42 38 0.0 0.0 0.0 11204.0 36.0 457.0 246.0
36 42 39 0.0 0.0 0.0 18409.0 47.0 628.0 862.0
36 42 40 0.0 0.0 0.0 21231.0 50.0 772.0 1217.0
36 42 41 0.0 0.0 0.0 17452.0 63.0 643.0 778.0
36 42 42 0.0 0.0 0.0 9955.0 16.0 370.0 214.0
36 42 43 0.0 0.0 0.0 3519.0 0.0 133.0 23.0
36 42 44 0.0 0.0 0.0 398.0 1.0 14.0 1.0
36 42 45 0.0 0.0 0.0 4.0 0.0 0.0 0.0
36 43 35 0.0 0.0 0.0 1.0 0.0 0.0 0.0
36 43 36 0.0 0.0 0.0 209.0 0.0 8.0 0.0
36 43 37 0.0 0.0 0.0 1341.0 3.0 43.0 5.0
36 43 38 0.0 0.0 0.0 4065.0 12.0 179.0 29.0
36 43 39 0.0 0.0 0.0 7273.0 25.0 293.0 94.0
36 43 40 0.0 0.0 0.0 7922.0 17.0 306.0 125.0
36 43 41 0.0 0.0 0.0 7030.0 8.0 268.0 80.0
36 43 42 0.0 0.0 0.0 3457.0 6.0 133.0 17.0
36 43 43 0.0 0.0 0.0 1074.0 5.0 36.0 2.0
36 43 44 0.0 0.0 0.0 92.0 0.0 1.0 0.0
36 44 36 0.0 0.0 0.0 20.0 0.0 1.0 0.0
36 44 37 0.0 0.0 0.0 175.0 0.0 5.0 0.0
36 44 38 0.0 0.0 0.0 687.0 0.0 28.0 1.0
36 44 39 0.0 0.0 0.0 923.0 4.0 36.0 2.0
36 44 40 0.0 0.0 0.0 1153.0 2.0 46.0 3.0
36 44 41 0.0 0.0 0.0 971.0 3.0 38.0 0.0
36 44 42 0.0 0.0 0.0 470.0 0.0 17.0 0.0
36 44 43 0.0 0.0 0.0 105.0 0.0 2.0 0.0
36 44 44 0.0 0.0 0.0 9.0 0.0 0.0 0.0
36 45 37 0.0 0.0 0.0 2.0 0.0 0.0 0.0
36 45 38 0.0 0.0 0.0 4.0 0.0 0.0 0.0
36 45 39 0.0 0.0 0.0 6.0 0.0 0.0 0.0
36 45 40 0.0 0.0 0.0 20.0 0.0 1.0 0.0
36 45 41 0.0 0.0 0.0 14.0 0.0 0.0 0.0
36 45 42 0.0 0.0 0.0 2.0 0.0 0.0 0.0
36 45 43 0.0 0.0 0.0 1.0 0.0 0.0 0.0
37 34 39 0.0 0.0 0.0 1.0 0.0 0.0 0.0
37 35 37 0.0 0.0 0.0 8.0 0.0 0.0 0.0
37 35 38 0.0 0.0 0.0 79.0 0.0 4.0 0.0
37 35 39 0.0 0.0 0.0 113.0 0.0 2.0 0.0
37 35 40 0.0 0.0 0.0 197.0 0.0 7.0 0.0
37 35 41 0.0 0.0 0.0 124.0 1.0 2.0 1.0
37 35 42 0.0 0.0 0.0 38.0 0.0 2.0 0.0
37 35 43 0.0 0.0 0.0 21.0 0.0 2.0 0.0
37 36 35 0.0 0.0 0.0 1.0 0.0 0.0 0.0
37 36 36 0.0 0.0 0.0 194.0 0.0 5.0 0.0
37 36 37 0.0 0.0 0.0 1450.0 2.0 53.0 2.0
37 36 38 0.0 0.0 0.0 4092.0 11.0 152.0 29.0
37 36 39 0.0 0.0 0.0 7208.0 20.0 301.0 101.0
37 36 40 0.0 0.0 0.0 8464.0 19.0 273.0 137.0
37 36 41 0.0 0.0 0.0 7231.0 31.0 274.0 107.0
37 36 42 0.0 0.0 0.0 4121.0 28.0 168.0 30.0
37 36 43 0.0 0.0 0.0 1145.0 6.0 46.0 2.0
37 36 44 0.0 0.0 0.0 191.0 0.0 4.0 0.0
37 37 35 0.0 0.0 0.0 14.0 0.0 0.0 0.0
37 37 36 0.0 0.0 0.0 1260.0 1.0 42.0 1.0
37 37 37 0.0 0.0 0.0 12560.0 38.0 468.0 385.0
37 37 38 0.0 0.0 0.0 29394.0 115.0 1046.0 2990.0
37 37 39 0.0 0.0 0.0 39682.0 114.0 1196.0 7513.0
37 37 40 0.0 0.0 0.0 42232.0 123.0 1282.0 9281.0
37 37 41 0.0 0.0 0.0 39470.0 259.0 1211.0 7696.0
37 37 42 0.0 0.0 0.0 27751.0 98.0 934.0 2667.0
37 37 43 0.0 0.0 0.0 10109.0 42.0 362.0 243.0
37 37 44 0.0 0.0 0.0 1135.0 2.0 49.0 3.0
37 37 45 0.0 0.0 0.0 11.0 0.0 1.0 0.0
37 38 35 0.0 0.0 0.0 58.0 0.0 3.0 0.0
37 38 36 0.0 0.0 0.0 4535.0 8.0 172.0 29.0
37 38 37 0.0 0.0 0.0 29361.0 49.0 970.0 3031.0
37 38 38 0.0 0.0 0.0 46695.0 188.0 1286.0 14842.0
37 38 39 0.0 0.0 0.0 49444.0 207.0 1256.0 27136.0
37 38 40 0.0 0.0 0.0 49468.0 224.0 1286.0 31489.0
37 38 41 0.0 0.0 0.0 49903.0 272.0 1287.0 26546.0
37 38 42 0.0 0.0 0.0 45743.0 213.0 1292.0 12665.0
37 38 43 0.0 0.0 0.0 26248.0 68.0 919.0 2245.0
37 38 44 0.0 0.0 0.0 4014.0 23.0 153.0 26.0
37 38 45 0.0 0.0 0.0 70.0 0.0 4.0 0.0
37 39 35 0.0 0.0 0.0 120.0 3.0 0.0 0.0
37 39 36 0.0 0.0 0.0 7603.0 3.0 302.0 108.0
37 39 37 0.0 0.0 0.0 40170.0 122.0 1279.0 7673.0
37 39 38 0.0 0.0 0.0 49673.0 292.0 1276.0 27082.0
37 39 39 0.0 0.0 0.0 46632.0 352.0 1084.0 43451.0
37 39 40 0.0 0.0 0.0 45107.0 392.0 986.0 48032.0
37 39 41 0.0 0.0 0.0 47435.0 300.0 1098.0 42141.0
37 39 42 0.0 0.0 0.0 50001.0 237.0 1238.0 26251.0
37 39 43 0.0 0.0 0.0 38765.0 111.0 1294.0 6923.0
37 39 44 0.0 0.0 0.0 7246.0 16.0 292.0 92.0
37 39 45 0.0 0.0 0.0 130.0 0.0 5.0 0.0
37 40 35 0.0 0.0 0.0 164.0 0.0 6.0 0.0
37 40 36 0.0 0.0 0.0 9366.0 17.0 339.0 168.0
37 40 37 0.0 0.0 0.0 42829.0 193.0 1334.0 9649.0
37 40 38 0.0 0.0 0.0 49816.0 238.0 1237.0 31999.0
37 40 39 0.0 0.0 0.0 45041.0 334.0 999.0 48508.0
37 40 40 0.0 0.0 0.0 43171.0 289.0 927.0 53991.0
37 40 41 0.0 0.0 0.0 45400.0 291.0 1003.0 47028.0
37 40 42 0.0 0.0 0.0 49673.0 323.0 1271.0 30318.0
37 40 43 0.0 0.0 0.0 41495.0 198.0 1295.0 8170.0
37 40 44 0.0 0.0 0.0 8239.0 20.0 305.0 145.0
37 40 45 0.0 0.0 0.0 188.0 0.0 12.0 0.0
37 41 35 0.0 0.0 0.0 128.0 0.0 4.0 0.0
37 41 36 0.0 0.0 0.0 8098.0 5.0 276.0 137.0
37 41 37 0.0 0.0 0.0 40322.0 134.0 1261.0 7866.0
37 41 38 0.0 0.0 0.0 49891.0 303.0 1259.0 27496.0
37 41 39 0.0 0.0 0.0 46969.0 346.0 1057.0 43167.0
37 41 40 0.0 0.0 0.0 45435.0 283.0 1078.0 47691.0
37 41 41 0.0 0.0 0.0 47518.0 298.0 1150.0 41776.0
37 41 42 0.0 0.0 0.0 50030.0 253.0 1309.0 25006.0
37 41 43 0.0 0.0 0.0 37435.0 114.0 1172.0 6190.0
37 41 44 0.0 0.0 0.0 6859.0 9.0 261.0 102.0
37 41 45 0.0 0.0 0.0 131.0 0.0 4.0 0.0
37 42 35 0.0 0.0 0.0 65.0 0.0 3.0 0.0
37 42 36 0.0 0.0 0.0 4519.0 8.0 183.0 34.0
37 42 37 0.0 0.0 0.0 29042.0 105.0 992.0 2925.0
37 42 38 0.0 0.0 0.0 46625.0 158.0 1326.0 13732.0
37 42 39 0.0 0.0 0.0 50218.0 206.0 1299.0 25976.0
37 42 40 0.0 0.0 0.0 49353.0 275.0 1205.0 30962.0
37 42 41 0.0 0.0 0.0 49965.0 223.0 1251.0 24786.0
37 42 42 0.0 0.0 0.0 45595.0 195.0 1315.0 12548.0
37 42 43 0.0 0.0 0.0 25614.0 101.0 953.0 2116.0
37 42 44 0.0 0.0 0.0 3944.0 5.0 172.0 28.0
37 42 45 0.0 0.0 0.0 43.0 0.0 1.0 0.0
37 43 35 0.0 0.0 0.0 20.0 0.0 0.0 0.0
37 43 36 0.0 0.0 0.0 1284.0 1.0 47.0 2.0
37 43 37 0.0 0.0 0.0 13755.0 31.0 517.0 515.0
37 43 38 0.0 0.0 0.0 29344.0 70.0 1015.0 3045.0
37 43 39 0.0 0.0 0.0 38507.0 184.0 1145.0 6545.0
37 43 40 0.0 0.0 0.0 41115.0 160.0 1251.0 8190.0
37 43 41 0.0 0.0 0.0 37620.0 147.0 1226.0 6240.0
37 43 42 0.0 0.0 0.0 25793.0 104.0 821.0 2062.0
37 43 43 0.0 0.0 0.0 10002.0 22.0 387.0 231.0
37 43 44 0.0 0.0 0.0 1313.0 5.0 53.0 2.0
37 43 45 0.0 0.0 0.0 8.0 0.0 0.0 0.0
37 44 36 0.0 0.0 0.0 205.0 2.0 6.0 0.0
37 44 37 0.0 0.0 0.0 1318.0 3.0 59.0 3.0
37 44 38 0.0 0.0 0.0 4162.0 9.0 173.0 33.0
37 44 39 0.0 0.0 0.0 6964.0 16.0 273.0 102.0
37 44 40 0.0 0.0 0.0 8926.0 26.0 332.0 142.0
37 44 41 0.0 0.0 0.0 6685.0 18.0 244.0 86.0
37 44 42 0.0 0.0 0.0 3820.0 16.0 153.0 21.0
37 44 43 0.0 0.0 0.0 995.0 3.0 53.0 2.0
37 44 44 0.0 0.0 0.0 114.0 0.0 2.0 0.0
37 44 45 0.0 0.0 0.0 1.0 0.0 0.0 0.0
37 45 36 0.0 0.0 0.0 1.0 0.0 0.0 0.0
37 45 37 0.0 0.0 0.0 11.0 0.0 0.0 0.0
37 45 38 0.0 0.0 0.0 55.0 0.0 2.0 0.0
37 45 39 0.0 0.0 0.0 98.0 0.0 7.0 0.0
37 45 40 0.0 0.0 0.0 162.0 0.0 4.0 0.0
37 45 41 0.0 0.0 0.0 125.0 2.0 2.0 0.0
37 45 42 0.0 0.0 0.0 63.0 0.0 1.0 0.0
37 45 43 0.0 0.0 0.0 12.0 0.0 0.0 0.0
38 34 40 0.0 0.0 0.0 1.0 0.0 0.0 0.0
38 35 35 0.0 0.0 0.0 1.0 0.0 0.0 0.0
38 35 36 0.0 0.0 0.0 4.0 0.0 0.0 0.0
38 35 37 0.0 0.0 0.0 61.0 1.0 2.0 0.0
38 35 38 0.0 0.0 0.0 215.0 0.0 7.0 0.0
38 35 39 0.0 0.0 0.0 527.0 2.0 15.0 0.0
38 35 40 0.0 0.0 0.0 657.0 1.0 23.0 0.0
38 35 41 0.0 0.0 0.0 493.0 0.0 15.0 1.0
38 35 42 0.0 0.0 0.0 267.0 1.0 8.0 0.0
38 35 43 0.0 0.0 0.0 84.0 0.0 3.0 0.0
38 35 44 0.0 0.0 0.0 7.0 0.0 1.0 0.0
38 36 35 0.0 0.0 0.0 4.0 0.0 0.0 0.0
38 36 36 0.0 0.0 0.0 633.0 1.0 14.0 2.0
38 36 37 0.0 0.0 0.0 4129.0 24.0 162.0 26.0
38 36 38 0.0 0.0 0.0 11272.0 25.0 412.0 292.0
38 36 39 0.0 0.0 0.0 18913.0 36.0 656.0 856.0
38 36 40 0.0 0.0 0.0 21862.0 70.0 754.0 1288.0
38 36 41 0.0 0.0 0.0 18933.0 23.0 673.0 926.0
38 36 42 0.0 0.0 0.0 11407.0 51.0 396.0 266.0
38 36 43 0.0 0.0 0.0 4156.0 9.0 163.0 21.0
38 36 44 0.0 0.0 0.0 619.0 0.0 21.0 1.0
38 36 45 0.0 0.0 0.0 4.0 0.0 0.0 0.0
38 37 35 0.0 0.0 0.0 98.0 0.0 3.0 0.0
38 37 36 0.0 0.0 0.0 4116.0 10.0 152.0 32.0
38 37 37 0.0 0.0 0.0 27919.0 163.0 1015.0 2603.0
38 37 38 0.0 0.0 0.0 46831.0 190.0 1354.0 14494.0
38 37 39 0.0 0.0 0.0 50251.0 252.0 1370.0 26361.0
38 37 40 0.0 0.0 0.0 49584.0 195.0 1275.0 30898.0
38 37 41 0.0 0.0 0.0 49760.0 273.0 1307.0 26911.0
38 37 42 0.0 0.0 0.0 45795.0 211.0 1255.0 13660.0
38 37 43 0.0 0.0 0.0 29196.0 72.0 1000.0 2971.0
38 37 44 0.0 0.0 0.0 4365.0 8.0 167.0 30.0
38 37 45 0.0 0.0 0.0 48.0 0.0 1.0 0.0
38 38 35 0.0 0.0 0.0 249.0 0.0 8.0 0.0
38 38 36 0.0 0.0 0.0 12445.0 34.0 478.0 348.0
38 38 37 0.0 0.0 0.0 47400.0 135.0 1362.0 15150.0
38 38 38 0.0 0.0 0.0 40605.0 358.0 867.0 55870.0
38 38 39 0.0 0.0 0.0 33455.0 296.0 624.0 74537.0
38 38 40 0.0 0.0 0.0 31196.0 339.0 584.0 80053.0
38 38 41 0.0 0.0 0.0 34077.0 500.0 641.0 73109.0
38 38 42 0.0 0.0 0.0 41928.0 225.0 927.0 53261.0
38 38 43 0.0 0.0 0.0 46059.0 254.0 1358.0 13433.0
38 38 44 0.0 0.0 0.0 11460.0 23.0 420.0 311.0
38 38 45 0.0 0.0 0.0 256.0 0.0 6.0 0.0
38 39 35 0.0 0.0 0.0 552.0 1.0 20.0 0.0
38 39 36 0.0 0.0 0.0 20010.0 46.0 732.0 1033.0
38 39 37 0.0 0.0 0.0 49899.0 240.0 1296.0 27803.0
38 39 38 0.0 0.0 0.0 34316.0 276.0 681.0 73461.0
38 39 39 0.0 0.0 0.0 25887.0 437.0 455.0 94131.0
38 39 40 0.0 0.0 0.0 23748.0 414.0 355.0 98424.0
38 39 41 0.0 0.0 0.0 26394.0 365.0 451.0 92881.0
38 39 42 0.0 0.0 0.0 34373.0 377.0 714.0 72922.0
38 39 43 0.0 0.0 0.0 49626.0 256.0 1279.0 27040.0
38 39 44 0.0 0.0 0.0 18738.0 108.0 634.0 855.0
38 39 45 0.0 0.0 0.0 476.0 3.0 12.0 0.0
38 40 35 0.0 0.0 0.0 731.0 0.0 18.0 1.0
38 40 36 0.0 0.0 0.0 22649.0 67.0 796.0 1342.0
38 40 37 0.0 0.0 0.0 49463.0 230.0 1176.0 32241.0
38 40 38 0.0 0.0 0.0 31278.0 307.0 585.0 80546.0
38 40 39 0.0 0.0 0.0 23784.0 402.0 378.0 98807.0
38 40 40 0.0 0.0 0.0 21402.0 370.0 312.0 104701.0
38 40 41 0.0 0.0 0.0 24195.0 362.0 408.0 98187.0
38 40 42 0.0 0.0 0.0 32279.0 396.0 588.0 78002.0
38 40 43 0.0 0.0 0.0 49577.0 270.0 1187.0 30195.0
38 40 44 0.0 0.0 0.0 21764.0 53.0 801.0 1348.0
38 40 45 0.0 0.0 0.0 702.0 0.0 35.0 0.0
38 41 35 0.0 0.0 0.0 499.0 0.0 18.0 0.0
38 41 36 0.0 0.0 0.0 19901.0 36.0 687.0 962.0
38 41 37 0.0 0.0 0.0 49992.0 224.0 1278.0 27111.0
38 41 38 0.0 0.0 0.0 33790.0 432.0 655.0 74323.0
38 41 39 0.0 0.0 0.0 26081.0 375.0 444.0 93897.0
38 41 40 0.0 0.0 0.0 23506.0 376.0 380.0 99054.0
38 41 41 0.0 0.0 0.0 27116.0 372.0 464.0 91862.0
38 41 42 0.0 0.0 0.0 35105.0 429.0 659.0 71341.0
38 41 43 0.0 0.0 0.0 49863.0 224.0 1298.0 25979.0
38 41 44 0.0 0.0 0.0 18997.0 44.0 635.0 872.0
38 41 45 0.0 0.0 0.0 554.0 0.0 28.0 0.0
38 42 35 0.0 0.0 0.0 255.0 0.0 6.0 0.0
38 42 36 0.0 0.0 0.0 12490.0 42.0 491.0 368.0
38 42 37 0.0 0.0 0.0 47233.0 218.0 1333.0 15407.0
38 42 38 0.0 0.0 0.0 39908.0 270.0 877.0 56975.0
38 42 39 0.0 0.0 0.0 34462.0 366.0 632.0 72204.0
38 42 40 0.0 0.0 0.0 31637.0 378.0 590.0 78543.0
38 42 41 0.0 0.0 0.0 34888.0 350.0 647.0 71792.0
38 42 42 0.0 0.0 0.0 42241.0 294.0 907.0 52426.0
38 42 43 0.0 0.0 0.0 45709.0 195.0 1338.0 12704.0
38 42 44 0.0 0.0 0.0 11253.0 15.0 423.0 303.0
38 42 45 0.0 0.0 0.0 201.0 1.0 6.0 0.0
38 43 35 0.0 0.0 0.0 48.0 0.0 0.0 0.0
38 43 36 0.0 0.0 0.0 4473.0 14.0 177.0 36.0
38 43 37 0.0 0.0 0.0 31354.0 67.0 1050.0 3652.0
38 43 38 0.0 0.0 0.0 47002.0 149.0 1386.0 14807.0
38 43 39 0.0 0.0 0.0 49827.0 281.0 1313.0 27472.0
38 43 40 0.0 0.0 0.0 49627.0 322.0 1264.0 30926.0
38 43 41 0.0 0.0 0.0 49596.0 277.0 1298.0 25666.0
38 43 42 0.0 0.0 0.0 46429.0 178.0 1424.0 13714.0
38 43 43 0.0 0.0 0.0 27428.0 71.0 937.0 2673.0
38 43 44 0.0 0.0 0.0 3754.0 8.0 152.0 22.0
38 43 45 0.0 0.0 0.0 63.0 0.0 2.0 0.0
38 44 35 0.0 0.0 0.0 3.0 0.0 0.0 0.0
38 44 36 0.0 0.0 0.0 839.0 0.0 37.0 1.0
38 44 37 0.0 0.0 0.0 4386.0 18.0 158.0 29.0
38 44 38 0.0 0.0 0.0 11726.0 12.0 436.0 304.0
38 44 39 0.0 0.0 0.0 19285.0 28.0 699.0 903.0
38 44 40 0.0 0.0 0.0 21606.0 46.0 704.0 1257.0
38 44 41 0.0 0.0 0.0 18731.0 41.0 674.0 799.0
38 44 42 0.0 0.0 0.0 10888.0 27.0 418.0 271.0
38 44 43 0.0 0.0 0.0 3824.0 14.0 128.0 24.0
38 44 44 0.0 0.0 0.0 605.0 0.0 30.0 1.0
38 44 45 0.0 0.0 0.0 6.0 0.0 0.0 0.0
38 45 36 0.0 0.0 0.0 4.0 0.0 0.0 0.0
38 45 37 0.0 0.0 0.0 59.0 0.0 0.0 0.0
38 45 38 0.0 0.0 0.0 233.0 0.0 5.0 0.0
38 45 39 0.0 0.0 0.0 609.0 2.0 21.0 2.0
38 45 40 0.0 0.0 0.0 643.0 1.0 24.0 0.0
38 45 41 0.0 0.0 0.0 490.0 0.0 16.0 0.0
38 45 42 0.0 0.0 0.0 209.0 0.0 6.0 0.0
38 45 43 0.0 0.0 0.0 66.0 0.0 1.0 0.0
38 45 44 0.0 0.0 0.0 7.0 0.0 0.0 0.0
39 34 39 0.0 0.0 0.0 1.0 0.0 0.0 0.0
39 34 42 0.0 0.0 0.0 3.0 0.0 0.0 0.0
39 35 35 0.0 0.0 0.0 1.0 0.0 0.0 0.0
39 35 36 0.0 0.0 0.0 12.0 0.0 0.0 0.0
39 35 37 0.0 0.0 0.0 147.0 0.0 4.0 0.0
39 35 38 0.0 0.0 0.0 425.0 2.0 17.0 0.0
39 35 39 0.0 0.0 0.0 1094.0 3.0 33.0 1.0
39 35 40 0.0 0.0 0.0 1475.0 3.0 64.0 2.0
39 35 41 0.0 0.0 0.0 1020.0 0.0 41.0 4.0
39 35 42 0.0 0.0 0.0 543.0 1.0 25.0 1.0
39 35 43 0.0 0.0 0.0 120.0 0.0 4.0 0.0
39 35 44 0.0 0.0 0.0 13.0 0.0 0.0 0.0
39 36 35 0.0 0.0 0.0 13.0 0.0 2.0 0.0
39 36 36 0.0 0.0 0.0 1211.0 2.0 61.0 1.0
39 36 37 0.0 0.0 0.0 7809.0 12.0 285.0 117.0
39 36 38 0.0 0.0 0.0 19423.0 74.0 700.0 929.0
39 36 39 0.0 0.0 0.0 29083.0 157.0 977.0 2620.0
39 36 40 0.0 0.0 0.0 33250.0 116.0 1049.0 3771.0
39 36 41 0.0 0.0 0.0 29425.0 76.0 1042.0 2636.0
39 36 42 0.0 0.0 0.0 18956.0 68.0 707.0 941.0
39 36 43 0.0 0.0 0.0 7640.0 18.0 271.0 104.0
39 36 44 0.0 0.0 0.0 1170.0 3.0 43.0 1.0
39 36 45 0.0 0.0 0.0 8.0 0.0 0.0 0.0
39 37 35 0.0 0.0 0.0 141.0 0.0 5.0 0.0
39 37 36 0.0 0.0 0.0 7992.0 25.0 290.0 122.0
39 37 37 0.0 0.0 0.0 39241.0 159.0 1237.0 7319.0
39 37 38 0.0 0.0 0.0 49376.0 263.0 1213.0 26940.0
39 37 39 0.0 0.0 0.0 46677.0 303.0 1109.0 44102.0
39 37 40 0.0 0.0 0.0 45201.0 350.0 1046.0 48746.0
39 37 41 0.0 0.0 0.0 46984.0 308.0 1129.0 43640.0
39 37 42 0.0 0.0 0.0 50102.0 276.0 1295.0 27288.0
39 37 43 0.0 0.0 0.0 39620.0 154.0 1232.0 7343.0
39 37 44 0.0 0.0 0.0 7734.0 24.0 317.0 125.0
39 37 45 0.0 0.0 0.0 128.0 0.0 4.0 0.0
39 38 35 0.0 0.0 0.0 536.0 0.0 14.0 0.0
39 38 36 0.0 0.0 0.0 19501.0 46.0 655.0 894.0
39 38 37 0.0 0.0 0.0 49777.0 347.0 1289.0 27635.0
39 38 38 0.0 0.0 0.0 34134.0 417.0 671.0 73755.0
39 38 39 0.0 0.0 0.0 26246.0 386.0 436.0 93347.0
39 38 40 0.0 0.0 0.0 23997.0 377.0 409.0 98590.0
39 38 41 0.0 0.0 0.0 25999.0 347.0 444.0 93611.0
39 38 42 0.0 0.0 0.0 33642.0 367.0 656.0 74549.0
39 38 43 0.0 0.0 0.0 49766.0 299.0 1230.0 27459.0
39 38 44 0.0 0.0 0.0 19465.0 87.0 725.0 967.0
39 38 45 0.0 0.0 0.0 580.0 5.0 15.0 0.0
39 39 35 0.0 0.0 0.0 1169.0 2.0 49.0 2.0
39 39 36 0.0 0.0 0.0 29577.0 87.0 1009.0 2720.0
39 39 37 0.0 0.0 0.0 46769.0 344.0 1092.0 44494.0
39 39 38 0.0 0.0 0.0 25764.0 337.0 423.0 94650.0
39 39 39 0.0 0.0 0.0 14347.0 298.0 192.0 126406.0
39 39 40 0.0 0.0 0.0 13075.0 301.0 165.0 129986.0
39 39 41 0.0 0.0 0.0 14879.0 338.0 209.0 124671.0
39 39 42 0.0 0.0 0.0 26468.0 406.0 472.0 93113.0
39 39 43 0.0 0.0 0.0 46555.0 246.0 1019.0 43825.0
39 39 44 0.0 0.0 0.0 30030.0 90.0 1000.0 2891.0
39 39 45 0.0 0.0 0.0 1131.0 0.0 42.0 3.0
39 39 46 0.0 0.0 0.0 1.0 0.0 0.0 0.0
39 40 34 0.0 0.0 0.0 1.0 0.0 0.0 0.0
39 40 35 0.0 0.0 0.0 1287.0 0.0 46.0 1.0
39 40 36 0.0 0.0 0.0 34096.0 92.0 1083.0 4110.0
39 40 37 0.0 0.0 0.0 44712.0 312.0 1027.0 49634.0
39 40 38 0.0 0.0 0.0 23461.0 355.0 393.0 99556.0
39 40 39 0.0 0.0 0.0 13031.0 287.0 137.0 129724.0
39 40 40 0.0 0.0 0.0 10827.0 270.0 141.0 135495.0
39 40 41 0.0 0.0 0.0 13329.0 319.0 161.0 129047.0
39 40 42 0.0 0.0 0.0 23670.0 381.0 387.0 98789.0
39 40 43 0.0 0.0 0.0 44564.0 372.0 978.0 49460.0
39 40 44 0.0 0.0 0.0 33320.0 95.0 1066.0 3633.0
39 40 45 0.0 0.0 0.0 1496.0 3.0 63.0 3.0
39 41 34 0.0 0.0 0.0 1.0 0.0 0.0 0.0
39 41 35 0.0 0.0 0.0 1184.0 2.0 42.0 2.0
39 41 36 0.0 0.0 0.0 30398.0 54.0 1053.0 2769.0
39 41 37 0.0 0.0 0.0 46219.0 321.0 1022.0 44836.0
39 41 38 0.0 0.0 0.0 25909.0 348.0 438.0 94198.0
39 41 39 0.0 0.0 0.0 14788.0 286.0 196.0 126116.0
39 41 40 0.0 0.0 0.0 13210.0 316.0 180.0 129211.0
39 41 41 0.0 0.0 0.0 15245.0 298.0 205.0 124514.0
39 41 42 0.0 0.0 0.0 26696.0 352.0 433.0 92482.0
39 41 43 0.0 0.0 0.0 46925.0 217.0 1097.0 43528.0
39 41 44 0.0 0.0 0.0 28908.0 128.0 933.0 2515.0
39 41 45 0.0 0.0 0.0 1075.0 4.0 39.0 2.0
39 42 35 0.0 0.0 0.0 486.0 0.0 8.0 0.0
39 42 36 0.0 0.0 0.0 19641.0 74.0 672.0 1009.0
39 42 37 0.0 0.0 0.0 49380.0 251.0 1206.0 28615.0
39 42 38 0.0 0.0 0.0 33314.0 335.0 620.0 75597.0
39 42 39 0.0 0.0 0.0 26093.0 334.0 432.0 93626.0
39 42 40 0.0 0.0 0.0 23778.0 353.0 365.0 98767.0
39 42 41 0.0 0.0 0.0 26608.0 326.0 454.0 92863.0
39 42 42 0.0 0.0 0.0 33645.0 357.0 626.0 74040.0
39 42 43 0.0 0.0 0.0 49664.0 248.0 1239.0 26551.0
39 42 44 0.0 0.0 0.0 18487.0 24.0 608.0 812.0
39 42 45 0.0 0.0 0.0 535.0 0.0 26.0 0.0
39 43 35 0.0 0.0 0.0 178.0 0.0 8.0 0.0
39 43 36 0.0 0.0 0.0 8178.0 19.0 306.0 129.0
39 43 37 0.0 0.0 0.0 41098.0 125.0 1261.0 8493.0
39 43 38 0.0 0.0 0.0 49728.0 233.0 1227.0 27443.0
39 43 39 0.0 0.0 0.0 47026.0 297.0 1033.0 43192.0
39 43 40 0.0 0.0 0.0 45193.0 306.0 925.0 48530.0
39 43 41 0.0 0.0 0.0 47280.0 323.0 1128.0 43177.0
39 43 42 0.0 0.0 0.0 49683.0 219.0 1228.0 27023.0
39 43 43 0.0 0.0 0.0 39880.0 103.0 1254.0 7668.0
39 43 44 0.0 0.0 0.0 7043.0 18.0 272.0 83.0
39 43 45 0.0 0.0 0.0 99.0 0.0 4.0 0.0
39 44 35 0.0 0.0 0.0 10.0 0.0 1.0 0.0
39 44 36 0.0 0.0 0.0 1471.0 6.0 66.0 2.0
39 44 37 0.0 0.0 0.0 7585.0 23.0 294.0 112.0
39 44 38 0.0 0.0 0.0 20078.0 64.0 687.0 993.0
39 44 39 0.0 0.0 0.0 29026.0 68.0 1030.0 2596.0
39 44 40 0.0 0.0 0.0 32711.0 83.0 986.0 3605.0
39 44 41 0.0 0.0 0.0 28389.0 120.0 920.0 2489.0
39 44 42 0.0 0.0 0.0 19070.0 46.0 717.0 885.0
39 44 43 0.0 0.0 0.0 7002.0 11.0 269.0 87.0
39 44 44 0.0 0.0 0.0 1250.0 3.0 50.0 3.0
39 44 45 0.0 0.0 0.0 15.0 0.0 0.0 0.0
39 45 36 0.0 0.0 0.0 23.0 0.0 0.0 0.0
39 45 37 0.0 0.0 0.0 176.0 0.0 10.0 0.0
39 45 38 0.0 0.0 0.0 478.0 0.0 9.0 0.0
39 45 39 0.0 0.0 0.0 1175.0 0.0 47.0 1.0
39 45 40 0.0 0.0 0.0 1199.0 2.0 32.0 0.0
39 45 41 0.0 0.0 0.0 1020.0 6.0 39.0 2.0
39 45 42 0.0 0.0 0.0 439.0 0.0 17.0 0.0
39 45 43 0.0 0.0 0.0 135.0 0.0 5.0 0.0
39 45 44 0.0 0.0 0.0 14.0 0.0 0.0 0.0
39 46 40 0.0 0.0 0.0 2.0 0.0 0.0 0.0
40 34 39 0.0 0.0 0.0 1.0 0.0 0.0 0.0
40 34 40 0.0 0.0 0.0 2.0 0.0 0.0 0.0
40 34 41 0.0 0.0 0.0 1.0 0.0 0.0 0.0
40 34 42 0.0 0.0 0.0 1.0 0.0 0.0 0.0
40 35 36 0.0 0.0 0.0 36.0 0.0 2.0 0.0
40 35 37 0.0 0.0 0.0 180.0 0.0 7.0 0.0
40 35 38 0.0 0.0 0.0 672.0 0.0 30.0 0.0
40 35 39 0.0 0.0 0.0 1418.0 2.0 52.0 1.0
40 35 40 0.0 0.0 0.0 1730.0 2.0 54.0 2.0
40 35 41 0.0 0.0 0.0 1333.0 6.0 52.0 4.0
40 35 42 0.0 0.0 0.0 650.0 2.0 18.0 1.0
40 35 43 0.0 0.0 0.0 143.0 0.0 7.0 0.0
40 35 44 0.0 0.0 0.0 16.0 0.0 0.0 0.0
40 36 35 0.0 0.0 0.0 13.0 0.0 0.0 0.0
40 36 36 0.0 0.0 0.0 1501.0 4.0 69.0 1.0
40 36 37 0.0 0.0 0.0 9103.0 24.0 334.0 195.0
40 36 38 0.0 0.0 0.0 22629.0 78.0 779.0 1357.0
40 36 39 0.0 0.0 0.0 33094.0 127.0 1132.0 3686.0
40 36 40 0.0 0.0 0.0 37067.0 84.0 1220.0 5131.0
40 36 41 0.0 0.0 0.0 34055.0 114.0 1154.0 3853.0
40 36 42 0.0 0.0 0.0 22882.0 55.0 764.0 1451.0
40 36 43 0.0 0.0 0.0 9420.0 23.0 349.0 173.0
40 36 44 0.0 0.0 0.0 1797.0 9.0 87.0 4.0
40 36 45 0.0 0.0 0.0 33.0 0.0 1.0 0.0
40 37 35 0.0 0.0 0.0 148.0 0.0 9.0 0.0
40 37 36 0.0 0.0 0.0 8714.0 27.0 346.0 139.0
40 37 37 0.0 0.0 0.0 42540.0 198.0 1332.0 9404.0
40 37 38 0.0 0.0 0.0 49257.0 332.0 1214.0 32218.0
40 37 39 0.0 0.0 0.0 44651.0 443.0 1030.0 49556.0
40 37 40 0.0 0.0 0.0 43068.0 322.0 967.0 54286.0
40 37 41 0.0 0.0 0.0 45117.0 301.0 982.0 49358.0
40 37 42 0.0 0.0 0.0 49685.0 257.0 1236.0 32625.0
40 37 43 0.0 0.0 0.0 43165.0 207.0 1289.0 10568.0
40 37 44 0.0 0.0 0.0 9695.0 32.0 386.0 195.0
40 37 45 0.0 0.0 0.0 175.0 0.0 4.0 0.0
40 38 35 0.0 0.0 0.0 702.0 2.0 24.0 2.0
40 38 36 0.0 0.0 0.0 22669.0 70.0 834.0 1354.0
40 38 37 0.0 0.0 0.0 49858.0 250.0 1233.0 32064.0
40 38 38 0.0 0.0 0.0 31208.0 487.0 622.0 79871.0
40 38 39 0.0 0.0 0.0 23258.0 391.0 366.0 100629.0
40 38 40 0.0 0.0 0.0 21243.0 371.0 339.0 104483.0
40 38 41 0.0 0.0 0.0 23606.0 391.0 419.0 99327.0
40 38 42 0.0 0.0 0.0 30795.0 418.0 570.0 81280.0
40 38 43 0.0 0.0 0.0 49182.0 330.0 1128.0 32771.0
40 38 44 0.0 0.0 0.0 23061.0 38.0 850.0 1396.0
40 38 45 0.0 0.0 0.0 668.0 1.0 21.0 0.0
40 39 35 0.0 0.0 0.0 1407.0 5.0 35.0 4.0
40 39 36 0.0 0.0 0.0 33853.0 95.0 1099.0 3894.0
40 39 37 0.0 0.0 0.0 44294.0 328.0 1010.0 50294.0
40 39 38 0.0 0.0 0.0 23778.0 336.0 384.0 99181.0
40 39 39 0.0 0.0 0.0 12987.0 336.0 164.0 130159.0
40 39 40 0.0 0.0 0.0 10840.0 313.0 120.0 135234.0
40 39 41 0.0 0.0 0.0 12759.0 300.0 165.0 131315.0
40 39 42 0.0 0.0 0.0 23525.0 390.0 382.0 99615.0
40 39 43 0.0 0.0 0.0 44570.0 344.0 960.0 49593.0
40 39 44 0.0 0.0 0.0 33054.0 96.0 1061.0 3820.0
40 39 45 0.0 0.0 0.0 1456.0 6.0 45.0 2.0
40 39 46 0.0 0.0 0.0 1.0 0.0 0.0 0.0
40 40 34 0.0 0.0 0.0 2.0 0.0 0.0 0.0
40 40 35 0.0 0.0 0.0 1783.0 1.0 86.0 2.0
40 40 36 0.0 0.0 0.0 36974.0 117.0 1186.0 5160.0
40 40 37 0.0 0.0 0.0 42644.0 336.0 930.0 54929.0
40 40 38 0.0 0.0 0.0 21424.0 323.0 340.0 105171.0
40 40 39 0.0 0.0 0.0 10913.0 244.0 126.0 135130.0
40 40 40 0.0 0.0 0.0 7309.0 228.0 64.0 156451.0
40 40 41 0.0 0.0 0.0 11027.0 284.0 170.0 136240.0
40 40 42 0.0 0.0 0.0 21273.0 319.0 326.0 105039.0
40 40 43 0.0 0.0 0.0 42950.0 351.0 968.0 54808.0
40 40 44 0.0 0.0 0.0 36878.0 111.0 1141.0 5235.0
40 40 45 0.0 0.0 0.0 1650.0 0.0 67.0 2.0
40 40 46 0.0 0.0 0.0 3.0 0.0 0.0 0.0
40 41 34 0.0 0.0 0.0 1.0 0.0 0.0 0.0
40 41 35 0.0 0.0 0.0 1260.0 4.0 45.0 4.0
40 41 36 0.0 0.0 0.0 33001.0 116.0 1124.0 3715.0
40 41 37 0.0 0.0 0.0 44349.0 318.0 1040.0 50109.0
40 41 38 0.0 0.0 0.0 23561.0 333.0 372.0 99790.0
40 41 39 0.0 0.0 0.0 12864.0 271.0 158.0 130858.0
40 41 40 0.0 0.0 0.0 10928.0 248.0 121.0 136109.0
40 41 41 0.0 0.0 0.0 12888.0 288.0 133.0 130226.0
40 41 42 0.0 0.0 0.0 23839.0 352.0 321.0 99036.0
40 41 43 0.0 0.0 0.0 45059.0 317.0 1035.0 48689.0
40 41 44 0.0 0.0 0.0 32959.0 161.0 1138.0 3755.0
40 41 45 0.0 0.0 0.0 1375.0 3.0 55.0 3.0
40 41 46 0.0 0.0 0.0 1.0 0.0 0.0 0.0
40 42 35 0.0 0.0 0.0 764.0 0.0 20.0 0.0
40 42 36 0.0 0.0 0.0 22901.0 106.0 825.0 1355.0
40 42 37 0.0 0.0 0.0 49257.0 262.0 1229.0 33255.0
40 42 38 0.0 0.0 0.0 31131.0 295.0 595.0 81026.0
40 42 39 0.0 0.0 0.0 23671.0 375.0 395.0 99006.0
40 42 40 0.0 0.0 0.0 21735.0 316.0 311.0 104069.0
40 42 41 0.0 0.0 0.0 24131.0 353.0 391.0 98084.0
40 42 42 0.0 0.0 0.0 31679.0 337.0 602.0 79729.0
40 42 43 0.0 0.0 0.0 49649.0 225.0 1262.0 31325.0
40 42 44 0.0 0.0 0.0 21982.0 53.0 742.0 1234.0
40 42 45 0.0 0.0 0.0 694.0 2.0 36.0 0.0
40 43 35 0.0 0.0 0.0 212.0 0.0 6.0 1.0
40 43 36 0.0 0.0 0.0 9913.0 25.0 338.0 206.0
40 43 37 0.0 0.0 0.0 42554.0 104.0 1297.0 9541.0
40 43 38 0.0 0.0 0.0 49067.0 330.0 1228.0 32644.0
40 43 39 0.0 0.0 0.0 44641.0 330.0 1015.0 49011.0
40 43 40 0.0 0.0 0.0 42675.0 301.0 877.0 54461.0
40 43 41 0.0 0.0 0.0 45271.0 292.0 1040.0 48278.0
40 43 42 0.0 0.0 0.0 49553.0 198.0 1253.0 30971.0
40 43 43 0.0 0.0 0.0 41788.0 171.0 1267.0 9188.0
40 43 44 0.0 0.0 0.0 8898.0 11.0 333.0 187.0
40 43 45 0.0 0.0 0.0 182.0 0.0 6.0 0.0
40 44 35 0.0 0.0 0.0 21.0 0.0 1.0 0.0
40 44 36 0.0 0.0 0.0 1707.0 2.0 58.0 8.0
40 44 37 0.0 0.0 0.0 9641.0 49.0 364.0 216.0
40 44 38 0.0 0.0 0.0 22359.0 49.0 790.0 1289.0
40 44 39 0.0 0.0 0.0 32957.0 130.0 1116.0 3676.0
40 44 40 0.0 0.0 0.0 36520.0 113.0 1176.0 4804.0
40 44 41 0.0 0.0 0.0 32506.0 105.0 1054.0 3479.0
40 44 42 0.0 0.0 0.0 22356.0 89.0 796.0 1376.0
40 44 43 0.0 0.0 0.0 8945.0 21.0 341.0 175.0
40 44 44 0.0 0.0 0.0 1398.0 7.0 52.0 6.0
40 44 45 0.0 0.0 0.0 13.0 0.0 0.0 0.0
40 45 36 0.0 0.0 0.0 18.0 0.0 0.0 0.0
40 45 37 0.0 0.0 0.0 177.0 2.0 3.0 0.0
40 45 38 0.0 0.0 0.0 623.0 4.0 44.0 0.0
40 45 39 0.0 0.0 0.0 1330.0 0.0 46.0 3.0
40 45 40 0.0 0.0 0.0 1766.0 3.0 68.0 4.0
40 45 41 0.0 0.0 0.0 1282.0 2.0 48.0 0.0
40 45 42 0.0 0.0 0.0 685.0 2.0 30.0 1.0
40 45 43 0.0 0.0 0.0 204.0 0.0 7.0 0.0
40 45 44 0.0 0.0 0.0 27.0 0.0 2.0 0.0
40 46 38 0.0 0.0 0.0 1.0 0.0 0.0 0.0
41 34 38 0.0 0.0 0.0 2.0 0.0 0.0 0.0
41 34 41 0.0 0.0 0.0 2.0 0.0 1.0 0.0
41 35 36 0.0 0.0 0.0 12.0 0.0 0.0 0.0
41 35 37 0.0 0.0 0.0 118.0 0.0 4.0 0.0
41 35 38 0.0 0.0 0.0 511.0 0.0 21.0 0.0
41 35 39 0.0 0.0 0.0 1141.0 0.0 63.0 0.0
41 35 40 0.0 0.0 0.0 1503.0 5.0 66.0 3.0
41 35 41 0.0 0.0 0.0 1176.0 4.0 44.0 3.0
41 35 42 0.0 0.0 0.0 537.0 1.0 22.0 1.0
41 35 43 0.0 0.0 0.0 147.0 0.0 9.0 0.0
41 35 44 0.0 0.0 0.0 15.0 0.0 1.0 0.0
41 35 45 0.0 0.0 0.0 1.0 0.0 0.0 0.0
41 36 35 0.0 0.0 0.0 9.0 0.0 0.0 0.0
41 36 36 0.0 0.0 0.0 1212.0 6.0 46.0 1.0
41 36 37 0.0 0.0 0.0 7253.0 19.0 288.0 92.0
41 36 38 0.0 0.0 0.0 19045.0 70.0 731.0 899.0
41 36 39 0.0 0.0 0.0 29731.0 82.0 1012.0 2726.0
41 36 40 0.0 0.0 0.0 33560.0 170.0 1088.0 3988.0
41 36 41 0.0 0.0 0.0 30185.0 84.0 1010.0 2879.0
41 36 42 0.0 0.0 0.0 20198.0 64.0 744.0 1026.0
41 36 43 0.0 0.0 0.0 7718.0 11.0 294.0 109.0
41 36 44 0.0 0.0 0.0 1389.0 2.0 52.0 1.0
41 36 45 0.0 0.0 0.0 29.0 0.0 1.0 0.0
41 37 35 0.0 0.0 0.0 141.0 0.0 5.0 0.0
41 37 36 0.0 0.0 0.0 7424.0 18.0 284.0 102.0
41 37 37 0.0 0.0 0.0 39337.0 172.0 1308.0 7062.0
41 37 38 0.0 0.0 0.0 49976.0 349.0 1335.0 27186.0
41 37 39 0.0 0.0 0.0 46591.0 344.0 1057.0 44236.0
41 37 40 0.0 0.0 0.0 44842.0 320.0 1005.0 50035.0
41 37 41 0.0 0.0 0.0 46640.0 339.0 1081.0 44498.0
41 37 42 0.0 0.0 0.0 49811.0 298.0 1222.0 28275.0
41 37 43 0.0 0.0 0.0 40818.0 133.0 1277.0 8265.0
41 37 44 0.0 0.0 0.0 8030.0 28.0 276.0 137.0
41 37 45 0.0 0.0 0.0 138.0 0.0 4.0 0.0
41 38 35 0.0 0.0 0.0 548.0 0.0 23.0 0.0
41 38 36 0.0 0.0 0.0 20053.0 62.0 698.0 1040.0
41 38 37 0.0 0.0 0.0 49754.0 278.0 1242.0 27465.0
41 38 38 0.0 0.0 0.0 33619.0 436.0 643.0 74252.0
41 38 39 0.0 0.0 0.0 26346.0 435.0 485.0 93011.0
41 38 40 0.0 0.0 0.0 23555.0 429.0 374.0 99990.0
41 38 41 0.0 0.0 0.0 26113.0 336.0 465.0 94199.0
41 38 42 0.0 0.0 0.0 32794.0 340.0 639.0 76055.0
41 38 43 0.0 0.0 0.0 49739.0 269.0 1272.0 28623.0
41 38 44 0.0 0.0 0.0 20059.0 54.0 699.0 1046.0
41 38 45 0.0 0.0 0.0 594.0 2.0 19.0 0.0
41 39 35 0.0 0.0 0.0 1113.0 5.0 35.0 3.0
41 39 36 0.0 0.0 0.0 29986.0 102.0 1032.0 2686.0
41 39 37 0.0 0.0 0.0 46474.0 349.0 1026.0 44444.0
41 39 38 0.0 0.0 0.0 25684.0 356.0 428.0 94475.0
41 39 39 0.0 0.0 0.0 14687.0 347.0 201.0 125609.0
41 39 40 0.0 0.0 0.0 12687.0 383.0 145.0 130948.0
41 39 41 0.0 0.0 0.0 14297.0 291.0 147.0 126755.0
41 39 42 0.0 0.0 0.0 25630.0 373.0 435.0 95681.0
41 39 43 0.0 0.0 0.0 46490.0 308.0 1098.0 44461.0
41 39 44 0.0 0.0 0.0 30256.0 79.0 1015.0 2953.0
41 39 45 0.0 0.0 0.0 1032.0 4.0 33.0 1.0
41 40 34 0.0 0.0 0.0 2.0 0.0 0.0 0.0
41 40 35 0.0 0.0 0.0 1493.0 4.0 49.0 1.0
41 40 36 0.0 0.0 0.0 33690.0 138.0 1089.0 3843.0
41 40 37 0.0 0.0 0.0 44170.0 353.0 969.0 49266.0
41 40 38 0.0 0.0 0.0 23841.0 368.0 397.0 99271.0
41 40 39 0.0 0.0 0.0 13004.0 272.0 154.0 130579.0
41 40 40 0.0 0.0 0.0 11060.0 279.0 132.0 134844.0
41 40 41 0.0 0.0 0.0 12854.0 310.0 145.0 130746.0
41 40 42 0.0 0.0 0.0 23370.0 361.0 350.0 100031.0
41 40 43 0.0 0.0 0.0 44445.0 327.0 1018.0 50147.0
41 40 44 0.0 0.0 0.0 33803.0 71.0 1103.0 3923.0
41 40 45 0.0 0.0 0.0 1398.0 2.0 46.0 6.0
41 40 46 0.0 0.0 0.0 1.0 0.0 0.0 0.0
41 41 35 0.0 0.0 0.0 1043.0 7.0 34.0 1.0
41 41 36 0.0 0.0 0.0 29727.0 118.0 992.0 2808.0
41 41 37 0.0 0.0 0.0 46730.0 278.0 1070.0 44841.0
41 41 38 0.0 0.0 0.0 26433.0 351.0 442.0 94279.0
41 41 39 0.0 0.0 0.0 14718.0 307.0 166.0 125871.0
41 41 40 0.0 0.0 0.0 12912.0 284.0 133.0 129679.0
41 41 41 0.0 0.0 0.0 14804.0 377.0 182.0 124902.0
41 41 42 0.0 0.0 0.0 25648.0 402.0 423.0 94340.0
41 41 43 0.0 0.0 0.0 46442.0 264.0 1018.0 44138.0
41 41 44 0.0 0.0 0.0 29737.0 92.0 1033.0 2640.0
41 41 45 0.0 0.0 0.0 1159.0 9.0 41.0 1.0
41 41 46 0.0 0.0 0.0 1.0 0.0 0.0 0.0
41 42 35 0.0 0.0 0.0 535.0 1.0 19.0 0.0
41 42 36 0.0 0.0 0.0 19157.0 48.0 699.0 935.0
41 42 37 0.0 0.0 0.0 49907.0 262.0 1276.0 27370.0
41 42 38 0.0 0.0 0.0 34482.0 391.0 669.0 73642.0
41 42 39 0.0 0.0 0.0 25671.0 283.0 415.0 94626.0
41 42 40 0.0 0.0 0.0 23961.0 416.0 374.0 99827.0
41 42 41 0.0 0.0 0.0 25891.0 362.0 421.0 93237.0
41 42 42 0.0 0.0 0.0 34577.0 365.0 669.0 72108.0
41 42 43 0.0 0.0 0.0 49589.0 261.0 1264.0 26581.0
41 42 44 0.0 0.0 0.0 18770.0 29.0 670.0 843.0
41 42 45 0.0 0.0 0.0 518.0 3.0 16.0 0.0
41 43 35 0.0 0.0 0.0 144.0 0.0 5.0 0.0
41 43 36 0.0 0.0 0.0 8178.0 16.0 322.0 138.0
41 43 37 0.0 0.0 0.0 40459.0 121.0 1186.0 7936.0
41 43 38 0.0 0.0 0.0 49857.0 210.0 1264.0 27488.0
41 43 39 0.0 0.0 0.0 46951.0 306.0 1125.0 43849.0
41 43 40 0.0 0.0 0.0 44889.0 278.0 1015.0 49579.0
41 43 41 0.0 0.0 0.0 46948.0 291.0 1088.0 43448.0
41 43 42 0.0 0.0 0.0 49878.0 276.0 1316.0 26690.0
41 43 43 0.0 0.0 0.0 37626.0 165.0 1139.0 6098.0
41 43 44 0.0 0.0 0.0 7540.0 13.0 288.0 111.0
41 43 45 0.0 0.0 0.0 147.0 0.0 5.0 0.0
41 44 35 0.0 0.0 0.0 11.0 0.0 0.0 0.0
41 44 36 0.0 0.0 0.0 1124.0 5.0 46.0 3.0
41 44 37 0.0 0.0 0.0 7472.0 14.0 278.0 99.0
41 44 38 0.0 0.0 0.0 19934.0 48.0 723.0 1010.0
41 44 39 0.0 0.0 0.0 30099.0 97.0 1038.0 2773.0
41 44 40 0.0 0.0 0.0 33156.0 91.0 1072.0 3754.0
41 44 41 0.0 0.0 0.0 29299.0 84.0 960.0 2565.0
41 44 42 0.0 0.0 0.0 18875.0 42.0 683.0 897.0
41 44 43 0.0 0.0 0.0 6947.0 19.0 244.0 111.0
41 44 44 0.0 0.0 0.0 1084.0 1.0 38.0 3.0
41 44 45 0.0 0.0 0.0 9.0 0.0 0.0 0.0
41 45 36 0.0 0.0 0.0 13.0 0.0 0.0 0.0
41 45 37 0.0 0.0 0.0 134.0 0.0 4.0 0.0
41 45 38 0.0 0.0 0.0 455.0 0.0 22.0 0.0
41 45 39 0.0 0.0 0.0 1110.0 1.0 32.0 3.0
41 45 40 0.0 0.0 0.0 1351.0 1.0 43.0 2.0
41 45 41 0.0 0.0 0.0 1028.0 1.0 44.0 2.0
41 45 42 0.0 0.0 0.0 485.0 0.0 21.0 0.0
41 45 43 0.0 0.0 0.0 133.0 0.0 7.0 0.0
41 45 44 0.0 0.0 0.0 13.0 0.0 0.0 0.0
41 45 45 0.0 0.0 0.0 1.0 0.0 0.0 0.0
42 34 41 0.0 0.0 0.0 1.0 0.0 0.0 0.0
42 35 36 0.0 0.0 0.0 6.0 0.0 0.0 0.0
42 35 37 0.0 0.0 0.0 91.0 0.0 4.0 0.0
42 35 38 0.0 0.0 0.0 244.0 0.0 5.0 0.0
42 35 39 0.0 0.0 0.0 532.0 1.0 20.0 0.0
42 35 40 0.0 0.0 0.0 758.0 6.0 19.0 0.0
42 35 41 0.0 0.0 0.0 534.0 3.0 13.0 0.0
42 35 42 0.0 0.0 0.0 292.0 0.0 12.0 0.0
42 35 43 0.0 0.0 0.0 43.0 0.0 3.0 0.0
42 35 44 0.0 0.0 0.0 4.0 0.0 0.0 0.0
42 36 35 0.0 0.0 0.0 3.0 0.0 0.0 0.0
42 36 36 0.0 0.0 0.0 623.0 2.0 25.0 0.0
42 36 37 0.0 0.0 0.0 3955.0 10.0 146.0 27.0
42 36 38 0.0 0.0 0.0 11620.0 34.0 444.0 313.0
42 36 39 0.0 0.0 0.0 19454.0 64.0 725.0 964.0
42 36 40 0.0 0.0 0.0 23409.0 85.0 828.0 1468.0
42 36 41 0.0 0.0 0.0 19893.0 65.0 717.0 1004.0
42 36 42 0.0 0.0 0.0 12889.0 23.0 444.0 383.0
42 36 43 0.0 0.0 0.0 4551.0 5.0 177.0 41.0
42 36 44 0.0 0.0 0.0 724.0 7.0 20.0 0.0
42 36 45 0.0 0.0 0.0 5.0 0.0 0.0 0.0
42 37 35 0.0 0.0 0.0 69.0 0.0 1.0 0.0
42 37 36 0.0 0.0 0.0 4096.0 18.0 163.0 28.0
42 37 37 0.0 0.0 0.0 29330.0 108.0 995.0 3173.0
42 37 38 0.0 0.0 0.0 46330.0 220.0 1311.0 13910.0
42 37 39 0.0 0.0 0.0 49960.0 304.0 1252.0 26596.0
42 37 40 0.0 0.0 0.0 48671.0 399.0 1146.0 33166.0
42 37 41 0.0 0.0 0.0 49745.0 277.0 1246.0 29276.0
42 37 42 0.0 0.0 0.0 47582.0 213.0 1292.0 16495.0
42 37 43 0.0 0.0 0.0 29722.0 101.0 1001.0 3110.0
42 37 44 0.0 0.0 0.0 4711.0 5.0 168.0 41.0
42 37 45 0.0 0.0 0.0 97.0 0.0 4.0 0.0
42 38 35 0.0 0.0 0.0 272.0 0.0 12.0 0.0
42 38 36 0.0 0.0 0.0 11809.0 32.0 447.0 319.0
42 38 37 0.0 0.0 0.0 46756.0 150.0 1324.0 14657.0
42 38 38 0.0 0.0 0.0 41184.0 398.0 878.0 54819.0
42 38 39 0.0 0.0 0.0 33369.0 469.0 635.0 74760.0
42 38 40 0.0 0.0 0.0 31054.0 502.0 531.0 81310.0
42 38 41 0.0 0.0 0.0 32994.0 301.0 626.0 76128.0
42 38 42 0.0 0.0 0.0 39500.0 406.0 883.0 57941.0
42 38 43 0.0 0.0 0.0 47936.0 196.0 1448.0 15867.0
42 38 44 0.0 0.0 0.0 12802.0 17.0 466.0 365.0
42 38 45 0.0 0.0 0.0 275.0 1.0 11.0 0.0
42 38 46 0.0 0.0 0.0 2.0 0.0 1.0 0.0
42 39 35 0.0 0.0 0.0 490.0 0.0 20.0 0.0
42 39 36 0.0 0.0 0.0 19756.0 53.0 721.0 990.0
42 39 37 0.0 0.0 0.0 49973.0 286.0 1271.0 27042.0
42 39 38 0.0 0.0 0.0 34063.0 433.0 665.0 73619.0
42 39 39 0.0 0.0 0.0 26250.0 469.0 459.0 93612.0
42 39 40 0.0 0.0 0.0 23893.0 404.0 386.0 98378.0
42 39 41 0.0 0.0 0.0 25913.0 392.0 385.0 94021.0
42 39 42 0.0 0.0 0.0 33239.0 356.0 624.0 75836.0
42 39 43 0.0 0.0 0.0 49644.0 272.0 1288.0 28342.0
42 39 44 0.0 0.0 0.0 20581.0 66.0 721.0 1145.0
42 39 45 0.0 0.0 0.0 566.0 1.0 20.0 0.0
42 39 46 0.0 0.0 0.0 1.0 0.0 0.0 0.0
42 40 35 0.0 0.0 0.0 676.0 1.0 30.0 3.0
42 40 36 0.0 0.0 0.0 21988.0 69.0 790.0 1290.0
42 40 37 0.0 0.0 0.0 49013.0 255.0 1207.0 32435.0
42 40 38 0.0 0.0 0.0 31048.0 360.0 586.0 80784.0
42 40 39 0.0 0.0 0.0 23776.0 388.0 393.0 99395.0
42 40 40 0.0 0.0 0.0 21579.0 428.0 350.0 104248.0
42 40 41 0.0 0.0 0.0 23733.0 401.0 409.0 99357.0
42 40 42 0.0 0.0 0.0 30835.0 319.0 609.0 80889.0
42 40 43 0.0 0.0 0.0 49390.0 283.0 1229.0 32749.0
42 40 44 0.0 0.0 0.0 23026.0 43.0 774.0 1401.0
42 40 45 0.0 0.0 0.0 712.0 1.0 33.0 2.0
42 41 35 0.0 0.0 0.0 590.0 0.0 21.0 0.0
42 41 36 0.0 0.0 0.0 19187.0 66.0 687.0 859.0
42 41 37 0.0 0.0 0.0 49986.0 241.0 1333.0 26789.0
42 41 38 0.0 0.0 0.0 34056.0 339.0 660.0 73585.0
42 41 39 0.0 0.0 0.0 26511.0 374.0 468.0 92713.0
42 41 40 0.0 0.0 0.0 23675.0 406.0 398.0 99103.0
42 41 41 0.0 0.0 0.0 26137.0 368.0 421.0 94007.0
42 41 42 0.0 0.0 0.0 33873.0 350.0 635.0 73803.0
42 41 43 0.0 0.0 0.0 49320.0 259.0 1235.0 27553.0
42 41 44 0.0 0.0 0.0 19943.0 70.0 714.0 958.0
42 41 45 0.0 0.0 0.0 534.0 0.0 19.0 1.0
42 42 35 0.0 0.0 0.0 278.0 0.0 8.0 0.0
42 42 36 0.0 0.0 0.0 12123.0 19.0 415.0 343.0
42 42 37 0.0 0.0 0.0 46682.0 101.0 1313.0 14408.0
42 42 38 0.0 0.0 0.0 42517.0 233.0 943.0 51775.0
42 42 39 0.0 0.0 0.0 33768.0 338.0 659.0 74170.0
42 42 40 0.0 0.0 0.0 30997.0 367.0 545.0 80617.0
42 42 41 0.0 0.0 0.0 33734.0 379.0 654.0 74038.0
42 42 42 0.0 0.0 0.0 42242.0 479.0 955.0 52672.0
42 42 43 0.0 0.0 0.0 46468.0 272.0 1309.0 14095.0
42 42 44 0.0 0.0 0.0 11496.0 24.0 429.0 286.0
42 42 45 0.0 0.0 0.0 313.0 0.0 8.0 0.0
42 43 35 0.0 0.0 0.0 100.0 0.0 4.0 0.0
42 43 36 0.0 0.0 0.0 4335.0 7.0 162.0 27.0
42 43 37 0.0 0.0 0.0 27560.0 216.0 941.0 2555.0
42 43 38 0.0 0.0 0.0 46820.0 139.0 1377.0 14272.0
42 43 39 0.0 0.0 0.0 49848.0 203.0 1261.0 27265.0
42 43 40 0.0 0.0 0.0 49408.0 289.0 1217.0 32481.0
42 43 41 0.0 0.0 0.0 50047.0 235.0 1334.0 27049.0
42 43 42 0.0 0.0 0.0 46401.0 184.0 1320.0 14030.0
42 43 43 0.0 0.0 0.0 26804.0 123.0 909.0 2508.0
42 43 44 0.0 0.0 0.0 3733.0 16.0 136.0 25.0
42 43 45 0.0 0.0 0.0 73.0 0.0 5.0 0.0
42 44 35 0.0 0.0 0.0 7.0 0.0 0.0 0.0
42 44 36 0.0 0.0 0.0 586.0 1.0 25.0 1.0
42 44 37 0.0 0.0 0.0 4151.0 5.0 153.0 23.0
42 44 38 0.0 0.0 0.0 11436.0 33.0 450.0 259.0
42 44 39 0.0 0.0 0.0 19206.0 52.0 683.0 918.0
42 44 40 0.0 0.0 0.0 22904.0 41.0 788.0 1413.0
42 44 41 0.0 0.0 0.0 18792.0 71.0 670.0 958.0
42 44 42 0.0 0.0 0.0 11183.0 14.0 409.0 282.0
42 44 43 0.0 0.0 0.0 3517.0 16.0 140.0 14.0
42 44 44 0.0 0.0 0.0 540.0 2.0 29.0 2.0
42 44 45 0.0 0.0 0.0 10.0 0.0 0.0 0.0
42 45 36 0.0 0.0 0.0 6.0 0.0 0.0 0.0
42 45 37 0.0 0.0 0.0 47.0 0.0 2.0 0.0
42 45 38 0.0 0.0 0.0 316.0 1.0 16.0 0.0
42 45 39 0.0 0.0 0.0 518.0 0.0 16.0 1.0
42 45 40 0.0 0.0 0.0 629.0 0.0 24.0 0.0
42 45 41 0.0 0.0 0.0 544.0 0.0 16.0 0.0
42 45 42 0.0 0.0 0.0 225.0 3.0 11.0 0.0
42 45 43 0.0 0.0 0.0 56.0 0.0 3.0 0.0
42 45 44 0.0 0.0 0.0 2.0 0.0 0.0 0.0
43 35 36 0.0 0.0 0.0 1.0 0.0 0.0 0.0
43 35 37 0.0 0.0 0.0 18.0 0.0 1.0 0.0
43 35 38 0.0 0.0 0.0 47.0 0.0 2.0 0.0
43 35 39 0.0 0.0 0.0 151.0 0.0 5.0 0.0
43 35 40 0.0 0.0 0.0 195.0 0.0 3.0 0.0
43 35 41 0.0 0.0 0.0 145.0 0.0 9.0 0.0
43 35 42 0.0 0.0 0.0 53.0 0.0 0.0 0.0
43 35 43 0.0 0.0 0.0 7.0 0.0 0.0 0.0
43 35 44 0.0 0.0 0.0 2.0 0.0 0.0 0.0
43 36 36 0.0 0.0 0.0 139.0 0.0 7.0 0.0
43 36 37 0.0 0.0 0.0 1310.0 1.0 58.0 2.0
43 36 38 0.0 0.0 0.0 3882.0 9.0 147.0 32.0
43 36 39 0.0 0.0 0.0 7059.0 34.0 241.0 95.0
43 36 40 0.0 0.0 0.0 9712.0 61.0 357.0 222.0
43 36 41 0.0 0.0 0.0 8126.0 35.0 286.0 151.0
43 36 42 0.0 0.0 0.0 4397.0 15.0 149.0 35.0
43 36 43 0.0 0.0 0.0 1548.0 5.0 51.0 3.0
43 36 44 0.0 0.0 0.0 142.0 0.0 8.0 0.0
43 36 45 0.0 0.0 0.0 3.0 0.0 0.0 0.0
43 37 35 0.0 0.0 0.0 12.0 0.0 0.0 0.0
43 37 36 0.0 0.0 0.0 1264.0 5.0 52.0 4.0
43 37 37 0.0 0.0 0.0 12553.0 39.0 465.0 417.0
43 37 38 0.0 0.0 0.0 29211.0 92.0 979.0 3221.0
43 37 39 0.0 0.0 0.0 39495.0 256.0 1224.0 7286.0
43 37 40 0.0 0.0 0.0 42701.0 248.0 1285.0 9499.0
43 37 41 0.0 0.0 0.0 40653.0 148.0 1309.0 8229.0
43 37 42 0.0 0.0 0.0 29392.0 48.0 1020.0 3022.0
43 37 43 0.0 0.0 0.0 13180.0 44.0 506.0 458.0
43 37 44 0.0 0.0 0.0 1487.0 2.0 60.0 1.0
43 37 45 0.0 0.0 0.0 12.0 0.0 2.0 0.0
43 38 35 0.0 0.0 0.0 72.0 0.0 4.0 0.0
43 38 36 0.0 0.0 0.0 4032.0 10.0 153.0 26.0
43 38 37 0.0 0.0 0.0 28307.0 101.0 995.0 2786.0
43 38 38 0.0 0.0 0.0 46976.0 271.0 1334.0 14880.0
43 38 39 0.0 0.0 0.0 49662.0 371.0 1244.0 27240.0
43 38 40 0.0 0.0 0.0 49127.0 275.0 1143.0 32223.0
43 38 41 0.0 0.0 0.0 50092.0 339.0 1246.0 27812.0
43 38 42 0.0 0.0 0.0 47679.0 156.0 1325.0 15633.0
43 38 43 0.0 0.0 0.0 30303.0 70.0 971.0 3172.0
43 38 44 0.0 0.0 0.0 4568.0 7.0 174.0 46.0
43 38 45 0.0 0.0 0.0 83.0 0.0 3.0 0.0
43 39 35 0.0 0.0 0.0 127.0 0.0 4.0 0.0
43 39 36 0.0 0.0 0.0 7483.0 28.0 312.0 116.0
43 39 37 0.0 0.0 0.0 38966.0 156.0 1190.0 7017.0
43 39 38 0.0 0.0 0.0 49991.0 314.0 1329.0 27060.0
43 39 39 0.0 0.0 0.0 46786.0 401.0 1100.0 43139.0
43 39 40 0.0 0.0 0.0 44860.0 373.0 1065.0 49130.0
43 39 41 0.0 0.0 0.0 46976.0 382.0 1079.0 43257.0
43 39 42 0.0 0.0 0.0 49507.0 247.0 1259.0 27410.0
43 39 43 0.0 0.0 0.0 40939.0 132.0 1217.0 8306.0
43 39 44 0.0 0.0 0.0 7992.0 15.0 317.0 118.0
43 39 45 0.0 0.0 0.0 175.0 0.0 7.0 0.0
43 40 35 0.0 0.0 0.0 167.0 0.0 9.0 0.0
43 40 36 0.0 0.0 0.0 9125.0 27.0 346.0 181.0
43 40 37 0.0 0.0 0.0 42006.0 138.0 1288.0 9326.0
43 40 38 0.0 0.0 0.0 49684.0 283.0 1279.0 31417.0
43 40 39 0.0 0.0 0.0 45282.0 405.0 1003.0 48274.0
43 40 40 0.0 0.0 0.0 43164.0 410.0 939.0 53808.0
43 40 41 0.0 0.0 0.0 45604.0 365.0 1012.0 48214.0
43 40 42 0.0 0.0 0.0 48934.0 300.0 1176.0 32874.0
43 40 43 0.0 0.0 0.0 43064.0 154.0 1296.0 10380.0
43 40 44 0.0 0.0 0.0 9634.0 17.0 363.0 183.0
43 40 45 0.0 0.0 0.0 199.0 0.0 9.0 0.0
43 41 35 0.0 0.0 0.0 162.0 0.0 7.0 0.0
43 41 36 0.0 0.0 0.0 7221.0 15.0 249.0 105.0
43 41 37 0.0 0.0 0.0 39998.0 92.0 1239.0 7605.0
43 41 38 0.0 0.0 0.0 49680.0 257.0 1245.0 27041.0
43 41 39 0.0 0.0 0.0 47652.0 254.0 1115.0 42571.0
43 41 40 0.0 0.0 0.0 44721.0 347.0 1031.0 49391.0
43 41 41 0.0 0.0 0.0 46552.0 365.0 1042.0 43628.0
43 41 42 0.0 0.0 0.0 49504.0 335.0 1258.0 27427.0
43 41 43 0.0 0.0 0.0 39613.0 131.0 1321.0 7206.0
43 41 44 0.0 0.0 0.0 8084.0 19.0 327.0 144.0
43 41 45 0.0 0.0 0.0 143.0 1.0 10.0 0.0
43 42 35 0.0 0.0 0.0 62.0 0.0 2.0 0.0
43 42 36 0.0 0.0 0.0 4125.0 5.0 143.0 32.0
43 42 37 0.0 0.0 0.0 28577.0 66.0 961.0 2852.0
43 42 38 0.0 0.0 0.0 46037.0 194.0 1311.0 13224.0
43 42 39 0.0 0.0 0.0 50017.0 185.0 1270.0 27774.0
43 42 40 0.0 0.0 0.0 49231.0 248.0 1151.0 31649.0
43 42 41 0.0 0.0 0.0 49738.0 306.0 1286.0 27380.0
43 42 42 0.0 0.0 0.0 45995.0 247.0 1276.0 13816.0
43 42 43 0.0 0.0 0.0 27402.0 89.0 942.0 2516.0
43 42 44 0.0 0.0 0.0 4143.0 3.0 154.0 26.0
43 42 45 0.0 0.0 0.0 58.0 0.0 2.0 0.0
43 43 35 0.0 0.0 0.0 13.0 0.0 1.0 0.0
43 43 36 0.0 0.0 0.0 1324.0 1.0 57.0 4.0
43 43 37 0.0 0.0 0.0 10412.0 24.0 392.0 242.0
43 43 38 0.0 0.0 0.0 26213.0 82.0 870.0 2337.0
43 43 39 0.0 0.0 0.0 38857.0 58.0 1274.0 6947.0
43 43 40 0.0 0.0 0.0 42669.0 86.0 1331.0 9743.0
43 43 41 0.0 0.0 0.0 38785.0 209.0 1222.0 6719.0
43 43 42 0.0 0.0 0.0 27092.0 133.0 892.0 2519.0
43 43 43 0.0 0.0 0.0 10858.0 26.0 447.0 276.0
43 43 44 0.0 0.0 0.0 1133.0 1.0 56.0 6.0
43 43 45 0.0 0.0 0.0 10.0 0.0 1.0 0.0
43 44 36 0.0 0.0 0.0 140.0 0.0 6.0 0.0
43 44 37 0.0 0.0 0.0 1476.0 2.0 48.0 7.0
43 44 38 0.0 0.0 0.0 4022.0 0.0 141.0 23.0
43 44 39 0.0 0.0 0.0 7605.0 25.0 278.0 133.0
43 44 40 0.0 0.0 0.0 9247.0 25.0 350.0 190.0
43 44 41 0.0 0.0 0.0 7699.0 12.0 275.0 106.0
43 44 42 0.0 0.0 0.0 4071.0 9.0 146.0 31.0
43 44 43 0.0 0.0 0.0 1246.0 10.0 44.0 5.0
43 44 44 0.0 0.0 0.0 142.0 7.0 4.0 0.0
43 44 45 0.0 0.0 0.0 1.0 0.0 0.0 0.0
43 45 37 0.0 0.0 0.0 9.0 0.0 0.0 0.0
43 45 38 0.0 0.0 0.0 67.0 0.0 3.0 0.0
43 45 39 0.0 0.0 0.0 141.0 0.0 10.0 0.0
43 45 40 0.0 0.0 0.0 177.0 0.0 7.0 0.0
43 45 41 0.0 0.0 0.0 117.0 0.0 7.0 0.0
43 45 42 0.0 0.0 0.0 55.0 0.0 2.0 0.0
43 45 43 0.0 0.0 0.0 11.0 0.0 0.0 0.0
44 35 37 0.0 0.0 0.0 1.0 0.0 0.0 0.0
44 35 38 0.0 0.0 0.0 4.0 0.0 0.0 0.0
44 35 39 0.0 0.0 0.0 10.0 0.0 1.0 0.0
44 35 40 0.0 0.0 0.0 21.0 0.0 1.0 0.0
44 35 41 0.0 0.0 0.0 19.0 0.0 0.0 0.0
44 35 42 0.0 0.0 0.0 11.0 0.0 0.0 0.0
44 35 43 0.0 0.0 0.0 2.0 0.0 0.0 0.0
44 36 36 0.0 0.0 0.0 8.0 1.0 0.0 0.0
44 36 37 0.0 0.0 0.0 187.0 0.0 8.0 0.0
44 36 38 0.0 0.0 0.0 677.0 0.0 26.0 0.0
44 36 39 0.0 0.0 0.0 1194.0 1.0 40.0 3.0
44 36 40 0.0 0.0 0.0 1625.0 2.0 54.0 5.0
44 36 41 0.0 0.0 0.0 1281.0 0.0 51.0 5.0
44 36 42 0.0 0.0 0.0 678.0 0.0 20.0 1.0
44 36 43 0.0 0.0 0.0 195.0 0.0 8.0 0.0
44 36 44 0.0 0.0 0.0 15.0 0.0 0.0 0.0
44 37 35 0.0 0.0 0.0 2.0 0.0 0.0 0.0
44 37 36 0.0 0.0 0.0 176.0 3.0 4.0 0.0
44 37 37 0.0 0.0 0.0 1332.0 0.0 47.0 3.0
44 37 38 0.0 0.0 0.0 4393.0 14.0 186.0 29.0
44 37 39 0.0 0.0 0.0 7600.0 20.0 264.0 121.0
44 37 40 0.0 0.0 0.0 8973.0 27.0 330.0 164.0
44 37 41 0.0 0.0 0.0 7728.0 16.0 320.0 121.0
44 37 42 0.0 0.0 0.0 4313.0 3.0 147.0 25.0
44 37 43 0.0 0.0 0.0 1426.0 3.0 56.0 1.0
44 37 44 0.0 0.0 0.0 179.0 0.0 13.0 0.0
44 38 35 0.0 0.0 0.0 18.0 0.0 1.0 0.0
44 38 36 0.0 0.0 0.0 598.0 1.0 19.0 2.0
44 38 37 0.0 0.0 0.0 4234.0 20.0 144.0 36.0
44 38 38 0.0 0.0 0.0 11526.0 53.0 468.0 274.0
44 38 39 0.0 0.0 0.0 19433.0 45.0 697.0 939.0
44 38 40 0.0 0.0 0.0 22789.0 68.0 752.0 1420.0
44 38 41 0.0 0.0 0.0 19533.0 67.0 686.0 969.0
44 38 42 0.0 0.0 0.0 11750.0 32.0 441.0 292.0
44 38 43 0.0 0.0 0.0 4500.0 6.0 165.0 39.0
44 38 44 0.0 0.0 0.0 702.0 0.0 19.0 0.0
44 38 45 0.0 0.0 0.0 6.0 0.0 0.0 0.0
44 39 35 0.0 0.0 0.0 8.0 0.0 0.0 0.0
44 39 36 0.0 0.0 0.0 1231.0 1.0 38.0 4.0
44 39 37 0.0 0.0 0.0 7691.0 21.0 282.0 130.0
44 39 38 0.0 0.0 0.0 19006.0 84.0 695.0 843.0
44 39 39 0.0 0.0 0.0 29415.0 101.0 1010.0 2665.0
44 39 40 0.0 0.0 0.0 33202.0 127.0 1156.0 3751.0
44 39 41 0.0 0.0 0.0 29517.0 99.0 1031.0 2786.0
44 39 42 0.0 0.0 0.0 19768.0 60.0 688.0 1006.0
44 39 43 0.0 0.0 0.0 8148.0 19.0 311.0 122.0
44 39 44 0.0 0.0 0.0 1465.0 2.0 48.0 1.0
44 39 45 0.0 0.0 0.0 22.0 0.0 0.0 0.0
44 40 35 0.0 0.0 0.0 38.0 0.0 0.0 0.0
44 40 36 0.0 0.0 0.0 1478.0 7.0 63.0 2.0
44 40 37 0.0 0.0 0.0 8931.0 13.0 341.0 173.0
44 40 38 0.0 0.0 0.0 22243.0 59.0 787.0 1284.0
44 40 39 0.0 0.0 0.0 33228.0 92.0 1120.0 3672.0
44 40 40 0.0 0.0 0.0 36446.0 136.0 1238.0 4785.0
44 40 41 0.0 0.0 0.0 32980.0 110.0 1103.0 3538.0
44 40 42 0.0 0.0 0.0 21855.0 84.0 757.0 1249.0
44 40 43 0.0 0.0 0.0 9180.0 35.0 354.0 171.0
44 40 44 0.0 0.0 0.0 1567.0 3.0 59.0 5.0
44 40 45 0.0 0.0 0.0 25.0 0.0 0.0 0.0
44 41 35 0.0 0.0 0.0 8.0 0.0 0.0 0.0
44 41 36 0.0 0.0 0.0 1277.0 1.0 57.0 2.0
44 41 37 0.0 0.0 0.0 7083.0 5.0 267.0 104.0
44 41 38 0.0 0.0 0.0 19599.0 28.0 717.0 1004.0
44 41 39 0.0 0.0 0.0 29010.0 108.0 943.0 2628.0
44 41 40 0.0 0.0 0.0 33384.0 79.0 1079.0 3825.0
44 41 41 0.0 0.0 0.0 29376.0 94.0 1019.0 2566.0
44 41 42 0.0 0.0 0.0 19480.0 60.0 676.0 988.0
44 41 43 0.0 0.0 0.0 7627.0 16.0 295.0 102.0
44 41 44 0.0 0.0 0.0 1213.0 1.0 41.0 2.0
44 41 45 0.0 0.0 0.0 25.0 0.0 1.0 0.0
44 42 35 0.0 0.0 0.0 9.0 0.0 1.0 0.0
44 42 36 0.0 0.0 0.0 639.0 0.0 26.0 1.0
44 42 37 0.0 0.0 0.0 4287.0 15.0 158.0 34.0
44 42 38 0.0 0.0 0.0 11703.0 19.0 425.0 333.0
44 42 39 0.0 0.0 0.0 19229.0 32.0 690.0 892.0
44 42 40 0.0 0.0 0.0 22855.0 51.0 763.0 1373.0
44 42 41 0.0 0.0 0.0 19614.0 44.0 709.0 1007.0
44 42 42 0.0 0.0 0.0 11654.0 35.0 420.0 282.0
44 42 43 0.0 0.0 0.0 3846.0 14.0 164.0 31.0
44 42 44 0.0 0.0 0.0 569.0 1.0 16.0 0.0
44 42 45 0.0 0.0 0.0 10.0 0.0 0.0 0.0
44 43 36 0.0 0.0 0.0 141.0 0.0 12.0 0.0
44 43 37 0.0 0.0 0.0 1044.0 7.0 31.0 1.0
44 43 38 0.0 0.0 0.0 4061.0 1.0 177.0 22.0
44 43 39 0.0 0.0 0.0 7196.0 35.0 292.0 99.0
44 43 40 0.0 0.0 0.0 8592.0 12.0 322.0 151.0
44 43 41 0.0 0.0 0.0 7525.0 43.0 264.0 112.0
44 43 42 0.0 0.0 0.0 3835.0 13.0 141.0 35.0
44 43 43 0.0 0.0 0.0 1185.0 9.0 50.0 3.0
44 43 44 0.0 0.0 0.0 211.0 0.0 11.0 0.0
44 43 45 0.0 0.0 0.0 2.0 0.0 0.0 0.0
44 44 36 0.0 0.0 0.0 10.0 0.0 0.0 0.0
44 44 37 0.0 0.0 0.0 116.0 0.0 3.0 0.0
44 44 38 0.0 0.0 0.0 556.0 0.0 25.0 0.0
44 44 39 0.0 0.0 0.0 1109.0 1.0 36.0 2.0
44 44 40 0.0 0.0 0.0 1417.0 2.0 57.0 4.0
44 44 41 0.0 0.0 0.0 1022.0 1.0 35.0 0.0
44 44 42 0.0 0.0 0.0 550.0 6.0 29.0 0.0
44 44 43 0.0 0.0 0.0 171.0 3.0 10.0 0.0
44 44 44 0.0 0.0 0.0 4.0 0.0 1.0 0.0
44 45 38 0.0 0.0 0.0 6.0 0.0 0.0 0.0
44 45 39 0.0 0.0 0.0 14.0 0.0 0.0 0.0
44 45 40 0.0 0.0 0.0 8.0 0.0 0.0 0.0
44 45 41 0.0 0.0 0.0 6.0 0.0 0.0 0.0
44 45 42 0.0 0.0 0.0 7.0 0.0 1.0 0.0
44 45 43 0.0 0.0 0.0 1.0 0.0 0.0 0.0
45 35 41 0.0 0.0 0.0 1.0 0.0 0.0 0.0
45 35 42 0.0 0.0 0.0 1.0 0.0 0.0 0.0
45 36 37 0.0 0.0 0.0 1.0 0.0 0.0 0.0
45 36 38 0.0 0.0 0.0 7.0 0.0 1.0 0.0
45 36 39 0.0 0.0 0.0 6.0 0.0 0.0 0.0
45 36 40 0.0 0.0 0.0 17.0 0.0 0.0 0.0
45 36 41 0.0 0.0 0.0 11.0 0.0 0.0 0.0
45 36 42 0.0 0.0 0.0 4.0 0.0 0.0 0.0
45 36 43 0.0 0.0 0.0 1.0 0.0 0.0 0.0
45 37 37 0.0 0.0 0.0 8.0 0.0 0.0 0.0
45 37 38 0.0 0.0 0.0 60.0 0.0 2.0 0.0
45 37 39 0.0 0.0 0.0 147.0 0.0 6.0 0.0
45 37 40 0.0 0.0 0.0 140.0 0.0 8.0 0.0
45 37 41 0.0 0.0 0.0 134.0 0.0 5.0 0.0
45 37 42 0.0 0.0 0.0 59.0 0.0 2.0 0.0
45 37 43 0.0 0.0 0.0 20.0 0.0 1.0 0.0
45 38 36 0.0 0.0 0.0 4.0 0.0 0.0 0.0
45 38 37 0.0 0.0 0.0 79.0 0.0 1.0 0.0
45 38 38 0.0 0.0 0.0 272.0 0.0 9.0 0.0
45 38 39 0.0 0.0 0.0 593.0 1.0 15.0 0.0
45 38 40 0.0 0.0 0.0 612.0 0.0 19.0 0.0
45 38 41 0.0 0.0 0.0 503.0 0.0 12.0 0.0
45 38 42 0.0 0.0 0.0 334.0 0.0 13.0 0.0
45 38 43 0.0 0.0 0.0 51.0 0.0 1.0 0.0
45 38 44 0.0 0.0 0.0 6.0 0.0 0.0 0.0
45 39 36 0.0 0.0 0.0 17.0 0.0 0.0 0.0
45 39 37 0.0 0.0 0.0 154.0 0.0 6.0 0.0
45 39 38 0.0 0.0 0.0 554.0 2.0 30.0 0.0
45 39 39 0.0 0.0 0.0 1030.0 0.0 48.0 1.0
45 39 40 0.0 0.0 0.0 1338.0 3.0 47.0 1.0
45 39 41 0.0 0.0 0.0 1089.0 3.0 44.0 1.0
45 39 42 0.0 0.0 0.0 578.0 6.0 24.0 0.0
45 39 43 0.0 0.0 0.0 145.0 0.0 4.0 0.0
45 39 44 0.0 0.0 0.0 16.0 0.0 0.0 0.0
45 39 45 0.0 0.0 0.0 1.0 0.0 0.0 0.0
45 40 36 0.0 0.0 0.0 36.0 0.0 1.0 0.0
45 40 37 0.0 0.0 0.0 195.0 0.0 5.0 0.0
45 40 38 0.0 0.0 0.0 594.0 0.0 23.0 0.0
45 40 39 0.0 0.0 0.0 1385.0 5.0 63.0 2.0
45 40 40 0.0 0.0 0.0 1650.0 6.0 60.0 2.0
45 40 41 0.0 0.0 0.0 1325.0 3.0 52.0 4.0
45 40 42 0.0 0.0 0.0 649.0 0.0 16.0 3.0
45 40 43 0.0 0.0 0.0 146.0 4.0 2.0 0.0
45 40 44 0.0 0.0 0.0 40.0 0.0 2.0 0.0
45 41 36 0.0 0.0 0.0 15.0 0.0 1.0 0.0
45 41 37 0.0 0.0 0.0 128.0 0.0 7.0 0.0
45 41 38 0.0 0.0 0.0 525.0 3.0 23.0 0.0
45 41 39 0.0 0.0 0.0 1027.0 3.0 35.0 2.0
45 41 40 0.0 0.0 0.0 1350.0 3.0 40.0 3.0
45 41 41 0.0 0.0 0.0 1029.0 3.0 44.0 4.0
45 41 42 0.0 0.0 0.0 541.0 0.0 22.0 2.0
45 41 43 0.0 0.0 0.0 105.0 0.0 2.0 0.0
45 41 44 0.0 0.0 0.0 10.0 0.0 0.0 0.0
45 42 36 0.0 0.0 0.0 4.0 0.0 0.0 0.0
45 42 37 0.0 0.0 0.0 64.0 0.0 1.0 0.0
45 42 38 0.0 0.0 0.0 242.0 2.0 12.0 0.0
45 42 39 0.0 0.0 0.0 459.0 2.0 13.0 0.0
45 42 40 0.0 0.0 0.0 633.0 2.0 18.0 0.0
45 42 41 0.0 0.0 0.0 545.0 1.0 12.0 0.0
45 42 42 0.0 0.0 0.0 231.0 0.0 12.0 0.0
45 42 43 0.0 0.0 0.0 46.0 0.0 3.0 0.0
45 42 44 0.0 0.0 0.0 5.0 0.0 0.0 0.0
45 43 37 0.0 0.0 0.0 7.0 0.0 1.0 0.0
45 43 38 0.0 0.0 0.0 49.0 0.0 3.0 0.0
45 43 39 0.0 0.0 0.0 107.0 0.0 1.0 0.0
45 43 40 0.0 0.0 0.0 170.0 2.0 5.0 0.0
45 43 41 0.0 0.0 0.0 133.0 0.0 5.0 0.0
45 43 42 0.0 0.0 0.0 75.0 0.0 1.0 0.0
45 43 43 0.0 0.0 0.0 9.0 0.0 0.0 0.0
45 43 44 0.0 0.0 0.0 2.0 0.0 0.0 0.0
45 44 38 0.0 0.0 0.0 3.0 0.0 0.0 0.0
45 44 39 0.0 0.0 0.0 19.0 0.0 0.0 0.0
45 44 40 0.0 0.0 0.0 11.0 0.0 1.0 0.0
45 44 41 0.0 0.0 0.0 5.0 0.0 1.0 0.0
45 44 42 0.0 0.0 0.0 3.0 0.0 0.0 0.0
45 44 43 0.0 0.0 0.0 1.0 0.0 0.0 0.0
46 38 42 0.0 0.0 0.0 1.0 0.0 0.0 0.0
46 40 40 0.0 0.0 0.0 2.0 0.0 0.0 0.0
46 41 39 0.0 0.0 0.0 2.0 0.0 0.0 0.0
46 41 43 0.0 0.0 0.0 3.0 0.0 0.0 0.0
