34 41 42 0.0 0.0 0.0 5.0 0.0 0.0 0.0
35 36 40 0.0 0.0 0.0 10.0 0.0 0.0 0.0
35 36 41 0.0 0.0 0.0 1.0 0.0 0.0 0.0
35 37 38 0.0 0.0 0.0 11.0 0.0 0.0 0.0
35 37 39 0.0 0.0 0.0 14.0 0.0 1.0 0.0
35 37 40 0.0 0.0 0.0 11.0 0.0 0.0 0.0
35 37 41 0.0 0.0 0.0 10.0 0.0 0.0 0.0
35 37 42 0.0 0.0 0.0 6.0 0.0 0.0 0.0
35 37 43 0.0 0.0 0.0 3.0 0.0 0.0 0.0
35 38 37 0.0 0.0 0.0 9.0 0.0 0.0 0.0
35 38 38 0.0 0.0 0.0 29.0 0.0 3.0 0.0
35 38 39 0.0 0.0 0.0 47.0 0.0 3.0 0.0
35 38 40 0.0 0.0 0.0 55.0 0.0 1.0 0.0
35 38 41 0.0 0.0 0.0 54.0 0.0 1.0 0.0
35 38 42 0.0 0.0 0.0 31.0 0.0 3.0 0.0
35 38 43 0.0 0.0 0.0 3.0 0.0 0.0 0.0
35 39 37 0.0 0.0 0.0 19.0 0.0 1.0 0.0
35 39 38 0.0 0.0 0.0 52.0 0.0 1.0 0.0
35 39 39 0.0 0.0 0.0 143.0 0.0 6.0 0.0
35 39 40 0.0 0.0 0.0 149.0 0.0 7.0 0.0
35 39 41 0.0 0.0 0.0 99.0 0.0 1.0 0.0
35 39 42 0.0 0.0 0.0 63.0 0.0 4.0 0.0
35 39 43 0.0 0.0 0.0 10.0 0.0 0.0 0.0
35 39 44 0.0 0.0 0.0 1.0 0.0 0.0 0.0
35 40 36 0.0 0.0 0.0 2.0 0.0 0.0 0.0
35 40 37 0.0 0.0 0.0 11.0 0.0 0.0 0.0
35 40 38 0.0 0.0 0.0 77.0 0.0 1.0 0.0
35 40 39 0.0 0.0 0.0 154.0 0.0 4.0 0.0
35 40 40 0.0 0.0 0.0 180.0 0.0 6.0 0.0
35 40 41 0.0 0.0 0.0 181.0 0.0 7.0 0.0
35 40 42 0.0 0.0 0.0 66.0 0.0 4.0 0.0
35 40 43 0.0 0.0 0.0 12.0 0.0 1.0 0.0
35 40 44 0.0 0.0 0.0 3.0 0.0 0.0 0.0
35 41 37 0.0 0.0 0.0 8.0 0.0 0.0 0.0
35 41 38 0.0 0.0 0.0 43.0 0.0 2.0 0.0
35 41 39 0.0 0.0 0.0 155.0 0.0 7.0 0.0
35 41 40 0.0 0.0 0.0 130.0 1.0 4.0 0.0
35 41 41 0.0 0.0 0.0 109.0 0.0 6.0 0.0
35 41 42 0.0 0.0 0.0 67.0 3.0 5.0 0.0
35 41 43 0.0 0.0 0.0 13.0 0.0 0.0 0.0
35 41 44 0.0 0.0 0.0 1.0 0.0 0.0 0.0
35 42 37 0.0 0.0 0.0 4.0 0.0 0.0 0.0
35 42 38 0.0 0.0 0.0 18.0 0.0 1.0 0.0
35 42 39 0.0 0.0 0.0 44.0 0.0 1.0 0.0
35 42 40 0.0 0.0 0.0 82.0 0.0 5.0 0.0
35 42 41 0.0 0.0 0.0 30.0 0.0 0.0 0.0
35 42 42 0.0 0.0 0.0 11.0 0.0 1.0 0.0
35 42 43 0.0 0.0 0.0 5.0 0.0 0.0 0.0
35 43 38 0.0 0.0 0.0 5.0 0.0 0.0 0.0
35 43 39 0.0 0.0 0.0 14.0 0.0 2.0 0.0
35 43 40 0.0 0.0 0.0 7.0 0.0 0.0 0.0
35 43 41 0.0 0.0 0.0 21.0 0.0 0.0 0.0
35 43 43 0.0 0.0 0.0 1.0 0.0 0.0 0.0
35 44 38 0.0 0.0 0.0 1.0 0.0 0.0 0.0
35 44 39 0.0 0.0 0.0 4.0 0.0 0.0 0.0
36 36 36 0.0 0.0 0.0 4.0 0.0 0.0 0.0
36 36 37 0.0 0.0 0.0 14.0 0.0 1.0 0.0
36 36 38 0.0 0.0 0.0 118.0 2.0 7.0 0.0
36 36 39 0.0 0.0 0.0 247.0 1.0 9.0 0.0
36 36 40 0.0 0.0 0.0 281.0 0.0 5.0 0.0
36 36 41 0.0 0.0 0.0 189.0 0.0 6.0 0.0
36 36 42 0.0 0.0 0.0 118.0 1.0 4.0 0.0
36 36 43 0.0 0.0 0.0 21.0 0.0 1.0 0.0
36 37 36 0.0 0.0 0.0 37.0 0.0 1.0 0.0
36 37 37 0.0 0.0 0.0 307.0 0.0 10.0 0.0
36 37 38 0.0 0.0 0.0 1217.0 3.0 53.0 2.0
36 37 39 0.0 0.0 0.0 2232.0 12.0 79.0 13.0
36 37 40 0.0 0.0 0.0 2650.0 4.0 96.0 9.0
36 37 41 0.0 0.0 0.0 2014.0 0.0 83.0 3.0
36 37 42 0.0 0.0 0.0 1003.0 1.0 36.0 3.0
36 37 43 0.0 0.0 0.0 251.0 2.0 6.0 0.0
36 37 44 0.0 0.0 0.0 27.0 0.0 1.0 0.0
36 38 36 0.0 0.0 0.0 97.0 1.0 2.0 0.0
36 38 37 0.0 0.0 0.0 1087.0 1.0 36.0 2.0
36 38 38 0.0 0.0 0.0 3738.0 16.0 161.0 24.0
36 38 39 0.0 0.0 0.0 7540.0 14.0 290.0 89.0
36 38 40 0.0 0.0 0.0 8070.0 23.0 280.0 140.0
36 38 41 0.0 0.0 0.0 6706.0 17.0 225.0 81.0
36 38 42 0.0 0.0 0.0 3579.0 12.0 135.0 19.0
36 38 43 0.0 0.0 0.0 954.0 1.0 36.0 1.0
36 38 44 0.0 0.0 0.0 95.0 0.0 2.0 0.0
36 39 35 0.0 0.0 0.0 2.0 0.0 1.0 0.0
36 39 36 0.0 0.0 0.0 223.0 0.0 7.0 0.0
36 39 37 0.0 0.0 0.0 2082.0 14.0 90.0 8.0
36 39 38 0.0 0.0 0.0 7287.0 35.0 270.0 100.0
36 39 39 0.0 0.0 0.0 12899.0 30.0 480.0 365.0
36 39 40 0.0 0.0 0.0 14584.0 59.0 533.0 454.0
36 39 41 0.0 0.0 0.0 12410.0 43.0 446.0 328.0
36 39 42 0.0 0.0 0.0 6462.0 17.0 264.0 74.0
36 39 43 0.0 0.0 0.0 1855.0 4.0 75.0 7.0
36 39 44 0.0 0.0 0.0 201.0 0.0 5.0 0.0
36 40 35 0.0 0.0 0.0 1.0 0.0 0.0 0.0
36 40 36 0.0 0.0 0.0 359.0 0.0 10.0 0.0
36 40 37 0.0 0.0 0.0 2804.0 6.0 101.0 18.0
36 40 38 0.0 0.0 0.0 8778.0 20.0 374.0 158.0
36 40 39 0.0 0.0 0.0 15244.0 36.0 528.0 541.0
36 40 40 0.0 0.0 0.0 18316.0 58.0 621.0 754.0
36 40 41 0.0 0.0 0.0 14757.0 41.0 509.0 491.0
36 40 42 0.0 0.0 0.0 8133.0 12.0 338.0 153.0
36 40 43 0.0 0.0 0.0 2351.0 8.0 97.0 9.0
36 40 44 0.0 0.0 0.0 211.0 0.0 4.0 0.0
36 41 35 0.0 0.0 0.0 1.0 0.0 0.0 0.0
36 41 36 0.0 0.0 0.0 252.0 2.0 13.0 0.0
36 41 37 0.0 0.0 0.0 2123.0 14.0 90.0 10.0
36 41 38 0.0 0.0 0.0 7186.0 16.0 259.0 80.0
36 41 39 0.0 0.0 0.0 12478.0 62.0 434.0 295.0
36 41 40 0.0 0.0 0.0 15423.0 46.0 553.0 527.0
36 41 41 0.0 0.0 0.0 11920.0 44.0 424.0 317.0
36 41 42 0.0 0.0 0.0 6400.0 19.0 245.0 81.0
36 41 43 0.0 0.0 0.0 2007.0 5.0 80.0 5.0
36 41 44 0.0 0.0 0.0 230.0 1.0 9.0 0.0
36 41 45 0.0 0.0 0.0 1.0 0.0 0.0 0.0
36 42 35 0.0 0.0 0.0 1.0 0.0 0.0 0.0
36 42 36 0.0 0.0 0.0 134.0 0.0 7.0 1.0
36 42 37 0.0 0.0 0.0 926.0 2.0 40.0 0.0
36 42 38 0.0 0.0 0.0 3545.0 13.0 145.0 16.0
36 42 39 0.0 0.0 0.0 6719.0 19.0 253.0 79.0
36 42 40 0.0 0.0 0.0 8071.0 26.0 332.0 114.0
36 42 41 0.0 0.0 0.0 6267.0 23.0 240.0 78.0
36 42 42 0.0 0.0 0.0 3067.0 2.0 116.0 10.0
36 42 43 0.0 0.0 0.0 897.0 0.0 38.0 0.0
36 42 44 0.0 0.0 0.0 67.0 0.0 3.0 0.0
36 43 36 0.0 0.0 0.0 36.0 0.0 1.0 0.0
36 43 37 0.0 0.0 0.0 269.0 1.0 9.0 0.0
36 43 38 0.0 0.0 0.0 1064.0 2.0 36.0 3.0
36 43 39 0.0 0.0 0.0 2054.0 11.0 95.0 1.0
36 43 40 0.0 0.0 0.0 2312.0 4.0 69.0 6.0
36 43 41 0.0 0.0 0.0 2050.0 1.0 72.0 1.0
36 43 42 0.0 0.0 0.0 868.0 0.0 39.0 0.0
36 43 43 0.0 0.0 0.0 241.0 1.0 12.0 0.0
36 43 44 0.0 0.0 0.0 10.0 0.0 0.0 0.0
36 44 36 0.0 0.0 0.0 6.0 0.0 0.0 0.0
36 44 37 0.0 0.0 0.0 35.0 0.0 2.0 0.0
36 44 38 0.0 0.0 0.0 126.0 0.0 5.0 0.0
36 44 39 0.0 0.0 0.0 141.0 0.0 5.0 0.0
36 44 40 0.0 0.0 0.0 207.0 0.0 8.0 0.0
36 44 41 0.0 0.0 0.0 178.0 0.0 9.0 0.0
36 44 42 0.0 0.0 0.0 74.0 0.0 3.0 0.0
36 44 43 0.0 0.0 0.0 10.0 0.0 0.0 0.0
37 35 38 0.0 0.0 0.0 9.0 0.0 0.0 0.0
37 35 39 0.0 0.0 0.0 3.0 0.0 0.0 0.0
37 35 40 0.0 0.0 0.0 22.0 0.0 2.0 0.0
37 35 41 0.0 0.0 0.0 11.0 0.0 1.0 0.0
37 35 42 0.0 0.0 0.0 5.0 0.0 0.0 0.0
37 35 43 0.0 0.0 0.0 1.0 0.0 0.0 0.0
37 36 36 0.0 0.0 0.0 35.0 0.0 1.0 0.0
37 36 37 0.0 0.0 0.0 338.0 2.0 12.0 0.0
37 36 38 0.0 0.0 0.0 1066.0 2.0 45.0 3.0
37 36 39 0.0 0.0 0.0 2072.0 6.0 72.0 6.0
37 36 40 0.0 0.0 0.0 2392.0 8.0 95.0 7.0
37 36 41 0.0 0.0 0.0 2077.0 8.0 82.0 10.0
37 36 42 0.0 0.0 0.0 1089.0 7.0 40.0 3.0
37 36 43 0.0 0.0 0.0 252.0 1.0 11.0 1.0
37 36 44 0.0 0.0 0.0 30.0 0.0 0.0 0.0
37 37 35 0.0 0.0 0.0 1.0 0.0 0.0 0.0
37 37 36 0.0 0.0 0.0 286.0 0.0 16.0 0.0
37 37 37 0.0 0.0 0.0 4909.0 16.0 176.0 51.0
37 37 38 0.0 0.0 0.0 14536.0 58.0 543.0 557.0
37 37 39 0.0 0.0 0.0 23687.0 70.0 864.0 1841.0
37 37 40 0.0 0.0 0.0 26784.0 81.0 937.0 2302.0
37 37 41 0.0 0.0 0.0 23766.0 173.0 867.0 1872.0
37 37 42 0.0 0.0 0.0 13558.0 53.0 520.0 455.0
37 37 43 0.0 0.0 0.0 3641.0 21.0 139.0 31.0
37 37 44 0.0 0.0 0.0 236.0 0.0 10.0 0.0
37 37 45 0.0 0.0 0.0 1.0 0.0 0.0 0.0
37 38 35 0.0 0.0 0.0 1.0 0.0 0.0 0.0
37 38 36 0.0 0.0 0.0 1190.0 0.0 38.0 3.0
37 38 37 0.0 0.0 0.0 14535.0 32.0 530.0 579.0
37 38 38 0.0 0.0 0.0 33920.0 148.0 1063.0 4557.0
37 38 39 0.0 0.0 0.0 44527.0 197.0 1329.0 11153.0
37 38 40 0.0 0.0 0.0 46745.0 185.0 1408.0 14099.0
37 38 41 0.0 0.0 0.0 44313.0 216.0 1392.0 10713.0
37 38 42 0.0 0.0 0.0 31470.0 136.0 1071.0 3695.0
37 38 43 0.0 0.0 0.0 12448.0 34.0 458.0 350.0
37 38 44 0.0 0.0 0.0 1070.0 8.0 58.0 1.0
37 38 45 0.0 0.0 0.0 6.0 0.0 1.0 0.0
37 39 35 0.0 0.0 0.0 8.0 0.0 0.0 0.0
37 39 36 0.0 0.0 0.0 2147.0 1.0 76.0 8.0
37 39 37 0.0 0.0 0.0 24134.0 82.0 866.0 1795.0
37 39 38 0.0 0.0 0.0 44394.0 240.0 1297.0 11128.0
37 39 39 0.0 0.0 0.0 49850.0 339.0 1323.0 23415.0
37 39 40 0.0 0.0 0.0 50391.0 386.0 1196.0 27204.0
37 39 41 0.0 0.0 0.0 49774.0 266.0 1348.0 22299.0
37 39 42 0.0 0.0 0.0 43889.0 199.0 1250.0 10596.0
37 39 43 0.0 0.0 0.0 22507.0 72.0 768.0 1537.0
37 39 44 0.0 0.0 0.0 2179.0 0.0 81.0 8.0
37 39 45 0.0 0.0 0.0 12.0 0.0 1.0 0.0
37 40 35 0.0 0.0 0.0 9.0 0.0 0.0 0.0
37 40 36 0.0 0.0 0.0 2823.0 6.0 101.0 6.0
37 40 37 0.0 0.0 0.0 27230.0 125.0 938.0 2532.0
37 40 38 0.0 0.0 0.0 47172.0 209.0 1391.0 14149.0
37 40 39 0.0 0.0 0.0 50545.0 347.0 1291.0 27605.0
37 40 40 0.0 0.0 0.0 49842.0 284.0 1248.0 32778.0
37 40 41 0.0 0.0 0.0 50148.0 293.0 1240.0 26429.0
37 40 42 0.0 0.0 0.0 46000.0 287.0 1318.0 13308.0
37 40 43 0.0 0.0 0.0 25213.0 129.0 926.0 1961.0
37 40 44 0.0 0.0 0.0 2400.0 9.0 79.0 7.0
37 40 45 0.0 0.0 0.0 13.0 0.0 1.0 0.0
37 41 35 0.0 0.0 0.0 8.0 0.0 0.0 0.0
37 41 36 0.0 0.0 0.0 2460.0 0.0 88.0 9.0
37 41 37 0.0 0.0 0.0 24522.0 85.0 879.0 1880.0
37 41 38 0.0 0.0 0.0 44857.0 292.0 1312.0 11385.0
37 41 39 0.0 0.0 0.0 50039.0 334.0 1350.0 22954.0
37 41 40 0.0 0.0 0.0 50332.0 290.0 1292.0 26794.0
37 41 41 0.0 0.0 0.0 49718.0 288.0 1330.0 21747.0
37 41 42 0.0 0.0 0.0 43373.0 205.0 1312.0 9665.0
37 41 43 0.0 0.0 0.0 21312.0 70.0 777.0 1404.0
37 41 44 0.0 0.0 0.0 1981.0 2.0 87.0 10.0
37 41 45 0.0 0.0 0.0 9.0 0.0 0.0 0.0
37 42 35 0.0 0.0 0.0 3.0 0.0 0.0 0.0
37 42 36 0.0 0.0 0.0 1211.0 4.0 49.0 2.0
37 42 37 0.0 0.0 0.0 14355.0 59.0 553.0 526.0
37 42 38 0.0 0.0 0.0 33216.0 103.0 1061.0 4059.0
37 42 39 0.0 0.0 0.0 44128.0 186.0 1329.0 10271.0
37 42 40 0.0 0.0 0.0 46594.0 236.0 1394.0 13762.0
37 42 41 0.0 0.0 0.0 43196.0 177.0 1312.0 9511.0
37 42 42 0.0 0.0 0.0 31285.0 143.0 1038.0 3621.0
37 42 43 0.0 0.0 0.0 11784.0 58.0 440.0 339.0
37 42 44 0.0 0.0 0.0 1064.0 1.0 36.0 2.0
37 42 45 0.0 0.0 0.0 3.0 0.0 0.0 0.0
37 43 35 0.0 0.0 0.0 6.0 0.0 1.0 0.0
37 43 36 0.0 0.0 0.0 285.0 0.0 10.0 0.0
37 43 37 0.0 0.0 0.0 5544.0 13.0 194.0 80.0
37 43 38 0.0 0.0 0.0 14593.0 36.0 552.0 586.0
37 43 39 0.0 0.0 0.0 22076.0 139.0 748.0 1402.0
37 43 40 0.0 0.0 0.0 24863.0 88.0 880.0 2021.0
37 43 41 0.0 0.0 0.0 21277.0 96.0 783.0 1365.0
37 43 42 0.0 0.0 0.0 11827.0 65.0 458.0 347.0
37 43 43 0.0 0.0 0.0 3657.0 8.0 142.0 16.0
37 43 44 0.0 0.0 0.0 260.0 0.0 9.0 0.0
37 44 36 0.0 0.0 0.0 33.0 0.0 0.0 0.0
37 44 37 0.0 0.0 0.0 285.0 0.0 7.0 0.0
37 44 38 0.0 0.0 0.0 1102.0 2.0 38.0 1.0
37 44 39 0.0 0.0 0.0 2087.0 1.0 82.0 7.0
37 44 40 0.0 0.0 0.0 2727.0 7.0 122.0 7.0
37 44 41 0.0 0.0 0.0 1943.0 8.0 72.0 5.0
37 44 42 0.0 0.0 0.0 989.0 5.0 29.0 1.0
37 44 43 0.0 0.0 0.0 185.0 0.0 4.0 0.0
37 44 44 0.0 0.0 0.0 9.0 0.0 0.0 0.0
37 45 38 0.0 0.0 0.0 7.0 0.0 0.0 0.0
37 45 39 0.0 0.0 0.0 6.0 0.0 0.0 0.0
37 45 40 0.0 0.0 0.0 13.0 0.0 1.0 0.0
37 45 41 0.0 0.0 0.0 13.0 0.0 1.0 0.0
37 45 42 0.0 0.0 0.0 5.0 0.0 0.0 0.0
38 35 37 0.0 0.0 0.0 6.0 0.0 0.0 0.0
38 35 38 0.0 0.0 0.0 19.0 0.0 1.0 0.0
38 35 39 0.0 0.0 0.0 74.0 1.0 4.0 0.0
38 35 40 0.0 0.0 0.0 71.0 0.0 5.0 0.0
38 35 41 0.0 0.0 0.0 41.0 0.0 2.0 0.0
38 35 42 0.0 0.0 0.0 34.0 0.0 0.0 0.0
38 35 43 0.0 0.0 0.0 2.0 0.0 0.0 0.0
38 36 36 0.0 0.0 0.0 115.0 1.0 4.0 0.0
38 36 37 0.0 0.0 0.0 1120.0 12.0 41.0 2.0
38 36 38 0.0 0.0 0.0 3670.0 8.0 144.0 21.0
38 36 39 0.0 0.0 0.0 6948.0 14.0 257.0 84.0
38 36 40 0.0 0.0 0.0 8414.0 30.0 302.0 138.0
38 36 41 0.0 0.0 0.0 7118.0 14.0 265.0 101.0
38 36 42 0.0 0.0 0.0 3702.0 16.0 147.0 26.0
38 36 43 0.0 0.0 0.0 1076.0 5.0 34.0 1.0
38 36 44 0.0 0.0 0.0 126.0 0.0 5.0 0.0
38 37 35 0.0 0.0 0.0 12.0 0.0 1.0 0.0
38 37 36 0.0 0.0 0.0 1068.0 3.0 46.0 1.0
38 37 37 0.0 0.0 0.0 13347.0 93.0 529.0 452.0
38 37 38 0.0 0.0 0.0 33481.0 165.0 1128.0 4315.0
38 37 39 0.0 0.0 0.0 44142.0 213.0 1374.0 10724.0
38 37 40 0.0 0.0 0.0 46802.0 166.0 1330.0 13551.0
38 37 41 0.0 0.0 0.0 44196.0 217.0 1285.0 11079.0
38 37 42 0.0 0.0 0.0 32444.0 153.0 1121.0 4032.0
38 37 43 0.0 0.0 0.0 14564.0 39.0 535.0 533.0
38 37 44 0.0 0.0 0.0 1172.0 1.0 53.0 1.0
38 37 45 0.0 0.0 0.0 2.0 0.0 0.0 0.0
38 38 35 0.0 0.0 0.0 26.0 0.0 0.0 0.0
38 38 36 0.0 0.0 0.0 4164.0 17.0 163.0 34.0
38 38 37 0.0 0.0 0.0 34591.0 93.0 1167.0 4700.0
38 38 38 0.0 0.0 0.0 46022.0 381.0 1118.0 36349.0
38 38 39 0.0 0.0 0.0 40483.0 321.0 863.0 55635.0
38 38 40 0.0 0.0 0.0 38043.0 390.0 821.0 61764.0
38 38 41 0.0 0.0 0.0 41254.0 588.0 929.0 54041.0
38 38 42 0.0 0.0 0.0 47365.0 236.0 1124.0 33291.0
38 38 43 0.0 0.0 0.0 32383.0 202.0 1058.0 3839.0
38 38 44 0.0 0.0 0.0 3766.0 8.0 138.0 36.0
38 38 45 0.0 0.0 0.0 25.0 0.0 0.0 0.0
38 39 35 0.0 0.0 0.0 65.0 0.0 1.0 0.0
38 39 36 0.0 0.0 0.0 7634.0 16.0 314.0 108.0
38 39 37 0.0 0.0 0.0 44986.0 186.0 1335.0 11416.0
38 39 38 0.0 0.0 0.0 41339.0 347.0 931.0 54293.0
38 39 39 0.0 0.0 0.0 32925.0 513.0 673.0 77313.0
38 39 40 0.0 0.0 0.0 30395.0 477.0 576.0 82326.0
38 39 41 0.0 0.0 0.0 33154.0 537.0 623.0 75753.0
38 39 42 0.0 0.0 0.0 41888.0 408.0 941.0 53525.0
38 39 43 0.0 0.0 0.0 44217.0 242.0 1291.0 11194.0
38 39 44 0.0 0.0 0.0 7048.0 68.0 276.0 70.0
38 39 45 0.0 0.0 0.0 61.0 0.0 2.0 0.0
38 40 35 0.0 0.0 0.0 83.0 0.0 2.0 0.0
38 40 36 0.0 0.0 0.0 8901.0 35.0 345.0 145.0
38 40 37 0.0 0.0 0.0 46986.0 214.0 1375.0 14561.0
38 40 38 0.0 0.0 0.0 37938.0 376.0 772.0 62386.0
38 40 39 0.0 0.0 0.0 29793.0 504.0 535.0 83119.0
38 40 40 0.0 0.0 0.0 27208.0 478.0 437.0 89696.0
38 40 41 0.0 0.0 0.0 30523.0 435.0 577.0 82021.0
38 40 42 0.0 0.0 0.0 39278.0 499.0 804.0 59242.0
38 40 43 0.0 0.0 0.0 46290.0 245.0 1349.0 13174.0
38 40 44 0.0 0.0 0.0 8503.0 17.0 322.0 172.0
38 40 45 0.0 0.0 0.0 93.0 0.0 3.0 0.0
38 41 35 0.0 0.0 0.0 49.0 0.0 0.0 0.0
38 41 36 0.0 0.0 0.0 7352.0 11.0 295.0 91.0
38 41 37 0.0 0.0 0.0 44609.0 219.0 1331.0 11144.0
38 41 38 0.0 0.0 0.0 41113.0 556.0 953.0 54908.0
38 41 39 0.0 0.0 0.0 33110.0 425.0 670.0 76749.0
38 41 40 0.0 0.0 0.0 29991.0 495.0 552.0 83183.0
38 41 41 0.0 0.0 0.0 34097.0 427.0 649.0 74532.0
38 41 42 0.0 0.0 0.0 42497.0 512.0 967.0 51686.0
38 41 43 0.0 0.0 0.0 44047.0 193.0 1346.0 10248.0
38 41 44 0.0 0.0 0.0 7101.0 21.0 277.0 82.0
38 41 45 0.0 0.0 0.0 65.0 0.0 5.0 0.0
38 42 35 0.0 0.0 0.0 25.0 0.0 0.0 0.0
38 42 36 0.0 0.0 0.0 4139.0 18.0 172.0 29.0
38 42 37 0.0 0.0 0.0 34891.0 173.0 1165.0 4809.0
38 42 38 0.0 0.0 0.0 45775.0 279.0 1095.0 37641.0
38 42 39 0.0 0.0 0.0 41823.0 430.0 907.0 52740.0
38 42 40 0.0 0.0 0.0 38958.0 486.0 824.0 59718.0
38 42 41 0.0 0.0 0.0 42054.0 451.0 912.0 52240.0
38 42 42 0.0 0.0 0.0 47336.0 329.0 1203.0 32403.0
38 42 43 0.0 0.0 0.0 31457.0 151.0 1055.0 3503.0
38 42 44 0.0 0.0 0.0 3747.0 5.0 143.0 24.0
38 42 45 0.0 0.0 0.0 22.0 0.0 0.0 0.0
38 43 35 0.0 0.0 0.0 4.0 0.0 0.0 0.0
38 43 36 0.0 0.0 0.0 1216.0 4.0 40.0 2.0
38 43 37 0.0 0.0 0.0 16232.0 33.0 629.0 707.0
38 43 38 0.0 0.0 0.0 33914.0 101.0 1119.0 4539.0
38 43 39 0.0 0.0 0.0 44830.0 251.0 1331.0 11422.0
38 43 40 0.0 0.0 0.0 46590.0 277.0 1307.0 13563.0
38 43 41 0.0 0.0 0.0 43635.0 237.0 1337.0 10226.0
38 43 42 0.0 0.0 0.0 32489.0 132.0 1123.0 4004.0
38 43 43 0.0 0.0 0.0 13131.0 40.0 485.0 458.0
38 43 44 0.0 0.0 0.0 974.0 3.0 38.0 0.0
38 43 45 0.0 0.0 0.0 4.0 0.0 0.0 0.0
38 44 36 0.0 0.0 0.0 174.0 0.0 13.0 1.0
38 44 37 0.0 0.0 0.0 1117.0 10.0 42.0 1.0
38 44 38 0.0 0.0 0.0 3803.0 2.0 141.0 32.0
38 44 39 0.0 0.0 0.0 7203.0 14.0 252.0 97.0
38 44 40 0.0 0.0 0.0 8373.0 14.0 334.0 120.0
38 44 41 0.0 0.0 0.0 6862.0 19.0 262.0 69.0
38 44 42 0.0 0.0 0.0 3422.0 8.0 122.0 25.0
38 44 43 0.0 0.0 0.0 1049.0 3.0 50.0 1.0
38 44 44 0.0 0.0 0.0 132.0 0.0 6.0 0.0
38 45 37 0.0 0.0 0.0 4.0 0.0 0.0 0.0
38 45 38 0.0 0.0 0.0 20.0 0.0 1.0 0.0
38 45 39 0.0 0.0 0.0 88.0 0.0 5.0 0.0
38 45 40 0.0 0.0 0.0 83.0 0.0 3.0 0.0
38 45 41 0.0 0.0 0.0 66.0 0.0 2.0 0.0
38 45 42 0.0 0.0 0.0 26.0 0.0 1.0 0.0
38 45 43 0.0 0.0 0.0 3.0 0.0 0.0 0.0
39 35 36 0.0 0.0 0.0 1.0 0.0 0.0 0.0
39 35 37 0.0 0.0 0.0 16.0 0.0 0.0 0.0
39 35 38 0.0 0.0 0.0 40.0 0.0 2.0 0.0
39 35 39 0.0 0.0 0.0 160.0 0.0 9.0 0.0
39 35 40 0.0 0.0 0.0 194.0 1.0 9.0 0.0
39 35 41 0.0 0.0 0.0 118.0 0.0 3.0 0.0
39 35 42 0.0 0.0 0.0 56.0 0.0 2.0 0.0
39 35 43 0.0 0.0 0.0 3.0 0.0 0.0 0.0
39 36 36 0.0 0.0 0.0 264.0 1.0 9.0 0.0
39 36 37 0.0 0.0 0.0 2428.0 2.0 108.0 12.0
39 36 38 0.0 0.0 0.0 7265.0 29.0 261.0 99.0
39 36 39 0.0 0.0 0.0 12822.0 94.0 446.0 367.0
39 36 40 0.0 0.0 0.0 15831.0 62.0 557.0 572.0
39 36 41 0.0 0.0 0.0 13068.0 28.0 484.0 357.0
39 36 42 0.0 0.0 0.0 7031.0 25.0 274.0 94.0
39 36 43 0.0 0.0 0.0 2264.0 6.0 90.0 2.0
39 36 44 0.0 0.0 0.0 216.0 1.0 11.0 0.0
39 36 45 0.0 0.0 0.0 2.0 0.0 0.0 0.0
39 37 35 0.0 0.0 0.0 13.0 0.0 0.0 0.0
39 37 36 0.0 0.0 0.0 2437.0 8.0 97.0 8.0
39 37 37 0.0 0.0 0.0 23132.0 112.0 814.0 1727.0
39 37 38 0.0 0.0 0.0 44274.0 229.0 1343.0 11025.0
39 37 39 0.0 0.0 0.0 50140.0 287.0 1275.0 23825.0
39 37 40 0.0 0.0 0.0 50466.0 328.0 1283.0 27727.0
39 37 41 0.0 0.0 0.0 50059.0 326.0 1310.0 23641.0
39 37 42 0.0 0.0 0.0 45177.0 228.0 1424.0 11223.0
39 37 43 0.0 0.0 0.0 23544.0 89.0 781.0 1716.0
39 37 44 0.0 0.0 0.0 2303.0 8.0 70.0 7.0
39 37 45 0.0 0.0 0.0 13.0 0.0 1.0 0.0
39 38 35 0.0 0.0 0.0 68.0 0.0 3.0 0.0
39 38 36 0.0 0.0 0.0 7202.0 15.0 283.0 89.0
39 38 37 0.0 0.0 0.0 44630.0 317.0 1314.0 11427.0
39 38 38 0.0 0.0 0.0 40902.0 492.0 887.0 54946.0
39 38 39 0.0 0.0 0.0 33216.0 500.0 657.0 76217.0
39 38 40 0.0 0.0 0.0 30661.0 476.0 536.0 82375.0
39 38 41 0.0 0.0 0.0 33452.0 462.0 646.0 76169.0
39 38 42 0.0 0.0 0.0 40706.0 457.0 894.0 55320.0
39 38 43 0.0 0.0 0.0 44734.0 259.0 1333.0 11489.0
39 38 44 0.0 0.0 0.0 7356.0 30.0 264.0 109.0
39 38 45 0.0 0.0 0.0 57.0 1.0 2.0 0.0
39 39 35 0.0 0.0 0.0 167.0 1.0 4.0 0.0
39 39 36 0.0 0.0 0.0 13286.0 46.0 504.0 358.0
39 39 37 0.0 0.0 0.0 50244.0 332.0 1308.0 24026.0
39 39 38 0.0 0.0 0.0 32620.0 389.0 614.0 77702.0
39 39 39 0.0 0.0 0.0 18464.0 392.0 268.0 114973.0
39 39 40 0.0 0.0 0.0 16946.0 384.0 232.0 119312.0
39 39 41 0.0 0.0 0.0 18845.0 428.0 264.0 113026.0
39 39 42 0.0 0.0 0.0 33259.0 507.0 611.0 76059.0
39 39 43 0.0 0.0 0.0 50472.0 263.0 1272.0 23250.0
39 39 44 0.0 0.0 0.0 13498.0 49.0 531.0 395.0
39 39 45 0.0 0.0 0.0 124.0 0.0 3.0 0.0
39 40 35 0.0 0.0 0.0 157.0 0.0 4.0 0.0
39 40 36 0.0 0.0 0.0 16596.0 51.0 616.0 600.0
39 40 37 0.0 0.0 0.0 49896.0 277.0 1244.0 28766.0
39 40 38 0.0 0.0 0.0 30213.0 472.0 592.0 83476.0
39 40 39 0.0 0.0 0.0 16858.0 415.0 234.0 119200.0
39 40 40 0.0 0.0 0.0 14224.0 370.0 189.0 126323.0
39 40 41 0.0 0.0 0.0 17306.0 451.0 234.0 118269.0
39 40 42 0.0 0.0 0.0 30127.0 449.0 585.0 82921.0
39 40 43 0.0 0.0 0.0 50230.0 339.0 1311.0 28517.0
39 40 44 0.0 0.0 0.0 15796.0 42.0 574.0 532.0
39 40 45 0.0 0.0 0.0 209.0 0.0 10.0 0.0
39 41 35 0.0 0.0 0.0 148.0 0.0 6.0 0.0
39 41 36 0.0 0.0 0.0 13586.0 25.0 486.0 346.0
39 41 37 0.0 0.0 0.0 49850.0 303.0 1298.0 24739.0
39 41 38 0.0 0.0 0.0 32951.0 442.0 576.0 77126.0
39 41 39 0.0 0.0 0.0 18660.0 397.0 284.0 114629.0
39 41 40 0.0 0.0 0.0 16989.0 402.0 233.0 118516.0
39 41 41 0.0 0.0 0.0 19347.0 374.0 290.0 112659.0
39 41 42 0.0 0.0 0.0 33502.0 415.0 655.0 75174.0
39 41 43 0.0 0.0 0.0 50145.0 245.0 1275.0 23222.0
39 41 44 0.0 0.0 0.0 12736.0 64.0 480.0 346.0
39 41 45 0.0 0.0 0.0 131.0 1.0 5.0 0.0
39 42 35 0.0 0.0 0.0 38.0 0.0 1.0 0.0
39 42 36 0.0 0.0 0.0 7298.0 33.0 290.0 100.0
39 42 37 0.0 0.0 0.0 45097.0 234.0 1311.0 12443.0
39 42 38 0.0 0.0 0.0 40224.0 385.0 911.0 56681.0
39 42 39 0.0 0.0 0.0 33039.0 389.0 648.0 76467.0
39 42 40 0.0 0.0 0.0 29986.0 496.0 510.0 82746.0
39 42 41 0.0 0.0 0.0 33443.0 393.0 630.0 75637.0
39 42 42 0.0 0.0 0.0 41427.0 406.0 870.0 54481.0
39 42 43 0.0 0.0 0.0 44117.0 186.0 1303.0 10751.0
39 42 44 0.0 0.0 0.0 6859.0 8.0 255.0 79.0
39 42 45 0.0 0.0 0.0 75.0 0.0 1.0 0.0
39 43 35 0.0 0.0 0.0 14.0 0.0 0.0 0.0
39 43 36 0.0 0.0 0.0 2390.0 9.0 90.0 7.0
39 43 37 0.0 0.0 0.0 25423.0 91.0 913.0 2081.0
39 43 38 0.0 0.0 0.0 44544.0 181.0 1298.0 11425.0
39 43 39 0.0 0.0 0.0 50221.0 296.0 1352.0 22848.0
39 43 40 0.0 0.0 0.0 50124.0 304.0 1273.0 27876.0
39 43 41 0.0 0.0 0.0 50329.0 310.0 1290.0 22804.0
39 43 42 0.0 0.0 0.0 44530.0 181.0 1321.0 11097.0
39 43 43 0.0 0.0 0.0 24063.0 66.0 864.0 1748.0
39 43 44 0.0 0.0 0.0 2050.0 9.0 80.0 3.0
39 43 45 0.0 0.0 0.0 5.0 0.0 0.0 0.0
39 44 36 0.0 0.0 0.0 318.0 0.0 12.0 0.0
39 44 37 0.0 0.0 0.0 2217.0 10.0 85.0 3.0
39 44 38 0.0 0.0 0.0 7521.0 33.0 293.0 96.0
39 44 39 0.0 0.0 0.0 12691.0 29.0 492.0 350.0
39 44 40 0.0 0.0 0.0 15721.0 40.0 572.0 504.0
39 44 41 0.0 0.0 0.0 12277.0 66.0 439.0 307.0
39 44 42 0.0 0.0 0.0 6953.0 19.0 241.0 86.0
39 44 43 0.0 0.0 0.0 1982.0 4.0 74.0 4.0
39 44 44 0.0 0.0 0.0 253.0 2.0 9.0 0.0
39 44 45 0.0 0.0 0.0 1.0 0.0 0.0 0.0
39 45 36 0.0 0.0 0.0 4.0 0.0 0.0 0.0
39 45 37 0.0 0.0 0.0 22.0 0.0 0.0 0.0
39 45 38 0.0 0.0 0.0 64.0 0.0 2.0 0.0
39 45 39 0.0 0.0 0.0 125.0 0.0 3.0 0.0
39 45 40 0.0 0.0 0.0 158.0 0.0 5.0 0.0
39 45 41 0.0 0.0 0.0 146.0 0.0 7.0 0.0
39 45 42 0.0 0.0 0.0 59.0 0.0 1.0 0.0
39 45 43 0.0 0.0 0.0 9.0 0.0 0.0 0.0
40 35 36 0.0 0.0 0.0 5.0 0.0 1.0 0.0
40 35 37 0.0 0.0 0.0 16.0 0.0 1.0 0.0
40 35 38 0.0 0.0 0.0 79.0 0.0 5.0 0.0
40 35 39 0.0 0.0 0.0 170.0 0.0 5.0 0.0
40 35 40 0.0 0.0 0.0 206.0 0.0 7.0 0.0
40 35 41 0.0 0.0 0.0 164.0 0.0 6.0 0.0
40 35 42 0.0 0.0 0.0 67.0 0.0 1.0 0.0
40 35 43 0.0 0.0 0.0 6.0 0.0 0.0 0.0
40 35 44 0.0 0.0 0.0 1.0 0.0 0.0 0.0
40 36 36 0.0 0.0 0.0 311.0 1.0 13.0 0.0
40 36 37 0.0 0.0 0.0 2829.0 10.0 85.0 13.0
40 36 38 0.0 0.0 0.0 9047.0 35.0 300.0 137.0
40 36 39 0.0 0.0 0.0 15719.0 66.0 587.0 536.0
40 36 40 0.0 0.0 0.0 19052.0 42.0 672.0 828.0
40 36 41 0.0 0.0 0.0 16148.0 54.0 581.0 551.0
40 36 42 0.0 0.0 0.0 9105.0 20.0 335.0 171.0
40 36 43 0.0 0.0 0.0 2828.0 10.0 113.0 8.0
40 36 44 0.0 0.0 0.0 396.0 1.0 16.0 0.0
40 36 45 0.0 0.0 0.0 5.0 0.0 1.0 0.0
40 37 35 0.0 0.0 0.0 8.0 0.0 0.0 0.0
40 37 36 0.0 0.0 0.0 2662.0 12.0 96.0 8.0
40 37 37 0.0 0.0 0.0 26849.0 129.0 950.0 2325.0
40 37 38 0.0 0.0 0.0 47150.0 258.0 1368.0 14357.0
40 37 39 0.0 0.0 0.0 50582.0 444.0 1243.0 28483.0
40 37 40 0.0 0.0 0.0 49714.0 352.0 1212.0 33120.0
40 37 41 0.0 0.0 0.0 50606.0 309.0 1273.0 28316.0
40 37 42 0.0 0.0 0.0 47403.0 256.0 1312.0 14627.0
40 37 43 0.0 0.0 0.0 28442.0 141.0 932.0 2786.0
40 37 44 0.0 0.0 0.0 3051.0 8.0 128.0 20.0
40 37 45 0.0 0.0 0.0 12.0 0.0 0.0 0.0
40 38 35 0.0 0.0 0.0 84.0 0.0 2.0 0.0
40 38 36 0.0 0.0 0.0 8929.0 37.0 350.0 149.0
40 38 37 0.0 0.0 0.0 47118.0 235.0 1372.0 14271.0
40 38 38 0.0 0.0 0.0 38320.0 584.0 767.0 61294.0
40 38 39 0.0 0.0 0.0 29404.0 478.0 524.0 84621.0
40 38 40 0.0 0.0 0.0 26736.0 491.0 489.0 89842.0
40 38 41 0.0 0.0 0.0 29731.0 498.0 534.0 83600.0
40 38 42 0.0 0.0 0.0 37894.0 514.0 789.0 62559.0
40 38 43 0.0 0.0 0.0 47197.0 302.0 1289.0 14995.0
40 38 44 0.0 0.0 0.0 9187.0 11.0 371.0 147.0
40 38 45 0.0 0.0 0.0 69.0 0.0 2.0 0.0
40 39 35 0.0 0.0 0.0 171.0 1.0 9.0 0.0
40 39 36 0.0 0.0 0.0 16444.0 42.0 615.0 590.0
40 39 37 0.0 0.0 0.0 50057.0 335.0 1302.0 29263.0
40 39 38 0.0 0.0 0.0 29855.0 461.0 547.0 83335.0
40 39 39 0.0 0.0 0.0 16649.0 425.0 231.0 119822.0
40 39 40 0.0 0.0 0.0 14294.0 409.0 193.0 126056.0
40 39 41 0.0 0.0 0.0 16406.0 408.0 213.0 120820.0
40 39 42 0.0 0.0 0.0 29952.0 447.0 561.0 83757.0
40 39 43 0.0 0.0 0.0 50173.0 330.0 1284.0 28726.0
40 39 44 0.0 0.0 0.0 15817.0 42.0 549.0 543.0
40 39 45 0.0 0.0 0.0 201.0 0.0 8.0 0.0
40 40 35 0.0 0.0 0.0 254.0 0.0 10.0 0.0
40 40 36 0.0 0.0 0.0 18795.0 58.0 637.0 908.0
40 40 37 0.0 0.0 0.0 50005.0 368.0 1193.0 33734.0
40 40 38 0.0 0.0 0.0 27268.0 411.0 465.0 90217.0
40 40 39 0.0 0.0 0.0 14089.0 382.0 174.0 126149.0
40 40 40 0.0 0.0 0.0 9435.0 300.0 90.0 149540.0
40 40 41 0.0 0.0 0.0 14316.0 402.0 175.0 127020.0
40 40 42 0.0 0.0 0.0 27135.0 460.0 480.0 90080.0
40 40 43 0.0 0.0 0.0 49875.0 377.0 1168.0 33576.0
40 40 44 0.0 0.0 0.0 19142.0 57.0 690.0 795.0
40 40 45 0.0 0.0 0.0 202.0 0.0 7.0 0.0
40 41 35 0.0 0.0 0.0 138.0 0.0 3.0 0.0
40 41 36 0.0 0.0 0.0 15561.0 68.0 568.0 538.0
40 41 37 0.0 0.0 0.0 50099.0 341.0 1243.0 29037.0
40 41 38 0.0 0.0 0.0 29692.0 441.0 530.0 84102.0
40 41 39 0.0 0.0 0.0 16353.0 396.0 229.0 120501.0
40 41 40 0.0 0.0 0.0 13951.0 350.0 159.0 127036.0
40 41 41 0.0 0.0 0.0 16680.0 397.0 205.0 119897.0
40 41 42 0.0 0.0 0.0 30578.0 452.0 546.0 82832.0
40 41 43 0.0 0.0 0.0 50372.0 293.0 1239.0 27784.0
40 41 44 0.0 0.0 0.0 15651.0 87.0 604.0 568.0
40 41 45 0.0 0.0 0.0 176.0 1.0 8.0 0.0
40 42 35 0.0 0.0 0.0 103.0 0.0 3.0 0.0
40 42 36 0.0 0.0 0.0 9181.0 48.0 370.0 163.0
40 42 37 0.0 0.0 0.0 47247.0 218.0 1360.0 15435.0
40 42 38 0.0 0.0 0.0 37838.0 330.0 759.0 62715.0
40 42 39 0.0 0.0 0.0 29892.0 478.0 529.0 83249.0
40 42 40 0.0 0.0 0.0 27340.0 415.0 493.0 89283.0
40 42 41 0.0 0.0 0.0 30720.0 467.0 609.0 81827.0
40 42 42 0.0 0.0 0.0 38723.0 425.0 818.0 61062.0
40 42 43 0.0 0.0 0.0 46864.0 201.0 1355.0 14012.0
40 42 44 0.0 0.0 0.0 8675.0 19.0 321.0 131.0
40 42 45 0.0 0.0 0.0 64.0 0.0 3.0 0.0
40 43 35 0.0 0.0 0.0 20.0 0.0 0.0 0.0
40 43 36 0.0 0.0 0.0 3153.0 7.0 138.0 18.0
40 43 37 0.0 0.0 0.0 27192.0 64.0 901.0 2494.0
40 43 38 0.0 0.0 0.0 46924.0 278.0 1271.0 14901.0
40 43 39 0.0 0.0 0.0 50107.0 307.0 1264.0 28391.0
40 43 40 0.0 0.0 0.0 49716.0 337.0 1167.0 33344.0
40 43 41 0.0 0.0 0.0 50750.0 297.0 1295.0 27235.0
40 43 42 0.0 0.0 0.0 46690.0 171.0 1393.0 13572.0
40 43 43 0.0 0.0 0.0 26365.0 115.0 932.0 2277.0
40 43 44 0.0 0.0 0.0 2713.0 4.0 105.0 8.0
40 43 45 0.0 0.0 0.0 21.0 0.0 0.0 0.0
40 44 36 0.0 0.0 0.0 339.0 1.0 10.0 0.0
40 44 37 0.0 0.0 0.0 3010.0 22.0 114.0 18.0
40 44 38 0.0 0.0 0.0 8628.0 17.0 349.0 149.0
40 44 39 0.0 0.0 0.0 15577.0 75.0 564.0 562.0
40 44 40 0.0 0.0 0.0 18453.0 63.0 671.0 766.0
40 44 41 0.0 0.0 0.0 15184.0 56.0 554.0 502.0
40 44 42 0.0 0.0 0.0 8724.0 45.0 348.0 149.0
40 44 43 0.0 0.0 0.0 2775.0 9.0 106.0 9.0
40 44 44 0.0 0.0 0.0 296.0 1.0 8.0 0.0
40 44 45 0.0 0.0 0.0 1.0 0.0 0.0 0.0
40 45 36 0.0 0.0 0.0 1.0 0.0 0.0 0.0
40 45 37 0.0 0.0 0.0 16.0 0.0 0.0 0.0
40 45 38 0.0 0.0 0.0 49.0 0.0 2.0 0.0
40 45 39 0.0 0.0 0.0 160.0 0.0 10.0 1.0
40 45 40 0.0 0.0 0.0 226.0 0.0 9.0 0.0
40 45 41 0.0 0.0 0.0 163.0 1.0 12.0 0.0
40 45 42 0.0 0.0 0.0 71.0 0.0 3.0 0.0
40 45 43 0.0 0.0 0.0 19.0 0.0 0.0 0.0
40 45 44 0.0 0.0 0.0 3.0 0.0 1.0 0.0
41 35 36 0.0 0.0 0.0 1.0 0.0 0.0 0.0
41 35 37 0.0 0.0 0.0 12.0 0.0 1.0 0.0
41 35 38 0.0 0.0 0.0 65.0 0.0 4.0 0.0
41 35 39 0.0 0.0 0.0 135.0 0.0 6.0 0.0
41 35 40 0.0 0.0 0.0 228.0 1.0 9.0 0.0
41 35 41 0.0 0.0 0.0 158.0 0.0 7.0 0.0
41 35 42 0.0 0.0 0.0 58.0 0.0 3.0 0.0
41 35 43 0.0 0.0 0.0 15.0 0.0 1.0 0.0
41 35 44 0.0 0.0 0.0 2.0 0.0 0.0 0.0
41 36 35 0.0 0.0 0.0 1.0 0.0 0.0 0.0
41 36 36 0.0 0.0 0.0 253.0 3.0 9.0 0.0
41 36 37 0.0 0.0 0.0 2181.0 4.0 86.0 6.0
41 36 38 0.0 0.0 0.0 7148.0 29.0 267.0 94.0
41 36 39 0.0 0.0 0.0 13049.0 38.0 447.0 380.0
41 36 40 0.0 0.0 0.0 16042.0 81.0 594.0 627.0
41 36 41 0.0 0.0 0.0 13562.0 39.0 516.0 380.0
41 36 42 0.0 0.0 0.0 7519.0 31.0 283.0 119.0
41 36 43 0.0 0.0 0.0 2267.0 1.0 89.0 8.0
41 36 44 0.0 0.0 0.0 307.0 0.0 8.0 0.0
41 36 45 0.0 0.0 0.0 6.0 0.0 0.0 0.0
41 37 35 0.0 0.0 0.0 10.0 0.0 0.0 0.0
41 37 36 0.0 0.0 0.0 2148.0 5.0 68.0 10.0
41 37 37 0.0 0.0 0.0 23078.0 115.0 808.0 1544.0
41 37 38 0.0 0.0 0.0 44680.0 319.0 1276.0 11142.0
41 37 39 0.0 0.0 0.0 50118.0 330.0 1269.0 24054.0
41 37 40 0.0 0.0 0.0 50441.0 319.0 1316.0 28908.0
41 37 41 0.0 0.0 0.0 50389.0 364.0 1384.0 24138.0
41 37 42 0.0 0.0 0.0 45114.0 247.0 1294.0 11929.0
41 37 43 0.0 0.0 0.0 25129.0 90.0 896.0 2036.0
41 37 44 0.0 0.0 0.0 2416.0 11.0 101.0 8.0
41 37 45 0.0 0.0 0.0 7.0 0.0 0.0 0.0
41 38 35 0.0 0.0 0.0 45.0 0.0 0.0 0.0
41 38 36 0.0 0.0 0.0 7502.0 24.0 296.0 116.0
41 38 37 0.0 0.0 0.0 44781.0 240.0 1316.0 11306.0
41 38 38 0.0 0.0 0.0 41355.0 456.0 899.0 54850.0
41 38 39 0.0 0.0 0.0 33237.0 571.0 600.0 75650.0
41 38 40 0.0 0.0 0.0 29871.0 557.0 518.0 83716.0
41 38 41 0.0 0.0 0.0 32691.0 419.0 640.0 77267.0
41 38 42 0.0 0.0 0.0 40134.0 392.0 879.0 56924.0
41 38 43 0.0 0.0 0.0 45286.0 225.0 1339.0 12022.0
41 38 44 0.0 0.0 0.0 7701.0 30.0 279.0 109.0
41 38 45 0.0 0.0 0.0 67.0 0.0 1.0 0.0
41 39 35 0.0 0.0 0.0 125.0 0.0 4.0 0.0
41 39 36 0.0 0.0 0.0 13367.0 47.0 466.0 332.0
41 39 37 0.0 0.0 0.0 50439.0 359.0 1268.0 24049.0
41 39 38 0.0 0.0 0.0 32593.0 448.0 617.0 77443.0
41 39 39 0.0 0.0 0.0 19207.0 463.0 284.0 113726.0
41 39 40 0.0 0.0 0.0 16619.0 471.0 207.0 120312.0
41 39 41 0.0 0.0 0.0 18421.0 374.0 246.0 115435.0
41 39 42 0.0 0.0 0.0 32587.0 437.0 647.0 78616.0
41 39 43 0.0 0.0 0.0 50249.0 290.0 1320.0 24094.0
41 39 44 0.0 0.0 0.0 13706.0 22.0 523.0 433.0
41 39 45 0.0 0.0 0.0 133.0 1.0 4.0 0.0
41 40 35 0.0 0.0 0.0 219.0 0.0 4.0 0.0
41 40 36 0.0 0.0 0.0 16184.0 59.0 592.0 592.0
41 40 37 0.0 0.0 0.0 50033.0 376.0 1305.0 28438.0
41 40 38 0.0 0.0 0.0 30340.0 508.0 585.0 82869.0
41 40 39 0.0 0.0 0.0 16766.0 355.0 227.0 119935.0
41 40 40 0.0 0.0 0.0 14269.0 405.0 154.0 125548.0
41 40 41 0.0 0.0 0.0 16525.0 421.0 224.0 120241.0
41 40 42 0.0 0.0 0.0 29587.0 452.0 553.0 84214.0
41 40 43 0.0 0.0 0.0 50158.0 335.0 1267.0 29058.0
41 40 44 0.0 0.0 0.0 16201.0 40.0 623.0 622.0
41 40 45 0.0 0.0 0.0 182.0 0.0 10.0 0.0
41 41 35 0.0 0.0 0.0 112.0 1.0 4.0 0.0
41 41 36 0.0 0.0 0.0 13172.0 53.0 514.0 372.0
41 41 37 0.0 0.0 0.0 50700.0 297.0 1394.0 24155.0
41 41 38 0.0 0.0 0.0 32987.0 374.0 651.0 77176.0
41 41 39 0.0 0.0 0.0 18695.0 445.0 286.0 114375.0
41 41 40 0.0 0.0 0.0 16894.0 384.0 243.0 119154.0
41 41 41 0.0 0.0 0.0 18419.0 477.0 256.0 113489.0
41 41 42 0.0 0.0 0.0 32387.0 524.0 613.0 77439.0
41 41 43 0.0 0.0 0.0 49970.0 260.0 1263.0 23926.0
41 41 44 0.0 0.0 0.0 13089.0 31.0 478.0 338.0
41 41 45 0.0 0.0 0.0 149.0 2.0 6.0 0.0
41 42 35 0.0 0.0 0.0 56.0 0.0 0.0 0.0
41 42 36 0.0 0.0 0.0 7249.0 20.0 303.0 89.0
41 42 37 0.0 0.0 0.0 44827.0 228.0 1320.0 11425.0
41 42 38 0.0 0.0 0.0 41070.0 476.0 891.0 54334.0
41 42 39 0.0 0.0 0.0 32523.0 343.0 615.0 77761.0
41 42 40 0.0 0.0 0.0 29985.0 498.0 560.0 83890.0
41 42 41 0.0 0.0 0.0 33364.0 454.0 638.0 75970.0
41 42 42 0.0 0.0 0.0 41480.0 422.0 965.0 53003.0
41 42 43 0.0 0.0 0.0 44237.0 237.0 1305.0 10923.0
41 42 44 0.0 0.0 0.0 7003.0 12.0 267.0 80.0
41 42 45 0.0 0.0 0.0 63.0 0.0 1.0 0.0
41 43 35 0.0 0.0 0.0 6.0 0.0 0.0 0.0
41 43 36 0.0 0.0 0.0 2476.0 7.0 103.0 9.0
41 43 37 0.0 0.0 0.0 24656.0 86.0 821.0 1916.0
41 43 38 0.0 0.0 0.0 44929.0 191.0 1306.0 11283.0
41 43 39 0.0 0.0 0.0 50320.0 257.0 1312.0 23501.0
41 43 40 0.0 0.0 0.0 50318.0 275.0 1312.0 28607.0
41 43 41 0.0 0.0 0.0 50055.0 273.0 1313.0 23110.0
41 43 42 0.0 0.0 0.0 44309.0 249.0 1337.0 10758.0
41 43 43 0.0 0.0 0.0 21187.0 106.0 724.0 1287.0
41 43 44 0.0 0.0 0.0 2231.0 6.0 81.0 11.0
41 43 45 0.0 0.0 0.0 16.0 0.0 2.0 0.0
41 44 36 0.0 0.0 0.0 220.0 0.0 11.0 0.0
41 44 37 0.0 0.0 0.0 2165.0 4.0 93.0 6.0
41 44 38 0.0 0.0 0.0 7655.0 20.0 297.0 123.0
41 44 39 0.0 0.0 0.0 13410.0 47.0 493.0 374.0
41 44 40 0.0 0.0 0.0 15739.0 41.0 553.0 492.0
41 44 41 0.0 0.0 0.0 12655.0 37.0 493.0 338.0
41 44 42 0.0 0.0 0.0 7005.0 14.0 288.0 96.0
41 44 43 0.0 0.0 0.0 1997.0 7.0 54.0 7.0
41 44 44 0.0 0.0 0.0 190.0 0.0 8.0 0.0
41 45 37 0.0 0.0 0.0 8.0 0.0 0.0 0.0
41 45 38 0.0 0.0 0.0 44.0 0.0 0.0 0.0
41 45 39 0.0 0.0 0.0 143.0 0.0 6.0 0.0
41 45 40 0.0 0.0 0.0 159.0 0.0 1.0 0.0
41 45 41 0.0 0.0 0.0 131.0 0.0 8.0 0.0
41 45 42 0.0 0.0 0.0 41.0 0.0 1.0 0.0
41 45 43 0.0 0.0 0.0 10.0 0.0 1.0 0.0
41 45 45 0.0 0.0 0.0 1.0 0.0 0.0 0.0
42 35 37 0.0 0.0 0.0 8.0 0.0 0.0 0.0
42 35 38 0.0 0.0 0.0 23.0 0.0 0.0 0.0
42 35 39 0.0 0.0 0.0 46.0 0.0 1.0 0.0
42 35 40 0.0 0.0 0.0 93.0 2.0 1.0 0.0
42 35 41 0.0 0.0 0.0 58.0 1.0 0.0 0.0
42 35 42 0.0 0.0 0.0 39.0 0.0 4.0 0.0
42 35 43 0.0 0.0 0.0 3.0 0.0 0.0 0.0
42 36 36 0.0 0.0 0.0 105.0 0.0 7.0 0.0
42 36 37 0.0 0.0 0.0 991.0 2.0 26.0 2.0
42 36 38 0.0 0.0 0.0 3757.0 9.0 140.0 22.0
42 36 39 0.0 0.0 0.0 7357.0 24.0 288.0 108.0
42 36 40 0.0 0.0 0.0 9448.0 43.0 309.0 182.0
42 36 41 0.0 0.0 0.0 7373.0 28.0 303.0 106.0
42 36 42 0.0 0.0 0.0 4206.0 9.0 162.0 32.0
42 36 43 0.0 0.0 0.0 1217.0 1.0 51.0 1.0
42 36 44 0.0 0.0 0.0 116.0 1.0 4.0 0.0
42 37 35 0.0 0.0 0.0 10.0 0.0 0.0 0.0
42 37 36 0.0 0.0 0.0 1126.0 4.0 39.0 2.0
42 37 37 0.0 0.0 0.0 14713.0 60.0 561.0 574.0
42 37 38 0.0 0.0 0.0 32725.0 160.0 1102.0 4131.0
42 37 39 0.0 0.0 0.0 44246.0 267.0 1355.0 10716.0
42 37 40 0.0 0.0 0.0 47078.0 406.0 1387.0 15505.0
42 37 41 0.0 0.0 0.0 45735.0 255.0 1317.0 12555.0
42 37 42 0.0 0.0 0.0 35850.0 130.0 1135.0 5433.0
42 37 43 0.0 0.0 0.0 14908.0 50.0 553.0 561.0
42 37 44 0.0 0.0 0.0 1304.0 3.0 47.0 2.0
42 37 45 0.0 0.0 0.0 7.0 0.0 0.0 0.0
42 38 35 0.0 0.0 0.0 33.0 0.0 1.0 0.0
42 38 36 0.0 0.0 0.0 3882.0 10.0 149.0 25.0
42 38 37 0.0 0.0 0.0 33691.0 105.0 1096.0 4505.0
42 38 38 0.0 0.0 0.0 46207.0 423.0 1094.0 35334.0
42 38 39 0.0 0.0 0.0 40313.0 549.0 887.0 55898.0
42 38 40 0.0 0.0 0.0 38261.0 647.0 791.0 62535.0
42 38 41 0.0 0.0 0.0 39909.0 379.0 837.0 57197.0
42 38 42 0.0 0.0 0.0 45304.0 447.0 1132.0 38515.0
42 38 43 0.0 0.0 0.0 35308.0 160.0 1090.0 5125.0
42 38 44 0.0 0.0 0.0 4267.0 5.0 156.0 24.0
42 38 45 0.0 0.0 0.0 26.0 0.0 1.0 0.0
42 39 35 0.0 0.0 0.0 47.0 0.0 3.0 0.0
42 39 36 0.0 0.0 0.0 7488.0 24.0 290.0 107.0
42 39 37 0.0 0.0 0.0 44559.0 237.0 1285.0 10960.0
42 39 38 0.0 0.0 0.0 41303.0 521.0 957.0 54301.0
42 39 39 0.0 0.0 0.0 33415.0 591.0 632.0 76348.0
42 39 40 0.0 0.0 0.0 30036.0 523.0 500.0 82569.0
42 39 41 0.0 0.0 0.0 32507.0 507.0 617.0 77144.0
42 39 42 0.0 0.0 0.0 40538.0 392.0 845.0 56758.0
42 39 43 0.0 0.0 0.0 45052.0 229.0 1328.0 12032.0
42 39 44 0.0 0.0 0.0 7959.0 33.0 291.0 137.0
42 39 45 0.0 0.0 0.0 63.0 0.0 2.0 0.0
42 40 35 0.0 0.0 0.0 77.0 0.0 2.0 0.0
42 40 36 0.0 0.0 0.0 8617.0 27.0 337.0 138.0
42 40 37 0.0 0.0 0.0 47173.0 239.0 1322.0 14785.0
42 40 38 0.0 0.0 0.0 37831.0 458.0 756.0 62304.0
42 40 39 0.0 0.0 0.0 30258.0 502.0 643.0 83262.0
42 40 40 0.0 0.0 0.0 27296.0 509.0 495.0 89468.0
42 40 41 0.0 0.0 0.0 29960.0 520.0 550.0 83311.0
42 40 42 0.0 0.0 0.0 37839.0 383.0 788.0 62594.0
42 40 43 0.0 0.0 0.0 47154.0 256.0 1347.0 15026.0
42 40 44 0.0 0.0 0.0 9090.0 21.0 349.0 153.0
42 40 45 0.0 0.0 0.0 74.0 0.0 3.0 0.0
42 41 35 0.0 0.0 0.0 77.0 0.0 3.0 0.0
42 41 36 0.0 0.0 0.0 7211.0 32.0 261.0 70.0
42 41 37 0.0 0.0 0.0 44208.0 218.0 1334.0 11076.0
42 41 38 0.0 0.0 0.0 41529.0 379.0 918.0 54294.0
42 41 39 0.0 0.0 0.0 33475.0 468.0 645.0 75531.0
42 41 40 0.0 0.0 0.0 30055.0 521.0 581.0 83130.0
42 41 41 0.0 0.0 0.0 33301.0 462.0 634.0 76565.0
42 41 42 0.0 0.0 0.0 41081.0 398.0 949.0 54686.0
42 41 43 0.0 0.0 0.0 44441.0 244.0 1293.0 11398.0
42 41 44 0.0 0.0 0.0 7647.0 25.0 280.0 104.0
42 41 45 0.0 0.0 0.0 52.0 0.0 2.0 0.0
42 42 35 0.0 0.0 0.0 22.0 0.0 0.0 0.0
42 42 36 0.0 0.0 0.0 4116.0 6.0 168.0 23.0
42 42 37 0.0 0.0 0.0 33426.0 70.0 1087.0 4354.0
42 42 38 0.0 0.0 0.0 47433.0 245.0 1159.0 32255.0
42 42 39 0.0 0.0 0.0 41180.0 378.0 882.0 54806.0
42 42 40 0.0 0.0 0.0 37924.0 431.0 812.0 62199.0
42 42 41 0.0 0.0 0.0 41146.0 493.0 921.0 54687.0
42 42 42 0.0 0.0 0.0 47172.0 519.0 1201.0 32997.0
42 42 43 0.0 0.0 0.0 33313.0 214.0 1054.0 4245.0
42 42 44 0.0 0.0 0.0 3801.0 8.0 144.0 24.0
42 42 45 0.0 0.0 0.0 27.0 0.0 0.0 0.0
42 43 35 0.0 0.0 0.0 16.0 0.0 0.0 0.0
42 43 36 0.0 0.0 0.0 1200.0 3.0 38.0 4.0
42 43 37 0.0 0.0 0.0 13132.0 141.0 507.0 449.0
42 43 38 0.0 0.0 0.0 33477.0 102.0 1134.0 4347.0
42 43 39 0.0 0.0 0.0 45036.0 170.0 1374.0 10943.0
42 43 40 0.0 0.0 0.0 47153.0 263.0 1336.0 14935.0
42 43 41 0.0 0.0 0.0 44433.0 200.0 1280.0 11088.0
42 43 42 0.0 0.0 0.0 33057.0 114.0 1071.0 4331.0
42 43 43 0.0 0.0 0.0 12708.0 75.0 514.0 419.0
42 43 44 0.0 0.0 0.0 978.0 5.0 44.0 2.0
42 43 45 0.0 0.0 0.0 4.0 0.0 0.0 0.0
42 44 36 0.0 0.0 0.0 105.0 1.0 3.0 0.0
42 44 37 0.0 0.0 0.0 1153.0 0.0 49.0 1.0
42 44 38 0.0 0.0 0.0 3680.0 16.0 171.0 27.0
42 44 39 0.0 0.0 0.0 7196.0 18.0 240.0 87.0
42 44 40 0.0 0.0 0.0 9136.0 19.0 335.0 182.0
42 44 41 0.0 0.0 0.0 6949.0 33.0 245.0 100.0
42 44 42 0.0 0.0 0.0 3688.0 6.0 135.0 26.0
42 44 43 0.0 0.0 0.0 901.0 5.0 36.0 0.0
42 44 44 0.0 0.0 0.0 95.0 0.0 0.0 0.0
42 45 36 0.0 0.0 0.0 1.0 0.0 0.0 0.0
42 45 37 0.0 0.0 0.0 5.0 0.0 0.0 0.0
42 45 38 0.0 0.0 0.0 33.0 0.0 2.0 0.0
42 45 39 0.0 0.0 0.0 80.0 0.0 3.0 0.0
42 45 40 0.0 0.0 0.0 78.0 0.0 3.0 0.0
42 45 41 0.0 0.0 0.0 55.0 0.0 3.0 0.0
42 45 42 0.0 0.0 0.0 16.0 0.0 1.0 0.0
42 45 43 0.0 0.0 0.0 3.0 0.0 0.0 0.0
43 35 38 0.0 0.0 0.0 2.0 0.0 0.0 0.0
43 35 39 0.0 0.0 0.0 15.0 0.0 0.0 0.0
43 35 40 0.0 0.0 0.0 17.0 0.0 0.0 0.0
43 35 41 0.0 0.0 0.0 12.0 0.0 0.0 0.0
43 35 42 0.0 0.0 0.0 1.0 0.0 0.0 0.0
43 36 36 0.0 0.0 0.0 11.0 0.0 0.0 0.0
43 36 37 0.0 0.0 0.0 267.0 0.0 8.0 0.0
43 36 38 0.0 0.0 0.0 1039.0 2.0 37.0 3.0
43 36 39 0.0 0.0 0.0 1980.0 12.0 76.0 8.0
43 36 40 0.0 0.0 0.0 3120.0 29.0 121.0 20.0
43 36 41 0.0 0.0 0.0 2466.0 9.0 94.0 12.0
43 36 42 0.0 0.0 0.0 1223.0 8.0 50.0 2.0
43 36 43 0.0 0.0 0.0 355.0 0.0 18.0 0.0
43 36 44 0.0 0.0 0.0 24.0 0.0 1.0 0.0
43 37 35 0.0 0.0 0.0 3.0 0.0 0.0 0.0
43 37 36 0.0 0.0 0.0 273.0 1.0 11.0 0.0
43 37 37 0.0 0.0 0.0 4911.0 17.0 201.0 44.0
43 37 38 0.0 0.0 0.0 14754.0 45.0 575.0 601.0
43 37 39 0.0 0.0 0.0 23618.0 157.0 878.0 1691.0
43 37 40 0.0 0.0 0.0 27134.0 184.0 972.0 2355.0
43 37 41 0.0 0.0 0.0 24948.0 98.0 855.0 1985.0
43 37 42 0.0 0.0 0.0 14327.0 25.0 490.0 523.0
43 37 43 0.0 0.0 0.0 5042.0 21.0 199.0 61.0
43 37 44 0.0 0.0 0.0 314.0 0.0 6.0 0.0
43 37 45 0.0 0.0 0.0 2.0 0.0 0.0 0.0
43 38 35 0.0 0.0 0.0 3.0 0.0 0.0 0.0
43 38 36 0.0 0.0 0.0 1088.0 3.0 42.0 1.0
43 38 37 0.0 0.0 0.0 13837.0 51.0 523.0 498.0
43 38 38 0.0 0.0 0.0 34207.0 195.0 1123.0 4574.0
43 38 39 0.0 0.0 0.0 44594.0 282.0 1274.0 11180.0
43 38 40 0.0 0.0 0.0 47140.0 229.0 1347.0 14573.0
43 38 41 0.0 0.0 0.0 45197.0 286.0 1376.0 11590.0
43 38 42 0.0 0.0 0.0 34842.0 103.0 1101.0 4988.0
43 38 43 0.0 0.0 0.0 15261.0 44.0 584.0 560.0
43 38 44 0.0 0.0 0.0 1241.0 1.0 45.0 3.0
43 38 45 0.0 0.0 0.0 5.0 0.0 0.0 0.0
43 39 35 0.0 0.0 0.0 16.0 0.0 0.0 0.0
43 39 36 0.0 0.0 0.0 2139.0 11.0 74.0 8.0
43 39 37 0.0 0.0 0.0 22826.0 119.0 802.0 1662.0
43 39 38 0.0 0.0 0.0 44426.0 291.0 1291.0 11198.0
43 39 39 0.0 0.0 0.0 50306.0 401.0 1319.0 22858.0
43 39 40 0.0 0.0 0.0 49931.0 403.0 1262.0 28268.0
43 39 41 0.0 0.0 0.0 49918.0 388.0 1307.0 23156.0
43 39 42 0.0 0.0 0.0 44695.0 231.0 1300.0 11428.0
43 39 43 0.0 0.0 0.0 25287.0 82.0 895.0 2046.0
43 39 44 0.0 0.0 0.0 2362.0 1.0 73.0 7.0
43 39 45 0.0 0.0 0.0 13.0 0.0 1.0 0.0
43 40 35 0.0 0.0 0.0 16.0 0.0 0.0 0.0
43 40 36 0.0 0.0 0.0 2764.0 11.0 107.0 11.0
43 40 37 0.0 0.0 0.0 26817.0 86.0 899.0 2353.0
43 40 38 0.0 0.0 0.0 46715.0 256.0 1341.0 14040.0
43 40 39 0.0 0.0 0.0 50482.0 373.0 1269.0 27428.0
43 40 40 0.0 0.0 0.0 49827.0 396.0 1259.0 32583.0
43 40 41 0.0 0.0 0.0 50704.0 360.0 1277.0 27377.0
43 40 42 0.0 0.0 0.0 47241.0 273.0 1298.0 14903.0
43 40 43 0.0 0.0 0.0 28426.0 109.0 986.0 2793.0
43 40 44 0.0 0.0 0.0 3004.0 4.0 103.0 16.0
43 40 45 0.0 0.0 0.0 10.0 0.0 0.0 0.0
43 41 35 0.0 0.0 0.0 17.0 0.0 0.0 0.0
43 41 36 0.0 0.0 0.0 2070.0 6.0 77.0 7.0
43 41 37 0.0 0.0 0.0 23992.0 52.0 820.0 1822.0
43 41 38 0.0 0.0 0.0 44441.0 219.0 1320.0 11118.0
43 41 39 0.0 0.0 0.0 50270.0 273.0 1357.0 22673.0
43 41 40 0.0 0.0 0.0 50209.0 367.0 1283.0 28466.0
43 41 41 0.0 0.0 0.0 50086.0 348.0 1335.0 23237.0
43 41 42 0.0 0.0 0.0 44730.0 309.0 1322.0 11242.0
43 41 43 0.0 0.0 0.0 23258.0 65.0 831.0 1669.0
43 41 44 0.0 0.0 0.0 2390.0 3.0 99.0 10.0
43 41 45 0.0 0.0 0.0 16.0 0.0 1.0 0.0
43 42 35 0.0 0.0 0.0 10.0 0.0 1.0 0.0
43 42 36 0.0 0.0 0.0 1164.0 1.0 49.0 4.0
43 42 37 0.0 0.0 0.0 13990.0 33.0 508.0 525.0
43 42 38 0.0 0.0 0.0 32065.0 127.0 1034.0 3837.0
43 42 39 0.0 0.0 0.0 44921.0 153.0 1320.0 11674.0
43 42 40 0.0 0.0 0.0 46783.0 264.0 1407.0 14257.0
43 42 41 0.0 0.0 0.0 44782.0 261.0 1331.0 11376.0
43 42 42 0.0 0.0 0.0 32676.0 186.0 1083.0 4065.0
43 42 43 0.0 0.0 0.0 13002.0 50.0 493.0 450.0
43 42 44 0.0 0.0 0.0 1188.0 2.0 52.0 1.0
43 42 45 0.0 0.0 0.0 7.0 0.0 0.0 0.0
43 43 35 0.0 0.0 0.0 1.0 0.0 0.0 0.0
43 43 36 0.0 0.0 0.0 313.0 0.0 10.0 0.0
43 43 37 0.0 0.0 0.0 3731.0 15.0 133.0 22.0
43 43 38 0.0 0.0 0.0 12364.0 39.0 439.0 387.0
43 43 39 0.0 0.0 0.0 22752.0 33.0 834.0 1556.0
43 43 40 0.0 0.0 0.0 27233.0 53.0 922.0 2423.0
43 43 41 0.0 0.0 0.0 22211.0 124.0 794.0 1531.0
43 43 42 0.0 0.0 0.0 13055.0 72.0 510.0 445.0
43 43 43 0.0 0.0 0.0 4013.0 10.0 161.0 30.0
43 43 44 0.0 0.0 0.0 222.0 0.0 11.0 1.0
43 44 36 0.0 0.0 0.0 20.0 0.0 0.0 0.0
43 44 37 0.0 0.0 0.0 325.0 1.0 15.0 0.0
43 44 38 0.0 0.0 0.0 1116.0 0.0 38.0 1.0
43 44 39 0.0 0.0 0.0 2225.0 9.0 86.0 8.0
43 44 40 0.0 0.0 0.0 2938.0 6.0 98.0 13.0
43 44 41 0.0 0.0 0.0 2340.0 3.0 88.0 5.0
43 44 42 0.0 0.0 0.0 1069.0 3.0 31.0 1.0
43 44 43 0.0 0.0 0.0 252.0 1.0 9.0 0.0
43 44 44 0.0 0.0 0.0 16.0 2.0 1.0 0.0
43 45 38 0.0 0.0 0.0 7.0 0.0 1.0 0.0
43 45 39 0.0 0.0 0.0 9.0 0.0 0.0 0.0
43 45 40 0.0 0.0 0.0 14.0 0.0 2.0 0.0
43 45 41 0.0 0.0 0.0 16.0 0.0 2.0 0.0
43 45 42 0.0 0.0 0.0 5.0 0.0 0.0 0.0
44 35 41 0.0 0.0 0.0 3.0 0.0 0.0 0.0
44 35 42 0.0 0.0 0.0 1.0 0.0 0.0 0.0
44 36 36 0.0 0.0 0.0 1.0 0.0 0.0 0.0
44 36 37 0.0 0.0 0.0 29.0 0.0 1.0 0.0
44 36 38 0.0 0.0 0.0 153.0 0.0 6.0 0.0
44 36 39 0.0 0.0 0.0 223.0 0.0 10.0 0.0
44 36 40 0.0 0.0 0.0 353.0 1.0 18.0 0.0
44 36 41 0.0 0.0 0.0 237.0 0.0 11.0 0.0
44 36 42 0.0 0.0 0.0 112.0 0.0 3.0 0.0
44 36 43 0.0 0.0 0.0 28.0 0.0 4.0 0.0
44 36 44 0.0 0.0 0.0 2.0 0.0 0.0 0.0
44 37 36 0.0 0.0 0.0 20.0 2.0 4.0 0.0
44 37 37 0.0 0.0 0.0 305.0 0.0 9.0 0.0
44 37 38 0.0 0.0 0.0 1182.0 5.0 42.0 2.0
44 37 39 0.0 0.0 0.0 2293.0 6.0 77.0 8.0
44 37 40 0.0 0.0 0.0 2752.0 10.0 106.0 13.0
44 37 41 0.0 0.0 0.0 2276.0 6.0 84.0 6.0
44 37 42 0.0 0.0 0.0 1136.0 2.0 42.0 2.0
44 37 43 0.0 0.0 0.0 300.0 1.0 13.0 0.0
44 37 44 0.0 0.0 0.0 29.0 0.0 3.0 0.0
44 38 35 0.0 0.0 0.0 3.0 0.0 0.0 0.0
44 38 36 0.0 0.0 0.0 115.0 0.0 3.0 0.0
44 38 37 0.0 0.0 0.0 1114.0 4.0 36.0 1.0
44 38 38 0.0 0.0 0.0 3684.0 13.0 135.0 21.0
44 38 39 0.0 0.0 0.0 7256.0 19.0 256.0 91.0
44 38 40 0.0 0.0 0.0 8956.0 22.0 331.0 164.0
44 38 41 0.0 0.0 0.0 7221.0 27.0 268.0 108.0
44 38 42 0.0 0.0 0.0 3746.0 10.0 143.0 26.0
44 38 43 0.0 0.0 0.0 1217.0 1.0 55.0 1.0
44 38 44 0.0 0.0 0.0 145.0 0.0 7.0 0.0
44 39 35 0.0 0.0 0.0 1.0 0.0 0.0 0.0
44 39 36 0.0 0.0 0.0 293.0 0.0 13.0 1.0
44 39 37 0.0 0.0 0.0 2303.0 6.0 92.0 8.0
44 39 38 0.0 0.0 0.0 6944.0 31.0 237.0 68.0
44 39 39 0.0 0.0 0.0 12996.0 45.0 502.0 336.0
44 39 40 0.0 0.0 0.0 15669.0 62.0 585.0 535.0
44 39 41 0.0 0.0 0.0 13132.0 39.0 493.0 328.0
44 39 42 0.0 0.0 0.0 7579.0 22.0 275.0 125.0
44 39 43 0.0 0.0 0.0 2495.0 6.0 96.0 11.0
44 39 44 0.0 0.0 0.0 335.0 0.0 9.0 1.0
44 39 45 0.0 0.0 0.0 1.0 0.0 0.0 0.0
44 40 35 0.0 0.0 0.0 2.0 0.0 0.0 0.0
44 40 36 0.0 0.0 0.0 288.0 1.0 9.0 0.0
44 40 37 0.0 0.0 0.0 2748.0 3.0 90.0 10.0
44 40 38 0.0 0.0 0.0 8634.0 21.0 346.0 131.0
44 40 39 0.0 0.0 0.0 15596.0 43.0 611.0 530.0
44 40 40 0.0 0.0 0.0 18297.0 82.0 649.0 787.0
44 40 41 0.0 0.0 0.0 15493.0 40.0 529.0 521.0
44 40 42 0.0 0.0 0.0 8497.0 32.0 324.0 151.0
44 40 43 0.0 0.0 0.0 2775.0 10.0 108.0 13.0
44 40 44 0.0 0.0 0.0 304.0 0.0 9.0 0.0
44 40 45 0.0 0.0 0.0 3.0 0.0 0.0 0.0
44 41 36 0.0 0.0 0.0 257.0 1.0 18.0 0.0
44 41 37 0.0 0.0 0.0 2032.0 2.0 79.0 5.0
44 41 38 0.0 0.0 0.0 7353.0 7.0 241.0 104.0
44 41 39 0.0 0.0 0.0 12680.0 50.0 433.0 346.0
44 41 40 0.0 0.0 0.0 15951.0 34.0 599.0 573.0
44 41 41 0.0 0.0 0.0 12826.0 48.0 450.0 312.0
44 41 42 0.0 0.0 0.0 7226.0 24.0 292.0 118.0
44 41 43 0.0 0.0 0.0 2236.0 3.0 83.0 4.0
44 41 44 0.0 0.0 0.0 229.0 0.0 9.0 0.0
44 41 45 0.0 0.0 0.0 3.0 0.0 0.0 0.0
44 42 35 0.0 0.0 0.0 1.0 0.0 0.0 0.0
44 42 36 0.0 0.0 0.0 120.0 0.0 6.0 0.0
44 42 37 0.0 0.0 0.0 1178.0 5.0 38.0 1.0
44 42 38 0.0 0.0 0.0 3842.0 7.0 146.0 25.0
44 42 39 0.0 0.0 0.0 7131.0 15.0 249.0 118.0
44 42 40 0.0 0.0 0.0 9034.0 22.0 335.0 180.0
44 42 41 0.0 0.0 0.0 7288.0 20.0 267.0 83.0
44 42 42 0.0 0.0 0.0 3768.0 15.0 156.0 35.0
44 42 43 0.0 0.0 0.0 1048.0 4.0 40.0 0.0
44 42 44 0.0 0.0 0.0 106.0 0.0 5.0 0.0
44 42 45 0.0 0.0 0.0 1.0 0.0 0.0 0.0
44 43 36 0.0 0.0 0.0 15.0 0.0 0.0 0.0
44 43 37 0.0 0.0 0.0 211.0 0.0 8.0 0.0
44 43 38 0.0 0.0 0.0 1097.0 1.0 36.0 0.0
44 43 39 0.0 0.0 0.0 2025.0 13.0 81.0 5.0
44 43 40 0.0 0.0 0.0 2574.0 4.0 102.0 12.0
44 43 41 0.0 0.0 0.0 2175.0 16.0 90.0 3.0
44 43 42 0.0 0.0 0.0 1018.0 4.0 48.0 2.0
44 43 43 0.0 0.0 0.0 255.0 4.0 4.0 0.0
44 43 44 0.0 0.0 0.0 46.0 0.0 2.0 0.0
44 44 36 0.0 0.0 0.0 2.0 0.0 1.0 0.0
44 44 37 0.0 0.0 0.0 19.0 0.0 2.0 0.0
44 44 38 0.0 0.0 0.0 94.0 0.0 4.0 0.0
44 44 39 0.0 0.0 0.0 224.0 0.0 5.0 0.0
44 44 40 0.0 0.0 0.0 312.0 0.0 18.0 0.0
44 44 41 0.0 0.0 0.0 189.0 0.0 11.0 0.0
44 44 42 0.0 0.0 0.0 71.0 4.0 1.0 0.0
44 44 43 0.0 0.0 0.0 32.0 0.0 2.0 0.0
44 45 38 0.0 0.0 0.0 1.0 0.0 0.0 0.0
44 45 39 0.0 0.0 0.0 2.0 0.0 0.0 0.0
44 45 40 0.0 0.0 0.0 1.0 0.0 0.0 0.0
45 36 39 0.0 0.0 0.0 2.0 0.0 0.0 0.0
45 36 40 0.0 0.0 0.0 2.0 0.0 0.0 0.0
45 37 38 0.0 0.0 0.0 6.0 0.0 0.0 0.0
45 37 39 0.0 0.0 0.0 12.0 0.0 1.0 0.0
45 37 40 0.0 0.0 0.0 9.0 0.0 1.0 0.0
45 37 41 0.0 0.0 0.0 14.0 0.0 1.0 0.0
45 37 42 0.0 0.0 0.0 4.0 0.0 0.0 0.0
45 37 43 0.0 0.0 0.0 2.0 0.0 0.0 0.0
45 38 37 0.0 0.0 0.0 12.0 0.0 0.0 0.0
45 38 38 0.0 0.0 0.0 29.0 0.0 1.0 0.0
45 38 39 0.0 0.0 0.0 96.0 0.0 2.0 0.0
45 38 40 0.0 0.0 0.0 70.0 0.0 3.0 0.0
45 38 41 0.0 0.0 0.0 65.0 0.0 1.0 0.0
45 38 42 0.0 0.0 0.0 41.0 0.0 0.0 0.0
45 38 43 0.0 0.0 0.0 5.0 0.0 0.0 0.0
45 39 37 0.0 0.0 0.0 26.0 0.0 1.0 0.0
45 39 38 0.0 0.0 0.0 66.0 0.0 0.0 0.0
45 39 39 0.0 0.0 0.0 102.0 0.0 2.0 0.0
45 39 40 0.0 0.0 0.0 174.0 0.0 8.0 0.0
45 39 41 0.0 0.0 0.0 134.0 0.0 4.0 0.0
45 39 42 0.0 0.0 0.0 62.0 2.0 3.0 0.0
45 39 43 0.0 0.0 0.0 17.0 0.0 1.0 0.0
45 40 36 0.0 0.0 0.0 5.0 0.0 0.0 0.0
45 40 37 0.0 0.0 0.0 24.0 0.0 1.0 0.0
45 40 38 0.0 0.0 0.0 71.0 0.0 6.0 0.0
45 40 39 0.0 0.0 0.0 172.0 1.0 9.0 0.0
45 40 40 0.0 0.0 0.0 198.0 2.0 8.0 0.0
45 40 41 0.0 0.0 0.0 164.0 0.0 3.0 0.0
45 40 42 0.0 0.0 0.0 74.0 0.0 2.0 0.0
45 40 43 0.0 0.0 0.0 10.0 0.0 1.0 0.0
45 40 44 0.0 0.0 0.0 3.0 0.0 0.0 0.0
45 41 36 0.0 0.0 0.0 1.0 0.0 0.0 0.0
45 41 37 0.0 0.0 0.0 9.0 0.0 0.0 0.0
45 41 38 0.0 0.0 0.0 54.0 3.0 2.0 0.0
45 41 39 0.0 0.0 0.0 117.0 0.0 4.0 0.0
45 41 40 0.0 0.0 0.0 173.0 0.0 6.0 0.0
45 41 41 0.0 0.0 0.0 125.0 0.0 6.0 0.0
45 41 42 0.0 0.0 0.0 60.0 0.0 1.0 0.0
45 41 43 0.0 0.0 0.0 6.0 0.0 0.0 0.0
45 42 37 0.0 0.0 0.0 5.0 0.0 0.0 0.0
45 42 38 0.0 0.0 0.0 26.0 2.0 1.0 0.0
45 42 39 0.0 0.0 0.0 43.0 0.0 2.0 0.0
45 42 40 0.0 0.0 0.0 72.0 0.0 4.0 0.0
45 42 41 0.0 0.0 0.0 70.0 0.0 2.0 0.0
45 42 42 0.0 0.0 0.0 20.0 0.0 1.0 0.0
45 42 43 0.0 0.0 0.0 2.0 0.0 0.0 0.0
45 43 38 0.0 0.0 0.0 3.0 0.0 0.0 0.0
45 43 39 0.0 0.0 0.0 8.0 0.0 0.0 0.0
45 43 40 0.0 0.0 0.0 26.0 0.0 0.0 0.0
45 43 41 0.0 0.0 0.0 7.0 0.0 0.0 0.0
45 43 42 0.0 0.0 0.0 6.0 0.0 1.0 0.0
45 44 39 0.0 0.0 0.0 1.0 0.0 0.0 0.0
45 44 40 0.0 0.0 0.0 1.0 0.0 0.0 0.0
