38 38 38 0.0 0.0 0.0 8.0 0.0 0.0 0.0
38 38 39 0.0 0.0 0.0 14.0 0.0 1.0 0.0
38 38 40 0.0 0.0 0.0 36.0 1.0 2.0 0.0
38 38 41 0.0 0.0 0.0 17.0 0.0 2.0 0.0
38 38 42 0.0 0.0 0.0 1.0 0.0 0.0 0.0
38 39 38 0.0 0.0 0.0 10.0 0.0 0.0 0.0
38 39 39 0.0 0.0 0.0 49.0 3.0 2.0 0.0
38 39 40 0.0 0.0 0.0 36.0 0.0 0.0 0.0
38 39 41 0.0 0.0 0.0 39.0 0.0 2.0 0.0
38 39 42 0.0 0.0 0.0 11.0 0.0 0.0 0.0
38 40 38 0.0 0.0 0.0 11.0 0.0 1.0 0.0
38 40 39 0.0 0.0 0.0 61.0 5.0 2.0 0.0
38 40 40 0.0 0.0 0.0 64.0 1.0 1.0 0.0
38 40 41 0.0 0.0 0.0 71.0 1.0 2.0 0.0
38 40 42 0.0 0.0 0.0 14.0 0.0 1.0 0.0
38 41 38 0.0 0.0 0.0 11.0 10.0 2.0 0.0
38 41 39 0.0 0.0 0.0 45.0 0.0 2.0 0.0
38 41 40 0.0 0.0 0.0 43.0 5.0 1.0 0.0
38 41 41 0.0 0.0 0.0 38.0 0.0 1.0 0.0
38 41 42 0.0 0.0 0.0 11.0 1.0 0.0 0.0
38 42 38 0.0 0.0 0.0 8.0 0.0 0.0 0.0
38 42 39 0.0 0.0 0.0 6.0 1.0 0.0 0.0
38 42 40 0.0 0.0 0.0 15.0 2.0 0.0 0.0
38 42 41 0.0 0.0 0.0 7.0 0.0 0.0 0.0
39 38 38 0.0 0.0 0.0 17.0 1.0 0.0 0.0
39 38 39 0.0 0.0 0.0 33.0 1.0 2.0 0.0
39 38 40 0.0 0.0 0.0 55.0 3.0 4.0 0.0
39 38 41 0.0 0.0 0.0 25.0 0.0 0.0 0.0
39 38 42 0.0 0.0 0.0 21.0 0.0 0.0 0.0
39 39 38 0.0 0.0 0.0 71.0 1.0 2.0 0.0
39 39 39 0.0 0.0 0.0 6671.0 354.0 282.0 132.0
39 39 40 0.0 0.0 0.0 6960.0 335.0 274.0 143.0
39 39 41 0.0 0.0 0.0 5541.0 173.0 207.0 85.0
39 39 42 0.0 0.0 0.0 39.0 9.0 1.0 0.0
39 40 38 0.0 0.0 0.0 45.0 1.0 0.0 0.0
39 40 39 0.0 0.0 0.0 6770.0 242.0 255.0 141.0
39 40 40 0.0 0.0 0.0 10029.0 405.0 382.0 325.0
39 40 41 0.0 0.0 0.0 6442.0 396.0 254.0 134.0
39 40 42 0.0 0.0 0.0 60.0 1.0 1.0 0.0
39 41 38 0.0 0.0 0.0 46.0 0.0 1.0 0.0
39 41 39 0.0 0.0 0.0 6598.0 222.0 261.0 126.0
39 41 40 0.0 0.0 0.0 6433.0 331.0 247.0 129.0
39 41 41 0.0 0.0 0.0 5199.0 183.0 189.0 83.0
39 41 42 0.0 0.0 0.0 38.0 0.0 1.0 0.0
39 42 38 0.0 0.0 0.0 20.0 0.0 1.0 0.0
39 42 39 0.0 0.0 0.0 32.0 2.0 1.0 0.0
39 42 40 0.0 0.0 0.0 67.0 2.0 4.0 0.0
39 42 41 0.0 0.0 0.0 55.0 0.0 4.0 0.0
39 42 42 0.0 0.0 0.0 15.0 1.0 0.0 0.0
40 38 38 0.0 0.0 0.0 17.0 0.0 1.0 0.0
40 38 39 0.0 0.0 0.0 83.0 11.0 4.0 0.0
40 38 40 0.0 0.0 0.0 91.0 4.0 4.0 0.0
40 38 41 0.0 0.0 0.0 45.0 3.0 3.0 0.0
40 38 42 0.0 0.0 0.0 24.0 2.0 0.0 0.0
40 39 38 0.0 0.0 0.0 47.0 3.0 3.0 0.0
40 39 39 0.0 0.0 0.0 7304.0 348.0 296.0 180.0
40 39 40 0.0 0.0 0.0 9334.0 437.0 359.0 265.0
40 39 41 0.0 0.0 0.0 8135.0 414.0 322.0 205.0
40 39 42 0.0 0.0 0.0 83.0 0.0 3.0 0.0
40 40 38 0.0 0.0 0.0 82.0 2.0 1.0 0.0
40 40 39 0.0 0.0 0.0 10237.0 402.0 427.0 342.0
40 40 40 0.0 0.0 0.0 33392.0 3316.0 962.0 35494.0
40 40 41 0.0 0.0 0.0 10872.0 366.0 411.0 362.0
40 40 42 0.0 0.0 0.0 114.0 4.0 5.0 0.0
40 41 38 0.0 0.0 0.0 62.0 4.0 7.0 0.0
40 41 39 0.0 0.0 0.0 7643.0 237.0 313.0 195.0
40 41 40 0.0 0.0 0.0 10444.0 324.0 418.0 330.0
40 41 41 0.0 0.0 0.0 7453.0 283.0 302.0 167.0
40 41 42 0.0 0.0 0.0 55.0 2.0 3.0 0.0
40 42 38 0.0 0.0 0.0 13.0 0.0 0.0 0.0
40 42 39 0.0 0.0 0.0 53.0 4.0 2.0 0.0
40 42 40 0.0 0.0 0.0 82.0 7.0 4.0 0.0
40 42 41 0.0 0.0 0.0 59.0 2.0 4.0 0.0
40 42 42 0.0 0.0 0.0 15.0 0.0 0.0 0.0
41 38 38 0.0 0.0 0.0 18.0 0.0 0.0 0.0
41 38 39 0.0 0.0 0.0 51.0 0.0 6.0 0.0
41 38 40 0.0 0.0 0.0 56.0 4.0 2.0 0.0
41 38 41 0.0 0.0 0.0 47.0 2.0 1.0 0.0
41 38 42 0.0 0.0 0.0 14.0 0.0 0.0 0.0
41 39 38 0.0 0.0 0.0 50.0 0.0 1.0 0.0
41 39 39 0.0 0.0 0.0 5952.0 323.0 243.0 114.0
41 39 40 0.0 0.0 0.0 7604.0 460.0 304.0 174.0
41 39 41 0.0 0.0 0.0 6905.0 274.0 285.0 163.0
41 39 42 0.0 0.0 0.0 53.0 0.0 2.0 0.0
41 40 38 0.0 0.0 0.0 58.0 0.0 0.0 0.0
41 40 39 0.0 0.0 0.0 7718.0 198.0 279.0 186.0
41 40 40 0.0 0.0 0.0 9001.0 450.0 348.0 263.0
41 40 41 0.0 0.0 0.0 7539.0 271.0 293.0 158.0
41 40 42 0.0 0.0 0.0 69.0 1.0 2.0 0.0
41 41 38 0.0 0.0 0.0 46.0 0.0 2.0 0.0
41 41 39 0.0 0.0 0.0 6081.0 292.0 216.0 130.0
41 41 40 0.0 0.0 0.0 6874.0 216.0 291.0 191.0
41 41 41 0.0 0.0 0.0 5941.0 342.0 254.0 100.0
41 41 42 0.0 0.0 0.0 63.0 10.0 3.0 0.0
41 42 38 0.0 0.0 0.0 20.0 0.0 0.0 0.0
41 42 39 0.0 0.0 0.0 54.0 0.0 2.0 0.0
41 42 40 0.0 0.0 0.0 64.0 3.0 4.0 0.0
41 42 41 0.0 0.0 0.0 34.0 1.0 0.0 0.0
41 42 42 0.0 0.0 0.0 4.0 0.0 0.0 0.0
42 38 38 0.0 0.0 0.0 2.0 0.0 0.0 0.0
42 38 39 0.0 0.0 0.0 41.0 1.0 1.0 0.0
42 38 40 0.0 0.0 0.0 26.0 1.0 2.0 0.0
42 38 41 0.0 0.0 0.0 24.0 0.0 2.0 0.0
42 38 42 0.0 0.0 0.0 9.0 3.0 0.0 0.0
42 39 38 0.0 0.0 0.0 10.0 0.0 0.0 0.0
42 39 39 0.0 0.0 0.0 33.0 2.0 0.0 0.0
42 39 40 0.0 0.0 0.0 55.0 2.0 3.0 0.0
42 39 41 0.0 0.0 0.0 42.0 1.0 2.0 0.0
42 39 42 0.0 0.0 0.0 29.0 0.0 0.0 0.0
42 40 38 0.0 0.0 0.0 20.0 0.0 1.0 0.0
42 40 39 0.0 0.0 0.0 63.0 0.0 1.0 0.0
42 40 40 0.0 0.0 0.0 65.0 4.0 2.0 0.0
42 40 41 0.0 0.0 0.0 72.0 6.0 2.0 0.0
42 40 42 0.0 0.0 0.0 27.0 0.0 2.0 0.0
42 41 38 0.0 0.0 0.0 15.0 0.0 0.0 0.0
42 41 39 0.0 0.0 0.0 40.0 3.0 5.0 0.0
42 41 40 0.0 0.0 0.0 47.0 1.0 1.0 0.0
42 41 41 0.0 0.0 0.0 35.0 0.0 0.0 0.0
42 41 42 0.0 0.0 0.0 10.0 0.0 0.0 0.0
42 42 38 0.0 0.0 0.0 2.0 0.0 0.0 0.0
42 42 39 0.0 0.0 0.0 14.0 0.0 0.0 0.0
42 42 40 0.0 0.0 0.0 11.0 0.0 0.0 0.0
42 42 41 0.0 0.0 0.0 17.0 1.0 1.0 0.0
42 42 42 0.0 0.0 0.0 3.0 0.0 0.0 0.0
