35 40 41 0.0 0.0 0.0 2.0 0.0 0.0 0.0
36 36 39 0.0 0.0 0.0 4.0 0.0 0.0 0.0
36 36 40 0.0 0.0 0.0 6.0 0.0 0.0 0.0
36 36 41 0.0 0.0 0.0 3.0 0.0 0.0 0.0
36 36 42 0.0 0.0 0.0 2.0 0.0 0.0 0.0
36 37 36 0.0 0.0 0.0 1.0 0.0 0.0 0.0
36 37 37 0.0 0.0 0.0 2.0 0.0 0.0 0.0
36 37 38 0.0 0.0 0.0 39.0 0.0 0.0 0.0
36 37 39 0.0 0.0 0.0 79.0 2.0 0.0 0.0
36 37 40 0.0 0.0 0.0 93.0 1.0 4.0 0.0
36 37 41 0.0 0.0 0.0 54.0 0.0 0.0 0.0
36 37 42 0.0 0.0 0.0 31.0 0.0 1.0 0.0
36 37 43 0.0 0.0 0.0 7.0 0.0 3.0 0.0
36 38 36 0.0 0.0 0.0 3.0 0.0 0.0 0.0
36 38 37 0.0 0.0 0.0 37.0 0.0 2.0 0.0
36 38 38 0.0 0.0 0.0 143.0 0.0 5.0 0.0
36 38 39 0.0 0.0 0.0 320.0 0.0 6.0 0.0
36 38 40 0.0 0.0 0.0 375.0 2.0 12.0 0.0
36 38 41 0.0 0.0 0.0 300.0 1.0 11.0 0.0
36 38 42 0.0 0.0 0.0 141.0 0.0 10.0 0.0
36 38 43 0.0 0.0 0.0 15.0 0.0 2.0 0.0
36 38 44 0.0 0.0 0.0 3.0 0.0 0.0 0.0
36 39 36 0.0 0.0 0.0 1.0 0.0 0.0 0.0
36 39 37 0.0 0.0 0.0 52.0 0.0 2.0 0.0
36 39 38 0.0 0.0 0.0 380.0 4.0 20.0 0.0
36 39 39 0.0 0.0 0.0 777.0 4.0 31.0 1.0
36 39 40 0.0 0.0 0.0 926.0 9.0 38.0 2.0
36 39 41 0.0 0.0 0.0 701.0 1.0 25.0 0.0
36 39 42 0.0 0.0 0.0 284.0 0.0 9.0 0.0
36 39 43 0.0 0.0 0.0 40.0 0.0 2.0 0.0
36 39 44 0.0 0.0 0.0 1.0 0.0 0.0 0.0
36 40 36 0.0 0.0 0.0 13.0 0.0 2.0 0.0
36 40 37 0.0 0.0 0.0 63.0 0.0 2.0 0.0
36 40 38 0.0 0.0 0.0 429.0 1.0 18.0 0.0
36 40 39 0.0 0.0 0.0 922.0 1.0 40.0 0.0
36 40 40 0.0 0.0 0.0 1348.0 4.0 55.0 1.0
36 40 41 0.0 0.0 0.0 928.0 0.0 33.0 1.0
36 40 42 0.0 0.0 0.0 377.0 3.0 9.0 0.0
36 40 43 0.0 0.0 0.0 55.0 1.0 2.0 0.0
36 40 44 0.0 0.0 0.0 1.0 0.0 0.0 0.0
36 41 36 0.0 0.0 0.0 7.0 0.0 1.0 0.0
36 41 37 0.0 0.0 0.0 51.0 1.0 0.0 0.0
36 41 38 0.0 0.0 0.0 336.0 0.0 24.0 0.0
36 41 39 0.0 0.0 0.0 719.0 5.0 33.0 0.0
36 41 40 0.0 0.0 0.0 1077.0 5.0 56.0 2.0
36 41 41 0.0 0.0 0.0 702.0 4.0 33.0 0.0
36 41 42 0.0 0.0 0.0 280.0 0.0 16.0 0.0
36 41 43 0.0 0.0 0.0 61.0 0.0 1.0 0.0
36 41 44 0.0 0.0 0.0 1.0 0.0 0.0 0.0
36 42 36 0.0 0.0 0.0 1.0 0.0 0.0 0.0
36 42 37 0.0 0.0 0.0 12.0 0.0 0.0 0.0
36 42 38 0.0 0.0 0.0 145.0 0.0 3.0 0.0
36 42 39 0.0 0.0 0.0 306.0 3.0 14.0 0.0
36 42 40 0.0 0.0 0.0 383.0 2.0 18.0 0.0
36 42 41 0.0 0.0 0.0 235.0 0.0 11.0 0.0
36 42 42 0.0 0.0 0.0 105.0 0.0 3.0 0.0
36 42 43 0.0 0.0 0.0 21.0 0.0 1.0 0.0
36 42 44 0.0 0.0 0.0 2.0 0.0 0.0 0.0
36 43 36 0.0 0.0 0.0 1.0 0.0 0.0 0.0
36 43 37 0.0 0.0 0.0 3.0 0.0 0.0 0.0
36 43 38 0.0 0.0 0.0 37.0 0.0 1.0 0.0
36 43 39 0.0 0.0 0.0 68.0 0.0 3.0 0.0
36 43 40 0.0 0.0 0.0 69.0 0.0 4.0 0.0
36 43 41 0.0 0.0 0.0 56.0 0.0 2.0 0.0
36 43 42 0.0 0.0 0.0 22.0 0.0 0.0 0.0
36 43 43 0.0 0.0 0.0 2.0 1.0 0.0 0.0
36 44 39 0.0 0.0 0.0 2.0 0.0 0.0 0.0
36 44 40 0.0 0.0 0.0 2.0 0.0 0.0 0.0
36 44 41 0.0 0.0 0.0 3.0 0.0 0.0 0.0
36 44 42 0.0 0.0 0.0 1.0 0.0 0.0 0.0
37 36 37 0.0 0.0 0.0 12.0 0.0 2.0 0.0
37 36 38 0.0 0.0 0.0 23.0 0.0 1.0 0.0
37 36 39 0.0 0.0 0.0 47.0 1.0 1.0 0.0
37 36 40 0.0 0.0 0.0 63.0 0.0 2.0 0.0
37 36 41 0.0 0.0 0.0 57.0 0.0 3.0 0.0
37 36 42 0.0 0.0 0.0 26.0 0.0 1.0 0.0
37 36 43 0.0 0.0 0.0 1.0 0.0 0.0 0.0
37 36 44 0.0 0.0 0.0 1.0 0.0 0.0 0.0
37 37 36 0.0 0.0 0.0 3.0 0.0 0.0 0.0
37 37 37 0.0 0.0 0.0 490.0 3.0 28.0 0.0
37 37 38 0.0 0.0 0.0 1953.0 13.0 75.0 8.0
37 37 39 0.0 0.0 0.0 3892.0 18.0 165.0 32.0
37 37 40 0.0 0.0 0.0 4694.0 16.0 181.0 43.0
37 37 41 0.0 0.0 0.0 3924.0 68.0 142.0 38.0
37 37 42 0.0 0.0 0.0 1741.0 13.0 70.0 5.0
37 37 43 0.0 0.0 0.0 255.0 5.0 11.0 1.0
37 37 44 0.0 0.0 0.0 2.0 0.0 0.0 0.0
37 38 36 0.0 0.0 0.0 35.0 0.0 1.0 0.0
37 38 37 0.0 0.0 0.0 1908.0 3.0 70.0 5.0
37 38 38 0.0 0.0 0.0 7350.0 34.0 311.0 106.0
37 38 39 0.0 0.0 0.0 14142.0 87.0 528.0 479.0
37 38 40 0.0 0.0 0.0 17270.0 55.0 632.0 787.0
37 38 41 0.0 0.0 0.0 13837.0 70.0 547.0 452.0
37 38 42 0.0 0.0 0.0 6203.0 25.0 214.0 82.0
37 38 43 0.0 0.0 0.0 1439.0 5.0 50.0 3.0
37 38 44 0.0 0.0 0.0 20.0 0.0 1.0 0.0
37 39 36 0.0 0.0 0.0 52.0 0.0 1.0 0.0
37 39 37 0.0 0.0 0.0 3976.0 21.0 170.0 30.0
37 39 38 0.0 0.0 0.0 14027.0 82.0 533.0 495.0
37 39 39 0.0 0.0 0.0 25310.0 148.0 867.0 1850.0
37 39 40 0.0 0.0 0.0 29182.0 231.0 1000.0 2671.0
37 39 41 0.0 0.0 0.0 24643.0 137.0 882.0 1770.0
37 39 42 0.0 0.0 0.0 13581.0 68.0 494.0 476.0
37 39 43 0.0 0.0 0.0 3580.0 6.0 143.0 28.0
37 39 44 0.0 0.0 0.0 82.0 0.0 4.0 0.0
37 40 36 0.0 0.0 0.0 91.0 0.0 1.0 0.0
37 40 37 0.0 0.0 0.0 4843.0 25.0 194.0 47.0
37 40 38 0.0 0.0 0.0 17205.0 88.0 667.0 795.0
37 40 39 0.0 0.0 0.0 29326.0 213.0 995.0 2724.0
37 40 40 0.0 0.0 0.0 34051.0 208.0 1109.0 4101.0
37 40 41 0.0 0.0 0.0 28379.0 156.0 940.0 2473.0
37 40 42 0.0 0.0 0.0 16098.0 92.0 575.0 640.0
37 40 43 0.0 0.0 0.0 4225.0 30.0 166.0 29.0
37 40 44 0.0 0.0 0.0 77.0 0.0 2.0 0.0
37 41 36 0.0 0.0 0.0 79.0 0.0 4.0 0.0
37 41 37 0.0 0.0 0.0 4045.0 19.0 153.0 31.0
37 41 38 0.0 0.0 0.0 14441.0 108.0 547.0 519.0
37 41 39 0.0 0.0 0.0 25083.0 181.0 849.0 1841.0
37 41 40 0.0 0.0 0.0 28981.0 174.0 968.0 2651.0
37 41 41 0.0 0.0 0.0 23923.0 126.0 823.0 1678.0
37 41 42 0.0 0.0 0.0 12649.0 85.0 451.0 374.0
37 41 43 0.0 0.0 0.0 3141.0 13.0 119.0 20.0
37 41 44 0.0 0.0 0.0 59.0 1.0 0.0 0.0
37 42 36 0.0 0.0 0.0 23.0 0.0 0.0 0.0
37 42 37 0.0 0.0 0.0 1862.0 16.0 74.0 3.0
37 42 38 0.0 0.0 0.0 6914.0 26.0 260.0 100.0
37 42 39 0.0 0.0 0.0 13175.0 53.0 494.0 419.0
37 42 40 0.0 0.0 0.0 16672.0 97.0 598.0 689.0
37 42 41 0.0 0.0 0.0 12340.0 56.0 453.0 316.0
37 42 42 0.0 0.0 0.0 6103.0 33.0 227.0 86.0
37 42 43 0.0 0.0 0.0 1325.0 14.0 54.0 2.0
37 42 44 0.0 0.0 0.0 43.0 0.0 1.0 0.0
37 43 36 0.0 0.0 0.0 1.0 0.0 0.0 0.0
37 43 37 0.0 0.0 0.0 581.0 1.0 22.0 1.0
37 43 38 0.0 0.0 0.0 1927.0 11.0 68.0 9.0
37 43 39 0.0 0.0 0.0 3290.0 36.0 125.0 20.0
37 43 40 0.0 0.0 0.0 4095.0 15.0 145.0 26.0
37 43 41 0.0 0.0 0.0 3091.0 14.0 129.0 17.0
37 43 42 0.0 0.0 0.0 1364.0 14.0 58.0 1.0
37 43 43 0.0 0.0 0.0 313.0 0.0 11.0 0.0
37 43 44 0.0 0.0 0.0 1.0 0.0 0.0 0.0
37 44 37 0.0 0.0 0.0 7.0 0.0 0.0 0.0
37 44 38 0.0 0.0 0.0 39.0 0.0 4.0 0.0
37 44 39 0.0 0.0 0.0 53.0 0.0 3.0 0.0
37 44 40 0.0 0.0 0.0 87.0 1.0 7.0 0.0
37 44 41 0.0 0.0 0.0 51.0 0.0 2.0 0.0
37 44 42 0.0 0.0 0.0 22.0 0.0 1.0 0.0
37 44 43 0.0 0.0 0.0 3.0 0.0 0.0 0.0
38 36 36 0.0 0.0 0.0 1.0 0.0 0.0 0.0
38 36 37 0.0 0.0 0.0 25.0 0.0 0.0 0.0
38 36 38 0.0 0.0 0.0 130.0 0.0 4.0 0.0
38 36 39 0.0 0.0 0.0 301.0 1.0 13.0 0.0
38 36 40 0.0 0.0 0.0 416.0 1.0 8.0 1.0
38 36 41 0.0 0.0 0.0 353.0 0.0 14.0 0.0
38 36 42 0.0 0.0 0.0 113.0 2.0 3.0 0.0
38 36 43 0.0 0.0 0.0 23.0 0.0 0.0 0.0
38 36 44 0.0 0.0 0.0 1.0 0.0 0.0 0.0
38 37 36 0.0 0.0 0.0 26.0 0.0 1.0 0.0
38 37 37 0.0 0.0 0.0 1690.0 19.0 81.0 5.0
38 37 38 0.0 0.0 0.0 7077.0 48.0 274.0 94.0
38 37 39 0.0 0.0 0.0 13563.0 72.0 528.0 424.0
38 37 40 0.0 0.0 0.0 16488.0 66.0 548.0 646.0
38 37 41 0.0 0.0 0.0 13917.0 73.0 501.0 468.0
38 37 42 0.0 0.0 0.0 6733.0 35.0 259.0 84.0
38 37 43 0.0 0.0 0.0 1950.0 5.0 62.0 7.0
38 37 44 0.0 0.0 0.0 32.0 0.0 2.0 0.0
38 38 36 0.0 0.0 0.0 167.0 0.0 9.0 0.0
38 38 37 0.0 0.0 0.0 7699.0 28.0 257.0 148.0
38 38 38 0.0 0.0 0.0 37254.0 352.0 1162.0 7107.0
38 38 39 0.0 0.0 0.0 46425.0 371.0 1219.0 18334.0
38 38 40 0.0 0.0 0.0 47647.0 389.0 1347.0 23665.0
38 38 41 0.0 0.0 0.0 46478.0 580.0 1334.0 16717.0
38 38 42 0.0 0.0 0.0 35180.0 167.0 1111.0 5650.0
38 38 43 0.0 0.0 0.0 6360.0 55.0 209.0 105.0
38 38 44 0.0 0.0 0.0 153.0 0.0 5.0 0.0
38 39 36 0.0 0.0 0.0 356.0 1.0 11.0 0.0
38 39 37 0.0 0.0 0.0 14349.0 79.0 526.0 557.0
38 39 38 0.0 0.0 0.0 46399.0 330.0 1359.0 16985.0
38 39 39 0.0 0.0 0.0 47218.0 651.0 1186.0 37864.0
38 39 40 0.0 0.0 0.0 45412.0 597.0 1070.0 43481.0
38 39 41 0.0 0.0 0.0 47139.0 663.0 1073.0 36036.0
38 39 42 0.0 0.0 0.0 45994.0 388.0 1381.0 16180.0
38 39 43 0.0 0.0 0.0 14051.0 67.0 540.0 470.0
38 39 44 0.0 0.0 0.0 368.0 11.0 20.0 0.0
38 39 45 0.0 0.0 0.0 1.0 0.0 0.0 0.0
38 40 36 0.0 0.0 0.0 478.0 7.0 18.0 0.0
38 40 37 0.0 0.0 0.0 17702.0 79.0 599.0 796.0
38 40 38 0.0 0.0 0.0 47609.0 411.0 1266.0 23952.0
38 40 39 0.0 0.0 0.0 45452.0 687.0 1074.0 44612.0
38 40 40 0.0 0.0 0.0 42783.0 741.0 963.0 52521.0
38 40 41 0.0 0.0 0.0 45617.0 572.0 1053.0 43302.0
38 40 42 0.0 0.0 0.0 47713.0 511.0 1322.0 20932.0
38 40 43 0.0 0.0 0.0 16126.0 104.0 595.0 661.0
38 40 44 0.0 0.0 0.0 401.0 1.0 12.0 0.0
38 41 36 0.0 0.0 0.0 353.0 0.0 15.0 1.0
38 41 37 0.0 0.0 0.0 14031.0 68.0 480.0 478.0
38 41 38 0.0 0.0 0.0 46387.0 696.0 1361.0 17439.0
38 41 39 0.0 0.0 0.0 47531.0 466.0 1181.0 36995.0
38 41 40 0.0 0.0 0.0 45280.0 658.0 1060.0 44426.0
38 41 41 0.0 0.0 0.0 47582.0 574.0 1178.0 34874.0
38 41 42 0.0 0.0 0.0 45368.0 555.0 1280.0 15124.0
38 41 43 0.0 0.0 0.0 13399.0 55.0 501.0 457.0
38 41 44 0.0 0.0 0.0 353.0 0.0 20.0 0.0
38 42 36 0.0 0.0 0.0 177.0 1.0 5.0 0.0
38 42 37 0.0 0.0 0.0 7631.0 35.0 299.0 113.0
38 42 38 0.0 0.0 0.0 38561.0 183.0 1216.0 7661.0
38 42 39 0.0 0.0 0.0 46447.0 393.0 1338.0 15667.0
38 42 40 0.0 0.0 0.0 47765.0 490.0 1297.0 21116.0
38 42 41 0.0 0.0 0.0 45876.0 463.0 1297.0 15699.0
38 42 42 0.0 0.0 0.0 34509.0 222.0 1160.0 5305.0
38 42 43 0.0 0.0 0.0 6150.0 40.0 233.0 90.0
38 42 44 0.0 0.0 0.0 162.0 0.0 9.0 0.0
38 43 36 0.0 0.0 0.0 27.0 0.0 1.0 0.0
38 43 37 0.0 0.0 0.0 2327.0 6.0 100.0 6.0
38 43 38 0.0 0.0 0.0 7320.0 30.0 274.0 112.0
38 43 39 0.0 0.0 0.0 14272.0 101.0 521.0 476.0
38 43 40 0.0 0.0 0.0 16690.0 116.0 601.0 693.0
38 43 41 0.0 0.0 0.0 13193.0 68.0 518.0 438.0
38 43 42 0.0 0.0 0.0 6709.0 40.0 246.0 91.0
38 43 43 0.0 0.0 0.0 1677.0 4.0 55.0 1.0
38 43 44 0.0 0.0 0.0 19.0 0.0 3.0 0.0
38 44 37 0.0 0.0 0.0 20.0 0.0 1.0 0.0
38 44 38 0.0 0.0 0.0 143.0 0.0 10.0 0.0
38 44 39 0.0 0.0 0.0 354.0 0.0 13.0 0.0
38 44 40 0.0 0.0 0.0 455.0 0.0 12.0 0.0
38 44 41 0.0 0.0 0.0 329.0 1.0 11.0 0.0
38 44 42 0.0 0.0 0.0 128.0 0.0 11.0 0.0
38 44 43 0.0 0.0 0.0 41.0 0.0 1.0 0.0
38 44 44 0.0 0.0 0.0 6.0 0.0 0.0 0.0
38 45 40 0.0 0.0 0.0 1.0 0.0 0.0 0.0
38 45 41 0.0 0.0 0.0 1.0 0.0 0.0 0.0
39 36 36 0.0 0.0 0.0 6.0 0.0 0.0 0.0
39 36 37 0.0 0.0 0.0 71.0 0.0 3.0 0.0
39 36 38 0.0 0.0 0.0 330.0 3.0 16.0 1.0
39 36 39 0.0 0.0 0.0 765.0 15.0 32.0 0.0
39 36 40 0.0 0.0 0.0 1114.0 7.0 46.0 4.0
39 36 41 0.0 0.0 0.0 735.0 2.0 29.0 0.0
39 36 42 0.0 0.0 0.0 285.0 4.0 7.0 0.0
39 36 43 0.0 0.0 0.0 74.0 0.0 5.0 0.0
39 36 44 0.0 0.0 0.0 6.0 1.0 0.0 0.0
39 37 36 0.0 0.0 0.0 77.0 1.0 1.0 0.0
39 37 37 0.0 0.0 0.0 3813.0 20.0 156.0 33.0
39 37 38 0.0 0.0 0.0 13716.0 74.0 500.0 461.0
39 37 39 0.0 0.0 0.0 26031.0 137.0 950.0 2038.0
39 37 40 0.0 0.0 0.0 29784.0 175.0 1026.0 2851.0
39 37 41 0.0 0.0 0.0 25759.0 191.0 881.0 2033.0
39 37 42 0.0 0.0 0.0 14057.0 87.0 558.0 508.0
39 37 43 0.0 0.0 0.0 3775.0 19.0 149.0 25.0
39 37 44 0.0 0.0 0.0 68.0 0.0 1.0 0.0
39 38 36 0.0 0.0 0.0 345.0 1.0 7.0 0.0
39 38 37 0.0 0.0 0.0 14523.0 115.0 562.0 560.0
39 38 38 0.0 0.0 0.0 46644.0 525.0 1285.0 17542.0
39 38 39 0.0 0.0 0.0 47779.0 648.0 1199.0 35993.0
39 38 40 0.0 0.0 0.0 45693.0 668.0 1040.0 43487.0
39 38 41 0.0 0.0 0.0 47603.0 568.0 1169.0 35925.0
39 38 42 0.0 0.0 0.0 46493.0 472.0 1370.0 18083.0
39 38 43 0.0 0.0 0.0 14561.0 110.0 540.0 497.0
39 38 44 0.0 0.0 0.0 336.0 4.0 10.0 0.0
39 39 35 0.0 0.0 0.0 1.0 0.0 0.0 0.0
39 39 36 0.0 0.0 0.0 787.0 3.0 31.0 1.0
39 39 37 0.0 0.0 0.0 26149.0 168.0 882.0 2029.0
39 39 38 0.0 0.0 0.0 47102.0 457.0 1165.0 37955.0
39 39 39 0.0 0.0 0.0 27278.0 718.0 465.0 86036.0
39 39 40 0.0 0.0 0.0 26177.0 735.0 460.0 91480.0
39 39 41 0.0 0.0 0.0 28504.0 712.0 567.0 83337.0
39 39 42 0.0 0.0 0.0 47552.0 728.0 1219.0 36396.0
39 39 43 0.0 0.0 0.0 25408.0 146.0 888.0 1950.0
39 39 44 0.0 0.0 0.0 878.0 0.0 28.0 3.0
39 40 36 0.0 0.0 0.0 1128.0 2.0 38.0 1.0
39 40 37 0.0 0.0 0.0 30671.0 154.0 1031.0 3124.0
39 40 38 0.0 0.0 0.0 44856.0 634.0 1056.0 45400.0
39 40 39 0.0 0.0 0.0 26349.0 671.0 432.0 91402.0
39 40 40 0.0 0.0 0.0 22950.0 629.0 376.0 101474.0
39 40 41 0.0 0.0 0.0 26724.0 905.0 474.0 90067.0
39 40 42 0.0 0.0 0.0 45277.0 620.0 1051.0 44124.0
39 40 43 0.0 0.0 0.0 30271.0 218.0 1018.0 2935.0
39 40 44 0.0 0.0 0.0 1014.0 0.0 45.0 1.0
39 40 45 0.0 0.0 0.0 1.0 0.0 0.0 0.0
39 41 36 0.0 0.0 0.0 863.0 1.0 39.0 1.0
39 41 37 0.0 0.0 0.0 26461.0 148.0 915.0 2111.0
39 41 38 0.0 0.0 0.0 47489.0 509.0 1160.0 37183.0
39 41 39 0.0 0.0 0.0 27671.0 622.0 532.0 85940.0
39 41 40 0.0 0.0 0.0 26494.0 749.0 458.0 90772.0
39 41 41 0.0 0.0 0.0 29031.0 650.0 529.0 82737.0
39 41 42 0.0 0.0 0.0 47745.0 477.0 1183.0 35402.0
39 41 43 0.0 0.0 0.0 25594.0 113.0 821.0 1936.0
39 41 44 0.0 0.0 0.0 753.0 6.0 25.0 0.0
39 42 36 0.0 0.0 0.0 321.0 1.0 9.0 0.0
39 42 37 0.0 0.0 0.0 15455.0 82.0 550.0 655.0
39 42 38 0.0 0.0 0.0 46805.0 440.0 1312.0 19157.0
39 42 39 0.0 0.0 0.0 47364.0 487.0 1139.0 36578.0
39 42 40 0.0 0.0 0.0 44556.0 635.0 1045.0 44494.0
39 42 41 0.0 0.0 0.0 47686.0 434.0 1174.0 35770.0
39 42 42 0.0 0.0 0.0 46695.0 370.0 1386.0 17108.0
39 42 43 0.0 0.0 0.0 13539.0 64.0 516.0 432.0
39 42 44 0.0 0.0 0.0 302.0 0.0 9.0 0.0
39 43 36 0.0 0.0 0.0 65.0 0.0 3.0 0.0
39 43 37 0.0 0.0 0.0 4335.0 23.0 163.0 34.0
39 43 38 0.0 0.0 0.0 14459.0 68.0 564.0 523.0
39 43 39 0.0 0.0 0.0 25145.0 146.0 866.0 1920.0
39 43 40 0.0 0.0 0.0 29447.0 155.0 1010.0 2706.0
39 43 41 0.0 0.0 0.0 24775.0 154.0 963.0 1722.0
39 43 42 0.0 0.0 0.0 14003.0 69.0 503.0 494.0
39 43 43 0.0 0.0 0.0 3987.0 12.0 168.0 33.0
39 43 44 0.0 0.0 0.0 68.0 0.0 4.0 0.0
39 44 36 0.0 0.0 0.0 4.0 0.0 0.0 0.0
39 44 37 0.0 0.0 0.0 57.0 0.0 1.0 0.0
39 44 38 0.0 0.0 0.0 416.0 1.0 15.0 0.0
39 44 39 0.0 0.0 0.0 681.0 1.0 27.0 1.0
39 44 40 0.0 0.0 0.0 1033.0 2.0 35.0 2.0
39 44 41 0.0 0.0 0.0 727.0 5.0 29.0 1.0
39 44 42 0.0 0.0 0.0 350.0 1.0 13.0 0.0
39 44 43 0.0 0.0 0.0 61.0 0.0 4.0 0.0
39 44 44 0.0 0.0 0.0 5.0 0.0 0.0 0.0
39 45 40 0.0 0.0 0.0 1.0 0.0 0.0 0.0
40 35 39 0.0 0.0 0.0 1.0 0.0 0.0 0.0
40 35 40 0.0 0.0 0.0 1.0 0.0 0.0 0.0
40 36 36 0.0 0.0 0.0 2.0 0.0 0.0 0.0
40 36 37 0.0 0.0 0.0 104.0 0.0 3.0 0.0
40 36 38 0.0 0.0 0.0 477.0 1.0 16.0 0.0
40 36 39 0.0 0.0 0.0 1029.0 7.0 29.0 1.0
40 36 40 0.0 0.0 0.0 1282.0 4.0 45.0 1.0
40 36 41 0.0 0.0 0.0 1062.0 5.0 35.0 2.0
40 36 42 0.0 0.0 0.0 484.0 0.0 18.0 0.0
40 36 43 0.0 0.0 0.0 108.0 0.0 5.0 0.0
40 36 44 0.0 0.0 0.0 6.0 0.0 0.0 0.0
40 37 36 0.0 0.0 0.0 88.0 0.0 3.0 0.0
40 37 37 0.0 0.0 0.0 4631.0 25.0 182.0 42.0
40 37 38 0.0 0.0 0.0 17359.0 97.0 655.0 774.0
40 37 39 0.0 0.0 0.0 30296.0 248.0 1000.0 2979.0
40 37 40 0.0 0.0 0.0 34385.0 203.0 1100.0 4177.0
40 37 41 0.0 0.0 0.0 30240.0 170.0 1068.0 2933.0
40 37 42 0.0 0.0 0.0 17629.0 93.0 641.0 762.0
40 37 43 0.0 0.0 0.0 5380.0 41.0 188.0 61.0
40 37 44 0.0 0.0 0.0 99.0 0.0 4.0 0.0
40 38 36 0.0 0.0 0.0 491.0 5.0 19.0 0.0
40 38 37 0.0 0.0 0.0 17218.0 84.0 619.0 744.0
40 38 38 0.0 0.0 0.0 47283.0 694.0 1291.0 23035.0
40 38 39 0.0 0.0 0.0 44685.0 760.0 1003.0 46032.0
40 38 40 0.0 0.0 0.0 41492.0 663.0 871.0 53894.0
40 38 41 0.0 0.0 0.0 45186.0 660.0 1022.0 44712.0
40 38 42 0.0 0.0 0.0 47569.0 583.0 1268.0 24340.0
40 38 43 0.0 0.0 0.0 18175.0 116.0 689.0 818.0
40 38 44 0.0 0.0 0.0 448.0 0.0 17.0 0.0
40 38 45 0.0 0.0 0.0 1.0 0.0 0.0 0.0
40 39 36 0.0 0.0 0.0 1069.0 0.0 32.0 1.0
40 39 37 0.0 0.0 0.0 31101.0 227.0 1052.0 3092.0
40 39 38 0.0 0.0 0.0 45000.0 643.0 1060.0 45003.0
40 39 39 0.0 0.0 0.0 25998.0 779.0 479.0 92364.0
40 39 40 0.0 0.0 0.0 22801.0 799.0 347.0 101094.0
40 39 41 0.0 0.0 0.0 25632.0 755.0 443.0 93438.0
40 39 42 0.0 0.0 0.0 44792.0 617.0 1027.0 45358.0
40 39 43 0.0 0.0 0.0 30500.0 168.0 1052.0 3001.0
40 39 44 0.0 0.0 0.0 1051.0 2.0 37.0 0.0
40 40 36 0.0 0.0 0.0 1371.0 1.0 53.0 0.0
40 40 37 0.0 0.0 0.0 34737.0 214.0 1139.0 4328.0
40 40 38 0.0 0.0 0.0 42036.0 553.0 974.0 53491.0
40 40 39 0.0 0.0 0.0 22964.0 624.0 318.0 101386.0
40 40 40 0.0 0.0 0.0 14500.0 568.0 162.0 131104.0
40 40 41 0.0 0.0 0.0 22688.0 680.0 348.0 102231.0
40 40 42 0.0 0.0 0.0 42059.0 661.0 908.0 53554.0
40 40 43 0.0 0.0 0.0 34591.0 225.0 1159.0 4221.0
40 40 44 0.0 0.0 0.0 1338.0 0.0 46.0 1.0
40 41 36 0.0 0.0 0.0 958.0 6.0 33.0 2.0
40 41 37 0.0 0.0 0.0 30785.0 197.0 992.0 3088.0
40 41 38 0.0 0.0 0.0 44716.0 686.0 963.0 46121.0
40 41 39 0.0 0.0 0.0 26151.0 666.0 474.0 92620.0
40 41 40 0.0 0.0 0.0 22978.0 606.0 367.0 101967.0
40 41 41 0.0 0.0 0.0 26041.0 692.0 448.0 92283.0
40 41 42 0.0 0.0 0.0 45131.0 556.0 1063.0 44233.0
40 41 43 0.0 0.0 0.0 29492.0 167.0 1006.0 2840.0
40 41 44 0.0 0.0 0.0 1038.0 9.0 36.0 1.0
40 41 45 0.0 0.0 0.0 3.0 0.0 0.0 0.0
40 42 36 0.0 0.0 0.0 463.0 8.0 16.0 1.0
40 42 37 0.0 0.0 0.0 18345.0 99.0 690.0 925.0
40 42 38 0.0 0.0 0.0 47576.0 452.0 1269.0 24188.0
40 42 39 0.0 0.0 0.0 45225.0 634.0 1033.0 44540.0
40 42 40 0.0 0.0 0.0 42606.0 592.0 918.0 52372.0
40 42 41 0.0 0.0 0.0 45643.0 551.0 1036.0 43034.0
40 42 42 0.0 0.0 0.0 47844.0 497.0 1288.0 22426.0
40 42 43 0.0 0.0 0.0 17015.0 76.0 619.0 703.0
40 42 44 0.0 0.0 0.0 401.0 1.0 17.0 0.0
40 43 36 0.0 0.0 0.0 130.0 0.0 7.0 0.0
40 43 37 0.0 0.0 0.0 4771.0 13.0 189.0 58.0
40 43 38 0.0 0.0 0.0 17842.0 107.0 639.0 869.0
40 43 39 0.0 0.0 0.0 30234.0 169.0 944.0 3149.0
40 43 40 0.0 0.0 0.0 34499.0 217.0 1123.0 4248.0
40 43 41 0.0 0.0 0.0 29253.0 161.0 1007.0 2652.0
40 43 42 0.0 0.0 0.0 16548.0 64.0 587.0 653.0
40 43 43 0.0 0.0 0.0 4521.0 21.0 160.0 39.0
40 43 44 0.0 0.0 0.0 79.0 0.0 3.0 0.0
40 43 45 0.0 0.0 0.0 1.0 0.0 0.0 0.0
40 44 36 0.0 0.0 0.0 1.0 0.0 0.0 0.0
40 44 37 0.0 0.0 0.0 96.0 1.0 2.0 0.0
40 44 38 0.0 0.0 0.0 447.0 1.0 16.0 1.0
40 44 39 0.0 0.0 0.0 983.0 7.0 43.0 1.0
40 44 40 0.0 0.0 0.0 1355.0 9.0 58.0 1.0
40 44 41 0.0 0.0 0.0 1055.0 9.0 44.0 2.0
40 44 42 0.0 0.0 0.0 461.0 2.0 16.0 2.0
40 44 43 0.0 0.0 0.0 104.0 1.0 5.0 0.0
40 44 44 0.0 0.0 0.0 5.0 0.0 0.0 0.0
40 45 41 0.0 0.0 0.0 1.0 0.0 0.0 0.0
41 35 40 0.0 0.0 0.0 2.0 0.0 0.0 0.0
41 36 36 0.0 0.0 0.0 4.0 0.0 0.0 0.0
41 36 37 0.0 0.0 0.0 78.0 0.0 3.0 0.0
41 36 38 0.0 0.0 0.0 371.0 2.0 15.0 0.0
41 36 39 0.0 0.0 0.0 841.0 5.0 25.0 1.0
41 36 40 0.0 0.0 0.0 1113.0 5.0 43.0 0.0
41 36 41 0.0 0.0 0.0 832.0 2.0 31.0 3.0
41 36 42 0.0 0.0 0.0 379.0 1.0 17.0 0.0
41 36 43 0.0 0.0 0.0 76.0 0.0 5.0 0.0
41 36 44 0.0 0.0 0.0 7.0 0.0 0.0 0.0
41 37 36 0.0 0.0 0.0 61.0 1.0 3.0 0.0
41 37 37 0.0 0.0 0.0 3556.0 33.0 143.0 28.0
41 37 38 0.0 0.0 0.0 14407.0 134.0 543.0 477.0
41 37 39 0.0 0.0 0.0 26161.0 177.0 929.0 2060.0
41 37 40 0.0 0.0 0.0 30118.0 220.0 1034.0 3024.0
41 37 41 0.0 0.0 0.0 26020.0 184.0 929.0 2038.0
41 37 42 0.0 0.0 0.0 14692.0 84.0 506.0 506.0
41 37 43 0.0 0.0 0.0 4375.0 14.0 165.0 30.0
41 37 44 0.0 0.0 0.0 78.0 1.0 1.0 0.0
41 38 36 0.0 0.0 0.0 417.0 2.0 19.0 0.0
41 38 37 0.0 0.0 0.0 14412.0 85.0 512.0 500.0
41 38 38 0.0 0.0 0.0 46317.0 502.0 1292.0 17281.0
41 38 39 0.0 0.0 0.0 47476.0 724.0 1141.0 35686.0
41 38 40 0.0 0.0 0.0 45086.0 850.0 1070.0 44760.0
41 38 41 0.0 0.0 0.0 47215.0 533.0 1104.0 37555.0
41 38 42 0.0 0.0 0.0 47308.0 417.0 1300.0 19117.0
41 38 43 0.0 0.0 0.0 15045.0 97.0 529.0 518.0
41 38 44 0.0 0.0 0.0 401.0 2.0 11.0 0.0
41 39 36 0.0 0.0 0.0 856.0 3.0 28.0 1.0
41 39 37 0.0 0.0 0.0 26351.0 190.0 918.0 2151.0
41 39 38 0.0 0.0 0.0 47056.0 578.0 1139.0 37345.0
41 39 39 0.0 0.0 0.0 28275.0 823.0 528.0 84122.0
41 39 40 0.0 0.0 0.0 25630.0 777.0 386.0 92928.0
41 39 41 0.0 0.0 0.0 27240.0 606.0 461.0 86682.0
41 39 42 0.0 0.0 0.0 47037.0 597.0 1143.0 38786.0
41 39 43 0.0 0.0 0.0 25830.0 144.0 919.0 2053.0
41 39 44 0.0 0.0 0.0 881.0 1.0 36.0 0.0
41 40 36 0.0 0.0 0.0 1116.0 7.0 45.0 3.0
41 40 37 0.0 0.0 0.0 30209.0 200.0 1031.0 2927.0
41 40 38 0.0 0.0 0.0 45423.0 622.0 1057.0 44351.0
41 40 39 0.0 0.0 0.0 26036.0 643.0 461.0 92380.0
41 40 40 0.0 0.0 0.0 23439.0 696.0 393.0 100096.0
41 40 41 0.0 0.0 0.0 26199.0 687.0 424.0 92543.0
41 40 42 0.0 0.0 0.0 44569.0 615.0 994.0 46090.0
41 40 43 0.0 0.0 0.0 30742.0 215.0 1025.0 3195.0
41 40 44 0.0 0.0 0.0 1054.0 2.0 44.0 4.0
41 41 36 0.0 0.0 0.0 733.0 3.0 33.0 1.0
41 41 37 0.0 0.0 0.0 26499.0 129.0 919.0 2208.0
41 41 38 0.0 0.0 0.0 47257.0 454.0 1147.0 37583.0
41 41 39 0.0 0.0 0.0 27849.0 684.0 538.0 85195.0
41 41 40 0.0 0.0 0.0 26297.0 680.0 446.0 91438.0
41 41 41 0.0 0.0 0.0 28188.0 815.0 518.0 84429.0
41 41 42 0.0 0.0 0.0 46976.0 676.0 1161.0 37708.0
41 41 43 0.0 0.0 0.0 26113.0 128.0 902.0 2028.0
41 41 44 0.0 0.0 0.0 859.0 3.0 31.0 1.0
41 41 45 0.0 0.0 0.0 1.0 0.0 0.0 0.0
41 42 36 0.0 0.0 0.0 354.0 1.0 17.0 0.0
41 42 37 0.0 0.0 0.0 14432.0 77.0 518.0 553.0
41 42 38 0.0 0.0 0.0 46477.0 504.0 1303.0 17216.0
41 42 39 0.0 0.0 0.0 47366.0 459.0 1099.0 37768.0
41 42 40 0.0 0.0 0.0 45205.0 647.0 1104.0 45127.0
41 42 41 0.0 0.0 0.0 47416.0 548.0 1168.0 36258.0
41 42 42 0.0 0.0 0.0 46160.0 449.0 1322.0 16273.0
41 42 43 0.0 0.0 0.0 13892.0 88.0 521.0 468.0
41 42 44 0.0 0.0 0.0 350.0 0.0 10.0 0.0
41 43 36 0.0 0.0 0.0 92.0 0.0 4.0 0.0
41 43 37 0.0 0.0 0.0 4122.0 14.0 162.0 38.0
41 43 38 0.0 0.0 0.0 14603.0 64.0 557.0 454.0
41 43 39 0.0 0.0 0.0 25665.0 133.0 881.0 1969.0
41 43 40 0.0 0.0 0.0 30466.0 164.0 980.0 2971.0
41 43 41 0.0 0.0 0.0 25530.0 135.0 891.0 1928.0
41 43 42 0.0 0.0 0.0 13412.0 95.0 510.0 442.0
41 43 43 0.0 0.0 0.0 3135.0 17.0 130.0 15.0
41 43 44 0.0 0.0 0.0 85.0 0.0 6.0 0.0
41 44 36 0.0 0.0 0.0 2.0 0.0 0.0 0.0
41 44 37 0.0 0.0 0.0 62.0 0.0 2.0 0.0
41 44 38 0.0 0.0 0.0 370.0 0.0 16.0 1.0
41 44 39 0.0 0.0 0.0 875.0 2.0 28.0 1.0
41 44 40 0.0 0.0 0.0 1018.0 4.0 35.0 1.0
41 44 41 0.0 0.0 0.0 778.0 1.0 36.0 0.0
41 44 42 0.0 0.0 0.0 351.0 0.0 17.0 1.0
41 44 43 0.0 0.0 0.0 67.0 1.0 1.0 0.0
41 44 44 0.0 0.0 0.0 3.0 0.0 0.0 0.0
41 45 39 0.0 0.0 0.0 1.0 0.0 0.0 0.0
41 45 40 0.0 0.0 0.0 1.0 0.0 0.0 0.0
41 45 41 0.0 0.0 0.0 1.0 0.0 0.0 0.0
42 36 36 0.0 0.0 0.0 4.0 0.0 0.0 0.0
42 36 37 0.0 0.0 0.0 38.0 0.0 2.0 0.0
42 36 38 0.0 0.0 0.0 173.0 0.0 4.0 0.0
42 36 39 0.0 0.0 0.0 395.0 3.0 14.0 0.0
42 36 40 0.0 0.0 0.0 519.0 3.0 15.0 0.0
42 36 41 0.0 0.0 0.0 342.0 2.0 11.0 0.0
42 36 42 0.0 0.0 0.0 183.0 1.0 7.0 0.0
42 36 43 0.0 0.0 0.0 26.0 0.0 0.0 0.0
42 36 44 0.0 0.0 0.0 3.0 0.0 0.0 0.0
42 37 36 0.0 0.0 0.0 32.0 0.0 2.0 0.0
42 37 37 0.0 0.0 0.0 1978.0 11.0 84.0 7.0
42 37 38 0.0 0.0 0.0 6837.0 32.0 279.0 101.0
42 37 39 0.0 0.0 0.0 13983.0 81.0 515.0 465.0
42 37 40 0.0 0.0 0.0 18571.0 178.0 679.0 906.0
42 37 41 0.0 0.0 0.0 15539.0 109.0 592.0 551.0
42 37 42 0.0 0.0 0.0 8409.0 27.0 329.0 154.0
42 37 43 0.0 0.0 0.0 2021.0 5.0 84.0 7.0
42 37 44 0.0 0.0 0.0 36.0 0.0 3.0 0.0
42 38 36 0.0 0.0 0.0 172.0 0.0 9.0 0.0
42 38 37 0.0 0.0 0.0 7259.0 24.0 292.0 108.0
42 38 38 0.0 0.0 0.0 36593.0 324.0 1199.0 6619.0
42 38 39 0.0 0.0 0.0 46746.0 608.0 1368.0 17975.0
42 38 40 0.0 0.0 0.0 48060.0 830.0 1208.0 23989.0
42 38 41 0.0 0.0 0.0 46789.0 393.0 1270.0 19441.0
42 38 42 0.0 0.0 0.0 38670.0 412.0 1236.0 8104.0
42 38 43 0.0 0.0 0.0 8068.0 34.0 295.0 161.0
42 38 44 0.0 0.0 0.0 171.0 0.0 5.0 0.0
42 39 36 0.0 0.0 0.0 398.0 0.0 24.0 0.0
42 39 37 0.0 0.0 0.0 14079.0 82.0 545.0 439.0
42 39 38 0.0 0.0 0.0 46447.0 517.0 1329.0 16722.0
42 39 39 0.0 0.0 0.0 47769.0 785.0 1195.0 36064.0
42 39 40 0.0 0.0 0.0 45221.0 773.0 1040.0 44201.0
42 39 41 0.0 0.0 0.0 47025.0 647.0 1131.0 37532.0
42 39 42 0.0 0.0 0.0 47154.0 432.0 1325.0 19012.0
42 39 43 0.0 0.0 0.0 15139.0 73.0 562.0 613.0
42 39 44 0.0 0.0 0.0 406.0 1.0 13.0 0.0
42 40 36 0.0 0.0 0.0 417.0 2.0 10.0 0.0
42 40 37 0.0 0.0 0.0 17788.0 110.0 681.0 863.0
42 40 38 0.0 0.0 0.0 47885.0 519.0 1299.0 24133.0
42 40 39 0.0 0.0 0.0 45126.0 716.0 1021.0 44408.0
42 40 40 0.0 0.0 0.0 42270.0 754.0 939.0 52558.0
42 40 41 0.0 0.0 0.0 44919.0 724.0 1009.0 45149.0
42 40 42 0.0 0.0 0.0 47716.0 405.0 1230.0 24180.0
42 40 43 0.0 0.0 0.0 17972.0 107.0 675.0 849.0
42 40 44 0.0 0.0 0.0 469.0 0.0 21.0 0.0
42 41 36 0.0 0.0 0.0 301.0 3.0 12.0 0.0
42 41 37 0.0 0.0 0.0 14105.0 65.0 527.0 507.0
42 41 38 0.0 0.0 0.0 46696.0 349.0 1290.0 17039.0
42 41 39 0.0 0.0 0.0 47751.0 632.0 1203.0 35523.0
42 41 40 0.0 0.0 0.0 45361.0 673.0 1051.0 44748.0
42 41 41 0.0 0.0 0.0 47168.0 590.0 1190.0 36710.0
42 41 42 0.0 0.0 0.0 46416.0 394.0 1282.0 17178.0
42 41 43 0.0 0.0 0.0 14464.0 66.0 503.0 535.0
42 41 44 0.0 0.0 0.0 404.0 1.0 14.0 0.0
42 42 36 0.0 0.0 0.0 173.0 0.0 12.0 0.0
42 42 37 0.0 0.0 0.0 7010.0 11.0 249.0 100.0
42 42 38 0.0 0.0 0.0 34504.0 190.0 1081.0 5279.0
42 42 39 0.0 0.0 0.0 46853.0 376.0 1321.0 17065.0
42 42 40 0.0 0.0 0.0 47418.0 498.0 1335.0 24182.0
42 42 41 0.0 0.0 0.0 46486.0 566.0 1321.0 17215.0
42 42 42 0.0 0.0 0.0 34929.0 398.0 1089.0 5621.0
42 42 43 0.0 0.0 0.0 7106.0 65.0 278.0 121.0
42 42 44 0.0 0.0 0.0 144.0 0.0 2.0 0.0
42 43 36 0.0 0.0 0.0 23.0 0.0 0.0 0.0
42 43 37 0.0 0.0 0.0 1610.0 33.0 62.0 2.0
42 43 38 0.0 0.0 0.0 7124.0 25.0 274.0 132.0
42 43 39 0.0 0.0 0.0 14213.0 62.0 507.0 503.0
42 43 40 0.0 0.0 0.0 17993.0 112.0 657.0 816.0
42 43 41 0.0 0.0 0.0 14177.0 70.0 578.0 489.0
42 43 42 0.0 0.0 0.0 7017.0 18.0 274.0 104.0
42 43 43 0.0 0.0 0.0 1506.0 18.0 53.0 3.0
42 43 44 0.0 0.0 0.0 18.0 0.0 1.0 0.0
42 44 37 0.0 0.0 0.0 30.0 0.0 2.0 0.0
42 44 38 0.0 0.0 0.0 120.0 3.0 5.0 0.0
42 44 39 0.0 0.0 0.0 325.0 0.0 5.0 0.0
42 44 40 0.0 0.0 0.0 511.0 0.0 10.0 0.0
42 44 41 0.0 0.0 0.0 312.0 5.0 15.0 0.0
42 44 42 0.0 0.0 0.0 144.0 0.0 4.0 0.0
42 44 43 0.0 0.0 0.0 19.0 0.0 1.0 0.0
43 36 37 0.0 0.0 0.0 1.0 0.0 0.0 0.0
43 36 38 0.0 0.0 0.0 30.0 0.0 0.0 0.0
43 36 39 0.0 0.0 0.0 61.0 0.0 0.0 0.0
43 36 40 0.0 0.0 0.0 118.0 3.0 5.0 0.0
43 36 41 0.0 0.0 0.0 73.0 0.0 5.0 0.0
43 36 42 0.0 0.0 0.0 25.0 0.0 1.0 0.0
43 36 43 0.0 0.0 0.0 7.0 0.0 1.0 0.0
43 37 36 0.0 0.0 0.0 6.0 0.0 0.0 0.0
43 37 37 0.0 0.0 0.0 430.0 3.0 22.0 1.0
43 37 38 0.0 0.0 0.0 2032.0 7.0 72.0 7.0
43 37 39 0.0 0.0 0.0 3695.0 26.0 136.0 28.0
43 37 40 0.0 0.0 0.0 4869.0 45.0 182.0 59.0
43 37 41 0.0 0.0 0.0 4217.0 22.0 164.0 42.0
43 37 42 0.0 0.0 0.0 1760.0 2.0 52.0 6.0
43 37 43 0.0 0.0 0.0 489.0 3.0 24.0 2.0
43 37 44 0.0 0.0 0.0 3.0 0.0 0.0 0.0
43 38 36 0.0 0.0 0.0 36.0 0.0 1.0 0.0
43 38 37 0.0 0.0 0.0 1681.0 18.0 64.0 4.0
43 38 38 0.0 0.0 0.0 7395.0 55.0 266.0 120.0
43 38 39 0.0 0.0 0.0 14120.0 90.0 486.0 510.0
43 38 40 0.0 0.0 0.0 17494.0 75.0 648.0 775.0
43 38 41 0.0 0.0 0.0 14527.0 103.0 513.0 516.0
43 38 42 0.0 0.0 0.0 7834.0 21.0 303.0 110.0
43 38 43 0.0 0.0 0.0 1990.0 4.0 89.0 4.0
43 38 44 0.0 0.0 0.0 37.0 0.0 0.0 0.0
43 39 36 0.0 0.0 0.0 58.0 0.0 0.0 0.0
43 39 37 0.0 0.0 0.0 3649.0 40.0 140.0 23.0
43 39 38 0.0 0.0 0.0 14133.0 113.0 486.0 526.0
43 39 39 0.0 0.0 0.0 24906.0 198.0 870.0 1864.0
43 39 40 0.0 0.0 0.0 30025.0 246.0 981.0 3001.0
43 39 41 0.0 0.0 0.0 25095.0 195.0 860.0 1826.0
43 39 42 0.0 0.0 0.0 14437.0 80.0 523.0 492.0
43 39 43 0.0 0.0 0.0 4423.0 19.0 178.0 41.0
43 39 44 0.0 0.0 0.0 74.0 0.0 2.0 0.0
43 39 45 0.0 0.0 0.0 2.0 0.0 0.0 0.0
43 40 36 0.0 0.0 0.0 97.0 0.0 2.0 0.0
43 40 37 0.0 0.0 0.0 4625.0 11.0 190.0 33.0
43 40 38 0.0 0.0 0.0 17177.0 94.0 608.0 764.0
43 40 39 0.0 0.0 0.0 29408.0 193.0 992.0 2672.0
43 40 40 0.0 0.0 0.0 33884.0 263.0 1090.0 4078.0
43 40 41 0.0 0.0 0.0 29217.0 202.0 1051.0 2714.0
43 40 42 0.0 0.0 0.0 17953.0 99.0 662.0 849.0
43 40 43 0.0 0.0 0.0 5266.0 19.0 205.0 56.0
43 40 44 0.0 0.0 0.0 106.0 1.0 3.0 0.0
43 41 36 0.0 0.0 0.0 63.0 1.0 4.0 0.0
43 41 37 0.0 0.0 0.0 3994.0 11.0 136.0 31.0
43 41 38 0.0 0.0 0.0 14361.0 66.0 535.0 484.0
43 41 39 0.0 0.0 0.0 24672.0 113.0 894.0 1749.0
43 41 40 0.0 0.0 0.0 29971.0 215.0 985.0 2979.0
43 41 41 0.0 0.0 0.0 25497.0 167.0 891.0 1840.0
43 41 42 0.0 0.0 0.0 14188.0 148.0 508.0 502.0
43 41 43 0.0 0.0 0.0 3749.0 16.0 143.0 39.0
43 41 44 0.0 0.0 0.0 94.0 0.0 1.0 0.0
43 42 36 0.0 0.0 0.0 38.0 1.0 4.0 0.0
43 42 37 0.0 0.0 0.0 1846.0 5.0 58.0 7.0
43 42 38 0.0 0.0 0.0 6114.0 25.0 226.0 72.0
43 42 39 0.0 0.0 0.0 14737.0 53.0 523.0 544.0
43 42 40 0.0 0.0 0.0 17197.0 95.0 626.0 770.0
43 42 41 0.0 0.0 0.0 14239.0 98.0 528.0 549.0
43 42 42 0.0 0.0 0.0 6754.0 45.0 244.0 92.0
43 42 43 0.0 0.0 0.0 1554.0 5.0 61.0 5.0
43 42 44 0.0 0.0 0.0 28.0 0.0 0.0 0.0
43 43 36 0.0 0.0 0.0 4.0 0.0 1.0 0.0
43 43 37 0.0 0.0 0.0 269.0 2.0 7.0 0.0
43 43 38 0.0 0.0 0.0 1387.0 3.0 52.0 3.0
43 43 39 0.0 0.0 0.0 3565.0 9.0 147.0 31.0
43 43 40 0.0 0.0 0.0 4829.0 9.0 193.0 45.0
43 43 41 0.0 0.0 0.0 3399.0 27.0 129.0 34.0
43 43 42 0.0 0.0 0.0 1539.0 14.0 52.0 2.0
43 43 43 0.0 0.0 0.0 359.0 0.0 13.0 0.0
43 43 44 0.0 0.0 0.0 3.0 0.0 0.0 0.0
43 44 36 0.0 0.0 0.0 1.0 0.0 0.0 0.0
43 44 37 0.0 0.0 0.0 3.0 0.0 0.0 0.0
43 44 38 0.0 0.0 0.0 20.0 0.0 1.0 0.0
43 44 39 0.0 0.0 0.0 74.0 0.0 5.0 0.0
43 44 40 0.0 0.0 0.0 126.0 1.0 5.0 0.0
43 44 41 0.0 0.0 0.0 59.0 0.0 2.0 0.0
43 44 42 0.0 0.0 0.0 36.0 0.0 2.0 0.0
43 44 43 0.0 0.0 0.0 5.0 0.0 1.0 0.0
43 44 44 0.0 0.0 0.0 0.0 1.0 0.0 0.0
44 36 38 0.0 0.0 0.0 3.0 0.0 0.0 0.0
44 36 39 0.0 0.0 0.0 1.0 0.0 0.0 0.0
44 36 40 0.0 0.0 0.0 1.0 0.0 0.0 0.0
44 36 41 0.0 0.0 0.0 1.0 0.0 0.0 0.0
44 37 36 0.0 0.0 0.0 1.0 0.0 0.0 0.0
44 37 38 0.0 0.0 0.0 30.0 0.0 1.0 0.0
44 37 39 0.0 0.0 0.0 76.0 0.0 1.0 0.0
44 37 40 0.0 0.0 0.0 75.0 0.0 2.0 0.0
44 37 41 0.0 0.0 0.0 52.0 1.0 0.0 0.0
44 37 42 0.0 0.0 0.0 25.0 0.0 1.0 0.0
44 37 43 0.0 0.0 0.0 1.0 0.0 0.0 0.0
44 38 36 0.0 0.0 0.0 1.0 0.0 0.0 0.0
44 38 37 0.0 0.0 0.0 29.0 0.0 1.0 0.0
44 38 38 0.0 0.0 0.0 145.0 4.0 7.0 0.0
44 38 39 0.0 0.0 0.0 340.0 1.0 11.0 0.0
44 38 40 0.0 0.0 0.0 472.0 1.0 17.0 0.0
44 38 41 0.0 0.0 0.0 415.0 2.0 16.0 1.0
44 38 42 0.0 0.0 0.0 128.0 0.0 4.0 0.0
44 38 43 0.0 0.0 0.0 28.0 0.0 2.0 0.0
44 38 44 0.0 0.0 0.0 3.0 0.0 0.0 0.0
44 39 36 0.0 0.0 0.0 6.0 0.0 0.0 0.0
44 39 37 0.0 0.0 0.0 95.0 0.0 3.0 0.0
44 39 38 0.0 0.0 0.0 338.0 0.0 17.0 0.0
44 39 39 0.0 0.0 0.0 761.0 2.0 34.0 2.0
44 39 40 0.0 0.0 0.0 1057.0 6.0 39.0 1.0
44 39 41 0.0 0.0 0.0 737.0 0.0 35.0 1.0
44 39 42 0.0 0.0 0.0 380.0 2.0 17.0 0.0
44 39 43 0.0 0.0 0.0 83.0 0.0 3.0 0.0
44 39 44 0.0 0.0 0.0 7.0 0.0 0.0 0.0
44 40 36 0.0 0.0 0.0 3.0 0.0 0.0 0.0
44 40 37 0.0 0.0 0.0 109.0 0.0 5.0 0.0
44 40 38 0.0 0.0 0.0 417.0 0.0 27.0 0.0
44 40 39 0.0 0.0 0.0 978.0 5.0 30.0 1.0
44 40 40 0.0 0.0 0.0 1195.0 15.0 40.0 2.0
44 40 41 0.0 0.0 0.0 967.0 5.0 39.0 1.0
44 40 42 0.0 0.0 0.0 452.0 1.0 18.0 0.0
44 40 43 0.0 0.0 0.0 96.0 1.0 0.0 0.0
44 40 44 0.0 0.0 0.0 4.0 0.0 0.0 0.0
44 41 36 0.0 0.0 0.0 3.0 0.0 0.0 0.0
44 41 37 0.0 0.0 0.0 61.0 0.0 1.0 0.0
44 41 38 0.0 0.0 0.0 371.0 0.0 13.0 0.0
44 41 39 0.0 0.0 0.0 777.0 3.0 19.0 0.0
44 41 40 0.0 0.0 0.0 1092.0 1.0 47.0 2.0
44 41 41 0.0 0.0 0.0 777.0 1.0 29.0 1.0
44 41 42 0.0 0.0 0.0 365.0 2.0 12.0 0.0
44 41 43 0.0 0.0 0.0 60.0 1.0 3.0 0.0
44 42 36 0.0 0.0 0.0 2.0 0.0 1.0 0.0
44 42 37 0.0 0.0 0.0 36.0 0.0 1.0 0.0
44 42 38 0.0 0.0 0.0 177.0 1.0 8.0 0.0
44 42 39 0.0 0.0 0.0 357.0 2.0 14.0 2.0
44 42 40 0.0 0.0 0.0 513.0 0.0 19.0 1.0
44 42 41 0.0 0.0 0.0 306.0 1.0 9.0 0.0
44 42 42 0.0 0.0 0.0 154.0 0.0 8.0 0.0
44 42 43 0.0 0.0 0.0 31.0 0.0 2.0 0.0
44 42 44 0.0 0.0 0.0 1.0 0.0 0.0 0.0
44 43 37 0.0 0.0 0.0 3.0 0.0 0.0 0.0
44 43 38 0.0 0.0 0.0 36.0 0.0 1.0 0.0
44 43 39 0.0 0.0 0.0 61.0 1.0 1.0 0.0
44 43 40 0.0 0.0 0.0 68.0 0.0 1.0 0.0
44 43 41 0.0 0.0 0.0 73.0 1.0 3.0 0.0
44 43 42 0.0 0.0 0.0 15.0 0.0 0.0 0.0
44 43 43 0.0 0.0 0.0 4.0 0.0 0.0 0.0
44 44 39 0.0 0.0 0.0 3.0 0.0 1.0 0.0
44 44 40 0.0 0.0 0.0 4.0 0.0 0.0 0.0
44 44 41 0.0 0.0 0.0 1.0 0.0 0.0 0.0
44 44 42 0.0 0.0 0.0 1.0 0.0 0.0 0.0
45 38 39 0.0 0.0 0.0 1.0 0.0 0.0 0.0
45 40 38 0.0 0.0 0.0 1.0 0.0 0.0 0.0
45 40 39 0.0 0.0 0.0 2.0 0.0 0.0 0.0
45 40 43 0.0 0.0 0.0 1.0 0.0 0.0 0.0
