38 38 38 0.0 0.0 0.0 1.0 0.0 0.0 0.0
38 38 40 0.0 0.0 0.0 1.0 0.0 0.0 0.0
38 39 39 0.0 0.0 0.0 2.0 0.0 0.0 0.0
38 40 41 0.0 0.0 0.0 1.0 0.0 0.0 0.0
38 41 41 0.0 0.0 0.0 1.0 0.0 0.0 0.0
39 38 39 0.0 0.0 0.0 1.0 0.0 0.0 0.0
39 39 38 0.0 0.0 0.0 2.0 0.0 0.0 0.0
39 39 39 0.0 0.0 0.0 1192.0 93.0 50.0 4.0
39 39 40 0.0 0.0 0.0 1138.0 84.0 43.0 2.0
39 39 41 0.0 0.0 0.0 915.0 37.0 36.0 1.0
39 39 42 0.0 0.0 0.0 1.0 0.0 0.0 0.0
39 40 38 0.0 0.0 0.0 1.0 0.0 0.0 0.0
39 40 39 0.0 0.0 0.0 1091.0 60.0 36.0 6.0
39 40 40 0.0 0.0 0.0 1780.0 97.0 68.0 5.0
39 40 41 0.0 0.0 0.0 995.0 111.0 40.0 4.0
39 40 42 0.0 0.0 0.0 1.0 0.0 0.0 0.0
39 41 38 0.0 0.0 0.0 2.0 0.0 0.0 0.0
39 41 39 0.0 0.0 0.0 1027.0 47.0 41.0 0.0
39 41 40 0.0 0.0 0.0 1005.0 86.0 41.0 5.0
39 41 41 0.0 0.0 0.0 802.0 42.0 36.0 5.0
39 42 40 0.0 0.0 0.0 2.0 0.0 0.0 0.0
39 42 41 0.0 0.0 0.0 1.0 0.0 0.0 0.0
40 38 39 0.0 0.0 0.0 1.0 0.0 0.0 0.0
40 38 40 0.0 0.0 0.0 2.0 0.0 0.0 0.0
40 38 41 0.0 0.0 0.0 2.0 0.0 0.0 0.0
40 39 39 0.0 0.0 0.0 1220.0 89.0 66.0 6.0
40 39 40 0.0 0.0 0.0 1516.0 109.0 61.0 7.0
40 39 41 0.0 0.0 0.0 1384.0 107.0 50.0 6.0
40 39 42 0.0 0.0 0.0 5.0 0.0 0.0 0.0
40 40 39 0.0 0.0 0.0 1765.0 108.0 74.0 6.0
40 40 40 0.0 0.0 0.0 34887.0 3432.0 1146.0 12118.0
40 40 41 0.0 0.0 0.0 2018.0 82.0 81.0 9.0
40 40 42 0.0 0.0 0.0 1.0 0.0 0.0 0.0
40 41 38 0.0 0.0 0.0 1.0 0.0 0.0 0.0
40 41 39 0.0 0.0 0.0 1239.0 32.0 48.0 4.0
40 41 40 0.0 0.0 0.0 1832.0 62.0 71.0 9.0
40 41 41 0.0 0.0 0.0 1275.0 54.0 51.0 5.0
40 41 42 0.0 0.0 0.0 1.0 0.0 0.0 0.0
40 42 41 0.0 0.0 0.0 3.0 0.0 1.0 0.0
41 38 38 0.0 0.0 0.0 2.0 0.0 0.0 0.0
41 38 40 0.0 0.0 0.0 1.0 0.0 0.0 0.0
41 38 41 0.0 0.0 0.0 2.0 0.0 0.0 0.0
41 39 39 0.0 0.0 0.0 986.0 76.0 34.0 2.0
41 39 40 0.0 0.0 0.0 1293.0 112.0 50.0 3.0
41 39 41 0.0 0.0 0.0 1092.0 66.0 52.0 2.0
41 40 38 0.0 0.0 0.0 1.0 0.0 0.0 0.0
41 40 39 0.0 0.0 0.0 1335.0 46.0 54.0 2.0
41 40 40 0.0 0.0 0.0 1511.0 114.0 49.0 7.0
41 40 41 0.0 0.0 0.0 1205.0 70.0 48.0 6.0
41 40 42 0.0 0.0 0.0 0.0 1.0 0.0 0.0
41 41 39 0.0 0.0 0.0 1011.0 75.0 42.0 1.0
41 41 40 0.0 0.0 0.0 1116.0 40.0 44.0 1.0
41 41 41 0.0 0.0 0.0 951.0 82.0 37.0 4.0
41 42 40 0.0 0.0 0.0 2.0 1.0 0.0 0.0
41 42 41 0.0 0.0 0.0 1.0 0.0 0.0 0.0
42 38 39 0.0 0.0 0.0 4.0 0.0 1.0 0.0
42 38 42 0.0 0.0 0.0 0.0 2.0 0.0 0.0
42 39 40 0.0 0.0 0.0 3.0 0.0 0.0 0.0
42 39 41 0.0 0.0 0.0 1.0 0.0 0.0 0.0
42 39 42 0.0 0.0 0.0 2.0 0.0 1.0 0.0
42 40 39 0.0 0.0 0.0 1.0 0.0 0.0 0.0
42 40 40 0.0 0.0 0.0 2.0 0.0 0.0 0.0
42 40 41 0.0 0.0 0.0 1.0 1.0 0.0 0.0
42 41 39 0.0 0.0 0.0 2.0 0.0 0.0 0.0
42 41 40 0.0 0.0 0.0 2.0 0.0 0.0 0.0
42 41 41 0.0 0.0 0.0 2.0 0.0 0.0 0.0
