33 41 39 0.0 0.0 0.0 1.0 0.0 0.0 0.0
34 36 37 0.0 0.0 0.0 1.0 0.0 0.0 0.0
34 36 39 0.0 0.0 0.0 2.0 0.0 0.0 0.0
34 36 40 0.0 0.0 0.0 3.0 0.0 0.0 0.0
34 36 41 0.0 0.0 0.0 2.0 0.0 0.0 0.0
34 36 42 0.0 0.0 0.0 2.0 0.0 0.0 0.0
34 37 37 0.0 0.0 0.0 1.0 0.0 0.0 0.0
34 37 38 0.0 0.0 0.0 12.0 0.0 0.0 0.0
34 37 39 0.0 0.0 0.0 26.0 0.0 1.0 0.0
34 37 40 0.0 0.0 0.0 47.0 0.0 1.0 0.0
34 37 41 0.0 0.0 0.0 39.0 0.0 1.0 0.0
34 37 42 0.0 0.0 0.0 7.0 0.0 0.0 0.0
34 38 37 0.0 0.0 0.0 23.0 0.0 2.0 0.0
34 38 38 0.0 0.0 0.0 56.0 0.0 2.0 0.0
34 38 39 0.0 0.0 0.0 92.0 0.0 6.0 0.0
34 38 40 0.0 0.0 0.0 104.0 0.0 3.0 0.0
34 38 41 0.0 0.0 0.0 61.0 0.0 1.0 0.0
34 38 42 0.0 0.0 0.0 40.0 1.0 0.0 0.0
34 38 43 0.0 0.0 0.0 8.0 0.0 1.0 0.0
34 38 44 0.0 0.0 0.0 1.0 0.0 0.0 0.0
34 39 36 0.0 0.0 0.0 6.0 0.0 0.0 0.0
34 39 37 0.0 0.0 0.0 19.0 0.0 0.0 0.0
34 39 38 0.0 0.0 0.0 80.0 0.0 7.0 0.0
34 39 39 0.0 0.0 0.0 197.0 0.0 7.0 0.0
34 39 40 0.0 0.0 0.0 246.0 1.0 6.0 0.0
34 39 41 0.0 0.0 0.0 184.0 0.0 5.0 0.0
34 39 42 0.0 0.0 0.0 90.0 0.0 6.0 0.0
34 39 43 0.0 0.0 0.0 18.0 0.0 0.0 0.0
34 39 44 0.0 0.0 0.0 1.0 0.0 0.0 0.0
34 40 36 0.0 0.0 0.0 10.0 0.0 1.0 0.0
34 40 37 0.0 0.0 0.0 31.0 0.0 1.0 0.0
34 40 38 0.0 0.0 0.0 127.0 3.0 6.0 0.0
34 40 39 0.0 0.0 0.0 214.0 0.0 7.0 0.0
34 40 40 0.0 0.0 0.0 279.0 0.0 13.0 0.0
34 40 41 0.0 0.0 0.0 268.0 0.0 6.0 0.0
34 40 42 0.0 0.0 0.0 107.0 0.0 3.0 0.0
34 40 43 0.0 0.0 0.0 18.0 0.0 1.0 0.0
34 40 44 0.0 0.0 0.0 0.0 1.0 0.0 0.0
34 41 36 0.0 0.0 0.0 3.0 0.0 0.0 0.0
34 41 37 0.0 0.0 0.0 25.0 0.0 0.0 0.0
34 41 38 0.0 0.0 0.0 94.0 0.0 3.0 0.0
34 41 39 0.0 0.0 0.0 220.0 0.0 6.0 0.0
34 41 40 0.0 0.0 0.0 244.0 0.0 10.0 0.0
34 41 41 0.0 0.0 0.0 201.0 2.0 10.0 0.0
34 41 42 0.0 0.0 0.0 122.0 0.0 4.0 0.0
34 41 43 0.0 0.0 0.0 37.0 0.0 3.0 0.0
34 41 44 0.0 0.0 0.0 6.0 0.0 0.0 0.0
34 42 37 0.0 0.0 0.0 15.0 0.0 1.0 0.0
34 42 38 0.0 0.0 0.0 42.0 0.0 2.0 0.0
34 42 39 0.0 0.0 0.0 90.0 0.0 1.0 0.0
34 42 40 0.0 0.0 0.0 118.0 0.0 2.0 0.0
34 42 41 0.0 0.0 0.0 72.0 0.0 3.0 0.0
34 42 42 0.0 0.0 0.0 41.0 0.0 1.0 0.0
34 42 43 0.0 0.0 0.0 11.0 0.0 0.0 0.0
34 43 38 0.0 0.0 0.0 17.0 0.0 0.0 0.0
34 43 39 0.0 0.0 0.0 34.0 0.0 0.0 0.0
34 43 40 0.0 0.0 0.0 23.0 0.0 0.0 0.0
34 43 41 0.0 0.0 0.0 24.0 0.0 2.0 0.0
34 43 42 0.0 0.0 0.0 12.0 0.0 1.0 0.0
34 43 43 0.0 0.0 0.0 5.0 0.0 1.0 0.0
34 44 38 0.0 0.0 0.0 1.0 0.0 0.0 0.0
34 44 39 0.0 0.0 0.0 2.0 0.0 0.0 0.0
34 44 40 0.0 0.0 0.0 1.0 0.0 0.0 0.0
34 44 41 0.0 0.0 0.0 1.0 0.0 0.0 0.0
34 44 42 0.0 0.0 0.0 1.0 0.0 0.0 0.0
35 35 37 0.0 0.0 0.0 12.0 0.0 0.0 0.0
35 35 38 0.0 0.0 0.0 24.0 0.0 0.0 0.0
35 35 39 0.0 0.0 0.0 45.0 0.0 1.0 0.0
35 35 40 0.0 0.0 0.0 58.0 0.0 4.0 0.0
35 35 41 0.0 0.0 0.0 43.0 0.0 4.0 0.0
35 35 42 0.0 0.0 0.0 20.0 0.0 0.0 0.0
35 35 43 0.0 0.0 0.0 6.0 0.0 0.0 0.0
35 36 36 0.0 0.0 0.0 20.0 0.0 0.0 0.0
35 36 37 0.0 0.0 0.0 168.0 0.0 14.0 0.0
35 36 38 0.0 0.0 0.0 428.0 1.0 15.0 0.0
35 36 39 0.0 0.0 0.0 817.0 1.0 31.0 0.0
35 36 40 0.0 0.0 0.0 987.0 4.0 29.0 1.0
35 36 41 0.0 0.0 0.0 746.0 2.0 19.0 0.0
35 36 42 0.0 0.0 0.0 390.0 0.0 21.0 0.0
35 36 43 0.0 0.0 0.0 93.0 0.0 3.0 0.0
35 36 44 0.0 0.0 0.0 9.0 0.0 0.0 0.0
35 37 35 0.0 0.0 0.0 7.0 0.0 0.0 0.0
35 37 36 0.0 0.0 0.0 126.0 0.0 4.0 0.0
35 37 37 0.0 0.0 0.0 764.0 4.0 32.0 2.0
35 37 38 0.0 0.0 0.0 2320.0 15.0 96.0 7.0
35 37 39 0.0 0.0 0.0 3837.0 2.0 125.0 21.0
35 37 40 0.0 0.0 0.0 4646.0 3.0 145.0 34.0
35 37 41 0.0 0.0 0.0 3749.0 1.0 136.0 16.0
35 37 42 0.0 0.0 0.0 2076.0 5.0 86.0 6.0
35 37 43 0.0 0.0 0.0 754.0 0.0 33.0 1.0
35 37 44 0.0 0.0 0.0 105.0 0.0 7.0 0.0
35 37 45 0.0 0.0 0.0 6.0 0.0 0.0 0.0
35 38 35 0.0 0.0 0.0 39.0 0.0 2.0 0.0
35 38 36 0.0 0.0 0.0 419.0 0.0 16.0 1.0
35 38 37 0.0 0.0 0.0 2135.0 5.0 88.0 10.0
35 38 38 0.0 0.0 0.0 5904.0 4.0 222.0 49.0
35 38 39 0.0 0.0 0.0 10066.0 14.0 367.0 197.0
35 38 40 0.0 0.0 0.0 11624.0 14.0 409.0 287.0
35 38 41 0.0 0.0 0.0 9517.0 31.0 341.0 156.0
35 38 42 0.0 0.0 0.0 5700.0 0.0 209.0 52.0
35 38 43 0.0 0.0 0.0 2020.0 8.0 66.0 8.0
35 38 44 0.0 0.0 0.0 387.0 0.0 15.0 0.0
35 38 45 0.0 0.0 0.0 23.0 0.0 0.0 0.0
35 39 35 0.0 0.0 0.0 38.0 1.0 1.0 0.0
35 39 36 0.0 0.0 0.0 786.0 1.0 31.0 0.0
35 39 37 0.0 0.0 0.0 4388.0 9.0 156.0 23.0
35 39 38 0.0 0.0 0.0 10379.0 28.0 394.0 170.0
35 39 39 0.0 0.0 0.0 16267.0 26.0 562.0 613.0
35 39 40 0.0 0.0 0.0 17918.0 24.0 683.0 723.0
35 39 41 0.0 0.0 0.0 15327.0 21.0 567.0 491.0
35 39 42 0.0 0.0 0.0 9509.0 12.0 356.0 197.0
35 39 43 0.0 0.0 0.0 3607.0 2.0 136.0 23.0
35 39 44 0.0 0.0 0.0 636.0 0.0 25.0 1.0
35 39 45 0.0 0.0 0.0 39.0 0.0 1.0 0.0
35 40 35 0.0 0.0 0.0 66.0 0.0 0.0 0.0
35 40 36 0.0 0.0 0.0 1020.0 2.0 31.0 1.0
35 40 37 0.0 0.0 0.0 4475.0 11.0 150.0 41.0
35 40 38 0.0 0.0 0.0 11681.0 12.0 440.0 283.0
35 40 39 0.0 0.0 0.0 18424.0 33.0 701.0 771.0
35 40 40 0.0 0.0 0.0 20646.0 26.0 732.0 988.0
35 40 41 0.0 0.0 0.0 18089.0 23.0 638.0 703.0
35 40 42 0.0 0.0 0.0 10916.0 12.0 399.0 224.0
35 40 43 0.0 0.0 0.0 4221.0 4.0 169.0 35.0
35 40 44 0.0 0.0 0.0 916.0 1.0 29.0 3.0
35 40 45 0.0 0.0 0.0 42.0 0.0 2.0 0.0
35 41 35 0.0 0.0 0.0 63.0 0.0 4.0 0.0
35 41 36 0.0 0.0 0.0 907.0 7.0 43.0 0.0
35 41 37 0.0 0.0 0.0 3974.0 4.0 145.0 23.0
35 41 38 0.0 0.0 0.0 9902.0 13.0 364.0 193.0
35 41 39 0.0 0.0 0.0 16048.0 22.0 560.0 588.0
35 41 40 0.0 0.0 0.0 17500.0 34.0 574.0 680.0
35 41 41 0.0 0.0 0.0 15263.0 26.0 577.0 489.0
35 41 42 0.0 0.0 0.0 9335.0 24.0 366.0 158.0
35 41 43 0.0 0.0 0.0 3368.0 5.0 119.0 17.0
35 41 44 0.0 0.0 0.0 666.0 0.0 30.0 1.0
35 41 45 0.0 0.0 0.0 41.0 0.0 2.0 0.0
35 42 34 0.0 0.0 0.0 1.0 0.0 0.0 0.0
35 42 35 0.0 0.0 0.0 59.0 0.0 0.0 0.0
35 42 36 0.0 0.0 0.0 430.0 2.0 15.0 0.0
35 42 37 0.0 0.0 0.0 2148.0 6.0 91.0 7.0
35 42 38 0.0 0.0 0.0 5864.0 4.0 236.0 70.0
35 42 39 0.0 0.0 0.0 9893.0 10.0 351.0 206.0
35 42 40 0.0 0.0 0.0 11816.0 23.0 432.0 289.0
35 42 41 0.0 0.0 0.0 9194.0 24.0 329.0 184.0
35 42 42 0.0 0.0 0.0 5318.0 22.0 177.0 46.0
35 42 43 0.0 0.0 0.0 2003.0 5.0 85.0 7.0
35 42 44 0.0 0.0 0.0 317.0 0.0 14.0 0.0
35 42 45 0.0 0.0 0.0 22.0 0.0 1.0 0.0
35 43 35 0.0 0.0 0.0 2.0 1.0 0.0 0.0
35 43 36 0.0 0.0 0.0 138.0 0.0 5.0 0.0
35 43 37 0.0 0.0 0.0 830.0 0.0 22.0 2.0
35 43 38 0.0 0.0 0.0 2162.0 2.0 75.0 7.0
35 43 39 0.0 0.0 0.0 3740.0 7.0 118.0 21.0
35 43 40 0.0 0.0 0.0 4462.0 3.0 149.0 44.0
35 43 41 0.0 0.0 0.0 3635.0 7.0 137.0 27.0
35 43 42 0.0 0.0 0.0 1922.0 0.0 74.0 10.0
35 43 43 0.0 0.0 0.0 685.0 1.0 32.0 0.0
35 43 44 0.0 0.0 0.0 75.0 0.0 4.0 0.0
35 43 45 0.0 0.0 0.0 3.0 0.0 0.0 0.0
35 44 36 0.0 0.0 0.0 19.0 0.0 1.0 0.0
35 44 37 0.0 0.0 0.0 98.0 0.0 8.0 0.0
35 44 38 0.0 0.0 0.0 396.0 1.0 11.0 0.0
35 44 39 0.0 0.0 0.0 717.0 1.0 19.0 0.0
35 44 40 0.0 0.0 0.0 905.0 1.0 33.0 2.0
35 44 41 0.0 0.0 0.0 654.0 0.0 27.0 0.0
35 44 42 0.0 0.0 0.0 399.0 1.0 15.0 0.0
35 44 43 0.0 0.0 0.0 118.0 0.0 5.0 0.0
35 44 44 0.0 0.0 0.0 12.0 0.0 0.0 0.0
35 45 36 0.0 0.0 0.0 1.0 0.0 0.0 0.0
35 45 37 0.0 0.0 0.0 2.0 0.0 0.0 0.0
35 45 38 0.0 0.0 0.0 15.0 0.0 0.0 0.0
35 45 39 0.0 0.0 0.0 32.0 0.0 1.0 0.0
35 45 40 0.0 0.0 0.0 32.0 0.0 0.0 0.0
35 45 41 0.0 0.0 0.0 29.0 0.0 1.0 0.0
35 45 42 0.0 0.0 0.0 14.0 0.0 0.0 0.0
35 45 43 0.0 0.0 0.0 1.0 0.0 0.0 0.0
35 45 44 0.0 0.0 0.0 2.0 0.0 0.0 0.0
35 46 41 0.0 0.0 0.0 5.0 0.0 0.0 0.0
36 34 38 0.0 0.0 0.0 2.0 0.0 0.0 0.0
36 34 39 0.0 0.0 0.0 2.0 0.0 0.0 0.0
36 34 40 0.0 0.0 0.0 12.0 0.0 0.0 0.0
36 34 41 0.0 0.0 0.0 2.0 0.0 0.0 0.0
36 34 42 0.0 0.0 0.0 3.0 0.0 0.0 0.0
36 35 35 0.0 0.0 0.0 2.0 0.0 1.0 0.0
36 35 36 0.0 0.0 0.0 19.0 0.0 0.0 0.0
36 35 37 0.0 0.0 0.0 116.0 0.0 4.0 0.0
36 35 38 0.0 0.0 0.0 344.0 1.0 11.0 0.0
36 35 39 0.0 0.0 0.0 704.0 0.0 28.0 0.0
36 35 40 0.0 0.0 0.0 933.0 0.0 33.0 0.0
36 35 41 0.0 0.0 0.0 810.0 3.0 31.0 1.0
36 35 42 0.0 0.0 0.0 370.0 0.0 5.0 0.0
36 35 43 0.0 0.0 0.0 99.0 0.0 3.0 0.0
36 35 44 0.0 0.0 0.0 9.0 0.0 0.0 0.0
36 36 35 0.0 0.0 0.0 8.0 0.0 0.0 0.0
36 36 36 0.0 0.0 0.0 611.0 1.0 11.0 1.0
36 36 37 0.0 0.0 0.0 2886.0 5.0 142.0 17.0
36 36 38 0.0 0.0 0.0 7999.0 18.0 327.0 140.0
36 36 39 0.0 0.0 0.0 12710.0 18.0 486.0 370.0
36 36 40 0.0 0.0 0.0 14320.0 21.0 519.0 549.0
36 36 41 0.0 0.0 0.0 12086.0 21.0 422.0 359.0
36 36 42 0.0 0.0 0.0 7661.0 19.0 280.0 125.0
36 36 43 0.0 0.0 0.0 2795.0 5.0 122.0 13.0
36 36 44 0.0 0.0 0.0 415.0 0.0 9.0 1.0
36 36 45 0.0 0.0 0.0 13.0 0.0 1.0 0.0
36 37 35 0.0 0.0 0.0 119.0 0.0 11.0 0.0
36 37 36 0.0 0.0 0.0 3132.0 8.0 111.0 19.0
36 37 37 0.0 0.0 0.0 13217.0 14.0 467.0 385.0
36 37 38 0.0 0.0 0.0 26975.0 50.0 939.0 2343.0
36 37 39 0.0 0.0 0.0 36118.0 100.0 1176.0 5045.0
36 37 40 0.0 0.0 0.0 38707.0 55.0 1206.0 6560.0
36 37 41 0.0 0.0 0.0 35322.0 52.0 1156.0 4926.0
36 37 42 0.0 0.0 0.0 25830.0 43.0 887.0 2088.0
36 37 43 0.0 0.0 0.0 11866.0 28.0 433.0 329.0
36 37 44 0.0 0.0 0.0 2564.0 1.0 98.0 13.0
36 37 45 0.0 0.0 0.0 125.0 0.0 9.0 0.0
36 38 35 0.0 0.0 0.0 490.0 0.0 24.0 0.0
36 38 36 0.0 0.0 0.0 7564.0 20.0 308.0 117.0
36 38 37 0.0 0.0 0.0 26596.0 50.0 906.0 2205.0
36 38 38 0.0 0.0 0.0 43077.0 113.0 1344.0 9000.0
36 38 39 0.0 0.0 0.0 49260.0 97.0 1340.0 17598.0
36 38 40 0.0 0.0 0.0 50147.0 99.0 1331.0 18914.0
36 38 41 0.0 0.0 0.0 48790.0 148.0 1352.0 16151.0
36 38 42 0.0 0.0 0.0 42487.0 98.0 1294.0 8565.0
36 38 43 0.0 0.0 0.0 25270.0 49.0 859.0 1974.0
36 38 44 0.0 0.0 0.0 7627.0 8.0 306.0 109.0
36 38 45 0.0 0.0 0.0 329.0 1.0 15.0 0.0
36 39 34 0.0 0.0 0.0 2.0 0.0 0.0 0.0
36 39 35 0.0 0.0 0.0 897.0 0.0 33.0 2.0
36 39 36 0.0 0.0 0.0 12356.0 21.0 488.0 358.0
36 39 37 0.0 0.0 0.0 35938.0 96.0 1172.0 4983.0
36 39 38 0.0 0.0 0.0 49503.0 143.0 1336.0 17191.0
36 39 39 0.0 0.0 0.0 51307.0 117.0 1339.0 27485.0
36 39 40 0.0 0.0 0.0 50705.0 207.0 1243.0 30082.0
36 39 41 0.0 0.0 0.0 50484.0 171.0 1236.0 26741.0
36 39 42 0.0 0.0 0.0 49013.0 127.0 1404.0 16048.0
36 39 43 0.0 0.0 0.0 34626.0 73.0 1162.0 4439.0
36 39 44 0.0 0.0 0.0 11920.0 23.0 442.0 338.0
36 39 45 0.0 0.0 0.0 696.0 0.0 31.0 0.0
36 40 35 0.0 0.0 0.0 1094.0 0.0 41.0 3.0
36 40 36 0.0 0.0 0.0 14662.0 27.0 523.0 506.0
36 40 37 0.0 0.0 0.0 39457.0 88.0 1204.0 6904.0
36 40 38 0.0 0.0 0.0 50207.0 114.0 1332.0 20551.0
36 40 39 0.0 0.0 0.0 50671.0 151.0 1229.0 31663.0
36 40 40 0.0 0.0 0.0 49683.0 170.0 1146.0 35734.0
36 40 41 0.0 0.0 0.0 50728.0 175.0 1307.0 31018.0
36 40 42 0.0 0.0 0.0 50309.0 113.0 1379.0 19318.0
36 40 43 0.0 0.0 0.0 37847.0 92.0 1173.0 5823.0
36 40 44 0.0 0.0 0.0 13157.0 16.0 502.0 399.0
36 40 45 0.0 0.0 0.0 966.0 2.0 34.0 1.0
36 40 46 0.0 0.0 0.0 2.0 0.0 1.0 0.0
36 41 34 0.0 0.0 0.0 5.0 0.0 1.0 0.0
36 41 35 0.0 0.0 0.0 870.0 0.0 24.0 0.0
36 41 36 0.0 0.0 0.0 12641.0 18.0 454.0 372.0
36 41 37 0.0 0.0 0.0 35784.0 130.0 1190.0 4934.0
36 41 38 0.0 0.0 0.0 49171.0 115.0 1329.0 16414.0
36 41 39 0.0 0.0 0.0 51066.0 195.0 1284.0 27553.0
36 41 40 0.0 0.0 0.0 50595.0 147.0 1283.0 30979.0
36 41 41 0.0 0.0 0.0 50741.0 195.0 1299.0 25844.0
36 41 42 0.0 0.0 0.0 48787.0 126.0 1348.0 15615.0
36 41 43 0.0 0.0 0.0 34497.0 79.0 1065.0 4524.0
36 41 44 0.0 0.0 0.0 11338.0 27.0 432.0 300.0
36 41 45 0.0 0.0 0.0 751.0 1.0 29.0 1.0
36 41 46 0.0 0.0 0.0 2.0 0.0 0.0 0.0
36 42 34 0.0 0.0 0.0 1.0 0.0 0.0 0.0
36 42 35 0.0 0.0 0.0 453.0 0.0 20.0 0.0
36 42 36 0.0 0.0 0.0 7883.0 11.0 299.0 138.0
36 42 37 0.0 0.0 0.0 25789.0 55.0 867.0 1960.0
36 42 38 0.0 0.0 0.0 42395.0 121.0 1286.0 8810.0
36 42 39 0.0 0.0 0.0 48884.0 125.0 1428.0 15994.0
36 42 40 0.0 0.0 0.0 50093.0 129.0 1379.0 19257.0
36 42 41 0.0 0.0 0.0 48606.0 162.0 1379.0 15467.0
36 42 42 0.0 0.0 0.0 41543.0 72.0 1322.0 7654.0
36 42 43 0.0 0.0 0.0 24529.0 24.0 865.0 1786.0
36 42 44 0.0 0.0 0.0 6080.0 12.0 233.0 84.0
36 42 45 0.0 0.0 0.0 388.0 2.0 12.0 0.0
36 42 46 0.0 0.0 0.0 1.0 0.0 0.0 0.0
36 43 34 0.0 0.0 0.0 1.0 0.0 0.0 0.0
36 43 35 0.0 0.0 0.0 155.0 0.0 5.0 0.0
36 43 36 0.0 0.0 0.0 3393.0 1.0 125.0 22.0
36 43 37 0.0 0.0 0.0 12994.0 19.0 472.0 422.0
36 43 38 0.0 0.0 0.0 26320.0 51.0 909.0 2107.0
36 43 39 0.0 0.0 0.0 35128.0 81.0 1121.0 4818.0
36 43 40 0.0 0.0 0.0 37364.0 63.0 1189.0 5794.0
36 43 41 0.0 0.0 0.0 34378.0 53.0 1118.0 4686.0
36 43 42 0.0 0.0 0.0 24163.0 49.0 800.0 1688.0
36 43 43 0.0 0.0 0.0 11092.0 31.0 401.0 290.0
36 43 44 0.0 0.0 0.0 2102.0 6.0 82.0 5.0
36 43 45 0.0 0.0 0.0 112.0 0.0 9.0 0.0
36 44 35 0.0 0.0 0.0 10.0 0.0 0.0 0.0
36 44 36 0.0 0.0 0.0 675.0 1.0 25.0 2.0
36 44 37 0.0 0.0 0.0 3182.0 3.0 97.0 16.0
36 44 38 0.0 0.0 0.0 7888.0 8.0 304.0 132.0
36 44 39 0.0 0.0 0.0 11246.0 21.0 427.0 283.0
36 44 40 0.0 0.0 0.0 12931.0 20.0 499.0 395.0
36 44 41 0.0 0.0 0.0 11160.0 23.0 452.0 266.0
36 44 42 0.0 0.0 0.0 6494.0 6.0 271.0 74.0
36 44 43 0.0 0.0 0.0 2338.0 1.0 108.0 7.0
36 44 44 0.0 0.0 0.0 396.0 0.0 13.0 0.0
36 44 45 0.0 0.0 0.0 10.0 0.0 0.0 0.0
36 45 35 0.0 0.0 0.0 1.0 0.0 0.0 0.0
36 45 36 0.0 0.0 0.0 20.0 0.0 0.0 0.0
36 45 37 0.0 0.0 0.0 128.0 0.0 3.0 0.0
36 45 38 0.0 0.0 0.0 389.0 1.0 14.0 0.0
36 45 39 0.0 0.0 0.0 740.0 0.0 22.0 0.0
36 45 40 0.0 0.0 0.0 956.0 3.0 40.0 1.0
36 45 41 0.0 0.0 0.0 688.0 0.0 27.0 0.0
36 45 42 0.0 0.0 0.0 314.0 0.0 13.0 0.0
36 45 43 0.0 0.0 0.0 144.0 2.0 5.0 0.0
36 45 44 0.0 0.0 0.0 14.0 0.0 1.0 0.0
36 46 40 0.0 0.0 0.0 1.0 0.0 0.0 0.0
36 46 41 0.0 0.0 0.0 1.0 0.0 0.0 0.0
36 46 43 0.0 0.0 0.0 1.0 0.0 0.0 0.0
37 34 37 0.0 0.0 0.0 3.0 0.0 0.0 0.0
37 34 38 0.0 0.0 0.0 5.0 0.0 0.0 0.0
37 34 39 0.0 0.0 0.0 16.0 0.0 1.0 0.0
37 34 40 0.0 0.0 0.0 26.0 0.0 1.0 0.0
37 34 41 0.0 0.0 0.0 13.0 0.0 0.0 0.0
37 34 42 0.0 0.0 0.0 23.0 0.0 0.0 0.0
37 34 43 0.0 0.0 0.0 7.0 0.0 0.0 0.0
37 34 44 0.0 0.0 0.0 2.0 0.0 1.0 0.0
37 35 35 0.0 0.0 0.0 2.0 0.0 0.0 0.0
37 35 36 0.0 0.0 0.0 125.0 0.0 7.0 0.0
37 35 37 0.0 0.0 0.0 688.0 3.0 20.0 0.0
37 35 38 0.0 0.0 0.0 2295.0 0.0 103.0 12.0
37 35 39 0.0 0.0 0.0 3980.0 8.0 162.0 25.0
37 35 40 0.0 0.0 0.0 4764.0 8.0 193.0 50.0
37 35 41 0.0 0.0 0.0 3885.0 12.0 142.0 27.0
37 35 42 0.0 0.0 0.0 2281.0 0.0 95.0 4.0
37 35 43 0.0 0.0 0.0 802.0 0.0 29.0 0.0
37 35 44 0.0 0.0 0.0 110.0 0.0 3.0 0.0
37 35 45 0.0 0.0 0.0 4.0 0.0 0.0 0.0
37 36 35 0.0 0.0 0.0 92.0 0.0 3.0 0.0
37 36 36 0.0 0.0 0.0 3115.0 6.0 113.0 21.0
37 36 37 0.0 0.0 0.0 13295.0 24.0 454.0 426.0
37 36 38 0.0 0.0 0.0 26117.0 60.0 875.0 2123.0
37 36 39 0.0 0.0 0.0 35489.0 86.0 1087.0 5000.0
37 36 40 0.0 0.0 0.0 37870.0 73.0 1225.0 6024.0
37 36 41 0.0 0.0 0.0 35779.0 103.0 1116.0 5088.0
37 36 42 0.0 0.0 0.0 25990.0 78.0 905.0 2110.0
37 36 43 0.0 0.0 0.0 11764.0 46.0 456.0 339.0
37 36 44 0.0 0.0 0.0 3140.0 3.0 109.0 16.0
37 36 45 0.0 0.0 0.0 123.0 0.0 5.0 0.0
37 37 34 0.0 0.0 0.0 1.0 0.0 0.0 0.0
37 37 35 0.0 0.0 0.0 817.0 2.0 30.0 0.0
37 37 36 0.0 0.0 0.0 12577.0 11.0 466.0 384.0
37 37 37 0.0 0.0 0.0 41798.0 103.0 1258.0 9105.0
37 37 38 0.0 0.0 0.0 49906.0 171.0 1327.0 26309.0
37 37 39 0.0 0.0 0.0 47240.0 165.0 1144.0 39859.0
37 37 40 0.0 0.0 0.0 46498.0 179.0 1083.0 43424.0
37 37 41 0.0 0.0 0.0 47092.0 300.0 1146.0 39604.0
37 37 42 0.0 0.0 0.0 49592.0 158.0 1318.0 25293.0
37 37 43 0.0 0.0 0.0 39026.0 126.0 1257.0 6980.0
37 37 44 0.0 0.0 0.0 11329.0 20.0 403.0 290.0
37 37 45 0.0 0.0 0.0 717.0 1.0 32.0 0.0
37 37 46 0.0 0.0 0.0 1.0 0.0 0.0 0.0
37 38 34 0.0 0.0 0.0 12.0 0.0 0.0 0.0
37 38 35 0.0 0.0 0.0 2268.0 2.0 96.0 3.0
37 38 36 0.0 0.0 0.0 27821.0 44.0 935.0 2562.0
37 38 37 0.0 0.0 0.0 49063.0 93.0 1229.0 26719.0
37 38 38 0.0 0.0 0.0 43315.0 177.0 948.0 53159.0
37 38 39 0.0 0.0 0.0 37361.0 156.0 765.0 68147.0
37 38 40 0.0 0.0 0.0 35322.0 224.0 670.0 72048.0
37 38 41 0.0 0.0 0.0 37444.0 256.0 761.0 67886.0
37 38 42 0.0 0.0 0.0 44855.0 223.0 922.0 50448.0
37 38 43 0.0 0.0 0.0 49662.0 110.0 1386.0 23657.0
37 38 44 0.0 0.0 0.0 25863.0 80.0 893.0 2111.0
37 38 45 0.0 0.0 0.0 2087.0 2.0 84.0 3.0
37 38 46 0.0 0.0 0.0 11.0 0.0 0.0 0.0
37 39 34 0.0 0.0 0.0 28.0 0.0 0.0 0.0
37 39 35 0.0 0.0 0.0 4122.0 18.0 139.0 31.0
37 39 36 0.0 0.0 0.0 36537.0 47.0 1211.0 5179.0
37 39 37 0.0 0.0 0.0 47082.0 160.0 1097.0 40329.0
37 39 38 0.0 0.0 0.0 37188.0 248.0 723.0 68217.0
37 39 39 0.0 0.0 0.0 30216.0 261.0 543.0 83057.0
37 39 40 0.0 0.0 0.0 28619.0 293.0 514.0 86469.0
37 39 41 0.0 0.0 0.0 30810.0 218.0 538.0 82076.0
37 39 42 0.0 0.0 0.0 37732.0 240.0 768.0 67300.0
37 39 43 0.0 0.0 0.0 47857.0 157.0 1171.0 38348.0
37 39 44 0.0 0.0 0.0 35699.0 76.0 1169.0 4859.0
37 39 45 0.0 0.0 0.0 3886.0 5.0 169.0 28.0
37 39 46 0.0 0.0 0.0 27.0 0.0 1.0 0.0
37 40 34 0.0 0.0 0.0 29.0 0.0 2.0 0.0
37 40 35 0.0 0.0 0.0 5159.0 3.0 197.0 42.0
37 40 36 0.0 0.0 0.0 39791.0 69.0 1240.0 6919.0
37 40 37 0.0 0.0 0.0 46401.0 212.0 1022.0 44528.0
37 40 38 0.0 0.0 0.0 35103.0 190.0 661.0 72846.0
37 40 39 0.0 0.0 0.0 28177.0 254.0 499.0 87044.0
37 40 40 0.0 0.0 0.0 26582.0 191.0 469.0 91016.0
37 40 41 0.0 0.0 0.0 28956.0 219.0 486.0 85450.0
37 40 42 0.0 0.0 0.0 36130.0 277.0 736.0 71861.0
37 40 43 0.0 0.0 0.0 46856.0 250.0 1115.0 41827.0
37 40 44 0.0 0.0 0.0 37931.0 77.0 1240.0 5785.0
37 40 45 0.0 0.0 0.0 4709.0 5.0 169.0 48.0
37 40 46 0.0 0.0 0.0 28.0 0.0 1.0 0.0
37 41 34 0.0 0.0 0.0 27.0 0.0 1.0 0.0
37 41 35 0.0 0.0 0.0 4353.0 7.0 172.0 33.0
37 41 36 0.0 0.0 0.0 37372.0 47.0 1174.0 5579.0
37 41 37 0.0 0.0 0.0 46646.0 199.0 1070.0 40698.0
37 41 38 0.0 0.0 0.0 36608.0 207.0 747.0 68739.0
37 41 39 0.0 0.0 0.0 30285.0 238.0 549.0 82895.0
37 41 40 0.0 0.0 0.0 28882.0 254.0 514.0 86314.0
37 41 41 0.0 0.0 0.0 31169.0 225.0 585.0 81569.0
37 41 42 0.0 0.0 0.0 38273.0 239.0 766.0 66181.0
37 41 43 0.0 0.0 0.0 48185.0 163.0 1116.0 36763.0
37 41 44 0.0 0.0 0.0 35224.0 55.0 1168.0 4516.0
37 41 45 0.0 0.0 0.0 3644.0 13.0 135.0 30.0
37 41 46 0.0 0.0 0.0 23.0 1.0 1.0 0.0
37 42 34 0.0 0.0 0.0 14.0 0.0 1.0 0.0
37 42 35 0.0 0.0 0.0 2510.0 4.0 99.0 15.0
37 42 36 0.0 0.0 0.0 27909.0 48.0 973.0 2530.0
37 42 37 0.0 0.0 0.0 49669.0 192.0 1278.0 26564.0
37 42 38 0.0 0.0 0.0 44289.0 182.0 937.0 51830.0
37 42 39 0.0 0.0 0.0 37791.0 191.0 768.0 67158.0
37 42 40 0.0 0.0 0.0 35704.0 247.0 731.0 72086.0
37 42 41 0.0 0.0 0.0 38234.0 191.0 767.0 65767.0
37 42 42 0.0 0.0 0.0 44720.0 194.0 1008.0 50174.0
37 42 43 0.0 0.0 0.0 49443.0 170.0 1303.0 22714.0
37 42 44 0.0 0.0 0.0 25662.0 31.0 868.0 2082.0
37 42 45 0.0 0.0 0.0 2168.0 0.0 90.0 4.0
37 42 46 0.0 0.0 0.0 11.0 0.0 0.0 0.0
37 43 34 0.0 0.0 0.0 2.0 0.0 0.0 0.0
37 43 35 0.0 0.0 0.0 837.0 0.0 28.0 1.0
37 43 36 0.0 0.0 0.0 12947.0 13.0 461.0 376.0
37 43 37 0.0 0.0 0.0 42869.0 69.0 1255.0 9893.0
37 43 38 0.0 0.0 0.0 49173.0 129.0 1303.0 26651.0
37 43 39 0.0 0.0 0.0 47807.0 233.0 1141.0 37892.0
37 43 40 0.0 0.0 0.0 47279.0 220.0 1090.0 41707.0
37 43 41 0.0 0.0 0.0 48229.0 193.0 1245.0 36997.0
37 43 42 0.0 0.0 0.0 49676.0 176.0 1334.0 22975.0
37 43 43 0.0 0.0 0.0 38826.0 77.0 1198.0 6866.0
37 43 44 0.0 0.0 0.0 11688.0 13.0 413.0 331.0
37 43 45 0.0 0.0 0.0 715.0 1.0 27.0 1.0
37 43 46 0.0 0.0 0.0 7.0 0.0 0.0 0.0
37 44 35 0.0 0.0 0.0 128.0 0.0 3.0 0.0
37 44 36 0.0 0.0 0.0 3495.0 11.0 159.0 20.0
37 44 37 0.0 0.0 0.0 13308.0 18.0 496.0 399.0
37 44 38 0.0 0.0 0.0 26925.0 41.0 929.0 2289.0
37 44 39 0.0 0.0 0.0 34897.0 82.0 1104.0 4763.0
37 44 40 0.0 0.0 0.0 38927.0 95.0 1267.0 6453.0
37 44 41 0.0 0.0 0.0 34323.0 58.0 1105.0 4309.0
37 44 42 0.0 0.0 0.0 25413.0 65.0 868.0 1957.0
37 44 43 0.0 0.0 0.0 10903.0 15.0 427.0 256.0
37 44 44 0.0 0.0 0.0 2455.0 4.0 84.0 19.0
37 44 45 0.0 0.0 0.0 123.0 0.0 4.0 0.0
37 45 35 0.0 0.0 0.0 28.0 0.0 4.0 0.0
37 45 36 0.0 0.0 0.0 140.0 0.0 7.0 0.0
37 45 37 0.0 0.0 0.0 921.0 0.0 34.0 0.0
37 45 38 0.0 0.0 0.0 2308.0 2.0 83.0 14.0
37 45 39 0.0 0.0 0.0 4029.0 2.0 146.0 21.0
37 45 40 0.0 0.0 0.0 4586.0 4.0 194.0 38.0
37 45 41 0.0 0.0 0.0 3607.0 8.0 138.0 26.0
37 45 42 0.0 0.0 0.0 2065.0 1.0 72.0 5.0
37 45 43 0.0 0.0 0.0 723.0 0.0 29.0 1.0
37 45 44 0.0 0.0 0.0 85.0 0.0 4.0 0.0
37 45 45 0.0 0.0 0.0 3.0 0.0 0.0 0.0
37 46 37 0.0 0.0 0.0 2.0 0.0 0.0 0.0
37 46 38 0.0 0.0 0.0 12.0 0.0 0.0 0.0
37 46 39 0.0 0.0 0.0 39.0 0.0 1.0 0.0
37 46 40 0.0 0.0 0.0 26.0 0.0 1.0 0.0
37 46 41 0.0 0.0 0.0 12.0 0.0 0.0 0.0
37 46 42 0.0 0.0 0.0 13.0 0.0 0.0 0.0
37 46 43 0.0 0.0 0.0 5.0 0.0 0.0 0.0
38 34 35 0.0 0.0 0.0 2.0 0.0 0.0 0.0
38 34 36 0.0 0.0 0.0 3.0 0.0 1.0 0.0
38 34 37 0.0 0.0 0.0 10.0 0.0 1.0 0.0
38 34 38 0.0 0.0 0.0 44.0 0.0 1.0 0.0
38 34 39 0.0 0.0 0.0 118.0 0.0 5.0 0.0
38 34 40 0.0 0.0 0.0 137.0 0.0 5.0 0.0
38 34 41 0.0 0.0 0.0 105.0 0.0 1.0 0.0
38 34 42 0.0 0.0 0.0 37.0 0.0 1.0 0.0
38 34 43 0.0 0.0 0.0 18.0 0.0 0.0 0.0
38 35 35 0.0 0.0 0.0 16.0 0.0 0.0 0.0
38 35 36 0.0 0.0 0.0 399.0 0.0 12.0 0.0
38 35 37 0.0 0.0 0.0 2258.0 2.0 72.0 7.0
38 35 38 0.0 0.0 0.0 5934.0 11.0 234.0 55.0
38 35 39 0.0 0.0 0.0 10237.0 14.0 356.0 193.0
38 35 40 0.0 0.0 0.0 11663.0 14.0 419.0 246.0
38 35 41 0.0 0.0 0.0 9973.0 16.0 367.0 175.0
38 35 42 0.0 0.0 0.0 6180.0 16.0 251.0 76.0
38 35 43 0.0 0.0 0.0 2286.0 2.0 73.0 7.0
38 35 44 0.0 0.0 0.0 366.0 1.0 13.0 0.0
38 35 45 0.0 0.0 0.0 33.0 0.0 1.0 0.0
38 36 35 0.0 0.0 0.0 506.0 3.0 20.0 0.0
38 36 36 0.0 0.0 0.0 7591.0 10.0 253.0 123.0
38 36 37 0.0 0.0 0.0 26409.0 85.0 944.0 2194.0
38 36 38 0.0 0.0 0.0 43055.0 73.0 1266.0 8870.0
38 36 39 0.0 0.0 0.0 48936.0 128.0 1346.0 16821.0
38 36 40 0.0 0.0 0.0 50240.0 115.0 1317.0 19764.0
38 36 41 0.0 0.0 0.0 49267.0 88.0 1341.0 16537.0
38 36 42 0.0 0.0 0.0 42773.0 116.0 1270.0 8928.0
38 36 43 0.0 0.0 0.0 26440.0 54.0 910.0 2119.0
38 36 44 0.0 0.0 0.0 7839.0 13.0 295.0 115.0
38 36 45 0.0 0.0 0.0 440.0 0.0 20.0 2.0
38 37 34 0.0 0.0 0.0 23.0 0.0 2.0 0.0
38 37 35 0.0 0.0 0.0 2618.0 6.0 102.0 14.0
38 37 36 0.0 0.0 0.0 26520.0 54.0 895.0 2181.0
38 37 37 0.0 0.0 0.0 49546.0 237.0 1294.0 25323.0
38 37 38 0.0 0.0 0.0 43361.0 195.0 934.0 53308.0
38 37 39 0.0 0.0 0.0 37688.0 205.0 748.0 67631.0
38 37 40 0.0 0.0 0.0 35551.0 194.0 689.0 71957.0
38 37 41 0.0 0.0 0.0 37282.0 219.0 757.0 68015.0
38 37 42 0.0 0.0 0.0 44057.0 214.0 1041.0 51396.0
38 37 43 0.0 0.0 0.0 49599.0 129.0 1234.0 26272.0
38 37 44 0.0 0.0 0.0 26949.0 46.0 907.0 2252.0
38 37 45 0.0 0.0 0.0 2132.0 8.0 80.0 4.0
38 37 46 0.0 0.0 0.0 14.0 0.0 1.0 0.0
38 38 34 0.0 0.0 0.0 58.0 0.0 3.0 0.0
38 38 35 0.0 0.0 0.0 6502.0 9.0 244.0 83.0
38 38 36 0.0 0.0 0.0 44006.0 139.0 1339.0 9973.0
38 38 37 0.0 0.0 0.0 43300.0 152.0 937.0 53964.0
38 38 38 0.0 0.0 0.0 27092.0 230.0 458.0 92462.0
38 38 39 0.0 0.0 0.0 21249.0 182.0 340.0 106480.0
38 38 40 0.0 0.0 0.0 19681.0 239.0 294.0 110534.0
38 38 41 0.0 0.0 0.0 21494.0 255.0 349.0 105463.0
38 38 42 0.0 0.0 0.0 27744.0 203.0 488.0 90289.0
38 38 43 0.0 0.0 0.0 44309.0 245.0 984.0 51041.0
38 38 44 0.0 0.0 0.0 43091.0 85.0 1331.0 8815.0
38 38 45 0.0 0.0 0.0 6092.0 8.0 220.0 64.0
38 38 46 0.0 0.0 0.0 39.0 0.0 0.0 0.0
38 39 34 0.0 0.0 0.0 126.0 0.0 8.0 0.0
38 39 35 0.0 0.0 0.0 10533.0 13.0 391.0 204.0
38 39 36 0.0 0.0 0.0 49011.0 95.0 1326.0 17671.0
38 39 37 0.0 0.0 0.0 36959.0 182.0 717.0 69216.0
38 39 38 0.0 0.0 0.0 21673.0 193.0 335.0 106133.0
38 39 39 0.0 0.0 0.0 15285.0 201.0 198.0 120470.0
38 39 40 0.0 0.0 0.0 13991.0 236.0 184.0 122750.0
38 39 41 0.0 0.0 0.0 15688.0 209.0 241.0 119682.0
38 39 42 0.0 0.0 0.0 21470.0 268.0 318.0 105664.0
38 39 43 0.0 0.0 0.0 37005.0 242.0 763.0 68081.0
38 39 44 0.0 0.0 0.0 48976.0 202.0 1370.0 16252.0
38 39 45 0.0 0.0 0.0 10076.0 29.0 369.0 194.0
38 39 46 0.0 0.0 0.0 87.0 0.0 2.0 0.0
38 40 34 0.0 0.0 0.0 111.0 0.0 2.0 0.0
38 40 35 0.0 0.0 0.0 12291.0 11.0 453.0 310.0
38 40 36 0.0 0.0 0.0 50527.0 128.0 1340.0 20784.0
38 40 37 0.0 0.0 0.0 34817.0 224.0 654.0 73370.0
38 40 38 0.0 0.0 0.0 19089.0 193.0 291.0 111114.0
38 40 39 0.0 0.0 0.0 13952.0 223.0 181.0 123633.0
38 40 40 0.0 0.0 0.0 12402.0 198.0 160.0 127090.0
38 40 41 0.0 0.0 0.0 14185.0 220.0 196.0 123108.0
38 40 42 0.0 0.0 0.0 19823.0 222.0 314.0 109398.0
38 40 43 0.0 0.0 0.0 35958.0 236.0 702.0 70803.0
38 40 44 0.0 0.0 0.0 50065.0 127.0 1378.0 19741.0
38 40 45 0.0 0.0 0.0 11968.0 18.0 423.0 271.0
38 40 46 0.0 0.0 0.0 158.0 0.0 7.0 0.0
38 41 34 0.0 0.0 0.0 118.0 0.0 4.0 0.0
38 41 35 0.0 0.0 0.0 10344.0 15.0 378.0 170.0
38 41 36 0.0 0.0 0.0 49617.0 100.0 1390.0 17580.0
38 41 37 0.0 0.0 0.0 36975.0 202.0 754.0 68368.0
38 41 38 0.0 0.0 0.0 21041.0 226.0 329.0 106865.0
38 41 39 0.0 0.0 0.0 15413.0 190.0 223.0 120263.0
38 41 40 0.0 0.0 0.0 14082.0 217.0 190.0 123469.0
38 41 41 0.0 0.0 0.0 15732.0 226.0 218.0 118816.0
38 41 42 0.0 0.0 0.0 21863.0 235.0 360.0 104587.0
38 41 43 0.0 0.0 0.0 37810.0 227.0 762.0 67019.0
38 41 44 0.0 0.0 0.0 49171.0 96.0 1381.0 16556.0
38 41 45 0.0 0.0 0.0 10279.0 14.0 395.0 185.0
38 41 46 0.0 0.0 0.0 96.0 0.0 3.0 0.0
38 42 34 0.0 0.0 0.0 45.0 0.0 1.0 0.0
38 42 35 0.0 0.0 0.0 6270.0 2.0 215.0 64.0
38 42 36 0.0 0.0 0.0 44183.0 124.0 1293.0 10309.0
38 42 37 0.0 0.0 0.0 43120.0 191.0 990.0 53976.0
38 42 38 0.0 0.0 0.0 26614.0 228.0 417.0 92994.0
38 42 39 0.0 0.0 0.0 21564.0 207.0 345.0 105092.0
38 42 40 0.0 0.0 0.0 19840.0 231.0 299.0 109699.0
38 42 41 0.0 0.0 0.0 21645.0 205.0 343.0 104667.0
38 42 42 0.0 0.0 0.0 27740.0 207.0 494.0 89786.0
38 42 43 0.0 0.0 0.0 44476.0 202.0 1017.0 50280.0
38 42 44 0.0 0.0 0.0 42785.0 81.0 1247.0 8900.0
38 42 45 0.0 0.0 0.0 5522.0 16.0 190.0 65.0
38 42 46 0.0 0.0 0.0 65.0 0.0 5.0 0.0
38 43 34 0.0 0.0 0.0 14.0 0.0 0.0 0.0
38 43 35 0.0 0.0 0.0 2328.0 4.0 104.0 10.0
38 43 36 0.0 0.0 0.0 28083.0 40.0 964.0 2451.0
38 43 37 0.0 0.0 0.0 49336.0 116.0 1234.0 28633.0
38 43 38 0.0 0.0 0.0 43717.0 157.0 955.0 53704.0
38 43 39 0.0 0.0 0.0 36955.0 196.0 736.0 68250.0
38 43 40 0.0 0.0 0.0 35787.0 239.0 747.0 72038.0
38 43 41 0.0 0.0 0.0 37984.0 211.0 764.0 66742.0
38 43 42 0.0 0.0 0.0 43857.0 226.0 983.0 51633.0
38 43 43 0.0 0.0 0.0 48935.0 121.0 1251.0 24784.0
38 43 44 0.0 0.0 0.0 25320.0 56.0 923.0 1955.0
38 43 45 0.0 0.0 0.0 2204.0 2.0 88.0 11.0
38 43 46 0.0 0.0 0.0 11.0 0.0 1.0 0.0
38 44 35 0.0 0.0 0.0 448.0 1.0 12.0 0.0
38 44 36 0.0 0.0 0.0 9104.0 3.0 366.0 195.0
38 44 37 0.0 0.0 0.0 27556.0 70.0 948.0 2336.0
38 44 38 0.0 0.0 0.0 43394.0 65.0 1302.0 9237.0
38 44 39 0.0 0.0 0.0 49194.0 113.0 1381.0 17032.0
38 44 40 0.0 0.0 0.0 50448.0 107.0 1311.0 19288.0
38 44 41 0.0 0.0 0.0 48890.0 114.0 1335.0 16064.0
38 44 42 0.0 0.0 0.0 41919.0 92.0 1243.0 8370.0
38 44 43 0.0 0.0 0.0 25559.0 60.0 878.0 1937.0
38 44 44 0.0 0.0 0.0 7275.0 2.0 274.0 106.0
38 44 45 0.0 0.0 0.0 350.0 0.0 12.0 0.0
38 45 35 0.0 0.0 0.0 36.0 0.0 2.0 0.0
38 45 36 0.0 0.0 0.0 436.0 0.0 17.0 1.0
38 45 37 0.0 0.0 0.0 2280.0 5.0 93.0 8.0
38 45 38 0.0 0.0 0.0 6183.0 2.0 241.0 81.0
38 45 39 0.0 0.0 0.0 10328.0 8.0 425.0 234.0
38 45 40 0.0 0.0 0.0 11775.0 21.0 391.0 263.0
38 45 41 0.0 0.0 0.0 9603.0 9.0 333.0 181.0
38 45 42 0.0 0.0 0.0 5696.0 11.0 212.0 59.0
38 45 43 0.0 0.0 0.0 2369.0 0.0 84.0 10.0
38 45 44 0.0 0.0 0.0 391.0 0.0 5.0 0.0
38 45 45 0.0 0.0 0.0 26.0 0.0 3.0 0.0
38 46 37 0.0 0.0 0.0 18.0 0.0 0.0 0.0
38 46 38 0.0 0.0 0.0 55.0 0.0 0.0 0.0
38 46 39 0.0 0.0 0.0 78.0 0.0 3.0 0.0
38 46 40 0.0 0.0 0.0 141.0 0.0 8.0 0.0
38 46 41 0.0 0.0 0.0 116.0 0.0 9.0 0.0
38 46 42 0.0 0.0 0.0 38.0 0.0 1.0 0.0
38 46 43 0.0 0.0 0.0 15.0 0.0 1.0 0.0
39 34 36 0.0 0.0 0.0 5.0 0.0 0.0 0.0
39 34 37 0.0 0.0 0.0 20.0 1.0 0.0 0.0
39 34 38 0.0 0.0 0.0 95.0 0.0 3.0 0.0
39 34 39 0.0 0.0 0.0 262.0 2.0 11.0 0.0
39 34 40 0.0 0.0 0.0 247.0 0.0 10.0 0.0
39 34 41 0.0 0.0 0.0 201.0 0.0 10.0 0.0
39 34 42 0.0 0.0 0.0 116.0 0.0 4.0 0.0
39 34 43 0.0 0.0 0.0 32.0 0.0 2.0 0.0
39 34 44 0.0 0.0 0.0 10.0 0.0 1.0 0.0
39 35 34 0.0 0.0 0.0 1.0 0.0 0.0 0.0
39 35 35 0.0 0.0 0.0 57.0 0.0 1.0 0.0
39 35 36 0.0 0.0 0.0 872.0 0.0 34.0 3.0
39 35 37 0.0 0.0 0.0 4194.0 8.0 168.0 24.0
39 35 38 0.0 0.0 0.0 9843.0 19.0 336.0 180.0
39 35 39 0.0 0.0 0.0 16442.0 29.0 635.0 577.0
39 35 40 0.0 0.0 0.0 19172.0 29.0 613.0 821.0
39 35 41 0.0 0.0 0.0 16185.0 19.0 621.0 572.0
39 35 42 0.0 0.0 0.0 10193.0 21.0 393.0 210.0
39 35 43 0.0 0.0 0.0 4102.0 7.0 141.0 25.0
39 35 44 0.0 0.0 0.0 799.0 0.0 32.0 1.0
39 35 45 0.0 0.0 0.0 41.0 0.0 0.0 0.0
39 36 34 0.0 0.0 0.0 2.0 0.0 0.0 0.0
39 36 35 0.0 0.0 0.0 881.0 3.0 22.0 1.0
39 36 36 0.0 0.0 0.0 12632.0 15.0 495.0 387.0
39 36 37 0.0 0.0 0.0 36312.0 48.0 1164.0 5234.0
39 36 38 0.0 0.0 0.0 49497.0 147.0 1378.0 17444.0
39 36 39 0.0 0.0 0.0 50341.0 289.0 1252.0 27309.0
39 36 40 0.0 0.0 0.0 50522.0 175.0 1249.0 32003.0
39 36 41 0.0 0.0 0.0 50991.0 153.0 1285.0 27866.0
39 36 42 0.0 0.0 0.0 49070.0 125.0 1279.0 16849.0
39 36 43 0.0 0.0 0.0 36307.0 69.0 1201.0 5319.0
39 36 44 0.0 0.0 0.0 12082.0 29.0 447.0 315.0
39 36 45 0.0 0.0 0.0 854.0 1.0 29.0 4.0
39 36 46 0.0 0.0 0.0 6.0 0.0 1.0 0.0
39 37 34 0.0 0.0 0.0 29.0 0.0 1.0 0.0
39 37 35 0.0 0.0 0.0 4212.0 1.0 166.0 26.0
39 37 36 0.0 0.0 0.0 37011.0 140.0 1155.0 5661.0
39 37 37 0.0 0.0 0.0 47382.0 210.0 1170.0 39309.0
39 37 38 0.0 0.0 0.0 37531.0 240.0 738.0 67506.0
39 37 39 0.0 0.0 0.0 30198.0 247.0 511.0 83408.0
39 37 40 0.0 0.0 0.0 28568.0 262.0 510.0 86714.0
39 37 41 0.0 0.0 0.0 30548.0 231.0 563.0 83521.0
39 37 42 0.0 0.0 0.0 37003.0 235.0 736.0 68517.0
39 37 43 0.0 0.0 0.0 47531.0 222.0 1144.0 39601.0
39 37 44 0.0 0.0 0.0 36142.0 86.0 1149.0 5279.0
39 37 45 0.0 0.0 0.0 4194.0 12.0 162.0 30.0
39 37 46 0.0 0.0 0.0 27.0 0.0 1.0 0.0
39 38 34 0.0 0.0 0.0 95.0 0.0 0.0 0.0
39 38 35 0.0 0.0 0.0 10523.0 2.0 404.0 233.0
39 38 36 0.0 0.0 0.0 49409.0 119.0 1323.0 17351.0
39 38 37 0.0 0.0 0.0 36831.0 296.0 746.0 68621.0
39 38 38 0.0 0.0 0.0 21494.0 265.0 342.0 106100.0
39 38 39 0.0 0.0 0.0 15499.0 240.0 233.0 119844.0
39 38 40 0.0 0.0 0.0 14198.0 187.0 201.0 123066.0
39 38 41 0.0 0.0 0.0 15234.0 213.0 202.0 120376.0
39 38 42 0.0 0.0 0.0 20956.0 221.0 296.0 106928.0
39 38 43 0.0 0.0 0.0 37055.0 244.0 767.0 68575.0
39 38 44 0.0 0.0 0.0 49171.0 180.0 1318.0 17337.0
39 38 45 0.0 0.0 0.0 10793.0 21.0 419.0 229.0
39 38 46 0.0 0.0 0.0 110.0 0.0 4.0 0.0
39 39 34 0.0 0.0 0.0 284.0 1.0 9.0 0.0
39 39 35 0.0 0.0 0.0 17184.0 29.0 633.0 706.0
39 39 36 0.0 0.0 0.0 51064.0 170.0 1283.0 28073.0
39 39 37 0.0 0.0 0.0 30070.0 247.0 548.0 83759.0
39 39 38 0.0 0.0 0.0 15275.0 203.0 207.0 120835.0
39 39 39 0.0 0.0 0.0 8635.0 151.0 83.0 143220.0
39 39 40 0.0 0.0 0.0 7632.0 148.0 84.0 145043.0
39 39 41 0.0 0.0 0.0 8786.0 186.0 80.0 141737.0
39 39 42 0.0 0.0 0.0 15562.0 213.0 238.0 119544.0
39 39 43 0.0 0.0 0.0 30640.0 214.0 518.0 83318.0
39 39 44 0.0 0.0 0.0 50598.0 184.0 1243.0 28209.0
39 39 45 0.0 0.0 0.0 16323.0 19.0 550.0 598.0
39 39 46 0.0 0.0 0.0 220.0 0.0 5.0 0.0
39 40 34 0.0 0.0 0.0 233.0 0.0 4.0 0.0
39 40 35 0.0 0.0 0.0 19445.0 26.0 760.0 785.0
39 40 36 0.0 0.0 0.0 50348.0 161.0 1230.0 32579.0
39 40 37 0.0 0.0 0.0 28221.0 219.0 456.0 88114.0
39 40 38 0.0 0.0 0.0 13843.0 223.0 160.0 123926.0
39 40 39 0.0 0.0 0.0 7318.0 172.0 72.0 144592.0
39 40 40 0.0 0.0 0.0 6326.0 153.0 60.0 148310.0
39 40 41 0.0 0.0 0.0 7657.0 138.0 67.0 144477.0
39 40 42 0.0 0.0 0.0 13992.0 195.0 178.0 123446.0
39 40 43 0.0 0.0 0.0 28425.0 255.0 467.0 87488.0
39 40 44 0.0 0.0 0.0 50649.0 168.0 1195.0 31827.0
39 40 45 0.0 0.0 0.0 19488.0 49.0 727.0 845.0
39 40 46 0.0 0.0 0.0 301.0 0.0 15.0 0.0
39 41 34 0.0 0.0 0.0 235.0 0.0 10.0 0.0
39 41 35 0.0 0.0 0.0 16848.0 33.0 605.0 567.0
39 41 36 0.0 0.0 0.0 51079.0 125.0 1288.0 28433.0
39 41 37 0.0 0.0 0.0 29897.0 240.0 550.0 83769.0
39 41 38 0.0 0.0 0.0 15368.0 214.0 227.0 120632.0
39 41 39 0.0 0.0 0.0 8651.0 145.0 84.0 143206.0
39 41 40 0.0 0.0 0.0 7708.0 135.0 83.0 144567.0
39 41 41 0.0 0.0 0.0 8883.0 186.0 107.0 142148.0
39 41 42 0.0 0.0 0.0 15884.0 203.0 207.0 119245.0
39 41 43 0.0 0.0 0.0 30360.0 182.0 554.0 83429.0
39 41 44 0.0 0.0 0.0 50731.0 214.0 1277.0 27278.0
39 41 45 0.0 0.0 0.0 16157.0 37.0 561.0 581.0
39 41 46 0.0 0.0 0.0 218.0 0.0 9.0 1.0
39 42 34 0.0 0.0 0.0 77.0 0.0 2.0 0.0
39 42 35 0.0 0.0 0.0 10177.0 18.0 389.0 208.0
39 42 36 0.0 0.0 0.0 49540.0 166.0 1364.0 17598.0
39 42 37 0.0 0.0 0.0 36256.0 228.0 708.0 69363.0
39 42 38 0.0 0.0 0.0 20853.0 216.0 324.0 107647.0
39 42 39 0.0 0.0 0.0 15472.0 250.0 250.0 120094.0
39 42 40 0.0 0.0 0.0 14092.0 203.0 164.0 123325.0
39 42 41 0.0 0.0 0.0 15679.0 188.0 238.0 119572.0
39 42 42 0.0 0.0 0.0 21420.0 201.0 326.0 106159.0
39 42 43 0.0 0.0 0.0 37674.0 224.0 730.0 67191.0
39 42 44 0.0 0.0 0.0 49158.0 91.0 1333.0 16453.0
39 42 45 0.0 0.0 0.0 9950.0 22.0 361.0 211.0
39 42 46 0.0 0.0 0.0 99.0 1.0 3.0 0.0
39 43 34 0.0 0.0 0.0 31.0 0.0 0.0 0.0
39 43 35 0.0 0.0 0.0 4357.0 3.0 171.0 24.0
39 43 36 0.0 0.0 0.0 37563.0 79.0 1195.0 5814.0
39 43 37 0.0 0.0 0.0 46522.0 179.0 1121.0 42043.0
39 43 38 0.0 0.0 0.0 36625.0 216.0 721.0 68688.0
39 43 39 0.0 0.0 0.0 30515.0 220.0 590.0 83109.0
39 43 40 0.0 0.0 0.0 28262.0 224.0 523.0 86703.0
39 43 41 0.0 0.0 0.0 30308.0 254.0 564.0 82649.0
39 43 42 0.0 0.0 0.0 37351.0 225.0 753.0 67960.0
39 43 43 0.0 0.0 0.0 47382.0 158.0 1181.0 39852.0
39 43 44 0.0 0.0 0.0 34959.0 96.0 1134.0 4744.0
39 43 45 0.0 0.0 0.0 3650.0 6.0 126.0 17.0
39 43 46 0.0 0.0 0.0 39.0 0.0 1.0 0.0
39 44 34 0.0 0.0 0.0 5.0 0.0 0.0 0.0
39 44 35 0.0 0.0 0.0 894.0 0.0 25.0 0.0
39 44 36 0.0 0.0 0.0 13962.0 43.0 514.0 468.0
39 44 37 0.0 0.0 0.0 36567.0 76.0 1198.0 5326.0
39 44 38 0.0 0.0 0.0 49425.0 141.0 1330.0 17818.0
39 44 39 0.0 0.0 0.0 51099.0 120.0 1306.0 27335.0
39 44 40 0.0 0.0 0.0 50492.0 152.0 1249.0 31464.0
39 44 41 0.0 0.0 0.0 50753.0 212.0 1264.0 26704.0
39 44 42 0.0 0.0 0.0 49255.0 124.0 1356.0 16876.0
39 44 43 0.0 0.0 0.0 34869.0 46.0 1158.0 4617.0
39 44 44 0.0 0.0 0.0 12108.0 21.0 470.0 315.0
39 44 45 0.0 0.0 0.0 793.0 0.0 38.0 1.0
39 44 46 0.0 0.0 0.0 3.0 0.0 0.0 0.0
39 45 35 0.0 0.0 0.0 60.0 0.0 2.0 0.0
39 45 36 0.0 0.0 0.0 853.0 0.0 24.0 1.0
39 45 37 0.0 0.0 0.0 4387.0 7.0 147.0 32.0
39 45 38 0.0 0.0 0.0 9961.0 2.0 358.0 177.0
39 45 39 0.0 0.0 0.0 16504.0 10.0 605.0 635.0
39 45 40 0.0 0.0 0.0 18307.0 13.0 635.0 792.0
39 45 41 0.0 0.0 0.0 15948.0 45.0 590.0 574.0
39 45 42 0.0 0.0 0.0 9773.0 27.0 328.0 190.0
39 45 43 0.0 0.0 0.0 4041.0 5.0 155.0 28.0
39 45 44 0.0 0.0 0.0 731.0 1.0 24.0 1.0
39 45 45 0.0 0.0 0.0 41.0 0.0 0.0 0.0
39 46 35 0.0 0.0 0.0 1.0 0.0 0.0 0.0
39 46 36 0.0 0.0 0.0 7.0 0.0 0.0 0.0
39 46 37 0.0 0.0 0.0 32.0 0.0 0.0 0.0
39 46 38 0.0 0.0 0.0 102.0 0.0 3.0 0.0
39 46 39 0.0 0.0 0.0 253.0 1.0 13.0 0.0
39 46 40 0.0 0.0 0.0 227.0 0.0 7.0 0.0
39 46 41 0.0 0.0 0.0 209.0 0.0 9.0 0.0
39 46 42 0.0 0.0 0.0 123.0 0.0 5.0 0.0
39 46 43 0.0 0.0 0.0 22.0 0.0 2.0 0.0
39 46 44 0.0 0.0 0.0 4.0 0.0 0.0 0.0
40 34 36 0.0 0.0 0.0 2.0 0.0 0.0 0.0
40 34 37 0.0 0.0 0.0 29.0 0.0 1.0 0.0
40 34 38 0.0 0.0 0.0 137.0 0.0 3.0 0.0
40 34 39 0.0 0.0 0.0 292.0 0.0 9.0 0.0
40 34 40 0.0 0.0 0.0 332.0 0.0 10.0 0.0
40 34 41 0.0 0.0 0.0 265.0 0.0 16.0 0.0
40 34 42 0.0 0.0 0.0 148.0 0.0 7.0 0.0
40 34 43 0.0 0.0 0.0 48.0 0.0 3.0 0.0
40 34 44 0.0 0.0 0.0 2.0 0.0 0.0 0.0
40 35 34 0.0 0.0 0.0 1.0 0.0 0.0 0.0
40 35 35 0.0 0.0 0.0 56.0 0.0 1.0 0.0
40 35 36 0.0 0.0 0.0 1094.0 3.0 52.0 5.0
40 35 37 0.0 0.0 0.0 4838.0 12.0 186.0 40.0
40 35 38 0.0 0.0 0.0 11904.0 17.0 452.0 304.0
40 35 39 0.0 0.0 0.0 19322.0 25.0 705.0 845.0
40 35 40 0.0 0.0 0.0 21830.0 31.0 741.0 1157.0
40 35 41 0.0 0.0 0.0 19208.0 43.0 740.0 798.0
40 35 42 0.0 0.0 0.0 12140.0 18.0 452.0 303.0
40 35 43 0.0 0.0 0.0 4942.0 11.0 178.0 44.0
40 35 44 0.0 0.0 0.0 1032.0 0.0 28.0 4.0
40 35 45 0.0 0.0 0.0 60.0 0.0 1.0 0.0
40 36 34 0.0 0.0 0.0 6.0 0.0 0.0 0.0
40 36 35 0.0 0.0 0.0 1138.0 3.0 36.0 0.0
40 36 36 0.0 0.0 0.0 14927.0 33.0 582.0 536.0
40 36 37 0.0 0.0 0.0 38784.0 104.0 1190.0 6553.0
40 36 38 0.0 0.0 0.0 50498.0 185.0 1271.0 20232.0
40 36 39 0.0 0.0 0.0 50556.0 228.0 1242.0 32243.0
40 36 40 0.0 0.0 0.0 49496.0 123.0 1223.0 36367.0
40 36 41 0.0 0.0 0.0 50585.0 172.0 1290.0 32728.0
40 36 42 0.0 0.0 0.0 50390.0 134.0 1351.0 21225.0
40 36 43 0.0 0.0 0.0 39680.0 74.0 1199.0 6944.0
40 36 44 0.0 0.0 0.0 15636.0 45.0 572.0 621.0
40 36 45 0.0 0.0 0.0 1138.0 1.0 51.0 3.0
40 36 46 0.0 0.0 0.0 8.0 0.0 0.0 0.0
40 37 34 0.0 0.0 0.0 43.0 0.0 1.0 0.0
40 37 35 0.0 0.0 0.0 4940.0 5.0 194.0 36.0
40 37 36 0.0 0.0 0.0 38417.0 105.0 1227.0 6432.0
40 37 37 0.0 0.0 0.0 46076.0 231.0 1092.0 43928.0
40 37 38 0.0 0.0 0.0 34597.0 274.0 668.0 73613.0
40 37 39 0.0 0.0 0.0 28211.0 318.0 497.0 87671.0
40 37 40 0.0 0.0 0.0 26539.0 243.0 448.0 91267.0
40 37 41 0.0 0.0 0.0 27937.0 243.0 491.0 87824.0
40 37 42 0.0 0.0 0.0 34760.0 200.0 673.0 74111.0
40 37 43 0.0 0.0 0.0 45494.0 226.0 1089.0 45496.0
40 37 44 0.0 0.0 0.0 40268.0 104.0 1272.0 7204.0
40 37 45 0.0 0.0 0.0 5098.0 11.0 192.0 46.0
40 37 46 0.0 0.0 0.0 38.0 0.0 1.0 0.0
40 38 34 0.0 0.0 0.0 131.0 0.0 3.0 0.0
40 38 35 0.0 0.0 0.0 12711.0 19.0 472.0 345.0
40 38 36 0.0 0.0 0.0 50303.0 143.0 1359.0 20728.0
40 38 37 0.0 0.0 0.0 34785.0 237.0 659.0 73139.0
40 38 38 0.0 0.0 0.0 19633.0 286.0 282.0 110529.0
40 38 39 0.0 0.0 0.0 13685.0 220.0 183.0 124689.0
40 38 40 0.0 0.0 0.0 12489.0 204.0 145.0 126853.0
40 38 41 0.0 0.0 0.0 13830.0 228.0 180.0 123558.0
40 38 42 0.0 0.0 0.0 19289.0 231.0 285.0 111757.0
40 38 43 0.0 0.0 0.0 34983.0 243.0 632.0 73769.0
40 38 44 0.0 0.0 0.0 50299.0 108.0 1381.0 20691.0
40 38 45 0.0 0.0 0.0 12507.0 12.0 455.0 346.0
40 38 46 0.0 0.0 0.0 143.0 0.0 7.0 0.0
40 39 34 0.0 0.0 0.0 285.0 0.0 9.0 0.0
40 39 35 0.0 0.0 0.0 19029.0 46.0 692.0 838.0
40 39 36 0.0 0.0 0.0 50434.0 166.0 1170.0 32354.0
40 39 37 0.0 0.0 0.0 28232.0 275.0 489.0 87833.0
40 39 38 0.0 0.0 0.0 13860.0 199.0 175.0 123586.0
40 39 39 0.0 0.0 0.0 7505.0 160.0 84.0 145464.0
40 39 40 0.0 0.0 0.0 6300.0 162.0 66.0 148274.0
40 39 41 0.0 0.0 0.0 7423.0 160.0 71.0 146347.0
40 39 42 0.0 0.0 0.0 13896.0 201.0 169.0 124098.0
40 39 43 0.0 0.0 0.0 28150.0 262.0 493.0 87483.0
40 39 44 0.0 0.0 0.0 50512.0 156.0 1224.0 31629.0
40 39 45 0.0 0.0 0.0 19448.0 46.0 717.0 853.0
40 39 46 0.0 0.0 0.0 283.0 0.0 7.0 0.0
40 40 34 0.0 0.0 0.0 316.0 0.0 8.0 0.0
40 40 35 0.0 0.0 0.0 22400.0 26.0 853.0 1193.0
40 40 36 0.0 0.0 0.0 49707.0 173.0 1145.0 36242.0
40 40 37 0.0 0.0 0.0 26336.0 239.0 467.0 91828.0
40 40 38 0.0 0.0 0.0 12597.0 208.0 171.0 127486.0
40 40 39 0.0 0.0 0.0 6268.0 143.0 65.0 148030.0
40 40 40 0.0 0.0 0.0 4238.0 114.0 36.0 166035.0
40 40 41 0.0 0.0 0.0 6180.0 123.0 48.0 149273.0
40 40 42 0.0 0.0 0.0 12442.0 221.0 170.0 127306.0
40 40 43 0.0 0.0 0.0 26461.0 246.0 438.0 91877.0
40 40 44 0.0 0.0 0.0 49389.0 168.0 1246.0 36155.0
40 40 45 0.0 0.0 0.0 21674.0 31.0 758.0 1164.0
40 40 46 0.0 0.0 0.0 340.0 0.0 10.0 0.0
40 41 34 0.0 0.0 0.0 323.0 1.0 16.0 0.0
40 41 35 0.0 0.0 0.0 19100.0 45.0 712.0 822.0
40 41 36 0.0 0.0 0.0 50570.0 188.0 1265.0 31690.0
40 41 37 0.0 0.0 0.0 28144.0 237.0 496.0 87668.0
40 41 38 0.0 0.0 0.0 13673.0 204.0 183.0 123977.0
40 41 39 0.0 0.0 0.0 7477.0 140.0 78.0 146138.0
40 41 40 0.0 0.0 0.0 6368.0 134.0 66.0 148855.0
40 41 41 0.0 0.0 0.0 7648.0 165.0 95.0 145440.0
40 41 42 0.0 0.0 0.0 14080.0 243.0 195.0 123424.0
40 41 43 0.0 0.0 0.0 28664.0 232.0 546.0 86904.0
40 41 44 0.0 0.0 0.0 50182.0 223.0 1239.0 31445.0
40 41 45 0.0 0.0 0.0 18712.0 16.0 729.0 823.0
40 41 46 0.0 0.0 0.0 276.0 0.0 4.0 0.0
40 42 34 0.0 0.0 0.0 145.0 0.0 7.0 0.0
40 42 35 0.0 0.0 0.0 12499.0 22.0 502.0 338.0
40 42 36 0.0 0.0 0.0 50528.0 221.0 1328.0 20925.0
40 42 37 0.0 0.0 0.0 34463.0 236.0 717.0 74577.0
40 42 38 0.0 0.0 0.0 19120.0 236.0 300.0 111457.0
40 42 39 0.0 0.0 0.0 13982.0 225.0 187.0 123495.0
40 42 40 0.0 0.0 0.0 12449.0 167.0 163.0 126648.0
40 42 41 0.0 0.0 0.0 14148.0 216.0 202.0 122781.0
40 42 42 0.0 0.0 0.0 19770.0 219.0 292.0 110463.0
40 42 43 0.0 0.0 0.0 35227.0 176.0 662.0 72476.0
40 42 44 0.0 0.0 0.0 50281.0 119.0 1430.0 19699.0
40 42 45 0.0 0.0 0.0 11873.0 16.0 455.0 300.0
40 42 46 0.0 0.0 0.0 141.0 0.0 8.0 0.0
40 43 34 0.0 0.0 0.0 30.0 0.0 1.0 0.0
40 43 35 0.0 0.0 0.0 5323.0 9.0 180.0 38.0
40 43 36 0.0 0.0 0.0 40365.0 93.0 1224.0 7428.0
40 43 37 0.0 0.0 0.0 46180.0 155.0 1043.0 44127.0
40 43 38 0.0 0.0 0.0 34695.0 230.0 703.0 73746.0
40 43 39 0.0 0.0 0.0 28235.0 232.0 537.0 87168.0
40 43 40 0.0 0.0 0.0 26493.0 223.0 429.0 91450.0
40 43 41 0.0 0.0 0.0 28748.0 203.0 539.0 87056.0
40 43 42 0.0 0.0 0.0 35426.0 193.0 698.0 71974.0
40 43 43 0.0 0.0 0.0 46212.0 173.0 1091.0 43268.0
40 43 44 0.0 0.0 0.0 38431.0 79.0 1258.0 6270.0
40 43 45 0.0 0.0 0.0 4718.0 10.0 184.0 58.0
40 43 46 0.0 0.0 0.0 28.0 0.0 0.0 0.0
40 44 34 0.0 0.0 0.0 5.0 0.0 0.0 0.0
40 44 35 0.0 0.0 0.0 1187.0 0.0 53.0 1.0
40 44 36 0.0 0.0 0.0 15347.0 16.0 528.0 587.0
40 44 37 0.0 0.0 0.0 40061.0 126.0 1250.0 7303.0
40 44 38 0.0 0.0 0.0 50399.0 113.0 1374.0 20394.0
40 44 39 0.0 0.0 0.0 50104.0 191.0 1169.0 31830.0
40 44 40 0.0 0.0 0.0 50214.0 168.0 1214.0 35895.0
40 44 41 0.0 0.0 0.0 50381.0 166.0 1254.0 31221.0
40 44 42 0.0 0.0 0.0 50019.0 177.0 1371.0 20318.0
40 44 43 0.0 0.0 0.0 38402.0 82.0 1228.0 6505.0
40 44 44 0.0 0.0 0.0 13723.0 23.0 493.0 477.0
40 44 45 0.0 0.0 0.0 1020.0 1.0 33.0 1.0
40 44 46 0.0 0.0 0.0 5.0 0.0 0.0 0.0
40 45 35 0.0 0.0 0.0 65.0 0.0 1.0 0.0
40 45 36 0.0 0.0 0.0 1103.0 0.0 41.0 2.0
40 45 37 0.0 0.0 0.0 5199.0 12.0 180.0 50.0
40 45 38 0.0 0.0 0.0 11801.0 35.0 419.0 268.0
40 45 39 0.0 0.0 0.0 18831.0 16.0 698.0 796.0
40 45 40 0.0 0.0 0.0 21561.0 32.0 754.0 1068.0
40 45 41 0.0 0.0 0.0 18357.0 27.0 634.0 734.0
40 45 42 0.0 0.0 0.0 12143.0 11.0 441.0 290.0
40 45 43 0.0 0.0 0.0 4647.0 13.0 194.0 45.0
40 45 44 0.0 0.0 0.0 963.0 1.0 37.0 2.0
40 45 45 0.0 0.0 0.0 48.0 0.0 0.0 0.0
40 45 46 0.0 0.0 0.0 1.0 0.0 0.0 0.0
40 46 36 0.0 0.0 0.0 7.0 0.0 1.0 0.0
40 46 37 0.0 0.0 0.0 44.0 0.0 3.0 0.0
40 46 38 0.0 0.0 0.0 160.0 0.0 3.0 0.0
40 46 39 0.0 0.0 0.0 254.0 2.0 11.0 0.0
40 46 40 0.0 0.0 0.0 298.0 1.0 11.0 0.0
40 46 41 0.0 0.0 0.0 273.0 0.0 20.0 0.0
40 46 42 0.0 0.0 0.0 136.0 0.0 7.0 0.0
40 46 43 0.0 0.0 0.0 26.0 0.0 1.0 0.0
40 46 44 0.0 0.0 0.0 1.0 0.0 0.0 0.0
41 34 36 0.0 0.0 0.0 4.0 0.0 0.0 0.0
41 34 37 0.0 0.0 0.0 29.0 0.0 2.0 0.0
41 34 38 0.0 0.0 0.0 126.0 0.0 2.0 0.0
41 34 39 0.0 0.0 0.0 200.0 2.0 10.0 0.0
41 34 40 0.0 0.0 0.0 294.0 2.0 12.0 1.0
41 34 41 0.0 0.0 0.0 186.0 2.0 10.0 0.0
41 34 42 0.0 0.0 0.0 105.0 0.0 4.0 0.0
41 34 43 0.0 0.0 0.0 38.0 0.0 2.0 0.0
41 34 44 0.0 0.0 0.0 1.0 0.0 0.0 0.0
41 35 35 0.0 0.0 0.0 35.0 0.0 0.0 0.0
41 35 36 0.0 0.0 0.0 822.0 5.0 27.0 1.0
41 35 37 0.0 0.0 0.0 3894.0 11.0 151.0 23.0
41 35 38 0.0 0.0 0.0 10280.0 9.0 389.0 189.0
41 35 39 0.0 0.0 0.0 16564.0 16.0 609.0 592.0
41 35 40 0.0 0.0 0.0 19692.0 34.0 717.0 928.0
41 35 41 0.0 0.0 0.0 17363.0 32.0 642.0 664.0
41 35 42 0.0 0.0 0.0 10615.0 13.0 415.0 221.0
41 35 43 0.0 0.0 0.0 4337.0 11.0 177.0 32.0
41 35 44 0.0 0.0 0.0 860.0 1.0 33.0 2.0
41 35 45 0.0 0.0 0.0 90.0 0.0 3.0 0.0
41 35 46 0.0 0.0 0.0 1.0 0.0 0.0 0.0
41 36 34 0.0 0.0 0.0 1.0 0.0 0.0 0.0
41 36 35 0.0 0.0 0.0 710.0 0.0 26.0 1.0
41 36 36 0.0 0.0 0.0 12313.0 34.0 436.0 391.0
41 36 37 0.0 0.0 0.0 35576.0 91.0 1159.0 4872.0
41 36 38 0.0 0.0 0.0 49002.0 170.0 1417.0 16954.0
41 36 39 0.0 0.0 0.0 51092.0 185.0 1312.0 27913.0
41 36 40 0.0 0.0 0.0 49756.0 245.0 1201.0 32763.0
41 36 41 0.0 0.0 0.0 51015.0 147.0 1352.0 28515.0
41 36 42 0.0 0.0 0.0 49691.0 124.0 1371.0 17899.0
41 36 43 0.0 0.0 0.0 36607.0 86.0 1199.0 5298.0
41 36 44 0.0 0.0 0.0 13520.0 15.0 520.0 467.0
41 36 45 0.0 0.0 0.0 995.0 2.0 41.0 1.0
41 36 46 0.0 0.0 0.0 6.0 0.0 0.0 0.0
41 37 34 0.0 0.0 0.0 15.0 0.0 1.0 0.0
41 37 35 0.0 0.0 0.0 4336.0 5.0 167.0 36.0
41 37 36 0.0 0.0 0.0 35960.0 68.0 1165.0 5204.0
41 37 37 0.0 0.0 0.0 47459.0 222.0 1122.0 39077.0
41 37 38 0.0 0.0 0.0 36750.0 279.0 734.0 68640.0
41 37 39 0.0 0.0 0.0 30256.0 271.0 548.0 83529.0
41 37 40 0.0 0.0 0.0 28205.0 254.0 494.0 88309.0
41 37 41 0.0 0.0 0.0 30105.0 265.0 567.0 83698.0
41 37 42 0.0 0.0 0.0 36707.0 268.0 712.0 69453.0
41 37 43 0.0 0.0 0.0 46839.0 154.0 994.0 41383.0
41 37 44 0.0 0.0 0.0 37277.0 93.0 1132.0 5690.0
41 37 45 0.0 0.0 0.0 4390.0 6.0 165.0 33.0
41 37 46 0.0 0.0 0.0 36.0 0.0 0.0 0.0
41 38 34 0.0 0.0 0.0 108.0 0.0 5.0 0.0
41 38 35 0.0 0.0 0.0 10500.0 20.0 382.0 228.0
41 38 36 0.0 0.0 0.0 49486.0 137.0 1319.0 17861.0
41 38 37 0.0 0.0 0.0 36939.0 277.0 723.0 68709.0
41 38 38 0.0 0.0 0.0 21382.0 230.0 323.0 106412.0
41 38 39 0.0 0.0 0.0 15503.0 242.0 216.0 119331.0
41 38 40 0.0 0.0 0.0 13782.0 256.0 194.0 124391.0
41 38 41 0.0 0.0 0.0 15165.0 186.0 196.0 120431.0
41 38 42 0.0 0.0 0.0 20458.0 206.0 320.0 107985.0
41 38 43 0.0 0.0 0.0 36538.0 217.0 737.0 69584.0
41 38 44 0.0 0.0 0.0 49622.0 106.0 1307.0 17704.0
41 38 45 0.0 0.0 0.0 10887.0 14.0 410.0 245.0
41 38 46 0.0 0.0 0.0 113.0 0.0 3.0 0.0
41 39 33 0.0 0.0 0.0 1.0 0.0 0.0 0.0
41 39 34 0.0 0.0 0.0 245.0 2.0 10.0 0.0
41 39 35 0.0 0.0 0.0 16917.0 38.0 601.0 632.0
41 39 36 0.0 0.0 0.0 50859.0 185.0 1246.0 28390.0
41 39 37 0.0 0.0 0.0 30277.0 252.0 513.0 84110.0
41 39 38 0.0 0.0 0.0 15291.0 220.0 234.0 120569.0
41 39 39 0.0 0.0 0.0 9032.0 212.0 115.0 142609.0
41 39 40 0.0 0.0 0.0 7439.0 199.0 78.0 145992.0
41 39 41 0.0 0.0 0.0 8477.0 167.0 93.0 143665.0
41 39 42 0.0 0.0 0.0 15465.0 202.0 198.0 121865.0
41 39 43 0.0 0.0 0.0 29893.0 224.0 505.0 83706.0
41 39 44 0.0 0.0 0.0 50565.0 155.0 1272.0 28952.0
41 39 45 0.0 0.0 0.0 16562.0 27.0 661.0 601.0
41 39 46 0.0 0.0 0.0 259.0 1.0 11.0 0.0
41 40 34 0.0 0.0 0.0 311.0 0.0 9.0 0.0
41 40 35 0.0 0.0 0.0 19062.0 22.0 681.0 807.0
41 40 36 0.0 0.0 0.0 49922.0 208.0 1209.0 32581.0
41 40 37 0.0 0.0 0.0 28308.0 234.0 525.0 87418.0
41 40 38 0.0 0.0 0.0 13917.0 188.0 195.0 123760.0
41 40 39 0.0 0.0 0.0 7587.0 139.0 83.0 145821.0
41 40 40 0.0 0.0 0.0 6376.0 147.0 63.0 147791.0
41 40 41 0.0 0.0 0.0 7473.0 156.0 70.0 145737.0
41 40 42 0.0 0.0 0.0 13878.0 216.0 181.0 124076.0
41 40 43 0.0 0.0 0.0 27950.0 228.0 489.0 88516.0
41 40 44 0.0 0.0 0.0 50288.0 122.0 1213.0 32891.0
41 40 45 0.0 0.0 0.0 19310.0 24.0 709.0 888.0
41 40 46 0.0 0.0 0.0 321.0 1.0 16.0 0.0
41 41 34 0.0 0.0 0.0 245.0 0.0 7.0 0.0
41 41 35 0.0 0.0 0.0 16673.0 49.0 584.0 637.0
41 41 36 0.0 0.0 0.0 50522.0 200.0 1235.0 28170.0
41 41 37 0.0 0.0 0.0 29920.0 194.0 528.0 84426.0
41 41 38 0.0 0.0 0.0 15478.0 194.0 218.0 120798.0
41 41 39 0.0 0.0 0.0 8707.0 149.0 91.0 142950.0
41 41 40 0.0 0.0 0.0 7684.0 163.0 71.0 144904.0
41 41 41 0.0 0.0 0.0 8931.0 164.0 91.0 142004.0
41 41 42 0.0 0.0 0.0 15453.0 245.0 181.0 120631.0
41 41 43 0.0 0.0 0.0 30338.0 238.0 559.0 83047.0
41 41 44 0.0 0.0 0.0 50585.0 158.0 1246.0 28173.0
41 41 45 0.0 0.0 0.0 16912.0 34.0 650.0 654.0
41 41 46 0.0 0.0 0.0 222.0 0.0 5.0 0.0
41 42 34 0.0 0.0 0.0 78.0 0.0 1.0 0.0
41 42 35 0.0 0.0 0.0 10422.0 18.0 383.0 207.0
41 42 36 0.0 0.0 0.0 49626.0 136.0 1386.0 16739.0
41 42 37 0.0 0.0 0.0 37100.0 230.0 739.0 68493.0
41 42 38 0.0 0.0 0.0 21116.0 222.0 336.0 106181.0
41 42 39 0.0 0.0 0.0 15180.0 177.0 190.0 120430.0
41 42 40 0.0 0.0 0.0 14010.0 208.0 171.0 124402.0
41 42 41 0.0 0.0 0.0 15711.0 196.0 199.0 119367.0
41 42 42 0.0 0.0 0.0 21930.0 249.0 361.0 104709.0
41 42 43 0.0 0.0 0.0 37317.0 251.0 736.0 67436.0
41 42 44 0.0 0.0 0.0 49131.0 98.0 1316.0 16573.0
41 42 45 0.0 0.0 0.0 10307.0 28.0 348.0 198.0
41 42 46 0.0 0.0 0.0 74.0 0.0 3.0 0.0
41 43 34 0.0 0.0 0.0 23.0 0.0 1.0 0.0
41 43 35 0.0 0.0 0.0 4253.0 3.0 154.0 30.0
41 43 36 0.0 0.0 0.0 37299.0 60.0 1181.0 5789.0
41 43 37 0.0 0.0 0.0 47091.0 174.0 1046.0 40544.0
41 43 38 0.0 0.0 0.0 36803.0 163.0 674.0 68745.0
41 43 39 0.0 0.0 0.0 29948.0 242.0 567.0 83494.0
41 43 40 0.0 0.0 0.0 28270.0 202.0 498.0 87616.0
41 43 41 0.0 0.0 0.0 30263.0 193.0 531.0 83117.0
41 43 42 0.0 0.0 0.0 37331.0 241.0 748.0 67698.0
41 43 43 0.0 0.0 0.0 48351.0 244.0 1134.0 36733.0
41 43 44 0.0 0.0 0.0 35935.0 65.0 1113.0 4830.0
41 43 45 0.0 0.0 0.0 4032.0 2.0 146.0 23.0
41 43 46 0.0 0.0 0.0 25.0 0.0 2.0 0.0
41 44 34 0.0 0.0 0.0 3.0 0.0 0.0 0.0
41 44 35 0.0 0.0 0.0 993.0 0.0 39.0 1.0
41 44 36 0.0 0.0 0.0 12287.0 43.0 456.0 406.0
41 44 37 0.0 0.0 0.0 36478.0 62.0 1255.0 5231.0
41 44 38 0.0 0.0 0.0 49742.0 128.0 1352.0 17676.0
41 44 39 0.0 0.0 0.0 50851.0 166.0 1285.0 28478.0
41 44 40 0.0 0.0 0.0 49975.0 171.0 1214.0 32092.0
41 44 41 0.0 0.0 0.0 50724.0 144.0 1262.0 27345.0
41 44 42 0.0 0.0 0.0 48941.0 103.0 1333.0 16376.0
41 44 43 0.0 0.0 0.0 34887.0 76.0 1147.0 4663.0
41 44 44 0.0 0.0 0.0 11728.0 11.0 478.0 313.0
41 44 45 0.0 0.0 0.0 838.0 1.0 23.0 2.0
41 44 46 0.0 0.0 0.0 1.0 0.0 0.0 0.0
41 45 35 0.0 0.0 0.0 35.0 0.0 1.0 0.0
41 45 36 0.0 0.0 0.0 836.0 0.0 27.0 1.0
41 45 37 0.0 0.0 0.0 3964.0 5.0 152.0 36.0
41 45 38 0.0 0.0 0.0 9599.0 10.0 362.0 179.0
41 45 39 0.0 0.0 0.0 16620.0 18.0 589.0 626.0
41 45 40 0.0 0.0 0.0 18755.0 20.0 650.0 809.0
41 45 41 0.0 0.0 0.0 16405.0 28.0 584.0 575.0
41 45 42 0.0 0.0 0.0 9924.0 4.0 369.0 204.0
41 45 43 0.0 0.0 0.0 4152.0 9.0 179.0 33.0
41 45 44 0.0 0.0 0.0 809.0 3.0 29.0 0.0
41 45 45 0.0 0.0 0.0 39.0 0.0 1.0 0.0
41 45 46 0.0 0.0 0.0 1.0 0.0 0.0 0.0
41 46 36 0.0 0.0 0.0 6.0 0.0 0.0 0.0
41 46 37 0.0 0.0 0.0 19.0 0.0 0.0 0.0
41 46 38 0.0 0.0 0.0 83.0 1.0 5.0 0.0
41 46 39 0.0 0.0 0.0 207.0 0.0 8.0 0.0
41 46 40 0.0 0.0 0.0 273.0 0.0 8.0 0.0
41 46 41 0.0 0.0 0.0 186.0 0.0 4.0 0.0
41 46 42 0.0 0.0 0.0 120.0 0.0 5.0 0.0
41 46 43 0.0 0.0 0.0 24.0 0.0 0.0 0.0
41 46 44 0.0 0.0 0.0 9.0 0.0 1.0 0.0
42 34 36 0.0 0.0 0.0 4.0 0.0 0.0 0.0
42 34 37 0.0 0.0 0.0 11.0 0.0 1.0 0.0
42 34 38 0.0 0.0 0.0 53.0 0.0 3.0 0.0
42 34 39 0.0 0.0 0.0 112.0 0.0 3.0 0.0
42 34 40 0.0 0.0 0.0 109.0 0.0 3.0 0.0
42 34 41 0.0 0.0 0.0 144.0 0.0 6.0 0.0
42 34 42 0.0 0.0 0.0 66.0 0.0 4.0 0.0
42 34 43 0.0 0.0 0.0 14.0 0.0 0.0 0.0
42 35 35 0.0 0.0 0.0 39.0 0.0 2.0 0.0
42 35 36 0.0 0.0 0.0 427.0 1.0 17.0 0.0
42 35 37 0.0 0.0 0.0 2397.0 1.0 88.0 4.0
42 35 38 0.0 0.0 0.0 6176.0 11.0 227.0 73.0
42 35 39 0.0 0.0 0.0 10716.0 10.0 406.0 215.0
42 35 40 0.0 0.0 0.0 12580.0 39.0 457.0 321.0
42 35 41 0.0 0.0 0.0 10877.0 22.0 378.0 225.0
42 35 42 0.0 0.0 0.0 6582.0 14.0 258.0 81.0
42 35 43 0.0 0.0 0.0 2346.0 3.0 93.0 6.0
42 35 44 0.0 0.0 0.0 396.0 3.0 10.0 0.0
42 35 45 0.0 0.0 0.0 23.0 0.0 0.0 0.0
42 36 35 0.0 0.0 0.0 384.0 0.0 11.0 0.0
42 36 36 0.0 0.0 0.0 7568.0 9.0 293.0 133.0
42 36 37 0.0 0.0 0.0 26462.0 43.0 919.0 2213.0
42 36 38 0.0 0.0 0.0 43457.0 130.0 1292.0 9216.0
42 36 39 0.0 0.0 0.0 49583.0 161.0 1278.0 17297.0
42 36 40 0.0 0.0 0.0 50106.0 199.0 1340.0 21106.0
42 36 41 0.0 0.0 0.0 49819.0 163.0 1360.0 17432.0
42 36 42 0.0 0.0 0.0 44519.0 101.0 1317.0 10355.0
42 36 43 0.0 0.0 0.0 28527.0 40.0 984.0 2527.0
42 36 44 0.0 0.0 0.0 8358.0 33.0 306.0 158.0
42 36 45 0.0 0.0 0.0 569.0 0.0 22.0 0.0
42 36 46 0.0 0.0 0.0 2.0 0.0 0.0 0.0
42 37 34 0.0 0.0 0.0 8.0 0.0 0.0 0.0
42 37 35 0.0 0.0 0.0 2377.0 0.0 94.0 12.0
42 37 36 0.0 0.0 0.0 26278.0 86.0 883.0 2112.0
42 37 37 0.0 0.0 0.0 48981.0 168.0 1266.0 26779.0
42 37 38 0.0 0.0 0.0 43649.0 250.0 959.0 52308.0
42 37 39 0.0 0.0 0.0 37705.0 304.0 753.0 68125.0
42 37 40 0.0 0.0 0.0 34210.0 327.0 635.0 74109.0
42 37 41 0.0 0.0 0.0 36008.0 251.0 673.0 70457.0
42 37 42 0.0 0.0 0.0 42341.0 196.0 910.0 55061.0
42 37 43 0.0 0.0 0.0 49406.0 170.0 1303.0 27036.0
42 37 44 0.0 0.0 0.0 28253.0 40.0 969.0 2666.0
42 37 45 0.0 0.0 0.0 2673.0 1.0 100.0 14.0
42 37 46 0.0 0.0 0.0 21.0 0.0 0.0 0.0
42 38 34 0.0 0.0 0.0 67.0 0.0 3.0 0.0
42 38 35 0.0 0.0 0.0 6094.0 13.0 237.0 50.0
42 38 36 0.0 0.0 0.0 43475.0 104.0 1341.0 9478.0
42 38 37 0.0 0.0 0.0 43497.0 193.0 946.0 52749.0
42 38 38 0.0 0.0 0.0 26974.0 289.0 459.0 91842.0
42 38 39 0.0 0.0 0.0 21052.0 289.0 309.0 107058.0
42 38 40 0.0 0.0 0.0 19366.0 266.0 303.0 111817.0
42 38 41 0.0 0.0 0.0 20694.0 243.0 317.0 107674.0
42 38 42 0.0 0.0 0.0 26544.0 269.0 481.0 93678.0
42 38 43 0.0 0.0 0.0 42995.0 175.0 941.0 54999.0
42 38 44 0.0 0.0 0.0 44446.0 61.0 1309.0 10402.0
42 38 45 0.0 0.0 0.0 6739.0 3.0 282.0 87.0
42 38 46 0.0 0.0 0.0 81.0 0.0 3.0 0.0
42 39 34 0.0 0.0 0.0 129.0 0.0 5.0 0.0
42 39 35 0.0 0.0 0.0 10200.0 13.0 379.0 187.0
42 39 36 0.0 0.0 0.0 49259.0 127.0 1359.0 17782.0
42 39 37 0.0 0.0 0.0 37265.0 248.0 742.0 67967.0
42 39 38 0.0 0.0 0.0 21513.0 248.0 290.0 105903.0
42 39 39 0.0 0.0 0.0 15634.0 218.0 206.0 120056.0
42 39 40 0.0 0.0 0.0 14150.0 214.0 172.0 122944.0
42 39 41 0.0 0.0 0.0 15616.0 237.0 199.0 120411.0
42 39 42 0.0 0.0 0.0 20929.0 232.0 331.0 107808.0
42 39 43 0.0 0.0 0.0 36977.0 227.0 732.0 69084.0
42 39 44 0.0 0.0 0.0 49761.0 117.0 1328.0 18353.0
42 39 45 0.0 0.0 0.0 10906.0 15.0 369.0 241.0
42 39 46 0.0 0.0 0.0 138.0 0.0 2.0 0.0
42 40 34 0.0 0.0 0.0 149.0 0.0 3.0 0.0
42 40 35 0.0 0.0 0.0 12176.0 23.0 412.0 335.0
42 40 36 0.0 0.0 0.0 49901.0 148.0 1367.0 20015.0
42 40 37 0.0 0.0 0.0 34926.0 211.0 655.0 73431.0
42 40 38 0.0 0.0 0.0 18899.0 199.0 278.0 111449.0
42 40 39 0.0 0.0 0.0 13877.0 217.0 197.0 123921.0
42 40 40 0.0 0.0 0.0 12358.0 221.0 139.0 126691.0
42 40 41 0.0 0.0 0.0 13765.0 236.0 177.0 123492.0
42 40 42 0.0 0.0 0.0 19043.0 224.0 254.0 111356.0
42 40 43 0.0 0.0 0.0 34873.0 223.0 633.0 73471.0
42 40 44 0.0 0.0 0.0 50621.0 116.0 1329.0 20923.0
42 40 45 0.0 0.0 0.0 12596.0 19.0 435.0 350.0
42 40 46 0.0 0.0 0.0 142.0 0.0 3.0 0.0
42 41 34 0.0 0.0 0.0 104.0 0.0 4.0 0.0
42 41 35 0.0 0.0 0.0 10476.0 27.0 387.0 203.0
42 41 36 0.0 0.0 0.0 49154.0 173.0 1384.0 16989.0
42 41 37 0.0 0.0 0.0 37133.0 235.0 714.0 68388.0
42 41 38 0.0 0.0 0.0 21438.0 215.0 339.0 105799.0
42 41 39 0.0 0.0 0.0 15703.0 211.0 199.0 119520.0
42 41 40 0.0 0.0 0.0 13937.0 220.0 180.0 123468.0
42 41 41 0.0 0.0 0.0 15518.0 239.0 214.0 120481.0
42 41 42 0.0 0.0 0.0 21132.0 218.0 334.0 106135.0
42 41 43 0.0 0.0 0.0 36885.0 216.0 759.0 68535.0
42 41 44 0.0 0.0 0.0 49369.0 172.0 1375.0 17709.0
42 41 45 0.0 0.0 0.0 10479.0 3.0 393.0 237.0
42 41 46 0.0 0.0 0.0 105.0 0.0 2.0 0.0
42 42 34 0.0 0.0 0.0 61.0 0.0 4.0 0.0
42 42 35 0.0 0.0 0.0 6100.0 7.0 225.0 63.0
42 42 36 0.0 0.0 0.0 43804.0 75.0 1349.0 9599.0
42 42 37 0.0 0.0 0.0 43786.0 140.0 997.0 52303.0
42 42 38 0.0 0.0 0.0 28274.0 173.0 466.0 89137.0
42 42 39 0.0 0.0 0.0 21021.0 223.0 319.0 106605.0
42 42 40 0.0 0.0 0.0 19425.0 238.0 313.0 110933.0
42 42 41 0.0 0.0 0.0 21125.0 223.0 300.0 106384.0
42 42 42 0.0 0.0 0.0 27891.0 267.0 513.0 89794.0
42 42 43 0.0 0.0 0.0 43627.0 271.0 953.0 51990.0
42 42 44 0.0 0.0 0.0 42982.0 113.0 1259.0 9127.0
42 42 45 0.0 0.0 0.0 6411.0 7.0 233.0 101.0
42 42 46 0.0 0.0 0.0 61.0 0.0 3.0 0.0
42 43 34 0.0 0.0 0.0 12.0 0.0 1.0 0.0
42 43 35 0.0 0.0 0.0 2470.0 1.0 89.0 11.0
42 43 36 0.0 0.0 0.0 26967.0 47.0 934.0 2282.0
42 43 37 0.0 0.0 0.0 49501.0 274.0 1291.0 24897.0
42 43 38 0.0 0.0 0.0 43672.0 156.0 949.0 52681.0
42 43 39 0.0 0.0 0.0 37282.0 204.0 771.0 68401.0
42 43 40 0.0 0.0 0.0 34677.0 242.0 613.0 73536.0
42 43 41 0.0 0.0 0.0 36964.0 214.0 730.0 68370.0
42 43 42 0.0 0.0 0.0 43844.0 223.0 963.0 51653.0
42 43 43 0.0 0.0 0.0 49318.0 184.0 1278.0 24018.0
42 43 44 0.0 0.0 0.0 25178.0 69.0 870.0 1934.0
42 43 45 0.0 0.0 0.0 2304.0 3.0 75.0 14.0
42 43 46 0.0 0.0 0.0 16.0 0.0 0.0 0.0
42 44 34 0.0 0.0 0.0 1.0 0.0 0.0 0.0
42 44 35 0.0 0.0 0.0 409.0 0.0 21.0 1.0
42 44 36 0.0 0.0 0.0 7658.0 14.0 283.0 130.0
42 44 37 0.0 0.0 0.0 26237.0 47.0 936.0 2185.0
42 44 38 0.0 0.0 0.0 43113.0 130.0 1358.0 9046.0
42 44 39 0.0 0.0 0.0 49302.0 110.0 1377.0 17033.0
42 44 40 0.0 0.0 0.0 50792.0 103.0 1395.0 20599.0
42 44 41 0.0 0.0 0.0 49426.0 126.0 1383.0 16384.0
42 44 42 0.0 0.0 0.0 42777.0 79.0 1274.0 8835.0
42 44 43 0.0 0.0 0.0 24839.0 67.0 908.0 1823.0
42 44 44 0.0 0.0 0.0 6982.0 15.0 272.0 119.0
42 44 45 0.0 0.0 0.0 369.0 1.0 11.0 0.0
42 45 35 0.0 0.0 0.0 25.0 0.0 1.0 0.0
42 45 36 0.0 0.0 0.0 435.0 0.0 15.0 1.0
42 45 37 0.0 0.0 0.0 2273.0 7.0 93.0 9.0
42 45 38 0.0 0.0 0.0 6253.0 5.0 257.0 65.0
42 45 39 0.0 0.0 0.0 10441.0 14.0 424.0 214.0
42 45 40 0.0 0.0 0.0 11466.0 10.0 430.0 256.0
42 45 41 0.0 0.0 0.0 10228.0 13.0 373.0 169.0
42 45 42 0.0 0.0 0.0 5725.0 32.0 241.0 71.0
42 45 43 0.0 0.0 0.0 2148.0 2.0 88.0 10.0
42 45 44 0.0 0.0 0.0 359.0 0.0 19.0 0.0
42 45 45 0.0 0.0 0.0 12.0 1.0 2.0 0.0
42 46 37 0.0 0.0 0.0 12.0 0.0 1.0 0.0
42 46 38 0.0 0.0 0.0 48.0 0.0 1.0 0.0
42 46 39 0.0 0.0 0.0 117.0 0.0 4.0 0.0
42 46 40 0.0 0.0 0.0 138.0 0.0 9.0 0.0
42 46 41 0.0 0.0 0.0 99.0 0.0 4.0 0.0
42 46 42 0.0 0.0 0.0 36.0 0.0 3.0 0.0
42 46 43 0.0 0.0 0.0 10.0 0.0 0.0 0.0
42 46 44 0.0 0.0 0.0 2.0 0.0 0.0 0.0
43 34 37 0.0 0.0 0.0 4.0 0.0 0.0 0.0
43 34 38 0.0 0.0 0.0 15.0 0.0 0.0 0.0
43 34 39 0.0 0.0 0.0 26.0 0.0 2.0 0.0
43 34 40 0.0 0.0 0.0 29.0 0.0 0.0 0.0
43 34 41 0.0 0.0 0.0 26.0 0.0 2.0 0.0
43 34 42 0.0 0.0 0.0 10.0 0.0 0.0 0.0
43 34 43 0.0 0.0 0.0 5.0 0.0 0.0 0.0
43 35 35 0.0 0.0 0.0 2.0 0.0 0.0 0.0
43 35 36 0.0 0.0 0.0 133.0 0.0 4.0 0.0
43 35 37 0.0 0.0 0.0 874.0 3.0 42.0 0.0
43 35 38 0.0 0.0 0.0 2185.0 4.0 86.0 3.0
43 35 39 0.0 0.0 0.0 4259.0 9.0 148.0 29.0
43 35 40 0.0 0.0 0.0 5243.0 6.0 183.0 42.0
43 35 41 0.0 0.0 0.0 4344.0 4.0 170.0 31.0
43 35 42 0.0 0.0 0.0 2409.0 10.0 97.0 6.0
43 35 43 0.0 0.0 0.0 840.0 2.0 35.0 1.0
43 35 44 0.0 0.0 0.0 149.0 0.0 7.0 0.0
43 35 45 0.0 0.0 0.0 8.0 0.0 0.0 0.0
43 36 35 0.0 0.0 0.0 116.0 0.0 6.0 0.0
43 36 36 0.0 0.0 0.0 2834.0 2.0 93.0 12.0
43 36 37 0.0 0.0 0.0 12747.0 18.0 533.0 418.0
43 36 38 0.0 0.0 0.0 26038.0 67.0 897.0 2149.0
43 36 39 0.0 0.0 0.0 35821.0 130.0 1243.0 4872.0
43 36 40 0.0 0.0 0.0 39945.0 224.0 1234.0 7162.0
43 36 41 0.0 0.0 0.0 37000.0 96.0 1232.0 5709.0
43 36 42 0.0 0.0 0.0 27704.0 63.0 962.0 2460.0
43 36 43 0.0 0.0 0.0 13854.0 16.0 505.0 492.0
43 36 44 0.0 0.0 0.0 3076.0 4.0 118.0 12.0
43 36 45 0.0 0.0 0.0 144.0 0.0 12.0 0.0
43 36 46 0.0 0.0 0.0 1.0 0.0 0.0 0.0
43 37 34 0.0 0.0 0.0 1.0 0.0 0.0 0.0
43 37 35 0.0 0.0 0.0 744.0 0.0 23.0 0.0
43 37 36 0.0 0.0 0.0 12690.0 19.0 473.0 380.0
43 37 37 0.0 0.0 0.0 41484.0 111.0 1272.0 9283.0
43 37 38 0.0 0.0 0.0 49173.0 144.0 1241.0 26683.0
43 37 39 0.0 0.0 0.0 47608.0 291.0 1104.0 39295.0
43 37 40 0.0 0.0 0.0 46084.0 274.0 1092.0 43706.0
43 37 41 0.0 0.0 0.0 46606.0 189.0 1115.0 41432.0
43 37 42 0.0 0.0 0.0 49705.0 91.0 1313.0 26675.0
43 37 43 0.0 0.0 0.0 42575.0 106.0 1236.0 9620.0
43 37 44 0.0 0.0 0.0 13498.0 11.0 493.0 481.0
43 37 45 0.0 0.0 0.0 976.0 0.0 49.0 3.0
43 38 34 0.0 0.0 0.0 15.0 0.0 0.0 0.0
43 38 35 0.0 0.0 0.0 2339.0 1.0 88.0 4.0
43 38 36 0.0 0.0 0.0 26384.0 34.0 920.0 2189.0
43 38 37 0.0 0.0 0.0 49560.0 180.0 1321.0 25952.0
43 38 38 0.0 0.0 0.0 43341.0 276.0 939.0 53179.0
43 38 39 0.0 0.0 0.0 37143.0 289.0 748.0 67782.0
43 38 40 0.0 0.0 0.0 35200.0 229.0 691.0 72952.0
43 38 41 0.0 0.0 0.0 36738.0 289.0 777.0 68806.0
43 38 42 0.0 0.0 0.0 42973.0 159.0 893.0 54227.0
43 38 43 0.0 0.0 0.0 49202.0 127.0 1177.0 27365.0
43 38 44 0.0 0.0 0.0 27835.0 44.0 916.0 2628.0
43 38 45 0.0 0.0 0.0 2532.0 1.0 100.0 9.0
43 38 46 0.0 0.0 0.0 15.0 0.0 1.0 0.0
43 39 34 0.0 0.0 0.0 20.0 0.0 1.0 0.0
43 39 35 0.0 0.0 0.0 4085.0 14.0 155.0 26.0
43 39 36 0.0 0.0 0.0 35992.0 91.0 1156.0 5005.0
43 39 37 0.0 0.0 0.0 47626.0 233.0 1181.0 38773.0
43 39 38 0.0 0.0 0.0 37241.0 257.0 701.0 68253.0
43 39 39 0.0 0.0 0.0 30408.0 325.0 538.0 82793.0
43 39 40 0.0 0.0 0.0 28022.0 245.0 474.0 87574.0
43 39 41 0.0 0.0 0.0 29927.0 291.0 527.0 83114.0
43 39 42 0.0 0.0 0.0 37041.0 200.0 694.0 67858.0
43 39 43 0.0 0.0 0.0 46557.0 191.0 1131.0 41655.0
43 39 44 0.0 0.0 0.0 37041.0 69.0 1131.0 5614.0
43 39 45 0.0 0.0 0.0 4427.0 4.0 170.0 36.0
43 39 46 0.0 0.0 0.0 47.0 0.0 2.0 0.0
43 40 34 0.0 0.0 0.0 28.0 0.0 1.0 0.0
43 40 35 0.0 0.0 0.0 4860.0 5.0 191.0 33.0
43 40 36 0.0 0.0 0.0 39142.0 87.0 1192.0 6615.0
43 40 37 0.0 0.0 0.0 46282.0 186.0 1085.0 43353.0
43 40 38 0.0 0.0 0.0 35178.0 225.0 668.0 72410.0
43 40 39 0.0 0.0 0.0 28468.0 310.0 526.0 87038.0
43 40 40 0.0 0.0 0.0 26745.0 269.0 484.0 90969.0
43 40 41 0.0 0.0 0.0 28687.0 265.0 536.0 86862.0
43 40 42 0.0 0.0 0.0 34829.0 246.0 747.0 73455.0
43 40 43 0.0 0.0 0.0 45603.0 209.0 1069.0 44947.0
43 40 44 0.0 0.0 0.0 39799.0 72.0 1160.0 7225.0
43 40 45 0.0 0.0 0.0 5251.0 6.0 228.0 47.0
43 40 46 0.0 0.0 0.0 50.0 0.0 2.0 0.0
43 41 34 0.0 0.0 0.0 35.0 0.0 0.0 0.0
43 41 35 0.0 0.0 0.0 4331.0 2.0 165.0 33.0
43 41 36 0.0 0.0 0.0 35416.0 78.0 1125.0 4943.0
43 41 37 0.0 0.0 0.0 47624.0 125.0 1080.0 40040.0
43 41 38 0.0 0.0 0.0 37234.0 229.0 748.0 67883.0
43 41 39 0.0 0.0 0.0 30937.0 208.0 562.0 82769.0
43 41 40 0.0 0.0 0.0 28196.0 246.0 495.0 87913.0
43 41 41 0.0 0.0 0.0 30418.0 245.0 538.0 83066.0
43 41 42 0.0 0.0 0.0 36966.0 263.0 682.0 68152.0
43 41 43 0.0 0.0 0.0 47743.0 192.0 1122.0 39550.0
43 41 44 0.0 0.0 0.0 37270.0 83.0 1243.0 5698.0
43 41 45 0.0 0.0 0.0 4317.0 2.0 163.0 36.0
43 41 46 0.0 0.0 0.0 18.0 0.0 0.0 0.0
43 42 34 0.0 0.0 0.0 13.0 0.0 0.0 0.0
43 42 35 0.0 0.0 0.0 2266.0 4.0 73.0 7.0
43 42 36 0.0 0.0 0.0 26133.0 33.0 928.0 2123.0
43 42 37 0.0 0.0 0.0 49318.0 112.0 1312.0 25803.0
43 42 38 0.0 0.0 0.0 44090.0 199.0 997.0 51040.0
43 42 39 0.0 0.0 0.0 36965.0 172.0 761.0 68837.0
43 42 40 0.0 0.0 0.0 35573.0 237.0 681.0 72320.0
43 42 41 0.0 0.0 0.0 37007.0 217.0 752.0 68316.0
43 42 42 0.0 0.0 0.0 44001.0 282.0 995.0 51865.0
43 42 43 0.0 0.0 0.0 49210.0 151.0 1257.0 25007.0
43 42 44 0.0 0.0 0.0 27236.0 36.0 991.0 2233.0
43 42 45 0.0 0.0 0.0 2257.0 5.0 96.0 2.0
43 42 46 0.0 0.0 0.0 12.0 0.0 0.0 0.0
43 43 34 0.0 0.0 0.0 7.0 0.0 1.0 0.0
43 43 35 0.0 0.0 0.0 886.0 0.0 42.0 2.0
43 43 36 0.0 0.0 0.0 12610.0 13.0 445.0 365.0
43 43 37 0.0 0.0 0.0 39462.0 58.0 1215.0 7260.0
43 43 38 0.0 0.0 0.0 49379.0 141.0 1247.0 23083.0
43 43 39 0.0 0.0 0.0 47867.0 89.0 1164.0 38399.0
43 43 40 0.0 0.0 0.0 46091.0 138.0 1078.0 44240.0
43 43 41 0.0 0.0 0.0 48284.0 306.0 1244.0 38158.0
43 43 42 0.0 0.0 0.0 49172.0 245.0 1322.0 24231.0
43 43 43 0.0 0.0 0.0 40216.0 104.0 1213.0 7535.0
43 43 44 0.0 0.0 0.0 11534.0 23.0 430.0 328.0
43 43 45 0.0 0.0 0.0 688.0 0.0 22.0 1.0
43 43 46 0.0 0.0 0.0 2.0 0.0 0.0 0.0
43 44 35 0.0 0.0 0.0 135.0 0.0 4.0 0.0
43 44 36 0.0 0.0 0.0 2583.0 1.0 81.0 14.0
43 44 37 0.0 0.0 0.0 12743.0 9.0 480.0 402.0
43 44 38 0.0 0.0 0.0 26031.0 20.0 913.0 2111.0
43 44 39 0.0 0.0 0.0 36167.0 60.0 1138.0 5113.0
43 44 40 0.0 0.0 0.0 39657.0 99.0 1284.0 6721.0
43 44 41 0.0 0.0 0.0 36605.0 51.0 1227.0 5263.0
43 44 42 0.0 0.0 0.0 26315.0 70.0 908.0 2132.0
43 44 43 0.0 0.0 0.0 11915.0 50.0 435.0 320.0
43 44 44 0.0 0.0 0.0 2526.0 31.0 96.0 8.0
43 44 45 0.0 0.0 0.0 107.0 0.0 5.0 0.0
43 44 46 0.0 0.0 0.0 3.0 0.0 0.0 0.0
43 45 35 0.0 0.0 0.0 12.0 0.0 2.0 0.0
43 45 36 0.0 0.0 0.0 115.0 0.0 5.0 0.0
43 45 37 0.0 0.0 0.0 739.0 1.0 41.0 2.0
43 45 38 0.0 0.0 0.0 2207.0 1.0 83.0 6.0
43 45 39 0.0 0.0 0.0 3981.0 1.0 151.0 33.0
43 45 40 0.0 0.0 0.0 5038.0 9.0 194.0 37.0
43 45 41 0.0 0.0 0.0 3947.0 9.0 159.0 25.0
43 45 42 0.0 0.0 0.0 2095.0 6.0 92.0 5.0
43 45 43 0.0 0.0 0.0 741.0 1.0 25.0 0.0
43 45 44 0.0 0.0 0.0 109.0 0.0 2.0 0.0
43 45 45 0.0 0.0 0.0 4.0 0.0 0.0 0.0
43 46 37 0.0 0.0 0.0 4.0 0.0 0.0 0.0
43 46 38 0.0 0.0 0.0 12.0 0.0 1.0 0.0
43 46 39 0.0 0.0 0.0 27.0 0.0 0.0 0.0
43 46 40 0.0 0.0 0.0 38.0 0.0 4.0 0.0
43 46 41 0.0 0.0 0.0 32.0 0.0 1.0 0.0
43 46 42 0.0 0.0 0.0 12.0 0.0 1.0 0.0
43 46 43 0.0 0.0 0.0 5.0 0.0 1.0 0.0
44 34 37 0.0 0.0 0.0 1.0 0.0 0.0 0.0
44 34 38 0.0 0.0 0.0 7.0 0.0 0.0 0.0
44 34 39 0.0 0.0 0.0 3.0 0.0 0.0 0.0
44 34 40 0.0 0.0 0.0 5.0 0.0 0.0 0.0
44 34 41 0.0 0.0 0.0 2.0 0.0 0.0 0.0
44 34 42 0.0 0.0 0.0 2.0 0.0 0.0 0.0
44 35 35 0.0 0.0 0.0 2.0 0.0 1.0 0.0
44 35 36 0.0 0.0 0.0 22.0 0.0 1.0 0.0
44 35 37 0.0 0.0 0.0 138.0 0.0 6.0 0.0
44 35 38 0.0 0.0 0.0 454.0 0.0 26.0 0.0
44 35 39 0.0 0.0 0.0 732.0 0.0 23.0 4.0
44 35 40 0.0 0.0 0.0 1050.0 1.0 43.0 3.0
44 35 41 0.0 0.0 0.0 958.0 0.0 40.0 1.0
44 35 42 0.0 0.0 0.0 454.0 3.0 16.0 0.0
44 35 43 0.0 0.0 0.0 162.0 0.0 7.0 0.0
44 35 44 0.0 0.0 0.0 18.0 0.0 1.0 0.0
44 36 34 0.0 0.0 0.0 1.0 0.0 0.0 0.0
44 36 35 0.0 0.0 0.0 13.0 0.0 1.0 0.0
44 36 36 0.0 0.0 0.0 637.0 1.0 24.0 0.0
44 36 37 0.0 0.0 0.0 2906.0 4.0 113.0 20.0
44 36 38 0.0 0.0 0.0 8116.0 6.0 313.0 163.0
44 36 39 0.0 0.0 0.0 12332.0 28.0 447.0 355.0
44 36 40 0.0 0.0 0.0 14730.0 21.0 549.0 564.0
44 36 41 0.0 0.0 0.0 12734.0 9.0 453.0 442.0
44 36 42 0.0 0.0 0.0 8007.0 8.0 334.0 135.0
44 36 43 0.0 0.0 0.0 3173.0 2.0 112.0 18.0
44 36 44 0.0 0.0 0.0 569.0 0.0 24.0 2.0
44 36 45 0.0 0.0 0.0 23.0 0.0 1.0 0.0
44 37 34 0.0 0.0 0.0 2.0 0.0 0.0 0.0
44 37 35 0.0 0.0 0.0 110.0 1.0 4.0 0.0
44 37 36 0.0 0.0 0.0 3010.0 5.0 115.0 12.0
44 37 37 0.0 0.0 0.0 13004.0 18.0 442.0 387.0
44 37 38 0.0 0.0 0.0 27138.0 83.0 922.0 2342.0
44 37 39 0.0 0.0 0.0 36774.0 98.0 1159.0 5277.0
44 37 40 0.0 0.0 0.0 39578.0 82.0 1224.0 6628.0
44 37 41 0.0 0.0 0.0 36936.0 56.0 1141.0 5397.0
44 37 42 0.0 0.0 0.0 27527.0 31.0 927.0 2420.0
44 37 43 0.0 0.0 0.0 13288.0 23.0 529.0 430.0
44 37 44 0.0 0.0 0.0 3155.0 2.0 106.0 17.0
44 37 45 0.0 0.0 0.0 130.0 0.0 3.0 0.0
44 38 35 0.0 0.0 0.0 478.0 0.0 23.0 0.0
44 38 36 0.0 0.0 0.0 7310.0 10.0 262.0 128.0
44 38 37 0.0 0.0 0.0 27036.0 100.0 938.0 2254.0
44 38 38 0.0 0.0 0.0 43114.0 143.0 1370.0 9029.0
44 38 39 0.0 0.0 0.0 49420.0 133.0 1353.0 17437.0
44 38 40 0.0 0.0 0.0 50207.0 177.0 1364.0 20991.0
44 38 41 0.0 0.0 0.0 49353.0 148.0 1323.0 17430.0
44 38 42 0.0 0.0 0.0 43717.0 96.0 1281.0 9390.0
44 38 43 0.0 0.0 0.0 27918.0 46.0 932.0 2556.0
44 38 44 0.0 0.0 0.0 8200.0 5.0 326.0 124.0
44 38 45 0.0 0.0 0.0 452.0 0.0 15.0 0.0
44 39 34 0.0 0.0 0.0 3.0 0.0 0.0 0.0
44 39 35 0.0 0.0 0.0 862.0 0.0 27.0 1.0
44 39 36 0.0 0.0 0.0 12471.0 29.0 446.0 366.0
44 39 37 0.0 0.0 0.0 36191.0 73.0 1168.0 5235.0
44 39 38 0.0 0.0 0.0 49346.0 198.0 1392.0 16673.0
44 39 39 0.0 0.0 0.0 51301.0 184.0 1314.0 27670.0
44 39 40 0.0 0.0 0.0 50506.0 204.0 1238.0 32114.0
44 39 41 0.0 0.0 0.0 50822.0 171.0 1244.0 28042.0
44 39 42 0.0 0.0 0.0 49902.0 116.0 1411.0 17664.0
44 39 43 0.0 0.0 0.0 37105.0 77.0 1214.0 5674.0
44 39 44 0.0 0.0 0.0 13606.0 18.0 502.0 471.0
44 39 45 0.0 0.0 0.0 964.0 6.0 39.0 3.0
44 39 46 0.0 0.0 0.0 4.0 0.0 0.0 0.0
44 40 34 0.0 0.0 0.0 3.0 0.0 0.0 0.0
44 40 35 0.0 0.0 0.0 1139.0 0.0 46.0 1.0
44 40 36 0.0 0.0 0.0 14126.0 46.0 561.0 453.0
44 40 37 0.0 0.0 0.0 38850.0 71.0 1210.0 6323.0
44 40 38 0.0 0.0 0.0 50615.0 124.0 1333.0 19796.0
44 40 39 0.0 0.0 0.0 50342.0 170.0 1216.0 31899.0
44 40 40 0.0 0.0 0.0 49686.0 159.0 1137.0 35694.0
44 40 41 0.0 0.0 0.0 50256.0 175.0 1253.0 31120.0
44 40 42 0.0 0.0 0.0 50716.0 184.0 1391.0 19566.0
44 40 43 0.0 0.0 0.0 39675.0 113.0 1231.0 6678.0
44 40 44 0.0 0.0 0.0 14928.0 21.0 555.0 583.0
44 40 45 0.0 0.0 0.0 1163.0 0.0 36.0 2.0
44 40 46 0.0 0.0 0.0 2.0 0.0 0.0 0.0
44 41 34 0.0 0.0 0.0 3.0 0.0 0.0 0.0
44 41 35 0.0 0.0 0.0 815.0 0.0 34.0 2.0
44 41 36 0.0 0.0 0.0 12398.0 13.0 441.0 343.0
44 41 37 0.0 0.0 0.0 35475.0 56.0 1105.0 4881.0
44 41 38 0.0 0.0 0.0 49535.0 60.0 1395.0 17236.0
44 41 39 0.0 0.0 0.0 51023.0 207.0 1324.0 27473.0
44 41 40 0.0 0.0 0.0 50605.0 150.0 1262.0 32174.0
44 41 41 0.0 0.0 0.0 51127.0 175.0 1260.0 27484.0
44 41 42 0.0 0.0 0.0 48806.0 120.0 1322.0 17435.0
44 41 43 0.0 0.0 0.0 36108.0 60.0 1166.0 5147.0
44 41 44 0.0 0.0 0.0 12303.0 17.0 486.0 345.0
44 41 45 0.0 0.0 0.0 1003.0 0.0 36.0 2.0
44 41 46 0.0 0.0 0.0 2.0 0.0 0.0 0.0
44 42 35 0.0 0.0 0.0 438.0 2.0 12.0 0.0
44 42 36 0.0 0.0 0.0 7460.0 5.0 257.0 129.0
44 42 37 0.0 0.0 0.0 27285.0 71.0 968.0 2335.0
44 42 38 0.0 0.0 0.0 43337.0 99.0 1341.0 9466.0
44 42 39 0.0 0.0 0.0 49274.0 83.0 1303.0 17050.0
44 42 40 0.0 0.0 0.0 50342.0 116.0 1365.0 20974.0
44 42 41 0.0 0.0 0.0 49098.0 115.0 1339.0 17316.0
44 42 42 0.0 0.0 0.0 43427.0 115.0 1298.0 9199.0
44 42 43 0.0 0.0 0.0 25401.0 45.0 815.0 1883.0
44 42 44 0.0 0.0 0.0 7621.0 17.0 309.0 122.0
44 42 45 0.0 0.0 0.0 513.0 0.0 21.0 0.0
44 42 46 0.0 0.0 0.0 6.0 0.0 1.0 0.0
44 43 35 0.0 0.0 0.0 117.0 0.0 3.0 0.0
44 43 36 0.0 0.0 0.0 2668.0 0.0 104.0 13.0
44 43 37 0.0 0.0 0.0 11074.0 39.0 403.0 272.0
44 43 38 0.0 0.0 0.0 26188.0 39.0 906.0 2172.0
44 43 39 0.0 0.0 0.0 35078.0 104.0 1103.0 4828.0
44 43 40 0.0 0.0 0.0 38687.0 50.0 1200.0 6258.0
44 43 41 0.0 0.0 0.0 36034.0 117.0 1154.0 5017.0
44 43 42 0.0 0.0 0.0 25775.0 43.0 908.0 2039.0
44 43 43 0.0 0.0 0.0 12129.0 46.0 440.0 307.0
44 43 44 0.0 0.0 0.0 2942.0 3.0 108.0 19.0
44 43 45 0.0 0.0 0.0 128.0 0.0 8.0 0.0
44 44 35 0.0 0.0 0.0 16.0 0.0 1.0 0.0
44 44 36 0.0 0.0 0.0 440.0 0.0 21.0 2.0
44 44 37 0.0 0.0 0.0 2484.0 5.0 84.0 1.0
44 44 38 0.0 0.0 0.0 6976.0 4.0 227.0 117.0
44 44 39 0.0 0.0 0.0 11667.0 13.0 445.0 319.0
44 44 40 0.0 0.0 0.0 13928.0 20.0 524.0 464.0
44 44 41 0.0 0.0 0.0 11532.0 29.0 480.0 321.0
44 44 42 0.0 0.0 0.0 7241.0 32.0 257.0 101.0
44 44 43 0.0 0.0 0.0 2934.0 18.0 85.0 20.0
44 44 44 0.0 0.0 0.0 518.0 0.0 24.0 0.0
44 44 45 0.0 0.0 0.0 22.0 0.0 0.0 0.0
44 45 35 0.0 0.0 0.0 2.0 0.0 1.0 0.0
44 45 36 0.0 0.0 0.0 11.0 0.0 0.0 0.0
44 45 37 0.0 0.0 0.0 117.0 0.0 2.0 0.0
44 45 38 0.0 0.0 0.0 465.0 0.0 19.0 0.0
44 45 39 0.0 0.0 0.0 821.0 2.0 25.0 2.0
44 45 40 0.0 0.0 0.0 969.0 2.0 45.0 0.0
44 45 41 0.0 0.0 0.0 710.0 1.0 30.0 0.0
44 45 42 0.0 0.0 0.0 426.0 0.0 14.0 0.0
44 45 43 0.0 0.0 0.0 139.0 0.0 6.0 0.0
44 45 44 0.0 0.0 0.0 21.0 0.0 0.0 0.0
44 45 45 0.0 0.0 0.0 1.0 0.0 0.0 0.0
44 46 39 0.0 0.0 0.0 7.0 0.0 0.0 0.0
44 46 40 0.0 0.0 0.0 9.0 0.0 0.0 0.0
44 46 41 0.0 0.0 0.0 2.0 0.0 0.0 0.0
44 46 42 0.0 0.0 0.0 4.0 0.0 0.0 0.0
45 35 37 0.0 0.0 0.0 5.0 0.0 0.0 0.0
45 35 38 0.0 0.0 0.0 15.0 0.0 0.0 0.0
45 35 39 0.0 0.0 0.0 46.0 0.0 2.0 0.0
45 35 40 0.0 0.0 0.0 60.0 0.0 2.0 0.0
45 35 41 0.0 0.0 0.0 64.0 0.0 4.0 0.0
45 35 42 0.0 0.0 0.0 26.0 0.0 1.0 0.0
45 35 43 0.0 0.0 0.0 8.0 0.0 1.0 0.0
45 35 44 0.0 0.0 0.0 1.0 0.0 0.0 0.0
45 36 35 0.0 0.0 0.0 1.0 0.0 0.0 0.0
45 36 36 0.0 0.0 0.0 25.0 0.0 4.0 0.0
45 36 37 0.0 0.0 0.0 107.0 0.0 1.0 0.0
45 36 38 0.0 0.0 0.0 510.0 0.0 23.0 0.0
45 36 39 0.0 0.0 0.0 855.0 1.0 38.0 0.0
45 36 40 0.0 0.0 0.0 1085.0 0.0 36.0 0.0
45 36 41 0.0 0.0 0.0 802.0 2.0 25.0 2.0
45 36 42 0.0 0.0 0.0 464.0 0.0 14.0 0.0
45 36 43 0.0 0.0 0.0 156.0 0.0 6.0 0.0
45 36 44 0.0 0.0 0.0 30.0 0.0 2.0 0.0
45 36 45 0.0 0.0 0.0 1.0 0.0 0.0 0.0
45 37 35 0.0 0.0 0.0 5.0 0.0 0.0 0.0
45 37 36 0.0 0.0 0.0 136.0 1.0 4.0 0.0
45 37 37 0.0 0.0 0.0 756.0 2.0 28.0 0.0
45 37 38 0.0 0.0 0.0 2209.0 7.0 88.0 3.0
45 37 39 0.0 0.0 0.0 4210.0 5.0 173.0 30.0
45 37 40 0.0 0.0 0.0 4806.0 14.0 182.0 39.0
45 37 41 0.0 0.0 0.0 4091.0 1.0 168.0 30.0
45 37 42 0.0 0.0 0.0 2328.0 0.0 103.0 6.0
45 37 43 0.0 0.0 0.0 847.0 1.0 29.0 2.0
45 37 44 0.0 0.0 0.0 135.0 0.0 4.0 0.0
45 37 45 0.0 0.0 0.0 3.0 0.0 0.0 0.0
45 38 35 0.0 0.0 0.0 13.0 0.0 1.0 0.0
45 38 36 0.0 0.0 0.0 406.0 1.0 22.0 0.0
45 38 37 0.0 0.0 0.0 2408.0 4.0 83.0 8.0
45 38 38 0.0 0.0 0.0 6162.0 14.0 224.0 57.0
45 38 39 0.0 0.0 0.0 11019.0 15.0 429.0 241.0
45 38 40 0.0 0.0 0.0 12064.0 21.0 496.0 277.0
45 38 41 0.0 0.0 0.0 10610.0 14.0 398.0 217.0
45 38 42 0.0 0.0 0.0 6556.0 13.0 270.0 85.0
45 38 43 0.0 0.0 0.0 2270.0 5.0 92.0 13.0
45 38 44 0.0 0.0 0.0 528.0 0.0 13.0 0.0
45 38 45 0.0 0.0 0.0 29.0 0.0 2.0 0.0
45 39 35 0.0 0.0 0.0 50.0 0.0 0.0 0.0
45 39 36 0.0 0.0 0.0 796.0 5.0 29.0 1.0
45 39 37 0.0 0.0 0.0 4130.0 3.0 155.0 34.0
45 39 38 0.0 0.0 0.0 10343.0 17.0 379.0 216.0
45 39 39 0.0 0.0 0.0 16151.0 30.0 587.0 595.0
45 39 40 0.0 0.0 0.0 18813.0 30.0 678.0 782.0
45 39 41 0.0 0.0 0.0 16821.0 40.0 650.0 586.0
45 39 42 0.0 0.0 0.0 10848.0 25.0 427.0 227.0
45 39 43 0.0 0.0 0.0 4142.0 4.0 164.0 39.0
45 39 44 0.0 0.0 0.0 882.0 1.0 31.0 0.0
45 39 45 0.0 0.0 0.0 85.0 0.0 6.0 0.0
45 40 35 0.0 0.0 0.0 76.0 0.0 1.0 0.0
45 40 36 0.0 0.0 0.0 1069.0 3.0 44.0 2.0
45 40 37 0.0 0.0 0.0 4980.0 2.0 200.0 35.0
45 40 38 0.0 0.0 0.0 11882.0 16.0 484.0 298.0
45 40 39 0.0 0.0 0.0 18869.0 27.0 693.0 812.0
45 40 40 0.0 0.0 0.0 21172.0 45.0 751.0 1097.0
45 40 41 0.0 0.0 0.0 18802.0 38.0 684.0 823.0
45 40 42 0.0 0.0 0.0 12355.0 17.0 456.0 308.0
45 40 43 0.0 0.0 0.0 4941.0 18.0 190.0 47.0
45 40 44 0.0 0.0 0.0 1182.0 3.0 45.0 1.0
45 40 45 0.0 0.0 0.0 78.0 0.0 2.0 0.0
45 41 35 0.0 0.0 0.0 31.0 0.0 2.0 0.0
45 41 36 0.0 0.0 0.0 843.0 2.0 34.0 0.0
45 41 37 0.0 0.0 0.0 4089.0 4.0 169.0 27.0
45 41 38 0.0 0.0 0.0 10036.0 15.0 348.0 206.0
45 41 39 0.0 0.0 0.0 16498.0 30.0 586.0 576.0
45 41 40 0.0 0.0 0.0 18485.0 27.0 674.0 821.0
45 41 41 0.0 0.0 0.0 16508.0 24.0 586.0 554.0
45 41 42 0.0 0.0 0.0 10386.0 13.0 416.0 198.0
45 41 43 0.0 0.0 0.0 3896.0 5.0 144.0 20.0
45 41 44 0.0 0.0 0.0 880.0 8.0 45.0 1.0
45 41 45 0.0 0.0 0.0 53.0 0.0 2.0 0.0
45 42 35 0.0 0.0 0.0 31.0 0.0 2.0 0.0
45 42 36 0.0 0.0 0.0 365.0 1.0 13.0 0.0
45 42 37 0.0 0.0 0.0 2268.0 2.0 83.0 9.0
45 42 38 0.0 0.0 0.0 6036.0 19.0 243.0 60.0
45 42 39 0.0 0.0 0.0 10093.0 12.0 365.0 183.0
45 42 40 0.0 0.0 0.0 11837.0 20.0 425.0 266.0
45 42 41 0.0 0.0 0.0 10255.0 15.0 370.0 213.0
45 42 42 0.0 0.0 0.0 6068.0 5.0 205.0 67.0
45 42 43 0.0 0.0 0.0 2223.0 5.0 83.0 6.0
45 42 44 0.0 0.0 0.0 414.0 0.0 14.0 0.0
45 42 45 0.0 0.0 0.0 21.0 0.0 0.0 0.0
45 43 35 0.0 0.0 0.0 3.0 0.0 0.0 0.0
45 43 36 0.0 0.0 0.0 97.0 0.0 1.0 1.0
45 43 37 0.0 0.0 0.0 805.0 0.0 30.0 0.0
45 43 38 0.0 0.0 0.0 2161.0 0.0 81.0 9.0
45 43 39 0.0 0.0 0.0 3926.0 6.0 154.0 27.0
45 43 40 0.0 0.0 0.0 4799.0 10.0 186.0 40.0
45 43 41 0.0 0.0 0.0 4243.0 5.0 145.0 20.0
45 43 42 0.0 0.0 0.0 2390.0 6.0 80.0 8.0
45 43 43 0.0 0.0 0.0 774.0 0.0 30.0 1.0
45 43 44 0.0 0.0 0.0 116.0 2.0 2.0 0.0
45 43 45 0.0 0.0 0.0 13.0 0.0 0.0 0.0
45 44 36 0.0 0.0 0.0 13.0 0.0 0.0 0.0
45 44 37 0.0 0.0 0.0 136.0 0.0 5.0 0.0
45 44 38 0.0 0.0 0.0 351.0 0.0 16.0 0.0
45 44 39 0.0 0.0 0.0 813.0 1.0 30.0 1.0
45 44 40 0.0 0.0 0.0 891.0 1.0 36.0 2.0
45 44 41 0.0 0.0 0.0 699.0 0.0 27.0 0.0
45 44 42 0.0 0.0 0.0 379.0 1.0 17.0 0.0
45 44 43 0.0 0.0 0.0 101.0 0.0 5.0 0.0
45 44 44 0.0 0.0 0.0 18.0 0.0 2.0 0.0
45 44 45 0.0 0.0 0.0 1.0 0.0 0.0 0.0
45 45 36 0.0 0.0 0.0 1.0 0.0 0.0 0.0
45 45 37 0.0 0.0 0.0 7.0 0.0 0.0 0.0
45 45 38 0.0 0.0 0.0 14.0 0.0 0.0 0.0
45 45 39 0.0 0.0 0.0 44.0 0.0 1.0 0.0
45 45 40 0.0 0.0 0.0 61.0 0.0 1.0 0.0
45 45 41 0.0 0.0 0.0 41.0 0.0 2.0 0.0
45 45 42 0.0 0.0 0.0 18.0 0.0 0.0 0.0
45 45 43 0.0 0.0 0.0 4.0 0.0 0.0 0.0
46 35 40 0.0 0.0 0.0 1.0 0.0 0.0 0.0
46 35 42 0.0 0.0 0.0 1.0 0.0 0.0 0.0
46 36 39 0.0 0.0 0.0 2.0 0.0 0.0 0.0
46 36 40 0.0 0.0 0.0 2.0 0.0 0.0 0.0
46 36 41 0.0 0.0 0.0 5.0 0.0 0.0 0.0
46 37 37 0.0 0.0 0.0 1.0 0.0 0.0 0.0
46 37 38 0.0 0.0 0.0 7.0 0.0 0.0 0.0
46 37 39 0.0 0.0 0.0 18.0 0.0 1.0 0.0
46 37 40 0.0 0.0 0.0 36.0 0.0 0.0 0.0
46 37 41 0.0 0.0 0.0 29.0 0.0 2.0 0.0
46 37 42 0.0 0.0 0.0 17.0 0.0 0.0 0.0
46 37 43 0.0 0.0 0.0 2.0 0.0 0.0 0.0
46 38 37 0.0 0.0 0.0 19.0 2.0 0.0 0.0
46 38 38 0.0 0.0 0.0 50.0 0.0 2.0 0.0
46 38 39 0.0 0.0 0.0 111.0 1.0 4.0 0.0
46 38 40 0.0 0.0 0.0 146.0 0.0 6.0 0.0
46 38 41 0.0 0.0 0.0 87.0 0.0 0.0 0.0
46 38 42 0.0 0.0 0.0 45.0 0.0 1.0 0.0
46 38 43 0.0 0.0 0.0 7.0 0.0 0.0 0.0
46 38 44 0.0 0.0 0.0 1.0 0.0 0.0 0.0
46 39 36 0.0 0.0 0.0 1.0 0.0 0.0 0.0
46 39 37 0.0 0.0 0.0 26.0 0.0 0.0 0.0
46 39 38 0.0 0.0 0.0 100.0 0.0 7.0 0.0
46 39 39 0.0 0.0 0.0 210.0 1.0 7.0 0.0
46 39 40 0.0 0.0 0.0 285.0 1.0 14.0 0.0
46 39 41 0.0 0.0 0.0 202.0 0.0 10.0 0.0
46 39 42 0.0 0.0 0.0 132.0 0.0 4.0 0.0
46 39 43 0.0 0.0 0.0 32.0 0.0 0.0 0.0
46 39 44 0.0 0.0 0.0 2.0 0.0 0.0 0.0
46 40 36 0.0 0.0 0.0 5.0 0.0 0.0 0.0
46 40 37 0.0 0.0 0.0 32.0 0.0 0.0 0.0
46 40 38 0.0 0.0 0.0 136.0 0.0 10.0 0.0
46 40 39 0.0 0.0 0.0 279.0 1.0 9.0 0.0
46 40 40 0.0 0.0 0.0 364.0 0.0 15.0 0.0
46 40 41 0.0 0.0 0.0 231.0 0.0 9.0 0.0
46 40 42 0.0 0.0 0.0 132.0 0.0 5.0 0.0
46 40 43 0.0 0.0 0.0 31.0 0.0 0.0 0.0
46 40 44 0.0 0.0 0.0 12.0 0.0 1.0 0.0
46 40 45 0.0 0.0 0.0 1.0 0.0 0.0 0.0
46 41 36 0.0 0.0 0.0 4.0 0.0 0.0 0.0
46 41 37 0.0 0.0 0.0 42.0 0.0 1.0 0.0
46 41 38 0.0 0.0 0.0 86.0 0.0 2.0 0.0
46 41 39 0.0 0.0 0.0 243.0 0.0 8.0 0.0
46 41 40 0.0 0.0 0.0 267.0 0.0 11.0 0.0
46 41 41 0.0 0.0 0.0 235.0 1.0 7.0 0.0
46 41 42 0.0 0.0 0.0 82.0 0.0 3.0 0.0
46 41 43 0.0 0.0 0.0 36.0 0.0 0.0 0.0
46 41 44 0.0 0.0 0.0 3.0 0.0 0.0 0.0
46 42 36 0.0 0.0 0.0 1.0 0.0 0.0 0.0
46 42 37 0.0 0.0 0.0 9.0 0.0 0.0 0.0
46 42 38 0.0 0.0 0.0 59.0 0.0 1.0 0.0
46 42 39 0.0 0.0 0.0 91.0 0.0 5.0 0.0
46 42 40 0.0 0.0 0.0 146.0 0.0 8.0 0.0
46 42 41 0.0 0.0 0.0 84.0 0.0 1.0 0.0
46 42 42 0.0 0.0 0.0 62.0 0.0 2.0 0.0
46 42 43 0.0 0.0 0.0 14.0 0.0 1.0 0.0
46 43 37 0.0 0.0 0.0 3.0 0.0 1.0 0.0
46 43 38 0.0 0.0 0.0 9.0 0.0 0.0 0.0
46 43 39 0.0 0.0 0.0 28.0 0.0 2.0 0.0
46 43 40 0.0 0.0 0.0 32.0 0.0 2.0 0.0
46 43 41 0.0 0.0 0.0 26.0 0.0 0.0 0.0
46 43 42 0.0 0.0 0.0 13.0 0.0 0.0 0.0
46 43 43 0.0 0.0 0.0 8.0 0.0 0.0 0.0
46 44 38 0.0 0.0 0.0 2.0 0.0 0.0 0.0
46 44 40 0.0 0.0 0.0 5.0 0.0 1.0 0.0
46 44 41 0.0 0.0 0.0 2.0 0.0 0.0 0.0
