36 38 41 0.0 0.0 0.0 2.0 0.0 0.0 0.0
36 38 42 0.0 0.0 0.0 1.0 0.0 0.0 0.0
37 37 37 0.0 0.0 0.0 3.0 0.0 0.0 0.0
37 37 38 0.0 0.0 0.0 27.0 0.0 1.0 0.0
37 37 39 0.0 0.0 0.0 39.0 0.0 0.0 0.0
37 37 40 0.0 0.0 0.0 42.0 0.0 1.0 0.0
37 37 41 0.0 0.0 0.0 43.0 4.0 1.0 0.0
37 37 42 0.0 0.0 0.0 9.0 0.0 0.0 0.0
37 37 43 0.0 0.0 0.0 1.0 0.0 0.0 0.0
37 38 37 0.0 0.0 0.0 29.0 0.0 1.0 0.0
37 38 38 0.0 0.0 0.0 134.0 0.0 4.0 0.0
37 38 39 0.0 0.0 0.0 322.0 2.0 6.0 1.0
37 38 40 0.0 0.0 0.0 392.0 0.0 14.0 0.0
37 38 41 0.0 0.0 0.0 277.0 0.0 9.0 0.0
37 38 42 0.0 0.0 0.0 87.0 1.0 6.0 0.0
37 38 43 0.0 0.0 0.0 11.0 0.0 1.0 0.0
37 39 37 0.0 0.0 0.0 36.0 0.0 3.0 0.0
37 39 38 0.0 0.0 0.0 263.0 2.0 8.0 2.0
37 39 39 0.0 0.0 0.0 745.0 5.0 33.0 1.0
37 39 40 0.0 0.0 0.0 938.0 8.0 36.0 0.0
37 39 41 0.0 0.0 0.0 640.0 4.0 20.0 0.0
37 39 42 0.0 0.0 0.0 277.0 1.0 10.0 0.0
37 39 43 0.0 0.0 0.0 38.0 0.0 3.0 0.0
37 40 37 0.0 0.0 0.0 52.0 0.0 1.0 0.0
37 40 38 0.0 0.0 0.0 376.0 1.0 13.0 1.0
37 40 39 0.0 0.0 0.0 903.0 8.0 27.0 1.0
37 40 40 0.0 0.0 0.0 1337.0 9.0 49.0 0.0
37 40 41 0.0 0.0 0.0 902.0 6.0 31.0 1.0
37 40 42 0.0 0.0 0.0 341.0 4.0 17.0 0.0
37 40 43 0.0 0.0 0.0 43.0 0.0 1.0 0.0
37 41 37 0.0 0.0 0.0 56.0 1.0 3.0 0.0
37 41 38 0.0 0.0 0.0 271.0 5.0 12.0 0.0
37 41 39 0.0 0.0 0.0 688.0 11.0 28.0 1.0
37 41 40 0.0 0.0 0.0 930.0 9.0 29.0 2.0
37 41 41 0.0 0.0 0.0 640.0 6.0 21.0 1.0
37 41 42 0.0 0.0 0.0 243.0 0.0 13.0 0.0
37 41 43 0.0 0.0 0.0 28.0 1.0 1.0 0.0
37 42 37 0.0 0.0 0.0 13.0 0.0 0.0 0.0
37 42 38 0.0 0.0 0.0 93.0 1.0 6.0 0.0
37 42 39 0.0 0.0 0.0 229.0 0.0 7.0 0.0
37 42 40 0.0 0.0 0.0 347.0 2.0 13.0 0.0
37 42 41 0.0 0.0 0.0 209.0 1.0 8.0 0.0
37 42 42 0.0 0.0 0.0 68.0 0.0 3.0 0.0
37 42 43 0.0 0.0 0.0 8.0 0.0 0.0 0.0
37 43 37 0.0 0.0 0.0 5.0 0.0 0.0 0.0
37 43 38 0.0 0.0 0.0 30.0 0.0 1.0 0.0
37 43 39 0.0 0.0 0.0 23.0 0.0 0.0 0.0
37 43 40 0.0 0.0 0.0 18.0 0.0 0.0 0.0
37 43 41 0.0 0.0 0.0 20.0 0.0 0.0 0.0
37 43 42 0.0 0.0 0.0 15.0 4.0 2.0 0.0
38 37 37 0.0 0.0 0.0 7.0 1.0 0.0 0.0
38 37 38 0.0 0.0 0.0 88.0 0.0 5.0 0.0
38 37 39 0.0 0.0 0.0 249.0 2.0 6.0 0.0
38 37 40 0.0 0.0 0.0 292.0 2.0 12.0 1.0
38 37 41 0.0 0.0 0.0 269.0 1.0 7.0 2.0
38 37 42 0.0 0.0 0.0 86.0 0.0 3.0 0.0
38 37 43 0.0 0.0 0.0 36.0 0.0 0.0 0.0
38 38 37 0.0 0.0 0.0 173.0 0.0 9.0 0.0
38 38 38 0.0 0.0 0.0 4658.0 60.0 183.0 56.0
38 38 39 0.0 0.0 0.0 10339.0 97.0 368.0 297.0
38 38 40 0.0 0.0 0.0 13638.0 143.0 499.0 528.0
38 38 41 0.0 0.0 0.0 9447.0 156.0 345.0 223.0
38 38 42 0.0 0.0 0.0 3656.0 16.0 128.0 30.0
38 38 43 0.0 0.0 0.0 76.0 0.0 2.0 0.0
38 39 37 0.0 0.0 0.0 335.0 2.0 10.0 0.0
38 39 38 0.0 0.0 0.0 9690.0 91.0 352.0 249.0
38 39 39 0.0 0.0 0.0 23021.0 352.0 861.0 1647.0
38 39 40 0.0 0.0 0.0 27143.0 326.0 972.0 2285.0
38 39 41 0.0 0.0 0.0 21429.0 304.0 741.0 1431.0
38 39 42 0.0 0.0 0.0 9054.0 88.0 365.0 185.0
38 39 43 0.0 0.0 0.0 340.0 5.0 10.0 1.0
38 40 37 0.0 0.0 0.0 375.0 1.0 13.0 0.0
38 40 38 0.0 0.0 0.0 13649.0 137.0 467.0 513.0
38 40 39 0.0 0.0 0.0 27602.0 447.0 958.0 2593.0
38 40 40 0.0 0.0 0.0 33458.0 530.0 1107.0 4250.0
38 40 41 0.0 0.0 0.0 26922.0 295.0 960.0 2462.0
38 40 42 0.0 0.0 0.0 11740.0 164.0 415.0 354.0
38 40 43 0.0 0.0 0.0 323.0 10.0 15.0 0.0
38 41 37 0.0 0.0 0.0 292.0 2.0 10.0 0.0
38 41 38 0.0 0.0 0.0 9876.0 240.0 394.0 262.0
38 41 39 0.0 0.0 0.0 22484.0 204.0 779.0 1597.0
38 41 40 0.0 0.0 0.0 27195.0 383.0 932.0 2667.0
38 41 41 0.0 0.0 0.0 20674.0 273.0 825.0 1281.0
38 41 42 0.0 0.0 0.0 8565.0 141.0 346.0 156.0
38 41 43 0.0 0.0 0.0 321.0 0.0 12.0 0.0
38 42 37 0.0 0.0 0.0 101.0 0.0 3.0 0.0
38 42 38 0.0 0.0 0.0 5235.0 32.0 180.0 68.0
38 42 39 0.0 0.0 0.0 8894.0 100.0 321.0 214.0
38 42 40 0.0 0.0 0.0 12124.0 184.0 513.0 408.0
38 42 41 0.0 0.0 0.0 8678.0 109.0 356.0 202.0
38 42 42 0.0 0.0 0.0 3486.0 41.0 120.0 24.0
38 42 43 0.0 0.0 0.0 68.0 2.0 2.0 0.0
38 43 37 0.0 0.0 0.0 18.0 0.0 0.0 0.0
38 43 38 0.0 0.0 0.0 132.0 2.0 2.0 0.0
38 43 39 0.0 0.0 0.0 296.0 3.0 12.0 1.0
38 43 40 0.0 0.0 0.0 399.0 6.0 28.0 0.0
38 43 41 0.0 0.0 0.0 240.0 3.0 9.0 0.0
38 43 42 0.0 0.0 0.0 87.0 1.0 3.0 0.0
38 43 43 0.0 0.0 0.0 17.0 0.0 0.0 0.0
39 37 37 0.0 0.0 0.0 37.0 0.0 2.0 0.0
39 37 38 0.0 0.0 0.0 256.0 2.0 14.0 0.0
39 37 39 0.0 0.0 0.0 801.0 9.0 35.0 1.0
39 37 40 0.0 0.0 0.0 983.0 8.0 38.0 0.0
39 37 41 0.0 0.0 0.0 782.0 9.0 31.0 1.0
39 37 42 0.0 0.0 0.0 247.0 4.0 8.0 0.0
39 37 43 0.0 0.0 0.0 47.0 4.0 0.0 0.0
39 38 37 0.0 0.0 0.0 291.0 6.0 17.0 0.0
39 38 38 0.0 0.0 0.0 9840.0 136.0 368.0 252.0
39 38 39 0.0 0.0 0.0 21257.0 284.0 737.0 1485.0
39 38 40 0.0 0.0 0.0 26997.0 400.0 1002.0 2414.0
39 38 41 0.0 0.0 0.0 21568.0 248.0 790.0 1460.0
39 38 42 0.0 0.0 0.0 10528.0 157.0 419.0 285.0
39 38 43 0.0 0.0 0.0 320.0 4.0 12.0 0.0
39 39 37 0.0 0.0 0.0 789.0 3.0 25.0 1.0
39 39 38 0.0 0.0 0.0 22999.0 220.0 787.0 1657.0
39 39 39 0.0 0.0 0.0 42089.0 1278.0 1082.0 35585.0
39 39 40 0.0 0.0 0.0 43399.0 1266.0 1066.0 38608.0
39 39 41 0.0 0.0 0.0 43447.0 1020.0 1231.0 32269.0
39 39 42 0.0 0.0 0.0 22002.0 386.0 764.0 1656.0
39 39 43 0.0 0.0 0.0 747.0 3.0 31.0 1.0
39 40 37 0.0 0.0 0.0 1044.0 7.0 37.0 1.0
39 40 38 0.0 0.0 0.0 28436.0 368.0 1019.0 2840.0
39 40 39 0.0 0.0 0.0 43931.0 1033.0 1068.0 38059.0
39 40 40 0.0 0.0 0.0 41981.0 1105.0 972.0 48773.0
39 40 41 0.0 0.0 0.0 42936.0 1678.0 1028.0 37362.0
39 40 42 0.0 0.0 0.0 27863.0 360.0 964.0 2677.0
39 40 43 0.0 0.0 0.0 1003.0 16.0 34.0 0.0
39 40 44 0.0 0.0 0.0 1.0 0.0 0.0 0.0
39 41 37 0.0 0.0 0.0 771.0 6.0 36.0 0.0
39 41 38 0.0 0.0 0.0 22537.0 247.0 795.0 1618.0
39 41 39 0.0 0.0 0.0 42953.0 923.0 1116.0 35140.0
39 41 40 0.0 0.0 0.0 43441.0 1262.0 1122.0 37553.0
39 41 41 0.0 0.0 0.0 43617.0 993.0 1166.0 31222.0
39 41 42 0.0 0.0 0.0 21157.0 205.0 770.0 1413.0
39 41 43 0.0 0.0 0.0 832.0 3.0 37.0 0.0
39 42 37 0.0 0.0 0.0 325.0 3.0 11.0 0.0
39 42 38 0.0 0.0 0.0 10976.0 133.0 428.0 340.0
39 42 39 0.0 0.0 0.0 22083.0 250.0 783.0 1546.0
39 42 40 0.0 0.0 0.0 28080.0 384.0 929.0 2714.0
39 42 41 0.0 0.0 0.0 21667.0 196.0 828.0 1557.0
39 42 42 0.0 0.0 0.0 9772.0 107.0 392.0 240.0
39 42 43 0.0 0.0 0.0 249.0 0.0 8.0 0.0
39 43 37 0.0 0.0 0.0 50.0 1.0 1.0 0.0
39 43 38 0.0 0.0 0.0 288.0 1.0 10.0 0.0
39 43 39 0.0 0.0 0.0 732.0 5.0 25.0 0.0
39 43 40 0.0 0.0 0.0 1036.0 5.0 55.0 1.0
39 43 41 0.0 0.0 0.0 677.0 7.0 31.0 0.0
39 43 42 0.0 0.0 0.0 275.0 4.0 14.0 0.0
39 43 43 0.0 0.0 0.0 37.0 0.0 3.0 0.0
40 36 37 0.0 0.0 0.0 1.0 0.0 0.0 0.0
40 37 37 0.0 0.0 0.0 55.0 0.0 1.0 0.0
40 37 38 0.0 0.0 0.0 402.0 2.0 18.0 0.0
40 37 39 0.0 0.0 0.0 981.0 15.0 40.0 1.0
40 37 40 0.0 0.0 0.0 1398.0 10.0 58.0 4.0
40 37 41 0.0 0.0 0.0 1082.0 4.0 42.0 0.0
40 37 42 0.0 0.0 0.0 380.0 0.0 19.0 1.0
40 37 43 0.0 0.0 0.0 60.0 1.0 3.0 0.0
40 38 37 0.0 0.0 0.0 380.0 4.0 17.0 0.0
40 38 38 0.0 0.0 0.0 13132.0 251.0 491.0 511.0
40 38 39 0.0 0.0 0.0 29004.0 536.0 1010.0 3119.0
40 38 40 0.0 0.0 0.0 35215.0 480.0 1129.0 5045.0
40 38 41 0.0 0.0 0.0 28125.0 377.0 994.0 2656.0
40 38 42 0.0 0.0 0.0 14237.0 230.0 518.0 621.0
40 38 43 0.0 0.0 0.0 440.0 3.0 19.0 0.0
40 39 37 0.0 0.0 0.0 992.0 16.0 40.0 1.0
40 39 38 0.0 0.0 0.0 27669.0 406.0 917.0 2907.0
40 39 39 0.0 0.0 0.0 43057.0 1386.0 1039.0 39649.0
40 39 40 0.0 0.0 0.0 42723.0 1390.0 974.0 47914.0
40 39 41 0.0 0.0 0.0 42306.0 1342.0 1013.0 41646.0
40 39 42 0.0 0.0 0.0 28639.0 378.0 1015.0 2844.0
40 39 43 0.0 0.0 0.0 993.0 5.0 46.0 1.0
40 40 36 0.0 0.0 0.0 1.0 0.0 0.0 0.0
40 40 37 0.0 0.0 0.0 1354.0 8.0 48.0 4.0
40 40 38 0.0 0.0 0.0 34383.0 371.0 1084.0 4629.0
40 40 39 0.0 0.0 0.0 41813.0 1108.0 944.0 49090.0
40 40 40 0.0 0.0 0.0 22539.0 1235.0 423.0 92678.0
40 40 41 0.0 0.0 0.0 41518.0 1119.0 905.0 50072.0
40 40 42 0.0 0.0 0.0 34744.0 412.0 1117.0 4811.0
40 40 43 0.0 0.0 0.0 1302.0 7.0 45.0 3.0
40 41 37 0.0 0.0 0.0 1080.0 8.0 43.0 0.0
40 41 38 0.0 0.0 0.0 29013.0 418.0 1023.0 2947.0
40 41 39 0.0 0.0 0.0 43237.0 942.0 1002.0 40118.0
40 41 40 0.0 0.0 0.0 42169.0 999.0 973.0 49557.0
40 41 41 0.0 0.0 0.0 42681.0 1092.0 1053.0 40386.0
40 41 42 0.0 0.0 0.0 27717.0 318.0 952.0 2568.0
40 41 43 0.0 0.0 0.0 978.0 5.0 28.0 0.0
40 42 37 0.0 0.0 0.0 405.0 6.0 12.0 0.0
40 42 38 0.0 0.0 0.0 14173.0 162.0 533.0 520.0
40 42 39 0.0 0.0 0.0 27694.0 395.0 964.0 2600.0
40 42 40 0.0 0.0 0.0 33780.0 410.0 1136.0 4552.0
40 42 41 0.0 0.0 0.0 26808.0 275.0 910.0 2443.0
40 42 42 0.0 0.0 0.0 12800.0 152.0 466.0 427.0
40 42 43 0.0 0.0 0.0 309.0 1.0 16.0 0.0
40 43 37 0.0 0.0 0.0 66.0 0.0 2.0 0.0
40 43 38 0.0 0.0 0.0 447.0 2.0 19.0 1.0
40 43 39 0.0 0.0 0.0 1070.0 3.0 39.0 2.0
40 43 40 0.0 0.0 0.0 1291.0 6.0 47.0 3.0
40 43 41 0.0 0.0 0.0 956.0 6.0 42.0 3.0
40 43 42 0.0 0.0 0.0 293.0 1.0 8.0 0.0
40 43 43 0.0 0.0 0.0 44.0 0.0 2.0 0.0
41 36 39 0.0 0.0 0.0 1.0 0.0 0.0 0.0
41 37 37 0.0 0.0 0.0 29.0 0.0 2.0 0.0
41 37 38 0.0 0.0 0.0 305.0 6.0 7.0 0.0
41 37 39 0.0 0.0 0.0 826.0 3.0 23.0 1.0
41 37 40 0.0 0.0 0.0 1115.0 4.0 42.0 1.0
41 37 41 0.0 0.0 0.0 770.0 5.0 30.0 1.0
41 37 42 0.0 0.0 0.0 323.0 4.0 10.0 0.0
41 37 43 0.0 0.0 0.0 47.0 0.0 1.0 0.0
41 38 37 0.0 0.0 0.0 338.0 1.0 15.0 0.0
41 38 38 0.0 0.0 0.0 9839.0 135.0 352.0 269.0
41 38 39 0.0 0.0 0.0 21190.0 342.0 742.0 1519.0
41 38 40 0.0 0.0 0.0 28068.0 490.0 984.0 2867.0
41 38 41 0.0 0.0 0.0 22629.0 287.0 804.0 1685.0
41 38 42 0.0 0.0 0.0 11071.0 129.0 379.0 328.0
41 38 43 0.0 0.0 0.0 304.0 1.0 11.0 0.0
41 39 37 0.0 0.0 0.0 825.0 8.0 36.0 0.0
41 39 38 0.0 0.0 0.0 22897.0 244.0 805.0 1704.0
41 39 39 0.0 0.0 0.0 42475.0 1319.0 1101.0 33447.0
41 39 40 0.0 0.0 0.0 42398.0 1502.0 1088.0 40522.0
41 39 41 0.0 0.0 0.0 41875.0 1050.0 1089.0 36517.0
41 39 42 0.0 0.0 0.0 23595.0 284.0 834.0 1845.0
41 39 43 0.0 0.0 0.0 713.0 6.0 27.0 1.0
41 40 36 0.0 0.0 0.0 1.0 0.0 0.0 0.0
41 40 37 0.0 0.0 0.0 1008.0 17.0 41.0 5.0
41 40 38 0.0 0.0 0.0 28017.0 331.0 966.0 2723.0
41 40 39 0.0 0.0 0.0 43012.0 1020.0 1112.0 40287.0
41 40 40 0.0 0.0 0.0 43451.0 1284.0 985.0 46727.0
41 40 41 0.0 0.0 0.0 42747.0 1156.0 1059.0 40295.0
41 40 42 0.0 0.0 0.0 28890.0 345.0 973.0 3022.0
41 40 43 0.0 0.0 0.0 1083.0 8.0 39.0 1.0
41 41 37 0.0 0.0 0.0 919.0 8.0 40.0 0.0
41 41 38 0.0 0.0 0.0 23017.0 246.0 808.0 1596.0
41 41 39 0.0 0.0 0.0 42872.0 1255.0 1090.0 34088.0
41 41 40 0.0 0.0 0.0 43528.0 911.0 1039.0 38734.0
41 41 41 0.0 0.0 0.0 42523.0 1351.0 1154.0 33531.0
41 41 42 0.0 0.0 0.0 22998.0 365.0 755.0 1697.0
41 41 43 0.0 0.0 0.0 790.0 4.0 25.0 1.0
41 42 37 0.0 0.0 0.0 297.0 3.0 11.0 0.0
41 42 38 0.0 0.0 0.0 9741.0 136.0 375.0 238.0
41 42 39 0.0 0.0 0.0 22552.0 232.0 837.0 1757.0
41 42 40 0.0 0.0 0.0 28561.0 425.0 996.0 2888.0
41 42 41 0.0 0.0 0.0 22063.0 299.0 827.0 1536.0
41 42 42 0.0 0.0 0.0 9293.0 117.0 351.0 253.0
41 42 43 0.0 0.0 0.0 304.0 6.0 9.0 0.0
41 43 37 0.0 0.0 0.0 70.0 0.0 2.0 0.0
41 43 38 0.0 0.0 0.0 328.0 2.0 17.0 0.0
41 43 39 0.0 0.0 0.0 746.0 6.0 19.0 0.0
41 43 40 0.0 0.0 0.0 1164.0 8.0 44.0 2.0
41 43 41 0.0 0.0 0.0 770.0 6.0 29.0 1.0
41 43 42 0.0 0.0 0.0 269.0 2.0 9.0 0.0
41 43 43 0.0 0.0 0.0 23.0 0.0 1.0 0.0
41 44 38 0.0 0.0 0.0 1.0 0.0 0.0 0.0
42 36 40 0.0 0.0 0.0 1.0 0.0 0.0 0.0
42 37 37 0.0 0.0 0.0 19.0 1.0 2.0 0.0
42 37 38 0.0 0.0 0.0 79.0 0.0 1.0 0.0
42 37 39 0.0 0.0 0.0 305.0 2.0 12.0 1.0
42 37 40 0.0 0.0 0.0 411.0 13.0 19.0 0.0
42 37 41 0.0 0.0 0.0 382.0 3.0 9.0 0.0
42 37 42 0.0 0.0 0.0 148.0 0.0 7.0 0.0
42 37 43 0.0 0.0 0.0 10.0 0.0 0.0 0.0
42 38 37 0.0 0.0 0.0 104.0 0.0 3.0 0.0
42 38 38 0.0 0.0 0.0 4287.0 56.0 204.0 44.0
42 38 39 0.0 0.0 0.0 10459.0 190.0 399.0 314.0
42 38 40 0.0 0.0 0.0 14031.0 310.0 512.0 568.0
42 38 41 0.0 0.0 0.0 10966.0 91.0 393.0 339.0
42 38 42 0.0 0.0 0.0 5349.0 108.0 224.0 74.0
42 38 43 0.0 0.0 0.0 127.0 0.0 8.0 0.0
42 39 37 0.0 0.0 0.0 280.0 1.0 8.0 0.0
42 39 38 0.0 0.0 0.0 9399.0 137.0 336.0 241.0
42 39 39 0.0 0.0 0.0 21331.0 395.0 738.0 1468.0
42 39 40 0.0 0.0 0.0 27214.0 464.0 959.0 2503.0
42 39 41 0.0 0.0 0.0 22734.0 312.0 828.0 1664.0
42 39 42 0.0 0.0 0.0 11252.0 114.0 428.0 343.0
42 39 43 0.0 0.0 0.0 307.0 2.0 13.0 0.0
42 40 37 0.0 0.0 0.0 433.0 3.0 17.0 0.0
42 40 38 0.0 0.0 0.0 13951.0 172.0 536.0 576.0
42 40 39 0.0 0.0 0.0 27999.0 386.0 945.0 2663.0
42 40 40 0.0 0.0 0.0 33840.0 567.0 1126.0 4418.0
42 40 41 0.0 0.0 0.0 28183.0 492.0 928.0 2773.0
42 40 42 0.0 0.0 0.0 13877.0 128.0 521.0 521.0
42 40 43 0.0 0.0 0.0 376.0 1.0 16.0 0.0
42 41 37 0.0 0.0 0.0 260.0 2.0 17.0 0.0
42 41 38 0.0 0.0 0.0 9799.0 88.0 371.0 239.0
42 41 39 0.0 0.0 0.0 21239.0 308.0 836.0 1389.0
42 41 40 0.0 0.0 0.0 27776.0 362.0 1024.0 2566.0
42 41 41 0.0 0.0 0.0 22366.0 314.0 802.0 1646.0
42 41 42 0.0 0.0 0.0 9767.0 106.0 367.0 249.0
42 41 43 0.0 0.0 0.0 306.0 1.0 12.0 0.0
42 41 44 0.0 0.0 0.0 1.0 0.0 0.0 0.0
42 42 37 0.0 0.0 0.0 98.0 0.0 4.0 0.0
42 42 38 0.0 0.0 0.0 3413.0 25.0 140.0 24.0
42 42 39 0.0 0.0 0.0 9478.0 115.0 358.0 231.0
42 42 40 0.0 0.0 0.0 13929.0 166.0 529.0 531.0
42 42 41 0.0 0.0 0.0 9683.0 157.0 357.0 229.0
42 42 42 0.0 0.0 0.0 3562.0 63.0 128.0 24.0
42 42 43 0.0 0.0 0.0 114.0 0.0 5.0 0.0
42 43 37 0.0 0.0 0.0 8.0 4.0 0.0 0.0
42 43 38 0.0 0.0 0.0 128.0 0.0 6.0 0.0
42 43 39 0.0 0.0 0.0 285.0 2.0 12.0 0.0
42 43 40 0.0 0.0 0.0 431.0 2.0 8.0 0.0
42 43 41 0.0 0.0 0.0 289.0 1.0 9.0 0.0
42 43 42 0.0 0.0 0.0 106.0 0.0 4.0 0.0
42 43 43 0.0 0.0 0.0 9.0 0.0 0.0 0.0
43 37 38 0.0 0.0 0.0 29.0 0.0 0.0 0.0
43 37 39 0.0 0.0 0.0 38.0 0.0 1.0 0.0
43 37 40 0.0 0.0 0.0 45.0 3.0 3.0 0.0
43 37 41 0.0 0.0 0.0 51.0 0.0 0.0 0.0
43 37 42 0.0 0.0 0.0 10.0 0.0 0.0 0.0
43 37 43 0.0 0.0 0.0 1.0 0.0 0.0 0.0
43 38 37 0.0 0.0 0.0 26.0 1.0 1.0 0.0
43 38 38 0.0 0.0 0.0 121.0 2.0 7.0 0.0
43 38 39 0.0 0.0 0.0 293.0 2.0 14.0 0.0
43 38 40 0.0 0.0 0.0 376.0 1.0 8.0 0.0
43 38 41 0.0 0.0 0.0 263.0 2.0 6.0 0.0
43 38 42 0.0 0.0 0.0 99.0 0.0 3.0 0.0
43 38 43 0.0 0.0 0.0 14.0 0.0 0.0 0.0
43 39 37 0.0 0.0 0.0 28.0 0.0 1.0 0.0
43 39 38 0.0 0.0 0.0 297.0 6.0 8.0 0.0
43 39 39 0.0 0.0 0.0 618.0 9.0 28.0 0.0
43 39 40 0.0 0.0 0.0 983.0 7.0 38.0 2.0
43 39 41 0.0 0.0 0.0 643.0 7.0 23.0 0.0
43 39 42 0.0 0.0 0.0 264.0 3.0 8.0 0.0
43 39 43 0.0 0.0 0.0 62.0 0.0 2.0 0.0
43 40 37 0.0 0.0 0.0 42.0 0.0 2.0 0.0
43 40 38 0.0 0.0 0.0 350.0 5.0 11.0 0.0
43 40 39 0.0 0.0 0.0 890.0 15.0 29.0 1.0
43 40 40 0.0 0.0 0.0 1215.0 10.0 41.0 2.0
43 40 41 0.0 0.0 0.0 857.0 5.0 27.0 0.0
43 40 42 0.0 0.0 0.0 395.0 1.0 19.0 1.0
43 40 43 0.0 0.0 0.0 60.0 0.0 4.0 0.0
43 41 37 0.0 0.0 0.0 46.0 0.0 2.0 0.0
43 41 38 0.0 0.0 0.0 332.0 6.0 11.0 1.0
43 41 39 0.0 0.0 0.0 633.0 5.0 21.0 0.0
43 41 40 0.0 0.0 0.0 1012.0 7.0 28.0 2.0
43 41 41 0.0 0.0 0.0 733.0 10.0 31.0 0.0
43 41 42 0.0 0.0 0.0 298.0 14.0 16.0 0.0
43 41 43 0.0 0.0 0.0 27.0 0.0 2.0 0.0
43 42 37 0.0 0.0 0.0 35.0 0.0 1.0 0.0
43 42 38 0.0 0.0 0.0 70.0 1.0 1.0 0.0
43 42 39 0.0 0.0 0.0 368.0 2.0 17.0 0.0
43 42 40 0.0 0.0 0.0 390.0 2.0 19.0 1.0
43 42 41 0.0 0.0 0.0 290.0 3.0 13.0 0.0
43 42 42 0.0 0.0 0.0 81.0 3.0 2.0 0.0
43 42 43 0.0 0.0 0.0 16.0 0.0 3.0 0.0
43 43 37 0.0 0.0 0.0 1.0 0.0 0.0 0.0
43 43 38 0.0 0.0 0.0 7.0 0.0 0.0 0.0
43 43 39 0.0 0.0 0.0 34.0 0.0 1.0 0.0
43 43 40 0.0 0.0 0.0 53.0 0.0 4.0 0.0
43 43 41 0.0 0.0 0.0 32.0 0.0 3.0 0.0
43 43 42 0.0 0.0 0.0 14.0 0.0 1.0 0.0
44 38 40 0.0 0.0 0.0 1.0 0.0 0.0 0.0
44 39 40 0.0 0.0 0.0 1.0 0.0 0.0 0.0
44 40 40 0.0 0.0 0.0 3.0 0.0 0.0 0.0
