36 36 39 0.0 0.0 0.0 1.0 0.0 0.0 0.0
36 37 38 0.0 0.0 0.0 3.0 0.0 0.0 0.0
36 37 39 0.0 0.0 0.0 14.0 1.0 0.0 0.0
36 37 40 0.0 0.0 0.0 6.0 0.0 0.0 0.0
36 37 41 0.0 0.0 0.0 11.0 0.0 0.0 0.0
36 37 42 0.0 0.0 0.0 6.0 0.0 0.0 0.0
36 38 37 0.0 0.0 0.0 2.0 0.0 0.0 0.0
36 38 38 0.0 0.0 0.0 12.0 0.0 1.0 0.0
36 38 39 0.0 0.0 0.0 42.0 0.0 2.0 0.0
36 38 40 0.0 0.0 0.0 53.0 1.0 2.0 0.0
36 38 41 0.0 0.0 0.0 36.0 0.0 1.0 0.0
36 38 42 0.0 0.0 0.0 15.0 0.0 1.0 0.0
36 39 37 0.0 0.0 0.0 2.0 0.0 0.0 0.0
36 39 38 0.0 0.0 0.0 36.0 0.0 2.0 0.0
36 39 39 0.0 0.0 0.0 96.0 0.0 2.0 0.0
36 39 40 0.0 0.0 0.0 105.0 2.0 7.0 0.0
36 39 41 0.0 0.0 0.0 91.0 0.0 4.0 0.0
36 39 42 0.0 0.0 0.0 41.0 0.0 2.0 0.0
36 39 43 0.0 0.0 0.0 3.0 0.0 0.0 0.0
36 40 36 0.0 0.0 0.0 1.0 0.0 0.0 0.0
36 40 37 0.0 0.0 0.0 6.0 0.0 1.0 0.0
36 40 38 0.0 0.0 0.0 38.0 0.0 3.0 0.0
36 40 39 0.0 0.0 0.0 100.0 1.0 0.0 0.0
36 40 40 0.0 0.0 0.0 148.0 0.0 2.0 0.0
36 40 41 0.0 0.0 0.0 113.0 0.0 2.0 0.0
36 40 42 0.0 0.0 0.0 36.0 1.0 1.0 0.0
36 40 43 0.0 0.0 0.0 10.0 0.0 1.0 0.0
36 41 36 0.0 0.0 0.0 2.0 0.0 1.0 0.0
36 41 37 0.0 0.0 0.0 3.0 0.0 0.0 0.0
36 41 38 0.0 0.0 0.0 37.0 0.0 0.0 0.0
36 41 39 0.0 0.0 0.0 84.0 0.0 1.0 0.0
36 41 40 0.0 0.0 0.0 132.0 0.0 7.0 0.0
36 41 41 0.0 0.0 0.0 76.0 1.0 3.0 0.0
36 41 42 0.0 0.0 0.0 21.0 0.0 1.0 0.0
36 41 43 0.0 0.0 0.0 8.0 0.0 1.0 0.0
36 42 36 0.0 0.0 0.0 1.0 0.0 0.0 0.0
36 42 38 0.0 0.0 0.0 9.0 0.0 0.0 0.0
36 42 39 0.0 0.0 0.0 40.0 0.0 1.0 0.0
36 42 40 0.0 0.0 0.0 37.0 0.0 1.0 0.0
36 42 41 0.0 0.0 0.0 15.0 0.0 0.0 0.0
36 42 42 0.0 0.0 0.0 13.0 0.0 0.0 0.0
36 42 43 0.0 0.0 0.0 4.0 0.0 0.0 0.0
36 43 38 0.0 0.0 0.0 2.0 0.0 0.0 0.0
36 43 39 0.0 0.0 0.0 10.0 0.0 0.0 0.0
36 43 40 0.0 0.0 0.0 6.0 0.0 1.0 0.0
36 43 41 0.0 0.0 0.0 4.0 0.0 0.0 0.0
36 43 42 0.0 0.0 0.0 1.0 0.0 0.0 0.0
36 43 43 0.0 0.0 0.0 1.0 0.0 0.0 0.0
37 36 38 0.0 0.0 0.0 1.0 0.0 0.0 0.0
37 36 39 0.0 0.0 0.0 4.0 0.0 0.0 0.0
37 36 40 0.0 0.0 0.0 2.0 0.0 0.0 0.0
37 36 41 0.0 0.0 0.0 3.0 0.0 0.0 0.0
37 36 42 0.0 0.0 0.0 2.0 0.0 0.0 0.0
37 37 37 0.0 0.0 0.0 95.0 1.0 6.0 0.0
37 37 38 0.0 0.0 0.0 505.0 5.0 24.0 0.0
37 37 39 0.0 0.0 0.0 1126.0 6.0 42.0 1.0
37 37 40 0.0 0.0 0.0 1360.0 4.0 51.0 3.0
37 37 41 0.0 0.0 0.0 1160.0 32.0 58.0 4.0
37 37 42 0.0 0.0 0.0 430.0 4.0 17.0 0.0
37 37 43 0.0 0.0 0.0 46.0 0.0 3.0 0.0
37 38 36 0.0 0.0 0.0 6.0 0.0 1.0 0.0
37 38 37 0.0 0.0 0.0 518.0 0.0 22.0 0.0
37 38 38 0.0 0.0 0.0 2349.0 12.0 73.0 10.0
37 38 39 0.0 0.0 0.0 5194.0 34.0 187.0 30.0
37 38 40 0.0 0.0 0.0 6588.0 18.0 243.0 74.0
37 38 41 0.0 0.0 0.0 5006.0 29.0 185.0 58.0
37 38 42 0.0 0.0 0.0 1855.0 10.0 62.0 6.0
37 38 43 0.0 0.0 0.0 334.0 2.0 13.0 0.0
37 38 44 0.0 0.0 0.0 1.0 0.0 0.0 0.0
37 39 36 0.0 0.0 0.0 5.0 0.0 1.0 0.0
37 39 37 0.0 0.0 0.0 1109.0 5.0 30.0 2.0
37 39 38 0.0 0.0 0.0 4996.0 41.0 196.0 47.0
37 39 39 0.0 0.0 0.0 10676.0 78.0 397.0 244.0
37 39 40 0.0 0.0 0.0 13283.0 124.0 535.0 363.0
37 39 41 0.0 0.0 0.0 10292.0 72.0 376.0 207.0
37 39 42 0.0 0.0 0.0 4817.0 26.0 172.0 40.0
37 39 43 0.0 0.0 0.0 1016.0 0.0 55.0 2.0
37 39 44 0.0 0.0 0.0 7.0 0.0 2.0 0.0
37 40 36 0.0 0.0 0.0 7.0 0.0 0.0 0.0
37 40 37 0.0 0.0 0.0 1386.0 7.0 59.0 3.0
37 40 38 0.0 0.0 0.0 6594.0 39.0 246.0 83.0
37 40 39 0.0 0.0 0.0 13376.0 100.0 495.0 400.0
37 40 40 0.0 0.0 0.0 16936.0 102.0 607.0 633.0
37 40 41 0.0 0.0 0.0 12678.0 62.0 474.0 356.0
37 40 42 0.0 0.0 0.0 5978.0 34.0 225.0 70.0
37 40 43 0.0 0.0 0.0 1237.0 10.0 45.0 2.0
37 40 44 0.0 0.0 0.0 7.0 0.0 0.0 0.0
37 41 36 0.0 0.0 0.0 8.0 0.0 0.0 0.0
37 41 37 0.0 0.0 0.0 1140.0 3.0 32.0 1.0
37 41 38 0.0 0.0 0.0 5246.0 45.0 216.0 61.0
37 41 39 0.0 0.0 0.0 10619.0 83.0 414.0 241.0
37 41 40 0.0 0.0 0.0 13065.0 87.0 463.0 395.0
37 41 41 0.0 0.0 0.0 10073.0 57.0 409.0 205.0
37 41 42 0.0 0.0 0.0 4481.0 28.0 158.0 31.0
37 41 43 0.0 0.0 0.0 877.0 4.0 24.0 1.0
37 41 44 0.0 0.0 0.0 2.0 0.0 0.0 0.0
37 42 36 0.0 0.0 0.0 2.0 0.0 1.0 0.0
37 42 37 0.0 0.0 0.0 479.0 3.0 10.0 0.0
37 42 38 0.0 0.0 0.0 2189.0 8.0 88.0 7.0
37 42 39 0.0 0.0 0.0 4651.0 15.0 174.0 44.0
37 42 40 0.0 0.0 0.0 6328.0 37.0 232.0 71.0
37 42 41 0.0 0.0 0.0 4194.0 25.0 170.0 30.0
37 42 42 0.0 0.0 0.0 1848.0 13.0 84.0 8.0
37 42 43 0.0 0.0 0.0 310.0 5.0 7.0 0.0
37 42 44 0.0 0.0 0.0 16.0 0.0 3.0 0.0
37 43 37 0.0 0.0 0.0 147.0 0.0 5.0 0.0
37 43 38 0.0 0.0 0.0 513.0 3.0 26.0 1.0
37 43 39 0.0 0.0 0.0 910.0 8.0 31.0 0.0
37 43 40 0.0 0.0 0.0 1118.0 0.0 46.0 0.0
37 43 41 0.0 0.0 0.0 772.0 3.0 24.0 1.0
37 43 42 0.0 0.0 0.0 355.0 5.0 17.0 0.0
37 43 43 0.0 0.0 0.0 62.0 0.0 4.0 0.0
37 44 38 0.0 0.0 0.0 1.0 0.0 0.0 0.0
37 44 39 0.0 0.0 0.0 2.0 0.0 0.0 0.0
37 44 40 0.0 0.0 0.0 8.0 0.0 2.0 0.0
37 44 41 0.0 0.0 0.0 2.0 0.0 0.0 0.0
37 44 42 0.0 0.0 0.0 1.0 0.0 0.0 0.0
37 44 43 0.0 0.0 0.0 1.0 0.0 0.0 0.0
38 36 37 0.0 0.0 0.0 3.0 0.0 1.0 0.0
38 36 38 0.0 0.0 0.0 15.0 0.0 0.0 0.0
38 36 39 0.0 0.0 0.0 30.0 0.0 0.0 0.0
38 36 40 0.0 0.0 0.0 45.0 0.0 1.0 0.0
38 36 41 0.0 0.0 0.0 33.0 0.0 0.0 0.0
38 36 42 0.0 0.0 0.0 7.0 1.0 0.0 0.0
38 36 43 0.0 0.0 0.0 3.0 0.0 0.0 0.0
38 37 36 0.0 0.0 0.0 2.0 0.0 1.0 0.0
38 37 37 0.0 0.0 0.0 401.0 4.0 20.0 0.0
38 37 38 0.0 0.0 0.0 2155.0 19.0 86.0 2.0
38 37 39 0.0 0.0 0.0 4714.0 24.0 173.0 41.0
38 37 40 0.0 0.0 0.0 6022.0 26.0 242.0 66.0
38 37 41 0.0 0.0 0.0 4980.0 29.0 218.0 51.0
38 37 42 0.0 0.0 0.0 2068.0 8.0 84.0 4.0
38 37 43 0.0 0.0 0.0 559.0 2.0 28.0 0.0
38 37 44 0.0 0.0 0.0 2.0 0.0 0.0 0.0
38 38 36 0.0 0.0 0.0 15.0 0.0 0.0 0.0
38 38 37 0.0 0.0 0.0 2576.0 3.0 102.0 13.0
38 38 38 0.0 0.0 0.0 22748.0 219.0 803.0 1891.0
38 38 39 0.0 0.0 0.0 36838.0 300.0 1192.0 6468.0
38 38 40 0.0 0.0 0.0 41303.0 338.0 1269.0 9670.0
38 38 41 0.0 0.0 0.0 35567.0 430.0 1220.0 5685.0
38 38 42 0.0 0.0 0.0 20389.0 104.0 749.0 1310.0
38 38 43 0.0 0.0 0.0 1992.0 19.0 74.0 8.0
38 38 44 0.0 0.0 0.0 18.0 0.0 0.0 0.0
38 39 36 0.0 0.0 0.0 38.0 0.0 2.0 0.0
38 39 37 0.0 0.0 0.0 5298.0 34.0 195.0 66.0
38 39 38 0.0 0.0 0.0 35689.0 259.0 1142.0 5899.0
38 39 39 0.0 0.0 0.0 47689.0 655.0 1318.0 19275.0
38 39 40 0.0 0.0 0.0 48511.0 585.0 1329.0 23854.0
38 39 41 0.0 0.0 0.0 47446.0 618.0 1328.0 17779.0
38 39 42 0.0 0.0 0.0 34958.0 302.0 1184.0 5467.0
38 39 43 0.0 0.0 0.0 5042.0 29.0 215.0 52.0
38 39 44 0.0 0.0 0.0 46.0 4.0 2.0 0.0
38 40 36 0.0 0.0 0.0 48.0 1.0 0.0 0.0
38 40 37 0.0 0.0 0.0 6690.0 37.0 233.0 84.0
38 40 38 0.0 0.0 0.0 41430.0 335.0 1277.0 9601.0
38 40 39 0.0 0.0 0.0 48579.0 705.0 1274.0 24801.0
38 40 40 0.0 0.0 0.0 48568.0 807.0 1250.0 31936.0
38 40 41 0.0 0.0 0.0 48599.0 554.0 1340.0 23818.0
38 40 42 0.0 0.0 0.0 39535.0 414.0 1261.0 7997.0
38 40 43 0.0 0.0 0.0 6089.0 49.0 256.0 60.0
38 40 44 0.0 0.0 0.0 47.0 0.0 2.0 0.0
38 41 36 0.0 0.0 0.0 38.0 0.0 2.0 0.0
38 41 37 0.0 0.0 0.0 5095.0 30.0 193.0 44.0
38 41 38 0.0 0.0 0.0 35745.0 571.0 1211.0 6154.0
38 41 39 0.0 0.0 0.0 47386.0 431.0 1361.0 18688.0
38 41 40 0.0 0.0 0.0 48711.0 614.0 1227.0 24696.0
38 41 41 0.0 0.0 0.0 46879.0 561.0 1340.0 16990.0
38 41 42 0.0 0.0 0.0 34013.0 438.0 1150.0 4966.0
38 41 43 0.0 0.0 0.0 4766.0 17.0 157.0 44.0
38 41 44 0.0 0.0 0.0 36.0 0.0 1.0 0.0
38 42 36 0.0 0.0 0.0 16.0 0.0 1.0 0.0
38 42 37 0.0 0.0 0.0 2409.0 12.0 89.0 10.0
38 42 38 0.0 0.0 0.0 24150.0 128.0 828.0 2117.0
38 42 39 0.0 0.0 0.0 34765.0 301.0 1091.0 5289.0
38 42 40 0.0 0.0 0.0 39668.0 436.0 1276.0 8086.0
38 42 41 0.0 0.0 0.0 34465.0 340.0 1139.0 5204.0
38 42 42 0.0 0.0 0.0 19607.0 149.0 731.0 1229.0
38 42 43 0.0 0.0 0.0 1894.0 10.0 59.0 11.0
38 42 44 0.0 0.0 0.0 22.0 0.0 1.0 0.0
38 43 37 0.0 0.0 0.0 656.0 1.0 28.0 0.0
38 43 38 0.0 0.0 0.0 2307.0 14.0 87.0 10.0
38 43 39 0.0 0.0 0.0 5149.0 43.0 200.0 46.0
38 43 40 0.0 0.0 0.0 6320.0 54.0 242.0 63.0
38 43 41 0.0 0.0 0.0 4749.0 32.0 184.0 31.0
38 43 42 0.0 0.0 0.0 2187.0 9.0 74.0 10.0
38 43 43 0.0 0.0 0.0 467.0 1.0 19.0 0.0
38 43 44 0.0 0.0 0.0 1.0 0.0 0.0 0.0
38 44 37 0.0 0.0 0.0 4.0 0.0 0.0 0.0
38 44 38 0.0 0.0 0.0 11.0 0.0 0.0 0.0
38 44 39 0.0 0.0 0.0 31.0 0.0 1.0 0.0
38 44 40 0.0 0.0 0.0 65.0 0.0 2.0 0.0
38 44 41 0.0 0.0 0.0 42.0 1.0 1.0 0.0
38 44 42 0.0 0.0 0.0 6.0 0.0 0.0 0.0
38 44 43 0.0 0.0 0.0 2.0 0.0 0.0 0.0
38 44 44 0.0 0.0 0.0 1.0 0.0 0.0 0.0
39 36 37 0.0 0.0 0.0 8.0 0.0 1.0 0.0
39 36 38 0.0 0.0 0.0 38.0 0.0 2.0 0.0
39 36 39 0.0 0.0 0.0 108.0 3.0 4.0 0.0
39 36 40 0.0 0.0 0.0 170.0 1.0 9.0 0.0
39 36 41 0.0 0.0 0.0 102.0 1.0 3.0 0.0
39 36 42 0.0 0.0 0.0 17.0 0.0 0.0 0.0
39 36 43 0.0 0.0 0.0 2.0 0.0 0.0 0.0
39 37 36 0.0 0.0 0.0 7.0 0.0 2.0 0.0
39 37 37 0.0 0.0 0.0 1055.0 4.0 55.0 1.0
39 37 38 0.0 0.0 0.0 4831.0 29.0 181.0 50.0
39 37 39 0.0 0.0 0.0 11110.0 63.0 433.0 279.0
39 37 40 0.0 0.0 0.0 13620.0 95.0 509.0 409.0
39 37 41 0.0 0.0 0.0 11162.0 96.0 400.0 284.0
39 37 42 0.0 0.0 0.0 5052.0 39.0 188.0 43.0
39 37 43 0.0 0.0 0.0 1060.0 8.0 38.0 0.0
39 37 44 0.0 0.0 0.0 10.0 0.0 0.0 0.0
39 38 36 0.0 0.0 0.0 41.0 0.0 1.0 0.0
39 38 37 0.0 0.0 0.0 5309.0 46.0 185.0 52.0
39 38 38 0.0 0.0 0.0 36061.0 428.0 1191.0 6072.0
39 38 39 0.0 0.0 0.0 47254.0 592.0 1348.0 17664.0
39 38 40 0.0 0.0 0.0 48876.0 692.0 1245.0 24026.0
39 38 41 0.0 0.0 0.0 47265.0 558.0 1305.0 17978.0
39 38 42 0.0 0.0 0.0 36753.0 390.0 1182.0 6518.0
39 38 43 0.0 0.0 0.0 5473.0 50.0 207.0 55.0
39 38 44 0.0 0.0 0.0 25.0 0.0 1.0 0.0
39 39 36 0.0 0.0 0.0 88.0 0.0 1.0 0.0
39 39 37 0.0 0.0 0.0 11146.0 81.0 397.0 259.0
39 39 38 0.0 0.0 0.0 47745.0 402.0 1305.0 19480.0
39 39 39 0.0 0.0 0.0 32018.0 902.0 627.0 69730.0
39 39 40 0.0 0.0 0.0 31351.0 893.0 618.0 75137.0
39 39 41 0.0 0.0 0.0 33054.0 838.0 700.0 66840.0
39 39 42 0.0 0.0 0.0 47021.0 719.0 1380.0 18548.0
39 39 43 0.0 0.0 0.0 10982.0 66.0 445.0 261.0
39 39 44 0.0 0.0 0.0 116.0 0.0 2.0 0.0
39 40 36 0.0 0.0 0.0 154.0 0.0 4.0 0.0
39 40 37 0.0 0.0 0.0 14289.0 79.0 501.0 457.0
39 40 38 0.0 0.0 0.0 48976.0 652.0 1290.0 25453.0
39 40 39 0.0 0.0 0.0 31624.0 828.0 603.0 74867.0
39 40 40 0.0 0.0 0.0 28743.0 791.0 532.0 85768.0
39 40 41 0.0 0.0 0.0 31963.0 1181.0 613.0 73115.0
39 40 42 0.0 0.0 0.0 48237.0 648.0 1253.0 24764.0
39 40 43 0.0 0.0 0.0 13940.0 99.0 530.0 403.0
39 40 44 0.0 0.0 0.0 130.0 0.0 5.0 0.0
39 41 36 0.0 0.0 0.0 119.0 0.0 4.0 0.0
39 41 37 0.0 0.0 0.0 11380.0 68.0 432.0 285.0
39 41 38 0.0 0.0 0.0 47935.0 492.0 1288.0 18825.0
39 41 39 0.0 0.0 0.0 32289.0 741.0 657.0 69462.0
39 41 40 0.0 0.0 0.0 32102.0 964.0 636.0 73919.0
39 41 41 0.0 0.0 0.0 34065.0 763.0 722.0 65995.0
39 41 42 0.0 0.0 0.0 46768.0 445.0 1277.0 17516.0
39 41 43 0.0 0.0 0.0 11019.0 45.0 452.0 265.0
39 41 44 0.0 0.0 0.0 91.0 1.0 4.0 0.0
39 42 36 0.0 0.0 0.0 38.0 0.0 5.0 0.0
39 42 37 0.0 0.0 0.0 5717.0 25.0 228.0 53.0
39 42 38 0.0 0.0 0.0 37712.0 346.0 1209.0 7149.0
39 42 39 0.0 0.0 0.0 47746.0 451.0 1279.0 18258.0
39 42 40 0.0 0.0 0.0 48394.0 610.0 1372.0 25022.0
39 42 41 0.0 0.0 0.0 47172.0 418.0 1337.0 17901.0
39 42 42 0.0 0.0 0.0 35929.0 284.0 1149.0 6089.0
39 42 43 0.0 0.0 0.0 4753.0 28.0 184.0 39.0
39 42 44 0.0 0.0 0.0 29.0 0.0 1.0 0.0
39 43 36 0.0 0.0 0.0 7.0 0.0 0.0 0.0
39 43 37 0.0 0.0 0.0 1278.0 10.0 37.0 4.0
39 43 38 0.0 0.0 0.0 5236.0 27.0 193.0 51.0
39 43 39 0.0 0.0 0.0 10739.0 60.0 376.0 241.0
39 43 40 0.0 0.0 0.0 13333.0 60.0 508.0 328.0
39 43 41 0.0 0.0 0.0 10392.0 76.0 380.0 223.0
39 43 42 0.0 0.0 0.0 5117.0 31.0 181.0 66.0
39 43 43 0.0 0.0 0.0 1160.0 4.0 51.0 2.0
39 43 44 0.0 0.0 0.0 5.0 0.0 0.0 0.0
39 44 37 0.0 0.0 0.0 7.0 0.0 0.0 0.0
39 44 38 0.0 0.0 0.0 53.0 0.0 6.0 0.0
39 44 39 0.0 0.0 0.0 94.0 1.0 1.0 0.0
39 44 40 0.0 0.0 0.0 125.0 0.0 3.0 0.0
39 44 41 0.0 0.0 0.0 81.0 2.0 4.0 0.0
39 44 42 0.0 0.0 0.0 60.0 0.0 4.0 0.0
39 44 43 0.0 0.0 0.0 2.0 0.0 0.0 0.0
40 36 37 0.0 0.0 0.0 11.0 0.0 0.0 0.0
40 36 38 0.0 0.0 0.0 62.0 0.0 6.0 0.0
40 36 39 0.0 0.0 0.0 122.0 3.0 4.0 0.0
40 36 40 0.0 0.0 0.0 175.0 0.0 7.0 0.0
40 36 41 0.0 0.0 0.0 132.0 1.0 3.0 0.0
40 36 42 0.0 0.0 0.0 63.0 0.0 2.0 0.0
40 36 43 0.0 0.0 0.0 13.0 0.0 1.0 0.0
40 37 36 0.0 0.0 0.0 2.0 0.0 0.0 0.0
40 37 37 0.0 0.0 0.0 1380.0 7.0 54.0 3.0
40 37 38 0.0 0.0 0.0 6644.0 39.0 272.0 81.0
40 37 39 0.0 0.0 0.0 13996.0 145.0 578.0 448.0
40 37 40 0.0 0.0 0.0 16879.0 106.0 601.0 654.0
40 37 41 0.0 0.0 0.0 14072.0 80.0 488.0 443.0
40 37 42 0.0 0.0 0.0 6677.0 34.0 271.0 80.0
40 37 43 0.0 0.0 0.0 1666.0 17.0 62.0 6.0
40 37 44 0.0 0.0 0.0 8.0 0.0 1.0 0.0
40 38 36 0.0 0.0 0.0 64.0 1.0 4.0 0.0
40 38 37 0.0 0.0 0.0 6645.0 42.0 281.0 74.0
40 38 38 0.0 0.0 0.0 40806.0 572.0 1259.0 9205.0
40 38 39 0.0 0.0 0.0 48510.0 796.0 1228.0 26300.0
40 38 40 0.0 0.0 0.0 48133.0 707.0 1214.0 33740.0
40 38 41 0.0 0.0 0.0 48635.0 654.0 1342.0 24936.0
40 38 42 0.0 0.0 0.0 41636.0 519.0 1290.0 10193.0
40 38 43 0.0 0.0 0.0 7062.0 52.0 256.0 79.0
40 38 44 0.0 0.0 0.0 59.0 0.0 3.0 0.0
40 39 36 0.0 0.0 0.0 145.0 0.0 4.0 0.0
40 39 37 0.0 0.0 0.0 14396.0 104.0 527.0 448.0
40 39 38 0.0 0.0 0.0 48621.0 687.0 1290.0 25076.0
40 39 39 0.0 0.0 0.0 31163.0 1031.0 591.0 75737.0
40 39 40 0.0 0.0 0.0 28442.0 1025.0 527.0 85298.0
40 39 41 0.0 0.0 0.0 30480.0 936.0 575.0 77324.0
40 39 42 0.0 0.0 0.0 48472.0 609.0 1265.0 25722.0
40 39 43 0.0 0.0 0.0 13904.0 96.0 529.0 397.0
40 39 44 0.0 0.0 0.0 137.0 0.0 7.0 0.0
40 40 36 0.0 0.0 0.0 167.0 0.0 7.0 0.0
40 40 37 0.0 0.0 0.0 17148.0 106.0 581.0 680.0
40 40 38 0.0 0.0 0.0 48528.0 573.0 1172.0 33087.0
40 40 39 0.0 0.0 0.0 28311.0 787.0 490.0 85891.0
40 40 40 0.0 0.0 0.0 17764.0 703.0 235.0 119418.0
40 40 41 0.0 0.0 0.0 27847.0 870.0 493.0 86870.0
40 40 42 0.0 0.0 0.0 48270.0 666.0 1196.0 33159.0
40 40 43 0.0 0.0 0.0 16973.0 110.0 644.0 669.0
40 40 44 0.0 0.0 0.0 209.0 0.0 9.0 0.0
40 41 36 0.0 0.0 0.0 132.0 1.0 8.0 0.0
40 41 37 0.0 0.0 0.0 14360.0 110.0 552.0 475.0
40 41 38 0.0 0.0 0.0 48646.0 676.0 1289.0 26343.0
40 41 39 0.0 0.0 0.0 31441.0 763.0 639.0 76191.0
40 41 40 0.0 0.0 0.0 28095.0 759.0 511.0 86682.0
40 41 41 0.0 0.0 0.0 30869.0 855.0 641.0 76005.0
40 41 42 0.0 0.0 0.0 48728.0 599.0 1254.0 24548.0
40 41 43 0.0 0.0 0.0 13452.0 81.0 523.0 426.0
40 41 44 0.0 0.0 0.0 128.0 1.0 6.0 0.0
40 42 36 0.0 0.0 0.0 44.0 0.0 2.0 0.0
40 42 37 0.0 0.0 0.0 7071.0 46.0 271.0 101.0
40 42 38 0.0 0.0 0.0 41423.0 379.0 1202.0 10061.0
40 42 39 0.0 0.0 0.0 48550.0 665.0 1280.0 24748.0
40 42 40 0.0 0.0 0.0 48796.0 643.0 1264.0 32029.0
40 42 41 0.0 0.0 0.0 48409.0 534.0 1286.0 23848.0
40 42 42 0.0 0.0 0.0 40389.0 470.0 1255.0 8903.0
40 42 43 0.0 0.0 0.0 6340.0 22.0 234.0 66.0
40 42 44 0.0 0.0 0.0 55.0 0.0 0.0 0.0
40 43 36 0.0 0.0 0.0 14.0 0.0 1.0 0.0
40 43 37 0.0 0.0 0.0 1434.0 7.0 57.0 4.0
40 43 38 0.0 0.0 0.0 6928.0 46.0 263.0 96.0
40 43 39 0.0 0.0 0.0 14141.0 87.0 512.0 467.0
40 43 40 0.0 0.0 0.0 17141.0 104.0 608.0 658.0
40 43 41 0.0 0.0 0.0 13337.0 76.0 485.0 382.0
40 43 42 0.0 0.0 0.0 6130.0 21.0 242.0 74.0
40 43 43 0.0 0.0 0.0 1329.0 8.0 38.0 0.0
40 43 44 0.0 0.0 0.0 7.0 0.0 0.0 0.0
40 44 37 0.0 0.0 0.0 4.0 0.0 0.0 0.0
40 44 38 0.0 0.0 0.0 56.0 0.0 2.0 0.0
40 44 39 0.0 0.0 0.0 112.0 0.0 4.0 0.0
40 44 40 0.0 0.0 0.0 181.0 0.0 8.0 1.0
40 44 41 0.0 0.0 0.0 125.0 2.0 5.0 0.0
40 44 42 0.0 0.0 0.0 58.0 0.0 1.0 0.0
40 44 43 0.0 0.0 0.0 14.0 0.0 0.0 0.0
41 36 37 0.0 0.0 0.0 5.0 0.0 0.0 0.0
41 36 38 0.0 0.0 0.0 47.0 0.0 1.0 0.0
41 36 39 0.0 0.0 0.0 114.0 0.0 4.0 0.0
41 36 40 0.0 0.0 0.0 128.0 0.0 1.0 0.0
41 36 41 0.0 0.0 0.0 108.0 0.0 2.0 0.0
41 36 42 0.0 0.0 0.0 28.0 0.0 3.0 0.0
41 36 43 0.0 0.0 0.0 5.0 0.0 0.0 0.0
41 36 44 0.0 0.0 0.0 2.0 0.0 0.0 0.0
41 37 36 0.0 0.0 0.0 5.0 0.0 1.0 0.0
41 37 37 0.0 0.0 0.0 964.0 13.0 40.0 1.0
41 37 38 0.0 0.0 0.0 5099.0 65.0 198.0 36.0
41 37 39 0.0 0.0 0.0 11539.0 85.0 395.0 293.0
41 37 40 0.0 0.0 0.0 14081.0 92.0 523.0 438.0
41 37 41 0.0 0.0 0.0 11070.0 77.0 428.0 272.0
41 37 42 0.0 0.0 0.0 5343.0 33.0 200.0 63.0
41 37 43 0.0 0.0 0.0 1291.0 6.0 49.0 3.0
41 37 44 0.0 0.0 0.0 7.0 0.0 0.0 0.0
41 38 36 0.0 0.0 0.0 65.0 0.0 0.0 0.0
41 38 37 0.0 0.0 0.0 5330.0 37.0 217.0 64.0
41 38 38 0.0 0.0 0.0 35992.0 412.0 1193.0 6160.0
41 38 39 0.0 0.0 0.0 46848.0 692.0 1304.0 17871.0
41 38 40 0.0 0.0 0.0 48493.0 865.0 1284.0 25068.0
41 38 41 0.0 0.0 0.0 47724.0 534.0 1317.0 19170.0
41 38 42 0.0 0.0 0.0 38028.0 339.0 1237.0 6983.0
41 38 43 0.0 0.0 0.0 5459.0 40.0 206.0 52.0
41 38 44 0.0 0.0 0.0 45.0 0.0 0.0 0.0
41 39 36 0.0 0.0 0.0 97.0 0.0 4.0 0.0
41 39 37 0.0 0.0 0.0 11556.0 102.0 460.0 279.0
41 39 38 0.0 0.0 0.0 47377.0 539.0 1328.0 19253.0
41 39 39 0.0 0.0 0.0 32649.0 1010.0 660.0 67625.0
41 39 40 0.0 0.0 0.0 30702.0 1022.0 644.0 76590.0
41 39 41 0.0 0.0 0.0 31827.0 796.0 668.0 70309.0
41 39 42 0.0 0.0 0.0 48190.0 555.0 1362.0 19977.0
41 39 43 0.0 0.0 0.0 11089.0 63.0 450.0 258.0
41 39 44 0.0 0.0 0.0 130.0 0.0 5.0 0.0
41 40 36 0.0 0.0 0.0 135.0 2.0 2.0 0.0
41 40 37 0.0 0.0 0.0 13692.0 108.0 486.0 404.0
41 40 38 0.0 0.0 0.0 48911.0 630.0 1260.0 24908.0
41 40 39 0.0 0.0 0.0 31112.0 789.0 626.0 76005.0
41 40 40 0.0 0.0 0.0 29126.0 891.0 566.0 84238.0
41 40 41 0.0 0.0 0.0 31077.0 843.0 591.0 76116.0
41 40 42 0.0 0.0 0.0 48552.0 628.0 1301.0 26157.0
41 40 43 0.0 0.0 0.0 14479.0 105.0 561.0 505.0
41 40 44 0.0 0.0 0.0 107.0 1.0 4.0 0.0
41 41 36 0.0 0.0 0.0 80.0 1.0 0.0 0.0
41 41 37 0.0 0.0 0.0 11689.0 56.0 434.0 286.0
41 41 38 0.0 0.0 0.0 47628.0 465.0 1244.0 19177.0
41 41 39 0.0 0.0 0.0 32475.0 917.0 686.0 68613.0
41 41 40 0.0 0.0 0.0 31543.0 758.0 620.0 75000.0
41 41 41 0.0 0.0 0.0 32951.0 998.0 680.0 67765.0
41 41 42 0.0 0.0 0.0 47363.0 633.0 1331.0 19238.0
41 41 43 0.0 0.0 0.0 11316.0 53.0 428.0 254.0
41 41 44 0.0 0.0 0.0 115.0 0.0 4.0 0.0
41 42 36 0.0 0.0 0.0 41.0 0.0 2.0 0.0
41 42 37 0.0 0.0 0.0 5417.0 39.0 187.0 60.0
41 42 38 0.0 0.0 0.0 36356.0 366.0 1170.0 5947.0
41 42 39 0.0 0.0 0.0 47503.0 433.0 1311.0 19164.0
41 42 40 0.0 0.0 0.0 48520.0 641.0 1323.0 25557.0
41 42 41 0.0 0.0 0.0 47240.0 557.0 1341.0 18307.0
41 42 42 0.0 0.0 0.0 35299.0 344.0 1094.0 5588.0
41 42 43 0.0 0.0 0.0 5057.0 36.0 171.0 53.0
41 42 44 0.0 0.0 0.0 34.0 0.0 0.0 0.0
41 43 36 0.0 0.0 0.0 12.0 0.0 0.0 0.0
41 43 37 0.0 0.0 0.0 1242.0 3.0 36.0 6.0
41 43 38 0.0 0.0 0.0 5202.0 20.0 182.0 50.0
41 43 39 0.0 0.0 0.0 10926.0 62.0 432.0 311.0
41 43 40 0.0 0.0 0.0 14344.0 80.0 502.0 470.0
41 43 41 0.0 0.0 0.0 10939.0 76.0 389.0 278.0
41 43 42 0.0 0.0 0.0 4754.0 35.0 174.0 38.0
41 43 43 0.0 0.0 0.0 839.0 8.0 29.0 2.0
41 43 44 0.0 0.0 0.0 8.0 0.0 0.0 0.0
41 44 37 0.0 0.0 0.0 5.0 0.0 0.0 0.0
41 44 38 0.0 0.0 0.0 54.0 0.0 1.0 0.0
41 44 39 0.0 0.0 0.0 109.0 0.0 5.0 0.0
41 44 40 0.0 0.0 0.0 129.0 0.0 7.0 0.0
41 44 41 0.0 0.0 0.0 81.0 0.0 3.0 0.0
41 44 42 0.0 0.0 0.0 31.0 0.0 2.0 0.0
41 44 43 0.0 0.0 0.0 8.0 0.0 0.0 0.0
42 36 36 0.0 0.0 0.0 1.0 0.0 0.0 0.0
42 36 37 0.0 0.0 0.0 2.0 0.0 0.0 0.0
42 36 38 0.0 0.0 0.0 14.0 0.0 0.0 0.0
42 36 39 0.0 0.0 0.0 42.0 0.0 3.0 0.0
42 36 40 0.0 0.0 0.0 61.0 1.0 2.0 0.0
42 36 41 0.0 0.0 0.0 40.0 0.0 0.0 0.0
42 36 42 0.0 0.0 0.0 24.0 0.0 1.0 0.0
42 36 43 0.0 0.0 0.0 1.0 0.0 0.0 0.0
42 37 36 0.0 0.0 0.0 4.0 0.0 0.0 0.0
42 37 37 0.0 0.0 0.0 529.0 5.0 26.0 1.0
42 37 38 0.0 0.0 0.0 2080.0 13.0 94.0 9.0
42 37 39 0.0 0.0 0.0 5066.0 36.0 202.0 64.0
42 37 40 0.0 0.0 0.0 7236.0 79.0 294.0 91.0
42 37 41 0.0 0.0 0.0 5730.0 52.0 224.0 60.0
42 37 42 0.0 0.0 0.0 2755.0 6.0 97.0 13.0
42 37 43 0.0 0.0 0.0 564.0 1.0 29.0 0.0
42 37 44 0.0 0.0 0.0 6.0 0.0 0.0 0.0
42 38 36 0.0 0.0 0.0 14.0 0.0 0.0 0.0
42 38 37 0.0 0.0 0.0 2481.0 8.0 103.0 10.0
42 38 38 0.0 0.0 0.0 21988.0 221.0 777.0 1642.0
42 38 39 0.0 0.0 0.0 36453.0 527.0 1201.0 6535.0
42 38 40 0.0 0.0 0.0 41592.0 701.0 1312.0 9885.0
42 38 41 0.0 0.0 0.0 37983.0 315.0 1223.0 7099.0
42 38 42 0.0 0.0 0.0 24529.0 288.0 829.0 2123.0
42 38 43 0.0 0.0 0.0 2635.0 11.0 89.0 19.0
42 38 44 0.0 0.0 0.0 19.0 0.0 1.0 0.0
42 39 36 0.0 0.0 0.0 48.0 0.0 0.0 0.0
42 39 37 0.0 0.0 0.0 5106.0 29.0 201.0 49.0
42 39 38 0.0 0.0 0.0 35528.0 396.0 1145.0 5773.0
42 39 39 0.0 0.0 0.0 47305.0 758.0 1335.0 17948.0
42 39 40 0.0 0.0 0.0 48979.0 771.0 1353.0 24450.0
42 39 41 0.0 0.0 0.0 47573.0 613.0 1290.0 19075.0
42 39 42 0.0 0.0 0.0 37661.0 335.0 1213.0 7166.0
42 39 43 0.0 0.0 0.0 5691.0 31.0 196.0 65.0
42 39 44 0.0 0.0 0.0 56.0 0.0 0.0 0.0
42 40 36 0.0 0.0 0.0 39.0 0.0 2.0 0.0
42 40 37 0.0 0.0 0.0 6938.0 47.0 251.0 113.0
42 40 38 0.0 0.0 0.0 41515.0 459.0 1296.0 9951.0
42 40 39 0.0 0.0 0.0 48404.0 728.0 1260.0 24732.0
42 40 40 0.0 0.0 0.0 48438.0 832.0 1219.0 32237.0
42 40 41 0.0 0.0 0.0 48609.0 717.0 1250.0 25387.0
42 40 42 0.0 0.0 0.0 41663.0 350.0 1333.0 9936.0
42 40 43 0.0 0.0 0.0 6908.0 44.0 263.0 97.0
42 40 44 0.0 0.0 0.0 48.0 0.0 1.0 0.0
42 41 36 0.0 0.0 0.0 30.0 0.0 1.0 0.0
42 41 37 0.0 0.0 0.0 5032.0 21.0 199.0 45.0
42 41 38 0.0 0.0 0.0 35874.0 249.0 1181.0 5950.0
42 41 39 0.0 0.0 0.0 46973.0 608.0 1293.0 17630.0
42 41 40 0.0 0.0 0.0 48722.0 676.0 1265.0 24909.0
42 41 41 0.0 0.0 0.0 47288.0 580.0 1369.0 18710.0
42 41 42 0.0 0.0 0.0 35910.0 331.0 1113.0 6102.0
42 41 43 0.0 0.0 0.0 5296.0 19.0 232.0 51.0
42 41 44 0.0 0.0 0.0 54.0 0.0 2.0 0.0
42 42 36 0.0 0.0 0.0 17.0 0.0 0.0 0.0
42 42 37 0.0 0.0 0.0 2221.0 2.0 79.0 10.0
42 42 38 0.0 0.0 0.0 19640.0 118.0 706.0 1189.0
42 42 39 0.0 0.0 0.0 35847.0 304.0 1198.0 5832.0
42 42 40 0.0 0.0 0.0 41292.0 426.0 1248.0 9953.0
42 42 41 0.0 0.0 0.0 36089.0 463.0 1177.0 5949.0
42 42 42 0.0 0.0 0.0 20188.0 252.0 722.0 1318.0
42 42 43 0.0 0.0 0.0 2222.0 19.0 82.0 12.0
42 42 44 0.0 0.0 0.0 19.0 0.0 1.0 0.0
42 43 36 0.0 0.0 0.0 5.0 0.0 1.0 0.0
42 43 37 0.0 0.0 0.0 416.0 14.0 18.0 0.0
42 43 38 0.0 0.0 0.0 2322.0 9.0 95.0 9.0
42 43 39 0.0 0.0 0.0 5149.0 29.0 201.0 54.0
42 43 40 0.0 0.0 0.0 6875.0 47.0 261.0 89.0
42 43 41 0.0 0.0 0.0 5152.0 28.0 177.0 60.0
42 43 42 0.0 0.0 0.0 2245.0 6.0 80.0 8.0
42 43 43 0.0 0.0 0.0 348.0 8.0 20.0 0.0
42 44 37 0.0 0.0 0.0 3.0 0.0 1.0 0.0
42 44 38 0.0 0.0 0.0 9.0 0.0 0.0 0.0
42 44 39 0.0 0.0 0.0 46.0 0.0 3.0 0.0
42 44 40 0.0 0.0 0.0 57.0 0.0 1.0 0.0
42 44 41 0.0 0.0 0.0 37.0 2.0 1.0 0.0
42 44 42 0.0 0.0 0.0 19.0 0.0 1.0 0.0
43 36 38 0.0 0.0 0.0 5.0 0.0 0.0 0.0
43 36 39 0.0 0.0 0.0 2.0 0.0 0.0 0.0
43 36 40 0.0 0.0 0.0 15.0 0.0 1.0 0.0
43 36 41 0.0 0.0 0.0 2.0 0.0 0.0 0.0
43 36 42 0.0 0.0 0.0 1.0 0.0 0.0 0.0
43 36 43 0.0 0.0 0.0 1.0 0.0 0.0 0.0
43 37 37 0.0 0.0 0.0 82.0 1.0 3.0 0.0
43 37 38 0.0 0.0 0.0 565.0 2.0 25.0 3.0
43 37 39 0.0 0.0 0.0 1079.0 8.0 36.0 1.0
43 37 40 0.0 0.0 0.0 1406.0 14.0 49.0 3.0
43 37 41 0.0 0.0 0.0 1246.0 6.0 42.0 2.0
43 37 42 0.0 0.0 0.0 454.0 0.0 13.0 1.0
43 37 43 0.0 0.0 0.0 115.0 0.0 5.0 0.0
43 38 36 0.0 0.0 0.0 3.0 0.0 0.0 0.0
43 38 37 0.0 0.0 0.0 452.0 4.0 13.0 0.0
43 38 38 0.0 0.0 0.0 2386.0 21.0 103.0 8.0
43 38 39 0.0 0.0 0.0 5128.0 34.0 188.0 45.0
43 38 40 0.0 0.0 0.0 6623.0 34.0 248.0 84.0
43 38 41 0.0 0.0 0.0 5174.0 39.0 212.0 52.0
43 38 42 0.0 0.0 0.0 2536.0 6.0 105.0 10.0
43 38 43 0.0 0.0 0.0 526.0 0.0 17.0 0.0
43 38 44 0.0 0.0 0.0 3.0 0.0 0.0 0.0
43 39 36 0.0 0.0 0.0 2.0 0.0 0.0 0.0
43 39 37 0.0 0.0 0.0 1062.0 6.0 38.0 1.0
43 39 38 0.0 0.0 0.0 5096.0 52.0 195.0 49.0
43 39 39 0.0 0.0 0.0 10568.0 82.0 412.0 225.0
43 39 40 0.0 0.0 0.0 13839.0 124.0 520.0 433.0
43 39 41 0.0 0.0 0.0 10486.0 86.0 401.0 225.0
43 39 42 0.0 0.0 0.0 5320.0 31.0 199.0 46.0
43 39 43 0.0 0.0 0.0 1298.0 7.0 51.0 2.0
43 40 36 0.0 0.0 0.0 5.0 0.0 0.0 0.0
43 40 37 0.0 0.0 0.0 1330.0 2.0 51.0 2.0
43 40 38 0.0 0.0 0.0 6482.0 40.0 232.0 70.0
43 40 39 0.0 0.0 0.0 13299.0 90.0 491.0 365.0
43 40 40 0.0 0.0 0.0 16403.0 132.0 631.0 659.0
43 40 41 0.0 0.0 0.0 13318.0 99.0 494.0 386.0
43 40 42 0.0 0.0 0.0 6886.0 38.0 259.0 80.0
43 40 43 0.0 0.0 0.0 1602.0 6.0 65.0 7.0
43 40 44 0.0 0.0 0.0 7.0 0.0 1.0 0.0
43 41 36 0.0 0.0 0.0 5.0 0.0 0.0 0.0
43 41 37 0.0 0.0 0.0 1247.0 1.0 56.0 4.0
43 41 38 0.0 0.0 0.0 5177.0 23.0 200.0 59.0
43 41 39 0.0 0.0 0.0 10380.0 51.0 408.0 244.0
43 41 40 0.0 0.0 0.0 14003.0 102.0 498.0 421.0
43 41 41 0.0 0.0 0.0 10814.0 77.0 377.0 254.0
43 41 42 0.0 0.0 0.0 5174.0 78.0 208.0 52.0
43 41 43 0.0 0.0 0.0 1116.0 6.0 41.0 2.0
43 41 44 0.0 0.0 0.0 11.0 0.0 0.0 0.0
43 42 36 0.0 0.0 0.0 5.0 0.0 0.0 0.0
43 42 37 0.0 0.0 0.0 527.0 1.0 21.0 1.0
43 42 38 0.0 0.0 0.0 1879.0 4.0 86.0 6.0
43 42 39 0.0 0.0 0.0 5413.0 21.0 188.0 51.0
43 42 40 0.0 0.0 0.0 6428.0 41.0 243.0 89.0
43 42 41 0.0 0.0 0.0 5172.0 43.0 223.0 64.0
43 42 42 0.0 0.0 0.0 2098.0 12.0 78.0 9.0
43 42 43 0.0 0.0 0.0 403.0 2.0 10.0 0.0
43 42 44 0.0 0.0 0.0 6.0 0.0 0.0 0.0
43 43 37 0.0 0.0 0.0 46.0 0.0 1.0 0.0
43 43 38 0.0 0.0 0.0 333.0 1.0 7.0 0.0
43 43 39 0.0 0.0 0.0 995.0 1.0 41.0 3.0
43 43 40 0.0 0.0 0.0 1431.0 1.0 51.0 3.0
43 43 41 0.0 0.0 0.0 956.0 13.0 33.0 6.0
43 43 42 0.0 0.0 0.0 414.0 5.0 22.0 0.0
43 43 43 0.0 0.0 0.0 86.0 0.0 6.0 0.0
43 43 44 0.0 0.0 0.0 1.0 0.0 0.0 0.0
43 44 38 0.0 0.0 0.0 2.0 0.0 1.0 0.0
43 44 39 0.0 0.0 0.0 5.0 0.0 0.0 0.0
43 44 40 0.0 0.0 0.0 15.0 0.0 0.0 0.0
43 44 41 0.0 0.0 0.0 9.0 0.0 0.0 0.0
43 44 42 0.0 0.0 0.0 5.0 0.0 0.0 0.0
44 36 41 0.0 0.0 0.0 1.0 0.0 0.0 0.0
44 37 38 0.0 0.0 0.0 2.0 0.0 0.0 0.0
44 37 39 0.0 0.0 0.0 8.0 0.0 0.0 0.0
44 37 40 0.0 0.0 0.0 4.0 0.0 0.0 0.0
44 37 41 0.0 0.0 0.0 1.0 0.0 0.0 0.0
44 37 42 0.0 0.0 0.0 2.0 0.0 0.0 0.0
44 38 37 0.0 0.0 0.0 3.0 0.0 0.0 0.0
44 38 38 0.0 0.0 0.0 12.0 0.0 0.0 0.0
44 38 39 0.0 0.0 0.0 38.0 0.0 1.0 0.0
44 38 40 0.0 0.0 0.0 61.0 1.0 1.0 0.0
44 38 41 0.0 0.0 0.0 64.0 0.0 1.0 0.0
44 38 42 0.0 0.0 0.0 15.0 0.0 1.0 0.0
44 38 43 0.0 0.0 0.0 3.0 0.0 0.0 0.0
44 38 44 0.0 0.0 0.0 1.0 0.0 0.0 0.0
44 39 37 0.0 0.0 0.0 7.0 0.0 1.0 0.0
44 39 38 0.0 0.0 0.0 36.0 0.0 1.0 0.0
44 39 39 0.0 0.0 0.0 71.0 1.0 2.0 0.0
44 39 40 0.0 0.0 0.0 144.0 0.0 7.0 0.0
44 39 41 0.0 0.0 0.0 69.0 0.0 1.0 0.0
44 39 42 0.0 0.0 0.0 40.0 0.0 1.0 0.0
44 39 43 0.0 0.0 0.0 5.0 0.0 0.0 0.0
44 39 44 0.0 0.0 0.0 2.0 0.0 0.0 0.0
44 40 37 0.0 0.0 0.0 13.0 0.0 1.0 0.0
44 40 38 0.0 0.0 0.0 43.0 0.0 3.0 0.0
44 40 39 0.0 0.0 0.0 109.0 1.0 4.0 0.0
44 40 40 0.0 0.0 0.0 170.0 3.0 9.0 0.0
44 40 41 0.0 0.0 0.0 108.0 1.0 3.0 0.0
44 40 42 0.0 0.0 0.0 58.0 0.0 3.0 0.0
44 40 43 0.0 0.0 0.0 4.0 0.0 0.0 0.0
44 41 37 0.0 0.0 0.0 4.0 0.0 0.0 0.0
44 41 38 0.0 0.0 0.0 43.0 0.0 1.0 0.0
44 41 39 0.0 0.0 0.0 98.0 0.0 3.0 0.0
44 41 40 0.0 0.0 0.0 142.0 0.0 7.0 0.0
44 41 41 0.0 0.0 0.0 85.0 0.0 3.0 0.0
44 41 42 0.0 0.0 0.0 46.0 1.0 1.0 0.0
44 41 43 0.0 0.0 0.0 3.0 0.0 0.0 0.0
44 42 37 0.0 0.0 0.0 6.0 0.0 0.0 0.0
44 42 38 0.0 0.0 0.0 27.0 0.0 0.0 0.0
44 42 39 0.0 0.0 0.0 42.0 0.0 0.0 0.0
44 42 40 0.0 0.0 0.0 62.0 0.0 4.0 0.0
44 42 41 0.0 0.0 0.0 40.0 0.0 1.0 0.0
44 42 42 0.0 0.0 0.0 26.0 0.0 0.0 0.0
44 42 43 0.0 0.0 0.0 2.0 0.0 0.0 0.0
44 43 38 0.0 0.0 0.0 1.0 0.0 0.0 0.0
44 43 39 0.0 0.0 0.0 6.0 0.0 0.0 0.0
44 43 40 0.0 0.0 0.0 5.0 0.0 0.0 0.0
44 43 41 0.0 0.0 0.0 6.0 0.0 1.0 0.0
44 43 42 0.0 0.0 0.0 3.0 0.0 0.0 0.0
44 44 40 0.0 0.0 0.0 1.0 0.0 0.0 0.0
