34 37 39 0.0 0.0 0.0 2.0 0.0 0.0 0.0
34 37 40 0.0 0.0 0.0 4.0 0.0 0.0 0.0
34 37 41 0.0 0.0 0.0 5.0 0.0 0.0 0.0
34 37 42 0.0 0.0 0.0 1.0 0.0 0.0 0.0
34 38 37 0.0 0.0 0.0 1.0 0.0 0.0 0.0
34 38 38 0.0 0.0 0.0 2.0 0.0 0.0 0.0
34 38 39 0.0 0.0 0.0 6.0 0.0 0.0 0.0
34 38 40 0.0 0.0 0.0 7.0 0.0 1.0 0.0
34 38 41 0.0 0.0 0.0 3.0 0.0 0.0 0.0
34 39 37 0.0 0.0 0.0 2.0 0.0 0.0 0.0
34 39 38 0.0 0.0 0.0 7.0 0.0 0.0 0.0
34 39 39 0.0 0.0 0.0 12.0 0.0 0.0 0.0
34 39 40 0.0 0.0 0.0 15.0 1.0 0.0 0.0
34 39 41 0.0 0.0 0.0 14.0 0.0 1.0 0.0
34 39 42 0.0 0.0 0.0 7.0 0.0 0.0 0.0
34 39 43 0.0 0.0 0.0 1.0 0.0 0.0 0.0
34 40 36 0.0 0.0 0.0 1.0 0.0 0.0 0.0
34 40 37 0.0 0.0 0.0 2.0 0.0 0.0 0.0
34 40 38 0.0 0.0 0.0 5.0 0.0 1.0 0.0
34 40 39 0.0 0.0 0.0 17.0 0.0 0.0 0.0
34 40 40 0.0 0.0 0.0 17.0 0.0 0.0 0.0
34 40 41 0.0 0.0 0.0 20.0 0.0 1.0 0.0
34 40 42 0.0 0.0 0.0 4.0 0.0 0.0 0.0
34 41 37 0.0 0.0 0.0 1.0 0.0 0.0 0.0
34 41 38 0.0 0.0 0.0 9.0 0.0 0.0 0.0
34 41 39 0.0 0.0 0.0 21.0 0.0 1.0 0.0
34 41 40 0.0 0.0 0.0 18.0 0.0 0.0 0.0
34 41 41 0.0 0.0 0.0 19.0 0.0 0.0 0.0
34 41 42 0.0 0.0 0.0 26.0 0.0 1.0 0.0
34 41 43 0.0 0.0 0.0 1.0 0.0 0.0 0.0
34 41 44 0.0 0.0 0.0 1.0 0.0 0.0 0.0
34 42 38 0.0 0.0 0.0 1.0 0.0 0.0 0.0
34 42 39 0.0 0.0 0.0 2.0 0.0 0.0 0.0
34 42 40 0.0 0.0 0.0 9.0 0.0 0.0 0.0
34 42 41 0.0 0.0 0.0 3.0 0.0 0.0 0.0
34 42 42 0.0 0.0 0.0 3.0 0.0 0.0 0.0
34 43 39 0.0 0.0 0.0 2.0 0.0 0.0 0.0
34 43 40 0.0 0.0 0.0 2.0 0.0 0.0 0.0
34 43 41 0.0 0.0 0.0 2.0 0.0 0.0 0.0
35 35 38 0.0 0.0 0.0 1.0 0.0 0.0 0.0
35 35 39 0.0 0.0 0.0 5.0 0.0 1.0 0.0
35 35 40 0.0 0.0 0.0 4.0 0.0 0.0 0.0
35 35 41 0.0 0.0 0.0 3.0 0.0 0.0 0.0
35 35 42 0.0 0.0 0.0 1.0 0.0 0.0 0.0
35 36 37 0.0 0.0 0.0 19.0 0.0 1.0 0.0
35 36 38 0.0 0.0 0.0 65.0 0.0 2.0 0.0
35 36 39 0.0 0.0 0.0 136.0 0.0 9.0 0.0
35 36 40 0.0 0.0 0.0 144.0 2.0 4.0 0.0
35 36 41 0.0 0.0 0.0 118.0 0.0 4.0 0.0
35 36 42 0.0 0.0 0.0 49.0 0.0 1.0 0.0
35 36 43 0.0 0.0 0.0 6.0 0.0 0.0 0.0
35 36 44 0.0 0.0 0.0 1.0 0.0 0.0 0.0
35 37 36 0.0 0.0 0.0 19.0 0.0 1.0 0.0
35 37 37 0.0 0.0 0.0 133.0 1.0 6.0 0.0
35 37 38 0.0 0.0 0.0 467.0 2.0 18.0 0.0
35 37 39 0.0 0.0 0.0 835.0 2.0 29.0 0.0
35 37 40 0.0 0.0 0.0 1110.0 0.0 51.0 1.0
35 37 41 0.0 0.0 0.0 819.0 0.0 38.0 0.0
35 37 42 0.0 0.0 0.0 425.0 1.0 15.0 0.0
35 37 43 0.0 0.0 0.0 149.0 0.0 11.0 0.0
35 37 44 0.0 0.0 0.0 14.0 0.0 0.0 0.0
35 38 35 0.0 0.0 0.0 5.0 0.0 0.0 0.0
35 38 36 0.0 0.0 0.0 72.0 0.0 4.0 0.0
35 38 37 0.0 0.0 0.0 466.0 0.0 14.0 1.0
35 38 38 0.0 0.0 0.0 1454.0 0.0 60.0 3.0
35 38 39 0.0 0.0 0.0 2710.0 4.0 89.0 11.0
35 38 40 0.0 0.0 0.0 3352.0 4.0 118.0 12.0
35 38 41 0.0 0.0 0.0 2592.0 11.0 103.0 12.0
35 38 42 0.0 0.0 0.0 1430.0 0.0 54.0 2.0
35 38 43 0.0 0.0 0.0 407.0 0.0 11.0 1.0
35 38 44 0.0 0.0 0.0 48.0 0.0 1.0 0.0
35 39 35 0.0 0.0 0.0 2.0 1.0 0.0 0.0
35 39 36 0.0 0.0 0.0 133.0 0.0 5.0 0.0
35 39 37 0.0 0.0 0.0 1025.0 3.0 41.0 2.0
35 39 38 0.0 0.0 0.0 2883.0 13.0 97.0 11.0
35 39 39 0.0 0.0 0.0 5177.0 3.0 188.0 36.0
35 39 40 0.0 0.0 0.0 5919.0 9.0 231.0 61.0
35 39 41 0.0 0.0 0.0 4686.0 8.0 173.0 37.0
35 39 42 0.0 0.0 0.0 2585.0 2.0 113.0 7.0
35 39 43 0.0 0.0 0.0 806.0 0.0 39.0 1.0
35 39 44 0.0 0.0 0.0 82.0 0.0 2.0 0.0
35 39 45 0.0 0.0 0.0 3.0 0.0 0.0 0.0
35 40 35 0.0 0.0 0.0 16.0 0.0 0.0 0.0
35 40 36 0.0 0.0 0.0 188.0 0.0 14.0 0.0
35 40 37 0.0 0.0 0.0 1025.0 3.0 36.0 4.0
35 40 38 0.0 0.0 0.0 3308.0 4.0 131.0 14.0
35 40 39 0.0 0.0 0.0 6154.0 8.0 242.0 61.0
35 40 40 0.0 0.0 0.0 7101.0 7.0 246.0 67.0
35 40 41 0.0 0.0 0.0 6138.0 5.0 248.0 53.0
35 40 42 0.0 0.0 0.0 3050.0 2.0 116.0 14.0
35 40 43 0.0 0.0 0.0 938.0 1.0 32.0 1.0
35 40 44 0.0 0.0 0.0 144.0 0.0 5.0 0.0
35 40 45 0.0 0.0 0.0 3.0 0.0 0.0 0.0
35 41 35 0.0 0.0 0.0 9.0 0.0 0.0 0.0
35 41 36 0.0 0.0 0.0 143.0 3.0 5.0 0.0
35 41 37 0.0 0.0 0.0 885.0 0.0 36.0 0.0
35 41 38 0.0 0.0 0.0 2724.0 6.0 116.0 12.0
35 41 39 0.0 0.0 0.0 5172.0 7.0 203.0 51.0
35 41 40 0.0 0.0 0.0 5727.0 15.0 221.0 51.0
35 41 41 0.0 0.0 0.0 4786.0 5.0 205.0 29.0
35 41 42 0.0 0.0 0.0 2638.0 8.0 98.0 8.0
35 41 43 0.0 0.0 0.0 771.0 0.0 26.0 1.0
35 41 44 0.0 0.0 0.0 94.0 0.0 6.0 0.0
35 41 45 0.0 0.0 0.0 6.0 0.0 0.0 0.0
35 42 35 0.0 0.0 0.0 8.0 0.0 0.0 0.0
35 42 36 0.0 0.0 0.0 49.0 2.0 1.0 0.0
35 42 37 0.0 0.0 0.0 392.0 1.0 12.0 0.0
35 42 38 0.0 0.0 0.0 1454.0 0.0 56.0 2.0
35 42 39 0.0 0.0 0.0 2775.0 1.0 103.0 16.0
35 42 40 0.0 0.0 0.0 3321.0 6.0 122.0 17.0
35 42 41 0.0 0.0 0.0 2345.0 7.0 86.0 10.0
35 42 42 0.0 0.0 0.0 1239.0 10.0 51.0 2.0
35 42 43 0.0 0.0 0.0 400.0 0.0 25.0 0.0
35 42 44 0.0 0.0 0.0 32.0 0.0 1.0 0.0
35 42 45 0.0 0.0 0.0 2.0 0.0 0.0 0.0
35 43 36 0.0 0.0 0.0 19.0 0.0 2.0 0.0
35 43 37 0.0 0.0 0.0 154.0 0.0 7.0 0.0
35 43 38 0.0 0.0 0.0 452.0 0.0 22.0 0.0
35 43 39 0.0 0.0 0.0 820.0 0.0 24.0 1.0
35 43 40 0.0 0.0 0.0 989.0 0.0 34.0 2.0
35 43 41 0.0 0.0 0.0 838.0 1.0 33.0 1.0
35 43 42 0.0 0.0 0.0 394.0 0.0 9.0 1.0
35 43 43 0.0 0.0 0.0 106.0 0.0 2.0 0.0
35 43 44 0.0 0.0 0.0 9.0 0.0 0.0 0.0
35 44 36 0.0 0.0 0.0 1.0 0.0 0.0 0.0
35 44 37 0.0 0.0 0.0 8.0 0.0 1.0 0.0
35 44 38 0.0 0.0 0.0 66.0 0.0 4.0 0.0
35 44 39 0.0 0.0 0.0 109.0 0.0 2.0 0.0
35 44 40 0.0 0.0 0.0 134.0 0.0 4.0 0.0
35 44 41 0.0 0.0 0.0 104.0 0.0 5.0 0.0
35 44 42 0.0 0.0 0.0 62.0 0.0 2.0 0.0
35 44 43 0.0 0.0 0.0 17.0 0.0 3.0 0.0
35 45 38 0.0 0.0 0.0 1.0 0.0 0.0 0.0
35 45 39 0.0 0.0 0.0 5.0 0.0 0.0 0.0
35 45 40 0.0 0.0 0.0 1.0 0.0 0.0 0.0
35 45 41 0.0 0.0 0.0 3.0 0.0 0.0 0.0
35 45 42 0.0 0.0 0.0 1.0 0.0 0.0 0.0
36 34 40 0.0 0.0 0.0 2.0 0.0 0.0 0.0
36 35 36 0.0 0.0 0.0 5.0 0.0 0.0 0.0
36 35 37 0.0 0.0 0.0 16.0 0.0 1.0 0.0
36 35 38 0.0 0.0 0.0 44.0 0.0 1.0 0.0
36 35 39 0.0 0.0 0.0 87.0 0.0 0.0 0.0
36 35 40 0.0 0.0 0.0 118.0 0.0 2.0 0.0
36 35 41 0.0 0.0 0.0 127.0 0.0 5.0 0.0
36 35 42 0.0 0.0 0.0 61.0 0.0 1.0 0.0
36 35 43 0.0 0.0 0.0 13.0 0.0 1.0 0.0
36 36 36 0.0 0.0 0.0 129.0 1.0 7.0 0.0
36 36 37 0.0 0.0 0.0 738.0 2.0 32.0 2.0
36 36 38 0.0 0.0 0.0 2579.0 7.0 113.0 8.0
36 36 39 0.0 0.0 0.0 4588.0 10.0 183.0 32.0
36 36 40 0.0 0.0 0.0 5147.0 8.0 197.0 50.0
36 36 41 0.0 0.0 0.0 4257.0 9.0 146.0 33.0
36 36 42 0.0 0.0 0.0 2496.0 14.0 83.0 11.0
36 36 43 0.0 0.0 0.0 747.0 1.0 20.0 0.0
36 36 44 0.0 0.0 0.0 64.0 0.0 2.0 0.0
36 36 45 0.0 0.0 0.0 1.0 0.0 0.0 0.0
36 37 35 0.0 0.0 0.0 11.0 0.0 0.0 0.0
36 37 36 0.0 0.0 0.0 881.0 2.0 32.0 1.0
36 37 37 0.0 0.0 0.0 4798.0 7.0 168.0 31.0
36 37 38 0.0 0.0 0.0 12173.0 27.0 476.0 390.0
36 37 39 0.0 0.0 0.0 19236.0 55.0 673.0 989.0
36 37 40 0.0 0.0 0.0 22005.0 31.0 778.0 1360.0
36 37 41 0.0 0.0 0.0 18581.0 28.0 691.0 885.0
36 37 42 0.0 0.0 0.0 11540.0 20.0 428.0 311.0
36 37 43 0.0 0.0 0.0 4224.0 20.0 171.0 32.0
36 37 44 0.0 0.0 0.0 725.0 0.0 18.0 1.0
36 37 45 0.0 0.0 0.0 11.0 0.0 0.0 0.0
36 38 35 0.0 0.0 0.0 65.0 0.0 2.0 0.0
36 38 36 0.0 0.0 0.0 2430.0 11.0 104.0 8.0
36 38 37 0.0 0.0 0.0 12049.0 25.0 433.0 339.0
36 38 38 0.0 0.0 0.0 25875.0 65.0 900.0 2121.0
36 38 39 0.0 0.0 0.0 37476.0 75.0 1219.0 5396.0
36 38 40 0.0 0.0 0.0 38397.0 101.0 1199.0 6170.0
36 38 41 0.0 0.0 0.0 35938.0 105.0 1134.0 4649.0
36 38 42 0.0 0.0 0.0 25538.0 54.0 881.0 1975.0
36 38 43 0.0 0.0 0.0 11038.0 22.0 399.0 285.0
36 38 44 0.0 0.0 0.0 2458.0 2.0 107.0 10.0
36 38 45 0.0 0.0 0.0 35.0 0.0 1.0 0.0
36 39 35 0.0 0.0 0.0 150.0 0.0 4.0 0.0
36 39 36 0.0 0.0 0.0 4242.0 13.0 169.0 41.0
36 39 37 0.0 0.0 0.0 19032.0 62.0 658.0 972.0
36 39 38 0.0 0.0 0.0 37275.0 95.0 1249.0 5195.0
36 39 39 0.0 0.0 0.0 45650.0 99.0 1336.0 10875.0
36 39 40 0.0 0.0 0.0 46775.0 189.0 1335.0 12912.0
36 39 41 0.0 0.0 0.0 44733.0 137.0 1353.0 10411.0
36 39 42 0.0 0.0 0.0 35385.0 89.0 1158.0 4732.0
36 39 43 0.0 0.0 0.0 17654.0 40.0 680.0 827.0
36 39 44 0.0 0.0 0.0 4166.0 10.0 165.0 34.0
36 39 45 0.0 0.0 0.0 75.0 0.0 2.0 0.0
36 40 35 0.0 0.0 0.0 208.0 0.0 10.0 0.0
36 40 36 0.0 0.0 0.0 5531.0 15.0 214.0 47.0
36 40 37 0.0 0.0 0.0 22331.0 49.0 793.0 1461.0
36 40 38 0.0 0.0 0.0 40174.0 86.0 1311.0 6852.0
36 40 39 0.0 0.0 0.0 47671.0 129.0 1352.0 13726.0
36 40 40 0.0 0.0 0.0 49180.0 162.0 1343.0 16502.0
36 40 41 0.0 0.0 0.0 47386.0 151.0 1399.0 13018.0
36 40 42 0.0 0.0 0.0 38939.0 90.0 1242.0 6227.0
36 40 43 0.0 0.0 0.0 20756.0 45.0 798.0 1116.0
36 40 44 0.0 0.0 0.0 4623.0 3.0 158.0 45.0
36 40 45 0.0 0.0 0.0 164.0 0.0 7.0 0.0
36 41 34 0.0 0.0 0.0 1.0 0.0 0.0 0.0
36 41 35 0.0 0.0 0.0 132.0 0.0 3.0 0.0
36 41 36 0.0 0.0 0.0 4522.0 9.0 165.0 34.0
36 41 37 0.0 0.0 0.0 18925.0 73.0 654.0 926.0
36 41 38 0.0 0.0 0.0 35833.0 85.0 1130.0 5022.0
36 41 39 0.0 0.0 0.0 45814.0 166.0 1397.0 10738.0
36 41 40 0.0 0.0 0.0 47435.0 142.0 1366.0 13311.0
36 41 41 0.0 0.0 0.0 44332.0 159.0 1351.0 10042.0
36 41 42 0.0 0.0 0.0 35219.0 83.0 1176.0 4505.0
36 41 43 0.0 0.0 0.0 17859.0 47.0 657.0 769.0
36 41 44 0.0 0.0 0.0 3926.0 10.0 139.0 30.0
36 41 45 0.0 0.0 0.0 108.0 0.0 2.0 0.0
36 42 35 0.0 0.0 0.0 64.0 0.0 4.0 0.0
36 42 36 0.0 0.0 0.0 2593.0 3.0 98.0 15.0
36 42 37 0.0 0.0 0.0 11214.0 23.0 439.0 258.0
36 42 38 0.0 0.0 0.0 25732.0 90.0 832.0 1921.0
36 42 39 0.0 0.0 0.0 35854.0 91.0 1137.0 4803.0
36 42 40 0.0 0.0 0.0 38911.0 89.0 1232.0 6287.0
36 42 41 0.0 0.0 0.0 34844.0 109.0 1104.0 4414.0
36 42 42 0.0 0.0 0.0 24009.0 36.0 815.0 1639.0
36 42 43 0.0 0.0 0.0 10592.0 9.0 397.0 274.0
36 42 44 0.0 0.0 0.0 1854.0 3.0 58.0 12.0
36 42 45 0.0 0.0 0.0 47.0 1.0 2.0 0.0
36 43 35 0.0 0.0 0.0 21.0 0.0 1.0 0.0
36 43 36 0.0 0.0 0.0 961.0 0.0 39.0 1.0
36 43 37 0.0 0.0 0.0 4649.0 5.0 175.0 51.0
36 43 38 0.0 0.0 0.0 11773.0 28.0 474.0 305.0
36 43 39 0.0 0.0 0.0 18485.0 51.0 672.0 905.0
36 43 40 0.0 0.0 0.0 20241.0 47.0 703.0 1147.0
36 43 41 0.0 0.0 0.0 17899.0 28.0 671.0 858.0
36 43 42 0.0 0.0 0.0 10290.0 27.0 384.0 245.0
36 43 43 0.0 0.0 0.0 3930.0 16.0 162.0 29.0
36 43 44 0.0 0.0 0.0 517.0 1.0 13.0 1.0
36 43 45 0.0 0.0 0.0 7.0 0.0 0.0 0.0
36 44 36 0.0 0.0 0.0 116.0 0.0 4.0 0.0
36 44 37 0.0 0.0 0.0 899.0 1.0 33.0 0.0
36 44 38 0.0 0.0 0.0 2586.0 2.0 87.0 9.0
36 44 39 0.0 0.0 0.0 3769.0 7.0 146.0 34.0
36 44 40 0.0 0.0 0.0 4599.0 6.0 180.0 33.0
36 44 41 0.0 0.0 0.0 3794.0 7.0 121.0 25.0
36 44 42 0.0 0.0 0.0 1970.0 1.0 83.0 1.0
36 44 43 0.0 0.0 0.0 565.0 0.0 24.0 0.0
36 44 44 0.0 0.0 0.0 76.0 0.0 2.0 0.0
36 45 36 0.0 0.0 0.0 1.0 0.0 0.0 0.0
36 45 37 0.0 0.0 0.0 20.0 0.0 0.0 0.0
36 45 38 0.0 0.0 0.0 57.0 0.0 5.0 0.0
36 45 39 0.0 0.0 0.0 106.0 0.0 2.0 0.0
36 45 40 0.0 0.0 0.0 141.0 1.0 3.0 0.0
36 45 41 0.0 0.0 0.0 99.0 0.0 1.0 0.0
36 45 42 0.0 0.0 0.0 50.0 0.0 4.0 0.0
36 45 43 0.0 0.0 0.0 16.0 0.0 0.0 0.0
36 45 44 0.0 0.0 0.0 2.0 0.0 0.0 0.0
37 34 39 0.0 0.0 0.0 1.0 0.0 0.0 0.0
37 34 40 0.0 0.0 0.0 1.0 0.0 0.0 0.0
37 34 42 0.0 0.0 0.0 5.0 0.0 0.0 0.0
37 35 36 0.0 0.0 0.0 14.0 0.0 0.0 0.0
37 35 37 0.0 0.0 0.0 96.0 1.0 9.0 0.0
37 35 38 0.0 0.0 0.0 514.0 0.0 21.0 0.0
37 35 39 0.0 0.0 0.0 857.0 2.0 34.0 1.0
37 35 40 0.0 0.0 0.0 1176.0 1.0 40.0 0.0
37 35 41 0.0 0.0 0.0 844.0 7.0 28.0 4.0
37 35 42 0.0 0.0 0.0 442.0 0.0 18.0 0.0
37 35 43 0.0 0.0 0.0 144.0 0.0 3.0 0.0
37 35 44 0.0 0.0 0.0 7.0 0.0 0.0 0.0
37 36 35 0.0 0.0 0.0 12.0 0.0 1.0 0.0
37 36 36 0.0 0.0 0.0 879.0 1.0 32.0 0.0
37 36 37 0.0 0.0 0.0 4913.0 7.0 153.0 37.0
37 36 38 0.0 0.0 0.0 11611.0 23.0 446.0 316.0
37 36 39 0.0 0.0 0.0 18739.0 54.0 656.0 953.0
37 36 40 0.0 0.0 0.0 21011.0 44.0 751.0 1191.0
37 36 41 0.0 0.0 0.0 18879.0 68.0 654.0 957.0
37 36 42 0.0 0.0 0.0 11770.0 53.0 450.0 296.0
37 36 43 0.0 0.0 0.0 4153.0 21.0 153.0 37.0
37 36 44 0.0 0.0 0.0 902.0 0.0 34.0 3.0
37 36 45 0.0 0.0 0.0 9.0 0.0 1.0 0.0
37 37 35 0.0 0.0 0.0 119.0 0.0 3.0 0.0
37 37 36 0.0 0.0 0.0 4464.0 3.0 157.0 39.0
37 37 37 0.0 0.0 0.0 26374.0 68.0 950.0 2350.0
37 37 38 0.0 0.0 0.0 44039.0 180.0 1317.0 10898.0
37 37 39 0.0 0.0 0.0 48735.0 129.0 1305.0 20806.0
37 37 40 0.0 0.0 0.0 48947.0 161.0 1294.0 23826.0
37 37 41 0.0 0.0 0.0 48438.0 281.0 1300.0 20819.0
37 37 42 0.0 0.0 0.0 43220.0 145.0 1320.0 10105.0
37 37 43 0.0 0.0 0.0 22819.0 67.0 812.0 1621.0
37 37 44 0.0 0.0 0.0 4039.0 9.0 152.0 33.0
37 37 45 0.0 0.0 0.0 114.0 0.0 8.0 0.0
37 38 35 0.0 0.0 0.0 414.0 0.0 21.0 0.0
37 38 36 0.0 0.0 0.0 12841.0 22.0 505.0 381.0
37 38 37 0.0 0.0 0.0 43725.0 78.0 1248.0 11004.0
37 38 38 0.0 0.0 0.0 49272.0 201.0 1236.0 32326.0
37 38 39 0.0 0.0 0.0 45172.0 189.0 1006.0 47484.0
37 38 40 0.0 0.0 0.0 43511.0 249.0 880.0 52153.0
37 38 41 0.0 0.0 0.0 45905.0 293.0 1045.0 46984.0
37 38 42 0.0 0.0 0.0 50077.0 246.0 1236.0 29530.0
37 38 43 0.0 0.0 0.0 41932.0 94.0 1245.0 9075.0
37 38 44 0.0 0.0 0.0 11666.0 42.0 462.0 315.0
37 38 45 0.0 0.0 0.0 436.0 1.0 15.0 0.0
37 39 34 0.0 0.0 0.0 1.0 0.0 0.0 0.0
37 39 35 0.0 0.0 0.0 945.0 7.0 36.0 0.0
37 39 36 0.0 0.0 0.0 19347.0 19.0 756.0 967.0
37 39 37 0.0 0.0 0.0 49051.0 144.0 1379.0 21073.0
37 39 38 0.0 0.0 0.0 45284.0 293.0 992.0 47503.0
37 39 39 0.0 0.0 0.0 38748.0 293.0 760.0 64337.0
37 39 40 0.0 0.0 0.0 36762.0 343.0 677.0 68316.0
37 39 41 0.0 0.0 0.0 39335.0 260.0 785.0 63095.0
37 39 42 0.0 0.0 0.0 45805.0 232.0 1030.0 46642.0
37 39 43 0.0 0.0 0.0 48508.0 144.0 1330.0 19515.0
37 39 44 0.0 0.0 0.0 18776.0 36.0 643.0 880.0
37 39 45 0.0 0.0 0.0 880.0 1.0 35.0 0.0
37 39 46 0.0 0.0 0.0 3.0 0.0 0.0 0.0
37 40 34 0.0 0.0 0.0 3.0 0.0 0.0 0.0
37 40 35 0.0 0.0 0.0 1204.0 0.0 42.0 1.0
37 40 36 0.0 0.0 0.0 22621.0 39.0 753.0 1395.0
37 40 37 0.0 0.0 0.0 49645.0 214.0 1338.0 24644.0
37 40 38 0.0 0.0 0.0 43378.0 215.0 977.0 52914.0
37 40 39 0.0 0.0 0.0 36150.0 301.0 732.0 69007.0
37 40 40 0.0 0.0 0.0 34065.0 248.0 663.0 73992.0
37 40 41 0.0 0.0 0.0 36953.0 253.0 738.0 67407.0
37 40 42 0.0 0.0 0.0 44122.0 290.0 955.0 51237.0
37 40 43 0.0 0.0 0.0 49567.0 239.0 1308.0 22243.0
37 40 44 0.0 0.0 0.0 20609.0 42.0 746.0 1154.0
37 40 45 0.0 0.0 0.0 1165.0 0.0 43.0 1.0
37 40 46 0.0 0.0 0.0 1.0 0.0 0.0 0.0
37 41 35 0.0 0.0 0.0 934.0 2.0 48.0 1.0
37 41 36 0.0 0.0 0.0 20431.0 17.0 755.0 1110.0
37 41 37 0.0 0.0 0.0 48729.0 206.0 1255.0 21561.0
37 41 38 0.0 0.0 0.0 44932.0 275.0 975.0 48208.0
37 41 39 0.0 0.0 0.0 38839.0 291.0 806.0 63961.0
37 41 40 0.0 0.0 0.0 36738.0 263.0 727.0 68243.0
37 41 41 0.0 0.0 0.0 39061.0 286.0 871.0 62633.0
37 41 42 0.0 0.0 0.0 46200.0 286.0 1029.0 45491.0
37 41 43 0.0 0.0 0.0 48297.0 124.0 1340.0 18314.0
37 41 44 0.0 0.0 0.0 17979.0 22.0 661.0 802.0
37 41 45 0.0 0.0 0.0 803.0 4.0 28.0 1.0
37 41 46 0.0 0.0 0.0 1.0 0.0 0.0 0.0
37 42 35 0.0 0.0 0.0 486.0 0.0 13.0 0.0
37 42 36 0.0 0.0 0.0 12759.0 27.0 477.0 381.0
37 42 37 0.0 0.0 0.0 43874.0 151.0 1322.0 10906.0
37 42 38 0.0 0.0 0.0 49718.0 172.0 1206.0 30970.0
37 42 39 0.0 0.0 0.0 46144.0 191.0 1041.0 46465.0
37 42 40 0.0 0.0 0.0 43849.0 258.0 948.0 51758.0
37 42 41 0.0 0.0 0.0 46431.0 209.0 1003.0 45062.0
37 42 42 0.0 0.0 0.0 49806.0 210.0 1262.0 29149.0
37 42 43 0.0 0.0 0.0 41509.0 157.0 1290.0 8660.0
37 42 44 0.0 0.0 0.0 11542.0 15.0 414.0 309.0
37 42 45 0.0 0.0 0.0 413.0 0.0 16.0 1.0
37 42 46 0.0 0.0 0.0 1.0 0.0 0.0 0.0
37 43 35 0.0 0.0 0.0 155.0 0.0 7.0 0.0
37 43 36 0.0 0.0 0.0 4678.0 3.0 185.0 29.0
37 43 37 0.0 0.0 0.0 27795.0 60.0 947.0 2704.0
37 43 38 0.0 0.0 0.0 43894.0 96.0 1255.0 11034.0
37 43 39 0.0 0.0 0.0 48624.0 220.0 1290.0 18974.0
37 43 40 0.0 0.0 0.0 49423.0 213.0 1281.0 22009.0
37 43 41 0.0 0.0 0.0 48295.0 184.0 1324.0 18240.0
37 43 42 0.0 0.0 0.0 41910.0 156.0 1287.0 8640.0
37 43 43 0.0 0.0 0.0 22682.0 52.0 828.0 1493.0
37 43 44 0.0 0.0 0.0 4294.0 7.0 148.0 32.0
37 43 45 0.0 0.0 0.0 120.0 0.0 5.0 0.0
37 43 46 0.0 0.0 0.0 1.0 0.0 0.0 0.0
37 44 35 0.0 0.0 0.0 14.0 0.0 0.0 0.0
37 44 36 0.0 0.0 0.0 963.0 4.0 41.0 2.0
37 44 37 0.0 0.0 0.0 4789.0 8.0 184.0 48.0
37 44 38 0.0 0.0 0.0 12212.0 20.0 465.0 344.0
37 44 39 0.0 0.0 0.0 18397.0 47.0 666.0 857.0
37 44 40 0.0 0.0 0.0 21931.0 63.0 745.0 1277.0
37 44 41 0.0 0.0 0.0 17530.0 38.0 659.0 797.0
37 44 42 0.0 0.0 0.0 11109.0 30.0 411.0 286.0
37 44 43 0.0 0.0 0.0 3746.0 6.0 149.0 34.0
37 44 44 0.0 0.0 0.0 642.0 2.0 21.0 2.0
37 44 45 0.0 0.0 0.0 16.0 0.0 0.0 0.0
37 45 35 0.0 0.0 0.0 3.0 0.0 1.0 0.0
37 45 36 0.0 0.0 0.0 19.0 0.0 1.0 0.0
37 45 37 0.0 0.0 0.0 137.0 0.0 2.0 0.0
37 45 38 0.0 0.0 0.0 468.0 0.0 16.0 1.0
37 45 39 0.0 0.0 0.0 819.0 0.0 33.0 1.0
37 45 40 0.0 0.0 0.0 1000.0 0.0 40.0 5.0
37 45 41 0.0 0.0 0.0 824.0 3.0 20.0 0.0
37 45 42 0.0 0.0 0.0 416.0 0.0 10.0 1.0
37 45 43 0.0 0.0 0.0 112.0 0.0 5.0 0.0
37 45 44 0.0 0.0 0.0 8.0 0.0 0.0 0.0
37 46 39 0.0 0.0 0.0 3.0 0.0 0.0 0.0
37 46 40 0.0 0.0 0.0 2.0 0.0 0.0 0.0
38 34 38 0.0 0.0 0.0 3.0 0.0 0.0 0.0
38 34 39 0.0 0.0 0.0 8.0 0.0 0.0 0.0
38 34 40 0.0 0.0 0.0 9.0 0.0 0.0 0.0
38 34 41 0.0 0.0 0.0 8.0 0.0 0.0 0.0
38 34 42 0.0 0.0 0.0 2.0 0.0 0.0 0.0
38 35 35 0.0 0.0 0.0 3.0 0.0 0.0 0.0
38 35 36 0.0 0.0 0.0 53.0 0.0 0.0 0.0
38 35 37 0.0 0.0 0.0 485.0 1.0 21.0 1.0
38 35 38 0.0 0.0 0.0 1374.0 2.0 53.0 0.0
38 35 39 0.0 0.0 0.0 2843.0 6.0 111.0 12.0
38 35 40 0.0 0.0 0.0 3420.0 3.0 132.0 21.0
38 35 41 0.0 0.0 0.0 2712.0 4.0 88.0 15.0
38 35 42 0.0 0.0 0.0 1578.0 3.0 60.0 4.0
38 35 43 0.0 0.0 0.0 480.0 1.0 15.0 0.0
38 35 44 0.0 0.0 0.0 62.0 0.0 2.0 0.0
38 35 45 0.0 0.0 0.0 4.0 0.0 0.0 0.0
38 36 35 0.0 0.0 0.0 62.0 0.0 2.0 0.0
38 36 36 0.0 0.0 0.0 2488.0 4.0 101.0 13.0
38 36 37 0.0 0.0 0.0 11762.0 49.0 456.0 326.0
38 36 38 0.0 0.0 0.0 25955.0 48.0 853.0 1993.0
38 36 39 0.0 0.0 0.0 36667.0 76.0 1210.0 5028.0
38 36 40 0.0 0.0 0.0 39596.0 88.0 1328.0 6507.0
38 36 41 0.0 0.0 0.0 36327.0 65.0 1169.0 5017.0
38 36 42 0.0 0.0 0.0 26245.0 82.0 894.0 2015.0
38 36 43 0.0 0.0 0.0 11926.0 28.0 439.0 317.0
38 36 44 0.0 0.0 0.0 2506.0 2.0 103.0 13.0
38 36 45 0.0 0.0 0.0 45.0 0.0 1.0 0.0
38 37 34 0.0 0.0 0.0 2.0 0.0 0.0 0.0
38 37 35 0.0 0.0 0.0 576.0 0.0 26.0 0.0
38 37 36 0.0 0.0 0.0 12058.0 34.0 464.0 341.0
38 37 37 0.0 0.0 0.0 43325.0 206.0 1230.0 10136.0
38 37 38 0.0 0.0 0.0 49263.0 210.0 1247.0 32238.0
38 37 39 0.0 0.0 0.0 45598.0 226.0 976.0 47019.0
38 37 40 0.0 0.0 0.0 43877.0 216.0 935.0 51732.0
38 37 41 0.0 0.0 0.0 45524.0 256.0 1072.0 47312.0
38 37 42 0.0 0.0 0.0 49397.0 234.0 1215.0 30662.0
38 37 43 0.0 0.0 0.0 43942.0 109.0 1295.0 10930.0
38 37 44 0.0 0.0 0.0 12288.0 25.0 461.0 379.0
38 37 45 0.0 0.0 0.0 442.0 2.0 19.0 0.0
38 38 34 0.0 0.0 0.0 4.0 0.0 1.0 0.0
38 38 35 0.0 0.0 0.0 1592.0 0.0 66.0 4.0
38 38 36 0.0 0.0 0.0 27364.0 89.0 906.0 2432.0
38 38 37 0.0 0.0 0.0 49149.0 151.0 1207.0 32945.0
38 38 38 0.0 0.0 0.0 33943.0 329.0 672.0 74932.0
38 38 39 0.0 0.0 0.0 26823.0 249.0 443.0 91616.0
38 38 40 0.0 0.0 0.0 24878.0 304.0 392.0 96460.0
38 38 41 0.0 0.0 0.0 27131.0 350.0 421.0 90474.0
38 38 42 0.0 0.0 0.0 34606.0 217.0 656.0 72734.0
38 38 43 0.0 0.0 0.0 49375.0 259.0 1235.0 30243.0
38 38 44 0.0 0.0 0.0 26248.0 48.0 889.0 2076.0
38 38 45 0.0 0.0 0.0 1552.0 2.0 40.0 2.0
38 38 46 0.0 0.0 0.0 1.0 0.0 0.0 0.0
38 39 34 0.0 0.0 0.0 8.0 0.0 0.0 0.0
38 39 35 0.0 0.0 0.0 2960.0 4.0 100.0 13.0
38 39 36 0.0 0.0 0.0 37714.0 79.0 1231.0 5596.0
38 39 37 0.0 0.0 0.0 45329.0 201.0 964.0 48544.0
38 39 38 0.0 0.0 0.0 27534.0 234.0 520.0 90959.0
38 39 39 0.0 0.0 0.0 20149.0 292.0 318.0 108640.0
38 39 40 0.0 0.0 0.0 18371.0 334.0 261.0 111879.0
38 39 41 0.0 0.0 0.0 20766.0 270.0 323.0 107589.0
38 39 42 0.0 0.0 0.0 27164.0 317.0 478.0 90696.0
38 39 43 0.0 0.0 0.0 45254.0 274.0 975.0 47578.0
38 39 44 0.0 0.0 0.0 35916.0 159.0 1173.0 4892.0
38 39 45 0.0 0.0 0.0 2815.0 13.0 128.0 9.0
38 39 46 0.0 0.0 0.0 5.0 0.0 0.0 0.0
38 40 34 0.0 0.0 0.0 4.0 0.0 0.0 0.0
38 40 35 0.0 0.0 0.0 3582.0 1.0 146.0 23.0
38 40 36 0.0 0.0 0.0 40527.0 101.0 1272.0 6900.0
38 40 37 0.0 0.0 0.0 43192.0 250.0 915.0 53184.0
38 40 38 0.0 0.0 0.0 24906.0 253.0 404.0 97019.0
38 40 39 0.0 0.0 0.0 18609.0 296.0 266.0 112455.0
38 40 40 0.0 0.0 0.0 16460.0 308.0 210.0 117129.0
38 40 41 0.0 0.0 0.0 18532.0 275.0 253.0 112036.0
38 40 42 0.0 0.0 0.0 25711.0 303.0 444.0 94805.0
38 40 43 0.0 0.0 0.0 44259.0 289.0 992.0 50681.0
38 40 44 0.0 0.0 0.0 39311.0 110.0 1224.0 6495.0
38 40 45 0.0 0.0 0.0 3562.0 2.0 132.0 21.0
38 40 46 0.0 0.0 0.0 12.0 0.0 1.0 0.0
38 41 34 0.0 0.0 0.0 11.0 0.0 1.0 0.0
38 41 35 0.0 0.0 0.0 2822.0 4.0 100.0 16.0
38 41 36 0.0 0.0 0.0 37589.0 72.0 1201.0 5421.0
38 41 37 0.0 0.0 0.0 45634.0 196.0 1051.0 47672.0
38 41 38 0.0 0.0 0.0 27139.0 324.0 436.0 91813.0
38 41 39 0.0 0.0 0.0 20303.0 286.0 313.0 108406.0
38 41 40 0.0 0.0 0.0 18398.0 299.0 270.0 112442.0
38 41 41 0.0 0.0 0.0 20764.0 284.0 322.0 106667.0
38 41 42 0.0 0.0 0.0 28083.0 308.0 455.0 89183.0
38 41 43 0.0 0.0 0.0 45854.0 241.0 1016.0 46312.0
38 41 44 0.0 0.0 0.0 36418.0 83.0 1156.0 5015.0
38 41 45 0.0 0.0 0.0 2879.0 4.0 87.0 10.0
38 41 46 0.0 0.0 0.0 4.0 0.0 0.0 0.0
38 42 34 0.0 0.0 0.0 3.0 0.0 0.0 0.0
38 42 35 0.0 0.0 0.0 1469.0 0.0 42.0 1.0
38 42 36 0.0 0.0 0.0 28074.0 75.0 950.0 2472.0
38 42 37 0.0 0.0 0.0 49168.0 207.0 1251.0 33011.0
38 42 38 0.0 0.0 0.0 32979.0 238.0 676.0 75934.0
38 42 39 0.0 0.0 0.0 27863.0 287.0 451.0 89808.0
38 42 40 0.0 0.0 0.0 25678.0 318.0 442.0 95146.0
38 42 41 0.0 0.0 0.0 27572.0 274.0 449.0 89447.0
38 42 42 0.0 0.0 0.0 34724.0 248.0 636.0 72023.0
38 42 43 0.0 0.0 0.0 49868.0 208.0 1264.0 29393.0
38 42 44 0.0 0.0 0.0 25757.0 53.0 896.0 2048.0
38 42 45 0.0 0.0 0.0 1392.0 5.0 63.0 1.0
38 42 46 0.0 0.0 0.0 9.0 0.0 0.0 0.0
38 43 34 0.0 0.0 0.0 2.0 0.0 0.0 0.0
38 43 35 0.0 0.0 0.0 480.0 3.0 17.0 0.0
38 43 36 0.0 0.0 0.0 12817.0 23.0 481.0 356.0
38 43 37 0.0 0.0 0.0 45297.0 102.0 1262.0 12380.0
38 43 38 0.0 0.0 0.0 49441.0 160.0 1234.0 32671.0
38 43 39 0.0 0.0 0.0 44998.0 239.0 1023.0 47896.0
38 43 40 0.0 0.0 0.0 44073.0 280.0 941.0 51770.0
38 43 41 0.0 0.0 0.0 46256.0 251.0 1006.0 45745.0
38 43 42 0.0 0.0 0.0 49563.0 204.0 1220.0 30820.0
38 43 43 0.0 0.0 0.0 42421.0 100.0 1279.0 9941.0
38 43 44 0.0 0.0 0.0 11050.0 30.0 429.0 294.0
38 43 45 0.0 0.0 0.0 457.0 0.0 15.0 0.0
38 44 35 0.0 0.0 0.0 68.0 0.0 3.0 0.0
38 44 36 0.0 0.0 0.0 3027.0 2.0 105.0 13.0
38 44 37 0.0 0.0 0.0 12534.0 42.0 435.0 335.0
38 44 38 0.0 0.0 0.0 26551.0 39.0 877.0 2158.0
38 44 39 0.0 0.0 0.0 36972.0 74.0 1114.0 5220.0
38 44 40 0.0 0.0 0.0 39344.0 74.0 1239.0 6278.0
38 44 41 0.0 0.0 0.0 36059.0 73.0 1147.0 4767.0
38 44 42 0.0 0.0 0.0 24880.0 57.0 812.0 1914.0
38 44 43 0.0 0.0 0.0 11342.0 34.0 450.0 264.0
38 44 44 0.0 0.0 0.0 2343.0 0.0 82.0 11.0
38 44 45 0.0 0.0 0.0 54.0 0.0 2.0 0.0
38 45 35 0.0 0.0 0.0 4.0 0.0 0.0 0.0
38 45 36 0.0 0.0 0.0 58.0 0.0 2.0 0.0
38 45 37 0.0 0.0 0.0 462.0 0.0 18.0 0.0
38 45 38 0.0 0.0 0.0 1557.0 0.0 51.0 6.0
38 45 39 0.0 0.0 0.0 2942.0 4.0 93.0 18.0
38 45 40 0.0 0.0 0.0 3369.0 10.0 120.0 15.0
38 45 41 0.0 0.0 0.0 2595.0 3.0 105.0 13.0
38 45 42 0.0 0.0 0.0 1363.0 2.0 50.0 1.0
38 45 43 0.0 0.0 0.0 534.0 0.0 17.0 0.0
38 45 44 0.0 0.0 0.0 58.0 0.0 2.0 0.0
38 45 45 0.0 0.0 0.0 1.0 0.0 0.0 0.0
38 46 38 0.0 0.0 0.0 1.0 0.0 0.0 0.0
38 46 39 0.0 0.0 0.0 1.0 0.0 0.0 0.0
38 46 40 0.0 0.0 0.0 13.0 0.0 2.0 0.0
38 46 41 0.0 0.0 0.0 7.0 0.0 0.0 0.0
38 46 42 0.0 0.0 0.0 2.0 0.0 0.0 0.0
39 34 37 0.0 0.0 0.0 1.0 0.0 0.0 0.0
39 34 38 0.0 0.0 0.0 6.0 0.0 0.0 0.0
39 34 39 0.0 0.0 0.0 22.0 1.0 1.0 0.0
39 34 40 0.0 0.0 0.0 11.0 0.0 0.0 0.0
39 34 41 0.0 0.0 0.0 10.0 0.0 0.0 0.0
39 34 42 0.0 0.0 0.0 8.0 0.0 1.0 0.0
39 35 35 0.0 0.0 0.0 14.0 0.0 0.0 0.0
39 35 36 0.0 0.0 0.0 125.0 0.0 7.0 0.0
39 35 37 0.0 0.0 0.0 971.0 0.0 32.0 0.0
39 35 38 0.0 0.0 0.0 2558.0 6.0 90.0 13.0
39 35 39 0.0 0.0 0.0 5307.0 7.0 181.0 48.0
39 35 40 0.0 0.0 0.0 6532.0 12.0 242.0 65.0
39 35 41 0.0 0.0 0.0 5111.0 7.0 172.0 37.0
39 35 42 0.0 0.0 0.0 2915.0 3.0 111.0 14.0
39 35 43 0.0 0.0 0.0 853.0 1.0 21.0 1.0
39 35 44 0.0 0.0 0.0 142.0 0.0 5.0 0.0
39 35 45 0.0 0.0 0.0 2.0 0.0 0.0 0.0
39 36 35 0.0 0.0 0.0 148.0 2.0 8.0 0.0
39 36 36 0.0 0.0 0.0 4432.0 6.0 155.0 35.0
39 36 37 0.0 0.0 0.0 19641.0 26.0 674.0 1043.0
39 36 38 0.0 0.0 0.0 37009.0 127.0 1240.0 5379.0
39 36 39 0.0 0.0 0.0 45150.0 253.0 1286.0 10932.0
39 36 40 0.0 0.0 0.0 47837.0 176.0 1438.0 13975.0
39 36 41 0.0 0.0 0.0 45912.0 150.0 1354.0 11059.0
39 36 42 0.0 0.0 0.0 36562.0 103.0 1183.0 5139.0
39 36 43 0.0 0.0 0.0 19427.0 47.0 716.0 1018.0
39 36 44 0.0 0.0 0.0 4261.0 10.0 156.0 36.0
39 36 45 0.0 0.0 0.0 136.0 0.0 6.0 0.0
39 36 46 0.0 0.0 0.0 1.0 0.0 0.0 0.0
39 37 34 0.0 0.0 0.0 3.0 0.0 0.0 0.0
39 37 35 0.0 0.0 0.0 936.0 1.0 38.0 1.0
39 37 36 0.0 0.0 0.0 20327.0 72.0 749.0 1106.0
39 37 37 0.0 0.0 0.0 48853.0 202.0 1334.0 20255.0
39 37 38 0.0 0.0 0.0 45191.0 278.0 958.0 47189.0
39 37 39 0.0 0.0 0.0 38148.0 276.0 800.0 64895.0
39 37 40 0.0 0.0 0.0 36485.0 307.0 735.0 68949.0
39 37 41 0.0 0.0 0.0 38837.0 294.0 790.0 64545.0
39 37 42 0.0 0.0 0.0 45553.0 286.0 1019.0 47716.0
39 37 43 0.0 0.0 0.0 48789.0 204.0 1337.0 20366.0
39 37 44 0.0 0.0 0.0 19442.0 62.0 684.0 994.0
39 37 45 0.0 0.0 0.0 926.0 3.0 34.0 0.0
39 38 34 0.0 0.0 0.0 4.0 0.0 0.0 0.0
39 38 35 0.0 0.0 0.0 2984.0 1.0 116.0 11.0
39 38 36 0.0 0.0 0.0 37269.0 89.0 1216.0 5227.0
39 38 37 0.0 0.0 0.0 45049.0 324.0 1067.0 48175.0
39 38 38 0.0 0.0 0.0 27390.0 333.0 475.0 91216.0
39 38 39 0.0 0.0 0.0 20277.0 318.0 302.0 107958.0
39 38 40 0.0 0.0 0.0 18427.0 251.0 271.0 112208.0
39 38 41 0.0 0.0 0.0 20438.0 305.0 321.0 108261.0
39 38 42 0.0 0.0 0.0 27179.0 273.0 479.0 91956.0
39 38 43 0.0 0.0 0.0 45028.0 286.0 1034.0 48053.0
39 38 44 0.0 0.0 0.0 36989.0 144.0 1174.0 5263.0
39 38 45 0.0 0.0 0.0 3022.0 9.0 120.0 11.0
39 38 46 0.0 0.0 0.0 9.0 0.0 0.0 0.0
39 39 34 0.0 0.0 0.0 16.0 0.0 2.0 0.0
39 39 35 0.0 0.0 0.0 5536.0 12.0 221.0 57.0
39 39 36 0.0 0.0 0.0 46257.0 142.0 1394.0 11047.0
39 39 37 0.0 0.0 0.0 38181.0 301.0 791.0 65231.0
39 39 38 0.0 0.0 0.0 20016.0 254.0 271.0 109049.0
39 39 39 0.0 0.0 0.0 11484.0 227.0 147.0 135608.0
39 39 40 0.0 0.0 0.0 9878.0 204.0 103.0 138428.0
39 39 41 0.0 0.0 0.0 11479.0 227.0 153.0 134191.0
39 39 42 0.0 0.0 0.0 20247.0 313.0 310.0 107691.0
39 39 43 0.0 0.0 0.0 38743.0 214.0 802.0 64515.0
39 39 44 0.0 0.0 0.0 45972.0 146.0 1349.0 11423.0
39 39 45 0.0 0.0 0.0 5264.0 4.0 204.0 48.0
39 39 46 0.0 0.0 0.0 18.0 0.0 1.0 0.0
39 40 34 0.0 0.0 0.0 15.0 0.0 0.0 0.0
39 40 35 0.0 0.0 0.0 6354.0 6.0 212.0 53.0
39 40 36 0.0 0.0 0.0 47809.0 147.0 1348.0 14728.0
39 40 37 0.0 0.0 0.0 36106.0 272.0 724.0 69942.0
39 40 38 0.0 0.0 0.0 18092.0 251.0 250.0 113158.0
39 40 39 0.0 0.0 0.0 9771.0 230.0 109.0 138148.0
39 40 40 0.0 0.0 0.0 8218.0 184.0 72.0 142701.0
39 40 41 0.0 0.0 0.0 10044.0 220.0 89.0 137737.0
39 40 42 0.0 0.0 0.0 18616.0 264.0 273.0 112347.0
39 40 43 0.0 0.0 0.0 36361.0 323.0 721.0 69572.0
39 40 44 0.0 0.0 0.0 47831.0 145.0 1353.0 13616.0
39 40 45 0.0 0.0 0.0 6567.0 22.0 258.0 62.0
39 40 46 0.0 0.0 0.0 20.0 0.0 0.0 0.0
39 41 34 0.0 0.0 0.0 13.0 0.0 0.0 0.0
39 41 35 0.0 0.0 0.0 5562.0 9.0 227.0 47.0
39 41 36 0.0 0.0 0.0 45961.0 84.0 1359.0 11534.0
39 41 37 0.0 0.0 0.0 37650.0 305.0 738.0 65409.0
39 41 38 0.0 0.0 0.0 20220.0 276.0 302.0 108668.0
39 41 39 0.0 0.0 0.0 11413.0 205.0 145.0 135479.0
39 41 40 0.0 0.0 0.0 10370.0 192.0 120.0 137720.0
39 41 41 0.0 0.0 0.0 11725.0 243.0 138.0 134427.0
39 41 42 0.0 0.0 0.0 20608.0 277.0 327.0 107259.0
39 41 43 0.0 0.0 0.0 38697.0 198.0 817.0 64599.0
39 41 44 0.0 0.0 0.0 45306.0 184.0 1370.0 10626.0
39 41 45 0.0 0.0 0.0 5171.0 15.0 205.0 41.0
39 41 46 0.0 0.0 0.0 11.0 0.0 1.0 0.0
39 42 34 0.0 0.0 0.0 4.0 0.0 0.0 0.0
39 42 35 0.0 0.0 0.0 2795.0 4.0 111.0 14.0
39 42 36 0.0 0.0 0.0 37292.0 130.0 1243.0 5354.0
39 42 37 0.0 0.0 0.0 44361.0 251.0 940.0 49090.0
39 42 38 0.0 0.0 0.0 26585.0 262.0 454.0 92746.0
39 42 39 0.0 0.0 0.0 20154.0 285.0 301.0 108222.0
39 42 40 0.0 0.0 0.0 18479.0 268.0 270.0 112419.0
39 42 41 0.0 0.0 0.0 20565.0 246.0 317.0 107541.0
39 42 42 0.0 0.0 0.0 26923.0 283.0 432.0 91380.0
39 42 43 0.0 0.0 0.0 45482.0 237.0 1005.0 46766.0
39 42 44 0.0 0.0 0.0 35965.0 60.0 1171.0 4849.0
39 42 45 0.0 0.0 0.0 2806.0 6.0 104.0 9.0
39 42 46 0.0 0.0 0.0 2.0 0.0 0.0 0.0
39 43 34 0.0 0.0 0.0 1.0 0.0 0.0 0.0
39 43 35 0.0 0.0 0.0 1011.0 1.0 39.0 2.0
39 43 36 0.0 0.0 0.0 20389.0 35.0 737.0 1138.0
39 43 37 0.0 0.0 0.0 48896.0 173.0 1409.0 22582.0
39 43 38 0.0 0.0 0.0 45217.0 233.0 1006.0 47981.0
39 43 39 0.0 0.0 0.0 38879.0 288.0 830.0 63995.0
39 43 40 0.0 0.0 0.0 36445.0 265.0 722.0 68796.0
39 43 41 0.0 0.0 0.0 38843.0 291.0 795.0 63956.0
39 43 42 0.0 0.0 0.0 45366.0 232.0 914.0 47571.0
39 43 43 0.0 0.0 0.0 48463.0 147.0 1303.0 21020.0
39 43 44 0.0 0.0 0.0 18295.0 50.0 675.0 908.0
39 43 45 0.0 0.0 0.0 779.0 1.0 30.0 0.0
39 43 46 0.0 0.0 0.0 2.0 0.0 0.0 0.0
39 44 35 0.0 0.0 0.0 138.0 0.0 5.0 0.0
39 44 36 0.0 0.0 0.0 5095.0 22.0 191.0 50.0
39 44 37 0.0 0.0 0.0 19679.0 45.0 699.0 1050.0
39 44 38 0.0 0.0 0.0 37344.0 108.0 1203.0 5672.0
39 44 39 0.0 0.0 0.0 45190.0 100.0 1324.0 10904.0
39 44 40 0.0 0.0 0.0 47486.0 142.0 1342.0 13554.0
39 44 41 0.0 0.0 0.0 44860.0 185.0 1344.0 10478.0
39 44 42 0.0 0.0 0.0 36616.0 82.0 1202.0 5151.0
39 44 43 0.0 0.0 0.0 18282.0 27.0 635.0 830.0
39 44 44 0.0 0.0 0.0 4288.0 8.0 160.0 34.0
39 44 45 0.0 0.0 0.0 125.0 0.0 3.0 0.0
39 45 35 0.0 0.0 0.0 3.0 0.0 0.0 0.0
39 45 36 0.0 0.0 0.0 166.0 0.0 6.0 0.0
39 45 37 0.0 0.0 0.0 1080.0 3.0 49.0 1.0
39 45 38 0.0 0.0 0.0 2635.0 0.0 91.0 6.0
39 45 39 0.0 0.0 0.0 5454.0 4.0 194.0 53.0
39 45 40 0.0 0.0 0.0 6012.0 9.0 242.0 45.0
39 45 41 0.0 0.0 0.0 4991.0 17.0 167.0 46.0
39 45 42 0.0 0.0 0.0 2714.0 8.0 104.0 13.0
39 45 43 0.0 0.0 0.0 923.0 0.0 35.0 2.0
39 45 44 0.0 0.0 0.0 139.0 0.0 3.0 0.0
39 45 45 0.0 0.0 0.0 1.0 0.0 0.0 0.0
39 46 38 0.0 0.0 0.0 5.0 0.0 0.0 0.0
39 46 39 0.0 0.0 0.0 19.0 0.0 3.0 0.0
39 46 40 0.0 0.0 0.0 19.0 0.0 0.0 0.0
39 46 41 0.0 0.0 0.0 12.0 0.0 0.0 0.0
39 46 42 0.0 0.0 0.0 12.0 0.0 3.0 0.0
39 46 43 0.0 0.0 0.0 1.0 0.0 0.0 0.0
40 34 37 0.0 0.0 0.0 1.0 0.0 0.0 0.0
40 34 38 0.0 0.0 0.0 10.0 0.0 2.0 0.0
40 34 39 0.0 0.0 0.0 21.0 0.0 0.0 0.0
40 34 40 0.0 0.0 0.0 29.0 0.0 0.0 0.0
40 34 41 0.0 0.0 0.0 22.0 0.0 2.0 0.0
40 34 42 0.0 0.0 0.0 9.0 0.0 0.0 0.0
40 34 43 0.0 0.0 0.0 4.0 0.0 0.0 0.0
40 35 35 0.0 0.0 0.0 2.0 0.0 0.0 0.0
40 35 36 0.0 0.0 0.0 196.0 2.0 3.0 1.0
40 35 37 0.0 0.0 0.0 1148.0 1.0 43.0 3.0
40 35 38 0.0 0.0 0.0 3467.0 2.0 121.0 21.0
40 35 39 0.0 0.0 0.0 6525.0 4.0 226.0 55.0
40 35 40 0.0 0.0 0.0 7860.0 14.0 299.0 97.0
40 35 41 0.0 0.0 0.0 6316.0 18.0 238.0 55.0
40 35 42 0.0 0.0 0.0 3457.0 4.0 134.0 26.0
40 35 43 0.0 0.0 0.0 1132.0 4.0 47.0 1.0
40 35 44 0.0 0.0 0.0 174.0 0.0 9.0 0.0
40 35 45 0.0 0.0 0.0 7.0 0.0 0.0 0.0
40 36 34 0.0 0.0 0.0 1.0 0.0 0.0 0.0
40 36 35 0.0 0.0 0.0 189.0 0.0 4.0 0.0
40 36 36 0.0 0.0 0.0 5507.0 8.0 211.0 48.0
40 36 37 0.0 0.0 0.0 21890.0 56.0 762.0 1434.0
40 36 38 0.0 0.0 0.0 40051.0 137.0 1265.0 6826.0
40 36 39 0.0 0.0 0.0 48026.0 195.0 1446.0 13960.0
40 36 40 0.0 0.0 0.0 49441.0 114.0 1414.0 17136.0
40 36 41 0.0 0.0 0.0 48499.0 165.0 1375.0 14236.0
40 36 42 0.0 0.0 0.0 40501.0 107.0 1264.0 7316.0
40 36 43 0.0 0.0 0.0 22745.0 45.0 740.0 1504.0
40 36 44 0.0 0.0 0.0 5995.0 23.0 196.0 64.0
40 36 45 0.0 0.0 0.0 206.0 0.0 7.0 0.0
40 37 34 0.0 0.0 0.0 3.0 0.0 0.0 0.0
40 37 35 0.0 0.0 0.0 1095.0 2.0 47.0 1.0
40 37 36 0.0 0.0 0.0 21457.0 64.0 754.0 1288.0
40 37 37 0.0 0.0 0.0 49293.0 235.0 1335.0 24126.0
40 37 38 0.0 0.0 0.0 43441.0 293.0 979.0 53355.0
40 37 39 0.0 0.0 0.0 35954.0 396.0 710.0 69819.0
40 37 40 0.0 0.0 0.0 34175.0 296.0 642.0 74124.0
40 37 41 0.0 0.0 0.0 35838.0 263.0 658.0 70033.0
40 37 42 0.0 0.0 0.0 43383.0 233.0 937.0 53805.0
40 37 43 0.0 0.0 0.0 49061.0 256.0 1202.0 25835.0
40 37 44 0.0 0.0 0.0 23335.0 60.0 846.0 1543.0
40 37 45 0.0 0.0 0.0 1156.0 3.0 35.0 4.0
40 37 46 0.0 0.0 0.0 2.0 0.0 0.0 0.0
40 38 34 0.0 0.0 0.0 5.0 0.0 1.0 0.0
40 38 35 0.0 0.0 0.0 3895.0 6.0 161.0 20.0
40 38 36 0.0 0.0 0.0 40449.0 110.0 1270.0 6935.0
40 38 37 0.0 0.0 0.0 43221.0 248.0 913.0 53190.0
40 38 38 0.0 0.0 0.0 24841.0 375.0 432.0 96520.0
40 38 39 0.0 0.0 0.0 17805.0 299.0 260.0 113999.0
40 38 40 0.0 0.0 0.0 16632.0 271.0 234.0 116814.0
40 38 41 0.0 0.0 0.0 18059.0 296.0 257.0 112871.0
40 38 42 0.0 0.0 0.0 24789.0 330.0 393.0 97714.0
40 38 43 0.0 0.0 0.0 43379.0 296.0 949.0 53369.0
40 38 44 0.0 0.0 0.0 40523.0 79.0 1238.0 7018.0
40 38 45 0.0 0.0 0.0 3683.0 2.0 137.0 18.0
40 38 46 0.0 0.0 0.0 7.0 0.0 0.0 0.0
40 39 34 0.0 0.0 0.0 28.0 0.0 1.0 0.0
40 39 35 0.0 0.0 0.0 6524.0 18.0 261.0 85.0
40 39 36 0.0 0.0 0.0 48149.0 151.0 1438.0 14242.0
40 39 37 0.0 0.0 0.0 35437.0 321.0 691.0 70237.0
40 39 38 0.0 0.0 0.0 18335.0 264.0 255.0 112660.0
40 39 39 0.0 0.0 0.0 9766.0 242.0 119.0 138702.0
40 39 40 0.0 0.0 0.0 8373.0 231.0 71.0 142524.0
40 39 41 0.0 0.0 0.0 9777.0 219.0 98.0 139625.0
40 39 42 0.0 0.0 0.0 18367.0 271.0 251.0 113035.0
40 39 43 0.0 0.0 0.0 35778.0 314.0 734.0 69767.0
40 39 44 0.0 0.0 0.0 47734.0 141.0 1396.0 13770.0
40 39 45 0.0 0.0 0.0 6652.0 20.0 233.0 63.0
40 39 46 0.0 0.0 0.0 21.0 0.0 1.0 0.0
40 40 34 0.0 0.0 0.0 25.0 0.0 0.0 0.0
40 40 35 0.0 0.0 0.0 8025.0 6.0 296.0 91.0
40 40 36 0.0 0.0 0.0 49369.0 145.0 1318.0 17033.0
40 40 37 0.0 0.0 0.0 33732.0 285.0 674.0 74769.0
40 40 38 0.0 0.0 0.0 16431.0 263.0 220.0 117547.0
40 40 39 0.0 0.0 0.0 8531.0 206.0 95.0 142307.0
40 40 40 0.0 0.0 0.0 5487.0 155.0 36.0 161860.0
40 40 41 0.0 0.0 0.0 8260.0 190.0 83.0 143632.0
40 40 42 0.0 0.0 0.0 16484.0 263.0 266.0 117320.0
40 40 43 0.0 0.0 0.0 33900.0 291.0 664.0 74814.0
40 40 44 0.0 0.0 0.0 49359.0 148.0 1385.0 17048.0
40 40 45 0.0 0.0 0.0 7778.0 11.0 297.0 94.0
40 40 46 0.0 0.0 0.0 29.0 0.0 1.0 0.0
40 41 34 0.0 0.0 0.0 33.0 0.0 4.0 0.0
40 41 35 0.0 0.0 0.0 6327.0 19.0 259.0 76.0
40 41 36 0.0 0.0 0.0 47776.0 180.0 1415.0 13715.0
40 41 37 0.0 0.0 0.0 35684.0 268.0 695.0 70032.0
40 41 38 0.0 0.0 0.0 18293.0 249.0 269.0 113110.0
40 41 39 0.0 0.0 0.0 9835.0 191.0 94.0 139473.0
40 41 40 0.0 0.0 0.0 8187.0 194.0 81.0 143326.0
40 41 41 0.0 0.0 0.0 10168.0 214.0 103.0 138578.0
40 41 42 0.0 0.0 0.0 18612.0 292.0 262.0 112504.0
40 41 43 0.0 0.0 0.0 36456.0 278.0 700.0 68956.0
40 41 44 0.0 0.0 0.0 47464.0 207.0 1393.0 13651.0
40 41 45 0.0 0.0 0.0 6296.0 6.0 239.0 63.0
40 41 46 0.0 0.0 0.0 14.0 0.0 0.0 0.0
40 42 34 0.0 0.0 0.0 5.0 0.0 0.0 0.0
40 42 35 0.0 0.0 0.0 3716.0 5.0 128.0 28.0
40 42 36 0.0 0.0 0.0 40657.0 170.0 1322.0 7047.0
40 42 37 0.0 0.0 0.0 42831.0 265.0 905.0 54385.0
40 42 38 0.0 0.0 0.0 24862.0 250.0 387.0 97430.0
40 42 39 0.0 0.0 0.0 18395.0 273.0 261.0 112581.0
40 42 40 0.0 0.0 0.0 16605.0 242.0 254.0 116715.0
40 42 41 0.0 0.0 0.0 18439.0 279.0 275.0 111858.0
40 42 42 0.0 0.0 0.0 25213.0 272.0 437.0 96324.0
40 42 43 0.0 0.0 0.0 43566.0 204.0 957.0 52278.0
40 42 44 0.0 0.0 0.0 39555.0 89.0 1260.0 6479.0
40 42 45 0.0 0.0 0.0 3543.0 6.0 132.0 19.0
40 42 46 0.0 0.0 0.0 8.0 0.0 1.0 0.0
40 43 34 0.0 0.0 0.0 1.0 0.0 0.0 0.0
40 43 35 0.0 0.0 0.0 1285.0 2.0 50.0 3.0
40 43 36 0.0 0.0 0.0 23421.0 60.0 802.0 1556.0
40 43 37 0.0 0.0 0.0 49391.0 148.0 1297.0 24294.0
40 43 38 0.0 0.0 0.0 42786.0 284.0 959.0 53743.0
40 43 39 0.0 0.0 0.0 36041.0 283.0 729.0 69312.0
40 43 40 0.0 0.0 0.0 33867.0 261.0 643.0 74337.0
40 43 41 0.0 0.0 0.0 36723.0 249.0 731.0 69104.0
40 43 42 0.0 0.0 0.0 43565.0 185.0 945.0 51973.0
40 43 43 0.0 0.0 0.0 48921.0 196.0 1283.0 23835.0
40 43 44 0.0 0.0 0.0 21801.0 40.0 759.0 1328.0
40 43 45 0.0 0.0 0.0 1118.0 0.0 44.0 1.0
40 44 35 0.0 0.0 0.0 231.0 0.0 2.0 0.0
40 44 36 0.0 0.0 0.0 5808.0 3.0 206.0 62.0
40 44 37 0.0 0.0 0.0 23207.0 84.0 798.0 1566.0
40 44 38 0.0 0.0 0.0 40222.0 88.0 1245.0 6699.0
40 44 39 0.0 0.0 0.0 47851.0 199.0 1326.0 13871.0
40 44 40 0.0 0.0 0.0 49608.0 151.0 1320.0 16562.0
40 44 41 0.0 0.0 0.0 47400.0 160.0 1361.0 13343.0
40 44 42 0.0 0.0 0.0 39892.0 147.0 1314.0 6794.0
40 44 43 0.0 0.0 0.0 21707.0 54.0 769.0 1369.0
40 44 44 0.0 0.0 0.0 4978.0 11.0 181.0 42.0
40 44 45 0.0 0.0 0.0 164.0 0.0 8.0 0.0
40 45 35 0.0 0.0 0.0 5.0 0.0 0.0 0.0
40 45 36 0.0 0.0 0.0 203.0 0.0 8.0 0.0
40 45 37 0.0 0.0 0.0 1250.0 3.0 56.0 2.0
40 45 38 0.0 0.0 0.0 3319.0 20.0 127.0 20.0
40 45 39 0.0 0.0 0.0 6310.0 6.0 223.0 67.0
40 45 40 0.0 0.0 0.0 7572.0 12.0 273.0 111.0
40 45 41 0.0 0.0 0.0 6073.0 7.0 216.0 54.0
40 45 42 0.0 0.0 0.0 3622.0 6.0 147.0 20.0
40 45 43 0.0 0.0 0.0 1135.0 4.0 36.0 0.0
40 45 44 0.0 0.0 0.0 179.0 1.0 7.0 0.0
40 45 45 0.0 0.0 0.0 3.0 0.0 0.0 0.0
40 46 37 0.0 0.0 0.0 1.0 0.0 0.0 0.0
40 46 38 0.0 0.0 0.0 18.0 0.0 0.0 0.0
40 46 39 0.0 0.0 0.0 17.0 0.0 0.0 0.0
40 46 40 0.0 0.0 0.0 18.0 0.0 1.0 0.0
40 46 41 0.0 0.0 0.0 16.0 0.0 0.0 0.0
40 46 42 0.0 0.0 0.0 13.0 0.0 1.0 0.0
41 34 38 0.0 0.0 0.0 10.0 0.0 1.0 0.0
41 34 39 0.0 0.0 0.0 10.0 0.0 0.0 0.0
41 34 40 0.0 0.0 0.0 29.0 0.0 1.0 0.0
41 34 41 0.0 0.0 0.0 14.0 0.0 0.0 0.0
41 34 42 0.0 0.0 0.0 4.0 0.0 0.0 0.0
41 35 35 0.0 0.0 0.0 2.0 0.0 0.0 0.0
41 35 36 0.0 0.0 0.0 131.0 1.0 3.0 0.0
41 35 37 0.0 0.0 0.0 819.0 3.0 36.0 0.0
41 35 38 0.0 0.0 0.0 2852.0 1.0 90.0 12.0
41 35 39 0.0 0.0 0.0 5355.0 6.0 197.0 44.0
41 35 40 0.0 0.0 0.0 6699.0 12.0 263.0 74.0
41 35 41 0.0 0.0 0.0 5560.0 12.0 211.0 44.0
41 35 42 0.0 0.0 0.0 3001.0 5.0 113.0 11.0
41 35 43 0.0 0.0 0.0 968.0 3.0 42.0 0.0
41 35 44 0.0 0.0 0.0 166.0 0.0 7.0 0.0
41 35 45 0.0 0.0 0.0 12.0 0.0 1.0 0.0
41 36 35 0.0 0.0 0.0 112.0 0.0 4.0 0.0
41 36 36 0.0 0.0 0.0 4495.0 13.0 196.0 38.0
41 36 37 0.0 0.0 0.0 18710.0 48.0 650.0 882.0
41 36 38 0.0 0.0 0.0 36690.0 123.0 1147.0 5086.0
41 36 39 0.0 0.0 0.0 45643.0 156.0 1291.0 11216.0
41 36 40 0.0 0.0 0.0 47839.0 237.0 1341.0 14417.0
41 36 41 0.0 0.0 0.0 46470.0 133.0 1416.0 11754.0
41 36 42 0.0 0.0 0.0 37921.0 104.0 1244.0 5697.0
41 36 43 0.0 0.0 0.0 19506.0 33.0 642.0 1027.0
41 36 44 0.0 0.0 0.0 4999.0 8.0 174.0 40.0
41 36 45 0.0 0.0 0.0 173.0 1.0 2.0 0.0
41 36 46 0.0 0.0 0.0 1.0 0.0 0.0 0.0
41 37 35 0.0 0.0 0.0 984.0 1.0 38.0 0.0
41 37 36 0.0 0.0 0.0 19097.0 42.0 678.0 958.0
41 37 37 0.0 0.0 0.0 48752.0 217.0 1344.0 20214.0
41 37 38 0.0 0.0 0.0 45364.0 336.0 1058.0 47964.0
41 37 39 0.0 0.0 0.0 38229.0 335.0 802.0 64694.0
41 37 40 0.0 0.0 0.0 36172.0 293.0 717.0 70529.0
41 37 41 0.0 0.0 0.0 37869.0 326.0 749.0 65199.0
41 37 42 0.0 0.0 0.0 44938.0 300.0 956.0 48808.0
41 37 43 0.0 0.0 0.0 49116.0 150.0 1260.0 22040.0
41 37 44 0.0 0.0 0.0 20270.0 60.0 724.0 1118.0
41 37 45 0.0 0.0 0.0 946.0 0.0 23.0 1.0
41 37 46 0.0 0.0 0.0 4.0 0.0 0.0 0.0
41 38 34 0.0 0.0 0.0 5.0 0.0 0.0 0.0
41 38 35 0.0 0.0 0.0 2969.0 4.0 111.0 13.0
41 38 36 0.0 0.0 0.0 37555.0 109.0 1177.0 5675.0
41 38 37 0.0 0.0 0.0 44973.0 302.0 978.0 48066.0
41 38 38 0.0 0.0 0.0 27064.0 321.0 479.0 91528.0
41 38 39 0.0 0.0 0.0 20332.0 349.0 323.0 107539.0
41 38 40 0.0 0.0 0.0 18341.0 307.0 272.0 113476.0
41 38 41 0.0 0.0 0.0 19979.0 252.0 279.0 108720.0
41 38 42 0.0 0.0 0.0 26194.0 271.0 435.0 93240.0
41 38 43 0.0 0.0 0.0 44546.0 243.0 1010.0 49392.0
41 38 44 0.0 0.0 0.0 37486.0 79.0 1201.0 5618.0
41 38 45 0.0 0.0 0.0 3158.0 6.0 117.0 14.0
41 38 46 0.0 0.0 0.0 7.0 0.0 0.0 0.0
41 39 34 0.0 0.0 0.0 29.0 0.0 2.0 0.0
41 39 35 0.0 0.0 0.0 5510.0 13.0 225.0 50.0
41 39 36 0.0 0.0 0.0 46053.0 154.0 1334.0 11328.0
41 39 37 0.0 0.0 0.0 38477.0 345.0 807.0 65346.0
41 39 38 0.0 0.0 0.0 20085.0 278.0 283.0 108706.0
41 39 39 0.0 0.0 0.0 11593.0 268.0 130.0 135099.0
41 39 40 0.0 0.0 0.0 9722.0 288.0 85.0 139370.0
41 39 41 0.0 0.0 0.0 11281.0 217.0 118.0 136063.0
41 39 42 0.0 0.0 0.0 19923.0 286.0 291.0 110145.0
41 39 43 0.0 0.0 0.0 38378.0 281.0 790.0 65084.0
41 39 44 0.0 0.0 0.0 46194.0 121.0 1392.0 11828.0
41 39 45 0.0 0.0 0.0 5246.0 13.0 190.0 39.0
41 39 46 0.0 0.0 0.0 12.0 0.0 1.0 0.0
41 40 34 0.0 0.0 0.0 26.0 0.0 0.0 0.0
41 40 35 0.0 0.0 0.0 6466.0 12.0 229.0 78.0
41 40 36 0.0 0.0 0.0 47980.0 188.0 1408.0 14295.0
41 40 37 0.0 0.0 0.0 36079.0 281.0 731.0 69491.0
41 40 38 0.0 0.0 0.0 18428.0 278.0 293.0 112747.0
41 40 39 0.0 0.0 0.0 10030.0 193.0 127.0 139080.0
41 40 40 0.0 0.0 0.0 8455.0 191.0 79.0 142105.0
41 40 41 0.0 0.0 0.0 9746.0 225.0 114.0 139071.0
41 40 42 0.0 0.0 0.0 18381.0 279.0 294.0 113224.0
41 40 43 0.0 0.0 0.0 35675.0 269.0 710.0 70598.0
41 40 44 0.0 0.0 0.0 48041.0 118.0 1342.0 14383.0
41 40 45 0.0 0.0 0.0 6446.0 5.0 241.0 69.0
41 40 46 0.0 0.0 0.0 26.0 0.0 2.0 0.0
41 41 34 0.0 0.0 0.0 9.0 0.0 1.0 0.0
41 41 35 0.0 0.0 0.0 5328.0 19.0 212.0 54.0
41 41 36 0.0 0.0 0.0 45812.0 172.0 1374.0 11426.0
41 41 37 0.0 0.0 0.0 38280.0 228.0 682.0 65890.0
41 41 38 0.0 0.0 0.0 20404.0 264.0 319.0 108948.0
41 41 39 0.0 0.0 0.0 11346.0 207.0 126.0 135433.0
41 41 40 0.0 0.0 0.0 10147.0 234.0 100.0 138046.0
41 41 41 0.0 0.0 0.0 11531.0 240.0 133.0 134400.0
41 41 42 0.0 0.0 0.0 20191.0 299.0 324.0 108687.0
41 41 43 0.0 0.0 0.0 38140.0 265.0 788.0 64566.0
41 41 44 0.0 0.0 0.0 45796.0 133.0 1358.0 11274.0
41 41 45 0.0 0.0 0.0 5561.0 17.0 216.0 41.0
41 41 46 0.0 0.0 0.0 26.0 0.0 2.0 0.0
41 42 34 0.0 0.0 0.0 5.0 0.0 0.0 0.0
41 42 35 0.0 0.0 0.0 2928.0 6.0 125.0 9.0
41 42 36 0.0 0.0 0.0 36770.0 88.0 1182.0 5062.0
41 42 37 0.0 0.0 0.0 44883.0 256.0 965.0 48080.0
41 42 38 0.0 0.0 0.0 27062.0 295.0 465.0 91354.0
41 42 39 0.0 0.0 0.0 19902.0 211.0 304.0 108830.0
41 42 40 0.0 0.0 0.0 18161.0 310.0 273.0 113449.0
41 42 41 0.0 0.0 0.0 20432.0 276.0 316.0 107707.0
41 42 42 0.0 0.0 0.0 27702.0 313.0 491.0 89686.0
41 42 43 0.0 0.0 0.0 45226.0 253.0 1027.0 47078.0
41 42 44 0.0 0.0 0.0 36431.0 61.0 1212.0 4919.0
41 42 45 0.0 0.0 0.0 2864.0 10.0 108.0 8.0
41 42 46 0.0 0.0 0.0 2.0 0.0 0.0 0.0
41 43 34 0.0 0.0 0.0 1.0 0.0 0.0 0.0
41 43 35 0.0 0.0 0.0 934.0 2.0 28.0 1.0
41 43 36 0.0 0.0 0.0 20271.0 38.0 709.0 1131.0
41 43 37 0.0 0.0 0.0 48868.0 148.0 1373.0 21398.0
41 43 38 0.0 0.0 0.0 45420.0 191.0 1066.0 48039.0
41 43 39 0.0 0.0 0.0 38003.0 286.0 793.0 64867.0
41 43 40 0.0 0.0 0.0 35905.0 254.0 725.0 70058.0
41 43 41 0.0 0.0 0.0 38645.0 261.0 791.0 64281.0
41 43 42 0.0 0.0 0.0 45364.0 292.0 996.0 47276.0
41 43 43 0.0 0.0 0.0 48502.0 215.0 1363.0 17920.0
41 43 44 0.0 0.0 0.0 18943.0 35.0 709.0 932.0
41 43 45 0.0 0.0 0.0 949.0 0.0 35.0 0.0
41 43 46 0.0 0.0 0.0 1.0 0.0 0.0 0.0
41 44 35 0.0 0.0 0.0 174.0 0.0 7.0 0.0
41 44 36 0.0 0.0 0.0 4286.0 19.0 181.0 40.0
41 44 37 0.0 0.0 0.0 19372.0 35.0 661.0 995.0
41 44 38 0.0 0.0 0.0 37587.0 93.0 1167.0 5433.0
41 44 39 0.0 0.0 0.0 45889.0 152.0 1337.0 11535.0
41 44 40 0.0 0.0 0.0 47655.0 133.0 1343.0 13949.0
41 44 41 0.0 0.0 0.0 45220.0 130.0 1312.0 10920.0
41 44 42 0.0 0.0 0.0 36177.0 80.0 1197.0 5129.0
41 44 43 0.0 0.0 0.0 18193.0 44.0 663.0 865.0
41 44 44 0.0 0.0 0.0 4056.0 3.0 145.0 27.0
41 44 45 0.0 0.0 0.0 128.0 0.0 6.0 0.0
41 45 35 0.0 0.0 0.0 3.0 0.0 0.0 0.0
41 45 36 0.0 0.0 0.0 129.0 0.0 3.0 0.0
41 45 37 0.0 0.0 0.0 944.0 1.0 43.0 4.0
41 45 38 0.0 0.0 0.0 2671.0 4.0 102.0 15.0
41 45 39 0.0 0.0 0.0 5398.0 10.0 191.0 42.0
41 45 40 0.0 0.0 0.0 6352.0 4.0 255.0 58.0
41 45 41 0.0 0.0 0.0 5221.0 10.0 198.0 39.0
41 45 42 0.0 0.0 0.0 2768.0 1.0 108.0 10.0
41 45 43 0.0 0.0 0.0 930.0 5.0 38.0 2.0
41 45 44 0.0 0.0 0.0 123.0 0.0 3.0 0.0
41 45 45 0.0 0.0 0.0 5.0 0.0 2.0 0.0
41 46 38 0.0 0.0 0.0 5.0 0.0 1.0 0.0
41 46 39 0.0 0.0 0.0 8.0 0.0 0.0 0.0
41 46 40 0.0 0.0 0.0 15.0 0.0 1.0 0.0
41 46 41 0.0 0.0 0.0 11.0 0.0 1.0 0.0
41 46 42 0.0 0.0 0.0 8.0 0.0 0.0 0.0
41 46 44 0.0 0.0 0.0 1.0 0.0 0.0 0.0
42 34 38 0.0 0.0 0.0 1.0 0.0 0.0 0.0
42 34 39 0.0 0.0 0.0 5.0 0.0 1.0 0.0
42 34 40 0.0 0.0 0.0 8.0 0.0 0.0 0.0
42 34 41 0.0 0.0 0.0 9.0 0.0 1.0 0.0
42 34 42 0.0 0.0 0.0 3.0 0.0 0.0 0.0
42 35 35 0.0 0.0 0.0 7.0 0.0 0.0 0.0
42 35 36 0.0 0.0 0.0 55.0 0.0 3.0 0.0
42 35 37 0.0 0.0 0.0 535.0 0.0 21.0 0.0
42 35 38 0.0 0.0 0.0 1566.0 5.0 54.0 4.0
42 35 39 0.0 0.0 0.0 2993.0 4.0 104.0 6.0
42 35 40 0.0 0.0 0.0 3762.0 14.0 125.0 17.0
42 35 41 0.0 0.0 0.0 3100.0 8.0 106.0 7.0
42 35 42 0.0 0.0 0.0 1671.0 6.0 65.0 4.0
42 35 43 0.0 0.0 0.0 470.0 1.0 25.0 0.0
42 35 44 0.0 0.0 0.0 51.0 0.0 1.0 0.0
42 35 45 0.0 0.0 0.0 1.0 0.0 0.0 0.0
42 36 35 0.0 0.0 0.0 47.0 0.0 0.0 0.0
42 36 36 0.0 0.0 0.0 2455.0 3.0 98.0 9.0
42 36 37 0.0 0.0 0.0 11748.0 22.0 444.0 306.0
42 36 38 0.0 0.0 0.0 26378.0 87.0 898.0 2182.0
42 36 39 0.0 0.0 0.0 37203.0 117.0 1224.0 5322.0
42 36 40 0.0 0.0 0.0 40518.0 142.0 1200.0 7308.0
42 36 41 0.0 0.0 0.0 37468.0 108.0 1219.0 5449.0
42 36 42 0.0 0.0 0.0 28560.0 59.0 1002.0 2524.0
42 36 43 0.0 0.0 0.0 13047.0 17.0 481.0 385.0
42 36 44 0.0 0.0 0.0 2751.0 15.0 108.0 20.0
42 36 45 0.0 0.0 0.0 75.0 0.0 1.0 0.0
42 37 34 0.0 0.0 0.0 1.0 0.0 0.0 0.0
42 37 35 0.0 0.0 0.0 525.0 0.0 21.0 0.0
42 37 36 0.0 0.0 0.0 11638.0 45.0 441.0 327.0
42 37 37 0.0 0.0 0.0 43969.0 148.0 1311.0 11270.0
42 37 38 0.0 0.0 0.0 49564.0 250.0 1214.0 31187.0
42 37 39 0.0 0.0 0.0 45987.0 314.0 1008.0 46994.0
42 37 40 0.0 0.0 0.0 42789.0 387.0 926.0 53937.0
42 37 41 0.0 0.0 0.0 44316.0 279.0 982.0 50130.0
42 37 42 0.0 0.0 0.0 48455.0 235.0 1166.0 34448.0
42 37 43 0.0 0.0 0.0 44301.0 148.0 1282.0 11370.0
42 37 44 0.0 0.0 0.0 13148.0 19.0 521.0 417.0
42 37 45 0.0 0.0 0.0 612.0 0.0 23.0 1.0
42 37 46 0.0 0.0 0.0 1.0 0.0 0.0 0.0
42 38 34 0.0 0.0 0.0 6.0 0.0 0.0 0.0
42 38 35 0.0 0.0 0.0 1494.0 2.0 58.0 1.0
42 38 36 0.0 0.0 0.0 26819.0 65.0 925.0 2247.0
42 38 37 0.0 0.0 0.0 49112.0 194.0 1173.0 32020.0
42 38 38 0.0 0.0 0.0 33857.0 363.0 667.0 74361.0
42 38 39 0.0 0.0 0.0 27065.0 391.0 456.0 92069.0
42 38 40 0.0 0.0 0.0 24819.0 368.0 416.0 97717.0
42 38 41 0.0 0.0 0.0 26414.0 262.0 461.0 93034.0
42 38 42 0.0 0.0 0.0 32765.0 336.0 615.0 76635.0
42 38 43 0.0 0.0 0.0 49206.0 190.0 1186.0 34014.0
42 38 44 0.0 0.0 0.0 28245.0 31.0 963.0 2581.0
42 38 45 0.0 0.0 0.0 1688.0 2.0 68.0 9.0
42 38 46 0.0 0.0 0.0 11.0 0.0 1.0 0.0
42 39 34 0.0 0.0 0.0 8.0 0.0 1.0 0.0
42 39 35 0.0 0.0 0.0 2852.0 2.0 91.0 11.0
42 39 36 0.0 0.0 0.0 37308.0 94.0 1207.0 5459.0
42 39 37 0.0 0.0 0.0 45226.0 290.0 984.0 47470.0
42 39 38 0.0 0.0 0.0 27147.0 335.0 434.0 90905.0
42 39 39 0.0 0.0 0.0 20330.0 332.0 305.0 108202.0
42 39 40 0.0 0.0 0.0 18644.0 271.0 281.0 111848.0
42 39 41 0.0 0.0 0.0 20394.0 319.0 327.0 108414.0
42 39 42 0.0 0.0 0.0 26436.0 302.0 446.0 93021.0
42 39 43 0.0 0.0 0.0 44743.0 252.0 1018.0 48864.0
42 39 44 0.0 0.0 0.0 38306.0 96.0 1163.0 5825.0
42 39 45 0.0 0.0 0.0 3077.0 3.0 117.0 18.0
42 39 46 0.0 0.0 0.0 14.0 0.0 0.0 0.0
42 40 34 0.0 0.0 0.0 5.0 0.0 1.0 0.0
42 40 35 0.0 0.0 0.0 3570.0 6.0 152.0 31.0
42 40 36 0.0 0.0 0.0 39669.0 117.0 1180.0 6506.0
42 40 37 0.0 0.0 0.0 43052.0 220.0 926.0 53301.0
42 40 38 0.0 0.0 0.0 24549.0 287.0 379.0 97364.0
42 40 39 0.0 0.0 0.0 18238.0 278.0 268.0 112949.0
42 40 40 0.0 0.0 0.0 16334.0 321.0 221.0 116783.0
42 40 41 0.0 0.0 0.0 18201.0 315.0 275.0 112774.0
42 40 42 0.0 0.0 0.0 24675.0 275.0 428.0 97388.0
42 40 43 0.0 0.0 0.0 43113.0 255.0 950.0 53455.0
42 40 44 0.0 0.0 0.0 40455.0 84.0 1226.0 7210.0
42 40 45 0.0 0.0 0.0 3800.0 7.0 142.0 19.0
42 40 46 0.0 0.0 0.0 11.0 0.0 0.0 0.0
42 41 34 0.0 0.0 0.0 8.0 0.0 0.0 0.0
42 41 35 0.0 0.0 0.0 2920.0 5.0 111.0 12.0
42 41 36 0.0 0.0 0.0 36736.0 128.0 1181.0 5105.0
42 41 37 0.0 0.0 0.0 45518.0 252.0 1017.0 47505.0
42 41 38 0.0 0.0 0.0 27315.0 291.0 492.0 90801.0
42 41 39 0.0 0.0 0.0 20597.0 280.0 303.0 107533.0
42 41 40 0.0 0.0 0.0 18481.0 268.0 276.0 112418.0
42 41 41 0.0 0.0 0.0 20334.0 287.0 323.0 108500.0
42 41 42 0.0 0.0 0.0 26879.0 294.0 485.0 91327.0
42 41 43 0.0 0.0 0.0 45003.0 256.0 1021.0 47935.0
42 41 44 0.0 0.0 0.0 37632.0 131.0 1246.0 5441.0
42 41 45 0.0 0.0 0.0 2967.0 1.0 94.0 18.0
42 41 46 0.0 0.0 0.0 6.0 0.0 0.0 0.0
42 42 34 0.0 0.0 0.0 1.0 0.0 0.0 0.0
42 42 35 0.0 0.0 0.0 1495.0 1.0 62.0 1.0
42 42 36 0.0 0.0 0.0 27183.0 40.0 913.0 2291.0
42 42 37 0.0 0.0 0.0 49039.0 132.0 1219.0 31700.0
42 42 38 0.0 0.0 0.0 35308.0 208.0 665.0 71333.0
42 42 39 0.0 0.0 0.0 27026.0 282.0 448.0 91560.0
42 42 40 0.0 0.0 0.0 24606.0 312.0 391.0 97097.0
42 42 41 0.0 0.0 0.0 27177.0 304.0 475.0 91320.0
42 42 42 0.0 0.0 0.0 35116.0 395.0 702.0 72040.0
42 42 43 0.0 0.0 0.0 49302.0 302.0 1231.0 31206.0
42 42 44 0.0 0.0 0.0 26313.0 68.0 938.0 2095.0
42 42 45 0.0 0.0 0.0 1658.0 4.0 67.0 5.0
42 42 46 0.0 0.0 0.0 1.0 0.0 0.0 0.0
42 43 34 0.0 0.0 0.0 1.0 0.0 0.0 0.0
42 43 35 0.0 0.0 0.0 580.0 1.0 18.0 0.0
42 43 36 0.0 0.0 0.0 12199.0 21.0 502.0 366.0
42 43 37 0.0 0.0 0.0 42901.0 273.0 1309.0 9953.0
42 43 38 0.0 0.0 0.0 49293.0 160.0 1197.0 31746.0
42 43 39 0.0 0.0 0.0 45552.0 230.0 986.0 47744.0
42 43 40 0.0 0.0 0.0 43338.0 276.0 991.0 53281.0
42 43 41 0.0 0.0 0.0 45396.0 232.0 1018.0 47729.0
42 43 42 0.0 0.0 0.0 49213.0 205.0 1284.0 31109.0
42 43 43 0.0 0.0 0.0 42361.0 165.0 1313.0 9396.0
42 43 44 0.0 0.0 0.0 11072.0 38.0 401.0 256.0
42 43 45 0.0 0.0 0.0 506.0 0.0 17.0 3.0
42 44 35 0.0 0.0 0.0 59.0 0.0 1.0 0.0
42 44 36 0.0 0.0 0.0 2412.0 5.0 87.0 10.0
42 44 37 0.0 0.0 0.0 11878.0 18.0 418.0 314.0
42 44 38 0.0 0.0 0.0 26284.0 81.0 918.0 2102.0
42 44 39 0.0 0.0 0.0 36682.0 83.0 1147.0 5279.0
42 44 40 0.0 0.0 0.0 40319.0 78.0 1266.0 7089.0
42 44 41 0.0 0.0 0.0 36188.0 121.0 1202.0 4974.0
42 44 42 0.0 0.0 0.0 25905.0 42.0 928.0 2070.0
42 44 43 0.0 0.0 0.0 10751.0 31.0 395.0 234.0
42 44 44 0.0 0.0 0.0 2199.0 7.0 75.0 17.0
42 44 45 0.0 0.0 0.0 56.0 0.0 1.0 0.0
42 45 35 0.0 0.0 0.0 2.0 0.0 0.0 0.0
42 45 36 0.0 0.0 0.0 68.0 0.0 3.0 1.0
42 45 37 0.0 0.0 0.0 453.0 2.0 19.0 0.0
42 45 38 0.0 0.0 0.0 1569.0 4.0 57.0 4.0
42 45 39 0.0 0.0 0.0 2922.0 3.0 130.0 11.0
42 45 40 0.0 0.0 0.0 3305.0 4.0 132.0 10.0
42 45 41 0.0 0.0 0.0 2830.0 2.0 91.0 10.0
42 45 42 0.0 0.0 0.0 1434.0 14.0 55.0 2.0
42 45 43 0.0 0.0 0.0 455.0 1.0 18.0 1.0
42 45 44 0.0 0.0 0.0 41.0 0.0 2.0 0.0
42 45 45 0.0 0.0 0.0 1.0 0.0 0.0 0.0
42 46 38 0.0 0.0 0.0 3.0 0.0 0.0 0.0
42 46 39 0.0 0.0 0.0 7.0 0.0 0.0 0.0
42 46 40 0.0 0.0 0.0 8.0 0.0 0.0 0.0
42 46 41 0.0 0.0 0.0 8.0 0.0 0.0 0.0
42 46 42 0.0 0.0 0.0 1.0 0.0 0.0 0.0
42 46 43 0.0 0.0 0.0 2.0 0.0 0.0 0.0
43 34 39 0.0 0.0 0.0 3.0 0.0 0.0 0.0
43 34 40 0.0 0.0 0.0 2.0 0.0 0.0 0.0
43 34 41 0.0 0.0 0.0 3.0 0.0 0.0 0.0
43 35 36 0.0 0.0 0.0 19.0 0.0 0.0 0.0
43 35 37 0.0 0.0 0.0 150.0 0.0 6.0 0.0
43 35 38 0.0 0.0 0.0 427.0 1.0 15.0 0.0
43 35 39 0.0 0.0 0.0 973.0 1.0 38.0 1.0
43 35 40 0.0 0.0 0.0 1273.0 1.0 53.0 2.0
43 35 41 0.0 0.0 0.0 942.0 2.0 45.0 1.0
43 35 42 0.0 0.0 0.0 461.0 2.0 18.0 1.0
43 35 43 0.0 0.0 0.0 136.0 0.0 6.0 0.0
43 35 44 0.0 0.0 0.0 21.0 0.0 1.0 0.0
43 35 45 0.0 0.0 0.0 1.0 0.0 0.0 0.0
43 36 35 0.0 0.0 0.0 13.0 0.0 0.0 0.0
43 36 36 0.0 0.0 0.0 743.0 2.0 27.0 0.0
43 36 37 0.0 0.0 0.0 4685.0 6.0 222.0 44.0
43 36 38 0.0 0.0 0.0 11465.0 29.0 411.0 317.0
43 36 39 0.0 0.0 0.0 18712.0 77.0 718.0 885.0
43 36 40 0.0 0.0 0.0 23257.0 132.0 814.0 1511.0
43 36 41 0.0 0.0 0.0 20320.0 80.0 701.0 1131.0
43 36 42 0.0 0.0 0.0 12555.0 38.0 482.0 367.0
43 36 43 0.0 0.0 0.0 5176.0 8.0 198.0 52.0
43 36 44 0.0 0.0 0.0 845.0 0.0 39.0 0.0
43 36 45 0.0 0.0 0.0 12.0 0.0 1.0 0.0
43 37 35 0.0 0.0 0.0 117.0 0.0 6.0 0.0
43 37 36 0.0 0.0 0.0 4496.0 12.0 184.0 32.0
43 37 37 0.0 0.0 0.0 26378.0 84.0 921.0 2364.0
43 37 38 0.0 0.0 0.0 43644.0 140.0 1315.0 11241.0
43 37 39 0.0 0.0 0.0 48620.0 296.0 1300.0 20350.0
43 37 40 0.0 0.0 0.0 49422.0 291.0 1309.0 24024.0
43 37 41 0.0 0.0 0.0 48938.0 180.0 1272.0 22030.0
43 37 42 0.0 0.0 0.0 44090.0 78.0 1313.0 11068.0
43 37 43 0.0 0.0 0.0 27436.0 73.0 951.0 2524.0
43 37 44 0.0 0.0 0.0 5009.0 5.0 199.0 40.0
43 37 45 0.0 0.0 0.0 148.0 0.0 4.0 0.0
43 38 35 0.0 0.0 0.0 456.0 0.0 17.0 0.0
43 38 36 0.0 0.0 0.0 11700.0 24.0 431.0 299.0
43 38 37 0.0 0.0 0.0 43560.0 156.0 1308.0 10515.0
43 38 38 0.0 0.0 0.0 48904.0 284.0 1232.0 32359.0
43 38 39 0.0 0.0 0.0 44950.0 342.0 1013.0 47652.0
43 38 40 0.0 0.0 0.0 43478.0 253.0 924.0 52785.0
43 38 41 0.0 0.0 0.0 45000.0 328.0 996.0 48384.0
43 38 42 0.0 0.0 0.0 49398.0 172.0 1268.0 33197.0
43 38 43 0.0 0.0 0.0 44561.0 108.0 1275.0 11658.0
43 38 44 0.0 0.0 0.0 13016.0 19.0 519.0 426.0
43 38 45 0.0 0.0 0.0 533.0 0.0 17.0 1.0
43 38 46 0.0 0.0 0.0 1.0 0.0 0.0 0.0
43 39 35 0.0 0.0 0.0 930.0 4.0 41.0 1.0
43 39 36 0.0 0.0 0.0 18991.0 62.0 714.0 898.0
43 39 37 0.0 0.0 0.0 48695.0 214.0 1244.0 19817.0
43 39 38 0.0 0.0 0.0 45361.0 299.0 1029.0 47718.0
43 39 39 0.0 0.0 0.0 38813.0 374.0 838.0 63836.0
43 39 40 0.0 0.0 0.0 36502.0 282.0 728.0 69529.0
43 39 41 0.0 0.0 0.0 38287.0 338.0 755.0 64461.0
43 39 42 0.0 0.0 0.0 45245.0 236.0 1101.0 47519.0
43 39 43 0.0 0.0 0.0 48955.0 162.0 1273.0 22160.0
43 39 44 0.0 0.0 0.0 20237.0 36.0 722.0 1081.0
43 39 45 0.0 0.0 0.0 1041.0 1.0 37.0 2.0
43 39 46 0.0 0.0 0.0 1.0 0.0 0.0 0.0
43 40 34 0.0 0.0 0.0 1.0 0.0 0.0 0.0
43 40 35 0.0 0.0 0.0 1175.0 1.0 53.0 1.0
43 40 36 0.0 0.0 0.0 22261.0 59.0 758.0 1392.0
43 40 37 0.0 0.0 0.0 49384.0 180.0 1266.0 23673.0
43 40 38 0.0 0.0 0.0 43075.0 278.0 930.0 52581.0
43 40 39 0.0 0.0 0.0 36417.0 360.0 677.0 69054.0
43 40 40 0.0 0.0 0.0 34325.0 338.0 642.0 73681.0
43 40 41 0.0 0.0 0.0 36637.0 319.0 704.0 68761.0
43 40 42 0.0 0.0 0.0 42870.0 274.0 926.0 53490.0
43 40 43 0.0 0.0 0.0 48903.0 187.0 1303.0 25136.0
43 40 44 0.0 0.0 0.0 23101.0 41.0 797.0 1547.0
43 40 45 0.0 0.0 0.0 1275.0 1.0 36.0 1.0
43 40 46 0.0 0.0 0.0 7.0 0.0 0.0 0.0
43 41 35 0.0 0.0 0.0 1025.0 1.0 47.0 4.0
43 41 36 0.0 0.0 0.0 18719.0 54.0 670.0 976.0
43 41 37 0.0 0.0 0.0 49141.0 119.0 1368.0 20778.0
43 41 38 0.0 0.0 0.0 45546.0 242.0 1064.0 47270.0
43 41 39 0.0 0.0 0.0 39401.0 231.0 806.0 63524.0
43 41 40 0.0 0.0 0.0 35929.0 281.0 701.0 69860.0
43 41 41 0.0 0.0 0.0 38427.0 319.0 757.0 64519.0
43 41 42 0.0 0.0 0.0 45220.0 314.0 998.0 47724.0
43 41 43 0.0 0.0 0.0 49107.0 167.0 1355.0 20292.0
43 41 44 0.0 0.0 0.0 20157.0 41.0 721.0 1157.0
43 41 45 0.0 0.0 0.0 1015.0 1.0 32.0 2.0
43 42 34 0.0 0.0 0.0 2.0 0.0 0.0 0.0
43 42 35 0.0 0.0 0.0 478.0 1.0 13.0 1.0
43 42 36 0.0 0.0 0.0 11834.0 14.0 449.0 309.0
43 42 37 0.0 0.0 0.0 43617.0 97.0 1279.0 10541.0
43 42 38 0.0 0.0 0.0 49373.0 223.0 1273.0 30198.0
43 42 39 0.0 0.0 0.0 45012.0 199.0 979.0 48377.0
43 42 40 0.0 0.0 0.0 43336.0 262.0 993.0 52511.0
43 42 41 0.0 0.0 0.0 45189.0 290.0 957.0 47873.0
43 42 42 0.0 0.0 0.0 49623.0 274.0 1293.0 30890.0
43 42 43 0.0 0.0 0.0 42685.0 112.0 1325.0 9890.0
43 42 44 0.0 0.0 0.0 12206.0 15.0 451.0 323.0
43 42 45 0.0 0.0 0.0 424.0 0.0 14.0 0.0
43 42 46 0.0 0.0 0.0 1.0 0.0 0.0 0.0
43 43 35 0.0 0.0 0.0 149.0 0.0 1.0 0.0
43 43 36 0.0 0.0 0.0 4611.0 3.0 192.0 31.0
43 43 37 0.0 0.0 0.0 23378.0 48.0 844.0 1615.0
43 43 38 0.0 0.0 0.0 41622.0 128.0 1247.0 9028.0
43 43 39 0.0 0.0 0.0 48483.0 81.0 1340.0 19479.0
43 43 40 0.0 0.0 0.0 49183.0 130.0 1259.0 24505.0
43 43 41 0.0 0.0 0.0 48678.0 278.0 1295.0 19211.0
43 43 42 0.0 0.0 0.0 42251.0 217.0 1311.0 9538.0
43 43 43 0.0 0.0 0.0 23953.0 50.0 816.0 1765.0
43 43 44 0.0 0.0 0.0 4072.0 12.0 153.0 34.0
43 43 45 0.0 0.0 0.0 123.0 0.0 7.0 0.0
43 44 35 0.0 0.0 0.0 25.0 0.0 1.0 0.0
43 44 36 0.0 0.0 0.0 668.0 0.0 15.0 0.0
43 44 37 0.0 0.0 0.0 4762.0 5.0 196.0 49.0
43 44 38 0.0 0.0 0.0 11546.0 4.0 422.0 274.0
43 44 39 0.0 0.0 0.0 19287.0 36.0 704.0 1029.0
43 44 40 0.0 0.0 0.0 22373.0 59.0 762.0 1420.0
43 44 41 0.0 0.0 0.0 19727.0 27.0 688.0 976.0
43 44 42 0.0 0.0 0.0 11772.0 32.0 435.0 362.0
43 44 43 0.0 0.0 0.0 4279.0 20.0 149.0 32.0
43 44 44 0.0 0.0 0.0 674.0 15.0 20.0 0.0
43 44 45 0.0 0.0 0.0 10.0 0.0 1.0 0.0
43 44 46 0.0 0.0 0.0 1.0 0.0 0.0 0.0
43 45 35 0.0 0.0 0.0 2.0 0.0 1.0 0.0
43 45 36 0.0 0.0 0.0 13.0 0.0 0.0 0.0
43 45 37 0.0 0.0 0.0 99.0 0.0 4.0 0.0
43 45 38 0.0 0.0 0.0 459.0 1.0 23.0 0.0
43 45 39 0.0 0.0 0.0 894.0 0.0 27.0 3.0
43 45 40 0.0 0.0 0.0 1180.0 2.0 44.0 1.0
43 45 41 0.0 0.0 0.0 846.0 2.0 34.0 2.0
43 45 42 0.0 0.0 0.0 436.0 2.0 14.0 0.0
43 45 43 0.0 0.0 0.0 109.0 0.0 3.0 0.0
43 45 44 0.0 0.0 0.0 13.0 0.0 0.0 0.0
43 46 40 0.0 0.0 0.0 1.0 0.0 0.0 0.0
43 46 41 0.0 0.0 0.0 3.0 0.0 0.0 0.0
43 46 42 0.0 0.0 0.0 1.0 0.0 0.0 0.0
44 35 36 0.0 0.0 0.0 1.0 0.0 0.0 0.0
44 35 37 0.0 0.0 0.0 18.0 0.0 0.0 0.0
44 35 38 0.0 0.0 0.0 66.0 0.0 2.0 0.0
44 35 39 0.0 0.0 0.0 101.0 0.0 5.0 0.0
44 35 40 0.0 0.0 0.0 197.0 1.0 10.0 0.0
44 35 41 0.0 0.0 0.0 174.0 0.0 5.0 0.0
44 35 42 0.0 0.0 0.0 88.0 0.0 6.0 0.0
44 35 43 0.0 0.0 0.0 17.0 0.0 0.0 0.0
44 35 44 0.0 0.0 0.0 1.0 0.0 0.0 0.0
44 36 35 0.0 0.0 0.0 2.0 0.0 0.0 0.0
44 36 36 0.0 0.0 0.0 99.0 1.0 3.0 0.0
44 36 37 0.0 0.0 0.0 825.0 0.0 30.0 0.0
44 36 38 0.0 0.0 0.0 2628.0 2.0 105.0 13.0
44 36 39 0.0 0.0 0.0 4352.0 8.0 187.0 45.0
44 36 40 0.0 0.0 0.0 5587.0 10.0 210.0 64.0
44 36 41 0.0 0.0 0.0 4642.0 1.0 172.0 42.0
44 36 42 0.0 0.0 0.0 2574.0 3.0 99.0 11.0
44 36 43 0.0 0.0 0.0 871.0 0.0 28.0 2.0
44 36 44 0.0 0.0 0.0 112.0 0.0 3.0 0.0
44 36 45 0.0 0.0 0.0 1.0 0.0 0.0 0.0
44 37 35 0.0 0.0 0.0 13.0 0.0 0.0 0.0
44 37 36 0.0 0.0 0.0 787.0 5.0 34.0 0.0
44 37 37 0.0 0.0 0.0 4711.0 5.0 223.0 40.0
44 37 38 0.0 0.0 0.0 12486.0 37.0 463.0 344.0
44 37 39 0.0 0.0 0.0 19691.0 48.0 698.0 1019.0
44 37 40 0.0 0.0 0.0 22392.0 48.0 768.0 1367.0
44 37 41 0.0 0.0 0.0 19738.0 40.0 695.0 1008.0
44 37 42 0.0 0.0 0.0 12678.0 8.0 462.0 345.0
44 37 43 0.0 0.0 0.0 4788.0 11.0 158.0 49.0
44 37 44 0.0 0.0 0.0 856.0 1.0 31.0 1.0
44 37 45 0.0 0.0 0.0 8.0 0.0 0.0 0.0
44 38 35 0.0 0.0 0.0 79.0 0.0 2.0 0.0
44 38 36 0.0 0.0 0.0 2342.0 4.0 79.0 14.0
44 38 37 0.0 0.0 0.0 12240.0 52.0 454.0 337.0
44 38 38 0.0 0.0 0.0 26289.0 97.0 924.0 2127.0
44 38 39 0.0 0.0 0.0 37105.0 92.0 1166.0 5277.0
44 38 40 0.0 0.0 0.0 40365.0 137.0 1262.0 7174.0
44 38 41 0.0 0.0 0.0 37233.0 106.0 1182.0 5320.0
44 38 42 0.0 0.0 0.0 26947.0 61.0 916.0 2129.0
44 38 43 0.0 0.0 0.0 12799.0 21.0 434.0 389.0
44 38 44 0.0 0.0 0.0 2699.0 1.0 92.0 14.0
44 38 45 0.0 0.0 0.0 64.0 0.0 2.0 0.0
44 39 35 0.0 0.0 0.0 139.0 0.0 4.0 0.0
44 39 36 0.0 0.0 0.0 4406.0 6.0 170.0 38.0
44 39 37 0.0 0.0 0.0 19318.0 53.0 673.0 1004.0
44 39 38 0.0 0.0 0.0 36337.0 157.0 1171.0 5039.0
44 39 39 0.0 0.0 0.0 45726.0 160.0 1351.0 11084.0
44 39 40 0.0 0.0 0.0 47650.0 175.0 1415.0 14021.0
44 39 41 0.0 0.0 0.0 45910.0 150.0 1376.0 11212.0
44 39 42 0.0 0.0 0.0 37373.0 87.0 1194.0 5487.0
44 39 43 0.0 0.0 0.0 20383.0 40.0 739.0 1130.0
44 39 44 0.0 0.0 0.0 5052.0 8.0 185.0 43.0
44 39 45 0.0 0.0 0.0 156.0 3.0 4.0 0.0
44 40 35 0.0 0.0 0.0 214.0 0.0 7.0 0.0
44 40 36 0.0 0.0 0.0 5167.0 16.0 167.0 47.0
44 40 37 0.0 0.0 0.0 21888.0 44.0 796.0 1307.0
44 40 38 0.0 0.0 0.0 39715.0 97.0 1227.0 6603.0
44 40 39 0.0 0.0 0.0 47771.0 129.0 1342.0 13936.0
44 40 40 0.0 0.0 0.0 49570.0 173.0 1403.0 16518.0
44 40 41 0.0 0.0 0.0 47614.0 175.0 1324.0 13468.0
44 40 42 0.0 0.0 0.0 39667.0 122.0 1292.0 6407.0
44 40 43 0.0 0.0 0.0 22349.0 76.0 769.0 1384.0
44 40 44 0.0 0.0 0.0 5667.0 11.0 220.0 58.0
44 40 45 0.0 0.0 0.0 203.0 0.0 8.0 0.0
44 41 35 0.0 0.0 0.0 113.0 0.0 6.0 0.0
44 41 36 0.0 0.0 0.0 4405.0 3.0 168.0 38.0
44 41 37 0.0 0.0 0.0 18714.0 26.0 700.0 870.0
44 41 38 0.0 0.0 0.0 37308.0 51.0 1233.0 5341.0
44 41 39 0.0 0.0 0.0 45519.0 155.0 1324.0 10923.0
44 41 40 0.0 0.0 0.0 47838.0 127.0 1419.0 14102.0
44 41 41 0.0 0.0 0.0 45904.0 145.0 1316.0 10840.0
44 41 42 0.0 0.0 0.0 36985.0 96.0 1228.0 5373.0
44 41 43 0.0 0.0 0.0 19163.0 35.0 708.0 1008.0
44 41 44 0.0 0.0 0.0 4358.0 6.0 168.0 30.0
44 41 45 0.0 0.0 0.0 198.0 0.0 7.0 0.0
44 42 35 0.0 0.0 0.0 89.0 0.0 2.0 0.0
44 42 36 0.0 0.0 0.0 2396.0 1.0 80.0 12.0
44 42 37 0.0 0.0 0.0 12337.0 39.0 464.0 375.0
44 42 38 0.0 0.0 0.0 26858.0 59.0 925.0 2188.0
44 42 39 0.0 0.0 0.0 36546.0 62.0 1110.0 5185.0
44 42 40 0.0 0.0 0.0 40569.0 90.0 1278.0 7041.0
44 42 41 0.0 0.0 0.0 37021.0 72.0 1232.0 5494.0
44 42 42 0.0 0.0 0.0 26670.0 65.0 966.0 2102.0
44 42 43 0.0 0.0 0.0 11178.0 21.0 405.0 272.0
44 42 44 0.0 0.0 0.0 2446.0 4.0 87.0 9.0
44 42 45 0.0 0.0 0.0 81.0 0.0 4.0 0.0
44 43 35 0.0 0.0 0.0 15.0 0.0 1.0 0.0
44 43 36 0.0 0.0 0.0 745.0 0.0 26.0 0.0
44 43 37 0.0 0.0 0.0 3808.0 17.0 129.0 25.0
44 43 38 0.0 0.0 0.0 11794.0 9.0 449.0 353.0
44 43 39 0.0 0.0 0.0 18434.0 68.0 666.0 919.0
44 43 40 0.0 0.0 0.0 21556.0 27.0 785.0 1259.0
44 43 41 0.0 0.0 0.0 19155.0 74.0 643.0 987.0
44 43 42 0.0 0.0 0.0 11382.0 19.0 410.0 292.0
44 43 43 0.0 0.0 0.0 4290.0 21.0 176.0 31.0
44 43 44 0.0 0.0 0.0 825.0 1.0 30.0 1.0
44 43 45 0.0 0.0 0.0 19.0 0.0 1.0 0.0
44 44 35 0.0 0.0 0.0 1.0 0.0 0.0 0.0
44 44 36 0.0 0.0 0.0 70.0 0.0 4.0 1.0
44 44 37 0.0 0.0 0.0 618.0 3.0 21.0 0.0
44 44 38 0.0 0.0 0.0 2294.0 2.0 82.0 7.0
44 44 39 0.0 0.0 0.0 4099.0 4.0 159.0 29.0
44 44 40 0.0 0.0 0.0 5112.0 10.0 193.0 50.0
44 44 41 0.0 0.0 0.0 3921.0 15.0 164.0 24.0
44 44 42 0.0 0.0 0.0 2253.0 17.0 84.0 10.0
44 44 43 0.0 0.0 0.0 821.0 7.0 32.0 3.0
44 44 44 0.0 0.0 0.0 92.0 0.0 7.0 0.0
44 44 45 0.0 0.0 0.0 2.0 0.0 0.0 0.0
44 45 36 0.0 0.0 0.0 1.0 0.0 0.0 0.0
44 45 37 0.0 0.0 0.0 11.0 0.0 0.0 0.0
44 45 38 0.0 0.0 0.0 52.0 0.0 3.0 0.0
44 45 39 0.0 0.0 0.0 115.0 0.0 3.0 0.0
44 45 40 0.0 0.0 0.0 146.0 0.0 4.0 0.0
44 45 41 0.0 0.0 0.0 108.0 0.0 3.0 0.0
44 45 42 0.0 0.0 0.0 58.0 0.0 1.0 0.0
44 45 43 0.0 0.0 0.0 16.0 0.0 2.0 0.0
44 45 44 0.0 0.0 0.0 4.0 0.0 0.0 0.0
45 35 39 0.0 0.0 0.0 3.0 0.0 1.0 0.0
45 35 40 0.0 0.0 0.0 1.0 0.0 0.0 0.0
45 35 41 0.0 0.0 0.0 9.0 0.0 0.0 0.0
45 35 42 0.0 0.0 0.0 2.0 0.0 0.0 0.0
45 35 43 0.0 0.0 0.0 1.0 0.0 0.0 0.0
45 36 36 0.0 0.0 0.0 2.0 0.0 0.0 0.0
45 36 37 0.0 0.0 0.0 12.0 0.0 0.0 0.0
45 36 38 0.0 0.0 0.0 83.0 0.0 4.0 0.0
45 36 39 0.0 0.0 0.0 143.0 1.0 3.0 0.0
45 36 40 0.0 0.0 0.0 186.0 0.0 2.0 0.0
45 36 41 0.0 0.0 0.0 136.0 0.0 2.0 0.0
45 36 42 0.0 0.0 0.0 82.0 0.0 4.0 0.0
45 36 43 0.0 0.0 0.0 17.0 0.0 0.0 0.0
45 36 44 0.0 0.0 0.0 2.0 0.0 0.0 0.0
45 37 36 0.0 0.0 0.0 12.0 0.0 0.0 0.0
45 37 37 0.0 0.0 0.0 104.0 1.0 2.0 0.0
45 37 38 0.0 0.0 0.0 446.0 2.0 17.0 0.0
45 37 39 0.0 0.0 0.0 909.0 1.0 33.0 1.0
45 37 40 0.0 0.0 0.0 1044.0 1.0 42.0 1.0
45 37 41 0.0 0.0 0.0 875.0 0.0 39.0 3.0
45 37 42 0.0 0.0 0.0 469.0 0.0 22.0 0.0
45 37 43 0.0 0.0 0.0 152.0 0.0 6.0 0.0
45 37 44 0.0 0.0 0.0 17.0 0.0 0.0 0.0
45 38 36 0.0 0.0 0.0 44.0 0.0 0.0 0.0
45 38 37 0.0 0.0 0.0 483.0 2.0 16.0 0.0
45 38 38 0.0 0.0 0.0 1466.0 2.0 66.0 3.0
45 38 39 0.0 0.0 0.0 3127.0 6.0 133.0 10.0
45 38 40 0.0 0.0 0.0 3415.0 9.0 125.0 14.0
45 38 41 0.0 0.0 0.0 2989.0 5.0 96.0 18.0
45 38 42 0.0 0.0 0.0 1731.0 3.0 67.0 5.0
45 38 43 0.0 0.0 0.0 444.0 0.0 17.0 0.0
45 38 44 0.0 0.0 0.0 70.0 0.0 3.0 0.0
45 39 35 0.0 0.0 0.0 2.0 0.0 0.0 0.0
45 39 36 0.0 0.0 0.0 136.0 0.0 3.0 0.0
45 39 37 0.0 0.0 0.0 971.0 0.0 36.0 4.0
45 39 38 0.0 0.0 0.0 2883.0 3.0 102.0 9.0
45 39 39 0.0 0.0 0.0 5144.0 14.0 187.0 38.0
45 39 40 0.0 0.0 0.0 6277.0 10.0 214.0 71.0
45 39 41 0.0 0.0 0.0 5369.0 14.0 206.0 36.0
45 39 42 0.0 0.0 0.0 3111.0 7.0 113.0 16.0
45 39 43 0.0 0.0 0.0 992.0 1.0 36.0 0.0
45 39 44 0.0 0.0 0.0 135.0 0.0 6.0 0.0
45 39 45 0.0 0.0 0.0 13.0 0.0 0.0 0.0
45 40 35 0.0 0.0 0.0 2.0 0.0 0.0 0.0
45 40 36 0.0 0.0 0.0 212.0 1.0 7.0 0.0
45 40 37 0.0 0.0 0.0 1237.0 1.0 45.0 3.0
45 40 38 0.0 0.0 0.0 3364.0 5.0 129.0 17.0
45 40 39 0.0 0.0 0.0 6294.0 8.0 241.0 66.0
45 40 40 0.0 0.0 0.0 7508.0 16.0 309.0 96.0
45 40 41 0.0 0.0 0.0 6272.0 11.0 240.0 62.0
45 40 42 0.0 0.0 0.0 3596.0 3.0 153.0 19.0
45 40 43 0.0 0.0 0.0 1128.0 6.0 50.0 2.0
45 40 44 0.0 0.0 0.0 241.0 0.0 11.0 0.0
45 40 45 0.0 0.0 0.0 12.0 0.0 0.0 0.0
45 41 35 0.0 0.0 0.0 1.0 0.0 0.0 0.0
45 41 36 0.0 0.0 0.0 129.0 0.0 5.0 0.0
45 41 37 0.0 0.0 0.0 955.0 3.0 28.0 2.0
45 41 38 0.0 0.0 0.0 2890.0 6.0 100.0 11.0
45 41 39 0.0 0.0 0.0 5274.0 13.0 200.0 39.0
45 41 40 0.0 0.0 0.0 6267.0 8.0 255.0 74.0
45 41 41 0.0 0.0 0.0 5229.0 12.0 199.0 39.0
45 41 42 0.0 0.0 0.0 2906.0 3.0 117.0 16.0
45 41 43 0.0 0.0 0.0 858.0 1.0 32.0 1.0
45 41 44 0.0 0.0 0.0 108.0 2.0 6.0 0.0
45 41 45 0.0 0.0 0.0 8.0 0.0 1.0 0.0
45 42 35 0.0 0.0 0.0 1.0 0.0 0.0 0.0
45 42 36 0.0 0.0 0.0 67.0 0.0 2.0 0.0
45 42 37 0.0 0.0 0.0 417.0 0.0 18.0 0.0
45 42 38 0.0 0.0 0.0 1536.0 7.0 65.0 3.0
45 42 39 0.0 0.0 0.0 2757.0 5.0 117.0 10.0
45 42 40 0.0 0.0 0.0 3430.0 5.0 137.0 16.0
45 42 41 0.0 0.0 0.0 2906.0 4.0 91.0 9.0
45 42 42 0.0 0.0 0.0 1508.0 2.0 61.0 5.0
45 42 43 0.0 0.0 0.0 456.0 2.0 13.0 0.0
45 42 44 0.0 0.0 0.0 63.0 0.0 3.0 0.0
45 42 45 0.0 0.0 0.0 1.0 0.0 0.0 0.0
45 43 36 0.0 0.0 0.0 10.0 0.0 0.0 0.0
45 43 37 0.0 0.0 0.0 129.0 0.0 5.0 0.0
45 43 38 0.0 0.0 0.0 398.0 0.0 17.0 0.0
45 43 39 0.0 0.0 0.0 860.0 0.0 34.0 1.0
45 43 40 0.0 0.0 0.0 1112.0 6.0 37.0 3.0
45 43 41 0.0 0.0 0.0 943.0 0.0 32.0 2.0
45 43 42 0.0 0.0 0.0 512.0 0.0 26.0 1.0
45 43 43 0.0 0.0 0.0 114.0 0.0 4.0 0.0
45 43 44 0.0 0.0 0.0 18.0 0.0 4.0 0.0
45 44 36 0.0 0.0 0.0 2.0 0.0 0.0 0.0
45 44 37 0.0 0.0 0.0 16.0 0.0 1.0 0.0
45 44 38 0.0 0.0 0.0 36.0 0.0 1.0 0.0
45 44 39 0.0 0.0 0.0 139.0 0.0 8.0 0.0
45 44 40 0.0 0.0 0.0 147.0 0.0 3.0 0.0
45 44 41 0.0 0.0 0.0 106.0 0.0 2.0 0.0
45 44 42 0.0 0.0 0.0 41.0 1.0 1.0 0.0
45 44 43 0.0 0.0 0.0 15.0 0.0 1.0 0.0
45 44 44 0.0 0.0 0.0 3.0 0.0 0.0 0.0
45 45 38 0.0 0.0 0.0 2.0 0.0 0.0 0.0
45 45 39 0.0 0.0 0.0 7.0 0.0 0.0 0.0
45 45 40 0.0 0.0 0.0 6.0 0.0 1.0 0.0
45 45 41 0.0 0.0 0.0 5.0 0.0 0.0 0.0
45 45 42 0.0 0.0 0.0 1.0 0.0 0.0 0.0
46 37 37 0.0 0.0 0.0 1.0 0.0 0.0 0.0
46 37 38 0.0 0.0 0.0 2.0 0.0 0.0 0.0
46 37 40 0.0 0.0 0.0 1.0 0.0 0.0 0.0
46 38 38 0.0 0.0 0.0 1.0 0.0 0.0 0.0
46 38 39 0.0 0.0 0.0 7.0 0.0 0.0 0.0
46 38 40 0.0 0.0 0.0 10.0 0.0 1.0 0.0
46 38 41 0.0 0.0 0.0 3.0 0.0 0.0 0.0
46 38 42 0.0 0.0 0.0 2.0 0.0 0.0 0.0
46 39 37 0.0 0.0 0.0 2.0 0.0 0.0 0.0
46 39 38 0.0 0.0 0.0 6.0 0.0 0.0 0.0
46 39 39 0.0 0.0 0.0 10.0 0.0 0.0 0.0
46 39 40 0.0 0.0 0.0 19.0 0.0 2.0 0.0
46 39 41 0.0 0.0 0.0 12.0 0.0 1.0 0.0
46 39 42 0.0 0.0 0.0 2.0 0.0 1.0 0.0
46 40 37 0.0 0.0 0.0 1.0 0.0 0.0 0.0
46 40 38 0.0 0.0 0.0 10.0 0.0 0.0 0.0
46 40 39 0.0 0.0 0.0 14.0 0.0 1.0 0.0
46 40 40 0.0 0.0 0.0 34.0 0.0 1.0 0.0
46 40 41 0.0 0.0 0.0 10.0 0.0 0.0 0.0
46 40 42 0.0 0.0 0.0 7.0 0.0 0.0 0.0
46 41 37 0.0 0.0 0.0 1.0 0.0 0.0 0.0
46 41 38 0.0 0.0 0.0 3.0 0.0 0.0 0.0
46 41 39 0.0 0.0 0.0 15.0 0.0 1.0 0.0
46 41 40 0.0 0.0 0.0 12.0 0.0 0.0 0.0
46 41 41 0.0 0.0 0.0 14.0 0.0 1.0 0.0
46 41 42 0.0 0.0 0.0 4.0 0.0 0.0 0.0
46 41 43 0.0 0.0 0.0 10.0 0.0 0.0 0.0
46 42 38 0.0 0.0 0.0 2.0 0.0 0.0 0.0
46 42 39 0.0 0.0 0.0 5.0 0.0 0.0 0.0
46 42 40 0.0 0.0 0.0 4.0 0.0 0.0 0.0
46 42 41 0.0 0.0 0.0 7.0 0.0 1.0 0.0
46 42 42 0.0 0.0 0.0 10.0 0.0 0.0 0.0
46 42 43 0.0 0.0 0.0 1.0 0.0 0.0 0.0
46 43 38 0.0 0.0 0.0 1.0 0.0 0.0 0.0
46 43 39 0.0 0.0 0.0 1.0 0.0 0.0 0.0
46 43 40 0.0 0.0 0.0 1.0 0.0 0.0 0.0
46 43 41 0.0 0.0 0.0 1.0 0.0 0.0 0.0
46 43 42 0.0 0.0 0.0 1.0 0.0 0.0 0.0
