35 36 40 0.0 0.0 0.0 4.0 0.0 0.0 0.0
35 37 42 0.0 0.0 0.0 1.0 0.0 0.0 0.0
35 38 38 0.0 0.0 0.0 2.0 0.0 0.0 0.0
35 38 39 0.0 0.0 0.0 5.0 0.0 1.0 0.0
35 38 40 0.0 0.0 0.0 2.0 0.0 0.0 0.0
35 38 41 0.0 0.0 0.0 5.0 0.0 0.0 0.0
35 38 42 0.0 0.0 0.0 2.0 0.0 0.0 0.0
35 39 37 0.0 0.0 0.0 1.0 0.0 0.0 0.0
35 39 38 0.0 0.0 0.0 4.0 0.0 0.0 0.0
35 39 39 0.0 0.0 0.0 10.0 0.0 0.0 0.0
35 39 40 0.0 0.0 0.0 7.0 0.0 0.0 0.0
35 39 41 0.0 0.0 0.0 3.0 0.0 0.0 0.0
35 39 42 0.0 0.0 0.0 2.0 0.0 0.0 0.0
35 39 43 0.0 0.0 0.0 1.0 0.0 0.0 0.0
35 40 38 0.0 0.0 0.0 5.0 0.0 0.0 0.0
35 40 39 0.0 0.0 0.0 14.0 0.0 0.0 0.0
35 40 40 0.0 0.0 0.0 5.0 0.0 0.0 0.0
35 40 41 0.0 0.0 0.0 19.0 0.0 0.0 0.0
35 40 42 0.0 0.0 0.0 3.0 0.0 0.0 0.0
35 41 37 0.0 0.0 0.0 1.0 0.0 0.0 0.0
35 41 38 0.0 0.0 0.0 1.0 0.0 0.0 0.0
35 41 39 0.0 0.0 0.0 22.0 0.0 3.0 0.0
35 41 40 0.0 0.0 0.0 10.0 0.0 0.0 0.0
35 41 41 0.0 0.0 0.0 7.0 0.0 0.0 0.0
35 41 42 0.0 0.0 0.0 3.0 0.0 0.0 0.0
35 41 43 0.0 0.0 0.0 1.0 0.0 0.0 0.0
35 42 38 0.0 0.0 0.0 1.0 0.0 0.0 0.0
35 42 39 0.0 0.0 0.0 1.0 0.0 0.0 0.0
35 42 40 0.0 0.0 0.0 7.0 0.0 0.0 0.0
35 42 41 0.0 0.0 0.0 2.0 0.0 1.0 0.0
35 43 39 0.0 0.0 0.0 2.0 0.0 1.0 0.0
35 43 41 0.0 0.0 0.0 4.0 0.0 0.0 0.0
36 36 37 0.0 0.0 0.0 2.0 0.0 0.0 0.0
36 36 38 0.0 0.0 0.0 18.0 0.0 1.0 0.0
36 36 39 0.0 0.0 0.0 48.0 0.0 1.0 0.0
36 36 40 0.0 0.0 0.0 41.0 0.0 4.0 0.0
36 36 41 0.0 0.0 0.0 23.0 0.0 0.0 0.0
36 36 42 0.0 0.0 0.0 14.0 0.0 0.0 0.0
36 36 43 0.0 0.0 0.0 2.0 0.0 0.0 0.0
36 37 36 0.0 0.0 0.0 9.0 0.0 0.0 0.0
36 37 37 0.0 0.0 0.0 42.0 0.0 1.0 0.0
36 37 38 0.0 0.0 0.0 239.0 0.0 9.0 0.0
36 37 39 0.0 0.0 0.0 512.0 6.0 14.0 0.0
36 37 40 0.0 0.0 0.0 613.0 1.0 24.0 0.0
36 37 41 0.0 0.0 0.0 447.0 0.0 24.0 0.0
36 37 42 0.0 0.0 0.0 166.0 1.0 4.0 0.0
36 37 43 0.0 0.0 0.0 39.0 0.0 2.0 0.0
36 37 44 0.0 0.0 0.0 4.0 0.0 0.0 0.0
36 38 36 0.0 0.0 0.0 16.0 0.0 0.0 0.0
36 38 37 0.0 0.0 0.0 221.0 0.0 10.0 0.0
36 38 38 0.0 0.0 0.0 834.0 2.0 35.0 0.0
36 38 39 0.0 0.0 0.0 1959.0 4.0 73.0 1.0
36 38 40 0.0 0.0 0.0 2166.0 10.0 95.0 10.0
36 38 41 0.0 0.0 0.0 1805.0 6.0 67.0 5.0
36 38 42 0.0 0.0 0.0 856.0 4.0 34.0 0.0
36 38 43 0.0 0.0 0.0 178.0 0.0 7.0 0.0
36 38 44 0.0 0.0 0.0 12.0 0.0 0.0 0.0
36 39 36 0.0 0.0 0.0 31.0 0.0 2.0 0.0
36 39 37 0.0 0.0 0.0 417.0 0.0 15.0 0.0
36 39 38 0.0 0.0 0.0 1942.0 11.0 77.0 9.0
36 39 39 0.0 0.0 0.0 3913.0 10.0 156.0 25.0
36 39 40 0.0 0.0 0.0 4521.0 26.0 174.0 26.0
36 39 41 0.0 0.0 0.0 3641.0 8.0 139.0 24.0
36 39 42 0.0 0.0 0.0 1661.0 4.0 69.0 4.0
36 39 43 0.0 0.0 0.0 357.0 0.0 15.0 0.0
36 39 44 0.0 0.0 0.0 31.0 0.0 0.0 0.0
36 40 36 0.0 0.0 0.0 64.0 0.0 4.0 0.0
36 40 37 0.0 0.0 0.0 588.0 0.0 25.0 0.0
36 40 38 0.0 0.0 0.0 2373.0 9.0 89.0 6.0
36 40 39 0.0 0.0 0.0 4779.0 10.0 173.0 40.0
36 40 40 0.0 0.0 0.0 6152.0 18.0 234.0 68.0
36 40 41 0.0 0.0 0.0 4499.0 12.0 145.0 38.0
36 40 42 0.0 0.0 0.0 2175.0 3.0 76.0 8.0
36 40 43 0.0 0.0 0.0 456.0 3.0 13.0 0.0
36 40 44 0.0 0.0 0.0 22.0 0.0 1.0 0.0
36 41 36 0.0 0.0 0.0 35.0 0.0 0.0 0.0
36 41 37 0.0 0.0 0.0 438.0 4.0 12.0 2.0
36 41 38 0.0 0.0 0.0 1888.0 2.0 73.0 4.0
36 41 39 0.0 0.0 0.0 3676.0 26.0 117.0 18.0
36 41 40 0.0 0.0 0.0 4902.0 15.0 169.0 41.0
36 41 41 0.0 0.0 0.0 3527.0 16.0 130.0 25.0
36 41 42 0.0 0.0 0.0 1642.0 4.0 67.0 2.0
36 41 43 0.0 0.0 0.0 417.0 3.0 12.0 0.0
36 41 44 0.0 0.0 0.0 33.0 0.0 3.0 0.0
36 42 36 0.0 0.0 0.0 18.0 0.0 0.0 0.0
36 42 37 0.0 0.0 0.0 154.0 0.0 6.0 0.0
36 42 38 0.0 0.0 0.0 830.0 3.0 32.0 2.0
36 42 39 0.0 0.0 0.0 1730.0 5.0 58.0 5.0
36 42 40 0.0 0.0 0.0 2188.0 11.0 91.0 8.0
36 42 41 0.0 0.0 0.0 1574.0 2.0 52.0 3.0
36 42 42 0.0 0.0 0.0 703.0 1.0 22.0 0.0
36 42 43 0.0 0.0 0.0 164.0 0.0 7.0 0.0
36 42 44 0.0 0.0 0.0 10.0 0.0 0.0 0.0
36 43 36 0.0 0.0 0.0 3.0 0.0 0.0 0.0
36 43 37 0.0 0.0 0.0 46.0 0.0 0.0 0.0
36 43 38 0.0 0.0 0.0 188.0 0.0 6.0 1.0
36 43 39 0.0 0.0 0.0 448.0 1.0 15.0 0.0
36 43 40 0.0 0.0 0.0 492.0 1.0 15.0 0.0
36 43 41 0.0 0.0 0.0 389.0 1.0 15.0 0.0
36 43 42 0.0 0.0 0.0 165.0 0.0 5.0 0.0
36 43 43 0.0 0.0 0.0 32.0 1.0 4.0 0.0
36 44 36 0.0 0.0 0.0 2.0 0.0 0.0 0.0
36 44 37 0.0 0.0 0.0 4.0 0.0 0.0 0.0
36 44 38 0.0 0.0 0.0 18.0 0.0 0.0 0.0
36 44 39 0.0 0.0 0.0 17.0 0.0 0.0 0.0
36 44 40 0.0 0.0 0.0 30.0 0.0 2.0 0.0
36 44 41 0.0 0.0 0.0 30.0 0.0 0.0 0.0
36 44 42 0.0 0.0 0.0 7.0 0.0 0.0 0.0
36 44 43 0.0 0.0 0.0 1.0 0.0 0.0 0.0
37 35 38 0.0 0.0 0.0 1.0 0.0 0.0 0.0
37 35 40 0.0 0.0 0.0 1.0 0.0 0.0 0.0
37 36 36 0.0 0.0 0.0 9.0 0.0 1.0 0.0
37 36 37 0.0 0.0 0.0 54.0 1.0 3.0 0.0
37 36 38 0.0 0.0 0.0 195.0 0.0 9.0 0.0
37 36 39 0.0 0.0 0.0 417.0 1.0 12.0 0.0
37 36 40 0.0 0.0 0.0 460.0 3.0 19.0 0.0
37 36 41 0.0 0.0 0.0 435.0 1.0 12.0 0.0
37 36 42 0.0 0.0 0.0 198.0 1.0 9.0 0.0
37 36 43 0.0 0.0 0.0 25.0 0.0 2.0 0.0
37 36 44 0.0 0.0 0.0 1.0 0.0 0.0 0.0
37 37 36 0.0 0.0 0.0 31.0 0.0 1.0 0.0
37 37 37 0.0 0.0 0.0 1690.0 10.0 56.0 6.0
37 37 38 0.0 0.0 0.0 5883.0 25.0 219.0 89.0
37 37 39 0.0 0.0 0.0 10839.0 34.0 410.0 235.0
37 37 40 0.0 0.0 0.0 12486.0 46.0 481.0 377.0
37 37 41 0.0 0.0 0.0 10656.0 103.0 338.0 300.0
37 37 42 0.0 0.0 0.0 5358.0 27.0 201.0 57.0
37 37 43 0.0 0.0 0.0 1089.0 12.0 32.0 2.0
37 37 44 0.0 0.0 0.0 29.0 0.0 1.0 0.0
37 38 36 0.0 0.0 0.0 230.0 0.0 5.0 0.0
37 38 37 0.0 0.0 0.0 5773.0 16.0 209.0 79.0
37 38 38 0.0 0.0 0.0 18125.0 81.0 663.0 885.0
37 38 39 0.0 0.0 0.0 29588.0 139.0 1017.0 2986.0
37 38 40 0.0 0.0 0.0 33131.0 122.0 1093.0 4214.0
37 38 41 0.0 0.0 0.0 29006.0 135.0 1002.0 2687.0
37 38 42 0.0 0.0 0.0 15975.0 69.0 580.0 662.0
37 38 43 0.0 0.0 0.0 4558.0 10.0 162.0 49.0
37 38 44 0.0 0.0 0.0 206.0 1.0 4.0 0.0
37 39 36 0.0 0.0 0.0 443.0 0.0 12.0 0.0
37 39 37 0.0 0.0 0.0 10791.0 41.0 421.0 272.0
37 39 38 0.0 0.0 0.0 29496.0 149.0 927.0 2875.0
37 39 39 0.0 0.0 0.0 42206.0 233.0 1284.0 8588.0
37 39 40 0.0 0.0 0.0 44915.0 324.0 1267.0 10983.0
37 39 41 0.0 0.0 0.0 41502.0 224.0 1284.0 8026.0
37 39 42 0.0 0.0 0.0 28490.0 132.0 966.0 2833.0
37 39 43 0.0 0.0 0.0 9987.0 25.0 371.0 244.0
37 39 44 0.0 0.0 0.0 460.0 0.0 17.0 0.0
37 40 36 0.0 0.0 0.0 629.0 1.0 35.0 0.0
37 40 37 0.0 0.0 0.0 12917.0 62.0 467.0 406.0
37 40 38 0.0 0.0 0.0 33412.0 155.0 1094.0 4238.0
37 40 39 0.0 0.0 0.0 45448.0 321.0 1385.0 11082.0
37 40 40 0.0 0.0 0.0 47731.0 261.0 1405.0 14640.0
37 40 41 0.0 0.0 0.0 44327.0 244.0 1312.0 10495.0
37 40 42 0.0 0.0 0.0 32229.0 189.0 1060.0 3799.0
37 40 43 0.0 0.0 0.0 11350.0 69.0 442.0 319.0
37 40 44 0.0 0.0 0.0 516.0 1.0 22.0 1.0
37 41 36 0.0 0.0 0.0 579.0 0.0 25.0 1.0
37 41 37 0.0 0.0 0.0 11139.0 50.0 439.0 323.0
37 41 38 0.0 0.0 0.0 30033.0 201.0 1047.0 3057.0
37 41 39 0.0 0.0 0.0 41912.0 294.0 1309.0 8293.0
37 41 40 0.0 0.0 0.0 44607.0 243.0 1364.0 10851.0
37 41 41 0.0 0.0 0.0 40740.0 223.0 1275.0 7737.0
37 41 42 0.0 0.0 0.0 27500.0 150.0 894.0 2413.0
37 41 43 0.0 0.0 0.0 9141.0 37.0 339.0 183.0
37 41 44 0.0 0.0 0.0 418.0 1.0 9.0 2.0
37 42 36 0.0 0.0 0.0 231.0 0.0 7.0 1.0
37 42 37 0.0 0.0 0.0 5690.0 29.0 215.0 70.0
37 42 38 0.0 0.0 0.0 17282.0 57.0 636.0 768.0
37 42 39 0.0 0.0 0.0 28380.0 122.0 939.0 2617.0
37 42 40 0.0 0.0 0.0 32851.0 166.0 1103.0 3969.0
37 42 41 0.0 0.0 0.0 26893.0 107.0 909.0 2344.0
37 42 42 0.0 0.0 0.0 15743.0 78.0 572.0 673.0
37 42 43 0.0 0.0 0.0 4344.0 22.0 163.0 27.0
37 42 44 0.0 0.0 0.0 218.0 0.0 6.0 0.0
37 42 45 0.0 0.0 0.0 1.0 0.0 0.0 0.0
37 43 36 0.0 0.0 0.0 53.0 0.0 2.0 0.0
37 43 37 0.0 0.0 0.0 1940.0 3.0 73.0 8.0
37 43 38 0.0 0.0 0.0 5798.0 22.0 233.0 70.0
37 43 39 0.0 0.0 0.0 9647.0 77.0 377.0 213.0
37 43 40 0.0 0.0 0.0 11342.0 40.0 381.0 282.0
37 43 41 0.0 0.0 0.0 9080.0 42.0 323.0 199.0
37 43 42 0.0 0.0 0.0 4374.0 33.0 161.0 45.0
37 43 43 0.0 0.0 0.0 1136.0 2.0 40.0 1.0
37 43 44 0.0 0.0 0.0 29.0 0.0 0.0 0.0
37 44 36 0.0 0.0 0.0 2.0 0.0 0.0 0.0
37 44 37 0.0 0.0 0.0 50.0 0.0 3.0 0.0
37 44 38 0.0 0.0 0.0 225.0 0.0 5.0 0.0
37 44 39 0.0 0.0 0.0 439.0 0.0 22.0 0.0
37 44 40 0.0 0.0 0.0 598.0 2.0 14.0 0.0
37 44 41 0.0 0.0 0.0 363.0 0.0 16.0 0.0
37 44 42 0.0 0.0 0.0 203.0 2.0 9.0 0.0
37 44 43 0.0 0.0 0.0 32.0 0.0 0.0 0.0
37 44 44 0.0 0.0 0.0 2.0 0.0 0.0 0.0
37 45 40 0.0 0.0 0.0 1.0 0.0 0.0 0.0
38 35 38 0.0 0.0 0.0 1.0 0.0 0.0 0.0
38 35 39 0.0 0.0 0.0 4.0 0.0 0.0 0.0
38 35 40 0.0 0.0 0.0 3.0 0.0 0.0 0.0
38 35 42 0.0 0.0 0.0 1.0 0.0 0.0 0.0
38 35 43 0.0 0.0 0.0 1.0 0.0 0.0 0.0
38 36 36 0.0 0.0 0.0 14.0 0.0 1.0 0.0
38 36 37 0.0 0.0 0.0 224.0 1.0 3.0 1.0
38 36 38 0.0 0.0 0.0 888.0 0.0 24.0 0.0
38 36 39 0.0 0.0 0.0 1763.0 4.0 73.0 6.0
38 36 40 0.0 0.0 0.0 2325.0 10.0 96.0 12.0
38 36 41 0.0 0.0 0.0 1954.0 0.0 89.0 6.0
38 36 42 0.0 0.0 0.0 805.0 7.0 31.0 0.0
38 36 43 0.0 0.0 0.0 201.0 2.0 7.0 0.0
38 36 44 0.0 0.0 0.0 19.0 0.0 2.0 0.0
38 37 35 0.0 0.0 0.0 1.0 0.0 0.0 0.0
38 37 36 0.0 0.0 0.0 199.0 1.0 5.0 0.0
38 37 37 0.0 0.0 0.0 5200.0 47.0 212.0 56.0
38 37 38 0.0 0.0 0.0 17633.0 119.0 656.0 814.0
38 37 39 0.0 0.0 0.0 28921.0 137.0 1034.0 2753.0
38 37 40 0.0 0.0 0.0 32653.0 125.0 1052.0 3804.0
38 37 41 0.0 0.0 0.0 29308.0 145.0 1030.0 2929.0
38 37 42 0.0 0.0 0.0 16865.0 91.0 615.0 757.0
38 37 43 0.0 0.0 0.0 5754.0 15.0 223.0 78.0
38 37 44 0.0 0.0 0.0 238.0 0.0 11.0 0.0
38 38 35 0.0 0.0 0.0 2.0 0.0 0.0 0.0
38 38 36 0.0 0.0 0.0 977.0 5.0 36.0 1.0
38 38 37 0.0 0.0 0.0 18553.0 48.0 648.0 1003.0
38 38 38 0.0 0.0 0.0 46414.0 411.0 1324.0 18771.0
38 38 39 0.0 0.0 0.0 46566.0 387.0 1142.0 35806.0
38 38 40 0.0 0.0 0.0 44811.0 431.0 1049.0 42217.0
38 38 41 0.0 0.0 0.0 47349.0 633.0 1177.0 34058.0
38 38 42 0.0 0.0 0.0 46045.0 227.0 1337.0 16327.0
38 38 43 0.0 0.0 0.0 16407.0 124.0 575.0 744.0
38 38 44 0.0 0.0 0.0 897.0 6.0 39.0 0.0
38 38 45 0.0 0.0 0.0 3.0 0.0 1.0 0.0
38 39 35 0.0 0.0 0.0 10.0 0.0 1.0 0.0
38 39 36 0.0 0.0 0.0 2003.0 5.0 66.0 4.0
38 39 37 0.0 0.0 0.0 29746.0 138.0 952.0 3039.0
38 39 38 0.0 0.0 0.0 47492.0 350.0 1147.0 34217.0
38 39 39 0.0 0.0 0.0 40368.0 590.0 839.0 58160.0
38 39 40 0.0 0.0 0.0 38261.0 553.0 837.0 63638.0
38 39 41 0.0 0.0 0.0 40948.0 641.0 921.0 56256.0
38 39 42 0.0 0.0 0.0 47379.0 439.0 1245.0 33445.0
38 39 43 0.0 0.0 0.0 29390.0 148.0 978.0 2891.0
38 39 44 0.0 0.0 0.0 1913.0 26.0 83.0 3.0
38 39 45 0.0 0.0 0.0 8.0 0.0 0.0 0.0
38 40 35 0.0 0.0 0.0 2.0 0.0 0.0 0.0
38 40 36 0.0 0.0 0.0 2516.0 16.0 88.0 7.0
38 40 37 0.0 0.0 0.0 33947.0 145.0 1150.0 4340.0
38 40 38 0.0 0.0 0.0 44931.0 445.0 1082.0 42788.0
38 40 39 0.0 0.0 0.0 37280.0 622.0 722.0 64950.0
38 40 40 0.0 0.0 0.0 34150.0 612.0 691.0 72420.0
38 40 41 0.0 0.0 0.0 38245.0 494.0 817.0 63430.0
38 40 42 0.0 0.0 0.0 45783.0 542.0 1076.0 39296.0
38 40 43 0.0 0.0 0.0 32279.0 180.0 1069.0 3747.0
38 40 44 0.0 0.0 0.0 2355.0 6.0 109.0 7.0
38 40 45 0.0 0.0 0.0 3.0 0.0 0.0 0.0
38 41 35 0.0 0.0 0.0 1.0 0.0 0.0 0.0
38 41 36 0.0 0.0 0.0 1946.0 1.0 69.0 8.0
38 41 37 0.0 0.0 0.0 29415.0 138.0 966.0 2924.0
38 41 38 0.0 0.0 0.0 46957.0 663.0 1196.0 35036.0
38 41 39 0.0 0.0 0.0 40690.0 484.0 864.0 57516.0
38 41 40 0.0 0.0 0.0 37894.0 620.0 802.0 64692.0
38 41 41 0.0 0.0 0.0 41547.0 534.0 888.0 55116.0
38 41 42 0.0 0.0 0.0 47743.0 582.0 1160.0 31676.0
38 41 43 0.0 0.0 0.0 28426.0 122.0 1008.0 2652.0
38 41 44 0.0 0.0 0.0 1974.0 5.0 75.0 6.0
38 41 45 0.0 0.0 0.0 4.0 0.0 1.0 0.0
38 42 36 0.0 0.0 0.0 1020.0 2.0 30.0 0.0
38 42 37 0.0 0.0 0.0 18576.0 88.0 639.0 948.0
38 42 38 0.0 0.0 0.0 46806.0 235.0 1307.0 19926.0
38 42 39 0.0 0.0 0.0 47793.0 445.0 1164.0 32678.0
38 42 40 0.0 0.0 0.0 45883.0 486.0 1132.0 39881.0
38 42 41 0.0 0.0 0.0 47203.0 496.0 1191.0 32561.0
38 42 42 0.0 0.0 0.0 45864.0 310.0 1360.0 15531.0
38 42 43 0.0 0.0 0.0 15863.0 93.0 560.0 638.0
38 42 44 0.0 0.0 0.0 924.0 0.0 41.0 1.0
38 42 45 0.0 0.0 0.0 1.0 0.0 0.0 0.0
38 43 36 0.0 0.0 0.0 237.0 0.0 7.0 0.0
38 43 37 0.0 0.0 0.0 6718.0 12.0 244.0 85.0
38 43 38 0.0 0.0 0.0 18131.0 59.0 640.0 894.0
38 43 39 0.0 0.0 0.0 29847.0 195.0 1017.0 2988.0
38 43 40 0.0 0.0 0.0 32719.0 197.0 1120.0 3915.0
38 43 41 0.0 0.0 0.0 28160.0 161.0 953.0 2605.0
38 43 42 0.0 0.0 0.0 16906.0 82.0 621.0 733.0
38 43 43 0.0 0.0 0.0 5169.0 17.0 224.0 58.0
38 43 44 0.0 0.0 0.0 185.0 0.0 8.0 0.0
38 44 36 0.0 0.0 0.0 19.0 0.0 0.0 0.0
38 44 37 0.0 0.0 0.0 202.0 2.0 3.0 0.0
38 44 38 0.0 0.0 0.0 908.0 0.0 28.0 2.0
38 44 39 0.0 0.0 0.0 1970.0 4.0 78.0 5.0
38 44 40 0.0 0.0 0.0 2321.0 6.0 86.0 5.0
38 44 41 0.0 0.0 0.0 1828.0 5.0 75.0 4.0
38 44 42 0.0 0.0 0.0 787.0 3.0 26.0 1.0
38 44 43 0.0 0.0 0.0 231.0 0.0 4.0 0.0
38 44 44 0.0 0.0 0.0 29.0 0.0 0.0 0.0
38 45 38 0.0 0.0 0.0 1.0 0.0 0.0 0.0
38 45 39 0.0 0.0 0.0 11.0 0.0 0.0 0.0
38 45 40 0.0 0.0 0.0 8.0 0.0 1.0 0.0
38 45 41 0.0 0.0 0.0 4.0 0.0 0.0 0.0
38 45 42 0.0 0.0 0.0 2.0 0.0 0.0 0.0
39 35 37 0.0 0.0 0.0 3.0 0.0 0.0 0.0
39 35 38 0.0 0.0 0.0 1.0 0.0 0.0 0.0
39 35 39 0.0 0.0 0.0 9.0 0.0 0.0 0.0
39 35 40 0.0 0.0 0.0 9.0 0.0 0.0 0.0
39 35 41 0.0 0.0 0.0 9.0 0.0 0.0 0.0
39 35 42 0.0 0.0 0.0 5.0 0.0 0.0 0.0
39 36 36 0.0 0.0 0.0 32.0 0.0 2.0 0.0
39 36 37 0.0 0.0 0.0 524.0 1.0 21.0 0.0
39 36 38 0.0 0.0 0.0 1971.0 11.0 64.0 6.0
39 36 39 0.0 0.0 0.0 3879.0 39.0 148.0 22.0
39 36 40 0.0 0.0 0.0 5144.0 24.0 185.0 40.0
39 36 41 0.0 0.0 0.0 3895.0 14.0 146.0 21.0
39 36 42 0.0 0.0 0.0 1802.0 11.0 65.0 4.0
39 36 43 0.0 0.0 0.0 482.0 0.0 25.0 0.0
39 36 44 0.0 0.0 0.0 29.0 1.0 0.0 0.0
39 37 35 0.0 0.0 0.0 1.0 0.0 0.0 0.0
39 37 36 0.0 0.0 0.0 564.0 3.0 28.0 1.0
39 37 37 0.0 0.0 0.0 10338.0 51.0 380.0 273.0
39 37 38 0.0 0.0 0.0 29087.0 143.0 954.0 2891.0
39 37 39 0.0 0.0 0.0 42766.0 222.0 1386.0 8887.0
39 37 40 0.0 0.0 0.0 45154.0 273.0 1310.0 11304.0
39 37 41 0.0 0.0 0.0 42330.0 301.0 1304.0 8815.0
39 37 42 0.0 0.0 0.0 29836.0 145.0 1011.0 2945.0
39 37 43 0.0 0.0 0.0 10604.0 46.0 407.0 257.0
39 37 44 0.0 0.0 0.0 484.0 0.0 21.0 0.0
39 38 35 0.0 0.0 0.0 10.0 0.0 0.0 0.0
39 38 36 0.0 0.0 0.0 1897.0 3.0 63.0 8.0
39 38 37 0.0 0.0 0.0 29912.0 210.0 1013.0 3091.0
39 38 38 0.0 0.0 0.0 46787.0 527.0 1085.0 34935.0
39 38 39 0.0 0.0 0.0 41164.0 576.0 863.0 56548.0
39 38 40 0.0 0.0 0.0 38185.0 602.0 808.0 63735.0
39 38 41 0.0 0.0 0.0 41438.0 527.0 884.0 56435.0
39 38 42 0.0 0.0 0.0 46756.0 476.0 1137.0 35546.0
39 38 43 0.0 0.0 0.0 29982.0 192.0 1029.0 3109.0
39 38 44 0.0 0.0 0.0 1983.0 14.0 71.0 4.0
39 38 45 0.0 0.0 0.0 2.0 0.0 0.0 0.0
39 39 35 0.0 0.0 0.0 8.0 1.0 0.0 0.0
39 39 36 0.0 0.0 0.0 4076.0 11.0 163.0 20.0
39 39 37 0.0 0.0 0.0 43115.0 275.0 1312.0 8923.0
39 39 38 0.0 0.0 0.0 40535.0 456.0 854.0 58472.0
39 39 39 0.0 0.0 0.0 22712.0 528.0 377.0 101358.0
39 39 40 0.0 0.0 0.0 21415.0 574.0 322.0 106307.0
39 39 41 0.0 0.0 0.0 23748.0 541.0 373.0 98967.0
39 39 42 0.0 0.0 0.0 40954.0 693.0 864.0 56855.0
39 39 43 0.0 0.0 0.0 42385.0 226.0 1307.0 8571.0
39 39 44 0.0 0.0 0.0 4211.0 17.0 172.0 40.0
39 39 45 0.0 0.0 0.0 8.0 0.0 0.0 0.0
39 40 35 0.0 0.0 0.0 5.0 0.0 0.0 0.0
39 40 36 0.0 0.0 0.0 5378.0 10.0 192.0 51.0
39 40 37 0.0 0.0 0.0 45836.0 224.0 1334.0 11993.0
39 40 38 0.0 0.0 0.0 37316.0 580.0 758.0 65470.0
39 40 39 0.0 0.0 0.0 21237.0 548.0 336.0 106356.0
39 40 40 0.0 0.0 0.0 18319.0 511.0 256.0 115016.0
39 40 41 0.0 0.0 0.0 21970.0 591.0 361.0 105033.0
39 40 42 0.0 0.0 0.0 38065.0 519.0 794.0 64363.0
39 40 43 0.0 0.0 0.0 45819.0 310.0 1292.0 11810.0
39 40 44 0.0 0.0 0.0 4950.0 7.0 202.0 36.0
39 40 45 0.0 0.0 0.0 22.0 0.0 1.0 0.0
39 41 35 0.0 0.0 0.0 8.0 0.0 1.0 0.0
39 41 36 0.0 0.0 0.0 4131.0 9.0 150.0 18.0
39 41 37 0.0 0.0 0.0 43222.0 247.0 1312.0 9346.0
39 41 38 0.0 0.0 0.0 40915.0 504.0 817.0 57779.0
39 41 39 0.0 0.0 0.0 23258.0 479.0 362.0 101066.0
39 41 40 0.0 0.0 0.0 21633.0 559.0 313.0 105739.0
39 41 41 0.0 0.0 0.0 24101.0 510.0 406.0 98668.0
39 41 42 0.0 0.0 0.0 41105.0 443.0 872.0 55808.0
39 41 43 0.0 0.0 0.0 42379.0 196.0 1295.0 8629.0
39 41 44 0.0 0.0 0.0 3870.0 30.0 162.0 28.0
39 41 45 0.0 0.0 0.0 11.0 0.0 0.0 0.0
39 42 35 0.0 0.0 0.0 2.0 0.0 0.0 0.0
39 42 36 0.0 0.0 0.0 1919.0 13.0 55.0 8.0
39 42 37 0.0 0.0 0.0 30991.0 147.0 1026.0 3556.0
39 42 38 0.0 0.0 0.0 46439.0 449.0 1123.0 37016.0
39 42 39 0.0 0.0 0.0 40779.0 445.0 867.0 57213.0
39 42 40 0.0 0.0 0.0 37289.0 582.0 799.0 64471.0
39 42 41 0.0 0.0 0.0 41476.0 438.0 898.0 56048.0
39 42 42 0.0 0.0 0.0 47270.0 406.0 1218.0 34667.0
39 42 43 0.0 0.0 0.0 28602.0 127.0 975.0 2795.0
39 42 44 0.0 0.0 0.0 1859.0 3.0 74.0 6.0
39 42 45 0.0 0.0 0.0 7.0 0.0 0.0 0.0
39 43 36 0.0 0.0 0.0 518.0 4.0 25.0 0.0
39 43 37 0.0 0.0 0.0 11799.0 54.0 446.0 316.0
39 43 38 0.0 0.0 0.0 29814.0 135.0 1038.0 3120.0
39 43 39 0.0 0.0 0.0 41723.0 239.0 1262.0 8363.0
39 43 40 0.0 0.0 0.0 45546.0 245.0 1387.0 11152.0
39 43 41 0.0 0.0 0.0 42013.0 246.0 1277.0 8060.0
39 43 42 0.0 0.0 0.0 29408.0 132.0 975.0 2896.0
39 43 43 0.0 0.0 0.0 10839.0 40.0 385.0 285.0
39 43 44 0.0 0.0 0.0 420.0 1.0 13.0 1.0
39 44 36 0.0 0.0 0.0 55.0 0.0 2.0 0.0
39 44 37 0.0 0.0 0.0 444.0 3.0 16.0 0.0
39 44 38 0.0 0.0 0.0 2024.0 8.0 74.0 9.0
39 44 39 0.0 0.0 0.0 3667.0 6.0 121.0 28.0
39 44 40 0.0 0.0 0.0 4937.0 4.0 179.0 42.0
39 44 41 0.0 0.0 0.0 3681.0 24.0 136.0 23.0
39 44 42 0.0 0.0 0.0 1817.0 3.0 54.0 5.0
39 44 43 0.0 0.0 0.0 402.0 2.0 12.0 0.0
39 44 44 0.0 0.0 0.0 46.0 1.0 2.0 0.0
39 45 37 0.0 0.0 0.0 1.0 0.0 0.0 0.0
39 45 38 0.0 0.0 0.0 4.0 0.0 0.0 0.0
39 45 39 0.0 0.0 0.0 6.0 0.0 0.0 0.0
39 45 40 0.0 0.0 0.0 16.0 0.0 1.0 0.0
39 45 41 0.0 0.0 0.0 14.0 0.0 1.0 0.0
40 35 38 0.0 0.0 0.0 6.0 0.0 0.0 0.0
40 35 39 0.0 0.0 0.0 9.0 0.0 1.0 0.0
40 35 40 0.0 0.0 0.0 10.0 0.0 0.0 0.0
40 35 41 0.0 0.0 0.0 9.0 0.0 0.0 0.0
40 35 42 0.0 0.0 0.0 5.0 0.0 0.0 0.0
40 36 36 0.0 0.0 0.0 45.0 0.0 2.0 0.0
40 36 37 0.0 0.0 0.0 647.0 2.0 17.0 0.0
40 36 38 0.0 0.0 0.0 2542.0 10.0 106.0 9.0
40 36 39 0.0 0.0 0.0 4940.0 19.0 173.0 28.0
40 36 40 0.0 0.0 0.0 6338.0 21.0 228.0 56.0
40 36 41 0.0 0.0 0.0 5177.0 18.0 200.0 40.0
40 36 42 0.0 0.0 0.0 2528.0 5.0 91.0 8.0
40 36 43 0.0 0.0 0.0 646.0 3.0 18.0 1.0
40 36 44 0.0 0.0 0.0 58.0 0.0 2.0 0.0
40 37 36 0.0 0.0 0.0 575.0 4.0 26.0 0.0
40 37 37 0.0 0.0 0.0 12515.0 60.0 463.0 396.0
40 37 38 0.0 0.0 0.0 33508.0 176.0 1140.0 4345.0
40 37 39 0.0 0.0 0.0 45849.0 372.0 1363.0 11698.0
40 37 40 0.0 0.0 0.0 47894.0 289.0 1349.0 14781.0
40 37 41 0.0 0.0 0.0 45964.0 238.0 1361.0 11639.0
40 37 42 0.0 0.0 0.0 34099.0 186.0 1129.0 4275.0
40 37 43 0.0 0.0 0.0 13764.0 79.0 482.0 502.0
40 37 44 0.0 0.0 0.0 710.0 0.0 30.0 0.0
40 38 35 0.0 0.0 0.0 6.0 0.0 0.0 0.0
40 38 36 0.0 0.0 0.0 2438.0 21.0 91.0 8.0
40 38 37 0.0 0.0 0.0 33508.0 163.0 1129.0 4276.0
40 38 38 0.0 0.0 0.0 44817.0 674.0 1121.0 41656.0
40 38 39 0.0 0.0 0.0 36874.0 640.0 735.0 66223.0
40 38 40 0.0 0.0 0.0 33529.0 588.0 662.0 73061.0
40 38 41 0.0 0.0 0.0 37570.0 606.0 763.0 65001.0
40 38 42 0.0 0.0 0.0 44613.0 578.0 1106.0 43123.0
40 38 43 0.0 0.0 0.0 34221.0 225.0 1104.0 4717.0
40 38 44 0.0 0.0 0.0 2510.0 4.0 96.0 5.0
40 38 45 0.0 0.0 0.0 3.0 0.0 0.0 0.0
40 39 35 0.0 0.0 0.0 11.0 0.0 1.0 0.0
40 39 36 0.0 0.0 0.0 5257.0 6.0 198.0 37.0
40 39 37 0.0 0.0 0.0 46196.0 295.0 1360.0 12197.0
40 39 38 0.0 0.0 0.0 37244.0 565.0 752.0 65105.0
40 39 39 0.0 0.0 0.0 21219.0 577.0 308.0 107166.0
40 39 40 0.0 0.0 0.0 18271.0 576.0 275.0 114669.0
40 39 41 0.0 0.0 0.0 20849.0 569.0 312.0 108166.0
40 39 42 0.0 0.0 0.0 37397.0 543.0 768.0 65522.0
40 39 43 0.0 0.0 0.0 46207.0 280.0 1321.0 11727.0
40 39 44 0.0 0.0 0.0 5058.0 14.0 177.0 40.0
40 39 45 0.0 0.0 0.0 11.0 0.0 1.0 0.0
40 40 35 0.0 0.0 0.0 18.0 0.0 2.0 0.0
40 40 36 0.0 0.0 0.0 6398.0 16.0 229.0 76.0
40 40 37 0.0 0.0 0.0 48468.0 325.0 1315.0 15094.0
40 40 38 0.0 0.0 0.0 33893.0 503.0 635.0 73036.0
40 40 39 0.0 0.0 0.0 18199.0 486.0 272.0 114865.0
40 40 40 0.0 0.0 0.0 11617.0 408.0 109.0 141224.0
40 40 41 0.0 0.0 0.0 18030.0 513.0 248.0 115700.0
40 40 42 0.0 0.0 0.0 33801.0 561.0 668.0 72970.0
40 40 43 0.0 0.0 0.0 48265.0 322.0 1341.0 15155.0
40 40 44 0.0 0.0 0.0 6343.0 15.0 232.0 81.0
40 40 45 0.0 0.0 0.0 11.0 0.0 1.0 0.0
40 41 35 0.0 0.0 0.0 11.0 0.0 0.0 0.0
40 41 36 0.0 0.0 0.0 4916.0 25.0 170.0 38.0
40 41 37 0.0 0.0 0.0 45920.0 296.0 1355.0 11968.0
40 41 38 0.0 0.0 0.0 36866.0 569.0 734.0 66100.0
40 41 39 0.0 0.0 0.0 21097.0 486.0 309.0 107781.0
40 41 40 0.0 0.0 0.0 18133.0 506.0 264.0 115771.0
40 41 41 0.0 0.0 0.0 20980.0 555.0 289.0 107191.0
40 41 42 0.0 0.0 0.0 37895.0 501.0 791.0 64418.0
40 41 43 0.0 0.0 0.0 45139.0 248.0 1281.0 11295.0
40 41 44 0.0 0.0 0.0 5011.0 38.0 182.0 38.0
40 41 45 0.0 0.0 0.0 31.0 1.0 1.0 0.0
40 42 35 0.0 0.0 0.0 6.0 0.0 0.0 0.0
40 42 36 0.0 0.0 0.0 2486.0 19.0 90.0 10.0
40 42 37 0.0 0.0 0.0 34605.0 168.0 1102.0 4813.0
40 42 38 0.0 0.0 0.0 44707.0 435.0 1113.0 43094.0
40 42 39 0.0 0.0 0.0 37850.0 609.0 802.0 64773.0
40 42 40 0.0 0.0 0.0 34473.0 523.0 690.0 71775.0
40 42 41 0.0 0.0 0.0 38572.0 562.0 796.0 63119.0
40 42 42 0.0 0.0 0.0 45398.0 478.0 1049.0 41188.0
40 42 43 0.0 0.0 0.0 33296.0 130.0 1069.0 4172.0
40 42 44 0.0 0.0 0.0 2399.0 7.0 92.0 5.0
40 42 45 0.0 0.0 0.0 3.0 0.0 0.0 0.0
40 43 35 0.0 0.0 0.0 1.0 0.0 0.0 0.0
40 43 36 0.0 0.0 0.0 715.0 1.0 34.0 0.0
40 43 37 0.0 0.0 0.0 12881.0 23.0 459.0 414.0
40 43 38 0.0 0.0 0.0 34103.0 197.0 1050.0 4515.0
40 43 39 0.0 0.0 0.0 45602.0 279.0 1313.0 11769.0
40 43 40 0.0 0.0 0.0 48064.0 317.0 1370.0 14897.0
40 43 41 0.0 0.0 0.0 45418.0 248.0 1310.0 10983.0
40 43 42 0.0 0.0 0.0 32905.0 122.0 1050.0 3833.0
40 43 43 0.0 0.0 0.0 12361.0 59.0 474.0 362.0
40 43 44 0.0 0.0 0.0 551.0 0.0 15.0 0.0
40 43 45 0.0 0.0 0.0 2.0 0.0 0.0 0.0
40 44 36 0.0 0.0 0.0 48.0 0.0 5.0 0.0
40 44 37 0.0 0.0 0.0 690.0 6.0 24.0 0.0
40 44 38 0.0 0.0 0.0 2414.0 8.0 71.0 6.0
40 44 39 0.0 0.0 0.0 4909.0 29.0 171.0 36.0
40 44 40 0.0 0.0 0.0 6169.0 27.0 222.0 69.0
40 44 41 0.0 0.0 0.0 4826.0 26.0 188.0 37.0
40 44 42 0.0 0.0 0.0 2424.0 9.0 81.0 9.0
40 44 43 0.0 0.0 0.0 581.0 2.0 28.0 0.0
40 44 44 0.0 0.0 0.0 40.0 0.0 0.0 0.0
40 45 37 0.0 0.0 0.0 1.0 0.0 0.0 0.0
40 45 38 0.0 0.0 0.0 3.0 0.0 0.0 0.0
40 45 39 0.0 0.0 0.0 4.0 0.0 0.0 0.0
40 45 40 0.0 0.0 0.0 16.0 0.0 0.0 0.0
40 45 41 0.0 0.0 0.0 11.0 0.0 0.0 0.0
40 45 42 0.0 0.0 0.0 4.0 0.0 0.0 0.0
40 45 43 0.0 0.0 0.0 2.0 0.0 0.0 0.0
41 35 37 0.0 0.0 0.0 1.0 0.0 0.0 0.0
41 35 38 0.0 0.0 0.0 2.0 0.0 0.0 0.0
41 35 39 0.0 0.0 0.0 14.0 0.0 0.0 0.0
41 35 40 0.0 0.0 0.0 15.0 0.0 0.0 0.0
41 35 41 0.0 0.0 0.0 10.0 0.0 0.0 0.0
41 35 42 0.0 0.0 0.0 1.0 0.0 0.0 0.0
41 36 36 0.0 0.0 0.0 37.0 0.0 0.0 0.0
41 36 37 0.0 0.0 0.0 500.0 0.0 17.0 0.0
41 36 38 0.0 0.0 0.0 1906.0 9.0 77.0 4.0
41 36 39 0.0 0.0 0.0 4044.0 12.0 147.0 37.0
41 36 40 0.0 0.0 0.0 5238.0 29.0 195.0 46.0
41 36 41 0.0 0.0 0.0 4073.0 11.0 142.0 19.0
41 36 42 0.0 0.0 0.0 1994.0 7.0 75.0 4.0
41 36 43 0.0 0.0 0.0 497.0 0.0 18.0 1.0
41 36 44 0.0 0.0 0.0 46.0 0.0 2.0 0.0
41 37 36 0.0 0.0 0.0 456.0 1.0 16.0 1.0
41 37 37 0.0 0.0 0.0 9930.0 67.0 347.0 231.0
41 37 38 0.0 0.0 0.0 29730.0 239.0 1036.0 3042.0
41 37 39 0.0 0.0 0.0 42717.0 275.0 1289.0 8982.0
41 37 40 0.0 0.0 0.0 46019.0 276.0 1343.0 11733.0
41 37 41 0.0 0.0 0.0 42762.0 284.0 1309.0 9073.0
41 37 42 0.0 0.0 0.0 30352.0 155.0 1043.0 3204.0
41 37 43 0.0 0.0 0.0 11578.0 42.0 428.0 349.0
41 37 44 0.0 0.0 0.0 483.0 3.0 21.0 0.0
41 38 36 0.0 0.0 0.0 2036.0 10.0 80.0 7.0
41 38 37 0.0 0.0 0.0 30013.0 181.0 1053.0 2959.0
41 38 38 0.0 0.0 0.0 47076.0 507.0 1195.0 34757.0
41 38 39 0.0 0.0 0.0 41011.0 659.0 907.0 56167.0
41 38 40 0.0 0.0 0.0 37485.0 712.0 765.0 65110.0
41 38 41 0.0 0.0 0.0 40520.0 504.0 822.0 57966.0
41 38 42 0.0 0.0 0.0 46575.0 414.0 1205.0 37130.0
41 38 43 0.0 0.0 0.0 30694.0 150.0 1071.0 3233.0
41 38 44 0.0 0.0 0.0 2112.0 10.0 85.0 3.0
41 38 45 0.0 0.0 0.0 4.0 0.0 0.0 0.0
41 39 35 0.0 0.0 0.0 9.0 0.0 0.0 0.0
41 39 36 0.0 0.0 0.0 4092.0 18.0 180.0 22.0
41 39 37 0.0 0.0 0.0 42764.0 304.0 1304.0 9215.0
41 39 38 0.0 0.0 0.0 40584.0 538.0 844.0 57978.0
41 39 39 0.0 0.0 0.0 23722.0 651.0 372.0 99750.0
41 39 40 0.0 0.0 0.0 20930.0 577.0 338.0 107583.0
41 39 41 0.0 0.0 0.0 22845.0 475.0 375.0 101873.0
41 39 42 0.0 0.0 0.0 40077.0 555.0 842.0 59415.0
41 39 43 0.0 0.0 0.0 42555.0 225.0 1348.0 8966.0
41 39 44 0.0 0.0 0.0 4204.0 4.0 146.0 30.0
41 39 45 0.0 0.0 0.0 5.0 0.0 0.0 0.0
41 40 35 0.0 0.0 0.0 21.0 0.0 0.0 0.0
41 40 36 0.0 0.0 0.0 5233.0 23.0 189.0 41.0
41 40 37 0.0 0.0 0.0 45725.0 329.0 1377.0 11730.0
41 40 38 0.0 0.0 0.0 37562.0 586.0 805.0 64531.0
41 40 39 0.0 0.0 0.0 21238.0 463.0 323.0 107295.0
41 40 40 0.0 0.0 0.0 18637.0 562.0 285.0 113926.0
41 40 41 0.0 0.0 0.0 20864.0 518.0 344.0 107531.0
41 40 42 0.0 0.0 0.0 36859.0 538.0 800.0 65973.0
41 40 43 0.0 0.0 0.0 45921.0 313.0 1318.0 12041.0
41 40 44 0.0 0.0 0.0 5240.0 11.0 206.0 44.0
41 40 45 0.0 0.0 0.0 5.0 0.0 0.0 0.0
41 41 35 0.0 0.0 0.0 7.0 0.0 0.0 0.0
41 41 36 0.0 0.0 0.0 3890.0 13.0 159.0 24.0
41 41 37 0.0 0.0 0.0 42952.0 224.0 1342.0 9165.0
41 41 38 0.0 0.0 0.0 40740.0 434.0 890.0 57989.0
41 41 39 0.0 0.0 0.0 23305.0 531.0 364.0 100632.0
41 41 40 0.0 0.0 0.0 21223.0 503.0 326.0 106302.0
41 41 41 0.0 0.0 0.0 23264.0 616.0 405.0 100014.0
41 41 42 0.0 0.0 0.0 39974.0 625.0 889.0 58237.0
41 41 43 0.0 0.0 0.0 42410.0 220.0 1322.0 8955.0
41 41 44 0.0 0.0 0.0 4063.0 9.0 150.0 29.0
41 41 45 0.0 0.0 0.0 10.0 0.0 0.0 0.0
41 42 35 0.0 0.0 0.0 3.0 0.0 0.0 0.0
41 42 36 0.0 0.0 0.0 1898.0 4.0 72.0 6.0
41 42 37 0.0 0.0 0.0 29613.0 164.0 1063.0 3079.0
41 42 38 0.0 0.0 0.0 47056.0 498.0 1144.0 34339.0
41 42 39 0.0 0.0 0.0 40520.0 408.0 855.0 58435.0
41 42 40 0.0 0.0 0.0 37615.0 578.0 769.0 65419.0
41 42 41 0.0 0.0 0.0 41000.0 524.0 881.0 56433.0
41 42 42 0.0 0.0 0.0 47251.0 479.0 1145.0 33265.0
41 42 43 0.0 0.0 0.0 29092.0 156.0 981.0 2886.0
41 42 44 0.0 0.0 0.0 1877.0 2.0 54.0 8.0
41 42 45 0.0 0.0 0.0 9.0 0.0 1.0 0.0
41 43 36 0.0 0.0 0.0 560.0 2.0 20.0 1.0
41 43 37 0.0 0.0 0.0 11297.0 46.0 446.0 298.0
41 43 38 0.0 0.0 0.0 29923.0 142.0 975.0 2941.0
41 43 39 0.0 0.0 0.0 42542.0 215.0 1275.0 8666.0
41 43 40 0.0 0.0 0.0 45862.0 250.0 1361.0 11802.0
41 43 41 0.0 0.0 0.0 41987.0 235.0 1196.0 8604.0
41 43 42 0.0 0.0 0.0 28644.0 178.0 981.0 2863.0
41 43 43 0.0 0.0 0.0 9137.0 50.0 372.0 196.0
41 43 44 0.0 0.0 0.0 503.0 0.0 15.0 0.0
41 44 36 0.0 0.0 0.0 28.0 0.0 1.0 0.0
41 44 37 0.0 0.0 0.0 456.0 1.0 20.0 0.0
41 44 38 0.0 0.0 0.0 2086.0 5.0 77.0 9.0
41 44 39 0.0 0.0 0.0 4115.0 7.0 149.0 28.0
41 44 40 0.0 0.0 0.0 4986.0 15.0 202.0 34.0
41 44 41 0.0 0.0 0.0 3802.0 19.0 130.0 27.0
41 44 42 0.0 0.0 0.0 1841.0 4.0 65.0 5.0
41 44 43 0.0 0.0 0.0 445.0 1.0 16.0 1.0
41 44 44 0.0 0.0 0.0 22.0 0.0 3.0 0.0
41 45 38 0.0 0.0 0.0 3.0 0.0 0.0 0.0
41 45 39 0.0 0.0 0.0 9.0 0.0 0.0 0.0
41 45 40 0.0 0.0 0.0 14.0 0.0 1.0 0.0
41 45 41 0.0 0.0 0.0 8.0 0.0 1.0 0.0
41 45 42 0.0 0.0 0.0 1.0 0.0 0.0 0.0
41 45 43 0.0 0.0 0.0 1.0 0.0 0.0 0.0
42 35 38 0.0 0.0 0.0 1.0 0.0 0.0 0.0
42 35 39 0.0 0.0 0.0 3.0 0.0 1.0 0.0
42 35 40 0.0 0.0 0.0 4.0 0.0 1.0 0.0
42 35 41 0.0 0.0 0.0 2.0 0.0 0.0 0.0
42 35 42 0.0 0.0 0.0 3.0 0.0 0.0 0.0
42 36 36 0.0 0.0 0.0 14.0 0.0 0.0 0.0
42 36 37 0.0 0.0 0.0 219.0 0.0 12.0 1.0
42 36 38 0.0 0.0 0.0 939.0 1.0 32.0 0.0
42 36 39 0.0 0.0 0.0 2017.0 8.0 86.0 8.0
42 36 40 0.0 0.0 0.0 2678.0 16.0 112.0 14.0
42 36 41 0.0 0.0 0.0 1905.0 13.0 77.0 7.0
42 36 42 0.0 0.0 0.0 1045.0 4.0 48.0 3.0
42 36 43 0.0 0.0 0.0 235.0 0.0 4.0 0.0
42 36 44 0.0 0.0 0.0 10.0 0.0 0.0 0.0
42 37 35 0.0 0.0 0.0 1.0 0.0 0.0 0.0
42 37 36 0.0 0.0 0.0 207.0 0.0 4.0 1.0
42 37 37 0.0 0.0 0.0 5887.0 27.0 254.0 79.0
42 37 38 0.0 0.0 0.0 17007.0 81.0 624.0 807.0
42 37 39 0.0 0.0 0.0 28853.0 174.0 947.0 2834.0
42 37 40 0.0 0.0 0.0 34733.0 309.0 1097.0 4836.0
42 37 41 0.0 0.0 0.0 31395.0 179.0 1069.0 3438.0
42 37 42 0.0 0.0 0.0 19793.0 60.0 741.0 1087.0
42 37 43 0.0 0.0 0.0 5973.0 20.0 234.0 77.0
42 37 44 0.0 0.0 0.0 261.0 3.0 9.0 0.0
42 38 35 0.0 0.0 0.0 2.0 0.0 0.0 0.0
42 38 36 0.0 0.0 0.0 956.0 1.0 34.0 4.0
42 38 37 0.0 0.0 0.0 17840.0 58.0 669.0 901.0
42 38 38 0.0 0.0 0.0 45917.0 401.0 1255.0 18176.0
42 38 39 0.0 0.0 0.0 46559.0 617.0 1140.0 35926.0
42 38 40 0.0 0.0 0.0 44967.0 789.0 1081.0 42952.0
42 38 41 0.0 0.0 0.0 46113.0 423.0 1089.0 37506.0
42 38 42 0.0 0.0 0.0 46729.0 480.0 1360.0 20609.0
42 38 43 0.0 0.0 0.0 19237.0 79.0 667.0 1088.0
42 38 44 0.0 0.0 0.0 1043.0 2.0 29.0 3.0
42 38 45 0.0 0.0 0.0 1.0 0.0 0.0 0.0
42 39 35 0.0 0.0 0.0 2.0 0.0 0.0 0.0
42 39 36 0.0 0.0 0.0 2033.0 6.0 70.0 3.0
42 39 37 0.0 0.0 0.0 29269.0 142.0 985.0 2861.0
42 39 38 0.0 0.0 0.0 47180.0 548.0 1197.0 34243.0
42 39 39 0.0 0.0 0.0 41269.0 679.0 832.0 56701.0
42 39 40 0.0 0.0 0.0 37517.0 662.0 792.0 64465.0
42 39 41 0.0 0.0 0.0 40653.0 591.0 885.0 57743.0
42 39 42 0.0 0.0 0.0 46658.0 462.0 1152.0 36956.0
42 39 43 0.0 0.0 0.0 30774.0 145.0 1068.0 3410.0
42 39 44 0.0 0.0 0.0 2154.0 8.0 70.0 10.0
42 39 45 0.0 0.0 0.0 2.0 0.0 0.0 0.0
42 40 35 0.0 0.0 0.0 3.0 0.0 0.0 0.0
42 40 36 0.0 0.0 0.0 2355.0 11.0 97.0 9.0
42 40 37 0.0 0.0 0.0 33782.0 186.0 1118.0 4508.0
42 40 38 0.0 0.0 0.0 44527.0 528.0 1072.0 42863.0
42 40 39 0.0 0.0 0.0 37718.0 604.0 794.0 64722.0
42 40 40 0.0 0.0 0.0 34002.0 642.0 633.0 72143.0
42 40 41 0.0 0.0 0.0 37393.0 617.0 749.0 65135.0
42 40 42 0.0 0.0 0.0 44645.0 393.0 1024.0 42836.0
42 40 43 0.0 0.0 0.0 34325.0 199.0 1154.0 4529.0
42 40 44 0.0 0.0 0.0 2538.0 6.0 92.0 11.0
42 40 45 0.0 0.0 0.0 2.0 0.0 0.0 0.0
42 41 35 0.0 0.0 0.0 7.0 0.0 0.0 0.0
42 41 36 0.0 0.0 0.0 1809.0 13.0 70.0 3.0
42 41 37 0.0 0.0 0.0 29081.0 138.0 964.0 3002.0
42 41 38 0.0 0.0 0.0 47342.0 374.0 1162.0 34381.0
42 41 39 0.0 0.0 0.0 41055.0 547.0 813.0 56121.0
42 41 40 0.0 0.0 0.0 37320.0 607.0 774.0 64965.0
42 41 41 0.0 0.0 0.0 41057.0 545.0 911.0 57066.0
42 41 42 0.0 0.0 0.0 47115.0 419.0 1136.0 34703.0
42 41 43 0.0 0.0 0.0 29761.0 150.0 1062.0 3100.0
42 41 44 0.0 0.0 0.0 2114.0 4.0 62.0 5.0
42 41 45 0.0 0.0 0.0 2.0 0.0 0.0 0.0
42 42 35 0.0 0.0 0.0 3.0 0.0 0.0 0.0
42 42 36 0.0 0.0 0.0 1044.0 1.0 45.0 0.0
42 42 37 0.0 0.0 0.0 17595.0 35.0 632.0 873.0
42 42 38 0.0 0.0 0.0 45988.0 251.0 1280.0 15533.0
42 42 39 0.0 0.0 0.0 47233.0 423.0 1185.0 34704.0
42 42 40 0.0 0.0 0.0 44439.0 492.0 1024.0 42880.0
42 42 41 0.0 0.0 0.0 47175.0 546.0 1215.0 34597.0
42 42 42 0.0 0.0 0.0 45506.0 500.0 1300.0 16137.0
42 42 43 0.0 0.0 0.0 17371.0 117.0 655.0 827.0
42 42 44 0.0 0.0 0.0 905.0 0.0 30.0 1.0
42 43 35 0.0 0.0 0.0 1.0 0.0 0.0 0.0
42 43 36 0.0 0.0 0.0 244.0 0.0 9.0 0.0
42 43 37 0.0 0.0 0.0 5016.0 76.0 218.0 51.0
42 43 38 0.0 0.0 0.0 17598.0 53.0 624.0 892.0
42 43 39 0.0 0.0 0.0 29388.0 108.0 972.0 2956.0
42 43 40 0.0 0.0 0.0 34305.0 187.0 1147.0 4549.0
42 43 41 0.0 0.0 0.0 29490.0 139.0 1004.0 2967.0
42 43 42 0.0 0.0 0.0 17534.0 53.0 651.0 852.0
42 43 43 0.0 0.0 0.0 4791.0 39.0 151.0 52.0
42 43 44 0.0 0.0 0.0 167.0 1.0 6.0 0.0
42 44 36 0.0 0.0 0.0 7.0 0.0 0.0 0.0
42 44 37 0.0 0.0 0.0 239.0 0.0 7.0 0.0
42 44 38 0.0 0.0 0.0 845.0 4.0 33.0 2.0
42 44 39 0.0 0.0 0.0 1849.0 3.0 80.0 8.0
42 44 40 0.0 0.0 0.0 2606.0 4.0 105.0 19.0
42 44 41 0.0 0.0 0.0 1813.0 12.0 63.0 2.0
42 44 42 0.0 0.0 0.0 881.0 2.0 31.0 2.0
42 44 43 0.0 0.0 0.0 150.0 1.0 6.0 0.0
42 44 44 0.0 0.0 0.0 20.0 0.0 0.0 0.0
42 45 38 0.0 0.0 0.0 1.0 0.0 0.0 0.0
42 45 39 0.0 0.0 0.0 2.0 0.0 0.0 0.0
42 45 40 0.0 0.0 0.0 4.0 0.0 0.0 0.0
42 45 41 0.0 0.0 0.0 1.0 0.0 0.0 0.0
43 35 39 0.0 0.0 0.0 1.0 0.0 0.0 0.0
43 35 40 0.0 0.0 0.0 1.0 0.0 0.0 0.0
43 35 41 0.0 0.0 0.0 2.0 0.0 0.0 0.0
43 36 36 0.0 0.0 0.0 1.0 0.0 0.0 0.0
43 36 37 0.0 0.0 0.0 29.0 0.0 0.0 0.0
43 36 38 0.0 0.0 0.0 206.0 0.0 2.0 0.0
43 36 39 0.0 0.0 0.0 402.0 2.0 15.0 1.0
43 36 40 0.0 0.0 0.0 722.0 15.0 28.0 3.0
43 36 41 0.0 0.0 0.0 566.0 1.0 22.0 1.0
43 36 42 0.0 0.0 0.0 232.0 3.0 8.0 0.0
43 36 43 0.0 0.0 0.0 58.0 0.0 3.0 0.0
43 37 35 0.0 0.0 0.0 2.0 0.0 0.0 0.0
43 37 36 0.0 0.0 0.0 44.0 0.0 1.0 0.0
43 37 37 0.0 0.0 0.0 1576.0 7.0 51.0 6.0
43 37 38 0.0 0.0 0.0 5936.0 20.0 216.0 85.0
43 37 39 0.0 0.0 0.0 10589.0 74.0 412.0 271.0
43 37 40 0.0 0.0 0.0 12882.0 88.0 479.0 411.0
43 37 41 0.0 0.0 0.0 11543.0 44.0 425.0 296.0
43 37 42 0.0 0.0 0.0 5559.0 9.0 217.0 62.0
43 37 43 0.0 0.0 0.0 1644.0 14.0 59.0 8.0
43 37 44 0.0 0.0 0.0 61.0 0.0 4.0 0.0
43 38 36 0.0 0.0 0.0 204.0 2.0 6.0 0.0
43 38 37 0.0 0.0 0.0 5390.0 31.0 225.0 63.0
43 38 38 0.0 0.0 0.0 18203.0 114.0 666.0 926.0
43 38 39 0.0 0.0 0.0 29543.0 189.0 994.0 2961.0
43 38 40 0.0 0.0 0.0 33821.0 156.0 1107.0 4306.0
43 38 41 0.0 0.0 0.0 30143.0 205.0 975.0 3058.0
43 38 42 0.0 0.0 0.0 19092.0 59.0 742.0 954.0
43 38 43 0.0 0.0 0.0 6044.0 11.0 233.0 70.0
43 38 44 0.0 0.0 0.0 260.0 0.0 6.0 0.0
43 39 36 0.0 0.0 0.0 449.0 2.0 24.0 0.0
43 39 37 0.0 0.0 0.0 10161.0 69.0 377.0 245.0
43 39 38 0.0 0.0 0.0 29659.0 206.0 1010.0 2927.0
43 39 39 0.0 0.0 0.0 41929.0 319.0 1353.0 8349.0
43 39 40 0.0 0.0 0.0 45173.0 362.0 1275.0 11797.0
43 39 41 0.0 0.0 0.0 42139.0 315.0 1328.0 8435.0
43 39 42 0.0 0.0 0.0 29854.0 153.0 1036.0 2998.0
43 39 43 0.0 0.0 0.0 11989.0 38.0 442.0 325.0
43 39 44 0.0 0.0 0.0 505.0 1.0 25.0 1.0
43 39 45 0.0 0.0 0.0 2.0 0.0 0.0 0.0
43 40 35 0.0 0.0 0.0 2.0 0.0 0.0 0.0
43 40 36 0.0 0.0 0.0 615.0 0.0 24.0 1.0
43 40 37 0.0 0.0 0.0 12719.0 35.0 492.0 366.0
43 40 38 0.0 0.0 0.0 33408.0 180.0 1079.0 4114.0
43 40 39 0.0 0.0 0.0 45480.0 296.0 1388.0 10991.0
43 40 40 0.0 0.0 0.0 47541.0 386.0 1385.0 14613.0
43 40 41 0.0 0.0 0.0 45248.0 317.0 1314.0 10926.0
43 40 42 0.0 0.0 0.0 34263.0 184.0 1140.0 4484.0
43 40 43 0.0 0.0 0.0 13794.0 49.0 478.0 480.0
43 40 44 0.0 0.0 0.0 650.0 4.0 21.0 0.0
43 40 45 0.0 0.0 0.0 1.0 0.0 0.0 0.0
43 41 36 0.0 0.0 0.0 458.0 1.0 19.0 0.0
43 41 37 0.0 0.0 0.0 10964.0 23.0 409.0 275.0
43 41 38 0.0 0.0 0.0 29352.0 151.0 946.0 2965.0
43 41 39 0.0 0.0 0.0 41901.0 182.0 1343.0 8097.0
43 41 40 0.0 0.0 0.0 45910.0 304.0 1385.0 11637.0
43 41 41 0.0 0.0 0.0 42554.0 260.0 1337.0 8337.0
43 41 42 0.0 0.0 0.0 29543.0 239.0 1014.0 2957.0
43 41 43 0.0 0.0 0.0 10439.0 36.0 374.0 278.0
43 41 44 0.0 0.0 0.0 535.0 0.0 25.0 0.0
43 42 35 0.0 0.0 0.0 2.0 0.0 0.0 0.0
43 42 36 0.0 0.0 0.0 253.0 1.0 8.0 0.0
43 42 37 0.0 0.0 0.0 5469.0 14.0 208.0 77.0
43 42 38 0.0 0.0 0.0 16194.0 69.0 607.0 693.0
43 42 39 0.0 0.0 0.0 30194.0 98.0 993.0 3180.0
43 42 40 0.0 0.0 0.0 33333.0 200.0 1087.0 4177.0
43 42 41 0.0 0.0 0.0 29693.0 175.0 1055.0 3039.0
43 42 42 0.0 0.0 0.0 17029.0 109.0 603.0 774.0
43 42 43 0.0 0.0 0.0 4990.0 22.0 181.0 44.0
43 42 44 0.0 0.0 0.0 223.0 0.0 9.0 0.0
43 42 45 0.0 0.0 0.0 1.0 0.0 0.0 0.0
43 43 36 0.0 0.0 0.0 47.0 0.0 0.0 0.0
43 43 37 0.0 0.0 0.0 1114.0 6.0 40.0 2.0
43 43 38 0.0 0.0 0.0 4595.0 16.0 168.0 43.0
43 43 39 0.0 0.0 0.0 10125.0 19.0 403.0 243.0
43 43 40 0.0 0.0 0.0 12807.0 33.0 483.0 405.0
43 43 41 0.0 0.0 0.0 9733.0 71.0 372.0 237.0
43 43 42 0.0 0.0 0.0 5009.0 29.0 167.0 43.0
43 43 43 0.0 0.0 0.0 1267.0 4.0 44.0 4.0
43 43 44 0.0 0.0 0.0 44.0 0.0 2.0 0.0
43 44 36 0.0 0.0 0.0 3.0 0.0 0.0 0.0
43 44 37 0.0 0.0 0.0 56.0 0.0 1.0 0.0
43 44 38 0.0 0.0 0.0 203.0 0.0 8.0 0.0
43 44 39 0.0 0.0 0.0 488.0 3.0 20.0 0.0
43 44 40 0.0 0.0 0.0 677.0 2.0 22.0 0.0
43 44 41 0.0 0.0 0.0 491.0 0.0 17.0 0.0
43 44 42 0.0 0.0 0.0 225.0 0.0 9.0 0.0
43 44 43 0.0 0.0 0.0 45.0 0.0 1.0 0.0
43 44 44 0.0 0.0 0.0 3.0 1.0 0.0 0.0
43 45 39 0.0 0.0 0.0 2.0 0.0 0.0 0.0
44 35 41 0.0 0.0 0.0 1.0 0.0 0.0 0.0
44 36 37 0.0 0.0 0.0 5.0 0.0 0.0 0.0
44 36 38 0.0 0.0 0.0 24.0 0.0 2.0 0.0
44 36 39 0.0 0.0 0.0 42.0 0.0 1.0 0.0
44 36 40 0.0 0.0 0.0 54.0 0.0 3.0 0.0
44 36 41 0.0 0.0 0.0 36.0 0.0 2.0 0.0
44 36 42 0.0 0.0 0.0 10.0 0.0 0.0 0.0
44 36 43 0.0 0.0 0.0 2.0 0.0 0.0 0.0
44 37 36 0.0 0.0 0.0 2.0 0.0 0.0 0.0
44 37 37 0.0 0.0 0.0 48.0 0.0 5.0 0.0
44 37 38 0.0 0.0 0.0 210.0 2.0 7.0 0.0
44 37 39 0.0 0.0 0.0 527.0 2.0 34.0 0.0
44 37 40 0.0 0.0 0.0 586.0 3.0 22.0 0.0
44 37 41 0.0 0.0 0.0 491.0 1.0 23.0 0.0
44 37 42 0.0 0.0 0.0 224.0 0.0 11.0 0.0
44 37 43 0.0 0.0 0.0 39.0 0.0 3.0 0.0
44 37 44 0.0 0.0 0.0 4.0 0.0 0.0 0.0
44 38 36 0.0 0.0 0.0 25.0 0.0 3.0 0.0
44 38 37 0.0 0.0 0.0 205.0 1.0 12.0 0.0
44 38 38 0.0 0.0 0.0 890.0 7.0 30.0 1.0
44 38 39 0.0 0.0 0.0 1907.0 6.0 61.0 9.0
44 38 40 0.0 0.0 0.0 2516.0 4.0 94.0 12.0
44 38 41 0.0 0.0 0.0 1922.0 7.0 80.0 6.0
44 38 42 0.0 0.0 0.0 897.0 3.0 38.0 1.0
44 38 43 0.0 0.0 0.0 226.0 0.0 10.0 0.0
44 38 44 0.0 0.0 0.0 17.0 0.0 0.0 0.0
44 39 36 0.0 0.0 0.0 51.0 0.0 3.0 0.0
44 39 37 0.0 0.0 0.0 571.0 2.0 23.0 0.0
44 39 38 0.0 0.0 0.0 1830.0 12.0 69.0 1.0
44 39 39 0.0 0.0 0.0 3811.0 10.0 143.0 26.0
44 39 40 0.0 0.0 0.0 4913.0 21.0 206.0 33.0
44 39 41 0.0 0.0 0.0 3856.0 9.0 127.0 21.0
44 39 42 0.0 0.0 0.0 2124.0 4.0 75.0 7.0
44 39 43 0.0 0.0 0.0 574.0 2.0 14.0 0.0
44 39 44 0.0 0.0 0.0 57.0 0.0 2.0 0.0
44 40 36 0.0 0.0 0.0 40.0 1.0 3.0 0.0
44 40 37 0.0 0.0 0.0 568.0 1.0 19.0 0.0
44 40 38 0.0 0.0 0.0 2240.0 5.0 102.0 3.0
44 40 39 0.0 0.0 0.0 4918.0 19.0 202.0 32.0
44 40 40 0.0 0.0 0.0 6115.0 43.0 242.0 54.0
44 40 41 0.0 0.0 0.0 4883.0 11.0 193.0 33.0
44 40 42 0.0 0.0 0.0 2299.0 6.0 105.0 8.0
44 40 43 0.0 0.0 0.0 576.0 1.0 23.0 1.0
44 40 44 0.0 0.0 0.0 39.0 0.0 1.0 0.0
44 41 36 0.0 0.0 0.0 38.0 0.0 0.0 0.0
44 41 37 0.0 0.0 0.0 457.0 1.0 18.0 0.0
44 41 38 0.0 0.0 0.0 1921.0 3.0 68.0 3.0
44 41 39 0.0 0.0 0.0 3790.0 16.0 129.0 18.0
44 41 40 0.0 0.0 0.0 5165.0 5.0 199.0 43.0
44 41 41 0.0 0.0 0.0 3792.0 9.0 145.0 20.0
44 41 42 0.0 0.0 0.0 1917.0 10.0 83.0 7.0
44 41 43 0.0 0.0 0.0 465.0 1.0 17.0 0.0
44 41 44 0.0 0.0 0.0 26.0 0.0 1.0 0.0
44 42 36 0.0 0.0 0.0 20.0 0.0 2.0 0.0
44 42 37 0.0 0.0 0.0 282.0 2.0 12.0 0.0
44 42 38 0.0 0.0 0.0 976.0 3.0 45.0 1.0
44 42 39 0.0 0.0 0.0 1918.0 2.0 66.0 5.0
44 42 40 0.0 0.0 0.0 2545.0 7.0 110.0 14.0
44 42 41 0.0 0.0 0.0 1868.0 11.0 71.0 3.0
44 42 42 0.0 0.0 0.0 886.0 2.0 43.0 1.0
44 42 43 0.0 0.0 0.0 207.0 0.0 10.0 0.0
44 42 44 0.0 0.0 0.0 18.0 0.0 1.0 0.0
44 43 36 0.0 0.0 0.0 5.0 0.0 0.0 0.0
44 43 37 0.0 0.0 0.0 28.0 0.0 2.0 0.0
44 43 38 0.0 0.0 0.0 218.0 0.0 7.0 0.0
44 43 39 0.0 0.0 0.0 421.0 4.0 11.0 0.0
44 43 40 0.0 0.0 0.0 517.0 0.0 19.0 0.0
44 43 41 0.0 0.0 0.0 463.0 3.0 10.0 0.0
44 43 42 0.0 0.0 0.0 197.0 1.0 5.0 0.0
44 43 43 0.0 0.0 0.0 38.0 0.0 0.0 0.0
44 43 44 0.0 0.0 0.0 10.0 0.0 0.0 0.0
44 44 38 0.0 0.0 0.0 11.0 0.0 0.0 0.0
44 44 39 0.0 0.0 0.0 31.0 0.0 1.0 0.0
44 44 40 0.0 0.0 0.0 35.0 0.0 2.0 0.0
44 44 41 0.0 0.0 0.0 12.0 0.0 0.0 0.0
44 44 42 0.0 0.0 0.0 7.0 1.0 0.0 0.0
44 44 43 0.0 0.0 0.0 1.0 0.0 0.0 0.0
45 38 37 0.0 0.0 0.0 1.0 0.0 0.0 0.0
45 38 38 0.0 0.0 0.0 2.0 0.0 0.0 0.0
45 38 39 0.0 0.0 0.0 14.0 0.0 2.0 0.0
45 38 40 0.0 0.0 0.0 3.0 0.0 0.0 0.0
45 38 41 0.0 0.0 0.0 3.0 0.0 0.0 0.0
45 38 42 0.0 0.0 0.0 4.0 0.0 0.0 0.0
45 39 37 0.0 0.0 0.0 2.0 0.0 0.0 0.0
45 39 38 0.0 0.0 0.0 5.0 0.0 0.0 0.0
45 39 39 0.0 0.0 0.0 6.0 0.0 0.0 0.0
45 39 40 0.0 0.0 0.0 6.0 0.0 0.0 0.0
45 39 41 0.0 0.0 0.0 16.0 0.0 1.0 0.0
45 39 42 0.0 0.0 0.0 6.0 0.0 0.0 0.0
45 40 36 0.0 0.0 0.0 1.0 0.0 0.0 0.0
45 40 37 0.0 0.0 0.0 2.0 0.0 0.0 0.0
45 40 38 0.0 0.0 0.0 1.0 0.0 0.0 0.0
45 40 39 0.0 0.0 0.0 14.0 0.0 0.0 0.0
45 40 40 0.0 0.0 0.0 17.0 1.0 0.0 0.0
45 40 41 0.0 0.0 0.0 6.0 0.0 0.0 0.0
45 40 42 0.0 0.0 0.0 2.0 0.0 0.0 0.0
45 40 43 0.0 0.0 0.0 2.0 0.0 0.0 0.0
45 41 38 0.0 0.0 0.0 1.0 0.0 0.0 0.0
45 41 39 0.0 0.0 0.0 9.0 0.0 1.0 0.0
45 41 40 0.0 0.0 0.0 5.0 0.0 0.0 0.0
45 41 41 0.0 0.0 0.0 3.0 0.0 0.0 0.0
45 41 42 0.0 0.0 0.0 3.0 0.0 0.0 0.0
45 42 38 0.0 0.0 0.0 3.0 0.0 0.0 0.0
45 42 39 0.0 0.0 0.0 2.0 0.0 0.0 0.0
45 42 40 0.0 0.0 0.0 2.0 0.0 0.0 0.0
45 42 41 0.0 0.0 0.0 4.0 0.0 0.0 0.0
45 42 42 0.0 0.0 0.0 1.0 0.0 0.0 0.0
45 43 40 0.0 0.0 0.0 1.0 0.0 0.0 0.0
